

----------------------------------------------------
STRUCTURE by Pritchard, Stephens and Donnelly (2000)
     and Falush, Stephens and Pritchard (2003)
       Code by Pritchard, Falush and Hubisz
             Version 2.3.4 (Jul 2012)
----------------------------------------------------


Reading file "/workdir/yc2644/CV_CT_array/structure/threader_input/mainparams".
Reading file "/workdir/yc2644/CV_CT_array/structure/threader_input/extraparams".
Reading file "/workdir/yc2644/CV_CT_array/structure/threader_input/n1601.recode.strct_in".


Data file "/workdir/yc2644/CV_CT_array/structure/threader_input/n1601.recode.strct_in" (truncated) --

Ind:   Label Pop : Genotype_data . . . .
  1:  001s    1  :  2   1   2   2   2   1   2  . . . .   2
  1:  001s    1  :  2   2   2   2   2   2   2  . . . .   2
  2:  002s    1  :  2   2   2   2   1   1   2  . . . .   2
  2:  002s    1  :  2   2   2   2   2   2   2  . . . .   2
  3:  003s    1  :  1   2   1   2   2   2   2  . . . .   1
  3:  003s    1  :  2   2   1   2   2   2   2  . . . .   2
  4:  004s    1  :  1   1   2   2   1   2   2  . . . .   1
  4:  004s    1  :  2   1   2   2   2   2   2  . . . .   2

      *******   

1600:    49  192  :  2   2   2   2   2   1   2  . . . .   1
1600:    49  192  :  2   2   2   2   2   2   2  . . . .   2
1601:    50  192  :  2   1   2   2   1   2   2  . . . .   1
1601:    50  192  :  2   2   2   2   2   2   2  . . . .   2

Number of alleles per locus: min= 2; ave=2.0; max= 2


--------------------------------------

Finished initialization; starting MCMC 
100000 iterations + 10000 burnin


--------------------------------------------
Proportion of membership of each pre-defined
 population in each of the 10 clusters

Given    Inferred Clusters                                                        Number of
 Pop       1      2      3      4      5      6      7      8      9     10      Individuals

  1:     0.086  0.117  0.111  0.101  0.101  0.096  0.050  0.126  0.080  0.132       54
  2:     0.092  0.121  0.104  0.101  0.097  0.105  0.053  0.137  0.080  0.109       30
  3:     0.122  0.072  0.052  0.064  0.042  0.054  0.392  0.059  0.093  0.051       30
  4:     0.110  0.057  0.061  0.088  0.033  0.044  0.488  0.029  0.047  0.044       20
  5:     0.123  0.048  0.085  0.103  0.038  0.045  0.420  0.031  0.056  0.051       30
  6:     0.077  0.105  0.114  0.112  0.107  0.120  0.047  0.106  0.110  0.102       43
  7:     0.090  0.120  0.112  0.094  0.100  0.093  0.038  0.131  0.106  0.118       44
  8:     0.083  0.062  0.142  0.122  0.078  0.103  0.027  0.101  0.095  0.188        4
  9:     0.073  0.121  0.116  0.094  0.094  0.133  0.028  0.153  0.093  0.094       22
 10:     0.069  0.098  0.103  0.112  0.098  0.142  0.035  0.149  0.100  0.093       24
 11:     0.085  0.118  0.114  0.103  0.104  0.105  0.041  0.126  0.093  0.111       54
 12:     0.074  0.118  0.103  0.099  0.111  0.095  0.044  0.166  0.083  0.108       37
 13:     0.098  0.116  0.078  0.095  0.107  0.103  0.048  0.155  0.090  0.110       42
 14:     0.070  0.118  0.117  0.086  0.106  0.096  0.043  0.142  0.098  0.124       42
 15:     0.090  0.123  0.096  0.105  0.102  0.096  0.043  0.125  0.110  0.110       49
 16:     0.096  0.105  0.115  0.102  0.098  0.103  0.050  0.129  0.087  0.114      124
 17:     0.075  0.122  0.103  0.102  0.095  0.106  0.048  0.123  0.109  0.117       24
 18:     0.102  0.124  0.114  0.088  0.107  0.097  0.045  0.127  0.093  0.106       34
 19:     0.098  0.105  0.099  0.101  0.097  0.117  0.044  0.129  0.103  0.108       52
 20:     0.010  0.058  0.213  0.193  0.025  0.161  0.040  0.161  0.032  0.107        1
 21:     0.067  0.107  0.160  0.175  0.051  0.208  0.025  0.145  0.024  0.037        1
 22:     0.219  0.056  0.057  0.136  0.064  0.214  0.069  0.124  0.011  0.050        1
 23:     0.156  0.023  0.170  0.093  0.107  0.215  0.086  0.010  0.022  0.118        1
 24:     0.031  0.085  0.231  0.085  0.116  0.058  0.016  0.105  0.187  0.086        1
 25:     0.173  0.036  0.059  0.111  0.042  0.110  0.050  0.127  0.248  0.044        1
 26:     0.060  0.173  0.065  0.075  0.100  0.055  0.053  0.123  0.166  0.129        1
 27:     0.105  0.062  0.047  0.169  0.093  0.163  0.051  0.044  0.067  0.199        1
 28:     0.058  0.119  0.080  0.087  0.112  0.094  0.049  0.140  0.157  0.103        1
 29:     0.068  0.198  0.050  0.041  0.224  0.050  0.004  0.088  0.103  0.175        1
 30:     0.033  0.111  0.110  0.084  0.092  0.143  0.104  0.202  0.008  0.112        1
 31:     0.137  0.019  0.147  0.169  0.140  0.021  0.129  0.076  0.073  0.089        1
 32:     0.051  0.190  0.078  0.196  0.075  0.154  0.045  0.115  0.044  0.053        1
 33:     0.107  0.101  0.127  0.069  0.125  0.087  0.057  0.146  0.085  0.096        1
 34:     0.029  0.071  0.021  0.103  0.152  0.071  0.029  0.237  0.141  0.146        1
 35:     0.114  0.254  0.087  0.131  0.062  0.083  0.029  0.172  0.016  0.052        1
 36:     0.031  0.243  0.084  0.069  0.183  0.222  0.022  0.022  0.026  0.098        1
 37:     0.106  0.078  0.062  0.033  0.064  0.177  0.054  0.136  0.034  0.256        1
 38:     0.012  0.066  0.015  0.178  0.195  0.146  0.113  0.095  0.165  0.017        1
 39:     0.176  0.076  0.093  0.185  0.059  0.146  0.029  0.113  0.086  0.036        1
 40:     0.077  0.177  0.027  0.044  0.313  0.103  0.033  0.053  0.152  0.021        1
 41:     0.125  0.102  0.167  0.073  0.085  0.158  0.017  0.060  0.080  0.133        1
 42:     0.035  0.144  0.138  0.117  0.182  0.014  0.028  0.109  0.181  0.051        1
 43:     0.121  0.001  0.003  0.143  0.125  0.089  0.032  0.187  0.115  0.184        1
 44:     0.201  0.191  0.083  0.161  0.029  0.059  0.009  0.051  0.149  0.068        1
 45:     0.000  0.020  0.101  0.020  0.136  0.095  0.037  0.430  0.079  0.083        1
 46:     0.106  0.176  0.068  0.145  0.036  0.126  0.046  0.167  0.010  0.121        1
 47:     0.163  0.086  0.093  0.128  0.099  0.080  0.036  0.080  0.148  0.087        1
 48:     0.053  0.112  0.142  0.108  0.068  0.109  0.025  0.138  0.210  0.035        1
 49:     0.127  0.017  0.168  0.130  0.075  0.060  0.002  0.223  0.190  0.009        1
 50:     0.139  0.116  0.045  0.081  0.085  0.160  0.208  0.043  0.071  0.051        1
 51:     0.145  0.187  0.036  0.188  0.041  0.144  0.128  0.045  0.075  0.011        1
 52:     0.001  0.102  0.067  0.154  0.134  0.227  0.089  0.049  0.111  0.065        1
 53:     0.117  0.006  0.031  0.025  0.024  0.225  0.074  0.039  0.335  0.125        1
 54:     0.392  0.089  0.093  0.111  0.115  0.031  0.027  0.035  0.046  0.061        1
 55:     0.416  0.061  0.133  0.153  0.053  0.004  0.015  0.085  0.059  0.022        1
 56:     0.167  0.092  0.202  0.099  0.118  0.149  0.023  0.006  0.085  0.060        1
 57:     0.087  0.090  0.409  0.021  0.064  0.070  0.041  0.061  0.131  0.027        1
 58:     0.079  0.068  0.435  0.015  0.003  0.038  0.041  0.075  0.047  0.200        1
 59:     0.186  0.141  0.208  0.233  0.020  0.013  0.018  0.047  0.031  0.103        1
 60:     0.363  0.018  0.138  0.148  0.029  0.112  0.011  0.024  0.065  0.093        1
 61:     0.187  0.026  0.385  0.092  0.013  0.082  0.080  0.062  0.030  0.042        1
 62:     0.221  0.048  0.143  0.035  0.048  0.005  0.273  0.048  0.129  0.050        1
 63:     0.368  0.088  0.241  0.061  0.082  0.013  0.031  0.022  0.058  0.034        1
 64:     0.327  0.045  0.126  0.033  0.100  0.031  0.034  0.072  0.122  0.110        1
 65:     0.316  0.005  0.028  0.088  0.059  0.076  0.043  0.069  0.154  0.163        1
 66:     0.459  0.094  0.042  0.124  0.052  0.053  0.022  0.017  0.040  0.098        1
 67:     0.450  0.078  0.050  0.070  0.048  0.021  0.007  0.013  0.082  0.183        1
 68:     0.256  0.097  0.169  0.052  0.082  0.110  0.059  0.048  0.058  0.069        1
 69:     0.296  0.025  0.233  0.122  0.024  0.051  0.023  0.093  0.069  0.066        1
 70:     0.345  0.053  0.050  0.094  0.011  0.078  0.104  0.056  0.078  0.132        1
 71:     0.320  0.129  0.077  0.083  0.087  0.032  0.032  0.047  0.063  0.131        1
 72:     0.375  0.039  0.107  0.034  0.065  0.068  0.007  0.074  0.078  0.152        1
 73:     0.282  0.044  0.073  0.153  0.206  0.033  0.041  0.061  0.066  0.042        1
 74:     0.176  0.121  0.312  0.013  0.078  0.040  0.065  0.055  0.113  0.027        1
 75:     0.530  0.110  0.063  0.033  0.016  0.009  0.035  0.129  0.057  0.018        1
 76:     0.083  0.047  0.049  0.044  0.037  0.067  0.309  0.047  0.089  0.227        1
 77:     0.371  0.098  0.154  0.022  0.096  0.028  0.018  0.039  0.040  0.135        1
 78:     0.326  0.045  0.036  0.051  0.035  0.054  0.046  0.142  0.090  0.174        1
 79:     0.691  0.023  0.025  0.026  0.033  0.099  0.033  0.003  0.052  0.015        1
 80:     0.444  0.026  0.078  0.075  0.039  0.047  0.043  0.016  0.110  0.121        1
 81:     0.322  0.028  0.192  0.002  0.011  0.078  0.075  0.112  0.007  0.172        1
 82:     0.345  0.104  0.118  0.068  0.011  0.123  0.062  0.012  0.077  0.079        1
 83:     0.240  0.116  0.333  0.011  0.023  0.134  0.038  0.003  0.070  0.031        1
 84:     0.042  0.043  0.046  0.100  0.221  0.112  0.227  0.046  0.071  0.093        1
 85:     0.131  0.032  0.066  0.027  0.421  0.065  0.206  0.016  0.035  0.002        1
 86:     0.122  0.061  0.021  0.028  0.349  0.123  0.224  0.008  0.041  0.023        1
 87:     0.023  0.032  0.080  0.087  0.337  0.084  0.129  0.012  0.145  0.073        1
 88:     0.005  0.017  0.011  0.107  0.298  0.267  0.219  0.033  0.024  0.021        1
 89:     0.022  0.113  0.110  0.201  0.341  0.022  0.154  0.018  0.015  0.004        1
 90:     0.107  0.028  0.043  0.067  0.221  0.228  0.177  0.025  0.087  0.018        1
 91:     0.080  0.054  0.063  0.011  0.406  0.102  0.216  0.051  0.004  0.012        1
 92:     0.036  0.054  0.031  0.064  0.377  0.006  0.110  0.039  0.048  0.235        1
 93:     0.005  0.068  0.018  0.014  0.447  0.085  0.271  0.055  0.034  0.004        1
 94:     0.043  0.063  0.063  0.060  0.288  0.111  0.196  0.048  0.049  0.079        1
 95:     0.058  0.003  0.125  0.130  0.298  0.012  0.231  0.007  0.069  0.067        1
 96:     0.044  0.016  0.002  0.027  0.115  0.314  0.232  0.094  0.081  0.075        1
 97:     0.058  0.027  0.083  0.004  0.472  0.045  0.190  0.044  0.063  0.014        1
 98:     0.031  0.016  0.017  0.057  0.276  0.141  0.222  0.056  0.176  0.009        1
 99:     0.079  0.025  0.047  0.063  0.448  0.035  0.238  0.029  0.013  0.022        1
100:     0.032  0.047  0.007  0.049  0.313  0.039  0.289  0.026  0.104  0.094        1
101:     0.024  0.060  0.092  0.088  0.345  0.108  0.146  0.048  0.040  0.049        1
102:     0.025  0.025  0.051  0.128  0.283  0.085  0.167  0.008  0.110  0.118        1
103:     0.016  0.102  0.015  0.091  0.262  0.171  0.199  0.043  0.102  0.000        1
104:     0.010  0.048  0.018  0.087  0.336  0.059  0.169  0.012  0.132  0.128        1
105:     0.060  0.020  0.058  0.076  0.277  0.130  0.229  0.030  0.070  0.052        1
106:     0.024  0.021  0.131  0.060  0.201  0.083  0.156  0.063  0.034  0.226        1
107:     0.044  0.070  0.057  0.120  0.163  0.133  0.184  0.048  0.087  0.094        1
108:     0.042  0.028  0.076  0.126  0.186  0.114  0.230  0.038  0.063  0.097        1
109:     0.108  0.031  0.095  0.134  0.223  0.082  0.196  0.040  0.007  0.085        1
110:     0.052  0.016  0.059  0.166  0.227  0.275  0.110  0.022  0.048  0.025        1
111:     0.012  0.005  0.003  0.120  0.367  0.172  0.233  0.023  0.029  0.035        1
112:     0.009  0.043  0.047  0.066  0.288  0.196  0.212  0.062  0.021  0.056        1
113:     0.029  0.014  0.077  0.089  0.346  0.162  0.244  0.001  0.034  0.004        1
114:     0.026  0.019  0.038  0.035  0.267  0.166  0.186  0.016  0.080  0.167        1
115:     0.039  0.074  0.015  0.108  0.225  0.162  0.194  0.044  0.028  0.110        1
116:     0.053  0.015  0.017  0.038  0.356  0.242  0.196  0.067  0.002  0.016        1
117:     0.025  0.059  0.013  0.071  0.426  0.018  0.191  0.009  0.039  0.149        1
118:     0.035  0.009  0.092  0.151  0.204  0.118  0.174  0.004  0.132  0.082        1
119:     0.050  0.036  0.023  0.068  0.273  0.301  0.166  0.065  0.009  0.008        1
120:     0.032  0.012  0.052  0.146  0.290  0.154  0.155  0.009  0.043  0.108        1
121:     0.142  0.042  0.007  0.024  0.309  0.136  0.170  0.065  0.042  0.064        1
122:     0.044  0.081  0.013  0.024  0.348  0.240  0.140  0.046  0.049  0.013        1
123:     0.072  0.010  0.015  0.078  0.283  0.292  0.177  0.023  0.026  0.023        1
124:     0.011  0.046  0.030  0.146  0.198  0.007  0.204  0.062  0.117  0.178        1
125:     0.062  0.022  0.052  0.099  0.276  0.084  0.222  0.034  0.074  0.077        1
126:     0.002  0.059  0.098  0.102  0.438  0.011  0.172  0.033  0.011  0.073        1
127:     0.012  0.045  0.065  0.017  0.151  0.271  0.213  0.039  0.137  0.050        1
128:     0.044  0.075  0.040  0.119  0.297  0.052  0.224  0.028  0.040  0.081        1
129:     0.065  0.018  0.040  0.119  0.160  0.004  0.277  0.032  0.049  0.237        1
130:     0.017  0.005  0.007  0.091  0.432  0.116  0.199  0.008  0.029  0.097        1
131:     0.033  0.049  0.038  0.011  0.054  0.258  0.218  0.058  0.155  0.128        1
132:     0.053  0.055  0.110  0.081  0.273  0.090  0.184  0.037  0.060  0.058        1
133:     0.059  0.073  0.063  0.039  0.236  0.117  0.286  0.052  0.028  0.045        1
134:     0.115  0.029  0.051  0.039  0.114  0.325  0.194  0.081  0.041  0.010        1
135:     0.118  0.075  0.091  0.112  0.159  0.052  0.154  0.101  0.112  0.026        1
136:     0.044  0.012  0.009  0.050  0.189  0.112  0.188  0.042  0.264  0.089        1
137:     0.073  0.010  0.016  0.146  0.422  0.021  0.193  0.003  0.031  0.085        1
138:     0.066  0.053  0.072  0.085  0.206  0.106  0.179  0.032  0.083  0.118        1
139:     0.062  0.027  0.016  0.076  0.174  0.142  0.301  0.003  0.141  0.058        1
140:     0.024  0.030  0.011  0.026  0.196  0.227  0.288  0.096  0.007  0.094        1
141:     0.021  0.052  0.030  0.012  0.427  0.027  0.215  0.063  0.090  0.062        1
142:     0.010  0.065  0.029  0.160  0.390  0.023  0.185  0.065  0.047  0.024        1
143:     0.032  0.050  0.057  0.116  0.192  0.098  0.283  0.041  0.035  0.098        1
144:     0.124  0.041  0.020  0.023  0.080  0.058  0.241  0.010  0.051  0.353        1
145:     0.011  0.052  0.117  0.177  0.273  0.069  0.232  0.008  0.008  0.054        1
146:     0.062  0.038  0.010  0.093  0.219  0.008  0.238  0.095  0.086  0.151        1
147:     0.014  0.055  0.015  0.096  0.147  0.110  0.273  0.012  0.117  0.161        1
148:     0.074  0.075  0.080  0.118  0.139  0.151  0.118  0.065  0.101  0.081        1
149:     0.024  0.023  0.145  0.041  0.080  0.008  0.089  0.227  0.282  0.081        1
150:     0.050  0.099  0.024  0.182  0.089  0.085  0.050  0.032  0.097  0.292        1
151:     0.071  0.165  0.127  0.181  0.108  0.115  0.025  0.043  0.118  0.045        1
152:     0.082  0.085  0.200  0.033  0.168  0.092  0.061  0.139  0.122  0.019        1
153:     0.052  0.123  0.192  0.018  0.055  0.197  0.064  0.127  0.083  0.090        1
154:     0.081  0.135  0.029  0.155  0.064  0.016  0.031  0.203  0.142  0.145        1
155:     0.033  0.148  0.104  0.082  0.020  0.089  0.065  0.241  0.017  0.200        1
156:     0.030  0.141  0.041  0.188  0.079  0.027  0.021  0.012  0.208  0.252        1
157:     0.122  0.049  0.086  0.339  0.042  0.109  0.048  0.103  0.011  0.092        1
158:     0.080  0.365  0.103  0.070  0.044  0.208  0.035  0.021  0.031  0.043        1
159:     0.126  0.152  0.085  0.089  0.044  0.098  0.034  0.076  0.193  0.103        1
160:     0.073  0.119  0.149  0.148  0.021  0.094  0.025  0.068  0.098  0.205        1
161:     0.106  0.044  0.084  0.136  0.121  0.069  0.050  0.080  0.130  0.179        1
162:     0.003  0.110  0.085  0.052  0.316  0.005  0.034  0.195  0.067  0.135        1
163:     0.083  0.148  0.075  0.124  0.062  0.120  0.067  0.089  0.147  0.084        1
164:     0.207  0.147  0.093  0.069  0.069  0.028  0.082  0.067  0.027  0.211        1
165:     0.042  0.043  0.070  0.231  0.019  0.038  0.075  0.076  0.294  0.112        1
166:     0.099  0.262  0.110  0.018  0.014  0.226  0.032  0.055  0.154  0.030        1
167:     0.034  0.164  0.130  0.110  0.105  0.065  0.078  0.055  0.162  0.097        1
168:     0.130  0.138  0.062  0.050  0.066  0.080  0.022  0.235  0.040  0.177        1
169:     0.097  0.156  0.150  0.112  0.066  0.207  0.033  0.018  0.153  0.008        1
170:     0.086  0.262  0.081  0.065  0.240  0.030  0.029  0.069  0.062  0.076        1
171:     0.061  0.035  0.233  0.068  0.165  0.159  0.051  0.053  0.046  0.128        1
172:     0.138  0.078  0.087  0.081  0.075  0.172  0.071  0.167  0.061  0.070        1
173:     0.103  0.141  0.168  0.122  0.098  0.068  0.061  0.086  0.041  0.112        1
174:     0.124  0.056  0.041  0.195  0.018  0.144  0.048  0.223  0.113  0.037        1
175:     0.079  0.118  0.107  0.104  0.096  0.116  0.049  0.122  0.105  0.105       50
176:     0.090  0.121  0.100  0.086  0.094  0.114  0.041  0.125  0.111  0.118       49
177:     0.104  0.111  0.092  0.101  0.096  0.098  0.044  0.144  0.104  0.105       50
178:     0.088  0.120  0.107  0.093  0.090  0.115  0.046  0.127  0.110  0.105       49
179:     0.081  0.091  0.125  0.114  0.115  0.099  0.051  0.099  0.117  0.108       23
180:     0.084  0.121  0.110  0.079  0.115  0.129  0.039  0.112  0.104  0.107       49
181:     0.101  0.051  0.047  0.044  0.024  0.022  0.570  0.029  0.084  0.029       30
182:     0.064  0.062  0.056  0.064  0.020  0.028  0.556  0.030  0.082  0.039       30
183:     0.081  0.117  0.094  0.084  0.116  0.095  0.090  0.132  0.085  0.106       34
184:     0.095  0.106  0.117  0.104  0.122  0.087  0.040  0.121  0.112  0.096       36
185:     0.084  0.102  0.101  0.107  0.121  0.123  0.048  0.118  0.106  0.090       40
186:     0.093  0.094  0.106  0.101  0.136  0.099  0.036  0.123  0.105  0.106       39
187:     0.104  0.103  0.115  0.109  0.089  0.105  0.050  0.130  0.095  0.101       37
188:     0.079  0.105  0.109  0.097  0.116  0.109  0.051  0.126  0.107  0.102       40
189:     0.100  0.115  0.088  0.094  0.108  0.090  0.044  0.141  0.111  0.109       35
190:     0.097  0.101  0.108  0.100  0.088  0.087  0.048  0.138  0.097  0.136       28
191:     0.105  0.105  0.102  0.099  0.083  0.123  0.041  0.132  0.091  0.118       36
192:     0.083  0.119  0.104  0.100  0.108  0.109  0.045  0.111  0.106  0.114       32
--------------------------------------------

 Rep#:   Lambda   Alpha      F1    F2    F3    F4    F5    F6    F7    F8    F9    F10     D1,2  D1,3  D1,4  D1,5  D1,6  D1,7  D1,8  D1,9  D1,10  D2,3  D2,4  D2,5  D2,6  D2,7  D2,8  D2,9  D2,10  D3,4  D3,5  D3,6  D3,7  D3,8  D3,9  D3,10  D4,5  D4,6  D4,7  D4,8  D4,9  D4,10  D5,6  D5,7  D5,8  D5,9  D5,10  D6,7  D6,8  D6,9  D6,10  D7,8  D7,9  D7,10  D8,9  D8,10  D9,10    Ln Like 
  100:    1.00    1.542    0.012 0.010 0.010 0.008 0.018 0.010 0.349 0.011 0.010 0.006    0.004 0.004 0.004 0.007 0.004 0.058 0.004 0.004 0.003 0.003 0.003 0.006 0.003 0.060 0.003 0.003 0.003 0.003 0.006 0.003 0.060 0.004 0.003 0.002 0.005 0.003 0.060 0.003 0.003 0.002 0.005 0.064 0.006 0.006 0.005 0.061 0.004 0.003 0.002 0.062 0.059 0.059 0.004 0.003 0.002   --  
  200:    1.00    1.147    0.261 0.010 0.010 0.008 0.238 0.010 0.243 0.011 0.010 0.006    0.043 0.043 0.043 0.069 0.043 0.068 0.043 0.043 0.042 0.003 0.003 0.041 0.003 0.037 0.003 0.003 0.002 0.003 0.042 0.003 0.037 0.003 0.003 0.002 0.041 0.003 0.037 0.003 0.003 0.002 0.041 0.066 0.042 0.041 0.041 0.037 0.003 0.003 0.003 0.037 0.036 0.036 0.003 0.003 0.003   --  
  300:    1.00    1.007    0.265 0.010 0.010 0.008 0.208 0.010 0.201 0.011 0.010 0.006    0.043 0.043 0.043 0.064 0.043 0.062 0.043 0.043 0.042 0.003 0.003 0.036 0.003 0.031 0.003 0.003 0.002 0.003 0.036 0.003 0.031 0.003 0.003 0.002 0.036 0.003 0.031 0.003 0.003 0.002 0.036 0.055 0.036 0.036 0.035 0.031 0.003 0.003 0.002 0.031 0.031 0.030 0.003 0.003 0.002   --  
  400:    1.00    0.886    0.268 0.010 0.010 0.008 0.190 0.010 0.191 0.011 0.010 0.006    0.043 0.043 0.042 0.063 0.043 0.061 0.043 0.043 0.042 0.003 0.003 0.033 0.003 0.028 0.003 0.003 0.002 0.003 0.033 0.003 0.028 0.003 0.003 0.002 0.033 0.003 0.028 0.003 0.003 0.002 0.033 0.051 0.034 0.033 0.033 0.028 0.003 0.003 0.002 0.029 0.028 0.028 0.003 0.003 0.003   --  
  500:    1.00    0.813    0.264 0.010 0.010 0.009 0.177 0.010 0.176 0.011 0.010 0.006    0.042 0.042 0.042 0.061 0.042 0.059 0.042 0.042 0.041 0.003 0.003 0.031 0.003 0.027 0.003 0.003 0.002 0.003 0.032 0.003 0.027 0.003 0.003 0.003 0.031 0.003 0.027 0.003 0.003 0.002 0.031 0.048 0.032 0.032 0.031 0.027 0.003 0.003 0.002 0.027 0.027 0.026 0.003 0.003 0.002   --  
  600:    1.00    0.746    0.260 0.010 0.010 0.009 0.173 0.010 0.178 0.011 0.010 0.006    0.041 0.041 0.041 0.061 0.041 0.058 0.041 0.041 0.040 0.003 0.003 0.031 0.003 0.026 0.003 0.003 0.002 0.003 0.031 0.003 0.026 0.003 0.003 0.002 0.031 0.003 0.026 0.003 0.003 0.002 0.031 0.047 0.031 0.031 0.030 0.027 0.003 0.003 0.003 0.026 0.026 0.026 0.003 0.003 0.003   --  
  700:    1.00    0.702    0.259 0.010 0.011 0.009 0.169 0.010 0.167 0.011 0.010 0.006    0.041 0.041 0.041 0.060 0.041 0.057 0.041 0.041 0.040 0.003 0.003 0.030 0.003 0.026 0.003 0.003 0.002 0.003 0.030 0.003 0.026 0.004 0.003 0.003 0.030 0.003 0.025 0.003 0.003 0.002 0.030 0.046 0.031 0.030 0.030 0.026 0.004 0.003 0.003 0.026 0.026 0.025 0.003 0.003 0.002   --  
  800:    1.00    0.673    0.256 0.010 0.011 0.009 0.168 0.010 0.168 0.012 0.010 0.006    0.041 0.041 0.041 0.060 0.041 0.057 0.041 0.041 0.040 0.003 0.003 0.030 0.003 0.025 0.003 0.003 0.002 0.003 0.030 0.003 0.026 0.004 0.003 0.003 0.030 0.003 0.025 0.003 0.003 0.002 0.030 0.046 0.030 0.030 0.029 0.026 0.003 0.003 0.003 0.026 0.025 0.025 0.003 0.003 0.003   --  
  900:    1.00    0.640    0.251 0.010 0.011 0.009 0.162 0.010 0.165 0.012 0.010 0.006    0.040 0.040 0.040 0.060 0.040 0.056 0.041 0.040 0.039 0.003 0.003 0.029 0.003 0.025 0.003 0.003 0.002 0.003 0.030 0.003 0.026 0.004 0.003 0.003 0.029 0.003 0.025 0.003 0.003 0.002 0.030 0.045 0.030 0.030 0.029 0.025 0.003 0.003 0.003 0.026 0.025 0.025 0.004 0.003 0.003   --  

--------------------------------------------
Proportion of membership of each pre-defined
 population in each of the 10 clusters

Given    Inferred Clusters                                                        Number of
 Pop       1      2      3      4      5      6      7      8      9     10      Individuals

  1:     0.042  0.113  0.134  0.117  0.043  0.110  0.056  0.155  0.104  0.126       54
  2:     0.045  0.163  0.107  0.114  0.038  0.133  0.053  0.122  0.108  0.117       30
  3:     0.055  0.034  0.011  0.050  0.052  0.018  0.675  0.035  0.043  0.027       30
  4:     0.027  0.013  0.019  0.047  0.048  0.011  0.803  0.008  0.010  0.015       20
  5:     0.027  0.019  0.056  0.059  0.054  0.013  0.734  0.008  0.012  0.019       30
  6:     0.038  0.108  0.120  0.128  0.041  0.138  0.045  0.120  0.114  0.148       43
  7:     0.038  0.135  0.126  0.116  0.040  0.113  0.042  0.144  0.122  0.126       44
  8:     0.036  0.067  0.169  0.101  0.043  0.118  0.025  0.112  0.088  0.239        4
  9:     0.041  0.125  0.173  0.071  0.038  0.145  0.014  0.209  0.082  0.101       22
 10:     0.040  0.141  0.102  0.116  0.039  0.163  0.011  0.174  0.089  0.125       24
 11:     0.033  0.120  0.129  0.124  0.044  0.128  0.048  0.133  0.119  0.121       54
 12:     0.041  0.086  0.126  0.107  0.038  0.119  0.037  0.175  0.123  0.147       37
 13:     0.041  0.127  0.091  0.130  0.046  0.120  0.049  0.179  0.112  0.104       42
 14:     0.038  0.127  0.126  0.094  0.036  0.111  0.044  0.168  0.117  0.138       42
 15:     0.046  0.110  0.131  0.125  0.036  0.112  0.044  0.131  0.139  0.125       49
 16:     0.040  0.127  0.129  0.121  0.044  0.104  0.053  0.146  0.110  0.125      124
 17:     0.045  0.131  0.141  0.107  0.042  0.130  0.042  0.118  0.102  0.141       24
 18:     0.041  0.128  0.132  0.117  0.043  0.141  0.034  0.161  0.102  0.101       34
 19:     0.040  0.144  0.107  0.115  0.041  0.119  0.047  0.134  0.145  0.108       52
 20:     0.049  0.004  0.318  0.048  0.049  0.090  0.030  0.346  0.002  0.064        1
 21:     0.055  0.076  0.020  0.025  0.092  0.046  0.030  0.151  0.152  0.354        1
 22:     0.056  0.237  0.231  0.078  0.022  0.151  0.023  0.134  0.021  0.046        1
 23:     0.035  0.020  0.169  0.268  0.071  0.250  0.059  0.005  0.002  0.121        1
 24:     0.041  0.023  0.500  0.090  0.055  0.012  0.033  0.170  0.018  0.057        1
 25:     0.014  0.093  0.071  0.005  0.080  0.398  0.075  0.019  0.238  0.007        1
 26:     0.080  0.110  0.048  0.230  0.095  0.010  0.046  0.024  0.078  0.279        1
 27:     0.033  0.036  0.038  0.241  0.056  0.076  0.053  0.126  0.053  0.287        1
 28:     0.066  0.231  0.112  0.257  0.038  0.118  0.029  0.023  0.050  0.075        1
 29:     0.065  0.319  0.016  0.194  0.059  0.156  0.001  0.066  0.092  0.032        1
 30:     0.057  0.090  0.147  0.094  0.054  0.051  0.101  0.269  0.076  0.061        1
 31:     0.051  0.058  0.066  0.238  0.015  0.064  0.201  0.018  0.117  0.172        1
 32:     0.016  0.275  0.053  0.219  0.042  0.206  0.007  0.130  0.023  0.029        1
 33:     0.096  0.196  0.132  0.138  0.028  0.138  0.105  0.142  0.003  0.021        1
 34:     0.056  0.032  0.268  0.231  0.081  0.171  0.003  0.101  0.050  0.008        1
 35:     0.040  0.056  0.090  0.173  0.045  0.047  0.014  0.196  0.022  0.318        1
 36:     0.065  0.049  0.031  0.041  0.085  0.481  0.036  0.091  0.028  0.092        1
 37:     0.023  0.094  0.112  0.020  0.062  0.192  0.008  0.140  0.078  0.272        1
 38:     0.050  0.010  0.002  0.109  0.103  0.174  0.075  0.035  0.200  0.242        1
 39:     0.073  0.206  0.079  0.055  0.077  0.249  0.004  0.061  0.092  0.104        1
 40:     0.056  0.063  0.217  0.019  0.092  0.129  0.039  0.031  0.291  0.063        1
 41:     0.047  0.180  0.172  0.063  0.066  0.139  0.018  0.082  0.017  0.215        1
 42:     0.035  0.042  0.081  0.119  0.060  0.032  0.042  0.029  0.274  0.286        1
 43:     0.054  0.019  0.005  0.243  0.046  0.094  0.029  0.209  0.117  0.182        1
 44:     0.053  0.303  0.054  0.001  0.033  0.394  0.086  0.024  0.042  0.010        1
 45:     0.062  0.062  0.073  0.038  0.036  0.354  0.018  0.145  0.000  0.211        1
 46:     0.014  0.010  0.045  0.172  0.142  0.187  0.025  0.056  0.055  0.293        1
 47:     0.026  0.313  0.001  0.060  0.005  0.077  0.001  0.049  0.455  0.015        1
 48:     0.001  0.367  0.013  0.010  0.057  0.184  0.001  0.049  0.308  0.012        1
 49:     0.055  0.091  0.142  0.182  0.066  0.159  0.014  0.173  0.117  0.003        1
 50:     0.049  0.154  0.126  0.001  0.034  0.142  0.256  0.021  0.137  0.079        1
 51:     0.068  0.140  0.064  0.133  0.063  0.206  0.182  0.019  0.095  0.028        1
 52:     0.055  0.190  0.063  0.054  0.066  0.322  0.046  0.034  0.146  0.025        1
 53:     0.047  0.027  0.010  0.029  0.061  0.084  0.010  0.013  0.699  0.021        1
 54:     0.977  0.002  0.000  0.000  0.007  0.000  0.010  0.001  0.001  0.002        1
 55:     0.986  0.001  0.001  0.001  0.001  0.001  0.004  0.004  0.001  0.001        1
 56:     0.812  0.004  0.049  0.015  0.036  0.031  0.001  0.000  0.016  0.036        1
 57:     0.916  0.012  0.006  0.005  0.001  0.009  0.001  0.023  0.008  0.018        1
 58:     0.881  0.035  0.036  0.021  0.007  0.010  0.000  0.000  0.009  0.001        1
 59:     0.849  0.028  0.010  0.030  0.000  0.011  0.052  0.011  0.004  0.003        1
 60:     0.976  0.001  0.000  0.002  0.001  0.000  0.018  0.002  0.001  0.000        1
 61:     0.991  0.001  0.001  0.001  0.002  0.001  0.000  0.000  0.002  0.000        1
 62:     0.036  0.108  0.069  0.035  0.004  0.006  0.378  0.105  0.064  0.196        1
 63:     0.920  0.002  0.001  0.003  0.024  0.000  0.028  0.003  0.013  0.006        1
 64:     0.993  0.001  0.002  0.000  0.000  0.000  0.000  0.000  0.002  0.000        1
 65:     0.998  0.000  0.001  0.000  0.000  0.000  0.000  0.001  0.000  0.000        1
 66:     0.940  0.012  0.002  0.001  0.006  0.019  0.014  0.000  0.001  0.004        1
 67:     0.575  0.098  0.001  0.027  0.091  0.053  0.035  0.009  0.106  0.005        1
 68:     0.930  0.028  0.000  0.003  0.001  0.001  0.012  0.000  0.024  0.001        1
 69:     0.968  0.004  0.001  0.008  0.001  0.000  0.003  0.002  0.011  0.001        1
 70:     0.777  0.025  0.022  0.019  0.002  0.070  0.006  0.000  0.074  0.006        1
 71:     0.985  0.002  0.003  0.008  0.000  0.001  0.000  0.001  0.000  0.000        1
 72:     0.992  0.000  0.001  0.001  0.000  0.004  0.001  0.000  0.000  0.001        1
 73:     0.996  0.000  0.000  0.001  0.000  0.002  0.000  0.000  0.000  0.000        1
 74:     0.756  0.000  0.002  0.001  0.002  0.077  0.054  0.064  0.002  0.042        1
 75:     0.994  0.001  0.001  0.000  0.000  0.001  0.002  0.000  0.000  0.000        1
 76:     0.012  0.010  0.022  0.012  0.108  0.000  0.512  0.129  0.180  0.014        1
 77:     0.990  0.000  0.001  0.001  0.001  0.005  0.001  0.002  0.000  0.000        1
 78:     0.802  0.002  0.007  0.002  0.000  0.022  0.060  0.003  0.040  0.062        1
 79:     0.996  0.001  0.000  0.001  0.000  0.000  0.000  0.000  0.001  0.000        1
 80:     0.963  0.005  0.002  0.011  0.003  0.002  0.000  0.003  0.011  0.000        1
 81:     0.988  0.003  0.000  0.000  0.002  0.001  0.001  0.003  0.001  0.001        1
 82:     0.495  0.097  0.063  0.020  0.131  0.029  0.047  0.018  0.075  0.025        1
 83:     0.993  0.001  0.000  0.000  0.002  0.000  0.000  0.000  0.002  0.001        1
 84:     0.001  0.005  0.001  0.005  0.905  0.002  0.033  0.010  0.013  0.025        1
 85:     0.002  0.018  0.015  0.007  0.910  0.007  0.030  0.000  0.001  0.009        1
 86:     0.037  0.013  0.000  0.019  0.832  0.065  0.017  0.000  0.010  0.006        1
 87:     0.000  0.018  0.000  0.012  0.913  0.001  0.001  0.001  0.050  0.004        1
 88:     0.008  0.004  0.002  0.005  0.966  0.000  0.001  0.005  0.003  0.005        1
 89:     0.004  0.003  0.001  0.014  0.935  0.000  0.000  0.035  0.005  0.003        1
 90:     0.002  0.002  0.000  0.000  0.966  0.009  0.014  0.002  0.004  0.001        1
 91:     0.004  0.001  0.004  0.012  0.939  0.021  0.000  0.006  0.011  0.003        1
 92:     0.028  0.014  0.000  0.049  0.822  0.007  0.028  0.002  0.003  0.046        1
 93:     0.031  0.006  0.000  0.002  0.884  0.001  0.057  0.006  0.004  0.008        1
 94:     0.003  0.028  0.005  0.002  0.863  0.000  0.002  0.020  0.026  0.051        1
 95:     0.001  0.001  0.040  0.011  0.860  0.024  0.031  0.024  0.007  0.001        1
 96:     0.005  0.002  0.000  0.000  0.977  0.008  0.000  0.003  0.005  0.000        1
 97:     0.021  0.004  0.003  0.001  0.939  0.001  0.027  0.000  0.002  0.002        1
 98:     0.006  0.000  0.009  0.003  0.931  0.042  0.000  0.007  0.001  0.000        1
 99:     0.002  0.002  0.000  0.001  0.984  0.000  0.001  0.004  0.005  0.000        1
100:     0.002  0.001  0.000  0.000  0.982  0.001  0.007  0.005  0.000  0.001        1
101:     0.001  0.034  0.027  0.071  0.759  0.037  0.040  0.012  0.011  0.007        1
102:     0.003  0.022  0.002  0.007  0.774  0.009  0.012  0.015  0.131  0.025        1
103:     0.012  0.000  0.016  0.007  0.950  0.010  0.000  0.000  0.000  0.005        1
104:     0.029  0.004  0.011  0.000  0.922  0.003  0.004  0.014  0.001  0.012        1
105:     0.010  0.000  0.022  0.001  0.867  0.004  0.081  0.002  0.009  0.004        1
106:     0.021  0.028  0.062  0.023  0.771  0.009  0.003  0.008  0.020  0.056        1
107:     0.017  0.017  0.008  0.000  0.920  0.001  0.013  0.011  0.003  0.009        1
108:     0.008  0.032  0.009  0.079  0.812  0.000  0.019  0.010  0.030  0.003        1
109:     0.000  0.020  0.014  0.089  0.714  0.019  0.098  0.027  0.005  0.014        1
110:     0.004  0.079  0.006  0.117  0.705  0.056  0.006  0.013  0.009  0.005        1
111:     0.002  0.003  0.005  0.034  0.939  0.003  0.009  0.003  0.000  0.003        1
112:     0.002  0.003  0.001  0.001  0.985  0.001  0.001  0.000  0.002  0.003        1
113:     0.002  0.001  0.000  0.001  0.944  0.020  0.016  0.010  0.004  0.001        1
114:     0.017  0.002  0.001  0.005  0.948  0.002  0.006  0.015  0.005  0.000        1
115:     0.008  0.000  0.014  0.000  0.883  0.035  0.000  0.021  0.009  0.030        1
116:     0.013  0.001  0.000  0.000  0.971  0.001  0.006  0.002  0.004  0.001        1
117:     0.005  0.009  0.001  0.012  0.919  0.016  0.026  0.000  0.001  0.011        1
118:     0.020  0.004  0.004  0.003  0.917  0.010  0.032  0.003  0.005  0.001        1
119:     0.013  0.089  0.002  0.009  0.832  0.000  0.004  0.001  0.042  0.007        1
120:     0.021  0.004  0.002  0.001  0.882  0.000  0.000  0.001  0.019  0.069        1
121:     0.002  0.003  0.043  0.002  0.917  0.001  0.012  0.008  0.004  0.008        1
122:     0.009  0.007  0.008  0.008  0.875  0.005  0.000  0.086  0.000  0.003        1
123:     0.001  0.009  0.000  0.004  0.974  0.002  0.001  0.001  0.004  0.004        1
124:     0.000  0.075  0.008  0.018  0.812  0.009  0.072  0.000  0.005  0.000        1
125:     0.007  0.002  0.001  0.000  0.974  0.007  0.006  0.000  0.002  0.001        1
126:     0.034  0.008  0.000  0.027  0.850  0.000  0.004  0.048  0.007  0.022        1
127:     0.008  0.000  0.022  0.001  0.890  0.033  0.012  0.032  0.000  0.001        1
128:     0.008  0.006  0.002  0.016  0.947  0.003  0.006  0.001  0.007  0.004        1
129:     0.004  0.000  0.000  0.000  0.992  0.000  0.000  0.001  0.001  0.001        1
130:     0.000  0.009  0.000  0.006  0.864  0.000  0.065  0.005  0.002  0.051        1
131:     0.022  0.002  0.001  0.002  0.950  0.004  0.009  0.001  0.006  0.003        1
132:     0.000  0.056  0.017  0.021  0.801  0.013  0.066  0.001  0.023  0.004        1
133:     0.006  0.000  0.011  0.006  0.835  0.003  0.104  0.016  0.018  0.000        1
134:     0.018  0.044  0.000  0.027  0.823  0.049  0.000  0.023  0.015  0.000        1
135:     0.007  0.049  0.053  0.040  0.776  0.002  0.000  0.049  0.016  0.007        1
136:     0.008  0.001  0.000  0.001  0.978  0.001  0.002  0.003  0.000  0.005        1
137:     0.004  0.000  0.003  0.004  0.909  0.015  0.021  0.023  0.018  0.002        1
138:     0.027  0.000  0.001  0.000  0.964  0.000  0.002  0.005  0.000  0.002        1
139:     0.014  0.005  0.017  0.001  0.892  0.001  0.058  0.004  0.008  0.001        1
140:     0.030  0.011  0.007  0.003  0.844  0.050  0.032  0.003  0.000  0.020        1
141:     0.008  0.001  0.001  0.001  0.949  0.000  0.022  0.000  0.010  0.007        1
142:     0.001  0.004  0.024  0.081  0.834  0.009  0.022  0.011  0.014  0.000        1
143:     0.005  0.003  0.006  0.002  0.874  0.006  0.070  0.000  0.011  0.024        1
144:     0.001  0.002  0.017  0.003  0.903  0.012  0.019  0.003  0.028  0.012        1
145:     0.000  0.012  0.005  0.000  0.946  0.001  0.002  0.007  0.025  0.002        1
146:     0.007  0.011  0.014  0.002  0.914  0.001  0.042  0.001  0.001  0.008        1
147:     0.001  0.014  0.002  0.000  0.954  0.003  0.016  0.001  0.003  0.006        1
148:     0.047  0.030  0.009  0.098  0.145  0.126  0.127  0.067  0.297  0.054        1
149:     0.015  0.021  0.048  0.068  0.099  0.019  0.177  0.236  0.297  0.020        1
150:     0.047  0.039  0.001  0.168  0.078  0.064  0.013  0.228  0.031  0.330        1
151:     0.072  0.134  0.058  0.275  0.048  0.168  0.007  0.098  0.005  0.136        1
152:     0.037  0.082  0.129  0.199  0.010  0.288  0.097  0.145  0.006  0.007        1
153:     0.066  0.011  0.177  0.124  0.033  0.223  0.063  0.205  0.037  0.061        1
154:     0.041  0.020  0.123  0.133  0.043  0.224  0.028  0.130  0.196  0.061        1
155:     0.067  0.270  0.051  0.049  0.046  0.098  0.010  0.067  0.133  0.210        1
156:     0.083  0.047  0.145  0.125  0.033  0.000  0.041  0.005  0.028  0.492        1
157:     0.047  0.054  0.094  0.309  0.019  0.066  0.067  0.125  0.029  0.191        1
158:     0.024  0.339  0.281  0.028  0.089  0.119  0.033  0.020  0.012  0.056        1
159:     0.047  0.215  0.126  0.064  0.046  0.099  0.005  0.058  0.293  0.046        1
160:     0.049  0.108  0.016  0.079  0.046  0.101  0.044  0.035  0.082  0.439        1
161:     0.060  0.120  0.143  0.151  0.056  0.083  0.074  0.033  0.118  0.162        1
162:     0.097  0.271  0.075  0.385  0.045  0.022  0.036  0.005  0.062  0.002        1
163:     0.045  0.166  0.227  0.154  0.051  0.111  0.055  0.024  0.167  0.002        1
164:     0.059  0.082  0.172  0.157  0.045  0.068  0.051  0.069  0.012  0.285        1
165:     0.048  0.017  0.036  0.194  0.076  0.010  0.072  0.047  0.322  0.177        1
166:     0.038  0.203  0.013  0.056  0.028  0.142  0.052  0.058  0.377  0.033        1
167:     0.052  0.134  0.039  0.074  0.043  0.012  0.059  0.001  0.464  0.121        1
168:     0.031  0.094  0.164  0.242  0.059  0.150  0.007  0.042  0.174  0.037        1
169:     0.050  0.017  0.122  0.163  0.104  0.075  0.037  0.003  0.283  0.146        1
170:     0.057  0.174  0.135  0.163  0.053  0.034  0.016  0.114  0.138  0.116        1
171:     0.059  0.109  0.049  0.048  0.047  0.105  0.023  0.128  0.232  0.201        1
172:     0.056  0.298  0.068  0.272  0.051  0.139  0.054  0.014  0.009  0.038        1
173:     0.054  0.362  0.056  0.296  0.026  0.003  0.020  0.046  0.001  0.135        1
174:     0.043  0.051  0.071  0.270  0.057  0.148  0.030  0.212  0.040  0.078        1
175:     0.041  0.134  0.131  0.123  0.038  0.124  0.047  0.130  0.099  0.133       50
176:     0.039  0.151  0.124  0.092  0.039  0.128  0.043  0.138  0.128  0.119       49
177:     0.038  0.135  0.104  0.096  0.044  0.120  0.038  0.167  0.133  0.126       50
178:     0.042  0.132  0.134  0.114  0.038  0.120  0.049  0.141  0.114  0.117       49
179:     0.039  0.118  0.139  0.105  0.047  0.136  0.051  0.127  0.099  0.139       23
180:     0.041  0.117  0.114  0.129  0.036  0.138  0.035  0.138  0.133  0.121       49
181:     0.004  0.003  0.002  0.003  0.001  0.004  0.975  0.003  0.001  0.003       30
182:     0.012  0.006  0.007  0.007  0.006  0.006  0.933  0.006  0.008  0.009       30
183:     0.037  0.111  0.143  0.080  0.055  0.078  0.102  0.191  0.085  0.116       34
184:     0.035  0.140  0.161  0.113  0.033  0.101  0.043  0.125  0.171  0.079       36
185:     0.036  0.131  0.108  0.126  0.045  0.143  0.052  0.139  0.136  0.085       40
186:     0.044  0.108  0.162  0.111  0.038  0.113  0.033  0.143  0.129  0.119       39
187:     0.041  0.112  0.130  0.121  0.039  0.118  0.043  0.163  0.123  0.110       37
188:     0.037  0.121  0.133  0.113  0.041  0.144  0.054  0.135  0.141  0.081       40
189:     0.038  0.129  0.129  0.097  0.039  0.102  0.048  0.159  0.122  0.137       35
190:     0.041  0.126  0.103  0.111  0.039  0.128  0.061  0.140  0.139  0.112       28
191:     0.039  0.123  0.146  0.118  0.036  0.128  0.046  0.140  0.102  0.121       36
192:     0.038  0.113  0.119  0.131  0.036  0.126  0.050  0.133  0.140  0.114       32
--------------------------------------------

 Rep#:   Lambda   Alpha      F1    F2    F3    F4    F5    F6    F7    F8    F9    F10     D1,2  D1,3  D1,4  D1,5  D1,6  D1,7  D1,8  D1,9  D1,10  D2,3  D2,4  D2,5  D2,6  D2,7  D2,8  D2,9  D2,10  D3,4  D3,5  D3,6  D3,7  D3,8  D3,9  D3,10  D4,5  D4,6  D4,7  D4,8  D4,9  D4,10  D5,6  D5,7  D5,8  D5,9  D5,10  D6,7  D6,8  D6,9  D6,10  D7,8  D7,9  D7,10  D8,9  D8,10  D9,10    Ln Like 
