

----------------------------------------------------
STRUCTURE by Pritchard, Stephens and Donnelly (2000)
     and Falush, Stephens and Pritchard (2003)
       Code by Pritchard, Falush and Hubisz
             Version 2.3.4 (Jul 2012)
----------------------------------------------------


Reading file "/workdir/yc2644/CV_CT_array/structure/threader_input/mainparams".
Reading file "/workdir/yc2644/CV_CT_array/structure/threader_input/extraparams".
Reading file "/workdir/yc2644/CV_CT_array/structure/threader_input/n1601.recode.strct_in".


Data file "/workdir/yc2644/CV_CT_array/structure/threader_input/n1601.recode.strct_in" (truncated) --

Ind:   Label Pop : Genotype_data . . . .
  1:  001s    1  :  2   1   2   2   2   1   2  . . . .   2
  1:  001s    1  :  2   2   2   2   2   2   2  . . . .   2
  2:  002s    1  :  2   2   2   2   1   1   2  . . . .   2
  2:  002s    1  :  2   2   2   2   2   2   2  . . . .   2
  3:  003s    1  :  1   2   1   2   2   2   2  . . . .   1
  3:  003s    1  :  2   2   1   2   2   2   2  . . . .   2
  4:  004s    1  :  1   1   2   2   1   2   2  . . . .   1
  4:  004s    1  :  2   1   2   2   2   2   2  . . . .   2

      *******   

1600:    49  192  :  2   2   2   2   2   1   2  . . . .   1
1600:    49  192  :  2   2   2   2   2   2   2  . . . .   2
1601:    50  192  :  2   1   2   2   1   2   2  . . . .   1
1601:    50  192  :  2   2   2   2   2   2   2  . . . .   2

Number of alleles per locus: min= 2; ave=2.0; max= 2


--------------------------------------

Finished initialization; starting MCMC 
100000 iterations + 10000 burnin


--------------------------------------------
Proportion of membership of each pre-defined
 population in each of the 10 clusters

Given    Inferred Clusters                                                        Number of
 Pop       1      2      3      4      5      6      7      8      9     10      Individuals

  1:     0.057  0.104  0.104  0.105  0.100  0.119  0.145  0.081  0.107  0.079       54
  2:     0.053  0.117  0.110  0.117  0.104  0.108  0.143  0.075  0.100  0.074       30
  3:     0.281  0.052  0.085  0.029  0.058  0.094  0.037  0.225  0.085  0.054       30
  4:     0.405  0.047  0.101  0.021  0.059  0.088  0.028  0.119  0.052  0.079       20
  5:     0.382  0.039  0.110  0.034  0.065  0.080  0.030  0.119  0.075  0.067       30
  6:     0.051  0.101  0.116  0.118  0.112  0.101  0.123  0.085  0.110  0.084       43
  7:     0.048  0.106  0.109  0.118  0.111  0.100  0.136  0.094  0.094  0.084       44
  8:     0.038  0.085  0.103  0.077  0.136  0.075  0.194  0.091  0.112  0.090        4
  9:     0.033  0.100  0.099  0.125  0.137  0.094  0.149  0.072  0.101  0.090       22
 10:     0.034  0.120  0.100  0.127  0.129  0.073  0.169  0.078  0.080  0.088       24
 11:     0.044  0.098  0.092  0.103  0.119  0.096  0.144  0.095  0.119  0.091       54
 12:     0.040  0.111  0.105  0.129  0.125  0.098  0.120  0.088  0.104  0.080       37
 13:     0.055  0.093  0.102  0.105  0.108  0.109  0.130  0.102  0.098  0.098       42
 14:     0.047  0.113  0.118  0.112  0.100  0.111  0.127  0.090  0.101  0.082       42
 15:     0.045  0.090  0.106  0.124  0.120  0.135  0.120  0.078  0.096  0.086       49
 16:     0.053  0.113  0.103  0.111  0.105  0.111  0.122  0.084  0.101  0.097      124
 17:     0.048  0.112  0.097  0.118  0.114  0.064  0.130  0.097  0.109  0.111       24
 18:     0.046  0.105  0.098  0.129  0.115  0.091  0.137  0.081  0.105  0.093       34
 19:     0.053  0.104  0.101  0.115  0.118  0.091  0.125  0.081  0.122  0.091       52
 20:     0.032  0.088  0.059  0.139  0.152  0.077  0.195  0.094  0.103  0.061        1
 21:     0.045  0.068  0.125  0.146  0.050  0.040  0.218  0.013  0.170  0.124        1
 22:     0.011  0.081  0.094  0.172  0.154  0.150  0.117  0.078  0.090  0.053        1
 23:     0.044  0.223  0.205  0.059  0.005  0.044  0.238  0.058  0.052  0.072        1
 24:     0.071  0.332  0.003  0.097  0.146  0.084  0.153  0.035  0.067  0.011        1
 25:     0.049  0.108  0.161  0.046  0.229  0.041  0.147  0.087  0.123  0.009        1
 26:     0.094  0.079  0.075  0.174  0.124  0.077  0.111  0.093  0.085  0.088        1
 27:     0.016  0.039  0.049  0.234  0.201  0.020  0.081  0.116  0.135  0.110        1
 28:     0.043  0.082  0.081  0.138  0.077  0.206  0.148  0.062  0.088  0.075        1
 29:     0.034  0.076  0.021  0.148  0.128  0.015  0.203  0.116  0.073  0.186        1
 30:     0.120  0.029  0.043  0.286  0.094  0.094  0.016  0.044  0.260  0.014        1
 31:     0.153  0.039  0.048  0.134  0.049  0.187  0.133  0.044  0.102  0.110        1
 32:     0.042  0.036  0.135  0.067  0.226  0.182  0.090  0.010  0.167  0.046        1
 33:     0.050  0.055  0.213  0.004  0.122  0.046  0.170  0.097  0.159  0.083        1
 34:     0.038  0.025  0.018  0.274  0.061  0.059  0.135  0.061  0.101  0.228        1
 35:     0.002  0.177  0.057  0.214  0.080  0.063  0.094  0.137  0.009  0.167        1
 36:     0.048  0.119  0.023  0.094  0.062  0.042  0.168  0.073  0.136  0.235        1
 37:     0.066  0.067  0.124  0.114  0.093  0.053  0.251  0.134  0.008  0.090        1
 38:     0.035  0.192  0.159  0.017  0.058  0.164  0.242  0.012  0.076  0.045        1
 39:     0.096  0.100  0.201  0.012  0.372  0.052  0.052  0.032  0.077  0.006        1
 40:     0.066  0.108  0.042  0.093  0.099  0.143  0.149  0.110  0.102  0.088        1
 41:     0.061  0.219  0.024  0.157  0.163  0.050  0.138  0.055  0.047  0.087        1
 42:     0.048  0.079  0.143  0.049  0.103  0.135  0.026  0.067  0.287  0.064        1
 43:     0.070  0.082  0.059  0.078  0.187  0.068  0.006  0.049  0.155  0.245        1
 44:     0.064  0.101  0.121  0.066  0.111  0.105  0.143  0.098  0.085  0.105        1
 45:     0.058  0.111  0.101  0.161  0.042  0.099  0.146  0.086  0.096  0.101        1
 46:     0.071  0.104  0.109  0.136  0.114  0.070  0.107  0.084  0.107  0.097        1
 47:     0.063  0.025  0.157  0.003  0.217  0.304  0.035  0.032  0.146  0.018        1
 48:     0.007  0.015  0.115  0.030  0.219  0.362  0.031  0.039  0.150  0.032        1
 49:     0.081  0.071  0.157  0.091  0.107  0.087  0.124  0.091  0.081  0.111        1
 50:     0.141  0.073  0.081  0.040  0.021  0.163  0.120  0.146  0.022  0.194        1
 51:     0.164  0.082  0.067  0.083  0.093  0.112  0.204  0.047  0.033  0.113        1
 52:     0.051  0.257  0.017  0.038  0.047  0.108  0.090  0.123  0.123  0.145        1
 53:     0.080  0.014  0.047  0.132  0.097  0.257  0.118  0.144  0.040  0.070        1
 54:     0.022  0.075  0.025  0.597  0.025  0.015  0.004  0.095  0.128  0.016        1
 55:     0.155  0.020  0.088  0.468  0.018  0.064  0.118  0.045  0.008  0.017        1
 56:     0.047  0.134  0.054  0.562  0.033  0.102  0.017  0.015  0.003  0.034        1
 57:     0.096  0.063  0.092  0.310  0.089  0.064  0.067  0.056  0.068  0.094        1
 58:     0.068  0.057  0.023  0.465  0.007  0.014  0.221  0.015  0.076  0.053        1
 59:     0.053  0.015  0.122  0.488  0.092  0.019  0.101  0.003  0.057  0.050        1
 60:     0.102  0.089  0.059  0.600  0.065  0.018  0.006  0.018  0.020  0.023        1
 61:     0.071  0.017  0.098  0.479  0.085  0.045  0.021  0.037  0.041  0.106        1
 62:     0.276  0.125  0.071  0.070  0.027  0.157  0.012  0.007  0.228  0.027        1
 63:     0.043  0.019  0.078  0.532  0.057  0.111  0.101  0.029  0.003  0.027        1
 64:     0.019  0.111  0.151  0.593  0.028  0.021  0.050  0.007  0.015  0.006        1
 65:     0.069  0.067  0.118  0.464  0.029  0.040  0.059  0.065  0.043  0.046        1
 66:     0.037  0.032  0.099  0.485  0.142  0.061  0.030  0.003  0.074  0.038        1
 67:     0.055  0.029  0.126  0.288  0.035  0.033  0.093  0.024  0.115  0.201        1
 68:     0.083  0.042  0.110  0.479  0.024  0.035  0.019  0.066  0.093  0.048        1
 69:     0.158  0.072  0.040  0.504  0.027  0.067  0.053  0.042  0.037  0.001        1
 70:     0.103  0.064  0.012  0.453  0.051  0.064  0.090  0.028  0.081  0.054        1
 71:     0.094  0.051  0.005  0.666  0.022  0.077  0.023  0.025  0.022  0.016        1
 72:     0.083  0.073  0.084  0.468  0.065  0.026  0.069  0.049  0.055  0.029        1
 73:     0.013  0.013  0.112  0.586  0.039  0.012  0.079  0.050  0.064  0.033        1
 74:     0.082  0.011  0.190  0.303  0.085  0.119  0.122  0.026  0.033  0.029        1
 75:     0.057  0.012  0.014  0.791  0.044  0.023  0.007  0.018  0.004  0.030        1
 76:     0.329  0.051  0.083  0.029  0.057  0.101  0.061  0.104  0.117  0.067        1
 77:     0.071  0.035  0.068  0.592  0.027  0.018  0.017  0.010  0.092  0.070        1
 78:     0.051  0.094  0.137  0.303  0.041  0.122  0.109  0.065  0.023  0.056        1
 79:     0.126  0.141  0.030  0.434  0.027  0.088  0.031  0.070  0.041  0.012        1
 80:     0.106  0.060  0.138  0.470  0.052  0.008  0.061  0.003  0.096  0.005        1
 81:     0.112  0.047  0.078  0.455  0.019  0.108  0.009  0.013  0.052  0.109        1
 82:     0.164  0.155  0.035  0.328  0.045  0.120  0.008  0.079  0.053  0.014        1
 83:     0.115  0.017  0.019  0.508  0.004  0.184  0.081  0.005  0.051  0.016        1
 84:     0.443  0.045  0.011  0.047  0.062  0.021  0.035  0.100  0.028  0.207        1
 85:     0.225  0.116  0.005  0.040  0.017  0.022  0.046  0.029  0.007  0.492        1
 86:     0.442  0.004  0.075  0.137  0.055  0.064  0.096  0.020  0.021  0.085        1
 87:     0.246  0.127  0.014  0.106  0.074  0.021  0.029  0.046  0.055  0.282        1
 88:     0.425  0.021  0.046  0.020  0.063  0.093  0.038  0.026  0.117  0.151        1
 89:     0.258  0.062  0.015  0.049  0.020  0.160  0.011  0.013  0.152  0.258        1
 90:     0.366  0.129  0.017  0.021  0.005  0.026  0.007  0.031  0.063  0.336        1
 91:     0.367  0.020  0.047  0.109  0.018  0.036  0.017  0.021  0.009  0.356        1
 92:     0.129  0.028  0.033  0.037  0.040  0.040  0.018  0.032  0.091  0.553        1
 93:     0.326  0.091  0.032  0.043  0.018  0.025  0.038  0.054  0.047  0.328        1
 94:     0.278  0.067  0.015  0.026  0.039  0.070  0.047  0.018  0.141  0.298        1
 95:     0.342  0.103  0.062  0.068  0.053  0.003  0.049  0.078  0.044  0.198        1
 96:     0.318  0.080  0.009  0.002  0.023  0.039  0.011  0.009  0.004  0.505        1
 97:     0.381  0.047  0.030  0.073  0.078  0.007  0.046  0.000  0.112  0.226        1
 98:     0.287  0.070  0.020  0.022  0.001  0.030  0.122  0.004  0.038  0.407        1
 99:     0.429  0.021  0.042  0.129  0.037  0.009  0.028  0.065  0.028  0.212        1
100:     0.430  0.014  0.008  0.028  0.002  0.032  0.043  0.069  0.055  0.319        1
101:     0.269  0.146  0.002  0.052  0.238  0.036  0.019  0.053  0.033  0.152        1
102:     0.263  0.025  0.032  0.029  0.050  0.012  0.099  0.033  0.131  0.327        1
103:     0.333  0.157  0.027  0.012  0.071  0.000  0.089  0.021  0.144  0.146        1
104:     0.339  0.130  0.041  0.074  0.051  0.050  0.062  0.027  0.088  0.138        1
105:     0.375  0.081  0.074  0.062  0.056  0.063  0.044  0.038  0.025  0.183        1
106:     0.151  0.236  0.006  0.036  0.062  0.064  0.003  0.033  0.133  0.276        1
107:     0.300  0.093  0.060  0.075  0.007  0.012  0.028  0.041  0.017  0.366        1
108:     0.365  0.345  0.013  0.047  0.026  0.078  0.009  0.009  0.003  0.104        1
109:     0.318  0.177  0.079  0.046  0.010  0.004  0.033  0.026  0.033  0.274        1
110:     0.280  0.385  0.036  0.003  0.039  0.050  0.025  0.011  0.041  0.130        1
111:     0.357  0.056  0.067  0.059  0.044  0.051  0.039  0.038  0.052  0.238        1
112:     0.403  0.098  0.001  0.047  0.028  0.092  0.098  0.016  0.064  0.152        1
113:     0.417  0.091  0.089  0.032  0.057  0.004  0.022  0.036  0.059  0.193        1
114:     0.371  0.152  0.029  0.063  0.045  0.011  0.056  0.012  0.018  0.244        1
115:     0.379  0.041  0.008  0.112  0.014  0.097  0.170  0.020  0.059  0.099        1
116:     0.400  0.005  0.009  0.027  0.018  0.049  0.067  0.025  0.039  0.363        1
117:     0.286  0.041  0.020  0.035  0.121  0.006  0.001  0.025  0.053  0.412        1
118:     0.422  0.015  0.012  0.219  0.001  0.051  0.014  0.027  0.033  0.206        1
119:     0.356  0.108  0.053  0.037  0.012  0.027  0.044  0.001  0.110  0.252        1
120:     0.260  0.251  0.027  0.075  0.009  0.019  0.090  0.026  0.069  0.173        1
121:     0.402  0.140  0.010  0.073  0.070  0.067  0.004  0.051  0.031  0.150        1
122:     0.394  0.070  0.107  0.098  0.003  0.105  0.017  0.021  0.002  0.184        1
123:     0.192  0.086  0.016  0.028  0.042  0.044  0.025  0.042  0.051  0.474        1
124:     0.384  0.130  0.047  0.016  0.101  0.049  0.013  0.031  0.040  0.190        1
125:     0.351  0.062  0.052  0.050  0.066  0.051  0.095  0.047  0.064  0.161        1
126:     0.216  0.024  0.000  0.061  0.025  0.083  0.083  0.011  0.123  0.375        1
127:     0.346  0.075  0.026  0.045  0.095  0.062  0.065  0.027  0.081  0.179        1
128:     0.390  0.182  0.026  0.082  0.031  0.005  0.043  0.013  0.182  0.047        1
129:     0.328  0.029  0.045  0.065  0.016  0.034  0.043  0.015  0.043  0.382        1
130:     0.445  0.004  0.007  0.013  0.015  0.103  0.073  0.039  0.064  0.236        1
131:     0.405  0.215  0.014  0.019  0.088  0.083  0.024  0.028  0.057  0.067        1
132:     0.303  0.125  0.074  0.059  0.053  0.070  0.031  0.031  0.007  0.245        1
133:     0.324  0.221  0.054  0.014  0.056  0.010  0.085  0.109  0.031  0.096        1
134:     0.285  0.244  0.044  0.035  0.066  0.035  0.127  0.014  0.049  0.101        1
135:     0.300  0.035  0.003  0.068  0.002  0.027  0.147  0.029  0.034  0.356        1
136:     0.332  0.008  0.019  0.077  0.027  0.073  0.018  0.015  0.108  0.324        1
137:     0.374  0.149  0.020  0.042  0.029  0.011  0.031  0.014  0.056  0.273        1
138:     0.354  0.082  0.044  0.084  0.059  0.046  0.083  0.043  0.065  0.140        1
139:     0.392  0.154  0.022  0.057  0.019  0.089  0.031  0.007  0.023  0.206        1
140:     0.238  0.197  0.056  0.001  0.043  0.032  0.007  0.014  0.038  0.374        1
141:     0.401  0.070  0.009  0.074  0.133  0.052  0.110  0.013  0.018  0.118        1
142:     0.262  0.263  0.017  0.043  0.028  0.006  0.025  0.039  0.103  0.215        1
143:     0.345  0.047  0.005  0.045  0.031  0.020  0.101  0.012  0.120  0.274        1
144:     0.471  0.070  0.033  0.012  0.115  0.022  0.076  0.026  0.005  0.170        1
145:     0.389  0.077  0.097  0.066  0.119  0.038  0.113  0.001  0.012  0.089        1
146:     0.199  0.096  0.069  0.004  0.011  0.031  0.053  0.031  0.059  0.447        1
147:     0.307  0.012  0.087  0.014  0.027  0.046  0.093  0.023  0.067  0.323        1
148:     0.112  0.123  0.094  0.117  0.066  0.100  0.061  0.083  0.103  0.141        1
149:     0.087  0.133  0.080  0.054  0.054  0.094  0.079  0.163  0.125  0.131        1
150:     0.069  0.136  0.053  0.084  0.120  0.101  0.095  0.055  0.113  0.176        1
151:     0.062  0.025  0.062  0.318  0.158  0.059  0.100  0.043  0.026  0.148        1
152:     0.085  0.029  0.073  0.137  0.266  0.195  0.033  0.041  0.105  0.035        1
153:     0.049  0.103  0.079  0.043  0.044  0.061  0.218  0.031  0.161  0.210        1
154:     0.151  0.057  0.006  0.232  0.110  0.077  0.227  0.010  0.099  0.031        1
155:     0.012  0.315  0.095  0.076  0.086  0.020  0.162  0.060  0.020  0.155        1
156:     0.039  0.113  0.101  0.116  0.087  0.079  0.117  0.077  0.156  0.114        1
157:     0.088  0.114  0.121  0.116  0.107  0.077  0.067  0.136  0.130  0.043        1
158:     0.055  0.169  0.093  0.094  0.087  0.091  0.090  0.104  0.097  0.121        1
159:     0.057  0.087  0.073  0.154  0.152  0.110  0.107  0.082  0.092  0.084        1
160:     0.008  0.173  0.030  0.141  0.076  0.145  0.158  0.036  0.080  0.152        1
161:     0.053  0.026  0.051  0.068  0.115  0.283  0.149  0.016  0.059  0.180        1
162:     0.062  0.042  0.244  0.089  0.018  0.110  0.228  0.080  0.038  0.089        1
163:     0.048  0.029  0.071  0.006  0.175  0.061  0.076  0.023  0.153  0.359        1
164:     0.053  0.082  0.069  0.120  0.056  0.135  0.121  0.107  0.179  0.079        1
165:     0.016  0.076  0.118  0.131  0.032  0.009  0.162  0.243  0.057  0.157        1
166:     0.010  0.060  0.184  0.224  0.065  0.014  0.120  0.084  0.115  0.124        1
167:     0.071  0.153  0.075  0.088  0.077  0.079  0.151  0.081  0.139  0.088        1
168:     0.065  0.030  0.299  0.079  0.034  0.017  0.209  0.063  0.195  0.010        1
169:     0.071  0.065  0.055  0.120  0.060  0.089  0.171  0.113  0.120  0.137        1
170:     0.076  0.051  0.123  0.162  0.084  0.066  0.094  0.085  0.153  0.107        1
171:     0.061  0.035  0.066  0.169  0.080  0.172  0.186  0.114  0.093  0.025        1
172:     0.019  0.044  0.197  0.141  0.179  0.101  0.027  0.050  0.057  0.185        1
173:     0.089  0.012  0.043  0.166  0.010  0.174  0.234  0.174  0.069  0.029        1
174:     0.065  0.048  0.163  0.067  0.098  0.059  0.185  0.035  0.111  0.170        1
175:     0.054  0.107  0.114  0.122  0.108  0.094  0.124  0.091  0.118  0.069       50
176:     0.044  0.089  0.102  0.110  0.121  0.102  0.136  0.088  0.125  0.082       49
177:     0.044  0.110  0.094  0.109  0.124  0.086  0.127  0.094  0.122  0.091       50
178:     0.050  0.109  0.094  0.111  0.124  0.104  0.135  0.085  0.108  0.080       49
179:     0.054  0.077  0.121  0.101  0.124  0.108  0.133  0.086  0.103  0.094       23
180:     0.046  0.112  0.103  0.118  0.101  0.093  0.133  0.092  0.123  0.079       49
181:     0.517  0.047  0.072  0.017  0.060  0.070  0.016  0.117  0.053  0.031       30
182:     0.178  0.028  0.046  0.018  0.042  0.081  0.019  0.478  0.061  0.049       30
183:     0.066  0.102  0.095  0.100  0.099  0.090  0.162  0.108  0.080  0.098       34
184:     0.050  0.125  0.115  0.124  0.110  0.089  0.126  0.085  0.093  0.084       36
185:     0.048  0.111  0.106  0.104  0.126  0.093  0.134  0.090  0.104  0.085       40
186:     0.046  0.110  0.096  0.115  0.125  0.097  0.134  0.089  0.103  0.086       39
187:     0.052  0.126  0.105  0.099  0.106  0.095  0.125  0.095  0.100  0.096       37
188:     0.050  0.118  0.101  0.126  0.093  0.098  0.117  0.098  0.106  0.092       40
189:     0.051  0.118  0.114  0.120  0.092  0.085  0.125  0.098  0.100  0.098       35
190:     0.048  0.144  0.088  0.107  0.135  0.104  0.115  0.088  0.091  0.079       28
191:     0.052  0.107  0.104  0.112  0.112  0.107  0.135  0.085  0.088  0.098       36
192:     0.047  0.104  0.095  0.103  0.111  0.130  0.112  0.086  0.132  0.081       32
--------------------------------------------

 Rep#:   Lambda   Alpha      F1    F2    F3    F4    F5    F6    F7    F8    F9    F10     D1,2  D1,3  D1,4  D1,5  D1,6  D1,7  D1,8  D1,9  D1,10  D2,3  D2,4  D2,5  D2,6  D2,7  D2,8  D2,9  D2,10  D3,4  D3,5  D3,6  D3,7  D3,8  D3,9  D3,10  D4,5  D4,6  D4,7  D4,8  D4,9  D4,10  D5,6  D5,7  D5,8  D5,9  D5,10  D6,7  D6,8  D6,9  D6,10  D7,8  D7,9  D7,10  D8,9  D8,10  D9,10    Ln Like 
  100:    1.00    1.549    0.258 0.011 0.010 0.064 0.010 0.010 0.017 0.124 0.007 0.038    0.055 0.053 0.071 0.055 0.053 0.060 0.052 0.053 0.055 0.003 0.014 0.003 0.003 0.004 0.025 0.003 0.007 0.014 0.003 0.003 0.005 0.023 0.003 0.008 0.014 0.015 0.015 0.040 0.014 0.019 0.003 0.004 0.024 0.003 0.008 0.005 0.022 0.003 0.008 0.028 0.004 0.009 0.023 0.032 0.007   --  
  200:    1.00    1.133    0.294 0.011 0.010 0.259 0.010 0.010 0.017 0.335 0.007 0.247    0.045 0.045 0.071 0.045 0.045 0.047 0.062 0.045 0.080 0.003 0.044 0.003 0.003 0.004 0.051 0.003 0.044 0.044 0.003 0.003 0.004 0.051 0.003 0.044 0.044 0.044 0.046 0.077 0.043 0.071 0.003 0.004 0.051 0.003 0.044 0.004 0.051 0.003 0.044 0.053 0.004 0.046 0.051 0.081 0.043   --  
  300:    1.00    0.959    0.273 0.011 0.010 0.273 0.010 0.011 0.017 0.333 0.007 0.204    0.041 0.040 0.067 0.040 0.040 0.042 0.061 0.039 0.065 0.003 0.045 0.003 0.003 0.004 0.051 0.003 0.038 0.045 0.003 0.003 0.004 0.051 0.003 0.038 0.045 0.045 0.046 0.078 0.044 0.066 0.003 0.004 0.051 0.003 0.037 0.004 0.051 0.003 0.038 0.052 0.004 0.039 0.050 0.073 0.037   --  
  400:    1.00    0.880    0.254 0.011 0.010 0.268 0.010 0.011 0.017 0.333 0.007 0.187    0.038 0.039 0.067 0.039 0.038 0.040 0.062 0.038 0.060 0.003 0.044 0.003 0.003 0.004 0.050 0.003 0.034 0.044 0.003 0.003 0.004 0.050 0.003 0.034 0.044 0.044 0.046 0.078 0.044 0.063 0.003 0.004 0.050 0.003 0.034 0.004 0.050 0.003 0.034 0.052 0.004 0.035 0.049 0.070 0.033   --  
  500:    1.00    0.820    0.249 0.011 0.010 0.267 0.010 0.011 0.017 0.319 0.007 0.178    0.039 0.039 0.067 0.039 0.038 0.040 0.064 0.038 0.059 0.003 0.043 0.003 0.003 0.004 0.049 0.003 0.033 0.043 0.003 0.003 0.004 0.049 0.003 0.032 0.043 0.043 0.044 0.075 0.042 0.062 0.003 0.004 0.049 0.003 0.032 0.004 0.049 0.003 0.032 0.050 0.004 0.034 0.048 0.067 0.032   --  
  600:    1.00    0.782    0.267 0.011 0.010 0.263 0.010 0.011 0.017 0.314 0.007 0.171    0.040 0.040 0.069 0.040 0.040 0.041 0.065 0.040 0.060 0.003 0.043 0.003 0.003 0.004 0.047 0.003 0.032 0.043 0.003 0.003 0.004 0.047 0.003 0.031 0.043 0.043 0.044 0.075 0.042 0.061 0.003 0.004 0.047 0.003 0.031 0.004 0.047 0.003 0.031 0.048 0.004 0.033 0.046 0.065 0.031   --  
  700:    1.00    0.747    0.293 0.011 0.010 0.259 0.010 0.011 0.018 0.298 0.007 0.174    0.044 0.044 0.072 0.043 0.043 0.044 0.069 0.043 0.062 0.003 0.043 0.003 0.004 0.005 0.045 0.003 0.031 0.043 0.003 0.003 0.004 0.044 0.003 0.031 0.042 0.042 0.044 0.073 0.042 0.061 0.003 0.004 0.045 0.003 0.031 0.005 0.044 0.003 0.031 0.046 0.004 0.032 0.044 0.064 0.030   --  
  800:    1.00    0.717    0.327 0.011 0.010 0.262 0.010 0.011 0.018 0.256 0.007 0.170    0.048 0.048 0.077 0.048 0.048 0.049 0.068 0.047 0.066 0.003 0.042 0.003 0.004 0.005 0.039 0.003 0.031 0.042 0.003 0.003 0.004 0.039 0.003 0.030 0.042 0.042 0.043 0.068 0.041 0.060 0.003 0.004 0.039 0.003 0.030 0.005 0.039 0.003 0.030 0.041 0.004 0.032 0.038 0.058 0.030   --  
  900:    1.00    0.670    0.357 0.011 0.010 0.264 0.011 0.011 0.018 0.217 0.007 0.165    0.051 0.051 0.081 0.051 0.051 0.052 0.064 0.050 0.070 0.003 0.042 0.003 0.003 0.005 0.033 0.003 0.030 0.042 0.003 0.003 0.004 0.033 0.003 0.030 0.041 0.042 0.043 0.063 0.041 0.060 0.003 0.004 0.033 0.003 0.030 0.005 0.032 0.003 0.030 0.035 0.004 0.032 0.032 0.052 0.029   --  

--------------------------------------------
Proportion of membership of each pre-defined
 population in each of the 10 clusters

Given    Inferred Clusters                                                        Number of
 Pop       1      2      3      4      5      6      7      8      9     10      Individuals

  1:     0.035  0.105  0.140  0.050  0.117  0.147  0.156  0.052  0.153  0.046       54
  2:     0.033  0.131  0.146  0.062  0.097  0.170  0.172  0.050  0.101  0.039       30
  3:     0.284  0.029  0.034  0.047  0.025  0.045  0.011  0.426  0.049  0.050       30
  4:     0.057  0.005  0.017  0.008  0.004  0.012  0.003  0.862  0.005  0.026       20
  5:     0.066  0.010  0.039  0.009  0.012  0.022  0.004  0.789  0.012  0.037       30
  6:     0.025  0.126  0.141  0.048  0.132  0.121  0.171  0.058  0.134  0.045       43
  7:     0.029  0.102  0.175  0.049  0.152  0.136  0.164  0.044  0.104  0.045       44
  8:     0.019  0.112  0.107  0.043  0.099  0.076  0.262  0.041  0.196  0.046        4
  9:     0.018  0.117  0.118  0.048  0.159  0.105  0.256  0.023  0.116  0.040       22
 10:     0.018  0.119  0.079  0.057  0.181  0.094  0.272  0.029  0.116  0.035       24
 11:     0.034  0.103  0.117  0.047  0.139  0.149  0.173  0.044  0.151  0.043       54
 12:     0.022  0.115  0.132  0.052  0.180  0.113  0.173  0.046  0.128  0.039       37
 13:     0.032  0.105  0.140  0.049  0.151  0.148  0.158  0.051  0.118  0.047       42
 14:     0.028  0.138  0.136  0.047  0.122  0.150  0.175  0.046  0.119  0.039       42
 15:     0.032  0.117  0.139  0.051  0.141  0.151  0.153  0.050  0.123  0.042       49
 16:     0.031  0.129  0.161  0.050  0.132  0.145  0.129  0.054  0.124  0.044      124
 17:     0.034  0.125  0.127  0.049  0.140  0.080  0.184  0.052  0.170  0.041       24
 18:     0.028  0.136  0.124  0.055  0.145  0.131  0.156  0.037  0.143  0.045       34
 19:     0.033  0.127  0.143  0.051  0.125  0.127  0.150  0.045  0.158  0.041       52
 20:     0.038  0.167  0.149  0.042  0.114  0.007  0.231  0.025  0.170  0.058        1
 21:     0.017  0.164  0.033  0.070  0.121  0.029  0.201  0.024  0.234  0.108        1
 22:     0.021  0.102  0.039  0.059  0.117  0.181  0.206  0.063  0.178  0.034        1
 23:     0.029  0.078  0.131  0.053  0.090  0.019  0.286  0.056  0.153  0.105        1
 24:     0.038  0.178  0.054  0.073  0.076  0.003  0.348  0.029  0.128  0.073        1
 25:     0.030  0.154  0.120  0.026  0.267  0.026  0.213  0.078  0.015  0.072        1
 26:     0.013  0.048  0.314  0.082  0.222  0.028  0.077  0.032  0.099  0.086        1
 27:     0.073  0.208  0.069  0.054  0.105  0.108  0.051  0.033  0.253  0.044        1
 28:     0.028  0.098  0.076  0.051  0.079  0.271  0.256  0.033  0.074  0.034        1
 29:     0.022  0.163  0.009  0.071  0.199  0.038  0.398  0.010  0.055  0.036        1
 30:     0.043  0.093  0.268  0.074  0.031  0.250  0.002  0.098  0.092  0.050        1
 31:     0.064  0.006  0.262  0.041  0.005  0.172  0.251  0.172  0.000  0.027        1
 32:     0.021  0.118  0.109  0.032  0.188  0.158  0.164  0.039  0.146  0.025        1
 33:     0.045  0.021  0.030  0.089  0.279  0.014  0.158  0.070  0.252  0.043        1
 34:     0.037  0.109  0.108  0.060  0.265  0.146  0.057  0.001  0.136  0.081        1
 35:     0.032  0.079  0.134  0.047  0.048  0.218  0.267  0.044  0.039  0.092        1
 36:     0.051  0.128  0.184  0.116  0.054  0.062  0.122  0.042  0.183  0.058        1
 37:     0.017  0.001  0.017  0.009  0.330  0.272  0.236  0.035  0.007  0.076        1
 38:     0.039  0.123  0.316  0.049  0.030  0.106  0.085  0.055  0.067  0.130        1
 39:     0.013  0.155  0.139  0.099  0.196  0.010  0.228  0.036  0.060  0.065        1
 40:     0.065  0.068  0.000  0.115  0.151  0.046  0.112  0.052  0.311  0.079        1
 41:     0.019  0.102  0.001  0.082  0.266  0.122  0.295  0.003  0.017  0.091        1
 42:     0.035  0.179  0.061  0.082  0.098  0.049  0.047  0.047  0.369  0.033        1
 43:     0.057  0.016  0.077  0.083  0.450  0.002  0.004  0.067  0.207  0.036        1
 44:     0.058  0.003  0.006  0.058  0.258  0.078  0.097  0.084  0.327  0.031        1
 45:     0.004  0.121  0.236  0.082  0.036  0.120  0.190  0.030  0.113  0.069        1
 46:     0.049  0.071  0.239  0.047  0.064  0.000  0.305  0.012  0.120  0.092        1
 47:     0.034  0.009  0.030  0.024  0.110  0.736  0.003  0.017  0.027  0.010        1
 48:     0.048  0.005  0.101  0.037  0.125  0.602  0.025  0.008  0.021  0.029        1
 49:     0.047  0.049  0.205  0.072  0.150  0.031  0.150  0.033  0.233  0.029        1
 50:     0.054  0.105  0.033  0.053  0.029  0.254  0.022  0.300  0.080  0.069        1
 51:     0.084  0.010  0.126  0.051  0.085  0.187  0.141  0.185  0.094  0.037        1
 52:     0.038  0.201  0.020  0.077  0.006  0.034  0.376  0.064  0.073  0.112        1
 53:     0.038  0.008  0.000  0.061  0.204  0.410  0.057  0.044  0.096  0.083        1
 54:     0.006  0.004  0.001  0.977  0.000  0.000  0.001  0.005  0.002  0.003        1
 55:     0.002  0.001  0.005  0.982  0.000  0.004  0.000  0.005  0.000  0.000        1
 56:     0.009  0.018  0.033  0.829  0.029  0.038  0.016  0.000  0.012  0.015        1
 57:     0.003  0.001  0.009  0.931  0.012  0.010  0.006  0.001  0.016  0.009        1
 58:     0.013  0.029  0.000  0.888  0.002  0.002  0.038  0.001  0.027  0.000        1
 59:     0.022  0.038  0.022  0.820  0.026  0.008  0.000  0.040  0.003  0.021        1
 60:     0.002  0.003  0.005  0.973  0.004  0.002  0.001  0.008  0.001  0.001        1
 61:     0.002  0.001  0.000  0.983  0.001  0.000  0.001  0.007  0.004  0.001        1
 62:     0.158  0.162  0.086  0.002  0.007  0.041  0.004  0.261  0.232  0.049        1
 63:     0.014  0.001  0.010  0.937  0.003  0.004  0.002  0.012  0.003  0.014        1
 64:     0.000  0.001  0.000  0.995  0.001  0.001  0.000  0.001  0.001  0.000        1
 65:     0.001  0.000  0.002  0.989  0.002  0.002  0.000  0.003  0.001  0.001        1
 66:     0.020  0.014  0.005  0.919  0.032  0.002  0.000  0.002  0.002  0.005        1
 67:     0.014  0.000  0.042  0.594  0.088  0.004  0.028  0.050  0.079  0.101        1
 68:     0.000  0.019  0.008  0.886  0.035  0.006  0.020  0.019  0.004  0.002        1
 69:     0.024  0.000  0.001  0.946  0.012  0.002  0.000  0.000  0.001  0.013        1
 70:     0.024  0.025  0.001  0.791  0.066  0.008  0.058  0.018  0.004  0.006        1
 71:     0.003  0.000  0.001  0.990  0.000  0.002  0.001  0.000  0.002  0.001        1
 72:     0.000  0.001  0.001  0.990  0.001  0.000  0.005  0.000  0.000  0.001        1
 73:     0.000  0.000  0.000  0.998  0.000  0.000  0.000  0.000  0.000  0.001        1
 74:     0.027  0.033  0.060  0.753  0.008  0.026  0.057  0.002  0.018  0.016        1
 75:     0.003  0.000  0.001  0.992  0.000  0.001  0.000  0.000  0.002  0.000        1
 76:     0.284  0.054  0.077  0.007  0.057  0.145  0.001  0.269  0.029  0.078        1
 77:     0.002  0.001  0.000  0.996  0.000  0.000  0.000  0.001  0.000  0.000        1
 78:     0.027  0.003  0.109  0.784  0.007  0.014  0.027  0.002  0.025  0.001        1
 79:     0.000  0.002  0.001  0.996  0.000  0.000  0.000  0.000  0.001  0.000        1
 80:     0.003  0.003  0.004  0.951  0.024  0.004  0.002  0.004  0.000  0.006        1
 81:     0.000  0.001  0.001  0.982  0.003  0.000  0.000  0.003  0.002  0.008        1
 82:     0.031  0.155  0.030  0.482  0.002  0.091  0.032  0.029  0.014  0.134        1
 83:     0.001  0.000  0.000  0.989  0.001  0.000  0.000  0.003  0.000  0.005        1
 84:     0.020  0.010  0.005  0.000  0.015  0.001  0.007  0.014  0.010  0.917        1
 85:     0.021  0.002  0.033  0.000  0.000  0.004  0.013  0.017  0.003  0.908        1
 86:     0.008  0.038  0.022  0.034  0.002  0.013  0.016  0.006  0.027  0.833        1
 87:     0.002  0.003  0.001  0.004  0.002  0.023  0.004  0.017  0.012  0.931        1
 88:     0.008  0.005  0.000  0.002  0.003  0.009  0.002  0.001  0.008  0.962        1
 89:     0.000  0.011  0.000  0.003  0.017  0.017  0.027  0.004  0.005  0.915        1
 90:     0.006  0.013  0.001  0.009  0.000  0.004  0.002  0.004  0.000  0.960        1
 91:     0.002  0.009  0.004  0.004  0.007  0.014  0.021  0.001  0.009  0.929        1
 92:     0.009  0.023  0.018  0.001  0.032  0.000  0.023  0.009  0.083  0.801        1
 93:     0.040  0.002  0.001  0.002  0.003  0.003  0.019  0.026  0.006  0.898        1
 94:     0.044  0.006  0.006  0.002  0.000  0.030  0.006  0.012  0.024  0.870        1
 95:     0.010  0.047  0.004  0.003  0.009  0.030  0.001  0.047  0.001  0.848        1
 96:     0.001  0.007  0.000  0.000  0.003  0.008  0.002  0.000  0.003  0.976        1
 97:     0.005  0.015  0.008  0.012  0.004  0.000  0.001  0.042  0.000  0.911        1
 98:     0.001  0.015  0.000  0.007  0.013  0.002  0.005  0.000  0.033  0.922        1
 99:     0.000  0.000  0.000  0.000  0.001  0.000  0.003  0.000  0.001  0.995        1
100:     0.001  0.002  0.007  0.006  0.000  0.000  0.002  0.032  0.001  0.949        1
101:     0.031  0.022  0.001  0.022  0.070  0.013  0.008  0.029  0.036  0.768        1
102:     0.002  0.019  0.026  0.015  0.119  0.013  0.021  0.000  0.000  0.785        1
103:     0.000  0.000  0.013  0.000  0.002  0.011  0.016  0.009  0.001  0.948        1
104:     0.008  0.016  0.000  0.004  0.003  0.040  0.001  0.009  0.001  0.918        1
105:     0.013  0.000  0.009  0.030  0.004  0.008  0.005  0.054  0.000  0.878        1
106:     0.004  0.156  0.004  0.007  0.004  0.002  0.002  0.000  0.054  0.768        1
107:     0.030  0.010  0.002  0.000  0.034  0.011  0.005  0.001  0.000  0.907        1
108:     0.034  0.100  0.003  0.002  0.013  0.000  0.006  0.023  0.000  0.818        1
109:     0.032  0.035  0.033  0.017  0.002  0.014  0.017  0.072  0.047  0.730        1
110:     0.006  0.066  0.002  0.035  0.006  0.076  0.029  0.002  0.000  0.778        1
111:     0.034  0.001  0.001  0.001  0.001  0.000  0.006  0.011  0.000  0.944        1
112:     0.017  0.004  0.006  0.006  0.002  0.005  0.000  0.002  0.005  0.953        1
113:     0.015  0.003  0.035  0.001  0.000  0.003  0.003  0.030  0.011  0.899        1
114:     0.001  0.006  0.010  0.011  0.015  0.005  0.005  0.002  0.001  0.945        1
115:     0.015  0.029  0.015  0.008  0.016  0.001  0.037  0.001  0.008  0.872        1
116:     0.011  0.000  0.000  0.009  0.003  0.001  0.001  0.001  0.004  0.968        1
117:     0.036  0.016  0.002  0.001  0.009  0.008  0.004  0.007  0.017  0.900        1
118:     0.029  0.000  0.001  0.031  0.000  0.014  0.005  0.000  0.000  0.918        1
119:     0.009  0.034  0.018  0.023  0.000  0.028  0.012  0.003  0.042  0.832        1
120:     0.003  0.007  0.005  0.006  0.044  0.010  0.003  0.013  0.005  0.904        1
121:     0.032  0.025  0.006  0.001  0.001  0.001  0.002  0.007  0.001  0.925        1
122:     0.002  0.000  0.006  0.008  0.008  0.006  0.083  0.001  0.001  0.884        1
123:     0.000  0.001  0.012  0.000  0.001  0.004  0.000  0.000  0.006  0.976        1
124:     0.014  0.020  0.027  0.007  0.001  0.046  0.008  0.081  0.001  0.795        1
125:     0.001  0.000  0.002  0.000  0.003  0.000  0.001  0.000  0.013  0.978        1
126:     0.002  0.021  0.011  0.040  0.003  0.017  0.042  0.011  0.006  0.847        1
127:     0.016  0.018  0.021  0.015  0.000  0.004  0.001  0.017  0.036  0.871        1
128:     0.004  0.006  0.001  0.028  0.004  0.002  0.000  0.025  0.019  0.910        1
129:     0.001  0.000  0.000  0.000  0.002  0.000  0.002  0.003  0.000  0.992        1
130:     0.068  0.001  0.011  0.001  0.008  0.000  0.004  0.037  0.018  0.852        1
131:     0.005  0.008  0.000  0.009  0.001  0.003  0.000  0.004  0.005  0.965        1
132:     0.013  0.038  0.000  0.000  0.003  0.022  0.000  0.083  0.019  0.823        1
133:     0.020  0.031  0.010  0.008  0.002  0.000  0.002  0.059  0.003  0.864        1
134:     0.019  0.011  0.034  0.028  0.012  0.024  0.001  0.006  0.062  0.802        1
135:     0.026  0.031  0.000  0.009  0.002  0.012  0.023  0.024  0.078  0.795        1
136:     0.004  0.001  0.001  0.002  0.000  0.000  0.000  0.000  0.001  0.990        1
137:     0.021  0.001  0.003  0.011  0.002  0.000  0.002  0.001  0.023  0.934        1
138:     0.001  0.001  0.009  0.028  0.002  0.001  0.009  0.002  0.003  0.945        1
139:     0.059  0.022  0.007  0.022  0.001  0.000  0.011  0.008  0.000  0.869        1
140:     0.003  0.010  0.010  0.019  0.016  0.009  0.011  0.044  0.000  0.879        1
141:     0.019  0.002  0.001  0.001  0.007  0.002  0.009  0.006  0.001  0.953        1
142:     0.038  0.029  0.012  0.012  0.028  0.003  0.012  0.009  0.032  0.825        1
143:     0.024  0.006  0.001  0.002  0.004  0.001  0.001  0.048  0.000  0.914        1
144:     0.013  0.023  0.010  0.019  0.000  0.009  0.003  0.011  0.003  0.909        1
145:     0.001  0.004  0.001  0.016  0.003  0.001  0.000  0.004  0.000  0.970        1
146:     0.069  0.002  0.000  0.002  0.013  0.016  0.008  0.010  0.005  0.875        1
147:     0.003  0.000  0.010  0.002  0.005  0.007  0.000  0.040  0.008  0.925        1
148:     0.064  0.160  0.078  0.073  0.109  0.055  0.096  0.092  0.167  0.107        1
149:     0.079  0.233  0.085  0.029  0.001  0.209  0.054  0.132  0.127  0.050        1
150:     0.002  0.286  0.003  0.067  0.067  0.213  0.054  0.048  0.192  0.069        1
151:     0.028  0.008  0.058  0.043  0.516  0.099  0.201  0.008  0.013  0.027        1
152:     0.061  0.060  0.026  0.054  0.465  0.167  0.060  0.059  0.015  0.033        1
153:     0.047  0.026  0.028  0.069  0.165  0.084  0.408  0.019  0.082  0.071        1
154:     0.004  0.232  0.057  0.052  0.080  0.117  0.171  0.024  0.198  0.065        1
155:     0.017  0.277  0.085  0.048  0.217  0.060  0.195  0.044  0.014  0.043        1
156:     0.040  0.160  0.136  0.068  0.122  0.182  0.091  0.049  0.095  0.056        1
157:     0.040  0.247  0.123  0.037  0.139  0.170  0.040  0.061  0.098  0.045        1
158:     0.012  0.380  0.038  0.039  0.028  0.083  0.139  0.032  0.173  0.076        1
159:     0.033  0.015  0.027  0.081  0.158  0.246  0.284  0.001  0.084  0.070        1
160:     0.010  0.135  0.037  0.075  0.181  0.107  0.316  0.065  0.045  0.029        1
161:     0.019  0.041  0.028  0.072  0.122  0.215  0.328  0.076  0.016  0.082        1
162:     0.026  0.024  0.331  0.097  0.034  0.243  0.164  0.030  0.012  0.039        1
163:     0.012  0.066  0.121  0.081  0.244  0.022  0.278  0.039  0.061  0.078        1
164:     0.020  0.036  0.190  0.077  0.012  0.425  0.085  0.032  0.093  0.031        1
165:     0.032  0.161  0.224  0.077  0.009  0.036  0.157  0.078  0.121  0.105        1
166:     0.027  0.080  0.195  0.026  0.237  0.001  0.147  0.096  0.161  0.030        1
167:     0.042  0.106  0.162  0.055  0.063  0.148  0.237  0.023  0.084  0.080        1
168:     0.014  0.030  0.296  0.061  0.095  0.052  0.267  0.024  0.148  0.012        1
169:     0.055  0.067  0.247  0.056  0.003  0.091  0.099  0.006  0.286  0.090        1
170:     0.015  0.016  0.040  0.072  0.242  0.209  0.262  0.026  0.049  0.068        1
171:     0.036  0.000  0.024  0.055  0.224  0.044  0.373  0.027  0.136  0.082        1
172:     0.038  0.222  0.039  0.100  0.362  0.084  0.094  0.021  0.005  0.035        1
173:     0.045  0.045  0.066  0.025  0.336  0.045  0.268  0.033  0.103  0.033        1
174:     0.005  0.148  0.096  0.034  0.065  0.061  0.325  0.088  0.117  0.061        1
175:     0.034  0.130  0.143  0.054  0.140  0.124  0.147  0.048  0.142  0.038       50
176:     0.034  0.124  0.113  0.053  0.150  0.124  0.199  0.044  0.125  0.035       49
177:     0.036  0.139  0.135  0.050  0.151  0.124  0.151  0.042  0.135  0.038       50
178:     0.034  0.129  0.117  0.053  0.154  0.133  0.173  0.046  0.120  0.041       49
179:     0.032  0.087  0.135  0.049  0.150  0.173  0.161  0.048  0.125  0.041       23
180:     0.029  0.170  0.133  0.052  0.124  0.122  0.147  0.042  0.143  0.039       49
181:     0.919  0.002  0.001  0.005  0.003  0.003  0.003  0.059  0.002  0.003       30
182:     0.242  0.004  0.004  0.007  0.006  0.006  0.004  0.719  0.005  0.003       30
183:     0.046  0.178  0.091  0.044  0.095  0.095  0.216  0.083  0.098  0.055       34
184:     0.032  0.146  0.128  0.043  0.166  0.099  0.175  0.049  0.130  0.033       36
185:     0.035  0.157  0.135  0.046  0.153  0.100  0.130  0.054  0.146  0.046       40
186:     0.026  0.172  0.119  0.056  0.144  0.121  0.150  0.043  0.128  0.042       39
187:     0.033  0.220  0.123  0.050  0.132  0.113  0.122  0.048  0.116  0.043       37
188:     0.031  0.168  0.136  0.048  0.117  0.137  0.110  0.054  0.153  0.046       40
189:     0.035  0.190  0.150  0.052  0.130  0.114  0.122  0.051  0.117  0.039       35
190:     0.036  0.163  0.159  0.052  0.154  0.107  0.109  0.059  0.122  0.039       28
191:     0.033  0.138  0.156  0.043  0.115  0.153  0.135  0.047  0.142  0.038       36
192:     0.035  0.156  0.134  0.057  0.156  0.124  0.113  0.042  0.148  0.034       32
--------------------------------------------

 Rep#:   Lambda   Alpha      F1    F2    F3    F4    F5    F6    F7    F8    F9    F10     D1,2  D1,3  D1,4  D1,5  D1,6  D1,7  D1,8  D1,9  D1,10  D2,3  D2,4  D2,5  D2,6  D2,7  D2,8  D2,9  D2,10  D3,4  D3,5  D3,6  D3,7  D3,8  D3,9  D3,10  D4,5  D4,6  D4,7  D4,8  D4,9  D4,10  D5,6  D5,7  D5,8  D5,9  D5,10  D6,7  D6,8  D6,9  D6,10  D7,8  D7,9  D7,10  D8,9  D8,10  D9,10    Ln Like 
