

----------------------------------------------------
STRUCTURE by Pritchard, Stephens and Donnelly (2000)
     and Falush, Stephens and Pritchard (2003)
       Code by Pritchard, Falush and Hubisz
             Version 2.3.4 (Jul 2012)
----------------------------------------------------


Reading file "/workdir/yc2644/CV_CT_array/structure/threader_input/mainparams".
Reading file "/workdir/yc2644/CV_CT_array/structure/threader_input/extraparams".
Reading file "/workdir/yc2644/CV_CT_array/structure/threader_input/n1601.recode.strct_in".


Data file "/workdir/yc2644/CV_CT_array/structure/threader_input/n1601.recode.strct_in" (truncated) --

Ind:   Label Pop : Genotype_data . . . .
  1:  001s    1  :  2   1   2   2   2   1   2  . . . .   2
  1:  001s    1  :  2   2   2   2   2   2   2  . . . .   2
  2:  002s    1  :  2   2   2   2   1   1   2  . . . .   2
  2:  002s    1  :  2   2   2   2   2   2   2  . . . .   2
  3:  003s    1  :  1   2   1   2   2   2   2  . . . .   1
  3:  003s    1  :  2   2   1   2   2   2   2  . . . .   2
  4:  004s    1  :  1   1   2   2   1   2   2  . . . .   1
  4:  004s    1  :  2   1   2   2   2   2   2  . . . .   2

      *******   

1600:    49  192  :  2   2   2   2   2   1   2  . . . .   1
1600:    49  192  :  2   2   2   2   2   2   2  . . . .   2
1601:    50  192  :  2   1   2   2   1   2   2  . . . .   1
1601:    50  192  :  2   2   2   2   2   2   2  . . . .   2

Number of alleles per locus: min= 2; ave=2.0; max= 2


--------------------------------------

Finished initialization; starting MCMC 
100000 iterations + 10000 burnin


--------------------------------------------
Proportion of membership of each pre-defined
 population in each of the 10 clusters

Given    Inferred Clusters                                                        Number of
 Pop       1      2      3      4      5      6      7      8      9     10      Individuals

  1:     0.120  0.055  0.115  0.104  0.115  0.111  0.115  0.094  0.102  0.069       54
  2:     0.127  0.054  0.146  0.107  0.099  0.108  0.093  0.104  0.106  0.056       30
  3:     0.046  0.434  0.036  0.045  0.089  0.070  0.077  0.084  0.058  0.061       30
  4:     0.026  0.572  0.027  0.035  0.050  0.054  0.064  0.064  0.051  0.057       20
  5:     0.032  0.537  0.046  0.036  0.068  0.051  0.049  0.049  0.060  0.071       30
  6:     0.123  0.055  0.129  0.118  0.107  0.111  0.107  0.073  0.109  0.068       43
  7:     0.138  0.048  0.110  0.101  0.123  0.128  0.111  0.087  0.098  0.057       44
  8:     0.164  0.025  0.056  0.151  0.177  0.064  0.061  0.128  0.116  0.059        4
  9:     0.111  0.035  0.149  0.125  0.110  0.085  0.115  0.097  0.108  0.063       22
 10:     0.137  0.038  0.129  0.131  0.112  0.090  0.077  0.106  0.113  0.068       24
 11:     0.107  0.052  0.119  0.121  0.097  0.106  0.110  0.097  0.119  0.071       54
 12:     0.145  0.048  0.129  0.096  0.108  0.105  0.089  0.108  0.105  0.067       37
 13:     0.124  0.053  0.120  0.100  0.122  0.114  0.099  0.093  0.109  0.066       42
 14:     0.120  0.052  0.142  0.097  0.110  0.092  0.121  0.096  0.107  0.063       42
 15:     0.118  0.056  0.122  0.121  0.103  0.118  0.101  0.089  0.101  0.069       49
 16:     0.113  0.056  0.130  0.112  0.101  0.112  0.100  0.093  0.113  0.070      124
 17:     0.123  0.054  0.107  0.114  0.127  0.109  0.113  0.080  0.103  0.071       24
 18:     0.113  0.043  0.146  0.108  0.122  0.105  0.128  0.083  0.087  0.065       34
 19:     0.122  0.051  0.133  0.113  0.106  0.104  0.113  0.092  0.105  0.061       52
 20:     0.028  0.024  0.124  0.298  0.085  0.087  0.101  0.030  0.110  0.113        1
 21:     0.146  0.014  0.052  0.176  0.163  0.038  0.049  0.040  0.165  0.158        1
 22:     0.184  0.028  0.031  0.019  0.095  0.269  0.071  0.092  0.155  0.056        1
 23:     0.125  0.040  0.046  0.029  0.028  0.034  0.238  0.138  0.178  0.145        1
 24:     0.098  0.046  0.070  0.112  0.120  0.092  0.083  0.167  0.119  0.094        1
 25:     0.104  0.038  0.112  0.022  0.160  0.234  0.060  0.147  0.030  0.092        1
 26:     0.046  0.076  0.175  0.074  0.169  0.089  0.269  0.059  0.008  0.034        1
 27:     0.140  0.073  0.117  0.113  0.057  0.120  0.088  0.093  0.093  0.105        1
 28:     0.125  0.077  0.098  0.103  0.190  0.081  0.079  0.057  0.122  0.068        1
 29:     0.210  0.022  0.058  0.095  0.021  0.101  0.232  0.084  0.145  0.033        1
 30:     0.093  0.105  0.124  0.099  0.101  0.074  0.146  0.101  0.083  0.075        1
 31:     0.065  0.148  0.080  0.118  0.145  0.155  0.058  0.056  0.105  0.071        1
 32:     0.061  0.049  0.054  0.164  0.074  0.085  0.021  0.125  0.343  0.024        1
 33:     0.086  0.074  0.091  0.152  0.199  0.110  0.119  0.064  0.073  0.032        1
 34:     0.116  0.047  0.067  0.070  0.064  0.513  0.045  0.011  0.034  0.033        1
 35:     0.098  0.031  0.162  0.023  0.053  0.326  0.096  0.056  0.043  0.113        1
 36:     0.063  0.045  0.050  0.154  0.008  0.053  0.283  0.079  0.175  0.090        1
 37:     0.107  0.003  0.130  0.150  0.060  0.132  0.126  0.123  0.079  0.090        1
 38:     0.068  0.067  0.108  0.077  0.118  0.123  0.103  0.097  0.123  0.115        1
 39:     0.235  0.048  0.212  0.038  0.210  0.017  0.074  0.074  0.076  0.017        1
 40:     0.074  0.086  0.179  0.105  0.160  0.126  0.057  0.085  0.088  0.042        1
 41:     0.163  0.001  0.030  0.163  0.064  0.023  0.127  0.272  0.030  0.127        1
 42:     0.141  0.078  0.104  0.147  0.053  0.107  0.069  0.112  0.089  0.101        1
 43:     0.219  0.038  0.094  0.130  0.093  0.037  0.075  0.199  0.060  0.054        1
 44:     0.109  0.098  0.084  0.092  0.074  0.110  0.127  0.134  0.073  0.098        1
 45:     0.082  0.025  0.420  0.054  0.035  0.108  0.043  0.068  0.052  0.113        1
 46:     0.072  0.053  0.095  0.069  0.132  0.264  0.042  0.085  0.046  0.142        1
 47:     0.165  0.046  0.317  0.070  0.033  0.019  0.110  0.068  0.089  0.085        1
 48:     0.127  0.033  0.143  0.180  0.167  0.152  0.015  0.146  0.010  0.026        1
 49:     0.120  0.042  0.064  0.146  0.063  0.036  0.030  0.356  0.065  0.078        1
 50:     0.095  0.241  0.078  0.262  0.023  0.078  0.095  0.072  0.042  0.013        1
 51:     0.100  0.131  0.052  0.132  0.082  0.082  0.071  0.144  0.113  0.092        1
 52:     0.118  0.052  0.129  0.069  0.115  0.071  0.080  0.150  0.134  0.084        1
 53:     0.167  0.084  0.137  0.162  0.106  0.009  0.138  0.089  0.037  0.070        1
 54:     0.251  0.023  0.014  0.019  0.076  0.361  0.202  0.022  0.011  0.020        1
 55:     0.291  0.031  0.029  0.033  0.055  0.199  0.064  0.107  0.056  0.136        1
 56:     0.301  0.025  0.116  0.163  0.067  0.111  0.066  0.072  0.058  0.020        1
 57:     0.250  0.017  0.024  0.059  0.046  0.178  0.279  0.047  0.037  0.063        1
 58:     0.124  0.073  0.065  0.169  0.096  0.091  0.165  0.060  0.080  0.077        1
 59:     0.108  0.089  0.102  0.125  0.183  0.193  0.061  0.001  0.120  0.018        1
 60:     0.077  0.108  0.042  0.198  0.072  0.149  0.195  0.054  0.073  0.032        1
 61:     0.329  0.098  0.038  0.088  0.017  0.111  0.201  0.040  0.035  0.045        1
 62:     0.199  0.243  0.044  0.026  0.007  0.121  0.019  0.110  0.171  0.060        1
 63:     0.131  0.093  0.041  0.117  0.230  0.122  0.021  0.022  0.148  0.074        1
 64:     0.203  0.088  0.086  0.153  0.076  0.088  0.101  0.041  0.085  0.078        1
 65:     0.230  0.061  0.058  0.149  0.088  0.122  0.086  0.036  0.086  0.084        1
 66:     0.416  0.060  0.094  0.123  0.028  0.065  0.045  0.008  0.114  0.048        1
 67:     0.073  0.093  0.018  0.133  0.136  0.250  0.069  0.099  0.051  0.079        1
 68:     0.264  0.048  0.059  0.280  0.030  0.089  0.070  0.087  0.044  0.029        1
 69:     0.176  0.114  0.031  0.214  0.122  0.150  0.095  0.011  0.076  0.011        1
 70:     0.262  0.019  0.042  0.077  0.249  0.138  0.054  0.093  0.009  0.058        1
 71:     0.450  0.092  0.044  0.080  0.018  0.079  0.067  0.019  0.134  0.017        1
 72:     0.238  0.063  0.051  0.121  0.011  0.149  0.225  0.025  0.076  0.041        1
 73:     0.288  0.050  0.072  0.015  0.087  0.102  0.189  0.054  0.071  0.072        1
 74:     0.027  0.090  0.010  0.152  0.278  0.141  0.172  0.042  0.049  0.039        1
 75:     0.351  0.058  0.039  0.133  0.119  0.194  0.040  0.005  0.007  0.054        1
 76:     0.046  0.396  0.076  0.110  0.061  0.014  0.016  0.110  0.102  0.069        1
 77:     0.296  0.059  0.048  0.089  0.147  0.080  0.043  0.129  0.053  0.056        1
 78:     0.411  0.069  0.034  0.167  0.061  0.011  0.082  0.079  0.049  0.037        1
 79:     0.234  0.098  0.042  0.249  0.093  0.009  0.098  0.060  0.116  0.002        1
 80:     0.075  0.019  0.043  0.351  0.054  0.208  0.020  0.054  0.063  0.113        1
 81:     0.196  0.045  0.016  0.161  0.169  0.232  0.115  0.028  0.005  0.031        1
 82:     0.121  0.089  0.103  0.345  0.021  0.053  0.098  0.014  0.014  0.142        1
 83:     0.239  0.082  0.145  0.189  0.124  0.088  0.022  0.001  0.068  0.042        1
 84:     0.011  0.090  0.019  0.027  0.062  0.030  0.014  0.046  0.013  0.688        1
 85:     0.036  0.036  0.042  0.035  0.006  0.049  0.075  0.003  0.011  0.706        1
 86:     0.030  0.029  0.033  0.104  0.057  0.011  0.034  0.033  0.015  0.654        1
 87:     0.060  0.013  0.049  0.179  0.012  0.013  0.005  0.035  0.003  0.630        1
 88:     0.119  0.060  0.048  0.012  0.003  0.052  0.031  0.026  0.025  0.625        1
 89:     0.031  0.029  0.100  0.156  0.030  0.001  0.047  0.014  0.004  0.589        1
 90:     0.002  0.070  0.019  0.016  0.021  0.064  0.021  0.029  0.029  0.729        1
 91:     0.061  0.046  0.071  0.057  0.020  0.049  0.058  0.049  0.042  0.548        1
 92:     0.006  0.042  0.151  0.071  0.007  0.017  0.003  0.068  0.060  0.574        1
 93:     0.044  0.030  0.008  0.081  0.012  0.023  0.027  0.049  0.056  0.671        1
 94:     0.056  0.055  0.048  0.075  0.055  0.067  0.040  0.034  0.061  0.509        1
 95:     0.024  0.053  0.036  0.072  0.034  0.112  0.069  0.064  0.056  0.481        1
 96:     0.016  0.019  0.006  0.280  0.012  0.001  0.060  0.008  0.006  0.592        1
 97:     0.052  0.062  0.014  0.019  0.006  0.015  0.076  0.066  0.072  0.618        1
 98:     0.065  0.123  0.050  0.047  0.030  0.095  0.003  0.045  0.016  0.525        1
 99:     0.038  0.022  0.013  0.074  0.021  0.013  0.010  0.010  0.010  0.789        1
100:     0.004  0.075  0.021  0.026  0.005  0.026  0.085  0.011  0.083  0.663        1
101:     0.054  0.032  0.013  0.032  0.006  0.029  0.070  0.032  0.050  0.683        1
102:     0.012  0.030  0.019  0.071  0.009  0.089  0.007  0.072  0.202  0.488        1
103:     0.034  0.069  0.056  0.027  0.007  0.039  0.076  0.001  0.075  0.615        1
104:     0.005  0.027  0.123  0.028  0.063  0.024  0.033  0.098  0.086  0.511        1
105:     0.091  0.039  0.025  0.057  0.002  0.009  0.034  0.015  0.046  0.681        1
106:     0.045  0.045  0.153  0.003  0.028  0.017  0.104  0.027  0.031  0.548        1
107:     0.036  0.003  0.026  0.046  0.009  0.064  0.042  0.006  0.021  0.748        1
108:     0.005  0.051  0.034  0.051  0.048  0.148  0.052  0.076  0.065  0.469        1
109:     0.011  0.047  0.009  0.041  0.056  0.043  0.056  0.063  0.102  0.572        1
110:     0.020  0.038  0.080  0.061  0.027  0.059  0.051  0.088  0.050  0.525        1
111:     0.027  0.064  0.029  0.071  0.043  0.064  0.036  0.030  0.033  0.601        1
112:     0.011  0.013  0.017  0.001  0.004  0.063  0.143  0.046  0.022  0.678        1
113:     0.024  0.109  0.013  0.155  0.038  0.035  0.023  0.009  0.127  0.466        1
114:     0.035  0.059  0.028  0.048  0.023  0.061  0.085  0.029  0.037  0.595        1
115:     0.003  0.065  0.031  0.153  0.022  0.114  0.027  0.053  0.011  0.520        1
116:     0.024  0.010  0.004  0.076  0.014  0.020  0.112  0.006  0.039  0.695        1
117:     0.011  0.047  0.004  0.037  0.026  0.057  0.091  0.066  0.044  0.617        1
118:     0.008  0.046  0.026  0.034  0.023  0.023  0.046  0.051  0.027  0.717        1
119:     0.002  0.023  0.047  0.086  0.022  0.142  0.004  0.010  0.031  0.634        1
120:     0.034  0.042  0.055  0.054  0.029  0.012  0.023  0.025  0.100  0.628        1
121:     0.023  0.047  0.040  0.102  0.018  0.068  0.020  0.029  0.030  0.624        1
122:     0.095  0.021  0.016  0.046  0.013  0.084  0.029  0.058  0.031  0.605        1
123:     0.016  0.067  0.008  0.080  0.035  0.025  0.034  0.006  0.004  0.726        1
124:     0.047  0.075  0.033  0.079  0.023  0.060  0.019  0.012  0.019  0.633        1
125:     0.009  0.069  0.024  0.178  0.002  0.059  0.021  0.030  0.077  0.531        1
126:     0.044  0.040  0.029  0.089  0.031  0.105  0.014  0.023  0.045  0.580        1
127:     0.053  0.057  0.042  0.083  0.010  0.011  0.033  0.040  0.045  0.626        1
128:     0.024  0.028  0.051  0.000  0.013  0.048  0.139  0.021  0.094  0.582        1
129:     0.005  0.030  0.024  0.024  0.014  0.043  0.003  0.116  0.042  0.697        1
130:     0.040  0.082  0.005  0.123  0.026  0.019  0.025  0.019  0.019  0.642        1
131:     0.014  0.040  0.009  0.033  0.032  0.108  0.069  0.038  0.029  0.628        1
132:     0.045  0.011  0.023  0.159  0.009  0.010  0.070  0.106  0.035  0.533        1
133:     0.018  0.125  0.031  0.016  0.026  0.031  0.187  0.032  0.033  0.502        1
134:     0.067  0.017  0.035  0.042  0.120  0.003  0.131  0.016  0.015  0.555        1
135:     0.157  0.021  0.010  0.009  0.013  0.099  0.167  0.022  0.019  0.484        1
136:     0.034  0.017  0.071  0.056  0.004  0.017  0.018  0.050  0.047  0.685        1
137:     0.003  0.083  0.009  0.070  0.001  0.039  0.064  0.045  0.029  0.658        1
138:     0.008  0.028  0.074  0.007  0.018  0.010  0.117  0.065  0.024  0.649        1
139:     0.054  0.098  0.014  0.051  0.010  0.049  0.034  0.023  0.027  0.640        1
140:     0.014  0.117  0.031  0.089  0.057  0.000  0.029  0.005  0.101  0.556        1
141:     0.002  0.018  0.043  0.091  0.039  0.006  0.259  0.010  0.085  0.448        1
142:     0.037  0.039  0.073  0.104  0.041  0.072  0.113  0.016  0.038  0.467        1
143:     0.060  0.041  0.033  0.031  0.010  0.028  0.006  0.029  0.062  0.700        1
144:     0.026  0.067  0.039  0.059  0.050  0.022  0.070  0.071  0.043  0.553        1
145:     0.023  0.010  0.026  0.116  0.047  0.006  0.132  0.002  0.006  0.630        1
146:     0.046  0.066  0.040  0.068  0.046  0.050  0.039  0.046  0.061  0.538        1
147:     0.010  0.104  0.043  0.148  0.004  0.042  0.045  0.007  0.024  0.574        1
148:     0.154  0.091  0.109  0.110  0.104  0.054  0.118  0.077  0.097  0.086        1
149:     0.115  0.134  0.014  0.084  0.088  0.014  0.084  0.147  0.136  0.184        1
150:     0.028  0.056  0.141  0.412  0.018  0.088  0.043  0.022  0.076  0.116        1
151:     0.167  0.021  0.098  0.017  0.157  0.068  0.066  0.107  0.231  0.068        1
152:     0.056  0.042  0.280  0.128  0.062  0.114  0.015  0.126  0.092  0.086        1
153:     0.222  0.059  0.278  0.035  0.078  0.054  0.024  0.016  0.135  0.098        1
154:     0.026  0.075  0.060  0.236  0.305  0.121  0.036  0.036  0.087  0.020        1
155:     0.083  0.050  0.060  0.221  0.138  0.056  0.249  0.033  0.025  0.086        1
156:     0.138  0.059  0.023  0.005  0.233  0.094  0.144  0.113  0.176  0.016        1
157:     0.219  0.043  0.024  0.060  0.096  0.311  0.018  0.135  0.073  0.021        1
158:     0.146  0.061  0.054  0.216  0.091  0.005  0.137  0.056  0.083  0.152        1
159:     0.208  0.063  0.092  0.162  0.059  0.132  0.064  0.070  0.069  0.081        1
160:     0.348  0.046  0.063  0.040  0.116  0.112  0.131  0.014  0.107  0.024        1
161:     0.200  0.041  0.028  0.145  0.141  0.052  0.113  0.067  0.084  0.129        1
162:     0.119  0.010  0.086  0.192  0.198  0.074  0.045  0.177  0.024  0.074        1
163:     0.104  0.063  0.021  0.057  0.158  0.158  0.054  0.056  0.212  0.117        1
164:     0.402  0.048  0.054  0.056  0.080  0.145  0.044  0.071  0.044  0.056        1
165:     0.075  0.065  0.102  0.240  0.141  0.007  0.049  0.030  0.163  0.128        1
166:     0.159  0.067  0.249  0.091  0.082  0.010  0.137  0.130  0.043  0.034        1
167:     0.206  0.015  0.057  0.034  0.095  0.132  0.209  0.063  0.110  0.081        1
168:     0.078  0.049  0.208  0.112  0.066  0.183  0.041  0.118  0.132  0.014        1
169:     0.073  0.048  0.070  0.149  0.223  0.128  0.050  0.055  0.116  0.088        1
170:     0.079  0.025  0.014  0.155  0.167  0.125  0.081  0.166  0.070  0.119        1
171:     0.156  0.034  0.116  0.186  0.095  0.097  0.089  0.060  0.128  0.040        1
172:     0.104  0.030  0.174  0.142  0.075  0.012  0.282  0.066  0.058  0.057        1
173:     0.058  0.074  0.126  0.127  0.095  0.072  0.128  0.112  0.121  0.087        1
174:     0.071  0.034  0.134  0.176  0.081  0.094  0.092  0.159  0.071  0.090        1
175:     0.126  0.050  0.124  0.099  0.112  0.117  0.097  0.106  0.106  0.064       50
176:     0.118  0.048  0.126  0.109  0.111  0.111  0.099  0.100  0.119  0.059       49
177:     0.119  0.050  0.131  0.113  0.109  0.118  0.089  0.094  0.113  0.065       50
178:     0.114  0.050  0.113  0.107  0.105  0.118  0.102  0.109  0.116  0.066       49
179:     0.121  0.062  0.160  0.086  0.085  0.121  0.075  0.095  0.121  0.072       23
180:     0.130  0.045  0.127  0.110  0.100  0.122  0.104  0.094  0.109  0.060       49
181:     0.037  0.595  0.026  0.025  0.049  0.033  0.044  0.132  0.030  0.029       30
182:     0.028  0.603  0.018  0.029  0.047  0.038  0.047  0.121  0.027  0.042       30
183:     0.094  0.087  0.115  0.102  0.103  0.098  0.109  0.094  0.120  0.078       34
184:     0.129  0.050  0.141  0.100  0.106  0.102  0.112  0.096  0.099  0.064       36
185:     0.111  0.063  0.122  0.114  0.107  0.120  0.099  0.092  0.106  0.068       40
186:     0.115  0.049  0.138  0.100  0.110  0.119  0.101  0.103  0.101  0.064       39
187:     0.107  0.058  0.134  0.114  0.114  0.105  0.094  0.078  0.132  0.065       37
188:     0.133  0.060  0.118  0.105  0.113  0.106  0.092  0.095  0.114  0.064       40
189:     0.119  0.058  0.123  0.120  0.111  0.109  0.090  0.089  0.115  0.066       35
190:     0.147  0.063  0.111  0.115  0.120  0.080  0.113  0.097  0.096  0.059       28
191:     0.128  0.049  0.126  0.124  0.112  0.101  0.099  0.090  0.105  0.065       36
192:     0.095  0.050  0.127  0.120  0.098  0.131  0.083  0.093  0.142  0.060       32
--------------------------------------------

 Rep#:   Lambda   Alpha      F1    F2    F3    F4    F5    F6    F7    F8    F9    F10     D1,2  D1,3  D1,4  D1,5  D1,6  D1,7  D1,8  D1,9  D1,10  D2,3  D2,4  D2,5  D2,6  D2,7  D2,8  D2,9  D2,10  D3,4  D3,5  D3,6  D3,7  D3,8  D3,9  D3,10  D4,5  D4,6  D4,7  D4,8  D4,9  D4,10  D5,6  D5,7  D5,8  D5,9  D5,10  D6,7  D6,8  D6,9  D6,10  D7,8  D7,9  D7,10  D8,9  D8,10  D9,10    Ln Like 
  100:    1.00    1.442    0.010 0.332 0.010 0.011 0.010 0.003 0.010 0.021 0.011 0.174    0.053 0.003 0.003 0.003 0.002 0.003 0.005 0.003 0.043 0.054 0.053 0.052 0.052 0.052 0.051 0.053 0.082 0.003 0.003 0.002 0.003 0.005 0.003 0.043 0.003 0.002 0.003 0.006 0.003 0.042 0.002 0.003 0.005 0.003 0.043 0.002 0.004 0.002 0.041 0.005 0.003 0.042 0.005 0.046 0.043   --  
  200:    1.00    1.103    0.025 0.243 0.010 0.011 0.010 0.004 0.010 0.027 0.011 0.212    0.039 0.009 0.008 0.009 0.008 0.009 0.013 0.009 0.042 0.036 0.035 0.035 0.034 0.035 0.037 0.036 0.059 0.003 0.003 0.002 0.003 0.006 0.003 0.038 0.003 0.002 0.003 0.006 0.003 0.037 0.002 0.003 0.006 0.003 0.037 0.002 0.005 0.002 0.036 0.006 0.003 0.037 0.006 0.040 0.037   --  
  300:    1.00    0.932    0.258 0.206 0.011 0.011 0.010 0.004 0.010 0.029 0.010 0.197    0.057 0.041 0.041 0.041 0.040 0.041 0.045 0.041 0.061 0.031 0.031 0.031 0.030 0.031 0.033 0.031 0.052 0.003 0.003 0.002 0.003 0.006 0.003 0.034 0.003 0.002 0.003 0.006 0.003 0.034 0.002 0.003 0.006 0.003 0.034 0.002 0.005 0.002 0.033 0.006 0.003 0.034 0.006 0.037 0.034   --  
  400:    1.00    0.841    0.253 0.198 0.011 0.011 0.010 0.004 0.010 0.029 0.010 0.176    0.057 0.042 0.043 0.043 0.041 0.043 0.046 0.042 0.061 0.029 0.029 0.029 0.028 0.029 0.031 0.029 0.049 0.003 0.003 0.002 0.003 0.006 0.003 0.032 0.003 0.002 0.003 0.006 0.003 0.032 0.002 0.003 0.006 0.003 0.032 0.002 0.005 0.002 0.031 0.006 0.003 0.032 0.006 0.034 0.032   --  
  500:    1.00    0.798    0.263 0.186 0.011 0.011 0.010 0.004 0.010 0.029 0.010 0.173    0.058 0.043 0.043 0.043 0.041 0.043 0.046 0.043 0.061 0.028 0.028 0.028 0.027 0.028 0.031 0.028 0.048 0.003 0.003 0.002 0.003 0.007 0.003 0.031 0.003 0.002 0.003 0.007 0.003 0.031 0.002 0.003 0.006 0.003 0.031 0.002 0.005 0.002 0.029 0.006 0.003 0.031 0.006 0.034 0.031   --  
  600:    1.00    0.746    0.266 0.182 0.011 0.010 0.010 0.004 0.010 0.029 0.010 0.165    0.057 0.042 0.042 0.042 0.041 0.042 0.046 0.042 0.060 0.027 0.027 0.027 0.026 0.027 0.030 0.027 0.046 0.003 0.003 0.002 0.003 0.006 0.003 0.030 0.003 0.002 0.003 0.006 0.003 0.030 0.002 0.003 0.006 0.003 0.030 0.002 0.005 0.002 0.029 0.006 0.003 0.030 0.006 0.033 0.030   --  
  700:    1.00    0.707    0.266 0.177 0.011 0.010 0.011 0.004 0.010 0.034 0.010 0.163    0.058 0.042 0.043 0.043 0.041 0.042 0.047 0.043 0.061 0.027 0.027 0.027 0.026 0.027 0.030 0.027 0.046 0.003 0.003 0.002 0.003 0.007 0.003 0.029 0.003 0.002 0.003 0.007 0.003 0.030 0.002 0.003 0.007 0.003 0.029 0.002 0.006 0.002 0.028 0.007 0.003 0.029 0.007 0.033 0.029   --  
  800:    1.00    0.671    0.257 0.179 0.011 0.010 0.011 0.004 0.010 0.033 0.010 0.166    0.057 0.042 0.041 0.042 0.040 0.041 0.045 0.041 0.060 0.027 0.027 0.027 0.026 0.027 0.030 0.027 0.046 0.003 0.004 0.002 0.003 0.007 0.003 0.029 0.003 0.002 0.003 0.007 0.003 0.030 0.002 0.003 0.007 0.003 0.029 0.002 0.006 0.002 0.028 0.007 0.003 0.029 0.007 0.033 0.029   --  
  900:    1.00    0.647    0.257 0.180 0.011 0.010 0.011 0.004 0.010 0.037 0.010 0.165    0.056 0.041 0.041 0.041 0.039 0.041 0.045 0.040 0.060 0.027 0.027 0.027 0.026 0.027 0.031 0.027 0.046 0.003 0.004 0.002 0.003 0.008 0.003 0.029 0.003 0.002 0.003 0.008 0.003 0.029 0.002 0.003 0.008 0.003 0.030 0.002 0.007 0.002 0.028 0.008 0.003 0.029 0.008 0.034 0.029   --  

--------------------------------------------
Proportion of membership of each pre-defined
 population in each of the 10 clusters

Given    Inferred Clusters                                                        Number of
 Pop       1      2      3      4      5      6      7      8      9     10      Individuals

  1:     0.049  0.055  0.137  0.120  0.120  0.130  0.123  0.109  0.118  0.039       54
  2:     0.058  0.050  0.157  0.136  0.125  0.108  0.136  0.093  0.101  0.036       30
  3:     0.047  0.649  0.014  0.019  0.039  0.017  0.021  0.123  0.018  0.053       30
  4:     0.020  0.762  0.018  0.010  0.025  0.023  0.069  0.003  0.014  0.055       20
  5:     0.015  0.691  0.012  0.016  0.143  0.024  0.029  0.003  0.018  0.048       30
  6:     0.045  0.047  0.132  0.123  0.127  0.129  0.141  0.096  0.121  0.039       43
  7:     0.047  0.042  0.108  0.115  0.145  0.152  0.168  0.089  0.100  0.035       44
  8:     0.051  0.022  0.072  0.185  0.113  0.036  0.169  0.149  0.152  0.051        4
  9:     0.051  0.016  0.186  0.097  0.129  0.102  0.165  0.108  0.113  0.033       22
 10:     0.047  0.016  0.150  0.142  0.134  0.085  0.085  0.159  0.141  0.040       24
 11:     0.046  0.042  0.140  0.135  0.100  0.110  0.150  0.115  0.127  0.036       54
 12:     0.051  0.039  0.157  0.103  0.112  0.121  0.127  0.127  0.131  0.033       37
 13:     0.045  0.053  0.130  0.093  0.146  0.112  0.131  0.108  0.142  0.039       42
 14:     0.049  0.046  0.138  0.133  0.123  0.111  0.147  0.096  0.126  0.031       42
 15:     0.053  0.045  0.138  0.154  0.126  0.126  0.128  0.095  0.097  0.038       49
 16:     0.048  0.052  0.119  0.121  0.133  0.140  0.131  0.092  0.125  0.039      124
 17:     0.051  0.043  0.125  0.155  0.169  0.145  0.111  0.072  0.089  0.040       24
 18:     0.057  0.035  0.140  0.132  0.123  0.111  0.136  0.124  0.105  0.039       34
 19:     0.050  0.047  0.156  0.145  0.105  0.148  0.120  0.096  0.099  0.035       52
 20:     0.057  0.011  0.201  0.211  0.018  0.123  0.141  0.115  0.097  0.025        1
 21:     0.052  0.011  0.038  0.088  0.101  0.094  0.000  0.254  0.262  0.099        1
 22:     0.066  0.060  0.031  0.076  0.055  0.128  0.270  0.038  0.226  0.050        1
 23:     0.039  0.046  0.065  0.002  0.235  0.066  0.341  0.023  0.108  0.074        1
 24:     0.058  0.038  0.218  0.152  0.345  0.010  0.018  0.046  0.060  0.057        1
 25:     0.026  0.119  0.134  0.021  0.153  0.000  0.042  0.160  0.291  0.054        1
 26:     0.065  0.051  0.078  0.036  0.185  0.235  0.205  0.044  0.039  0.061        1
 27:     0.061  0.053  0.189  0.073  0.161  0.045  0.087  0.109  0.167  0.054        1
 28:     0.066  0.019  0.113  0.216  0.124  0.006  0.204  0.095  0.142  0.015        1
 29:     0.087  0.001  0.028  0.071  0.017  0.164  0.306  0.213  0.050  0.063        1
 30:     0.035  0.113  0.002  0.172  0.079  0.116  0.152  0.074  0.170  0.087        1
 31:     0.035  0.176  0.003  0.145  0.279  0.141  0.092  0.079  0.000  0.049        1
 32:     0.063  0.006  0.017  0.218  0.148  0.163  0.004  0.146  0.201  0.034        1
 33:     0.069  0.069  0.122  0.240  0.112  0.167  0.101  0.033  0.047  0.040        1
 34:     0.074  0.003  0.001  0.069  0.066  0.534  0.064  0.019  0.110  0.058        1
 35:     0.033  0.035  0.202  0.068  0.039  0.507  0.059  0.002  0.002  0.054        1
 36:     0.059  0.066  0.025  0.262  0.000  0.164  0.198  0.080  0.078  0.068        1
 37:     0.024  0.040  0.328  0.135  0.065  0.071  0.026  0.144  0.075  0.091        1
 38:     0.070  0.086  0.073  0.002  0.317  0.001  0.316  0.026  0.023  0.085        1
 39:     0.082  0.008  0.311  0.001  0.281  0.026  0.012  0.103  0.096  0.080        1
 40:     0.064  0.039  0.090  0.119  0.190  0.201  0.078  0.057  0.084  0.078        1
 41:     0.105  0.004  0.001  0.468  0.042  0.023  0.044  0.239  0.017  0.055        1
 42:     0.044  0.049  0.090  0.354  0.097  0.109  0.055  0.009  0.131  0.062        1
 43:     0.074  0.070  0.224  0.157  0.041  0.212  0.016  0.046  0.129  0.030        1
 44:     0.066  0.076  0.122  0.152  0.064  0.405  0.000  0.038  0.054  0.024        1
 45:     0.092  0.013  0.194  0.073  0.038  0.269  0.099  0.015  0.173  0.035        1
 46:     0.021  0.042  0.019  0.145  0.164  0.279  0.049  0.057  0.124  0.100        1
 47:     0.014  0.000  0.002  0.116  0.026  0.736  0.005  0.052  0.021  0.027        1
 48:     0.048  0.001  0.034  0.034  0.080  0.698  0.043  0.019  0.022  0.020        1
 49:     0.052  0.001  0.058  0.196  0.012  0.108  0.059  0.259  0.184  0.070        1
 50:     0.046  0.339  0.107  0.156  0.000  0.189  0.046  0.033  0.027  0.058        1
 51:     0.037  0.207  0.020  0.017  0.021  0.141  0.075  0.053  0.357  0.072        1
 52:     0.074  0.057  0.133  0.160  0.002  0.032  0.025  0.314  0.109  0.094        1
 53:     0.074  0.038  0.002  0.256  0.021  0.000  0.158  0.322  0.048  0.082        1
 54:     0.972  0.008  0.008  0.003  0.001  0.001  0.003  0.000  0.004  0.001        1
 55:     0.989  0.000  0.001  0.004  0.000  0.001  0.003  0.000  0.000  0.003        1
 56:     0.810  0.010  0.048  0.008  0.037  0.005  0.000  0.023  0.026  0.035        1
 57:     0.924  0.009  0.004  0.021  0.012  0.004  0.005  0.017  0.001  0.004        1
 58:     0.891  0.002  0.004  0.028  0.011  0.026  0.003  0.018  0.014  0.003        1
 59:     0.861  0.047  0.001  0.034  0.002  0.010  0.024  0.001  0.016  0.004        1
 60:     0.979  0.000  0.001  0.000  0.001  0.001  0.002  0.013  0.004  0.000        1
 61:     0.992  0.000  0.005  0.001  0.000  0.000  0.000  0.001  0.000  0.000        1
 62:     0.001  0.365  0.101  0.085  0.007  0.175  0.119  0.089  0.021  0.038        1
 63:     0.931  0.006  0.024  0.001  0.014  0.008  0.001  0.010  0.000  0.006        1
 64:     0.996  0.000  0.001  0.000  0.000  0.000  0.001  0.000  0.001  0.001        1
 65:     0.995  0.000  0.000  0.002  0.000  0.000  0.001  0.001  0.000  0.001        1
 66:     0.948  0.007  0.002  0.003  0.001  0.003  0.003  0.024  0.006  0.004        1
 67:     0.592  0.039  0.013  0.008  0.122  0.053  0.034  0.031  0.000  0.108        1
 68:     0.917  0.017  0.001  0.000  0.006  0.006  0.005  0.015  0.015  0.018        1
 69:     0.972  0.010  0.003  0.000  0.001  0.001  0.000  0.002  0.009  0.002        1
 70:     0.755  0.001  0.016  0.048  0.047  0.025  0.022  0.013  0.043  0.030        1
 71:     0.987  0.000  0.002  0.001  0.001  0.002  0.003  0.001  0.003  0.000        1
 72:     0.992  0.001  0.000  0.001  0.000  0.000  0.000  0.003  0.002  0.001        1
 73:     0.998  0.000  0.001  0.000  0.000  0.000  0.000  0.000  0.000  0.001        1
 74:     0.741  0.018  0.009  0.036  0.009  0.008  0.165  0.011  0.000  0.002        1
 75:     0.997  0.000  0.000  0.000  0.000  0.001  0.001  0.000  0.000  0.000        1
 76:     0.000  0.498  0.140  0.152  0.054  0.017  0.000  0.000  0.021  0.118        1
 77:     0.993  0.000  0.000  0.000  0.002  0.002  0.002  0.000  0.000  0.000        1
 78:     0.811  0.037  0.001  0.049  0.005  0.003  0.017  0.037  0.020  0.020        1
 79:     0.991  0.003  0.002  0.001  0.000  0.001  0.001  0.001  0.000  0.000        1
 80:     0.958  0.004  0.004  0.013  0.006  0.000  0.000  0.001  0.013  0.001        1
 81:     0.995  0.000  0.000  0.000  0.002  0.001  0.001  0.000  0.001  0.000        1
 82:     0.473  0.062  0.050  0.072  0.013  0.001  0.126  0.032  0.010  0.161        1
 83:     0.989  0.001  0.000  0.003  0.002  0.000  0.002  0.001  0.002  0.001        1
 84:     0.022  0.021  0.014  0.001  0.009  0.003  0.003  0.002  0.003  0.922        1
 85:     0.002  0.048  0.013  0.015  0.002  0.018  0.005  0.000  0.004  0.893        1
 86:     0.026  0.012  0.002  0.022  0.007  0.017  0.003  0.027  0.036  0.848        1
 87:     0.000  0.004  0.001  0.005  0.002  0.001  0.000  0.012  0.017  0.958        1
 88:     0.011  0.000  0.000  0.004  0.001  0.004  0.015  0.002  0.001  0.962        1
 89:     0.004  0.000  0.005  0.039  0.003  0.013  0.011  0.006  0.003  0.916        1
 90:     0.008  0.018  0.000  0.001  0.003  0.000  0.003  0.000  0.000  0.967        1
 91:     0.002  0.016  0.010  0.001  0.013  0.004  0.001  0.012  0.016  0.925        1
 92:     0.000  0.018  0.001  0.041  0.011  0.024  0.004  0.047  0.034  0.820        1
 93:     0.008  0.104  0.005  0.001  0.000  0.007  0.001  0.002  0.002  0.870        1
 94:     0.001  0.019  0.023  0.006  0.015  0.005  0.032  0.010  0.001  0.887        1
 95:     0.005  0.033  0.012  0.004  0.026  0.026  0.023  0.010  0.008  0.853        1
 96:     0.006  0.000  0.004  0.003  0.001  0.004  0.002  0.004  0.001  0.975        1
 97:     0.015  0.014  0.007  0.000  0.004  0.004  0.007  0.001  0.008  0.939        1
 98:     0.020  0.001  0.007  0.022  0.011  0.011  0.002  0.000  0.002  0.924        1
 99:     0.000  0.001  0.000  0.001  0.000  0.000  0.000  0.000  0.000  0.997        1
100:     0.007  0.029  0.001  0.000  0.002  0.000  0.001  0.000  0.000  0.960        1
101:     0.023  0.018  0.001  0.049  0.004  0.006  0.042  0.013  0.126  0.717        1
102:     0.010  0.002  0.006  0.032  0.043  0.019  0.001  0.070  0.045  0.772        1
103:     0.002  0.001  0.001  0.004  0.001  0.011  0.004  0.005  0.001  0.971        1
104:     0.029  0.002  0.000  0.001  0.002  0.001  0.005  0.017  0.006  0.938        1
105:     0.034  0.036  0.010  0.020  0.006  0.006  0.005  0.003  0.000  0.880        1
106:     0.010  0.001  0.067  0.021  0.036  0.002  0.014  0.010  0.069  0.771        1
107:     0.002  0.014  0.001  0.005  0.003  0.026  0.008  0.002  0.005  0.935        1
108:     0.000  0.030  0.003  0.004  0.001  0.069  0.007  0.044  0.019  0.823        1
109:     0.022  0.064  0.026  0.040  0.008  0.017  0.043  0.028  0.015  0.737        1
110:     0.040  0.003  0.081  0.002  0.017  0.028  0.018  0.003  0.061  0.747        1
111:     0.000  0.001  0.006  0.008  0.003  0.035  0.004  0.000  0.001  0.941        1
112:     0.000  0.000  0.001  0.001  0.023  0.001  0.001  0.004  0.001  0.969        1
113:     0.002  0.027  0.003  0.002  0.000  0.016  0.005  0.001  0.023  0.921        1
114:     0.002  0.008  0.002  0.013  0.000  0.018  0.003  0.000  0.000  0.954        1
115:     0.000  0.002  0.028  0.006  0.001  0.077  0.003  0.013  0.007  0.863        1
116:     0.000  0.001  0.000  0.000  0.002  0.000  0.005  0.002  0.001  0.989        1
117:     0.001  0.007  0.015  0.000  0.003  0.019  0.019  0.001  0.004  0.930        1
118:     0.019  0.005  0.003  0.003  0.001  0.028  0.001  0.007  0.002  0.930        1
119:     0.019  0.000  0.003  0.001  0.011  0.017  0.084  0.013  0.003  0.849        1
120:     0.028  0.010  0.004  0.005  0.006  0.009  0.015  0.002  0.002  0.919        1
121:     0.001  0.001  0.013  0.002  0.005  0.024  0.021  0.008  0.000  0.924        1
122:     0.005  0.001  0.012  0.005  0.001  0.009  0.015  0.014  0.054  0.884        1
123:     0.003  0.001  0.007  0.001  0.017  0.001  0.006  0.005  0.000  0.960        1
124:     0.012  0.071  0.000  0.035  0.010  0.000  0.008  0.013  0.040  0.809        1
125:     0.004  0.009  0.000  0.005  0.000  0.016  0.000  0.006  0.000  0.960        1
126:     0.004  0.007  0.016  0.022  0.045  0.037  0.003  0.009  0.030  0.827        1
127:     0.006  0.025  0.000  0.000  0.049  0.008  0.001  0.001  0.034  0.876        1
128:     0.026  0.000  0.011  0.006  0.020  0.004  0.011  0.018  0.007  0.896        1
129:     0.000  0.000  0.000  0.001  0.005  0.000  0.002  0.000  0.006  0.985        1
130:     0.002  0.019  0.003  0.016  0.038  0.004  0.001  0.004  0.001  0.910        1
131:     0.002  0.006  0.000  0.001  0.005  0.001  0.000  0.006  0.003  0.976        1
132:     0.002  0.063  0.003  0.043  0.022  0.002  0.003  0.011  0.069  0.782        1
133:     0.001  0.096  0.020  0.008  0.008  0.001  0.001  0.001  0.000  0.863        1
134:     0.031  0.009  0.001  0.061  0.002  0.012  0.063  0.014  0.014  0.794        1
135:     0.004  0.048  0.014  0.049  0.000  0.000  0.093  0.015  0.019  0.759        1
136:     0.005  0.001  0.000  0.012  0.001  0.005  0.001  0.000  0.000  0.975        1
137:     0.009  0.020  0.009  0.007  0.004  0.000  0.000  0.004  0.027  0.921        1
138:     0.005  0.002  0.001  0.001  0.007  0.002  0.000  0.001  0.001  0.980        1
139:     0.018  0.054  0.002  0.001  0.002  0.007  0.005  0.003  0.000  0.907        1
140:     0.027  0.078  0.000  0.010  0.002  0.005  0.020  0.000  0.001  0.857        1
141:     0.002  0.001  0.007  0.000  0.000  0.001  0.001  0.015  0.003  0.970        1
142:     0.000  0.009  0.023  0.048  0.005  0.006  0.014  0.012  0.037  0.845        1
143:     0.010  0.070  0.005  0.000  0.002  0.002  0.000  0.009  0.007  0.895        1
144:     0.002  0.005  0.029  0.002  0.024  0.006  0.009  0.005  0.003  0.915        1
145:     0.005  0.006  0.002  0.007  0.002  0.005  0.001  0.010  0.007  0.956        1
146:     0.007  0.034  0.005  0.002  0.013  0.003  0.001  0.021  0.004  0.910        1
147:     0.003  0.004  0.000  0.000  0.000  0.004  0.018  0.008  0.005  0.959        1
148:     0.053  0.128  0.079  0.131  0.085  0.060  0.296  0.005  0.027  0.135        1
149:     0.053  0.173  0.014  0.240  0.003  0.014  0.192  0.176  0.018  0.116        1
150:     0.055  0.004  0.174  0.468  0.096  0.006  0.028  0.002  0.094  0.073        1
151:     0.075  0.027  0.093  0.001  0.340  0.081  0.020  0.161  0.170  0.033        1
152:     0.065  0.079  0.133  0.035  0.122  0.306  0.009  0.155  0.078  0.017        1
153:     0.066  0.006  0.141  0.001  0.021  0.010  0.252  0.276  0.173  0.054        1
154:     0.071  0.028  0.003  0.302  0.281  0.053  0.137  0.004  0.097  0.025        1
155:     0.050  0.004  0.014  0.379  0.232  0.049  0.099  0.036  0.073  0.066        1
156:     0.072  0.014  0.007  0.008  0.420  0.131  0.082  0.131  0.086  0.048        1
157:     0.071  0.051  0.006  0.084  0.154  0.302  0.082  0.214  0.013  0.023        1
158:     0.076  0.006  0.137  0.120  0.074  0.006  0.146  0.254  0.088  0.093        1
159:     0.025  0.003  0.204  0.243  0.077  0.180  0.012  0.158  0.041  0.057        1
160:     0.090  0.030  0.133  0.067  0.063  0.322  0.046  0.185  0.037  0.026        1
161:     0.050  0.063  0.026  0.237  0.126  0.061  0.007  0.225  0.098  0.108        1
162:     0.108  0.028  0.108  0.149  0.028  0.117  0.072  0.301  0.057  0.032        1
163:     0.089  0.022  0.030  0.080  0.254  0.160  0.024  0.103  0.182  0.058        1
164:     0.075  0.073  0.073  0.232  0.127  0.028  0.078  0.112  0.140  0.063        1
165:     0.055  0.034  0.243  0.147  0.008  0.179  0.073  0.030  0.152  0.079        1
166:     0.045  0.054  0.246  0.040  0.030  0.000  0.462  0.086  0.011  0.026        1
167:     0.065  0.059  0.110  0.156  0.102  0.075  0.204  0.138  0.033  0.058        1
168:     0.051  0.000  0.108  0.060  0.053  0.256  0.011  0.273  0.152  0.036        1
169:     0.026  0.022  0.013  0.022  0.129  0.092  0.171  0.127  0.336  0.063        1
170:     0.063  0.003  0.065  0.114  0.106  0.280  0.094  0.121  0.099  0.056        1
171:     0.048  0.039  0.098  0.285  0.085  0.161  0.014  0.067  0.161  0.042        1
172:     0.054  0.109  0.048  0.126  0.015  0.068  0.315  0.066  0.155  0.044        1
173:     0.037  0.037  0.216  0.065  0.131  0.177  0.173  0.030  0.065  0.070        1
174:     0.044  0.044  0.110  0.165  0.109  0.069  0.041  0.270  0.064  0.083        1
175:     0.050  0.049  0.134  0.117  0.141  0.131  0.114  0.120  0.106  0.037       50
176:     0.044  0.045  0.126  0.146  0.113  0.148  0.125  0.104  0.115  0.035       49
177:     0.046  0.043  0.137  0.128  0.124  0.105  0.138  0.111  0.131  0.037       50
178:     0.052  0.049  0.124  0.133  0.115  0.144  0.113  0.122  0.113  0.035       49
179:     0.042  0.053  0.233  0.105  0.095  0.119  0.066  0.103  0.149  0.035       23
180:     0.049  0.039  0.146  0.149  0.119  0.145  0.104  0.094  0.121  0.034       49
181:     0.006  0.969  0.004  0.005  0.001  0.003  0.002  0.004  0.004  0.002       30
182:     0.009  0.864  0.003  0.004  0.002  0.003  0.001  0.108  0.004  0.002       30
183:     0.041  0.100  0.126  0.124  0.088  0.117  0.164  0.089  0.099  0.053       34
184:     0.041  0.042  0.145  0.114  0.113  0.147  0.116  0.117  0.142  0.023       36
185:     0.042  0.049  0.118  0.129  0.111  0.180  0.098  0.103  0.130  0.040       40
186:     0.049  0.039  0.149  0.147  0.117  0.157  0.112  0.082  0.116  0.032       39
187:     0.051  0.048  0.147  0.131  0.122  0.123  0.088  0.096  0.155  0.040       37
188:     0.043  0.052  0.140  0.135  0.108  0.154  0.091  0.089  0.146  0.039       40
189:     0.045  0.047  0.122  0.118  0.141  0.151  0.111  0.071  0.157  0.036       35
190:     0.052  0.053  0.131  0.138  0.122  0.116  0.122  0.102  0.129  0.036       28
191:     0.047  0.043  0.141  0.125  0.153  0.120  0.097  0.103  0.135  0.037       36
192:     0.046  0.046  0.135  0.136  0.110  0.139  0.105  0.095  0.155  0.033       32
--------------------------------------------

 Rep#:   Lambda   Alpha      F1    F2    F3    F4    F5    F6    F7    F8    F9    F10     D1,2  D1,3  D1,4  D1,5  D1,6  D1,7  D1,8  D1,9  D1,10  D2,3  D2,4  D2,5  D2,6  D2,7  D2,8  D2,9  D2,10  D3,4  D3,5  D3,6  D3,7  D3,8  D3,9  D3,10  D4,5  D4,6  D4,7  D4,8  D4,9  D4,10  D5,6  D5,7  D5,8  D5,9  D5,10  D6,7  D6,8  D6,9  D6,10  D7,8  D7,9  D7,10  D8,9  D8,10  D9,10    Ln Like 
