

----------------------------------------------------
STRUCTURE by Pritchard, Stephens and Donnelly (2000)
     and Falush, Stephens and Pritchard (2003)
       Code by Pritchard, Falush and Hubisz
             Version 2.3.4 (Jul 2012)
----------------------------------------------------


Reading file "/workdir/yc2644/CV_CT_array/structure/threader_input/mainparams".
Reading file "/workdir/yc2644/CV_CT_array/structure/threader_input/extraparams".
Reading file "/workdir/yc2644/CV_CT_array/structure/threader_input/n1601.recode.strct_in".


Data file "/workdir/yc2644/CV_CT_array/structure/threader_input/n1601.recode.strct_in" (truncated) --

Ind:   Label Pop : Genotype_data . . . .
  1:  001s    1  :  2   1   2   2   2   1   2  . . . .   2
  1:  001s    1  :  2   2   2   2   2   2   2  . . . .   2
  2:  002s    1  :  2   2   2   2   1   1   2  . . . .   2
  2:  002s    1  :  2   2   2   2   2   2   2  . . . .   2
  3:  003s    1  :  1   2   1   2   2   2   2  . . . .   1
  3:  003s    1  :  2   2   1   2   2   2   2  . . . .   2
  4:  004s    1  :  1   1   2   2   1   2   2  . . . .   1
  4:  004s    1  :  2   1   2   2   2   2   2  . . . .   2

      *******   

1600:    49  192  :  2   2   2   2   2   1   2  . . . .   1
1600:    49  192  :  2   2   2   2   2   2   2  . . . .   2
1601:    50  192  :  2   1   2   2   1   2   2  . . . .   1
1601:    50  192  :  2   2   2   2   2   2   2  . . . .   2

Number of alleles per locus: min= 2; ave=2.0; max= 2


--------------------------------------

Finished initialization; starting MCMC 
100000 iterations + 10000 burnin


--------------------------------------------
Proportion of membership of each pre-defined
 population in each of the 10 clusters

Given    Inferred Clusters                                                        Number of
 Pop       1      2      3      4      5      6      7      8      9     10      Individuals

  1:     0.089  0.053  0.098  0.115  0.102  0.093  0.141  0.097  0.127  0.086       54
  2:     0.077  0.049  0.136  0.117  0.096  0.104  0.098  0.101  0.125  0.097       30
  3:     0.122  0.438  0.071  0.053  0.074  0.060  0.045  0.050  0.047  0.041       30
  4:     0.093  0.521  0.091  0.048  0.031  0.052  0.043  0.062  0.033  0.025       20
  5:     0.110  0.474  0.078  0.046  0.074  0.052  0.028  0.055  0.045  0.038       30
  6:     0.084  0.048  0.097  0.127  0.099  0.103  0.094  0.130  0.121  0.097       43
  7:     0.093  0.049  0.103  0.114  0.094  0.108  0.123  0.110  0.123  0.083       44
  8:     0.108  0.037  0.079  0.147  0.099  0.085  0.106  0.073  0.135  0.131        4
  9:     0.068  0.028  0.089  0.125  0.100  0.085  0.138  0.118  0.153  0.096       22
 10:     0.092  0.034  0.080  0.104  0.114  0.115  0.126  0.101  0.132  0.102       24
 11:     0.102  0.043  0.104  0.100  0.104  0.108  0.124  0.115  0.112  0.088       54
 12:     0.092  0.042  0.105  0.121  0.107  0.084  0.141  0.106  0.117  0.086       37
 13:     0.089  0.047  0.111  0.118  0.097  0.113  0.108  0.112  0.116  0.089       42
 14:     0.102  0.046  0.096  0.098  0.097  0.102  0.130  0.105  0.136  0.088       42
 15:     0.079  0.054  0.089  0.126  0.101  0.098  0.120  0.115  0.130  0.088       49
 16:     0.076  0.053  0.097  0.113  0.121  0.113  0.112  0.099  0.117  0.098      124
 17:     0.063  0.054  0.094  0.130  0.130  0.095  0.113  0.099  0.141  0.082       24
 18:     0.092  0.040  0.085  0.120  0.082  0.112  0.141  0.107  0.118  0.105       34
 19:     0.089  0.045  0.114  0.116  0.099  0.110  0.119  0.115  0.107  0.085       52
 20:     0.166  0.042  0.070  0.149  0.132  0.028  0.275  0.017  0.101  0.022        1
 21:     0.040  0.021  0.066  0.026  0.131  0.155  0.074  0.112  0.159  0.214        1
 22:     0.066  0.009  0.131  0.122  0.167  0.089  0.051  0.274  0.027  0.064        1
 23:     0.088  0.043  0.105  0.049  0.184  0.109  0.131  0.059  0.022  0.209        1
 24:     0.097  0.029  0.129  0.097  0.142  0.211  0.039  0.039  0.069  0.149        1
 25:     0.095  0.081  0.084  0.088  0.128  0.096  0.118  0.078  0.126  0.106        1
 26:     0.034  0.022  0.176  0.205  0.088  0.078  0.095  0.166  0.107  0.029        1
 27:     0.199  0.049  0.219  0.100  0.051  0.045  0.106  0.059  0.043  0.130        1
 28:     0.065  0.057  0.404  0.129  0.040  0.009  0.090  0.033  0.121  0.051        1
 29:     0.046  0.038  0.056  0.199  0.057  0.082  0.082  0.128  0.111  0.201        1
 30:     0.126  0.122  0.071  0.074  0.114  0.123  0.055  0.148  0.093  0.074        1
 31:     0.162  0.131  0.131  0.069  0.121  0.077  0.066  0.097  0.116  0.029        1
 32:     0.294  0.020  0.030  0.033  0.099  0.038  0.204  0.037  0.168  0.077        1
 33:     0.120  0.066  0.108  0.112  0.137  0.086  0.078  0.072  0.105  0.116        1
 34:     0.114  0.023  0.083  0.075  0.205  0.145  0.046  0.034  0.220  0.056        1
 35:     0.039  0.039  0.150  0.109  0.230  0.146  0.040  0.012  0.125  0.111        1
 36:     0.083  0.027  0.163  0.254  0.142  0.027  0.048  0.044  0.042  0.169        1
 37:     0.047  0.054  0.075  0.004  0.121  0.196  0.227  0.122  0.045  0.107        1
 38:     0.078  0.057  0.027  0.252  0.072  0.027  0.146  0.044  0.096  0.201        1
 39:     0.075  0.035  0.048  0.093  0.097  0.084  0.237  0.062  0.192  0.076        1
 40:     0.116  0.066  0.077  0.081  0.113  0.106  0.071  0.176  0.107  0.088        1
 41:     0.023  0.030  0.088  0.076  0.220  0.049  0.025  0.376  0.014  0.098        1
 42:     0.034  0.066  0.106  0.144  0.149  0.056  0.086  0.163  0.107  0.089        1
 43:     0.195  0.017  0.028  0.133  0.116  0.015  0.104  0.032  0.183  0.177        1
 44:     0.081  0.068  0.086  0.206  0.223  0.035  0.032  0.116  0.109  0.044        1
 45:     0.129  0.024  0.108  0.052  0.110  0.090  0.009  0.179  0.143  0.156        1
 46:     0.082  0.092  0.114  0.005  0.085  0.014  0.317  0.009  0.009  0.275        1
 47:     0.077  0.040  0.039  0.092  0.118  0.192  0.006  0.192  0.177  0.066        1
 48:     0.080  0.045  0.088  0.047  0.176  0.081  0.134  0.134  0.011  0.203        1
 49:     0.007  0.055  0.170  0.129  0.065  0.031  0.077  0.223  0.100  0.145        1
 50:     0.014  0.221  0.009  0.089  0.073  0.079  0.148  0.194  0.003  0.171        1
 51:     0.263  0.106  0.061  0.029  0.128  0.043  0.037  0.169  0.042  0.122        1
 52:     0.121  0.059  0.018  0.028  0.197  0.035  0.080  0.196  0.067  0.198        1
 53:     0.033  0.079  0.031  0.241  0.085  0.170  0.106  0.125  0.059  0.070        1
 54:     0.045  0.099  0.032  0.085  0.190  0.108  0.031  0.059  0.118  0.232        1
 55:     0.101  0.085  0.248  0.031  0.126  0.097  0.030  0.136  0.017  0.128        1
 56:     0.068  0.043  0.029  0.240  0.180  0.062  0.128  0.160  0.073  0.016        1
 57:     0.097  0.095  0.069  0.081  0.180  0.212  0.033  0.103  0.042  0.087        1
 58:     0.069  0.094  0.081  0.005  0.155  0.255  0.025  0.206  0.056  0.055        1
 59:     0.266  0.118  0.147  0.043  0.110  0.041  0.046  0.170  0.020  0.041        1
 60:     0.116  0.125  0.056  0.100  0.048  0.043  0.123  0.064  0.090  0.236        1
 61:     0.189  0.121  0.240  0.046  0.049  0.113  0.036  0.144  0.012  0.051        1
 62:     0.048  0.219  0.330  0.020  0.186  0.034  0.028  0.057  0.067  0.011        1
 63:     0.199  0.088  0.161  0.017  0.080  0.135  0.020  0.178  0.060  0.062        1
 64:     0.052  0.101  0.025  0.124  0.338  0.042  0.086  0.097  0.105  0.030        1
 65:     0.094  0.123  0.050  0.019  0.028  0.119  0.058  0.214  0.043  0.252        1
 66:     0.168  0.095  0.083  0.009  0.034  0.085  0.073  0.138  0.119  0.196        1
 67:     0.110  0.107  0.123  0.060  0.075  0.118  0.127  0.201  0.004  0.076        1
 68:     0.112  0.122  0.188  0.100  0.089  0.035  0.064  0.049  0.033  0.206        1
 69:     0.092  0.121  0.025  0.047  0.023  0.222  0.080  0.097  0.074  0.219        1
 70:     0.074  0.107  0.051  0.090  0.294  0.062  0.098  0.084  0.010  0.130        1
 71:     0.008  0.148  0.047  0.169  0.227  0.093  0.047  0.130  0.012  0.119        1
 72:     0.106  0.083  0.065  0.028  0.104  0.116  0.045  0.353  0.038  0.062        1
 73:     0.109  0.073  0.051  0.025  0.311  0.047  0.012  0.095  0.013  0.265        1
 74:     0.168  0.083  0.171  0.004  0.107  0.135  0.035  0.188  0.025  0.083        1
 75:     0.106  0.119  0.063  0.051  0.142  0.119  0.085  0.140  0.075  0.101        1
 76:     0.028  0.336  0.181  0.134  0.130  0.017  0.009  0.033  0.062  0.070        1
 77:     0.204  0.100  0.176  0.013  0.031  0.116  0.066  0.067  0.053  0.175        1
 78:     0.097  0.136  0.066  0.021  0.148  0.211  0.038  0.037  0.149  0.097        1
 79:     0.155  0.151  0.074  0.103  0.279  0.022  0.051  0.027  0.017  0.121        1
 80:     0.117  0.111  0.036  0.040  0.143  0.011  0.042  0.199  0.087  0.214        1
 81:     0.113  0.135  0.226  0.048  0.097  0.162  0.078  0.044  0.009  0.088        1
 82:     0.080  0.058  0.053  0.080  0.190  0.185  0.046  0.117  0.052  0.139        1
 83:     0.071  0.092  0.162  0.110  0.102  0.082  0.112  0.101  0.075  0.092        1
 84:     0.170  0.129  0.013  0.001  0.009  0.042  0.040  0.307  0.084  0.206        1
 85:     0.006  0.114  0.094  0.009  0.001  0.005  0.124  0.225  0.010  0.413        1
 86:     0.050  0.053  0.058  0.007  0.180  0.027  0.053  0.257  0.004  0.311        1
 87:     0.011  0.082  0.061  0.060  0.125  0.023  0.039  0.014  0.013  0.572        1
 88:     0.183  0.023  0.004  0.033  0.027  0.033  0.013  0.032  0.033  0.617        1
 89:     0.055  0.096  0.036  0.092  0.092  0.025  0.021  0.255  0.005  0.322        1
 90:     0.017  0.079  0.002  0.070  0.033  0.037  0.024  0.279  0.007  0.451        1
 91:     0.038  0.102  0.014  0.010  0.068  0.094  0.014  0.210  0.112  0.338        1
 92:     0.047  0.048  0.003  0.067  0.115  0.132  0.080  0.325  0.036  0.148        1
 93:     0.016  0.128  0.076  0.030  0.023  0.045  0.048  0.191  0.015  0.428        1
 94:     0.040  0.105  0.019  0.142  0.007  0.041  0.072  0.058  0.113  0.403        1
 95:     0.157  0.091  0.033  0.020  0.073  0.065  0.074  0.166  0.023  0.299        1
 96:     0.009  0.072  0.044  0.011  0.191  0.082  0.013  0.028  0.022  0.527        1
 97:     0.087  0.097  0.029  0.015  0.038  0.069  0.040  0.105  0.045  0.477        1
 98:     0.032  0.080  0.061  0.113  0.093  0.067  0.020  0.280  0.094  0.160        1
 99:     0.160  0.011  0.014  0.017  0.041  0.092  0.002  0.070  0.028  0.566        1
100:     0.128  0.095  0.116  0.022  0.004  0.075  0.025  0.201  0.030  0.306        1
101:     0.093  0.058  0.049  0.110  0.105  0.135  0.061  0.100  0.053  0.236        1
102:     0.092  0.043  0.059  0.050  0.123  0.041  0.017  0.276  0.046  0.253        1
103:     0.019  0.078  0.114  0.047  0.034  0.041  0.129  0.229  0.012  0.296        1
104:     0.102  0.059  0.022  0.003  0.020  0.097  0.112  0.246  0.017  0.323        1
105:     0.056  0.095  0.020  0.030  0.140  0.094  0.013  0.063  0.044  0.445        1
106:     0.066  0.061  0.083  0.069  0.106  0.107  0.043  0.118  0.086  0.260        1
107:     0.020  0.097  0.087  0.025  0.050  0.044  0.032  0.092  0.022  0.531        1
108:     0.129  0.109  0.034  0.079  0.122  0.058  0.055  0.023  0.018  0.374        1
109:     0.077  0.096  0.058  0.054  0.118  0.009  0.113  0.155  0.084  0.237        1
110:     0.081  0.050  0.079  0.005  0.014  0.082  0.106  0.104  0.012  0.467        1
111:     0.076  0.038  0.037  0.004  0.120  0.074  0.068  0.162  0.036  0.385        1
112:     0.033  0.082  0.016  0.022  0.069  0.130  0.011  0.075  0.031  0.531        1
113:     0.055  0.088  0.009  0.028  0.048  0.029  0.102  0.362  0.021  0.258        1
114:     0.033  0.108  0.161  0.046  0.031  0.158  0.064  0.194  0.018  0.188        1
115:     0.061  0.074  0.041  0.035  0.009  0.146  0.007  0.069  0.147  0.410        1
116:     0.015  0.073  0.033  0.024  0.087  0.072  0.011  0.367  0.051  0.266        1
117:     0.025  0.155  0.034  0.082  0.019  0.030  0.160  0.062  0.040  0.392        1
118:     0.101  0.121  0.096  0.034  0.084  0.006  0.065  0.027  0.028  0.438        1
119:     0.112  0.065  0.014  0.036  0.049  0.051  0.031  0.124  0.060  0.458        1
120:     0.045  0.070  0.045  0.047  0.053  0.090  0.033  0.048  0.079  0.490        1
121:     0.095  0.092  0.027  0.057  0.090  0.086  0.064  0.128  0.056  0.304        1
122:     0.074  0.065  0.052  0.063  0.094  0.030  0.162  0.047  0.030  0.383        1
123:     0.038  0.068  0.033  0.018  0.221  0.061  0.043  0.026  0.076  0.416        1
124:     0.079  0.094  0.072  0.074  0.065  0.084  0.044  0.102  0.070  0.315        1
125:     0.028  0.034  0.025  0.096  0.030  0.139  0.010  0.195  0.050  0.393        1
126:     0.044  0.056  0.098  0.044  0.105  0.094  0.090  0.126  0.007  0.336        1
127:     0.025  0.064  0.057  0.102  0.009  0.044  0.066  0.181  0.027  0.425        1
128:     0.004  0.071  0.034  0.072  0.060  0.043  0.108  0.117  0.029  0.463        1
129:     0.007  0.068  0.033  0.064  0.011  0.072  0.018  0.121  0.058  0.549        1
130:     0.186  0.098  0.040  0.037  0.023  0.206  0.088  0.029  0.018  0.274        1
131:     0.074  0.075  0.055  0.032  0.012  0.056  0.056  0.081  0.037  0.521        1
132:     0.024  0.064  0.019  0.072  0.011  0.026  0.071  0.077  0.041  0.595        1
133:     0.102  0.084  0.075  0.077  0.153  0.013  0.001  0.030  0.018  0.447        1
134:     0.109  0.052  0.089  0.050  0.082  0.122  0.062  0.168  0.036  0.230        1
135:     0.098  0.070  0.074  0.053  0.092  0.114  0.082  0.155  0.078  0.185        1
136:     0.079  0.073  0.013  0.027  0.025  0.094  0.055  0.153  0.065  0.417        1
137:     0.032  0.050  0.070  0.050  0.042  0.104  0.076  0.065  0.030  0.480        1
138:     0.072  0.033  0.068  0.027  0.187  0.078  0.051  0.052  0.017  0.415        1
139:     0.080  0.037  0.022  0.039  0.164  0.064  0.039  0.147  0.016  0.392        1
140:     0.095  0.158  0.106  0.044  0.039  0.076  0.040  0.138  0.060  0.245        1
141:     0.094  0.100  0.064  0.077  0.047  0.078  0.060  0.109  0.023  0.347        1
142:     0.186  0.059  0.016  0.030  0.085  0.131  0.018  0.049  0.055  0.371        1
143:     0.059  0.111  0.100  0.014  0.054  0.059  0.062  0.360  0.041  0.140        1
144:     0.176  0.012  0.231  0.015  0.020  0.070  0.067  0.041  0.007  0.361        1
145:     0.179  0.030  0.043  0.037  0.058  0.012  0.074  0.059  0.008  0.501        1
146:     0.004  0.120  0.030  0.068  0.133  0.061  0.062  0.124  0.015  0.381        1
147:     0.101  0.082  0.023  0.048  0.003  0.033  0.113  0.171  0.021  0.404        1
148:     0.015  0.156  0.061  0.022  0.084  0.032  0.128  0.086  0.265  0.153        1
149:     0.106  0.131  0.126  0.113  0.106  0.081  0.094  0.079  0.082  0.081        1
150:     0.208  0.026  0.082  0.117  0.078  0.029  0.108  0.129  0.087  0.135        1
151:     0.127  0.022  0.118  0.143  0.099  0.086  0.203  0.028  0.068  0.107        1
152:     0.296  0.043  0.110  0.070  0.181  0.052  0.153  0.016  0.061  0.019        1
153:     0.083  0.034  0.242  0.141  0.151  0.043  0.053  0.135  0.018  0.100        1
154:     0.038  0.042  0.196  0.178  0.028  0.021  0.116  0.191  0.056  0.134        1
155:     0.072  0.053  0.046  0.055  0.069  0.085  0.212  0.200  0.150  0.056        1
156:     0.180  0.042  0.136  0.075  0.244  0.032  0.104  0.040  0.067  0.080        1
157:     0.167  0.024  0.217  0.059  0.043  0.158  0.042  0.122  0.156  0.013        1
158:     0.032  0.038  0.058  0.259  0.027  0.159  0.033  0.143  0.215  0.037        1
159:     0.240  0.035  0.105  0.008  0.320  0.071  0.083  0.010  0.125  0.003        1
160:     0.122  0.011  0.120  0.087  0.043  0.477  0.069  0.037  0.008  0.027        1
161:     0.077  0.053  0.162  0.190  0.072  0.113  0.109  0.055  0.147  0.022        1
162:     0.050  0.024  0.053  0.024  0.105  0.032  0.216  0.192  0.201  0.104        1
163:     0.010  0.040  0.113  0.143  0.236  0.043  0.026  0.080  0.095  0.215        1
164:     0.097  0.056  0.118  0.084  0.089  0.026  0.095  0.155  0.101  0.178        1
165:     0.028  0.036  0.204  0.040  0.011  0.226  0.039  0.080  0.179  0.156        1
166:     0.171  0.021  0.154  0.078  0.078  0.141  0.117  0.012  0.176  0.052        1
167:     0.147  0.044  0.105  0.102  0.076  0.069  0.123  0.037  0.144  0.153        1
168:     0.007  0.037  0.118  0.109  0.170  0.149  0.221  0.104  0.015  0.070        1
169:     0.039  0.079  0.110  0.137  0.222  0.055  0.041  0.191  0.034  0.093        1
170:     0.101  0.034  0.133  0.057  0.111  0.111  0.039  0.237  0.132  0.044        1
171:     0.070  0.046  0.138  0.060  0.099  0.099  0.112  0.081  0.136  0.160        1
172:     0.171  0.050  0.083  0.052  0.027  0.053  0.110  0.144  0.154  0.155        1
173:     0.070  0.021  0.031  0.115  0.132  0.135  0.175  0.032  0.079  0.210        1
174:     0.111  0.028  0.120  0.013  0.229  0.092  0.029  0.139  0.069  0.169        1
175:     0.098  0.049  0.093  0.096  0.095  0.131  0.127  0.099  0.122  0.090       50
176:     0.091  0.046  0.100  0.095  0.114  0.123  0.119  0.093  0.133  0.086       49
177:     0.086  0.047  0.104  0.113  0.093  0.099  0.113  0.094  0.149  0.102       50
178:     0.076  0.053  0.086  0.120  0.105  0.115  0.124  0.100  0.129  0.094       49
179:     0.093  0.047  0.107  0.136  0.101  0.106  0.098  0.095  0.125  0.094       23
180:     0.097  0.041  0.077  0.112  0.112  0.125  0.117  0.098  0.133  0.087       49
181:     0.092  0.608  0.073  0.037  0.032  0.051  0.027  0.021  0.031  0.028       30
182:     0.085  0.610  0.065  0.036  0.039  0.043  0.036  0.035  0.029  0.023       30
183:     0.097  0.087  0.088  0.119  0.093  0.091  0.121  0.079  0.118  0.108       34
184:     0.089  0.048  0.095  0.112  0.107  0.108  0.105  0.119  0.137  0.079       36
185:     0.078  0.054  0.098  0.105  0.116  0.099  0.141  0.095  0.128  0.086       40
186:     0.081  0.048  0.086  0.120  0.113  0.104  0.121  0.090  0.146  0.091       39
187:     0.092  0.047  0.104  0.109  0.090  0.123  0.113  0.092  0.137  0.092       37
188:     0.077  0.050  0.078  0.125  0.135  0.094  0.130  0.109  0.129  0.072       40
189:     0.093  0.051  0.104  0.127  0.103  0.102  0.125  0.093  0.118  0.084       35
190:     0.090  0.053  0.095  0.119  0.109  0.116  0.117  0.102  0.125  0.075       28
191:     0.079  0.050  0.090  0.109  0.115  0.092  0.145  0.125  0.113  0.082       36
192:     0.094  0.049  0.107  0.121  0.121  0.099  0.119  0.082  0.141  0.067       32
--------------------------------------------

 Rep#:   Lambda   Alpha      F1    F2    F3    F4    F5    F6    F7    F8    F9    F10     D1,2  D1,3  D1,4  D1,5  D1,6  D1,7  D1,8  D1,9  D1,10  D2,3  D2,4  D2,5  D2,6  D2,7  D2,8  D2,9  D2,10  D3,4  D3,5  D3,6  D3,7  D3,8  D3,9  D3,10  D4,5  D4,6  D4,7  D4,8  D4,9  D4,10  D5,6  D5,7  D5,8  D5,9  D5,10  D6,7  D6,8  D6,9  D6,10  D7,8  D7,9  D7,10  D8,9  D8,10  D9,10    Ln Like 
  100:    1.00    1.454    0.008 0.333 0.010 0.011 0.010 0.003 0.012 0.010 0.012 0.049    0.053 0.003 0.003 0.003 0.002 0.003 0.003 0.003 0.013 0.053 0.055 0.054 0.053 0.055 0.054 0.055 0.063 0.003 0.003 0.002 0.004 0.003 0.004 0.014 0.003 0.002 0.004 0.004 0.004 0.015 0.002 0.004 0.003 0.004 0.014 0.002 0.002 0.002 0.012 0.004 0.004 0.015 0.004 0.012 0.015   --  
  200:    1.00    1.201    0.008 0.241 0.010 0.011 0.010 0.003 0.012 0.010 0.012 0.233    0.035 0.003 0.003 0.003 0.002 0.003 0.003 0.003 0.040 0.035 0.036 0.036 0.034 0.036 0.035 0.036 0.062 0.003 0.003 0.002 0.004 0.003 0.004 0.040 0.004 0.002 0.004 0.003 0.003 0.040 0.002 0.004 0.003 0.004 0.040 0.002 0.002 0.002 0.039 0.004 0.004 0.041 0.004 0.040 0.041   --  
  300:    1.00    0.987    0.008 0.206 0.010 0.011 0.237 0.003 0.012 0.010 0.014 0.193    0.030 0.003 0.003 0.037 0.002 0.003 0.003 0.003 0.033 0.030 0.030 0.056 0.029 0.031 0.030 0.031 0.052 0.003 0.038 0.002 0.004 0.003 0.004 0.034 0.038 0.002 0.004 0.003 0.004 0.034 0.036 0.038 0.038 0.039 0.060 0.002 0.002 0.003 0.033 0.003 0.004 0.034 0.004 0.034 0.035   --  
  400:    1.00    0.882    0.007 0.186 0.010 0.011 0.261 0.003 0.012 0.010 0.014 0.184    0.027 0.003 0.003 0.041 0.002 0.003 0.003 0.003 0.032 0.028 0.028 0.057 0.027 0.028 0.028 0.029 0.049 0.003 0.042 0.002 0.004 0.003 0.004 0.033 0.042 0.002 0.004 0.003 0.004 0.033 0.041 0.042 0.042 0.043 0.062 0.002 0.002 0.003 0.031 0.003 0.004 0.033 0.004 0.033 0.033   --  
  500:    1.00    0.785    0.007 0.181 0.010 0.011 0.266 0.003 0.012 0.010 0.014 0.176    0.027 0.003 0.003 0.042 0.002 0.003 0.003 0.003 0.031 0.027 0.027 0.057 0.026 0.027 0.027 0.028 0.047 0.003 0.042 0.002 0.004 0.003 0.004 0.031 0.043 0.002 0.004 0.003 0.004 0.031 0.041 0.043 0.043 0.043 0.061 0.002 0.002 0.003 0.030 0.004 0.004 0.032 0.004 0.031 0.032   --  
  600:    1.00    0.739    0.007 0.177 0.010 0.011 0.263 0.003 0.012 0.010 0.014 0.170    0.026 0.003 0.003 0.042 0.002 0.003 0.003 0.003 0.030 0.027 0.027 0.057 0.025 0.027 0.026 0.028 0.046 0.003 0.042 0.002 0.004 0.003 0.004 0.031 0.043 0.002 0.004 0.003 0.004 0.031 0.041 0.043 0.042 0.043 0.061 0.002 0.002 0.003 0.029 0.004 0.004 0.031 0.004 0.031 0.032   --  
  700:    1.00    0.699    0.008 0.174 0.011 0.011 0.265 0.003 0.012 0.010 0.014 0.170    0.026 0.003 0.003 0.041 0.002 0.003 0.003 0.003 0.030 0.026 0.026 0.057 0.025 0.027 0.026 0.027 0.046 0.004 0.042 0.002 0.004 0.003 0.004 0.030 0.041 0.002 0.004 0.003 0.004 0.030 0.040 0.042 0.042 0.042 0.060 0.002 0.002 0.003 0.029 0.003 0.004 0.031 0.004 0.030 0.031   --  
  800:    1.00    0.662    0.008 0.169 0.011 0.011 0.256 0.003 0.012 0.010 0.014 0.162    0.026 0.003 0.003 0.041 0.002 0.003 0.003 0.004 0.029 0.026 0.026 0.057 0.025 0.027 0.026 0.027 0.046 0.004 0.041 0.002 0.004 0.003 0.004 0.029 0.041 0.002 0.004 0.003 0.004 0.030 0.040 0.042 0.041 0.043 0.060 0.002 0.002 0.003 0.028 0.003 0.004 0.030 0.004 0.030 0.030   --  
  900:    1.00    0.630    0.008 0.173 0.011 0.011 0.255 0.003 0.012 0.010 0.014 0.164    0.025 0.003 0.003 0.040 0.002 0.003 0.003 0.004 0.029 0.026 0.026 0.056 0.025 0.026 0.026 0.027 0.045 0.003 0.040 0.002 0.004 0.003 0.004 0.029 0.041 0.002 0.004 0.003 0.004 0.030 0.040 0.041 0.041 0.042 0.059 0.002 0.002 0.003 0.028 0.003 0.004 0.030 0.004 0.029 0.030   --  

--------------------------------------------
Proportion of membership of each pre-defined
 population in each of the 10 clusters

Given    Inferred Clusters                                                        Number of
 Pop       1      2      3      4      5      6      7      8      9     10      Individuals

  1:     0.125  0.060  0.123  0.121  0.046  0.112  0.147  0.108  0.117  0.042       54
  2:     0.089  0.055  0.146  0.137  0.055  0.135  0.117  0.112  0.116  0.039       30
  3:     0.079  0.666  0.029  0.040  0.047  0.032  0.020  0.024  0.010  0.054       30
  4:     0.021  0.742  0.137  0.006  0.020  0.009  0.004  0.007  0.005  0.049       20
  5:     0.059  0.694  0.100  0.009  0.023  0.021  0.007  0.018  0.011  0.058       30
  6:     0.091  0.043  0.124  0.125  0.043  0.114  0.113  0.159  0.144  0.044       43
  7:     0.126  0.042  0.138  0.145  0.039  0.117  0.128  0.113  0.111  0.041       44
  8:     0.078  0.041  0.150  0.146  0.043  0.161  0.145  0.079  0.108  0.047        4
  9:     0.099  0.011  0.078  0.134  0.046  0.126  0.180  0.111  0.184  0.031       22
 10:     0.106  0.014  0.074  0.106  0.045  0.124  0.186  0.106  0.198  0.040       24
 11:     0.112  0.043  0.086  0.100  0.039  0.184  0.136  0.137  0.119  0.043       54
 12:     0.121  0.035  0.117  0.127  0.047  0.127  0.148  0.119  0.119  0.039       37
 13:     0.120  0.055  0.109  0.145  0.042  0.130  0.107  0.135  0.110  0.047       42
 14:     0.107  0.046  0.127  0.111  0.043  0.112  0.153  0.131  0.135  0.034       42
 15:     0.098  0.048  0.122  0.163  0.044  0.131  0.125  0.131  0.099  0.039       49
 16:     0.109  0.054  0.117  0.115  0.043  0.140  0.130  0.118  0.132  0.041      124
 17:     0.104  0.044  0.106  0.136  0.049  0.130  0.159  0.120  0.108  0.044       24
 18:     0.113  0.036  0.093  0.142  0.055  0.153  0.128  0.128  0.107  0.043       34
 19:     0.110  0.045  0.124  0.133  0.046  0.133  0.124  0.130  0.113  0.042       52
 20:     0.089  0.055  0.138  0.281  0.058  0.200  0.130  0.000  0.023  0.026        1
 21:     0.158  0.018  0.007  0.125  0.050  0.108  0.208  0.098  0.095  0.133        1
 22:     0.120  0.033  0.253  0.195  0.045  0.009  0.079  0.177  0.079  0.010        1
 23:     0.031  0.056  0.106  0.032  0.043  0.046  0.339  0.150  0.089  0.108        1
 24:     0.108  0.025  0.119  0.044  0.079  0.053  0.090  0.315  0.108  0.058        1
 25:     0.110  0.094  0.229  0.076  0.003  0.044  0.010  0.266  0.117  0.053        1
 26:     0.120  0.026  0.067  0.181  0.049  0.147  0.232  0.029  0.074  0.075        1
 27:     0.070  0.042  0.250  0.104  0.062  0.000  0.190  0.017  0.196  0.068        1
 28:     0.049  0.014  0.224  0.104  0.066  0.202  0.106  0.002  0.190  0.042        1
 29:     0.074  0.003  0.066  0.201  0.095  0.109  0.114  0.285  0.002  0.052        1
 30:     0.148  0.073  0.145  0.068  0.056  0.348  0.003  0.030  0.062  0.069        1
 31:     0.278  0.165  0.199  0.053  0.035  0.081  0.002  0.045  0.107  0.034        1
 32:     0.413  0.004  0.056  0.082  0.047  0.004  0.176  0.000  0.180  0.039        1
 33:     0.110  0.104  0.285  0.030  0.087  0.041  0.220  0.041  0.047  0.034        1
 34:     0.203  0.002  0.101  0.247  0.077  0.058  0.143  0.031  0.063  0.075        1
 35:     0.321  0.041  0.106  0.287  0.016  0.103  0.025  0.027  0.051  0.024        1
 36:     0.114  0.045  0.000  0.011  0.066  0.069  0.145  0.426  0.053  0.072        1
 37:     0.065  0.010  0.105  0.035  0.012  0.302  0.234  0.110  0.067  0.058        1
 38:     0.021  0.065  0.017  0.343  0.078  0.106  0.091  0.010  0.172  0.096        1
 39:     0.003  0.014  0.044  0.093  0.084  0.268  0.177  0.208  0.073  0.035        1
 40:     0.278  0.066  0.096  0.017  0.081  0.012  0.161  0.191  0.035  0.061        1
 41:     0.019  0.011  0.069  0.171  0.062  0.027  0.005  0.528  0.055  0.053        1
 42:     0.023  0.049  0.234  0.006  0.077  0.072  0.115  0.109  0.265  0.051        1
 43:     0.067  0.066  0.024  0.017  0.047  0.002  0.416  0.017  0.271  0.074        1
 44:     0.210  0.094  0.019  0.095  0.078  0.367  0.001  0.037  0.071  0.028        1
 45:     0.100  0.003  0.106  0.142  0.085  0.370  0.003  0.092  0.050  0.049        1
 46:     0.034  0.038  0.018  0.165  0.027  0.161  0.112  0.099  0.227  0.119        1
 47:     0.148  0.001  0.000  0.116  0.017  0.267  0.052  0.285  0.036  0.077        1
 48:     0.033  0.020  0.007  0.163  0.021  0.150  0.102  0.388  0.092  0.023        1
 49:     0.018  0.015  0.111  0.001  0.049  0.150  0.035  0.545  0.037  0.039        1
 50:     0.003  0.294  0.056  0.037  0.047  0.016  0.081  0.350  0.017  0.099        1
 51:     0.316  0.183  0.131  0.022  0.080  0.053  0.011  0.130  0.004  0.070        1
 52:     0.306  0.064  0.021  0.064  0.035  0.003  0.021  0.383  0.036  0.067        1
 53:     0.028  0.053  0.041  0.110  0.048  0.307  0.299  0.023  0.028  0.062        1
 54:     0.001  0.002  0.000  0.003  0.983  0.001  0.000  0.007  0.001  0.002        1
 55:     0.000  0.007  0.002  0.001  0.983  0.001  0.001  0.003  0.002  0.001        1
 56:     0.000  0.000  0.025  0.011  0.802  0.053  0.010  0.031  0.049  0.018        1
 57:     0.011  0.001  0.012  0.014  0.922  0.006  0.006  0.006  0.022  0.001        1
 58:     0.005  0.000  0.015  0.000  0.911  0.029  0.018  0.015  0.001  0.005        1
 59:     0.012  0.043  0.005  0.020  0.859  0.010  0.016  0.016  0.018  0.000        1
 60:     0.000  0.002  0.002  0.004  0.983  0.000  0.003  0.004  0.002  0.000        1
 61:     0.003  0.003  0.001  0.000  0.991  0.000  0.000  0.001  0.000  0.002        1
 62:     0.010  0.364  0.540  0.016  0.010  0.004  0.006  0.021  0.003  0.024        1
 63:     0.012  0.008  0.003  0.002  0.904  0.053  0.008  0.004  0.003  0.003        1
 64:     0.000  0.000  0.000  0.000  0.996  0.000  0.000  0.001  0.000  0.001        1
 65:     0.000  0.002  0.000  0.000  0.994  0.000  0.001  0.000  0.001  0.000        1
 66:     0.017  0.001  0.004  0.018  0.942  0.009  0.002  0.002  0.003  0.002        1
 67:     0.022  0.042  0.008  0.000  0.588  0.044  0.075  0.101  0.048  0.072        1
 68:     0.034  0.016  0.004  0.006  0.911  0.000  0.018  0.000  0.003  0.008        1
 69:     0.001  0.000  0.001  0.000  0.975  0.002  0.002  0.001  0.009  0.009        1
 70:     0.003  0.005  0.068  0.053  0.780  0.012  0.008  0.040  0.020  0.010        1
 71:     0.001  0.005  0.001  0.000  0.988  0.001  0.000  0.000  0.000  0.003        1
 72:     0.000  0.000  0.003  0.002  0.991  0.001  0.000  0.001  0.000  0.001        1
 73:     0.000  0.001  0.000  0.000  0.995  0.000  0.000  0.002  0.002  0.000        1
 74:     0.180  0.037  0.023  0.004  0.737  0.016  0.001  0.000  0.000  0.002        1
 75:     0.003  0.000  0.001  0.001  0.993  0.001  0.000  0.000  0.000  0.000        1
 76:     0.008  0.517  0.178  0.121  0.015  0.025  0.006  0.003  0.010  0.116        1
 77:     0.002  0.001  0.001  0.001  0.992  0.000  0.001  0.000  0.001  0.001        1
 78:     0.056  0.062  0.002  0.001  0.773  0.005  0.037  0.014  0.029  0.022        1
 79:     0.000  0.000  0.000  0.000  0.997  0.001  0.000  0.000  0.000  0.000        1
 80:     0.006  0.019  0.000  0.019  0.947  0.000  0.001  0.002  0.001  0.005        1
 81:     0.001  0.001  0.000  0.002  0.992  0.000  0.001  0.000  0.002  0.002        1
 82:     0.040  0.040  0.014  0.020  0.509  0.202  0.008  0.019  0.011  0.138        1
 83:     0.000  0.001  0.000  0.001  0.992  0.000  0.000  0.000  0.002  0.003        1
 84:     0.008  0.013  0.004  0.006  0.018  0.005  0.010  0.003  0.002  0.931        1
 85:     0.005  0.033  0.000  0.001  0.017  0.004  0.003  0.021  0.011  0.905        1
 86:     0.007  0.032  0.076  0.012  0.029  0.010  0.002  0.011  0.001  0.820        1
 87:     0.014  0.005  0.008  0.003  0.002  0.007  0.003  0.010  0.005  0.942        1
 88:     0.007  0.003  0.003  0.001  0.003  0.001  0.002  0.002  0.000  0.978        1
 89:     0.025  0.001  0.035  0.005  0.000  0.006  0.000  0.009  0.002  0.918        1
 90:     0.000  0.009  0.001  0.001  0.001  0.001  0.003  0.001  0.004  0.980        1
 91:     0.027  0.007  0.011  0.028  0.000  0.006  0.025  0.002  0.000  0.893        1
 92:     0.000  0.012  0.054  0.048  0.014  0.000  0.040  0.003  0.031  0.799        1
 93:     0.000  0.063  0.002  0.018  0.005  0.000  0.001  0.000  0.003  0.907        1
 94:     0.000  0.003  0.024  0.060  0.007  0.004  0.004  0.020  0.003  0.874        1
 95:     0.000  0.041  0.003  0.000  0.007  0.001  0.027  0.042  0.035  0.843        1
 96:     0.005  0.008  0.000  0.001  0.000  0.002  0.000  0.003  0.000  0.981        1
 97:     0.008  0.019  0.011  0.000  0.020  0.002  0.000  0.001  0.002  0.936        1
 98:     0.001  0.006  0.022  0.015  0.012  0.004  0.021  0.000  0.000  0.918        1
 99:     0.000  0.002  0.000  0.000  0.000  0.002  0.000  0.001  0.001  0.994        1
100:     0.003  0.000  0.000  0.004  0.001  0.001  0.000  0.002  0.000  0.988        1
101:     0.111  0.048  0.028  0.032  0.001  0.026  0.004  0.013  0.002  0.735        1
102:     0.006  0.000  0.032  0.041  0.010  0.044  0.045  0.052  0.002  0.769        1
103:     0.003  0.000  0.005  0.019  0.000  0.000  0.011  0.002  0.006  0.954        1
104:     0.002  0.000  0.004  0.003  0.005  0.001  0.000  0.018  0.028  0.938        1
105:     0.004  0.027  0.008  0.001  0.014  0.014  0.003  0.014  0.005  0.910        1
106:     0.091  0.000  0.016  0.025  0.019  0.002  0.026  0.001  0.047  0.773        1
107:     0.014  0.028  0.000  0.002  0.002  0.003  0.009  0.003  0.011  0.928        1
108:     0.037  0.008  0.002  0.036  0.007  0.005  0.021  0.054  0.020  0.810        1
109:     0.009  0.076  0.032  0.002  0.044  0.005  0.029  0.073  0.000  0.728        1
110:     0.106  0.005  0.084  0.008  0.024  0.013  0.006  0.016  0.008  0.730        1
111:     0.000  0.007  0.003  0.002  0.002  0.003  0.010  0.000  0.002  0.971        1
112:     0.000  0.000  0.010  0.003  0.005  0.001  0.002  0.000  0.006  0.972        1
113:     0.004  0.034  0.001  0.004  0.021  0.000  0.006  0.009  0.000  0.921        1
114:     0.000  0.002  0.006  0.001  0.017  0.014  0.001  0.004  0.002  0.953        1
115:     0.007  0.000  0.012  0.006  0.013  0.000  0.013  0.003  0.033  0.912        1
116:     0.003  0.001  0.001  0.001  0.004  0.001  0.000  0.007  0.002  0.980        1
117:     0.002  0.021  0.008  0.003  0.012  0.011  0.002  0.002  0.023  0.917        1
118:     0.010  0.007  0.008  0.002  0.006  0.026  0.001  0.003  0.002  0.935        1
119:     0.049  0.001  0.007  0.015  0.012  0.001  0.024  0.002  0.045  0.844        1
120:     0.026  0.002  0.001  0.001  0.022  0.002  0.014  0.000  0.014  0.919        1
121:     0.001  0.001  0.003  0.026  0.012  0.000  0.006  0.010  0.000  0.941        1
122:     0.009  0.000  0.006  0.013  0.012  0.001  0.024  0.015  0.021  0.899        1
123:     0.000  0.002  0.000  0.005  0.006  0.000  0.005  0.002  0.002  0.977        1
124:     0.000  0.057  0.006  0.005  0.003  0.016  0.000  0.109  0.000  0.803        1
125:     0.000  0.000  0.003  0.010  0.002  0.006  0.010  0.006  0.002  0.961        1
126:     0.020  0.025  0.000  0.033  0.020  0.035  0.011  0.003  0.006  0.847        1
127:     0.009  0.020  0.016  0.007  0.011  0.001  0.012  0.026  0.002  0.896        1
128:     0.015  0.035  0.001  0.010  0.001  0.001  0.022  0.001  0.001  0.914        1
129:     0.001  0.001  0.000  0.000  0.001  0.003  0.000  0.000  0.001  0.992        1
130:     0.002  0.070  0.037  0.000  0.001  0.018  0.001  0.003  0.003  0.865        1
131:     0.005  0.001  0.001  0.001  0.011  0.001  0.002  0.000  0.001  0.977        1
132:     0.063  0.075  0.019  0.019  0.005  0.000  0.002  0.000  0.004  0.812        1
133:     0.007  0.085  0.014  0.001  0.008  0.004  0.007  0.011  0.002  0.861        1
134:     0.014  0.015  0.031  0.012  0.031  0.037  0.044  0.033  0.002  0.780        1
135:     0.036  0.026  0.004  0.041  0.001  0.069  0.002  0.039  0.013  0.770        1
136:     0.001  0.002  0.002  0.005  0.003  0.000  0.000  0.004  0.003  0.979        1
137:     0.022  0.000  0.005  0.008  0.005  0.002  0.003  0.005  0.009  0.941        1
138:     0.005  0.001  0.002  0.003  0.007  0.000  0.001  0.000  0.007  0.974        1
139:     0.002  0.043  0.000  0.000  0.015  0.021  0.001  0.001  0.005  0.910        1
140:     0.004  0.081  0.000  0.000  0.032  0.000  0.006  0.008  0.002  0.867        1
141:     0.000  0.000  0.001  0.001  0.006  0.000  0.001  0.014  0.000  0.976        1
142:     0.028  0.017  0.067  0.004  0.008  0.051  0.010  0.006  0.020  0.788        1
143:     0.003  0.039  0.003  0.010  0.007  0.007  0.011  0.000  0.010  0.910        1
144:     0.000  0.018  0.001  0.007  0.003  0.003  0.016  0.000  0.010  0.941        1
145:     0.017  0.001  0.004  0.000  0.003  0.002  0.000  0.013  0.000  0.962        1
146:     0.004  0.069  0.001  0.006  0.004  0.007  0.001  0.003  0.012  0.893        1
147:     0.000  0.009  0.003  0.004  0.002  0.014  0.020  0.000  0.007  0.940        1
148:     0.031  0.082  0.210  0.000  0.060  0.231  0.006  0.139  0.118  0.124        1
149:     0.086  0.199  0.156  0.054  0.018  0.020  0.035  0.133  0.237  0.063        1
150:     0.023  0.010  0.115  0.362  0.033  0.048  0.295  0.008  0.011  0.095        1
151:     0.002  0.005  0.034  0.083  0.068  0.064  0.318  0.265  0.123  0.039        1
152:     0.113  0.092  0.071  0.362  0.050  0.051  0.077  0.031  0.079  0.074        1
153:     0.113  0.002  0.255  0.217  0.084  0.001  0.025  0.150  0.054  0.098        1
154:     0.024  0.005  0.526  0.060  0.037  0.074  0.065  0.177  0.000  0.031        1
155:     0.085  0.026  0.030  0.100  0.019  0.058  0.225  0.232  0.159  0.066        1
156:     0.159  0.036  0.201  0.057  0.060  0.055  0.293  0.073  0.049  0.018        1
157:     0.008  0.036  0.410  0.014  0.075  0.034  0.075  0.099  0.170  0.079        1
158:     0.004  0.026  0.065  0.379  0.034  0.000  0.004  0.222  0.194  0.073        1
159:     0.268  0.008  0.103  0.039  0.053  0.084  0.110  0.029  0.258  0.049        1
160:     0.135  0.020  0.093  0.070  0.036  0.417  0.027  0.016  0.166  0.020        1
161:     0.191  0.027  0.270  0.191  0.056  0.055  0.062  0.043  0.002  0.102        1
162:     0.134  0.000  0.046  0.038  0.100  0.035  0.201  0.076  0.316  0.053        1
163:     0.059  0.043  0.238  0.228  0.100  0.032  0.033  0.103  0.079  0.084        1
164:     0.013  0.072  0.381  0.133  0.076  0.103  0.108  0.040  0.022  0.053        1
165:     0.031  0.098  0.212  0.109  0.047  0.160  0.042  0.190  0.003  0.107        1
166:     0.133  0.025  0.422  0.168  0.052  0.048  0.001  0.122  0.026  0.003        1
167:     0.104  0.043  0.253  0.284  0.068  0.004  0.054  0.039  0.129  0.023        1
168:     0.073  0.001  0.047  0.026  0.011  0.150  0.267  0.122  0.287  0.016        1
169:     0.090  0.033  0.088  0.284  0.045  0.032  0.245  0.018  0.091  0.075        1
170:     0.011  0.007  0.111  0.215  0.075  0.148  0.118  0.093  0.163  0.058        1
171:     0.075  0.017  0.075  0.066  0.065  0.067  0.207  0.278  0.059  0.091        1
172:     0.145  0.087  0.002  0.059  0.087  0.009  0.025  0.321  0.208  0.056        1
173:     0.085  0.015  0.289  0.044  0.049  0.281  0.028  0.095  0.082  0.033        1
174:     0.327  0.026  0.077  0.148  0.045  0.143  0.022  0.118  0.032  0.063        1
175:     0.103  0.046  0.119  0.112  0.042  0.159  0.132  0.110  0.138  0.039       50
176:     0.125  0.040  0.100  0.132  0.042  0.120  0.117  0.115  0.173  0.037       49
177:     0.116  0.046  0.108  0.137  0.038  0.133  0.129  0.092  0.164  0.036       50
178:     0.084  0.053  0.104  0.131  0.047  0.130  0.125  0.130  0.161  0.036       49
179:     0.132  0.055  0.114  0.126  0.041  0.121  0.148  0.104  0.117  0.042       23
180:     0.114  0.043  0.091  0.141  0.042  0.128  0.140  0.107  0.156  0.038       49
181:     0.002  0.972  0.002  0.003  0.005  0.004  0.003  0.003  0.004  0.003       30
182:     0.008  0.928  0.006  0.012  0.012  0.006  0.007  0.005  0.009  0.006       30
183:     0.057  0.099  0.105  0.160  0.043  0.134  0.079  0.103  0.157  0.063       34
184:     0.089  0.046  0.098  0.149  0.040  0.126  0.131  0.114  0.172  0.035       36
185:     0.100  0.053  0.114  0.124  0.039  0.105  0.165  0.107  0.151  0.043       40
186:     0.107  0.043  0.099  0.137  0.044  0.120  0.141  0.096  0.171  0.042       39
187:     0.096  0.053  0.091  0.151  0.046  0.117  0.143  0.090  0.168  0.044       37
188:     0.098  0.057  0.117  0.106  0.044  0.085  0.138  0.163  0.145  0.047       40
189:     0.096  0.058  0.097  0.126  0.046  0.121  0.139  0.110  0.169  0.039       35
190:     0.092  0.056  0.109  0.149  0.050  0.129  0.113  0.130  0.136  0.037       28
191:     0.079  0.043  0.081  0.128  0.042  0.127  0.170  0.115  0.176  0.040       36
192:     0.102  0.047  0.117  0.148  0.050  0.104  0.100  0.109  0.188  0.035       32
--------------------------------------------

 Rep#:   Lambda   Alpha      F1    F2    F3    F4    F5    F6    F7    F8    F9    F10     D1,2  D1,3  D1,4  D1,5  D1,6  D1,7  D1,8  D1,9  D1,10  D2,3  D2,4  D2,5  D2,6  D2,7  D2,8  D2,9  D2,10  D3,4  D3,5  D3,6  D3,7  D3,8  D3,9  D3,10  D4,5  D4,6  D4,7  D4,8  D4,9  D4,10  D5,6  D5,7  D5,8  D5,9  D5,10  D6,7  D6,8  D6,9  D6,10  D7,8  D7,9  D7,10  D8,9  D8,10  D9,10    Ln Like 
