

----------------------------------------------------
STRUCTURE by Pritchard, Stephens and Donnelly (2000)
     and Falush, Stephens and Pritchard (2003)
       Code by Pritchard, Falush and Hubisz
             Version 2.3.4 (Jul 2012)
----------------------------------------------------


Reading file "/workdir/yc2644/CV_CT_array/structure/threader_input/mainparams".
Reading file "/workdir/yc2644/CV_CT_array/structure/threader_input/extraparams".
Reading file "/workdir/yc2644/CV_CT_array/structure/threader_input/n1601.recode.strct_in".


Data file "/workdir/yc2644/CV_CT_array/structure/threader_input/n1601.recode.strct_in" (truncated) --

Ind:   Label Pop : Genotype_data . . . .
  1:  001s    1  :  2   1   2   2   2   1   2  . . . .   2
  1:  001s    1  :  2   2   2   2   2   2   2  . . . .   2
  2:  002s    1  :  2   2   2   2   1   1   2  . . . .   2
  2:  002s    1  :  2   2   2   2   2   2   2  . . . .   2
  3:  003s    1  :  1   2   1   2   2   2   2  . . . .   1
  3:  003s    1  :  2   2   1   2   2   2   2  . . . .   2
  4:  004s    1  :  1   1   2   2   1   2   2  . . . .   1
  4:  004s    1  :  2   1   2   2   2   2   2  . . . .   2

      *******   

1600:    49  192  :  2   2   2   2   2   1   2  . . . .   1
1600:    49  192  :  2   2   2   2   2   2   2  . . . .   2
1601:    50  192  :  2   1   2   2   1   2   2  . . . .   1
1601:    50  192  :  2   2   2   2   2   2   2  . . . .   2

Number of alleles per locus: min= 2; ave=2.0; max= 2


--------------------------------------

Finished initialization; starting MCMC 
100000 iterations + 10000 burnin


--------------------------------------------
Proportion of membership of each pre-defined
 population in each of the 10 clusters

Given    Inferred Clusters                                                        Number of
 Pop       1      2      3      4      5      6      7      8      9     10      Individuals

  1:     0.108  0.097  0.144  0.094  0.099  0.065  0.122  0.103  0.057  0.110       54
  2:     0.128  0.114  0.093  0.090  0.090  0.060  0.129  0.134  0.052  0.109       30
  3:     0.036  0.099  0.051  0.051  0.057  0.121  0.044  0.049  0.430  0.062       30
  4:     0.025  0.086  0.054  0.029  0.047  0.141  0.040  0.047  0.500  0.032       20
  5:     0.025  0.121  0.046  0.042  0.057  0.147  0.037  0.040  0.441  0.044       30
  6:     0.131  0.102  0.112  0.093  0.108  0.077  0.102  0.127  0.050  0.099       43
  7:     0.137  0.079  0.102  0.105  0.107  0.083  0.133  0.096  0.043  0.115       44
  8:     0.116  0.127  0.167  0.101  0.085  0.058  0.105  0.053  0.024  0.163        4
  9:     0.113  0.097  0.122  0.094  0.093  0.061  0.136  0.148  0.029  0.107       22
 10:     0.127  0.117  0.085  0.108  0.099  0.067  0.117  0.153  0.031  0.097       24
 11:     0.104  0.091  0.108  0.113  0.103  0.075  0.123  0.139  0.044  0.100       54
 12:     0.118  0.092  0.134  0.101  0.096  0.065  0.134  0.116  0.045  0.099       37
 13:     0.112  0.096  0.109  0.103  0.100  0.065  0.131  0.118  0.055  0.111       42
 14:     0.125  0.102  0.120  0.085  0.094  0.081  0.109  0.119  0.052  0.114       42
 15:     0.102  0.108  0.124  0.114  0.105  0.072  0.129  0.093  0.053  0.101       49
 16:     0.116  0.106  0.113  0.105  0.099  0.076  0.113  0.120  0.055  0.097      124
 17:     0.122  0.106  0.098  0.107  0.098  0.068  0.141  0.091  0.056  0.113       24
 18:     0.164  0.083  0.086  0.111  0.100  0.079  0.099  0.120  0.043  0.114       34
 19:     0.116  0.099  0.117  0.100  0.099  0.067  0.112  0.113  0.050  0.127       52
 20:     0.214  0.006  0.022  0.293  0.136  0.026  0.070  0.050  0.055  0.128        1
 21:     0.125  0.005  0.160  0.154  0.166  0.022  0.061  0.021  0.052  0.235        1
 22:     0.042  0.100  0.157  0.076  0.150  0.079  0.029  0.143  0.020  0.204        1
 23:     0.153  0.070  0.080  0.121  0.121  0.073  0.098  0.097  0.072  0.115        1
 24:     0.247  0.004  0.143  0.036  0.194  0.010  0.288  0.009  0.056  0.012        1
 25:     0.077  0.032  0.389  0.012  0.015  0.169  0.092  0.078  0.096  0.041        1
 26:     0.082  0.005  0.204  0.028  0.066  0.168  0.027  0.137  0.058  0.224        1
 27:     0.156  0.079  0.053  0.118  0.138  0.077  0.065  0.065  0.074  0.174        1
 28:     0.102  0.143  0.146  0.228  0.047  0.010  0.110  0.044  0.059  0.110        1
 29:     0.111  0.122  0.098  0.118  0.132  0.036  0.099  0.242  0.020  0.022        1
 30:     0.276  0.146  0.131  0.100  0.008  0.032  0.006  0.089  0.115  0.097        1
 31:     0.068  0.216  0.080  0.200  0.063  0.050  0.039  0.072  0.114  0.099        1
 32:     0.187  0.061  0.021  0.108  0.188  0.137  0.038  0.226  0.006  0.027        1
 33:     0.152  0.073  0.113  0.100  0.094  0.103  0.104  0.113  0.071  0.077        1
 34:     0.142  0.094  0.039  0.079  0.049  0.173  0.154  0.117  0.050  0.103        1
 35:     0.272  0.019  0.114  0.075  0.010  0.058  0.276  0.036  0.043  0.098        1
 36:     0.190  0.085  0.053  0.210  0.185  0.032  0.068  0.072  0.000  0.104        1
 37:     0.109  0.115  0.057  0.108  0.075  0.115  0.162  0.101  0.053  0.105        1
 38:     0.081  0.096  0.146  0.098  0.135  0.086  0.114  0.084  0.082  0.079        1
 39:     0.100  0.074  0.110  0.093  0.079  0.134  0.132  0.129  0.048  0.101        1
 40:     0.079  0.044  0.097  0.153  0.080  0.219  0.044  0.190  0.047  0.047        1
 41:     0.106  0.059  0.132  0.163  0.067  0.044  0.049  0.264  0.050  0.066        1
 42:     0.192  0.045  0.026  0.099  0.050  0.110  0.141  0.181  0.070  0.085        1
 43:     0.090  0.062  0.160  0.040  0.199  0.053  0.181  0.021  0.038  0.154        1
 44:     0.035  0.065  0.156  0.060  0.162  0.075  0.258  0.055  0.081  0.054        1
 45:     0.130  0.063  0.054  0.040  0.278  0.065  0.115  0.182  0.041  0.031        1
 46:     0.197  0.082  0.130  0.240  0.051  0.027  0.044  0.162  0.054  0.013        1
 47:     0.270  0.148  0.002  0.090  0.075  0.008  0.085  0.271  0.048  0.004        1
 48:     0.025  0.075  0.157  0.118  0.045  0.023  0.222  0.100  0.066  0.170        1
 49:     0.036  0.042  0.060  0.109  0.225  0.030  0.263  0.042  0.036  0.157        1
 50:     0.205  0.170  0.024  0.092  0.008  0.124  0.006  0.010  0.211  0.150        1
 51:     0.128  0.069  0.096  0.098  0.111  0.070  0.087  0.107  0.114  0.122        1
 52:     0.118  0.124  0.311  0.021  0.163  0.026  0.019  0.130  0.041  0.046        1
 53:     0.113  0.070  0.081  0.094  0.122  0.094  0.144  0.115  0.063  0.103        1
 54:     0.016  0.092  0.200  0.116  0.016  0.160  0.296  0.054  0.006  0.044        1
 55:     0.133  0.013  0.048  0.022  0.062  0.335  0.085  0.035  0.063  0.204        1
 56:     0.038  0.095  0.140  0.034  0.132  0.135  0.097  0.028  0.037  0.266        1
 57:     0.053  0.041  0.112  0.112  0.093  0.126  0.185  0.124  0.050  0.104        1
 58:     0.214  0.142  0.126  0.019  0.064  0.133  0.103  0.041  0.024  0.135        1
 59:     0.006  0.042  0.260  0.117  0.116  0.051  0.026  0.168  0.087  0.127        1
 60:     0.023  0.099  0.175  0.122  0.027  0.219  0.088  0.048  0.046  0.153        1
 61:     0.090  0.009  0.030  0.003  0.023  0.254  0.181  0.043  0.101  0.266        1
 62:     0.014  0.232  0.112  0.028  0.079  0.197  0.006  0.072  0.203  0.057        1
 63:     0.061  0.160  0.029  0.049  0.039  0.198  0.185  0.126  0.033  0.121        1
 64:     0.093  0.009  0.090  0.123  0.048  0.240  0.109  0.076  0.078  0.134        1
 65:     0.065  0.146  0.086  0.141  0.065  0.079  0.199  0.079  0.039  0.101        1
 66:     0.016  0.033  0.010  0.211  0.095  0.008  0.230  0.092  0.009  0.295        1
 67:     0.039  0.089  0.023  0.025  0.109  0.208  0.005  0.142  0.050  0.309        1
 68:     0.030  0.008  0.040  0.082  0.026  0.105  0.230  0.025  0.008  0.448        1
 69:     0.021  0.083  0.016  0.088  0.008  0.195  0.409  0.009  0.091  0.081        1
 70:     0.054  0.033  0.052  0.046  0.001  0.096  0.059  0.152  0.073  0.433        1
 71:     0.088  0.025  0.171  0.171  0.043  0.228  0.057  0.043  0.026  0.148        1
 72:     0.030  0.037  0.175  0.023  0.052  0.135  0.210  0.158  0.059  0.121        1
 73:     0.015  0.002  0.076  0.163  0.045  0.093  0.177  0.065  0.008  0.354        1
 74:     0.202  0.024  0.052  0.056  0.060  0.026  0.005  0.086  0.106  0.383        1
 75:     0.084  0.051  0.107  0.103  0.105  0.181  0.121  0.058  0.089  0.099        1
 76:     0.014  0.054  0.062  0.149  0.122  0.038  0.048  0.036  0.395  0.081        1
 77:     0.123  0.035  0.019  0.138  0.008  0.192  0.093  0.110  0.056  0.226        1
 78:     0.033  0.014  0.073  0.008  0.016  0.259  0.287  0.177  0.069  0.065        1
 79:     0.079  0.059  0.130  0.121  0.065  0.151  0.119  0.078  0.102  0.096        1
 80:     0.221  0.035  0.093  0.193  0.024  0.131  0.020  0.059  0.049  0.175        1
 81:     0.096  0.013  0.056  0.184  0.012  0.087  0.206  0.124  0.084  0.135        1
 82:     0.031  0.025  0.138  0.159  0.028  0.406  0.010  0.084  0.039  0.080        1
 83:     0.067  0.104  0.019  0.062  0.034  0.061  0.022  0.067  0.061  0.503        1
 84:     0.125  0.014  0.036  0.098  0.082  0.348  0.056  0.032  0.135  0.075        1
 85:     0.066  0.058  0.070  0.158  0.179  0.172  0.076  0.036  0.092  0.091        1
 86:     0.168  0.154  0.007  0.237  0.192  0.073  0.042  0.015  0.041  0.069        1
 87:     0.006  0.002  0.040  0.437  0.115  0.169  0.021  0.099  0.044  0.068        1
 88:     0.025  0.055  0.035  0.035  0.073  0.611  0.004  0.011  0.011  0.141        1
 89:     0.088  0.021  0.037  0.152  0.244  0.216  0.037  0.132  0.049  0.023        1
 90:     0.038  0.081  0.012  0.134  0.288  0.144  0.074  0.028  0.145  0.054        1
 91:     0.010  0.067  0.006  0.124  0.133  0.460  0.068  0.010  0.099  0.023        1
 92:     0.090  0.003  0.103  0.057  0.269  0.336  0.011  0.010  0.091  0.031        1
 93:     0.018  0.020  0.035  0.064  0.125  0.464  0.046  0.073  0.131  0.025        1
 94:     0.063  0.003  0.017  0.103  0.187  0.163  0.097  0.086  0.132  0.150        1
 95:     0.058  0.018  0.010  0.166  0.056  0.402  0.071  0.109  0.052  0.057        1
 96:     0.064  0.055  0.051  0.171  0.159  0.270  0.041  0.035  0.088  0.068        1
 97:     0.039  0.014  0.074  0.052  0.279  0.222  0.030  0.005  0.128  0.158        1
 98:     0.036  0.056  0.085  0.057  0.119  0.373  0.073  0.077  0.103  0.021        1
 99:     0.005  0.087  0.044  0.132  0.257  0.183  0.046  0.040  0.109  0.096        1
100:     0.028  0.108  0.003  0.346  0.039  0.174  0.001  0.021  0.155  0.125        1
101:     0.042  0.048  0.008  0.274  0.002  0.213  0.030  0.037  0.110  0.236        1
102:     0.014  0.033  0.016  0.132  0.000  0.564  0.023  0.096  0.022  0.098        1
103:     0.045  0.004  0.040  0.222  0.280  0.201  0.006  0.071  0.055  0.077        1
104:     0.084  0.143  0.005  0.115  0.454  0.018  0.009  0.037  0.077  0.059        1
105:     0.034  0.015  0.018  0.101  0.079  0.441  0.013  0.007  0.101  0.191        1
106:     0.181  0.034  0.038  0.311  0.018  0.220  0.049  0.076  0.067  0.006        1
107:     0.021  0.041  0.051  0.050  0.467  0.087  0.034  0.065  0.110  0.075        1
108:     0.142  0.023  0.032  0.152  0.007  0.311  0.036  0.036  0.145  0.115        1
109:     0.066  0.013  0.009  0.226  0.058  0.322  0.033  0.106  0.148  0.019        1
110:     0.016  0.012  0.062  0.299  0.033  0.315  0.071  0.032  0.027  0.133        1
111:     0.016  0.167  0.014  0.113  0.205  0.355  0.050  0.019  0.004  0.057        1
112:     0.042  0.056  0.059  0.126  0.104  0.285  0.074  0.050  0.068  0.135        1
113:     0.036  0.038  0.040  0.111  0.106  0.370  0.048  0.069  0.097  0.085        1
114:     0.061  0.037  0.031  0.219  0.112  0.415  0.024  0.020  0.041  0.038        1
115:     0.036  0.009  0.099  0.076  0.089  0.497  0.040  0.071  0.042  0.041        1
116:     0.087  0.027  0.052  0.196  0.068  0.361  0.011  0.047  0.112  0.039        1
117:     0.025  0.052  0.008  0.335  0.163  0.273  0.007  0.037  0.084  0.016        1
118:     0.025  0.064  0.007  0.045  0.074  0.626  0.002  0.023  0.083  0.051        1
119:     0.004  0.015  0.223  0.008  0.235  0.393  0.033  0.012  0.039  0.038        1
120:     0.099  0.004  0.010  0.295  0.028  0.335  0.074  0.069  0.047  0.040        1
121:     0.035  0.017  0.082  0.043  0.350  0.231  0.062  0.008  0.145  0.027        1
122:     0.034  0.023  0.039  0.022  0.186  0.578  0.020  0.023  0.050  0.024        1
123:     0.013  0.041  0.099  0.019  0.032  0.578  0.063  0.008  0.061  0.085        1
124:     0.033  0.053  0.051  0.063  0.033  0.596  0.010  0.009  0.083  0.068        1
125:     0.083  0.061  0.050  0.127  0.131  0.287  0.047  0.053  0.103  0.059        1
126:     0.005  0.075  0.016  0.338  0.223  0.236  0.037  0.008  0.037  0.023        1
127:     0.073  0.044  0.072  0.060  0.131  0.360  0.036  0.025  0.104  0.096        1
128:     0.072  0.041  0.061  0.144  0.112  0.236  0.086  0.057  0.105  0.087        1
129:     0.024  0.043  0.003  0.156  0.228  0.291  0.024  0.088  0.093  0.051        1
130:     0.093  0.006  0.017  0.066  0.230  0.347  0.008  0.048  0.124  0.061        1
131:     0.043  0.022  0.029  0.130  0.270  0.140  0.007  0.044  0.133  0.183        1
132:     0.014  0.028  0.066  0.441  0.037  0.066  0.037  0.004  0.148  0.159        1
133:     0.014  0.067  0.039  0.195  0.072  0.329  0.015  0.057  0.177  0.034        1
134:     0.064  0.088  0.057  0.227  0.032  0.346  0.021  0.028  0.084  0.053        1
135:     0.071  0.002  0.087  0.160  0.048  0.445  0.012  0.007  0.078  0.089        1
136:     0.004  0.087  0.019  0.323  0.114  0.295  0.051  0.039  0.021  0.048        1
137:     0.036  0.009  0.107  0.133  0.317  0.192  0.054  0.001  0.003  0.148        1
138:     0.012  0.002  0.095  0.167  0.143  0.249  0.006  0.127  0.127  0.071        1
139:     0.051  0.020  0.034  0.072  0.088  0.500  0.033  0.017  0.114  0.069        1
140:     0.020  0.018  0.053  0.122  0.245  0.184  0.070  0.087  0.139  0.062        1
141:     0.053  0.066  0.010  0.048  0.071  0.563  0.013  0.011  0.045  0.119        1
142:     0.136  0.047  0.015  0.108  0.039  0.484  0.011  0.033  0.108  0.018        1
143:     0.053  0.025  0.032  0.039  0.069  0.501  0.059  0.041  0.063  0.116        1
144:     0.051  0.035  0.016  0.095  0.473  0.155  0.012  0.022  0.070  0.072        1
145:     0.075  0.100  0.036  0.101  0.188  0.256  0.054  0.048  0.075  0.068        1
146:     0.025  0.030  0.009  0.083  0.047  0.554  0.037  0.034  0.112  0.068        1
147:     0.057  0.032  0.047  0.079  0.345  0.247  0.074  0.015  0.078  0.027        1
148:     0.182  0.189  0.022  0.036  0.092  0.167  0.113  0.046  0.096  0.057        1
149:     0.127  0.016  0.029  0.177  0.086  0.040  0.137  0.070  0.179  0.140        1
150:     0.023  0.095  0.225  0.043  0.127  0.067  0.192  0.109  0.027  0.093        1
151:     0.166  0.082  0.017  0.122  0.027  0.016  0.122  0.136  0.039  0.274        1
152:     0.094  0.107  0.084  0.229  0.092  0.087  0.060  0.083  0.071  0.093        1
153:     0.062  0.080  0.039  0.135  0.033  0.108  0.200  0.130  0.048  0.166        1
154:     0.248  0.091  0.072  0.043  0.086  0.040  0.027  0.090  0.054  0.249        1
155:     0.078  0.120  0.176  0.151  0.023  0.220  0.110  0.031  0.013  0.078        1
156:     0.127  0.093  0.091  0.114  0.073  0.119  0.100  0.132  0.067  0.084        1
157:     0.011  0.050  0.144  0.226  0.029  0.076  0.276  0.068  0.049  0.069        1
158:     0.115  0.107  0.146  0.088  0.110  0.105  0.080  0.104  0.035  0.110        1
159:     0.041  0.091  0.207  0.052  0.015  0.096  0.110  0.240  0.041  0.108        1
160:     0.075  0.137  0.102  0.077  0.062  0.134  0.145  0.113  0.059  0.096        1
161:     0.152  0.090  0.026  0.078  0.225  0.175  0.113  0.078  0.043  0.020        1
162:     0.012  0.136  0.017  0.163  0.130  0.076  0.078  0.166  0.031  0.191        1
163:     0.117  0.087  0.117  0.113  0.054  0.072  0.138  0.127  0.089  0.085        1
164:     0.129  0.135  0.111  0.081  0.099  0.097  0.053  0.130  0.061  0.104        1
165:     0.155  0.104  0.160  0.201  0.010  0.095  0.026  0.097  0.101  0.051        1
166:     0.034  0.025  0.046  0.026  0.254  0.005  0.163  0.105  0.021  0.321        1
167:     0.144  0.072  0.081  0.095  0.042  0.075  0.170  0.226  0.064  0.032        1
168:     0.037  0.038  0.039  0.125  0.121  0.119  0.247  0.017  0.016  0.242        1
169:     0.242  0.110  0.160  0.209  0.080  0.017  0.040  0.032  0.041  0.070        1
170:     0.057  0.083  0.212  0.205  0.019  0.067  0.081  0.154  0.008  0.113        1
171:     0.125  0.099  0.081  0.083  0.225  0.064  0.085  0.088  0.055  0.094        1
172:     0.211  0.061  0.164  0.019  0.188  0.057  0.054  0.121  0.074  0.052        1
173:     0.072  0.022  0.105  0.270  0.029  0.087  0.146  0.145  0.052  0.072        1
174:     0.102  0.122  0.119  0.146  0.101  0.073  0.055  0.126  0.070  0.085        1
175:     0.128  0.093  0.114  0.123  0.099  0.068  0.125  0.098  0.049  0.104       50
176:     0.137  0.089  0.123  0.101  0.103  0.059  0.141  0.100  0.047  0.099       49
177:     0.142  0.088  0.102  0.113  0.093  0.064  0.112  0.138  0.049  0.099       50
178:     0.115  0.094  0.123  0.106  0.091  0.073  0.112  0.122  0.057  0.107       49
179:     0.118  0.084  0.122  0.101  0.088  0.082  0.110  0.136  0.053  0.106       23
180:     0.129  0.085  0.137  0.110  0.086  0.074  0.104  0.114  0.047  0.114       49
181:     0.017  0.055  0.021  0.017  0.037  0.052  0.031  0.020  0.730  0.021       30
182:     0.033  0.087  0.039  0.034  0.052  0.093  0.031  0.028  0.571  0.033       30
183:     0.102  0.065  0.136  0.097  0.083  0.083  0.126  0.105  0.088  0.114       34
184:     0.116  0.116  0.092  0.106  0.080  0.067  0.134  0.128  0.049  0.113       36
185:     0.118  0.092  0.091  0.089  0.102  0.104  0.122  0.134  0.050  0.098       40
186:     0.122  0.089  0.110  0.112  0.091  0.077  0.120  0.129  0.043  0.107       39
187:     0.136  0.111  0.091  0.097  0.084  0.071  0.144  0.114  0.052  0.100       37
188:     0.117  0.112  0.112  0.092  0.086  0.079  0.122  0.122  0.052  0.106       40
189:     0.123  0.097  0.117  0.101  0.088  0.076  0.107  0.117  0.058  0.117       35
190:     0.128  0.105  0.113  0.092  0.092  0.066  0.132  0.116  0.054  0.101       28
191:     0.115  0.096  0.139  0.100  0.085  0.072  0.103  0.125  0.049  0.116       36
192:     0.124  0.091  0.095  0.145  0.077  0.066  0.140  0.109  0.049  0.104       32
--------------------------------------------

 Rep#:   Lambda   Alpha      F1    F2    F3    F4    F5    F6    F7    F8    F9    F10     D1,2  D1,3  D1,4  D1,5  D1,6  D1,7  D1,8  D1,9  D1,10  D2,3  D2,4  D2,5  D2,6  D2,7  D2,8  D2,9  D2,10  D3,4  D3,5  D3,6  D3,7  D3,8  D3,9  D3,10  D4,5  D4,6  D4,7  D4,8  D4,9  D4,10  D5,6  D5,7  D5,8  D5,9  D5,10  D6,7  D6,8  D6,9  D6,10  D7,8  D7,9  D7,10  D8,9  D8,10  D9,10    Ln Like 
  100:    1.00    1.428    0.011 0.011 0.010 0.010 0.010 0.039 0.013 0.010 0.305 0.006    0.004 0.003 0.003 0.004 0.010 0.004 0.003 0.053 0.003 0.003 0.004 0.004 0.010 0.004 0.003 0.051 0.003 0.003 0.004 0.010 0.004 0.003 0.052 0.003 0.003 0.008 0.004 0.003 0.053 0.003 0.008 0.004 0.004 0.052 0.003 0.011 0.010 0.055 0.009 0.004 0.053 0.003 0.052 0.003 0.051   --  
  200:    1.00    1.121    0.011 0.011 0.010 0.010 0.012 0.237 0.013 0.010 0.238 0.006    0.004 0.003 0.003 0.004 0.040 0.004 0.003 0.035 0.003 0.004 0.003 0.004 0.040 0.004 0.003 0.034 0.003 0.003 0.003 0.040 0.004 0.003 0.034 0.003 0.003 0.040 0.004 0.003 0.034 0.003 0.040 0.004 0.003 0.034 0.003 0.041 0.040 0.063 0.039 0.004 0.035 0.003 0.034 0.003 0.033   --  
  300:    1.00    0.945    0.011 0.011 0.010 0.010 0.012 0.203 0.013 0.010 0.206 0.006    0.004 0.003 0.003 0.004 0.035 0.004 0.003 0.030 0.003 0.003 0.003 0.004 0.034 0.004 0.004 0.029 0.003 0.003 0.003 0.034 0.004 0.003 0.029 0.003 0.003 0.034 0.004 0.003 0.030 0.003 0.034 0.004 0.003 0.030 0.003 0.035 0.034 0.054 0.034 0.004 0.030 0.003 0.030 0.003 0.029   --  
  400:    1.00    0.813    0.011 0.013 0.010 0.010 0.012 0.181 0.016 0.010 0.192 0.246    0.004 0.003 0.003 0.004 0.032 0.004 0.003 0.029 0.040 0.004 0.004 0.004 0.033 0.005 0.004 0.029 0.040 0.003 0.003 0.032 0.004 0.003 0.029 0.040 0.004 0.032 0.004 0.003 0.029 0.039 0.032 0.004 0.003 0.029 0.040 0.033 0.032 0.050 0.059 0.004 0.030 0.040 0.029 0.039 0.055   --  
  500:    1.00    0.760    0.011 0.082 0.011 0.010 0.012 0.173 0.016 0.010 0.206 0.258    0.017 0.003 0.003 0.004 0.031 0.004 0.003 0.031 0.042 0.017 0.017 0.018 0.042 0.019 0.017 0.041 0.054 0.003 0.003 0.031 0.004 0.003 0.031 0.042 0.003 0.031 0.004 0.003 0.031 0.042 0.031 0.005 0.004 0.031 0.042 0.033 0.031 0.050 0.060 0.004 0.032 0.043 0.031 0.042 0.059   --  
  600:    1.00    0.712    0.011 0.272 0.011 0.010 0.012 0.171 0.016 0.010 0.223 0.257    0.042 0.003 0.003 0.004 0.031 0.004 0.003 0.033 0.043 0.042 0.041 0.042 0.057 0.043 0.042 0.053 0.068 0.003 0.004 0.031 0.004 0.003 0.033 0.043 0.003 0.030 0.004 0.003 0.033 0.043 0.031 0.004 0.004 0.033 0.044 0.032 0.031 0.052 0.060 0.004 0.034 0.044 0.033 0.043 0.062   --  
  700:    1.00    0.673    0.010 0.257 0.011 0.010 0.012 0.167 0.016 0.010 0.223 0.262    0.039 0.003 0.003 0.004 0.030 0.004 0.003 0.033 0.042 0.038 0.039 0.039 0.054 0.040 0.039 0.049 0.066 0.003 0.003 0.030 0.004 0.003 0.033 0.042 0.003 0.030 0.004 0.003 0.033 0.042 0.030 0.004 0.004 0.034 0.043 0.031 0.030 0.052 0.060 0.004 0.034 0.043 0.033 0.042 0.063   --  
  800:    1.00    0.637    0.010 0.243 0.011 0.010 0.012 0.165 0.016 0.010 0.226 0.261    0.037 0.003 0.003 0.004 0.029 0.004 0.003 0.033 0.042 0.036 0.036 0.037 0.052 0.037 0.036 0.046 0.063 0.003 0.004 0.030 0.004 0.003 0.033 0.042 0.003 0.030 0.004 0.003 0.033 0.041 0.030 0.004 0.004 0.034 0.042 0.030 0.030 0.052 0.060 0.004 0.034 0.043 0.033 0.042 0.063   --  
  900:    1.00    0.615    0.010 0.236 0.011 0.010 0.012 0.165 0.016 0.010 0.232 0.258    0.035 0.003 0.003 0.004 0.030 0.004 0.003 0.033 0.042 0.035 0.035 0.036 0.052 0.037 0.035 0.046 0.063 0.003 0.003 0.030 0.004 0.003 0.033 0.042 0.003 0.030 0.004 0.003 0.034 0.041 0.030 0.004 0.004 0.034 0.042 0.031 0.030 0.052 0.060 0.004 0.035 0.043 0.034 0.042 0.064   --  

--------------------------------------------
Proportion of membership of each pre-defined
 population in each of the 10 clusters

Given    Inferred Clusters                                                        Number of
 Pop       1      2      3      4      5      6      7      8      9     10      Individuals

  1:     0.139  0.062  0.151  0.131  0.149  0.037  0.118  0.123  0.041  0.050       54
  2:     0.142  0.060  0.083  0.121  0.141  0.037  0.129  0.195  0.041  0.051       30
  3:     0.027  0.238  0.028  0.026  0.034  0.050  0.023  0.035  0.488  0.051       30
  4:     0.003  0.945  0.003  0.002  0.002  0.003  0.002  0.002  0.037  0.002       20
  5:     0.009  0.839  0.005  0.008  0.006  0.009  0.006  0.010  0.098  0.009       30
  6:     0.142  0.057  0.123  0.112  0.137  0.042  0.140  0.164  0.034  0.049       43
  7:     0.135  0.059  0.125  0.141  0.172  0.036  0.134  0.121  0.035  0.043       44
  8:     0.159  0.044  0.183  0.116  0.100  0.041  0.203  0.087  0.021  0.047        4
  9:     0.166  0.031  0.155  0.078  0.104  0.035  0.191  0.171  0.014  0.054       22
 10:     0.185  0.023  0.120  0.152  0.155  0.035  0.116  0.139  0.021  0.055       24
 11:     0.156  0.056  0.113  0.151  0.136  0.039  0.131  0.144  0.031  0.044       54
 12:     0.150  0.054  0.146  0.137  0.123  0.032  0.152  0.125  0.032  0.049       37
 13:     0.129  0.061  0.147  0.158  0.115  0.039  0.126  0.141  0.039  0.046       42
 14:     0.161  0.061  0.153  0.109  0.142  0.030  0.129  0.131  0.037  0.048       42
 15:     0.155  0.062  0.150  0.146  0.134  0.039  0.122  0.104  0.039  0.049       49
 16:     0.129  0.063  0.134  0.134  0.129  0.037  0.147  0.137  0.041  0.048      124
 17:     0.172  0.056  0.109  0.166  0.109  0.038  0.139  0.126  0.034  0.052       24
 18:     0.180  0.051  0.129  0.152  0.143  0.038  0.089  0.135  0.027  0.055       34
 19:     0.158  0.056  0.142  0.132  0.130  0.033  0.117  0.140  0.042  0.049       52
 20:     0.004  0.010  0.285  0.130  0.171  0.015  0.232  0.013  0.081  0.060        1
 21:     0.001  0.019  0.233  0.310  0.165  0.108  0.048  0.025  0.023  0.069        1
 22:     0.072  0.075  0.220  0.030  0.124  0.026  0.091  0.292  0.003  0.064        1
 23:     0.249  0.109  0.287  0.122  0.047  0.095  0.023  0.017  0.015  0.036        1
 24:     0.180  0.012  0.194  0.155  0.199  0.048  0.106  0.015  0.029  0.063        1
 25:     0.017  0.098  0.577  0.008  0.026  0.043  0.029  0.092  0.074  0.035        1
 26:     0.169  0.076  0.347  0.000  0.097  0.065  0.021  0.127  0.024  0.073        1
 27:     0.099  0.071  0.284  0.156  0.242  0.038  0.002  0.002  0.044  0.062        1
 28:     0.188  0.017  0.043  0.375  0.029  0.040  0.069  0.155  0.000  0.083        1
 29:     0.005  0.013  0.158  0.318  0.117  0.044  0.023  0.222  0.045  0.055        1
 30:     0.277  0.159  0.184  0.050  0.085  0.055  0.075  0.073  0.011  0.032        1
 31:     0.122  0.213  0.052  0.139  0.001  0.034  0.182  0.131  0.066  0.061        1
 32:     0.075  0.010  0.057  0.010  0.303  0.054  0.056  0.341  0.021  0.072        1
 33:     0.100  0.089  0.135  0.008  0.250  0.016  0.103  0.177  0.027  0.097        1
 34:     0.123  0.059  0.168  0.159  0.023  0.015  0.206  0.146  0.006  0.095        1
 35:     0.038  0.057  0.035  0.033  0.035  0.038  0.486  0.189  0.028  0.060        1
 36:     0.188  0.018  0.270  0.028  0.173  0.088  0.010  0.094  0.062  0.069        1
 37:     0.145  0.071  0.030  0.019  0.411  0.050  0.067  0.159  0.020  0.029        1
 38:     0.051  0.114  0.117  0.070  0.121  0.127  0.240  0.063  0.049  0.048        1
 39:     0.005  0.054  0.232  0.089  0.001  0.069  0.295  0.139  0.010  0.104        1
 40:     0.197  0.080  0.055  0.000  0.015  0.099  0.157  0.309  0.062  0.027        1
 41:     0.271  0.002  0.078  0.187  0.075  0.050  0.146  0.098  0.010  0.082        1
 42:     0.099  0.059  0.002  0.264  0.128  0.034  0.188  0.132  0.039  0.056        1
 43:     0.191  0.080  0.237  0.052  0.128  0.032  0.179  0.010  0.031  0.061        1
 44:     0.021  0.147  0.342  0.336  0.010  0.006  0.050  0.009  0.039  0.041        1
 45:     0.025  0.042  0.085  0.080  0.178  0.045  0.326  0.097  0.028  0.094        1
 46:     0.008  0.039  0.092  0.387  0.183  0.131  0.051  0.074  0.033  0.003        1
 47:     0.009  0.004  0.014  0.032  0.705  0.020  0.091  0.003  0.066  0.056        1
 48:     0.030  0.017  0.092  0.031  0.624  0.037  0.114  0.005  0.008  0.043        1
 49:     0.130  0.006  0.064  0.212  0.107  0.059  0.227  0.082  0.035  0.078        1
 50:     0.150  0.274  0.082  0.164  0.002  0.039  0.044  0.094  0.129  0.022        1
 51:     0.117  0.173  0.004  0.170  0.106  0.029  0.081  0.144  0.097  0.079        1
 52:     0.113  0.032  0.223  0.194  0.044  0.066  0.164  0.018  0.078  0.067        1
 53:     0.125  0.057  0.032  0.114  0.204  0.076  0.144  0.176  0.043  0.030        1
 54:     0.002  0.000  0.008  0.001  0.000  0.001  0.001  0.004  0.007  0.977        1
 55:     0.001  0.000  0.002  0.000  0.003  0.003  0.001  0.000  0.006  0.983        1
 56:     0.065  0.001  0.008  0.029  0.012  0.012  0.026  0.030  0.000  0.818        1
 57:     0.012  0.002  0.001  0.023  0.017  0.004  0.019  0.000  0.010  0.911        1
 58:     0.002  0.001  0.004  0.032  0.027  0.008  0.009  0.000  0.010  0.908        1
 59:     0.029  0.010  0.004  0.011  0.001  0.000  0.038  0.054  0.015  0.838        1
 60:     0.001  0.001  0.000  0.003  0.001  0.002  0.001  0.007  0.005  0.979        1
 61:     0.002  0.000  0.000  0.001  0.000  0.001  0.002  0.006  0.005  0.982        1
 62:     0.040  0.248  0.075  0.062  0.238  0.005  0.020  0.076  0.222  0.013        1
 63:     0.000  0.017  0.002  0.003  0.015  0.019  0.002  0.002  0.020  0.919        1
 64:     0.000  0.000  0.000  0.000  0.001  0.002  0.001  0.000  0.000  0.996        1
 65:     0.000  0.000  0.001  0.000  0.003  0.000  0.000  0.000  0.001  0.994        1
 66:     0.002  0.001  0.004  0.017  0.001  0.001  0.005  0.001  0.014  0.953        1
 67:     0.009  0.043  0.062  0.112  0.014  0.085  0.011  0.019  0.055  0.591        1
 68:     0.009  0.006  0.001  0.013  0.000  0.012  0.007  0.028  0.016  0.909        1
 69:     0.011  0.003  0.000  0.009  0.000  0.002  0.018  0.004  0.006  0.948        1
 70:     0.001  0.009  0.050  0.008  0.006  0.010  0.016  0.050  0.055  0.795        1
 71:     0.000  0.003  0.001  0.000  0.000  0.000  0.001  0.000  0.001  0.993        1
 72:     0.000  0.001  0.002  0.002  0.004  0.000  0.000  0.000  0.000  0.990        1
 73:     0.000  0.000  0.000  0.000  0.001  0.000  0.002  0.000  0.000  0.995        1
 74:     0.017  0.039  0.024  0.084  0.006  0.001  0.001  0.081  0.011  0.736        1
 75:     0.001  0.001  0.001  0.000  0.000  0.000  0.000  0.000  0.001  0.996        1
 76:     0.031  0.267  0.012  0.144  0.095  0.105  0.013  0.007  0.324  0.000        1
 77:     0.001  0.000  0.002  0.000  0.000  0.000  0.002  0.000  0.002  0.992        1
 78:     0.005  0.002  0.008  0.019  0.060  0.000  0.046  0.010  0.055  0.794        1
 79:     0.000  0.000  0.001  0.000  0.000  0.000  0.000  0.003  0.000  0.995        1
 80:     0.006  0.002  0.010  0.005  0.005  0.000  0.006  0.001  0.006  0.959        1
 81:     0.002  0.002  0.001  0.000  0.000  0.002  0.000  0.000  0.000  0.993        1
 82:     0.002  0.046  0.025  0.153  0.030  0.165  0.004  0.035  0.041  0.500        1
 83:     0.000  0.005  0.000  0.001  0.005  0.000  0.005  0.000  0.002  0.982        1
 84:     0.000  0.018  0.010  0.002  0.000  0.914  0.000  0.025  0.024  0.006        1
 85:     0.012  0.037  0.000  0.000  0.000  0.903  0.015  0.005  0.018  0.009        1
 86:     0.036  0.005  0.046  0.036  0.004  0.814  0.020  0.001  0.027  0.010        1
 87:     0.002  0.004  0.016  0.001  0.009  0.951  0.002  0.008  0.005  0.002        1
 88:     0.002  0.015  0.016  0.003  0.000  0.951  0.010  0.000  0.000  0.002        1
 89:     0.019  0.003  0.003  0.000  0.020  0.937  0.004  0.001  0.005  0.009        1
 90:     0.000  0.024  0.001  0.001  0.003  0.969  0.000  0.000  0.001  0.000        1
 91:     0.002  0.006  0.018  0.002  0.004  0.946  0.013  0.005  0.003  0.001        1
 92:     0.029  0.001  0.009  0.006  0.097  0.803  0.029  0.006  0.014  0.005        1
 93:     0.018  0.002  0.001  0.005  0.000  0.884  0.001  0.001  0.087  0.000        1
 94:     0.044  0.001  0.027  0.005  0.003  0.883  0.021  0.000  0.011  0.005        1
 95:     0.003  0.048  0.005  0.046  0.001  0.849  0.007  0.025  0.005  0.010        1
 96:     0.000  0.003  0.001  0.001  0.001  0.971  0.001  0.001  0.004  0.016        1
 97:     0.028  0.014  0.005  0.003  0.001  0.902  0.000  0.002  0.033  0.012        1
 98:     0.002  0.015  0.006  0.000  0.019  0.926  0.020  0.009  0.002  0.000        1
 99:     0.000  0.000  0.000  0.002  0.001  0.994  0.001  0.000  0.000  0.001        1
100:     0.000  0.040  0.001  0.005  0.002  0.942  0.003  0.001  0.000  0.005        1
101:     0.040  0.035  0.000  0.121  0.022  0.733  0.007  0.000  0.033  0.008        1
102:     0.012  0.015  0.017  0.013  0.034  0.772  0.001  0.122  0.002  0.012        1
103:     0.000  0.011  0.013  0.002  0.009  0.940  0.017  0.006  0.001  0.001        1
104:     0.009  0.004  0.015  0.001  0.001  0.902  0.044  0.020  0.003  0.001        1
105:     0.003  0.039  0.003  0.011  0.001  0.861  0.001  0.001  0.041  0.039        1
106:     0.007  0.021  0.029  0.108  0.010  0.766  0.003  0.045  0.001  0.010        1
107:     0.000  0.003  0.000  0.005  0.000  0.927  0.029  0.010  0.016  0.009        1
108:     0.038  0.088  0.035  0.000  0.018  0.816  0.001  0.001  0.002  0.000        1
109:     0.018  0.053  0.009  0.074  0.000  0.764  0.002  0.012  0.058  0.010        1
110:     0.018  0.014  0.038  0.077  0.030  0.730  0.026  0.017  0.001  0.048        1
111:     0.000  0.008  0.005  0.001  0.000  0.954  0.010  0.007  0.011  0.004        1
112:     0.000  0.009  0.001  0.001  0.001  0.973  0.004  0.011  0.000  0.000        1
113:     0.009  0.017  0.000  0.007  0.025  0.913  0.002  0.007  0.001  0.018        1
114:     0.003  0.005  0.009  0.000  0.004  0.945  0.001  0.003  0.001  0.028        1
115:     0.007  0.000  0.003  0.030  0.003  0.919  0.003  0.016  0.014  0.006        1
116:     0.001  0.000  0.000  0.003  0.001  0.966  0.003  0.002  0.022  0.002        1
117:     0.022  0.010  0.000  0.000  0.002  0.913  0.002  0.002  0.049  0.000        1
118:     0.002  0.003  0.001  0.020  0.000  0.937  0.005  0.001  0.030  0.001        1
119:     0.003  0.010  0.064  0.013  0.009  0.834  0.006  0.030  0.002  0.029        1
120:     0.006  0.006  0.006  0.000  0.027  0.901  0.008  0.000  0.002  0.042        1
121:     0.000  0.003  0.009  0.011  0.004  0.947  0.008  0.005  0.000  0.012        1
122:     0.005  0.004  0.001  0.042  0.009  0.927  0.004  0.003  0.001  0.004        1
123:     0.008  0.001  0.015  0.000  0.002  0.967  0.003  0.001  0.003  0.001        1
124:     0.033  0.074  0.000  0.039  0.008  0.792  0.000  0.027  0.024  0.002        1
125:     0.001  0.015  0.000  0.022  0.001  0.954  0.000  0.005  0.000  0.002        1
126:     0.004  0.000  0.000  0.003  0.119  0.818  0.002  0.003  0.010  0.041        1
127:     0.032  0.045  0.017  0.003  0.017  0.872  0.003  0.004  0.007  0.000        1
128:     0.012  0.002  0.014  0.004  0.003  0.918  0.012  0.004  0.004  0.026        1
129:     0.000  0.000  0.004  0.000  0.001  0.993  0.000  0.001  0.000  0.002        1
130:     0.004  0.060  0.013  0.002  0.009  0.841  0.011  0.001  0.052  0.008        1
131:     0.000  0.000  0.000  0.009  0.005  0.978  0.002  0.000  0.002  0.003        1
132:     0.006  0.084  0.000  0.025  0.066  0.778  0.010  0.002  0.029  0.001        1
133:     0.011  0.118  0.001  0.003  0.005  0.805  0.003  0.003  0.046  0.004        1
134:     0.021  0.000  0.032  0.058  0.014  0.792  0.037  0.000  0.026  0.020        1
135:     0.000  0.050  0.019  0.108  0.008  0.755  0.033  0.013  0.003  0.010        1
136:     0.001  0.000  0.013  0.000  0.001  0.982  0.000  0.000  0.002  0.000        1
137:     0.002  0.003  0.006  0.001  0.002  0.951  0.006  0.014  0.001  0.013        1
138:     0.000  0.002  0.004  0.000  0.004  0.986  0.000  0.001  0.000  0.004        1
139:     0.001  0.090  0.018  0.002  0.004  0.873  0.002  0.001  0.010  0.000        1
140:     0.000  0.120  0.002  0.001  0.001  0.857  0.009  0.003  0.001  0.007        1
141:     0.002  0.002  0.004  0.003  0.003  0.969  0.005  0.000  0.007  0.006        1
142:     0.118  0.002  0.001  0.002  0.009  0.827  0.031  0.003  0.002  0.005        1
143:     0.004  0.022  0.003  0.011  0.007  0.899  0.001  0.015  0.035  0.003        1
144:     0.000  0.007  0.001  0.000  0.017  0.945  0.015  0.011  0.000  0.004        1
145:     0.004  0.004  0.002  0.007  0.000  0.973  0.001  0.003  0.001  0.006        1
146:     0.006  0.007  0.002  0.025  0.002  0.908  0.000  0.008  0.039  0.003        1
147:     0.001  0.046  0.001  0.000  0.000  0.936  0.003  0.003  0.005  0.004        1
148:     0.134  0.112  0.080  0.003  0.215  0.136  0.096  0.133  0.028  0.063        1
149:     0.209  0.115  0.089  0.065  0.100  0.093  0.095  0.047  0.144  0.043        1
150:     0.044  0.063  0.187  0.074  0.339  0.085  0.067  0.055  0.038  0.049        1
151:     0.181  0.037  0.217  0.049  0.033  0.041  0.153  0.207  0.016  0.066        1
152:     0.025  0.066  0.124  0.276  0.148  0.026  0.030  0.191  0.053  0.061        1
153:     0.129  0.028  0.194  0.185  0.116  0.074  0.150  0.016  0.056  0.052        1
154:     0.033  0.074  0.183  0.029  0.124  0.036  0.296  0.157  0.035  0.033        1
155:     0.266  0.075  0.067  0.028  0.059  0.062  0.177  0.188  0.019  0.058        1
156:     0.156  0.082  0.020  0.110  0.060  0.039  0.110  0.311  0.037  0.076        1
157:     0.046  0.083  0.130  0.030  0.137  0.043  0.061  0.414  0.024  0.031        1
158:     0.039  0.032  0.029  0.463  0.001  0.059  0.001  0.242  0.055  0.078        1
159:     0.011  0.023  0.102  0.039  0.045  0.036  0.248  0.415  0.016  0.065        1
160:     0.010  0.032  0.129  0.209  0.222  0.066  0.053  0.216  0.016  0.048        1
161:     0.196  0.025  0.010  0.198  0.228  0.128  0.003  0.085  0.063  0.063        1
162:     0.006  0.010  0.020  0.319  0.065  0.071  0.072  0.305  0.051  0.081        1
163:     0.260  0.073  0.070  0.086  0.116  0.048  0.075  0.201  0.010  0.061        1
164:     0.071  0.074  0.202  0.042  0.071  0.043  0.098  0.308  0.046  0.046        1
165:     0.076  0.050  0.105  0.288  0.233  0.087  0.004  0.013  0.070  0.073        1
166:     0.079  0.088  0.103  0.090  0.323  0.019  0.034  0.191  0.035  0.037        1
167:     0.086  0.026  0.192  0.178  0.098  0.017  0.170  0.109  0.063  0.061        1
168:     0.016  0.026  0.322  0.039  0.196  0.021  0.025  0.271  0.019  0.065        1
169:     0.214  0.063  0.223  0.066  0.081  0.033  0.150  0.075  0.039  0.056        1
170:     0.028  0.023  0.358  0.026  0.028  0.055  0.054  0.328  0.030  0.069        1
171:     0.287  0.020  0.036  0.166  0.374  0.036  0.012  0.005  0.026  0.038        1
172:     0.212  0.065  0.036  0.132  0.211  0.026  0.098  0.105  0.034  0.080        1
173:     0.011  0.031  0.288  0.189  0.004  0.019  0.196  0.213  0.016  0.032        1
174:     0.039  0.061  0.265  0.200  0.002  0.030  0.102  0.214  0.036  0.050        1
175:     0.148  0.061  0.150  0.152  0.104  0.039  0.132  0.127  0.038  0.048       50
176:     0.148  0.045  0.146  0.142  0.119  0.034  0.146  0.131  0.040  0.050       49
177:     0.142  0.046  0.131  0.135  0.114  0.040  0.140  0.167  0.040  0.044       50
178:     0.143  0.051  0.164  0.126  0.125  0.031  0.131  0.138  0.040  0.051       49
179:     0.118  0.064  0.184  0.131  0.116  0.038  0.125  0.141  0.037  0.047       23
180:     0.154  0.055  0.186  0.120  0.123  0.035  0.108  0.136  0.034  0.049       49
181:     0.002  0.021  0.003  0.002  0.002  0.003  0.002  0.003  0.957  0.004       30
182:     0.005  0.121  0.005  0.004  0.007  0.005  0.006  0.009  0.827  0.011       30
183:     0.116  0.065  0.138  0.113  0.087  0.057  0.127  0.175  0.079  0.041       34
184:     0.190  0.049  0.163  0.116  0.070  0.031  0.125  0.173  0.043  0.040       36
185:     0.164  0.055  0.128  0.096  0.110  0.043  0.158  0.161  0.039  0.046       40
186:     0.135  0.046  0.141  0.123  0.118  0.033  0.134  0.182  0.034  0.053       39
187:     0.143  0.055  0.140  0.115  0.103  0.033  0.165  0.158  0.038  0.051       37
188:     0.186  0.058  0.129  0.116  0.085  0.037  0.148  0.151  0.042  0.047       40
189:     0.166  0.059  0.147  0.125  0.083  0.035  0.129  0.164  0.043  0.050       35
190:     0.159  0.066  0.141  0.119  0.093  0.029  0.142  0.151  0.049  0.050       28
191:     0.147  0.055  0.159  0.108  0.106  0.032  0.120  0.190  0.036  0.047       36
192:     0.153  0.055  0.117  0.130  0.084  0.027  0.174  0.167  0.042  0.052       32
--------------------------------------------

 Rep#:   Lambda   Alpha      F1    F2    F3    F4    F5    F6    F7    F8    F9    F10     D1,2  D1,3  D1,4  D1,5  D1,6  D1,7  D1,8  D1,9  D1,10  D2,3  D2,4  D2,5  D2,6  D2,7  D2,8  D2,9  D2,10  D3,4  D3,5  D3,6  D3,7  D3,8  D3,9  D3,10  D4,5  D4,6  D4,7  D4,8  D4,9  D4,10  D5,6  D5,7  D5,8  D5,9  D5,10  D6,7  D6,8  D6,9  D6,10  D7,8  D7,9  D7,10  D8,9  D8,10  D9,10    Ln Like 
