

----------------------------------------------------
STRUCTURE by Pritchard, Stephens and Donnelly (2000)
     and Falush, Stephens and Pritchard (2003)
       Code by Pritchard, Falush and Hubisz
             Version 2.3.4 (Jul 2012)
----------------------------------------------------


Reading file "/workdir/yc2644/CV_CT_array/structure/threader_input/mainparams".
Reading file "/workdir/yc2644/CV_CT_array/structure/threader_input/extraparams".
Reading file "/workdir/yc2644/CV_CT_array/structure/threader_input/n1601.recode.strct_in".


Data file "/workdir/yc2644/CV_CT_array/structure/threader_input/n1601.recode.strct_in" (truncated) --

Ind:   Label Pop : Genotype_data . . . .
  1:  001s    1  :  2   1   2   2   2   1   2  . . . .   2
  1:  001s    1  :  2   2   2   2   2   2   2  . . . .   2
  2:  002s    1  :  2   2   2   2   1   1   2  . . . .   2
  2:  002s    1  :  2   2   2   2   2   2   2  . . . .   2
  3:  003s    1  :  1   2   1   2   2   2   2  . . . .   1
  3:  003s    1  :  2   2   1   2   2   2   2  . . . .   2
  4:  004s    1  :  1   1   2   2   1   2   2  . . . .   1
  4:  004s    1  :  2   1   2   2   2   2   2  . . . .   2

      *******   

1600:    49  192  :  2   2   2   2   2   1   2  . . . .   1
1600:    49  192  :  2   2   2   2   2   2   2  . . . .   2
1601:    50  192  :  2   1   2   2   1   2   2  . . . .   1
1601:    50  192  :  2   2   2   2   2   2   2  . . . .   2

Number of alleles per locus: min= 2; ave=2.0; max= 2


--------------------------------------

Finished initialization; starting MCMC 
100000 iterations + 10000 burnin


--------------------------------------------
Proportion of membership of each pre-defined
 population in each of the 10 clusters

Given    Inferred Clusters                                                        Number of
 Pop       1      2      3      4      5      6      7      8      9     10      Individuals

  1:     0.082  0.099  0.137  0.100  0.093  0.096  0.061  0.116  0.109  0.106       54
  2:     0.087  0.091  0.140  0.089  0.067  0.103  0.051  0.116  0.139  0.118       30
  3:     0.057  0.059  0.031  0.079  0.107  0.069  0.433  0.060  0.034  0.072       30
  4:     0.046  0.044  0.020  0.058  0.073  0.087  0.488  0.040  0.059  0.085       20
  5:     0.058  0.064  0.032  0.050  0.081  0.052  0.490  0.062  0.048  0.062       30
  6:     0.080  0.117  0.128  0.111  0.082  0.097  0.049  0.121  0.108  0.107       43
  7:     0.080  0.107  0.133  0.110  0.078  0.096  0.050  0.109  0.134  0.104       44
  8:     0.065  0.128  0.150  0.155  0.105  0.053  0.028  0.093  0.153  0.068        4
  9:     0.107  0.083  0.153  0.111  0.070  0.112  0.036  0.124  0.115  0.090       22
 10:     0.075  0.095  0.176  0.109  0.077  0.109  0.042  0.095  0.135  0.087       24
 11:     0.099  0.109  0.127  0.119  0.078  0.096  0.055  0.118  0.107  0.091       54
 12:     0.084  0.112  0.138  0.092  0.066  0.098  0.054  0.135  0.115  0.106       37
 13:     0.089  0.123  0.120  0.093  0.086  0.117  0.057  0.097  0.109  0.110       42
 14:     0.108  0.094  0.137  0.106  0.070  0.103  0.061  0.103  0.116  0.102       42
 15:     0.097  0.104  0.126  0.098  0.071  0.125  0.056  0.107  0.107  0.109       49
 16:     0.097  0.096  0.135  0.109  0.071  0.099  0.054  0.109  0.130  0.101      124
 17:     0.068  0.096  0.118  0.099  0.079  0.107  0.053  0.138  0.110  0.131       24
 18:     0.090  0.102  0.132  0.093  0.073  0.110  0.049  0.129  0.116  0.108       34
 19:     0.072  0.124  0.138  0.130  0.082  0.096  0.053  0.103  0.095  0.107       52
 20:     0.123  0.013  0.215  0.080  0.038  0.158  0.051  0.111  0.087  0.122        1
 21:     0.177  0.247  0.064  0.129  0.098  0.041  0.019  0.071  0.072  0.082        1
 22:     0.057  0.248  0.044  0.086  0.028  0.233  0.042  0.037  0.140  0.086        1
 23:     0.038  0.143  0.116  0.152  0.079  0.075  0.082  0.064  0.168  0.082        1
 24:     0.024  0.055  0.089  0.076  0.109  0.166  0.029  0.135  0.128  0.188        1
 25:     0.089  0.064  0.181  0.245  0.172  0.014  0.085  0.053  0.077  0.020        1
 26:     0.074  0.064  0.203  0.089  0.114  0.114  0.074  0.142  0.088  0.038        1
 27:     0.086  0.140  0.091  0.152  0.041  0.077  0.077  0.103  0.098  0.134        1
 28:     0.064  0.166  0.105  0.078  0.204  0.054  0.079  0.041  0.123  0.086        1
 29:     0.068  0.054  0.236  0.040  0.142  0.096  0.033  0.036  0.234  0.061        1
 30:     0.025  0.072  0.106  0.010  0.264  0.106  0.073  0.120  0.117  0.106        1
 31:     0.097  0.202  0.005  0.080  0.022  0.079  0.119  0.122  0.220  0.054        1
 32:     0.015  0.021  0.320  0.126  0.097  0.002  0.048  0.094  0.026  0.252        1
 33:     0.090  0.109  0.130  0.059  0.064  0.115  0.060  0.134  0.089  0.150        1
 34:     0.043  0.023  0.341  0.118  0.047  0.047  0.073  0.128  0.162  0.018        1
 35:     0.058  0.112  0.162  0.025  0.020  0.153  0.016  0.190  0.208  0.055        1
 36:     0.084  0.088  0.105  0.142  0.112  0.082  0.052  0.110  0.124  0.101        1
 37:     0.098  0.102  0.168  0.134  0.053  0.073  0.091  0.100  0.107  0.073        1
 38:     0.222  0.248  0.117  0.067  0.079  0.106  0.008  0.003  0.093  0.056        1
 39:     0.075  0.022  0.109  0.096  0.050  0.054  0.035  0.306  0.107  0.147        1
 40:     0.113  0.073  0.095  0.073  0.181  0.093  0.083  0.043  0.131  0.115        1
 41:     0.165  0.203  0.244  0.058  0.033  0.015  0.039  0.046  0.063  0.135        1
 42:     0.025  0.009  0.266  0.136  0.037  0.061  0.032  0.106  0.169  0.158        1
 43:     0.061  0.024  0.101  0.047  0.040  0.364  0.023  0.140  0.176  0.023        1
 44:     0.067  0.003  0.024  0.003  0.084  0.191  0.126  0.388  0.077  0.039        1
 45:     0.086  0.082  0.051  0.202  0.109  0.076  0.024  0.148  0.164  0.057        1
 46:     0.299  0.112  0.038  0.131  0.070  0.046  0.028  0.011  0.137  0.129        1
 47:     0.042  0.114  0.206  0.051  0.104  0.048  0.013  0.073  0.167  0.182        1
 48:     0.066  0.077  0.106  0.110  0.114  0.134  0.038  0.080  0.184  0.091        1
 49:     0.024  0.178  0.250  0.140  0.198  0.100  0.005  0.042  0.019  0.043        1
 50:     0.046  0.086  0.057  0.174  0.140  0.084  0.226  0.071  0.102  0.014        1
 51:     0.119  0.144  0.114  0.089  0.018  0.084  0.153  0.011  0.082  0.188        1
 52:     0.154  0.075  0.067  0.117  0.083  0.090  0.065  0.147  0.094  0.108        1
 53:     0.025  0.172  0.175  0.138  0.169  0.098  0.044  0.056  0.031  0.091        1
 54:     0.028  0.388  0.043  0.234  0.015  0.054  0.127  0.072  0.018  0.022        1
 55:     0.047  0.489  0.059  0.129  0.025  0.081  0.052  0.044  0.059  0.016        1
 56:     0.083  0.432  0.067  0.100  0.037  0.153  0.033  0.068  0.024  0.002        1
 57:     0.015  0.398  0.004  0.143  0.055  0.084  0.084  0.044  0.120  0.054        1
 58:     0.066  0.529  0.093  0.118  0.037  0.007  0.010  0.031  0.039  0.068        1
 59:     0.013  0.456  0.031  0.022  0.028  0.071  0.076  0.105  0.111  0.088        1
 60:     0.051  0.309  0.092  0.085  0.079  0.113  0.100  0.108  0.027  0.035        1
 61:     0.088  0.252  0.080  0.078  0.084  0.087  0.094  0.103  0.089  0.046        1
 62:     0.054  0.073  0.045  0.058  0.110  0.058  0.269  0.142  0.030  0.161        1
 63:     0.042  0.366  0.060  0.001  0.030  0.189  0.133  0.126  0.048  0.006        1
 64:     0.010  0.582  0.015  0.057  0.020  0.093  0.005  0.108  0.066  0.042        1
 65:     0.117  0.456  0.029  0.002  0.020  0.144  0.046  0.020  0.063  0.104        1
 66:     0.070  0.524  0.035  0.020  0.005  0.046  0.130  0.098  0.009  0.063        1
 67:     0.064  0.189  0.004  0.116  0.140  0.264  0.082  0.058  0.067  0.016        1
 68:     0.039  0.452  0.053  0.185  0.004  0.029  0.029  0.014  0.088  0.108        1
 69:     0.044  0.369  0.021  0.041  0.164  0.172  0.058  0.079  0.041  0.011        1
 70:     0.040  0.316  0.109  0.176  0.147  0.047  0.073  0.031  0.042  0.020        1
 71:     0.086  0.403  0.097  0.066  0.080  0.045  0.073  0.027  0.068  0.054        1
 72:     0.064  0.534  0.094  0.023  0.040  0.094  0.069  0.033  0.033  0.016        1
 73:     0.060  0.377  0.053  0.076  0.086  0.056  0.056  0.070  0.087  0.078        1
 74:     0.241  0.475  0.065  0.024  0.041  0.015  0.021  0.037  0.034  0.046        1
 75:     0.050  0.537  0.071  0.017  0.125  0.058  0.087  0.027  0.003  0.025        1
 76:     0.095  0.134  0.021  0.037  0.043  0.058  0.381  0.073  0.082  0.077        1
 77:     0.008  0.375  0.042  0.083  0.010  0.185  0.064  0.091  0.047  0.096        1
 78:     0.089  0.253  0.104  0.053  0.064  0.139  0.075  0.055  0.069  0.098        1
 79:     0.111  0.353  0.094  0.018  0.068  0.098  0.094  0.063  0.002  0.099        1
 80:     0.100  0.273  0.051  0.068  0.114  0.167  0.072  0.037  0.067  0.050        1
 81:     0.059  0.290  0.061  0.152  0.073  0.100  0.100  0.052  0.051  0.063        1
 82:     0.085  0.406  0.023  0.006  0.065  0.139  0.018  0.166  0.073  0.019        1
 83:     0.069  0.321  0.117  0.080  0.072  0.073  0.054  0.011  0.061  0.142        1
 84:     0.320  0.015  0.017  0.078  0.412  0.039  0.021  0.017  0.043  0.038        1
 85:     0.385  0.085  0.028  0.072  0.160  0.053  0.044  0.045  0.047  0.081        1
 86:     0.390  0.019  0.114  0.045  0.206  0.034  0.077  0.096  0.016  0.002        1
 87:     0.356  0.016  0.010  0.162  0.192  0.050  0.017  0.007  0.008  0.183        1
 88:     0.232  0.062  0.088  0.036  0.435  0.039  0.034  0.013  0.034  0.028        1
 89:     0.502  0.072  0.019  0.032  0.202  0.079  0.009  0.004  0.010  0.071        1
 90:     0.328  0.066  0.040  0.076  0.179  0.078  0.089  0.035  0.045  0.065        1
 91:     0.454  0.082  0.062  0.079  0.121  0.010  0.020  0.047  0.063  0.063        1
 92:     0.457  0.061  0.025  0.138  0.067  0.087  0.023  0.044  0.009  0.088        1
 93:     0.293  0.021  0.010  0.220  0.206  0.026  0.051  0.029  0.028  0.116        1
 94:     0.078  0.169  0.020  0.069  0.269  0.142  0.061  0.028  0.139  0.025        1
 95:     0.220  0.104  0.004  0.013  0.381  0.046  0.050  0.071  0.077  0.035        1
 96:     0.515  0.082  0.005  0.027  0.128  0.154  0.020  0.023  0.026  0.020        1
 97:     0.409  0.013  0.046  0.067  0.121  0.075  0.031  0.108  0.065  0.066        1
 98:     0.328  0.062  0.075  0.072  0.260  0.001  0.034  0.051  0.069  0.048        1
 99:     0.546  0.113  0.006  0.045  0.100  0.021  0.038  0.034  0.067  0.030        1
100:     0.361  0.126  0.017  0.100  0.054  0.097  0.068  0.063  0.020  0.093        1
101:     0.382  0.029  0.025  0.072  0.021  0.050  0.058  0.118  0.242  0.003        1
102:     0.256  0.268  0.023  0.170  0.102  0.010  0.024  0.017  0.040  0.089        1
103:     0.407  0.071  0.064  0.014  0.124  0.068  0.059  0.008  0.043  0.143        1
104:     0.385  0.019  0.004  0.046  0.260  0.007  0.045  0.014  0.063  0.158        1
105:     0.167  0.041  0.045  0.066  0.481  0.032  0.043  0.064  0.033  0.026        1
106:     0.354  0.067  0.064  0.114  0.109  0.013  0.037  0.091  0.127  0.024        1
107:     0.541  0.015  0.122  0.036  0.189  0.014  0.049  0.020  0.005  0.008        1
108:     0.065  0.016  0.067  0.022  0.383  0.067  0.014  0.009  0.136  0.220        1
109:     0.303  0.047  0.136  0.080  0.246  0.052  0.045  0.053  0.035  0.003        1
110:     0.305  0.111  0.055  0.032  0.214  0.058  0.017  0.020  0.109  0.077        1
111:     0.224  0.019  0.005  0.082  0.504  0.010  0.046  0.021  0.036  0.052        1
112:     0.434  0.158  0.011  0.085  0.239  0.013  0.036  0.012  0.010  0.003        1
113:     0.453  0.149  0.015  0.027  0.120  0.144  0.014  0.027  0.020  0.030        1
114:     0.486  0.032  0.011  0.012  0.213  0.066  0.033  0.046  0.021  0.080        1
115:     0.181  0.077  0.026  0.001  0.332  0.068  0.051  0.004  0.023  0.237        1
116:     0.118  0.058  0.013  0.008  0.664  0.015  0.029  0.035  0.055  0.005        1
117:     0.316  0.028  0.042  0.054  0.229  0.099  0.119  0.063  0.023  0.027        1
118:     0.114  0.038  0.002  0.163  0.431  0.004  0.080  0.109  0.058  0.001        1
119:     0.469  0.007  0.069  0.019  0.155  0.039  0.034  0.057  0.018  0.132        1
120:     0.271  0.026  0.010  0.059  0.177  0.068  0.054  0.158  0.076  0.102        1
121:     0.567  0.023  0.007  0.015  0.090  0.009  0.064  0.171  0.039  0.015        1
122:     0.281  0.169  0.044  0.009  0.222  0.031  0.010  0.015  0.000  0.217        1
123:     0.517  0.119  0.009  0.016  0.132  0.052  0.034  0.041  0.069  0.012        1
124:     0.446  0.086  0.052  0.149  0.005  0.004  0.085  0.009  0.064  0.100        1
125:     0.433  0.056  0.006  0.072  0.232  0.020  0.061  0.016  0.019  0.085        1
126:     0.231  0.167  0.003  0.015  0.247  0.139  0.042  0.065  0.035  0.054        1
127:     0.355  0.168  0.012  0.180  0.102  0.102  0.013  0.034  0.024  0.011        1
128:     0.421  0.089  0.006  0.001  0.103  0.107  0.038  0.009  0.013  0.213        1
129:     0.396  0.087  0.035  0.055  0.208  0.039  0.040  0.058  0.038  0.045        1
130:     0.481  0.076  0.016  0.129  0.133  0.020  0.063  0.061  0.019  0.001        1
131:     0.182  0.098  0.037  0.108  0.393  0.107  0.022  0.012  0.029  0.012        1
132:     0.316  0.029  0.037  0.110  0.252  0.049  0.065  0.005  0.105  0.032        1
133:     0.370  0.024  0.033  0.031  0.351  0.006  0.108  0.032  0.001  0.043        1
134:     0.163  0.058  0.068  0.016  0.360  0.017  0.042  0.031  0.145  0.101        1
135:     0.168  0.068  0.027  0.046  0.466  0.007  0.062  0.015  0.023  0.118        1
136:     0.245  0.062  0.040  0.014  0.280  0.061  0.042  0.065  0.030  0.161        1
137:     0.458  0.022  0.016  0.077  0.068  0.100  0.012  0.057  0.083  0.106        1
138:     0.289  0.015  0.029  0.002  0.341  0.049  0.048  0.113  0.071  0.044        1
139:     0.241  0.077  0.032  0.037  0.426  0.020  0.087  0.023  0.008  0.049        1
140:     0.524  0.056  0.028  0.067  0.062  0.044  0.102  0.082  0.020  0.015        1
141:     0.133  0.078  0.040  0.076  0.378  0.016  0.079  0.005  0.097  0.097        1
142:     0.301  0.120  0.057  0.044  0.330  0.004  0.032  0.003  0.045  0.064        1
143:     0.330  0.008  0.003  0.004  0.198  0.028  0.073  0.031  0.164  0.160        1
144:     0.210  0.005  0.063  0.118  0.291  0.088  0.054  0.006  0.101  0.063        1
145:     0.294  0.098  0.018  0.022  0.359  0.078  0.026  0.057  0.024  0.026        1
146:     0.282  0.065  0.014  0.013  0.426  0.025  0.008  0.055  0.101  0.011        1
147:     0.226  0.092  0.046  0.110  0.245  0.080  0.060  0.058  0.028  0.054        1
148:     0.176  0.119  0.001  0.123  0.119  0.045  0.064  0.034  0.200  0.119        1
149:     0.018  0.113  0.021  0.051  0.215  0.155  0.098  0.078  0.071  0.179        1
150:     0.016  0.295  0.146  0.055  0.052  0.101  0.018  0.070  0.161  0.086        1
151:     0.075  0.047  0.069  0.101  0.151  0.021  0.014  0.309  0.200  0.014        1
152:     0.094  0.217  0.154  0.186  0.031  0.053  0.062  0.086  0.073  0.044        1
153:     0.041  0.059  0.239  0.137  0.017  0.035  0.065  0.118  0.170  0.118        1
154:     0.015  0.137  0.165  0.184  0.103  0.069  0.045  0.169  0.088  0.025        1
155:     0.069  0.109  0.146  0.061  0.106  0.098  0.070  0.127  0.138  0.077        1
156:     0.048  0.054  0.191  0.110  0.144  0.157  0.019  0.100  0.061  0.116        1
157:     0.031  0.045  0.289  0.066  0.137  0.073  0.085  0.142  0.105  0.026        1
158:     0.039  0.106  0.233  0.103  0.146  0.168  0.053  0.031  0.040  0.081        1
159:     0.077  0.037  0.143  0.077  0.112  0.036  0.018  0.124  0.139  0.237        1
160:     0.165  0.002  0.087  0.095  0.040  0.265  0.033  0.002  0.102  0.209        1
161:     0.057  0.190  0.050  0.053  0.072  0.137  0.048  0.126  0.007  0.260        1
162:     0.127  0.206  0.054  0.053  0.099  0.193  0.026  0.079  0.059  0.105        1
163:     0.051  0.068  0.052  0.060  0.125  0.270  0.040  0.121  0.078  0.135        1
164:     0.072  0.096  0.071  0.114  0.078  0.108  0.074  0.111  0.174  0.102        1
165:     0.071  0.111  0.107  0.091  0.106  0.059  0.073  0.065  0.184  0.132        1
166:     0.074  0.164  0.067  0.219  0.019  0.035  0.084  0.169  0.142  0.027        1
167:     0.097  0.133  0.113  0.109  0.082  0.240  0.083  0.052  0.081  0.011        1
168:     0.070  0.038  0.075  0.202  0.082  0.026  0.036  0.207  0.225  0.040        1
169:     0.178  0.051  0.211  0.038  0.180  0.079  0.031  0.037  0.148  0.046        1
170:     0.007  0.069  0.100  0.169  0.122  0.079  0.032  0.028  0.101  0.292        1
171:     0.188  0.078  0.213  0.165  0.011  0.023  0.011  0.164  0.041  0.106        1
172:     0.067  0.124  0.088  0.178  0.060  0.095  0.071  0.125  0.062  0.132        1
173:     0.072  0.115  0.028  0.026  0.061  0.362  0.039  0.213  0.072  0.010        1
174:     0.232  0.242  0.069  0.033  0.032  0.176  0.025  0.034  0.053  0.105        1
175:     0.077  0.097  0.143  0.109  0.072  0.090  0.057  0.120  0.129  0.105       50
176:     0.076  0.106  0.138  0.108  0.078  0.086  0.049  0.115  0.125  0.119       49
177:     0.095  0.100  0.157  0.090  0.078  0.093  0.055  0.112  0.112  0.108       50
178:     0.087  0.094  0.136  0.101  0.068  0.125  0.054  0.112  0.104  0.118       49
179:     0.103  0.124  0.124  0.108  0.065  0.070  0.063  0.097  0.123  0.124       23
180:     0.072  0.121  0.144  0.099  0.074  0.111  0.051  0.132  0.106  0.089       49
181:     0.028  0.023  0.012  0.053  0.171  0.053  0.586  0.025  0.018  0.030       30
182:     0.053  0.026  0.020  0.043  0.095  0.050  0.574  0.041  0.026  0.072       30
183:     0.090  0.089  0.153  0.099  0.076  0.104  0.094  0.118  0.084  0.093       34
184:     0.078  0.101  0.156  0.114  0.073  0.091  0.062  0.088  0.130  0.106       36
185:     0.092  0.112  0.149  0.104  0.075  0.078  0.063  0.113  0.112  0.101       40
186:     0.102  0.102  0.135  0.105  0.077  0.116  0.046  0.113  0.107  0.096       39
187:     0.074  0.109  0.154  0.110  0.087  0.105  0.060  0.117  0.098  0.088       37
188:     0.079  0.110  0.133  0.101  0.075  0.098  0.062  0.120  0.126  0.097       40
189:     0.090  0.083  0.140  0.124  0.070  0.093  0.058  0.096  0.146  0.099       35
190:     0.112  0.105  0.129  0.091  0.063  0.080  0.066  0.135  0.103  0.117       28
191:     0.082  0.107  0.161  0.098  0.067  0.116  0.063  0.105  0.115  0.086       36
192:     0.075  0.106  0.155  0.122  0.081  0.071  0.060  0.129  0.106  0.096       32
--------------------------------------------

 Rep#:   Lambda   Alpha      F1    F2    F3    F4    F5    F6    F7    F8    F9    F10     D1,2  D1,3  D1,4  D1,5  D1,6  D1,7  D1,8  D1,9  D1,10  D2,3  D2,4  D2,5  D2,6  D2,7  D2,8  D2,9  D2,10  D3,4  D3,5  D3,6  D3,7  D3,8  D3,9  D3,10  D4,5  D4,6  D4,7  D4,8  D4,9  D4,10  D5,6  D5,7  D5,8  D5,9  D5,10  D6,7  D6,8  D6,9  D6,10  D7,8  D7,9  D7,10  D8,9  D8,10  D9,10    Ln Like 
  100:    1.00    1.426    0.011 0.012 0.028 0.010 0.013 0.010 0.322 0.010 0.014 0.010    0.006 0.010 0.005 0.004 0.005 0.056 0.006 0.006 0.005 0.008 0.004 0.005 0.004 0.056 0.004 0.005 0.004 0.007 0.009 0.007 0.063 0.006 0.007 0.007 0.004 0.003 0.054 0.003 0.004 0.003 0.004 0.052 0.005 0.006 0.004 0.054 0.003 0.004 0.003 0.055 0.056 0.054 0.004 0.003 0.004   --  
  200:    1.00    1.075    0.249 0.240 0.028 0.010 0.110 0.010 0.258 0.011 0.014 0.010    0.069 0.049 0.044 0.052 0.044 0.066 0.045 0.045 0.044 0.044 0.041 0.055 0.040 0.064 0.041 0.042 0.041 0.006 0.023 0.006 0.042 0.006 0.006 0.006 0.020 0.003 0.037 0.003 0.004 0.003 0.020 0.048 0.020 0.021 0.020 0.037 0.003 0.004 0.003 0.038 0.039 0.038 0.004 0.003 0.004   --  
  300:    1.00    0.949    0.211 0.265 0.028 0.010 0.424 0.010 0.244 0.011 0.014 0.010    0.066 0.041 0.037 0.098 0.037 0.060 0.037 0.038 0.037 0.047 0.043 0.094 0.043 0.064 0.043 0.044 0.043 0.006 0.072 0.006 0.040 0.006 0.006 0.006 0.067 0.003 0.036 0.003 0.004 0.003 0.067 0.078 0.068 0.069 0.068 0.036 0.003 0.004 0.003 0.036 0.037 0.035 0.004 0.003 0.004   --  
  400:    1.00    0.853    0.185 0.261 0.028 0.010 0.431 0.010 0.199 0.010 0.014 0.010    0.063 0.037 0.033 0.083 0.033 0.052 0.034 0.034 0.034 0.045 0.042 0.087 0.042 0.060 0.042 0.043 0.042 0.006 0.064 0.006 0.035 0.006 0.006 0.006 0.061 0.003 0.031 0.003 0.004 0.003 0.061 0.063 0.061 0.062 0.061 0.031 0.003 0.004 0.003 0.032 0.032 0.031 0.004 0.003 0.004   --  
  500:    1.00    0.790    0.177 0.263 0.028 0.010 0.382 0.010 0.193 0.010 0.014 0.011    0.062 0.035 0.032 0.075 0.032 0.050 0.032 0.033 0.032 0.046 0.042 0.083 0.043 0.059 0.043 0.043 0.042 0.006 0.059 0.006 0.034 0.006 0.006 0.006 0.056 0.003 0.030 0.003 0.004 0.003 0.055 0.060 0.055 0.057 0.055 0.030 0.003 0.004 0.003 0.030 0.031 0.030 0.004 0.003 0.004   --  
  600:    1.00    0.747    0.176 0.263 0.028 0.010 0.359 0.010 0.188 0.010 0.014 0.011    0.062 0.035 0.031 0.072 0.031 0.049 0.031 0.032 0.031 0.046 0.042 0.082 0.042 0.060 0.042 0.043 0.042 0.006 0.056 0.006 0.033 0.006 0.006 0.006 0.053 0.003 0.030 0.003 0.004 0.003 0.053 0.061 0.053 0.054 0.053 0.030 0.003 0.004 0.003 0.030 0.031 0.030 0.004 0.003 0.004   --  
  700:    1.00    0.701    0.171 0.261 0.028 0.010 0.361 0.010 0.193 0.010 0.014 0.011    0.061 0.033 0.030 0.070 0.030 0.049 0.031 0.031 0.031 0.045 0.042 0.080 0.041 0.059 0.042 0.042 0.042 0.006 0.055 0.006 0.033 0.006 0.006 0.006 0.051 0.003 0.030 0.003 0.004 0.003 0.051 0.061 0.052 0.052 0.052 0.030 0.003 0.004 0.003 0.030 0.031 0.030 0.004 0.003 0.004   --  
  800:    1.00    0.666    0.168 0.257 0.028 0.010 0.346 0.010 0.195 0.010 0.014 0.011    0.061 0.033 0.030 0.069 0.030 0.049 0.030 0.031 0.030 0.045 0.042 0.080 0.041 0.059 0.042 0.042 0.042 0.006 0.054 0.006 0.033 0.006 0.006 0.006 0.051 0.003 0.030 0.003 0.004 0.003 0.050 0.060 0.050 0.051 0.050 0.030 0.003 0.004 0.003 0.030 0.031 0.030 0.004 0.003 0.004   --  
  900:    1.00    0.644    0.166 0.253 0.028 0.010 0.342 0.010 0.190 0.010 0.014 0.011    0.060 0.033 0.030 0.068 0.030 0.048 0.030 0.030 0.030 0.044 0.041 0.080 0.041 0.060 0.041 0.042 0.041 0.006 0.053 0.006 0.033 0.006 0.006 0.006 0.050 0.003 0.030 0.003 0.004 0.003 0.050 0.060 0.050 0.050 0.050 0.029 0.003 0.004 0.003 0.029 0.030 0.030 0.004 0.003 0.004   --  

--------------------------------------------
Proportion of membership of each pre-defined
 population in each of the 10 clusters

Given    Inferred Clusters                                                        Number of
 Pop       1      2      3      4      5      6      7      8      9     10      Individuals

  1:     0.036  0.041  0.119  0.133  0.039  0.135  0.051  0.159  0.178  0.110       54
  2:     0.038  0.048  0.132  0.113  0.036  0.152  0.052  0.133  0.177  0.118       30
  3:     0.043  0.048  0.009  0.030  0.311  0.041  0.408  0.033  0.015  0.064       30
  4:     0.007  0.003  0.003  0.003  0.017  0.004  0.958  0.003  0.001  0.002       20
  5:     0.017  0.009  0.009  0.012  0.033  0.009  0.874  0.010  0.020  0.008       30
  6:     0.038  0.044  0.143  0.130  0.036  0.141  0.048  0.120  0.162  0.139       43
  7:     0.037  0.041  0.146  0.153  0.032  0.126  0.045  0.115  0.153  0.152       44
  8:     0.042  0.055  0.187  0.152  0.041  0.076  0.022  0.136  0.237  0.052        4
  9:     0.030  0.043  0.184  0.145  0.024  0.127  0.021  0.156  0.181  0.089       22
 10:     0.036  0.050  0.194  0.136  0.028  0.113  0.018  0.100  0.206  0.118       24
 11:     0.039  0.041  0.139  0.164  0.036  0.138  0.044  0.143  0.131  0.126       54
 12:     0.035  0.046  0.156  0.126  0.036  0.126  0.045  0.152  0.141  0.138       37
 13:     0.042  0.045  0.134  0.136  0.039  0.129  0.048  0.114  0.179  0.134       42
 14:     0.033  0.045  0.152  0.132  0.038  0.136  0.042  0.129  0.155  0.138       42
 15:     0.041  0.043  0.147  0.130  0.038  0.174  0.046  0.103  0.135  0.142       49
 16:     0.040  0.045  0.147  0.139  0.038  0.124  0.048  0.125  0.150  0.143      124
 17:     0.040  0.042  0.163  0.107  0.038  0.126  0.040  0.148  0.159  0.138       24
 18:     0.037  0.054  0.129  0.140  0.033  0.146  0.034  0.137  0.171  0.119       34
 19:     0.041  0.046  0.147  0.140  0.040  0.111  0.044  0.164  0.130  0.137       52
 20:     0.050  0.046  0.149  0.167  0.073  0.111  0.037  0.181  0.060  0.126        1
 21:     0.090  0.076  0.203  0.186  0.007  0.183  0.008  0.044  0.142  0.059        1
 22:     0.030  0.037  0.126  0.309  0.003  0.024  0.024  0.011  0.095  0.341        1
 23:     0.092  0.048  0.075  0.161  0.041  0.034  0.073  0.155  0.157  0.164        1
 24:     0.057  0.050  0.030  0.020  0.024  0.153  0.006  0.107  0.378  0.176        1
 25:     0.083  0.032  0.147  0.159  0.045  0.004  0.081  0.007  0.300  0.140        1
 26:     0.059  0.052  0.009  0.284  0.008  0.037  0.068  0.039  0.321  0.123        1
 27:     0.066  0.036  0.050  0.272  0.039  0.093  0.046  0.238  0.087  0.073        1
 28:     0.069  0.052  0.231  0.130  0.048  0.092  0.001  0.037  0.255  0.085        1
 29:     0.041  0.072  0.244  0.015  0.032  0.229  0.018  0.004  0.212  0.133        1
 30:     0.068  0.025  0.151  0.001  0.018  0.187  0.116  0.060  0.042  0.332        1
 31:     0.017  0.048  0.098  0.087  0.067  0.051  0.184  0.012  0.402  0.033        1
 32:     0.018  0.042  0.248  0.079  0.007  0.016  0.046  0.114  0.117  0.313        1
 33:     0.047  0.093  0.213  0.016  0.035  0.134  0.114  0.030  0.068  0.249        1
 34:     0.066  0.094  0.326  0.117  0.028  0.035  0.000  0.132  0.051  0.151        1
 35:     0.052  0.050  0.081  0.207  0.017  0.131  0.026  0.161  0.201  0.073        1
 36:     0.070  0.033  0.104  0.235  0.039  0.124  0.019  0.070  0.099  0.207        1
 37:     0.065  0.008  0.338  0.024  0.030  0.070  0.057  0.175  0.218  0.018        1
 38:     0.107  0.042  0.196  0.021  0.046  0.171  0.069  0.039  0.186  0.122        1
 39:     0.065  0.092  0.064  0.020  0.018  0.042  0.036  0.203  0.371  0.089        1
 40:     0.087  0.056  0.175  0.025  0.023  0.197  0.061  0.070  0.043  0.264        1
 41:     0.048  0.068  0.444  0.169  0.030  0.006  0.011  0.025  0.103  0.097        1
 42:     0.039  0.035  0.231  0.031  0.062  0.112  0.055  0.300  0.106  0.029        1
 43:     0.036  0.046  0.099  0.018  0.033  0.499  0.036  0.058  0.116  0.058        1
 44:     0.001  0.060  0.023  0.056  0.036  0.067  0.071  0.511  0.009  0.168        1
 45:     0.038  0.123  0.214  0.040  0.019  0.188  0.020  0.012  0.258  0.088        1
 46:     0.132  0.034  0.025  0.362  0.026  0.070  0.026  0.026  0.141  0.158        1
 47:     0.036  0.037  0.050  0.001  0.034  0.001  0.004  0.017  0.050  0.769        1
 48:     0.045  0.024  0.035  0.059  0.004  0.004  0.005  0.029  0.032  0.763        1
 49:     0.058  0.035  0.136  0.286  0.033  0.064  0.023  0.190  0.038  0.136        1
 50:     0.074  0.047  0.032  0.256  0.032  0.099  0.314  0.114  0.015  0.017        1
 51:     0.062  0.062  0.018  0.132  0.069  0.165  0.188  0.056  0.023  0.224        1
 52:     0.078  0.069  0.164  0.260  0.052  0.135  0.071  0.039  0.119  0.013        1
 53:     0.063  0.058  0.232  0.253  0.033  0.085  0.041  0.000  0.034  0.201        1
 54:     0.001  0.976  0.000  0.002  0.006  0.001  0.001  0.000  0.012  0.001        1
 55:     0.001  0.984  0.001  0.000  0.000  0.008  0.001  0.000  0.000  0.004        1
 56:     0.018  0.816  0.048  0.021  0.006  0.009  0.001  0.069  0.008  0.004        1
 57:     0.000  0.912  0.004  0.013  0.002  0.000  0.000  0.008  0.003  0.058        1
 58:     0.009  0.890  0.000  0.002  0.001  0.032  0.001  0.027  0.025  0.015        1
 59:     0.011  0.855  0.022  0.005  0.019  0.002  0.029  0.006  0.018  0.033        1
 60:     0.000  0.975  0.002  0.012  0.002  0.002  0.000  0.004  0.000  0.001        1
 61:     0.002  0.990  0.000  0.001  0.000  0.002  0.003  0.002  0.000  0.000        1
 62:     0.022  0.004  0.002  0.064  0.139  0.224  0.292  0.200  0.021  0.032        1
 63:     0.008  0.920  0.013  0.013  0.020  0.000  0.020  0.001  0.005  0.000        1
 64:     0.000  0.993  0.000  0.000  0.001  0.002  0.000  0.003  0.001  0.001        1
 65:     0.001  0.990  0.003  0.000  0.000  0.000  0.002  0.000  0.001  0.003        1
 66:     0.005  0.932  0.005  0.001  0.004  0.040  0.007  0.002  0.001  0.001        1
 67:     0.072  0.598  0.040  0.007  0.009  0.053  0.026  0.075  0.106  0.013        1
 68:     0.010  0.915  0.001  0.000  0.021  0.003  0.006  0.003  0.005  0.036        1
 69:     0.008  0.967  0.001  0.007  0.001  0.002  0.001  0.001  0.002  0.009        1
 70:     0.007  0.786  0.013  0.020  0.023  0.018  0.003  0.054  0.033  0.043        1
 71:     0.000  0.991  0.000  0.000  0.003  0.001  0.000  0.002  0.002  0.002        1
 72:     0.001  0.989  0.004  0.001  0.000  0.001  0.000  0.001  0.002  0.001        1
 73:     0.001  0.993  0.000  0.002  0.000  0.003  0.000  0.000  0.000  0.000        1
 74:     0.009  0.751  0.022  0.014  0.012  0.005  0.039  0.028  0.017  0.104        1
 75:     0.001  0.992  0.000  0.002  0.003  0.000  0.002  0.000  0.000  0.001        1
 76:     0.117  0.000  0.072  0.001  0.248  0.140  0.302  0.106  0.008  0.006        1
 77:     0.002  0.988  0.000  0.002  0.001  0.004  0.001  0.001  0.001  0.000        1
 78:     0.000  0.771  0.008  0.000  0.049  0.069  0.019  0.005  0.039  0.040        1
 79:     0.000  0.993  0.001  0.000  0.000  0.000  0.005  0.001  0.000  0.000        1
 80:     0.000  0.967  0.002  0.003  0.001  0.002  0.014  0.008  0.003  0.000        1
 81:     0.000  0.989  0.001  0.000  0.002  0.002  0.001  0.003  0.002  0.001        1
 82:     0.146  0.498  0.002  0.003  0.020  0.074  0.037  0.077  0.135  0.008        1
 83:     0.001  0.987  0.000  0.000  0.002  0.004  0.001  0.000  0.005  0.000        1
 84:     0.910  0.019  0.006  0.015  0.001  0.000  0.035  0.012  0.001  0.002        1
 85:     0.900  0.017  0.006  0.021  0.007  0.022  0.025  0.001  0.001  0.000        1
 86:     0.829  0.007  0.014  0.020  0.031  0.068  0.012  0.012  0.007  0.000        1
 87:     0.935  0.005  0.006  0.016  0.001  0.001  0.002  0.000  0.004  0.029        1
 88:     0.958  0.005  0.012  0.000  0.000  0.000  0.000  0.001  0.015  0.009        1
 89:     0.914  0.007  0.000  0.012  0.015  0.002  0.010  0.001  0.021  0.017        1
 90:     0.948  0.012  0.001  0.005  0.001  0.002  0.027  0.002  0.002  0.001        1
 91:     0.928  0.001  0.014  0.000  0.003  0.002  0.040  0.000  0.010  0.001        1
 92:     0.792  0.012  0.030  0.028  0.022  0.061  0.005  0.018  0.029  0.003        1
 93:     0.908  0.001  0.006  0.007  0.036  0.000  0.027  0.000  0.002  0.012        1
 94:     0.871  0.002  0.001  0.057  0.030  0.016  0.002  0.001  0.000  0.020        1
 95:     0.853  0.001  0.004  0.005  0.000  0.037  0.086  0.001  0.009  0.005        1
 96:     0.976  0.007  0.004  0.002  0.006  0.003  0.001  0.002  0.000  0.000        1
 97:     0.918  0.015  0.007  0.000  0.003  0.009  0.044  0.000  0.001  0.002        1
 98:     0.931  0.005  0.002  0.013  0.001  0.009  0.005  0.015  0.013  0.006        1
 99:     0.990  0.001  0.000  0.003  0.000  0.000  0.001  0.002  0.000  0.002        1
100:     0.941  0.000  0.001  0.003  0.000  0.000  0.047  0.003  0.002  0.002        1
101:     0.731  0.009  0.006  0.017  0.030  0.061  0.032  0.095  0.018  0.001        1
102:     0.778  0.006  0.020  0.026  0.004  0.090  0.001  0.060  0.003  0.011        1
103:     0.952  0.002  0.006  0.000  0.003  0.001  0.035  0.000  0.000  0.001        1
104:     0.909  0.022  0.001  0.001  0.005  0.005  0.018  0.019  0.009  0.012        1
105:     0.866  0.018  0.012  0.001  0.005  0.005  0.075  0.000  0.013  0.006        1
106:     0.783  0.029  0.007  0.037  0.001  0.011  0.018  0.062  0.052  0.000        1
107:     0.945  0.001  0.003  0.001  0.025  0.002  0.002  0.003  0.012  0.005        1
108:     0.803  0.006  0.002  0.023  0.006  0.002  0.069  0.051  0.001  0.037        1
109:     0.757  0.017  0.005  0.004  0.019  0.044  0.072  0.014  0.056  0.013        1
110:     0.746  0.032  0.041  0.001  0.018  0.080  0.001  0.004  0.047  0.031        1
111:     0.942  0.013  0.002  0.002  0.017  0.006  0.010  0.003  0.000  0.005        1
112:     0.957  0.003  0.003  0.017  0.000  0.000  0.000  0.019  0.001  0.001        1
113:     0.909  0.005  0.005  0.002  0.009  0.000  0.046  0.006  0.008  0.008        1
114:     0.963  0.011  0.002  0.006  0.000  0.000  0.000  0.016  0.001  0.002        1
115:     0.913  0.005  0.032  0.002  0.002  0.001  0.007  0.023  0.007  0.008        1
116:     0.974  0.006  0.002  0.001  0.012  0.001  0.001  0.002  0.000  0.001        1
117:     0.920  0.000  0.007  0.000  0.033  0.003  0.033  0.000  0.001  0.001        1
118:     0.910  0.007  0.001  0.006  0.053  0.004  0.012  0.000  0.002  0.005        1
119:     0.827  0.009  0.001  0.002  0.019  0.019  0.000  0.015  0.089  0.019        1
120:     0.891  0.053  0.001  0.005  0.000  0.006  0.000  0.036  0.005  0.002        1
121:     0.895  0.008  0.002  0.005  0.022  0.022  0.000  0.003  0.039  0.005        1
122:     0.902  0.013  0.005  0.014  0.007  0.005  0.011  0.002  0.001  0.041        1
123:     0.963  0.001  0.000  0.012  0.001  0.011  0.001  0.001  0.002  0.008        1
124:     0.775  0.010  0.053  0.002  0.013  0.001  0.099  0.009  0.030  0.008        1
125:     0.977  0.002  0.001  0.000  0.004  0.004  0.009  0.000  0.000  0.004        1
126:     0.832  0.011  0.051  0.040  0.018  0.020  0.003  0.001  0.004  0.019        1
127:     0.876  0.000  0.000  0.027  0.000  0.006  0.049  0.002  0.005  0.034        1
128:     0.934  0.016  0.014  0.006  0.009  0.004  0.011  0.000  0.003  0.002        1
129:     0.995  0.000  0.000  0.001  0.000  0.000  0.000  0.002  0.000  0.000        1
130:     0.872  0.010  0.011  0.000  0.030  0.007  0.034  0.021  0.003  0.013        1
131:     0.968  0.002  0.002  0.000  0.004  0.015  0.001  0.001  0.003  0.004        1
132:     0.777  0.000  0.012  0.010  0.006  0.064  0.079  0.006  0.037  0.009        1
133:     0.848  0.003  0.004  0.018  0.020  0.002  0.103  0.000  0.001  0.000        1
134:     0.807  0.044  0.013  0.038  0.030  0.038  0.003  0.014  0.013  0.000        1
135:     0.781  0.016  0.011  0.057  0.012  0.023  0.025  0.000  0.071  0.004        1
136:     0.977  0.003  0.003  0.002  0.009  0.004  0.001  0.000  0.000  0.000        1
137:     0.917  0.000  0.015  0.007  0.020  0.000  0.009  0.003  0.001  0.028        1
138:     0.963  0.012  0.015  0.000  0.000  0.000  0.006  0.000  0.001  0.002        1
139:     0.892  0.002  0.001  0.002  0.019  0.014  0.065  0.000  0.004  0.000        1
140:     0.829  0.003  0.001  0.005  0.007  0.005  0.132  0.007  0.000  0.011        1
141:     0.946  0.000  0.001  0.001  0.008  0.009  0.015  0.008  0.003  0.010        1
142:     0.833  0.000  0.001  0.037  0.025  0.031  0.016  0.006  0.034  0.016        1
143:     0.897  0.000  0.004  0.000  0.018  0.007  0.061  0.005  0.006  0.001        1
144:     0.926  0.003  0.027  0.001  0.002  0.004  0.024  0.001  0.012  0.001        1
145:     0.952  0.014  0.004  0.000  0.003  0.001  0.018  0.001  0.000  0.007        1
146:     0.926  0.004  0.031  0.005  0.017  0.014  0.001  0.000  0.001  0.001        1
147:     0.919  0.002  0.000  0.004  0.003  0.000  0.059  0.002  0.008  0.003        1
148:     0.119  0.057  0.012  0.077  0.046  0.129  0.095  0.065  0.341  0.059        1
149:     0.154  0.037  0.178  0.057  0.099  0.060  0.102  0.158  0.146  0.009        1
150:     0.054  0.040  0.270  0.012  0.029  0.267  0.024  0.132  0.062  0.110        1
151:     0.037  0.068  0.117  0.017  0.058  0.015  0.002  0.251  0.231  0.203        1
152:     0.001  0.045  0.252  0.169  0.070  0.002  0.067  0.066  0.090  0.239        1
153:     0.050  0.064  0.096  0.158  0.062  0.023  0.001  0.070  0.269  0.206        1
154:     0.020  0.059  0.437  0.133  0.002  0.130  0.057  0.131  0.010  0.020        1
155:     0.066  0.072  0.030  0.033  0.000  0.128  0.030  0.268  0.335  0.037        1
156:     0.037  0.051  0.003  0.094  0.048  0.160  0.059  0.056  0.201  0.291        1
157:     0.038  0.061  0.154  0.202  0.017  0.130  0.057  0.141  0.024  0.176        1
158:     0.096  0.050  0.239  0.167  0.049  0.089  0.000  0.103  0.063  0.143        1
159:     0.069  0.056  0.097  0.083  0.038  0.001  0.001  0.214  0.109  0.332        1
160:     0.028  0.031  0.229  0.285  0.006  0.002  0.074  0.080  0.094  0.171        1
161:     0.121  0.036  0.016  0.142  0.035  0.192  0.051  0.131  0.002  0.275        1
162:     0.016  0.085  0.069  0.128  0.026  0.125  0.034  0.109  0.055  0.353        1
163:     0.077  0.057  0.106  0.004  0.043  0.347  0.057  0.100  0.119  0.090        1
164:     0.044  0.058  0.098  0.253  0.026  0.141  0.056  0.111  0.189  0.024        1
165:     0.101  0.064  0.171  0.038  0.048  0.069  0.082  0.037  0.296  0.094        1
166:     0.014  0.064  0.126  0.210  0.004  0.062  0.090  0.357  0.046  0.027        1
167:     0.056  0.046  0.165  0.103  0.035  0.149  0.035  0.171  0.052  0.188        1
168:     0.047  0.042  0.252  0.355  0.001  0.020  0.042  0.078  0.139  0.024        1
169:     0.077  0.037  0.166  0.000  0.031  0.006  0.000  0.333  0.007  0.343        1
170:     0.077  0.058  0.055  0.192  0.015  0.139  0.005  0.001  0.211  0.248        1
171:     0.052  0.082  0.301  0.090  0.029  0.058  0.000  0.032  0.236  0.120        1
172:     0.015  0.069  0.037  0.063  0.046  0.204  0.096  0.164  0.042  0.262        1
173:     0.040  0.009  0.174  0.001  0.056  0.134  0.027  0.258  0.078  0.222        1
174:     0.056  0.040  0.207  0.210  0.027  0.015  0.075  0.093  0.255  0.022        1
175:     0.038  0.044  0.156  0.126  0.038  0.139  0.050  0.125  0.171  0.114       50
176:     0.036  0.049  0.138  0.125  0.038  0.100  0.035  0.158  0.144  0.179       49
177:     0.036  0.040  0.171  0.099  0.038  0.151  0.040  0.132  0.163  0.130       50
178:     0.035  0.044  0.150  0.090  0.040  0.147  0.045  0.151  0.153  0.145       49
179:     0.044  0.043  0.160  0.149  0.037  0.104  0.052  0.121  0.175  0.114       23
180:     0.038  0.045  0.163  0.130  0.034  0.156  0.039  0.144  0.137  0.114       49
181:     0.003  0.005  0.002  0.002  0.926  0.004  0.050  0.002  0.003  0.002       30
182:     0.002  0.009  0.005  0.008  0.359  0.007  0.596  0.004  0.004  0.004       30
183:     0.052  0.043  0.361  0.070  0.061  0.081  0.079  0.107  0.070  0.075       34
184:     0.036  0.041  0.237  0.139  0.040  0.112  0.042  0.132  0.106  0.115       36
185:     0.044  0.041  0.222  0.130  0.037  0.118  0.048  0.140  0.096  0.123       40
186:     0.035  0.046  0.218  0.118  0.035  0.119  0.035  0.142  0.123  0.130       39
187:     0.039  0.043  0.200  0.124  0.044  0.128  0.040  0.144  0.114  0.124       37
188:     0.045  0.044  0.184  0.168  0.039  0.108  0.048  0.137  0.133  0.093       40
189:     0.038  0.045  0.211  0.136  0.044  0.104  0.047  0.123  0.127  0.125       35
190:     0.038  0.048  0.222  0.084  0.038  0.112  0.054  0.159  0.097  0.147       28
191:     0.034  0.042  0.214  0.122  0.040  0.138  0.052  0.108  0.126  0.124       36
192:     0.034  0.043  0.221  0.151  0.043  0.112  0.049  0.141  0.095  0.112       32
--------------------------------------------

 Rep#:   Lambda   Alpha      F1    F2    F3    F4    F5    F6    F7    F8    F9    F10     D1,2  D1,3  D1,4  D1,5  D1,6  D1,7  D1,8  D1,9  D1,10  D2,3  D2,4  D2,5  D2,6  D2,7  D2,8  D2,9  D2,10  D3,4  D3,5  D3,6  D3,7  D3,8  D3,9  D3,10  D4,5  D4,6  D4,7  D4,8  D4,9  D4,10  D5,6  D5,7  D5,8  D5,9  D5,10  D6,7  D6,8  D6,9  D6,10  D7,8  D7,9  D7,10  D8,9  D8,10  D9,10    Ln Like 
