

----------------------------------------------------
STRUCTURE by Pritchard, Stephens and Donnelly (2000)
     and Falush, Stephens and Pritchard (2003)
       Code by Pritchard, Falush and Hubisz
             Version 2.3.4 (Jul 2012)
----------------------------------------------------


Reading file "/workdir/yc2644/CV_CT_array/structure/threader_input/mainparams".
Reading file "/workdir/yc2644/CV_CT_array/structure/threader_input/extraparams".
Reading file "/workdir/yc2644/CV_CT_array/structure/threader_input/n1601.recode.strct_in".


Data file "/workdir/yc2644/CV_CT_array/structure/threader_input/n1601.recode.strct_in" (truncated) --

Ind:   Label Pop : Genotype_data . . . .
  1:  001s    1  :  2   1   2   2   2   1   2  . . . .   2
  1:  001s    1  :  2   2   2   2   2   2   2  . . . .   2
  2:  002s    1  :  2   2   2   2   1   1   2  . . . .   2
  2:  002s    1  :  2   2   2   2   2   2   2  . . . .   2
  3:  003s    1  :  1   2   1   2   2   2   2  . . . .   1
  3:  003s    1  :  2   2   1   2   2   2   2  . . . .   2
  4:  004s    1  :  1   1   2   2   1   2   2  . . . .   1
  4:  004s    1  :  2   1   2   2   2   2   2  . . . .   2

      *******   

1600:    49  192  :  2   2   2   2   2   1   2  . . . .   1
1600:    49  192  :  2   2   2   2   2   2   2  . . . .   2
1601:    50  192  :  2   1   2   2   1   2   2  . . . .   1
1601:    50  192  :  2   2   2   2   2   2   2  . . . .   2

Number of alleles per locus: min= 2; ave=2.0; max= 2


--------------------------------------

Finished initialization; starting MCMC 
100000 iterations + 10000 burnin


--------------------------------------------
Proportion of membership of each pre-defined
 population in each of the 10 clusters

Given    Inferred Clusters                                                        Number of
 Pop       1      2      3      4      5      6      7      8      9     10      Individuals

  1:     0.090  0.095  0.089  0.107  0.095  0.117  0.049  0.129  0.110  0.120       54
  2:     0.096  0.092  0.109  0.111  0.090  0.122  0.045  0.111  0.103  0.119       30
  3:     0.078  0.122  0.050  0.061  0.061  0.054  0.387  0.080  0.051  0.055       30
  4:     0.071  0.130  0.065  0.046  0.047  0.032  0.502  0.043  0.033  0.032       20
  5:     0.068  0.126  0.049  0.042  0.069  0.043  0.475  0.058  0.032  0.036       30
  6:     0.087  0.070  0.092  0.140  0.101  0.120  0.052  0.103  0.107  0.129       43
  7:     0.105  0.081  0.107  0.131  0.085  0.111  0.040  0.112  0.118  0.109       44
  8:     0.095  0.050  0.075  0.083  0.179  0.124  0.048  0.087  0.141  0.117        4
  9:     0.108  0.055  0.094  0.091  0.088  0.113  0.035  0.162  0.143  0.112       22
 10:     0.109  0.074  0.103  0.127  0.136  0.099  0.033  0.102  0.115  0.102       24
 11:     0.106  0.086  0.100  0.100  0.117  0.105  0.043  0.095  0.121  0.129       54
 12:     0.095  0.076  0.100  0.126  0.091  0.131  0.045  0.118  0.115  0.102       37
 13:     0.106  0.081  0.099  0.108  0.105  0.132  0.049  0.104  0.113  0.104       42
 14:     0.115  0.071  0.098  0.098  0.092  0.118  0.045  0.116  0.112  0.134       42
 15:     0.103  0.093  0.103  0.105  0.124  0.110  0.044  0.114  0.113  0.092       49
 16:     0.096  0.081  0.103  0.109  0.100  0.124  0.047  0.108  0.118  0.115      124
 17:     0.091  0.079  0.129  0.106  0.092  0.103  0.051  0.106  0.122  0.121       24
 18:     0.082  0.084  0.134  0.128  0.089  0.106  0.044  0.094  0.134  0.104       34
 19:     0.109  0.079  0.101  0.113  0.095  0.105  0.042  0.099  0.141  0.116       52
 20:     0.017  0.138  0.121  0.013  0.020  0.318  0.043  0.022  0.235  0.071        1
 21:     0.088  0.025  0.004  0.157  0.063  0.003  0.027  0.101  0.178  0.353        1
 22:     0.019  0.123  0.064  0.066  0.109  0.371  0.029  0.090  0.087  0.042        1
 23:     0.021  0.109  0.053  0.126  0.182  0.043  0.073  0.144  0.147  0.102        1
 24:     0.094  0.054  0.216  0.040  0.014  0.104  0.049  0.051  0.152  0.227        1
 25:     0.168  0.108  0.115  0.005  0.082  0.096  0.090  0.141  0.082  0.111        1
 26:     0.014  0.242  0.005  0.043  0.205  0.014  0.025  0.208  0.124  0.122        1
 27:     0.015  0.072  0.073  0.137  0.031  0.421  0.069  0.037  0.053  0.092        1
 28:     0.096  0.044  0.115  0.044  0.150  0.105  0.067  0.248  0.073  0.060        1
 29:     0.053  0.002  0.140  0.046  0.159  0.121  0.037  0.164  0.056  0.222        1
 30:     0.092  0.104  0.097  0.141  0.089  0.083  0.098  0.084  0.078  0.133        1
 31:     0.150  0.182  0.073  0.100  0.163  0.030  0.103  0.118  0.014  0.066        1
 32:     0.045  0.109  0.040  0.153  0.047  0.126  0.064  0.044  0.358  0.014        1
 33:     0.148  0.060  0.111  0.060  0.106  0.093  0.086  0.162  0.097  0.076        1
 34:     0.132  0.105  0.123  0.093  0.092  0.058  0.049  0.099  0.098  0.151        1
 35:     0.074  0.200  0.064  0.048  0.059  0.088  0.018  0.165  0.090  0.194        1
 36:     0.063  0.137  0.053  0.074  0.146  0.048  0.056  0.090  0.058  0.275        1
 37:     0.124  0.090  0.177  0.093  0.140  0.126  0.028  0.063  0.115  0.045        1
 38:     0.044  0.032  0.243  0.082  0.130  0.033  0.112  0.098  0.036  0.189        1
 39:     0.090  0.066  0.204  0.081  0.080  0.174  0.010  0.060  0.065  0.170        1
 40:     0.032  0.093  0.044  0.260  0.084  0.091  0.043  0.147  0.060  0.146        1
 41:     0.184  0.049  0.074  0.017  0.125  0.117  0.034  0.086  0.094  0.220        1
 42:     0.035  0.008  0.121  0.048  0.038  0.284  0.045  0.095  0.160  0.167        1
 43:     0.067  0.103  0.044  0.089  0.211  0.133  0.045  0.068  0.196  0.044        1
 44:     0.131  0.095  0.094  0.225  0.068  0.186  0.056  0.066  0.048  0.031        1
 45:     0.048  0.118  0.213  0.165  0.147  0.064  0.012  0.042  0.045  0.145        1
 46:     0.012  0.098  0.089  0.088  0.023  0.265  0.074  0.145  0.052  0.154        1
 47:     0.014  0.029  0.081  0.181  0.092  0.142  0.053  0.273  0.057  0.078        1
 48:     0.083  0.066  0.016  0.154  0.044  0.144  0.043  0.254  0.082  0.113        1
 49:     0.115  0.036  0.058  0.142  0.230  0.084  0.044  0.092  0.086  0.113        1
 50:     0.093  0.086  0.049  0.008  0.179  0.084  0.199  0.036  0.066  0.201        1
 51:     0.061  0.216  0.102  0.045  0.205  0.050  0.128  0.101  0.048  0.043        1
 52:     0.078  0.051  0.058  0.208  0.065  0.039  0.064  0.103  0.218  0.115        1
 53:     0.015  0.052  0.337  0.161  0.099  0.127  0.027  0.021  0.030  0.132        1
 54:     0.004  0.051  0.010  0.090  0.098  0.049  0.188  0.260  0.028  0.224        1
 55:     0.026  0.068  0.006  0.099  0.063  0.084  0.230  0.250  0.087  0.087        1
 56:     0.121  0.026  0.212  0.172  0.115  0.005  0.127  0.170  0.005  0.047        1
 57:     0.063  0.122  0.033  0.103  0.028  0.022  0.105  0.420  0.073  0.031        1
 58:     0.086  0.011  0.158  0.142  0.069  0.009  0.140  0.230  0.111  0.044        1
 59:     0.076  0.052  0.028  0.126  0.091  0.015  0.160  0.191  0.190  0.071        1
 60:     0.004  0.043  0.085  0.041  0.069  0.084  0.162  0.221  0.099  0.192        1
 61:     0.036  0.010  0.120  0.015  0.074  0.075  0.258  0.351  0.052  0.009        1
 62:     0.066  0.045  0.065  0.132  0.063  0.136  0.219  0.031  0.119  0.125        1
 63:     0.057  0.076  0.080  0.259  0.013  0.084  0.177  0.071  0.064  0.119        1
 64:     0.058  0.017  0.081  0.098  0.017  0.006  0.240  0.266  0.196  0.020        1
 65:     0.035  0.055  0.018  0.159  0.063  0.105  0.171  0.326  0.017  0.052        1
 66:     0.111  0.015  0.217  0.101  0.057  0.056  0.187  0.120  0.065  0.071        1
 67:     0.074  0.061  0.088  0.138  0.098  0.103  0.127  0.136  0.082  0.093        1
 68:     0.041  0.013  0.074  0.193  0.060  0.009  0.138  0.265  0.138  0.069        1
 69:     0.103  0.016  0.074  0.093  0.050  0.010  0.150  0.377  0.079  0.049        1
 70:     0.007  0.064  0.059  0.268  0.092  0.017  0.156  0.230  0.044  0.063        1
 71:     0.061  0.010  0.014  0.162  0.046  0.051  0.192  0.318  0.012  0.135        1
 72:     0.095  0.123  0.036  0.316  0.035  0.062  0.203  0.056  0.068  0.006        1
 73:     0.119  0.036  0.100  0.090  0.049  0.144  0.217  0.146  0.080  0.017        1
 74:     0.058  0.053  0.168  0.255  0.056  0.031  0.076  0.226  0.033  0.045        1
 75:     0.039  0.056  0.134  0.067  0.015  0.035  0.217  0.345  0.018  0.073        1
 76:     0.109  0.203  0.007  0.094  0.198  0.023  0.233  0.010  0.098  0.024        1
 77:     0.010  0.111  0.140  0.056  0.188  0.067  0.228  0.087  0.061  0.052        1
 78:     0.028  0.028  0.072  0.002  0.135  0.015  0.175  0.413  0.129  0.003        1
 79:     0.163  0.002  0.086  0.139  0.161  0.067  0.179  0.169  0.021  0.013        1
 80:     0.023  0.008  0.081  0.115  0.105  0.062  0.213  0.162  0.202  0.028        1
 81:     0.127  0.048  0.012  0.124  0.073  0.031  0.187  0.298  0.017  0.083        1
 82:     0.081  0.062  0.056  0.086  0.236  0.082  0.174  0.134  0.030  0.059        1
 83:     0.049  0.052  0.073  0.115  0.028  0.068  0.193  0.322  0.028  0.070        1
 84:     0.007  0.071  0.082  0.151  0.262  0.029  0.337  0.005  0.053  0.004        1
 85:     0.024  0.119  0.135  0.053  0.189  0.068  0.257  0.026  0.018  0.111        1
 86:     0.049  0.140  0.041  0.017  0.241  0.050  0.256  0.091  0.049  0.066        1
 87:     0.141  0.032  0.147  0.111  0.130  0.011  0.274  0.049  0.026  0.079        1
 88:     0.034  0.080  0.065  0.093  0.101  0.100  0.283  0.138  0.035  0.071        1
 89:     0.077  0.095  0.066  0.086  0.172  0.077  0.216  0.055  0.076  0.081        1
 90:     0.014  0.091  0.144  0.066  0.106  0.023  0.364  0.046  0.051  0.096        1
 91:     0.096  0.145  0.071  0.023  0.333  0.037  0.239  0.016  0.026  0.013        1
 92:     0.257  0.165  0.011  0.034  0.045  0.023  0.232  0.015  0.089  0.131        1
 93:     0.084  0.113  0.060  0.024  0.079  0.101  0.350  0.049  0.054  0.086        1
 94:     0.048  0.097  0.052  0.099  0.367  0.076  0.141  0.037  0.023  0.059        1
 95:     0.044  0.047  0.042  0.080  0.201  0.074  0.286  0.081  0.062  0.082        1
 96:     0.085  0.219  0.002  0.022  0.304  0.038  0.216  0.054  0.051  0.009        1
 97:     0.085  0.090  0.022  0.080  0.166  0.045  0.327  0.057  0.031  0.097        1
 98:     0.109  0.046  0.100  0.043  0.224  0.079  0.283  0.003  0.106  0.008        1
 99:     0.072  0.070  0.073  0.063  0.162  0.038  0.307  0.054  0.042  0.119        1
100:     0.008  0.054  0.212  0.000  0.153  0.065  0.400  0.001  0.073  0.034        1
101:     0.008  0.111  0.087  0.147  0.054  0.032  0.244  0.034  0.141  0.141        1
102:     0.096  0.121  0.027  0.038  0.180  0.049  0.233  0.083  0.095  0.078        1
103:     0.003  0.042  0.033  0.023  0.141  0.244  0.274  0.031  0.137  0.072        1
104:     0.003  0.021  0.055  0.177  0.253  0.068  0.301  0.020  0.054  0.048        1
105:     0.003  0.126  0.039  0.052  0.064  0.198  0.322  0.006  0.174  0.017        1
106:     0.144  0.128  0.014  0.009  0.219  0.173  0.167  0.002  0.033  0.110        1
107:     0.062  0.149  0.052  0.025  0.233  0.048  0.298  0.064  0.065  0.005        1
108:     0.131  0.011  0.081  0.097  0.090  0.064  0.285  0.080  0.090  0.071        1
109:     0.089  0.120  0.057  0.103  0.072  0.055  0.254  0.065  0.075  0.110        1
110:     0.109  0.086  0.059  0.075  0.076  0.008  0.219  0.078  0.071  0.218        1
111:     0.002  0.068  0.008  0.074  0.246  0.150  0.306  0.005  0.027  0.115        1
112:     0.038  0.124  0.023  0.099  0.263  0.007  0.243  0.051  0.068  0.084        1
113:     0.007  0.077  0.067  0.010  0.343  0.005  0.296  0.007  0.044  0.145        1
114:     0.082  0.058  0.070  0.082  0.125  0.084  0.264  0.117  0.046  0.073        1
115:     0.087  0.057  0.090  0.182  0.112  0.061  0.280  0.018  0.035  0.078        1
116:     0.062  0.099  0.029  0.017  0.121  0.088  0.296  0.093  0.086  0.109        1
117:     0.061  0.042  0.059  0.096  0.056  0.026  0.354  0.164  0.062  0.080        1
118:     0.133  0.141  0.024  0.098  0.049  0.038  0.312  0.036  0.115  0.055        1
119:     0.082  0.034  0.028  0.050  0.140  0.104  0.261  0.070  0.099  0.132        1
120:     0.047  0.166  0.116  0.057  0.134  0.056  0.202  0.072  0.089  0.063        1
121:     0.071  0.103  0.100  0.065  0.071  0.075  0.278  0.060  0.093  0.084        1
122:     0.053  0.061  0.029  0.087  0.317  0.046  0.225  0.010  0.011  0.161        1
123:     0.094  0.161  0.057  0.049  0.098  0.104  0.268  0.053  0.041  0.074        1
124:     0.159  0.013  0.042  0.056  0.048  0.063  0.306  0.147  0.010  0.155        1
125:     0.114  0.087  0.056  0.053  0.124  0.064  0.281  0.081  0.040  0.099        1
126:     0.049  0.011  0.061  0.021  0.413  0.006  0.242  0.008  0.165  0.024        1
127:     0.064  0.113  0.007  0.052  0.059  0.174  0.343  0.043  0.138  0.007        1
128:     0.087  0.137  0.002  0.066  0.025  0.014  0.314  0.053  0.027  0.275        1
129:     0.016  0.133  0.096  0.023  0.088  0.098  0.333  0.124  0.006  0.083        1
130:     0.185  0.050  0.093  0.057  0.057  0.018  0.355  0.059  0.112  0.015        1
131:     0.064  0.208  0.031  0.004  0.097  0.059  0.219  0.062  0.221  0.036        1
132:     0.067  0.164  0.079  0.125  0.028  0.138  0.280  0.004  0.029  0.086        1
133:     0.049  0.098  0.113  0.038  0.139  0.076  0.324  0.039  0.068  0.055        1
134:     0.095  0.116  0.025  0.220  0.025  0.100  0.221  0.115  0.036  0.047        1
135:     0.042  0.107  0.196  0.084  0.159  0.026  0.241  0.021  0.074  0.050        1
136:     0.043  0.050  0.008  0.104  0.134  0.051  0.296  0.008  0.166  0.139        1
137:     0.046  0.124  0.084  0.078  0.134  0.072  0.284  0.059  0.040  0.080        1
138:     0.043  0.215  0.041  0.130  0.023  0.065  0.306  0.069  0.035  0.073        1
139:     0.152  0.129  0.128  0.090  0.045  0.014  0.380  0.029  0.010  0.023        1
140:     0.096  0.175  0.030  0.061  0.089  0.046  0.339  0.012  0.063  0.087        1
141:     0.024  0.267  0.027  0.032  0.043  0.036  0.318  0.013  0.019  0.220        1
142:     0.075  0.122  0.035  0.056  0.189  0.083  0.224  0.027  0.105  0.084        1
143:     0.031  0.069  0.070  0.009  0.147  0.070  0.315  0.103  0.047  0.139        1
144:     0.067  0.090  0.221  0.018  0.116  0.024  0.278  0.020  0.140  0.025        1
145:     0.052  0.098  0.025  0.134  0.341  0.008  0.279  0.019  0.031  0.014        1
146:     0.105  0.149  0.027  0.101  0.056  0.099  0.300  0.032  0.066  0.064        1
147:     0.044  0.044  0.102  0.054  0.188  0.071  0.340  0.021  0.056  0.080        1
148:     0.094  0.142  0.081  0.118  0.078  0.085  0.114  0.088  0.089  0.110        1
149:     0.192  0.164  0.019  0.057  0.018  0.021  0.090  0.321  0.039  0.080        1
150:     0.061  0.061  0.167  0.033  0.076  0.400  0.045  0.028  0.062  0.066        1
151:     0.095  0.099  0.035  0.079  0.026  0.181  0.016  0.240  0.061  0.169        1
152:     0.161  0.091  0.012  0.153  0.153  0.107  0.044  0.084  0.059  0.135        1
153:     0.054  0.109  0.048  0.021  0.191  0.073  0.047  0.148  0.080  0.230        1
154:     0.128  0.075  0.132  0.088  0.101  0.156  0.040  0.076  0.102  0.100        1
155:     0.183  0.027  0.067  0.030  0.049  0.146  0.012  0.020  0.362  0.104        1
156:     0.132  0.132  0.032  0.152  0.043  0.264  0.045  0.152  0.014  0.033        1
157:     0.089  0.098  0.115  0.142  0.117  0.075  0.056  0.091  0.122  0.095        1
158:     0.124  0.144  0.025  0.161  0.066  0.107  0.031  0.206  0.049  0.088        1
159:     0.032  0.086  0.203  0.109  0.053  0.090  0.012  0.240  0.077  0.097        1
160:     0.345  0.007  0.104  0.101  0.094  0.060  0.006  0.129  0.065  0.089        1
161:     0.139  0.113  0.135  0.079  0.093  0.083  0.066  0.100  0.078  0.113        1
162:     0.305  0.119  0.226  0.011  0.123  0.019  0.002  0.087  0.025  0.084        1
163:     0.103  0.042  0.087  0.106  0.105  0.174  0.070  0.127  0.113  0.073        1
164:     0.123  0.066  0.100  0.113  0.094  0.116  0.062  0.073  0.108  0.146        1
165:     0.063  0.095  0.047  0.159  0.103  0.236  0.098  0.026  0.128  0.044        1
166:     0.181  0.010  0.188  0.216  0.006  0.044  0.067  0.115  0.094  0.079        1
167:     0.014  0.127  0.092  0.155  0.138  0.129  0.067  0.117  0.016  0.145        1
168:     0.040  0.071  0.221  0.061  0.026  0.185  0.035  0.070  0.178  0.112        1
169:     0.012  0.011  0.089  0.201  0.122  0.033  0.056  0.140  0.195  0.140        1
170:     0.085  0.002  0.122  0.019  0.251  0.096  0.052  0.157  0.157  0.059        1
171:     0.188  0.077  0.167  0.169  0.024  0.061  0.022  0.137  0.074  0.083        1
172:     0.086  0.132  0.168  0.017  0.006  0.059  0.038  0.177  0.137  0.179        1
173:     0.086  0.089  0.098  0.150  0.123  0.117  0.036  0.067  0.169  0.064        1
174:     0.112  0.027  0.110  0.134  0.045  0.125  0.064  0.054  0.174  0.155        1
175:     0.119  0.085  0.090  0.112  0.112  0.093  0.045  0.103  0.123  0.117       50
176:     0.105  0.077  0.113  0.096  0.085  0.128  0.044  0.112  0.122  0.117       49
177:     0.105  0.086  0.107  0.110  0.096  0.099  0.039  0.105  0.122  0.131       50
178:     0.103  0.076  0.092  0.137  0.120  0.102  0.038  0.117  0.106  0.110       49
179:     0.096  0.085  0.115  0.098  0.082  0.124  0.049  0.110  0.095  0.146       23
180:     0.104  0.075  0.117  0.104  0.101  0.115  0.040  0.109  0.126  0.108       49
181:     0.075  0.250  0.057  0.034  0.040  0.028  0.426  0.035  0.029  0.026       30
182:     0.075  0.086  0.074  0.033  0.048  0.052  0.533  0.035  0.031  0.033       30
183:     0.106  0.077  0.098  0.107  0.095  0.141  0.077  0.104  0.108  0.086       34
184:     0.101  0.071  0.127  0.122  0.082  0.123  0.048  0.104  0.113  0.111       36
185:     0.102  0.078  0.104  0.101  0.102  0.129  0.047  0.114  0.110  0.112       40
186:     0.101  0.070  0.099  0.128  0.098  0.125  0.043  0.105  0.113  0.118       39
187:     0.100  0.083  0.097  0.100  0.105  0.116  0.044  0.109  0.118  0.127       37
188:     0.099  0.079  0.110  0.129  0.081  0.120  0.052  0.102  0.108  0.121       40
189:     0.088  0.074  0.090  0.118  0.096  0.140  0.051  0.121  0.125  0.097       35
190:     0.122  0.074  0.103  0.108  0.098  0.112  0.054  0.119  0.106  0.104       28
191:     0.087  0.084  0.107  0.111  0.100  0.132  0.048  0.118  0.124  0.090       36
192:     0.107  0.065  0.134  0.119  0.099  0.113  0.043  0.111  0.106  0.103       32
--------------------------------------------

 Rep#:   Lambda   Alpha      F1    F2    F3    F4    F5    F6    F7    F8    F9    F10     D1,2  D1,3  D1,4  D1,5  D1,6  D1,7  D1,8  D1,9  D1,10  D2,3  D2,4  D2,5  D2,6  D2,7  D2,8  D2,9  D2,10  D3,4  D3,5  D3,6  D3,7  D3,8  D3,9  D3,10  D4,5  D4,6  D4,7  D4,8  D4,9  D4,10  D5,6  D5,7  D5,8  D5,9  D5,10  D6,7  D6,8  D6,9  D6,10  D7,8  D7,9  D7,10  D8,9  D8,10  D9,10    Ln Like 
  100:    1.00    1.554    0.007 0.041 0.010 0.010 0.010 0.010 0.307 0.010 0.011 0.010    0.009 0.003 0.003 0.003 0.003 0.056 0.003 0.003 0.003 0.009 0.010 0.010 0.010 0.053 0.010 0.010 0.010 0.003 0.003 0.003 0.058 0.003 0.003 0.003 0.003 0.003 0.058 0.003 0.003 0.003 0.003 0.058 0.004 0.003 0.003 0.058 0.003 0.003 0.003 0.058 0.059 0.058 0.003 0.003 0.003   --  
  200:    1.00    1.176    0.007 0.404 0.010 0.010 0.249 0.010 0.273 0.152 0.011 0.010    0.061 0.003 0.003 0.045 0.003 0.042 0.028 0.003 0.003 0.061 0.061 0.093 0.061 0.075 0.079 0.061 0.061 0.003 0.046 0.003 0.043 0.029 0.003 0.003 0.046 0.003 0.043 0.028 0.003 0.003 0.046 0.077 0.064 0.046 0.046 0.043 0.029 0.003 0.003 0.061 0.043 0.043 0.029 0.029 0.003   --  
  300:    1.00    0.982    0.007 0.399 0.010 0.010 0.211 0.010 0.217 0.257 0.011 0.010    0.058 0.003 0.003 0.038 0.003 0.034 0.042 0.003 0.003 0.059 0.059 0.080 0.059 0.064 0.084 0.059 0.059 0.003 0.038 0.003 0.034 0.043 0.003 0.003 0.038 0.003 0.034 0.043 0.003 0.003 0.038 0.059 0.065 0.038 0.038 0.035 0.043 0.003 0.003 0.062 0.034 0.035 0.043 0.043 0.003   --  
  400:    1.00    0.887    0.007 0.381 0.010 0.010 0.195 0.010 0.208 0.265 0.011 0.010    0.055 0.003 0.003 0.034 0.003 0.031 0.042 0.003 0.003 0.055 0.055 0.074 0.055 0.063 0.082 0.056 0.055 0.003 0.034 0.003 0.031 0.043 0.003 0.003 0.035 0.003 0.032 0.043 0.003 0.003 0.034 0.054 0.063 0.035 0.035 0.032 0.043 0.003 0.003 0.060 0.032 0.032 0.043 0.043 0.003   --  
  500:    1.00    0.811    0.007 0.357 0.010 0.010 0.178 0.010 0.198 0.262 0.011 0.010    0.052 0.003 0.003 0.032 0.003 0.030 0.042 0.003 0.003 0.052 0.053 0.070 0.053 0.061 0.080 0.053 0.053 0.003 0.032 0.003 0.031 0.043 0.003 0.003 0.033 0.003 0.031 0.043 0.003 0.003 0.033 0.051 0.061 0.032 0.032 0.031 0.043 0.003 0.003 0.060 0.031 0.031 0.043 0.043 0.003   --  
  600:    1.00    0.732    0.007 0.353 0.010 0.010 0.167 0.010 0.193 0.259 0.011 0.010    0.051 0.003 0.003 0.031 0.003 0.030 0.041 0.003 0.003 0.052 0.052 0.070 0.052 0.062 0.079 0.052 0.052 0.003 0.031 0.003 0.030 0.042 0.003 0.003 0.031 0.003 0.031 0.042 0.003 0.003 0.031 0.050 0.061 0.031 0.032 0.030 0.042 0.003 0.003 0.059 0.031 0.031 0.042 0.042 0.003   --  
  700:    1.00    0.706    0.007 0.343 0.010 0.010 0.169 0.010 0.196 0.264 0.011 0.010    0.050 0.003 0.003 0.030 0.003 0.030 0.042 0.003 0.003 0.050 0.050 0.068 0.050 0.060 0.078 0.050 0.050 0.003 0.031 0.003 0.030 0.043 0.003 0.003 0.031 0.003 0.030 0.042 0.003 0.003 0.031 0.049 0.060 0.031 0.031 0.030 0.043 0.003 0.003 0.060 0.030 0.030 0.042 0.042 0.003   --  
  800:    1.00    0.675    0.007 0.344 0.010 0.010 0.166 0.010 0.197 0.256 0.011 0.010    0.049 0.003 0.003 0.030 0.003 0.030 0.041 0.003 0.003 0.050 0.050 0.068 0.050 0.061 0.079 0.050 0.050 0.003 0.030 0.003 0.031 0.042 0.003 0.003 0.030 0.003 0.030 0.041 0.003 0.003 0.030 0.049 0.060 0.031 0.030 0.030 0.042 0.003 0.003 0.060 0.031 0.030 0.042 0.042 0.003   --  
  900:    1.00    0.643    0.007 0.331 0.010 0.010 0.169 0.010 0.195 0.266 0.011 0.010    0.048 0.003 0.003 0.030 0.003 0.030 0.042 0.003 0.003 0.049 0.049 0.067 0.049 0.061 0.079 0.049 0.049 0.003 0.030 0.003 0.030 0.042 0.003 0.003 0.031 0.003 0.030 0.042 0.003 0.003 0.030 0.049 0.061 0.031 0.030 0.030 0.042 0.003 0.003 0.060 0.030 0.030 0.042 0.042 0.003   --  

--------------------------------------------
Proportion of membership of each pre-defined
 population in each of the 10 clusters

Given    Inferred Clusters                                                        Number of
 Pop       1      2      3      4      5      6      7      8      9     10      Individuals

  1:     0.128  0.041  0.132  0.137  0.047  0.132  0.050  0.046  0.135  0.152       54
  2:     0.153  0.039  0.116  0.147  0.043  0.136  0.043  0.056  0.141  0.125       30
  3:     0.034  0.334  0.041  0.043  0.046  0.017  0.401  0.043  0.022  0.019       30
  4:     0.003  0.021  0.002  0.002  0.003  0.003  0.954  0.004  0.005  0.002       20
  5:     0.011  0.039  0.005  0.010  0.016  0.010  0.875  0.008  0.008  0.018       30
  6:     0.149  0.035  0.097  0.141  0.043  0.159  0.045  0.044  0.119  0.168       43
  7:     0.140  0.035  0.127  0.134  0.040  0.107  0.045  0.045  0.142  0.186       44
  8:     0.139  0.024  0.107  0.193  0.041  0.088  0.041  0.033  0.157  0.177        4
  9:     0.136  0.021  0.143  0.088  0.036  0.151  0.014  0.046  0.193  0.172       22
 10:     0.144  0.028  0.106  0.145  0.041  0.174  0.011  0.052  0.142  0.157       24
 11:     0.139  0.038  0.140  0.119  0.041  0.139  0.042  0.042  0.145  0.157       54
 12:     0.139  0.035  0.120  0.145  0.039  0.160  0.036  0.043  0.143  0.141       37
 13:     0.127  0.037  0.135  0.153  0.045  0.128  0.048  0.045  0.146  0.137       42
 14:     0.178  0.036  0.101  0.107  0.040  0.159  0.045  0.044  0.135  0.154       42
 15:     0.135  0.035  0.148  0.128  0.038  0.140  0.048  0.051  0.144  0.132       49
 16:     0.132  0.038  0.137  0.132  0.043  0.156  0.052  0.045  0.120  0.145      124
 17:     0.145  0.044  0.148  0.126  0.042  0.104  0.036  0.052  0.165  0.138       24
 18:     0.137  0.035  0.148  0.117  0.046  0.130  0.036  0.052  0.153  0.145       34
 19:     0.145  0.039  0.141  0.149  0.041  0.109  0.045  0.044  0.166  0.122       52
 20:     0.017  0.033  0.125  0.032  0.046  0.477  0.000  0.079  0.183  0.008        1
 21:     0.037  0.025  0.030  0.182  0.100  0.001  0.008  0.094  0.259  0.264        1
 22:     0.000  0.034  0.007  0.020  0.053  0.555  0.046  0.082  0.138  0.065        1
 23:     0.038  0.046  0.003  0.106  0.088  0.095  0.065  0.073  0.116  0.370        1
 24:     0.023  0.020  0.392  0.265  0.044  0.026  0.030  0.063  0.128  0.008        1
 25:     0.111  0.067  0.002  0.072  0.076  0.252  0.068  0.027  0.296  0.027        1
 26:     0.181  0.026  0.435  0.101  0.055  0.007  0.046  0.062  0.013  0.073        1
 27:     0.015  0.052  0.125  0.008  0.051  0.230  0.108  0.047  0.297  0.067        1
 28:     0.298  0.067  0.189  0.025  0.045  0.189  0.014  0.096  0.055  0.020        1
 29:     0.268  0.048  0.053  0.188  0.026  0.043  0.001  0.062  0.194  0.117        1
 30:     0.023  0.040  0.030  0.244  0.038  0.105  0.110  0.037  0.148  0.225        1
 31:     0.008  0.051  0.246  0.149  0.022  0.058  0.200  0.042  0.003  0.221        1
 32:     0.001  0.010  0.128  0.233  0.038  0.097  0.028  0.042  0.368  0.054        1
 33:     0.194  0.045  0.117  0.005  0.010  0.146  0.096  0.090  0.091  0.206        1
 34:     0.217  0.013  0.123  0.148  0.041  0.075  0.007  0.069  0.206  0.101        1
 35:     0.059  0.014  0.179  0.100  0.042  0.018  0.069  0.035  0.136  0.349        1
 36:     0.141  0.065  0.016  0.120  0.075  0.065  0.001  0.057  0.041  0.419        1
 37:     0.136  0.000  0.201  0.162  0.076  0.095  0.023  0.044  0.152  0.111        1
 38:     0.031  0.014  0.261  0.262  0.098  0.054  0.112  0.034  0.044  0.089        1
 39:     0.385  0.011  0.045  0.209  0.064  0.006  0.016  0.098  0.096  0.071        1
 40:     0.000  0.039  0.020  0.373  0.097  0.100  0.047  0.085  0.099  0.139        1
 41:     0.198  0.006  0.207  0.018  0.070  0.055  0.005  0.039  0.042  0.359        1
 42:     0.013  0.049  0.136  0.034  0.049  0.223  0.066  0.073  0.073  0.284        1
 43:     0.063  0.007  0.047  0.387  0.041  0.054  0.040  0.069  0.280  0.013        1
 44:     0.185  0.061  0.067  0.208  0.011  0.213  0.105  0.070  0.064  0.015        1
 45:     0.017  0.018  0.274  0.201  0.053  0.051  0.053  0.126  0.076  0.131        1
 46:     0.003  0.043  0.307  0.026  0.105  0.183  0.027  0.033  0.049  0.224        1
 47:     0.012  0.041  0.040  0.127  0.018  0.388  0.001  0.038  0.026  0.309        1
 48:     0.051  0.049  0.036  0.121  0.048  0.465  0.002  0.041  0.005  0.184        1
 49:     0.246  0.016  0.068  0.039  0.050  0.162  0.033  0.069  0.134  0.184        1
 50:     0.127  0.064  0.054  0.032  0.076  0.100  0.298  0.037  0.174  0.038        1
 51:     0.025  0.074  0.265  0.079  0.037  0.167  0.208  0.062  0.067  0.015        1
 52:     0.082  0.048  0.131  0.210  0.052  0.127  0.040  0.093  0.071  0.144        1
 53:     0.164  0.055  0.116  0.119  0.091  0.098  0.038  0.055  0.156  0.107        1
 54:     0.001  0.010  0.001  0.000  0.003  0.000  0.004  0.976  0.005  0.000        1
 55:     0.001  0.003  0.000  0.001  0.000  0.002  0.013  0.981  0.000  0.000        1
 56:     0.011  0.000  0.010  0.030  0.024  0.056  0.003  0.810  0.052  0.003        1
 57:     0.037  0.002  0.003  0.004  0.002  0.011  0.001  0.921  0.002  0.017        1
 58:     0.011  0.004  0.020  0.014  0.002  0.012  0.001  0.900  0.014  0.022        1
 59:     0.031  0.033  0.006  0.013  0.000  0.003  0.020  0.831  0.054  0.008        1
 60:     0.002  0.002  0.005  0.002  0.003  0.007  0.006  0.973  0.000  0.000        1
 61:     0.000  0.004  0.001  0.000  0.000  0.000  0.000  0.992  0.000  0.002        1
 62:     0.180  0.175  0.070  0.019  0.022  0.020  0.308  0.007  0.167  0.032        1
 63:     0.000  0.013  0.000  0.000  0.026  0.001  0.025  0.917  0.011  0.006        1
 64:     0.000  0.001  0.001  0.000  0.000  0.001  0.000  0.995  0.001  0.001        1
 65:     0.000  0.000  0.000  0.000  0.001  0.001  0.000  0.995  0.002  0.000        1
 66:     0.012  0.025  0.001  0.000  0.000  0.000  0.014  0.941  0.000  0.007        1
 67:     0.027  0.028  0.004  0.063  0.100  0.000  0.028  0.618  0.009  0.122        1
 68:     0.001  0.000  0.014  0.010  0.000  0.032  0.024  0.917  0.001  0.000        1
 69:     0.004  0.003  0.000  0.000  0.002  0.001  0.001  0.980  0.007  0.000        1
 70:     0.017  0.018  0.002  0.078  0.002  0.076  0.007  0.770  0.004  0.027        1
 71:     0.002  0.001  0.000  0.000  0.000  0.002  0.001  0.994  0.000  0.001        1
 72:     0.000  0.001  0.000  0.000  0.002  0.002  0.000  0.993  0.001  0.001        1
 73:     0.000  0.004  0.000  0.000  0.000  0.001  0.001  0.994  0.000  0.000        1
 74:     0.000  0.022  0.009  0.067  0.004  0.078  0.012  0.778  0.030  0.000        1
 75:     0.000  0.002  0.003  0.001  0.000  0.000  0.000  0.992  0.000  0.001        1
 76:     0.205  0.282  0.001  0.054  0.096  0.001  0.330  0.001  0.027  0.004        1
 77:     0.003  0.000  0.001  0.000  0.000  0.000  0.003  0.990  0.000  0.001        1
 78:     0.001  0.054  0.026  0.001  0.002  0.085  0.002  0.818  0.002  0.008        1
 79:     0.004  0.001  0.000  0.002  0.000  0.003  0.001  0.988  0.002  0.000        1
 80:     0.001  0.000  0.000  0.003  0.001  0.001  0.003  0.980  0.007  0.004        1
 81:     0.000  0.004  0.003  0.000  0.001  0.001  0.004  0.984  0.000  0.001        1
 82:     0.047  0.038  0.153  0.024  0.164  0.018  0.009  0.480  0.057  0.009        1
 83:     0.000  0.000  0.000  0.006  0.000  0.000  0.001  0.991  0.000  0.002        1
 84:     0.004  0.003  0.004  0.000  0.924  0.000  0.037  0.008  0.018  0.002        1
 85:     0.004  0.003  0.000  0.003  0.883  0.003  0.065  0.028  0.006  0.005        1
 86:     0.071  0.020  0.011  0.023  0.809  0.017  0.007  0.034  0.003  0.002        1
 87:     0.008  0.001  0.000  0.007  0.927  0.005  0.003  0.004  0.027  0.016        1
 88:     0.000  0.000  0.001  0.011  0.963  0.000  0.018  0.007  0.000  0.000        1
 89:     0.030  0.000  0.016  0.002  0.936  0.003  0.008  0.000  0.002  0.002        1
 90:     0.009  0.004  0.001  0.000  0.933  0.001  0.036  0.009  0.008  0.000        1
 91:     0.001  0.004  0.017  0.005  0.924  0.013  0.005  0.001  0.012  0.018        1
 92:     0.024  0.000  0.007  0.067  0.784  0.010  0.019  0.006  0.025  0.058        1
 93:     0.001  0.035  0.007  0.004  0.892  0.008  0.039  0.012  0.002  0.002        1
 94:     0.006  0.048  0.004  0.003  0.887  0.016  0.014  0.004  0.014  0.003        1
 95:     0.016  0.003  0.019  0.025  0.864  0.008  0.060  0.004  0.001  0.000        1
 96:     0.002  0.015  0.001  0.000  0.972  0.001  0.000  0.005  0.004  0.000        1
 97:     0.004  0.001  0.001  0.000  0.910  0.002  0.060  0.009  0.000  0.012        1
 98:     0.021  0.003  0.003  0.001  0.910  0.014  0.013  0.019  0.013  0.002        1
 99:     0.000  0.000  0.000  0.005  0.988  0.001  0.002  0.002  0.002  0.000        1
100:     0.000  0.005  0.000  0.000  0.973  0.000  0.011  0.006  0.003  0.002        1
101:     0.061  0.019  0.031  0.001  0.746  0.000  0.031  0.020  0.092  0.001        1
102:     0.030  0.013  0.025  0.072  0.781  0.009  0.010  0.026  0.017  0.017        1
103:     0.009  0.004  0.009  0.005  0.945  0.000  0.004  0.000  0.009  0.015        1
104:     0.005  0.000  0.000  0.004  0.919  0.027  0.000  0.028  0.015  0.001        1
105:     0.005  0.002  0.000  0.009  0.899  0.002  0.043  0.034  0.002  0.004        1
106:     0.065  0.003  0.019  0.017  0.765  0.080  0.018  0.021  0.001  0.012        1
107:     0.006  0.032  0.013  0.002  0.906  0.009  0.023  0.002  0.004  0.003        1
108:     0.029  0.005  0.012  0.004  0.803  0.006  0.048  0.011  0.000  0.083        1
109:     0.063  0.032  0.007  0.049  0.738  0.002  0.079  0.019  0.013  0.000        1
110:     0.092  0.003  0.025  0.018  0.731  0.010  0.023  0.047  0.037  0.014        1
111:     0.007  0.042  0.001  0.002  0.923  0.007  0.005  0.002  0.006  0.005        1
112:     0.010  0.001  0.010  0.000  0.970  0.003  0.003  0.002  0.000  0.001        1
113:     0.000  0.006  0.005  0.000  0.898  0.001  0.081  0.001  0.006  0.002        1
114:     0.002  0.001  0.001  0.000  0.953  0.005  0.005  0.030  0.004  0.000        1
115:     0.004  0.037  0.001  0.019  0.879  0.009  0.002  0.001  0.001  0.047        1
116:     0.003  0.019  0.002  0.002  0.965  0.000  0.000  0.006  0.000  0.001        1
117:     0.001  0.038  0.006  0.002  0.902  0.007  0.019  0.003  0.022  0.000        1
118:     0.003  0.058  0.000  0.019  0.883  0.009  0.004  0.001  0.007  0.015        1
119:     0.000  0.023  0.041  0.049  0.837  0.033  0.002  0.003  0.001  0.011        1
120:     0.036  0.002  0.025  0.001  0.858  0.004  0.002  0.039  0.028  0.005        1
121:     0.001  0.036  0.003  0.010  0.908  0.005  0.010  0.004  0.005  0.019        1
122:     0.017  0.004  0.003  0.000  0.885  0.002  0.001  0.012  0.027  0.049        1
123:     0.001  0.007  0.000  0.001  0.964  0.002  0.002  0.007  0.009  0.005        1
124:     0.002  0.032  0.014  0.014  0.796  0.003  0.109  0.008  0.001  0.021        1
125:     0.001  0.004  0.006  0.015  0.954  0.007  0.001  0.004  0.003  0.005        1
126:     0.001  0.021  0.000  0.003  0.827  0.017  0.005  0.035  0.068  0.022        1
127:     0.005  0.015  0.006  0.005  0.865  0.004  0.047  0.009  0.043  0.002        1
128:     0.004  0.037  0.007  0.000  0.898  0.005  0.009  0.022  0.016  0.001        1
129:     0.005  0.000  0.000  0.000  0.970  0.002  0.021  0.000  0.000  0.001        1
130:     0.000  0.025  0.001  0.000  0.888  0.005  0.043  0.001  0.037  0.000        1
131:     0.003  0.000  0.005  0.006  0.970  0.006  0.000  0.006  0.000  0.002        1
132:     0.009  0.001  0.025  0.017  0.780  0.029  0.094  0.001  0.043  0.000        1
133:     0.005  0.005  0.000  0.001  0.834  0.012  0.130  0.004  0.006  0.004        1
134:     0.021  0.028  0.017  0.001  0.803  0.002  0.004  0.036  0.002  0.087        1
135:     0.048  0.007  0.000  0.015  0.763  0.016  0.046  0.006  0.075  0.024        1
136:     0.000  0.006  0.005  0.001  0.981  0.000  0.001  0.005  0.002  0.000        1
137:     0.003  0.019  0.013  0.005  0.950  0.001  0.000  0.001  0.006  0.002        1
138:     0.000  0.008  0.002  0.000  0.961  0.000  0.007  0.019  0.001  0.000        1
139:     0.000  0.024  0.000  0.000  0.881  0.000  0.089  0.000  0.002  0.003        1
140:     0.011  0.000  0.000  0.001  0.848  0.006  0.123  0.011  0.000  0.000        1
141:     0.001  0.016  0.008  0.000  0.963  0.012  0.000  0.000  0.000  0.000        1
142:     0.015  0.045  0.002  0.000  0.831  0.003  0.002  0.015  0.055  0.030        1
143:     0.006  0.017  0.019  0.015  0.873  0.001  0.044  0.012  0.000  0.014        1
144:     0.001  0.001  0.001  0.006  0.949  0.017  0.010  0.007  0.008  0.001        1
145:     0.018  0.001  0.000  0.006  0.937  0.001  0.002  0.018  0.012  0.006        1
146:     0.005  0.044  0.002  0.001  0.916  0.011  0.004  0.001  0.015  0.001        1
147:     0.001  0.000  0.001  0.001  0.933  0.000  0.061  0.001  0.001  0.002        1
148:     0.084  0.046  0.064  0.090  0.149  0.161  0.070  0.080  0.134  0.122        1
149:     0.151  0.104  0.030  0.129  0.094  0.076  0.072  0.030  0.060  0.254        1
150:     0.216  0.008  0.070  0.055  0.078  0.268  0.066  0.040  0.161  0.038        1
151:     0.231  0.011  0.056  0.180  0.029  0.243  0.000  0.081  0.001  0.168        1
152:     0.144  0.045  0.002  0.129  0.064  0.195  0.039  0.033  0.038  0.310        1
153:     0.138  0.047  0.131  0.091  0.048  0.132  0.003  0.063  0.136  0.210        1
154:     0.370  0.032  0.241  0.010  0.050  0.012  0.033  0.044  0.140  0.069        1
155:     0.162  0.003  0.065  0.025  0.076  0.048  0.030  0.040  0.505  0.046        1
156:     0.168  0.018  0.079  0.367  0.049  0.189  0.031  0.070  0.024  0.003        1
157:     0.274  0.015  0.042  0.226  0.068  0.081  0.110  0.030  0.075  0.079        1
158:     0.111  0.059  0.134  0.079  0.058  0.307  0.010  0.059  0.036  0.146        1
159:     0.040  0.033  0.213  0.189  0.038  0.115  0.009  0.056  0.060  0.248        1
160:     0.269  0.029  0.047  0.085  0.044  0.123  0.041  0.058  0.059  0.246        1
161:     0.225  0.044  0.155  0.089  0.098  0.163  0.038  0.061  0.045  0.083        1
162:     0.234  0.034  0.287  0.067  0.025  0.116  0.001  0.075  0.123  0.038        1
163:     0.135  0.014  0.090  0.164  0.059  0.173  0.060  0.074  0.125  0.105        1
164:     0.140  0.051  0.125  0.071  0.047  0.095  0.058  0.065  0.279  0.069        1
165:     0.076  0.031  0.169  0.215  0.106  0.134  0.049  0.072  0.064  0.085        1
166:     0.207  0.010  0.179  0.000  0.007  0.009  0.081  0.045  0.447  0.015        1
167:     0.026  0.083  0.041  0.129  0.060  0.145  0.054  0.067  0.035  0.360        1
168:     0.070  0.015  0.212  0.139  0.034  0.184  0.001  0.061  0.153  0.131        1
169:     0.025  0.036  0.013  0.488  0.043  0.256  0.013  0.042  0.070  0.014        1
170:     0.056  0.004  0.079  0.167  0.044  0.224  0.019  0.066  0.221  0.119        1
171:     0.352  0.029  0.086  0.138  0.065  0.185  0.001  0.049  0.072  0.023        1
172:     0.030  0.023  0.136  0.094  0.027  0.020  0.062  0.105  0.246  0.258        1
173:     0.093  0.050  0.031  0.156  0.042  0.144  0.020  0.067  0.289  0.109        1
174:     0.108  0.022  0.187  0.150  0.084  0.014  0.043  0.054  0.064  0.274        1
175:     0.130  0.041  0.130  0.139  0.041  0.111  0.044  0.045  0.164  0.154       50
176:     0.142  0.041  0.134  0.126  0.037  0.129  0.034  0.047  0.162  0.148       49
177:     0.119  0.040  0.136  0.112  0.040  0.135  0.040  0.041  0.161  0.178       50
178:     0.121  0.036  0.138  0.158  0.041  0.144  0.040  0.051  0.145  0.127       49
179:     0.102  0.031  0.152  0.143  0.039  0.135  0.057  0.046  0.148  0.149       23
180:     0.115  0.035  0.149  0.135  0.039  0.138  0.040  0.046  0.153  0.148       49
181:     0.003  0.928  0.003  0.003  0.002  0.003  0.052  0.003  0.002  0.002       30
182:     0.008  0.391  0.005  0.009  0.004  0.005  0.559  0.010  0.006  0.004       30
183:     0.118  0.059  0.122  0.135  0.062  0.204  0.076  0.040  0.105  0.079       34
184:     0.121  0.039  0.111  0.187  0.037  0.186  0.039  0.041  0.113  0.125       36
185:     0.132  0.035  0.139  0.162  0.042  0.192  0.051  0.041  0.111  0.095       40
186:     0.125  0.035  0.125  0.156  0.041  0.194  0.033  0.047  0.122  0.121       39
187:     0.166  0.042  0.095  0.128  0.040  0.192  0.043  0.046  0.137  0.112       37
188:     0.181  0.040  0.122  0.136  0.050  0.154  0.050  0.044  0.098  0.124       40
189:     0.128  0.047  0.110  0.160  0.046  0.179  0.045  0.044  0.123  0.117       35
190:     0.158  0.039  0.152  0.146  0.040  0.126  0.056  0.047  0.103  0.133       28
191:     0.126  0.041  0.103  0.134  0.038  0.208  0.041  0.042  0.122  0.145       36
192:     0.121  0.039  0.142  0.155  0.039  0.173  0.045  0.047  0.129  0.110       32
--------------------------------------------

 Rep#:   Lambda   Alpha      F1    F2    F3    F4    F5    F6    F7    F8    F9    F10     D1,2  D1,3  D1,4  D1,5  D1,6  D1,7  D1,8  D1,9  D1,10  D2,3  D2,4  D2,5  D2,6  D2,7  D2,8  D2,9  D2,10  D3,4  D3,5  D3,6  D3,7  D3,8  D3,9  D3,10  D4,5  D4,6  D4,7  D4,8  D4,9  D4,10  D5,6  D5,7  D5,8  D5,9  D5,10  D6,7  D6,8  D6,9  D6,10  D7,8  D7,9  D7,10  D8,9  D8,10  D9,10    Ln Like 
