

----------------------------------------------------
STRUCTURE by Pritchard, Stephens and Donnelly (2000)
     and Falush, Stephens and Pritchard (2003)
       Code by Pritchard, Falush and Hubisz
             Version 2.3.4 (Jul 2012)
----------------------------------------------------


Reading file "/workdir/yc2644/CV_CT_array/structure/threader_input/mainparams".
Reading file "/workdir/yc2644/CV_CT_array/structure/threader_input/extraparams".
Reading file "/workdir/yc2644/CV_CT_array/structure/threader_input/n1601.recode.strct_in".


Data file "/workdir/yc2644/CV_CT_array/structure/threader_input/n1601.recode.strct_in" (truncated) --

Ind:   Label Pop : Genotype_data . . . .
  1:  001s    1  :  2   1   2   2   2   1   2  . . . .   2
  1:  001s    1  :  2   2   2   2   2   2   2  . . . .   2
  2:  002s    1  :  2   2   2   2   1   1   2  . . . .   2
  2:  002s    1  :  2   2   2   2   2   2   2  . . . .   2
  3:  003s    1  :  1   2   1   2   2   2   2  . . . .   1
  3:  003s    1  :  2   2   1   2   2   2   2  . . . .   2
  4:  004s    1  :  1   1   2   2   1   2   2  . . . .   1
  4:  004s    1  :  2   1   2   2   2   2   2  . . . .   2

      *******   

1600:    49  192  :  2   2   2   2   2   1   2  . . . .   1
1600:    49  192  :  2   2   2   2   2   2   2  . . . .   2
1601:    50  192  :  2   1   2   2   1   2   2  . . . .   1
1601:    50  192  :  2   2   2   2   2   2   2  . . . .   2

Number of alleles per locus: min= 2; ave=2.0; max= 2


--------------------------------------

Finished initialization; starting MCMC 
100000 iterations + 10000 burnin


--------------------------------------------
Proportion of membership of each pre-defined
 population in each of the 10 clusters

Given    Inferred Clusters                                                        Number of
 Pop       1      2      3      4      5      6      7      8      9     10      Individuals

  1:     0.117  0.086  0.104  0.091  0.111  0.058  0.110  0.115  0.095  0.111       54
  2:     0.127  0.100  0.101  0.092  0.121  0.052  0.125  0.085  0.101  0.095       30
  3:     0.062  0.068  0.062  0.047  0.050  0.442  0.028  0.071  0.066  0.105       30
  4:     0.055  0.123  0.049  0.036  0.071  0.491  0.029  0.051  0.040  0.054       20
  5:     0.062  0.120  0.036  0.050  0.066  0.438  0.038  0.065  0.044  0.082       30
  6:     0.105  0.083  0.107  0.098  0.124  0.051  0.122  0.125  0.085  0.099       43
  7:     0.122  0.089  0.121  0.081  0.117  0.045  0.126  0.103  0.099  0.096       44
  8:     0.087  0.121  0.135  0.050  0.095  0.050  0.117  0.189  0.113  0.044        4
  9:     0.118  0.101  0.126  0.089  0.117  0.029  0.129  0.078  0.103  0.109       22
 10:     0.121  0.060  0.123  0.096  0.129  0.039  0.105  0.108  0.114  0.106       24
 11:     0.127  0.091  0.121  0.090  0.126  0.052  0.124  0.089  0.087  0.093       54
 12:     0.097  0.079  0.107  0.107  0.131  0.042  0.117  0.100  0.100  0.119       37
 13:     0.108  0.094  0.124  0.086  0.112  0.054  0.131  0.088  0.092  0.111       42
 14:     0.125  0.066  0.106  0.093  0.113  0.051  0.116  0.110  0.106  0.115       42
 15:     0.108  0.084  0.127  0.099  0.118  0.046  0.131  0.115  0.087  0.086       49
 16:     0.124  0.091  0.115  0.090  0.112  0.058  0.123  0.094  0.097  0.096      124
 17:     0.098  0.103  0.139  0.117  0.108  0.052  0.093  0.086  0.097  0.107       24
 18:     0.117  0.073  0.121  0.105  0.105  0.043  0.135  0.104  0.102  0.094       34
 19:     0.096  0.096  0.107  0.094  0.128  0.049  0.110  0.099  0.109  0.111       52
 20:     0.265  0.017  0.217  0.011  0.024  0.062  0.175  0.145  0.062  0.021        1
 21:     0.128  0.125  0.125  0.095  0.138  0.035  0.149  0.057  0.026  0.123        1
 22:     0.032  0.126  0.061  0.072  0.440  0.040  0.031  0.003  0.079  0.117        1
 23:     0.106  0.087  0.054  0.091  0.177  0.072  0.160  0.094  0.090  0.069        1
 24:     0.131  0.094  0.167  0.056  0.083  0.039  0.101  0.068  0.113  0.147        1
 25:     0.112  0.133  0.060  0.105  0.081  0.095  0.152  0.090  0.100  0.073        1
 26:     0.095  0.024  0.143  0.035  0.099  0.088  0.231  0.098  0.058  0.129        1
 27:     0.010  0.235  0.110  0.038  0.154  0.091  0.185  0.045  0.067  0.065        1
 28:     0.041  0.140  0.005  0.108  0.090  0.044  0.206  0.109  0.108  0.149        1
 29:     0.263  0.130  0.008  0.010  0.141  0.023  0.066  0.080  0.023  0.255        1
 30:     0.044  0.070  0.176  0.130  0.052  0.079  0.038  0.030  0.277  0.103        1
 31:     0.130  0.081  0.082  0.059  0.107  0.150  0.096  0.079  0.084  0.131        1
 32:     0.054  0.089  0.245  0.122  0.049  0.024  0.150  0.129  0.075  0.062        1
 33:     0.118  0.003  0.208  0.063  0.072  0.074  0.026  0.089  0.206  0.141        1
 34:     0.031  0.119  0.149  0.108  0.298  0.025  0.005  0.109  0.058  0.097        1
 35:     0.011  0.074  0.143  0.058  0.213  0.045  0.066  0.177  0.104  0.111        1
 36:     0.175  0.113  0.181  0.062  0.038  0.024  0.047  0.229  0.093  0.037        1
 37:     0.069  0.007  0.226  0.149  0.062  0.011  0.126  0.148  0.078  0.124        1
 38:     0.009  0.282  0.172  0.110  0.139  0.016  0.054  0.134  0.015  0.067        1
 39:     0.085  0.208  0.100  0.194  0.075  0.010  0.163  0.116  0.007  0.043        1
 40:     0.162  0.171  0.063  0.106  0.080  0.042  0.057  0.063  0.202  0.054        1
 41:     0.112  0.070  0.179  0.095  0.043  0.043  0.073  0.266  0.042  0.077        1
 42:     0.081  0.136  0.174  0.095  0.069  0.046  0.154  0.046  0.153  0.046        1
 43:     0.100  0.094  0.062  0.076  0.146  0.073  0.181  0.064  0.098  0.104        1
 44:     0.079  0.072  0.074  0.144  0.075  0.106  0.063  0.175  0.086  0.125        1
 45:     0.022  0.121  0.043  0.080  0.142  0.004  0.218  0.271  0.052  0.046        1
 46:     0.141  0.041  0.059  0.164  0.093  0.033  0.070  0.108  0.138  0.152        1
 47:     0.038  0.015  0.138  0.131  0.253  0.045  0.169  0.009  0.085  0.115        1
 48:     0.084  0.102  0.110  0.120  0.145  0.044  0.096  0.074  0.090  0.135        1
 49:     0.103  0.174  0.168  0.046  0.216  0.036  0.033  0.014  0.182  0.029        1
 50:     0.009  0.117  0.206  0.016  0.057  0.175  0.059  0.056  0.065  0.241        1
 51:     0.119  0.138  0.227  0.050  0.144  0.141  0.040  0.029  0.003  0.110        1
 52:     0.193  0.067  0.187  0.186  0.083  0.060  0.118  0.079  0.019  0.008        1
 53:     0.079  0.160  0.057  0.032  0.109  0.062  0.103  0.120  0.178  0.101        1
 54:     0.292  0.057  0.148  0.197  0.038  0.072  0.017  0.016  0.139  0.023        1
 55:     0.087  0.108  0.141  0.230  0.011  0.027  0.089  0.141  0.033  0.134        1
 56:     0.028  0.031  0.139  0.293  0.051  0.023  0.070  0.100  0.161  0.105        1
 57:     0.108  0.248  0.144  0.110  0.053  0.060  0.002  0.188  0.003  0.085        1
 58:     0.016  0.147  0.020  0.390  0.133  0.063  0.043  0.023  0.068  0.096        1
 59:     0.088  0.157  0.133  0.121  0.074  0.064  0.058  0.115  0.095  0.095        1
 60:     0.095  0.196  0.073  0.184  0.020  0.046  0.061  0.173  0.088  0.064        1
 61:     0.020  0.253  0.056  0.224  0.006  0.052  0.030  0.125  0.193  0.040        1
 62:     0.084  0.101  0.060  0.063  0.075  0.236  0.098  0.093  0.103  0.088        1
 63:     0.025  0.323  0.107  0.123  0.001  0.050  0.042  0.141  0.169  0.020        1
 64:     0.365  0.064  0.027  0.075  0.006  0.029  0.042  0.094  0.241  0.057        1
 65:     0.103  0.053  0.080  0.473  0.097  0.033  0.035  0.062  0.037  0.029        1
 66:     0.208  0.114  0.117  0.168  0.012  0.041  0.031  0.202  0.010  0.095        1
 67:     0.034  0.269  0.071  0.303  0.050  0.074  0.027  0.122  0.021  0.030        1
 68:     0.251  0.093  0.032  0.274  0.068  0.062  0.043  0.054  0.095  0.028        1
 69:     0.026  0.161  0.042  0.326  0.004  0.037  0.013  0.159  0.209  0.025        1
 70:     0.113  0.137  0.049  0.272  0.130  0.049  0.022  0.177  0.003  0.046        1
 71:     0.029  0.069  0.206  0.346  0.063  0.031  0.008  0.051  0.089  0.108        1
 72:     0.035  0.223  0.001  0.249  0.107  0.060  0.026  0.140  0.115  0.045        1
 73:     0.129  0.039  0.091  0.242  0.069  0.040  0.029  0.065  0.250  0.046        1
 74:     0.051  0.063  0.071  0.206  0.043  0.065  0.079  0.128  0.112  0.182        1
 75:     0.125  0.082  0.276  0.152  0.068  0.028  0.032  0.074  0.127  0.037        1
 76:     0.082  0.016  0.056  0.031  0.017  0.357  0.104  0.081  0.126  0.129        1
 77:     0.086  0.055  0.208  0.270  0.021  0.079  0.001  0.084  0.172  0.023        1
 78:     0.048  0.095  0.271  0.087  0.004  0.079  0.025  0.167  0.105  0.119        1
 79:     0.058  0.122  0.172  0.237  0.002  0.045  0.017  0.148  0.172  0.025        1
 80:     0.160  0.201  0.009  0.224  0.009  0.086  0.028  0.065  0.145  0.073        1
 81:     0.172  0.218  0.044  0.051  0.099  0.044  0.040  0.186  0.123  0.023        1
 82:     0.117  0.051  0.077  0.404  0.005  0.027  0.059  0.157  0.051  0.054        1
 83:     0.139  0.130  0.134  0.116  0.070  0.056  0.045  0.136  0.082  0.092        1
 84:     0.014  0.248  0.015  0.144  0.058  0.119  0.069  0.197  0.083  0.053        1
 85:     0.003  0.122  0.015  0.378  0.025  0.045  0.147  0.155  0.086  0.024        1
 86:     0.003  0.143  0.108  0.296  0.017  0.011  0.089  0.254  0.077  0.004        1
 87:     0.003  0.270  0.022  0.170  0.098  0.007  0.007  0.061  0.347  0.015        1
 88:     0.088  0.311  0.008  0.209  0.012  0.055  0.068  0.079  0.157  0.012        1
 89:     0.054  0.250  0.005  0.407  0.007  0.049  0.015  0.027  0.110  0.075        1
 90:     0.022  0.463  0.066  0.055  0.022  0.064  0.181  0.087  0.037  0.004        1
 91:     0.105  0.259  0.050  0.138  0.060  0.048  0.104  0.072  0.150  0.014        1
 92:     0.107  0.126  0.102  0.292  0.079  0.046  0.002  0.079  0.140  0.028        1
 93:     0.031  0.072  0.081  0.071  0.117  0.141  0.145  0.055  0.271  0.016        1
 94:     0.018  0.148  0.020  0.171  0.006  0.063  0.099  0.230  0.209  0.037        1
 95:     0.033  0.196  0.094  0.281  0.011  0.072  0.233  0.007  0.032  0.040        1
 96:     0.077  0.331  0.014  0.229  0.015  0.060  0.029  0.029  0.196  0.021        1
 97:     0.022  0.207  0.065  0.191  0.099  0.072  0.014  0.064  0.259  0.006        1
 98:     0.043  0.262  0.038  0.268  0.047  0.043  0.130  0.066  0.084  0.018        1
 99:     0.042  0.302  0.220  0.243  0.019  0.007  0.051  0.012  0.075  0.028        1
100:     0.057  0.206  0.004  0.416  0.009  0.110  0.057  0.039  0.093  0.007        1
101:     0.023  0.165  0.057  0.193  0.086  0.092  0.134  0.096  0.094  0.059        1
102:     0.052  0.032  0.029  0.413  0.028  0.063  0.120  0.015  0.146  0.101        1
103:     0.009  0.222  0.006  0.395  0.010  0.033  0.138  0.064  0.104  0.019        1
104:     0.007  0.221  0.062  0.156  0.027  0.064  0.194  0.027  0.216  0.026        1
105:     0.056  0.288  0.047  0.031  0.045  0.078  0.165  0.126  0.154  0.008        1
106:     0.050  0.359  0.072  0.076  0.047  0.030  0.148  0.063  0.139  0.015        1
107:     0.035  0.160  0.063  0.349  0.084  0.047  0.095  0.078  0.042  0.047        1
108:     0.025  0.206  0.008  0.260  0.009  0.018  0.174  0.038  0.136  0.126        1
109:     0.019  0.474  0.118  0.029  0.034  0.064  0.066  0.079  0.109  0.008        1
110:     0.047  0.227  0.025  0.247  0.036  0.090  0.161  0.066  0.052  0.049        1
111:     0.003  0.057  0.110  0.261  0.034  0.070  0.031  0.030  0.400  0.004        1
112:     0.022  0.012  0.036  0.175  0.033  0.050  0.135  0.051  0.456  0.030        1
113:     0.015  0.206  0.082  0.277  0.033  0.062  0.040  0.063  0.204  0.017        1
114:     0.007  0.173  0.027  0.259  0.044  0.055  0.085  0.133  0.199  0.017        1
115:     0.025  0.054  0.075  0.325  0.082  0.018  0.112  0.130  0.158  0.019        1
116:     0.030  0.292  0.146  0.046  0.046  0.041  0.007  0.092  0.296  0.005        1
117:     0.051  0.151  0.006  0.350  0.082  0.105  0.041  0.032  0.148  0.034        1
118:     0.088  0.012  0.055  0.546  0.009  0.095  0.058  0.064  0.063  0.011        1
119:     0.010  0.151  0.021  0.175  0.015  0.047  0.207  0.008  0.362  0.003        1
120:     0.011  0.039  0.031  0.238  0.069  0.028  0.010  0.310  0.218  0.045        1
121:     0.042  0.314  0.063  0.133  0.037  0.068  0.007  0.084  0.234  0.018        1
122:     0.004  0.175  0.113  0.294  0.101  0.072  0.032  0.038  0.150  0.021        1
123:     0.015  0.200  0.023  0.230  0.117  0.085  0.045  0.046  0.205  0.035        1
124:     0.030  0.155  0.013  0.119  0.042  0.123  0.195  0.110  0.166  0.046        1
125:     0.015  0.248  0.072  0.425  0.025  0.075  0.054  0.044  0.030  0.011        1
126:     0.018  0.281  0.041  0.118  0.143  0.045  0.050  0.063  0.207  0.034        1
127:     0.056  0.311  0.022  0.272  0.099  0.041  0.102  0.016  0.058  0.023        1
128:     0.025  0.048  0.010  0.440  0.090  0.074  0.033  0.054  0.216  0.009        1
129:     0.012  0.172  0.005  0.161  0.105  0.109  0.068  0.033  0.330  0.005        1
130:     0.106  0.199  0.075  0.249  0.008  0.059  0.084  0.053  0.126  0.040        1
131:     0.034  0.147  0.025  0.457  0.029  0.052  0.120  0.010  0.057  0.069        1
132:     0.017  0.253  0.009  0.164  0.164  0.054  0.019  0.171  0.143  0.007        1
133:     0.008  0.456  0.048  0.130  0.028  0.117  0.007  0.049  0.088  0.070        1
134:     0.016  0.148  0.103  0.236  0.067  0.079  0.156  0.017  0.160  0.018        1
135:     0.053  0.319  0.130  0.164  0.042  0.028  0.040  0.053  0.070  0.101        1
136:     0.022  0.047  0.040  0.113  0.001  0.026  0.062  0.191  0.481  0.016        1
137:     0.006  0.172  0.052  0.346  0.128  0.070  0.149  0.030  0.036  0.012        1
138:     0.056  0.169  0.052  0.226  0.056  0.081  0.073  0.081  0.134  0.071        1
139:     0.058  0.237  0.112  0.368  0.022  0.034  0.076  0.008  0.033  0.052        1
140:     0.077  0.491  0.013  0.135  0.012  0.104  0.014  0.027  0.042  0.084        1
141:     0.025  0.376  0.055  0.137  0.072  0.073  0.110  0.015  0.113  0.024        1
142:     0.054  0.271  0.034  0.129  0.082  0.087  0.142  0.081  0.077  0.045        1
143:     0.040  0.255  0.064  0.218  0.004  0.047  0.032  0.107  0.198  0.035        1
144:     0.022  0.146  0.025  0.312  0.070  0.045  0.181  0.106  0.048  0.045        1
145:     0.050  0.190  0.016  0.382  0.068  0.007  0.140  0.094  0.038  0.015        1
146:     0.055  0.197  0.055  0.297  0.129  0.085  0.019  0.086  0.049  0.027        1
147:     0.037  0.252  0.162  0.195  0.081  0.085  0.127  0.009  0.045  0.008        1
148:     0.079  0.246  0.058  0.162  0.025  0.077  0.058  0.095  0.082  0.119        1
149:     0.019  0.039  0.098  0.028  0.082  0.116  0.076  0.118  0.397  0.027        1
150:     0.088  0.074  0.100  0.114  0.136  0.062  0.110  0.084  0.147  0.085        1
151:     0.071  0.031  0.362  0.029  0.075  0.051  0.121  0.065  0.131  0.065        1
152:     0.061  0.127  0.131  0.082  0.107  0.099  0.085  0.135  0.071  0.102        1
153:     0.145  0.085  0.098  0.111  0.102  0.047  0.111  0.109  0.119  0.072        1
154:     0.050  0.004  0.079  0.028  0.014  0.038  0.204  0.076  0.220  0.288        1
155:     0.216  0.118  0.143  0.084  0.049  0.003  0.211  0.013  0.102  0.061        1
156:     0.048  0.032  0.410  0.081  0.018  0.022  0.029  0.109  0.226  0.025        1
157:     0.120  0.194  0.084  0.125  0.058  0.029  0.155  0.022  0.061  0.150        1
158:     0.107  0.026  0.055  0.119  0.133  0.036  0.221  0.163  0.115  0.024        1
159:     0.023  0.102  0.111  0.106  0.116  0.044  0.193  0.038  0.107  0.162        1
160:     0.090  0.016  0.278  0.111  0.125  0.084  0.047  0.166  0.026  0.057        1
161:     0.015  0.053  0.054  0.165  0.092  0.085  0.191  0.080  0.055  0.210        1
162:     0.067  0.207  0.075  0.145  0.087  0.053  0.126  0.204  0.006  0.030        1
163:     0.082  0.030  0.022  0.002  0.153  0.022  0.215  0.182  0.174  0.118        1
164:     0.120  0.060  0.097  0.046  0.203  0.046  0.154  0.071  0.061  0.141        1
165:     0.133  0.119  0.054  0.094  0.139  0.065  0.075  0.139  0.120  0.061        1
166:     0.086  0.074  0.080  0.140  0.135  0.079  0.104  0.211  0.030  0.060        1
167:     0.228  0.040  0.014  0.018  0.164  0.044  0.159  0.126  0.070  0.136        1
168:     0.082  0.198  0.014  0.094  0.085  0.029  0.130  0.059  0.127  0.181        1
169:     0.160  0.059  0.246  0.052  0.057  0.007  0.097  0.060  0.141  0.122        1
170:     0.159  0.058  0.105  0.060  0.076  0.074  0.188  0.023  0.216  0.040        1
171:     0.114  0.055  0.199  0.064  0.001  0.031  0.150  0.168  0.136  0.080        1
172:     0.059  0.073  0.091  0.160  0.206  0.052  0.140  0.056  0.084  0.077        1
173:     0.018  0.042  0.085  0.112  0.070  0.083  0.226  0.228  0.027  0.109        1
174:     0.261  0.119  0.039  0.131  0.052  0.006  0.245  0.097  0.019  0.030        1
175:     0.113  0.075  0.101  0.093  0.126  0.051  0.139  0.098  0.092  0.112       50
176:     0.132  0.074  0.116  0.083  0.104  0.043  0.121  0.106  0.107  0.114       49
177:     0.137  0.096  0.106  0.084  0.105  0.050  0.122  0.097  0.103  0.099       50
178:     0.117  0.069  0.108  0.091  0.108  0.052  0.123  0.121  0.093  0.119       49
179:     0.106  0.067  0.114  0.103  0.112  0.056  0.116  0.125  0.083  0.118       23
180:     0.144  0.089  0.090  0.089  0.111  0.051  0.123  0.097  0.104  0.102       49
181:     0.024  0.025  0.035  0.028  0.027  0.679  0.022  0.062  0.052  0.046       30
182:     0.029  0.037  0.036  0.041  0.044  0.592  0.020  0.052  0.051  0.098       30
183:     0.089  0.092  0.101  0.098  0.093  0.090  0.157  0.095  0.086  0.099       34
184:     0.138  0.077  0.112  0.101  0.101  0.050  0.104  0.092  0.116  0.110       36
185:     0.126  0.088  0.122  0.095  0.106  0.053  0.132  0.095  0.083  0.099       40
186:     0.116  0.088  0.126  0.073  0.124  0.047  0.142  0.093  0.094  0.097       39
187:     0.136  0.092  0.124  0.087  0.100  0.057  0.117  0.097  0.085  0.105       37
188:     0.139  0.080  0.096  0.088  0.110  0.064  0.133  0.112  0.083  0.094       40
189:     0.138  0.090  0.123  0.077  0.099  0.053  0.120  0.111  0.094  0.095       35
190:     0.122  0.085  0.107  0.085  0.116  0.059  0.133  0.102  0.086  0.104       28
191:     0.130  0.082  0.098  0.097  0.102  0.051  0.113  0.097  0.095  0.134       36
192:     0.137  0.077  0.097  0.073  0.136  0.051  0.122  0.093  0.096  0.117       32
--------------------------------------------

 Rep#:   Lambda   Alpha      F1    F2    F3    F4    F5    F6    F7    F8    F9    F10     D1,2  D1,3  D1,4  D1,5  D1,6  D1,7  D1,8  D1,9  D1,10  D2,3  D2,4  D2,5  D2,6  D2,7  D2,8  D2,9  D2,10  D3,4  D3,5  D3,6  D3,7  D3,8  D3,9  D3,10  D4,5  D4,6  D4,7  D4,8  D4,9  D4,10  D5,6  D5,7  D5,8  D5,9  D5,10  D6,7  D6,8  D6,9  D6,10  D7,8  D7,9  D7,10  D8,9  D8,10  D9,10    Ln Like 
  100:    1.00    1.506    0.013 0.013 0.004 0.010 0.010 0.342 0.013 0.010 0.010 0.010    0.005 0.003 0.005 0.004 0.057 0.004 0.004 0.004 0.004 0.003 0.004 0.005 0.055 0.005 0.004 0.004 0.005 0.003 0.002 0.054 0.003 0.002 0.002 0.002 0.004 0.056 0.005 0.004 0.003 0.004 0.055 0.004 0.003 0.004 0.003 0.057 0.055 0.055 0.054 0.004 0.004 0.004 0.003 0.003 0.004   --  
  200:    1.00    1.130    0.014 0.257 0.004 0.252 0.010 0.258 0.013 0.010 0.010 0.010    0.052 0.003 0.045 0.004 0.036 0.004 0.004 0.004 0.004 0.050 0.089 0.051 0.075 0.051 0.051 0.050 0.051 0.044 0.002 0.035 0.003 0.002 0.002 0.002 0.045 0.067 0.046 0.045 0.045 0.045 0.036 0.004 0.003 0.003 0.003 0.037 0.036 0.036 0.036 0.004 0.004 0.004 0.003 0.003 0.003   --  
  300:    1.00    0.927    0.013 0.233 0.004 0.279 0.010 0.206 0.013 0.010 0.010 0.010    0.041 0.003 0.044 0.004 0.031 0.004 0.004 0.004 0.004 0.040 0.082 0.041 0.061 0.041 0.041 0.041 0.041 0.042 0.002 0.029 0.003 0.002 0.002 0.002 0.044 0.061 0.044 0.043 0.043 0.043 0.030 0.004 0.003 0.003 0.003 0.030 0.030 0.030 0.030 0.004 0.004 0.004 0.003 0.003 0.003   --  
  400:    1.00    0.851    0.013 0.210 0.004 0.255 0.010 0.182 0.013 0.010 0.010 0.010    0.035 0.003 0.042 0.004 0.029 0.004 0.004 0.004 0.004 0.034 0.070 0.035 0.053 0.035 0.035 0.035 0.035 0.041 0.002 0.027 0.003 0.002 0.002 0.002 0.042 0.058 0.042 0.042 0.042 0.042 0.028 0.004 0.003 0.003 0.003 0.029 0.028 0.028 0.028 0.004 0.004 0.004 0.003 0.003 0.003   --  
  500:    1.00    0.802    0.014 0.180 0.004 0.261 0.010 0.182 0.013 0.010 0.010 0.011    0.033 0.003 0.042 0.004 0.028 0.004 0.004 0.004 0.004 0.031 0.065 0.032 0.049 0.033 0.032 0.032 0.032 0.041 0.002 0.026 0.003 0.002 0.002 0.002 0.042 0.057 0.042 0.041 0.041 0.042 0.027 0.004 0.003 0.003 0.003 0.027 0.027 0.027 0.027 0.004 0.004 0.004 0.003 0.003 0.003   --  
  600:    1.00    0.756    0.014 0.171 0.004 0.258 0.011 0.177 0.013 0.010 0.010 0.011    0.031 0.003 0.042 0.004 0.027 0.004 0.004 0.004 0.004 0.029 0.062 0.031 0.047 0.031 0.031 0.030 0.030 0.040 0.002 0.025 0.003 0.002 0.002 0.002 0.041 0.057 0.042 0.041 0.041 0.041 0.026 0.004 0.003 0.003 0.003 0.027 0.026 0.026 0.026 0.004 0.004 0.004 0.003 0.003 0.003   --  
  700:    1.00    0.699    0.014 0.170 0.004 0.263 0.011 0.168 0.014 0.011 0.010 0.011    0.031 0.003 0.042 0.004 0.026 0.004 0.004 0.004 0.004 0.029 0.061 0.030 0.046 0.031 0.030 0.030 0.030 0.040 0.002 0.025 0.003 0.002 0.002 0.002 0.041 0.057 0.042 0.041 0.041 0.041 0.026 0.004 0.003 0.003 0.003 0.026 0.026 0.026 0.026 0.004 0.004 0.004 0.003 0.003 0.003   --  
  800:    1.00    0.660    0.014 0.168 0.004 0.261 0.010 0.168 0.014 0.011 0.010 0.011    0.031 0.003 0.042 0.004 0.026 0.004 0.004 0.004 0.004 0.029 0.061 0.030 0.046 0.031 0.030 0.030 0.030 0.040 0.002 0.024 0.003 0.002 0.002 0.002 0.041 0.057 0.042 0.041 0.041 0.041 0.026 0.004 0.003 0.003 0.003 0.026 0.025 0.025 0.025 0.004 0.004 0.004 0.003 0.003 0.003   --  
  900:    1.00    0.633    0.014 0.167 0.004 0.254 0.010 0.168 0.014 0.011 0.010 0.011    0.030 0.003 0.041 0.004 0.026 0.004 0.004 0.004 0.004 0.029 0.061 0.029 0.046 0.030 0.030 0.029 0.030 0.039 0.002 0.024 0.003 0.002 0.002 0.002 0.041 0.056 0.041 0.040 0.040 0.041 0.025 0.004 0.003 0.003 0.003 0.026 0.025 0.025 0.025 0.004 0.004 0.004 0.003 0.004 0.003   --  

--------------------------------------------
Proportion of membership of each pre-defined
 population in each of the 10 clusters

Given    Inferred Clusters                                                        Number of
 Pop       1      2      3      4      5      6      7      8      9     10      Individuals

  1:     0.143  0.042  0.123  0.038  0.119  0.055  0.128  0.113  0.100  0.137       54
  2:     0.155  0.036  0.114  0.039  0.130  0.054  0.114  0.124  0.109  0.124       30
  3:     0.034  0.054  0.020  0.049  0.018  0.677  0.009  0.019  0.020  0.101       30
  4:     0.011  0.073  0.023  0.020  0.019  0.802  0.004  0.021  0.012  0.015       20
  5:     0.025  0.078  0.017  0.017  0.027  0.740  0.016  0.026  0.018  0.035       30
  6:     0.110  0.042  0.115  0.038  0.151  0.043  0.124  0.133  0.116  0.128       43
  7:     0.122  0.036  0.129  0.033  0.126  0.049  0.114  0.159  0.118  0.113       44
  8:     0.080  0.024  0.179  0.036  0.177  0.024  0.086  0.149  0.142  0.104        4
  9:     0.093  0.033  0.247  0.034  0.174  0.012  0.106  0.084  0.116  0.101       22
 10:     0.115  0.035  0.154  0.034  0.106  0.016  0.105  0.138  0.170  0.127       24
 11:     0.138  0.042  0.136  0.032  0.131  0.044  0.118  0.122  0.114  0.124       54
 12:     0.125  0.034  0.136  0.038  0.140  0.044  0.105  0.134  0.108  0.136       37
 13:     0.135  0.044  0.130  0.038  0.148  0.053  0.130  0.112  0.103  0.107       42
 14:     0.135  0.035  0.132  0.039  0.150  0.045  0.106  0.129  0.099  0.131       42
 15:     0.117  0.042  0.132  0.039  0.134  0.047  0.109  0.163  0.095  0.122       49
 16:     0.116  0.045  0.125  0.036  0.139  0.053  0.135  0.111  0.125  0.116      124
 17:     0.094  0.037  0.160  0.035  0.112  0.050  0.125  0.120  0.153  0.114       24
 18:     0.132  0.040  0.121  0.045  0.122  0.037  0.128  0.150  0.115  0.110       34
 19:     0.123  0.037  0.134  0.038  0.152  0.048  0.130  0.110  0.105  0.123       52
 20:     0.346  0.035  0.089  0.042  0.073  0.017  0.181  0.039  0.106  0.070        1
 21:     0.325  0.130  0.102  0.062  0.057  0.010  0.110  0.143  0.012  0.049        1
 22:     0.038  0.031  0.020  0.070  0.427  0.039  0.114  0.017  0.151  0.093        1
 23:     0.086  0.091  0.103  0.014  0.181  0.109  0.065  0.132  0.016  0.203        1
 24:     0.106  0.036  0.158  0.052  0.018  0.032  0.098  0.092  0.207  0.202        1
 25:     0.241  0.035  0.008  0.020  0.108  0.091  0.118  0.201  0.003  0.175        1
 26:     0.048  0.067  0.096  0.066  0.231  0.074  0.372  0.019  0.009  0.019        1
 27:     0.074  0.052  0.023  0.064  0.406  0.062  0.092  0.091  0.115  0.021        1
 28:     0.015  0.055  0.119  0.039  0.138  0.001  0.158  0.248  0.070  0.155        1
 29:     0.387  0.058  0.047  0.062  0.044  0.009  0.059  0.049  0.068  0.217        1
 30:     0.066  0.086  0.083  0.015  0.072  0.127  0.014  0.006  0.456  0.075        1
 31:     0.073  0.017  0.039  0.047  0.374  0.201  0.101  0.067  0.045  0.035        1
 32:     0.158  0.051  0.318  0.041  0.019  0.042  0.094  0.161  0.112  0.003        1
 33:     0.246  0.036  0.125  0.068  0.003  0.057  0.015  0.301  0.060  0.089        1
 34:     0.006  0.062  0.178  0.083  0.353  0.000  0.003  0.087  0.020  0.208        1
 35:     0.050  0.060  0.154  0.040  0.362  0.048  0.143  0.077  0.002  0.064        1
 36:     0.384  0.094  0.175  0.043  0.103  0.051  0.001  0.023  0.123  0.003        1
 37:     0.166  0.081  0.132  0.024  0.433  0.041  0.052  0.016  0.042  0.013        1
 38:     0.059  0.100  0.200  0.041  0.262  0.063  0.012  0.167  0.052  0.045        1
 39:     0.016  0.079  0.085  0.104  0.196  0.000  0.211  0.120  0.149  0.041        1
 40:     0.127  0.086  0.058  0.087  0.353  0.067  0.092  0.000  0.066  0.065        1
 41:     0.176  0.055  0.221  0.018  0.074  0.014  0.091  0.059  0.097  0.194        1
 42:     0.067  0.052  0.147  0.038  0.143  0.052  0.220  0.208  0.017  0.055        1
 43:     0.058  0.029  0.029  0.043  0.019  0.038  0.327  0.187  0.033  0.237        1
 44:     0.093  0.032  0.048  0.053  0.255  0.085  0.152  0.066  0.010  0.206        1
 45:     0.035  0.060  0.090  0.076  0.435  0.032  0.002  0.019  0.146  0.103        1
 46:     0.082  0.151  0.285  0.011  0.264  0.004  0.004  0.173  0.022  0.004        1
 47:     0.067  0.047  0.249  0.030  0.182  0.012  0.280  0.044  0.045  0.043        1
 48:     0.098  0.036  0.203  0.034  0.192  0.012  0.349  0.005  0.011  0.059        1
 49:     0.115  0.080  0.253  0.046  0.184  0.021  0.188  0.001  0.071  0.041        1
 50:     0.001  0.061  0.102  0.015  0.081  0.358  0.027  0.046  0.039  0.271        1
 51:     0.269  0.056  0.058  0.078  0.127  0.189  0.028  0.103  0.021  0.071        1
 52:     0.187  0.084  0.123  0.045  0.185  0.059  0.117  0.039  0.075  0.086        1
 53:     0.040  0.077  0.124  0.042  0.329  0.036  0.075  0.067  0.057  0.154        1
 54:     0.004  0.000  0.000  0.989  0.000  0.002  0.002  0.000  0.002  0.001        1
 55:     0.000  0.004  0.001  0.991  0.000  0.001  0.000  0.000  0.001  0.001        1
 56:     0.011  0.013  0.090  0.832  0.002  0.003  0.002  0.033  0.000  0.015        1
 57:     0.017  0.001  0.016  0.919  0.019  0.001  0.005  0.005  0.000  0.017        1
 58:     0.002  0.002  0.010  0.892  0.021  0.002  0.040  0.004  0.022  0.004        1
 59:     0.003  0.001  0.039  0.827  0.004  0.007  0.002  0.025  0.072  0.021        1
 60:     0.000  0.001  0.006  0.983  0.005  0.002  0.000  0.001  0.000  0.002        1
 61:     0.001  0.000  0.000  0.996  0.000  0.000  0.000  0.001  0.000  0.000        1
 62:     0.056  0.051  0.006  0.001  0.152  0.401  0.043  0.130  0.046  0.115        1
 63:     0.009  0.006  0.000  0.909  0.001  0.012  0.002  0.010  0.046  0.005        1
 64:     0.000  0.000  0.000  0.999  0.000  0.000  0.000  0.000  0.000  0.000        1
 65:     0.002  0.000  0.001  0.996  0.000  0.000  0.000  0.000  0.000  0.000        1
 66:     0.022  0.000  0.012  0.902  0.003  0.011  0.000  0.006  0.016  0.027        1
 67:     0.068  0.086  0.056  0.579  0.040  0.035  0.032  0.053  0.024  0.026        1
 68:     0.005  0.012  0.009  0.915  0.002  0.009  0.001  0.011  0.000  0.036        1
 69:     0.002  0.012  0.001  0.976  0.000  0.001  0.005  0.000  0.004  0.000        1
 70:     0.037  0.008  0.041  0.787  0.006  0.018  0.063  0.013  0.024  0.003        1
 71:     0.002  0.006  0.002  0.984  0.000  0.000  0.001  0.001  0.001  0.002        1
 72:     0.000  0.007  0.000  0.985  0.000  0.000  0.000  0.002  0.004  0.000        1
 73:     0.000  0.001  0.000  0.994  0.000  0.000  0.000  0.001  0.002  0.001        1
 74:     0.025  0.009  0.014  0.772  0.021  0.052  0.026  0.037  0.022  0.021        1
 75:     0.001  0.000  0.000  0.990  0.000  0.001  0.001  0.003  0.000  0.002        1
 76:     0.024  0.155  0.066  0.000  0.025  0.524  0.147  0.024  0.023  0.012        1
 77:     0.000  0.000  0.001  0.990  0.000  0.005  0.000  0.002  0.001  0.000        1
 78:     0.044  0.013  0.025  0.788  0.007  0.040  0.052  0.006  0.000  0.024        1
 79:     0.000  0.000  0.001  0.993  0.000  0.001  0.000  0.000  0.000  0.004        1
 80:     0.000  0.003  0.002  0.946  0.000  0.008  0.000  0.003  0.010  0.028        1
 81:     0.000  0.000  0.001  0.987  0.003  0.002  0.003  0.002  0.001  0.000        1
 82:     0.057  0.160  0.008  0.483  0.095  0.081  0.000  0.019  0.025  0.073        1
 83:     0.001  0.005  0.002  0.979  0.000  0.000  0.000  0.001  0.008  0.004        1
 84:     0.004  0.924  0.006  0.030  0.001  0.013  0.000  0.003  0.016  0.001        1
 85:     0.003  0.909  0.011  0.002  0.017  0.027  0.019  0.009  0.000  0.004        1
 86:     0.027  0.829  0.014  0.016  0.016  0.058  0.033  0.002  0.001  0.004        1
 87:     0.003  0.938  0.003  0.003  0.003  0.004  0.003  0.000  0.030  0.011        1
 88:     0.000  0.942  0.000  0.003  0.004  0.006  0.010  0.027  0.007  0.000        1
 89:     0.010  0.915  0.003  0.000  0.000  0.004  0.008  0.011  0.002  0.046        1
 90:     0.001  0.985  0.000  0.001  0.003  0.007  0.002  0.000  0.001  0.000        1
 91:     0.011  0.952  0.000  0.000  0.004  0.003  0.007  0.010  0.001  0.010        1
 92:     0.027  0.824  0.000  0.015  0.013  0.025  0.000  0.015  0.015  0.068        1
 93:     0.000  0.890  0.003  0.001  0.014  0.067  0.002  0.014  0.007  0.001        1
 94:     0.002  0.902  0.020  0.009  0.003  0.001  0.017  0.018  0.025  0.001        1
 95:     0.010  0.870  0.009  0.004  0.004  0.025  0.028  0.001  0.000  0.051        1
 96:     0.005  0.975  0.006  0.004  0.006  0.001  0.000  0.002  0.001  0.000        1
 97:     0.006  0.933  0.007  0.030  0.001  0.016  0.002  0.003  0.001  0.002        1
 98:     0.003  0.907  0.007  0.025  0.003  0.002  0.018  0.000  0.018  0.016        1
 99:     0.000  0.993  0.002  0.001  0.000  0.001  0.000  0.000  0.001  0.002        1
100:     0.003  0.976  0.001  0.002  0.001  0.001  0.001  0.013  0.002  0.000        1
101:     0.010  0.734  0.050  0.014  0.005  0.028  0.012  0.000  0.104  0.045        1
102:     0.013  0.764  0.081  0.015  0.003  0.000  0.017  0.025  0.007  0.076        1
103:     0.013  0.959  0.003  0.003  0.002  0.004  0.002  0.011  0.002  0.000        1
104:     0.012  0.943  0.008  0.010  0.003  0.002  0.002  0.003  0.011  0.006        1
105:     0.013  0.890  0.000  0.029  0.000  0.047  0.005  0.006  0.006  0.004        1
106:     0.017  0.768  0.013  0.034  0.069  0.002  0.000  0.074  0.002  0.022        1
107:     0.004  0.928  0.000  0.013  0.000  0.013  0.017  0.001  0.000  0.023        1
108:     0.006  0.829  0.000  0.010  0.022  0.019  0.022  0.050  0.030  0.012        1
109:     0.017  0.715  0.003  0.020  0.013  0.072  0.011  0.030  0.117  0.003        1
110:     0.132  0.727  0.023  0.012  0.012  0.006  0.007  0.045  0.009  0.028        1
111:     0.000  0.931  0.021  0.001  0.015  0.008  0.008  0.012  0.002  0.002        1
112:     0.005  0.985  0.002  0.002  0.001  0.000  0.004  0.000  0.000  0.001        1
113:     0.002  0.932  0.011  0.017  0.003  0.024  0.000  0.000  0.002  0.008        1
114:     0.011  0.933  0.017  0.017  0.001  0.013  0.007  0.001  0.000  0.000        1
115:     0.004  0.896  0.004  0.006  0.000  0.001  0.051  0.021  0.005  0.013        1
116:     0.001  0.970  0.002  0.005  0.002  0.000  0.003  0.013  0.005  0.000        1
117:     0.001  0.905  0.013  0.001  0.004  0.043  0.012  0.015  0.006  0.001        1
118:     0.005  0.893  0.008  0.015  0.000  0.057  0.007  0.007  0.006  0.001        1
119:     0.001  0.827  0.009  0.008  0.004  0.002  0.045  0.000  0.053  0.051        1
120:     0.019  0.925  0.004  0.023  0.007  0.000  0.001  0.002  0.014  0.006        1
121:     0.006  0.947  0.001  0.012  0.001  0.003  0.009  0.006  0.002  0.011        1
122:     0.001  0.885  0.039  0.004  0.048  0.004  0.005  0.003  0.001  0.010        1
123:     0.021  0.943  0.010  0.005  0.000  0.011  0.001  0.003  0.000  0.006        1
124:     0.039  0.798  0.009  0.004  0.005  0.061  0.020  0.004  0.010  0.050        1
125:     0.006  0.980  0.002  0.002  0.000  0.003  0.000  0.006  0.002  0.000        1
126:     0.000  0.854  0.032  0.030  0.010  0.000  0.037  0.029  0.006  0.001        1
127:     0.001  0.897  0.007  0.022  0.007  0.012  0.024  0.029  0.000  0.001        1
128:     0.000  0.932  0.002  0.000  0.027  0.000  0.007  0.001  0.019  0.011        1
129:     0.001  0.994  0.000  0.001  0.001  0.001  0.000  0.000  0.001  0.001        1
130:     0.001  0.914  0.009  0.007  0.022  0.021  0.000  0.026  0.000  0.001        1
131:     0.003  0.978  0.003  0.000  0.003  0.004  0.000  0.006  0.003  0.001        1
132:     0.005  0.789  0.004  0.001  0.001  0.064  0.032  0.019  0.055  0.030        1
133:     0.001  0.856  0.021  0.007  0.000  0.085  0.004  0.006  0.000  0.019        1
134:     0.000  0.805  0.064  0.018  0.011  0.000  0.018  0.014  0.068  0.001        1
135:     0.044  0.768  0.041  0.005  0.001  0.025  0.001  0.068  0.013  0.034        1
136:     0.005  0.986  0.000  0.001  0.004  0.001  0.000  0.001  0.001  0.001        1
137:     0.002  0.966  0.012  0.007  0.001  0.001  0.000  0.000  0.004  0.006        1
138:     0.002  0.972  0.002  0.010  0.007  0.003  0.000  0.003  0.001  0.000        1
139:     0.005  0.890  0.006  0.040  0.001  0.050  0.002  0.000  0.000  0.007        1
140:     0.005  0.876  0.001  0.029  0.008  0.053  0.003  0.005  0.017  0.004        1
141:     0.007  0.949  0.004  0.000  0.004  0.031  0.000  0.004  0.001  0.000        1
142:     0.037  0.820  0.009  0.004  0.026  0.018  0.025  0.018  0.027  0.016        1
143:     0.000  0.917  0.002  0.000  0.017  0.043  0.003  0.002  0.000  0.015        1
144:     0.000  0.924  0.003  0.001  0.016  0.005  0.017  0.001  0.032  0.002        1
145:     0.000  0.957  0.000  0.003  0.002  0.003  0.006  0.006  0.001  0.021        1
146:     0.014  0.890  0.015  0.003  0.028  0.010  0.000  0.023  0.000  0.016        1
147:     0.000  0.952  0.008  0.006  0.003  0.000  0.006  0.003  0.002  0.019        1
148:     0.166  0.124  0.002  0.041  0.131  0.154  0.062  0.020  0.151  0.149        1
149:     0.128  0.067  0.156  0.062  0.030  0.107  0.028  0.172  0.247  0.004        1
150:     0.017  0.080  0.041  0.007  0.065  0.005  0.099  0.484  0.082  0.120        1
151:     0.029  0.064  0.138  0.059  0.303  0.007  0.189  0.019  0.070  0.122        1
152:     0.004  0.040  0.101  0.038  0.417  0.034  0.085  0.204  0.011  0.064        1
153:     0.360  0.053  0.031  0.046  0.072  0.038  0.001  0.075  0.153  0.171        1
154:     0.173  0.027  0.352  0.046  0.038  0.000  0.135  0.012  0.048  0.169        1
155:     0.169  0.035  0.122  0.023  0.059  0.023  0.298  0.121  0.091  0.059        1
156:     0.022  0.058  0.386  0.018  0.017  0.047  0.020  0.000  0.231  0.201        1
157:     0.219  0.054  0.188  0.054  0.019  0.056  0.188  0.072  0.067  0.082        1
158:     0.024  0.067  0.142  0.050  0.256  0.024  0.058  0.233  0.112  0.034        1
159:     0.051  0.048  0.004  0.033  0.110  0.004  0.206  0.178  0.148  0.217        1
160:     0.611  0.025  0.109  0.046  0.058  0.051  0.042  0.001  0.003  0.054        1
161:     0.041  0.075  0.074  0.053  0.105  0.053  0.092  0.054  0.158  0.295        1
162:     0.205  0.022  0.030  0.071  0.216  0.037  0.028  0.231  0.062  0.099        1
163:     0.050  0.039  0.286  0.062  0.147  0.001  0.087  0.029  0.031  0.268        1
164:     0.164  0.074  0.060  0.025  0.161  0.019  0.100  0.049  0.122  0.227        1
165:     0.002  0.083  0.056  0.063  0.043  0.059  0.228  0.067  0.370  0.027        1
166:     0.003  0.007  0.122  0.025  0.246  0.042  0.108  0.240  0.015  0.192        1
167:     0.088  0.083  0.003  0.047  0.261  0.027  0.079  0.040  0.112  0.260        1
168:     0.142  0.016  0.334  0.018  0.041  0.012  0.056  0.099  0.099  0.182        1
169:     0.044  0.077  0.379  0.044  0.004  0.041  0.033  0.003  0.349  0.027        1
170:     0.118  0.052  0.001  0.064  0.178  0.002  0.146  0.105  0.187  0.146        1
171:     0.191  0.028  0.185  0.034  0.108  0.002  0.009  0.195  0.105  0.141        1
172:     0.171  0.051  0.043  0.068  0.129  0.049  0.216  0.177  0.049  0.047        1
173:     0.064  0.028  0.094  0.018  0.191  0.042  0.352  0.073  0.039  0.098        1
174:     0.228  0.042  0.028  0.079  0.000  0.079  0.182  0.258  0.045  0.059        1
175:     0.121  0.034  0.109  0.038  0.144  0.047  0.162  0.102  0.125  0.118       50
176:     0.147  0.036  0.127  0.034  0.131  0.039  0.121  0.120  0.121  0.123       49
177:     0.128  0.035  0.138  0.034  0.140  0.043  0.140  0.132  0.110  0.099       50
178:     0.122  0.038  0.125  0.038  0.114  0.046  0.113  0.120  0.145  0.139       49
179:     0.119  0.043  0.116  0.037  0.150  0.058  0.118  0.115  0.119  0.125       23
180:     0.147  0.038  0.098  0.036  0.129  0.037  0.150  0.098  0.132  0.135       49
181:     0.003  0.001  0.002  0.004  0.003  0.975  0.004  0.003  0.002  0.003       30
182:     0.005  0.006  0.010  0.009  0.004  0.938  0.006  0.006  0.006  0.010       30
183:     0.089  0.051  0.108  0.034  0.083  0.107  0.302  0.063  0.061  0.101       34
184:     0.178  0.031  0.121  0.030  0.085  0.046  0.133  0.121  0.132  0.123       36
185:     0.154  0.043  0.142  0.035  0.121  0.050  0.149  0.103  0.084  0.119       40
186:     0.163  0.036  0.124  0.038  0.102  0.041  0.175  0.113  0.103  0.104       39
187:     0.175  0.036  0.133  0.038  0.101  0.054  0.145  0.085  0.080  0.153       37
188:     0.162  0.046  0.130  0.037  0.096  0.052  0.173  0.115  0.091  0.096       40
189:     0.183  0.034  0.127  0.037  0.098  0.053  0.153  0.116  0.087  0.112       35
190:     0.157  0.035  0.102  0.035  0.100  0.059  0.144  0.134  0.096  0.138       28
191:     0.169  0.040  0.099  0.034  0.129  0.049  0.132  0.092  0.120  0.136       36
192:     0.154  0.033  0.105  0.042  0.124  0.043  0.150  0.108  0.101  0.141       32
--------------------------------------------

 Rep#:   Lambda   Alpha      F1    F2    F3    F4    F5    F6    F7    F8    F9    F10     D1,2  D1,3  D1,4  D1,5  D1,6  D1,7  D1,8  D1,9  D1,10  D2,3  D2,4  D2,5  D2,6  D2,7  D2,8  D2,9  D2,10  D3,4  D3,5  D3,6  D3,7  D3,8  D3,9  D3,10  D4,5  D4,6  D4,7  D4,8  D4,9  D4,10  D5,6  D5,7  D5,8  D5,9  D5,10  D6,7  D6,8  D6,9  D6,10  D7,8  D7,9  D7,10  D8,9  D8,10  D9,10    Ln Like 
