

----------------------------------------------------
STRUCTURE by Pritchard, Stephens and Donnelly (2000)
     and Falush, Stephens and Pritchard (2003)
       Code by Pritchard, Falush and Hubisz
             Version 2.3.4 (Jul 2012)
----------------------------------------------------


Reading file "/workdir/yc2644/CV_CT_array/structure/threader_input/mainparams".
Reading file "/workdir/yc2644/CV_CT_array/structure/threader_input/extraparams".
Reading file "/workdir/yc2644/CV_CT_array/structure/threader_input/n1601.recode.strct_in".


Data file "/workdir/yc2644/CV_CT_array/structure/threader_input/n1601.recode.strct_in" (truncated) --

Ind:   Label Pop : Genotype_data . . . .
  1:  001s    1  :  2   1   2   2   2   1   2  . . . .   2
  1:  001s    1  :  2   2   2   2   2   2   2  . . . .   2
  2:  002s    1  :  2   2   2   2   1   1   2  . . . .   2
  2:  002s    1  :  2   2   2   2   2   2   2  . . . .   2
  3:  003s    1  :  1   2   1   2   2   2   2  . . . .   1
  3:  003s    1  :  2   2   1   2   2   2   2  . . . .   2
  4:  004s    1  :  1   1   2   2   1   2   2  . . . .   1
  4:  004s    1  :  2   1   2   2   2   2   2  . . . .   2

      *******   

1600:    49  192  :  2   2   2   2   2   1   2  . . . .   1
1600:    49  192  :  2   2   2   2   2   2   2  . . . .   2
1601:    50  192  :  2   1   2   2   1   2   2  . . . .   1
1601:    50  192  :  2   2   2   2   2   2   2  . . . .   2

Number of alleles per locus: min= 2; ave=2.0; max= 2


--------------------------------------

Finished initialization; starting MCMC 
100000 iterations + 10000 burnin


--------------------------------------------
Proportion of membership of each pre-defined
 population in each of the 10 clusters

Given    Inferred Clusters                                                        Number of
 Pop       1      2      3      4      5      6      7      8      9     10      Individuals

  1:     0.109  0.099  0.114  0.096  0.101  0.093  0.150  0.079  0.103  0.055       54
  2:     0.093  0.114  0.116  0.114  0.119  0.083  0.135  0.086  0.090  0.051       30
  3:     0.055  0.051  0.046  0.083  0.068  0.084  0.034  0.096  0.093  0.391       30
  4:     0.034  0.058  0.031  0.081  0.030  0.076  0.024  0.053  0.095  0.519       20
  5:     0.049  0.045  0.036  0.065  0.042  0.083  0.029  0.057  0.066  0.529       30
  6:     0.101  0.100  0.106  0.107  0.117  0.091  0.132  0.080  0.116  0.050       43
  7:     0.092  0.110  0.118  0.088  0.111  0.116  0.132  0.095  0.094  0.044       44
  8:     0.127  0.078  0.102  0.123  0.156  0.038  0.120  0.092  0.133  0.031        4
  9:     0.121  0.122  0.087  0.094  0.139  0.071  0.168  0.080  0.088  0.031       22
 10:     0.090  0.132  0.121  0.103  0.126  0.095  0.133  0.090  0.082  0.028       24
 11:     0.103  0.117  0.119  0.094  0.108  0.067  0.139  0.099  0.105  0.047       54
 12:     0.093  0.092  0.133  0.111  0.111  0.098  0.129  0.090  0.097  0.046       37
 13:     0.098  0.098  0.103  0.100  0.118  0.085  0.134  0.103  0.108  0.053       42
 14:     0.091  0.122  0.111  0.112  0.109  0.103  0.137  0.084  0.080  0.050       42
 15:     0.113  0.090  0.122  0.099  0.094  0.088  0.151  0.098  0.094  0.051       49
 16:     0.098  0.110  0.118  0.095  0.102  0.090  0.146  0.092  0.095  0.053      124
 17:     0.112  0.110  0.115  0.112  0.123  0.081  0.136  0.081  0.081  0.049       24
 18:     0.087  0.104  0.109  0.117  0.123  0.077  0.136  0.102  0.098  0.047       34
 19:     0.113  0.098  0.108  0.095  0.105  0.091  0.147  0.088  0.099  0.055       52
 20:     0.067  0.079  0.209  0.050  0.080  0.125  0.254  0.030  0.049  0.055        1
 21:     0.098  0.070  0.123  0.188  0.013  0.108  0.147  0.135  0.076  0.043        1
 22:     0.119  0.019  0.137  0.126  0.063  0.085  0.209  0.093  0.107  0.042        1
 23:     0.020  0.036  0.129  0.199  0.207  0.122  0.233  0.011  0.007  0.035        1
 24:     0.179  0.093  0.028  0.082  0.106  0.122  0.126  0.088  0.164  0.012        1
 25:     0.063  0.009  0.056  0.025  0.157  0.126  0.298  0.062  0.053  0.151        1
 26:     0.102  0.237  0.184  0.026  0.122  0.064  0.089  0.111  0.031  0.033        1
 27:     0.144  0.121  0.158  0.056  0.299  0.059  0.060  0.018  0.015  0.071        1
 28:     0.260  0.084  0.043  0.029  0.053  0.060  0.211  0.146  0.079  0.035        1
 29:     0.054  0.010  0.133  0.274  0.131  0.122  0.108  0.074  0.087  0.006        1
 30:     0.103  0.050  0.063  0.151  0.019  0.088  0.289  0.067  0.067  0.101        1
 31:     0.163  0.020  0.034  0.221  0.055  0.115  0.019  0.186  0.067  0.120        1
 32:     0.053  0.118  0.120  0.062  0.072  0.021  0.244  0.074  0.197  0.038        1
 33:     0.243  0.072  0.003  0.242  0.051  0.025  0.233  0.012  0.106  0.014        1
 34:     0.102  0.162  0.129  0.021  0.199  0.090  0.085  0.162  0.005  0.044        1
 35:     0.026  0.045  0.212  0.139  0.071  0.118  0.118  0.224  0.015  0.034        1
 36:     0.159  0.067  0.058  0.038  0.121  0.187  0.139  0.080  0.120  0.031        1
 37:     0.043  0.082  0.015  0.060  0.087  0.138  0.233  0.199  0.114  0.029        1
 38:     0.077  0.123  0.099  0.106  0.095  0.126  0.091  0.102  0.101  0.080        1
 39:     0.024  0.098  0.070  0.162  0.118  0.054  0.159  0.180  0.093  0.043        1
 40:     0.028  0.016  0.143  0.136  0.110  0.150  0.127  0.038  0.170  0.083        1
 41:     0.057  0.215  0.129  0.035  0.043  0.124  0.143  0.027  0.176  0.051        1
 42:     0.112  0.064  0.166  0.122  0.267  0.059  0.026  0.066  0.038  0.081        1
 43:     0.069  0.056  0.155  0.281  0.120  0.024  0.084  0.121  0.024  0.066        1
 44:     0.118  0.052  0.044  0.089  0.307  0.038  0.044  0.052  0.221  0.036        1
 45:     0.110  0.129  0.097  0.082  0.234  0.083  0.017  0.203  0.021  0.025        1
 46:     0.255  0.032  0.064  0.063  0.037  0.091  0.220  0.111  0.049  0.077        1
 47:     0.075  0.132  0.121  0.117  0.089  0.092  0.126  0.076  0.135  0.037        1
 48:     0.060  0.033  0.307  0.112  0.075  0.114  0.143  0.076  0.051  0.029        1
 49:     0.075  0.344  0.031  0.034  0.077  0.067  0.050  0.219  0.060  0.044        1
 50:     0.162  0.090  0.017  0.050  0.145  0.054  0.003  0.158  0.107  0.214        1
 51:     0.159  0.063  0.016  0.079  0.247  0.071  0.062  0.101  0.069  0.133        1
 52:     0.246  0.061  0.201  0.056  0.035  0.127  0.030  0.130  0.076  0.039        1
 53:     0.059  0.070  0.080  0.161  0.153  0.073  0.112  0.081  0.164  0.048        1
 54:     0.092  0.069  0.140  0.093  0.078  0.162  0.091  0.051  0.102  0.123        1
 55:     0.125  0.044  0.045  0.011  0.046  0.074  0.058  0.065  0.367  0.165        1
 56:     0.055  0.090  0.008  0.030  0.033  0.116  0.009  0.237  0.376  0.048        1
 57:     0.164  0.059  0.004  0.140  0.075  0.067  0.013  0.272  0.130  0.076        1
 58:     0.201  0.022  0.035  0.055  0.011  0.331  0.045  0.186  0.034  0.081        1
 59:     0.047  0.040  0.051  0.013  0.029  0.227  0.003  0.233  0.271  0.086        1
 60:     0.020  0.015  0.130  0.067  0.112  0.330  0.016  0.031  0.137  0.142        1
 61:     0.124  0.079  0.087  0.103  0.075  0.110  0.059  0.133  0.112  0.120        1
 62:     0.020  0.030  0.021  0.029  0.341  0.003  0.008  0.096  0.312  0.140        1
 63:     0.111  0.046  0.067  0.174  0.038  0.130  0.010  0.224  0.058  0.141        1
 64:     0.145  0.049  0.080  0.030  0.031  0.196  0.008  0.229  0.213  0.019        1
 65:     0.090  0.083  0.130  0.070  0.074  0.087  0.088  0.134  0.142  0.102        1
 66:     0.233  0.046  0.025  0.045  0.231  0.191  0.035  0.005  0.110  0.079        1
 67:     0.140  0.092  0.022  0.006  0.291  0.085  0.005  0.017  0.325  0.017        1
 68:     0.213  0.058  0.054  0.020  0.064  0.154  0.063  0.098  0.201  0.075        1
 69:     0.054  0.025  0.103  0.055  0.073  0.289  0.031  0.160  0.091  0.119        1
 70:     0.024  0.017  0.078  0.058  0.126  0.275  0.092  0.027  0.231  0.073        1
 71:     0.126  0.052  0.138  0.048  0.109  0.259  0.016  0.025  0.087  0.138        1
 72:     0.043  0.002  0.044  0.103  0.043  0.297  0.020  0.131  0.176  0.141        1
 73:     0.086  0.017  0.021  0.117  0.092  0.171  0.066  0.240  0.118  0.072        1
 74:     0.046  0.062  0.119  0.189  0.080  0.131  0.006  0.090  0.197  0.078        1
 75:     0.123  0.064  0.201  0.045  0.045  0.207  0.014  0.155  0.039  0.108        1
 76:     0.101  0.073  0.067  0.067  0.088  0.089  0.074  0.058  0.064  0.319        1
 77:     0.247  0.038  0.082  0.111  0.003  0.267  0.019  0.003  0.099  0.131        1
 78:     0.108  0.092  0.095  0.090  0.111  0.114  0.084  0.085  0.097  0.125        1
 79:     0.028  0.020  0.129  0.032  0.011  0.195  0.009  0.074  0.418  0.085        1
 80:     0.044  0.078  0.209  0.049  0.016  0.172  0.020  0.189  0.151  0.071        1
 81:     0.259  0.052  0.044  0.050  0.021  0.149  0.052  0.130  0.095  0.148        1
 82:     0.143  0.108  0.098  0.064  0.117  0.110  0.049  0.102  0.110  0.099        1
 83:     0.151  0.051  0.070  0.072  0.027  0.177  0.110  0.132  0.122  0.089        1
 84:     0.198  0.009  0.046  0.030  0.051  0.088  0.026  0.125  0.207  0.219        1
 85:     0.032  0.053  0.038  0.072  0.041  0.264  0.009  0.147  0.077  0.268        1
 86:     0.125  0.025  0.141  0.135  0.053  0.117  0.082  0.057  0.052  0.213        1
 87:     0.175  0.017  0.010  0.021  0.195  0.255  0.067  0.036  0.013  0.211        1
 88:     0.120  0.011  0.121  0.081  0.013  0.253  0.035  0.105  0.005  0.256        1
 89:     0.051  0.153  0.182  0.040  0.046  0.129  0.035  0.208  0.007  0.149        1
 90:     0.256  0.061  0.027  0.027  0.009  0.191  0.001  0.104  0.043  0.281        1
 91:     0.151  0.113  0.033  0.155  0.015  0.132  0.005  0.024  0.150  0.221        1
 92:     0.098  0.060  0.112  0.113  0.092  0.133  0.023  0.117  0.067  0.185        1
 93:     0.041  0.055  0.010  0.082  0.109  0.098  0.022  0.304  0.027  0.250        1
 94:     0.057  0.047  0.036  0.100  0.029  0.226  0.076  0.068  0.169  0.192        1
 95:     0.095  0.158  0.003  0.136  0.031  0.162  0.005  0.040  0.097  0.273        1
 96:     0.037  0.010  0.108  0.047  0.080  0.188  0.007  0.306  0.061  0.155        1
 97:     0.005  0.043  0.104  0.039  0.112  0.251  0.084  0.121  0.041  0.200        1
 98:     0.131  0.058  0.028  0.219  0.032  0.181  0.018  0.077  0.048  0.209        1
 99:     0.065  0.037  0.013  0.045  0.086  0.141  0.021  0.278  0.125  0.189        1
100:     0.363  0.034  0.030  0.062  0.008  0.009  0.031  0.123  0.037  0.303        1
101:     0.177  0.124  0.032  0.250  0.015  0.141  0.006  0.010  0.061  0.185        1
102:     0.030  0.059  0.027  0.015  0.057  0.151  0.003  0.390  0.101  0.168        1
103:     0.007  0.024  0.072  0.037  0.088  0.125  0.015  0.318  0.060  0.255        1
104:     0.036  0.032  0.015  0.110  0.069  0.189  0.080  0.105  0.169  0.194        1
105:     0.105  0.110  0.107  0.109  0.015  0.107  0.028  0.106  0.072  0.241        1
106:     0.087  0.109  0.048  0.105  0.164  0.144  0.085  0.056  0.048  0.154        1
107:     0.089  0.119  0.025  0.066  0.062  0.199  0.043  0.171  0.045  0.181        1
108:     0.102  0.134  0.046  0.215  0.017  0.182  0.025  0.049  0.025  0.206        1
109:     0.068  0.012  0.118  0.076  0.039  0.080  0.006  0.341  0.097  0.163        1
110:     0.130  0.094  0.022  0.122  0.076  0.289  0.014  0.010  0.112  0.131        1
111:     0.179  0.103  0.036  0.157  0.142  0.060  0.009  0.042  0.012  0.260        1
112:     0.099  0.038  0.028  0.069  0.059  0.277  0.064  0.110  0.019  0.237        1
113:     0.123  0.106  0.007  0.049  0.012  0.158  0.032  0.210  0.142  0.160        1
114:     0.079  0.142  0.022  0.014  0.038  0.338  0.063  0.013  0.070  0.222        1
115:     0.147  0.057  0.049  0.045  0.061  0.132  0.017  0.266  0.038  0.188        1
116:     0.176  0.081  0.036  0.020  0.021  0.174  0.018  0.055  0.162  0.256        1
117:     0.024  0.019  0.051  0.183  0.076  0.059  0.124  0.070  0.155  0.239        1
118:     0.124  0.095  0.042  0.085  0.034  0.147  0.030  0.147  0.059  0.237        1
119:     0.140  0.261  0.018  0.059  0.166  0.026  0.023  0.030  0.051  0.227        1
120:     0.023  0.038  0.075  0.042  0.092  0.051  0.115  0.309  0.087  0.168        1
121:     0.117  0.081  0.041  0.096  0.077  0.072  0.076  0.127  0.062  0.252        1
122:     0.058  0.123  0.060  0.107  0.085  0.207  0.023  0.057  0.059  0.222        1
123:     0.107  0.135  0.070  0.096  0.082  0.087  0.031  0.102  0.066  0.224        1
124:     0.033  0.011  0.045  0.055  0.044  0.286  0.081  0.166  0.082  0.198        1
125:     0.094  0.038  0.069  0.005  0.088  0.227  0.087  0.045  0.059  0.288        1
126:     0.151  0.023  0.071  0.016  0.084  0.312  0.039  0.015  0.080  0.209        1
127:     0.150  0.133  0.110  0.041  0.027  0.093  0.018  0.149  0.034  0.247        1
128:     0.087  0.010  0.059  0.022  0.073  0.176  0.008  0.289  0.009  0.267        1
129:     0.145  0.111  0.116  0.039  0.050  0.152  0.036  0.055  0.006  0.290        1
130:     0.039  0.105  0.189  0.017  0.052  0.084  0.026  0.015  0.171  0.302        1
131:     0.097  0.045  0.051  0.043  0.015  0.057  0.011  0.284  0.135  0.262        1
132:     0.143  0.135  0.056  0.101  0.103  0.036  0.042  0.081  0.052  0.251        1
133:     0.110  0.102  0.004  0.082  0.077  0.147  0.015  0.160  0.049  0.254        1
134:     0.110  0.098  0.061  0.099  0.056  0.141  0.076  0.116  0.074  0.169        1
135:     0.161  0.152  0.100  0.131  0.063  0.051  0.020  0.047  0.062  0.213        1
136:     0.126  0.033  0.075  0.067  0.042  0.197  0.048  0.202  0.058  0.154        1
137:     0.089  0.068  0.232  0.022  0.028  0.009  0.005  0.129  0.173  0.246        1
138:     0.101  0.097  0.062  0.101  0.070  0.114  0.033  0.145  0.063  0.215        1
139:     0.074  0.012  0.020  0.038  0.100  0.177  0.043  0.221  0.045  0.270        1
140:     0.047  0.045  0.141  0.102  0.048  0.242  0.017  0.015  0.053  0.287        1
141:     0.049  0.015  0.061  0.150  0.051  0.154  0.063  0.122  0.085  0.250        1
142:     0.099  0.048  0.098  0.129  0.068  0.138  0.001  0.097  0.112  0.210        1
143:     0.133  0.131  0.032  0.067  0.072  0.062  0.045  0.189  0.042  0.228        1
144:     0.064  0.003  0.049  0.157  0.030  0.178  0.020  0.254  0.061  0.184        1
145:     0.159  0.140  0.028  0.068  0.022  0.272  0.045  0.067  0.021  0.177        1
146:     0.056  0.112  0.004  0.047  0.051  0.394  0.016  0.033  0.029  0.257        1
147:     0.053  0.023  0.093  0.044  0.016  0.006  0.017  0.497  0.057  0.194        1
148:     0.092  0.096  0.082  0.127  0.130  0.085  0.084  0.083  0.115  0.106        1
149:     0.120  0.117  0.028  0.043  0.232  0.054  0.036  0.253  0.051  0.064        1
150:     0.018  0.139  0.224  0.122  0.071  0.087  0.149  0.094  0.030  0.067        1
151:     0.042  0.072  0.169  0.177  0.085  0.152  0.109  0.115  0.027  0.051        1
152:     0.207  0.007  0.121  0.063  0.159  0.020  0.154  0.101  0.075  0.093        1
153:     0.073  0.094  0.088  0.137  0.178  0.121  0.079  0.067  0.118  0.043        1
154:     0.018  0.117  0.061  0.025  0.136  0.247  0.072  0.122  0.177  0.025        1
155:     0.288  0.035  0.102  0.115  0.014  0.120  0.080  0.173  0.014  0.059        1
156:     0.020  0.115  0.012  0.161  0.031  0.061  0.197  0.176  0.211  0.016        1
157:     0.041  0.149  0.201  0.165  0.063  0.078  0.029  0.149  0.107  0.019        1
158:     0.027  0.076  0.110  0.120  0.126  0.127  0.273  0.012  0.098  0.030        1
159:     0.234  0.026  0.118  0.125  0.148  0.139  0.104  0.063  0.014  0.029        1
160:     0.065  0.127  0.105  0.165  0.008  0.074  0.176  0.083  0.129  0.068        1
161:     0.095  0.098  0.225  0.051  0.058  0.055  0.143  0.205  0.063  0.006        1
162:     0.032  0.084  0.064  0.107  0.215  0.120  0.216  0.096  0.027  0.037        1
163:     0.090  0.047  0.131  0.109  0.095  0.115  0.146  0.116  0.092  0.059        1
164:     0.054  0.123  0.194  0.205  0.106  0.012  0.176  0.046  0.047  0.037        1
165:     0.009  0.244  0.124  0.158  0.061  0.103  0.065  0.035  0.139  0.060        1
166:     0.007  0.123  0.046  0.055  0.162  0.074  0.109  0.037  0.343  0.042        1
167:     0.092  0.063  0.011  0.046  0.181  0.127  0.212  0.147  0.109  0.013        1
168:     0.147  0.024  0.124  0.002  0.190  0.120  0.217  0.011  0.123  0.042        1
169:     0.169  0.243  0.099  0.105  0.183  0.009  0.032  0.095  0.039  0.026        1
170:     0.074  0.246  0.289  0.044  0.099  0.047  0.023  0.015  0.150  0.013        1
171:     0.011  0.030  0.279  0.013  0.050  0.060  0.106  0.080  0.341  0.030        1
172:     0.137  0.036  0.125  0.227  0.068  0.091  0.069  0.084  0.108  0.056        1
173:     0.087  0.078  0.131  0.030  0.207  0.033  0.207  0.189  0.023  0.015        1
174:     0.073  0.026  0.180  0.175  0.014  0.006  0.170  0.186  0.120  0.049        1
175:     0.093  0.120  0.115  0.111  0.099  0.076  0.138  0.096  0.105  0.046       50
176:     0.091  0.116  0.135  0.090  0.118  0.086  0.129  0.089  0.108  0.039       49
177:     0.108  0.118  0.129  0.103  0.098  0.080  0.134  0.088  0.094  0.048       50
178:     0.090  0.124  0.125  0.113  0.118  0.092  0.117  0.079  0.099  0.042       49
179:     0.125  0.090  0.102  0.095  0.117  0.080  0.152  0.095  0.094  0.049       23
180:     0.113  0.098  0.115  0.105  0.097  0.093  0.145  0.096  0.096  0.043       49
181:     0.074  0.051  0.032  0.079  0.047  0.136  0.022  0.095  0.044  0.421       30
182:     0.072  0.032  0.040  0.080  0.071  0.050  0.030  0.059  0.070  0.497       30
183:     0.094  0.110  0.104  0.087  0.103  0.089  0.134  0.070  0.123  0.086       34
184:     0.103  0.129  0.134  0.116  0.089  0.079  0.128  0.087  0.089  0.046       36
185:     0.100  0.101  0.103  0.109  0.101  0.118  0.147  0.086  0.093  0.042       40
186:     0.091  0.107  0.120  0.090  0.123  0.104  0.133  0.093  0.099  0.040       39
187:     0.085  0.122  0.107  0.113  0.129  0.098  0.137  0.068  0.088  0.054       37
188:     0.105  0.115  0.120  0.095  0.116  0.083  0.125  0.113  0.080  0.048       40
189:     0.099  0.096  0.120  0.126  0.090  0.099  0.139  0.080  0.102  0.049       35
190:     0.106  0.138  0.091  0.094  0.103  0.089  0.144  0.079  0.104  0.053       28
191:     0.094  0.128  0.098  0.098  0.110  0.101  0.144  0.081  0.097  0.049       36
192:     0.089  0.115  0.121  0.099  0.115  0.088  0.154  0.095  0.079  0.046       32
--------------------------------------------

 Rep#:   Lambda   Alpha      F1    F2    F3    F4    F5    F6    F7    F8    F9    F10     D1,2  D1,3  D1,4  D1,5  D1,6  D1,7  D1,8  D1,9  D1,10  D2,3  D2,4  D2,5  D2,6  D2,7  D2,8  D2,9  D2,10  D3,4  D3,5  D3,6  D3,7  D3,8  D3,9  D3,10  D4,5  D4,6  D4,7  D4,8  D4,9  D4,10  D5,6  D5,7  D5,8  D5,9  D5,10  D6,7  D6,8  D6,9  D6,10  D7,8  D7,9  D7,10  D8,9  D8,10  D9,10    Ln Like 
  100:    1.00    1.530    0.010 0.010 0.012 0.003 0.010 0.010 0.017 0.010 0.009 0.317    0.003 0.004 0.002 0.003 0.003 0.005 0.003 0.003 0.058 0.004 0.002 0.003 0.004 0.004 0.003 0.003 0.059 0.002 0.003 0.004 0.005 0.004 0.003 0.060 0.002 0.002 0.003 0.002 0.002 0.057 0.004 0.004 0.003 0.003 0.058 0.005 0.003 0.003 0.057 0.005 0.005 0.063 0.003 0.058 0.057   --  
  200:    1.00    1.217    0.010 0.011 0.012 0.003 0.010 0.238 0.023 0.013 0.009 0.237    0.003 0.004 0.002 0.003 0.045 0.005 0.004 0.003 0.036 0.004 0.002 0.003 0.045 0.005 0.004 0.003 0.036 0.002 0.003 0.046 0.005 0.004 0.003 0.036 0.002 0.044 0.004 0.003 0.002 0.035 0.045 0.005 0.004 0.003 0.036 0.050 0.044 0.045 0.071 0.006 0.005 0.039 0.004 0.036 0.036   --  
  300:    1.00    1.010    0.010 0.011 0.012 0.003 0.010 0.212 0.023 0.013 0.073 0.199    0.003 0.004 0.002 0.003 0.037 0.005 0.004 0.015 0.030 0.004 0.002 0.003 0.037 0.005 0.004 0.016 0.030 0.002 0.004 0.037 0.005 0.004 0.016 0.030 0.002 0.036 0.004 0.003 0.015 0.029 0.037 0.005 0.004 0.016 0.030 0.040 0.037 0.048 0.056 0.006 0.019 0.033 0.016 0.031 0.041   --  
  400:    1.00    0.893    0.010 0.011 0.012 0.003 0.010 0.184 0.021 0.013 0.254 0.193    0.003 0.004 0.002 0.003 0.033 0.005 0.004 0.041 0.028 0.004 0.002 0.003 0.033 0.005 0.004 0.041 0.028 0.002 0.004 0.033 0.005 0.004 0.042 0.029 0.002 0.032 0.004 0.003 0.040 0.027 0.033 0.005 0.004 0.041 0.028 0.036 0.033 0.062 0.050 0.005 0.043 0.030 0.042 0.028 0.058   --  
  500:    1.00    0.809    0.010 0.011 0.012 0.003 0.011 0.179 0.021 0.013 0.253 0.180    0.003 0.003 0.002 0.003 0.031 0.005 0.004 0.042 0.027 0.004 0.002 0.003 0.032 0.005 0.004 0.042 0.027 0.003 0.004 0.032 0.005 0.004 0.043 0.027 0.002 0.030 0.004 0.003 0.041 0.026 0.032 0.005 0.004 0.042 0.027 0.034 0.032 0.061 0.048 0.005 0.044 0.029 0.043 0.027 0.058   --  
  600:    1.00    0.759    0.010 0.011 0.012 0.003 0.011 0.171 0.022 0.013 0.255 0.178    0.003 0.003 0.002 0.003 0.031 0.005 0.004 0.042 0.026 0.003 0.002 0.003 0.031 0.005 0.004 0.042 0.027 0.002 0.003 0.031 0.005 0.004 0.042 0.027 0.002 0.030 0.004 0.003 0.041 0.025 0.031 0.005 0.004 0.042 0.026 0.033 0.031 0.061 0.047 0.005 0.044 0.028 0.042 0.027 0.057   --  
  700:    1.00    0.735    0.010 0.011 0.012 0.003 0.011 0.173 0.022 0.013 0.261 0.169    0.003 0.004 0.002 0.003 0.030 0.005 0.004 0.042 0.026 0.004 0.002 0.003 0.030 0.005 0.004 0.042 0.026 0.002 0.004 0.030 0.005 0.004 0.042 0.026 0.002 0.029 0.004 0.003 0.041 0.025 0.030 0.005 0.004 0.042 0.026 0.032 0.031 0.061 0.046 0.006 0.044 0.028 0.043 0.027 0.058   --  
  800:    1.00    0.683    0.010 0.011 0.012 0.003 0.011 0.164 0.022 0.013 0.259 0.165    0.003 0.004 0.002 0.003 0.030 0.005 0.004 0.041 0.026 0.004 0.002 0.003 0.030 0.005 0.004 0.042 0.026 0.002 0.004 0.030 0.005 0.004 0.042 0.026 0.002 0.029 0.004 0.003 0.040 0.024 0.030 0.005 0.004 0.041 0.026 0.032 0.030 0.060 0.046 0.006 0.043 0.027 0.042 0.026 0.056   --  
  900:    1.00    0.653    0.010 0.011 0.012 0.003 0.011 0.158 0.022 0.012 0.256 0.171    0.003 0.004 0.002 0.003 0.029 0.005 0.004 0.041 0.025 0.004 0.002 0.003 0.029 0.005 0.004 0.041 0.026 0.002 0.004 0.029 0.005 0.004 0.042 0.026 0.002 0.028 0.004 0.003 0.040 0.024 0.029 0.005 0.004 0.042 0.025 0.031 0.029 0.060 0.045 0.006 0.043 0.027 0.042 0.025 0.056   --  

--------------------------------------------
Proportion of membership of each pre-defined
 population in each of the 10 clusters

Given    Inferred Clusters                                                        Number of
 Pop       1      2      3      4      5      6      7      8      9     10      Individuals

  1:     0.141  0.103  0.126  0.117  0.114  0.038  0.147  0.113  0.048  0.054       54
  2:     0.141  0.119  0.120  0.118  0.139  0.030  0.125  0.103  0.058  0.048       30
  3:     0.059  0.021  0.024  0.033  0.027  0.054  0.013  0.051  0.052  0.666       30
  4:     0.012  0.037  0.009  0.020  0.011  0.072  0.009  0.011  0.028  0.790       20
  5:     0.024  0.051  0.013  0.027  0.026  0.066  0.010  0.030  0.022  0.731       30
  6:     0.110  0.138  0.159  0.105  0.137  0.041  0.124  0.098  0.041  0.047       43
  7:     0.118  0.105  0.143  0.126  0.124  0.036  0.142  0.121  0.040  0.046       44
  8:     0.121  0.102  0.142  0.132  0.108  0.033  0.180  0.103  0.048  0.030        4
  9:     0.094  0.129  0.134  0.104  0.136  0.031  0.208  0.096  0.052  0.016       22
 10:     0.081  0.124  0.118  0.120  0.132  0.039  0.225  0.098  0.048  0.015       24
 11:     0.105  0.134  0.124  0.128  0.139  0.036  0.141  0.107  0.043  0.043       54
 12:     0.115  0.155  0.147  0.106  0.144  0.033  0.118  0.095  0.045  0.041       37
 13:     0.138  0.104  0.110  0.123  0.136  0.039  0.139  0.109  0.048  0.054       42
 14:     0.101  0.123  0.117  0.122  0.135  0.033  0.165  0.112  0.047  0.046       42
 15:     0.130  0.116  0.102  0.116  0.124  0.037  0.149  0.126  0.049  0.050       49
 16:     0.115  0.125  0.125  0.123  0.110  0.041  0.144  0.120  0.047  0.050      124
 17:     0.094  0.118  0.140  0.147  0.130  0.043  0.138  0.093  0.047  0.050       24
 18:     0.083  0.154  0.117  0.124  0.133  0.041  0.152  0.109  0.052  0.034       34
 19:     0.103  0.119  0.120  0.125  0.132  0.036  0.172  0.096  0.048  0.047       52
 20:     0.102  0.112  0.079  0.080  0.031  0.056  0.367  0.058  0.043  0.071        1
 21:     0.036  0.041  0.096  0.446  0.026  0.090  0.062  0.116  0.049  0.037        1
 22:     0.175  0.023  0.155  0.063  0.042  0.004  0.323  0.085  0.081  0.051        1
 23:     0.164  0.020  0.094  0.229  0.100  0.115  0.167  0.018  0.026  0.068        1
 24:     0.001  0.372  0.055  0.153  0.215  0.030  0.079  0.027  0.048  0.019        1
 25:     0.005  0.001  0.227  0.045  0.062  0.096  0.250  0.177  0.048  0.088        1
 26:     0.059  0.179  0.195  0.064  0.073  0.099  0.183  0.029  0.059  0.061        1
 27:     0.054  0.249  0.132  0.164  0.144  0.040  0.003  0.093  0.068  0.052        1
 28:     0.065  0.003  0.058  0.268  0.204  0.079  0.049  0.212  0.048  0.014        1
 29:     0.145  0.035  0.150  0.074  0.216  0.020  0.252  0.034  0.073  0.000        1
 30:     0.166  0.134  0.004  0.176  0.069  0.070  0.154  0.053  0.062  0.113        1
 31:     0.100  0.003  0.116  0.207  0.123  0.011  0.047  0.164  0.031  0.198        1
 32:     0.074  0.075  0.347  0.026  0.054  0.036  0.222  0.111  0.040  0.016        1
 33:     0.122  0.042  0.213  0.023  0.314  0.036  0.076  0.021  0.095  0.058        1
 34:     0.160  0.264  0.028  0.001  0.353  0.060  0.006  0.041  0.063  0.023        1
 35:     0.077  0.132  0.129  0.019  0.058  0.091  0.044  0.402  0.025  0.022        1
 36:     0.061  0.067  0.374  0.107  0.001  0.059  0.014  0.247  0.036  0.034        1
 37:     0.006  0.015  0.094  0.012  0.211  0.043  0.311  0.270  0.037  0.001        1
 38:     0.131  0.076  0.092  0.294  0.068  0.108  0.103  0.059  0.022  0.045        1
 39:     0.019  0.166  0.104  0.050  0.175  0.051  0.189  0.138  0.104  0.003        1
 40:     0.001  0.128  0.089  0.082  0.317  0.094  0.012  0.110  0.077  0.090        1
 41:     0.085  0.224  0.270  0.055  0.092  0.052  0.112  0.042  0.065  0.003        1
 42:     0.315  0.018  0.259  0.019  0.250  0.025  0.002  0.011  0.057  0.045        1
 43:     0.056  0.011  0.281  0.190  0.088  0.066  0.025  0.207  0.046  0.031        1
 44:     0.070  0.204  0.039  0.195  0.087  0.031  0.147  0.072  0.058  0.097        1
 45:     0.093  0.064  0.157  0.019  0.212  0.041  0.008  0.278  0.106  0.024        1
 46:     0.049  0.053  0.273  0.001  0.092  0.110  0.250  0.096  0.051  0.025        1
 47:     0.016  0.006  0.737  0.035  0.000  0.036  0.011  0.108  0.035  0.016        1
 48:     0.000  0.009  0.779  0.030  0.044  0.009  0.001  0.089  0.027  0.012        1
 49:     0.108  0.405  0.047  0.003  0.079  0.041  0.151  0.068  0.083  0.016        1
 50:     0.050  0.004  0.050  0.001  0.077  0.063  0.067  0.364  0.066  0.258        1
 51:     0.088  0.000  0.052  0.090  0.321  0.082  0.038  0.097  0.048  0.185        1
 52:     0.305  0.091  0.120  0.034  0.059  0.053  0.078  0.132  0.061  0.067        1
 53:     0.047  0.022  0.054  0.071  0.087  0.077  0.277  0.229  0.060  0.075        1
 54:     0.006  0.000  0.003  0.000  0.001  0.000  0.000  0.008  0.979  0.003        1
 55:     0.000  0.003  0.002  0.003  0.000  0.001  0.008  0.001  0.982  0.000        1
 56:     0.003  0.004  0.022  0.027  0.003  0.028  0.015  0.075  0.820  0.001        1
 57:     0.010  0.000  0.043  0.002  0.001  0.003  0.001  0.011  0.926  0.002        1
 58:     0.000  0.002  0.002  0.011  0.001  0.012  0.031  0.035  0.900  0.006        1
 59:     0.009  0.000  0.021  0.001  0.039  0.002  0.009  0.062  0.831  0.027        1
 60:     0.005  0.001  0.000  0.000  0.000  0.001  0.001  0.001  0.984  0.008        1
 61:     0.000  0.001  0.005  0.001  0.000  0.000  0.000  0.000  0.992  0.000        1
 62:     0.010  0.035  0.006  0.004  0.498  0.036  0.008  0.020  0.000  0.383        1
 63:     0.001  0.007  0.000  0.002  0.008  0.037  0.003  0.020  0.909  0.014        1
 64:     0.001  0.000  0.001  0.001  0.000  0.000  0.000  0.004  0.992  0.000        1
 65:     0.003  0.000  0.002  0.001  0.000  0.000  0.001  0.000  0.993  0.000        1
 66:     0.001  0.000  0.014  0.003  0.002  0.017  0.004  0.001  0.948  0.009        1
 67:     0.012  0.022  0.032  0.012  0.176  0.084  0.027  0.010  0.578  0.049        1
 68:     0.009  0.003  0.004  0.006  0.005  0.000  0.028  0.000  0.933  0.012        1
 69:     0.003  0.000  0.002  0.005  0.008  0.012  0.002  0.002  0.957  0.008        1
 70:     0.006  0.035  0.017  0.001  0.021  0.012  0.008  0.084  0.786  0.030        1
 71:     0.000  0.000  0.001  0.001  0.001  0.004  0.002  0.000  0.987  0.004        1
 72:     0.001  0.001  0.001  0.000  0.000  0.002  0.001  0.000  0.994  0.001        1
 73:     0.000  0.000  0.000  0.000  0.000  0.000  0.000  0.002  0.998  0.000        1
 74:     0.019  0.001  0.012  0.003  0.059  0.012  0.051  0.047  0.751  0.046        1
 75:     0.000  0.000  0.000  0.000  0.000  0.000  0.002  0.000  0.997  0.001        1
 76:     0.043  0.041  0.032  0.008  0.182  0.132  0.003  0.010  0.026  0.523        1
 77:     0.000  0.001  0.000  0.000  0.000  0.002  0.000  0.000  0.994  0.001        1
 78:     0.013  0.000  0.099  0.000  0.014  0.009  0.012  0.017  0.780  0.056        1
 79:     0.000  0.000  0.001  0.000  0.001  0.001  0.001  0.000  0.995  0.000        1
 80:     0.019  0.001  0.007  0.003  0.000  0.000  0.003  0.002  0.960  0.005        1
 81:     0.000  0.003  0.001  0.003  0.000  0.001  0.002  0.002  0.987  0.002        1
 82:     0.014  0.005  0.052  0.010  0.101  0.136  0.072  0.066  0.499  0.044        1
 83:     0.000  0.006  0.001  0.008  0.000  0.000  0.000  0.001  0.981  0.001        1
 84:     0.001  0.016  0.002  0.014  0.001  0.944  0.002  0.000  0.007  0.013        1
 85:     0.002  0.008  0.013  0.025  0.001  0.921  0.001  0.004  0.004  0.021        1
 86:     0.014  0.018  0.004  0.030  0.017  0.838  0.009  0.027  0.003  0.041        1
 87:     0.005  0.000  0.004  0.001  0.006  0.960  0.016  0.007  0.000  0.000        1
 88:     0.004  0.002  0.000  0.011  0.003  0.967  0.006  0.004  0.000  0.002        1
 89:     0.002  0.005  0.001  0.029  0.003  0.927  0.002  0.028  0.001  0.000        1
 90:     0.010  0.009  0.000  0.001  0.000  0.966  0.000  0.012  0.001  0.001        1
 91:     0.016  0.031  0.005  0.002  0.000  0.920  0.008  0.009  0.001  0.009        1
 92:     0.073  0.003  0.010  0.060  0.001  0.788  0.013  0.033  0.006  0.013        1
 93:     0.002  0.002  0.001  0.000  0.012  0.932  0.000  0.002  0.000  0.049        1
 94:     0.000  0.046  0.003  0.011  0.011  0.884  0.036  0.000  0.003  0.006        1
 95:     0.018  0.004  0.003  0.046  0.015  0.879  0.004  0.008  0.007  0.017        1
 96:     0.001  0.000  0.001  0.006  0.002  0.972  0.001  0.005  0.011  0.001        1
 97:     0.000  0.004  0.006  0.000  0.002  0.942  0.001  0.001  0.041  0.004        1
 98:     0.003  0.034  0.009  0.006  0.002  0.921  0.010  0.002  0.010  0.002        1
 99:     0.001  0.002  0.003  0.001  0.003  0.989  0.000  0.000  0.000  0.002        1
100:     0.001  0.000  0.001  0.000  0.000  0.982  0.001  0.000  0.006  0.009        1
101:     0.034  0.047  0.010  0.023  0.023  0.752  0.053  0.026  0.020  0.013        1
102:     0.046  0.072  0.005  0.000  0.001  0.790  0.015  0.055  0.014  0.001        1
103:     0.000  0.005  0.020  0.011  0.000  0.950  0.000  0.001  0.011  0.001        1
104:     0.010  0.020  0.005  0.005  0.002  0.916  0.010  0.013  0.011  0.007        1
105:     0.002  0.003  0.002  0.006  0.003  0.898  0.002  0.000  0.030  0.054        1
106:     0.032  0.007  0.016  0.000  0.025  0.780  0.013  0.101  0.022  0.004        1
107:     0.014  0.002  0.000  0.003  0.008  0.939  0.000  0.004  0.008  0.022        1
108:     0.010  0.051  0.001  0.016  0.001  0.838  0.013  0.002  0.028  0.040        1
109:     0.008  0.021  0.006  0.031  0.021  0.769  0.023  0.038  0.010  0.074        1
110:     0.081  0.019  0.004  0.001  0.027  0.745  0.023  0.030  0.060  0.009        1
111:     0.000  0.003  0.007  0.020  0.011  0.950  0.000  0.000  0.009  0.000        1
112:     0.001  0.011  0.000  0.009  0.005  0.973  0.000  0.000  0.000  0.000        1
113:     0.005  0.013  0.004  0.001  0.000  0.927  0.005  0.019  0.002  0.022        1
114:     0.014  0.002  0.000  0.019  0.002  0.938  0.004  0.001  0.017  0.004        1
115:     0.005  0.000  0.010  0.004  0.002  0.915  0.001  0.055  0.003  0.004        1
116:     0.006  0.000  0.006  0.000  0.002  0.977  0.000  0.004  0.003  0.001        1
117:     0.002  0.001  0.009  0.000  0.004  0.909  0.012  0.005  0.001  0.057        1
118:     0.008  0.001  0.002  0.007  0.002  0.941  0.003  0.013  0.010  0.013        1
119:     0.016  0.010  0.029  0.040  0.007  0.821  0.049  0.003  0.009  0.017        1
120:     0.004  0.001  0.045  0.018  0.005  0.916  0.004  0.002  0.001  0.005        1
121:     0.008  0.003  0.021  0.008  0.007  0.938  0.005  0.007  0.001  0.001        1
122:     0.008  0.004  0.003  0.007  0.023  0.897  0.007  0.027  0.023  0.001        1
123:     0.002  0.000  0.002  0.000  0.004  0.982  0.001  0.001  0.001  0.007        1
124:     0.002  0.000  0.006  0.053  0.000  0.815  0.001  0.047  0.005  0.070        1
125:     0.000  0.008  0.000  0.007  0.009  0.965  0.007  0.000  0.002  0.001        1
126:     0.023  0.066  0.014  0.001  0.004  0.840  0.023  0.006  0.011  0.013        1
127:     0.007  0.027  0.003  0.022  0.001  0.890  0.012  0.001  0.009  0.028        1
128:     0.001  0.017  0.004  0.001  0.000  0.913  0.000  0.037  0.026  0.001        1
129:     0.002  0.000  0.001  0.000  0.001  0.991  0.000  0.000  0.003  0.001        1
130:     0.004  0.001  0.003  0.007  0.001  0.892  0.033  0.012  0.006  0.041        1
131:     0.003  0.004  0.000  0.000  0.004  0.984  0.000  0.000  0.004  0.000        1
132:     0.003  0.049  0.013  0.011  0.012  0.812  0.007  0.035  0.000  0.059        1
133:     0.007  0.004  0.012  0.000  0.037  0.846  0.008  0.018  0.001  0.068        1
134:     0.021  0.000  0.004  0.015  0.058  0.827  0.037  0.014  0.016  0.009        1
135:     0.056  0.001  0.010  0.099  0.005  0.722  0.027  0.051  0.008  0.023        1
136:     0.000  0.000  0.005  0.002  0.001  0.972  0.005  0.010  0.004  0.000        1
137:     0.003  0.000  0.008  0.001  0.000  0.951  0.014  0.006  0.009  0.008        1
138:     0.003  0.007  0.006  0.000  0.000  0.967  0.004  0.000  0.011  0.002        1
139:     0.008  0.001  0.008  0.003  0.004  0.905  0.002  0.012  0.005  0.051        1
140:     0.017  0.007  0.017  0.010  0.002  0.859  0.004  0.004  0.011  0.068        1
141:     0.003  0.006  0.000  0.006  0.001  0.974  0.004  0.005  0.002  0.000        1
142:     0.000  0.004  0.016  0.024  0.067  0.841  0.008  0.024  0.002  0.013        1
143:     0.002  0.020  0.013  0.011  0.003  0.898  0.002  0.003  0.010  0.039        1
144:     0.004  0.007  0.001  0.011  0.001  0.935  0.001  0.005  0.000  0.034        1
145:     0.013  0.005  0.002  0.000  0.000  0.963  0.001  0.007  0.001  0.008        1
146:     0.017  0.016  0.002  0.007  0.000  0.907  0.000  0.009  0.006  0.036        1
147:     0.001  0.017  0.003  0.007  0.001  0.945  0.003  0.019  0.001  0.004        1
148:     0.017  0.029  0.159  0.080  0.162  0.143  0.148  0.087  0.035  0.140        1
149:     0.180  0.098  0.093  0.103  0.150  0.055  0.043  0.056  0.036  0.185        1
150:     0.091  0.130  0.105  0.005  0.259  0.078  0.191  0.075  0.039  0.027        1
151:     0.067  0.137  0.435  0.009  0.002  0.053  0.098  0.130  0.050  0.019        1
152:     0.131  0.026  0.140  0.188  0.049  0.020  0.197  0.107  0.039  0.104        1
153:     0.188  0.058  0.131  0.088  0.180  0.028  0.067  0.175  0.052  0.032        1
154:     0.005  0.323  0.092  0.104  0.261  0.051  0.018  0.092  0.037  0.017        1
155:     0.069  0.062  0.295  0.076  0.274  0.054  0.089  0.024  0.041  0.017        1
156:     0.023  0.080  0.030  0.439  0.023  0.050  0.041  0.185  0.060  0.068        1
157:     0.077  0.077  0.153  0.101  0.053  0.039  0.039  0.383  0.075  0.002        1
158:     0.017  0.028  0.054  0.128  0.274  0.099  0.322  0.004  0.063  0.012        1
159:     0.130  0.126  0.254  0.124  0.023  0.058  0.156  0.076  0.035  0.018        1
160:     0.005  0.282  0.058  0.190  0.072  0.041  0.043  0.212  0.048  0.049        1
161:     0.189  0.118  0.111  0.033  0.035  0.111  0.283  0.029  0.052  0.040        1
162:     0.045  0.110  0.170  0.039  0.267  0.019  0.136  0.104  0.094  0.015        1
163:     0.037  0.058  0.297  0.217  0.001  0.071  0.099  0.133  0.060  0.027        1
164:     0.064  0.220  0.147  0.015  0.009  0.011  0.159  0.230  0.060  0.084        1
165:     0.067  0.324  0.035  0.073  0.092  0.096  0.114  0.058  0.066  0.073        1
166:     0.045  0.132  0.091  0.169  0.288  0.003  0.002  0.184  0.040  0.047        1
167:     0.073  0.160  0.132  0.046  0.096  0.046  0.203  0.123  0.054  0.069        1
168:     0.026  0.093  0.002  0.247  0.053  0.029  0.433  0.056  0.041  0.018        1
169:     0.086  0.329  0.103  0.040  0.187  0.069  0.035  0.059  0.054  0.039        1
170:     0.114  0.229  0.133  0.057  0.233  0.039  0.074  0.040  0.075  0.005        1
171:     0.166  0.132  0.100  0.016  0.148  0.048  0.235  0.076  0.019  0.061        1
172:     0.126  0.164  0.085  0.390  0.052  0.037  0.014  0.047  0.050  0.035        1
173:     0.144  0.161  0.207  0.034  0.130  0.010  0.009  0.214  0.057  0.033        1
174:     0.028  0.046  0.109  0.131  0.006  0.056  0.132  0.411  0.072  0.010        1
175:     0.108  0.118  0.139  0.121  0.121  0.040  0.137  0.120  0.050  0.045       50
176:     0.107  0.106  0.128  0.140  0.142  0.033  0.160  0.094  0.046  0.044       49
177:     0.121  0.135  0.121  0.119  0.124  0.035  0.143  0.111  0.044  0.046       50
178:     0.125  0.129  0.146  0.105  0.122  0.033  0.137  0.104  0.051  0.047       49
179:     0.153  0.071  0.111  0.107  0.129  0.036  0.158  0.138  0.043  0.055       23
180:     0.111  0.123  0.158  0.119  0.120  0.035  0.135  0.109  0.050  0.039       49
181:     0.003  0.002  0.003  0.002  0.002  0.002  0.003  0.002  0.005  0.976       30
182:     0.007  0.006  0.007  0.011  0.005  0.006  0.007  0.008  0.011  0.933       30
183:     0.102  0.114  0.078  0.091  0.087  0.054  0.285  0.046  0.041  0.103       34
184:     0.123  0.160  0.138  0.115  0.093  0.032  0.162  0.091  0.041  0.045       36
185:     0.118  0.144  0.127  0.112  0.098  0.039  0.174  0.093  0.042  0.052       40
186:     0.125  0.140  0.131  0.105  0.123  0.038  0.192  0.069  0.043  0.035       39
187:     0.101  0.162  0.091  0.113  0.152  0.039  0.171  0.071  0.048  0.052       37
188:     0.119  0.131  0.125  0.114  0.109  0.038  0.150  0.115  0.045  0.053       40
189:     0.107  0.108  0.127  0.159  0.110  0.038  0.174  0.075  0.042  0.059       35
190:     0.156  0.110  0.112  0.123  0.128  0.038  0.149  0.081  0.046  0.057       28
191:     0.115  0.123  0.094  0.108  0.130  0.036  0.210  0.091  0.043  0.051       36
192:     0.150  0.108  0.120  0.107  0.097  0.029  0.199  0.092  0.051  0.045       32
--------------------------------------------

 Rep#:   Lambda   Alpha      F1    F2    F3    F4    F5    F6    F7    F8    F9    F10     D1,2  D1,3  D1,4  D1,5  D1,6  D1,7  D1,8  D1,9  D1,10  D2,3  D2,4  D2,5  D2,6  D2,7  D2,8  D2,9  D2,10  D3,4  D3,5  D3,6  D3,7  D3,8  D3,9  D3,10  D4,5  D4,6  D4,7  D4,8  D4,9  D4,10  D5,6  D5,7  D5,8  D5,9  D5,10  D6,7  D6,8  D6,9  D6,10  D7,8  D7,9  D7,10  D8,9  D8,10  D9,10    Ln Like 
