

----------------------------------------------------
STRUCTURE by Pritchard, Stephens and Donnelly (2000)
     and Falush, Stephens and Pritchard (2003)
       Code by Pritchard, Falush and Hubisz
             Version 2.3.4 (Jul 2012)
----------------------------------------------------


Reading file "/workdir/yc2644/CV_CT_array/structure/threader_input/mainparams".
Reading file "/workdir/yc2644/CV_CT_array/structure/threader_input/extraparams".
Reading file "/workdir/yc2644/CV_CT_array/structure/threader_input/n1601.recode.strct_in".


Data file "/workdir/yc2644/CV_CT_array/structure/threader_input/n1601.recode.strct_in" (truncated) --

Ind:   Label Pop : Genotype_data . . . .
  1:  001s    1  :  2   1   2   2   2   1   2  . . . .   2
  1:  001s    1  :  2   2   2   2   2   2   2  . . . .   2
  2:  002s    1  :  2   2   2   2   1   1   2  . . . .   2
  2:  002s    1  :  2   2   2   2   2   2   2  . . . .   2
  3:  003s    1  :  1   2   1   2   2   2   2  . . . .   1
  3:  003s    1  :  2   2   1   2   2   2   2  . . . .   2
  4:  004s    1  :  1   1   2   2   1   2   2  . . . .   1
  4:  004s    1  :  2   1   2   2   2   2   2  . . . .   2

      *******   

1600:    49  192  :  2   2   2   2   2   1   2  . . . .   1
1600:    49  192  :  2   2   2   2   2   2   2  . . . .   2
1601:    50  192  :  2   1   2   2   1   2   2  . . . .   1
1601:    50  192  :  2   2   2   2   2   2   2  . . . .   2

Number of alleles per locus: min= 2; ave=2.0; max= 2


--------------------------------------

Finished initialization; starting MCMC 
100000 iterations + 10000 burnin


--------------------------------------------
Proportion of membership of each pre-defined
 population in each of the 10 clusters

Given    Inferred Clusters                                                        Number of
 Pop       1      2      3      4      5      6      7      8      9     10      Individuals

  1:     0.143  0.097  0.055  0.112  0.092  0.114  0.108  0.089  0.081  0.107       54
  2:     0.111  0.118  0.049  0.114  0.095  0.125  0.098  0.106  0.075  0.111       30
  3:     0.037  0.097  0.335  0.055  0.089  0.038  0.095  0.060  0.139  0.057       30
  4:     0.027  0.064  0.496  0.038  0.066  0.035  0.083  0.045  0.098  0.049       20
  5:     0.038  0.064  0.465  0.039  0.077  0.043  0.092  0.048  0.100  0.035       30
  6:     0.116  0.098  0.046  0.119  0.093  0.129  0.079  0.116  0.073  0.130       43
  7:     0.136  0.102  0.041  0.094  0.100  0.127  0.109  0.098  0.074  0.119       44
  8:     0.110  0.131  0.035  0.142  0.060  0.108  0.046  0.130  0.093  0.145        4
  9:     0.145  0.098  0.035  0.124  0.079  0.137  0.103  0.119  0.065  0.096       22
 10:     0.138  0.103  0.030  0.130  0.069  0.133  0.100  0.109  0.066  0.122       24
 11:     0.126  0.102  0.046  0.124  0.092  0.124  0.097  0.104  0.074  0.113       54
 12:     0.107  0.096  0.038  0.120  0.089  0.125  0.103  0.102  0.088  0.131       37
 13:     0.134  0.095  0.052  0.119  0.102  0.117  0.093  0.110  0.077  0.102       42
 14:     0.148  0.096  0.043  0.132  0.107  0.120  0.071  0.108  0.074  0.101       42
 15:     0.120  0.117  0.046  0.123  0.093  0.131  0.088  0.091  0.083  0.108       49
 16:     0.109  0.105  0.051  0.113  0.089  0.124  0.104  0.108  0.085  0.112      124
 17:     0.123  0.112  0.051  0.102  0.082  0.124  0.098  0.102  0.081  0.125       24
 18:     0.122  0.087  0.046  0.120  0.114  0.118  0.072  0.102  0.082  0.137       34
 19:     0.137  0.080  0.047  0.138  0.100  0.117  0.081  0.096  0.098  0.105       52
 20:     0.135  0.137  0.065  0.126  0.066  0.147  0.094  0.088  0.086  0.056        1
 21:     0.071  0.115  0.049  0.089  0.101  0.154  0.138  0.101  0.090  0.092        1
 22:     0.129  0.166  0.035  0.032  0.112  0.091  0.045  0.182  0.059  0.150        1
 23:     0.066  0.091  0.086  0.132  0.148  0.117  0.068  0.091  0.096  0.106        1
 24:     0.365  0.079  0.062  0.050  0.005  0.139  0.032  0.059  0.053  0.157        1
 25:     0.099  0.126  0.078  0.102  0.113  0.073  0.089  0.136  0.074  0.111        1
 26:     0.087  0.191  0.049  0.153  0.055  0.137  0.167  0.047  0.078  0.037        1
 27:     0.061  0.239  0.039  0.035  0.077  0.125  0.097  0.155  0.081  0.091        1
 28:     0.078  0.030  0.020  0.094  0.014  0.167  0.047  0.143  0.200  0.208        1
 29:     0.113  0.052  0.008  0.221  0.210  0.023  0.065  0.076  0.049  0.183        1
 30:     0.310  0.019  0.103  0.154  0.059  0.002  0.072  0.165  0.051  0.065        1
 31:     0.142  0.096  0.115  0.121  0.112  0.103  0.067  0.058  0.078  0.109        1
 32:     0.200  0.157  0.023  0.012  0.152  0.003  0.042  0.205  0.014  0.191        1
 33:     0.040  0.115  0.044  0.203  0.170  0.115  0.067  0.031  0.147  0.067        1
 34:     0.268  0.015  0.034  0.005  0.014  0.053  0.091  0.330  0.049  0.140        1
 35:     0.084  0.117  0.056  0.363  0.078  0.033  0.024  0.072  0.021  0.152        1
 36:     0.090  0.091  0.043  0.151  0.082  0.092  0.092  0.163  0.083  0.112        1
 37:     0.251  0.114  0.038  0.009  0.046  0.370  0.014  0.106  0.036  0.017        1
 38:     0.063  0.076  0.077  0.106  0.139  0.101  0.078  0.133  0.123  0.103        1
 39:     0.103  0.007  0.037  0.079  0.011  0.177  0.022  0.115  0.016  0.432        1
 40:     0.100  0.014  0.124  0.145  0.077  0.055  0.011  0.118  0.013  0.343        1
 41:     0.308  0.184  0.006  0.273  0.006  0.013  0.061  0.019  0.063  0.068        1
 42:     0.182  0.098  0.019  0.111  0.014  0.063  0.090  0.056  0.205  0.164        1
 43:     0.135  0.048  0.035  0.057  0.298  0.079  0.105  0.117  0.009  0.116        1
 44:     0.101  0.111  0.067  0.169  0.071  0.046  0.124  0.193  0.104  0.014        1
 45:     0.199  0.118  0.029  0.085  0.081  0.228  0.101  0.029  0.050  0.081        1
 46:     0.173  0.088  0.073  0.081  0.071  0.103  0.115  0.080  0.111  0.105        1
 47:     0.086  0.105  0.068  0.107  0.139  0.130  0.127  0.066  0.096  0.074        1
 48:     0.214  0.003  0.017  0.162  0.109  0.142  0.076  0.133  0.097  0.047        1
 49:     0.167  0.075  0.027  0.186  0.106  0.031  0.063  0.149  0.025  0.171        1
 50:     0.042  0.021  0.238  0.115  0.107  0.058  0.030  0.142  0.093  0.154        1
 51:     0.063  0.100  0.116  0.101  0.088  0.061  0.097  0.103  0.127  0.143        1
 52:     0.134  0.113  0.015  0.089  0.064  0.040  0.025  0.127  0.167  0.228        1
 53:     0.091  0.097  0.064  0.023  0.065  0.089  0.075  0.190  0.018  0.288        1
 54:     0.006  0.054  0.050  0.104  0.131  0.051  0.031  0.185  0.118  0.270        1
 55:     0.046  0.086  0.056  0.016  0.150  0.104  0.183  0.061  0.174  0.124        1
 56:     0.025  0.111  0.021  0.062  0.240  0.065  0.255  0.121  0.065  0.036        1
 57:     0.042  0.095  0.063  0.084  0.405  0.115  0.029  0.101  0.050  0.016        1
 58:     0.078  0.104  0.062  0.094  0.117  0.094  0.073  0.109  0.147  0.122        1
 59:     0.067  0.036  0.063  0.077  0.245  0.020  0.132  0.150  0.101  0.110        1
 60:     0.002  0.022  0.054  0.021  0.201  0.067  0.174  0.145  0.199  0.115        1
 61:     0.016  0.032  0.081  0.010  0.192  0.022  0.035  0.315  0.189  0.109        1
 62:     0.067  0.113  0.234  0.053  0.127  0.021  0.094  0.116  0.088  0.088        1
 63:     0.005  0.123  0.086  0.043  0.086  0.054  0.121  0.116  0.106  0.261        1
 64:     0.009  0.229  0.073  0.093  0.154  0.077  0.237  0.020  0.016  0.092        1
 65:     0.055  0.092  0.062  0.046  0.111  0.147  0.042  0.166  0.123  0.156        1
 66:     0.082  0.087  0.044  0.019  0.160  0.032  0.076  0.055  0.240  0.206        1
 67:     0.016  0.012  0.059  0.041  0.478  0.033  0.022  0.083  0.003  0.255        1
 68:     0.047  0.116  0.037  0.036  0.218  0.079  0.052  0.108  0.121  0.186        1
 69:     0.041  0.030  0.071  0.008  0.204  0.078  0.304  0.108  0.137  0.017        1
 70:     0.137  0.048  0.037  0.061  0.198  0.053  0.123  0.038  0.209  0.095        1
 71:     0.043  0.051  0.045  0.072  0.095  0.024  0.136  0.103  0.238  0.191        1
 72:     0.027  0.009  0.098  0.077  0.308  0.053  0.054  0.128  0.093  0.155        1
 73:     0.034  0.004  0.034  0.041  0.343  0.226  0.088  0.112  0.047  0.071        1
 74:     0.070  0.243  0.043  0.023  0.158  0.052  0.039  0.111  0.183  0.080        1
 75:     0.063  0.117  0.030  0.003  0.176  0.109  0.196  0.137  0.093  0.076        1
 76:     0.004  0.197  0.321  0.059  0.035  0.052  0.195  0.075  0.043  0.018        1
 77:     0.076  0.082  0.076  0.049  0.167  0.082  0.089  0.065  0.170  0.144        1
 78:     0.163  0.096  0.008  0.025  0.147  0.052  0.070  0.004  0.244  0.191        1
 79:     0.022  0.026  0.037  0.031  0.092  0.154  0.128  0.133  0.342  0.035        1
 80:     0.021  0.055  0.052  0.053  0.168  0.053  0.183  0.078  0.258  0.078        1
 81:     0.024  0.004  0.103  0.022  0.062  0.082  0.218  0.183  0.176  0.127        1
 82:     0.115  0.035  0.070  0.042  0.078  0.028  0.157  0.102  0.310  0.064        1
 83:     0.054  0.029  0.051  0.026  0.234  0.037  0.055  0.154  0.064  0.295        1
 84:     0.061  0.058  0.326  0.096  0.063  0.061  0.064  0.125  0.114  0.032        1
 85:     0.047  0.074  0.370  0.054  0.017  0.107  0.076  0.194  0.020  0.041        1
 86:     0.064  0.105  0.318  0.054  0.015  0.021  0.047  0.165  0.142  0.069        1
 87:     0.066  0.056  0.272  0.083  0.052  0.020  0.058  0.164  0.184  0.046        1
 88:     0.075  0.062  0.336  0.061  0.103  0.091  0.083  0.092  0.053  0.043        1
 89:     0.022  0.055  0.257  0.092  0.072  0.103  0.058  0.111  0.181  0.049        1
 90:     0.029  0.043  0.423  0.031  0.040  0.036  0.091  0.073  0.092  0.141        1
 91:     0.011  0.052  0.258  0.056  0.133  0.041  0.064  0.164  0.212  0.009        1
 92:     0.051  0.107  0.298  0.039  0.023  0.151  0.005  0.158  0.107  0.059        1
 93:     0.004  0.016  0.377  0.080  0.201  0.034  0.012  0.110  0.097  0.069        1
 94:     0.037  0.054  0.317  0.103  0.109  0.015  0.221  0.027  0.110  0.006        1
 95:     0.092  0.037  0.374  0.018  0.014  0.021  0.094  0.026  0.283  0.040        1
 96:     0.047  0.085  0.345  0.036  0.044  0.057  0.045  0.171  0.089  0.081        1
 97:     0.019  0.062  0.361  0.069  0.085  0.038  0.061  0.153  0.112  0.039        1
 98:     0.040  0.017  0.274  0.049  0.035  0.062  0.082  0.020  0.395  0.026        1
 99:     0.029  0.101  0.371  0.082  0.085  0.050  0.036  0.086  0.117  0.042        1
100:     0.050  0.064  0.472  0.063  0.016  0.109  0.011  0.056  0.125  0.033        1
101:     0.080  0.005  0.264  0.104  0.168  0.041  0.047  0.141  0.051  0.099        1
102:     0.071  0.076  0.260  0.062  0.072  0.061  0.087  0.095  0.131  0.085        1
103:     0.016  0.005  0.324  0.007  0.073  0.083  0.044  0.061  0.383  0.004        1
104:     0.057  0.098  0.238  0.050  0.090  0.036  0.042  0.173  0.200  0.016        1
105:     0.148  0.060  0.317  0.158  0.071  0.097  0.024  0.023  0.081  0.019        1
106:     0.079  0.035  0.251  0.042  0.057  0.011  0.073  0.371  0.027  0.053        1
107:     0.113  0.241  0.264  0.060  0.070  0.051  0.024  0.139  0.026  0.011        1
108:     0.009  0.084  0.224  0.033  0.110  0.091  0.034  0.347  0.053  0.016        1
109:     0.029  0.114  0.294  0.103  0.045  0.116  0.028  0.077  0.185  0.011        1
110:     0.043  0.064  0.238  0.087  0.073  0.076  0.076  0.161  0.104  0.079        1
111:     0.002  0.015  0.376  0.035  0.059  0.051  0.042  0.281  0.048  0.092        1
112:     0.073  0.043  0.338  0.012  0.070  0.225  0.016  0.158  0.057  0.008        1
113:     0.006  0.021  0.328  0.096  0.040  0.008  0.035  0.366  0.085  0.015        1
114:     0.088  0.030  0.367  0.114  0.114  0.046  0.033  0.122  0.018  0.067        1
115:     0.041  0.006  0.297  0.029  0.012  0.212  0.062  0.100  0.225  0.015        1
116:     0.020  0.011  0.405  0.049  0.117  0.167  0.026  0.058  0.121  0.024        1
117:     0.065  0.046  0.315  0.080  0.108  0.041  0.080  0.122  0.089  0.056        1
118:     0.031  0.025  0.350  0.092  0.038  0.064  0.077  0.083  0.195  0.046        1
119:     0.074  0.104  0.276  0.087  0.075  0.100  0.045  0.070  0.104  0.065        1
120:     0.068  0.075  0.287  0.087  0.071  0.082  0.063  0.114  0.074  0.079        1
121:     0.075  0.083  0.295  0.064  0.073  0.072  0.071  0.100  0.124  0.042        1
122:     0.034  0.046  0.303  0.133  0.045  0.059  0.098  0.029  0.236  0.016        1
123:     0.123  0.090  0.354  0.056  0.031  0.106  0.067  0.024  0.136  0.015        1
124:     0.022  0.049  0.325  0.072  0.051  0.056  0.173  0.093  0.112  0.045        1
125:     0.008  0.072  0.322  0.016  0.088  0.015  0.044  0.305  0.069  0.062        1
126:     0.081  0.024  0.263  0.043  0.009  0.174  0.132  0.081  0.117  0.077        1
127:     0.048  0.039  0.353  0.120  0.006  0.185  0.029  0.166  0.040  0.014        1
128:     0.093  0.051  0.236  0.040  0.046  0.026  0.037  0.186  0.252  0.032        1
129:     0.019  0.080  0.397  0.051  0.041  0.111  0.104  0.075  0.093  0.029        1
130:     0.051  0.002  0.327  0.062  0.072  0.040  0.181  0.080  0.180  0.005        1
131:     0.005  0.049  0.323  0.134  0.043  0.020  0.012  0.197  0.212  0.004        1
132:     0.118  0.024  0.317  0.068  0.038  0.158  0.104  0.089  0.066  0.018        1
133:     0.078  0.035  0.385  0.067  0.094  0.062  0.038  0.127  0.095  0.021        1
134:     0.004  0.078  0.244  0.010  0.167  0.043  0.013  0.071  0.320  0.050        1
135:     0.112  0.054  0.325  0.082  0.049  0.069  0.043  0.029  0.152  0.087        1
136:     0.081  0.129  0.323  0.006  0.061  0.041  0.173  0.118  0.048  0.021        1
137:     0.173  0.006  0.342  0.070  0.014  0.040  0.070  0.018  0.233  0.033        1
138:     0.179  0.049  0.336  0.047  0.041  0.030  0.095  0.081  0.124  0.018        1
139:     0.033  0.060  0.393  0.041  0.056  0.110  0.067  0.084  0.088  0.068        1
140:     0.087  0.056  0.370  0.075  0.066  0.051  0.065  0.067  0.114  0.049        1
141:     0.084  0.023  0.361  0.016  0.105  0.039  0.041  0.119  0.211  0.001        1
142:     0.074  0.055  0.288  0.035  0.070  0.072  0.077  0.076  0.187  0.065        1
143:     0.032  0.066  0.303  0.056  0.103  0.053  0.076  0.091  0.176  0.044        1
144:     0.067  0.045  0.344  0.077  0.075  0.061  0.069  0.069  0.113  0.081        1
145:     0.084  0.043  0.280  0.002  0.098  0.057  0.048  0.092  0.284  0.012        1
146:     0.006  0.067  0.281  0.007  0.117  0.033  0.017  0.027  0.438  0.006        1
147:     0.047  0.024  0.408  0.034  0.123  0.076  0.096  0.088  0.053  0.052        1
148:     0.069  0.074  0.090  0.045  0.035  0.225  0.090  0.051  0.287  0.035        1
149:     0.058  0.031  0.120  0.031  0.032  0.174  0.092  0.024  0.306  0.134        1
150:     0.150  0.004  0.044  0.160  0.089  0.210  0.089  0.099  0.068  0.087        1
151:     0.066  0.061  0.025  0.079  0.074  0.226  0.084  0.112  0.168  0.106        1
152:     0.046  0.134  0.026  0.003  0.078  0.259  0.181  0.078  0.063  0.133        1
153:     0.131  0.101  0.030  0.203  0.096  0.033  0.150  0.107  0.068  0.081        1
154:     0.080  0.058  0.050  0.111  0.047  0.114  0.029  0.025  0.191  0.294        1
155:     0.103  0.082  0.065  0.150  0.081  0.111  0.071  0.069  0.115  0.154        1
156:     0.232  0.009  0.023  0.149  0.140  0.108  0.019  0.146  0.056  0.119        1
157:     0.126  0.046  0.073  0.070  0.071  0.145  0.145  0.261  0.033  0.031        1
158:     0.099  0.166  0.041  0.099  0.053  0.135  0.113  0.221  0.053  0.018        1
159:     0.275  0.040  0.034  0.141  0.057  0.068  0.075  0.076  0.081  0.153        1
160:     0.139  0.208  0.050  0.208  0.119  0.041  0.034  0.025  0.026  0.150        1
161:     0.265  0.023  0.097  0.077  0.170  0.149  0.079  0.030  0.029  0.079        1
162:     0.243  0.010  0.060  0.095  0.017  0.204  0.045  0.246  0.038  0.042        1
163:     0.134  0.054  0.072  0.069  0.022  0.140  0.021  0.100  0.142  0.245        1
164:     0.214  0.219  0.035  0.022  0.004  0.113  0.110  0.084  0.059  0.139        1
165:     0.100  0.206  0.058  0.002  0.085  0.024  0.066  0.154  0.146  0.158        1
166:     0.313  0.071  0.057  0.014  0.127  0.119  0.023  0.121  0.108  0.047        1
167:     0.085  0.092  0.061  0.130  0.138  0.092  0.056  0.093  0.030  0.221        1
168:     0.338  0.003  0.036  0.125  0.063  0.099  0.070  0.072  0.069  0.126        1
169:     0.363  0.044  0.070  0.068  0.110  0.029  0.032  0.055  0.094  0.135        1
170:     0.047  0.102  0.033  0.319  0.100  0.083  0.029  0.123  0.033  0.130        1
171:     0.203  0.042  0.026  0.129  0.120  0.173  0.076  0.155  0.034  0.043        1
172:     0.231  0.038  0.027  0.086  0.048  0.205  0.094  0.193  0.059  0.019        1
173:     0.148  0.042  0.070  0.151  0.003  0.221  0.097  0.108  0.049  0.111        1
174:     0.274  0.088  0.051  0.035  0.052  0.094  0.077  0.199  0.020  0.109        1
175:     0.118  0.093  0.051  0.128  0.099  0.112  0.091  0.109  0.092  0.106       50
176:     0.134  0.099  0.043  0.112  0.099  0.135  0.100  0.104  0.074  0.100       49
177:     0.152  0.097  0.050  0.117  0.084  0.110  0.083  0.100  0.088  0.120       50
178:     0.134  0.102  0.048  0.119  0.094  0.105  0.089  0.112  0.080  0.118       49
179:     0.137  0.106  0.062  0.148  0.074  0.126  0.091  0.105  0.070  0.081       23
180:     0.110  0.097  0.044  0.097  0.116  0.127  0.105  0.114  0.075  0.115       49
181:     0.031  0.060  0.351  0.030  0.143  0.023  0.102  0.034  0.192  0.034       30
182:     0.038  0.085  0.485  0.042  0.062  0.026  0.088  0.033  0.104  0.037       30
183:     0.154  0.081  0.084  0.115  0.077  0.103  0.079  0.096  0.098  0.113       34
184:     0.148  0.093  0.046  0.135  0.097  0.085  0.108  0.097  0.071  0.120       36
185:     0.122  0.116  0.049  0.111  0.105  0.117  0.084  0.115  0.072  0.109       40
186:     0.152  0.099  0.049  0.113  0.083  0.114  0.090  0.106  0.090  0.103       39
187:     0.120  0.105  0.050  0.104  0.095  0.144  0.076  0.111  0.069  0.126       37
188:     0.112  0.107  0.048  0.124  0.089  0.117  0.095  0.112  0.090  0.106       40
189:     0.116  0.123  0.050  0.109  0.089  0.140  0.096  0.088  0.077  0.112       35
190:     0.121  0.127  0.054  0.110  0.083  0.108  0.092  0.104  0.083  0.118       28
191:     0.127  0.133  0.044  0.103  0.090  0.115  0.091  0.116  0.078  0.103       36
192:     0.143  0.121  0.048  0.077  0.106  0.115  0.091  0.092  0.074  0.134       32
--------------------------------------------

 Rep#:   Lambda   Alpha      F1    F2    F3    F4    F5    F6    F7    F8    F9    F10     D1,2  D1,3  D1,4  D1,5  D1,6  D1,7  D1,8  D1,9  D1,10  D2,3  D2,4  D2,5  D2,6  D2,7  D2,8  D2,9  D2,10  D3,4  D3,5  D3,6  D3,7  D3,8  D3,9  D3,10  D4,5  D4,6  D4,7  D4,8  D4,9  D4,10  D5,6  D5,7  D5,8  D5,9  D5,10  D6,7  D6,8  D6,9  D6,10  D7,8  D7,9  D7,10  D8,9  D8,10  D9,10    Ln Like 
  100:    1.00    1.592    0.012 0.010 0.307 0.011 0.011 0.011 0.010 0.010 0.016 0.010    0.004 0.063 0.004 0.004 0.004 0.004 0.004 0.006 0.004 0.060 0.003 0.004 0.003 0.003 0.003 0.005 0.003 0.061 0.059 0.061 0.059 0.061 0.057 0.061 0.004 0.003 0.003 0.003 0.005 0.003 0.004 0.003 0.004 0.005 0.004 0.004 0.003 0.005 0.003 0.003 0.004 0.003 0.005 0.003 0.005   --  
  200:    1.00    1.252    0.012 0.011 0.255 0.011 0.116 0.011 0.010 0.012 0.280 0.010    0.004 0.038 0.004 0.027 0.004 0.004 0.004 0.051 0.004 0.038 0.004 0.026 0.004 0.003 0.004 0.050 0.003 0.038 0.056 0.038 0.038 0.038 0.079 0.038 0.026 0.003 0.003 0.004 0.050 0.003 0.026 0.026 0.026 0.068 0.025 0.003 0.004 0.050 0.003 0.004 0.050 0.003 0.048 0.004 0.050   --  
  300:    1.00    1.009    0.012 0.011 0.209 0.011 0.268 0.011 0.010 0.012 0.218 0.010    0.004 0.031 0.004 0.044 0.004 0.004 0.004 0.039 0.003 0.031 0.003 0.043 0.003 0.003 0.004 0.039 0.003 0.031 0.062 0.031 0.031 0.031 0.059 0.030 0.043 0.003 0.003 0.003 0.039 0.003 0.043 0.043 0.043 0.069 0.043 0.003 0.004 0.039 0.003 0.004 0.039 0.003 0.039 0.003 0.039   --  
  400:    1.00    0.892    0.012 0.011 0.188 0.011 0.263 0.011 0.010 0.012 0.200 0.010    0.004 0.029 0.004 0.043 0.004 0.004 0.004 0.035 0.003 0.029 0.003 0.043 0.004 0.004 0.004 0.035 0.003 0.029 0.060 0.029 0.028 0.029 0.052 0.028 0.043 0.003 0.003 0.003 0.035 0.003 0.043 0.043 0.043 0.065 0.043 0.003 0.004 0.035 0.003 0.004 0.035 0.003 0.035 0.003 0.035   --  
  500:    1.00    0.804    0.013 0.011 0.186 0.011 0.264 0.011 0.010 0.013 0.183 0.010    0.004 0.028 0.004 0.043 0.004 0.004 0.004 0.033 0.004 0.028 0.003 0.043 0.004 0.003 0.004 0.033 0.003 0.028 0.058 0.028 0.027 0.028 0.049 0.027 0.043 0.003 0.003 0.004 0.032 0.003 0.042 0.042 0.042 0.062 0.042 0.004 0.004 0.032 0.003 0.004 0.032 0.003 0.032 0.004 0.032   --  
  600:    1.00    0.774    0.013 0.011 0.179 0.011 0.260 0.011 0.010 0.013 0.178 0.010    0.004 0.027 0.004 0.043 0.004 0.004 0.004 0.032 0.004 0.027 0.004 0.042 0.004 0.003 0.004 0.031 0.003 0.027 0.058 0.027 0.027 0.027 0.047 0.027 0.042 0.003 0.003 0.004 0.031 0.003 0.042 0.042 0.042 0.062 0.042 0.003 0.004 0.032 0.003 0.004 0.031 0.003 0.032 0.004 0.031   --  
  700:    1.00    0.714    0.013 0.011 0.175 0.011 0.256 0.011 0.011 0.013 0.166 0.010    0.004 0.027 0.004 0.041 0.004 0.004 0.004 0.031 0.004 0.027 0.003 0.041 0.004 0.004 0.004 0.030 0.003 0.026 0.057 0.026 0.026 0.027 0.047 0.026 0.041 0.003 0.003 0.004 0.030 0.003 0.041 0.041 0.042 0.060 0.041 0.004 0.004 0.030 0.003 0.004 0.030 0.003 0.030 0.004 0.030   --  
  800:    1.00    0.696    0.013 0.011 0.178 0.011 0.257 0.011 0.013 0.013 0.164 0.010    0.004 0.027 0.004 0.042 0.004 0.004 0.004 0.030 0.004 0.027 0.003 0.042 0.004 0.004 0.004 0.030 0.003 0.026 0.057 0.026 0.027 0.027 0.047 0.026 0.041 0.003 0.004 0.004 0.030 0.003 0.041 0.042 0.042 0.061 0.041 0.004 0.004 0.030 0.003 0.004 0.030 0.004 0.030 0.004 0.030   --  
  900:    1.00    0.643    0.013 0.011 0.181 0.011 0.257 0.011 0.026 0.013 0.164 0.010    0.004 0.028 0.004 0.042 0.004 0.006 0.004 0.030 0.004 0.028 0.004 0.042 0.004 0.006 0.004 0.030 0.004 0.028 0.058 0.028 0.029 0.028 0.047 0.027 0.041 0.003 0.006 0.004 0.030 0.003 0.041 0.043 0.041 0.060 0.041 0.006 0.004 0.030 0.003 0.006 0.031 0.006 0.030 0.004 0.030   --  

--------------------------------------------
Proportion of membership of each pre-defined
 population in each of the 10 clusters

Given    Inferred Clusters                                                        Number of
 Pop       1      2      3      4      5      6      7      8      9     10      Individuals

  1:     0.137  0.107  0.052  0.129  0.045  0.139  0.100  0.130  0.040  0.122       54
  2:     0.109  0.147  0.047  0.129  0.053  0.139  0.082  0.101  0.037  0.154       30
  3:     0.016  0.059  0.621  0.032  0.050  0.020  0.081  0.031  0.055  0.036       30
  4:     0.002  0.002  0.319  0.002  0.007  0.002  0.637  0.003  0.021  0.005       20
  5:     0.004  0.003  0.329  0.004  0.007  0.004  0.631  0.003  0.012  0.003       30
  6:     0.119  0.091  0.047  0.146  0.039  0.163  0.076  0.143  0.039  0.135       43
  7:     0.124  0.126  0.043  0.102  0.043  0.144  0.099  0.121  0.036  0.162       44
  8:     0.139  0.040  0.019  0.214  0.053  0.088  0.061  0.182  0.035  0.170        4
  9:     0.148  0.083  0.014  0.181  0.038  0.132  0.057  0.211  0.035  0.102       22
 10:     0.144  0.101  0.015  0.142  0.049  0.159  0.071  0.143  0.037  0.139       24
 11:     0.119  0.116  0.046  0.161  0.036  0.151  0.077  0.130  0.042  0.123       54
 12:     0.110  0.104  0.039  0.150  0.049  0.153  0.087  0.126  0.032  0.150       37
 13:     0.125  0.090  0.054  0.132  0.041  0.165  0.077  0.135  0.046  0.136       42
 14:     0.121  0.105  0.047  0.111  0.045  0.145  0.080  0.160  0.040  0.146       42
 15:     0.110  0.115  0.047  0.160  0.045  0.163  0.079  0.108  0.042  0.131       49
 16:     0.124  0.117  0.052  0.136  0.042  0.146  0.098  0.121  0.041  0.123      124
 17:     0.118  0.097  0.043  0.118  0.044  0.180  0.089  0.161  0.035  0.114       24
 18:     0.126  0.110  0.037  0.141  0.047  0.148  0.068  0.132  0.044  0.147       34
 19:     0.126  0.102  0.047  0.169  0.045  0.132  0.079  0.120  0.040  0.139       52
 20:     0.241  0.182  0.013  0.117  0.037  0.210  0.087  0.085  0.025  0.004        1
 21:     0.004  0.176  0.019  0.051  0.056  0.158  0.098  0.114  0.139  0.186        1
 22:     0.185  0.084  0.028  0.003  0.043  0.207  0.061  0.216  0.010  0.163        1
 23:     0.112  0.174  0.086  0.043  0.027  0.032  0.087  0.180  0.106  0.154        1
 24:     0.193  0.008  0.024  0.121  0.052  0.161  0.004  0.086  0.048  0.302        1
 25:     0.063  0.006  0.059  0.186  0.057  0.170  0.046  0.170  0.046  0.196        1
 26:     0.048  0.349  0.031  0.257  0.047  0.020  0.088  0.013  0.082  0.066        1
 27:     0.001  0.191  0.050  0.074  0.022  0.004  0.153  0.396  0.060  0.049        1
 28:     0.238  0.120  0.005  0.007  0.073  0.173  0.059  0.255  0.024  0.048        1
 29:     0.120  0.032  0.001  0.121  0.033  0.009  0.076  0.348  0.035  0.225        1
 30:     0.065  0.008  0.066  0.192  0.035  0.122  0.111  0.272  0.085  0.045        1
 31:     0.098  0.027  0.167  0.039  0.036  0.360  0.166  0.067  0.022  0.017        1
 32:     0.217  0.281  0.019  0.097  0.032  0.034  0.068  0.185  0.052  0.015        1
 33:     0.113  0.171  0.053  0.242  0.103  0.049  0.144  0.076  0.005  0.044        1
 34:     0.249  0.062  0.011  0.056  0.078  0.055  0.086  0.329  0.020  0.053        1
 35:     0.118  0.071  0.007  0.192  0.075  0.041  0.145  0.121  0.029  0.199        1
 36:     0.036  0.032  0.088  0.222  0.043  0.091  0.135  0.251  0.072  0.031        1
 37:     0.351  0.082  0.035  0.027  0.002  0.262  0.093  0.044  0.081  0.022        1
 38:     0.196  0.304  0.054  0.027  0.022  0.002  0.139  0.095  0.099  0.062        1
 39:     0.038  0.002  0.007  0.198  0.080  0.133  0.124  0.163  0.101  0.154        1
 40:     0.077  0.027  0.034  0.013  0.088  0.022  0.095  0.230  0.066  0.347        1
 41:     0.502  0.040  0.001  0.162  0.054  0.086  0.008  0.075  0.057  0.015        1
 42:     0.182  0.062  0.041  0.144  0.063  0.055  0.026  0.244  0.051  0.134        1
 43:     0.028  0.222  0.029  0.045  0.047  0.025  0.106  0.138  0.063  0.295        1
 44:     0.126  0.066  0.094  0.207  0.059  0.040  0.161  0.215  0.020  0.012        1
 45:     0.003  0.079  0.036  0.115  0.090  0.424  0.127  0.060  0.031  0.035        1
 46:     0.162  0.152  0.047  0.059  0.018  0.140  0.048  0.081  0.118  0.176        1
 47:     0.308  0.000  0.008  0.209  0.030  0.173  0.046  0.142  0.038  0.046        1
 48:     0.148  0.148  0.028  0.265  0.045  0.094  0.032  0.179  0.048  0.011        1
 49:     0.184  0.118  0.019  0.015  0.032  0.025  0.047  0.233  0.049  0.278        1
 50:     0.025  0.150  0.225  0.081  0.058  0.056  0.246  0.025  0.080  0.053        1
 51:     0.017  0.145  0.134  0.149  0.063  0.114  0.174  0.094  0.067  0.043        1
 52:     0.068  0.033  0.059  0.140  0.060  0.090  0.005  0.182  0.073  0.290        1
 53:     0.141  0.116  0.067  0.051  0.057  0.088  0.049  0.160  0.050  0.222        1
 54:     0.006  0.000  0.001  0.003  0.980  0.000  0.001  0.009  0.001  0.000        1
 55:     0.000  0.000  0.016  0.002  0.971  0.001  0.000  0.002  0.007  0.001        1
 56:     0.060  0.029  0.004  0.028  0.807  0.001  0.008  0.025  0.015  0.023        1
 57:     0.012  0.028  0.006  0.005  0.918  0.005  0.010  0.000  0.001  0.014        1
 58:     0.032  0.001  0.007  0.073  0.880  0.000  0.001  0.004  0.001  0.000        1
 59:     0.011  0.037  0.029  0.050  0.821  0.002  0.033  0.004  0.011  0.002        1
 60:     0.001  0.000  0.011  0.001  0.965  0.008  0.008  0.001  0.004  0.002        1
 61:     0.000  0.001  0.001  0.000  0.995  0.001  0.000  0.000  0.001  0.000        1
 62:     0.149  0.032  0.291  0.004  0.025  0.001  0.278  0.048  0.039  0.134        1
 63:     0.008  0.003  0.011  0.001  0.936  0.001  0.015  0.012  0.007  0.005        1
 64:     0.000  0.000  0.000  0.001  0.996  0.000  0.000  0.002  0.001  0.000        1
 65:     0.001  0.000  0.001  0.000  0.992  0.004  0.001  0.000  0.000  0.001        1
 66:     0.002  0.005  0.002  0.000  0.942  0.004  0.015  0.008  0.019  0.002        1
 67:     0.041  0.033  0.056  0.022  0.599  0.096  0.038  0.001  0.107  0.007        1
 68:     0.009  0.001  0.022  0.024  0.887  0.004  0.001  0.036  0.010  0.007        1
 69:     0.003  0.016  0.001  0.001  0.971  0.003  0.002  0.001  0.002  0.001        1
 70:     0.005  0.027  0.022  0.008  0.756  0.002  0.019  0.071  0.045  0.045        1
 71:     0.002  0.000  0.002  0.001  0.992  0.003  0.000  0.000  0.000  0.000        1
 72:     0.003  0.003  0.003  0.000  0.987  0.002  0.001  0.001  0.001  0.000        1
 73:     0.001  0.001  0.002  0.000  0.985  0.006  0.001  0.002  0.001  0.001        1
 74:     0.006  0.088  0.023  0.000  0.735  0.008  0.057  0.028  0.020  0.034        1
 75:     0.000  0.000  0.000  0.000  0.998  0.001  0.001  0.000  0.000  0.000        1
 76:     0.006  0.210  0.431  0.004  0.004  0.033  0.184  0.010  0.116  0.003        1
 77:     0.001  0.001  0.000  0.000  0.994  0.000  0.001  0.002  0.000  0.000        1
 78:     0.003  0.060  0.052  0.011  0.760  0.029  0.044  0.013  0.006  0.021        1
 79:     0.000  0.002  0.001  0.001  0.991  0.004  0.000  0.000  0.000  0.000        1
 80:     0.002  0.018  0.000  0.000  0.953  0.001  0.015  0.003  0.000  0.008        1
 81:     0.001  0.002  0.001  0.000  0.985  0.000  0.002  0.001  0.003  0.005        1
 82:     0.117  0.078  0.048  0.022  0.484  0.009  0.043  0.039  0.154  0.006        1
 83:     0.003  0.000  0.000  0.002  0.985  0.004  0.004  0.000  0.000  0.002        1
 84:     0.001  0.015  0.042  0.001  0.002  0.002  0.017  0.001  0.915  0.005        1
 85:     0.004  0.001  0.044  0.003  0.017  0.005  0.001  0.008  0.892  0.025        1
 86:     0.022  0.050  0.018  0.026  0.025  0.000  0.011  0.002  0.832  0.015        1
 87:     0.018  0.002  0.001  0.015  0.004  0.001  0.001  0.014  0.930  0.016        1
 88:     0.003  0.002  0.003  0.000  0.009  0.023  0.001  0.006  0.950  0.003        1
 89:     0.011  0.026  0.009  0.007  0.000  0.004  0.003  0.000  0.930  0.009        1
 90:     0.004  0.009  0.011  0.002  0.003  0.001  0.002  0.007  0.959  0.001        1
 91:     0.006  0.004  0.001  0.000  0.010  0.000  0.003  0.032  0.940  0.003        1
 92:     0.003  0.022  0.019  0.084  0.002  0.002  0.032  0.027  0.807  0.003        1
 93:     0.015  0.002  0.052  0.002  0.005  0.002  0.003  0.001  0.910  0.009        1
 94:     0.006  0.020  0.003  0.006  0.010  0.030  0.044  0.006  0.846  0.029        1
 95:     0.048  0.012  0.008  0.004  0.001  0.000  0.069  0.003  0.845  0.009        1
 96:     0.005  0.000  0.002  0.002  0.003  0.003  0.002  0.013  0.971  0.000        1
 97:     0.002  0.000  0.021  0.005  0.024  0.001  0.009  0.005  0.929  0.005        1
 98:     0.002  0.002  0.004  0.015  0.011  0.015  0.000  0.003  0.935  0.012        1
 99:     0.000  0.002  0.004  0.000  0.001  0.000  0.005  0.001  0.986  0.000        1
100:     0.002  0.000  0.000  0.004  0.006  0.001  0.002  0.003  0.982  0.000        1
101:     0.006  0.055  0.023  0.039  0.002  0.019  0.015  0.079  0.758  0.005        1
102:     0.048  0.003  0.033  0.072  0.015  0.023  0.011  0.017  0.778  0.001        1
103:     0.000  0.008  0.004  0.006  0.004  0.002  0.001  0.012  0.950  0.013        1
104:     0.006  0.002  0.003  0.021  0.000  0.012  0.001  0.005  0.948  0.002        1
105:     0.010  0.003  0.051  0.000  0.044  0.017  0.007  0.001  0.865  0.001        1
106:     0.010  0.001  0.000  0.001  0.004  0.014  0.052  0.115  0.804  0.000        1
107:     0.002  0.003  0.028  0.010  0.012  0.001  0.003  0.012  0.919  0.010        1
108:     0.029  0.051  0.019  0.007  0.006  0.004  0.006  0.026  0.840  0.011        1
109:     0.010  0.066  0.080  0.008  0.019  0.016  0.035  0.006  0.753  0.006        1
110:     0.019  0.053  0.004  0.012  0.026  0.025  0.041  0.052  0.743  0.023        1
111:     0.001  0.001  0.026  0.019  0.009  0.000  0.002  0.013  0.917  0.012        1
112:     0.000  0.003  0.002  0.001  0.000  0.002  0.003  0.000  0.972  0.016        1
113:     0.000  0.006  0.037  0.004  0.008  0.001  0.011  0.001  0.932  0.000        1
114:     0.001  0.009  0.007  0.000  0.003  0.002  0.004  0.001  0.944  0.029        1
115:     0.010  0.006  0.008  0.002  0.002  0.075  0.009  0.019  0.868  0.001        1
116:     0.001  0.002  0.019  0.002  0.001  0.000  0.002  0.000  0.968  0.004        1
117:     0.000  0.018  0.063  0.007  0.004  0.010  0.025  0.006  0.864  0.002        1
118:     0.005  0.000  0.025  0.000  0.025  0.001  0.003  0.010  0.930  0.001        1
119:     0.006  0.066  0.001  0.090  0.008  0.005  0.005  0.015  0.800  0.005        1
120:     0.029  0.010  0.003  0.011  0.029  0.031  0.004  0.003  0.878  0.003        1
121:     0.010  0.000  0.006  0.007  0.000  0.003  0.017  0.016  0.925  0.016        1
122:     0.000  0.001  0.000  0.000  0.020  0.003  0.004  0.045  0.894  0.032        1
123:     0.001  0.002  0.000  0.008  0.009  0.000  0.003  0.000  0.969  0.008        1
124:     0.025  0.012  0.072  0.009  0.011  0.037  0.030  0.001  0.793  0.009        1
125:     0.000  0.003  0.004  0.002  0.001  0.005  0.005  0.001  0.957  0.022        1
126:     0.029  0.008  0.000  0.034  0.025  0.010  0.003  0.026  0.853  0.011        1
127:     0.002  0.003  0.010  0.018  0.018  0.002  0.041  0.036  0.865  0.004        1
128:     0.022  0.019  0.005  0.008  0.009  0.008  0.002  0.012  0.907  0.006        1
129:     0.000  0.000  0.016  0.000  0.002  0.000  0.000  0.001  0.981  0.000        1
130:     0.002  0.001  0.044  0.001  0.023  0.004  0.000  0.012  0.911  0.001        1
131:     0.003  0.000  0.002  0.002  0.003  0.001  0.001  0.004  0.983  0.001        1
132:     0.000  0.029  0.069  0.006  0.005  0.020  0.028  0.008  0.824  0.012        1
133:     0.004  0.005  0.073  0.001  0.011  0.011  0.006  0.015  0.874  0.003        1
134:     0.001  0.069  0.003  0.008  0.003  0.032  0.000  0.076  0.778  0.029        1
135:     0.024  0.055  0.047  0.003  0.000  0.038  0.028  0.041  0.762  0.002        1
136:     0.000  0.014  0.003  0.007  0.000  0.005  0.001  0.008  0.959  0.002        1
137:     0.002  0.000  0.001  0.000  0.020  0.000  0.001  0.008  0.929  0.039        1
138:     0.001  0.001  0.004  0.004  0.009  0.003  0.001  0.004  0.972  0.002        1
139:     0.000  0.003  0.076  0.001  0.001  0.000  0.003  0.001  0.909  0.005        1
140:     0.000  0.006  0.088  0.000  0.023  0.004  0.023  0.022  0.818  0.015        1
141:     0.008  0.003  0.006  0.004  0.001  0.002  0.003  0.019  0.953  0.002        1
142:     0.085  0.020  0.017  0.001  0.002  0.014  0.047  0.001  0.810  0.003        1
143:     0.008  0.006  0.049  0.007  0.000  0.002  0.000  0.000  0.924  0.004        1
144:     0.021  0.005  0.017  0.002  0.002  0.013  0.015  0.018  0.904  0.004        1
145:     0.005  0.003  0.000  0.001  0.003  0.001  0.009  0.003  0.959  0.017        1
146:     0.000  0.001  0.058  0.000  0.006  0.030  0.000  0.010  0.884  0.010        1
147:     0.000  0.002  0.019  0.006  0.003  0.001  0.009  0.011  0.940  0.009        1
148:     0.046  0.084  0.087  0.049  0.058  0.120  0.136  0.080  0.125  0.214        1
149:     0.056  0.003  0.148  0.007  0.045  0.160  0.108  0.141  0.096  0.237        1
150:     0.100  0.005  0.029  0.242  0.043  0.070  0.045  0.235  0.083  0.148        1
151:     0.060  0.035  0.007  0.277  0.067  0.336  0.064  0.023  0.038  0.093        1
152:     0.083  0.010  0.061  0.004  0.076  0.372  0.175  0.081  0.040  0.098        1
153:     0.233  0.035  0.040  0.386  0.048  0.005  0.083  0.077  0.048  0.045        1
154:     0.169  0.083  0.001  0.115  0.077  0.056  0.016  0.075  0.064  0.345        1
155:     0.015  0.190  0.028  0.005  0.037  0.041  0.158  0.297  0.074  0.155        1
156:     0.149  0.023  0.055  0.110  0.070  0.051  0.116  0.222  0.029  0.176        1
157:     0.205  0.032  0.044  0.074  0.055  0.157  0.174  0.189  0.027  0.041        1
158:     0.220  0.091  0.014  0.109  0.035  0.054  0.096  0.209  0.107  0.065        1
159:     0.171  0.016  0.008  0.266  0.058  0.065  0.053  0.095  0.047  0.221        1
160:     0.191  0.104  0.041  0.095  0.047  0.183  0.046  0.254  0.029  0.009        1
161:     0.047  0.109  0.061  0.037  0.115  0.390  0.014  0.012  0.110  0.104        1
162:     0.178  0.011  0.035  0.009  0.084  0.007  0.082  0.347  0.000  0.246        1
163:     0.009  0.060  0.041  0.356  0.042  0.155  0.109  0.070  0.069  0.089        1
164:     0.105  0.042  0.078  0.110  0.054  0.115  0.006  0.091  0.057  0.341        1
165:     0.034  0.287  0.043  0.005  0.079  0.064  0.091  0.140  0.116  0.141        1
166:     0.331  0.268  0.029  0.001  0.058  0.035  0.067  0.113  0.026  0.072        1
167:     0.054  0.014  0.051  0.116  0.050  0.041  0.089  0.215  0.069  0.302        1
168:     0.446  0.028  0.008  0.114  0.044  0.178  0.069  0.043  0.026  0.044        1
169:     0.540  0.033  0.044  0.058  0.034  0.075  0.006  0.011  0.103  0.097        1
170:     0.050  0.121  0.001  0.189  0.079  0.121  0.018  0.213  0.074  0.134        1
171:     0.235  0.093  0.047  0.090  0.044  0.132  0.019  0.223  0.060  0.057        1
172:     0.080  0.161  0.100  0.090  0.100  0.087  0.022  0.176  0.073  0.111        1
173:     0.081  0.133  0.051  0.023  0.052  0.455  0.077  0.043  0.041  0.045        1
174:     0.409  0.002  0.053  0.001  0.070  0.069  0.064  0.195  0.046  0.092        1
175:     0.120  0.109  0.051  0.139  0.046  0.140  0.090  0.143  0.037  0.124       50
176:     0.105  0.130  0.041  0.154  0.044  0.141  0.085  0.139  0.036  0.124       49
177:     0.126  0.124  0.041  0.159  0.039  0.120  0.081  0.116  0.038  0.156       50
178:     0.137  0.103  0.050  0.130  0.044  0.119  0.092  0.138  0.035  0.152       49
179:     0.124  0.157  0.045  0.142  0.039  0.147  0.106  0.131  0.044  0.064       23
180:     0.112  0.132  0.040  0.122  0.044  0.137  0.098  0.136  0.034  0.145       49
181:     0.003  0.002  0.973  0.003  0.004  0.005  0.002  0.003  0.002  0.003       30
182:     0.009  0.011  0.924  0.015  0.010  0.006  0.003  0.008  0.006  0.008       30
183:     0.289  0.129  0.098  0.098  0.038  0.071  0.054  0.067  0.053  0.102       34
184:     0.193  0.153  0.047  0.136  0.043  0.074  0.086  0.101  0.033  0.133       36
185:     0.157  0.168  0.050  0.124  0.041  0.121  0.071  0.095  0.045  0.129       40
186:     0.162  0.153  0.035  0.132  0.048  0.129  0.079  0.110  0.040  0.112       39
187:     0.151  0.159  0.050  0.113  0.048  0.127  0.068  0.116  0.040  0.130       37
188:     0.160  0.164  0.051  0.122  0.041  0.097  0.080  0.114  0.045  0.128       40
189:     0.173  0.138  0.054  0.120  0.046  0.134  0.083  0.113  0.040  0.098       35
190:     0.139  0.160  0.056  0.121  0.052  0.119  0.091  0.100  0.038  0.123       28
191:     0.166  0.176  0.051  0.111  0.041  0.106  0.075  0.089  0.037  0.147       36
192:     0.199  0.170  0.043  0.094  0.046  0.113  0.089  0.103  0.031  0.111       32
--------------------------------------------

 Rep#:   Lambda   Alpha      F1    F2    F3    F4    F5    F6    F7    F8    F9    F10     D1,2  D1,3  D1,4  D1,5  D1,6  D1,7  D1,8  D1,9  D1,10  D2,3  D2,4  D2,5  D2,6  D2,7  D2,8  D2,9  D2,10  D3,4  D3,5  D3,6  D3,7  D3,8  D3,9  D3,10  D4,5  D4,6  D4,7  D4,8  D4,9  D4,10  D5,6  D5,7  D5,8  D5,9  D5,10  D6,7  D6,8  D6,9  D6,10  D7,8  D7,9  D7,10  D8,9  D8,10  D9,10    Ln Like 
