

----------------------------------------------------
STRUCTURE by Pritchard, Stephens and Donnelly (2000)
     and Falush, Stephens and Pritchard (2003)
       Code by Pritchard, Falush and Hubisz
             Version 2.3.4 (Jul 2012)
----------------------------------------------------


Reading file "/workdir/yc2644/CV_CT_array/structure/threader_input/mainparams".
Reading file "/workdir/yc2644/CV_CT_array/structure/threader_input/extraparams".
Reading file "/workdir/yc2644/CV_CT_array/structure/threader_input/n1601.recode.strct_in".


Data file "/workdir/yc2644/CV_CT_array/structure/threader_input/n1601.recode.strct_in" (truncated) --

Ind:   Label Pop : Genotype_data . . . .
  1:  001s    1  :  2   1   2   2   2   1   2  . . . .   2
  1:  001s    1  :  2   2   2   2   2   2   2  . . . .   2
  2:  002s    1  :  2   2   2   2   1   1   2  . . . .   2
  2:  002s    1  :  2   2   2   2   2   2   2  . . . .   2
  3:  003s    1  :  1   2   1   2   2   2   2  . . . .   1
  3:  003s    1  :  2   2   1   2   2   2   2  . . . .   2
  4:  004s    1  :  1   1   2   2   1   2   2  . . . .   1
  4:  004s    1  :  2   1   2   2   2   2   2  . . . .   2

      *******   

1600:    49  192  :  2   2   2   2   2   1   2  . . . .   1
1600:    49  192  :  2   2   2   2   2   2   2  . . . .   2
1601:    50  192  :  2   1   2   2   1   2   2  . . . .   1
1601:    50  192  :  2   2   2   2   2   2   2  . . . .   2

Number of alleles per locus: min= 2; ave=2.0; max= 2


--------------------------------------

Finished initialization; starting MCMC 
100000 iterations + 10000 burnin


--------------------------------------------
Proportion of membership of each pre-defined
 population in each of the 3 clusters

Given    Inferred Clusters       Number of
 Pop       1      2      3      Individuals

  1:     0.372  0.194  0.434       54
  2:     0.403  0.191  0.406       30
  3:     0.068  0.764  0.168       30
  4:     0.043  0.864  0.093       20
  5:     0.063  0.835  0.103       30
  6:     0.384  0.187  0.429       43
  7:     0.405  0.182  0.413       44
  8:     0.419  0.169  0.412        4
  9:     0.419  0.132  0.449       22
 10:     0.397  0.146  0.457       24
 11:     0.368  0.184  0.448       54
 12:     0.399  0.170  0.431       37
 13:     0.382  0.195  0.423       42
 14:     0.405  0.182  0.414       42
 15:     0.403  0.190  0.407       49
 16:     0.411  0.201  0.388      124
 17:     0.385  0.198  0.417       24
 18:     0.380  0.178  0.442       34
 19:     0.428  0.191  0.381       52
 20:     0.399  0.153  0.448        1
 21:     0.546  0.159  0.295        1
 22:     0.392  0.196  0.412        1
 23:     0.399  0.242  0.359        1
 24:     0.390  0.189  0.422        1
 25:     0.309  0.255  0.436        1
 26:     0.547  0.213  0.239        1
 27:     0.400  0.228  0.372        1
 28:     0.528  0.126  0.346        1
 29:     0.425  0.173  0.402        1
 30:     0.339  0.270  0.392        1
 31:     0.393  0.244  0.363        1
 32:     0.454  0.184  0.362        1
 33:     0.305  0.216  0.478        1
 34:     0.621  0.121  0.257        1
 35:     0.221  0.095  0.684        1
 36:     0.391  0.193  0.416        1
 37:     0.307  0.215  0.478        1
 38:     0.404  0.253  0.343        1
 39:     0.410  0.208  0.382        1
 40:     0.369  0.207  0.423        1
 41:     0.486  0.163  0.351        1
 42:     0.314  0.212  0.474        1
 43:     0.639  0.219  0.142        1
 44:     0.363  0.224  0.413        1
 45:     0.374  0.180  0.446        1
 46:     0.418  0.178  0.404        1
 47:     0.527  0.163  0.310        1
 48:     0.501  0.178  0.321        1
 49:     0.599  0.151  0.251        1
 50:     0.385  0.405  0.209        1
 51:     0.495  0.331  0.174        1
 52:     0.503  0.195  0.302        1
 53:     0.487  0.161  0.352        1
 54:     0.748  0.182  0.070        1
 55:     0.677  0.297  0.026        1
 56:     0.734  0.181  0.086        1
 57:     0.668  0.117  0.215        1
 58:     0.764  0.145  0.091        1
 59:     0.763  0.179  0.057        1
 60:     0.692  0.236  0.072        1
 61:     0.639  0.244  0.117        1
 62:     0.178  0.518  0.304        1
 63:     0.755  0.206  0.039        1
 64:     0.748  0.204  0.049        1
 65:     0.780  0.204  0.016        1
 66:     0.650  0.266  0.085        1
 67:     0.687  0.212  0.100        1
 68:     0.696  0.190  0.113        1
 69:     0.567  0.273  0.160        1
 70:     0.740  0.242  0.018        1
 71:     0.775  0.159  0.066        1
 72:     0.669  0.258  0.074        1
 73:     0.772  0.152  0.076        1
 74:     0.741  0.210  0.049        1
 75:     0.763  0.218  0.019        1
 76:     0.087  0.680  0.233        1
 77:     0.639  0.292  0.068        1
 78:     0.587  0.280  0.133        1
 79:     0.822  0.152  0.025        1
 80:     0.717  0.177  0.106        1
 81:     0.621  0.277  0.102        1
 82:     0.666  0.284  0.050        1
 83:     0.728  0.150  0.122        1
 84:     0.288  0.564  0.147        1
 85:     0.432  0.548  0.020        1
 86:     0.500  0.473  0.027        1
 87:     0.474  0.468  0.058        1
 88:     0.325  0.551  0.124        1
 89:     0.323  0.467  0.211        1
 90:     0.281  0.610  0.109        1
 91:     0.305  0.468  0.228        1
 92:     0.348  0.485  0.167        1
 93:     0.325  0.634  0.041        1
 94:     0.332  0.460  0.208        1
 95:     0.446  0.490  0.064        1
 96:     0.370  0.515  0.114        1
 97:     0.347  0.593  0.060        1
 98:     0.365  0.452  0.183        1
 99:     0.243  0.581  0.176        1
100:     0.219  0.644  0.137        1
101:     0.560  0.356  0.084        1
102:     0.381  0.468  0.151        1
103:     0.362  0.510  0.128        1
104:     0.433  0.539  0.028        1
105:     0.332  0.563  0.105        1
106:     0.613  0.380  0.007        1
107:     0.181  0.596  0.223        1
108:     0.522  0.461  0.017        1
109:     0.318  0.478  0.204        1
110:     0.463  0.393  0.143        1
111:     0.241  0.510  0.249        1
112:     0.301  0.558  0.141        1
113:     0.357  0.543  0.100        1
114:     0.447  0.510  0.043        1
115:     0.489  0.456  0.055        1
116:     0.303  0.606  0.092        1
117:     0.265  0.524  0.211        1
118:     0.348  0.602  0.050        1
119:     0.473  0.469  0.057        1
120:     0.597  0.282  0.121        1
121:     0.453  0.534  0.013        1
122:     0.283  0.495  0.221        1
123:     0.422  0.470  0.108        1
124:     0.429  0.409  0.162        1
125:     0.393  0.545  0.062        1
126:     0.498  0.446  0.056        1
127:     0.361  0.501  0.139        1
128:     0.483  0.501  0.016        1
129:     0.336  0.569  0.095        1
130:     0.379  0.590  0.031        1
131:     0.442  0.541  0.017        1
132:     0.334  0.454  0.213        1
133:     0.497  0.433  0.070        1
134:     0.346  0.446  0.208        1
135:     0.413  0.512  0.074        1
136:     0.540  0.451  0.009        1
137:     0.463  0.483  0.054        1
138:     0.451  0.542  0.007        1
139:     0.300  0.626  0.073        1
140:     0.474  0.505  0.021        1
141:     0.442  0.546  0.012        1
142:     0.489  0.454  0.057        1
143:     0.358  0.565  0.077        1
144:     0.445  0.498  0.057        1
145:     0.431  0.528  0.041        1
146:     0.406  0.580  0.014        1
147:     0.300  0.556  0.144        1
148:     0.354  0.267  0.379        1
149:     0.060  0.349  0.591        1
150:     0.450  0.200  0.350        1
151:     0.448  0.061  0.491        1
152:     0.388  0.213  0.399        1
153:     0.752  0.201  0.048        1
154:     0.593  0.158  0.249        1
155:     0.287  0.192  0.521        1
156:     0.501  0.208  0.290        1
157:     0.246  0.189  0.566        1
158:     0.361  0.204  0.435        1
159:     0.626  0.158  0.216        1
160:     0.286  0.204  0.509        1
161:     0.368  0.261  0.371        1
162:     0.589  0.193  0.219        1
163:     0.258  0.181  0.561        1
164:     0.365  0.227  0.408        1
165:     0.455  0.242  0.303        1
166:     0.296  0.200  0.504        1
167:     0.491  0.210  0.299        1
168:     0.550  0.140  0.310        1
169:     0.267  0.197  0.536        1
170:     0.683  0.132  0.186        1
171:     0.465  0.189  0.346        1
172:     0.388  0.228  0.385        1
173:     0.610  0.242  0.148        1
174:     0.426  0.180  0.393        1
175:     0.390  0.187  0.423       50
176:     0.408  0.176  0.416       49
177:     0.397  0.184  0.419       50
178:     0.385  0.189  0.425       49
179:     0.366  0.197  0.437       23
180:     0.415  0.186  0.398       49
181:     0.037  0.905  0.058       30
182:     0.040  0.889  0.071       30
183:     0.376  0.245  0.378       34
184:     0.393  0.182  0.425       36
185:     0.402  0.194  0.403       40
186:     0.406  0.172  0.422       39
187:     0.403  0.188  0.409       37
188:     0.468  0.194  0.338       40
189:     0.393  0.186  0.421       35
190:     0.412  0.193  0.395       28
191:     0.415  0.191  0.394       36
192:     0.419  0.184  0.397       32
--------------------------------------------

 Rep#:   Lambda   Alpha      F1    F2    F3     D1,2  D1,3  D2,3    Ln Like 
  100:    1.00    1.665    0.010 0.164 0.010    0.030 0.004 0.028   --  
  200:    1.00    1.465    0.114 0.177 0.016    0.039 0.029 0.033   --  
  300:    1.00    1.298    0.137 0.155 0.114    0.040 0.042 0.036   --  
  400:    1.00    1.209    0.136 0.147 0.121    0.040 0.044 0.036   --  
  500:    1.00    1.196    0.140 0.142 0.121    0.040 0.045 0.036   --  
  600:    1.00    1.112    0.146 0.142 0.113    0.040 0.044 0.034   --  
  700:    1.00    1.066    0.146 0.145 0.099    0.040 0.041 0.033   --  
  800:    1.00    1.039    0.143 0.142 0.099    0.040 0.040 0.032   --  
  900:    1.00    0.986    0.145 0.144 0.087    0.040 0.039 0.031   --  

--------------------------------------------
Proportion of membership of each pre-defined
 population in each of the 3 clusters

Given    Inferred Clusters       Number of
 Pop       1      2      3      Individuals

  1:     0.214  0.148  0.638       54
  2:     0.207  0.145  0.647       30
  3:     0.112  0.746  0.142       30
  4:     0.098  0.875  0.027       20
  5:     0.120  0.808  0.073       30
  6:     0.217  0.142  0.640       43
  7:     0.205  0.142  0.653       44
  8:     0.225  0.103  0.672        4
  9:     0.214  0.104  0.682       22
 10:     0.217  0.096  0.687       24
 11:     0.213  0.137  0.650       54
 12:     0.207  0.133  0.660       37
 13:     0.214  0.150  0.636       42
 14:     0.209  0.142  0.649       42
 15:     0.213  0.149  0.638       49
 16:     0.213  0.148  0.639      124
 17:     0.211  0.142  0.647       24
 18:     0.219  0.125  0.656       34
 19:     0.207  0.141  0.652       52
 20:     0.217  0.153  0.630        1
 21:     0.261  0.103  0.636        1
 22:     0.201  0.113  0.686        1
 23:     0.262  0.138  0.600        1
 24:     0.218  0.133  0.650        1
 25:     0.189  0.202  0.609        1
 26:     0.255  0.115  0.630        1
 27:     0.204  0.175  0.622        1
 28:     0.227  0.106  0.667        1
 29:     0.199  0.128  0.673        1
 30:     0.222  0.205  0.573        1
 31:     0.179  0.277  0.545        1
 32:     0.223  0.090  0.687        1
 33:     0.212  0.189  0.599        1
 34:     0.265  0.091  0.644        1
 35:     0.222  0.105  0.673        1
 36:     0.239  0.163  0.598        1
 37:     0.245  0.100  0.655        1
 38:     0.252  0.196  0.551        1
 39:     0.253  0.094  0.654        1
 40:     0.275  0.119  0.606        1
 41:     0.230  0.086  0.684        1
 42:     0.211  0.145  0.644        1
 43:     0.215  0.145  0.640        1
 44:     0.201  0.202  0.597        1
 45:     0.242  0.072  0.686        1
 46:     0.253  0.112  0.635        1
 47:     0.216  0.124  0.660        1
 48:     0.248  0.109  0.643        1
 49:     0.215  0.138  0.647        1
 50:     0.183  0.408  0.409        1
 51:     0.245  0.254  0.501        1
 52:     0.196  0.184  0.620        1
 53:     0.238  0.199  0.563        1
 54:     0.267  0.187  0.547        1
 55:     0.286  0.210  0.504        1
 56:     0.261  0.091  0.648        1
 57:     0.280  0.089  0.632        1
 58:     0.293  0.123  0.584        1
 59:     0.266  0.191  0.543        1
 60:     0.269  0.170  0.562        1
 61:     0.280  0.192  0.528        1
 62:     0.131  0.496  0.372        1
 63:     0.276  0.179  0.546        1
 64:     0.263  0.128  0.608        1
 65:     0.297  0.115  0.588        1
 66:     0.275  0.141  0.584        1
 67:     0.325  0.168  0.508        1
 68:     0.263  0.157  0.580        1
 69:     0.294  0.157  0.549        1
 70:     0.240  0.156  0.605        1
 71:     0.287  0.156  0.557        1
 72:     0.321  0.164  0.516        1
 73:     0.251  0.127  0.622        1
 74:     0.255  0.174  0.571        1
 75:     0.281  0.176  0.543        1
 76:     0.183  0.599  0.218        1
 77:     0.252  0.193  0.556        1
 78:     0.242  0.185  0.573        1
 79:     0.224  0.198  0.578        1
 80:     0.258  0.162  0.580        1
 81:     0.286  0.176  0.538        1
 82:     0.319  0.179  0.502        1
 83:     0.236  0.140  0.624        1
 84:     0.965  0.035  0.000        1
 85:     0.946  0.050  0.004        1
 86:     0.925  0.008  0.066        1
 87:     0.983  0.007  0.011        1
 88:     0.999  0.000  0.001        1
 89:     0.990  0.010  0.001        1
 90:     0.983  0.014  0.004        1
 91:     0.989  0.003  0.008        1
 92:     0.891  0.049  0.060        1
 93:     0.946  0.053  0.001        1
 94:     0.964  0.018  0.017        1
 95:     0.913  0.066  0.021        1
 96:     0.997  0.000  0.003        1
 97:     0.959  0.028  0.013        1
 98:     0.981  0.013  0.006        1
 99:     0.999  0.001  0.000        1
100:     0.995  0.001  0.004        1
101:     0.835  0.051  0.113        1
102:     0.861  0.025  0.114        1
103:     0.995  0.000  0.004        1
104:     0.982  0.015  0.003        1
105:     0.948  0.045  0.007        1
106:     0.862  0.008  0.130        1
107:     0.977  0.014  0.009        1
108:     0.925  0.007  0.068        1
109:     0.800  0.126  0.075        1
110:     0.849  0.034  0.117        1
111:     0.975  0.023  0.001        1
112:     0.997  0.003  0.000        1
113:     0.969  0.025  0.006        1
114:     0.997  0.003  0.000        1
115:     0.984  0.005  0.011        1
116:     0.996  0.001  0.003        1
117:     0.965  0.016  0.019        1
118:     0.963  0.028  0.009        1
119:     0.922  0.012  0.066        1
120:     0.979  0.021  0.000        1
121:     0.938  0.049  0.013        1
122:     0.968  0.001  0.031        1
123:     1.000  0.000  0.000        1
124:     0.864  0.096  0.040        1
125:     0.995  0.001  0.004        1
126:     0.889  0.026  0.085        1
127:     0.962  0.028  0.010        1
128:     0.994  0.005  0.001        1
129:     0.999  0.001  0.001        1
130:     0.948  0.030  0.022        1
131:     0.993  0.003  0.004        1
132:     0.866  0.110  0.024        1
133:     0.896  0.079  0.025        1
134:     0.898  0.020  0.083        1
135:     0.881  0.056  0.063        1
136:     0.996  0.001  0.003        1
137:     0.987  0.004  0.009        1
138:     0.994  0.001  0.005        1
139:     0.927  0.071  0.003        1
140:     0.897  0.100  0.003        1
141:     0.987  0.008  0.005        1
142:     0.910  0.050  0.040        1
143:     0.966  0.034  0.000        1
144:     0.965  0.026  0.009        1
145:     0.992  0.002  0.006        1
146:     0.952  0.044  0.005        1
147:     0.986  0.008  0.006        1
148:     0.306  0.208  0.486        1
149:     0.226  0.257  0.517        1
150:     0.237  0.111  0.652        1
151:     0.228  0.097  0.674        1
152:     0.163  0.198  0.639        1
153:     0.241  0.121  0.638        1
154:     0.219  0.138  0.643        1
155:     0.227  0.106  0.667        1
156:     0.205  0.158  0.636        1
157:     0.211  0.142  0.647        1
158:     0.234  0.146  0.621        1
159:     0.246  0.095  0.659        1
160:     0.203  0.111  0.687        1
161:     0.271  0.149  0.580        1
162:     0.232  0.121  0.648        1
163:     0.226  0.145  0.629        1
164:     0.223  0.155  0.621        1
165:     0.243  0.179  0.578        1
166:     0.188  0.146  0.666        1
167:     0.221  0.160  0.619        1
168:     0.189  0.079  0.732        1
169:     0.233  0.130  0.637        1
170:     0.249  0.080  0.671        1
171:     0.218  0.093  0.689        1
172:     0.198  0.159  0.643        1
173:     0.192  0.161  0.646        1
174:     0.243  0.113  0.644        1
175:     0.207  0.150  0.643       50
176:     0.211  0.135  0.654       49
177:     0.209  0.139  0.652       50
178:     0.204  0.143  0.653       49
179:     0.213  0.146  0.640       23
180:     0.212  0.135  0.653       49
181:     0.003  0.992  0.004       30
182:     0.013  0.975  0.013       30
183:     0.210  0.189  0.601       34
184:     0.203  0.141  0.656       36
185:     0.216  0.148  0.636       40
186:     0.210  0.125  0.664       39
187:     0.208  0.144  0.648       37
188:     0.209  0.151  0.640       40
189:     0.215  0.146  0.640       35
190:     0.209  0.158  0.633       28
191:     0.208  0.147  0.645       36
192:     0.202  0.141  0.657       32
--------------------------------------------

 Rep#:   Lambda   Alpha      F1    F2    F3     D1,2  D1,3  D2,3    Ln Like 
 1000:    1.00    0.971    0.141 0.142 0.085    0.040 0.038 0.030   --  
 1100:    1.00    0.905    0.145 0.141 0.077    0.040 0.037 0.030   --  
 1200:    1.00    0.873    0.143 0.137 0.074    0.040 0.036 0.029   --  
 1300:    1.00    0.846    0.143 0.142 0.067    0.041 0.035 0.028   --  
 1400:    1.00    0.837    0.136 0.143 0.068    0.041 0.034 0.028   --  
 1500:    1.00    0.801    0.143 0.144 0.063    0.041 0.034 0.028   --  
 1600:    1.00    0.776    0.139 0.144 0.058    0.041 0.033 0.027   --  
 1700:    1.00    0.744    0.138 0.141 0.056    0.041 0.032 0.027   --  
 1800:    1.00    0.748    0.138 0.146 0.055    0.041 0.032 0.027   --  
 1900:    1.00    0.720    0.142 0.140 0.055    0.041 0.032 0.026   --  

--------------------------------------------
Proportion of membership of each pre-defined
 population in each of the 3 clusters

Given    Inferred Clusters       Number of
 Pop       1      2      3      Individuals

  1:     0.136  0.121  0.743       54
  2:     0.131  0.125  0.744       30
  3:     0.096  0.744  0.160       30
  4:     0.105  0.871  0.024       20
  5:     0.121  0.801  0.078       30
  6:     0.142  0.115  0.744       43
  7:     0.129  0.110  0.761       44
  8:     0.147  0.076  0.777        4
  9:     0.134  0.074  0.792       22
 10:     0.134  0.073  0.793       24
 11:     0.135  0.113  0.752       54
 12:     0.131  0.111  0.759       37
 13:     0.134  0.123  0.743       42
 14:     0.128  0.113  0.759       42
 15:     0.128  0.123  0.749       49
 16:     0.137  0.124  0.739      124
 17:     0.134  0.109  0.758       24
 18:     0.136  0.103  0.761       34
 19:     0.136  0.122  0.742       52
 20:     0.136  0.086  0.778        1
 21:     0.216  0.077  0.707        1
 22:     0.123  0.057  0.820        1
 23:     0.215  0.094  0.691        1
 24:     0.153  0.090  0.757        1
 25:     0.155  0.201  0.644        1
 26:     0.146  0.108  0.746        1
 27:     0.121  0.120  0.759        1
 28:     0.154  0.105  0.741        1
 29:     0.144  0.059  0.797        1
 30:     0.151  0.159  0.690        1
 31:     0.128  0.236  0.636        1
 32:     0.165  0.086  0.750        1
 33:     0.108  0.183  0.709        1
 34:     0.147  0.097  0.756        1
 35:     0.157  0.065  0.778        1
 36:     0.155  0.176  0.670        1
 37:     0.143  0.099  0.758        1
 38:     0.185  0.154  0.661        1
 39:     0.165  0.064  0.772        1
 40:     0.203  0.123  0.674        1
 41:     0.170  0.067  0.763        1
 42:     0.146  0.151  0.702        1
 43:     0.170  0.102  0.729        1
 44:     0.110  0.175  0.715        1
 45:     0.138  0.090  0.772        1
 46:     0.210  0.116  0.674        1
 47:     0.132  0.095  0.773        1
 48:     0.158  0.120  0.722        1
 49:     0.137  0.076  0.787        1
 50:     0.151  0.372  0.477        1
 51:     0.163  0.247  0.590        1
 52:     0.149  0.158  0.692        1
 53:     0.176  0.140  0.684        1
 54:     0.167  0.152  0.681        1
 55:     0.206  0.203  0.591        1
 56:     0.186  0.063  0.752        1
 57:     0.164  0.098  0.737        1
 58:     0.181  0.126  0.693        1
 59:     0.175  0.163  0.662        1
 60:     0.207  0.136  0.656        1
 61:     0.240  0.186  0.574        1
 62:     0.093  0.458  0.449        1
 63:     0.183  0.163  0.654        1
 64:     0.183  0.093  0.723        1
 65:     0.201  0.083  0.715        1
 66:     0.174  0.147  0.679        1
 67:     0.209  0.184  0.607        1
 68:     0.207  0.143  0.650        1
 69:     0.215  0.160  0.626        1
 70:     0.194  0.119  0.687        1
 71:     0.217  0.132  0.651        1
 72:     0.245  0.120  0.635        1
 73:     0.205  0.111  0.684        1
 74:     0.177  0.145  0.679        1
 75:     0.203  0.175  0.622        1
 76:     0.169  0.582  0.249        1
 77:     0.184  0.176  0.640        1
 78:     0.168  0.177  0.655        1
 79:     0.170  0.176  0.654        1
 80:     0.200  0.141  0.659        1
 81:     0.202  0.160  0.638        1
 82:     0.248  0.143  0.609        1
 83:     0.162  0.129  0.709        1
 84:     0.962  0.030  0.008        1
 85:     0.943  0.043  0.014        1
 86:     0.878  0.020  0.102        1
 87:     0.982  0.002  0.016        1
 88:     0.995  0.000  0.005        1
 89:     0.972  0.001  0.027        1
 90:     0.990  0.005  0.005        1
 91:     0.997  0.001  0.002        1
 92:     0.866  0.020  0.114        1
 93:     0.948  0.046  0.006        1
 94:     0.962  0.002  0.036        1
 95:     0.918  0.058  0.024        1
 96:     0.997  0.002  0.000        1
 97:     0.978  0.021  0.001        1
 98:     0.970  0.011  0.019        1
 99:     0.998  0.000  0.002        1
100:     0.985  0.011  0.003        1
101:     0.789  0.032  0.179        1
102:     0.847  0.004  0.149        1
103:     0.988  0.012  0.000        1
104:     0.976  0.009  0.014        1
105:     0.951  0.039  0.010        1
106:     0.834  0.003  0.162        1
107:     0.964  0.036  0.001        1
108:     0.885  0.071  0.044        1
109:     0.822  0.087  0.092        1
110:     0.806  0.009  0.186        1
111:     0.992  0.008  0.000        1
112:     0.994  0.006  0.000        1
113:     0.967  0.032  0.001        1
114:     0.993  0.000  0.007        1
115:     0.942  0.011  0.047        1
116:     0.997  0.003  0.000        1
117:     0.953  0.042  0.005        1
118:     0.975  0.025  0.001        1
119:     0.885  0.009  0.106        1
120:     0.967  0.003  0.031        1
121:     0.978  0.012  0.010        1
122:     0.964  0.002  0.034        1
123:     0.995  0.005  0.000        1
124:     0.848  0.097  0.055        1
125:     0.996  0.002  0.002        1
126:     0.874  0.019  0.107        1
127:     0.923  0.025  0.052        1
128:     0.983  0.006  0.012        1
129:     0.999  0.000  0.001        1
130:     0.920  0.037  0.043        1
131:     0.997  0.003  0.000        1
132:     0.880  0.062  0.058        1
133:     0.891  0.093  0.016        1
134:     0.871  0.011  0.118        1
135:     0.822  0.067  0.111        1
136:     0.996  0.001  0.003        1
137:     0.986  0.007  0.007        1
138:     0.993  0.006  0.001        1
139:     0.912  0.087  0.001        1
140:     0.927  0.071  0.002        1
141:     0.986  0.012  0.002        1
142:     0.915  0.048  0.037        1
143:     0.940  0.055  0.005        1
144:     0.989  0.000  0.011        1
145:     0.984  0.014  0.001        1
146:     0.965  0.015  0.020        1
147:     0.990  0.009  0.001        1
148:     0.199  0.181  0.621        1
149:     0.171  0.235  0.595        1
150:     0.162  0.084  0.754        1
151:     0.161  0.062  0.777        1
152:     0.138  0.165  0.697        1
153:     0.142  0.149  0.709        1
154:     0.150  0.091  0.759        1
155:     0.131  0.100  0.769        1
156:     0.156  0.125  0.720        1
157:     0.146  0.081  0.773        1
158:     0.168  0.081  0.751        1
159:     0.140  0.104  0.755        1
160:     0.116  0.116  0.767        1
161:     0.209  0.134  0.657        1
162:     0.130  0.124  0.745        1
163:     0.151  0.126  0.723        1
164:     0.143  0.130  0.727        1
165:     0.172  0.147  0.680        1
166:     0.079  0.115  0.806        1
167:     0.148  0.148  0.704        1
168:     0.128  0.074  0.798        1
169:     0.158  0.080  0.762        1
170:     0.163  0.045  0.792        1
171:     0.161  0.067  0.772        1
172:     0.136  0.141  0.723        1
173:     0.118  0.104  0.778        1
174:     0.168  0.121  0.711        1
175:     0.130  0.123  0.747       50
176:     0.133  0.116  0.751       49
177:     0.131  0.115  0.754       50
178:     0.130  0.121  0.749       49
179:     0.134  0.125  0.741       23
180:     0.132  0.112  0.756       49
181:     0.003  0.992  0.006       30
182:     0.009  0.974  0.017       30
183:     0.146  0.163  0.691       34
184:     0.122  0.118  0.760       36
185:     0.135  0.121  0.743       40
186:     0.130  0.104  0.766       39
187:     0.132  0.119  0.748       37
188:     0.140  0.119  0.741       40
189:     0.131  0.123  0.747       35
190:     0.126  0.138  0.736       28
191:     0.132  0.122  0.746       36
192:     0.129  0.115  0.757       32
--------------------------------------------

 Rep#:   Lambda   Alpha      F1    F2    F3     D1,2  D1,3  D2,3    Ln Like 
 2000:    1.00    0.687    0.140 0.143 0.049    0.041 0.031 0.026   --  
 2100:    1.00    0.700    0.138 0.142 0.050    0.040 0.031 0.026   --  
 2200:    1.00    0.665    0.139 0.138 0.050    0.041 0.030 0.025   --  
 2300:    1.00    0.644    0.137 0.137 0.046    0.040 0.030 0.025   --  
 2400:    1.00    0.634    0.136 0.147 0.044    0.041 0.030 0.025   --  
 2500:    1.00    0.622    0.133 0.137 0.043    0.041 0.029 0.025   --  
 2600:    1.00    0.600    0.136 0.140 0.042    0.040 0.029 0.025   --  
 2700:    1.00    0.579    0.133 0.140 0.041    0.041 0.029 0.024   --  
 2800:    1.00    0.548    0.138 0.141 0.040    0.041 0.029 0.024   --  
 2900:    1.00    0.537    0.136 0.140 0.038    0.040 0.028 0.024   --  

--------------------------------------------
Proportion of membership of each pre-defined
 population in each of the 3 clusters

Given    Inferred Clusters       Number of
 Pop       1      2      3      Individuals

  1:     0.083  0.103  0.814       54
  2:     0.087  0.097  0.816       30
  3:     0.073  0.743  0.184       30
  4:     0.093  0.882  0.026       20
  5:     0.098  0.815  0.087       30
  6:     0.096  0.086  0.817       43
  7:     0.083  0.087  0.829       44
  8:     0.103  0.041  0.857        4
  9:     0.078  0.045  0.877       22
 10:     0.091  0.048  0.861       24
 11:     0.086  0.091  0.822       54
 12:     0.085  0.082  0.833       37
 13:     0.093  0.105  0.802       42
 14:     0.087  0.090  0.822       42
 15:     0.087  0.099  0.814       49
 16:     0.089  0.102  0.809      124
 17:     0.088  0.089  0.823       24
 18:     0.094  0.079  0.827       34
 19:     0.093  0.094  0.813       52
 20:     0.093  0.053  0.854        1
 21:     0.180  0.002  0.819        1
 22:     0.077  0.084  0.839        1
 23:     0.158  0.125  0.717        1
 24:     0.094  0.062  0.844        1
 25:     0.113  0.147  0.740        1
 26:     0.108  0.088  0.804        1
 27:     0.096  0.128  0.777        1
 28:     0.094  0.051  0.855        1
 29:     0.109  0.006  0.886        1
 30:     0.136  0.162  0.703        1
 31:     0.092  0.242  0.667        1
 32:     0.114  0.061  0.825        1
 33:     0.074  0.157  0.769        1
 34:     0.113  0.052  0.835        1
 35:     0.098  0.056  0.846        1
 36:     0.101  0.120  0.779        1
 37:     0.130  0.096  0.774        1
 38:     0.162  0.110  0.728        1
 39:     0.103  0.074  0.823        1
 40:     0.142  0.085  0.773        1
 41:     0.101  0.051  0.848        1
 42:     0.108  0.104  0.788        1
 43:     0.125  0.091  0.785        1
 44:     0.096  0.162  0.742        1
 45:     0.127  0.024  0.849        1
 46:     0.118  0.096  0.787        1
 47:     0.062  0.050  0.889        1
 48:     0.090  0.071  0.839        1
 49:     0.101  0.039  0.860        1
 50:     0.132  0.384  0.484        1
 51:     0.110  0.214  0.676        1
 52:     0.124  0.102  0.774        1
 53:     0.100  0.094  0.806        1
 54:     0.127  0.122  0.752        1
 55:     0.182  0.211  0.606        1
 56:     0.139  0.029  0.832        1
 57:     0.139  0.064  0.797        1
 58:     0.153  0.102  0.745        1
 59:     0.123  0.124  0.752        1
 60:     0.180  0.121  0.698        1
 61:     0.169  0.161  0.670        1
 62:     0.108  0.449  0.443        1
 63:     0.194  0.120  0.686        1
 64:     0.171  0.112  0.717        1
 65:     0.190  0.103  0.707        1
 66:     0.163  0.054  0.783        1
 67:     0.180  0.079  0.741        1
 68:     0.153  0.091  0.756        1
 69:     0.182  0.124  0.694        1
 70:     0.147  0.070  0.782        1
 71:     0.171  0.112  0.718        1
 72:     0.216  0.127  0.657        1
 73:     0.125  0.121  0.754        1
 74:     0.121  0.133  0.746        1
 75:     0.134  0.169  0.698        1
 76:     0.168  0.600  0.232        1
 77:     0.165  0.149  0.686        1
 78:     0.127  0.132  0.742        1
 79:     0.153  0.150  0.696        1
 80:     0.164  0.121  0.715        1
 81:     0.162  0.150  0.688        1
 82:     0.253  0.153  0.593        1
 83:     0.118  0.075  0.807        1
 84:     0.949  0.051  0.000        1
 85:     0.930  0.067  0.003        1
 86:     0.894  0.000  0.106        1
 87:     0.985  0.005  0.010        1
 88:     0.999  0.000  0.001        1
 89:     0.992  0.006  0.002        1
 90:     0.997  0.003  0.000        1
 91:     0.992  0.004  0.004        1
 92:     0.876  0.008  0.116        1
 93:     0.961  0.034  0.005        1
 94:     0.948  0.029  0.023        1
 95:     0.903  0.029  0.068        1
 96:     0.999  0.000  0.000        1
 97:     0.984  0.016  0.000        1
 98:     0.993  0.005  0.002        1
 99:     0.993  0.006  0.001        1
100:     0.991  0.006  0.003        1
101:     0.785  0.056  0.159        1
102:     0.825  0.014  0.161        1
103:     1.000  0.000  0.000        1
104:     0.990  0.002  0.008        1
105:     0.941  0.059  0.000        1
106:     0.811  0.010  0.179        1
107:     0.975  0.020  0.004        1
108:     0.867  0.046  0.088        1
109:     0.775  0.096  0.128        1
110:     0.763  0.000  0.237        1
111:     0.976  0.023  0.001        1
112:     0.999  0.000  0.001        1
113:     0.961  0.031  0.008        1
114:     0.993  0.006  0.001        1
115:     0.941  0.003  0.056        1
116:     0.991  0.009  0.001        1
117:     0.981  0.019  0.000        1
118:     0.988  0.010  0.002        1
119:     0.879  0.000  0.121        1
120:     0.934  0.000  0.066        1
121:     0.986  0.013  0.001        1
122:     0.980  0.002  0.017        1
123:     0.999  0.000  0.001        1
124:     0.866  0.099  0.035        1
125:     0.988  0.005  0.006        1
126:     0.890  0.003  0.107        1
127:     0.937  0.028  0.035        1
128:     0.986  0.012  0.001        1
129:     0.999  0.001  0.000        1
130:     0.931  0.067  0.002        1
131:     0.997  0.001  0.002        1
132:     0.860  0.065  0.075        1
133:     0.868  0.077  0.055        1
134:     0.854  0.019  0.127        1
135:     0.832  0.033  0.135        1
136:     0.999  0.000  0.000        1
137:     0.968  0.013  0.019        1
138:     0.998  0.000  0.002        1
139:     0.932  0.068  0.000        1
140:     0.907  0.080  0.014        1
141:     0.999  0.001  0.001        1
142:     0.894  0.009  0.097        1
143:     0.948  0.046  0.006        1
144:     0.962  0.002  0.036        1
145:     0.988  0.000  0.012        1
146:     0.965  0.025  0.010        1
147:     0.996  0.003  0.002        1
148:     0.207  0.129  0.664        1
149:     0.162  0.197  0.641        1
150:     0.117  0.035  0.849        1
151:     0.063  0.080  0.858        1
152:     0.099  0.155  0.746        1
153:     0.082  0.058  0.860        1
154:     0.078  0.034  0.888        1
155:     0.091  0.086  0.823        1
156:     0.127  0.096  0.776        1
157:     0.123  0.090  0.787        1
158:     0.125  0.073  0.801        1
159:     0.119  0.029  0.852        1
160:     0.062  0.054  0.885        1
161:     0.153  0.147  0.700        1
162:     0.094  0.040  0.867        1
163:     0.130  0.078  0.793        1
164:     0.108  0.080  0.811        1
165:     0.170  0.145  0.685        1
166:     0.058  0.105  0.837        1
167:     0.100  0.121  0.779        1
168:     0.065  0.050  0.885        1
169:     0.114  0.079  0.807        1
170:     0.110  0.022  0.868        1
171:     0.103  0.075  0.822        1
172:     0.105  0.071  0.825        1
173:     0.070  0.050  0.880        1
174:     0.091  0.082  0.827        1
175:     0.086  0.096  0.818       50
176:     0.083  0.089  0.828       49
177:     0.085  0.088  0.826       50
178:     0.086  0.095  0.818       49
179:     0.091  0.090  0.819       23
180:     0.085  0.085  0.830       49
181:     0.002  0.995  0.003       30
182:     0.006  0.980  0.015       30
183:     0.098  0.141  0.761       34
184:     0.080  0.093  0.827       36
185:     0.090  0.098  0.812       40
186:     0.082  0.082  0.836       39
187:     0.088  0.100  0.813       37
188:     0.086  0.104  0.810       40
189:     0.082  0.107  0.811       35
190:     0.086  0.107  0.807       28
191:     0.084  0.093  0.823       36
192:     0.082  0.096  0.822       32
--------------------------------------------

 Rep#:   Lambda   Alpha      F1    F2    F3     D1,2  D1,3  D2,3    Ln Like 
 3000:    1.00    0.529    0.135 0.139 0.034    0.040 0.028 0.024   --  
 3100:    1.00    0.514    0.137 0.139 0.034    0.041 0.028 0.023   --  
 3200:    1.00    0.491    0.138 0.139 0.031    0.041 0.027 0.023   --  
 3300:    1.00    0.482    0.134 0.140 0.031    0.040 0.027 0.023   --  
 3400:    1.00    0.480    0.132 0.140 0.030    0.040 0.027 0.023   --  
 3500:    1.00    0.454    0.136 0.136 0.030    0.041 0.027 0.023   --  
 3600:    1.00    0.438    0.134 0.137 0.029    0.040 0.027 0.022   --  
 3700:    1.00    0.415    0.131 0.139 0.030    0.040 0.026 0.022   --  
 3800:    1.00    0.389    0.127 0.140 0.029    0.040 0.026 0.022   --  
 3900:    1.00    0.383    0.125 0.131 0.029    0.040 0.025 0.022   --  

--------------------------------------------
Proportion of membership of each pre-defined
 population in each of the 3 clusters

Given    Inferred Clusters       Number of
 Pop       1      2      3      Individuals

  1:     0.054  0.062  0.884       54
  2:     0.046  0.068  0.887       30
  3:     0.068  0.736  0.196       30
  4:     0.083  0.893  0.024       20
  5:     0.090  0.814  0.096       30
  6:     0.059  0.061  0.879       43
  7:     0.050  0.063  0.887       44
  8:     0.048  0.039  0.913        4
  9:     0.050  0.024  0.926       22
 10:     0.041  0.025  0.933       24
 11:     0.055  0.057  0.887       54
 12:     0.046  0.052  0.902       37
 13:     0.055  0.076  0.869       42
 14:     0.048  0.063  0.888       42
 15:     0.053  0.069  0.878       49
 16:     0.054  0.069  0.877      124
 17:     0.059  0.070  0.871       24
 18:     0.059  0.043  0.897       34
 19:     0.051  0.065  0.885       52
 20:     0.053  0.042  0.905        1
 21:     0.115  0.033  0.852        1
 22:     0.052  0.045  0.902        1
 23:     0.132  0.045  0.824        1
 24:     0.053  0.012  0.935        1
 25:     0.062  0.144  0.794        1
 26:     0.107  0.064  0.829        1
 27:     0.040  0.063  0.898        1
 28:     0.073  0.031  0.896        1
 29:     0.067  0.000  0.933        1
 30:     0.114  0.149  0.737        1
 31:     0.058  0.233  0.709        1
 32:     0.070  0.029  0.901        1
 33:     0.056  0.100  0.844        1
 34:     0.079  0.030  0.891        1
 35:     0.062  0.024  0.914        1
 36:     0.074  0.090  0.836        1
 37:     0.107  0.059  0.835        1
 38:     0.144  0.092  0.764        1
 39:     0.092  0.022  0.886        1
 40:     0.122  0.058  0.819        1
 41:     0.089  0.003  0.907        1
 42:     0.094  0.049  0.857        1
 43:     0.061  0.048  0.890        1
 44:     0.014  0.128  0.858        1
 45:     0.079  0.036  0.885        1
 46:     0.111  0.040  0.849        1
 47:     0.028  0.047  0.925        1
 48:     0.082  0.001  0.918        1
 49:     0.071  0.028  0.901        1
 50:     0.089  0.358  0.554        1
 51:     0.075  0.225  0.700        1
 52:     0.106  0.050  0.844        1
 53:     0.077  0.071  0.853        1
 54:     0.106  0.103  0.791        1
 55:     0.147  0.138  0.715        1
 56:     0.159  0.007  0.834        1
 57:     0.095  0.050  0.855        1
 58:     0.132  0.044  0.824        1
 59:     0.097  0.112  0.791        1
 60:     0.143  0.156  0.701        1
 61:     0.175  0.137  0.688        1
 62:     0.069  0.424  0.507        1
 63:     0.166  0.124  0.710        1
 64:     0.131  0.066  0.802        1
 65:     0.173  0.046  0.780        1
 66:     0.128  0.101  0.771        1
 67:     0.170  0.080  0.750        1
 68:     0.139  0.060  0.801        1
 69:     0.163  0.109  0.728        1
 70:     0.103  0.069  0.828        1
 71:     0.134  0.077  0.790        1
 72:     0.178  0.073  0.750        1
 73:     0.121  0.098  0.782        1
 74:     0.074  0.090  0.836        1
 75:     0.148  0.109  0.743        1
 76:     0.152  0.603  0.245        1
 77:     0.146  0.110  0.744        1
 78:     0.106  0.114  0.780        1
 79:     0.137  0.165  0.698        1
 80:     0.143  0.072  0.786        1
 81:     0.163  0.117  0.720        1
 82:     0.216  0.077  0.707        1
 83:     0.110  0.079  0.810        1
 84:     0.988  0.003  0.009        1
 85:     0.959  0.041  0.000        1
 86:     0.893  0.005  0.103        1
 87:     0.996  0.000  0.004        1
 88:     0.994  0.000  0.005        1
 89:     0.954  0.002  0.045        1
 90:     1.000  0.000  0.000        1
 91:     0.999  0.001  0.000        1
 92:     0.842  0.002  0.156        1
 93:     0.946  0.052  0.002        1
 94:     0.947  0.000  0.053        1
 95:     0.934  0.008  0.057        1
 96:     1.000  0.000  0.000        1
 97:     0.997  0.002  0.001        1
 98:     1.000  0.000  0.000        1
 99:     0.999  0.000  0.001        1
100:     0.996  0.002  0.002        1
101:     0.781  0.005  0.214        1
102:     0.818  0.003  0.179        1
103:     0.982  0.001  0.017        1
104:     0.979  0.000  0.021        1
105:     0.968  0.028  0.004        1
106:     0.813  0.007  0.179        1
107:     0.981  0.002  0.017        1
108:     0.882  0.019  0.098        1
109:     0.793  0.083  0.124        1
110:     0.781  0.018  0.201        1
111:     0.971  0.022  0.007        1
112:     0.999  0.000  0.000        1
113:     0.996  0.003  0.001        1
114:     0.998  0.001  0.000        1
115:     0.948  0.000  0.052        1
116:     0.995  0.005  0.000        1
117:     0.921  0.059  0.020        1
118:     0.992  0.006  0.002        1
119:     0.880  0.001  0.119        1
120:     0.978  0.007  0.016        1
121:     0.998  0.000  0.002        1
122:     0.964  0.000  0.035        1
123:     0.996  0.002  0.002        1
124:     0.816  0.092  0.092        1
125:     0.999  0.001  0.000        1
126:     0.890  0.000  0.110        1
