

----------------------------------------------------
STRUCTURE by Pritchard, Stephens and Donnelly (2000)
     and Falush, Stephens and Pritchard (2003)
       Code by Pritchard, Falush and Hubisz
             Version 2.3.4 (Jul 2012)
----------------------------------------------------


Reading file "/workdir/yc2644/CV_CT_array/structure/threader_input/mainparams".
Reading file "/workdir/yc2644/CV_CT_array/structure/threader_input/extraparams".
Reading file "/workdir/yc2644/CV_CT_array/structure/threader_input/n1601.recode.strct_in".


Data file "/workdir/yc2644/CV_CT_array/structure/threader_input/n1601.recode.strct_in" (truncated) --

Ind:   Label Pop : Genotype_data . . . .
  1:  001s    1  :  2   1   2   2   2   1   2  . . . .   2
  1:  001s    1  :  2   2   2   2   2   2   2  . . . .   2
  2:  002s    1  :  2   2   2   2   1   1   2  . . . .   2
  2:  002s    1  :  2   2   2   2   2   2   2  . . . .   2
  3:  003s    1  :  1   2   1   2   2   2   2  . . . .   1
  3:  003s    1  :  2   2   1   2   2   2   2  . . . .   2
  4:  004s    1  :  1   1   2   2   1   2   2  . . . .   1
  4:  004s    1  :  2   1   2   2   2   2   2  . . . .   2

      *******   

1600:    49  192  :  2   2   2   2   2   1   2  . . . .   1
1600:    49  192  :  2   2   2   2   2   2   2  . . . .   2
1601:    50  192  :  2   1   2   2   1   2   2  . . . .   1
1601:    50  192  :  2   2   2   2   2   2   2  . . . .   2

Number of alleles per locus: min= 2; ave=2.0; max= 2


--------------------------------------

Finished initialization; starting MCMC 
100000 iterations + 10000 burnin


--------------------------------------------
Proportion of membership of each pre-defined
 population in each of the 3 clusters

Given    Inferred Clusters       Number of
 Pop       1      2      3      Individuals

  1:     0.385  0.411  0.204       54
  2:     0.420  0.379  0.201       30
  3:     0.141  0.107  0.753       30
  4:     0.116  0.049  0.835       20
  5:     0.133  0.078  0.789       30
  6:     0.381  0.415  0.204       43
  7:     0.382  0.422  0.196       44
  8:     0.403  0.416  0.181        4
  9:     0.306  0.536  0.157       22
 10:     0.359  0.490  0.152       24
 11:     0.395  0.408  0.197       54
 12:     0.386  0.418  0.196       37
 13:     0.400  0.386  0.214       42
 14:     0.398  0.409  0.193       42
 15:     0.435  0.370  0.195       49
 16:     0.391  0.403  0.206      124
 17:     0.451  0.358  0.191       24
 18:     0.390  0.426  0.184       34
 19:     0.370  0.422  0.208       52
 20:     0.338  0.487  0.175        1
 21:     0.310  0.486  0.204        1
 22:     0.671  0.151  0.178        1
 23:     0.302  0.440  0.258        1
 24:     0.578  0.221  0.201        1
 25:     0.215  0.520  0.265        1
 26:     0.396  0.372  0.232        1
 27:     0.227  0.551  0.222        1
 28:     0.318  0.477  0.205        1
 29:     0.197  0.617  0.186        1
 30:     0.577  0.188  0.235        1
 31:     0.383  0.313  0.303        1
 32:     0.409  0.445  0.146        1
 33:     0.245  0.510  0.245        1
 34:     0.411  0.368  0.221        1
 35:     0.644  0.191  0.164        1
 36:     0.464  0.276  0.260        1
 37:     0.708  0.143  0.149        1
 38:     0.356  0.336  0.308        1
 39:     0.265  0.577  0.158        1
 40:     0.324  0.397  0.279        1
 41:     0.189  0.608  0.203        1
 42:     0.315  0.467  0.217        1
 43:     0.610  0.188  0.202        1
 44:     0.468  0.274  0.258        1
 45:     0.485  0.338  0.177        1
 46:     0.332  0.376  0.292        1
 47:     0.528  0.340  0.132        1
 48:     0.329  0.509  0.162        1
 49:     0.406  0.465  0.129        1
 50:     0.526  0.055  0.419        1
 51:     0.387  0.288  0.326        1
 52:     0.420  0.355  0.225        1
 53:     0.752  0.097  0.151        1
 54:     0.044  0.725  0.231        1
 55:     0.066  0.672  0.262        1
 56:     0.008  0.871  0.120        1
 57:     0.020  0.798  0.181        1
 58:     0.011  0.768  0.221        1
 59:     0.155  0.582  0.263        1
 60:     0.050  0.745  0.205        1
 61:     0.089  0.736  0.175        1
 62:     0.309  0.198  0.492        1
 63:     0.051  0.746  0.204        1
 64:     0.065  0.745  0.191        1
 65:     0.059  0.770  0.171        1
 66:     0.034  0.759  0.207        1
 67:     0.066  0.673  0.261        1
 68:     0.019  0.844  0.138        1
 69:     0.181  0.595  0.224        1
 70:     0.122  0.721  0.157        1
 71:     0.078  0.834  0.088        1
 72:     0.091  0.706  0.203        1
 73:     0.077  0.799  0.124        1
 74:     0.258  0.525  0.217        1
 75:     0.159  0.634  0.207        1
 76:     0.189  0.097  0.714        1
 77:     0.055  0.702  0.243        1
 78:     0.141  0.586  0.274        1
 79:     0.010  0.848  0.142        1
 80:     0.027  0.797  0.176        1
 81:     0.201  0.572  0.226        1
 82:     0.030  0.732  0.238        1
 83:     0.068  0.804  0.128        1
 84:     0.158  0.127  0.715        1
 85:     0.034  0.303  0.663        1
 86:     0.139  0.256  0.605        1
 87:     0.197  0.208  0.596        1
 88:     0.252  0.110  0.638        1
 89:     0.325  0.110  0.564        1
 90:     0.101  0.155  0.743        1
 91:     0.190  0.169  0.641        1
 92:     0.168  0.258  0.574        1
 93:     0.142  0.113  0.745        1
 94:     0.133  0.205  0.662        1
 95:     0.293  0.125  0.583        1
 96:     0.057  0.298  0.645        1
 97:     0.048  0.252  0.700        1
 98:     0.034  0.324  0.642        1
 99:     0.165  0.091  0.744        1
100:     0.125  0.129  0.746        1
101:     0.293  0.109  0.598        1
102:     0.194  0.234  0.573        1
103:     0.058  0.309  0.633        1
104:     0.217  0.200  0.583        1
105:     0.096  0.250  0.654        1
106:     0.086  0.442  0.472        1
107:     0.067  0.232  0.701        1
108:     0.255  0.167  0.578        1
109:     0.312  0.074  0.614        1
110:     0.058  0.436  0.507        1
111:     0.131  0.301  0.568        1
112:     0.241  0.091  0.668        1
113:     0.204  0.198  0.598        1
114:     0.186  0.165  0.650        1
115:     0.120  0.323  0.557        1
116:     0.168  0.133  0.699        1
117:     0.079  0.267  0.653        1
118:     0.162  0.175  0.664        1
119:     0.244  0.212  0.544        1
120:     0.121  0.346  0.532        1
121:     0.124  0.178  0.698        1
122:     0.206  0.257  0.537        1
123:     0.258  0.133  0.609        1
124:     0.150  0.231  0.618        1
125:     0.253  0.135  0.612        1
126:     0.202  0.291  0.508        1
127:     0.348  0.041  0.611        1
128:     0.104  0.332  0.564        1
129:     0.272  0.006  0.722        1
130:     0.109  0.258  0.633        1
131:     0.128  0.235  0.638        1
132:     0.205  0.204  0.590        1
133:     0.130  0.147  0.723        1
134:     0.046  0.390  0.564        1
135:     0.151  0.300  0.549        1
136:     0.142  0.296  0.562        1
137:     0.121  0.242  0.637        1
138:     0.154  0.189  0.657        1
139:     0.143  0.134  0.723        1
140:     0.187  0.148  0.665        1
141:     0.254  0.046  0.700        1
142:     0.432  0.014  0.553        1
143:     0.266  0.037  0.698        1
144:     0.123  0.300  0.576        1
145:     0.061  0.334  0.605        1
146:     0.064  0.244  0.691        1
147:     0.273  0.072  0.655        1
148:     0.142  0.516  0.342        1
149:     0.326  0.301  0.372        1
150:     0.510  0.289  0.201        1
151:     0.481  0.358  0.161        1
152:     0.329  0.421  0.250        1
153:     0.563  0.214  0.223        1
154:     0.455  0.384  0.162        1
155:     0.406  0.396  0.198        1
156:     0.429  0.346  0.225        1
157:     0.572  0.262  0.165        1
158:     0.354  0.484  0.162        1
159:     0.527  0.311  0.162        1
160:     0.449  0.370  0.180        1
161:     0.340  0.410  0.251        1
162:     0.249  0.559  0.191        1
163:     0.286  0.464  0.249        1
164:     0.461  0.357  0.182        1
165:     0.278  0.443  0.278        1
166:     0.620  0.226  0.154        1
167:     0.395  0.433  0.172        1
168:     0.390  0.460  0.150        1
169:     0.530  0.246  0.225        1
170:     0.439  0.379  0.182        1
171:     0.527  0.319  0.154        1
172:     0.466  0.365  0.169        1
173:     0.414  0.423  0.163        1
174:     0.456  0.323  0.221        1
175:     0.405  0.396  0.198       50
176:     0.382  0.427  0.191       49
177:     0.434  0.379  0.187       50
178:     0.429  0.373  0.197       49
179:     0.400  0.391  0.209       23
180:     0.409  0.399  0.192       49
181:     0.035  0.031  0.934       30
182:     0.082  0.055  0.863       30
183:     0.406  0.338  0.256       34
184:     0.396  0.403  0.201       36
185:     0.387  0.407  0.206       40
186:     0.412  0.403  0.185       39
187:     0.362  0.424  0.213       37
188:     0.396  0.395  0.209       40
189:     0.367  0.421  0.211       35
190:     0.406  0.382  0.213       28
191:     0.410  0.395  0.195       36
192:     0.398  0.418  0.184       32
--------------------------------------------

 Rep#:   Lambda   Alpha      F1    F2    F3     D1,2  D1,3  D2,3    Ln Like 
  100:    1.00    1.952    0.009 0.012 0.147    0.003 0.027 0.029   --  
  200:    1.00    1.688    0.009 0.045 0.180    0.012 0.031 0.034   --  
  300:    1.00    1.360    0.009 0.163 0.192    0.036 0.034 0.040   --  
  400:    1.00    1.260    0.013 0.167 0.183    0.036 0.033 0.040   --  
  500:    1.00    1.159    0.034 0.165 0.167    0.038 0.032 0.040   --  
  600:    1.00    1.086    0.088 0.147 0.149    0.041 0.033 0.041   --  
  700:    1.00    1.007    0.092 0.143 0.143    0.040 0.032 0.040   --  
  800:    1.00    0.960    0.088 0.142 0.141    0.039 0.031 0.040   --  
  900:    1.00    1.013    0.081 0.143 0.143    0.037 0.030 0.040   --  

--------------------------------------------
Proportion of membership of each pre-defined
 population in each of the 3 clusters

Given    Inferred Clusters       Number of
 Pop       1      2      3      Individuals

  1:     0.652  0.203  0.145       54
  2:     0.646  0.207  0.147       30
  3:     0.142  0.108  0.751       30
  4:     0.027  0.102  0.871       20
  5:     0.060  0.127  0.813       30
  6:     0.655  0.207  0.138       43
  7:     0.656  0.206  0.138       44
  8:     0.675  0.206  0.119        4
  9:     0.691  0.209  0.100       22
 10:     0.693  0.210  0.098       24
 11:     0.654  0.204  0.142       54
 12:     0.667  0.199  0.134       37
 13:     0.655  0.202  0.143       42
 14:     0.661  0.200  0.138       42
 15:     0.655  0.203  0.142       49
 16:     0.648  0.204  0.147      124
 17:     0.658  0.203  0.139       24
 18:     0.663  0.211  0.126       34
 19:     0.659  0.200  0.141       52
 20:     0.668  0.201  0.131        1
 21:     0.662  0.223  0.116        1
 22:     0.676  0.173  0.151        1
 23:     0.581  0.253  0.166        1
 24:     0.663  0.218  0.119        1
 25:     0.606  0.203  0.191        1
 26:     0.668  0.223  0.108        1
 27:     0.646  0.200  0.154        1
 28:     0.712  0.175  0.113        1
 29:     0.678  0.231  0.091        1
 30:     0.631  0.190  0.180        1
 31:     0.518  0.197  0.285        1
 32:     0.659  0.217  0.124        1
 33:     0.654  0.166  0.180        1
 34:     0.688  0.231  0.082        1
 35:     0.675  0.244  0.080        1
 36:     0.613  0.246  0.141        1
 37:     0.628  0.234  0.138        1
 38:     0.609  0.247  0.144        1
 39:     0.696  0.221  0.083        1
 40:     0.610  0.219  0.171        1
 41:     0.662  0.263  0.076        1
 42:     0.641  0.244  0.116        1
 43:     0.641  0.214  0.145        1
 44:     0.624  0.168  0.208        1
 45:     0.642  0.237  0.121        1
 46:     0.607  0.272  0.121        1
 47:     0.655  0.236  0.110        1
 48:     0.654  0.228  0.118        1
 49:     0.718  0.210  0.072        1
 50:     0.415  0.202  0.382        1
 51:     0.554  0.181  0.265        1
 52:     0.597  0.229  0.174        1
 53:     0.614  0.224  0.162        1
 54:     0.588  0.256  0.157        1
 55:     0.501  0.286  0.213        1
 56:     0.625  0.286  0.088        1
 57:     0.628  0.240  0.132        1
 58:     0.583  0.280  0.138        1
 59:     0.605  0.233  0.162        1
 60:     0.560  0.267  0.173        1
 61:     0.555  0.278  0.168        1
 62:     0.405  0.158  0.437        1
 63:     0.590  0.278  0.132        1
 64:     0.565  0.274  0.160        1
 65:     0.565  0.283  0.152        1
 66:     0.578  0.278  0.144        1
 67:     0.542  0.287  0.171        1
 68:     0.616  0.292  0.092        1
 69:     0.536  0.282  0.182        1
 70:     0.622  0.233  0.146        1
 71:     0.597  0.223  0.180        1
 72:     0.555  0.321  0.124        1
 73:     0.619  0.235  0.146        1
 74:     0.595  0.244  0.161        1
 75:     0.564  0.258  0.179        1
 76:     0.213  0.188  0.599        1
 77:     0.575  0.212  0.213        1
 78:     0.582  0.194  0.224        1
 79:     0.570  0.263  0.167        1
 80:     0.565  0.287  0.148        1
 81:     0.553  0.268  0.179        1
 82:     0.495  0.332  0.173        1
 83:     0.619  0.238  0.144        1
 84:     0.014  0.968  0.018        1
 85:     0.014  0.960  0.026        1
 86:     0.059  0.912  0.029        1
 87:     0.019  0.979  0.001        1
 88:     0.004  0.995  0.001        1
 89:     0.008  0.970  0.021        1
 90:     0.000  0.987  0.013        1
 91:     0.011  0.989  0.000        1
 92:     0.087  0.888  0.025        1
 93:     0.000  0.945  0.055        1
 94:     0.026  0.948  0.026        1
 95:     0.009  0.928  0.062        1
 96:     0.000  0.997  0.002        1
 97:     0.007  0.968  0.026        1
 98:     0.003  0.984  0.012        1
 99:     0.001  0.993  0.006        1
100:     0.001  0.993  0.005        1
101:     0.138  0.808  0.054        1
102:     0.146  0.830  0.024        1
103:     0.001  0.998  0.001        1
104:     0.002  0.989  0.009        1
105:     0.012  0.950  0.038        1
106:     0.148  0.848  0.005        1
107:     0.006  0.982  0.011        1
108:     0.063  0.877  0.060        1
109:     0.073  0.799  0.128        1
110:     0.146  0.838  0.016        1
111:     0.002  0.986  0.012        1
112:     0.001  0.996  0.003        1
113:     0.013  0.965  0.022        1
114:     0.004  0.976  0.020        1
115:     0.002  0.968  0.030        1
116:     0.001  0.994  0.005        1
117:     0.001  0.967  0.032        1
118:     0.003  0.991  0.005        1
119:     0.054  0.920  0.025        1
120:     0.001  0.986  0.013        1
121:     0.009  0.970  0.021        1
122:     0.014  0.975  0.012        1
123:     0.002  0.998  0.000        1
124:     0.006  0.874  0.119        1
125:     0.004  0.996  0.000        1
126:     0.052  0.917  0.031        1
127:     0.013  0.954  0.032        1
128:     0.003  0.993  0.004        1
129:     0.001  0.998  0.000        1
130:     0.018  0.932  0.050        1
131:     0.001  0.998  0.001        1
132:     0.070  0.857  0.073        1
133:     0.002  0.886  0.113        1
134:     0.098  0.868  0.035        1
135:     0.087  0.886  0.028        1
136:     0.001  0.997  0.002        1
137:     0.001  0.989  0.010        1
138:     0.001  0.998  0.001        1
139:     0.015  0.933  0.051        1
140:     0.019  0.892  0.090        1
141:     0.001  0.994  0.005        1
142:     0.038  0.912  0.051        1
143:     0.001  0.976  0.023        1
144:     0.002  0.996  0.002        1
145:     0.009  0.990  0.001        1
146:     0.005  0.955  0.039        1
147:     0.002  0.990  0.008        1
148:     0.514  0.251  0.235        1
149:     0.521  0.221  0.258        1
150:     0.680  0.238  0.082        1
151:     0.701  0.202  0.097        1
152:     0.632  0.162  0.206        1
153:     0.649  0.211  0.140        1
154:     0.695  0.210  0.094        1
155:     0.648  0.218  0.135        1
156:     0.642  0.201  0.157        1
157:     0.606  0.226  0.168        1
158:     0.628  0.268  0.104        1
159:     0.680  0.213  0.107        1
160:     0.689  0.196  0.114        1
161:     0.593  0.231  0.176        1
162:     0.658  0.213  0.129        1
163:     0.695  0.202  0.103        1
164:     0.613  0.196  0.191        1
165:     0.603  0.233  0.164        1
166:     0.662  0.177  0.161        1
167:     0.615  0.212  0.173        1
168:     0.697  0.213  0.090        1
169:     0.631  0.240  0.129        1
170:     0.675  0.259  0.066        1
171:     0.681  0.243  0.076        1
172:     0.616  0.221  0.163        1
173:     0.669  0.177  0.154        1
174:     0.660  0.240  0.101        1
175:     0.655  0.202  0.143       50
176:     0.666  0.200  0.135       49
177:     0.659  0.200  0.141       50
178:     0.653  0.198  0.148       49
179:     0.649  0.210  0.141       23
180:     0.658  0.203  0.139       49
181:     0.004  0.004  0.992       30
182:     0.016  0.012  0.973       30
183:     0.610  0.200  0.190       34
184:     0.670  0.192  0.137       36
185:     0.653  0.204  0.143       40
186:     0.677  0.196  0.127       39
187:     0.655  0.204  0.141       37
188:     0.646  0.203  0.151       40
189:     0.654  0.204  0.143       35
190:     0.643  0.200  0.157       28
191:     0.660  0.198  0.141       36
192:     0.662  0.199  0.139       32
--------------------------------------------

 Rep#:   Lambda   Alpha      F1    F2    F3     D1,2  D1,3  D2,3    Ln Like 
 1000:    1.00    0.893    0.077 0.138 0.145    0.037 0.030 0.040   --  
 1100:    1.00    0.908    0.075 0.140 0.146    0.036 0.029 0.040   --  
 1200:    1.00    0.839    0.069 0.143 0.148    0.035 0.029 0.040   --  
 1300:    1.00    0.823    0.064 0.139 0.147    0.034 0.028 0.041   --  
 1400:    1.00    0.798    0.060 0.138 0.146    0.033 0.028 0.040   --  
 1500:    1.00    0.756    0.057 0.138 0.146    0.033 0.027 0.041   --  
 1600:    1.00    0.731    0.056 0.138 0.141    0.032 0.027 0.041   --  
 1700:    1.00    0.717    0.052 0.138 0.140    0.032 0.027 0.041   --  
 1800:    1.00    0.694    0.052 0.136 0.140    0.031 0.026 0.040   --  
 1900:    1.00    0.684    0.052 0.139 0.142    0.031 0.026 0.041   --  

--------------------------------------------
Proportion of membership of each pre-defined
 population in each of the 3 clusters

Given    Inferred Clusters       Number of
 Pop       1      2      3      Individuals

  1:     0.751  0.129  0.120       54
  2:     0.753  0.126  0.122       30
  3:     0.162  0.095  0.743       30
  4:     0.021  0.105  0.875       20
  5:     0.074  0.116  0.810       30
  6:     0.758  0.125  0.117       43
  7:     0.767  0.124  0.109       44
  8:     0.802  0.111  0.087        4
  9:     0.813  0.121  0.067       22
 10:     0.803  0.123  0.074       24
 11:     0.760  0.126  0.114       54
 12:     0.776  0.121  0.103       37
 13:     0.750  0.127  0.122       42
 14:     0.766  0.120  0.114       42
 15:     0.759  0.122  0.120       49
 16:     0.753  0.125  0.122      124
 17:     0.758  0.122  0.120       24
 18:     0.773  0.127  0.100       34
 19:     0.764  0.121  0.115       52
 20:     0.765  0.114  0.121        1
 21:     0.713  0.205  0.082        1
 22:     0.767  0.088  0.145        1
 23:     0.670  0.179  0.150        1
 24:     0.727  0.117  0.156        1
 25:     0.646  0.168  0.186        1
 26:     0.751  0.150  0.099        1
 27:     0.713  0.138  0.149        1
 28:     0.785  0.131  0.083        1
 29:     0.842  0.115  0.043        1
 30:     0.696  0.159  0.145        1
 31:     0.635  0.094  0.271        1
 32:     0.773  0.140  0.087        1
 33:     0.741  0.079  0.180        1
 34:     0.741  0.159  0.100        1
 35:     0.796  0.104  0.100        1
 36:     0.764  0.115  0.121        1
 37:     0.756  0.135  0.109        1
 38:     0.692  0.199  0.109        1
 39:     0.771  0.159  0.070        1
 40:     0.673  0.191  0.136        1
 41:     0.775  0.170  0.055        1
 42:     0.747  0.123  0.130        1
 43:     0.743  0.149  0.109        1
 44:     0.701  0.105  0.194        1
 45:     0.711  0.172  0.117        1
 46:     0.726  0.207  0.067        1
 47:     0.775  0.124  0.101        1
 48:     0.755  0.142  0.102        1
 49:     0.780  0.152  0.068        1
 50:     0.462  0.148  0.390        1
 51:     0.599  0.150  0.251        1
 52:     0.714  0.155  0.131        1
 53:     0.709  0.159  0.132        1
 54:     0.688  0.160  0.152        1
 55:     0.585  0.220  0.195        1
 56:     0.747  0.197  0.056        1
 57:     0.738  0.172  0.090        1
 58:     0.689  0.216  0.095        1
 59:     0.702  0.144  0.154        1
 60:     0.691  0.153  0.156        1
 61:     0.623  0.224  0.153        1
 62:     0.459  0.092  0.449        1
 63:     0.644  0.197  0.159        1
 64:     0.681  0.190  0.130        1
 65:     0.655  0.225  0.120        1
 66:     0.667  0.193  0.140        1
 67:     0.678  0.210  0.112        1
 68:     0.700  0.183  0.116        1
 69:     0.651  0.222  0.127        1
 70:     0.734  0.160  0.106        1
 71:     0.672  0.197  0.132        1
 72:     0.626  0.250  0.123        1
 73:     0.720  0.162  0.117        1
 74:     0.688  0.160  0.152        1
 75:     0.639  0.198  0.163        1
 76:     0.257  0.164  0.579        1
 77:     0.693  0.156  0.151        1
 78:     0.699  0.146  0.156        1
 79:     0.670  0.173  0.157        1
 80:     0.692  0.198  0.110        1
 81:     0.655  0.194  0.151        1
 82:     0.617  0.222  0.161        1
 83:     0.734  0.144  0.121        1
 84:     0.010  0.964  0.026        1
 85:     0.004  0.975  0.021        1
 86:     0.091  0.899  0.010        1
 87:     0.033  0.965  0.002        1
 88:     0.008  0.992  0.000        1
 89:     0.003  0.994  0.002        1
 90:     0.003  0.993  0.005        1
 91:     0.011  0.961  0.027        1
 92:     0.092  0.880  0.027        1
 93:     0.000  0.944  0.056        1
 94:     0.008  0.945  0.046        1
 95:     0.029  0.915  0.056        1
 96:     0.002  0.998  0.000        1
 97:     0.000  0.978  0.022        1
 98:     0.002  0.995  0.003        1
 99:     0.000  1.000  0.000        1
100:     0.001  0.997  0.002        1
101:     0.162  0.790  0.047        1
102:     0.158  0.825  0.017        1
103:     0.008  0.991  0.001        1
104:     0.023  0.965  0.012        1
105:     0.002  0.948  0.050        1
106:     0.141  0.859  0.001        1
107:     0.001  0.985  0.013        1
108:     0.131  0.854  0.015        1
109:     0.139  0.795  0.067        1
110:     0.182  0.798  0.020        1
111:     0.000  0.994  0.005        1
112:     0.002  0.998  0.000        1
113:     0.007  0.957  0.036        1
114:     0.017  0.979  0.004        1
115:     0.030  0.964  0.007        1
116:     0.000  0.999  0.001        1
117:     0.007  0.946  0.047        1
118:     0.007  0.984  0.009        1
119:     0.104  0.896  0.001        1
120:     0.001  0.999  0.000        1
121:     0.000  0.993  0.007        1
122:     0.057  0.927  0.016        1
123:     0.002  0.996  0.002        1
124:     0.056  0.854  0.090        1
125:     0.003  0.995  0.002        1
126:     0.083  0.879  0.038        1
127:     0.039  0.929  0.031        1
128:     0.011  0.973  0.015        1
129:     0.002  0.995  0.004        1
130:     0.020  0.952  0.027        1
131:     0.006  0.992  0.001        1
132:     0.076  0.870  0.055        1
133:     0.003  0.915  0.082        1
134:     0.086  0.887  0.027        1
135:     0.127  0.842  0.030        1
136:     0.001  0.999  0.000        1
137:     0.009  0.983  0.008        1
138:     0.004  0.995  0.001        1
139:     0.002  0.948  0.051        1
140:     0.012  0.920  0.068        1
141:     0.003  0.995  0.002        1
142:     0.098  0.894  0.008        1
143:     0.003  0.940  0.057        1
144:     0.010  0.988  0.002        1
145:     0.002  0.996  0.002        1
146:     0.011  0.958  0.031        1
147:     0.001  0.996  0.003        1
148:     0.597  0.226  0.177        1
149:     0.629  0.175  0.196        1
150:     0.795  0.142  0.062        1
151:     0.822  0.097  0.081        1
152:     0.722  0.114  0.163        1
153:     0.757  0.146  0.098        1
154:     0.747  0.135  0.118        1
155:     0.765  0.152  0.083        1
156:     0.745  0.145  0.110        1
157:     0.762  0.138  0.101        1
158:     0.750  0.155  0.095        1
159:     0.828  0.111  0.061        1
160:     0.764  0.116  0.120        1
161:     0.702  0.174  0.125        1
162:     0.767  0.138  0.095        1
163:     0.762  0.137  0.101        1
164:     0.744  0.123  0.134        1
165:     0.688  0.164  0.148        1
166:     0.797  0.091  0.113        1
167:     0.748  0.129  0.123        1
168:     0.844  0.110  0.046        1
169:     0.722  0.175  0.103        1
170:     0.814  0.148  0.038        1
171:     0.760  0.149  0.091        1
172:     0.722  0.169  0.109        1
173:     0.778  0.082  0.140        1
174:     0.755  0.137  0.108        1
175:     0.760  0.120  0.121       50
176:     0.767  0.115  0.117       49
177:     0.767  0.119  0.114       50
178:     0.764  0.117  0.119       49
179:     0.756  0.123  0.120       23
180:     0.771  0.116  0.113       49
181:     0.005  0.003  0.993       30
182:     0.014  0.011  0.975       30
183:     0.705  0.132  0.163       34
184:     0.772  0.115  0.113       36
185:     0.757  0.124  0.120       40
186:     0.780  0.119  0.101       39
187:     0.755  0.121  0.124       37
188:     0.749  0.128  0.123       40
189:     0.754  0.124  0.122       35
190:     0.748  0.121  0.131       28
191:     0.762  0.118  0.120       36
192:     0.766  0.116  0.119       32
--------------------------------------------

 Rep#:   Lambda   Alpha      F1    F2    F3     D1,2  D1,3  D2,3    Ln Like 
 2000:    1.00    0.694    0.046 0.136 0.141    0.030 0.026 0.040   --  
 2100:    1.00    0.658    0.046 0.130 0.143    0.030 0.026 0.041   --  
 2200:    1.00    0.638    0.042 0.138 0.140    0.030 0.025 0.041   --  
 2300:    1.00    0.603    0.042 0.140 0.140    0.029 0.025 0.041   --  
 2400:    1.00    0.619    0.039 0.135 0.141    0.029 0.025 0.041   --  
 2500:    1.00    0.590    0.038 0.137 0.141    0.029 0.024 0.041   --  
 2600:    1.00    0.582    0.038 0.137 0.140    0.029 0.024 0.041   --  
 2700:    1.00    0.553    0.038 0.134 0.137    0.029 0.024 0.041   --  
 2800:    1.00    0.577    0.038 0.132 0.139    0.028 0.024 0.040   --  
 2900:    1.00    0.537    0.036 0.131 0.141    0.028 0.024 0.040   --  

--------------------------------------------
Proportion of membership of each pre-defined
 population in each of the 3 clusters

Given    Inferred Clusters       Number of
 Pop       1      2      3      Individuals

  1:     0.821  0.087  0.093       54
  2:     0.824  0.076  0.100       30
  3:     0.188  0.080  0.732       30
  4:     0.022  0.096  0.882       20
  5:     0.085  0.101  0.814       30
  6:     0.828  0.083  0.089       43
  7:     0.836  0.079  0.085       44
  8:     0.841  0.095  0.064        4
  9:     0.886  0.074  0.040       22
 10:     0.871  0.082  0.046       24
 11:     0.836  0.077  0.086       54
 12:     0.841  0.077  0.082       37
 13:     0.823  0.080  0.097       42
 14:     0.839  0.077  0.084       42
 15:     0.833  0.078  0.089       49
 16:     0.824  0.079  0.097      124
 17:     0.837  0.084  0.079       24
 18:     0.840  0.084  0.076       34
 19:     0.833  0.077  0.089       52
 20:     0.828  0.085  0.087        1
 21:     0.796  0.187  0.017        1
 22:     0.823  0.093  0.084        1
 23:     0.755  0.150  0.095        1
 24:     0.865  0.071  0.064        1
 25:     0.749  0.110  0.141        1
 26:     0.813  0.114  0.073        1
 27:     0.748  0.108  0.144        1
 28:     0.833  0.098  0.069        1
 29:     0.846  0.108  0.046        1
 30:     0.723  0.121  0.156        1
 31:     0.673  0.078  0.249        1
 32:     0.853  0.116  0.030        1
 33:     0.823  0.078  0.099        1
 34:     0.854  0.114  0.032        1
 35:     0.869  0.102  0.029        1
 36:     0.788  0.129  0.083        1
 37:     0.810  0.099  0.090        1
 38:     0.766  0.184  0.050        1
 39:     0.836  0.133  0.031        1
 40:     0.766  0.119  0.115        1
 41:     0.870  0.101  0.029        1
 42:     0.806  0.084  0.110        1
 43:     0.802  0.107  0.091        1
 44:     0.748  0.071  0.180        1
 45:     0.876  0.088  0.036        1
 46:     0.760  0.160  0.080        1
 47:     0.839  0.075  0.086        1
 48:     0.847  0.076  0.077        1
 49:     0.880  0.084  0.036        1
 50:     0.492  0.107  0.401        1
 51:     0.633  0.120  0.247        1
 52:     0.776  0.116  0.108        1
 53:     0.795  0.110  0.096        1
 54:     0.742  0.145  0.113        1
 55:     0.703  0.146  0.151        1
 56:     0.775  0.163  0.063        1
 57:     0.802  0.121  0.077        1
 58:     0.720  0.158  0.122        1
 59:     0.731  0.119  0.151        1
 60:     0.702  0.172  0.125        1
 61:     0.702  0.179  0.119        1
 62:     0.515  0.055  0.429        1
 63:     0.735  0.137  0.127        1
 64:     0.758  0.143  0.099        1
 65:     0.755  0.133  0.112        1
 66:     0.726  0.156  0.117        1
 67:     0.635  0.218  0.148        1
 68:     0.740  0.154  0.106        1
 69:     0.675  0.189  0.136        1
 70:     0.764  0.135  0.101        1
 71:     0.741  0.144  0.115        1
 72:     0.723  0.197  0.081        1
 73:     0.790  0.121  0.088        1
 74:     0.781  0.115  0.103        1
 75:     0.713  0.126  0.161        1
 76:     0.248  0.165  0.587        1
 77:     0.656  0.175  0.170        1
 78:     0.691  0.145  0.164        1
 79:     0.746  0.100  0.153        1
 80:     0.720  0.136  0.145        1
 81:     0.687  0.176  0.137        1
 82:     0.685  0.209  0.106        1
 83:     0.812  0.098  0.090        1
 84:     0.000  0.949  0.051        1
 85:     0.017  0.948  0.034        1
 86:     0.065  0.915  0.020        1
 87:     0.007  0.991  0.002        1
 88:     0.002  0.998  0.000        1
 89:     0.016  0.983  0.001        1
 90:     0.003  0.996  0.001        1
 91:     0.003  0.996  0.002        1
 92:     0.157  0.841  0.001        1
 93:     0.001  0.927  0.072        1
 94:     0.067  0.932  0.000        1
 95:     0.032  0.941  0.027        1
 96:     0.004  0.995  0.001        1
 97:     0.001  0.983  0.016        1
 98:     0.004  0.996  0.000        1
 99:     0.003  0.997  0.000        1
100:     0.003  0.991  0.006        1
101:     0.166  0.802  0.032        1
102:     0.174  0.806  0.019        1
103:     0.000  0.989  0.011        1
104:     0.010  0.987  0.004        1
105:     0.008  0.975  0.016        1
106:     0.147  0.853  0.001        1
107:     0.000  0.995  0.005        1
108:     0.137  0.845  0.018        1
109:     0.141  0.798  0.061        1
110:     0.190  0.810  0.000        1
111:     0.006  0.981  0.013        1
112:     0.007  0.987  0.006        1
113:     0.016  0.938  0.046        1
114:     0.013  0.986  0.001        1
115:     0.015  0.980  0.005        1
116:     0.000  0.999  0.000        1
117:     0.009  0.952  0.038        1
118:     0.010  0.968  0.021        1
119:     0.093  0.901  0.006        1
120:     0.024  0.968  0.008        1
121:     0.012  0.977  0.012        1
122:     0.032  0.968  0.001        1
123:     0.000  0.998  0.002        1
124:     0.084  0.824  0.093        1
125:     0.002  0.995  0.002        1
126:     0.088  0.902  0.011        1
127:     0.036  0.947  0.017        1
128:     0.000  0.999  0.000        1
129:     0.001  0.996  0.003        1
130:     0.061  0.901  0.038        1
131:     0.000  0.992  0.008        1
132:     0.099  0.829  0.072        1
133:     0.000  0.883  0.117        1
134:     0.134  0.863  0.003        1
135:     0.140  0.852  0.008        1
136:     0.000  0.998  0.001        1
137:     0.009  0.989  0.002        1
138:     0.000  0.999  0.001        1
139:     0.003  0.924  0.073        1
140:     0.002  0.926  0.071        1
141:     0.000  0.997  0.003        1
142:     0.115  0.885  0.001        1
143:     0.006  0.938  0.057        1
144:     0.000  0.980  0.020        1
145:     0.000  1.000  0.000        1
146:     0.000  0.943  0.057        1
147:     0.000  0.998  0.002        1
148:     0.713  0.142  0.146        1
149:     0.662  0.117  0.221        1
150:     0.828  0.113  0.059        1
151:     0.839  0.089  0.072        1
152:     0.802  0.062  0.137        1
153:     0.850  0.096  0.055        1
154:     0.809  0.084  0.106        1
155:     0.840  0.089  0.071        1
156:     0.809  0.106  0.085        1
157:     0.847  0.086  0.068        1
158:     0.813  0.113  0.075        1
159:     0.896  0.064  0.040        1
160:     0.808  0.095  0.097        1
161:     0.734  0.145  0.121        1
162:     0.849  0.105  0.046        1
163:     0.799  0.111  0.090        1
164:     0.806  0.090  0.103        1
165:     0.706  0.124  0.170        1
166:     0.882  0.029  0.090        1
167:     0.792  0.127  0.081        1
168:     0.920  0.070  0.010        1
169:     0.856  0.122  0.021        1
170:     0.868  0.130  0.003        1
171:     0.824  0.107  0.069        1
172:     0.751  0.127  0.122        1
173:     0.851  0.069  0.080        1
174:     0.801  0.113  0.086        1
175:     0.828  0.079  0.093       50
176:     0.835  0.074  0.091       49
177:     0.832  0.078  0.090       50
178:     0.831  0.079  0.090       49
179:     0.828  0.077  0.095       23
180:     0.841  0.081  0.078       49
181:     0.003  0.002  0.995       30
182:     0.020  0.004  0.976       30
183:     0.768  0.096  0.136       34
184:     0.843  0.069  0.087       36
185:     0.822  0.085  0.093       40
186:     0.855  0.079  0.067       39
187:     0.821  0.079  0.100       37
188:     0.816  0.086  0.098       40
189:     0.827  0.079  0.093       35
190:     0.818  0.076  0.106       28
191:     0.831  0.080  0.089       36
192:     0.835  0.073  0.092       32
--------------------------------------------

 Rep#:   Lambda   Alpha      F1    F2    F3     D1,2  D1,3  D2,3    Ln Like 
 3000:    1.00    0.490    0.036 0.131 0.139    0.027 0.023 0.040   --  
 3100:    1.00    0.474    0.034 0.133 0.141    0.027 0.023 0.040   --  
 3200:    1.00    0.473    0.032 0.134 0.138    0.027 0.023 0.041   --  
 3300:    1.00    0.439    0.032 0.136 0.140    0.027 0.023 0.040   --  
 3400:    1.00    0.419    0.032 0.129 0.138    0.026 0.023 0.040   --  
 3500:    1.00    0.393    0.031 0.133 0.140    0.026 0.022 0.041   --  
 3600:    1.00    0.386    0.030 0.133 0.135    0.026 0.022 0.041   --  
 3700:    1.00    0.372    0.030 0.134 0.134    0.026 0.022 0.040   --  
 3800:    1.00    0.363    0.027 0.130 0.133    0.025 0.022 0.040   --  
 3900:    1.00    0.335    0.026 0.134 0.135    0.026 0.021 0.041   --  

--------------------------------------------
Proportion of membership of each pre-defined
 population in each of the 3 clusters

Given    Inferred Clusters       Number of
 Pop       1      2      3      Individuals

  1:     0.891  0.042  0.066       54
  2:     0.897  0.041  0.061       30
  3:     0.199  0.062  0.738       30
  4:     0.023  0.090  0.887       20
  5:     0.090  0.090  0.820       30
  6:     0.900  0.042  0.058       43
  7:     0.904  0.038  0.058       44
  8:     0.909  0.034  0.057        4
  9:     0.948  0.033  0.019       22
 10:     0.948  0.032  0.020       24
 11:     0.898  0.044  0.058       54
 12:     0.914  0.037  0.049       37
 13:     0.894  0.045  0.060       42
 14:     0.904  0.038  0.058       42
 15:     0.899  0.042  0.059       49
 16:     0.889  0.046  0.065      124
 17:     0.908  0.038  0.054       24
 18:     0.912  0.044  0.044       34
 19:     0.895  0.043  0.062       52
 20:     0.922  0.025  0.053        1
 21:     0.883  0.117  0.000        1
 22:     0.867  0.087  0.045        1
 23:     0.791  0.118  0.091        1
 24:     0.898  0.056  0.046        1
 25:     0.855  0.049  0.095        1
 26:     0.847  0.086  0.067        1
 27:     0.865  0.048  0.087        1
 28:     0.890  0.086  0.024        1
 29:     0.900  0.081  0.019        1
 30:     0.762  0.127  0.111        1
 31:     0.737  0.048  0.215        1
 32:     0.894  0.089  0.017        1
 33:     0.860  0.029  0.111        1
 34:     0.889  0.095  0.016        1
 35:     0.900  0.032  0.067        1
 36:     0.823  0.106  0.071        1
 37:     0.943  0.045  0.012        1
 38:     0.792  0.121  0.086        1
 39:     0.931  0.068  0.001        1
 40:     0.809  0.083  0.108        1
 41:     0.946  0.054  0.000        1
 42:     0.891  0.044  0.065        1
 43:     0.886  0.064  0.050        1
 44:     0.832  0.049  0.119        1
 45:     0.914  0.086  0.000        1
 46:     0.822  0.137  0.041        1
 47:     0.899  0.059  0.042        1
 48:     0.919  0.041  0.040        1
 49:     0.916  0.040  0.044        1
 50:     0.562  0.088  0.350        1
 51:     0.707  0.067  0.226        1
 52:     0.848  0.102  0.050        1
 53:     0.876  0.064  0.060        1
 54:     0.815  0.074  0.111        1
 55:     0.668  0.181  0.151        1
 56:     0.876  0.124  0.000        1
 57:     0.892  0.080  0.029        1
 58:     0.833  0.112  0.055        1
 59:     0.820  0.109  0.071        1
 60:     0.789  0.124  0.086        1
 61:     0.739  0.152  0.109        1
 62:     0.546  0.046  0.408        1
 63:     0.729  0.162  0.108        1
 64:     0.819  0.087  0.093        1
 65:     0.786  0.132  0.083        1
 66:     0.783  0.161  0.056        1
 67:     0.796  0.119  0.086        1
 68:     0.813  0.139  0.048        1
 69:     0.745  0.166  0.089        1
 70:     0.811  0.099  0.090        1
 71:     0.731  0.180  0.089        1
 72:     0.757  0.167  0.076        1
 73:     0.812  0.112  0.076        1
 74:     0.781  0.105  0.113        1
 75:     0.752  0.103  0.144        1
 76:     0.282  0.142  0.576        1
 77:     0.756  0.133  0.111        1
 78:     0.804  0.098  0.099        1
 79:     0.788  0.102  0.110        1
 80:     0.776  0.147  0.077        1
 81:     0.730  0.134  0.136        1
 82:     0.712  0.199  0.089        1
 83:     0.827  0.098  0.075        1
 84:     0.001  0.990  0.010        1
 85:     0.000  0.967  0.033        1
 86:     0.093  0.907  0.000        1
 87:     0.012  0.988  0.000        1
 88:     0.000  1.000  0.000        1
 89:     0.016  0.984  0.000        1
 90:     0.000  0.995  0.005        1
 91:     0.000  0.995  0.005        1
 92:     0.119  0.859  0.021        1
 93:     0.000  0.941  0.058        1
 94:     0.049  0.940  0.011        1
 95:     0.039  0.891  0.070        1
 96:     0.000  0.998  0.002        1
 97:     0.000  0.997  0.003        1
 98:     0.001  0.995  0.004        1
 99:     0.000  1.000  0.000        1
100:     0.000  0.991  0.009        1
101:     0.228  0.756  0.016        1
102:     0.167  0.829  0.004        1
103:     0.008  0.992  0.000        1
104:     0.025  0.975  0.000        1
105:     0.001  0.940  0.060        1
106:     0.159  0.841  0.000        1
107:     0.000  0.998  0.002        1
108:     0.118  0.861  0.022        1
109:     0.128  0.776  0.096        1
110:     0.207  0.793  0.000        1
111:     0.006  0.991  0.003        1
112:     0.000  1.000  0.000        1
113:     0.003  0.978  0.018        1
114:     0.010  0.984  0.006        1
115:     0.054  0.945  0.001        1
116:     0.000  0.999  0.001        1
117:     0.004  0.963  0.033        1
118:     0.012  0.988  0.000        1
119:     0.066  0.928  0.005        1
120:     0.037  0.952  0.011        1
121:     0.012  0.984  0.004        1
122:     0.047  0.953  0.000        1
123:     0.003  0.997  0.000        1
124:     0.066  0.854  0.080        1
125:     0.001  0.998  0.001        1
126:     0.115  0.880  0.005        1
