

----------------------------------------------------
STRUCTURE by Pritchard, Stephens and Donnelly (2000)
     and Falush, Stephens and Pritchard (2003)
       Code by Pritchard, Falush and Hubisz
             Version 2.3.4 (Jul 2012)
----------------------------------------------------


Reading file "/workdir/yc2644/CV_CT_array/structure/threader_input/mainparams".
Reading file "/workdir/yc2644/CV_CT_array/structure/threader_input/extraparams".
Reading file "/workdir/yc2644/CV_CT_array/structure/threader_input/n1601.recode.strct_in".


Data file "/workdir/yc2644/CV_CT_array/structure/threader_input/n1601.recode.strct_in" (truncated) --

Ind:   Label Pop : Genotype_data . . . .
  1:  001s    1  :  2   1   2   2   2   1   2  . . . .   2
  1:  001s    1  :  2   2   2   2   2   2   2  . . . .   2
  2:  002s    1  :  2   2   2   2   1   1   2  . . . .   2
  2:  002s    1  :  2   2   2   2   2   2   2  . . . .   2
  3:  003s    1  :  1   2   1   2   2   2   2  . . . .   1
  3:  003s    1  :  2   2   1   2   2   2   2  . . . .   2
  4:  004s    1  :  1   1   2   2   1   2   2  . . . .   1
  4:  004s    1  :  2   1   2   2   2   2   2  . . . .   2

      *******   

1600:    49  192  :  2   2   2   2   2   1   2  . . . .   1
1600:    49  192  :  2   2   2   2   2   2   2  . . . .   2
1601:    50  192  :  2   1   2   2   1   2   2  . . . .   1
1601:    50  192  :  2   2   2   2   2   2   2  . . . .   2

Number of alleles per locus: min= 2; ave=2.0; max= 2


--------------------------------------

Finished initialization; starting MCMC 
100000 iterations + 10000 burnin


--------------------------------------------
Proportion of membership of each pre-defined
 population in each of the 3 clusters

Given    Inferred Clusters       Number of
 Pop       1      2      3      Individuals

  1:     0.306  0.254  0.440       54
  2:     0.337  0.242  0.420       30
  3:     0.112  0.781  0.106       30
  4:     0.255  0.653  0.091       20
  5:     0.314  0.615  0.070       30
  6:     0.309  0.244  0.448       43
  7:     0.336  0.231  0.433       44
  8:     0.324  0.222  0.454        4
  9:     0.340  0.200  0.460       22
 10:     0.314  0.216  0.470       24
 11:     0.303  0.243  0.455       54
 12:     0.301  0.243  0.456       37
 13:     0.322  0.254  0.424       42
 14:     0.305  0.237  0.458       42
 15:     0.299  0.258  0.442       49
 16:     0.311  0.250  0.439      124
 17:     0.335  0.233  0.432       24
 18:     0.314  0.228  0.457       34
 19:     0.313  0.248  0.439       52
 20:     0.368  0.176  0.456        1
 21:     0.270  0.210  0.520        1
 22:     0.282  0.250  0.468        1
 23:     0.390  0.251  0.358        1
 24:     0.421  0.208  0.371        1
 25:     0.440  0.297  0.263        1
 26:     0.324  0.237  0.439        1
 27:     0.372  0.253  0.375        1
 28:     0.282  0.231  0.487        1
 29:     0.198  0.230  0.572        1
 30:     0.424  0.289  0.287        1
 31:     0.292  0.331  0.376        1
 32:     0.438  0.180  0.382        1
 33:     0.255  0.251  0.494        1
 34:     0.442  0.197  0.361        1
 35:     0.436  0.217  0.347        1
 36:     0.360  0.217  0.423        1
 37:     0.421  0.232  0.347        1
 38:     0.436  0.185  0.378        1
 39:     0.397  0.179  0.423        1
 40:     0.266  0.278  0.456        1
 41:     0.365  0.118  0.516        1
 42:     0.342  0.186  0.472        1
 43:     0.290  0.273  0.438        1
 44:     0.317  0.277  0.406        1
 45:     0.312  0.193  0.495        1
 46:     0.362  0.224  0.415        1
 47:     0.367  0.245  0.388        1
 48:     0.337  0.226  0.437        1
 49:     0.259  0.244  0.497        1
 50:     0.381  0.425  0.194        1
 51:     0.328  0.338  0.333        1
 52:     0.001  0.320  0.679        1
 53:     0.294  0.272  0.433        1
 54:     0.148  0.214  0.638        1
 55:     0.121  0.169  0.710        1
 56:     0.098  0.225  0.677        1
 57:     0.134  0.146  0.721        1
 58:     0.042  0.256  0.702        1
 59:     0.081  0.222  0.697        1
 60:     0.190  0.165  0.645        1
 61:     0.160  0.186  0.654        1
 62:     0.351  0.523  0.126        1
 63:     0.105  0.246  0.649        1
 64:     0.004  0.152  0.844        1
 65:     0.007  0.172  0.821        1
 66:     0.145  0.227  0.627        1
 67:     0.115  0.223  0.662        1
 68:     0.046  0.209  0.745        1
 69:     0.150  0.249  0.601        1
 70:     0.207  0.135  0.657        1
 71:     0.034  0.119  0.847        1
 72:     0.014  0.192  0.794        1
 73:     0.126  0.122  0.752        1
 74:     0.076  0.275  0.649        1
 75:     0.063  0.214  0.723        1
 76:     0.295  0.655  0.050        1
 77:     0.086  0.112  0.801        1
 78:     0.051  0.249  0.700        1
 79:     0.105  0.186  0.708        1
 80:     0.136  0.208  0.656        1
 81:     0.054  0.206  0.740        1
 82:     0.332  0.172  0.497        1
 83:     0.079  0.034  0.887        1
 84:     0.881  0.112  0.007        1
 85:     0.775  0.157  0.068        1
 86:     0.832  0.069  0.099        1
 87:     0.751  0.157  0.091        1
 88:     0.899  0.095  0.006        1
 89:     0.860  0.102  0.038        1
 90:     0.821  0.150  0.029        1
 91:     0.834  0.139  0.027        1
 92:     0.868  0.117  0.014        1
 93:     0.825  0.144  0.031        1
 94:     0.820  0.139  0.042        1
 95:     0.836  0.163  0.001        1
 96:     0.818  0.109  0.073        1
 97:     0.829  0.149  0.023        1
 98:     0.770  0.156  0.074        1
 99:     0.835  0.119  0.046        1
100:     0.800  0.162  0.038        1
101:     0.818  0.142  0.041        1
102:     0.801  0.126  0.073        1
103:     0.902  0.069  0.030        1
104:     0.885  0.091  0.024        1
105:     0.840  0.128  0.032        1
106:     0.893  0.057  0.050        1
107:     0.923  0.067  0.010        1
108:     0.798  0.158  0.044        1
109:     0.879  0.116  0.006        1
110:     0.829  0.127  0.044        1
111:     0.871  0.120  0.009        1
112:     0.852  0.098  0.051        1
113:     0.885  0.109  0.006        1
114:     0.901  0.082  0.018        1
115:     0.897  0.093  0.010        1
116:     0.867  0.083  0.050        1
117:     0.790  0.165  0.044        1
118:     0.825  0.146  0.029        1
119:     0.854  0.079  0.067        1
120:     0.870  0.092  0.038        1
121:     0.934  0.061  0.005        1
122:     0.878  0.120  0.003        1
123:     0.936  0.039  0.025        1
124:     0.816  0.122  0.063        1
125:     0.884  0.105  0.010        1
126:     0.909  0.075  0.015        1
127:     0.889  0.057  0.054        1
128:     0.906  0.052  0.042        1
129:     0.810  0.143  0.046        1
130:     0.800  0.166  0.033        1
131:     0.858  0.112  0.029        1
132:     0.730  0.191  0.079        1
133:     0.758  0.197  0.045        1
134:     0.778  0.125  0.098        1
135:     0.750  0.189  0.061        1
136:     0.991  0.002  0.007        1
137:     0.857  0.117  0.026        1
138:     0.903  0.060  0.037        1
139:     0.844  0.124  0.032        1
140:     0.768  0.167  0.065        1
141:     0.811  0.155  0.034        1
142:     0.773  0.183  0.044        1
143:     0.705  0.255  0.040        1
144:     0.894  0.054  0.051        1
145:     0.793  0.124  0.083        1
146:     0.845  0.123  0.032        1
147:     0.801  0.177  0.022        1
148:     0.326  0.300  0.373        1
149:     0.491  0.269  0.240        1
150:     0.507  0.124  0.368        1
151:     0.317  0.209  0.474        1
152:     0.293  0.306  0.400        1
153:     0.445  0.166  0.389        1
154:     0.361  0.213  0.426        1
155:     0.340  0.214  0.446        1
156:     0.353  0.180  0.467        1
157:     0.247  0.259  0.494        1
158:     0.360  0.184  0.455        1
159:     0.390  0.221  0.388        1
160:     0.365  0.242  0.393        1
161:     0.429  0.239  0.331        1
162:     0.325  0.278  0.396        1
163:     0.321  0.219  0.460        1
164:     0.223  0.296  0.481        1
165:     0.274  0.259  0.467        1
166:     0.313  0.253  0.434        1
167:     0.276  0.294  0.430        1
168:     0.169  0.231  0.601        1
169:     0.330  0.217  0.453        1
170:     0.208  0.215  0.577        1
171:     0.352  0.222  0.426        1
172:     0.453  0.253  0.295        1
173:     0.174  0.275  0.551        1
174:     0.442  0.198  0.359        1
175:     0.332  0.241  0.428       50
176:     0.299  0.248  0.452       49
177:     0.313  0.241  0.446       50
178:     0.316  0.250  0.434       49
179:     0.330  0.244  0.426       23
180:     0.316  0.234  0.449       49
181:     0.019  0.964  0.018       30
182:     0.039  0.924  0.037       30
183:     0.310  0.299  0.391       34
184:     0.304  0.256  0.441       36
185:     0.308  0.247  0.445       40
186:     0.289  0.240  0.471       39
187:     0.322  0.247  0.431       37
188:     0.337  0.246  0.417       40
189:     0.319  0.251  0.430       35
190:     0.302  0.264  0.434       28
191:     0.295  0.250  0.455       36
192:     0.310  0.241  0.448       32
--------------------------------------------

 Rep#:   Lambda   Alpha      F1    F2    F3     D1,2  D1,3  D2,3    Ln Like 
  100:    1.00    1.887    0.006 0.197 0.114    0.035 0.020 0.044   --  
  200:    1.00    1.537    0.008 0.213 0.199    0.038 0.042 0.049   --  
  300:    1.00    1.387    0.009 0.209 0.196    0.037 0.041 0.046   --  
  400:    1.00    1.309    0.029 0.186 0.180    0.038 0.040 0.043   --  
  500:    1.00    1.258    0.119 0.163 0.124    0.040 0.041 0.040   --  
  600:    1.00    1.196    0.134 0.157 0.117    0.041 0.041 0.038   --  
  700:    1.00    1.078    0.134 0.156 0.101    0.041 0.039 0.036   --  
  800:    1.00    1.057    0.133 0.159 0.097    0.041 0.038 0.035   --  
  900:    1.00    1.034    0.138 0.156 0.090    0.041 0.037 0.034   --  

--------------------------------------------
Proportion of membership of each pre-defined
 population in each of the 3 clusters

Given    Inferred Clusters       Number of
 Pop       1      2      3      Individuals

  1:     0.176  0.190  0.635       54
  2:     0.176  0.192  0.632       30
  3:     0.111  0.755  0.135       30
  4:     0.125  0.854  0.021       20
  5:     0.138  0.804  0.058       30
  6:     0.182  0.183  0.635       43
  7:     0.176  0.186  0.638       44
  8:     0.183  0.144  0.673        4
  9:     0.184  0.140  0.675       22
 10:     0.182  0.148  0.670       24
 11:     0.179  0.182  0.639       54
 12:     0.171  0.180  0.650       37
 13:     0.177  0.192  0.631       42
 14:     0.173  0.184  0.643       42
 15:     0.175  0.185  0.640       49
 16:     0.178  0.192  0.631      124
 17:     0.180  0.183  0.637       24
 18:     0.179  0.170  0.650       34
 19:     0.176  0.188  0.636       52
 20:     0.190  0.159  0.651        1
 21:     0.255  0.112  0.633        1
 22:     0.168  0.188  0.644        1
 23:     0.208  0.161  0.630        1
 24:     0.192  0.149  0.658        1
 25:     0.170  0.219  0.612        1
 26:     0.192  0.181  0.627        1
 27:     0.187  0.183  0.630        1
 28:     0.187  0.153  0.660        1
 29:     0.179  0.134  0.687        1
 30:     0.199  0.226  0.575        1
 31:     0.159  0.309  0.533        1
 32:     0.218  0.166  0.617        1
 33:     0.163  0.229  0.608        1
 34:     0.189  0.125  0.686        1
 35:     0.202  0.122  0.676        1
 36:     0.199  0.204  0.598        1
 37:     0.239  0.141  0.620        1
 38:     0.242  0.203  0.555        1
 39:     0.234  0.133  0.633        1
 40:     0.212  0.204  0.584        1
 41:     0.180  0.148  0.672        1
 42:     0.158  0.216  0.625        1
 43:     0.192  0.183  0.625        1
 44:     0.154  0.244  0.602        1
 45:     0.205  0.170  0.625        1
 46:     0.236  0.161  0.603        1
 47:     0.215  0.142  0.643        1
 48:     0.216  0.171  0.613        1
 49:     0.185  0.158  0.658        1
 50:     0.157  0.384  0.459        1
 51:     0.177  0.310  0.513        1
 52:     0.212  0.196  0.592        1
 53:     0.193  0.201  0.606        1
 54:     0.226  0.214  0.560        1
 55:     0.273  0.231  0.496        1
 56:     0.291  0.126  0.582        1
 57:     0.196  0.185  0.620        1
 58:     0.217  0.174  0.609        1
 59:     0.222  0.254  0.523        1
 60:     0.250  0.218  0.531        1
 61:     0.264  0.218  0.518        1
 62:     0.125  0.482  0.393        1
 63:     0.272  0.198  0.530        1
 64:     0.224  0.160  0.616        1
 65:     0.261  0.163  0.576        1
 66:     0.224  0.168  0.608        1
 67:     0.273  0.207  0.520        1
 68:     0.260  0.183  0.557        1
 69:     0.255  0.226  0.519        1
 70:     0.240  0.196  0.564        1
 71:     0.232  0.191  0.577        1
 72:     0.275  0.187  0.537        1
 73:     0.245  0.186  0.569        1
 74:     0.211  0.180  0.608        1
 75:     0.213  0.246  0.541        1
 76:     0.208  0.588  0.204        1
 77:     0.265  0.235  0.500        1
 78:     0.204  0.247  0.548        1
 79:     0.230  0.195  0.575        1
 80:     0.197  0.210  0.593        1
 81:     0.223  0.261  0.516        1
 82:     0.296  0.175  0.529        1
 83:     0.186  0.169  0.645        1
 84:     0.934  0.058  0.008        1
 85:     0.962  0.032  0.006        1
 86:     0.910  0.025  0.065        1
 87:     0.968  0.012  0.020        1
 88:     0.968  0.002  0.030        1
 89:     0.978  0.014  0.008        1
 90:     0.996  0.001  0.003        1
 91:     0.982  0.017  0.001        1
 92:     0.893  0.038  0.068        1
 93:     0.950  0.049  0.001        1
 94:     0.952  0.029  0.019        1
 95:     0.945  0.030  0.025        1
 96:     0.994  0.004  0.003        1
 97:     0.971  0.020  0.008        1
 98:     0.972  0.015  0.013        1
 99:     0.999  0.001  0.000        1
100:     0.994  0.006  0.000        1
101:     0.828  0.057  0.115        1
102:     0.848  0.045  0.107        1
103:     0.995  0.002  0.003        1
104:     0.993  0.006  0.001        1
105:     0.965  0.027  0.008        1
106:     0.850  0.000  0.150        1
107:     0.990  0.002  0.008        1
108:     0.888  0.071  0.042        1
109:     0.840  0.090  0.070        1
110:     0.814  0.016  0.171        1
111:     0.993  0.005  0.002        1
112:     0.998  0.001  0.001        1
113:     0.977  0.012  0.011        1
114:     0.994  0.002  0.004        1
115:     0.952  0.012  0.035        1
116:     1.000  0.000  0.000        1
117:     0.949  0.046  0.005        1
118:     0.992  0.004  0.003        1
119:     0.945  0.002  0.053        1
120:     0.964  0.009  0.027        1
121:     0.978  0.004  0.018        1
122:     0.987  0.000  0.012        1
123:     0.998  0.001  0.001        1
124:     0.870  0.094  0.036        1
125:     0.989  0.003  0.007        1
126:     0.904  0.023  0.073        1
127:     0.948  0.018  0.034        1
128:     0.997  0.001  0.001        1
129:     0.999  0.001  0.000        1
130:     0.950  0.037  0.013        1
131:     0.997  0.001  0.002        1
132:     0.869  0.106  0.025        1
133:     0.904  0.081  0.015        1
134:     0.893  0.031  0.076        1
135:     0.852  0.068  0.081        1
136:     0.997  0.003  0.001        1
137:     0.982  0.005  0.013        1
138:     0.998  0.001  0.002        1
139:     0.934  0.065  0.001        1
140:     0.920  0.073  0.007        1
141:     0.998  0.001  0.002        1
142:     0.938  0.012  0.049        1
143:     0.960  0.039  0.002        1
144:     0.995  0.004  0.001        1
145:     0.995  0.001  0.003        1
146:     0.958  0.041  0.000        1
147:     0.989  0.010  0.001        1
148:     0.282  0.210  0.508        1
149:     0.196  0.284  0.520        1
150:     0.216  0.148  0.636        1
151:     0.181  0.160  0.659        1
152:     0.144  0.250  0.606        1
153:     0.160  0.188  0.652        1
154:     0.219  0.136  0.644        1
155:     0.222  0.132  0.646        1
156:     0.203  0.211  0.586        1
157:     0.181  0.122  0.698        1
158:     0.221  0.163  0.616        1
159:     0.203  0.174  0.623        1
160:     0.177  0.177  0.646        1
161:     0.225  0.186  0.589        1
162:     0.181  0.128  0.691        1
163:     0.202  0.181  0.617        1
164:     0.188  0.191  0.621        1
165:     0.214  0.210  0.576        1
166:     0.158  0.206  0.636        1
167:     0.167  0.208  0.625        1
168:     0.166  0.129  0.705        1
169:     0.231  0.180  0.589        1
170:     0.220  0.114  0.667        1
171:     0.164  0.169  0.667        1
172:     0.191  0.214  0.594        1
173:     0.143  0.209  0.648        1
174:     0.192  0.152  0.657        1
175:     0.174  0.186  0.640       50
176:     0.175  0.178  0.647       49
177:     0.173  0.182  0.645       50
178:     0.175  0.185  0.641       49
179:     0.180  0.186  0.634       23
180:     0.175  0.181  0.644       49
181:     0.004  0.991  0.005       30
182:     0.012  0.971  0.017       30
183:     0.184  0.221  0.594       34
184:     0.167  0.183  0.649       36
185:     0.176  0.191  0.634       40
186:     0.174  0.177  0.650       39
187:     0.181  0.183  0.636       37
188:     0.175  0.190  0.635       40
189:     0.173  0.189  0.638       35
190:     0.171  0.199  0.630       28
191:     0.174  0.185  0.641       36
192:     0.174  0.191  0.635       32
--------------------------------------------

 Rep#:   Lambda   Alpha      F1    F2    F3     D1,2  D1,3  D2,3    Ln Like 
 1000:    1.00    0.995    0.136 0.151 0.086    0.041 0.036 0.033   --  
 1100:    1.00    0.951    0.137 0.152 0.076    0.041 0.035 0.032   --  
 1200:    1.00    0.940    0.134 0.152 0.073    0.041 0.034 0.031   --  
 1300:    1.00    0.892    0.142 0.152 0.068    0.041 0.034 0.030   --  
 1400:    1.00    0.864    0.136 0.153 0.066    0.041 0.033 0.030   --  
 1500:    1.00    0.802    0.135 0.151 0.062    0.040 0.032 0.029   --  
 1600:    1.00    0.789    0.138 0.150 0.060    0.041 0.032 0.029   --  
 1700:    1.00    0.780    0.135 0.148 0.059    0.041 0.032 0.029   --  
 1800:    1.00    0.769    0.136 0.148 0.058    0.041 0.031 0.028   --  
 1900:    1.00    0.743    0.132 0.146 0.056    0.041 0.031 0.028   --  

--------------------------------------------
Proportion of membership of each pre-defined
 population in each of the 3 clusters

Given    Inferred Clusters       Number of
 Pop       1      2      3      Individuals

  1:     0.118  0.152  0.730       54
  2:     0.115  0.149  0.737       30
  3:     0.090  0.751  0.158       30
  4:     0.109  0.868  0.023       20
  5:     0.111  0.808  0.081       30
  6:     0.113  0.143  0.744       43
  7:     0.109  0.145  0.746       44
  8:     0.140  0.101  0.758        4
  9:     0.115  0.095  0.789       22
 10:     0.113  0.110  0.777       24
 11:     0.112  0.138  0.750       54
 12:     0.111  0.137  0.752       37
 13:     0.114  0.150  0.736       42
 14:     0.114  0.137  0.749       42
 15:     0.116  0.145  0.739       49
 16:     0.117  0.155  0.728      124
 17:     0.108  0.139  0.753       24
 18:     0.119  0.132  0.749       34
 19:     0.113  0.147  0.740       52
 20:     0.120  0.128  0.752        1
 21:     0.191  0.073  0.737        1
 22:     0.107  0.129  0.763        1
 23:     0.154  0.152  0.695        1
 24:     0.121  0.118  0.761        1
 25:     0.123  0.182  0.695        1
 26:     0.137  0.133  0.729        1
 27:     0.137  0.159  0.704        1
 28:     0.137  0.126  0.737        1
 29:     0.132  0.077  0.791        1
 30:     0.133  0.199  0.668        1
 31:     0.086  0.312  0.601        1
 32:     0.123  0.139  0.738        1
 33:     0.098  0.180  0.722        1
 34:     0.156  0.110  0.734        1
 35:     0.132  0.125  0.743        1
 36:     0.152  0.128  0.720        1
 37:     0.137  0.101  0.762        1
 38:     0.169  0.209  0.622        1
 39:     0.151  0.118  0.731        1
 40:     0.160  0.177  0.663        1
 41:     0.169  0.084  0.747        1
 42:     0.135  0.114  0.751        1
 43:     0.127  0.129  0.744        1
 44:     0.089  0.244  0.667        1
 45:     0.143  0.107  0.749        1
 46:     0.183  0.132  0.685        1
 47:     0.167  0.127  0.706        1
 48:     0.118  0.082  0.800        1
 49:     0.103  0.102  0.795        1
 50:     0.127  0.380  0.493        1
 51:     0.123  0.309  0.568        1
 52:     0.139  0.154  0.707        1
 53:     0.155  0.122  0.723        1
 54:     0.160  0.166  0.673        1
 55:     0.190  0.223  0.587        1
 56:     0.182  0.119  0.699        1
 57:     0.147  0.118  0.735        1
 58:     0.180  0.152  0.668        1
 59:     0.161  0.177  0.663        1
 60:     0.201  0.189  0.610        1
 61:     0.200  0.194  0.606        1
 62:     0.109  0.460  0.432        1
 63:     0.224  0.124  0.652        1
 64:     0.173  0.153  0.674        1
 65:     0.186  0.154  0.660        1
 66:     0.172  0.184  0.644        1
 67:     0.187  0.176  0.638        1
 68:     0.170  0.164  0.666        1
 69:     0.205  0.191  0.605        1
 70:     0.180  0.136  0.684        1
 71:     0.198  0.159  0.642        1
 72:     0.223  0.172  0.605        1
 73:     0.186  0.147  0.668        1
 74:     0.128  0.170  0.702        1
 75:     0.169  0.195  0.636        1
 76:     0.187  0.616  0.197        1
 77:     0.152  0.225  0.623        1
 78:     0.144  0.212  0.644        1
 79:     0.142  0.211  0.647        1
 80:     0.190  0.142  0.669        1
 81:     0.194  0.171  0.635        1
 82:     0.284  0.174  0.542        1
 83:     0.175  0.182  0.643        1
 84:     0.958  0.031  0.011        1
 85:     0.950  0.043  0.007        1
 86:     0.881  0.019  0.101        1
 87:     0.986  0.003  0.011        1
 88:     0.998  0.001  0.001        1
 89:     0.977  0.009  0.014        1
 90:     0.994  0.005  0.001        1
 91:     0.986  0.003  0.010        1
 92:     0.871  0.060  0.069        1
 93:     0.932  0.052  0.015        1
 94:     0.984  0.002  0.015        1
 95:     0.895  0.033  0.072        1
 96:     0.996  0.003  0.001        1
 97:     0.964  0.034  0.001        1
 98:     0.961  0.009  0.030        1
 99:     0.999  0.001  0.000        1
100:     0.995  0.004  0.000        1
101:     0.793  0.046  0.161        1
102:     0.835  0.037  0.128        1
103:     0.999  0.000  0.001        1
104:     0.987  0.005  0.008        1
105:     0.935  0.059  0.006        1
106:     0.828  0.011  0.160        1
107:     0.972  0.007  0.021        1
108:     0.893  0.034  0.072        1
109:     0.798  0.123  0.078        1
110:     0.799  0.030  0.171        1
111:     0.986  0.007  0.008        1
112:     0.999  0.000  0.000        1
113:     0.969  0.020  0.011        1
114:     0.990  0.009  0.002        1
115:     0.944  0.002  0.054        1
116:     1.000  0.000  0.000        1
117:     0.950  0.037  0.014        1
118:     0.992  0.007  0.001        1
119:     0.901  0.002  0.097        1
120:     0.955  0.004  0.041        1
121:     0.973  0.005  0.022        1
122:     0.959  0.007  0.034        1
123:     0.984  0.011  0.005        1
124:     0.856  0.088  0.056        1
125:     0.992  0.003  0.005        1
126:     0.886  0.009  0.105        1
127:     0.936  0.045  0.019        1
128:     0.970  0.016  0.014        1
129:     0.998  0.001  0.001        1
130:     0.931  0.056  0.014        1
131:     0.987  0.001  0.012        1
132:     0.848  0.122  0.030        1
133:     0.879  0.117  0.004        1
134:     0.860  0.016  0.124        1
135:     0.840  0.061  0.099        1
136:     0.998  0.001  0.002        1
137:     0.991  0.001  0.008        1
138:     0.999  0.001  0.000        1
139:     0.922  0.065  0.013        1
140:     0.917  0.077  0.006        1
141:     0.986  0.011  0.003        1
142:     0.913  0.006  0.081        1
143:     0.937  0.051  0.012        1
144:     0.991  0.001  0.008        1
145:     0.982  0.002  0.017        1
146:     0.957  0.016  0.028        1
147:     0.987  0.013  0.000        1
148:     0.179  0.210  0.611        1
149:     0.178  0.271  0.550        1
150:     0.153  0.126  0.720        1
151:     0.136  0.090  0.774        1
152:     0.104  0.219  0.677        1
153:     0.153  0.099  0.748        1
154:     0.117  0.124  0.758        1
155:     0.135  0.122  0.743        1
156:     0.116  0.183  0.701        1
157:     0.106  0.166  0.728        1
158:     0.133  0.124  0.742        1
159:     0.125  0.114  0.760        1
160:     0.108  0.138  0.754        1
161:     0.166  0.169  0.665        1
162:     0.111  0.124  0.765        1
163:     0.141  0.131  0.727        1
164:     0.118  0.174  0.708        1
165:     0.179  0.163  0.658        1
166:     0.066  0.162  0.772        1
167:     0.102  0.150  0.749        1
168:     0.104  0.099  0.797        1
169:     0.154  0.120  0.726        1
170:     0.163  0.111  0.726        1
171:     0.131  0.123  0.746        1
172:     0.163  0.164  0.672        1
173:     0.107  0.159  0.733        1
174:     0.124  0.126  0.750        1
175:     0.116  0.151  0.733       50
176:     0.106  0.143  0.751       49
177:     0.110  0.144  0.746       50
178:     0.110  0.150  0.740       49
179:     0.119  0.148  0.734       23
180:     0.109  0.139  0.752       49
181:     0.002  0.994  0.004       30
182:     0.010  0.978  0.012       30
183:     0.126  0.193  0.681       34
184:     0.100  0.140  0.760       36
185:     0.119  0.151  0.729       40
186:     0.112  0.131  0.757       39
187:     0.115  0.150  0.735       37
188:     0.118  0.155  0.726       40
189:     0.112  0.149  0.739       35
190:     0.109  0.155  0.736       28
191:     0.114  0.144  0.742       36
192:     0.105  0.153  0.742       32
--------------------------------------------

 Rep#:   Lambda   Alpha      F1    F2    F3     D1,2  D1,3  D2,3    Ln Like 
 2000:    1.00    0.699    0.134 0.147 0.056    0.041 0.031 0.028   --  
 2100:    1.00    0.717    0.132 0.150 0.053    0.041 0.030 0.028   --  
 2200:    1.00    0.704    0.136 0.150 0.050    0.041 0.030 0.027   --  
 2300:    1.00    0.668    0.135 0.150 0.045    0.041 0.029 0.027   --  
 2400:    1.00    0.657    0.135 0.144 0.045    0.041 0.029 0.026   --  
 2500:    1.00    0.609    0.132 0.142 0.046    0.041 0.029 0.026   --  
 2600:    1.00    0.618    0.133 0.142 0.043    0.041 0.028 0.025   --  
 2700:    1.00    0.587    0.131 0.145 0.043    0.041 0.028 0.025   --  
 2800:    1.00    0.570    0.134 0.141 0.040    0.041 0.028 0.025   --  
 2900:    1.00    0.563    0.130 0.143 0.038    0.041 0.028 0.025   --  

--------------------------------------------
Proportion of membership of each pre-defined
 population in each of the 3 clusters

Given    Inferred Clusters       Number of
 Pop       1      2      3      Individuals

  1:     0.079  0.118  0.803       54
  2:     0.076  0.125  0.799       30
  3:     0.082  0.743  0.174       30
  4:     0.093  0.882  0.025       20
  5:     0.097  0.816  0.088       30
  6:     0.083  0.115  0.802       43
  7:     0.074  0.114  0.812       44
  8:     0.070  0.088  0.843        4
  9:     0.077  0.064  0.859       22
 10:     0.073  0.071  0.857       24
 11:     0.081  0.113  0.806       54
 12:     0.077  0.106  0.817       37
 13:     0.083  0.120  0.797       42
 14:     0.072  0.112  0.817       42
 15:     0.079  0.119  0.801       49
 16:     0.081  0.122  0.797      124
 17:     0.076  0.110  0.814       24
 18:     0.083  0.101  0.817       34
 19:     0.079  0.113  0.808       52
 20:     0.068  0.098  0.833        1
 21:     0.139  0.096  0.765        1
 22:     0.069  0.133  0.798        1
 23:     0.173  0.140  0.687        1
 24:     0.085  0.124  0.791        1
 25:     0.135  0.149  0.717        1
 26:     0.120  0.095  0.785        1
 27:     0.090  0.131  0.779        1
 28:     0.077  0.113  0.810        1
 29:     0.101  0.069  0.830        1
 30:     0.115  0.184  0.702        1
 31:     0.057  0.282  0.661        1
 32:     0.094  0.062  0.843        1
 33:     0.057  0.150  0.793        1
 34:     0.123  0.066  0.811        1
 35:     0.112  0.096  0.792        1
 36:     0.107  0.139  0.754        1
 37:     0.121  0.084  0.795        1
 38:     0.122  0.147  0.731        1
 39:     0.121  0.087  0.792        1
 40:     0.125  0.097  0.777        1
 41:     0.109  0.094  0.797        1
 42:     0.109  0.117  0.773        1
 43:     0.085  0.138  0.777        1
 44:     0.089  0.189  0.722        1
 45:     0.119  0.085  0.797        1
 46:     0.142  0.104  0.753        1
 47:     0.067  0.096  0.837        1
 48:     0.077  0.083  0.840        1
 49:     0.086  0.078  0.836        1
 50:     0.098  0.385  0.517        1
 51:     0.113  0.264  0.623        1
 52:     0.139  0.108  0.753        1
 53:     0.132  0.094  0.774        1
 54:     0.133  0.135  0.733        1
 55:     0.164  0.234  0.603        1
 56:     0.159  0.089  0.752        1
 57:     0.097  0.116  0.787        1
 58:     0.144  0.118  0.738        1
 59:     0.114  0.162  0.724        1
 60:     0.165  0.161  0.674        1
 61:     0.192  0.181  0.627        1
 62:     0.082  0.446  0.472        1
 63:     0.163  0.145  0.692        1
 64:     0.139  0.127  0.734        1
 65:     0.180  0.114  0.706        1
 66:     0.148  0.139  0.713        1
 67:     0.166  0.152  0.682        1
 68:     0.161  0.111  0.729        1
 69:     0.182  0.125  0.694        1
 70:     0.150  0.157  0.693        1
 71:     0.162  0.095  0.743        1
 72:     0.169  0.166  0.666        1
 73:     0.130  0.108  0.761        1
 74:     0.120  0.119  0.761        1
 75:     0.165  0.185  0.650        1
 76:     0.150  0.599  0.251        1
 77:     0.131  0.153  0.717        1
 78:     0.135  0.126  0.738        1
 79:     0.137  0.143  0.720        1
 80:     0.180  0.125  0.694        1
 81:     0.150  0.161  0.689        1
 82:     0.233  0.161  0.606        1
 83:     0.103  0.125  0.772        1
 84:     0.969  0.027  0.004        1
 85:     0.960  0.039  0.001        1
 86:     0.888  0.018  0.094        1
 87:     0.992  0.003  0.005        1
 88:     1.000  0.000  0.000        1
 89:     0.939  0.005  0.056        1
 90:     0.994  0.003  0.003        1
 91:     0.990  0.004  0.005        1
 92:     0.839  0.019  0.143        1
 93:     0.933  0.066  0.001        1
 94:     0.926  0.001  0.073        1
 95:     0.943  0.024  0.033        1
 96:     0.997  0.001  0.002        1
 97:     0.965  0.034  0.001        1
 98:     0.992  0.002  0.006        1
 99:     0.997  0.003  0.000        1
100:     0.997  0.001  0.002        1
101:     0.803  0.043  0.155        1
102:     0.802  0.029  0.169        1
103:     0.990  0.008  0.002        1
104:     0.972  0.003  0.025        1
105:     0.962  0.037  0.001        1
106:     0.824  0.000  0.176        1
107:     0.986  0.007  0.008        1
108:     0.861  0.029  0.110        1
109:     0.792  0.079  0.129        1
110:     0.768  0.026  0.206        1
111:     0.981  0.005  0.014        1
112:     0.999  0.000  0.000        1
113:     0.983  0.013  0.005        1
114:     0.995  0.002  0.003        1
115:     0.941  0.004  0.055        1
116:     1.000  0.000  0.000        1
117:     0.924  0.064  0.013        1
118:     0.996  0.003  0.001        1
119:     0.884  0.012  0.105        1
120:     0.965  0.009  0.026        1
121:     0.974  0.008  0.018        1
122:     0.944  0.004  0.052        1
123:     0.998  0.000  0.002        1
124:     0.853  0.062  0.085        1
125:     0.994  0.005  0.002        1
126:     0.877  0.011  0.112        1
127:     0.943  0.056  0.001        1
128:     0.980  0.012  0.008        1
129:     0.995  0.000  0.005        1
130:     0.932  0.019  0.048        1
131:     0.991  0.000  0.009        1
132:     0.820  0.057  0.123        1
133:     0.890  0.083  0.027        1
134:     0.862  0.004  0.134        1
135:     0.846  0.040  0.114        1
136:     0.994  0.005  0.001        1
137:     0.997  0.001  0.002        1
138:     1.000  0.000  0.000        1
139:     0.944  0.053  0.002        1
140:     0.874  0.094  0.032        1
141:     0.999  0.000  0.001        1
142:     0.909  0.000  0.090        1
143:     0.931  0.061  0.008        1
144:     0.997  0.002  0.000        1
145:     0.996  0.000  0.004        1
146:     0.939  0.058  0.003        1
147:     0.982  0.018  0.000        1
148:     0.181  0.180  0.640        1
149:     0.142  0.251  0.607        1
150:     0.108  0.041  0.850        1
151:     0.076  0.078  0.846        1
152:     0.077  0.180  0.743        1
153:     0.098  0.081  0.821        1
154:     0.099  0.065  0.836        1
155:     0.115  0.066  0.818        1
156:     0.080  0.100  0.820        1
157:     0.077  0.111  0.812        1
158:     0.109  0.071  0.820        1
159:     0.075  0.077  0.848        1
160:     0.094  0.107  0.799        1
161:     0.138  0.168  0.694        1
162:     0.083  0.073  0.844        1
163:     0.118  0.068  0.814        1
164:     0.093  0.164  0.744        1
165:     0.140  0.149  0.711        1
166:     0.040  0.159  0.801        1
167:     0.055  0.123  0.823        1
168:     0.063  0.066  0.870        1
169:     0.139  0.112  0.749        1
170:     0.093  0.058  0.849        1
171:     0.076  0.115  0.809        1
172:     0.108  0.154  0.738        1
173:     0.085  0.098  0.816        1
174:     0.109  0.117  0.774        1
175:     0.077  0.113  0.811       50
176:     0.073  0.108  0.819       49
177:     0.075  0.111  0.814       50
178:     0.076  0.118  0.806       49
179:     0.088  0.113  0.799       23
180:     0.075  0.107  0.818       49
181:     0.002  0.995  0.003       30
182:     0.008  0.974  0.018       30
183:     0.097  0.165  0.738       34
184:     0.069  0.115  0.816       36
185:     0.083  0.117  0.800       40
186:     0.075  0.104  0.821       39
187:     0.079  0.117  0.804       37
188:     0.082  0.117  0.801       40
189:     0.080  0.118  0.802       35
190:     0.071  0.132  0.797       28
191:     0.073  0.118  0.809       36
192:     0.069  0.120  0.810       32
--------------------------------------------

 Rep#:   Lambda   Alpha      F1    F2    F3     D1,2  D1,3  D2,3    Ln Like 
 3000:    1.00    0.569    0.133 0.141 0.038    0.041 0.028 0.025   --  
 3100:    1.00    0.527    0.132 0.142 0.036    0.041 0.028 0.025   --  
 3200:    1.00    0.561    0.130 0.142 0.034    0.040 0.027 0.025   --  
 3300:    1.00    0.532    0.132 0.142 0.034    0.040 0.027 0.024   --  
 3400:    1.00    0.499    0.133 0.143 0.033    0.040 0.027 0.024   --  
 3500:    1.00    0.493    0.134 0.142 0.032    0.041 0.027 0.024   --  
 3600:    1.00    0.491    0.131 0.138 0.031    0.041 0.027 0.024   --  
 3700:    1.00    0.474    0.134 0.141 0.030    0.041 0.026 0.023   --  
 3800:    1.00    0.439    0.132 0.140 0.030    0.041 0.026 0.023   --  
 3900:    1.00    0.415    0.129 0.142 0.030    0.040 0.026 0.023   --  

--------------------------------------------
Proportion of membership of each pre-defined
 population in each of the 3 clusters

Given    Inferred Clusters       Number of
 Pop       1      2      3      Individuals

  1:     0.049  0.095  0.856       54
  2:     0.052  0.082  0.866       30
  3:     0.070  0.735  0.195       30
  4:     0.093  0.879  0.029       20
  5:     0.096  0.808  0.096       30
  6:     0.053  0.087  0.860       43
  7:     0.046  0.085  0.869       44
  8:     0.044  0.050  0.905        4
  9:     0.044  0.038  0.918       22
 10:     0.047  0.049  0.903       24
 11:     0.048  0.083  0.869       54
 12:     0.041  0.075  0.884       37
 13:     0.050  0.100  0.851       42
 14:     0.047  0.085  0.868       42
 15:     0.045  0.094  0.861       49
 16:     0.051  0.094  0.855      124
 17:     0.051  0.080  0.869       24
 18:     0.052  0.074  0.874       34
 19:     0.044  0.086  0.870       52
 20:     0.064  0.053  0.883        1
 21:     0.144  0.030  0.826        1
 22:     0.037  0.046  0.917        1
 23:     0.155  0.085  0.760        1
 24:     0.098  0.040  0.862        1
 25:     0.053  0.117  0.830        1
 26:     0.097  0.076  0.828        1
 27:     0.081  0.113  0.806        1
 28:     0.066  0.063  0.871        1
 29:     0.076  0.014  0.910        1
 30:     0.109  0.155  0.736        1
 31:     0.067  0.235  0.698        1
 32:     0.044  0.082  0.874        1
 33:     0.035  0.155  0.810        1
 34:     0.059  0.032  0.909        1
 35:     0.065  0.062  0.874        1
 36:     0.093  0.122  0.785        1
 37:     0.046  0.072  0.882        1
 38:     0.129  0.107  0.764        1
 39:     0.088  0.047  0.866        1
 40:     0.136  0.082  0.782        1
 41:     0.082  0.001  0.916        1
 42:     0.063  0.075  0.862        1
 43:     0.075  0.078  0.847        1
 44:     0.041  0.144  0.816        1
 45:     0.049  0.058  0.894        1
 46:     0.105  0.051  0.844        1
 47:     0.069  0.032  0.899        1
 48:     0.055  0.059  0.886        1
 49:     0.014  0.043  0.943        1
 50:     0.063  0.389  0.548        1
 51:     0.076  0.233  0.691        1
 52:     0.099  0.096  0.805        1
 53:     0.050  0.104  0.846        1
 54:     0.098  0.120  0.782        1
 55:     0.136  0.194  0.670        1
 56:     0.123  0.014  0.863        1
 57:     0.062  0.056  0.882        1
 58:     0.130  0.077  0.793        1
 59:     0.121  0.122  0.758        1
 60:     0.091  0.118  0.792        1
 61:     0.183  0.105  0.712        1
 62:     0.055  0.412  0.533        1
 63:     0.169  0.145  0.686        1
 64:     0.092  0.120  0.788        1
 65:     0.103  0.122  0.775        1
 66:     0.125  0.101  0.774        1
 67:     0.154  0.136  0.710        1
 68:     0.115  0.099  0.785        1
 69:     0.152  0.102  0.747        1
 70:     0.117  0.101  0.782        1
 71:     0.145  0.093  0.763        1
 72:     0.189  0.103  0.709        1
 73:     0.120  0.121  0.759        1
 74:     0.085  0.117  0.798        1
 75:     0.130  0.135  0.735        1
 76:     0.112  0.606  0.282        1
 77:     0.136  0.162  0.702        1
 78:     0.111  0.162  0.727        1
 79:     0.088  0.126  0.785        1
 80:     0.151  0.131  0.717        1
 81:     0.148  0.121  0.732        1
 82:     0.213  0.111  0.676        1
 83:     0.115  0.086  0.799        1
 84:     0.957  0.038  0.005        1
 85:     0.935  0.049  0.016        1
 86:     0.866  0.020  0.114        1
 87:     0.996  0.002  0.001        1
 88:     0.999  0.001  0.001        1
 89:     0.959  0.001  0.040        1
 90:     0.989  0.007  0.004        1
 91:     0.999  0.000  0.001        1
 92:     0.851  0.008  0.140        1
 93:     0.959  0.038  0.003        1
 94:     0.962  0.003  0.035        1
 95:     0.906  0.039  0.055        1
 96:     1.000  0.000  0.000        1
 97:     0.995  0.002  0.003        1
 98:     0.993  0.000  0.007        1
 99:     0.998  0.002  0.000        1
100:     0.998  0.001  0.001        1
101:     0.753  0.021  0.225        1
102:     0.828  0.011  0.161        1
103:     0.989  0.006  0.006        1
104:     0.998  0.002  0.000        1
105:     0.948  0.051  0.001        1
106:     0.821  0.000  0.179        1
107:     0.997  0.001  0.003        1
108:     0.864  0.014  0.122        1
109:     0.785  0.108  0.107        1
110:     0.788  0.004  0.208        1
111:     0.998  0.002  0.001        1
112:     0.999  0.000  0.001        1
113:     0.980  0.017  0.003        1
114:     0.979  0.021  0.000        1
115:     0.926  0.002  0.072        1
116:     1.000  0.000  0.000        1
117:     0.926  0.064  0.010        1
118:     0.975  0.004  0.021        1
119:     0.888  0.004  0.108        1
120:     0.992  0.002  0.006        1
121:     0.983  0.001  0.016        1
122:     0.959  0.003  0.039        1
123:     0.999  0.000  0.001        1
124:     0.842  0.086  0.072        1
125:     0.997  0.000  0.003        1
126:     0.852  0.005  0.144        1
