

----------------------------------------------------
STRUCTURE by Pritchard, Stephens and Donnelly (2000)
     and Falush, Stephens and Pritchard (2003)
       Code by Pritchard, Falush and Hubisz
             Version 2.3.4 (Jul 2012)
----------------------------------------------------


Reading file "/workdir/yc2644/CV_CT_array/structure/threader_input/mainparams".
Reading file "/workdir/yc2644/CV_CT_array/structure/threader_input/extraparams".
Reading file "/workdir/yc2644/CV_CT_array/structure/threader_input/n1601.recode.strct_in".


Data file "/workdir/yc2644/CV_CT_array/structure/threader_input/n1601.recode.strct_in" (truncated) --

Ind:   Label Pop : Genotype_data . . . .
  1:  001s    1  :  2   1   2   2   2   1   2  . . . .   2
  1:  001s    1  :  2   2   2   2   2   2   2  . . . .   2
  2:  002s    1  :  2   2   2   2   1   1   2  . . . .   2
  2:  002s    1  :  2   2   2   2   2   2   2  . . . .   2
  3:  003s    1  :  1   2   1   2   2   2   2  . . . .   1
  3:  003s    1  :  2   2   1   2   2   2   2  . . . .   2
  4:  004s    1  :  1   1   2   2   1   2   2  . . . .   1
  4:  004s    1  :  2   1   2   2   2   2   2  . . . .   2

      *******   

1600:    49  192  :  2   2   2   2   2   1   2  . . . .   1
1600:    49  192  :  2   2   2   2   2   2   2  . . . .   2
1601:    50  192  :  2   1   2   2   1   2   2  . . . .   1
1601:    50  192  :  2   2   2   2   2   2   2  . . . .   2

Number of alleles per locus: min= 2; ave=2.0; max= 2


--------------------------------------

Finished initialization; starting MCMC 
100000 iterations + 10000 burnin


--------------------------------------------
Proportion of membership of each pre-defined
 population in each of the 3 clusters

Given    Inferred Clusters       Number of
 Pop       1      2      3      Individuals

  1:     0.339  0.200  0.461       54
  2:     0.364  0.195  0.440       30
  3:     0.126  0.759  0.115       30
  4:     0.056  0.875  0.069       20
  5:     0.078  0.831  0.091       30
  6:     0.341  0.187  0.472       43
  7:     0.318  0.188  0.493       44
  8:     0.366  0.169  0.465        4
  9:     0.300  0.145  0.555       22
 10:     0.323  0.155  0.523       24
 11:     0.323  0.198  0.479       54
 12:     0.298  0.178  0.524       37
 13:     0.314  0.197  0.489       42
 14:     0.316  0.184  0.500       42
 15:     0.340  0.200  0.461       49
 16:     0.314  0.196  0.490      124
 17:     0.318  0.181  0.501       24
 18:     0.364  0.180  0.456       34
 19:     0.309  0.192  0.499       52
 20:     0.329  0.209  0.462        1
 21:     0.358  0.178  0.464        1
 22:     0.432  0.194  0.374        1
 23:     0.172  0.226  0.602        1
 24:     0.374  0.191  0.434        1
 25:     0.309  0.273  0.418        1
 26:     0.141  0.237  0.622        1
 27:     0.406  0.223  0.370        1
 28:     0.385  0.172  0.443        1
 29:     0.452  0.169  0.379        1
 30:     0.282  0.299  0.419        1
 31:     0.322  0.312  0.366        1
 32:     0.546  0.179  0.274        1
 33:     0.244  0.218  0.538        1
 34:     0.272  0.129  0.599        1
 35:     0.381  0.137  0.481        1
 36:     0.519  0.234  0.247        1
 37:     0.471  0.150  0.380        1
 38:     0.201  0.208  0.591        1
 39:     0.209  0.178  0.613        1
 40:     0.388  0.237  0.374        1
 41:     0.267  0.161  0.572        1
 42:     0.330  0.177  0.492        1
 43:     0.270  0.204  0.526        1
 44:     0.255  0.262  0.483        1
 45:     0.193  0.209  0.598        1
 46:     0.380  0.148  0.471        1
 47:     0.356  0.161  0.483        1
 48:     0.416  0.122  0.462        1
 49:     0.267  0.196  0.537        1
 50:     0.346  0.441  0.213        1
 51:     0.311  0.365  0.323        1
 52:     0.514  0.196  0.290        1
 53:     0.404  0.219  0.377        1
 54:     0.776  0.188  0.036        1
 55:     0.792  0.126  0.082        1
 56:     0.469  0.195  0.336        1
 57:     0.593  0.147  0.260        1
 58:     0.655  0.170  0.175        1
 59:     0.672  0.242  0.086        1
 60:     0.711  0.186  0.103        1
 61:     0.614  0.215  0.172        1
 62:     0.354  0.545  0.102        1
 63:     0.619  0.172  0.210        1
 64:     0.645  0.180  0.174        1
 65:     0.751  0.172  0.077        1
 66:     0.729  0.202  0.070        1
 67:     0.678  0.187  0.135        1
 68:     0.609  0.116  0.275        1
 69:     0.748  0.144  0.108        1
 70:     0.660  0.191  0.149        1
 71:     0.763  0.207  0.030        1
 72:     0.625  0.193  0.182        1
 73:     0.660  0.166  0.174        1
 74:     0.519  0.214  0.268        1
 75:     0.771  0.227  0.002        1
 76:     0.183  0.635  0.183        1
 77:     0.667  0.188  0.145        1
 78:     0.492  0.255  0.253        1
 79:     0.663  0.239  0.098        1
 80:     0.758  0.165  0.077        1
 81:     0.504  0.245  0.251        1
 82:     0.785  0.180  0.035        1
 83:     0.619  0.211  0.170        1
 84:     0.878  0.113  0.009        1
 85:     0.724  0.218  0.059        1
 86:     0.822  0.088  0.091        1
 87:     0.820  0.095  0.085        1
 88:     0.836  0.125  0.039        1
 89:     0.769  0.129  0.102        1
 90:     0.772  0.219  0.009        1
 91:     0.831  0.148  0.021        1
 92:     0.758  0.128  0.114        1
 93:     0.728  0.255  0.017        1
 94:     0.837  0.099  0.064        1
 95:     0.758  0.185  0.057        1
 96:     0.836  0.122  0.042        1
 97:     0.746  0.183  0.071        1
 98:     0.830  0.130  0.041        1
 99:     0.875  0.110  0.014        1
100:     0.857  0.128  0.015        1
101:     0.857  0.107  0.036        1
102:     0.769  0.142  0.090        1
103:     0.852  0.142  0.006        1
104:     0.839  0.158  0.003        1
105:     0.634  0.255  0.111        1
106:     0.879  0.072  0.049        1
107:     0.804  0.154  0.042        1
108:     0.775  0.173  0.052        1
109:     0.645  0.249  0.106        1
110:     0.672  0.189  0.138        1
111:     0.828  0.135  0.037        1
112:     0.871  0.113  0.016        1
113:     0.814  0.165  0.021        1
114:     0.802  0.176  0.022        1
115:     0.714  0.178  0.109        1
116:     0.827  0.102  0.071        1
117:     0.770  0.208  0.021        1
118:     0.776  0.189  0.035        1
119:     0.784  0.174  0.042        1
120:     0.838  0.133  0.029        1
121:     0.759  0.169  0.072        1
122:     0.829  0.110  0.061        1
123:     0.756  0.152  0.092        1
124:     0.722  0.213  0.064        1
125:     0.772  0.171  0.057        1
126:     0.806  0.141  0.053        1
127:     0.726  0.160  0.114        1
128:     0.768  0.160  0.072        1
129:     0.789  0.165  0.046        1
130:     0.781  0.214  0.005        1
131:     0.840  0.114  0.046        1
132:     0.780  0.189  0.031        1
133:     0.728  0.258  0.014        1
134:     0.758  0.145  0.097        1
135:     0.815  0.179  0.006        1
136:     0.856  0.133  0.012        1
137:     0.862  0.118  0.020        1
138:     0.868  0.120  0.012        1
139:     0.819  0.133  0.048        1
140:     0.698  0.280  0.022        1
141:     0.805  0.163  0.032        1
142:     0.931  0.060  0.009        1
143:     0.743  0.207  0.049        1
144:     0.812  0.168  0.020        1
145:     0.806  0.106  0.088        1
146:     0.714  0.217  0.069        1
147:     0.782  0.201  0.018        1
148:     0.463  0.271  0.266        1
149:     0.381  0.326  0.293        1
150:     0.426  0.147  0.427        1
151:     0.352  0.159  0.488        1
152:     0.280  0.282  0.438        1
153:     0.436  0.141  0.423        1
154:     0.367  0.192  0.441        1
155:     0.350  0.209  0.440        1
156:     0.406  0.218  0.377        1
157:     0.134  0.197  0.670        1
158:     0.324  0.126  0.550        1
159:     0.307  0.132  0.561        1
160:     0.399  0.152  0.449        1
161:     0.490  0.245  0.265        1
162:     0.413  0.199  0.388        1
163:     0.132  0.197  0.671        1
164:     0.502  0.178  0.320        1
165:     0.531  0.208  0.261        1
166:     0.176  0.228  0.595        1
167:     0.419  0.206  0.375        1
168:     0.328  0.047  0.625        1
169:     0.379  0.198  0.424        1
170:     0.288  0.185  0.527        1
171:     0.485  0.177  0.338        1
172:     0.268  0.197  0.535        1
173:     0.265  0.188  0.547        1
174:     0.270  0.148  0.582        1
175:     0.343  0.203  0.454       50
176:     0.326  0.188  0.486       49
177:     0.342  0.183  0.475       50
178:     0.345  0.196  0.459       49
179:     0.329  0.202  0.469       23
180:     0.309  0.185  0.506       49
181:     0.029  0.947  0.024       30
182:     0.042  0.918  0.040       30
183:     0.286  0.237  0.477       34
184:     0.294  0.181  0.524       36
185:     0.330  0.196  0.474       40
186:     0.349  0.175  0.476       39
187:     0.303  0.197  0.501       37
188:     0.348  0.198  0.454       40
189:     0.340  0.202  0.459       35
190:     0.333  0.209  0.458       28
191:     0.310  0.192  0.498       36
192:     0.326  0.186  0.488       32
--------------------------------------------

 Rep#:   Lambda   Alpha      F1    F2    F3     D1,2  D1,3  D2,3    Ln Like 
  100:    1.00    1.608    0.032 0.179 0.022    0.032 0.012 0.032   --  
  200:    1.00    1.319    0.111 0.154 0.101    0.038 0.039 0.036   --  
  300:    1.00    1.257    0.130 0.141 0.118    0.039 0.043 0.036   --  
  400:    1.00    1.215    0.137 0.151 0.108    0.040 0.042 0.035   --  
  500:    1.00    1.114    0.146 0.152 0.102    0.040 0.041 0.034   --  
  600:    1.00    1.058    0.138 0.148 0.100    0.040 0.039 0.033   --  
  700:    1.00    1.032    0.142 0.145 0.094    0.040 0.039 0.032   --  
  800:    1.00    0.967    0.145 0.146 0.087    0.041 0.038 0.031   --  
  900:    1.00    0.978    0.141 0.146 0.079    0.041 0.036 0.030   --  

--------------------------------------------
Proportion of membership of each pre-defined
 population in each of the 3 clusters

Given    Inferred Clusters       Number of
 Pop       1      2      3      Individuals

  1:     0.181  0.159  0.659       54
  2:     0.181  0.154  0.665       30
  3:     0.107  0.747  0.146       30
  4:     0.109  0.864  0.027       20
  5:     0.128  0.803  0.069       30
  6:     0.183  0.150  0.667       43
  7:     0.182  0.150  0.669       44
  8:     0.185  0.123  0.692        4
  9:     0.187  0.099  0.714       22
 10:     0.179  0.116  0.704       24
 11:     0.182  0.147  0.671       54
 12:     0.181  0.140  0.679       37
 13:     0.182  0.157  0.661       42
 14:     0.181  0.141  0.677       42
 15:     0.184  0.150  0.666       49
 16:     0.183  0.154  0.663      124
 17:     0.191  0.143  0.665       24
 18:     0.186  0.137  0.678       34
 19:     0.182  0.148  0.670       52
 20:     0.171  0.129  0.701        1
 21:     0.233  0.122  0.645        1
 22:     0.156  0.131  0.713        1
 23:     0.220  0.147  0.633        1
 24:     0.204  0.130  0.667        1
 25:     0.159  0.217  0.624        1
 26:     0.218  0.147  0.635        1
 27:     0.173  0.159  0.668        1
 28:     0.209  0.106  0.685        1
 29:     0.166  0.126  0.708        1
 30:     0.200  0.167  0.633        1
 31:     0.147  0.301  0.552        1
 32:     0.192  0.118  0.690        1
 33:     0.199  0.172  0.629        1
 34:     0.215  0.106  0.678        1
 35:     0.171  0.123  0.706        1
 36:     0.191  0.187  0.623        1
 37:     0.192  0.146  0.663        1
 38:     0.256  0.148  0.596        1
 39:     0.193  0.105  0.702        1
 40:     0.234  0.141  0.624        1
 41:     0.226  0.074  0.700        1
 42:     0.160  0.206  0.634        1
 43:     0.155  0.146  0.699        1
 44:     0.153  0.196  0.651        1
 45:     0.221  0.108  0.671        1
 46:     0.257  0.121  0.622        1
 47:     0.207  0.088  0.705        1
 48:     0.214  0.145  0.641        1
 49:     0.191  0.098  0.711        1
 50:     0.175  0.394  0.431        1
 51:     0.197  0.256  0.547        1
 52:     0.237  0.142  0.621        1
 53:     0.234  0.174  0.592        1
 54:     0.186  0.212  0.602        1
 55:     0.246  0.227  0.527        1
 56:     0.226  0.092  0.682        1
 57:     0.207  0.123  0.669        1
 58:     0.245  0.160  0.595        1
 59:     0.217  0.201  0.581        1
 60:     0.282  0.169  0.549        1
 61:     0.229  0.204  0.567        1
 62:     0.139  0.471  0.389        1
 63:     0.285  0.147  0.568        1
 64:     0.204  0.183  0.612        1
 65:     0.226  0.145  0.629        1
 66:     0.244  0.199  0.557        1
 67:     0.245  0.180  0.574        1
 68:     0.211  0.139  0.651        1
 69:     0.284  0.164  0.552        1
 70:     0.243  0.150  0.606        1
 71:     0.244  0.142  0.614        1
 72:     0.296  0.141  0.563        1
 73:     0.228  0.171  0.601        1
 74:     0.226  0.169  0.604        1
 75:     0.204  0.237  0.558        1
 76:     0.158  0.608  0.233        1
 77:     0.220  0.244  0.537        1
 78:     0.218  0.193  0.589        1
 79:     0.208  0.173  0.619        1
 80:     0.225  0.187  0.588        1
 81:     0.231  0.201  0.569        1
 82:     0.329  0.172  0.499        1
 83:     0.214  0.166  0.620        1
 84:     0.956  0.036  0.008        1
 85:     0.942  0.055  0.002        1
 86:     0.893  0.034  0.073        1
 87:     0.994  0.001  0.006        1
 88:     0.995  0.002  0.002        1
 89:     0.974  0.001  0.026        1
 90:     0.999  0.001  0.000        1
 91:     0.968  0.012  0.020        1
 92:     0.894  0.028  0.078        1
 93:     0.942  0.058  0.001        1
 94:     0.954  0.019  0.027        1
 95:     0.925  0.070  0.006        1
 96:     0.991  0.006  0.003        1
 97:     0.969  0.031  0.000        1
 98:     0.968  0.030  0.002        1
 99:     0.996  0.002  0.002        1
100:     0.995  0.005  0.000        1
101:     0.819  0.037  0.144        1
102:     0.877  0.004  0.119        1
103:     0.987  0.002  0.011        1
104:     0.972  0.021  0.007        1
105:     0.946  0.054  0.001        1
106:     0.872  0.019  0.109        1
107:     0.969  0.025  0.007        1
108:     0.899  0.030  0.071        1
109:     0.808  0.102  0.090        1
110:     0.796  0.016  0.188        1
111:     0.972  0.022  0.006        1
112:     0.995  0.002  0.002        1
113:     0.957  0.039  0.004        1
114:     0.979  0.014  0.008        1
115:     0.963  0.003  0.035        1
116:     0.995  0.002  0.003        1
117:     0.968  0.019  0.013        1
118:     0.976  0.021  0.002        1
119:     0.889  0.013  0.098        1
120:     0.989  0.000  0.010        1
121:     0.976  0.017  0.007        1
122:     0.955  0.009  0.036        1
123:     0.998  0.000  0.002        1
124:     0.875  0.092  0.033        1
125:     0.991  0.001  0.009        1
126:     0.898  0.029  0.073        1
127:     0.947  0.028  0.025        1
128:     0.976  0.016  0.009        1
129:     0.994  0.000  0.006        1
130:     0.928  0.055  0.018        1
131:     0.996  0.002  0.002        1
132:     0.858  0.101  0.041        1
133:     0.887  0.101  0.012        1
134:     0.872  0.030  0.098        1
135:     0.851  0.082  0.066        1
136:     0.998  0.001  0.000        1
137:     0.972  0.005  0.022        1
138:     0.995  0.005  0.000        1
139:     0.933  0.061  0.005        1
140:     0.929  0.070  0.001        1
141:     0.993  0.004  0.002        1
142:     0.924  0.046  0.030        1
143:     0.938  0.041  0.021        1
144:     0.978  0.020  0.002        1
145:     0.983  0.003  0.014        1
146:     0.959  0.032  0.009        1
147:     0.993  0.005  0.002        1
148:     0.259  0.205  0.536        1
149:     0.245  0.264  0.492        1
150:     0.194  0.116  0.690        1
151:     0.178  0.128  0.694        1
152:     0.156  0.191  0.653        1
153:     0.202  0.153  0.645        1
154:     0.190  0.109  0.701        1
155:     0.185  0.140  0.674        1
156:     0.197  0.143  0.660        1
157:     0.190  0.151  0.659        1
158:     0.231  0.132  0.637        1
159:     0.212  0.103  0.686        1
160:     0.187  0.104  0.709        1
161:     0.228  0.154  0.618        1
162:     0.198  0.139  0.663        1
163:     0.211  0.114  0.675        1
164:     0.193  0.150  0.657        1
165:     0.225  0.156  0.619        1
166:     0.168  0.176  0.655        1
167:     0.171  0.154  0.675        1
168:     0.187  0.096  0.717        1
169:     0.232  0.130  0.638        1
170:     0.238  0.086  0.676        1
171:     0.196  0.100  0.704        1
172:     0.177  0.168  0.655        1
173:     0.162  0.156  0.682        1
174:     0.179  0.136  0.685        1
175:     0.182  0.150  0.668       50
176:     0.180  0.139  0.680       49
177:     0.183  0.141  0.676       50
178:     0.177  0.151  0.673       49
179:     0.186  0.153  0.662       23
180:     0.181  0.145  0.674       49
181:     0.003  0.992  0.005       30
182:     0.012  0.972  0.016       30
183:     0.188  0.192  0.620       34
184:     0.180  0.148  0.672       36
185:     0.186  0.153  0.661       40
186:     0.182  0.134  0.684       39
187:     0.182  0.152  0.666       37
188:     0.185  0.157  0.658       40
189:     0.179  0.149  0.672       35
190:     0.173  0.168  0.658       28
191:     0.181  0.153  0.666       36
192:     0.175  0.157  0.668       32
--------------------------------------------

 Rep#:   Lambda   Alpha      F1    F2    F3     D1,2  D1,3  D2,3    Ln Like 
 1000:    1.00    0.902    0.140 0.144 0.076    0.041 0.035 0.030   --  
 1100:    1.00    0.889    0.137 0.147 0.072    0.041 0.035 0.029   --  
 1200:    1.00    0.843    0.140 0.144 0.067    0.041 0.034 0.029   --  
 1300:    1.00    0.826    0.140 0.145 0.061    0.041 0.033 0.028   --  
 1400:    1.00    0.750    0.137 0.144 0.061    0.041 0.033 0.027   --  
 1500:    1.00    0.772    0.139 0.145 0.056    0.041 0.032 0.027   --  
 1600:    1.00    0.742    0.135 0.143 0.056    0.041 0.031 0.027   --  
 1700:    1.00    0.709    0.138 0.143 0.051    0.041 0.031 0.026   --  
 1800:    1.00    0.681    0.139 0.140 0.048    0.041 0.030 0.026   --  
 1900:    1.00    0.651    0.133 0.141 0.047    0.040 0.030 0.026   --  

--------------------------------------------
Proportion of membership of each pre-defined
 population in each of the 3 clusters

Given    Inferred Clusters       Number of
 Pop       1      2      3      Individuals

  1:     0.115  0.127  0.759       54
  2:     0.112  0.117  0.771       30
  3:     0.089  0.746  0.165       30
  4:     0.105  0.871  0.025       20
  5:     0.122  0.801  0.077       30
  6:     0.120  0.110  0.770       43
  7:     0.111  0.112  0.777       44
  8:     0.113  0.086  0.801        4
  9:     0.113  0.066  0.821       22
 10:     0.119  0.071  0.810       24
 11:     0.113  0.116  0.771       54
 12:     0.111  0.108  0.781       37
 13:     0.111  0.122  0.767       42
 14:     0.116  0.110  0.774       42
 15:     0.117  0.118  0.765       49
 16:     0.114  0.120  0.766      124
 17:     0.116  0.110  0.774       24
 18:     0.119  0.098  0.783       34
 19:     0.115  0.117  0.768       52
 20:     0.126  0.042  0.832        1
 21:     0.184  0.082  0.734        1
 22:     0.128  0.112  0.760        1
 23:     0.151  0.170  0.678        1
 24:     0.120  0.076  0.804        1
 25:     0.114  0.163  0.723        1
 26:     0.143  0.081  0.777        1
 27:     0.121  0.158  0.721        1
 28:     0.135  0.064  0.800        1
 29:     0.106  0.087  0.808        1
 30:     0.129  0.182  0.689        1
 31:     0.123  0.241  0.636        1
 32:     0.093  0.068  0.839        1
 33:     0.093  0.175  0.731        1
 34:     0.157  0.058  0.785        1
 35:     0.137  0.098  0.766        1
 36:     0.150  0.129  0.721        1
 37:     0.123  0.096  0.780        1
 38:     0.174  0.153  0.674        1
 39:     0.163  0.057  0.780        1
 40:     0.137  0.128  0.735        1
 41:     0.150  0.073  0.777        1
 42:     0.147  0.137  0.717        1
 43:     0.134  0.118  0.749        1
 44:     0.081  0.196  0.723        1
 45:     0.126  0.059  0.815        1
 46:     0.137  0.132  0.731        1
 47:     0.108  0.071  0.820        1
 48:     0.101  0.066  0.832        1
 49:     0.142  0.076  0.782        1
 50:     0.117  0.384  0.500        1
 51:     0.130  0.293  0.577        1
 52:     0.134  0.144  0.722        1
 53:     0.114  0.121  0.765        1
 54:     0.183  0.144  0.673        1
 55:     0.215  0.226  0.560        1
 56:     0.176  0.060  0.764        1
 57:     0.136  0.072  0.792        1
 58:     0.189  0.127  0.683        1
 59:     0.166  0.167  0.667        1
 60:     0.176  0.169  0.655        1
 61:     0.222  0.137  0.641        1
 62:     0.088  0.470  0.441        1
 63:     0.172  0.172  0.657        1
 64:     0.159  0.150  0.691        1
 65:     0.195  0.116  0.690        1
 66:     0.176  0.104  0.720        1
 67:     0.208  0.155  0.637        1
 68:     0.170  0.125  0.705        1
 69:     0.206  0.143  0.651        1
 70:     0.139  0.137  0.724        1
 71:     0.226  0.111  0.663        1
 72:     0.241  0.130  0.628        1
 73:     0.202  0.107  0.691        1
 74:     0.128  0.182  0.690        1
 75:     0.197  0.171  0.632        1
 76:     0.173  0.592  0.235        1
 77:     0.192  0.178  0.629        1
 78:     0.184  0.173  0.643        1
 79:     0.184  0.162  0.654        1
 80:     0.192  0.099  0.709        1
 81:     0.209  0.161  0.631        1
 82:     0.257  0.164  0.579        1
 83:     0.174  0.115  0.710        1
 84:     0.967  0.019  0.013        1
 85:     0.986  0.010  0.004        1
 86:     0.902  0.013  0.085        1
 87:     0.991  0.000  0.008        1
 88:     0.998  0.002  0.000        1
 89:     0.976  0.000  0.024        1
 90:     0.997  0.003  0.000        1
 91:     0.988  0.007  0.006        1
 92:     0.850  0.028  0.123        1
 93:     0.918  0.080  0.002        1
 94:     0.925  0.046  0.029        1
 95:     0.893  0.043  0.064        1
 96:     0.995  0.004  0.001        1
 97:     0.993  0.006  0.001        1
 98:     0.990  0.000  0.010        1
 99:     0.995  0.002  0.003        1
100:     0.992  0.008  0.000        1
101:     0.788  0.044  0.168        1
102:     0.836  0.002  0.161        1
103:     0.993  0.007  0.000        1
104:     0.971  0.009  0.019        1
105:     0.922  0.078  0.000        1
106:     0.842  0.001  0.157        1
107:     0.966  0.024  0.009        1
108:     0.893  0.012  0.095        1
109:     0.790  0.077  0.133        1
110:     0.820  0.000  0.180        1
111:     0.994  0.000  0.006        1
112:     0.997  0.000  0.002        1
113:     0.979  0.010  0.011        1
114:     0.980  0.004  0.015        1
115:     0.968  0.002  0.030        1
116:     0.994  0.006  0.000        1
117:     0.934  0.057  0.008        1
118:     0.959  0.038  0.004        1
119:     0.892  0.015  0.093        1
120:     0.966  0.000  0.034        1
121:     0.967  0.000  0.033        1
122:     0.962  0.005  0.033        1
123:     0.996  0.004  0.000        1
124:     0.878  0.059  0.063        1
125:     0.994  0.000  0.006        1
126:     0.893  0.011  0.096        1
127:     0.929  0.020  0.051        1
128:     0.980  0.018  0.002        1
129:     0.999  0.001  0.000        1
130:     0.943  0.028  0.028        1
131:     0.998  0.002  0.000        1
132:     0.869  0.066  0.065        1
133:     0.885  0.103  0.012        1
134:     0.877  0.010  0.113        1
135:     0.822  0.045  0.133        1
136:     0.999  0.000  0.001        1
137:     0.994  0.003  0.002        1
138:     0.999  0.000  0.001        1
139:     0.951  0.048  0.000        1
140:     0.915  0.078  0.006        1
141:     0.998  0.000  0.002        1
142:     0.927  0.013  0.060        1
143:     0.953  0.043  0.004        1
144:     0.996  0.002  0.002        1
145:     0.998  0.000  0.001        1
146:     0.938  0.039  0.023        1
147:     0.999  0.000  0.001        1
148:     0.211  0.205  0.584        1
149:     0.170  0.227  0.603        1
150:     0.158  0.077  0.765        1
151:     0.104  0.028  0.868        1
152:     0.097  0.126  0.777        1
153:     0.119  0.121  0.761        1
154:     0.104  0.097  0.799        1
155:     0.159  0.085  0.756        1
156:     0.123  0.142  0.735        1
157:     0.177  0.093  0.731        1
158:     0.154  0.090  0.756        1
159:     0.122  0.059  0.819        1
160:     0.129  0.139  0.731        1
161:     0.166  0.165  0.669        1
162:     0.113  0.152  0.736        1
163:     0.152  0.128  0.720        1
164:     0.165  0.102  0.733        1
165:     0.184  0.160  0.656        1
166:     0.077  0.119  0.804        1
167:     0.121  0.109  0.770        1
168:     0.081  0.071  0.849        1
169:     0.195  0.092  0.713        1
170:     0.130  0.033  0.837        1
171:     0.140  0.097  0.762        1
172:     0.127  0.116  0.756        1
173:     0.109  0.111  0.779        1
174:     0.152  0.108  0.740        1
175:     0.112  0.117  0.771       50
176:     0.110  0.106  0.783       49
177:     0.110  0.113  0.777       50
178:     0.107  0.119  0.774       49
179:     0.117  0.125  0.757       23
180:     0.107  0.108  0.785       49
181:     0.002  0.994  0.004       30
182:     0.010  0.975  0.015       30
183:     0.128  0.161  0.711       34
184:     0.102  0.117  0.781       36
185:     0.115  0.120  0.766       40
186:     0.113  0.102  0.785       39
187:     0.114  0.119  0.767       37
188:     0.117  0.122  0.761       40
189:     0.112  0.115  0.773       35
190:     0.110  0.126  0.764       28
191:     0.110  0.111  0.779       36
192:     0.107  0.113  0.780       32
--------------------------------------------

 Rep#:   Lambda   Alpha      F1    F2    F3     D1,2  D1,3  D2,3    Ln Like 
 2000:    1.00    0.624    0.135 0.143 0.045    0.041 0.030 0.025   --  
 2100:    1.00    0.635    0.136 0.144 0.041    0.041 0.029 0.025   --  
 2200:    1.00    0.624    0.137 0.141 0.038    0.041 0.029 0.025   --  
 2300:    1.00    0.590    0.135 0.140 0.039    0.040 0.029 0.025   --  
 2400:    1.00    0.586    0.133 0.143 0.038    0.040 0.029 0.024   --  
 2500:    1.00    0.563    0.135 0.143 0.038    0.041 0.028 0.024   --  
 2600:    1.00    0.536    0.131 0.140 0.035    0.040 0.028 0.024   --  
 2700:    1.00    0.539    0.132 0.142 0.032    0.040 0.028 0.024   --  
 2800:    1.00    0.543    0.134 0.139 0.032    0.041 0.027 0.024   --  
 2900:    1.00    0.487    0.132 0.139 0.032    0.041 0.027 0.023   --  

--------------------------------------------
Proportion of membership of each pre-defined
 population in each of the 3 clusters

Given    Inferred Clusters       Number of
 Pop       1      2      3      Individuals

  1:     0.077  0.098  0.825       54
  2:     0.071  0.092  0.837       30
  3:     0.071  0.740  0.189       30
  4:     0.102  0.874  0.025       20
  5:     0.099  0.816  0.085       30
  6:     0.079  0.087  0.833       43
  7:     0.077  0.086  0.837       44
  8:     0.078  0.060  0.863        4
  9:     0.070  0.042  0.888       22
 10:     0.074  0.047  0.880       24
 11:     0.079  0.086  0.835       54
 12:     0.071  0.083  0.845       37
 13:     0.071  0.100  0.830       42
 14:     0.067  0.087  0.847       42
 15:     0.074  0.091  0.836       49
 16:     0.072  0.099  0.829      124
 17:     0.069  0.095  0.836       24
 18:     0.082  0.075  0.843       34
 19:     0.074  0.085  0.841       52
 20:     0.060  0.058  0.882        1
 21:     0.126  0.031  0.843        1
 22:     0.041  0.091  0.867        1
 23:     0.149  0.090  0.761        1
 24:     0.088  0.046  0.865        1
 25:     0.102  0.146  0.753        1
 26:     0.119  0.082  0.799        1
 27:     0.090  0.096  0.814        1
 28:     0.086  0.056  0.858        1
 29:     0.082  0.040  0.879        1
 30:     0.101  0.132  0.768        1
 31:     0.066  0.242  0.692        1
 32:     0.093  0.038  0.868        1
 33:     0.069  0.122  0.809        1
 34:     0.108  0.032  0.860        1
 35:     0.059  0.077  0.864        1
 36:     0.107  0.114  0.779        1
 37:     0.103  0.049  0.847        1
 38:     0.159  0.126  0.715        1
 39:     0.112  0.049  0.839        1
 40:     0.142  0.076  0.782        1
 41:     0.090  0.112  0.798        1
 42:     0.091  0.041  0.867        1
 43:     0.082  0.095  0.824        1
 44:     0.079  0.129  0.791        1
 45:     0.083  0.070  0.847        1
 46:     0.171  0.055  0.774        1
 47:     0.101  0.074  0.824        1
 48:     0.099  0.060  0.840        1
 49:     0.119  0.042  0.839        1
 50:     0.105  0.354  0.541        1
 51:     0.090  0.237  0.673        1
 52:     0.111  0.087  0.802        1
 53:     0.113  0.085  0.802        1
 54:     0.137  0.097  0.767        1
 55:     0.159  0.187  0.654        1
 56:     0.123  0.020  0.856        1
 57:     0.133  0.056  0.811        1
 58:     0.147  0.069  0.784        1
 59:     0.112  0.111  0.777        1
 60:     0.122  0.147  0.731        1
 61:     0.164  0.156  0.680        1
 62:     0.108  0.439  0.453        1
 63:     0.151  0.129  0.719        1
 64:     0.154  0.110  0.736        1
 65:     0.150  0.106  0.744        1
 66:     0.139  0.077  0.784        1
 67:     0.165  0.095  0.740        1
 68:     0.142  0.099  0.759        1
 69:     0.178  0.104  0.718        1
 70:     0.129  0.093  0.778        1
 71:     0.168  0.080  0.752        1
 72:     0.198  0.070  0.732        1
 73:     0.123  0.084  0.793        1
 74:     0.131  0.078  0.791        1
 75:     0.167  0.136  0.697        1
 76:     0.166  0.585  0.250        1
 77:     0.142  0.116  0.741        1
 78:     0.101  0.138  0.761        1
 79:     0.122  0.145  0.733        1
 80:     0.138  0.084  0.778        1
 81:     0.145  0.171  0.684        1
 82:     0.222  0.122  0.656        1
 83:     0.115  0.084  0.801        1
 84:     0.976  0.018  0.007        1
 85:     0.980  0.016  0.004        1
 86:     0.859  0.004  0.138        1
 87:     0.984  0.001  0.015        1
 88:     0.997  0.000  0.003        1
 89:     0.990  0.007  0.003        1
 90:     0.994  0.003  0.003        1
 91:     0.999  0.000  0.001        1
 92:     0.824  0.005  0.172        1
 93:     0.970  0.030  0.001        1
 94:     0.947  0.016  0.037        1
 95:     0.912  0.035  0.053        1
 96:     0.992  0.001  0.006        1
 97:     0.980  0.020  0.000        1
 98:     0.982  0.008  0.010        1
 99:     0.994  0.001  0.005        1
100:     0.994  0.004  0.002        1
101:     0.820  0.041  0.139        1
102:     0.812  0.003  0.186        1
103:     0.995  0.000  0.005        1
104:     0.976  0.001  0.022        1
105:     0.940  0.049  0.011        1
106:     0.829  0.001  0.170        1
107:     0.977  0.018  0.005        1
108:     0.875  0.017  0.108        1
109:     0.793  0.108  0.099        1
110:     0.792  0.000  0.208        1
111:     0.996  0.004  0.000        1
112:     0.998  0.001  0.001        1
113:     0.990  0.010  0.001        1
114:     0.987  0.003  0.010        1
115:     0.979  0.004  0.017        1
116:     0.998  0.002  0.000        1
117:     0.945  0.055  0.000        1
118:     0.997  0.001  0.002        1
119:     0.886  0.008  0.107        1
120:     0.950  0.003  0.047        1
121:     0.986  0.002  0.013        1
122:     0.963  0.001  0.036        1
123:     0.999  0.000  0.001        1
124:     0.833  0.087  0.080        1
125:     0.986  0.013  0.000        1
126:     0.877  0.005  0.118        1
127:     0.936  0.042  0.023        1
128:     0.993  0.002  0.005        1
129:     1.000  0.000  0.000        1
130:     0.947  0.027  0.026        1
131:     0.997  0.000  0.003        1
132:     0.861  0.094  0.045        1
133:     0.891  0.099  0.011        1
134:     0.838  0.022  0.140        1
135:     0.832  0.048  0.120        1
136:     0.998  0.000  0.002        1
137:     0.996  0.000  0.004        1
138:     0.998  0.001  0.001        1
139:     0.933  0.064  0.002        1
140:     0.913  0.086  0.000        1
141:     0.997  0.001  0.003        1
142:     0.883  0.000  0.117        1
143:     0.934  0.054  0.012        1
144:     0.960  0.012  0.028        1
145:     0.999  0.000  0.001        1
146:     0.953  0.033  0.014        1
147:     0.966  0.014  0.020        1
148:     0.144  0.141  0.715        1
149:     0.143  0.197  0.661        1
150:     0.123  0.035  0.842        1
151:     0.112  0.054  0.834        1
152:     0.066  0.166  0.768        1
153:     0.073  0.055  0.872        1
154:     0.062  0.061  0.877        1
155:     0.107  0.045  0.847        1
156:     0.048  0.096  0.856        1
157:     0.078  0.067  0.855        1
158:     0.117  0.080  0.803        1
159:     0.119  0.015  0.866        1
160:     0.052  0.076  0.872        1
161:     0.095  0.139  0.766        1
162:     0.080  0.078  0.843        1
163:     0.129  0.079  0.793        1
164:     0.091  0.155  0.754        1
165:     0.104  0.110  0.786        1
166:     0.059  0.111  0.830        1
167:     0.089  0.083  0.829        1
168:     0.064  0.007  0.929        1
169:     0.095  0.072  0.832        1
170:     0.108  0.000  0.892        1
171:     0.094  0.051  0.855        1
172:     0.072  0.130  0.798        1
173:     0.074  0.057  0.869        1
174:     0.096  0.096  0.808        1
175:     0.075  0.088  0.837       50
176:     0.073  0.083  0.844       49
177:     0.072  0.080  0.847       50
178:     0.069  0.089  0.842       49
179:     0.079  0.086  0.835       23
180:     0.074  0.081  0.844       49
181:     0.003  0.994  0.003       30
182:     0.005  0.979  0.016       30
183:     0.084  0.141  0.775       34
184:     0.061  0.083  0.857       36
185:     0.076  0.091  0.833       40
186:     0.068  0.071  0.861       39
187:     0.069  0.093  0.838       37
188:     0.081  0.099  0.821       40
189:     0.073  0.091  0.836       35
190:     0.065  0.105  0.830       28
191:     0.069  0.087  0.844       36
192:     0.068  0.091  0.841       32
--------------------------------------------

 Rep#:   Lambda   Alpha      F1    F2    F3     D1,2  D1,3  D2,3    Ln Like 
 3000:    1.00    0.475    0.137 0.138 0.030    0.041 0.027 0.023   --  
 3100:    1.00    0.473    0.129 0.136 0.030    0.040 0.026 0.023   --  
 3200:    1.00    0.437    0.131 0.141 0.030    0.040 0.026 0.023   --  
 3300:    1.00    0.429    0.132 0.139 0.030    0.040 0.026 0.023   --  
 3400:    1.00    0.418    0.133 0.136 0.029    0.040 0.026 0.022   --  
 3500:    1.00    0.398    0.130 0.137 0.028    0.040 0.025 0.022   --  
 3600:    1.00    0.378    0.133 0.133 0.028    0.040 0.026 0.022   --  
 3700:    1.00    0.363    0.131 0.137 0.027    0.040 0.025 0.022   --  
 3800:    1.00    0.327    0.132 0.139 0.026    0.040 0.025 0.021   --  
 3900:    1.00    0.310    0.127 0.132 0.024    0.040 0.025 0.021   --  

--------------------------------------------
Proportion of membership of each pre-defined
 population in each of the 3 clusters

Given    Inferred Clusters       Number of
 Pop       1      2      3      Individuals

  1:     0.036  0.072  0.892       54
  2:     0.031  0.062  0.907       30
  3:     0.061  0.730  0.208       30
  4:     0.086  0.885  0.029       20
  5:     0.089  0.820  0.090       30
  6:     0.035  0.060  0.904       43
  7:     0.035  0.052  0.913       44
  8:     0.034  0.027  0.939        4
  9:     0.029  0.017  0.953       22
 10:     0.032  0.014  0.954       24
 11:     0.036  0.051  0.913       54
 12:     0.029  0.055  0.916       37
 13:     0.037  0.073  0.890       42
 14:     0.029  0.058  0.913       42
 15:     0.034  0.063  0.902       49
 16:     0.039  0.064  0.896      124
 17:     0.038  0.055  0.907       24
 18:     0.037  0.046  0.917       34
 19:     0.033  0.057  0.909       52
 20:     0.030  0.035  0.935        1
 21:     0.130  0.041  0.830        1
 22:     0.056  0.045  0.898        1
 23:     0.088  0.086  0.826        1
 24:     0.033  0.062  0.904        1
 25:     0.080  0.095  0.825        1
 26:     0.079  0.044  0.877        1
 27:     0.066  0.078  0.856        1
 28:     0.032  0.097  0.871        1
 29:     0.079  0.008  0.913        1
 30:     0.062  0.156  0.783        1
 31:     0.036  0.219  0.746        1
 32:     0.052  0.018  0.930        1
 33:     0.052  0.101  0.847        1
 34:     0.063  0.001  0.937        1
 35:     0.074  0.008  0.918        1
 36:     0.065  0.066  0.869        1
 37:     0.040  0.016  0.943        1
 38:     0.141  0.098  0.761        1
 39:     0.022  0.005  0.972        1
 40:     0.094  0.074  0.832        1
 41:     0.072  0.024  0.905        1
 42:     0.081  0.059  0.860        1
 43:     0.072  0.060  0.868        1
 44:     0.033  0.099  0.868        1
 45:     0.068  0.032  0.900        1
 46:     0.122  0.016  0.862        1
 47:     0.034  0.030  0.936        1
 48:     0.060  0.049  0.891        1
 49:     0.049  0.006  0.945        1
 50:     0.076  0.334  0.590        1
 51:     0.066  0.250  0.684        1
 52:     0.094  0.080  0.826        1
 53:     0.086  0.048  0.865        1
 54:     0.113  0.074  0.813        1
 55:     0.124  0.178  0.698        1
 56:     0.103  0.001  0.897        1
 57:     0.067  0.036  0.897        1
 58:     0.083  0.021  0.897        1
 59:     0.066  0.102  0.832        1
 60:     0.124  0.105  0.771        1
 61:     0.131  0.092  0.777        1
 62:     0.028  0.438  0.534        1
 63:     0.117  0.121  0.761        1
 64:     0.108  0.055  0.837        1
 65:     0.127  0.091  0.782        1
 66:     0.107  0.082  0.811        1
 67:     0.145  0.128  0.727        1
 68:     0.117  0.027  0.856        1
 69:     0.112  0.115  0.773        1
 70:     0.084  0.097  0.819        1
 71:     0.107  0.087  0.806        1
 72:     0.162  0.089  0.749        1
 73:     0.117  0.069  0.814        1
 74:     0.025  0.084  0.891        1
 75:     0.101  0.103  0.796        1
 76:     0.144  0.574  0.282        1
 77:     0.123  0.093  0.784        1
 78:     0.084  0.127  0.788        1
 79:     0.099  0.129  0.772        1
 80:     0.086  0.102  0.812        1
 81:     0.118  0.106  0.775        1
 82:     0.182  0.095  0.724        1
 83:     0.101  0.056  0.844        1
 84:     0.983  0.015  0.002        1
 85:     0.950  0.050  0.000        1
 86:     0.877  0.001  0.122        1
 87:     0.989  0.007  0.004        1
 88:     0.984  0.002  0.014        1
 89:     0.983  0.002  0.015        1
 90:     0.999  0.001  0.000        1
 91:     0.999  0.001  0.000        1
 92:     0.860  0.003  0.136        1
 93:     0.961  0.038  0.000        1
 94:     0.922  0.012  0.066        1
 95:     0.916  0.002  0.082        1
 96:     0.999  0.001  0.000        1
 97:     0.983  0.012  0.005        1
 98:     0.999  0.000  0.001        1
 99:     1.000  0.000  0.000        1
100:     1.000  0.000  0.000        1
101:     0.786  0.030  0.184        1
102:     0.803  0.001  0.196        1
103:     0.996  0.000  0.004        1
104:     0.994  0.006  0.000        1
105:     0.973  0.011  0.016        1
106:     0.842  0.000  0.158        1
107:     0.992  0.005  0.004        1
108:     0.870  0.017  0.113        1
109:     0.799  0.043  0.158        1
110:     0.795  0.000  0.205        1
111:     0.995  0.001  0.005        1
112:     0.999  0.000  0.001        1
113:     0.997  0.003  0.000        1
114:     0.997  0.000  0.002        1
115:     0.968  0.000  0.032        1
116:     0.998  0.001  0.001        1
117:     0.941  0.050  0.009        1
118:     0.959  0.029  0.011        1
119:     0.872  0.000  0.128        1
120:     0.960  0.000  0.040        1
121:     0.999  0.001  0.000        1
122:     0.969  0.001  0.030        1
123:     0.995  0.005  0.000        1
124:     0.881  0.050  0.069        1
125:     1.000  0.000  0.000        1
126:     0.909  0.001  0.090        1
