

----------------------------------------------------
STRUCTURE by Pritchard, Stephens and Donnelly (2000)
     and Falush, Stephens and Pritchard (2003)
       Code by Pritchard, Falush and Hubisz
             Version 2.3.4 (Jul 2012)
----------------------------------------------------


Reading file "/workdir/yc2644/CV_CT_array/structure/threader_input/mainparams".
Reading file "/workdir/yc2644/CV_CT_array/structure/threader_input/extraparams".
Reading file "/workdir/yc2644/CV_CT_array/structure/threader_input/n1601.recode.strct_in".


Data file "/workdir/yc2644/CV_CT_array/structure/threader_input/n1601.recode.strct_in" (truncated) --

Ind:   Label Pop : Genotype_data . . . .
  1:  001s    1  :  2   1   2   2   2   1   2  . . . .   2
  1:  001s    1  :  2   2   2   2   2   2   2  . . . .   2
  2:  002s    1  :  2   2   2   2   1   1   2  . . . .   2
  2:  002s    1  :  2   2   2   2   2   2   2  . . . .   2
  3:  003s    1  :  1   2   1   2   2   2   2  . . . .   1
  3:  003s    1  :  2   2   1   2   2   2   2  . . . .   2
  4:  004s    1  :  1   1   2   2   1   2   2  . . . .   1
  4:  004s    1  :  2   1   2   2   2   2   2  . . . .   2

      *******   

1600:    49  192  :  2   2   2   2   2   1   2  . . . .   1
1600:    49  192  :  2   2   2   2   2   2   2  . . . .   2
1601:    50  192  :  2   1   2   2   1   2   2  . . . .   1
1601:    50  192  :  2   2   2   2   2   2   2  . . . .   2

Number of alleles per locus: min= 2; ave=2.0; max= 2


--------------------------------------

Finished initialization; starting MCMC 
100000 iterations + 10000 burnin


--------------------------------------------
Proportion of membership of each pre-defined
 population in each of the 3 clusters

Given    Inferred Clusters       Number of
 Pop       1      2      3      Individuals

  1:     0.490  0.301  0.209       54
  2:     0.482  0.322  0.196       30
  3:     0.055  0.292  0.653       30
  4:     0.016  0.653  0.331       20
  5:     0.018  0.664  0.318       30
  6:     0.489  0.325  0.186       43
  7:     0.499  0.320  0.181       44
  8:     0.547  0.245  0.208        4
  9:     0.550  0.273  0.177       22
 10:     0.537  0.291  0.172       24
 11:     0.510  0.292  0.199       54
 12:     0.503  0.305  0.192       37
 13:     0.485  0.320  0.195       42
 14:     0.498  0.305  0.197       42
 15:     0.494  0.306  0.201       49
 16:     0.482  0.321  0.197      124
 17:     0.496  0.319  0.184       24
 18:     0.509  0.277  0.214       34
 19:     0.488  0.327  0.185       52
 20:     0.527  0.302  0.171        1
 21:     0.529  0.140  0.331        1
 22:     0.514  0.387  0.099        1
 23:     0.484  0.236  0.280        1
 24:     0.515  0.343  0.142        1
 25:     0.474  0.275  0.251        1
 26:     0.512  0.329  0.159        1
 27:     0.445  0.461  0.094        1
 28:     0.505  0.305  0.190        1
 29:     0.567  0.332  0.101        1
 30:     0.459  0.297  0.244        1
 31:     0.380  0.329  0.292        1
 32:     0.466  0.509  0.025        1
 33:     0.434  0.421  0.146        1
 34:     0.535  0.340  0.125        1
 35:     0.512  0.398  0.090        1
 36:     0.428  0.352  0.220        1
 37:     0.493  0.454  0.053        1
 38:     0.482  0.241  0.277        1
 39:     0.522  0.412  0.066        1
 40:     0.497  0.187  0.316        1
 41:     0.543  0.185  0.273        1
 42:     0.482  0.156  0.361        1
 43:     0.466  0.331  0.203        1
 44:     0.387  0.383  0.229        1
 45:     0.515  0.367  0.118        1
 46:     0.463  0.263  0.274        1
 47:     0.550  0.391  0.059        1
 48:     0.554  0.282  0.164        1
 49:     0.523  0.221  0.256        1
 50:     0.193  0.570  0.236        1
 51:     0.354  0.411  0.235        1
 52:     0.469  0.305  0.226        1
 53:     0.479  0.265  0.256        1
 54:     0.378  0.337  0.285        1
 55:     0.357  0.299  0.344        1
 56:     0.499  0.185  0.316        1
 57:     0.441  0.400  0.159        1
 58:     0.446  0.198  0.356        1
 59:     0.406  0.444  0.149        1
 60:     0.345  0.499  0.156        1
 61:     0.357  0.329  0.314        1
 62:     0.241  0.377  0.382        1
 63:     0.380  0.436  0.185        1
 64:     0.402  0.370  0.228        1
 65:     0.341  0.523  0.136        1
 66:     0.394  0.523  0.083        1
 67:     0.382  0.270  0.348        1
 68:     0.458  0.273  0.269        1
 69:     0.356  0.381  0.263        1
 70:     0.433  0.248  0.319        1
 71:     0.397  0.313  0.290        1
 72:     0.359  0.474  0.167        1
 73:     0.396  0.477  0.127        1
 74:     0.482  0.170  0.348        1
 75:     0.368  0.365  0.267        1
 76:     0.073  0.110  0.817        1
 77:     0.359  0.368  0.273        1
 78:     0.404  0.310  0.285        1
 79:     0.360  0.371  0.269        1
 80:     0.373  0.406  0.221        1
 81:     0.356  0.327  0.317        1
 82:     0.363  0.303  0.334        1
 83:     0.445  0.217  0.339        1
 84:     0.161  0.072  0.767        1
 85:     0.116  0.116  0.768        1
 86:     0.202  0.061  0.737        1
 87:     0.207  0.034  0.759        1
 88:     0.125  0.104  0.771        1
 89:     0.171  0.147  0.682        1
 90:     0.017  0.096  0.887        1
 91:     0.148  0.086  0.766        1
 92:     0.244  0.027  0.728        1
 93:     0.031  0.107  0.861        1
 94:     0.168  0.047  0.785        1
 95:     0.194  0.278  0.527        1
 96:     0.131  0.170  0.699        1
 97:     0.175  0.066  0.759        1
 98:     0.128  0.158  0.714        1
 99:     0.058  0.014  0.928        1
100:     0.083  0.070  0.848        1
101:     0.233  0.143  0.624        1
102:     0.218  0.090  0.692        1
103:     0.193  0.107  0.700        1
104:     0.180  0.004  0.815        1
105:     0.146  0.038  0.816        1
106:     0.239  0.057  0.703        1
107:     0.154  0.157  0.689        1
108:     0.160  0.064  0.776        1
109:     0.151  0.197  0.651        1
110:     0.205  0.165  0.630        1
111:     0.196  0.046  0.758        1
112:     0.106  0.151  0.744        1
113:     0.098  0.138  0.765        1
114:     0.134  0.120  0.745        1
115:     0.130  0.120  0.750        1
116:     0.117  0.057  0.826        1
117:     0.096  0.150  0.754        1
118:     0.084  0.077  0.839        1
119:     0.171  0.115  0.713        1
120:     0.235  0.060  0.704        1
121:     0.178  0.144  0.678        1
122:     0.171  0.131  0.698        1
123:     0.120  0.033  0.847        1
124:     0.159  0.190  0.651        1
125:     0.089  0.071  0.839        1
126:     0.157  0.023  0.821        1
127:     0.117  0.206  0.677        1
128:     0.148  0.108  0.744        1
129:     0.094  0.007  0.899        1
130:     0.137  0.026  0.837        1
131:     0.081  0.013  0.906        1
132:     0.193  0.230  0.577        1
133:     0.103  0.073  0.824        1
134:     0.239  0.216  0.545        1
135:     0.175  0.221  0.604        1
136:     0.167  0.081  0.752        1
137:     0.194  0.113  0.692        1
138:     0.148  0.050  0.802        1
139:     0.114  0.071  0.815        1
140:     0.136  0.041  0.823        1
141:     0.117  0.083  0.800        1
142:     0.259  0.127  0.614        1
143:     0.143  0.166  0.690        1
144:     0.170  0.157  0.673        1
145:     0.174  0.099  0.728        1
146:     0.151  0.018  0.831        1
147:     0.126  0.086  0.788        1
148:     0.391  0.266  0.342        1
149:     0.384  0.201  0.415        1
150:     0.505  0.318  0.177        1
151:     0.517  0.380  0.103        1
152:     0.421  0.435  0.144        1
153:     0.542  0.255  0.204        1
154:     0.550  0.057  0.393        1
155:     0.457  0.513  0.030        1
156:     0.519  0.224  0.257        1
157:     0.488  0.368  0.144        1
158:     0.500  0.357  0.143        1
159:     0.535  0.236  0.229        1
160:     0.498  0.319  0.183        1
161:     0.452  0.303  0.245        1
162:     0.486  0.272  0.242        1
163:     0.504  0.318  0.178        1
164:     0.479  0.406  0.115        1
165:     0.429  0.245  0.325        1
166:     0.486  0.475  0.039        1
167:     0.485  0.237  0.278        1
168:     0.571  0.208  0.221        1
169:     0.471  0.301  0.228        1
170:     0.564  0.157  0.279        1
171:     0.545  0.393  0.062        1
172:     0.461  0.353  0.186        1
173:     0.486  0.264  0.249        1
174:     0.528  0.202  0.270        1
175:     0.489  0.324  0.187       50
176:     0.510  0.287  0.202       49
177:     0.504  0.308  0.189       50
178:     0.507  0.297  0.196       49
179:     0.498  0.292  0.210       23
180:     0.498  0.319  0.183       49
181:     0.015  0.105  0.879       30
182:     0.010  0.342  0.648       30
183:     0.466  0.276  0.258       34
184:     0.509  0.307  0.184       36
185:     0.496  0.290  0.214       40
186:     0.526  0.293  0.181       39
187:     0.511  0.253  0.235       37
188:     0.493  0.296  0.211       40
189:     0.494  0.287  0.219       35
190:     0.479  0.311  0.210       28
191:     0.496  0.290  0.214       36
192:     0.502  0.292  0.206       32
--------------------------------------------

 Rep#:   Lambda   Alpha      F1    F2    F3     D1,2  D1,3  D2,3    Ln Like 
  100:    1.00    1.669    0.157 0.014 0.026    0.034 0.039 0.009   --  
  200:    1.00    1.412    0.166 0.164 0.115    0.055 0.048 0.034   --  
  300:    1.00    1.271    0.158 0.184 0.153    0.054 0.052 0.040   --  
  400:    1.00    1.262    0.145 0.187 0.180    0.051 0.052 0.042   --  
  500:    1.00    1.133    0.134 0.186 0.186    0.049 0.051 0.043   --  
  600:    1.00    1.136    0.124 0.188 0.186    0.047 0.049 0.044   --  
  700:    1.00    1.066    0.111 0.185 0.188    0.045 0.047 0.050   --  
  800:    1.00    0.988    0.087 0.188 0.184    0.040 0.042 0.050   --  
  900:    1.00    0.911    0.085 0.168 0.150    0.036 0.036 0.044   --  

--------------------------------------------
Proportion of membership of each pre-defined
 population in each of the 3 clusters

Given    Inferred Clusters       Number of
 Pop       1      2      3      Individuals

  1:     0.656  0.245  0.099       54
  2:     0.663  0.244  0.093       30
  3:     0.129  0.765  0.107       30
  4:     0.017  0.880  0.102       20
  5:     0.049  0.828  0.122       30
  6:     0.656  0.245  0.099       43
  7:     0.670  0.237  0.093       44
  8:     0.680  0.216  0.104        4
  9:     0.712  0.196  0.093       22
 10:     0.701  0.209  0.090       24
 11:     0.668  0.238  0.094       54
 12:     0.675  0.234  0.090       37
 13:     0.648  0.251  0.101       42
 14:     0.665  0.239  0.096       42
 15:     0.663  0.242  0.096       49
 16:     0.657  0.247  0.097      124
 17:     0.662  0.242  0.097       24
 18:     0.675  0.223  0.102       34
 19:     0.664  0.240  0.096       52
 20:     0.703  0.231  0.066        1
 21:     0.666  0.171  0.162        1
 22:     0.697  0.223  0.080        1
 23:     0.638  0.190  0.172        1
 24:     0.676  0.203  0.121        1
 25:     0.628  0.266  0.106        1
 26:     0.693  0.172  0.135        1
 27:     0.627  0.268  0.105        1
 28:     0.693  0.202  0.105        1
 29:     0.726  0.190  0.084        1
 30:     0.596  0.292  0.112        1
 31:     0.505  0.396  0.099        1
 32:     0.653  0.228  0.119        1
 33:     0.591  0.287  0.122        1
 34:     0.677  0.157  0.166        1
 35:     0.658  0.198  0.144        1
 36:     0.609  0.277  0.115        1
 37:     0.664  0.198  0.138        1
 38:     0.555  0.262  0.183        1
 39:     0.644  0.195  0.161        1
 40:     0.624  0.259  0.118        1
 41:     0.688  0.214  0.097        1
 42:     0.647  0.210  0.142        1
 43:     0.658  0.269  0.073        1
 44:     0.651  0.260  0.089        1
 45:     0.717  0.195  0.089        1
 46:     0.606  0.219  0.175        1
 47:     0.682  0.219  0.099        1
 48:     0.674  0.233  0.093        1
 49:     0.706  0.200  0.094        1
 50:     0.420  0.466  0.115        1
 51:     0.515  0.375  0.110        1
 52:     0.570  0.275  0.155        1
 53:     0.605  0.293  0.102        1
 54:     0.601  0.243  0.156        1
 55:     0.508  0.284  0.208        1
 56:     0.656  0.175  0.169        1
 57:     0.674  0.191  0.134        1
 58:     0.592  0.214  0.194        1
 59:     0.585  0.266  0.149        1
 60:     0.557  0.269  0.174        1
 61:     0.573  0.241  0.186        1
 62:     0.370  0.534  0.097        1
 63:     0.589  0.215  0.196        1
 64:     0.621  0.219  0.160        1
 65:     0.599  0.214  0.187        1
 66:     0.595  0.241  0.164        1
 67:     0.537  0.294  0.169        1
 68:     0.619  0.237  0.144        1
 69:     0.576  0.237  0.187        1
 70:     0.596  0.230  0.174        1
 71:     0.597  0.238  0.166        1
 72:     0.551  0.253  0.196        1
 73:     0.634  0.219  0.147        1
 74:     0.626  0.275  0.099        1
 75:     0.561  0.271  0.168        1
 76:     0.223  0.609  0.169        1
 77:     0.578  0.260  0.162        1
 78:     0.570  0.296  0.134        1
 79:     0.560  0.261  0.179        1
 80:     0.587  0.259  0.153        1
 81:     0.564  0.266  0.170        1
 82:     0.497  0.243  0.260        1
 83:     0.649  0.208  0.142        1
 84:     0.042  0.018  0.940        1
 85:     0.034  0.038  0.928        1
 86:     0.118  0.011  0.871        1
 87:     0.058  0.003  0.939        1
 88:     0.037  0.003  0.960        1
 89:     0.072  0.003  0.925        1
 90:     0.006  0.003  0.991        1
 91:     0.056  0.000  0.943        1
 92:     0.145  0.033  0.823        1
 93:     0.046  0.009  0.945        1
 94:     0.114  0.006  0.881        1
 95:     0.093  0.021  0.887        1
 96:     0.003  0.000  0.997        1
 97:     0.029  0.010  0.961        1
 98:     0.045  0.002  0.953        1
 99:     0.002  0.001  0.998        1
100:     0.006  0.019  0.975        1
101:     0.152  0.048  0.800        1
102:     0.192  0.003  0.806        1
103:     0.036  0.002  0.962        1
104:     0.047  0.009  0.943        1
105:     0.064  0.026  0.910        1
106:     0.193  0.012  0.795        1
107:     0.033  0.004  0.963        1
108:     0.156  0.022  0.822        1
109:     0.183  0.080  0.737        1
110:     0.190  0.039  0.771        1
111:     0.016  0.005  0.979        1
112:     0.009  0.006  0.986        1
113:     0.049  0.001  0.950        1
114:     0.051  0.004  0.945        1
115:     0.092  0.006  0.902        1
116:     0.014  0.001  0.986        1
117:     0.052  0.018  0.930        1
118:     0.023  0.002  0.975        1
119:     0.169  0.000  0.830        1
120:     0.076  0.009  0.915        1
121:     0.059  0.007  0.935        1
122:     0.095  0.005  0.900        1
123:     0.020  0.001  0.979        1
124:     0.068  0.091  0.841        1
125:     0.020  0.001  0.978        1
126:     0.125  0.009  0.866        1
127:     0.088  0.005  0.907        1
128:     0.048  0.007  0.945        1
129:     0.001  0.000  0.999        1
130:     0.073  0.006  0.921        1
131:     0.027  0.006  0.967        1
132:     0.123  0.072  0.805        1
133:     0.043  0.067  0.890        1
134:     0.155  0.031  0.814        1
135:     0.175  0.013  0.812        1
136:     0.008  0.004  0.987        1
137:     0.032  0.004  0.964        1
138:     0.019  0.001  0.979        1
139:     0.042  0.065  0.894        1
140:     0.046  0.062  0.893        1
141:     0.006  0.009  0.986        1
142:     0.128  0.003  0.870        1
143:     0.034  0.028  0.938        1
144:     0.052  0.005  0.943        1
145:     0.050  0.001  0.949        1
146:     0.053  0.015  0.932        1
147:     0.027  0.000  0.973        1
148:     0.562  0.261  0.178        1
149:     0.502  0.331  0.167        1
150:     0.666  0.204  0.131        1
151:     0.679  0.217  0.104        1
152:     0.607  0.291  0.102        1
153:     0.640  0.244  0.117        1
154:     0.695  0.203  0.102        1
155:     0.673  0.211  0.115        1
156:     0.655  0.224  0.122        1
157:     0.655  0.233  0.112        1
158:     0.651  0.239  0.111        1
159:     0.668  0.216  0.116        1
160:     0.680  0.248  0.071        1
161:     0.604  0.238  0.157        1
162:     0.698  0.195  0.107        1
163:     0.633  0.216  0.151        1
164:     0.633  0.265  0.101        1
165:     0.583  0.247  0.170        1
166:     0.648  0.297  0.055        1
167:     0.645  0.269  0.087        1
168:     0.702  0.193  0.105        1
169:     0.659  0.186  0.155        1
170:     0.667  0.214  0.120        1
171:     0.694  0.215  0.090        1
172:     0.632  0.240  0.127        1
173:     0.663  0.249  0.088        1
174:     0.657  0.230  0.114        1
175:     0.664  0.240  0.095       50
176:     0.672  0.235  0.093       49
177:     0.668  0.236  0.096       50
178:     0.666  0.242  0.092       49
179:     0.656  0.243  0.102       23
180:     0.671  0.238  0.091       49
181:     0.002  0.985  0.013       30
182:     0.007  0.967  0.026       30
183:     0.616  0.274  0.110       34
184:     0.675  0.237  0.088       36
185:     0.655  0.245  0.100       40
186:     0.675  0.230  0.095       39
187:     0.660  0.238  0.101       37
188:     0.652  0.248  0.101       40
189:     0.660  0.242  0.098       35
190:     0.647  0.257  0.096       28
191:     0.667  0.247  0.087       36
192:     0.666  0.247  0.086       32
--------------------------------------------

 Rep#:   Lambda   Alpha      F1    F2    F3     D1,2  D1,3  D2,3    Ln Like 
 1000:    1.00    0.896    0.073 0.169 0.137    0.035 0.034 0.042   --  
 1100:    1.00    0.819    0.068 0.164 0.139    0.033 0.032 0.042   --  
 1200:    1.00    0.784    0.065 0.161 0.135    0.033 0.031 0.042   --  
 1300:    1.00    0.768    0.062 0.159 0.128    0.032 0.030 0.041   --  
 1400:    1.00    0.747    0.059 0.159 0.128    0.032 0.030 0.041   --  
 1500:    1.00    0.688    0.059 0.162 0.130    0.031 0.030 0.041   --  
 1600:    1.00    0.638    0.057 0.163 0.129    0.031 0.029 0.042   --  
 1700:    1.00    0.660    0.053 0.155 0.132    0.030 0.029 0.041   --  
 1800:    1.00    0.635    0.050 0.154 0.125    0.029 0.028 0.040   --  
 1900:    1.00    0.588    0.050 0.158 0.132    0.029 0.028 0.041   --  

--------------------------------------------
Proportion of membership of each pre-defined
 population in each of the 3 clusters

Given    Inferred Clusters       Number of
 Pop       1      2      3      Individuals

  1:     0.751  0.182  0.067       54
  2:     0.755  0.185  0.060       30
  3:     0.159  0.760  0.082       30
  4:     0.019  0.883  0.097       20
  5:     0.067  0.825  0.107       30
  6:     0.752  0.182  0.067       43
  7:     0.764  0.174  0.062       44
  8:     0.756  0.165  0.079        4
  9:     0.805  0.140  0.055       22
 10:     0.800  0.136  0.064       24
 11:     0.752  0.182  0.066       54
 12:     0.763  0.177  0.060       37
 13:     0.742  0.192  0.066       42
 14:     0.758  0.184  0.059       42
 15:     0.752  0.185  0.064       49
 16:     0.750  0.186  0.064      124
 17:     0.760  0.183  0.057       24
 18:     0.765  0.169  0.066       34
 19:     0.755  0.184  0.062       52
 20:     0.793  0.134  0.073        1
 21:     0.729  0.134  0.137        1
 22:     0.758  0.169  0.072        1
 23:     0.689  0.163  0.148        1
 24:     0.798  0.138  0.065        1
 25:     0.709  0.217  0.074        1
 26:     0.731  0.167  0.103        1
 27:     0.711  0.206  0.083        1
 28:     0.773  0.144  0.084        1
 29:     0.805  0.121  0.074        1
 30:     0.681  0.231  0.088        1
 31:     0.625  0.309  0.066        1
 32:     0.764  0.172  0.063        1
 33:     0.708  0.205  0.086        1
 34:     0.753  0.172  0.074        1
 35:     0.748  0.184  0.068        1
 36:     0.679  0.222  0.099        1
 37:     0.763  0.161  0.076        1
 38:     0.682  0.186  0.133        1
 39:     0.758  0.146  0.097        1
 40:     0.717  0.170  0.113        1
 41:     0.788  0.113  0.099        1
 42:     0.700  0.189  0.111        1
 43:     0.752  0.172  0.076        1
 44:     0.695  0.244  0.060        1
 45:     0.735  0.149  0.116        1
 46:     0.682  0.173  0.145        1
 47:     0.794  0.137  0.069        1
 48:     0.794  0.128  0.078        1
 49:     0.805  0.115  0.080        1
 50:     0.496  0.429  0.075        1
 51:     0.603  0.330  0.067        1
 52:     0.715  0.170  0.115        1
 53:     0.711  0.203  0.086        1
 54:     0.683  0.198  0.120        1
 55:     0.647  0.181  0.172        1
 56:     0.765  0.112  0.123        1
 57:     0.729  0.113  0.158        1
 58:     0.674  0.148  0.178        1
 59:     0.680  0.205  0.116        1
 60:     0.643  0.211  0.146        1
 61:     0.592  0.228  0.180        1
 62:     0.477  0.444  0.078        1
 63:     0.652  0.217  0.131        1
 64:     0.712  0.149  0.138        1
 65:     0.686  0.164  0.150        1
 66:     0.626  0.211  0.164        1
 67:     0.604  0.203  0.193        1
 68:     0.691  0.155  0.154        1
 69:     0.611  0.212  0.177        1
 70:     0.672  0.197  0.131        1
 71:     0.667  0.164  0.170        1
 72:     0.616  0.216  0.168        1
 73:     0.668  0.179  0.152        1
 74:     0.701  0.210  0.089        1
 75:     0.624  0.194  0.182        1
 76:     0.200  0.634  0.165        1
 77:     0.632  0.232  0.136        1
 78:     0.630  0.237  0.133        1
 79:     0.641  0.237  0.122        1
 80:     0.701  0.154  0.146        1
 81:     0.625  0.221  0.154        1
 82:     0.605  0.180  0.215        1
 83:     0.727  0.180  0.093        1
 84:     0.001  0.037  0.962        1
 85:     0.009  0.054  0.937        1
 86:     0.115  0.011  0.874        1
 87:     0.004  0.014  0.982        1
 88:     0.000  0.009  0.991        1
 89:     0.025  0.006  0.968        1
 90:     0.000  0.002  0.998        1
 91:     0.008  0.003  0.989        1
 92:     0.139  0.004  0.857        1
 93:     0.001  0.081  0.917        1
 94:     0.066  0.013  0.921        1
 95:     0.055  0.049  0.897        1
 96:     0.000  0.001  0.999        1
 97:     0.002  0.007  0.991        1
 98:     0.012  0.000  0.988        1
 99:     0.000  0.003  0.997        1
100:     0.003  0.000  0.997        1
101:     0.141  0.060  0.799        1
102:     0.175  0.005  0.820        1
103:     0.002  0.008  0.991        1
104:     0.040  0.007  0.954        1
105:     0.004  0.062  0.934        1
106:     0.178  0.003  0.819        1
107:     0.014  0.014  0.972        1
108:     0.109  0.044  0.847        1
109:     0.105  0.122  0.773        1
110:     0.207  0.009  0.784        1
111:     0.001  0.015  0.983        1
112:     0.009  0.007  0.985        1
113:     0.002  0.039  0.960        1
114:     0.002  0.000  0.998        1
115:     0.051  0.002  0.947        1
116:     0.000  0.004  0.995        1
117:     0.007  0.070  0.923        1
118:     0.000  0.019  0.981        1
119:     0.137  0.004  0.859        1
120:     0.039  0.010  0.950        1
121:     0.004  0.012  0.984        1
122:     0.069  0.000  0.930        1
123:     0.001  0.000  0.999        1
124:     0.047  0.093  0.860        1
125:     0.004  0.002  0.993        1
126:     0.134  0.009  0.857        1
127:     0.020  0.031  0.948        1
128:     0.007  0.001  0.992        1
129:     0.000  0.001  0.999        1
130:     0.019  0.034  0.947        1
131:     0.004  0.003  0.993        1
132:     0.045  0.078  0.876        1
133:     0.000  0.107  0.893        1
134:     0.129  0.010  0.861        1
135:     0.149  0.031  0.820        1
136:     0.001  0.000  0.999        1
137:     0.000  0.009  0.990        1
138:     0.001  0.000  0.999        1
139:     0.006  0.045  0.949        1
140:     0.016  0.122  0.862        1
141:     0.000  0.021  0.979        1
142:     0.082  0.019  0.899        1
143:     0.003  0.064  0.932        1
144:     0.004  0.022  0.974        1
145:     0.000  0.004  0.996        1
146:     0.005  0.058  0.937        1
147:     0.001  0.003  0.996        1
148:     0.603  0.229  0.169        1
149:     0.595  0.272  0.133        1
150:     0.756  0.118  0.126        1
151:     0.815  0.129  0.057        1
152:     0.717  0.215  0.067        1
153:     0.773  0.173  0.054        1
154:     0.782  0.162  0.056        1
155:     0.765  0.137  0.098        1
156:     0.751  0.198  0.051        1
157:     0.748  0.151  0.101        1
158:     0.736  0.147  0.117        1
159:     0.766  0.131  0.102        1
160:     0.764  0.163  0.074        1
161:     0.661  0.211  0.128        1
162:     0.724  0.149  0.127        1
163:     0.726  0.194  0.080        1
164:     0.721  0.206  0.074        1
165:     0.684  0.230  0.086        1
166:     0.726  0.208  0.067        1
167:     0.721  0.195  0.084        1
168:     0.823  0.122  0.055        1
169:     0.755  0.153  0.091        1
170:     0.750  0.117  0.133        1
171:     0.762  0.154  0.083        1
172:     0.721  0.152  0.126        1
173:     0.807  0.156  0.037        1
174:     0.745  0.144  0.111        1
175:     0.753  0.182  0.065       50
176:     0.769  0.175  0.056       49
177:     0.761  0.181  0.059       50
178:     0.756  0.187  0.057       49
179:     0.745  0.182  0.074       23
180:     0.758  0.176  0.066       49
181:     0.003  0.993  0.004       30
182:     0.014  0.978  0.007       30
183:     0.694  0.223  0.083       34
184:     0.762  0.181  0.057       36
185:     0.755  0.178  0.067       40
186:     0.770  0.169  0.062       39
187:     0.748  0.186  0.066       37
188:     0.751  0.185  0.064       40
189:     0.749  0.189  0.062       35
190:     0.747  0.200  0.053       28
191:     0.762  0.180  0.058       36
192:     0.762  0.182  0.056       32
--------------------------------------------

 Rep#:   Lambda   Alpha      F1    F2    F3     D1,2  D1,3  D2,3    Ln Like 
 2000:    1.00    0.603    0.049 0.152 0.131    0.029 0.028 0.041   --  
 2100:    1.00    0.565    0.048 0.155 0.127    0.028 0.028 0.040   --  
 2200:    1.00    0.566    0.042 0.156 0.129    0.028 0.028 0.041   --  
 2300:    1.00    0.556    0.040 0.154 0.129    0.027 0.027 0.041   --  
 2400:    1.00    0.526    0.040 0.153 0.128    0.027 0.027 0.041   --  
 2500:    1.00    0.525    0.040 0.148 0.127    0.027 0.026 0.040   --  
 2600:    1.00    0.505    0.038 0.150 0.127    0.027 0.027 0.041   --  
 2700:    1.00    0.481    0.037 0.147 0.124    0.026 0.026 0.040   --  
 2800:    1.00    0.456    0.035 0.144 0.127    0.026 0.026 0.041   --  
 2900:    1.00    0.435    0.035 0.149 0.127    0.026 0.026 0.040   --  

--------------------------------------------
Proportion of membership of each pre-defined
 population in each of the 3 clusters

Given    Inferred Clusters       Number of
 Pop       1      2      3      Individuals

  1:     0.812  0.149  0.039       54
  2:     0.825  0.142  0.033       30
  3:     0.178  0.748  0.073       30
  4:     0.019  0.890  0.091       20
  5:     0.075  0.819  0.106       30
  6:     0.821  0.138  0.042       43
  7:     0.833  0.134  0.033       44
  8:     0.856  0.111  0.033        4
  9:     0.877  0.086  0.037       22
 10:     0.877  0.092  0.032       24
 11:     0.823  0.137  0.040       54
 12:     0.839  0.124  0.037       37
 13:     0.808  0.143  0.049       42
 14:     0.830  0.137  0.034       42
 15:     0.819  0.141  0.040       49
 16:     0.813  0.147  0.040      124
 17:     0.820  0.133  0.047       24
 18:     0.831  0.126  0.043       34
 19:     0.828  0.139  0.033       52
 20:     0.834  0.120  0.046        1
 21:     0.790  0.116  0.094        1
 22:     0.823  0.135  0.043        1
 23:     0.728  0.157  0.116        1
 24:     0.847  0.117  0.036        1
 25:     0.763  0.173  0.064        1
 26:     0.798  0.118  0.084        1
 27:     0.746  0.155  0.098        1
 28:     0.837  0.105  0.058        1
 29:     0.871  0.076  0.053        1
 30:     0.721  0.202  0.076        1
 31:     0.595  0.323  0.082        1
 32:     0.846  0.093  0.061        1
 33:     0.796  0.182  0.022        1
 34:     0.825  0.092  0.083        1
 35:     0.852  0.095  0.053        1
 36:     0.773  0.166  0.061        1
 37:     0.822  0.113  0.065        1
 38:     0.741  0.132  0.127        1
 39:     0.867  0.070  0.063        1
 40:     0.771  0.130  0.100        1
 41:     0.886  0.050  0.064        1
 42:     0.784  0.140  0.077        1
 43:     0.803  0.125  0.072        1
 44:     0.765  0.186  0.049        1
 45:     0.850  0.078  0.072        1
 46:     0.773  0.115  0.112        1
 47:     0.843  0.084  0.073        1
 48:     0.856  0.106  0.038        1
 49:     0.844  0.098  0.058        1
 50:     0.546  0.388  0.066        1
 51:     0.669  0.254  0.077        1
 52:     0.774  0.143  0.083        1
 53:     0.770  0.178  0.051        1
 54:     0.752  0.150  0.098        1
 55:     0.627  0.167  0.206        1
 56:     0.807  0.074  0.119        1
 57:     0.815  0.099  0.085        1
 58:     0.752  0.103  0.145        1
 59:     0.750  0.154  0.096        1
 60:     0.715  0.148  0.137        1
 61:     0.711  0.117  0.172        1
 62:     0.466  0.467  0.066        1
 63:     0.700  0.156  0.144        1
 64:     0.734  0.130  0.136        1
 65:     0.733  0.145  0.121        1
 66:     0.732  0.136  0.132        1
 67:     0.684  0.176  0.141        1
 68:     0.730  0.151  0.119        1
 69:     0.679  0.160  0.161        1
 70:     0.714  0.168  0.118        1
 71:     0.754  0.114  0.132        1
 72:     0.707  0.129  0.164        1
 73:     0.757  0.120  0.124        1
 74:     0.733  0.182  0.085        1
 75:     0.733  0.146  0.121        1
 76:     0.233  0.617  0.150        1
 77:     0.703  0.191  0.107        1
 78:     0.736  0.159  0.105        1
 79:     0.757  0.161  0.081        1
 80:     0.716  0.169  0.115        1
 81:     0.671  0.177  0.152        1
 82:     0.646  0.170  0.184        1
 83:     0.759  0.131  0.110        1
 84:     0.003  0.032  0.965        1
 85:     0.004  0.053  0.943        1
 86:     0.095  0.036  0.869        1
 87:     0.004  0.002  0.994        1
 88:     0.006  0.005  0.989        1
 89:     0.021  0.005  0.974        1
 90:     0.000  0.002  0.998        1
 91:     0.016  0.000  0.984        1
 92:     0.135  0.017  0.849        1
 93:     0.004  0.054  0.942        1
 94:     0.026  0.034  0.940        1
 95:     0.057  0.021  0.923        1
 96:     0.000  0.000  1.000        1
 97:     0.003  0.025  0.972        1
 98:     0.011  0.007  0.982        1
 99:     0.002  0.001  0.997        1
100:     0.003  0.001  0.996        1
101:     0.174  0.039  0.787        1
102:     0.211  0.000  0.788        1
103:     0.012  0.002  0.987        1
104:     0.025  0.004  0.970        1
105:     0.029  0.059  0.912        1
106:     0.198  0.001  0.801        1
107:     0.001  0.020  0.979        1
108:     0.079  0.034  0.887        1
109:     0.115  0.107  0.778        1
110:     0.249  0.001  0.750        1
111:     0.003  0.009  0.988        1
112:     0.001  0.001  0.998        1
113:     0.000  0.023  0.976        1
114:     0.006  0.002  0.992        1
115:     0.077  0.003  0.920        1
116:     0.000  0.000  1.000        1
117:     0.002  0.062  0.936        1
118:     0.001  0.019  0.979        1
119:     0.092  0.001  0.907        1
120:     0.040  0.003  0.956        1
121:     0.003  0.020  0.977        1
122:     0.073  0.002  0.926        1
123:     0.017  0.000  0.983        1
124:     0.050  0.084  0.865        1
125:     0.001  0.002  0.997        1
126:     0.112  0.006  0.882        1
127:     0.002  0.040  0.959        1
128:     0.003  0.025  0.972        1
129:     0.000  0.001  0.999        1
130:     0.000  0.044  0.955        1
131:     0.000  0.001  0.999        1
132:     0.066  0.063  0.872        1
133:     0.031  0.088  0.881        1
134:     0.164  0.002  0.835        1
135:     0.215  0.002  0.783        1
136:     0.000  0.001  0.999        1
137:     0.000  0.002  0.998        1
138:     0.003  0.000  0.997        1
139:     0.000  0.068  0.932        1
140:     0.001  0.062  0.937        1
141:     0.000  0.003  0.997        1
142:     0.142  0.005  0.853        1
143:     0.000  0.041  0.959        1
144:     0.011  0.012  0.978        1
145:     0.001  0.001  0.999        1
146:     0.010  0.020  0.970        1
147:     0.000  0.014  0.986        1
148:     0.656  0.199  0.145        1
149:     0.641  0.249  0.109        1
150:     0.824  0.077  0.098        1
151:     0.866  0.092  0.042        1
152:     0.769  0.177  0.055        1
153:     0.842  0.113  0.045        1
154:     0.834  0.129  0.038        1
155:     0.800  0.143  0.057        1
156:     0.775  0.161  0.064        1
157:     0.827  0.117  0.055        1
158:     0.830  0.094  0.076        1
159:     0.834  0.115  0.051        1
160:     0.838  0.108  0.055        1
161:     0.723  0.161  0.116        1
162:     0.820  0.123  0.057        1
163:     0.821  0.105  0.074        1
164:     0.821  0.118  0.061        1
165:     0.760  0.170  0.070        1
166:     0.840  0.160  0.000        1
167:     0.783  0.170  0.046        1
168:     0.919  0.053  0.028        1
169:     0.809  0.136  0.055        1
170:     0.842  0.062  0.096        1
171:     0.838  0.099  0.063        1
172:     0.801  0.147  0.052        1
173:     0.855  0.127  0.017        1
174:     0.733  0.184  0.083        1
175:     0.818  0.146  0.036       50
176:     0.831  0.135  0.034       49
177:     0.829  0.139  0.033       50
178:     0.823  0.141  0.036       49
179:     0.815  0.146  0.039       23
180:     0.831  0.131  0.038       49
181:     0.003  0.996  0.002       30
182:     0.014  0.979  0.008       30
183:     0.757  0.186  0.057       34
184:     0.831  0.140  0.029       36
185:     0.813  0.144  0.044       40
186:     0.842  0.119  0.038       39
187:     0.816  0.146  0.039       37
188:     0.816  0.146  0.038       40
189:     0.815  0.143  0.042       35
190:     0.811  0.154  0.035       28
191:     0.820  0.140  0.040       36
192:     0.823  0.140  0.037       32
--------------------------------------------

 Rep#:   Lambda   Alpha      F1    F2    F3     D1,2  D1,3  D2,3    Ln Like 
 3000:    1.00    0.423    0.034 0.145 0.128    0.025 0.026 0.041   --  
 3100:    1.00    0.407    0.033 0.145 0.130    0.025 0.026 0.041   --  
 3200:    1.00    0.386    0.031 0.144 0.125    0.025 0.025 0.040   --  
 3300:    1.00    0.386    0.032 0.142 0.125    0.025 0.025 0.040   --  
 3400:    1.00    0.369    0.030 0.143 0.126    0.024 0.025 0.040   --  
 3500:    1.00    0.378    0.030 0.146 0.129    0.024 0.025 0.040   --  
 3600:    1.00    0.349    0.030 0.147 0.126    0.024 0.025 0.040   --  
 3700:    1.00    0.345    0.028 0.142 0.127    0.024 0.025 0.040   --  
 3800:    1.00    0.327    0.027 0.143 0.127    0.024 0.025 0.040   --  
 3900:    1.00    0.318    0.027 0.142 0.128    0.023 0.025 0.040   --  

--------------------------------------------
Proportion of membership of each pre-defined
 population in each of the 3 clusters

Given    Inferred Clusters       Number of
 Pop       1      2      3      Individuals

  1:     0.865  0.110  0.025       54
  2:     0.862  0.114  0.024       30
  3:     0.203  0.743  0.054       30
  4:     0.023  0.891  0.086       20
  5:     0.089  0.823  0.087       30
  6:     0.869  0.102  0.030       43
  7:     0.877  0.098  0.025       44
  8:     0.906  0.072  0.022        4
  9:     0.920  0.061  0.019       22
 10:     0.918  0.063  0.020       24
 11:     0.871  0.103  0.026       54
 12:     0.879  0.095  0.026       37
 13:     0.862  0.110  0.028       42
 14:     0.878  0.103  0.019       42
 15:     0.867  0.106  0.028       49
 16:     0.861  0.110  0.029      124
 17:     0.867  0.108  0.025       24
 18:     0.888  0.088  0.024       34
 19:     0.871  0.105  0.024       52
 20:     0.904  0.071  0.026        1
 21:     0.815  0.072  0.113        1
 22:     0.881  0.078  0.041        1
 23:     0.760  0.148  0.093        1
 24:     0.856  0.089  0.055        1
 25:     0.748  0.190  0.062        1
 26:     0.849  0.093  0.058        1
 27:     0.772  0.142  0.086        1
 28:     0.876  0.072  0.051        1
 29:     0.924  0.033  0.043        1
 30:     0.780  0.176  0.045        1
 31:     0.697  0.243  0.060        1
 32:     0.874  0.097  0.029        1
 33:     0.837  0.140  0.023        1
 34:     0.886  0.065  0.049        1
 35:     0.920  0.045  0.035        1
 36:     0.814  0.116  0.070        1
 37:     0.891  0.075  0.034        1
 38:     0.804  0.093  0.103        1
 39:     0.893  0.073  0.034        1
 40:     0.784  0.130  0.085        1
 41:     0.934  0.029  0.037        1
 42:     0.839  0.111  0.049        1
 43:     0.909  0.084  0.007        1
 44:     0.806  0.160  0.034        1
 45:     0.887  0.076  0.037        1
 46:     0.780  0.103  0.117        1
 47:     0.874  0.058  0.068        1
 48:     0.922  0.064  0.014        1
 49:     0.906  0.059  0.036        1
 50:     0.580  0.358  0.063        1
 51:     0.679  0.268  0.053        1
 52:     0.790  0.113  0.097        1
 53:     0.859  0.106  0.034        1
 54:     0.766  0.157  0.077        1
 55:     0.628  0.213  0.160        1
 56:     0.882  0.024  0.095        1
 57:     0.884  0.053  0.063        1
 58:     0.766  0.093  0.141        1
 59:     0.790  0.144  0.066        1
 60:     0.758  0.137  0.105        1
 61:     0.754  0.126  0.120        1
 62:     0.547  0.436  0.016        1
 63:     0.715  0.168  0.118        1
 64:     0.782  0.156  0.062        1
 65:     0.757  0.131  0.112        1
 66:     0.781  0.128  0.091        1
 67:     0.716  0.156  0.129        1
 68:     0.794  0.085  0.120        1
 69:     0.690  0.176  0.134        1
 70:     0.790  0.117  0.093        1
 71:     0.765  0.124  0.111        1
 72:     0.768  0.106  0.125        1
 73:     0.775  0.120  0.105        1
 74:     0.808  0.144  0.048        1
 75:     0.763  0.169  0.068        1
 76:     0.302  0.567  0.131        1
 77:     0.751  0.133  0.116        1
 78:     0.733  0.192  0.074        1
 79:     0.744  0.147  0.110        1
 80:     0.765  0.110  0.125        1
 81:     0.728  0.159  0.113        1
 82:     0.665  0.129  0.206        1
 83:     0.777  0.145  0.078        1
 84:     0.000  0.041  0.959        1
 85:     0.001  0.041  0.958        1
 86:     0.111  0.005  0.884        1
 87:     0.000  0.000  1.000        1
 88:     0.000  0.000  1.000        1
 89:     0.026  0.001  0.973        1
 90:     0.001  0.000  0.999        1
 91:     0.002  0.019  0.980        1
 92:     0.167  0.002  0.831        1
 93:     0.000  0.055  0.945        1
 94:     0.101  0.000  0.899        1
 95:     0.023  0.030  0.947        1
 96:     0.000  0.001  0.999        1
 97:     0.000  0.028  0.972        1
 98:     0.001  0.007  0.992        1
 99:     0.000  0.001  0.998        1
100:     0.001  0.000  0.999        1
101:     0.217  0.013  0.770        1
102:     0.197  0.002  0.801        1
103:     0.002  0.005  0.992        1
104:     0.000  0.000  1.000        1
105:     0.000  0.051  0.949        1
106:     0.202  0.007  0.792        1
107:     0.026  0.000  0.974        1
108:     0.136  0.022  0.842        1
109:     0.138  0.079  0.783        1
110:     0.206  0.020  0.775        1
111:     0.006  0.001  0.994        1
112:     0.001  0.000  0.999        1
113:     0.000  0.021  0.978        1
114:     0.000  0.000  1.000        1
115:     0.076  0.000  0.924        1
116:     0.000  0.002  0.998        1
117:     0.008  0.049  0.942        1
118:     0.008  0.020  0.972        1
119:     0.152  0.008  0.840        1
120:     0.042  0.005  0.952        1
121:     0.005  0.000  0.995        1
122:     0.038  0.001  0.962        1
123:     0.000  0.001  0.998        1
124:     0.096  0.072  0.831        1
125:     0.017  0.000  0.983        1
126:     0.140  0.009  0.851        1
