

----------------------------------------------------
STRUCTURE by Pritchard, Stephens and Donnelly (2000)
     and Falush, Stephens and Pritchard (2003)
       Code by Pritchard, Falush and Hubisz
             Version 2.3.4 (Jul 2012)
----------------------------------------------------


Reading file "/workdir/yc2644/CV_CT_array/structure/threader_input/mainparams".
Reading file "/workdir/yc2644/CV_CT_array/structure/threader_input/extraparams".
Reading file "/workdir/yc2644/CV_CT_array/structure/threader_input/n1601.recode.strct_in".


Data file "/workdir/yc2644/CV_CT_array/structure/threader_input/n1601.recode.strct_in" (truncated) --

Ind:   Label Pop : Genotype_data . . . .
  1:  001s    1  :  2   1   2   2   2   1   2  . . . .   2
  1:  001s    1  :  2   2   2   2   2   2   2  . . . .   2
  2:  002s    1  :  2   2   2   2   1   1   2  . . . .   2
  2:  002s    1  :  2   2   2   2   2   2   2  . . . .   2
  3:  003s    1  :  1   2   1   2   2   2   2  . . . .   1
  3:  003s    1  :  2   2   1   2   2   2   2  . . . .   2
  4:  004s    1  :  1   1   2   2   1   2   2  . . . .   1
  4:  004s    1  :  2   1   2   2   2   2   2  . . . .   2

      *******   

1600:    49  192  :  2   2   2   2   2   1   2  . . . .   1
1600:    49  192  :  2   2   2   2   2   2   2  . . . .   2
1601:    50  192  :  2   1   2   2   1   2   2  . . . .   1
1601:    50  192  :  2   2   2   2   2   2   2  . . . .   2

Number of alleles per locus: min= 2; ave=2.0; max= 2


--------------------------------------

Finished initialization; starting MCMC 
100000 iterations + 10000 burnin


--------------------------------------------
Proportion of membership of each pre-defined
 population in each of the 3 clusters

Given    Inferred Clusters       Number of
 Pop       1      2      3      Individuals

  1:     0.312  0.204  0.484       54
  2:     0.302  0.188  0.511       30
  3:     0.574  0.387  0.039       30
  4:     0.470  0.512  0.018       20
  5:     0.471  0.495  0.034       30
  6:     0.304  0.189  0.507       43
  7:     0.303  0.193  0.505       44
  8:     0.247  0.220  0.532        4
  9:     0.266  0.181  0.553       22
 10:     0.258  0.194  0.549       24
 11:     0.296  0.195  0.509       54
 12:     0.291  0.200  0.509       37
 13:     0.287  0.204  0.509       42
 14:     0.296  0.196  0.507       42
 15:     0.280  0.217  0.503       49
 16:     0.310  0.201  0.489      124
 17:     0.300  0.199  0.501       24
 18:     0.289  0.202  0.509       34
 19:     0.307  0.192  0.500       52
 20:     0.396  0.112  0.492        1
 21:     0.307  0.173  0.520        1
 22:     0.298  0.199  0.504        1
 23:     0.313  0.276  0.411        1
 24:     0.283  0.164  0.554        1
 25:     0.295  0.264  0.441        1
 26:     0.169  0.295  0.536        1
 27:     0.233  0.310  0.457        1
 28:     0.218  0.218  0.564        1
 29:     0.214  0.199  0.587        1
 30:     0.066  0.376  0.558        1
 31:     0.356  0.267  0.377        1
 32:     0.240  0.194  0.566        1
 33:     0.326  0.230  0.445        1
 34:     0.174  0.244  0.583        1
 35:     0.298  0.206  0.495        1
 36:     0.167  0.317  0.515        1
 37:     0.354  0.123  0.523        1
 38:     0.320  0.275  0.404        1
 39:     0.248  0.269  0.483        1
 40:     0.252  0.289  0.459        1
 41:     0.197  0.303  0.500        1
 42:     0.295  0.224  0.481        1
 43:     0.386  0.130  0.483        1
 44:     0.324  0.236  0.440        1
 45:     0.144  0.252  0.604        1
 46:     0.308  0.227  0.465        1
 47:     0.358  0.084  0.558        1
 48:     0.388  0.108  0.505        1
 49:     0.316  0.205  0.479        1
 50:     0.394  0.372  0.234        1
 51:     0.377  0.268  0.354        1
 52:     0.305  0.281  0.414        1
 53:     0.246  0.287  0.466        1
 54:     0.065  0.524  0.411        1
 55:     0.106  0.583  0.311        1
 56:     0.077  0.393  0.530        1
 57:     0.089  0.455  0.457        1
 58:     0.074  0.538  0.388        1
 59:     0.083  0.468  0.449        1
 60:     0.051  0.564  0.386        1
 61:     0.052  0.601  0.346        1
 62:     0.419  0.381  0.200        1
 63:     0.084  0.551  0.365        1
 64:     0.031  0.555  0.414        1
 65:     0.082  0.510  0.408        1
 66:     0.047  0.502  0.451        1
 67:     0.040  0.584  0.376        1
 68:     0.061  0.448  0.491        1
 69:     0.008  0.591  0.402        1
 70:     0.074  0.497  0.429        1
 71:     0.051  0.556  0.393        1
 72:     0.023  0.651  0.326        1
 73:     0.049  0.515  0.436        1
 74:     0.101  0.427  0.472        1
 75:     0.019  0.609  0.372        1
 76:     0.416  0.536  0.048        1
 77:     0.002  0.597  0.401        1
 78:     0.053  0.511  0.436        1
 79:     0.016  0.558  0.426        1
 80:     0.121  0.544  0.335        1
 81:     0.038  0.628  0.335        1
 82:     0.042  0.540  0.418        1
 83:     0.010  0.504  0.486        1
 84:     0.020  0.909  0.072        1
 85:     0.001  0.903  0.096        1
 86:     0.078  0.784  0.139        1
 87:     0.087  0.795  0.118        1
 88:     0.037  0.859  0.103        1
 89:     0.085  0.788  0.126        1
 90:     0.029  0.949  0.023        1
 91:     0.002  0.900  0.098        1
 92:     0.040  0.800  0.160        1
 93:     0.053  0.860  0.087        1
 94:     0.070  0.836  0.094        1
 95:     0.010  0.880  0.111        1
 96:     0.024  0.881  0.095        1
 97:     0.047  0.873  0.080        1
 98:     0.055  0.769  0.177        1
 99:     0.019  0.898  0.083        1
100:     0.017  0.881  0.103        1
101:     0.044  0.769  0.188        1
102:     0.022  0.757  0.222        1
103:     0.035  0.818  0.148        1
104:     0.021  0.858  0.122        1
105:     0.003  0.884  0.114        1
106:     0.047  0.711  0.242        1
107:     0.055  0.869  0.076        1
108:     0.094  0.770  0.136        1
109:     0.096  0.793  0.110        1
110:     0.003  0.769  0.228        1
111:     0.007  0.925  0.068        1
112:     0.039  0.836  0.125        1
113:     0.050  0.862  0.088        1
114:     0.024  0.806  0.170        1
115:     0.036  0.749  0.215        1
116:     0.005  0.913  0.082        1
117:     0.104  0.863  0.033        1
118:     0.003  0.906  0.091        1
119:     0.006  0.860  0.134        1
120:     0.009  0.825  0.166        1
121:     0.037  0.851  0.112        1
122:     0.006  0.841  0.153        1
123:     0.002  0.976  0.022        1
124:     0.040  0.839  0.121        1
125:     0.008  0.857  0.134        1
126:     0.041  0.867  0.092        1
127:     0.083  0.893  0.024        1
128:     0.005  0.892  0.102        1
129:     0.005  0.883  0.112        1
130:     0.036  0.821  0.144        1
131:     0.031  0.867  0.102        1
132:     0.071  0.820  0.109        1
133:     0.139  0.832  0.030        1
134:     0.094  0.786  0.120        1
135:     0.080  0.743  0.177        1
136:     0.013  0.911  0.076        1
137:     0.079  0.886  0.035        1
138:     0.077  0.911  0.013        1
139:     0.001  0.837  0.162        1
140:     0.017  0.859  0.124        1
141:     0.042  0.856  0.102        1
142:     0.039  0.787  0.174        1
143:     0.047  0.896  0.057        1
144:     0.037  0.859  0.105        1
145:     0.050  0.819  0.131        1
146:     0.038  0.838  0.124        1
147:     0.028  0.881  0.091        1
148:     0.315  0.297  0.388        1
149:     0.285  0.348  0.367        1
150:     0.296  0.229  0.475        1
151:     0.323  0.070  0.607        1
152:     0.255  0.269  0.476        1
153:     0.222  0.285  0.493        1
154:     0.156  0.262  0.582        1
155:     0.373  0.145  0.482        1
156:     0.303  0.218  0.479        1
157:     0.247  0.216  0.536        1
158:     0.270  0.239  0.491        1
159:     0.323  0.153  0.524        1
160:     0.428  0.095  0.478        1
161:     0.277  0.254  0.469        1
162:     0.343  0.186  0.471        1
163:     0.290  0.238  0.473        1
164:     0.306  0.210  0.484        1
165:     0.336  0.258  0.405        1
166:     0.312  0.173  0.515        1
167:     0.361  0.217  0.422        1
168:     0.251  0.191  0.558        1
169:     0.246  0.243  0.511        1
170:     0.403  0.074  0.522        1
171:     0.314  0.164  0.522        1
172:     0.204  0.291  0.505        1
173:     0.343  0.171  0.487        1
174:     0.321  0.198  0.481        1
175:     0.301  0.200  0.499       50
176:     0.301  0.181  0.517       49
177:     0.298  0.188  0.513       50
178:     0.298  0.193  0.509       49
179:     0.301  0.209  0.490       23
180:     0.299  0.193  0.508       49
181:     0.326  0.659  0.015       30
182:     0.841  0.150  0.009       30
183:     0.341  0.205  0.454       34
184:     0.326  0.188  0.485       36
185:     0.314  0.187  0.499       40
186:     0.310  0.177  0.514       39
187:     0.326  0.179  0.496       37
188:     0.301  0.205  0.494       40
189:     0.284  0.216  0.500       35
190:     0.322  0.195  0.484       28
191:     0.310  0.186  0.505       36
192:     0.318  0.188  0.494       32
--------------------------------------------

 Rep#:   Lambda   Alpha      F1    F2    F3     D1,2  D1,3  D2,3    Ln Like 
  100:    1.00    1.719    0.010 0.096 0.154    0.020 0.035 0.038   --  
  200:    1.00    1.386    0.197 0.130 0.130    0.046 0.051 0.041   --  
  300:    1.00    1.292    0.190 0.134 0.115    0.045 0.045 0.039   --  
  400:    1.00    1.146    0.177 0.130 0.102    0.043 0.041 0.037   --  
  500:    1.00    1.044    0.177 0.134 0.097    0.042 0.039 0.036   --  
  600:    1.00    1.030    0.168 0.134 0.093    0.042 0.037 0.035   --  
  700:    1.00    0.939    0.166 0.134 0.085    0.041 0.035 0.034   --  
  800:    1.00    0.913    0.159 0.132 0.085    0.041 0.035 0.034   --  
  900:    1.00    0.881    0.163 0.133 0.071    0.041 0.033 0.033   --  

--------------------------------------------
Proportion of membership of each pre-defined
 population in each of the 3 clusters

Given    Inferred Clusters       Number of
 Pop       1      2      3      Individuals

  1:     0.215  0.120  0.665       54
  2:     0.220  0.112  0.668       30
  3:     0.766  0.104  0.130       30
  4:     0.867  0.121  0.012       20
  5:     0.814  0.133  0.052       30
  6:     0.207  0.118  0.676       43
  7:     0.209  0.117  0.674       44
  8:     0.170  0.136  0.694        4
  9:     0.171  0.116  0.713       22
 10:     0.175  0.123  0.702       24
 11:     0.209  0.117  0.674       54
 12:     0.207  0.113  0.680       37
 13:     0.218  0.119  0.663       42
 14:     0.209  0.118  0.673       42
 15:     0.217  0.116  0.667       49
 16:     0.213  0.122  0.665      124
 17:     0.213  0.118  0.670       24
 18:     0.198  0.128  0.674       34
 19:     0.213  0.119  0.668       52
 20:     0.190  0.137  0.672        1
 21:     0.147  0.169  0.684        1
 22:     0.181  0.137  0.682        1
 23:     0.228  0.176  0.596        1
 24:     0.189  0.132  0.679        1
 25:     0.234  0.137  0.629        1
 26:     0.205  0.133  0.663        1
 27:     0.214  0.135  0.651        1
 28:     0.174  0.123  0.703        1
 29:     0.164  0.156  0.680        1
 30:     0.269  0.142  0.589        1
 31:     0.372  0.085  0.543        1
 32:     0.172  0.142  0.686        1
 33:     0.238  0.107  0.656        1
 34:     0.156  0.133  0.711        1
 35:     0.209  0.121  0.670        1
 36:     0.228  0.155  0.617        1
 37:     0.205  0.118  0.677        1
 38:     0.223  0.169  0.608        1
 39:     0.150  0.138  0.712        1
 40:     0.209  0.192  0.599        1
 41:     0.151  0.142  0.706        1
 42:     0.194  0.129  0.677        1
 43:     0.221  0.125  0.654        1
 44:     0.274  0.093  0.632        1
 45:     0.148  0.148  0.705        1
 46:     0.188  0.189  0.623        1
 47:     0.191  0.109  0.701        1
 48:     0.164  0.139  0.697        1
 49:     0.194  0.141  0.665        1
 50:     0.457  0.129  0.414        1
 51:     0.362  0.112  0.526        1
 52:     0.226  0.147  0.628        1
 53:     0.205  0.149  0.645        1
 54:     0.204  0.190  0.606        1
 55:     0.248  0.230  0.522        1
 56:     0.165  0.190  0.646        1
 57:     0.182  0.180  0.639        1
 58:     0.202  0.188  0.610        1
 59:     0.233  0.187  0.580        1
 60:     0.225  0.178  0.598        1
 61:     0.231  0.226  0.543        1
 62:     0.546  0.081  0.373        1
 63:     0.222  0.209  0.569        1
 64:     0.219  0.188  0.593        1
 65:     0.195  0.199  0.607        1
 66:     0.245  0.202  0.553        1
 67:     0.245  0.211  0.544        1
 68:     0.210  0.155  0.636        1
 69:     0.214  0.258  0.528        1
 70:     0.212  0.178  0.610        1
 71:     0.221  0.207  0.572        1
 72:     0.248  0.211  0.542        1
 73:     0.216  0.186  0.597        1
 74:     0.216  0.136  0.649        1
 75:     0.205  0.182  0.613        1
 76:     0.616  0.171  0.213        1
 77:     0.248  0.178  0.575        1
 78:     0.252  0.172  0.576        1
 79:     0.242  0.171  0.586        1
 80:     0.206  0.221  0.574        1
 81:     0.243  0.219  0.538        1
 82:     0.251  0.248  0.501        1
 83:     0.229  0.135  0.635        1
 84:     0.043  0.953  0.004        1
 85:     0.058  0.939  0.003        1
 86:     0.028  0.888  0.085        1
 87:     0.000  0.972  0.028        1
 88:     0.001  0.998  0.000        1
 89:     0.026  0.952  0.021        1
 90:     0.009  0.990  0.001        1
 91:     0.001  0.994  0.005        1
 92:     0.021  0.861  0.118        1
 93:     0.057  0.942  0.001        1
 94:     0.023  0.955  0.022        1
 95:     0.027  0.940  0.032        1
 96:     0.001  0.998  0.001        1
 97:     0.006  0.994  0.000        1
 98:     0.001  0.967  0.032        1
 99:     0.001  0.998  0.001        1
100:     0.005  0.995  0.000        1
101:     0.032  0.799  0.169        1
102:     0.025  0.837  0.138        1
103:     0.012  0.981  0.006        1
104:     0.029  0.952  0.020        1
105:     0.076  0.924  0.000        1
106:     0.004  0.852  0.143        1
107:     0.039  0.958  0.003        1
108:     0.048  0.879  0.073        1
109:     0.095  0.804  0.102        1
110:     0.032  0.805  0.164        1
111:     0.017  0.979  0.004        1
112:     0.002  0.997  0.001        1
113:     0.026  0.971  0.002        1
114:     0.005  0.992  0.003        1
115:     0.002  0.943  0.055        1
116:     0.012  0.984  0.004        1
117:     0.045  0.940  0.015        1
118:     0.003  0.996  0.002        1
119:     0.008  0.886  0.105        1
120:     0.001  0.978  0.021        1
121:     0.006  0.982  0.012        1
122:     0.001  0.952  0.047        1
123:     0.001  0.998  0.001        1
124:     0.089  0.832  0.079        1
125:     0.005  0.989  0.006        1
126:     0.029  0.898  0.072        1
127:     0.030  0.935  0.035        1
128:     0.022  0.969  0.009        1
129:     0.002  0.998  0.000        1
130:     0.023  0.964  0.013        1
131:     0.006  0.991  0.003        1
132:     0.079  0.828  0.093        1
133:     0.087  0.906  0.007        1
134:     0.039  0.891  0.070        1
135:     0.063  0.838  0.099        1
136:     0.000  0.997  0.003        1
137:     0.000  0.978  0.022        1
138:     0.003  0.997  0.000        1
139:     0.051  0.941  0.008        1
140:     0.070  0.908  0.022        1
141:     0.018  0.978  0.004        1
142:     0.028  0.904  0.068        1
143:     0.060  0.939  0.001        1
144:     0.009  0.983  0.007        1
145:     0.004  0.995  0.001        1
146:     0.031  0.958  0.011        1
147:     0.001  0.993  0.006        1
148:     0.260  0.230  0.510        1
149:     0.279  0.169  0.552        1
150:     0.183  0.170  0.647        1
151:     0.148  0.121  0.730        1
152:     0.248  0.093  0.659        1
153:     0.202  0.135  0.663        1
154:     0.198  0.127  0.675        1
155:     0.201  0.170  0.629        1
156:     0.218  0.124  0.658        1
157:     0.200  0.103  0.697        1
158:     0.178  0.182  0.640        1
159:     0.185  0.103  0.713        1
160:     0.173  0.092  0.735        1
161:     0.240  0.161  0.599        1
162:     0.215  0.117  0.668        1
163:     0.216  0.144  0.641        1
164:     0.244  0.113  0.643        1
165:     0.219  0.163  0.618        1
166:     0.205  0.088  0.707        1
167:     0.234  0.098  0.668        1
168:     0.181  0.137  0.682        1
169:     0.164  0.166  0.670        1
170:     0.174  0.141  0.685        1
171:     0.205  0.149  0.646        1
172:     0.254  0.116  0.630        1
173:     0.180  0.112  0.707        1
174:     0.195  0.160  0.645        1
175:     0.211  0.117  0.672       50
176:     0.207  0.115  0.679       49
177:     0.206  0.118  0.676       50
178:     0.217  0.113  0.670       49
179:     0.216  0.118  0.666       23
180:     0.205  0.116  0.679       49
181:     0.990  0.006  0.004       30
182:     0.974  0.015  0.012       30
183:     0.251  0.133  0.616       34
184:     0.208  0.104  0.688       36
185:     0.215  0.125  0.660       40
186:     0.203  0.112  0.685       39
187:     0.217  0.121  0.663       37
188:     0.220  0.120  0.659       40
189:     0.219  0.115  0.666       35
190:     0.227  0.111  0.662       28
191:     0.213  0.113  0.674       36
192:     0.213  0.111  0.676       32
--------------------------------------------

 Rep#:   Lambda   Alpha      F1    F2    F3     D1,2  D1,3  D2,3    Ln Like 
 1000:    1.00    0.858    0.159 0.130 0.072    0.041 0.033 0.032   --  
 1100:    1.00    0.818    0.157 0.132 0.069    0.042 0.032 0.032   --  
 1200:    1.00    0.813    0.155 0.132 0.063    0.041 0.031 0.031   --  
 1300:    1.00    0.771    0.155 0.135 0.061    0.042 0.031 0.031   --  
 1400:    1.00    0.717    0.158 0.131 0.060    0.041 0.030 0.030   --  
 1500:    1.00    0.746    0.152 0.133 0.057    0.041 0.029 0.030   --  
 1600:    1.00    0.712    0.150 0.134 0.054    0.041 0.029 0.030   --  
 1700:    1.00    0.704    0.151 0.132 0.051    0.041 0.029 0.030   --  
 1800:    1.00    0.658    0.152 0.128 0.048    0.041 0.028 0.029   --  
 1900:    1.00    0.622    0.149 0.131 0.047    0.041 0.028 0.029   --  

--------------------------------------------
Proportion of membership of each pre-defined
 population in each of the 3 clusters

Given    Inferred Clusters       Number of
 Pop       1      2      3      Individuals

  1:     0.165  0.077  0.759       54
  2:     0.163  0.072  0.765       30
  3:     0.763  0.075  0.162       30
  4:     0.885  0.089  0.026       20
  5:     0.822  0.104  0.074       30
  6:     0.157  0.082  0.761       43
  7:     0.157  0.072  0.771       44
  8:     0.138  0.079  0.783        4
  9:     0.108  0.073  0.818       22
 10:     0.122  0.069  0.810       24
 11:     0.154  0.080  0.766       54
 12:     0.159  0.067  0.774       37
 13:     0.169  0.082  0.749       42
 14:     0.155  0.074  0.771       42
 15:     0.163  0.076  0.761       49
 16:     0.168  0.076  0.756      124
 17:     0.155  0.074  0.771       24
 18:     0.141  0.076  0.783       34
 19:     0.162  0.070  0.768       52
 20:     0.137  0.058  0.805        1
 21:     0.103  0.158  0.738        1
 22:     0.140  0.080  0.780        1
 23:     0.153  0.133  0.715        1
 24:     0.120  0.111  0.769        1
 25:     0.194  0.101  0.705        1
 26:     0.170  0.077  0.753        1
 27:     0.196  0.117  0.686        1
 28:     0.134  0.062  0.804        1
 29:     0.076  0.108  0.816        1
 30:     0.181  0.144  0.675        1
 31:     0.288  0.073  0.639        1
 32:     0.154  0.091  0.755        1
 33:     0.195  0.106  0.698        1
 34:     0.095  0.091  0.814        1
 35:     0.172  0.099  0.729        1
 36:     0.151  0.137  0.713        1
 37:     0.131  0.089  0.780        1
 38:     0.174  0.134  0.692        1
 39:     0.124  0.087  0.789        1
 40:     0.161  0.117  0.722        1
 41:     0.090  0.113  0.797        1
 42:     0.161  0.100  0.739        1
 43:     0.154  0.083  0.763        1
 44:     0.205  0.085  0.711        1
 45:     0.114  0.086  0.800        1
 46:     0.133  0.139  0.727        1
 47:     0.120  0.092  0.789        1
 48:     0.132  0.085  0.783        1
 49:     0.145  0.121  0.734        1
 50:     0.409  0.093  0.498        1
 51:     0.290  0.113  0.597        1
 52:     0.169  0.124  0.706        1
 53:     0.155  0.100  0.746        1
 54:     0.175  0.158  0.667        1
 55:     0.186  0.168  0.646        1
 56:     0.090  0.162  0.748        1
 57:     0.121  0.114  0.764        1
 58:     0.160  0.134  0.707        1
 59:     0.166  0.150  0.684        1
 60:     0.218  0.128  0.653        1
 61:     0.188  0.157  0.655        1
 62:     0.489  0.083  0.428        1
 63:     0.176  0.170  0.654        1
 64:     0.152  0.153  0.695        1
 65:     0.144  0.127  0.729        1
 66:     0.209  0.117  0.675        1
 67:     0.223  0.172  0.605        1
 68:     0.163  0.146  0.691        1
 69:     0.168  0.196  0.636        1
 70:     0.177  0.125  0.698        1
 71:     0.147  0.172  0.681        1
 72:     0.196  0.175  0.629        1
 73:     0.162  0.150  0.689        1
 74:     0.220  0.106  0.674        1
 75:     0.188  0.144  0.669        1
 76:     0.609  0.162  0.230        1
 77:     0.191  0.152  0.657        1
 78:     0.204  0.115  0.682        1
 79:     0.204  0.136  0.659        1
 80:     0.149  0.144  0.707        1
 81:     0.180  0.161  0.659        1
 82:     0.204  0.247  0.548        1
 83:     0.126  0.113  0.761        1
 84:     0.016  0.984  0.000        1
 85:     0.037  0.962  0.001        1
 86:     0.006  0.900  0.094        1
 87:     0.002  0.982  0.016        1
 88:     0.000  0.991  0.009        1
 89:     0.001  0.959  0.040        1
 90:     0.007  0.992  0.001        1
 91:     0.013  0.973  0.014        1
 92:     0.003  0.872  0.125        1
 93:     0.046  0.950  0.004        1
 94:     0.017  0.923  0.060        1
 95:     0.014  0.968  0.018        1
 96:     0.003  0.996  0.000        1
 97:     0.009  0.989  0.002        1
 98:     0.000  0.983  0.017        1
 99:     0.001  0.994  0.005        1
100:     0.001  0.994  0.005        1
101:     0.070  0.834  0.097        1
102:     0.007  0.834  0.159        1
103:     0.005  0.994  0.001        1
104:     0.015  0.983  0.003        1
105:     0.053  0.946  0.001        1
106:     0.004  0.808  0.188        1
107:     0.025  0.968  0.007        1
108:     0.032  0.851  0.116        1
109:     0.117  0.803  0.080        1
110:     0.017  0.825  0.158        1
111:     0.009  0.987  0.004        1
112:     0.002  0.996  0.002        1
113:     0.027  0.973  0.000        1
114:     0.003  0.996  0.001        1
115:     0.004  0.944  0.052        1
116:     0.000  0.999  0.000        1
117:     0.035  0.947  0.018        1
118:     0.014  0.986  0.000        1
119:     0.005  0.888  0.107        1
120:     0.000  0.930  0.070        1
121:     0.010  0.963  0.026        1
122:     0.003  0.928  0.069        1
123:     0.001  0.998  0.001        1
124:     0.146  0.846  0.008        1
125:     0.003  0.997  0.001        1
126:     0.052  0.886  0.062        1
127:     0.047  0.896  0.057        1
128:     0.010  0.973  0.016        1
129:     0.001  0.999  0.000        1
130:     0.051  0.933  0.015        1
131:     0.000  0.999  0.001        1
132:     0.099  0.855  0.046        1
133:     0.104  0.884  0.013        1
134:     0.037  0.871  0.092        1
135:     0.038  0.844  0.118        1
136:     0.001  0.998  0.001        1
137:     0.011  0.989  0.000        1
138:     0.001  0.998  0.001        1
139:     0.057  0.940  0.003        1
140:     0.059  0.939  0.002        1
141:     0.011  0.989  0.000        1
142:     0.005  0.881  0.114        1
143:     0.043  0.952  0.005        1
144:     0.024  0.955  0.021        1
145:     0.003  0.996  0.001        1
146:     0.076  0.913  0.011        1
147:     0.000  0.996  0.004        1
148:     0.176  0.177  0.647        1
149:     0.284  0.144  0.572        1
150:     0.133  0.111  0.756        1
151:     0.078  0.101  0.821        1
152:     0.200  0.048  0.752        1
153:     0.194  0.070  0.736        1
154:     0.114  0.092  0.794        1
155:     0.148  0.098  0.754        1
156:     0.153  0.087  0.760        1
157:     0.166  0.116  0.718        1
158:     0.111  0.099  0.790        1
159:     0.123  0.092  0.785        1
160:     0.144  0.078  0.778        1
161:     0.189  0.144  0.668        1
162:     0.141  0.056  0.803        1
163:     0.126  0.110  0.765        1
164:     0.134  0.085  0.780        1
165:     0.164  0.145  0.691        1
166:     0.182  0.070  0.748        1
167:     0.160  0.060  0.780        1
168:     0.118  0.066  0.816        1
169:     0.125  0.129  0.746        1
170:     0.087  0.079  0.834        1
171:     0.142  0.075  0.783        1
172:     0.194  0.095  0.710        1
173:     0.164  0.066  0.770        1
174:     0.135  0.133  0.732        1
175:     0.158  0.073  0.769       50
176:     0.151  0.073  0.776       49
177:     0.154  0.072  0.773       50
178:     0.161  0.077  0.762       49
179:     0.169  0.072  0.759       23
180:     0.151  0.073  0.775       49
181:     0.993  0.004  0.003       30
182:     0.977  0.009  0.014       30
183:     0.201  0.097  0.701       34
184:     0.160  0.063  0.776       36
185:     0.162  0.079  0.759       40
186:     0.146  0.074  0.779       39
187:     0.161  0.070  0.768       37
188:     0.165  0.077  0.758       40
189:     0.165  0.071  0.764       35
190:     0.170  0.073  0.757       28
191:     0.155  0.073  0.772       36
192:     0.165  0.065  0.769       32
--------------------------------------------

 Rep#:   Lambda   Alpha      F1    F2    F3     D1,2  D1,3  D2,3    Ln Like 
 2000:    1.00    0.634    0.150 0.132 0.046    0.041 0.028 0.028   --  
 2100:    1.00    0.601    0.149 0.131 0.042    0.041 0.027 0.028   --  
 2200:    1.00    0.583    0.149 0.129 0.040    0.040 0.027 0.027   --  
 2300:    1.00    0.567    0.150 0.132 0.038    0.041 0.027 0.027   --  
 2400:    1.00    0.555    0.146 0.132 0.038    0.040 0.026 0.027   --  
 2500:    1.00    0.547    0.146 0.131 0.037    0.040 0.026 0.027   --  
 2600:    1.00    0.506    0.148 0.129 0.036    0.041 0.026 0.027   --  
 2700:    1.00    0.492    0.148 0.130 0.036    0.041 0.026 0.026   --  
 2800:    1.00    0.489    0.146 0.130 0.035    0.041 0.025 0.026   --  
 2900:    1.00    0.480    0.149 0.127 0.035    0.041 0.025 0.026   --  

--------------------------------------------
Proportion of membership of each pre-defined
 population in each of the 3 clusters

Given    Inferred Clusters       Number of
 Pop       1      2      3      Individuals

  1:     0.132  0.046  0.822       54
  2:     0.132  0.044  0.824       30
  3:     0.746  0.070  0.185       30
  4:     0.873  0.097  0.031       20
  5:     0.813  0.099  0.087       30
  6:     0.128  0.047  0.825       43
  7:     0.125  0.044  0.831       44
  8:     0.094  0.038  0.868        4
  9:     0.077  0.039  0.884       22
 10:     0.087  0.046  0.867       24
 11:     0.118  0.047  0.835       54
 12:     0.119  0.040  0.841       37
 13:     0.134  0.047  0.819       42
 14:     0.126  0.040  0.834       42
 15:     0.137  0.046  0.817       49
 16:     0.135  0.049  0.816      124
 17:     0.126  0.046  0.827       24
 18:     0.118  0.045  0.837       34
 19:     0.132  0.044  0.824       52
 20:     0.143  0.038  0.819        1
 21:     0.100  0.130  0.770        1
 22:     0.136  0.027  0.837        1
 23:     0.134  0.120  0.747        1
 24:     0.092  0.071  0.837        1
 25:     0.182  0.076  0.742        1
 26:     0.123  0.094  0.783        1
 27:     0.150  0.080  0.770        1
 28:     0.110  0.092  0.798        1
 29:     0.069  0.074  0.857        1
 30:     0.153  0.079  0.769        1
 31:     0.276  0.058  0.666        1
 32:     0.074  0.076  0.849        1
 33:     0.163  0.058  0.779        1
 34:     0.063  0.075  0.862        1
 35:     0.074  0.074  0.852        1
 36:     0.155  0.094  0.751        1
 37:     0.111  0.073  0.816        1
 38:     0.148  0.145  0.707        1
 39:     0.102  0.087  0.812        1
 40:     0.175  0.075  0.750        1
 41:     0.096  0.060  0.844        1
 42:     0.123  0.049  0.828        1
 43:     0.132  0.066  0.801        1
 44:     0.185  0.044  0.770        1
 45:     0.091  0.072  0.838        1
 46:     0.141  0.119  0.740        1
 47:     0.111  0.045  0.844        1
 48:     0.089  0.069  0.842        1
 49:     0.104  0.033  0.863        1
 50:     0.370  0.098  0.531        1
 51:     0.300  0.064  0.636        1
 52:     0.141  0.092  0.767        1
 53:     0.150  0.062  0.788        1
 54:     0.153  0.094  0.753        1
 55:     0.203  0.150  0.647        1
 56:     0.070  0.136  0.794        1
 57:     0.110  0.078  0.812        1
 58:     0.114  0.117  0.769        1
 59:     0.148  0.098  0.753        1
 60:     0.158  0.132  0.710        1
 61:     0.173  0.163  0.664        1
 62:     0.485  0.061  0.454        1
 63:     0.158  0.123  0.719        1
 64:     0.153  0.116  0.731        1
 65:     0.116  0.189  0.696        1
 66:     0.166  0.120  0.714        1
 67:     0.128  0.180  0.692        1
 68:     0.141  0.130  0.728        1
 69:     0.138  0.169  0.694        1
 70:     0.159  0.138  0.703        1
 71:     0.141  0.137  0.722        1
 72:     0.157  0.171  0.673        1
 73:     0.141  0.127  0.732        1
 74:     0.125  0.122  0.753        1
 75:     0.182  0.110  0.709        1
 76:     0.629  0.121  0.250        1
 77:     0.208  0.143  0.649        1
 78:     0.180  0.098  0.722        1
 79:     0.196  0.108  0.695        1
 80:     0.146  0.116  0.738        1
 81:     0.154  0.144  0.702        1
 82:     0.144  0.212  0.645        1
 83:     0.150  0.106  0.743        1
 84:     0.040  0.960  0.000        1
 85:     0.032  0.950  0.018        1
 86:     0.025  0.889  0.086        1
 87:     0.001  0.971  0.027        1
 88:     0.004  0.995  0.000        1
 89:     0.005  0.983  0.012        1
 90:     0.000  0.998  0.001        1
 91:     0.014  0.966  0.020        1
 92:     0.003  0.838  0.160        1
 93:     0.041  0.959  0.000        1
 94:     0.001  0.926  0.073        1
 95:     0.036  0.909  0.055        1
 96:     0.000  1.000  0.000        1
 97:     0.010  0.990  0.000        1
 98:     0.002  0.997  0.002        1
 99:     0.000  1.000  0.000        1
100:     0.000  1.000  0.000        1
101:     0.024  0.758  0.218        1
102:     0.003  0.798  0.199        1
103:     0.001  0.994  0.005        1
104:     0.003  0.997  0.000        1
105:     0.057  0.943  0.000        1
106:     0.024  0.828  0.148        1
107:     0.017  0.983  0.000        1
108:     0.010  0.860  0.130        1
109:     0.129  0.782  0.089        1
110:     0.002  0.782  0.216        1
111:     0.007  0.979  0.014        1
112:     0.001  0.999  0.000        1
113:     0.017  0.978  0.004        1
114:     0.009  0.991  0.000        1
115:     0.001  0.961  0.039        1
116:     0.000  0.999  0.000        1
117:     0.058  0.936  0.006        1
118:     0.003  0.991  0.006        1
119:     0.007  0.867  0.126        1
120:     0.002  0.973  0.025        1
121:     0.003  0.958  0.039        1
122:     0.000  0.968  0.032        1
123:     0.006  0.992  0.001        1
124:     0.091  0.852  0.057        1
125:     0.000  1.000  0.000        1
126:     0.007  0.880  0.112        1
127:     0.045  0.934  0.021        1
128:     0.000  0.996  0.004        1
129:     0.000  0.998  0.002        1
130:     0.057  0.931  0.012        1
131:     0.001  0.996  0.003        1
132:     0.057  0.824  0.120        1
133:     0.097  0.901  0.003        1
134:     0.015  0.840  0.146        1
135:     0.026  0.794  0.180        1
136:     0.000  0.999  0.001        1
137:     0.011  0.988  0.000        1
138:     0.002  0.992  0.007        1
139:     0.039  0.951  0.010        1
140:     0.073  0.927  0.000        1
141:     0.001  0.999  0.000        1
142:     0.004  0.870  0.126        1
143:     0.056  0.944  0.000        1
144:     0.001  0.994  0.005        1
145:     0.003  0.997  0.000        1
146:     0.030  0.957  0.013        1
147:     0.002  0.995  0.003        1
148:     0.210  0.126  0.664        1
149:     0.228  0.110  0.661        1
150:     0.074  0.124  0.802        1
151:     0.066  0.055  0.879        1
152:     0.190  0.030  0.780        1
153:     0.106  0.060  0.834        1
154:     0.101  0.032  0.867        1
155:     0.086  0.061  0.854        1
156:     0.131  0.051  0.818        1
157:     0.151  0.059  0.790        1
158:     0.083  0.081  0.836        1
159:     0.091  0.043  0.867        1
160:     0.130  0.037  0.833        1
161:     0.172  0.071  0.757        1
162:     0.128  0.093  0.779        1
163:     0.092  0.096  0.812        1
164:     0.140  0.049  0.811        1
165:     0.160  0.111  0.728        1
166:     0.138  0.058  0.805        1
167:     0.161  0.070  0.770        1
168:     0.067  0.035  0.898        1
169:     0.101  0.078  0.821        1
170:     0.061  0.092  0.847        1
171:     0.074  0.089  0.838        1
172:     0.143  0.074  0.783        1
173:     0.115  0.041  0.845        1
174:     0.081  0.081  0.838        1
175:     0.130  0.045  0.825       50
176:     0.124  0.043  0.833       49
177:     0.125  0.041  0.835       50
178:     0.135  0.039  0.826       49
179:     0.127  0.055  0.818       23
180:     0.124  0.042  0.833       49
181:     0.996  0.002  0.002       30
182:     0.974  0.009  0.016       30
183:     0.173  0.064  0.763       34
184:     0.125  0.034  0.840       36
185:     0.137  0.050  0.813       40
186:     0.117  0.044  0.839       39
187:     0.131  0.051  0.818       37
188:     0.138  0.045  0.817       40
189:     0.135  0.050  0.815       35
190:     0.138  0.041  0.821       28
191:     0.133  0.044  0.823       36
192:     0.129  0.037  0.834       32
--------------------------------------------

 Rep#:   Lambda   Alpha      F1    F2    F3     D1,2  D1,3  D2,3    Ln Like 
 3000:    1.00    0.445    0.155 0.126 0.036    0.041 0.025 0.026   --  
 3100:    1.00    0.454    0.149 0.128 0.033    0.041 0.025 0.026   --  
 3200:    1.00    0.430    0.149 0.130 0.033    0.040 0.025 0.026   --  
 3300:    1.00    0.401    0.149 0.131 0.032    0.041 0.025 0.026   --  
 3400:    1.00    0.400    0.145 0.128 0.030    0.041 0.024 0.025   --  
 3500:    1.00    0.396    0.141 0.129 0.030    0.040 0.024 0.025   --  
 3600:    1.00    0.365    0.144 0.124 0.030    0.040 0.024 0.025   --  
 3700:    1.00    0.364    0.139 0.126 0.030    0.040 0.023 0.025   --  
 3800:    1.00    0.340    0.147 0.129 0.028    0.040 0.023 0.025   --  
 3900:    1.00    0.347    0.141 0.126 0.028    0.040 0.023 0.025   --  

--------------------------------------------
Proportion of membership of each pre-defined
 population in each of the 3 clusters

Given    Inferred Clusters       Number of
 Pop       1      2      3      Individuals

  1:     0.103  0.029  0.868       54
  2:     0.104  0.029  0.867       30
  3:     0.739  0.056  0.205       30
  4:     0.887  0.087  0.026       20
  5:     0.814  0.088  0.099       30
  6:     0.094  0.031  0.876       43
  7:     0.088  0.027  0.884       44
  8:     0.051  0.025  0.925        4
  9:     0.050  0.019  0.932       22
 10:     0.050  0.020  0.929       24
 11:     0.097  0.028  0.875       54
 12:     0.085  0.023  0.892       37
 13:     0.104  0.026  0.870       42
 14:     0.083  0.026  0.891       42
 15:     0.096  0.025  0.878       49
 16:     0.104  0.029  0.866      124
 17:     0.092  0.030  0.878       24
 18:     0.070  0.036  0.893       34
 19:     0.093  0.025  0.882       52
 20:     0.058  0.046  0.895        1
 21:     0.040  0.088  0.872        1
 22:     0.097  0.036  0.867        1
 23:     0.090  0.076  0.834        1
 24:     0.054  0.000  0.946        1
 25:     0.139  0.052  0.809        1
 26:     0.075  0.109  0.816        1
 27:     0.120  0.044  0.836        1
 28:     0.083  0.024  0.893        1
 29:     0.028  0.043  0.930        1
 30:     0.121  0.041  0.838        1
 31:     0.262  0.029  0.710        1
 32:     0.047  0.032  0.921        1
 33:     0.146  0.046  0.808        1
 34:     0.047  0.062  0.891        1
 35:     0.075  0.022  0.903        1
 36:     0.098  0.061  0.841        1
 37:     0.095  0.034  0.871        1
 38:     0.127  0.111  0.763        1
 39:     0.060  0.048  0.892        1
 40:     0.093  0.116  0.791        1
 41:     0.027  0.044  0.929        1
 42:     0.086  0.043  0.871        1
 43:     0.063  0.060  0.877        1
 44:     0.188  0.043  0.769        1
 45:     0.074  0.043  0.882        1
 46:     0.068  0.129  0.803        1
 47:     0.036  0.037  0.927        1
 48:     0.066  0.014  0.920        1
 49:     0.026  0.043  0.932        1
 50:     0.352  0.088  0.560        1
 51:     0.215  0.050  0.735        1
 52:     0.096  0.088  0.816        1
 53:     0.103  0.074  0.823        1
 54:     0.173  0.079  0.747        1
 55:     0.183  0.140  0.678        1
 56:     0.059  0.114  0.828        1
 57:     0.107  0.032  0.861        1
 58:     0.078  0.131  0.791        1
 59:     0.138  0.090  0.771        1
 60:     0.142  0.121  0.737        1
 61:     0.162  0.142  0.696        1
 62:     0.474  0.058  0.469        1
 63:     0.169  0.110  0.721        1
 64:     0.110  0.101  0.789        1
 65:     0.112  0.122  0.766        1
 66:     0.103  0.102  0.795        1
 67:     0.142  0.135  0.723        1
 68:     0.115  0.082  0.803        1
 69:     0.125  0.137  0.738        1
 70:     0.095  0.076  0.829        1
 71:     0.150  0.115  0.735        1
 72:     0.099  0.119  0.781        1
 73:     0.061  0.120  0.820        1
 74:     0.122  0.057  0.821        1
 75:     0.134  0.137  0.728        1
 76:     0.623  0.139  0.238        1
 77:     0.126  0.112  0.762        1
 78:     0.165  0.055  0.780        1
 79:     0.106  0.098  0.795        1
 80:     0.124  0.104  0.772        1
 81:     0.145  0.103  0.753        1
 82:     0.123  0.194  0.683        1
 83:     0.108  0.075  0.817        1
 84:     0.028  0.957  0.015        1
 85:     0.028  0.946  0.026        1
 86:     0.007  0.863  0.130        1
 87:     0.000  0.999  0.001        1
 88:     0.001  0.994  0.005        1
 89:     0.004  0.988  0.008        1
 90:     0.000  0.999  0.001        1
 91:     0.005  0.987  0.008        1
 92:     0.000  0.831  0.169        1
 93:     0.042  0.958  0.000        1
 94:     0.000  0.944  0.056        1
 95:     0.000  0.906  0.094        1
 96:     0.000  1.000  0.000        1
 97:     0.001  0.999  0.000        1
 98:     0.000  0.993  0.007        1
 99:     0.000  1.000  0.000        1
100:     0.001  0.999  0.000        1
101:     0.017  0.776  0.207        1
102:     0.004  0.807  0.189        1
103:     0.003  0.997  0.000        1
104:     0.001  0.969  0.030        1
105:     0.062  0.938  0.000        1
106:     0.000  0.809  0.191        1
107:     0.011  0.979  0.010        1
108:     0.046  0.868  0.086        1
109:     0.078  0.760  0.161        1
110:     0.000  0.775  0.225        1
111:     0.016  0.975  0.010        1
112:     0.001  0.997  0.002        1
113:     0.003  0.990  0.007        1
114:     0.000  0.999  0.001        1
115:     0.000  0.915  0.084        1
116:     0.002  0.998  0.000        1
117:     0.045  0.946  0.009        1
118:     0.030  0.952  0.018        1
119:     0.000  0.895  0.105        1
120:     0.000  0.973  0.027        1
121:     0.004  0.957  0.039        1
122:     0.000  0.971  0.029        1
123:     0.000  0.999  0.001        1
124:     0.096  0.837  0.067        1
125:     0.001  0.984  0.015        1
126:     0.000  0.882  0.118        1
