

----------------------------------------------------
STRUCTURE by Pritchard, Stephens and Donnelly (2000)
     and Falush, Stephens and Pritchard (2003)
       Code by Pritchard, Falush and Hubisz
             Version 2.3.4 (Jul 2012)
----------------------------------------------------


Reading file "/workdir/yc2644/CV_CT_array/structure/threader_input/mainparams".
Reading file "/workdir/yc2644/CV_CT_array/structure/threader_input/extraparams".
Reading file "/workdir/yc2644/CV_CT_array/structure/threader_input/n1601.recode.strct_in".


Data file "/workdir/yc2644/CV_CT_array/structure/threader_input/n1601.recode.strct_in" (truncated) --

Ind:   Label Pop : Genotype_data . . . .
  1:  001s    1  :  2   1   2   2   2   1   2  . . . .   2
  1:  001s    1  :  2   2   2   2   2   2   2  . . . .   2
  2:  002s    1  :  2   2   2   2   1   1   2  . . . .   2
  2:  002s    1  :  2   2   2   2   2   2   2  . . . .   2
  3:  003s    1  :  1   2   1   2   2   2   2  . . . .   1
  3:  003s    1  :  2   2   1   2   2   2   2  . . . .   2
  4:  004s    1  :  1   1   2   2   1   2   2  . . . .   1
  4:  004s    1  :  2   1   2   2   2   2   2  . . . .   2

      *******   

1600:    49  192  :  2   2   2   2   2   1   2  . . . .   1
1600:    49  192  :  2   2   2   2   2   2   2  . . . .   2
1601:    50  192  :  2   1   2   2   1   2   2  . . . .   1
1601:    50  192  :  2   2   2   2   2   2   2  . . . .   2

Number of alleles per locus: min= 2; ave=2.0; max= 2


--------------------------------------

Finished initialization; starting MCMC 
100000 iterations + 10000 burnin


--------------------------------------------
Proportion of membership of each pre-defined
 population in each of the 3 clusters

Given    Inferred Clusters       Number of
 Pop       1      2      3      Individuals

  1:     0.251  0.237  0.512       54
  2:     0.259  0.231  0.510       30
  3:     0.718  0.219  0.063       30
  4:     0.720  0.246  0.033       20
  5:     0.714  0.246  0.040       30
  6:     0.254  0.236  0.510       43
  7:     0.252  0.228  0.519       44
  8:     0.206  0.288  0.506        4
  9:     0.233  0.203  0.565       22
 10:     0.230  0.224  0.546       24
 11:     0.260  0.223  0.517       54
 12:     0.249  0.231  0.520       37
 13:     0.249  0.248  0.502       42
 14:     0.257  0.220  0.523       42
 15:     0.253  0.237  0.510       49
 16:     0.260  0.228  0.512      124
 17:     0.245  0.237  0.518       24
 18:     0.250  0.227  0.523       34
 19:     0.248  0.234  0.518       52
 20:     0.316  0.155  0.530        1
 21:     0.241  0.272  0.487        1
 22:     0.202  0.288  0.509        1
 23:     0.168  0.391  0.441        1
 24:     0.217  0.232  0.550        1
 25:     0.289  0.230  0.481        1
 26:     0.250  0.277  0.473        1
 27:     0.328  0.183  0.490        1
 28:     0.256  0.184  0.560        1
 29:     0.136  0.305  0.559        1
 30:     0.241  0.296  0.463        1
 31:     0.328  0.329  0.343        1
 32:     0.183  0.257  0.560        1
 33:     0.262  0.270  0.468        1
 34:     0.214  0.213  0.573        1
 35:     0.046  0.428  0.526        1
 36:     0.227  0.227  0.546        1
 37:     0.238  0.264  0.497        1
 38:     0.201  0.333  0.467        1
 39:     0.201  0.283  0.517        1
 40:     0.158  0.342  0.500        1
 41:     0.171  0.281  0.548        1
 42:     0.231  0.326  0.444        1
 43:     0.133  0.353  0.515        1
 44:     0.344  0.152  0.505        1
 45:     0.217  0.298  0.485        1
 46:     0.212  0.307  0.482        1
 47:     0.223  0.286  0.492        1
 48:     0.229  0.296  0.476        1
 49:     0.127  0.302  0.571        1
 50:     0.414  0.321  0.265        1
 51:     0.380  0.207  0.413        1
 52:     0.192  0.365  0.443        1
 53:     0.269  0.213  0.518        1
 54:     0.050  0.634  0.316        1
 55:     0.032  0.762  0.207        1
 56:     0.091  0.545  0.364        1
 57:     0.098  0.552  0.350        1
 58:     0.102  0.701  0.197        1
 59:     0.132  0.626  0.242        1
 60:     0.103  0.599  0.298        1
 61:     0.141  0.615  0.243        1
 62:     0.540  0.223  0.237        1
 63:     0.076  0.660  0.264        1
 64:     0.024  0.732  0.244        1
 65:     0.035  0.677  0.287        1
 66:     0.039  0.677  0.285        1
 67:     0.137  0.530  0.334        1
 68:     0.119  0.557  0.324        1
 69:     0.134  0.618  0.248        1
 70:     0.134  0.521  0.345        1
 71:     0.118  0.629  0.253        1
 72:     0.066  0.660  0.274        1
 73:     0.126  0.559  0.315        1
 74:     0.127  0.511  0.362        1
 75:     0.071  0.739  0.191        1
 76:     0.644  0.205  0.151        1
 77:     0.027  0.725  0.248        1
 78:     0.165  0.518  0.317        1
 79:     0.058  0.705  0.237        1
 80:     0.076  0.678  0.246        1
 81:     0.090  0.668  0.242        1
 82:     0.037  0.705  0.258        1
 83:     0.135  0.533  0.332        1
 84:     0.052  0.906  0.042        1
 85:     0.015  0.922  0.062        1
 86:     0.079  0.831  0.090        1
 87:     0.015  0.928  0.057        1
 88:     0.028  0.910  0.062        1
 89:     0.023  0.891  0.085        1
 90:     0.050  0.930  0.020        1
 91:     0.043  0.911  0.046        1
 92:     0.059  0.815  0.125        1
 93:     0.057  0.907  0.037        1
 94:     0.092  0.845  0.063        1
 95:     0.030  0.895  0.075        1
 96:     0.009  0.964  0.027        1
 97:     0.037  0.910  0.054        1
 98:     0.016  0.897  0.087        1
 99:     0.062  0.869  0.068        1
100:     0.065  0.914  0.021        1
101:     0.057  0.851  0.092        1
102:     0.035  0.900  0.065        1
103:     0.057  0.887  0.056        1
104:     0.066  0.868  0.066        1
105:     0.062  0.887  0.051        1
106:     0.039  0.887  0.075        1
107:     0.048  0.887  0.065        1
108:     0.006  0.903  0.091        1
109:     0.070  0.887  0.044        1
110:     0.029  0.889  0.082        1
111:     0.009  0.937  0.054        1
112:     0.063  0.879  0.058        1
113:     0.034  0.910  0.056        1
114:     0.039  0.898  0.062        1
115:     0.061  0.836  0.103        1
116:     0.012  0.954  0.034        1
117:     0.106  0.828  0.065        1
118:     0.054  0.938  0.008        1
119:     0.040  0.838  0.122        1
120:     0.058  0.827  0.115        1
121:     0.052  0.886  0.062        1
122:     0.038  0.884  0.079        1
123:     0.043  0.916  0.041        1
124:     0.014  0.945  0.041        1
125:     0.031  0.922  0.047        1
126:     0.060  0.805  0.135        1
127:     0.062  0.878  0.060        1
128:     0.026  0.943  0.031        1
129:     0.018  0.960  0.022        1
130:     0.047  0.893  0.060        1
131:     0.010  0.937  0.053        1
132:     0.098  0.789  0.113        1
133:     0.054  0.910  0.036        1
134:     0.012  0.919  0.069        1
135:     0.001  0.931  0.068        1
136:     0.022  0.972  0.006        1
137:     0.049  0.896  0.056        1
138:     0.042  0.875  0.083        1
139:     0.012  0.945  0.043        1
140:     0.046  0.917  0.037        1
141:     0.006  0.951  0.043        1
142:     0.076  0.815  0.109        1
143:     0.055  0.883  0.061        1
144:     0.046  0.896  0.058        1
145:     0.030  0.913  0.057        1
146:     0.050  0.916  0.034        1
147:     0.040  0.936  0.024        1
148:     0.290  0.338  0.372        1
149:     0.348  0.264  0.388        1
150:     0.276  0.175  0.550        1
151:     0.217  0.253  0.530        1
152:     0.310  0.224  0.466        1
153:     0.276  0.190  0.534        1
154:     0.205  0.310  0.485        1
155:     0.208  0.225  0.567        1
156:     0.240  0.247  0.513        1
157:     0.287  0.155  0.558        1
158:     0.131  0.405  0.463        1
159:     0.123  0.389  0.488        1
160:     0.299  0.212  0.490        1
161:     0.296  0.312  0.392        1
162:     0.338  0.103  0.558        1
163:     0.268  0.253  0.479        1
164:     0.138  0.386  0.476        1
165:     0.194  0.352  0.453        1
166:     0.324  0.138  0.537        1
167:     0.223  0.318  0.459        1
168:     0.239  0.177  0.584        1
169:     0.264  0.200  0.536        1
170:     0.233  0.257  0.510        1
171:     0.266  0.195  0.539        1
172:     0.265  0.277  0.458        1
173:     0.309  0.170  0.521        1
174:     0.233  0.260  0.507        1
175:     0.243  0.253  0.504       50
176:     0.245  0.240  0.514       49
177:     0.258  0.225  0.517       50
178:     0.259  0.227  0.514       49
179:     0.251  0.233  0.516       23
180:     0.237  0.248  0.515       49
181:     0.894  0.093  0.012       30
182:     0.916  0.069  0.016       30
183:     0.284  0.239  0.477       34
184:     0.255  0.223  0.522       36
185:     0.261  0.233  0.505       40
186:     0.252  0.223  0.525       39
187:     0.256  0.224  0.519       37
188:     0.258  0.232  0.510       40
189:     0.261  0.220  0.520       35
190:     0.262  0.237  0.501       28
191:     0.238  0.255  0.506       36
192:     0.264  0.219  0.517       32
--------------------------------------------

 Rep#:   Lambda   Alpha      F1    F2    F3     D1,2  D1,3  D2,3    Ln Like 
  100:    1.00    1.761    0.149 0.028 0.146    0.031 0.047 0.033   --  
  200:    1.00    1.298    0.180 0.110 0.124    0.041 0.043 0.039   --  
  300:    1.00    1.222    0.172 0.125 0.115    0.041 0.040 0.039   --  
  400:    1.00    1.134    0.163 0.133 0.100    0.041 0.038 0.038   --  
  500:    1.00    1.133    0.161 0.133 0.096    0.041 0.036 0.037   --  
  600:    1.00    1.055    0.158 0.137 0.087    0.041 0.035 0.036   --  
  700:    1.00    0.977    0.157 0.140 0.084    0.041 0.034 0.036   --  
  800:    1.00    0.965    0.162 0.139 0.079    0.041 0.033 0.035   --  
  900:    1.00    0.931    0.152 0.135 0.078    0.041 0.032 0.034   --  

--------------------------------------------
Proportion of membership of each pre-defined
 population in each of the 3 clusters

Given    Inferred Clusters       Number of
 Pop       1      2      3      Individuals

  1:     0.192  0.146  0.662       54
  2:     0.191  0.139  0.670       30
  3:     0.758  0.104  0.138       30
  4:     0.857  0.122  0.021       20
  5:     0.806  0.133  0.061       30
  6:     0.185  0.146  0.669       43
  7:     0.184  0.139  0.677       44
  8:     0.164  0.131  0.705        4
  9:     0.145  0.140  0.715       22
 10:     0.155  0.145  0.700       24
 11:     0.183  0.142  0.675       54
 12:     0.179  0.140  0.681       37
 13:     0.199  0.143  0.657       42
 14:     0.184  0.137  0.678       42
 15:     0.194  0.138  0.668       49
 16:     0.193  0.144  0.663      124
 17:     0.186  0.144  0.670       24
 18:     0.172  0.144  0.684       34
 19:     0.185  0.143  0.671       52
 20:     0.181  0.146  0.673        1
 21:     0.148  0.206  0.646        1
 22:     0.178  0.122  0.700        1
 23:     0.185  0.208  0.607        1
 24:     0.171  0.128  0.701        1
 25:     0.174  0.148  0.678        1
 26:     0.176  0.180  0.643        1
 27:     0.198  0.174  0.628        1
 28:     0.183  0.121  0.697        1
 29:     0.096  0.167  0.737        1
 30:     0.228  0.150  0.622        1
 31:     0.334  0.112  0.554        1
 32:     0.149  0.152  0.699        1
 33:     0.223  0.128  0.649        1
 34:     0.124  0.173  0.702        1
 35:     0.140  0.178  0.681        1
 36:     0.193  0.170  0.637        1
 37:     0.175  0.150  0.676        1
 38:     0.186  0.189  0.626        1
 39:     0.163  0.177  0.660        1
 40:     0.216  0.167  0.618        1
 41:     0.120  0.147  0.734        1
 42:     0.204  0.156  0.640        1
 43:     0.193  0.170  0.638        1
 44:     0.237  0.131  0.632        1
 45:     0.158  0.166  0.676        1
 46:     0.151  0.205  0.644        1
 47:     0.160  0.147  0.692        1
 48:     0.124  0.156  0.720        1
 49:     0.134  0.153  0.713        1
 50:     0.418  0.166  0.416        1
 51:     0.300  0.164  0.535        1
 52:     0.210  0.171  0.619        1
 53:     0.170  0.184  0.646        1
 54:     0.197  0.172  0.631        1
 55:     0.257  0.207  0.535        1
 56:     0.137  0.206  0.657        1
 57:     0.153  0.148  0.699        1
 58:     0.165  0.208  0.627        1
 59:     0.223  0.195  0.582        1
 60:     0.243  0.183  0.575        1
 61:     0.187  0.253  0.560        1
 62:     0.479  0.131  0.389        1
 63:     0.237  0.216  0.546        1
 64:     0.194  0.178  0.628        1
 65:     0.163  0.206  0.631        1
 66:     0.211  0.215  0.574        1
 67:     0.210  0.254  0.536        1
 68:     0.213  0.187  0.600        1
 69:     0.205  0.256  0.540        1
 70:     0.205  0.200  0.595        1
 71:     0.190  0.215  0.596        1
 72:     0.184  0.247  0.568        1
 73:     0.153  0.191  0.656        1
 74:     0.207  0.179  0.614        1
 75:     0.232  0.187  0.581        1
 76:     0.602  0.176  0.222        1
 77:     0.227  0.217  0.556        1
 78:     0.217  0.162  0.621        1
 79:     0.225  0.161  0.614        1
 80:     0.182  0.205  0.613        1
 81:     0.229  0.224  0.547        1
 82:     0.188  0.277  0.535        1
 83:     0.171  0.164  0.666        1
 84:     0.049  0.945  0.006        1
 85:     0.042  0.945  0.013        1
 86:     0.021  0.914  0.065        1
 87:     0.004  0.983  0.013        1
 88:     0.002  0.995  0.002        1
 89:     0.003  0.985  0.012        1
 90:     0.001  0.995  0.004        1
 91:     0.019  0.979  0.002        1
 92:     0.048  0.872  0.080        1
 93:     0.082  0.914  0.004        1
 94:     0.029  0.928  0.043        1
 95:     0.048  0.920  0.033        1
 96:     0.003  0.995  0.002        1
 97:     0.021  0.973  0.006        1
 98:     0.004  0.990  0.006        1
 99:     0.004  0.995  0.002        1
100:     0.007  0.992  0.001        1
101:     0.065  0.800  0.135        1
102:     0.015  0.828  0.157        1
103:     0.009  0.978  0.013        1
104:     0.016  0.963  0.022        1
105:     0.060  0.936  0.005        1
106:     0.011  0.849  0.139        1
107:     0.032  0.968  0.000        1
108:     0.059  0.877  0.064        1
109:     0.123  0.807  0.070        1
110:     0.025  0.814  0.161        1
111:     0.022  0.974  0.005        1
112:     0.000  0.999  0.000        1
113:     0.029  0.958  0.012        1
114:     0.006  0.982  0.012        1
115:     0.005  0.954  0.040        1
116:     0.001  0.998  0.001        1
117:     0.049  0.942  0.009        1
118:     0.016  0.981  0.003        1
119:     0.004  0.892  0.104        1
120:     0.008  0.975  0.017        1
121:     0.008  0.978  0.014        1
122:     0.004  0.961  0.035        1
123:     0.008  0.991  0.001        1
124:     0.109  0.861  0.029        1
125:     0.001  0.998  0.001        1
126:     0.033  0.892  0.075        1
127:     0.042  0.929  0.029        1
128:     0.017  0.979  0.004        1
129:     0.001  0.994  0.006        1
130:     0.054  0.932  0.014        1
131:     0.001  0.999  0.000        1
132:     0.074  0.871  0.055        1
133:     0.081  0.901  0.018        1
134:     0.036  0.878  0.086        1
135:     0.061  0.837  0.102        1
136:     0.002  0.997  0.001        1
137:     0.003  0.992  0.004        1
138:     0.000  0.998  0.002        1
139:     0.084  0.913  0.002        1
140:     0.086  0.903  0.011        1
141:     0.010  0.985  0.004        1
142:     0.041  0.873  0.086        1
143:     0.052  0.941  0.007        1
144:     0.002  0.996  0.003        1
145:     0.012  0.983  0.005        1
146:     0.041  0.944  0.015        1
147:     0.010  0.990  0.000        1
148:     0.246  0.241  0.513        1
149:     0.305  0.191  0.504        1
150:     0.139  0.196  0.665        1
151:     0.147  0.134  0.718        1
152:     0.267  0.144  0.589        1
153:     0.162  0.168  0.670        1
154:     0.201  0.169  0.630        1
155:     0.151  0.148  0.700        1
156:     0.198  0.126  0.676        1
157:     0.174  0.159  0.667        1
158:     0.151  0.151  0.698        1
159:     0.105  0.151  0.744        1
160:     0.210  0.122  0.669        1
161:     0.192  0.205  0.602        1
162:     0.152  0.133  0.715        1
163:     0.182  0.139  0.679        1
164:     0.188  0.119  0.693        1
165:     0.217  0.192  0.591        1
166:     0.186  0.127  0.687        1
167:     0.217  0.149  0.634        1
168:     0.143  0.123  0.734        1
169:     0.201  0.164  0.635        1
170:     0.150  0.146  0.704        1
171:     0.129  0.161  0.710        1
172:     0.223  0.145  0.632        1
173:     0.188  0.131  0.681        1
174:     0.177  0.151  0.672        1
175:     0.187  0.139  0.673       50
176:     0.181  0.139  0.679       49
177:     0.185  0.135  0.680       50
178:     0.184  0.142  0.673       49
179:     0.196  0.147  0.658       23
180:     0.183  0.140  0.677       49
181:     0.992  0.004  0.004       30
182:     0.975  0.014  0.012       30
183:     0.231  0.149  0.620       34
184:     0.191  0.133  0.677       36
185:     0.193  0.142  0.665       40
186:     0.177  0.137  0.686       39
187:     0.191  0.141  0.668       37
188:     0.192  0.148  0.660       40
189:     0.190  0.137  0.673       35
190:     0.201  0.135  0.664       28
191:     0.186  0.142  0.671       36
192:     0.188  0.139  0.673       32
--------------------------------------------

 Rep#:   Lambda   Alpha      F1    F2    F3     D1,2  D1,3  D2,3    Ln Like 
 1000:    1.00    0.911    0.157 0.134 0.077    0.042 0.032 0.034   --  
 1100:    1.00    0.813    0.156 0.137 0.073    0.041 0.031 0.033   --  
 1200:    1.00    0.830    0.157 0.138 0.066    0.041 0.031 0.033   --  
 1300:    1.00    0.774    0.158 0.139 0.064    0.042 0.030 0.032   --  
 1400:    1.00    0.784    0.155 0.138 0.061    0.042 0.029 0.031   --  
 1500:    1.00    0.764    0.152 0.135 0.058    0.041 0.029 0.031   --  
 1600:    1.00    0.724    0.153 0.131 0.058    0.041 0.029 0.030   --  
 1700:    1.00    0.700    0.151 0.130 0.054    0.041 0.028 0.030   --  
 1800:    1.00    0.678    0.148 0.132 0.053    0.041 0.028 0.030   --  
 1900:    1.00    0.682    0.150 0.132 0.051    0.041 0.028 0.029   --  

--------------------------------------------
Proportion of membership of each pre-defined
 population in each of the 3 clusters

Given    Inferred Clusters       Number of
 Pop       1      2      3      Individuals

  1:     0.158  0.091  0.751       54
  2:     0.154  0.086  0.760       30
  3:     0.747  0.079  0.174       30
  4:     0.872  0.102  0.026       20
  5:     0.814  0.106  0.080       30
  6:     0.151  0.091  0.758       43
  7:     0.145  0.088  0.767       44
  8:     0.116  0.089  0.795        4
  9:     0.105  0.093  0.802       22
 10:     0.115  0.085  0.800       24
 11:     0.146  0.089  0.766       54
 12:     0.141  0.091  0.769       37
 13:     0.157  0.088  0.755       42
 14:     0.144  0.088  0.769       42
 15:     0.153  0.088  0.758       49
 16:     0.156  0.092  0.752      124
 17:     0.148  0.088  0.764       24
 18:     0.133  0.097  0.770       34
 19:     0.152  0.089  0.759       52
 20:     0.105  0.121  0.774        1
 21:     0.102  0.172  0.726        1
 22:     0.127  0.097  0.776        1
 23:     0.152  0.121  0.728        1
 24:     0.128  0.113  0.759        1
 25:     0.176  0.108  0.716        1
 26:     0.140  0.143  0.717        1
 27:     0.209  0.095  0.696        1
 28:     0.121  0.135  0.744        1
 29:     0.122  0.125  0.754        1
 30:     0.217  0.093  0.690        1
 31:     0.276  0.077  0.647        1
 32:     0.137  0.085  0.779        1
 33:     0.188  0.072  0.739        1
 34:     0.100  0.115  0.785        1
 35:     0.115  0.108  0.777        1
 36:     0.188  0.090  0.722        1
 37:     0.129  0.115  0.755        1
 38:     0.152  0.148  0.700        1
 39:     0.121  0.109  0.770        1
 40:     0.166  0.171  0.663        1
 41:     0.099  0.094  0.807        1
 42:     0.136  0.082  0.782        1
 43:     0.150  0.140  0.710        1
 44:     0.239  0.072  0.689        1
 45:     0.100  0.124  0.775        1
 46:     0.116  0.156  0.727        1
 47:     0.100  0.113  0.787        1
 48:     0.140  0.088  0.772        1
 49:     0.124  0.136  0.741        1
 50:     0.396  0.105  0.500        1
 51:     0.314  0.118  0.568        1
 52:     0.186  0.138  0.676        1
 53:     0.173  0.107  0.720        1
 54:     0.162  0.163  0.675        1
 55:     0.239  0.171  0.590        1
 56:     0.105  0.168  0.728        1
 57:     0.103  0.133  0.764        1
 58:     0.111  0.182  0.708        1
 59:     0.212  0.149  0.639        1
 60:     0.206  0.190  0.604        1
 61:     0.197  0.174  0.629        1
 62:     0.488  0.078  0.433        1
 63:     0.177  0.176  0.646        1
 64:     0.168  0.144  0.688        1
 65:     0.133  0.155  0.711        1
 66:     0.130  0.182  0.688        1
 67:     0.176  0.208  0.616        1
 68:     0.121  0.160  0.719        1
 69:     0.145  0.196  0.659        1
 70:     0.131  0.140  0.730        1
 71:     0.147  0.178  0.675        1
 72:     0.157  0.186  0.657        1
 73:     0.157  0.136  0.706        1
 74:     0.180  0.092  0.728        1
 75:     0.214  0.146  0.640        1
 76:     0.626  0.140  0.235        1
 77:     0.229  0.151  0.620        1
 78:     0.181  0.136  0.683        1
 79:     0.191  0.149  0.661        1
 80:     0.137  0.156  0.706        1
 81:     0.222  0.187  0.591        1
 82:     0.171  0.244  0.585        1
 83:     0.134  0.117  0.749        1
 84:     0.030  0.970  0.000        1
 85:     0.051  0.936  0.012        1
 86:     0.048  0.869  0.082        1
 87:     0.001  0.983  0.016        1
 88:     0.001  0.999  0.000        1
 89:     0.003  0.957  0.040        1
 90:     0.001  0.998  0.001        1
 91:     0.001  0.993  0.006        1
 92:     0.019  0.882  0.099        1
 93:     0.091  0.908  0.001        1
 94:     0.000  0.944  0.056        1
 95:     0.006  0.916  0.078        1
 96:     0.003  0.994  0.003        1
 97:     0.040  0.954  0.006        1
 98:     0.008  0.987  0.004        1
 99:     0.007  0.991  0.002        1
100:     0.004  0.993  0.003        1
101:     0.060  0.794  0.147        1
102:     0.015  0.830  0.155        1
103:     0.000  0.993  0.007        1
104:     0.005  0.992  0.002        1
105:     0.055  0.941  0.004        1
106:     0.002  0.833  0.166        1
107:     0.023  0.977  0.000        1
108:     0.041  0.866  0.093        1
109:     0.113  0.763  0.124        1
110:     0.022  0.790  0.188        1
111:     0.024  0.976  0.001        1
112:     0.001  0.995  0.003        1
113:     0.007  0.983  0.010        1
114:     0.009  0.988  0.002        1
115:     0.002  0.951  0.046        1
116:     0.003  0.994  0.003        1
117:     0.046  0.946  0.008        1
118:     0.018  0.979  0.003        1
119:     0.010  0.862  0.128        1
120:     0.017  0.956  0.027        1
121:     0.015  0.974  0.011        1
122:     0.002  0.937  0.062        1
123:     0.002  0.994  0.003        1
124:     0.070  0.850  0.080        1
125:     0.001  0.997  0.002        1
126:     0.032  0.862  0.106        1
127:     0.062  0.907  0.031        1
128:     0.004  0.994  0.002        1
129:     0.001  0.999  0.000        1
130:     0.071  0.918  0.010        1
131:     0.001  0.998  0.001        1
132:     0.078  0.835  0.086        1
133:     0.088  0.911  0.001        1
134:     0.011  0.867  0.122        1
135:     0.035  0.807  0.159        1
136:     0.001  0.998  0.001        1
137:     0.012  0.979  0.009        1
138:     0.007  0.993  0.000        1
139:     0.053  0.947  0.001        1
140:     0.074  0.922  0.005        1
141:     0.002  0.998  0.001        1
142:     0.014  0.880  0.106        1
143:     0.044  0.956  0.000        1
144:     0.004  0.970  0.026        1
145:     0.005  0.988  0.007        1
146:     0.047  0.938  0.015        1
147:     0.012  0.987  0.001        1
148:     0.207  0.177  0.616        1
149:     0.272  0.130  0.598        1
150:     0.099  0.144  0.757        1
151:     0.114  0.098  0.788        1
152:     0.185  0.102  0.714        1
153:     0.148  0.069  0.784        1
154:     0.120  0.077  0.803        1
155:     0.123  0.126  0.751        1
156:     0.159  0.107  0.734        1
157:     0.122  0.130  0.748        1
158:     0.086  0.122  0.791        1
159:     0.110  0.107  0.783        1
160:     0.169  0.049  0.782        1
161:     0.156  0.160  0.684        1
162:     0.124  0.138  0.738        1
163:     0.129  0.132  0.740        1
164:     0.157  0.118  0.724        1
165:     0.176  0.145  0.679        1
166:     0.169  0.040  0.791        1
167:     0.190  0.101  0.709        1
168:     0.089  0.080  0.831        1
169:     0.127  0.127  0.746        1
170:     0.057  0.106  0.837        1
171:     0.131  0.101  0.769        1
172:     0.166  0.116  0.717        1
173:     0.141  0.082  0.776        1
174:     0.137  0.103  0.760        1
175:     0.154  0.088  0.759       50
176:     0.144  0.085  0.771       49
177:     0.147  0.093  0.760       50
178:     0.150  0.088  0.762       49
179:     0.152  0.089  0.759       23
180:     0.144  0.087  0.769       49
181:     0.994  0.003  0.003       30
182:     0.974  0.007  0.019       30
183:     0.197  0.099  0.704       34
184:     0.153  0.081  0.767       36
185:     0.156  0.094  0.750       40
186:     0.134  0.086  0.780       39
187:     0.150  0.089  0.760       37
188:     0.159  0.088  0.753       40
189:     0.150  0.085  0.765       35
190:     0.167  0.082  0.751       28
191:     0.151  0.089  0.761       36
192:     0.156  0.081  0.764       32
--------------------------------------------

 Rep#:   Lambda   Alpha      F1    F2    F3     D1,2  D1,3  D2,3    Ln Like 
 2000:    1.00    0.664    0.148 0.128 0.049    0.041 0.027 0.030   --  
 2100:    1.00    0.629    0.146 0.130 0.046    0.041 0.027 0.029   --  
 2200:    1.00    0.630    0.146 0.135 0.043    0.041 0.026 0.029   --  
 2300:    1.00    0.622    0.145 0.134 0.043    0.041 0.026 0.029   --  
 2400:    1.00    0.618    0.145 0.133 0.043    0.040 0.026 0.028   --  
 2500:    1.00    0.570    0.148 0.130 0.041    0.040 0.026 0.028   --  
 2600:    1.00    0.593    0.146 0.129 0.040    0.041 0.026 0.028   --  
 2700:    1.00    0.553    0.146 0.130 0.038    0.040 0.026 0.027   --  
 2800:    1.00    0.534    0.142 0.129 0.035    0.040 0.025 0.027   --  
 2900:    1.00    0.490    0.145 0.131 0.035    0.041 0.025 0.027   --  

--------------------------------------------
Proportion of membership of each pre-defined
 population in each of the 3 clusters

Given    Inferred Clusters       Number of
 Pop       1      2      3      Individuals

  1:     0.122  0.060  0.818       54
  2:     0.121  0.058  0.822       30
  3:     0.749  0.073  0.178       30
  4:     0.893  0.085  0.022       20
  5:     0.823  0.098  0.080       30
  6:     0.111  0.060  0.829       43
  7:     0.114  0.053  0.833       44
  8:     0.092  0.061  0.847        4
  9:     0.068  0.053  0.879       22
 10:     0.075  0.062  0.863       24
 11:     0.112  0.058  0.830       54
 12:     0.115  0.053  0.831       37
 13:     0.121  0.062  0.817       42
 14:     0.112  0.056  0.832       42
 15:     0.123  0.054  0.823       49
 16:     0.124  0.061  0.815      124
 17:     0.121  0.058  0.821       24
 18:     0.101  0.060  0.839       34
 19:     0.116  0.057  0.827       52
 20:     0.096  0.069  0.836        1
 21:     0.076  0.101  0.822        1
 22:     0.117  0.044  0.839        1
 23:     0.089  0.131  0.780        1
 24:     0.106  0.074  0.820        1
 25:     0.177  0.078  0.745        1
 26:     0.109  0.100  0.791        1
 27:     0.119  0.062  0.820        1
 28:     0.094  0.049  0.857        1
 29:     0.037  0.085  0.878        1
 30:     0.182  0.055  0.764        1
 31:     0.258  0.038  0.705        1
 32:     0.080  0.061  0.860        1
 33:     0.170  0.072  0.758        1
 34:     0.062  0.079  0.859        1
 35:     0.119  0.061  0.820        1
 36:     0.120  0.091  0.789        1
 37:     0.092  0.041  0.866        1
 38:     0.116  0.147  0.736        1
 39:     0.079  0.060  0.861        1
 40:     0.146  0.094  0.760        1
 41:     0.078  0.065  0.856        1
 42:     0.081  0.076  0.843        1
 43:     0.125  0.067  0.809        1
 44:     0.204  0.041  0.755        1
 45:     0.062  0.064  0.874        1
 46:     0.116  0.122  0.763        1
 47:     0.073  0.045  0.882        1
 48:     0.056  0.058  0.885        1
 49:     0.100  0.053  0.847        1
 50:     0.371  0.070  0.559        1
 51:     0.237  0.068  0.695        1
 52:     0.133  0.104  0.763        1
 53:     0.149  0.058  0.793        1
 54:     0.109  0.122  0.769        1
 55:     0.193  0.175  0.632        1
 56:     0.028  0.132  0.841        1
 57:     0.066  0.112  0.822        1
 58:     0.084  0.148  0.768        1
 59:     0.123  0.101  0.776        1
 60:     0.172  0.113  0.716        1
 61:     0.182  0.168  0.650        1
 62:     0.475  0.073  0.451        1
 63:     0.175  0.156  0.669        1
 64:     0.108  0.139  0.753        1
 65:     0.107  0.116  0.777        1
 66:     0.111  0.129  0.760        1
 67:     0.134  0.146  0.720        1
 68:     0.122  0.115  0.763        1
 69:     0.148  0.193  0.659        1
 70:     0.147  0.122  0.731        1
 71:     0.133  0.155  0.712        1
 72:     0.143  0.162  0.695        1
 73:     0.102  0.157  0.741        1
 74:     0.135  0.088  0.777        1
 75:     0.185  0.108  0.707        1
 76:     0.560  0.139  0.301        1
 77:     0.153  0.155  0.692        1
 78:     0.162  0.123  0.715        1
 79:     0.179  0.116  0.705        1
 80:     0.151  0.124  0.725        1
 81:     0.162  0.138  0.700        1
 82:     0.161  0.222  0.617        1
 83:     0.110  0.089  0.801        1
 84:     0.019  0.981  0.001        1
 85:     0.011  0.987  0.002        1
 86:     0.015  0.885  0.100        1
 87:     0.006  0.992  0.002        1
 88:     0.002  0.997  0.000        1
 89:     0.001  0.986  0.013        1
 90:     0.001  0.999  0.000        1
 91:     0.000  0.987  0.012        1
 92:     0.017  0.855  0.128        1
 93:     0.078  0.921  0.001        1
 94:     0.000  0.927  0.072        1
 95:     0.017  0.901  0.082        1
 96:     0.002  0.996  0.002        1
 97:     0.015  0.980  0.005        1
 98:     0.005  0.975  0.020        1
 99:     0.000  1.000  0.000        1
100:     0.002  0.998  0.000        1
101:     0.063  0.781  0.156        1
102:     0.000  0.801  0.199        1
103:     0.007  0.984  0.010        1
104:     0.004  0.981  0.014        1
105:     0.031  0.968  0.001        1
106:     0.008  0.819  0.172        1
107:     0.037  0.961  0.002        1
108:     0.035  0.843  0.122        1
109:     0.052  0.789  0.159        1
110:     0.002  0.774  0.224        1
111:     0.009  0.990  0.001        1
112:     0.001  0.995  0.004        1
113:     0.011  0.984  0.005        1
114:     0.001  0.999  0.000        1
115:     0.000  0.946  0.054        1
116:     0.006  0.994  0.000        1
117:     0.037  0.953  0.010        1
118:     0.012  0.979  0.009        1
119:     0.006  0.887  0.107        1
120:     0.001  0.997  0.002        1
121:     0.019  0.964  0.017        1
122:     0.002  0.957  0.041        1
123:     0.000  0.997  0.003        1
124:     0.086  0.880  0.033        1
125:     0.001  0.997  0.002        1
126:     0.024  0.903  0.073        1
127:     0.032  0.928  0.040        1
128:     0.013  0.974  0.012        1
129:     0.001  0.996  0.003        1
130:     0.029  0.934  0.037        1
131:     0.000  0.993  0.007        1
132:     0.067  0.842  0.092        1
133:     0.120  0.874  0.005        1
134:     0.006  0.867  0.127        1
135:     0.040  0.801  0.159        1
136:     0.000  1.000  0.000        1
137:     0.004  0.995  0.001        1
138:     0.001  0.999  0.000        1
139:     0.078  0.920  0.002        1
140:     0.085  0.910  0.006        1
141:     0.006  0.993  0.000        1
142:     0.000  0.887  0.112        1
143:     0.039  0.961  0.000        1
144:     0.001  0.988  0.011        1
145:     0.000  0.999  0.001        1
146:     0.056  0.944  0.000        1
147:     0.019  0.974  0.007        1
148:     0.200  0.174  0.625        1
149:     0.264  0.110  0.626        1
150:     0.097  0.084  0.819        1
151:     0.052  0.053  0.895        1
152:     0.185  0.061  0.754        1
153:     0.133  0.046  0.821        1
154:     0.040  0.113  0.848        1
155:     0.119  0.093  0.788        1
156:     0.088  0.078  0.834        1
157:     0.108  0.081  0.811        1
158:     0.078  0.106  0.816        1
159:     0.069  0.079  0.852        1
160:     0.132  0.064  0.804        1
161:     0.127  0.119  0.755        1
162:     0.088  0.061  0.851        1
163:     0.116  0.113  0.771        1
164:     0.124  0.085  0.791        1
165:     0.152  0.142  0.707        1
166:     0.135  0.054  0.811        1
167:     0.152  0.069  0.780        1
168:     0.058  0.079  0.863        1
169:     0.137  0.091  0.771        1
170:     0.059  0.083  0.858        1
171:     0.090  0.086  0.825        1
172:     0.158  0.083  0.759        1
173:     0.137  0.033  0.830        1
174:     0.105  0.086  0.809        1
175:     0.125  0.057  0.818       50
176:     0.110  0.052  0.837       49
177:     0.113  0.056  0.831       50
178:     0.117  0.056  0.827       49
179:     0.115  0.066  0.819       23
180:     0.108  0.055  0.837       49
181:     0.995  0.002  0.003       30
182:     0.976  0.005  0.018       30
183:     0.162  0.079  0.759       34
184:     0.119  0.047  0.835       36
185:     0.119  0.062  0.819       40
186:     0.100  0.056  0.844       39
187:     0.108  0.059  0.833       37
188:     0.114  0.063  0.823       40
189:     0.121  0.059  0.820       35
190:     0.125  0.051  0.824       28
191:     0.121  0.054  0.825       36
192:     0.120  0.048  0.832       32
--------------------------------------------

 Rep#:   Lambda   Alpha      F1    F2    F3     D1,2  D1,3  D2,3    Ln Like 
 3000:    1.00    0.498    0.139 0.128 0.035    0.040 0.024 0.026   --  
 3100:    1.00    0.467    0.138 0.130 0.034    0.040 0.024 0.027   --  
 3200:    1.00    0.454    0.140 0.131 0.034    0.041 0.024 0.026   --  
 3300:    1.00    0.458    0.138 0.128 0.032    0.040 0.024 0.026   --  
 3400:    1.00    0.420    0.140 0.128 0.031    0.040 0.024 0.026   --  
 3500:    1.00    0.401    0.136 0.124 0.029    0.040 0.023 0.025   --  
 3600:    1.00    0.385    0.146 0.127 0.027    0.040 0.023 0.026   --  
 3700:    1.00    0.389    0.141 0.129 0.027    0.041 0.023 0.025   --  
 3800:    1.00    0.371    0.137 0.128 0.027    0.040 0.023 0.025   --  
 3900:    1.00    0.354    0.140 0.130 0.027    0.040 0.022 0.025   --  

--------------------------------------------
Proportion of membership of each pre-defined
 population in each of the 3 clusters

Given    Inferred Clusters       Number of
 Pop       1      2      3      Individuals

  1:     0.089  0.034  0.876       54
  2:     0.083  0.032  0.885       30
  3:     0.741  0.063  0.196       30
  4:     0.887  0.088  0.025       20
  5:     0.817  0.094  0.089       30
  6:     0.079  0.036  0.885       43
  7:     0.077  0.034  0.889       44
  8:     0.042  0.060  0.898        4
  9:     0.034  0.024  0.942       22
 10:     0.035  0.026  0.939       24
 11:     0.079  0.038  0.883       54
 12:     0.072  0.035  0.893       37
 13:     0.088  0.038  0.874       42
 14:     0.077  0.029  0.895       42
 15:     0.080  0.036  0.884       49
 16:     0.089  0.034  0.877      124
 17:     0.082  0.037  0.881       24
 18:     0.066  0.034  0.900       34
 19:     0.078  0.032  0.890       52
 20:     0.089  0.039  0.872        1
 21:     0.041  0.110  0.849        1
 22:     0.051  0.022  0.928        1
 23:     0.084  0.118  0.798        1
 24:     0.065  0.054  0.881        1
 25:     0.143  0.054  0.803        1
 26:     0.103  0.091  0.806        1
 27:     0.122  0.084  0.794        1
 28:     0.089  0.049  0.862        1
 29:     0.055  0.058  0.887        1
 30:     0.147  0.102  0.751        1
 31:     0.195  0.061  0.743        1
 32:     0.029  0.033  0.938        1
 33:     0.116  0.050  0.833        1
 34:     0.098  0.045  0.857        1
 35:     0.033  0.068  0.899        1
 36:     0.079  0.106  0.815        1
 37:     0.049  0.075  0.876        1
 38:     0.090  0.137  0.773        1
 39:     0.049  0.070  0.881        1
 40:     0.102  0.092  0.806        1
 41:     0.020  0.061  0.918        1
 42:     0.087  0.044  0.869        1
 43:     0.042  0.024  0.934        1
 44:     0.132  0.022  0.846        1
 45:     0.052  0.063  0.886        1
 46:     0.093  0.124  0.782        1
 47:     0.029  0.075  0.896        1
 48:     0.012  0.045  0.943        1
 49:     0.031  0.060  0.908        1
 50:     0.349  0.068  0.583        1
 51:     0.230  0.074  0.696        1
 52:     0.125  0.065  0.810        1
 53:     0.109  0.060  0.831        1
 54:     0.138  0.109  0.753        1
 55:     0.179  0.106  0.715        1
 56:     0.038  0.114  0.848        1
 57:     0.063  0.066  0.872        1
 58:     0.073  0.100  0.828        1
 59:     0.147  0.079  0.773        1
 60:     0.146  0.108  0.746        1
 61:     0.111  0.139  0.750        1
 62:     0.462  0.035  0.503        1
 63:     0.131  0.124  0.745        1
 64:     0.094  0.101  0.805        1
 65:     0.108  0.146  0.747        1
 66:     0.095  0.144  0.761        1
 67:     0.132  0.155  0.713        1
 68:     0.074  0.121  0.805        1
 69:     0.127  0.144  0.729        1
 70:     0.052  0.128  0.820        1
 71:     0.099  0.101  0.800        1
 72:     0.103  0.146  0.751        1
 73:     0.121  0.123  0.756        1
 74:     0.133  0.075  0.792        1
 75:     0.136  0.147  0.717        1
 76:     0.575  0.114  0.312        1
 77:     0.150  0.104  0.747        1
 78:     0.162  0.057  0.781        1
 79:     0.192  0.091  0.717        1
 80:     0.106  0.107  0.787        1
 81:     0.132  0.114  0.755        1
 82:     0.143  0.167  0.690        1
 83:     0.115  0.068  0.816        1
 84:     0.031  0.969  0.000        1
 85:     0.030  0.969  0.001        1
 86:     0.000  0.880  0.120        1
 87:     0.005  0.995  0.000        1
 88:     0.000  0.998  0.002        1
 89:     0.001  0.990  0.008        1
 90:     0.000  1.000  0.000        1
 91:     0.009  0.988  0.004        1
 92:     0.000  0.850  0.150        1
 93:     0.058  0.942  0.000        1
 94:     0.000  0.907  0.093        1
 95:     0.008  0.896  0.096        1
 96:     0.000  1.000  0.000        1
 97:     0.031  0.966  0.003        1
 98:     0.007  0.984  0.008        1
 99:     0.000  1.000  0.000        1
100:     0.008  0.990  0.002        1
101:     0.003  0.782  0.215        1
102:     0.001  0.813  0.186        1
103:     0.000  0.999  0.001        1
104:     0.001  0.995  0.005        1
105:     0.070  0.921  0.009        1
106:     0.000  0.825  0.175        1
107:     0.000  0.999  0.001        1
108:     0.016  0.874  0.110        1
109:     0.084  0.789  0.127        1
110:     0.003  0.759  0.238        1
111:     0.007  0.979  0.014        1
112:     0.000  1.000  0.000        1
113:     0.008  0.992  0.000        1
114:     0.000  1.000  0.000        1
115:     0.000  0.944  0.056        1
116:     0.000  1.000  0.000        1
117:     0.051  0.946  0.003        1
118:     0.021  0.977  0.002        1
119:     0.007  0.880  0.113        1
120:     0.000  0.971  0.029        1
121:     0.009  0.990  0.001        1
122:     0.001  0.945  0.054        1
123:     0.001  0.996  0.003        1
124:     0.084  0.853  0.063        1
125:     0.000  0.999  0.000        1
126:     0.002  0.871  0.128        1
