

----------------------------------------------------
STRUCTURE by Pritchard, Stephens and Donnelly (2000)
     and Falush, Stephens and Pritchard (2003)
       Code by Pritchard, Falush and Hubisz
             Version 2.3.4 (Jul 2012)
----------------------------------------------------


Reading file "/workdir/yc2644/CV_CT_array/structure/threader_input/mainparams".
Reading file "/workdir/yc2644/CV_CT_array/structure/threader_input/extraparams".
Reading file "/workdir/yc2644/CV_CT_array/structure/threader_input/n1601.recode.strct_in".


Data file "/workdir/yc2644/CV_CT_array/structure/threader_input/n1601.recode.strct_in" (truncated) --

Ind:   Label Pop : Genotype_data . . . .
  1:  001s    1  :  2   1   2   2   2   1   2  . . . .   2
  1:  001s    1  :  2   2   2   2   2   2   2  . . . .   2
  2:  002s    1  :  2   2   2   2   1   1   2  . . . .   2
  2:  002s    1  :  2   2   2   2   2   2   2  . . . .   2
  3:  003s    1  :  1   2   1   2   2   2   2  . . . .   1
  3:  003s    1  :  2   2   1   2   2   2   2  . . . .   2
  4:  004s    1  :  1   1   2   2   1   2   2  . . . .   1
  4:  004s    1  :  2   1   2   2   2   2   2  . . . .   2

      *******   

1600:    49  192  :  2   2   2   2   2   1   2  . . . .   1
1600:    49  192  :  2   2   2   2   2   2   2  . . . .   2
1601:    50  192  :  2   1   2   2   1   2   2  . . . .   1
1601:    50  192  :  2   2   2   2   2   2   2  . . . .   2

Number of alleles per locus: min= 2; ave=2.0; max= 2


--------------------------------------

Finished initialization; starting MCMC 
100000 iterations + 10000 burnin


--------------------------------------------
Proportion of membership of each pre-defined
 population in each of the 3 clusters

Given    Inferred Clusters       Number of
 Pop       1      2      3      Individuals

  1:     0.303  0.230  0.467       54
  2:     0.290  0.219  0.491       30
  3:     0.122  0.747  0.131       30
  4:     0.082  0.861  0.056       20
  5:     0.126  0.809  0.066       30
  6:     0.317  0.222  0.461       43
  7:     0.287  0.217  0.496       44
  8:     0.293  0.190  0.517        4
  9:     0.322  0.176  0.502       22
 10:     0.313  0.194  0.493       24
 11:     0.281  0.218  0.500       54
 12:     0.329  0.218  0.453       37
 13:     0.317  0.229  0.454       42
 14:     0.292  0.215  0.493       42
 15:     0.311  0.228  0.461       49
 16:     0.304  0.227  0.468      124
 17:     0.298  0.214  0.489       24
 18:     0.325  0.207  0.468       34
 19:     0.294  0.224  0.482       52
 20:     0.259  0.193  0.548        1
 21:     0.458  0.210  0.332        1
 22:     0.161  0.190  0.648        1
 23:     0.391  0.222  0.387        1
 24:     0.318  0.208  0.474        1
 25:     0.291  0.266  0.442        1
 26:     0.377  0.239  0.385        1
 27:     0.297  0.221  0.482        1
 28:     0.363  0.200  0.437        1
 29:     0.333  0.207  0.460        1
 30:     0.316  0.292  0.392        1
 31:     0.394  0.385  0.221        1
 32:     0.313  0.175  0.512        1
 33:     0.326  0.278  0.395        1
 34:     0.401  0.174  0.425        1
 35:     0.322  0.221  0.458        1
 36:     0.393  0.209  0.398        1
 37:     0.128  0.283  0.589        1
 38:     0.345  0.242  0.413        1
 39:     0.497  0.166  0.337        1
 40:     0.338  0.230  0.432        1
 41:     0.291  0.190  0.519        1
 42:     0.338  0.217  0.445        1
 43:     0.426  0.218  0.356        1
 44:     0.263  0.278  0.459        1
 45:     0.161  0.177  0.663        1
 46:     0.358  0.249  0.393        1
 47:     0.263  0.178  0.558        1
 48:     0.302  0.186  0.512        1
 49:     0.403  0.207  0.391        1
 50:     0.326  0.488  0.186        1
 51:     0.278  0.321  0.401        1
 52:     0.402  0.223  0.375        1
 53:     0.316  0.234  0.450        1
 54:     0.717  0.171  0.112        1
 55:     0.725  0.208  0.067        1
 56:     0.808  0.105  0.087        1
 57:     0.886  0.089  0.025        1
 58:     0.805  0.122  0.073        1
 59:     0.893  0.103  0.005        1
 60:     0.862  0.130  0.008        1
 61:     0.935  0.042  0.023        1
 62:     0.075  0.579  0.346        1
 63:     0.876  0.066  0.058        1
 64:     0.852  0.113  0.035        1
 65:     0.813  0.121  0.067        1
 66:     0.739  0.158  0.103        1
 67:     0.725  0.208  0.068        1
 68:     0.738  0.144  0.118        1
 69:     0.774  0.153  0.072        1
 70:     0.775  0.200  0.025        1
 71:     0.793  0.155  0.053        1
 72:     0.895  0.054  0.051        1
 73:     0.861  0.104  0.036        1
 74:     0.572  0.204  0.225        1
 75:     0.765  0.151  0.083        1
 76:     0.220  0.615  0.164        1
 77:     0.916  0.063  0.020        1
 78:     0.760  0.164  0.077        1
 79:     0.723  0.175  0.102        1
 80:     0.863  0.117  0.020        1
 81:     0.893  0.072  0.034        1
 82:     0.720  0.258  0.022        1
 83:     0.799  0.128  0.073        1
 84:     0.768  0.200  0.032        1
 85:     0.743  0.204  0.053        1
 86:     0.943  0.054  0.004        1
 87:     0.844  0.123  0.033        1
 88:     0.864  0.128  0.008        1
 89:     0.854  0.124  0.022        1
 90:     0.773  0.223  0.004        1
 91:     0.831  0.136  0.033        1
 92:     0.865  0.099  0.036        1
 93:     0.746  0.235  0.019        1
 94:     0.739  0.163  0.097        1
 95:     0.779  0.172  0.049        1
 96:     0.871  0.117  0.012        1
 97:     0.768  0.196  0.036        1
 98:     0.762  0.163  0.075        1
 99:     0.894  0.101  0.005        1
100:     0.809  0.179  0.012        1
101:     0.775  0.201  0.023        1
102:     0.754  0.183  0.063        1
103:     0.816  0.165  0.018        1
104:     0.851  0.120  0.029        1
105:     0.719  0.215  0.067        1
106:     0.783  0.181  0.036        1
107:     0.841  0.128  0.031        1
108:     0.796  0.167  0.037        1
109:     0.742  0.211  0.047        1
110:     0.812  0.100  0.088        1
111:     0.794  0.168  0.038        1
112:     0.848  0.135  0.017        1
113:     0.788  0.185  0.026        1
114:     0.816  0.171  0.013        1
115:     0.849  0.129  0.022        1
116:     0.851  0.137  0.012        1
117:     0.680  0.227  0.093        1
118:     0.814  0.170  0.015        1
119:     0.788  0.133  0.079        1
120:     0.834  0.158  0.008        1
121:     0.885  0.100  0.016        1
122:     0.786  0.136  0.078        1
123:     0.833  0.144  0.023        1
124:     0.689  0.238  0.073        1
125:     0.896  0.067  0.037        1
126:     0.782  0.170  0.049        1
127:     0.870  0.128  0.002        1
128:     0.801  0.169  0.030        1
129:     0.787  0.169  0.044        1
130:     0.740  0.226  0.034        1
131:     0.868  0.126  0.006        1
132:     0.693  0.229  0.078        1
133:     0.656  0.294  0.049        1
134:     0.755  0.141  0.104        1
135:     0.793  0.190  0.017        1
136:     0.873  0.101  0.026        1
137:     0.836  0.146  0.018        1
138:     0.822  0.154  0.024        1
139:     0.744  0.242  0.013        1
140:     0.774  0.219  0.007        1
141:     0.794  0.172  0.035        1
142:     0.789  0.152  0.060        1
143:     0.784  0.187  0.029        1
144:     0.740  0.218  0.042        1
145:     0.768  0.169  0.064        1
146:     0.793  0.200  0.008        1
147:     0.826  0.166  0.008        1
148:     0.373  0.288  0.339        1
149:     0.357  0.330  0.313        1
150:     0.316  0.218  0.465        1
151:     0.371  0.206  0.423        1
152:     0.361  0.242  0.396        1
153:     0.489  0.223  0.287        1
154:     0.370  0.236  0.395        1
155:     0.367  0.189  0.445        1
156:     0.238  0.232  0.530        1
157:     0.364  0.194  0.442        1
158:     0.310  0.206  0.484        1
159:     0.508  0.196  0.296        1
160:     0.272  0.246  0.482        1
161:     0.488  0.216  0.297        1
162:     0.201  0.157  0.643        1
163:     0.314  0.230  0.456        1
164:     0.322  0.213  0.464        1
165:     0.395  0.253  0.352        1
166:     0.104  0.255  0.641        1
167:     0.315  0.223  0.462        1
168:     0.303  0.169  0.528        1
169:     0.502  0.169  0.329        1
170:     0.352  0.196  0.452        1
171:     0.345  0.198  0.457        1
172:     0.272  0.243  0.484        1
173:     0.313  0.187  0.499        1
174:     0.312  0.228  0.460        1
175:     0.283  0.223  0.494       50
176:     0.300  0.217  0.483       49
177:     0.285  0.217  0.498       50
178:     0.297  0.224  0.479       49
179:     0.307  0.236  0.457       23
180:     0.275  0.223  0.502       49
181:     0.023  0.938  0.039       30
182:     0.035  0.917  0.048       30
183:     0.298  0.266  0.435       34
184:     0.301  0.221  0.478       36
185:     0.284  0.229  0.487       40
186:     0.298  0.215  0.487       39
187:     0.314  0.229  0.457       37
188:     0.310  0.224  0.467       40
189:     0.299  0.233  0.468       35
190:     0.289  0.240  0.471       28
191:     0.308  0.218  0.475       36
192:     0.285  0.221  0.494       32
--------------------------------------------

 Rep#:   Lambda   Alpha      F1    F2    F3     D1,2  D1,3  D2,3    Ln Like 
  100:    1.00    1.953    0.019 0.199 0.068    0.035 0.018 0.039   --  
  200:    1.00    1.512    0.102 0.167 0.122    0.038 0.038 0.040   --  
  300:    1.00    1.371    0.124 0.159 0.122    0.039 0.042 0.039   --  
  400:    1.00    1.266    0.137 0.157 0.117    0.041 0.043 0.037   --  
  500:    1.00    1.159    0.141 0.156 0.108    0.041 0.041 0.036   --  
  600:    1.00    1.184    0.141 0.155 0.095    0.041 0.040 0.035   --  
  700:    1.00    1.107    0.138 0.154 0.094    0.041 0.039 0.034   --  
  800:    1.00    1.012    0.135 0.152 0.088    0.041 0.037 0.033   --  
  900:    1.00    0.982    0.134 0.154 0.084    0.041 0.036 0.032   --  

--------------------------------------------
Proportion of membership of each pre-defined
 population in each of the 3 clusters

Given    Inferred Clusters       Number of
 Pop       1      2      3      Individuals

  1:     0.177  0.175  0.647       54
  2:     0.174  0.174  0.652       30
  3:     0.109  0.751  0.140       30
  4:     0.113  0.869  0.019       20
  5:     0.125  0.810  0.065       30
  6:     0.179  0.170  0.651       43
  7:     0.176  0.164  0.660       44
  8:     0.191  0.128  0.681        4
  9:     0.179  0.124  0.697       22
 10:     0.180  0.133  0.687       24
 11:     0.176  0.168  0.657       54
 12:     0.172  0.157  0.671       37
 13:     0.178  0.171  0.652       42
 14:     0.173  0.165  0.662       42
 15:     0.177  0.170  0.653       49
 16:     0.177  0.175  0.648      124
 17:     0.172  0.164  0.664       24
 18:     0.179  0.156  0.665       34
 19:     0.175  0.163  0.662       52
 20:     0.167  0.150  0.682        1
 21:     0.246  0.101  0.653        1
 22:     0.142  0.185  0.673        1
 23:     0.231  0.153  0.617        1
 24:     0.205  0.161  0.633        1
 25:     0.209  0.211  0.580        1
 26:     0.241  0.166  0.593        1
 27:     0.182  0.202  0.616        1
 28:     0.182  0.158  0.660        1
 29:     0.192  0.128  0.681        1
 30:     0.192  0.214  0.594        1
 31:     0.170  0.314  0.516        1
 32:     0.177  0.118  0.706        1
 33:     0.153  0.233  0.614        1
 34:     0.190  0.136  0.673        1
 35:     0.212  0.103  0.685        1
 36:     0.197  0.221  0.583        1
 37:     0.182  0.158  0.660        1
 38:     0.248  0.181  0.572        1
 39:     0.179  0.123  0.697        1
 40:     0.200  0.171  0.630        1
 41:     0.183  0.129  0.688        1
 42:     0.199  0.177  0.623        1
 43:     0.199  0.164  0.637        1
 44:     0.143  0.229  0.628        1
 45:     0.216  0.102  0.682        1
 46:     0.282  0.135  0.582        1
 47:     0.187  0.098  0.715        1
 48:     0.226  0.122  0.653        1
 49:     0.200  0.098  0.702        1
 50:     0.176  0.409  0.415        1
 51:     0.173  0.300  0.527        1
 52:     0.214  0.193  0.593        1
 53:     0.204  0.212  0.584        1
 54:     0.195  0.200  0.605        1
 55:     0.271  0.226  0.503        1
 56:     0.230  0.153  0.618        1
 57:     0.228  0.126  0.646        1
 58:     0.237  0.159  0.603        1
 59:     0.210  0.197  0.593        1
 60:     0.236  0.202  0.562        1
 61:     0.247  0.177  0.577        1
 62:     0.168  0.470  0.362        1
 63:     0.230  0.209  0.561        1
 64:     0.204  0.201  0.594        1
 65:     0.233  0.146  0.621        1
 66:     0.240  0.196  0.564        1
 67:     0.260  0.194  0.547        1
 68:     0.221  0.140  0.639        1
 69:     0.255  0.181  0.564        1
 70:     0.253  0.168  0.579        1
 71:     0.253  0.140  0.607        1
 72:     0.252  0.183  0.566        1
 73:     0.228  0.142  0.630        1
 74:     0.190  0.209  0.601        1
 75:     0.214  0.207  0.579        1
 76:     0.203  0.610  0.187        1
 77:     0.235  0.194  0.571        1
 78:     0.198  0.194  0.608        1
 79:     0.203  0.254  0.543        1
 80:     0.251  0.194  0.555        1
 81:     0.256  0.201  0.542        1
 82:     0.287  0.221  0.492        1
 83:     0.185  0.189  0.626        1
 84:     0.972  0.015  0.014        1
 85:     0.950  0.049  0.001        1
 86:     0.902  0.029  0.069        1
 87:     0.985  0.000  0.015        1
 88:     0.998  0.000  0.001        1
 89:     0.992  0.004  0.004        1
 90:     0.995  0.003  0.002        1
 91:     0.987  0.010  0.002        1
 92:     0.900  0.007  0.093        1
 93:     0.930  0.064  0.005        1
 94:     0.964  0.032  0.004        1
 95:     0.923  0.062  0.016        1
 96:     0.994  0.006  0.001        1
 97:     0.983  0.016  0.002        1
 98:     0.970  0.016  0.014        1
 99:     1.000  0.000  0.000        1
100:     0.984  0.008  0.008        1
101:     0.807  0.062  0.131        1
102:     0.852  0.036  0.112        1
103:     0.998  0.002  0.001        1
104:     0.998  0.001  0.000        1
105:     0.956  0.043  0.000        1
106:     0.870  0.017  0.113        1
107:     0.977  0.019  0.003        1
108:     0.867  0.073  0.059        1
109:     0.799  0.094  0.107        1
110:     0.815  0.018  0.168        1
111:     0.997  0.002  0.001        1
112:     0.996  0.001  0.002        1
113:     0.979  0.021  0.000        1
114:     0.985  0.006  0.009        1
115:     0.974  0.004  0.022        1
116:     0.988  0.012  0.000        1
117:     0.974  0.025  0.001        1
118:     0.963  0.035  0.002        1
119:     0.882  0.028  0.090        1
120:     0.977  0.011  0.013        1
121:     0.996  0.003  0.001        1
122:     0.963  0.010  0.027        1
123:     0.988  0.005  0.008        1
124:     0.873  0.095  0.033        1
125:     0.987  0.004  0.009        1
126:     0.912  0.024  0.064        1
127:     0.959  0.025  0.016        1
128:     0.994  0.002  0.004        1
129:     0.996  0.004  0.001        1
130:     0.931  0.061  0.008        1
131:     0.989  0.005  0.006        1
132:     0.849  0.115  0.036        1
133:     0.885  0.114  0.001        1
134:     0.880  0.032  0.088        1
135:     0.865  0.059  0.076        1
136:     0.998  0.001  0.001        1
137:     0.986  0.006  0.009        1
138:     0.998  0.000  0.001        1
139:     0.937  0.058  0.005        1
140:     0.914  0.078  0.008        1
141:     0.990  0.009  0.001        1
142:     0.933  0.023  0.044        1
143:     0.941  0.059  0.001        1
144:     0.980  0.008  0.012        1
145:     0.996  0.000  0.004        1
146:     0.945  0.052  0.003        1
147:     0.985  0.014  0.001        1
148:     0.240  0.205  0.555        1
149:     0.228  0.295  0.478        1
150:     0.207  0.144  0.649        1
151:     0.184  0.119  0.698        1
152:     0.172  0.208  0.619        1
153:     0.222  0.142  0.635        1
154:     0.192  0.163  0.644        1
155:     0.226  0.151  0.623        1
156:     0.173  0.170  0.657        1
157:     0.192  0.168  0.640        1
158:     0.209  0.133  0.657        1
159:     0.208  0.105  0.687        1
160:     0.162  0.167  0.671        1
161:     0.224  0.174  0.602        1
162:     0.167  0.154  0.679        1
163:     0.227  0.164  0.609        1
164:     0.172  0.148  0.681        1
165:     0.225  0.209  0.566        1
166:     0.124  0.208  0.669        1
167:     0.205  0.161  0.634        1
168:     0.170  0.162  0.669        1
169:     0.247  0.141  0.612        1
170:     0.212  0.108  0.680        1
171:     0.200  0.137  0.663        1
172:     0.178  0.179  0.643        1
173:     0.196  0.175  0.629        1
174:     0.164  0.168  0.668        1
175:     0.173  0.167  0.660       50
176:     0.170  0.162  0.668       49
177:     0.174  0.163  0.663       50
178:     0.170  0.172  0.658       49
179:     0.176  0.175  0.648       23
180:     0.174  0.161  0.665       49
181:     0.004  0.993  0.003       30
182:     0.012  0.974  0.015       30
183:     0.183  0.212  0.605       34
184:     0.171  0.164  0.665       36
185:     0.178  0.173  0.649       40
186:     0.176  0.151  0.674       39
187:     0.174  0.171  0.656       37
188:     0.178  0.175  0.647       40
189:     0.176  0.173  0.651       35
190:     0.175  0.178  0.647       28
191:     0.175  0.167  0.659       36
192:     0.170  0.170  0.660       32
--------------------------------------------

 Rep#:   Lambda   Alpha      F1    F2    F3     D1,2  D1,3  D2,3    Ln Like 
 1000:    1.00    0.948    0.141 0.150 0.077    0.040 0.035 0.031   --  
 1100:    1.00    0.912    0.133 0.149 0.076    0.040 0.034 0.030   --  
 1200:    1.00    0.855    0.136 0.149 0.065    0.041 0.033 0.030   --  
 1300:    1.00    0.825    0.137 0.148 0.064    0.041 0.033 0.029   --  
 1400:    1.00    0.789    0.142 0.153 0.060    0.041 0.032 0.029   --  
 1500:    1.00    0.761    0.136 0.145 0.057    0.041 0.032 0.028   --  
 1600:    1.00    0.765    0.140 0.149 0.053    0.041 0.032 0.028   --  
 1700:    1.00    0.759    0.132 0.146 0.054    0.041 0.031 0.027   --  
 1800:    1.00    0.712    0.133 0.147 0.053    0.041 0.031 0.027   --  
 1900:    1.00    0.706    0.138 0.141 0.050    0.041 0.031 0.027   --  

--------------------------------------------
Proportion of membership of each pre-defined
 population in each of the 3 clusters

Given    Inferred Clusters       Number of
 Pop       1      2      3      Individuals

  1:     0.120  0.140  0.740       54
  2:     0.112  0.140  0.748       30
  3:     0.090  0.744  0.166       30
  4:     0.104  0.869  0.027       20
  5:     0.107  0.816  0.077       30
  6:     0.115  0.129  0.756       43
  7:     0.110  0.127  0.763       44
  8:     0.107  0.104  0.790        4
  9:     0.115  0.084  0.801       22
 10:     0.114  0.088  0.797       24
 11:     0.116  0.127  0.758       54
 12:     0.111  0.122  0.767       37
 13:     0.119  0.142  0.740       42
 14:     0.109  0.127  0.764       42
 15:     0.113  0.138  0.748       49
 16:     0.115  0.137  0.748      124
 17:     0.118  0.126  0.756       24
 18:     0.110  0.119  0.771       34
 19:     0.112  0.132  0.757       52
 20:     0.123  0.110  0.767        1
 21:     0.153  0.105  0.742        1
 22:     0.086  0.127  0.786        1
 23:     0.156  0.147  0.698        1
 24:     0.109  0.141  0.749        1
 25:     0.101  0.167  0.732        1
 26:     0.173  0.122  0.705        1
 27:     0.140  0.146  0.714        1
 28:     0.132  0.073  0.795        1
 29:     0.121  0.098  0.781        1
 30:     0.160  0.191  0.649        1
 31:     0.097  0.271  0.632        1
 32:     0.103  0.090  0.807        1
 33:     0.107  0.163  0.730        1
 34:     0.140  0.074  0.786        1
 35:     0.137  0.103  0.760        1
 36:     0.132  0.166  0.702        1
 37:     0.128  0.103  0.769        1
 38:     0.183  0.127  0.690        1
 39:     0.143  0.088  0.769        1
 40:     0.168  0.146  0.686        1
 41:     0.129  0.075  0.797        1
 42:     0.119  0.154  0.727        1
 43:     0.143  0.135  0.722        1
 44:     0.094  0.206  0.700        1
 45:     0.136  0.078  0.785        1
 46:     0.194  0.125  0.681        1
 47:     0.129  0.085  0.787        1
 48:     0.112  0.110  0.778        1
 49:     0.131  0.049  0.820        1
 50:     0.153  0.358  0.489        1
 51:     0.131  0.261  0.607        1
 52:     0.169  0.127  0.705        1
 53:     0.128  0.157  0.715        1
 54:     0.161  0.109  0.730        1
 55:     0.194  0.200  0.606        1
 56:     0.205  0.087  0.708        1
 57:     0.168  0.077  0.756        1
 58:     0.208  0.115  0.678        1
 59:     0.168  0.153  0.678        1
 60:     0.174  0.173  0.653        1
 61:     0.243  0.177  0.580        1
 62:     0.113  0.479  0.408        1
 63:     0.165  0.215  0.621        1
 64:     0.183  0.138  0.679        1
 65:     0.207  0.110  0.682        1
 66:     0.173  0.088  0.739        1
 67:     0.199  0.141  0.660        1
 68:     0.170  0.155  0.675        1
 69:     0.234  0.158  0.608        1
 70:     0.202  0.156  0.642        1
 71:     0.175  0.117  0.708        1
 72:     0.233  0.134  0.633        1
 73:     0.178  0.123  0.700        1
 74:     0.109  0.195  0.696        1
 75:     0.172  0.164  0.664        1
 76:     0.174  0.596  0.231        1
 77:     0.156  0.163  0.680        1
 78:     0.141  0.178  0.681        1
 79:     0.152  0.208  0.640        1
 80:     0.181  0.160  0.659        1
 81:     0.194  0.183  0.623        1
 82:     0.282  0.154  0.564        1
 83:     0.162  0.105  0.733        1
 84:     0.965  0.032  0.003        1
 85:     0.961  0.038  0.000        1
 86:     0.892  0.003  0.105        1
 87:     0.995  0.005  0.000        1
 88:     0.994  0.006  0.000        1
 89:     0.981  0.000  0.019        1
 90:     0.991  0.004  0.006        1
 91:     0.977  0.001  0.022        1
 92:     0.849  0.004  0.148        1
 93:     0.937  0.060  0.003        1
 94:     0.955  0.023  0.022        1
 95:     0.936  0.042  0.021        1
 96:     0.996  0.001  0.003        1
 97:     0.990  0.009  0.001        1
 98:     0.975  0.000  0.025        1
 99:     0.994  0.006  0.000        1
100:     0.999  0.001  0.000        1
101:     0.804  0.042  0.154        1
102:     0.842  0.010  0.148        1
103:     0.997  0.000  0.002        1
104:     0.978  0.008  0.014        1
105:     0.943  0.054  0.003        1
106:     0.841  0.001  0.158        1
107:     0.977  0.004  0.019        1
108:     0.851  0.026  0.122        1
109:     0.790  0.091  0.119        1
110:     0.786  0.003  0.211        1
111:     0.974  0.024  0.002        1
112:     0.996  0.003  0.001        1
113:     0.991  0.009  0.000        1
114:     0.998  0.001  0.001        1
115:     0.969  0.003  0.028        1
116:     0.995  0.000  0.005        1
117:     0.968  0.026  0.005        1
118:     0.982  0.018  0.000        1
119:     0.892  0.021  0.087        1
120:     0.984  0.004  0.013        1
121:     0.984  0.002  0.013        1
122:     0.958  0.001  0.041        1
123:     0.998  0.001  0.002        1
124:     0.863  0.062  0.075        1
125:     0.997  0.000  0.002        1
126:     0.868  0.024  0.107        1
127:     0.920  0.033  0.047        1
128:     0.987  0.009  0.004        1
129:     0.999  0.001  0.000        1
130:     0.954  0.018  0.028        1
131:     0.993  0.000  0.006        1
132:     0.868  0.085  0.047        1
133:     0.886  0.105  0.009        1
134:     0.842  0.018  0.140        1
135:     0.824  0.061  0.115        1
136:     1.000  0.000  0.000        1
137:     0.994  0.006  0.000        1
138:     0.996  0.000  0.004        1
139:     0.937  0.062  0.001        1
140:     0.935  0.065  0.001        1
141:     0.997  0.000  0.003        1
142:     0.912  0.032  0.056        1
143:     0.941  0.046  0.013        1
144:     0.989  0.011  0.000        1
145:     0.999  0.000  0.001        1
146:     0.957  0.043  0.001        1
147:     0.974  0.024  0.001        1
148:     0.200  0.194  0.606        1
149:     0.172  0.248  0.580        1
150:     0.155  0.063  0.782        1
151:     0.134  0.061  0.805        1
152:     0.104  0.168  0.728        1
153:     0.121  0.125  0.754        1
154:     0.129  0.098  0.773        1
155:     0.170  0.062  0.768        1
156:     0.110  0.132  0.758        1
157:     0.097  0.125  0.778        1
158:     0.167  0.117  0.717        1
159:     0.131  0.078  0.791        1
160:     0.082  0.139  0.778        1
161:     0.167  0.137  0.696        1
162:     0.112  0.149  0.739        1
163:     0.161  0.130  0.708        1
164:     0.120  0.164  0.715        1
165:     0.129  0.161  0.710        1
166:     0.090  0.150  0.761        1
167:     0.107  0.140  0.753        1
168:     0.104  0.096  0.800        1
169:     0.156  0.112  0.733        1
170:     0.161  0.102  0.737        1
171:     0.112  0.102  0.786        1
172:     0.117  0.171  0.712        1
173:     0.126  0.107  0.767        1
174:     0.158  0.107  0.735        1
175:     0.108  0.136  0.756       50
176:     0.112  0.129  0.759       49
177:     0.115  0.124  0.761       50
178:     0.107  0.137  0.756       49
179:     0.121  0.140  0.739       23
180:     0.114  0.127  0.759       49
181:     0.003  0.992  0.005       30
182:     0.009  0.980  0.011       30
183:     0.127  0.174  0.700       34
184:     0.104  0.127  0.769       36
185:     0.118  0.136  0.746       40
186:     0.111  0.116  0.774       39
187:     0.118  0.135  0.747       37
188:     0.119  0.137  0.744       40
189:     0.113  0.141  0.746       35
190:     0.106  0.147  0.747       28
191:     0.108  0.134  0.758       36
192:     0.105  0.135  0.760       32
--------------------------------------------

 Rep#:   Lambda   Alpha      F1    F2    F3     D1,2  D1,3  D2,3    Ln Like 
 2000:    1.00    0.692    0.132 0.140 0.050    0.040 0.030 0.026   --  
 2100:    1.00    0.672    0.133 0.144 0.047    0.041 0.030 0.026   --  
 2200:    1.00    0.662    0.137 0.143 0.045    0.041 0.030 0.026   --  
 2300:    1.00    0.622    0.137 0.145 0.042    0.041 0.029 0.026   --  
 2400:    1.00    0.632    0.135 0.143 0.042    0.041 0.029 0.026   --  
 2500:    1.00    0.623    0.134 0.142 0.041    0.041 0.029 0.025   --  
 2600:    1.00    0.612    0.135 0.142 0.040    0.041 0.028 0.025   --  
 2700:    1.00    0.563    0.134 0.143 0.039    0.040 0.028 0.025   --  
 2800:    1.00    0.547    0.131 0.140 0.035    0.041 0.028 0.024   --  
 2900:    1.00    0.535    0.136 0.142 0.035    0.040 0.027 0.024   --  

--------------------------------------------
Proportion of membership of each pre-defined
 population in each of the 3 clusters

Given    Inferred Clusters       Number of
 Pop       1      2      3      Individuals

  1:     0.076  0.105  0.819       54
  2:     0.079  0.100  0.821       30
  3:     0.075  0.736  0.189       30
  4:     0.090  0.882  0.027       20
  5:     0.096  0.816  0.088       30
  6:     0.079  0.096  0.826       43
  7:     0.073  0.097  0.831       44
  8:     0.083  0.078  0.839        4
  9:     0.072  0.055  0.873       22
 10:     0.072  0.065  0.863       24
 11:     0.075  0.096  0.829       54
 12:     0.069  0.089  0.842       37
 13:     0.079  0.106  0.815       42
 14:     0.075  0.094  0.831       42
 15:     0.073  0.106  0.821       49
 16:     0.077  0.110  0.813      124
 17:     0.074  0.094  0.832       24
 18:     0.079  0.086  0.835       34
 19:     0.075  0.103  0.823       52
 20:     0.104  0.094  0.802        1
 21:     0.153  0.048  0.798        1
 22:     0.086  0.067  0.846        1
 23:     0.120  0.102  0.778        1
 24:     0.091  0.053  0.856        1
 25:     0.092  0.144  0.764        1
 26:     0.130  0.094  0.776        1
 27:     0.076  0.113  0.811        1
 28:     0.129  0.079  0.792        1
 29:     0.098  0.053  0.850        1
 30:     0.098  0.136  0.766        1
 31:     0.073  0.223  0.703        1
 32:     0.091  0.032  0.878        1
 33:     0.059  0.101  0.840        1
 34:     0.100  0.066  0.834        1
 35:     0.091  0.061  0.848        1
 36:     0.115  0.108  0.778        1
 37:     0.095  0.072  0.833        1
 38:     0.148  0.115  0.738        1
 39:     0.100  0.064  0.836        1
 40:     0.113  0.095  0.792        1
 41:     0.097  0.035  0.868        1
 42:     0.052  0.111  0.837        1
 43:     0.107  0.100  0.792        1
 44:     0.086  0.151  0.763        1
 45:     0.078  0.101  0.821        1
 46:     0.159  0.080  0.761        1
 47:     0.104  0.030  0.866        1
 48:     0.072  0.109  0.820        1
 49:     0.103  0.069  0.828        1
 50:     0.085  0.396  0.520        1
 51:     0.064  0.270  0.666        1
 52:     0.109  0.119  0.772        1
 53:     0.092  0.124  0.784        1
 54:     0.144  0.132  0.724        1
 55:     0.179  0.185  0.636        1
 56:     0.168  0.078  0.754        1
 57:     0.125  0.085  0.790        1
 58:     0.149  0.098  0.753        1
 59:     0.102  0.120  0.778        1
 60:     0.113  0.174  0.713        1
 61:     0.180  0.163  0.657        1
 62:     0.071  0.485  0.444        1
 63:     0.159  0.120  0.722        1
 64:     0.127  0.092  0.781        1
 65:     0.155  0.109  0.736        1
 66:     0.186  0.096  0.718        1
 67:     0.146  0.086  0.768        1
 68:     0.157  0.113  0.730        1
 69:     0.152  0.154  0.693        1
 70:     0.132  0.142  0.725        1
 71:     0.147  0.128  0.725        1
 72:     0.166  0.099  0.735        1
 73:     0.134  0.097  0.769        1
 74:     0.086  0.135  0.779        1
 75:     0.141  0.152  0.708        1
 76:     0.132  0.596  0.272        1
 77:     0.174  0.152  0.673        1
 78:     0.112  0.152  0.736        1
 79:     0.137  0.134  0.729        1
 80:     0.144  0.138  0.717        1
 81:     0.153  0.166  0.682        1
 82:     0.211  0.150  0.638        1
 83:     0.112  0.108  0.779        1
 84:     0.958  0.042  0.000        1
 85:     0.977  0.018  0.006        1
 86:     0.892  0.009  0.099        1
 87:     0.993  0.001  0.007        1
 88:     0.999  0.001  0.000        1
 89:     0.994  0.000  0.006        1
 90:     1.000  0.000  0.000        1
 91:     0.999  0.000  0.001        1
 92:     0.874  0.018  0.108        1
 93:     0.951  0.048  0.002        1
 94:     0.929  0.000  0.071        1
 95:     0.957  0.037  0.006        1
 96:     0.997  0.000  0.003        1
 97:     0.988  0.012  0.000        1
 98:     0.990  0.003  0.007        1
 99:     0.994  0.000  0.005        1
100:     0.996  0.001  0.003        1
101:     0.783  0.039  0.178        1
102:     0.825  0.007  0.168        1
103:     0.999  0.001  0.000        1
104:     0.982  0.007  0.011        1
105:     0.947  0.052  0.001        1
106:     0.807  0.001  0.192        1
107:     0.977  0.021  0.002        1
108:     0.863  0.046  0.091        1
109:     0.773  0.091  0.136        1
110:     0.778  0.018  0.205        1
111:     0.995  0.001  0.004        1
112:     0.999  0.000  0.000        1
113:     0.978  0.021  0.001        1
114:     0.998  0.002  0.000        1
115:     0.923  0.002  0.074        1
116:     0.993  0.006  0.001        1
117:     0.968  0.031  0.001        1
118:     0.983  0.000  0.017        1
119:     0.904  0.017  0.079        1
120:     0.978  0.000  0.022        1
121:     0.980  0.000  0.020        1
122:     0.926  0.002  0.072        1
123:     1.000  0.000  0.000        1
124:     0.826  0.123  0.051        1
125:     0.997  0.001  0.002        1
126:     0.888  0.010  0.102        1
127:     0.953  0.029  0.017        1
128:     0.994  0.004  0.002        1
129:     0.997  0.003  0.000        1
130:     0.962  0.028  0.009        1
131:     0.995  0.004  0.001        1
132:     0.830  0.099  0.071        1
133:     0.887  0.111  0.002        1
134:     0.844  0.000  0.156        1
135:     0.843  0.015  0.142        1
136:     0.999  0.001  0.000        1
137:     0.984  0.008  0.009        1
138:     0.999  0.001  0.001        1
139:     0.944  0.056  0.000        1
140:     0.924  0.074  0.002        1
141:     0.997  0.003  0.000        1
142:     0.891  0.008  0.101        1
143:     0.916  0.079  0.006        1
144:     0.992  0.008  0.000        1
145:     0.997  0.000  0.003        1
146:     0.983  0.017  0.000        1
147:     0.994  0.005  0.002        1
148:     0.179  0.161  0.660        1
149:     0.134  0.221  0.645        1
150:     0.130  0.020  0.850        1
151:     0.093  0.039  0.868        1
152:     0.056  0.125  0.819        1
153:     0.069  0.096  0.834        1
154:     0.099  0.049  0.852        1
155:     0.102  0.069  0.829        1
156:     0.081  0.092  0.827        1
157:     0.112  0.084  0.803        1
158:     0.116  0.081  0.803        1
159:     0.051  0.093  0.856        1
160:     0.052  0.072  0.876        1
161:     0.133  0.150  0.717        1
162:     0.086  0.045  0.869        1
163:     0.103  0.082  0.815        1
164:     0.091  0.110  0.799        1
165:     0.118  0.130  0.752        1
166:     0.061  0.115  0.824        1
167:     0.070  0.157  0.773        1
168:     0.055  0.078  0.866        1
169:     0.112  0.042  0.846        1
170:     0.094  0.014  0.892        1
171:     0.119  0.069  0.812        1
172:     0.112  0.126  0.762        1
173:     0.052  0.078  0.870        1
174:     0.113  0.077  0.810        1
175:     0.068  0.102  0.830       50
176:     0.071  0.098  0.830       49
177:     0.072  0.098  0.829       50
178:     0.073  0.104  0.823       49
179:     0.081  0.106  0.813       23
180:     0.074  0.096  0.830       49
181:     0.003  0.994  0.002       30
182:     0.008  0.977  0.014       30
183:     0.094  0.148  0.758       34
184:     0.063  0.102  0.835       36
185:     0.079  0.100  0.822       40
186:     0.077  0.088  0.836       39
187:     0.071  0.105  0.824       37
188:     0.075  0.109  0.816       40
189:     0.071  0.107  0.822       35
190:     0.071  0.112  0.818       28
191:     0.072  0.099  0.829       36
192:     0.065  0.107  0.829       32
--------------------------------------------

 Rep#:   Lambda   Alpha      F1    F2    F3     D1,2  D1,3  D2,3    Ln Like 
 3000:    1.00    0.503    0.132 0.140 0.034    0.040 0.027 0.024   --  
 3100:    1.00    0.501    0.132 0.144 0.033    0.040 0.027 0.024   --  
 3200:    1.00    0.479    0.133 0.137 0.033    0.040 0.027 0.024   --  
 3300:    1.00    0.486    0.132 0.137 0.031    0.040 0.027 0.023   --  
 3400:    1.00    0.466    0.130 0.137 0.031    0.040 0.026 0.023   --  
 3500:    1.00    0.441    0.130 0.138 0.031    0.040 0.026 0.023   --  
 3600:    1.00    0.419    0.131 0.140 0.030    0.040 0.026 0.023   --  
 3700:    1.00    0.386    0.131 0.135 0.030    0.040 0.026 0.023   --  
 3800:    1.00    0.386    0.129 0.138 0.028    0.040 0.025 0.022   --  
 3900:    1.00    0.354    0.129 0.134 0.028    0.040 0.025 0.022   --  

--------------------------------------------
Proportion of membership of each pre-defined
 population in each of the 3 clusters

Given    Inferred Clusters       Number of
 Pop       1      2      3      Individuals

  1:     0.043  0.081  0.876       54
  2:     0.037  0.079  0.884       30
  3:     0.060  0.735  0.206       30
  4:     0.089  0.874  0.037       20
  5:     0.089  0.802  0.109       30
  6:     0.043  0.073  0.884       43
  7:     0.039  0.072  0.888       44
  8:     0.049  0.041  0.909        4
  9:     0.035  0.027  0.938       22
 10:     0.031  0.030  0.939       24
 11:     0.039  0.068  0.893       54
 12:     0.034  0.065  0.901       37
 13:     0.045  0.079  0.876       42
 14:     0.038  0.072  0.891       42
 15:     0.042  0.077  0.881       49
 16:     0.044  0.079  0.877      124
 17:     0.045  0.070  0.885       24
 18:     0.048  0.057  0.895       34
 19:     0.037  0.072  0.890       52
 20:     0.067  0.080  0.853        1
 21:     0.122  0.036  0.842        1
 22:     0.011  0.096  0.893        1
 23:     0.092  0.108  0.800        1
 24:     0.041  0.058  0.901        1
 25:     0.051  0.076  0.873        1
 26:     0.079  0.063  0.857        1
 27:     0.062  0.096  0.842        1
 28:     0.045  0.045  0.910        1
 29:     0.101  0.003  0.896        1
 30:     0.102  0.112  0.786        1
 31:     0.048  0.203  0.749        1
 32:     0.049  0.081  0.870        1
 33:     0.065  0.098  0.837        1
 34:     0.080  0.000  0.920        1
 35:     0.068  0.040  0.891        1
 36:     0.102  0.092  0.805        1
 37:     0.081  0.013  0.906        1
 38:     0.135  0.076  0.789        1
 39:     0.068  0.027  0.904        1
 40:     0.098  0.066  0.836        1
 41:     0.075  0.004  0.921        1
 42:     0.062  0.072  0.866        1
 43:     0.045  0.087  0.868        1
 44:     0.009  0.167  0.824        1
 45:     0.085  0.050  0.865        1
 46:     0.145  0.049  0.806        1
 47:     0.061  0.038  0.901        1
 48:     0.055  0.023  0.922        1
 49:     0.025  0.016  0.959        1
 50:     0.075  0.334  0.591        1
 51:     0.073  0.236  0.691        1
 52:     0.073  0.100  0.827        1
 53:     0.071  0.101  0.828        1
 54:     0.084  0.113  0.803        1
 55:     0.169  0.163  0.669        1
 56:     0.118  0.029  0.853        1
 57:     0.060  0.050  0.891        1
 58:     0.150  0.086  0.765        1
 59:     0.121  0.114  0.765        1
 60:     0.134  0.144  0.722        1
 61:     0.187  0.122  0.692        1
 62:     0.067  0.413  0.519        1
 63:     0.125  0.120  0.755        1
 64:     0.126  0.124  0.749        1
 65:     0.157  0.079  0.764        1
 66:     0.100  0.134  0.766        1
 67:     0.140  0.135  0.724        1
 68:     0.114  0.109  0.777        1
 69:     0.149  0.102  0.748        1
 70:     0.091  0.104  0.805        1
 71:     0.139  0.111  0.750        1
 72:     0.192  0.067  0.741        1
 73:     0.121  0.057  0.822        1
 74:     0.071  0.073  0.857        1
 75:     0.124  0.124  0.753        1
 76:     0.133  0.584  0.282        1
 77:     0.180  0.149  0.671        1
 78:     0.086  0.106  0.808        1
 79:     0.106  0.142  0.752        1
 80:     0.114  0.100  0.786        1
 81:     0.122  0.151  0.727        1
 82:     0.200  0.135  0.665        1
 83:     0.139  0.071  0.790        1
 84:     0.982  0.014  0.004        1
 85:     0.950  0.046  0.004        1
 86:     0.879  0.004  0.117        1
 87:     0.997  0.000  0.003        1
 88:     0.993  0.006  0.000        1
 89:     0.978  0.002  0.021        1
 90:     0.999  0.001  0.000        1
 91:     0.985  0.001  0.014        1
 92:     0.828  0.010  0.163        1
 93:     0.947  0.049  0.003        1
 94:     0.943  0.022  0.035        1
 95:     0.909  0.001  0.090        1
 96:     1.000  0.000  0.000        1
 97:     0.997  0.000  0.003        1
 98:     0.999  0.000  0.001        1
 99:     0.999  0.000  0.001        1
100:     1.000  0.000  0.000        1
101:     0.784  0.002  0.214        1
102:     0.810  0.000  0.190        1
103:     0.980  0.018  0.003        1
104:     0.989  0.006  0.005        1
105:     0.934  0.066  0.001        1
106:     0.795  0.000  0.205        1
107:     0.986  0.002  0.011        1
108:     0.897  0.014  0.089        1
109:     0.778  0.082  0.140        1
110:     0.799  0.006  0.196        1
111:     0.992  0.002  0.006        1
112:     0.999  0.000  0.001        1
113:     0.971  0.000  0.029        1
114:     0.998  0.001  0.000        1
115:     0.935  0.006  0.059        1
116:     0.999  0.000  0.001        1
117:     0.961  0.038  0.001        1
118:     0.996  0.002  0.002        1
119:     0.892  0.000  0.108        1
120:     0.989  0.010  0.001        1
121:     0.980  0.001  0.019        1
122:     0.941  0.006  0.054        1
123:     1.000  0.000  0.000        1
124:     0.852  0.063  0.085        1
125:     0.996  0.003  0.000        1
126:     0.902  0.002  0.096        1
