

----------------------------------------------------
STRUCTURE by Pritchard, Stephens and Donnelly (2000)
     and Falush, Stephens and Pritchard (2003)
       Code by Pritchard, Falush and Hubisz
             Version 2.3.4 (Jul 2012)
----------------------------------------------------


Reading file "/workdir/yc2644/CV_CT_array/structure/threader_input/mainparams".
Reading file "/workdir/yc2644/CV_CT_array/structure/threader_input/extraparams".
Reading file "/workdir/yc2644/CV_CT_array/structure/threader_input/n1601.recode.strct_in".


Data file "/workdir/yc2644/CV_CT_array/structure/threader_input/n1601.recode.strct_in" (truncated) --

Ind:   Label Pop : Genotype_data . . . .
  1:  001s    1  :  2   1   2   2   2   1   2  . . . .   2
  1:  001s    1  :  2   2   2   2   2   2   2  . . . .   2
  2:  002s    1  :  2   2   2   2   1   1   2  . . . .   2
  2:  002s    1  :  2   2   2   2   2   2   2  . . . .   2
  3:  003s    1  :  1   2   1   2   2   2   2  . . . .   1
  3:  003s    1  :  2   2   1   2   2   2   2  . . . .   2
  4:  004s    1  :  1   1   2   2   1   2   2  . . . .   1
  4:  004s    1  :  2   1   2   2   2   2   2  . . . .   2

      *******   

1600:    49  192  :  2   2   2   2   2   1   2  . . . .   1
1600:    49  192  :  2   2   2   2   2   2   2  . . . .   2
1601:    50  192  :  2   1   2   2   1   2   2  . . . .   1
1601:    50  192  :  2   2   2   2   2   2   2  . . . .   2

Number of alleles per locus: min= 2; ave=2.0; max= 2


--------------------------------------

Finished initialization; starting MCMC 
100000 iterations + 10000 burnin


--------------------------------------------
Proportion of membership of each pre-defined
 population in each of the 3 clusters

Given    Inferred Clusters       Number of
 Pop       1      2      3      Individuals

  1:     0.409  0.195  0.397       54
  2:     0.394  0.197  0.409       30
  3:     0.199  0.734  0.067       30
  4:     0.220  0.724  0.056       20
  5:     0.230  0.695  0.075       30
  6:     0.402  0.192  0.406       43
  7:     0.371  0.188  0.441       44
  8:     0.252  0.181  0.566        4
  9:     0.409  0.134  0.457       22
 10:     0.339  0.164  0.497       24
 11:     0.422  0.192  0.386       54
 12:     0.402  0.186  0.412       37
 13:     0.394  0.199  0.407       42
 14:     0.372  0.194  0.435       42
 15:     0.418  0.196  0.386       49
 16:     0.397  0.200  0.403      124
 17:     0.429  0.183  0.388       24
 18:     0.394  0.187  0.418       34
 19:     0.382  0.192  0.426       52
 20:     0.185  0.203  0.612        1
 21:     0.332  0.218  0.451        1
 22:     0.348  0.173  0.479        1
 23:     0.325  0.289  0.386        1
 24:     0.456  0.129  0.415        1
 25:     0.381  0.246  0.373        1
 26:     0.432  0.217  0.351        1
 27:     0.271  0.210  0.519        1
 28:     0.564  0.145  0.291        1
 29:     0.274  0.155  0.570        1
 30:     0.347  0.256  0.397        1
 31:     0.505  0.304  0.191        1
 32:     0.373  0.146  0.481        1
 33:     0.523  0.228  0.249        1
 34:     0.402  0.177  0.420        1
 35:     0.393  0.199  0.408        1
 36:     0.348  0.242  0.411        1
 37:     0.429  0.206  0.365        1
 38:     0.355  0.265  0.379        1
 39:     0.399  0.219  0.382        1
 40:     0.346  0.235  0.418        1
 41:     0.294  0.199  0.507        1
 42:     0.360  0.209  0.431        1
 43:     0.425  0.226  0.350        1
 44:     0.685  0.167  0.148        1
 45:     0.456  0.225  0.319        1
 46:     0.343  0.214  0.443        1
 47:     0.274  0.213  0.512        1
 48:     0.174  0.210  0.616        1
 49:     0.421  0.195  0.384        1
 50:     0.456  0.401  0.142        1
 51:     0.351  0.298  0.352        1
 52:     0.350  0.249  0.401        1
 53:     0.319  0.210  0.472        1
 54:     0.070  0.353  0.577        1
 55:     0.148  0.445  0.407        1
 56:     0.058  0.311  0.631        1
 57:     0.129  0.374  0.497        1
 58:     0.113  0.287  0.600        1
 59:     0.187  0.281  0.533        1
 60:     0.107  0.437  0.456        1
 61:     0.088  0.437  0.476        1
 62:     0.334  0.472  0.194        1
 63:     0.109  0.365  0.526        1
 64:     0.019  0.242  0.740        1
 65:     0.028  0.348  0.624        1
 66:     0.055  0.360  0.585        1
 67:     0.208  0.319  0.473        1
 68:     0.128  0.387  0.485        1
 69:     0.058  0.345  0.597        1
 70:     0.093  0.368  0.539        1
 71:     0.019  0.369  0.612        1
 72:     0.282  0.283  0.435        1
 73:     0.054  0.377  0.569        1
 74:     0.109  0.320  0.571        1
 75:     0.117  0.409  0.473        1
 76:     0.186  0.619  0.196        1
 77:     0.048  0.418  0.534        1
 78:     0.030  0.413  0.557        1
 79:     0.106  0.398  0.495        1
 80:     0.139  0.277  0.584        1
 81:     0.087  0.387  0.526        1
 82:     0.061  0.376  0.563        1
 83:     0.002  0.378  0.620        1
 84:     0.014  0.656  0.330        1
 85:     0.062  0.591  0.346        1
 86:     0.048  0.550  0.402        1
 87:     0.037  0.467  0.496        1
 88:     0.105  0.456  0.439        1
 89:     0.043  0.495  0.461        1
 90:     0.022  0.713  0.265        1
 91:     0.068  0.571  0.361        1
 92:     0.098  0.511  0.391        1
 93:     0.002  0.673  0.325        1
 94:     0.221  0.439  0.340        1
 95:     0.085  0.549  0.367        1
 96:     0.099  0.579  0.323        1
 97:     0.029  0.640  0.331        1
 98:     0.079  0.580  0.340        1
 99:     0.146  0.627  0.227        1
100:     0.031  0.707  0.262        1
101:     0.026  0.501  0.473        1
102:     0.013  0.477  0.510        1
103:     0.008  0.535  0.457        1
104:     0.137  0.477  0.386        1
105:     0.166  0.653  0.181        1
106:     0.025  0.387  0.587        1
107:     0.279  0.633  0.089        1
108:     0.145  0.489  0.366        1
109:     0.122  0.506  0.373        1
110:     0.050  0.480  0.470        1
111:     0.030  0.570  0.401        1
112:     0.117  0.582  0.300        1
113:     0.044  0.565  0.391        1
114:     0.076  0.542  0.382        1
115:     0.048  0.472  0.481        1
116:     0.021  0.583  0.396        1
117:     0.081  0.538  0.380        1
118:     0.003  0.578  0.420        1
119:     0.079  0.470  0.452        1
120:     0.009  0.461  0.530        1
121:     0.034  0.553  0.413        1
122:     0.168  0.452  0.381        1
123:     0.054  0.542  0.403        1
124:     0.151  0.525  0.323        1
125:     0.169  0.618  0.213        1
126:     0.074  0.458  0.468        1
127:     0.160  0.579  0.261        1
128:     0.032  0.503  0.466        1
129:     0.171  0.585  0.244        1
130:     0.143  0.569  0.288        1
131:     0.163  0.563  0.275        1
132:     0.020  0.565  0.415        1
133:     0.096  0.635  0.269        1
134:     0.123  0.471  0.407        1
135:     0.136  0.418  0.446        1
136:     0.081  0.574  0.345        1
137:     0.058  0.582  0.360        1
138:     0.072  0.599  0.329        1
139:     0.107  0.736  0.157        1
140:     0.091  0.549  0.360        1
141:     0.038  0.567  0.395        1
142:     0.043  0.513  0.444        1
143:     0.040  0.581  0.379        1
144:     0.039  0.554  0.407        1
145:     0.121  0.566  0.312        1
146:     0.139  0.558  0.303        1
147:     0.274  0.721  0.005        1
148:     0.329  0.330  0.342        1
149:     0.206  0.328  0.466        1
150:     0.405  0.196  0.399        1
151:     0.285  0.157  0.558        1
152:     0.457  0.226  0.316        1
153:     0.248  0.206  0.546        1
154:     0.385  0.198  0.417        1
155:     0.264  0.200  0.535        1
156:     0.175  0.187  0.638        1
157:     0.170  0.233  0.598        1
158:     0.123  0.168  0.709        1
159:     0.368  0.121  0.511        1
160:     0.449  0.146  0.405        1
161:     0.520  0.228  0.252        1
162:     0.283  0.209  0.509        1
163:     0.358  0.218  0.424        1
164:     0.328  0.221  0.451        1
165:     0.459  0.257  0.284        1
166:     0.705  0.208  0.087        1
167:     0.375  0.205  0.420        1
168:     0.302  0.202  0.496        1
169:     0.711  0.193  0.096        1
170:     0.206  0.185  0.608        1
171:     0.338  0.183  0.479        1
172:     0.323  0.226  0.451        1
173:     0.571  0.233  0.196        1
174:     0.350  0.237  0.414        1
175:     0.419  0.191  0.390       50
176:     0.405  0.185  0.411       49
177:     0.416  0.186  0.398       50
178:     0.409  0.202  0.390       49
179:     0.370  0.200  0.430       23
180:     0.412  0.181  0.407       49
181:     0.046  0.933  0.020       30
182:     0.066  0.892  0.042       30
183:     0.382  0.242  0.376       34
184:     0.439  0.186  0.375       36
185:     0.411  0.197  0.392       40
186:     0.401  0.183  0.416       39
187:     0.392  0.201  0.407       37
188:     0.438  0.189  0.373       40
189:     0.397  0.199  0.404       35
190:     0.397  0.203  0.400       28
191:     0.444  0.187  0.368       36
192:     0.418  0.193  0.389       32
--------------------------------------------

 Rep#:   Lambda   Alpha      F1    F2    F3     D1,2  D1,3  D2,3    Ln Like 
  100:    1.00    1.876    0.011 0.161 0.011    0.028 0.004 0.032   --  
  200:    1.00    1.564    0.020 0.190 0.117    0.035 0.028 0.042   --  
  300:    1.00    1.314    0.123 0.155 0.135    0.039 0.046 0.041   --  
  400:    1.00    1.282    0.130 0.151 0.134    0.038 0.046 0.040   --  
  500:    1.00    1.164    0.133 0.139 0.142    0.037 0.047 0.039   --  
  600:    1.00    1.122    0.122 0.143 0.143    0.036 0.045 0.039   --  
  700:    1.00    1.082    0.114 0.141 0.144    0.034 0.044 0.039   --  
  800:    1.00    1.050    0.107 0.143 0.141    0.033 0.041 0.039   --  
  900:    1.00    0.986    0.095 0.142 0.139    0.032 0.040 0.040   --  

--------------------------------------------
Proportion of membership of each pre-defined
 population in each of the 3 clusters

Given    Inferred Clusters       Number of
 Pop       1      2      3      Individuals

  1:     0.633  0.153  0.214       54
  2:     0.634  0.152  0.214       30
  3:     0.134  0.756  0.110       30
  4:     0.038  0.867  0.095       20
  5:     0.080  0.815  0.105       30
  6:     0.631  0.147  0.222       43
  7:     0.646  0.138  0.216       44
  8:     0.653  0.114  0.233        4
  9:     0.672  0.108  0.220       22
 10:     0.666  0.111  0.224       24
 11:     0.638  0.144  0.218       54
 12:     0.645  0.139  0.216       37
 13:     0.630  0.148  0.223       42
 14:     0.640  0.145  0.215       42
 15:     0.635  0.151  0.215       49
 16:     0.631  0.152  0.217      124
 17:     0.645  0.138  0.218       24
 18:     0.644  0.133  0.223       34
 19:     0.631  0.150  0.219       52
 20:     0.620  0.144  0.236        1
 21:     0.630  0.078  0.292        1
 22:     0.668  0.140  0.192        1
 23:     0.599  0.133  0.268        1
 24:     0.640  0.125  0.235        1
 25:     0.590  0.199  0.211        1
 26:     0.618  0.145  0.237        1
 27:     0.613  0.164  0.223        1
 28:     0.649  0.101  0.250        1
 29:     0.683  0.087  0.230        1
 30:     0.571  0.210  0.219        1
 31:     0.534  0.264  0.202        1
 32:     0.684  0.093  0.223        1
 33:     0.599  0.192  0.209        1
 34:     0.673  0.084  0.243        1
 35:     0.654  0.123  0.224        1
 36:     0.564  0.174  0.262        1
 37:     0.639  0.128  0.233        1
 38:     0.609  0.153  0.238        1
 39:     0.685  0.052  0.263        1
 40:     0.585  0.148  0.267        1
 41:     0.664  0.107  0.229        1
 42:     0.569  0.173  0.258        1
 43:     0.613  0.122  0.265        1
 44:     0.608  0.190  0.202        1
 45:     0.669  0.097  0.234        1
 46:     0.601  0.123  0.276        1
 47:     0.611  0.125  0.264        1
 48:     0.635  0.140  0.225        1
 49:     0.657  0.112  0.231        1
 50:     0.466  0.344  0.189        1
 51:     0.499  0.283  0.219        1
 52:     0.579  0.161  0.260        1
 53:     0.597  0.151  0.252        1
 54:     0.572  0.169  0.259        1
 55:     0.487  0.238  0.276        1
 56:     0.655  0.102  0.243        1
 57:     0.621  0.125  0.255        1
 58:     0.561  0.165  0.274        1
 59:     0.543  0.224  0.233        1
 60:     0.602  0.159  0.239        1
 61:     0.554  0.177  0.269        1
 62:     0.386  0.487  0.127        1
 63:     0.577  0.141  0.283        1
 64:     0.602  0.158  0.240        1
 65:     0.568  0.150  0.282        1
 66:     0.579  0.166  0.255        1
 67:     0.568  0.161  0.271        1
 68:     0.614  0.131  0.255        1
 69:     0.581  0.148  0.271        1
 70:     0.614  0.141  0.245        1
 71:     0.573  0.147  0.279        1
 72:     0.537  0.145  0.319        1
 73:     0.597  0.165  0.238        1
 74:     0.590  0.196  0.214        1
 75:     0.572  0.171  0.257        1
 76:     0.211  0.595  0.194        1
 77:     0.534  0.207  0.258        1
 78:     0.576  0.198  0.225        1
 79:     0.584  0.174  0.241        1
 80:     0.572  0.174  0.254        1
 81:     0.550  0.191  0.259        1
 82:     0.476  0.181  0.344        1
 83:     0.608  0.145  0.247        1
 84:     0.001  0.026  0.973        1
 85:     0.005  0.042  0.952        1
 86:     0.079  0.014  0.907        1
 87:     0.007  0.007  0.986        1
 88:     0.005  0.001  0.994        1
 89:     0.002  0.011  0.987        1
 90:     0.000  0.011  0.989        1
 91:     0.003  0.008  0.989        1
 92:     0.081  0.031  0.888        1
 93:     0.005  0.039  0.956        1
 94:     0.007  0.013  0.980        1
 95:     0.003  0.070  0.927        1
 96:     0.000  0.004  0.996        1
 97:     0.003  0.026  0.970        1
 98:     0.015  0.016  0.969        1
 99:     0.001  0.003  0.996        1
100:     0.000  0.001  0.999        1
101:     0.110  0.085  0.805        1
102:     0.147  0.012  0.841        1
103:     0.005  0.008  0.988        1
104:     0.002  0.001  0.997        1
105:     0.002  0.054  0.943        1
106:     0.098  0.023  0.879        1
107:     0.006  0.015  0.979        1
108:     0.022  0.057  0.921        1
109:     0.101  0.101  0.799        1
110:     0.150  0.008  0.842        1
111:     0.008  0.014  0.977        1
112:     0.004  0.002  0.994        1
113:     0.004  0.029  0.967        1
114:     0.001  0.009  0.990        1
115:     0.036  0.010  0.954        1
116:     0.001  0.012  0.988        1
117:     0.000  0.039  0.960        1
118:     0.001  0.013  0.985        1
119:     0.066  0.018  0.916        1
120:     0.019  0.009  0.972        1
121:     0.002  0.013  0.985        1
122:     0.009  0.009  0.982        1
123:     0.002  0.006  0.991        1
124:     0.033  0.093  0.873        1
125:     0.007  0.001  0.993        1
126:     0.050  0.037  0.913        1
127:     0.018  0.053  0.929        1
128:     0.009  0.000  0.991        1
129:     0.003  0.001  0.996        1
130:     0.010  0.074  0.916        1
131:     0.000  0.003  0.997        1
132:     0.038  0.061  0.901        1
133:     0.001  0.088  0.911        1
134:     0.068  0.016  0.915        1
135:     0.069  0.086  0.845        1
136:     0.003  0.000  0.996        1
137:     0.005  0.008  0.987        1
138:     0.007  0.003  0.990        1
139:     0.002  0.071  0.927        1
140:     0.004  0.090  0.906        1
141:     0.001  0.018  0.982        1
142:     0.048  0.058  0.894        1
143:     0.001  0.052  0.947        1
144:     0.004  0.021  0.976        1
145:     0.003  0.002  0.995        1
146:     0.002  0.029  0.969        1
147:     0.002  0.006  0.992        1
148:     0.539  0.177  0.283        1
149:     0.497  0.241  0.262        1
150:     0.640  0.114  0.246        1
151:     0.662  0.111  0.228        1
152:     0.619  0.198  0.183        1
153:     0.634  0.112  0.254        1
154:     0.664  0.131  0.205        1
155:     0.659  0.061  0.280        1
156:     0.609  0.152  0.238        1
157:     0.638  0.145  0.217        1
158:     0.626  0.134  0.240        1
159:     0.690  0.074  0.236        1
160:     0.654  0.143  0.203        1
161:     0.558  0.177  0.265        1
162:     0.660  0.112  0.228        1
163:     0.639  0.103  0.258        1
164:     0.662  0.158  0.180        1
165:     0.542  0.182  0.276        1
166:     0.674  0.144  0.182        1
167:     0.568  0.197  0.235        1
168:     0.682  0.108  0.210        1
169:     0.608  0.150  0.242        1
170:     0.685  0.087  0.228        1
171:     0.653  0.093  0.254        1
172:     0.560  0.192  0.247        1
173:     0.637  0.158  0.205        1
174:     0.611  0.119  0.270        1
175:     0.635  0.149  0.216       50
176:     0.645  0.138  0.218       49
177:     0.643  0.139  0.218       50
178:     0.642  0.145  0.213       49
179:     0.632  0.150  0.219       23
180:     0.644  0.140  0.216       49
181:     0.004  0.992  0.004       30
182:     0.018  0.972  0.010       30
183:     0.589  0.193  0.218       34
184:     0.645  0.144  0.211       36
185:     0.628  0.148  0.224       40
186:     0.651  0.127  0.222       39
187:     0.640  0.145  0.215       37
188:     0.630  0.152  0.218       40
189:     0.636  0.147  0.217       35
190:     0.627  0.159  0.214       28
191:     0.634  0.150  0.216       36
192:     0.644  0.140  0.216       32
--------------------------------------------

 Rep#:   Lambda   Alpha      F1    F2    F3     D1,2  D1,3  D2,3    Ln Like 
 1000:    1.00    0.957    0.090 0.141 0.144    0.031 0.039 0.040   --  
 1100:    1.00    0.943    0.082 0.142 0.140    0.030 0.038 0.040   --  
 1200:    1.00    0.895    0.077 0.143 0.143    0.029 0.036 0.041   --  
 1300:    1.00    0.893    0.072 0.140 0.141    0.029 0.036 0.040   --  
 1400:    1.00    0.818    0.067 0.144 0.141    0.028 0.035 0.040   --  
 1500:    1.00    0.791    0.063 0.141 0.140    0.028 0.034 0.040   --  
 1600:    1.00    0.776    0.058 0.141 0.140    0.027 0.033 0.040   --  
 1700:    1.00    0.737    0.058 0.140 0.138    0.027 0.033 0.040   --  
 1800:    1.00    0.740    0.058 0.140 0.135    0.026 0.032 0.040   --  
 1900:    1.00    0.695    0.055 0.139 0.136    0.026 0.031 0.040   --  

--------------------------------------------
Proportion of membership of each pre-defined
 population in each of the 3 clusters

Given    Inferred Clusters       Number of
 Pop       1      2      3      Individuals

  1:     0.745  0.119  0.136       54
  2:     0.756  0.115  0.129       30
  3:     0.164  0.748  0.088       30
  4:     0.028  0.873  0.099       20
  5:     0.077  0.808  0.114       30
  6:     0.753  0.110  0.138       43
  7:     0.763  0.106  0.131       44
  8:     0.785  0.082  0.133        4
  9:     0.798  0.070  0.132       22
 10:     0.795  0.067  0.138       24
 11:     0.755  0.111  0.134       54
 12:     0.767  0.103  0.131       37
 13:     0.747  0.117  0.136       42
 14:     0.758  0.112  0.131       42
 15:     0.753  0.113  0.135       49
 16:     0.746  0.115  0.139      124
 17:     0.757  0.107  0.136       24
 18:     0.764  0.098  0.139       34
 19:     0.753  0.111  0.136       52
 20:     0.781  0.091  0.128        1
 21:     0.719  0.072  0.209        1
 22:     0.763  0.116  0.121        1
 23:     0.731  0.096  0.172        1
 24:     0.761  0.123  0.116        1
 25:     0.736  0.118  0.146        1
 26:     0.749  0.101  0.150        1
 27:     0.698  0.162  0.140        1
 28:     0.807  0.067  0.125        1
 29:     0.784  0.039  0.177        1
 30:     0.693  0.166  0.141        1
 31:     0.621  0.281  0.098        1
 32:     0.805  0.063  0.132        1
 33:     0.717  0.157  0.126        1
 34:     0.747  0.092  0.161        1
 35:     0.771  0.095  0.135        1
 36:     0.737  0.131  0.132        1
 37:     0.733  0.096  0.171        1
 38:     0.691  0.121  0.189        1
 39:     0.717  0.095  0.188        1
 40:     0.691  0.152  0.157        1
 41:     0.776  0.061  0.163        1
 42:     0.786  0.072  0.142        1
 43:     0.749  0.094  0.156        1
 44:     0.737  0.152  0.111        1
 45:     0.793  0.077  0.130        1
 46:     0.707  0.101  0.192        1
 47:     0.785  0.043  0.173        1
 48:     0.746  0.096  0.158        1
 49:     0.766  0.071  0.164        1
 50:     0.507  0.367  0.126        1
 51:     0.607  0.269  0.124        1
 52:     0.695  0.123  0.183        1
 53:     0.732  0.116  0.153        1
 54:     0.632  0.174  0.194        1
 55:     0.602  0.161  0.238        1
 56:     0.747  0.038  0.215        1
 57:     0.751  0.066  0.183        1
 58:     0.712  0.071  0.217        1
 59:     0.664  0.142  0.194        1
 60:     0.624  0.169  0.207        1
 61:     0.606  0.159  0.235        1
 62:     0.407  0.509  0.084        1
 63:     0.643  0.150  0.207        1
 64:     0.711  0.068  0.221        1
 65:     0.660  0.146  0.194        1
 66:     0.627  0.140  0.233        1
 67:     0.653  0.130  0.217        1
 68:     0.673  0.141  0.187        1
 69:     0.640  0.118  0.242        1
 70:     0.701  0.095  0.204        1
 71:     0.660  0.107  0.234        1
 72:     0.660  0.108  0.231        1
 73:     0.697  0.103  0.200        1
 74:     0.700  0.133  0.167        1
 75:     0.651  0.160  0.188        1
 76:     0.201  0.611  0.188        1
 77:     0.607  0.178  0.215        1
 78:     0.635  0.189  0.177        1
 79:     0.651  0.182  0.167        1
 80:     0.655  0.132  0.213        1
 81:     0.623  0.166  0.211        1
 82:     0.572  0.154  0.274        1
 83:     0.714  0.137  0.149        1
 84:     0.000  0.030  0.970        1
 85:     0.005  0.043  0.951        1
 86:     0.078  0.013  0.909        1
 87:     0.004  0.003  0.993        1
 88:     0.004  0.001  0.995        1
 89:     0.032  0.002  0.966        1
 90:     0.001  0.002  0.997        1
 91:     0.001  0.013  0.985        1
 92:     0.104  0.008  0.888        1
 93:     0.003  0.056  0.941        1
 94:     0.040  0.007  0.952        1
 95:     0.025  0.047  0.928        1
 96:     0.000  0.000  0.999        1
 97:     0.005  0.048  0.948        1
 98:     0.011  0.009  0.980        1
 99:     0.000  0.000  0.999        1
100:     0.005  0.000  0.995        1
101:     0.143  0.032  0.825        1
102:     0.146  0.015  0.839        1
103:     0.002  0.000  0.998        1
104:     0.001  0.032  0.967        1
105:     0.006  0.041  0.953        1
106:     0.150  0.002  0.848        1
107:     0.019  0.004  0.977        1
108:     0.085  0.024  0.890        1
109:     0.115  0.097  0.788        1
110:     0.191  0.004  0.806        1
111:     0.012  0.012  0.975        1
112:     0.000  0.006  0.993        1
113:     0.001  0.010  0.989        1
114:     0.003  0.013  0.984        1
115:     0.042  0.006  0.952        1
116:     0.001  0.001  0.999        1
117:     0.006  0.051  0.944        1
118:     0.005  0.007  0.988        1
119:     0.130  0.001  0.869        1
120:     0.010  0.009  0.981        1
121:     0.006  0.014  0.980        1
122:     0.040  0.000  0.960        1
123:     0.002  0.013  0.986        1
124:     0.045  0.111  0.845        1
125:     0.001  0.002  0.998        1
126:     0.103  0.018  0.879        1
127:     0.010  0.037  0.953        1
128:     0.002  0.010  0.989        1
129:     0.001  0.001  0.998        1
130:     0.016  0.045  0.939        1
131:     0.005  0.001  0.994        1
132:     0.052  0.082  0.865        1
133:     0.001  0.085  0.914        1
134:     0.110  0.001  0.890        1
135:     0.125  0.056  0.820        1
136:     0.000  0.000  1.000        1
137:     0.000  0.007  0.993        1
138:     0.001  0.000  0.999        1
139:     0.004  0.082  0.914        1
140:     0.001  0.085  0.914        1
141:     0.000  0.014  0.986        1
142:     0.089  0.039  0.872        1
143:     0.026  0.037  0.937        1
144:     0.002  0.016  0.982        1
145:     0.003  0.005  0.991        1
146:     0.010  0.038  0.952        1
147:     0.008  0.018  0.974        1
148:     0.608  0.183  0.209        1
149:     0.558  0.242  0.200        1
150:     0.748  0.069  0.183        1
151:     0.789  0.053  0.159        1
152:     0.706  0.159  0.134        1
153:     0.744  0.107  0.150        1
154:     0.774  0.074  0.152        1
155:     0.754  0.064  0.182        1
156:     0.752  0.088  0.160        1
157:     0.745  0.099  0.156        1
158:     0.707  0.079  0.214        1
159:     0.800  0.064  0.136        1
160:     0.733  0.142  0.125        1
161:     0.679  0.127  0.194        1
162:     0.773  0.080  0.147        1
163:     0.748  0.055  0.197        1
164:     0.770  0.109  0.121        1
165:     0.676  0.140  0.184        1
166:     0.804  0.092  0.104        1
167:     0.749  0.134  0.117        1
168:     0.828  0.029  0.143        1
169:     0.680  0.100  0.219        1
170:     0.777  0.055  0.168        1
171:     0.713  0.111  0.176        1
172:     0.744  0.124  0.132        1
173:     0.728  0.106  0.166        1
174:     0.728  0.108  0.164        1
175:     0.749  0.115  0.136       50
176:     0.759  0.107  0.134       49
177:     0.757  0.111  0.133       50
178:     0.754  0.112  0.134       49
179:     0.749  0.115  0.136       23
180:     0.761  0.109  0.130       49
181:     0.004  0.993  0.003       30
182:     0.015  0.977  0.008       30
183:     0.692  0.159  0.150       34
184:     0.766  0.110  0.124       36
185:     0.745  0.115  0.140       40
186:     0.771  0.098  0.131       39
187:     0.742  0.122  0.136       37
188:     0.744  0.119  0.137       40
189:     0.748  0.118  0.134       35
190:     0.740  0.129  0.130       28
191:     0.756  0.111  0.133       36
192:     0.761  0.111  0.128       32
--------------------------------------------

 Rep#:   Lambda   Alpha      F1    F2    F3     D1,2  D1,3  D2,3    Ln Like 
 2000:    1.00    0.682    0.051 0.140 0.137    0.026 0.031 0.041   --  
 2100:    1.00    0.642    0.049 0.140 0.136    0.025 0.030 0.040   --  
 2200:    1.00    0.670    0.047 0.138 0.138    0.025 0.030 0.040   --  
 2300:    1.00    0.615    0.044 0.141 0.133    0.025 0.030 0.040   --  
 2400:    1.00    0.609    0.041 0.137 0.138    0.024 0.029 0.040   --  
 2500:    1.00    0.608    0.040 0.138 0.134    0.024 0.029 0.040   --  
 2600:    1.00    0.556    0.040 0.137 0.136    0.024 0.029 0.040   --  
 2700:    1.00    0.569    0.039 0.137 0.138    0.024 0.029 0.040   --  
 2800:    1.00    0.560    0.035 0.141 0.134    0.024 0.029 0.041   --  
 2900:    1.00    0.516    0.035 0.140 0.135    0.023 0.028 0.040   --  

--------------------------------------------
Proportion of membership of each pre-defined
 population in each of the 3 clusters

Given    Inferred Clusters       Number of
 Pop       1      2      3      Individuals

  1:     0.819  0.098  0.084       54
  2:     0.825  0.092  0.083       30
  3:     0.180  0.744  0.077       30
  4:     0.030  0.878  0.092       20
  5:     0.090  0.812  0.098       30
  6:     0.828  0.082  0.090       43
  7:     0.836  0.081  0.083       44
  8:     0.854  0.062  0.084        4
  9:     0.876  0.038  0.086       22
 10:     0.879  0.034  0.087       24
 11:     0.827  0.083  0.090       54
 12:     0.831  0.084  0.085       37
 13:     0.820  0.093  0.087       42
 14:     0.828  0.081  0.092       42
 15:     0.823  0.088  0.089       49
 16:     0.820  0.092  0.088      124
 17:     0.819  0.086  0.095       24
 18:     0.836  0.076  0.088       34
 19:     0.832  0.083  0.085       52
 20:     0.841  0.068  0.091        1
 21:     0.784  0.027  0.189        1
 22:     0.809  0.089  0.103        1
 23:     0.764  0.103  0.133        1
 24:     0.843  0.056  0.101        1
 25:     0.796  0.113  0.091        1
 26:     0.830  0.047  0.122        1
 27:     0.813  0.091  0.096        1
 28:     0.859  0.037  0.104        1
 29:     0.867  0.032  0.101        1
 30:     0.723  0.169  0.108        1
 31:     0.729  0.228  0.042        1
 32:     0.855  0.021  0.124        1
 33:     0.782  0.134  0.084        1
 34:     0.862  0.038  0.100        1
 35:     0.861  0.056  0.083        1
 36:     0.779  0.093  0.129        1
 37:     0.804  0.093  0.103        1
 38:     0.764  0.094  0.141        1
 39:     0.871  0.007  0.122        1
 40:     0.769  0.087  0.144        1
 41:     0.839  0.049  0.111        1
 42:     0.818  0.076  0.106        1
 43:     0.833  0.083  0.084        1
 44:     0.791  0.139  0.070        1
 45:     0.847  0.051  0.102        1
 46:     0.707  0.116  0.177        1
 47:     0.841  0.042  0.118        1
 48:     0.846  0.057  0.097        1
 49:     0.852  0.027  0.120        1
 50:     0.546  0.332  0.122        1
 51:     0.676  0.244  0.080        1
 52:     0.787  0.084  0.129        1
 53:     0.758  0.115  0.127        1
 54:     0.756  0.071  0.173        1
 55:     0.640  0.173  0.187        1
 56:     0.813  0.051  0.136        1
 57:     0.843  0.036  0.121        1
 58:     0.739  0.051  0.210        1
 59:     0.725  0.134  0.141        1
 60:     0.674  0.156  0.171        1
 61:     0.659  0.126  0.214        1
 62:     0.469  0.458  0.073        1
 63:     0.692  0.150  0.158        1
 64:     0.776  0.085  0.139        1
 65:     0.743  0.091  0.166        1
 66:     0.685  0.138  0.177        1
 67:     0.715  0.104  0.182        1
 68:     0.744  0.087  0.170        1
 69:     0.709  0.111  0.180        1
 70:     0.743  0.105  0.152        1
 71:     0.731  0.114  0.155        1
 72:     0.721  0.092  0.187        1
 73:     0.784  0.066  0.150        1
 74:     0.746  0.125  0.130        1
 75:     0.682  0.124  0.194        1
 76:     0.257  0.597  0.147        1
 77:     0.723  0.111  0.166        1
 78:     0.750  0.102  0.148        1
 79:     0.754  0.151  0.095        1
 80:     0.729  0.138  0.133        1
 81:     0.711  0.136  0.153        1
 82:     0.642  0.128  0.230        1
 83:     0.767  0.118  0.115        1
 84:     0.000  0.023  0.977        1
 85:     0.002  0.062  0.936        1
 86:     0.094  0.033  0.873        1
 87:     0.002  0.001  0.997        1
 88:     0.014  0.001  0.985        1
 89:     0.048  0.000  0.951        1
 90:     0.000  0.019  0.981        1
 91:     0.000  0.007  0.993        1
 92:     0.118  0.001  0.881        1
 93:     0.007  0.047  0.946        1
 94:     0.053  0.011  0.936        1
 95:     0.036  0.037  0.927        1
 96:     0.006  0.000  0.994        1
 97:     0.001  0.032  0.967        1
 98:     0.015  0.019  0.965        1
 99:     0.000  0.000  1.000        1
100:     0.002  0.003  0.995        1
101:     0.153  0.015  0.832        1
102:     0.193  0.002  0.805        1
103:     0.001  0.011  0.988        1
104:     0.008  0.008  0.984        1
105:     0.003  0.022  0.974        1
106:     0.137  0.002  0.861        1
107:     0.001  0.004  0.995        1
108:     0.098  0.020  0.883        1
109:     0.139  0.074  0.787        1
110:     0.188  0.008  0.804        1
111:     0.001  0.001  0.998        1
112:     0.004  0.000  0.995        1
113:     0.000  0.018  0.982        1
114:     0.002  0.000  0.998        1
115:     0.036  0.002  0.962        1
116:     0.002  0.002  0.996        1
117:     0.004  0.056  0.940        1
118:     0.009  0.006  0.985        1
119:     0.130  0.001  0.869        1
120:     0.008  0.000  0.992        1
121:     0.008  0.000  0.992        1
122:     0.066  0.001  0.934        1
123:     0.001  0.000  0.999        1
124:     0.046  0.109  0.846        1
125:     0.003  0.003  0.994        1
126:     0.096  0.016  0.887        1
127:     0.071  0.021  0.908        1
128:     0.001  0.003  0.997        1
129:     0.001  0.001  0.998        1
130:     0.012  0.060  0.928        1
131:     0.001  0.001  0.998        1
132:     0.071  0.075  0.854        1
133:     0.007  0.089  0.904        1
134:     0.133  0.001  0.867        1
135:     0.135  0.032  0.832        1
136:     0.002  0.001  0.997        1
137:     0.009  0.000  0.991        1
138:     0.001  0.008  0.992        1
139:     0.001  0.041  0.959        1
140:     0.002  0.085  0.913        1
141:     0.000  0.002  0.998        1
142:     0.103  0.004  0.893        1
143:     0.003  0.029  0.969        1
144:     0.011  0.000  0.989        1
145:     0.006  0.001  0.994        1
146:     0.019  0.025  0.956        1
147:     0.006  0.003  0.992        1
148:     0.652  0.170  0.178        1
149:     0.645  0.218  0.137        1
150:     0.793  0.064  0.143        1
151:     0.869  0.052  0.079        1
152:     0.777  0.154  0.069        1
153:     0.874  0.053  0.072        1
154:     0.822  0.074  0.105        1
155:     0.857  0.046  0.097        1
156:     0.837  0.056  0.107        1
157:     0.809  0.086  0.105        1
158:     0.845  0.027  0.128        1
159:     0.859  0.046  0.096        1
160:     0.869  0.056  0.075        1
161:     0.699  0.144  0.157        1
162:     0.864  0.062  0.073        1
163:     0.806  0.072  0.122        1
164:     0.813  0.086  0.101        1
165:     0.755  0.116  0.128        1
166:     0.835  0.097  0.068        1
167:     0.777  0.121  0.102        1
168:     0.903  0.001  0.097        1
169:     0.798  0.060  0.141        1
170:     0.846  0.026  0.128        1
171:     0.860  0.014  0.125        1
172:     0.782  0.119  0.099        1
173:     0.834  0.099  0.068        1
174:     0.807  0.038  0.155        1
175:     0.829  0.086  0.085       50
176:     0.835  0.080  0.085       49
177:     0.837  0.079  0.084       50
178:     0.831  0.084  0.086       49
179:     0.818  0.094  0.088       23
180:     0.838  0.082  0.080       49
181:     0.004  0.994  0.003       30
182:     0.019  0.976  0.006       30
183:     0.763  0.133  0.103       34
184:     0.845  0.080  0.075       36
185:     0.825  0.086  0.089       40
186:     0.848  0.070  0.082       39
187:     0.827  0.090  0.083       37
188:     0.812  0.099  0.089       40
189:     0.820  0.089  0.091       35
190:     0.818  0.099  0.084       28
191:     0.830  0.083  0.087       36
192:     0.834  0.089  0.077       32
--------------------------------------------

 Rep#:   Lambda   Alpha      F1    F2    F3     D1,2  D1,3  D2,3    Ln Like 
 3000:    1.00    0.507    0.031 0.137 0.137    0.023 0.028 0.040   --  
 3100:    1.00    0.494    0.031 0.137 0.136    0.023 0.028 0.040   --  
 3200:    1.00    0.462    0.030 0.139 0.136    0.023 0.027 0.040   --  
 3300:    1.00    0.457    0.030 0.136 0.132    0.022 0.027 0.040   --  
 3400:    1.00    0.444    0.029 0.138 0.134    0.023 0.027 0.040   --  
 3500:    1.00    0.430    0.029 0.137 0.132    0.022 0.026 0.040   --  
 3600:    1.00    0.411    0.028 0.136 0.133    0.022 0.026 0.040   --  
 3700:    1.00    0.396    0.028 0.134 0.133    0.022 0.026 0.040   --  
 3800:    1.00    0.360    0.027 0.135 0.133    0.022 0.026 0.040   --  
 3900:    1.00    0.360    0.024 0.130 0.129    0.021 0.026 0.040   --  

--------------------------------------------
Proportion of membership of each pre-defined
 population in each of the 3 clusters

Given    Inferred Clusters       Number of
 Pop       1      2      3      Individuals

  1:     0.881  0.064  0.055       54
  2:     0.892  0.058  0.050       30
  3:     0.200  0.735  0.065       30
  4:     0.024  0.884  0.092       20
  5:     0.092  0.815  0.092       30
  6:     0.899  0.058  0.043       43
  7:     0.902  0.053  0.045       44
  8:     0.915  0.021  0.065        4
  9:     0.938  0.015  0.047       22
 10:     0.933  0.019  0.048       24
 11:     0.898  0.055  0.048       54
 12:     0.901  0.049  0.049       37
 13:     0.885  0.068  0.048       42
 14:     0.899  0.056  0.045       42
 15:     0.892  0.062  0.046       49
 16:     0.881  0.068  0.051      124
 17:     0.894  0.056  0.050       24
 18:     0.899  0.049  0.052       34
 19:     0.889  0.063  0.048       52
 20:     0.942  0.016  0.041        1
 21:     0.827  0.031  0.142        1
 22:     0.895  0.073  0.032        1
 23:     0.795  0.102  0.103        1
 24:     0.913  0.005  0.082        1
 25:     0.778  0.136  0.086        1
 26:     0.865  0.053  0.082        1
 27:     0.849  0.086  0.065        1
 28:     0.918  0.035  0.047        1
 29:     0.909  0.007  0.084        1
 30:     0.772  0.132  0.096        1
 31:     0.730  0.214  0.056        1
 32:     0.931  0.029  0.040        1
 33:     0.863  0.073  0.064        1
 34:     0.907  0.028  0.065        1
 35:     0.914  0.023  0.063        1
 36:     0.891  0.028  0.080        1
 37:     0.916  0.023  0.061        1
 38:     0.788  0.104  0.108        1
 39:     0.907  0.009  0.083        1
 40:     0.819  0.077  0.104        1
 41:     0.940  0.005  0.055        1
 42:     0.882  0.075  0.043        1
 43:     0.912  0.031  0.057        1
 44:     0.839  0.126  0.035        1
 45:     0.891  0.034  0.075        1
 46:     0.818  0.039  0.143        1
 47:     0.908  0.024  0.068        1
 48:     0.891  0.044  0.065        1
 49:     0.930  0.003  0.067        1
 50:     0.572  0.337  0.090        1
 51:     0.688  0.201  0.111        1
 52:     0.816  0.083  0.101        1
 53:     0.893  0.070  0.037        1
 54:     0.799  0.093  0.108        1
 55:     0.692  0.139  0.169        1
 56:     0.892  0.007  0.102        1
 57:     0.883  0.042  0.074        1
 58:     0.827  0.051  0.122        1
 59:     0.790  0.110  0.100        1
 60:     0.741  0.131  0.128        1
 61:     0.758  0.140  0.102        1
 62:     0.534  0.437  0.029        1
 63:     0.752  0.121  0.127        1
 64:     0.828  0.055  0.118        1
 65:     0.805  0.070  0.125        1
 66:     0.736  0.132  0.132        1
 67:     0.762  0.077  0.161        1
 68:     0.813  0.073  0.114        1
 69:     0.686  0.130  0.184        1
 70:     0.795  0.109  0.096        1
 71:     0.748  0.099  0.153        1
 72:     0.777  0.072  0.151        1
 73:     0.856  0.033  0.111        1
 74:     0.863  0.066  0.071        1
 75:     0.784  0.103  0.113        1
 76:     0.289  0.557  0.155        1
 77:     0.766  0.110  0.125        1
 78:     0.749  0.143  0.108        1
 79:     0.746  0.155  0.099        1
 80:     0.763  0.097  0.140        1
 81:     0.734  0.140  0.126        1
 82:     0.702  0.092  0.205        1
 83:     0.842  0.070  0.088        1
 84:     0.006  0.004  0.990        1
 85:     0.001  0.059  0.939        1
 86:     0.099  0.002  0.899        1
 87:     0.000  0.000  1.000        1
 88:     0.000  0.001  0.999        1
 89:     0.038  0.004  0.958        1
 90:     0.000  0.000  1.000        1
 91:     0.001  0.006  0.993        1
 92:     0.147  0.012  0.841        1
 93:     0.001  0.050  0.950        1
 94:     0.040  0.014  0.946        1
 95:     0.063  0.012  0.925        1
 96:     0.000  0.000  1.000        1
 97:     0.000  0.027  0.973        1
 98:     0.014  0.002  0.984        1
 99:     0.001  0.000  0.999        1
100:     0.000  0.000  1.000        1
101:     0.198  0.039  0.763        1
102:     0.179  0.019  0.802        1
103:     0.025  0.000  0.975        1
104:     0.011  0.011  0.978        1
105:     0.000  0.052  0.948        1
106:     0.201  0.000  0.798        1
107:     0.001  0.008  0.991        1
108:     0.115  0.036  0.849        1
109:     0.164  0.064  0.772        1
110:     0.180  0.000  0.820        1
111:     0.034  0.000  0.966        1
112:     0.001  0.001  0.999        1
113:     0.000  0.020  0.980        1
114:     0.000  0.000  1.000        1
115:     0.053  0.000  0.946        1
116:     0.002  0.000  0.998        1
117:     0.014  0.043  0.943        1
118:     0.001  0.029  0.970        1
119:     0.128  0.000  0.872        1
120:     0.050  0.008  0.942        1
121:     0.014  0.006  0.981        1
122:     0.040  0.001  0.959        1
123:     0.002  0.000  0.998        1
124:     0.067  0.073  0.860        1
125:     0.000  0.001  0.999        1
126:     0.085  0.024  0.891        1
