

----------------------------------------------------
STRUCTURE by Pritchard, Stephens and Donnelly (2000)
     and Falush, Stephens and Pritchard (2003)
       Code by Pritchard, Falush and Hubisz
             Version 2.3.4 (Jul 2012)
----------------------------------------------------


Reading file "/workdir/yc2644/CV_CT_array/structure/threader_input/mainparams".
Reading file "/workdir/yc2644/CV_CT_array/structure/threader_input/extraparams".
Reading file "/workdir/yc2644/CV_CT_array/structure/threader_input/n1601.recode.strct_in".


Data file "/workdir/yc2644/CV_CT_array/structure/threader_input/n1601.recode.strct_in" (truncated) --

Ind:   Label Pop : Genotype_data . . . .
  1:  001s    1  :  2   1   2   2   2   1   2  . . . .   2
  1:  001s    1  :  2   2   2   2   2   2   2  . . . .   2
  2:  002s    1  :  2   2   2   2   1   1   2  . . . .   2
  2:  002s    1  :  2   2   2   2   2   2   2  . . . .   2
  3:  003s    1  :  1   2   1   2   2   2   2  . . . .   1
  3:  003s    1  :  2   2   1   2   2   2   2  . . . .   2
  4:  004s    1  :  1   1   2   2   1   2   2  . . . .   1
  4:  004s    1  :  2   1   2   2   2   2   2  . . . .   2

      *******   

1600:    49  192  :  2   2   2   2   2   1   2  . . . .   1
1600:    49  192  :  2   2   2   2   2   2   2  . . . .   2
1601:    50  192  :  2   1   2   2   1   2   2  . . . .   1
1601:    50  192  :  2   2   2   2   2   2   2  . . . .   2

Number of alleles per locus: min= 2; ave=2.0; max= 2


--------------------------------------

Finished initialization; starting MCMC 
100000 iterations + 10000 burnin


--------------------------------------------
Proportion of membership of each pre-defined
 population in each of the 3 clusters

Given    Inferred Clusters       Number of
 Pop       1      2      3      Individuals

  1:     0.387  0.210  0.402       54
  2:     0.378  0.210  0.412       30
  3:     0.097  0.748  0.156       30
  4:     0.051  0.819  0.130       20
  5:     0.087  0.796  0.118       30
  6:     0.389  0.206  0.406       43
  7:     0.372  0.213  0.414       44
  8:     0.345  0.191  0.463        4
  9:     0.411  0.174  0.415       22
 10:     0.432  0.162  0.406       24
 11:     0.410  0.206  0.384       54
 12:     0.391  0.197  0.412       37
 13:     0.387  0.217  0.396       42
 14:     0.385  0.200  0.416       42
 15:     0.388  0.211  0.401       49
 16:     0.370  0.215  0.414      124
 17:     0.355  0.216  0.428       24
 18:     0.381  0.194  0.425       34
 19:     0.373  0.209  0.419       52
 20:     0.344  0.195  0.460        1
 21:     0.351  0.204  0.445        1
 22:     0.325  0.180  0.495        1
 23:     0.435  0.242  0.323        1
 24:     0.253  0.162  0.584        1
 25:     0.315  0.230  0.455        1
 26:     0.407  0.153  0.440        1
 27:     0.387  0.267  0.346        1
 28:     0.271  0.198  0.531        1
 29:     0.437  0.131  0.432        1
 30:     0.371  0.267  0.362        1
 31:     0.310  0.299  0.391        1
 32:     0.439  0.226  0.336        1
 33:     0.273  0.228  0.499        1
 34:     0.385  0.142  0.472        1
 35:     0.382  0.136  0.481        1
 36:     0.309  0.201  0.490        1
 37:     0.426  0.230  0.343        1
 38:     0.553  0.217  0.229        1
 39:     0.518  0.199  0.283        1
 40:     0.523  0.209  0.268        1
 41:     0.283  0.156  0.561        1
 42:     0.419  0.168  0.412        1
 43:     0.085  0.198  0.717        1
 44:     0.230  0.290  0.481        1
 45:     0.378  0.182  0.439        1
 46:     0.552  0.200  0.248        1
 47:     0.437  0.209  0.354        1
 48:     0.414  0.137  0.449        1
 49:     0.290  0.141  0.569        1
 50:     0.192  0.462  0.345        1
 51:     0.286  0.338  0.376        1
 52:     0.533  0.224  0.243        1
 53:     0.362  0.220  0.419        1
 54:     0.062  0.080  0.857        1
 55:     0.072  0.109  0.819        1
 56:     0.134  0.096  0.769        1
 57:     0.010  0.144  0.846        1
 58:     0.070  0.070  0.860        1
 59:     0.194  0.146  0.660        1
 60:     0.037  0.170  0.793        1
 61:     0.016  0.145  0.839        1
 62:     0.432  0.547  0.020        1
 63:     0.056  0.183  0.761        1
 64:     0.045  0.029  0.925        1
 65:     0.030  0.055  0.915        1
 66:     0.121  0.155  0.724        1
 67:     0.213  0.132  0.655        1
 68:     0.109  0.123  0.768        1
 69:     0.046  0.158  0.796        1
 70:     0.075  0.182  0.743        1
 71:     0.064  0.087  0.849        1
 72:     0.008  0.120  0.873        1
 73:     0.036  0.044  0.920        1
 74:     0.062  0.147  0.791        1
 75:     0.015  0.083  0.902        1
 76:     0.315  0.655  0.029        1
 77:     0.091  0.145  0.764        1
 78:     0.008  0.123  0.869        1
 79:     0.031  0.147  0.822        1
 80:     0.135  0.174  0.692        1
 81:     0.037  0.039  0.924        1
 82:     0.189  0.222  0.589        1
 83:     0.070  0.098  0.832        1
 84:     0.624  0.345  0.031        1
 85:     0.645  0.312  0.043        1
 86:     0.666  0.314  0.020        1
 87:     0.719  0.232  0.049        1
 88:     0.657  0.321  0.021        1
 89:     0.733  0.253  0.013        1
 90:     0.632  0.356  0.012        1
 91:     0.620  0.348  0.033        1
 92:     0.702  0.281  0.017        1
 93:     0.499  0.434  0.067        1
 94:     0.686  0.289  0.024        1
 95:     0.631  0.314  0.055        1
 96:     0.696  0.300  0.005        1
 97:     0.666  0.319  0.015        1
 98:     0.722  0.244  0.034        1
 99:     0.678  0.309  0.013        1
100:     0.576  0.413  0.011        1
101:     0.624  0.304  0.072        1
102:     0.656  0.320  0.024        1
103:     0.702  0.289  0.009        1
104:     0.662  0.322  0.016        1
105:     0.579  0.359  0.062        1
106:     0.688  0.245  0.067        1
107:     0.630  0.299  0.070        1
108:     0.693  0.283  0.024        1
109:     0.629  0.303  0.068        1
110:     0.656  0.259  0.085        1
111:     0.687  0.296  0.018        1
112:     0.678  0.305  0.016        1
113:     0.659  0.309  0.032        1
114:     0.600  0.340  0.060        1
115:     0.653  0.334  0.013        1
116:     0.714  0.282  0.005        1
117:     0.640  0.334  0.025        1
118:     0.601  0.375  0.024        1
119:     0.672  0.280  0.047        1
120:     0.702  0.276  0.022        1
121:     0.667  0.309  0.024        1
122:     0.751  0.229  0.020        1
123:     0.639  0.306  0.054        1
124:     0.612  0.377  0.011        1
125:     0.642  0.332  0.026        1
126:     0.658  0.288  0.054        1
127:     0.697  0.295  0.008        1
128:     0.744  0.245  0.011        1
129:     0.674  0.324  0.002        1
130:     0.572  0.419  0.009        1
131:     0.631  0.322  0.047        1
132:     0.643  0.321  0.036        1
133:     0.609  0.373  0.018        1
134:     0.720  0.243  0.037        1
135:     0.654  0.335  0.011        1
136:     0.652  0.295  0.054        1
137:     0.703  0.255  0.042        1
138:     0.568  0.328  0.104        1
139:     0.625  0.370  0.005        1
140:     0.536  0.378  0.086        1
141:     0.666  0.321  0.013        1
142:     0.668  0.318  0.014        1
143:     0.583  0.375  0.042        1
144:     0.607  0.345  0.048        1
145:     0.689  0.298  0.012        1
146:     0.605  0.372  0.023        1
147:     0.612  0.349  0.039        1
148:     0.520  0.293  0.187        1
149:     0.310  0.308  0.383        1
150:     0.574  0.156  0.269        1
151:     0.339  0.134  0.527        1
152:     0.361  0.236  0.402        1
153:     0.445  0.185  0.370        1
154:     0.318  0.201  0.481        1
155:     0.458  0.217  0.325        1
156:     0.368  0.257  0.375        1
157:     0.444  0.264  0.292        1
158:     0.457  0.153  0.389        1
159:     0.402  0.164  0.434        1
160:     0.367  0.179  0.453        1
161:     0.412  0.274  0.315        1
162:     0.368  0.156  0.476        1
163:     0.428  0.232  0.340        1
164:     0.359  0.207  0.434        1
165:     0.351  0.253  0.396        1
166:     0.295  0.155  0.551        1
167:     0.398  0.227  0.375        1
168:     0.401  0.195  0.404        1
169:     0.365  0.217  0.419        1
170:     0.522  0.120  0.358        1
171:     0.593  0.184  0.223        1
172:     0.269  0.193  0.538        1
173:     0.363  0.177  0.460        1
174:     0.397  0.186  0.417        1
175:     0.382  0.211  0.406       50
176:     0.390  0.200  0.411       49
177:     0.411  0.206  0.382       50
178:     0.385  0.212  0.403       49
179:     0.414  0.211  0.374       23
180:     0.388  0.210  0.402       49
181:     0.018  0.941  0.040       30
182:     0.042  0.893  0.065       30
183:     0.375  0.248  0.377       34
184:     0.391  0.208  0.401       36
185:     0.388  0.219  0.392       40
186:     0.402  0.197  0.402       39
187:     0.382  0.215  0.403       37
188:     0.402  0.208  0.390       40
189:     0.409  0.217  0.374       35
190:     0.368  0.222  0.410       28
191:     0.394  0.210  0.396       36
192:     0.365  0.205  0.430       32
--------------------------------------------

 Rep#:   Lambda   Alpha      F1    F2    F3     D1,2  D1,3  D2,3    Ln Like 
  100:    1.00    2.156    0.052 0.195 0.019    0.039 0.015 0.033   --  
  200:    1.00    1.607    0.143 0.169 0.134    0.043 0.050 0.042   --  
  300:    1.00    1.513    0.161 0.158 0.145    0.041 0.053 0.042   --  
  400:    1.00    1.350    0.153 0.153 0.148    0.041 0.051 0.040   --  
  500:    1.00    1.236    0.146 0.147 0.136    0.041 0.049 0.038   --  
  600:    1.00    1.221    0.144 0.148 0.124    0.040 0.045 0.036   --  
  700:    1.00    1.157    0.145 0.148 0.110    0.040 0.043 0.035   --  
  800:    1.00    1.096    0.140 0.143 0.104    0.040 0.041 0.033   --  
  900:    1.00    1.022    0.139 0.145 0.094    0.040 0.040 0.033   --  

--------------------------------------------
Proportion of membership of each pre-defined
 population in each of the 3 clusters

Given    Inferred Clusters       Number of
 Pop       1      2      3      Individuals

  1:     0.216  0.160  0.624       54
  2:     0.214  0.151  0.635       30
  3:     0.119  0.741  0.140       30
  4:     0.108  0.862  0.030       20
  5:     0.134  0.794  0.072       30
  6:     0.217  0.152  0.631       43
  7:     0.213  0.145  0.642       44
  8:     0.219  0.122  0.659        4
  9:     0.220  0.107  0.673       22
 10:     0.222  0.112  0.665       24
 11:     0.213  0.147  0.641       54
 12:     0.209  0.149  0.642       37
 13:     0.215  0.159  0.626       42
 14:     0.213  0.148  0.639       42
 15:     0.207  0.158  0.635       49
 16:     0.213  0.161  0.626      124
 17:     0.218  0.148  0.634       24
 18:     0.219  0.139  0.642       34
 19:     0.214  0.154  0.632       52
 20:     0.221  0.141  0.638        1
 21:     0.290  0.107  0.603        1
 22:     0.217  0.148  0.635        1
 23:     0.263  0.168  0.569        1
 24:     0.224  0.129  0.647        1
 25:     0.204  0.230  0.566        1
 26:     0.230  0.127  0.643        1
 27:     0.232  0.176  0.593        1
 28:     0.216  0.103  0.681        1
 29:     0.216  0.131  0.653        1
 30:     0.232  0.197  0.571        1
 31:     0.189  0.308  0.503        1
 32:     0.215  0.148  0.637        1
 33:     0.217  0.178  0.606        1
 34:     0.200  0.096  0.704        1
 35:     0.228  0.122  0.651        1
 36:     0.200  0.200  0.601        1
 37:     0.246  0.131  0.623        1
 38:     0.235  0.152  0.613        1
 39:     0.278  0.079  0.643        1
 40:     0.283  0.147  0.570        1
 41:     0.231  0.098  0.671        1
 42:     0.232  0.136  0.632        1
 43:     0.253  0.145  0.602        1
 44:     0.177  0.213  0.610        1
 45:     0.207  0.130  0.663        1
 46:     0.268  0.149  0.583        1
 47:     0.265  0.096  0.638        1
 48:     0.238  0.110  0.651        1
 49:     0.210  0.129  0.662        1
 50:     0.181  0.393  0.426        1
 51:     0.247  0.255  0.498        1
 52:     0.243  0.131  0.626        1
 53:     0.233  0.149  0.618        1
 54:     0.278  0.150  0.571        1
 55:     0.272  0.226  0.502        1
 56:     0.265  0.092  0.644        1
 57:     0.257  0.129  0.614        1
 58:     0.301  0.138  0.561        1
 59:     0.246  0.190  0.563        1
 60:     0.274  0.213  0.514        1
 61:     0.291  0.183  0.525        1
 62:     0.172  0.465  0.364        1
 63:     0.274  0.177  0.549        1
 64:     0.270  0.143  0.587        1
 65:     0.262  0.178  0.561        1
 66:     0.246  0.163  0.591        1
 67:     0.288  0.173  0.539        1
 68:     0.269  0.138  0.593        1
 69:     0.315  0.194  0.490        1
 70:     0.270  0.180  0.550        1
 71:     0.272  0.160  0.569        1
 72:     0.331  0.172  0.497        1
 73:     0.267  0.162  0.572        1
 74:     0.215  0.202  0.583        1
 75:     0.245  0.193  0.562        1
 76:     0.194  0.602  0.204        1
 77:     0.276  0.157  0.567        1
 78:     0.263  0.210  0.527        1
 79:     0.237  0.200  0.563        1
 80:     0.257  0.191  0.552        1
 81:     0.284  0.194  0.522        1
 82:     0.337  0.178  0.485        1
 83:     0.235  0.147  0.617        1
 84:     0.961  0.032  0.007        1
 85:     0.947  0.040  0.013        1
 86:     0.910  0.050  0.040        1
 87:     0.983  0.015  0.001        1
 88:     0.998  0.001  0.001        1
 89:     0.992  0.003  0.004        1
 90:     0.989  0.008  0.003        1
 91:     0.993  0.003  0.004        1
 92:     0.902  0.020  0.078        1
 93:     0.936  0.064  0.001        1
 94:     0.943  0.039  0.018        1
 95:     0.937  0.057  0.006        1
 96:     0.997  0.000  0.002        1
 97:     0.983  0.014  0.003        1
 98:     0.979  0.006  0.015        1
 99:     0.999  0.000  0.001        1
100:     0.995  0.002  0.004        1
101:     0.837  0.034  0.130        1
102:     0.851  0.017  0.132        1
103:     0.985  0.006  0.008        1
104:     0.992  0.004  0.004        1
105:     0.970  0.025  0.005        1
106:     0.870  0.000  0.130        1
107:     0.988  0.011  0.000        1
108:     0.884  0.064  0.053        1
109:     0.812  0.107  0.081        1
110:     0.854  0.015  0.131        1
111:     0.981  0.011  0.009        1
112:     0.995  0.002  0.003        1
113:     0.979  0.010  0.011        1
114:     0.971  0.021  0.008        1
115:     0.976  0.007  0.017        1
116:     0.997  0.000  0.002        1
117:     0.938  0.062  0.001        1
118:     0.977  0.022  0.001        1
119:     0.922  0.011  0.066        1
120:     0.994  0.005  0.001        1
121:     0.960  0.033  0.007        1
122:     0.964  0.000  0.035        1
123:     0.990  0.009  0.001        1
124:     0.883  0.093  0.024        1
125:     0.994  0.003  0.003        1
126:     0.893  0.034  0.073        1
127:     0.958  0.027  0.015        1
128:     0.987  0.005  0.008        1
129:     0.997  0.000  0.003        1
130:     0.932  0.057  0.011        1
131:     0.993  0.002  0.005        1
132:     0.875  0.097  0.028        1
133:     0.902  0.083  0.015        1
134:     0.895  0.042  0.063        1
135:     0.844  0.066  0.090        1
136:     0.999  0.001  0.001        1
137:     0.987  0.003  0.010        1
138:     0.992  0.006  0.001        1
139:     0.949  0.049  0.002        1
140:     0.943  0.042  0.015        1
141:     0.994  0.004  0.002        1
142:     0.913  0.061  0.026        1
143:     0.948  0.051  0.001        1
144:     0.979  0.017  0.004        1
145:     0.989  0.008  0.003        1
146:     0.952  0.047  0.001        1
147:     0.996  0.001  0.003        1
148:     0.246  0.207  0.547        1
149:     0.273  0.257  0.470        1
150:     0.255  0.095  0.649        1
151:     0.213  0.134  0.653        1
152:     0.170  0.209  0.622        1
153:     0.230  0.151  0.619        1
154:     0.222  0.144  0.635        1
155:     0.257  0.122  0.621        1
156:     0.212  0.157  0.631        1
157:     0.259  0.147  0.594        1
158:     0.236  0.118  0.646        1
159:     0.215  0.118  0.668        1
160:     0.206  0.136  0.658        1
161:     0.269  0.180  0.551        1
162:     0.222  0.151  0.627        1
163:     0.243  0.148  0.610        1
164:     0.209  0.125  0.665        1
165:     0.267  0.169  0.563        1
166:     0.169  0.167  0.664        1
167:     0.215  0.199  0.586        1
168:     0.219  0.122  0.659        1
169:     0.257  0.103  0.640        1
170:     0.256  0.109  0.636        1
171:     0.244  0.114  0.642        1
172:     0.233  0.142  0.625        1
173:     0.204  0.153  0.643        1
174:     0.261  0.137  0.602        1
175:     0.210  0.154  0.637       50
176:     0.212  0.147  0.642       49
177:     0.210  0.149  0.641       50
178:     0.211  0.156  0.633       49
179:     0.224  0.152  0.624       23
180:     0.214  0.147  0.639       49
181:     0.004  0.991  0.005       30
182:     0.012  0.969  0.019       30
183:     0.210  0.198  0.592       34
184:     0.209  0.151  0.640       36
185:     0.211  0.162  0.627       40
186:     0.213  0.140  0.647       39
187:     0.212  0.152  0.636       37
188:     0.217  0.157  0.625       40
189:     0.212  0.158  0.631       35
190:     0.210  0.166  0.624       28
191:     0.212  0.152  0.636       36
192:     0.210  0.151  0.639       32
--------------------------------------------

 Rep#:   Lambda   Alpha      F1    F2    F3     D1,2  D1,3  D2,3    Ln Like 
 1000:    1.00    0.981    0.143 0.147 0.083    0.041 0.038 0.032   --  
 1100:    1.00    0.963    0.139 0.147 0.079    0.040 0.037 0.031   --  
 1200:    1.00    0.904    0.140 0.146 0.076    0.040 0.036 0.030   --  
 1300:    1.00    0.887    0.139 0.146 0.072    0.041 0.035 0.029   --  
 1400:    1.00    0.824    0.141 0.147 0.068    0.041 0.034 0.029   --  
 1500:    1.00    0.852    0.141 0.143 0.065    0.041 0.034 0.029   --  
 1600:    1.00    0.808    0.139 0.143 0.059    0.041 0.033 0.028   --  
 1700:    1.00    0.773    0.137 0.145 0.058    0.041 0.032 0.028   --  
 1800:    1.00    0.715    0.139 0.145 0.055    0.041 0.032 0.027   --  
 1900:    1.00    0.744    0.136 0.145 0.052    0.040 0.031 0.027   --  

--------------------------------------------
Proportion of membership of each pre-defined
 population in each of the 3 clusters

Given    Inferred Clusters       Number of
 Pop       1      2      3      Individuals

  1:     0.131  0.131  0.737       54
  2:     0.127  0.128  0.745       30
  3:     0.092  0.750  0.158       30
  4:     0.113  0.863  0.024       20
  5:     0.110  0.812  0.078       30
  6:     0.137  0.118  0.745       43
  7:     0.127  0.116  0.758       44
  8:     0.135  0.087  0.777        4
  9:     0.129  0.077  0.794       22
 10:     0.127  0.082  0.791       24
 11:     0.129  0.122  0.749       54
 12:     0.128  0.114  0.759       37
 13:     0.131  0.129  0.740       42
 14:     0.128  0.119  0.753       42
 15:     0.132  0.125  0.743       49
 16:     0.131  0.129  0.739      124
 17:     0.125  0.117  0.759       24
 18:     0.138  0.110  0.752       34
 19:     0.133  0.123  0.744       52
 20:     0.131  0.085  0.785        1
 21:     0.170  0.065  0.766        1
 22:     0.113  0.124  0.763        1
 23:     0.176  0.179  0.645        1
 24:     0.146  0.094  0.760        1
 25:     0.140  0.155  0.705        1
 26:     0.176  0.088  0.736        1
 27:     0.158  0.118  0.724        1
 28:     0.107  0.090  0.803        1
 29:     0.149  0.065  0.786        1
 30:     0.170  0.141  0.688        1
 31:     0.103  0.260  0.636        1
 32:     0.149  0.094  0.757        1
 33:     0.122  0.133  0.745        1
 34:     0.178  0.069  0.753        1
 35:     0.135  0.078  0.787        1
 36:     0.169  0.133  0.699        1
 37:     0.123  0.109  0.767        1
 38:     0.229  0.137  0.634        1
 39:     0.186  0.066  0.748        1
 40:     0.188  0.155  0.657        1
 41:     0.128  0.063  0.808        1
 42:     0.158  0.112  0.730        1
 43:     0.141  0.136  0.723        1
 44:     0.124  0.176  0.700        1
 45:     0.172  0.095  0.733        1
 46:     0.215  0.109  0.676        1
 47:     0.128  0.062  0.810        1
 48:     0.164  0.058  0.778        1
 49:     0.132  0.102  0.766        1
 50:     0.123  0.377  0.500        1
 51:     0.124  0.259  0.617        1
 52:     0.147  0.128  0.725        1
 53:     0.143  0.160  0.697        1
 54:     0.182  0.108  0.710        1
 55:     0.196  0.210  0.595        1
 56:     0.159  0.057  0.784        1
 57:     0.200  0.116  0.684        1
 58:     0.175  0.145  0.680        1
 59:     0.201  0.128  0.671        1
 60:     0.223  0.141  0.636        1
 61:     0.240  0.189  0.572        1
 62:     0.102  0.487  0.411        1
 63:     0.190  0.186  0.624        1
 64:     0.204  0.135  0.661        1
 65:     0.220  0.143  0.636        1
 66:     0.208  0.147  0.645        1
 67:     0.220  0.145  0.634        1
 68:     0.195  0.104  0.702        1
 69:     0.222  0.140  0.638        1
 70:     0.196  0.151  0.652        1
 71:     0.206  0.141  0.653        1
 72:     0.242  0.140  0.618        1
 73:     0.193  0.137  0.670        1
 74:     0.162  0.124  0.714        1
 75:     0.168  0.188  0.643        1
 76:     0.157  0.623  0.220        1
 77:     0.196  0.179  0.625        1
 78:     0.178  0.142  0.680        1
 79:     0.194  0.130  0.677        1
 80:     0.197  0.180  0.622        1
 81:     0.213  0.171  0.615        1
 82:     0.233  0.185  0.582        1
 83:     0.147  0.144  0.710        1
 84:     0.969  0.028  0.003        1
 85:     0.942  0.055  0.003        1
 86:     0.895  0.002  0.103        1
 87:     0.988  0.004  0.007        1
 88:     0.999  0.000  0.001        1
 89:     0.975  0.001  0.024        1
 90:     0.997  0.002  0.001        1
 91:     0.991  0.006  0.003        1
 92:     0.855  0.000  0.144        1
 93:     0.950  0.049  0.001        1
 94:     0.951  0.033  0.016        1
 95:     0.929  0.044  0.026        1
 96:     0.995  0.001  0.003        1
 97:     0.975  0.015  0.010        1
 98:     0.983  0.016  0.001        1
 99:     0.998  0.001  0.001        1
100:     0.979  0.016  0.006        1
101:     0.789  0.037  0.174        1
102:     0.846  0.014  0.140        1
103:     0.998  0.001  0.002        1
104:     0.978  0.002  0.020        1
105:     0.934  0.065  0.001        1
106:     0.855  0.008  0.137        1
107:     0.999  0.000  0.001        1
108:     0.882  0.033  0.085        1
109:     0.778  0.127  0.096        1
110:     0.818  0.013  0.170        1
111:     0.992  0.001  0.007        1
112:     1.000  0.000  0.000        1
113:     0.985  0.007  0.008        1
114:     0.990  0.003  0.007        1
115:     0.941  0.024  0.036        1
116:     0.995  0.003  0.002        1
117:     0.969  0.021  0.010        1
118:     0.985  0.014  0.000        1
119:     0.887  0.008  0.105        1
120:     0.977  0.007  0.016        1
121:     0.984  0.001  0.015        1
122:     0.938  0.003  0.060        1
123:     0.993  0.001  0.006        1
124:     0.880  0.060  0.059        1
125:     0.987  0.002  0.011        1
126:     0.895  0.003  0.102        1
127:     0.933  0.000  0.067        1
128:     0.990  0.010  0.001        1
129:     0.999  0.000  0.001        1
130:     0.946  0.039  0.015        1
131:     0.997  0.003  0.000        1
132:     0.862  0.063  0.075        1
133:     0.904  0.090  0.006        1
134:     0.862  0.037  0.101        1
135:     0.819  0.064  0.117        1
136:     0.999  0.000  0.000        1
137:     0.990  0.005  0.004        1
138:     0.997  0.002  0.001        1
139:     0.945  0.055  0.001        1
140:     0.930  0.070  0.000        1
141:     0.994  0.005  0.001        1
142:     0.879  0.036  0.085        1
143:     0.950  0.049  0.001        1
144:     0.987  0.013  0.000        1
145:     0.990  0.001  0.010        1
146:     0.971  0.014  0.015        1
147:     0.989  0.009  0.002        1
148:     0.215  0.165  0.620        1
149:     0.177  0.229  0.594        1
150:     0.155  0.057  0.788        1
151:     0.147  0.062  0.791        1
152:     0.129  0.166  0.705        1
153:     0.133  0.124  0.742        1
154:     0.124  0.088  0.788        1
155:     0.128  0.102  0.770        1
156:     0.171  0.112  0.717        1
157:     0.128  0.137  0.736        1
158:     0.155  0.107  0.738        1
159:     0.112  0.061  0.827        1
160:     0.135  0.110  0.755        1
161:     0.198  0.134  0.668        1
162:     0.164  0.101  0.735        1
163:     0.172  0.116  0.712        1
164:     0.131  0.129  0.740        1
165:     0.176  0.169  0.655        1
166:     0.128  0.102  0.770        1
167:     0.143  0.137  0.720        1
168:     0.123  0.088  0.789        1
169:     0.183  0.087  0.730        1
170:     0.173  0.055  0.772        1
171:     0.127  0.088  0.785        1
172:     0.155  0.157  0.688        1
173:     0.112  0.123  0.765        1
174:     0.140  0.102  0.759        1
175:     0.131  0.122  0.747       50
176:     0.125  0.116  0.759       49
177:     0.129  0.117  0.754       50
178:     0.124  0.121  0.755       49
179:     0.140  0.125  0.736       23
180:     0.130  0.111  0.759       49
181:     0.002  0.993  0.005       30
182:     0.009  0.979  0.011       30
183:     0.141  0.169  0.690       34
184:     0.125  0.120  0.755       36
185:     0.137  0.120  0.743       40
186:     0.128  0.107  0.765       39
187:     0.129  0.130  0.741       37
188:     0.135  0.123  0.742       40
189:     0.131  0.126  0.743       35
190:     0.123  0.136  0.741       28
191:     0.130  0.121  0.749       36
192:     0.124  0.124  0.753       32
--------------------------------------------

 Rep#:   Lambda   Alpha      F1    F2    F3     D1,2  D1,3  D2,3    Ln Like 
 2000:    1.00    0.688    0.136 0.143 0.052    0.041 0.031 0.026   --  
 2100:    1.00    0.670    0.137 0.143 0.050    0.041 0.031 0.026   --  
 2200:    1.00    0.662    0.133 0.137 0.048    0.040 0.030 0.026   --  
 2300:    1.00    0.643    0.138 0.140 0.043    0.041 0.030 0.025   --  
 2400:    1.00    0.624    0.137 0.141 0.043    0.040 0.029 0.025   --  
 2500:    1.00    0.599    0.137 0.135 0.042    0.040 0.029 0.025   --  
 2600:    1.00    0.598    0.134 0.139 0.042    0.040 0.029 0.025   --  
 2700:    1.00    0.569    0.138 0.146 0.036    0.041 0.029 0.025   --  
 2800:    1.00    0.550    0.137 0.144 0.036    0.041 0.029 0.024   --  
 2900:    1.00    0.562    0.138 0.139 0.036    0.041 0.028 0.024   --  

--------------------------------------------
Proportion of membership of each pre-defined
 population in each of the 3 clusters

Given    Inferred Clusters       Number of
 Pop       1      2      3      Individuals

  1:     0.084  0.101  0.815       54
  2:     0.086  0.100  0.814       30
  3:     0.080  0.733  0.188       30
  4:     0.092  0.868  0.040       20
  5:     0.104  0.805  0.092       30
  6:     0.087  0.096  0.817       43
  7:     0.083  0.088  0.829       44
  8:     0.089  0.048  0.863        4
  9:     0.081  0.044  0.875       22
 10:     0.086  0.052  0.862       24
 11:     0.087  0.093  0.821       54
 12:     0.081  0.087  0.832       37
 13:     0.089  0.099  0.812       42
 14:     0.085  0.086  0.829       42
 15:     0.089  0.093  0.819       49
 16:     0.085  0.100  0.815      124
 17:     0.083  0.089  0.828       24
 18:     0.089  0.078  0.833       34
 19:     0.091  0.098  0.811       52
 20:     0.089  0.073  0.839        1
 21:     0.173  0.045  0.782        1
 22:     0.059  0.043  0.898        1
 23:     0.157  0.090  0.753        1
 24:     0.117  0.092  0.790        1
 25:     0.137  0.137  0.725        1
 26:     0.120  0.064  0.816        1
 27:     0.137  0.115  0.748        1
 28:     0.114  0.048  0.838        1
 29:     0.117  0.026  0.857        1
 30:     0.111  0.176  0.714        1
 31:     0.059  0.268  0.673        1
 32:     0.089  0.046  0.865        1
 33:     0.074  0.108  0.818        1
 34:     0.062  0.069  0.869        1
 35:     0.125  0.040  0.835        1
 36:     0.115  0.105  0.779        1
 37:     0.114  0.079  0.807        1
 38:     0.147  0.085  0.768        1
 39:     0.117  0.041  0.842        1
 40:     0.168  0.119  0.713        1
 41:     0.133  0.021  0.846        1
 42:     0.111  0.103  0.786        1
 43:     0.109  0.057  0.834        1
 44:     0.070  0.141  0.789        1
 45:     0.098  0.060  0.843        1
 46:     0.156  0.078  0.766        1
 47:     0.089  0.050  0.861        1
 48:     0.120  0.099  0.781        1
 49:     0.078  0.065  0.858        1
 50:     0.122  0.327  0.551        1
 51:     0.118  0.267  0.615        1
 52:     0.143  0.115  0.742        1
 53:     0.088  0.106  0.806        1
 54:     0.148  0.126  0.726        1
 55:     0.209  0.137  0.653        1
 56:     0.218  0.063  0.719        1
 57:     0.146  0.064  0.790        1
 58:     0.179  0.076  0.746        1
 59:     0.163  0.111  0.726        1
 60:     0.178  0.135  0.687        1
 61:     0.200  0.128  0.672        1
 62:     0.102  0.457  0.441        1
 63:     0.183  0.147  0.670        1
 64:     0.133  0.108  0.759        1
 65:     0.169  0.103  0.727        1
 66:     0.148  0.130  0.721        1
 67:     0.206  0.145  0.649        1
 68:     0.163  0.091  0.746        1
 69:     0.203  0.115  0.682        1
 70:     0.178  0.114  0.708        1
 71:     0.176  0.086  0.738        1
 72:     0.214  0.080  0.706        1
 73:     0.155  0.098  0.748        1
 74:     0.127  0.104  0.769        1
 75:     0.167  0.119  0.714        1
 76:     0.140  0.557  0.302        1
 77:     0.188  0.166  0.646        1
 78:     0.144  0.139  0.717        1
 79:     0.153  0.163  0.684        1
 80:     0.163  0.149  0.688        1
 81:     0.159  0.137  0.705        1
 82:     0.235  0.129  0.637        1
 83:     0.105  0.110  0.784        1
 84:     0.962  0.036  0.002        1
 85:     0.962  0.036  0.001        1
 86:     0.890  0.042  0.068        1
 87:     0.999  0.001  0.000        1
 88:     0.994  0.001  0.005        1
 89:     0.981  0.013  0.006        1
 90:     0.992  0.006  0.002        1
 91:     0.978  0.001  0.021        1
 92:     0.863  0.026  0.111        1
 93:     0.956  0.040  0.004        1
 94:     0.936  0.020  0.044        1
 95:     0.888  0.049  0.063        1
 96:     0.999  0.001  0.000        1
 97:     0.991  0.009  0.000        1
 98:     0.971  0.017  0.012        1
 99:     0.999  0.000  0.001        1
100:     0.988  0.011  0.001        1
101:     0.814  0.004  0.182        1
102:     0.819  0.014  0.167        1
103:     0.981  0.011  0.008        1
104:     0.972  0.004  0.025        1
105:     0.944  0.049  0.007        1
106:     0.812  0.004  0.184        1
107:     0.986  0.014  0.000        1
108:     0.910  0.025  0.065        1
109:     0.797  0.095  0.108        1
110:     0.790  0.005  0.205        1
111:     0.992  0.001  0.006        1
112:     0.993  0.004  0.003        1
113:     0.965  0.025  0.010        1
114:     0.997  0.003  0.000        1
115:     0.910  0.001  0.089        1
116:     0.996  0.002  0.002        1
117:     0.963  0.032  0.005        1
118:     0.966  0.007  0.027        1
119:     0.896  0.006  0.099        1
120:     0.968  0.000  0.032        1
121:     0.996  0.001  0.003        1
122:     0.949  0.003  0.047        1
123:     0.998  0.000  0.002        1
124:     0.849  0.073  0.078        1
125:     0.994  0.005  0.000        1
126:     0.863  0.000  0.137        1
127:     0.906  0.026  0.068        1
128:     0.992  0.004  0.004        1
129:     1.000  0.000  0.000        1
130:     0.958  0.024  0.018        1
131:     0.994  0.001  0.005        1
132:     0.874  0.097  0.029        1
133:     0.900  0.097  0.003        1
134:     0.815  0.024  0.161        1
135:     0.846  0.005  0.149        1
136:     0.996  0.002  0.002        1
137:     0.989  0.010  0.001        1
138:     1.000  0.000  0.000        1
139:     0.967  0.028  0.005        1
140:     0.899  0.081  0.020        1
141:     0.998  0.000  0.002        1
142:     0.848  0.034  0.118        1
143:     0.939  0.038  0.023        1
144:     0.985  0.000  0.015        1
145:     0.995  0.002  0.003        1
146:     0.921  0.053  0.026        1
147:     0.974  0.026  0.000        1
148:     0.141  0.173  0.686        1
149:     0.124  0.232  0.644        1
150:     0.130  0.092  0.778        1
151:     0.072  0.098  0.830        1
152:     0.090  0.148  0.762        1
153:     0.093  0.086  0.821        1
154:     0.118  0.069  0.813        1
155:     0.127  0.063  0.810        1
156:     0.081  0.089  0.830        1
157:     0.119  0.089  0.792        1
158:     0.113  0.086  0.801        1
159:     0.084  0.063  0.853        1
160:     0.075  0.075  0.850        1
161:     0.114  0.090  0.796        1
162:     0.084  0.082  0.834        1
163:     0.112  0.072  0.816        1
164:     0.110  0.120  0.770        1
165:     0.138  0.131  0.732        1
166:     0.071  0.094  0.834        1
167:     0.099  0.126  0.775        1
168:     0.069  0.031  0.900        1
169:     0.132  0.047  0.821        1
170:     0.125  0.019  0.857        1
171:     0.095  0.069  0.836        1
172:     0.118  0.125  0.757        1
173:     0.077  0.121  0.801        1
174:     0.095  0.096  0.809        1
175:     0.086  0.096  0.817       50
176:     0.079  0.089  0.832       49
177:     0.083  0.089  0.827       50
178:     0.080  0.098  0.822       49
179:     0.086  0.093  0.821       23
180:     0.084  0.089  0.827       49
181:     0.002  0.994  0.004       30
182:     0.006  0.974  0.021       30
183:     0.102  0.139  0.759       34
184:     0.077  0.088  0.835       36
185:     0.088  0.094  0.818       40
186:     0.083  0.086  0.831       39
187:     0.088  0.096  0.817       37
188:     0.086  0.102  0.812       40
189:     0.082  0.101  0.817       35
190:     0.083  0.112  0.806       28
191:     0.083  0.096  0.821       36
192:     0.075  0.094  0.831       32
--------------------------------------------

 Rep#:   Lambda   Alpha      F1    F2    F3     D1,2  D1,3  D2,3    Ln Like 
 3000:    1.00    0.522    0.133 0.142 0.036    0.041 0.028 0.024   --  
 3100:    1.00    0.529    0.135 0.141 0.035    0.041 0.027 0.024   --  
 3200:    1.00    0.498    0.135 0.138 0.035    0.040 0.027 0.023   --  
 3300:    1.00    0.494    0.135 0.141 0.033    0.040 0.027 0.023   --  
 3400:    1.00    0.440    0.136 0.139 0.030    0.041 0.027 0.023   --  
 3500:    1.00    0.434    0.130 0.138 0.030    0.040 0.026 0.023   --  
 3600:    1.00    0.429    0.130 0.140 0.030    0.040 0.026 0.023   --  
 3700:    1.00    0.408    0.133 0.139 0.029    0.040 0.026 0.022   --  
 3800:    1.00    0.399    0.129 0.138 0.029    0.040 0.026 0.022   --  
 3900:    1.00    0.390    0.128 0.135 0.028    0.040 0.026 0.022   --  

--------------------------------------------
Proportion of membership of each pre-defined
 population in each of the 3 clusters

Given    Inferred Clusters       Number of
 Pop       1      2      3      Individuals

  1:     0.050  0.073  0.877       54
  2:     0.048  0.070  0.882       30
  3:     0.065  0.733  0.201       30
  4:     0.081  0.886  0.034       20
  5:     0.080  0.810  0.110       30
  6:     0.046  0.068  0.885       43
  7:     0.045  0.068  0.886       44
  8:     0.041  0.033  0.927        4
  9:     0.045  0.015  0.940       22
 10:     0.048  0.029  0.923       24
 11:     0.048  0.065  0.887       54
 12:     0.045  0.060  0.895       37
 13:     0.054  0.081  0.866       42
 14:     0.045  0.064  0.892       42
 15:     0.050  0.068  0.881       49
 16:     0.050  0.074  0.876      124
 17:     0.045  0.061  0.894       24
 18:     0.045  0.056  0.899       34
 19:     0.050  0.074  0.876       52
 20:     0.073  0.037  0.890        1
 21:     0.111  0.035  0.854        1
 22:     0.044  0.054  0.902        1
 23:     0.119  0.063  0.818        1
 24:     0.072  0.028  0.900        1
 25:     0.063  0.133  0.804        1
 26:     0.105  0.045  0.850        1
 27:     0.074  0.032  0.895        1
 28:     0.042  0.019  0.939        1
 29:     0.070  0.019  0.911        1
 30:     0.101  0.117  0.782        1
 31:     0.066  0.225  0.709        1
 32:     0.052  0.023  0.925        1
 33:     0.048  0.111  0.841        1
 34:     0.066  0.007  0.927        1
 35:     0.084  0.011  0.906        1
 36:     0.102  0.080  0.818        1
 37:     0.049  0.076  0.875        1
 38:     0.128  0.107  0.766        1
 39:     0.072  0.011  0.917        1
 40:     0.105  0.089  0.806        1
 41:     0.040  0.000  0.960        1
 42:     0.093  0.060  0.847        1
 43:     0.054  0.057  0.889        1
 44:     0.031  0.118  0.851        1
 45:     0.078  0.004  0.917        1
 46:     0.141  0.038  0.821        1
 47:     0.035  0.000  0.964        1
 48:     0.033  0.008  0.959        1
 49:     0.036  0.025  0.939        1
 50:     0.100  0.367  0.534        1
 51:     0.082  0.253  0.666        1
 52:     0.095  0.045  0.860        1
 53:     0.083  0.049  0.868        1
 54:     0.091  0.075  0.834        1
 55:     0.179  0.143  0.678        1
 56:     0.133  0.004  0.863        1
 57:     0.095  0.027  0.879        1
 58:     0.162  0.064  0.775        1
 59:     0.071  0.132  0.796        1
 60:     0.112  0.090  0.798        1
 61:     0.181  0.133  0.686        1
 62:     0.054  0.424  0.522        1
 63:     0.122  0.135  0.743        1
 64:     0.134  0.073  0.793        1
 65:     0.172  0.080  0.748        1
 66:     0.167  0.082  0.751        1
 67:     0.169  0.120  0.712        1
 68:     0.101  0.091  0.808        1
 69:     0.138  0.100  0.762        1
 70:     0.125  0.053  0.822        1
 71:     0.126  0.090  0.784        1
 72:     0.147  0.081  0.773        1
 73:     0.131  0.067  0.802        1
 74:     0.092  0.097  0.811        1
 75:     0.138  0.126  0.736        1
 76:     0.126  0.587  0.287        1
 77:     0.155  0.104  0.741        1
 78:     0.094  0.128  0.778        1
 79:     0.113  0.170  0.716        1
 80:     0.111  0.091  0.798        1
 81:     0.164  0.131  0.705        1
 82:     0.216  0.107  0.677        1
 83:     0.101  0.064  0.834        1
 84:     0.942  0.055  0.004        1
 85:     0.953  0.046  0.001        1
 86:     0.867  0.016  0.117        1
 87:     0.998  0.000  0.002        1
 88:     0.993  0.000  0.007        1
 89:     0.999  0.000  0.000        1
 90:     0.998  0.002  0.000        1
 91:     0.997  0.001  0.002        1
 92:     0.839  0.003  0.158        1
 93:     0.966  0.034  0.000        1
 94:     0.922  0.000  0.078        1
 95:     0.915  0.015  0.070        1
 96:     1.000  0.000  0.000        1
 97:     0.991  0.009  0.000        1
 98:     0.994  0.000  0.006        1
 99:     1.000  0.000  0.000        1
100:     0.993  0.005  0.001        1
101:     0.792  0.021  0.188        1
102:     0.844  0.019  0.137        1
103:     0.988  0.007  0.005        1
104:     0.981  0.007  0.012        1
105:     0.971  0.029  0.000        1
106:     0.830  0.001  0.169        1
107:     0.971  0.021  0.007        1
108:     0.881  0.015  0.104        1
109:     0.778  0.071  0.151        1
110:     0.766  0.004  0.230        1
111:     1.000  0.000  0.000        1
112:     0.999  0.001  0.000        1
113:     0.985  0.010  0.005        1
114:     0.983  0.002  0.015        1
115:     0.991  0.000  0.009        1
116:     0.997  0.003  0.000        1
117:     0.970  0.030  0.000        1
118:     0.976  0.024  0.000        1
119:     0.885  0.000  0.114        1
120:     0.969  0.000  0.031        1
121:     0.986  0.014  0.000        1
122:     0.959  0.001  0.041        1
123:     1.000  0.000  0.000        1
124:     0.827  0.112  0.061        1
125:     0.999  0.001  0.000        1
126:     0.899  0.013  0.089        1
