

----------------------------------------------------
STRUCTURE by Pritchard, Stephens and Donnelly (2000)
     and Falush, Stephens and Pritchard (2003)
       Code by Pritchard, Falush and Hubisz
             Version 2.3.4 (Jul 2012)
----------------------------------------------------


Reading file "/workdir/yc2644/CV_CT_array/structure/threader_input/mainparams".
Reading file "/workdir/yc2644/CV_CT_array/structure/threader_input/extraparams".
Reading file "/workdir/yc2644/CV_CT_array/structure/threader_input/n1601.recode.strct_in".


Data file "/workdir/yc2644/CV_CT_array/structure/threader_input/n1601.recode.strct_in" (truncated) --

Ind:   Label Pop : Genotype_data . . . .
  1:  001s    1  :  2   1   2   2   2   1   2  . . . .   2
  1:  001s    1  :  2   2   2   2   2   2   2  . . . .   2
  2:  002s    1  :  2   2   2   2   1   1   2  . . . .   2
  2:  002s    1  :  2   2   2   2   2   2   2  . . . .   2
  3:  003s    1  :  1   2   1   2   2   2   2  . . . .   1
  3:  003s    1  :  2   2   1   2   2   2   2  . . . .   2
  4:  004s    1  :  1   1   2   2   1   2   2  . . . .   1
  4:  004s    1  :  2   1   2   2   2   2   2  . . . .   2

      *******   

1600:    49  192  :  2   2   2   2   2   1   2  . . . .   1
1600:    49  192  :  2   2   2   2   2   2   2  . . . .   2
1601:    50  192  :  2   1   2   2   1   2   2  . . . .   1
1601:    50  192  :  2   2   2   2   2   2   2  . . . .   2

Number of alleles per locus: min= 2; ave=2.0; max= 2


--------------------------------------

Finished initialization; starting MCMC 
100000 iterations + 10000 burnin


--------------------------------------------
Proportion of membership of each pre-defined
 population in each of the 4 clusters

Given    Inferred Clusters              Number of
 Pop       1      2      3      4      Individuals

  1:     0.298  0.327  0.157  0.218       54
  2:     0.296  0.348  0.156  0.200       30
  3:     0.103  0.099  0.667  0.132       30
  4:     0.068  0.062  0.776  0.093       20
  5:     0.095  0.065  0.727  0.114       30
  6:     0.277  0.356  0.149  0.218       43
  7:     0.292  0.338  0.149  0.222       44
  8:     0.451  0.217  0.117  0.214        4
  9:     0.277  0.383  0.106  0.234       22
 10:     0.278  0.397  0.123  0.203       24
 11:     0.264  0.361  0.154  0.221       54
 12:     0.300  0.352  0.143  0.205       37
 13:     0.261  0.370  0.156  0.213       42
 14:     0.287  0.340  0.149  0.224       42
 15:     0.268  0.360  0.162  0.210       49
 16:     0.273  0.338  0.157  0.231      124
 17:     0.272  0.360  0.152  0.216       24
 18:     0.276  0.356  0.139  0.229       34
 19:     0.251  0.363  0.157  0.229       52
 20:     0.381  0.310  0.140  0.168        1
 21:     0.269  0.299  0.135  0.297        1
 22:     0.461  0.283  0.132  0.124        1
 23:     0.269  0.311  0.169  0.251        1
 24:     0.312  0.311  0.172  0.205        1
 25:     0.494  0.191  0.167  0.147        1
 26:     0.226  0.247  0.185  0.342        1
 27:     0.267  0.300  0.180  0.253        1
 28:     0.201  0.406  0.133  0.259        1
 29:     0.438  0.303  0.084  0.174        1
 30:     0.173  0.444  0.182  0.201        1
 31:     0.307  0.241  0.295  0.157        1
 32:     0.376  0.242  0.155  0.227        1
 33:     0.381  0.269  0.181  0.168        1
 34:     0.259  0.484  0.113  0.144        1
 35:     0.349  0.217  0.147  0.288        1
 36:     0.275  0.322  0.178  0.225        1
 37:     0.330  0.265  0.137  0.268        1
 38:     0.303  0.244  0.204  0.249        1
 39:     0.088  0.483  0.103  0.326        1
 40:     0.194  0.297  0.138  0.370        1
 41:     0.251  0.472  0.145  0.133        1
 42:     0.283  0.300  0.166  0.251        1
 43:     0.237  0.342  0.153  0.267        1
 44:     0.270  0.384  0.188  0.159        1
 45:     0.442  0.142  0.145  0.271        1
 46:     0.352  0.171  0.162  0.316        1
 47:     0.401  0.262  0.115  0.221        1
 48:     0.365  0.368  0.128  0.140        1
 49:     0.202  0.446  0.126  0.226        1
 50:     0.064  0.296  0.371  0.269        1
 51:     0.231  0.243  0.289  0.237        1
 52:     0.239  0.262  0.165  0.334        1
 53:     0.403  0.172  0.044  0.381        1
 54:     0.790  0.082  0.124  0.004        1
 55:     0.600  0.160  0.170  0.070        1
 56:     0.505  0.248  0.058  0.189        1
 57:     0.645  0.203  0.099  0.053        1
 58:     0.699  0.112  0.136  0.053        1
 59:     0.516  0.249  0.195  0.040        1
 60:     0.630  0.048  0.232  0.091        1
 61:     0.655  0.090  0.193  0.062        1
 62:     0.209  0.023  0.472  0.296        1
 63:     0.600  0.128  0.177  0.094        1
 64:     0.731  0.102  0.147  0.021        1
 65:     0.488  0.243  0.141  0.127        1
 66:     0.760  0.007  0.095  0.139        1
 67:     0.386  0.170  0.193  0.251        1
 68:     0.595  0.155  0.163  0.087        1
 69:     0.666  0.090  0.134  0.110        1
 70:     0.566  0.244  0.175  0.016        1
 71:     0.679  0.035  0.150  0.137        1
 72:     0.758  0.086  0.101  0.055        1
 73:     0.721  0.047  0.203  0.028        1
 74:     0.588  0.124  0.159  0.129        1
 75:     0.696  0.102  0.154  0.048        1
 76:     0.146  0.116  0.547  0.190        1
 77:     0.707  0.096  0.145  0.052        1
 78:     0.593  0.131  0.172  0.104        1
 79:     0.582  0.151  0.154  0.113        1
 80:     0.702  0.112  0.137  0.049        1
 81:     0.727  0.024  0.156  0.093        1
 82:     0.334  0.251  0.202  0.213        1
 83:     0.729  0.046  0.106  0.118        1
 84:     0.037  0.020  0.137  0.806        1
 85:     0.107  0.024  0.114  0.755        1
 86:     0.025  0.030  0.091  0.853        1
 87:     0.068  0.042  0.070  0.820        1
 88:     0.013  0.022  0.103  0.862        1
 89:     0.006  0.041  0.098  0.855        1
 90:     0.021  0.015  0.109  0.855        1
 91:     0.031  0.043  0.074  0.852        1
 92:     0.056  0.020  0.111  0.812        1
 93:     0.048  0.008  0.179  0.765        1
 94:     0.054  0.012  0.115  0.818        1
 95:     0.040  0.003  0.114  0.842        1
 96:     0.041  0.051  0.068  0.840        1
 97:     0.020  0.041  0.115  0.824        1
 98:     0.053  0.012  0.074  0.861        1
 99:     0.056  0.005  0.024  0.916        1
100:     0.046  0.012  0.111  0.831        1
101:     0.063  0.028  0.130  0.779        1
102:     0.011  0.043  0.141  0.805        1
103:     0.044  0.007  0.032  0.917        1
104:     0.027  0.058  0.062  0.853        1
105:     0.035  0.038  0.114  0.814        1
106:     0.039  0.035  0.087  0.839        1
107:     0.044  0.059  0.123  0.774        1
108:     0.045  0.015  0.128  0.812        1
109:     0.022  0.073  0.164  0.741        1
110:     0.089  0.062  0.120  0.729        1
111:     0.041  0.032  0.111  0.817        1
112:     0.057  0.029  0.072  0.842        1
113:     0.022  0.024  0.088  0.867        1
114:     0.058  0.006  0.080  0.856        1
115:     0.009  0.006  0.126  0.859        1
116:     0.008  0.020  0.074  0.898        1
117:     0.058  0.039  0.135  0.769        1
118:     0.004  0.008  0.117  0.872        1
119:     0.056  0.039  0.066  0.839        1
120:     0.065  0.042  0.043  0.849        1
121:     0.009  0.041  0.094  0.857        1
122:     0.029  0.034  0.048  0.889        1
123:     0.024  0.006  0.080  0.890        1
124:     0.006  0.053  0.143  0.799        1
125:     0.007  0.013  0.085  0.894        1
126:     0.027  0.084  0.109  0.779        1
127:     0.045  0.035  0.114  0.806        1
128:     0.018  0.031  0.111  0.839        1
129:     0.012  0.024  0.050  0.914        1
130:     0.018  0.033  0.140  0.809        1
131:     0.004  0.066  0.080  0.851        1
132:     0.049  0.004  0.170  0.776        1
133:     0.023  0.051  0.196  0.729        1
134:     0.004  0.004  0.060  0.932        1
135:     0.049  0.086  0.083  0.782        1
136:     0.002  0.023  0.035  0.940        1
137:     0.008  0.023  0.086  0.883        1
138:     0.018  0.025  0.110  0.847        1
139:     0.020  0.026  0.165  0.789        1
140:     0.007  0.011  0.171  0.811        1
141:     0.031  0.020  0.093  0.856        1
142:     0.060  0.026  0.105  0.810        1
143:     0.039  0.023  0.107  0.832        1
144:     0.097  0.007  0.077  0.820        1
145:     0.004  0.026  0.101  0.869        1
146:     0.069  0.036  0.131  0.764        1
147:     0.054  0.020  0.127  0.799        1
148:     0.279  0.222  0.222  0.277        1
149:     0.330  0.109  0.267  0.293        1
150:     0.295  0.259  0.154  0.293        1
151:     0.144  0.547  0.131  0.178        1
152:     0.207  0.367  0.224  0.202        1
153:     0.177  0.394  0.138  0.292        1
154:     0.253  0.392  0.154  0.201        1
155:     0.391  0.164  0.145  0.301        1
156:     0.329  0.293  0.165  0.213        1
157:     0.280  0.378  0.163  0.179        1
158:     0.133  0.536  0.140  0.191        1
159:     0.215  0.486  0.085  0.214        1
160:     0.288  0.314  0.171  0.227        1
161:     0.218  0.322  0.137  0.323        1
162:     0.395  0.354  0.098  0.154        1
163:     0.479  0.133  0.192  0.196        1
164:     0.268  0.314  0.150  0.268        1
165:     0.044  0.459  0.197  0.300        1
166:     0.264  0.457  0.158  0.122        1
167:     0.307  0.286  0.159  0.248        1
168:     0.252  0.507  0.140  0.101        1
169:     0.092  0.525  0.169  0.214        1
170:     0.033  0.495  0.114  0.358        1
171:     0.271  0.288  0.135  0.307        1
172:     0.303  0.327  0.118  0.252        1
173:     0.396  0.227  0.153  0.224        1
174:     0.194  0.405  0.140  0.261        1
175:     0.266  0.363  0.156  0.216       50
176:     0.298  0.333  0.147  0.222       49
177:     0.291  0.346  0.149  0.214       50
178:     0.292  0.339  0.154  0.214       49
179:     0.299  0.334  0.142  0.225       23
180:     0.279  0.359  0.145  0.216       49
181:     0.027  0.026  0.924  0.024       30
182:     0.052  0.051  0.858  0.040       30
183:     0.363  0.232  0.200  0.205       34
184:     0.285  0.372  0.146  0.197       36
185:     0.281  0.349  0.163  0.207       40
186:     0.355  0.294  0.140  0.211       39
187:     0.314  0.323  0.156  0.207       37
188:     0.303  0.325  0.161  0.211       40
189:     0.293  0.336  0.155  0.216       35
190:     0.318  0.307  0.165  0.210       28
191:     0.296  0.342  0.156  0.206       36
192:     0.305  0.342  0.158  0.195       32
--------------------------------------------

 Rep#:   Lambda   Alpha      F1    F2    F3    F4     D1,2  D1,3  D1,4  D2,3  D2,4  D3,4    Ln Like 
  100:    1.00    1.801    0.010 0.015 0.222 0.156    0.004 0.035 0.027 0.037 0.029 0.046   --  
  200:    1.00    1.409    0.012 0.046 0.188 0.181    0.012 0.032 0.036 0.037 0.042 0.047   --  
  300:    1.00    1.243    0.154 0.131 0.164 0.157    0.051 0.042 0.046 0.043 0.049 0.044   --  
  400:    1.00    1.113    0.223 0.161 0.155 0.140    0.066 0.049 0.051 0.043 0.049 0.043   --  
  500:    1.00    1.082    0.237 0.150 0.155 0.138    0.065 0.050 0.053 0.040 0.045 0.042   --  
  600:    1.00    1.017    0.251 0.137 0.147 0.137    0.064 0.051 0.054 0.038 0.043 0.041   --  
  700:    1.00    0.997    0.252 0.129 0.147 0.134    0.062 0.051 0.053 0.037 0.041 0.041   --  
  800:    1.00    0.957    0.252 0.120 0.152 0.136    0.060 0.051 0.054 0.035 0.040 0.041   --  
  900:    1.00    0.957    0.248 0.111 0.143 0.136    0.059 0.051 0.054 0.034 0.039 0.041   --  

--------------------------------------------
Proportion of membership of each pre-defined
 population in each of the 4 clusters

Given    Inferred Clusters              Number of
 Pop       1      2      3      4      Individuals

  1:     0.192  0.554  0.128  0.126       54
  2:     0.198  0.552  0.131  0.119       30
  3:     0.083  0.112  0.727  0.078       30
  4:     0.038  0.022  0.845  0.095       20
  5:     0.049  0.058  0.784  0.109       30
  6:     0.188  0.565  0.121  0.125       43
  7:     0.189  0.575  0.111  0.124       44
  8:     0.191  0.578  0.108  0.123        4
  9:     0.199  0.603  0.072  0.126       22
 10:     0.199  0.596  0.081  0.124       24
 11:     0.184  0.571  0.119  0.126       54
 12:     0.195  0.571  0.113  0.121       37
 13:     0.187  0.556  0.128  0.129       42
 14:     0.195  0.570  0.112  0.123       42
 15:     0.188  0.565  0.120  0.126       49
 16:     0.188  0.559  0.130  0.123      124
 17:     0.196  0.562  0.123  0.118       24
 18:     0.199  0.572  0.107  0.122       34
 19:     0.188  0.563  0.124  0.124       52
 20:     0.193  0.586  0.111  0.110        1
 21:     0.198  0.530  0.087  0.184        1
 22:     0.206  0.564  0.119  0.111        1
 23:     0.176  0.523  0.135  0.166        1
 24:     0.222  0.530  0.104  0.144        1
 25:     0.165  0.496  0.211  0.127        1
 26:     0.189  0.559  0.104  0.148        1
 27:     0.180  0.551  0.122  0.147        1
 28:     0.238  0.552  0.056  0.154        1
 29:     0.195  0.603  0.063  0.139        1
 30:     0.168  0.534  0.173  0.125        1
 31:     0.181  0.441  0.264  0.114        1
 32:     0.179  0.582  0.099  0.140        1
 33:     0.203  0.527  0.157  0.113        1
 34:     0.226  0.551  0.068  0.155        1
 35:     0.190  0.567  0.093  0.150        1
 36:     0.209  0.527  0.094  0.171        1
 37:     0.157  0.588  0.073  0.182        1
 38:     0.162  0.529  0.127  0.183        1
 39:     0.201  0.553  0.068  0.179        1
 40:     0.172  0.546  0.113  0.169        1
 41:     0.210  0.572  0.052  0.165        1
 42:     0.166  0.564  0.137  0.134        1
 43:     0.187  0.579  0.095  0.139        1
 44:     0.203  0.524  0.184  0.089        1
 45:     0.240  0.547  0.077  0.136        1
 46:     0.159  0.496  0.136  0.210        1
 47:     0.180  0.591  0.089  0.140        1
 48:     0.197  0.584  0.105  0.114        1
 49:     0.210  0.583  0.078  0.130        1
 50:     0.128  0.397  0.369  0.106        1
 51:     0.147  0.441  0.283  0.129        1
 52:     0.205  0.472  0.142  0.182        1
 53:     0.188  0.543  0.125  0.144        1
 54:     0.981  0.001  0.015  0.004        1
 55:     0.989  0.001  0.008  0.002        1
 56:     0.874  0.078  0.005  0.043        1
 57:     0.975  0.007  0.009  0.009        1
 58:     0.948  0.038  0.008  0.006        1
 59:     0.886  0.040  0.054  0.020        1
 60:     0.993  0.001  0.006  0.001        1
 61:     0.997  0.001  0.002  0.000        1
 62:     0.111  0.337  0.442  0.110        1
 63:     0.960  0.001  0.029  0.011        1
 64:     0.997  0.000  0.002  0.000        1
 65:     0.999  0.000  0.001  0.000        1
 66:     0.959  0.003  0.004  0.034        1
 67:     0.644  0.155  0.077  0.124        1
 68:     0.946  0.014  0.032  0.009        1
 69:     0.990  0.002  0.006  0.002        1
 70:     0.829  0.107  0.032  0.032        1
 71:     0.997  0.001  0.002  0.000        1
 72:     0.992  0.003  0.001  0.004        1
 73:     1.000  0.000  0.000  0.000        1
 74:     0.820  0.063  0.093  0.023        1
 75:     0.999  0.000  0.000  0.000        1
 76:     0.025  0.202  0.581  0.192        1
 77:     0.999  0.000  0.000  0.000        1
 78:     0.851  0.074  0.058  0.017        1
 79:     0.998  0.001  0.000  0.001        1
 80:     0.988  0.006  0.005  0.002        1
 81:     0.995  0.001  0.002  0.002        1
 82:     0.561  0.123  0.116  0.200        1
 83:     0.996  0.001  0.000  0.002        1
 84:     0.009  0.013  0.007  0.971        1
 85:     0.002  0.001  0.051  0.946        1
 86:     0.065  0.034  0.015  0.887        1
 87:     0.002  0.011  0.003  0.984        1
 88:     0.001  0.008  0.006  0.985        1
 89:     0.013  0.050  0.002  0.935        1
 90:     0.002  0.001  0.013  0.984        1
 91:     0.011  0.005  0.001  0.984        1
 92:     0.010  0.101  0.025  0.865        1
 93:     0.000  0.002  0.081  0.918        1
 94:     0.022  0.040  0.017  0.920        1
 95:     0.012  0.066  0.030  0.892        1
 96:     0.002  0.004  0.000  0.994        1
 97:     0.023  0.002  0.025  0.950        1
 98:     0.024  0.000  0.003  0.973        1
 99:     0.001  0.006  0.000  0.992        1
100:     0.000  0.003  0.003  0.994        1
101:     0.040  0.104  0.065  0.791        1
102:     0.042  0.124  0.015  0.819        1
103:     0.002  0.006  0.000  0.993        1
104:     0.010  0.004  0.010  0.976        1
105:     0.025  0.008  0.049  0.918        1
106:     0.037  0.124  0.000  0.839        1
107:     0.013  0.004  0.016  0.968        1
108:     0.013  0.067  0.037  0.883        1
109:     0.055  0.076  0.082  0.786        1
110:     0.062  0.109  0.014  0.815        1
111:     0.002  0.003  0.008  0.987        1
112:     0.001  0.001  0.003  0.995        1
113:     0.012  0.002  0.033  0.952        1
114:     0.006  0.009  0.007  0.978        1
115:     0.026  0.040  0.000  0.934        1
116:     0.001  0.001  0.004  0.994        1
117:     0.003  0.008  0.034  0.955        1
118:     0.022  0.004  0.014  0.960        1
119:     0.024  0.066  0.012  0.898        1
120:     0.020  0.032  0.003  0.946        1
121:     0.008  0.013  0.008  0.970        1
122:     0.041  0.020  0.002  0.937        1
123:     0.012  0.002  0.007  0.979        1
124:     0.002  0.048  0.111  0.838        1
125:     0.003  0.006  0.000  0.990        1
126:     0.055  0.050  0.006  0.890        1
127:     0.017  0.026  0.037  0.920        1
128:     0.040  0.003  0.004  0.953        1
129:     0.003  0.001  0.002  0.994        1
130:     0.017  0.019  0.041  0.923        1
131:     0.000  0.002  0.008  0.990        1
132:     0.000  0.067  0.099  0.834        1
133:     0.008  0.016  0.072  0.904        1
134:     0.034  0.091  0.019  0.855        1
135:     0.017  0.146  0.021  0.816        1
136:     0.000  0.001  0.001  0.998        1
137:     0.022  0.001  0.001  0.977        1
138:     0.005  0.001  0.001  0.993        1
139:     0.007  0.003  0.077  0.912        1
140:     0.014  0.006  0.079  0.901        1
141:     0.005  0.003  0.009  0.983        1
142:     0.010  0.073  0.026  0.891        1
143:     0.002  0.016  0.035  0.947        1
144:     0.001  0.009  0.025  0.966        1
145:     0.002  0.002  0.000  0.996        1
146:     0.007  0.023  0.030  0.940        1
147:     0.003  0.000  0.001  0.996        1
148:     0.197  0.477  0.175  0.152        1
149:     0.153  0.428  0.246  0.174        1
150:     0.189  0.569  0.096  0.146        1
151:     0.214  0.573  0.110  0.103        1
152:     0.174  0.544  0.158  0.124        1
153:     0.186  0.561  0.100  0.153        1
154:     0.198  0.572  0.107  0.123        1
155:     0.190  0.565  0.091  0.153        1
156:     0.190  0.569  0.102  0.139        1
157:     0.195  0.528  0.131  0.147        1
158:     0.177  0.532  0.115  0.176        1
159:     0.180  0.556  0.110  0.153        1
160:     0.189  0.567  0.103  0.142        1
161:     0.187  0.500  0.155  0.158        1
162:     0.198  0.581  0.085  0.136        1
163:     0.206  0.525  0.119  0.150        1
164:     0.163  0.579  0.136  0.122        1
165:     0.167  0.506  0.140  0.186        1
166:     0.198  0.597  0.122  0.083        1
167:     0.218  0.543  0.139  0.100        1
168:     0.171  0.607  0.080  0.142        1
169:     0.206  0.535  0.102  0.157        1
170:     0.233  0.578  0.069  0.120        1
171:     0.177  0.612  0.066  0.144        1
172:     0.241  0.530  0.108  0.121        1
173:     0.211  0.553  0.127  0.109        1
174:     0.193  0.560  0.120  0.126        1
175:     0.190  0.558  0.130  0.122       50
176:     0.196  0.570  0.113  0.120       49
177:     0.185  0.570  0.121  0.124       50
178:     0.194  0.561  0.122  0.123       49
179:     0.188  0.564  0.119  0.130       23
180:     0.194  0.568  0.117  0.121       49
181:     0.006  0.004  0.985  0.005       30
182:     0.017  0.015  0.959  0.008       30
183:     0.176  0.524  0.172  0.128       34
184:     0.183  0.571  0.124  0.121       36
185:     0.186  0.563  0.128  0.123       40
186:     0.189  0.582  0.108  0.120       39
187:     0.191  0.565  0.121  0.123       37
188:     0.188  0.559  0.126  0.128       40
189:     0.188  0.562  0.128  0.122       35
190:     0.190  0.557  0.137  0.117       28
191:     0.188  0.569  0.121  0.123       36
192:     0.190  0.568  0.124  0.118       32
--------------------------------------------

 Rep#:   Lambda   Alpha      F1    F2    F3    F4     D1,2  D1,3  D1,4  D2,3  D2,4  D3,4    Ln Like 
 1000:    1.00    0.903    0.255 0.103 0.147 0.136    0.058 0.052 0.055 0.033 0.038 0.041   --  
 1100:    1.00    0.838    0.252 0.099 0.145 0.135    0.057 0.052 0.055 0.032 0.036 0.041   --  
 1200:    1.00    0.816    0.255 0.093 0.144 0.129    0.055 0.052 0.055 0.031 0.035 0.041   --  
 1300:    1.00    0.786    0.249 0.084 0.147 0.135    0.054 0.052 0.055 0.031 0.035 0.041   --  
 1400:    1.00    0.789    0.250 0.077 0.149 0.133    0.053 0.052 0.055 0.030 0.034 0.041   --  
 1500:    1.00    0.734    0.248 0.074 0.143 0.131    0.052 0.052 0.055 0.029 0.033 0.041   --  
 1600:    1.00    0.695    0.253 0.071 0.141 0.133    0.051 0.052 0.055 0.029 0.033 0.042   --  
 1700:    1.00    0.684    0.252 0.065 0.140 0.132    0.051 0.052 0.055 0.028 0.032 0.041   --  
 1800:    1.00    0.674    0.248 0.065 0.141 0.136    0.050 0.052 0.056 0.028 0.032 0.041   --  
 1900:    1.00    0.659    0.251 0.063 0.144 0.129    0.049 0.052 0.055 0.027 0.031 0.041   --  

--------------------------------------------
Proportion of membership of each pre-defined
 population in each of the 4 clusters

Given    Inferred Clusters              Number of
 Pop       1      2      3      4      Individuals

  1:     0.137  0.677  0.102  0.084       54
  2:     0.150  0.682  0.092  0.076       30
  3:     0.070  0.138  0.725  0.067       30
  4:     0.034  0.028  0.854  0.084       20
  5:     0.034  0.080  0.799  0.087       30
  6:     0.133  0.687  0.097  0.083       43
  7:     0.133  0.700  0.090  0.077       44
  8:     0.138  0.704  0.078  0.079        4
  9:     0.145  0.721  0.054  0.080       22
 10:     0.143  0.722  0.061  0.074       24
 11:     0.135  0.690  0.096  0.080       54
 12:     0.141  0.688  0.094  0.076       37
 13:     0.137  0.680  0.103  0.080       42
 14:     0.139  0.693  0.097  0.071       42
 15:     0.138  0.684  0.098  0.080       49
 16:     0.137  0.677  0.103  0.083      124
 17:     0.144  0.684  0.091  0.081       24
 18:     0.143  0.693  0.082  0.082       34
 19:     0.138  0.686  0.096  0.080       52
 20:     0.122  0.664  0.091  0.124        1
 21:     0.166  0.647  0.065  0.121        1
 22:     0.162  0.706  0.057  0.075        1
 23:     0.111  0.597  0.150  0.142        1
 24:     0.130  0.696  0.072  0.102        1
 25:     0.112  0.656  0.132  0.100        1
 26:     0.145  0.653  0.090  0.113        1
 27:     0.117  0.648  0.147  0.088        1
 28:     0.151  0.719  0.032  0.099        1
 29:     0.159  0.735  0.045  0.062        1
 30:     0.147  0.630  0.132  0.091        1
 31:     0.127  0.582  0.235  0.057        1
 32:     0.135  0.744  0.041  0.080        1
 33:     0.165  0.659  0.136  0.039        1
 34:     0.146  0.678  0.086  0.090        1
 35:     0.152  0.735  0.041  0.072        1
 36:     0.120  0.610  0.152  0.118        1
 37:     0.104  0.746  0.048  0.102        1
 38:     0.110  0.596  0.137  0.156        1
 39:     0.199  0.674  0.026  0.101        1
 40:     0.168  0.617  0.109  0.105        1
 41:     0.154  0.682  0.036  0.128        1
 42:     0.148  0.670  0.109  0.074        1
 43:     0.120  0.660  0.104  0.115        1
 44:     0.168  0.630  0.162  0.041        1
 45:     0.219  0.623  0.038  0.120        1
 46:     0.126  0.652  0.074  0.148        1
 47:     0.139  0.705  0.074  0.082        1
 48:     0.116  0.705  0.074  0.105        1
 49:     0.160  0.710  0.049  0.081        1
 50:     0.094  0.461  0.371  0.074        1
 51:     0.127  0.565  0.218  0.091        1
 52:     0.136  0.627  0.113  0.125        1
 53:     0.140  0.633  0.109  0.118        1
 54:     0.998  0.000  0.000  0.001        1
 55:     0.997  0.000  0.002  0.001        1
 56:     0.852  0.106  0.012  0.030        1
 57:     0.958  0.040  0.000  0.002        1
 58:     0.923  0.062  0.004  0.011        1
 59:     0.897  0.083  0.017  0.003        1
 60:     0.987  0.006  0.004  0.003        1
 61:     0.994  0.001  0.004  0.000        1
 62:     0.034  0.401  0.467  0.097        1
 63:     0.949  0.023  0.009  0.020        1
 64:     0.999  0.000  0.000  0.001        1
 65:     0.998  0.001  0.000  0.001        1
 66:     0.964  0.004  0.026  0.006        1
 67:     0.639  0.174  0.081  0.106        1
 68:     0.939  0.024  0.026  0.011        1
 69:     0.984  0.005  0.005  0.005        1
 70:     0.814  0.128  0.042  0.016        1
 71:     0.999  0.000  0.000  0.000        1
 72:     1.000  0.000  0.000  0.000        1
 73:     0.999  0.001  0.000  0.000        1
 74:     0.793  0.137  0.060  0.010        1
 75:     0.999  0.000  0.000  0.000        1
 76:     0.012  0.249  0.592  0.147        1
 77:     0.999  0.000  0.000  0.000        1
 78:     0.837  0.105  0.058  0.000        1
 79:     0.997  0.003  0.000  0.000        1
 80:     0.985  0.014  0.000  0.000        1
 81:     0.998  0.000  0.000  0.001        1
 82:     0.556  0.203  0.084  0.156        1
 83:     0.998  0.001  0.000  0.000        1
 84:     0.004  0.002  0.032  0.962        1
 85:     0.022  0.002  0.024  0.951        1
 86:     0.069  0.051  0.007  0.874        1
 87:     0.001  0.002  0.003  0.994        1
 88:     0.009  0.000  0.001  0.990        1
 89:     0.001  0.015  0.000  0.984        1
 90:     0.004  0.002  0.007  0.987        1
 91:     0.008  0.001  0.002  0.989        1
 92:     0.000  0.108  0.015  0.877        1
 93:     0.012  0.017  0.018  0.953        1
 94:     0.005  0.043  0.019  0.933        1
 95:     0.000  0.035  0.062  0.902        1
 96:     0.000  0.002  0.000  0.998        1
 97:     0.009  0.002  0.026  0.962        1
 98:     0.042  0.002  0.003  0.953        1
 99:     0.002  0.001  0.002  0.996        1
100:     0.000  0.000  0.004  0.996        1
101:     0.042  0.162  0.024  0.772        1
102:     0.032  0.164  0.000  0.804        1
103:     0.001  0.011  0.000  0.987        1
104:     0.029  0.003  0.003  0.965        1
105:     0.054  0.000  0.039  0.906        1
106:     0.041  0.154  0.000  0.804        1
107:     0.019  0.001  0.004  0.976        1
108:     0.020  0.108  0.021  0.852        1
109:     0.050  0.131  0.081  0.739        1
110:     0.057  0.142  0.021  0.780        1
111:     0.006  0.000  0.004  0.989        1
112:     0.002  0.001  0.003  0.994        1
113:     0.003  0.021  0.019  0.957        1
114:     0.015  0.010  0.012  0.964        1
115:     0.018  0.037  0.000  0.945        1
116:     0.000  0.001  0.002  0.997        1
117:     0.002  0.003  0.039  0.956        1
118:     0.000  0.000  0.015  0.985        1
119:     0.026  0.109  0.006  0.859        1
120:     0.036  0.013  0.002  0.949        1
121:     0.000  0.010  0.014  0.977        1
122:     0.010  0.044  0.003  0.943        1
123:     0.000  0.002  0.001  0.998        1
124:     0.003  0.047  0.101  0.848        1
125:     0.000  0.001  0.001  0.998        1
126:     0.027  0.085  0.023  0.864        1
127:     0.020  0.022  0.031  0.927        1
128:     0.050  0.012  0.009  0.928        1
129:     0.003  0.000  0.001  0.997        1
130:     0.017  0.027  0.034  0.922        1
131:     0.014  0.000  0.002  0.984        1
132:     0.004  0.104  0.082  0.810        1
133:     0.014  0.000  0.095  0.891        1
134:     0.044  0.128  0.001  0.827        1
135:     0.026  0.110  0.030  0.834        1
136:     0.000  0.000  0.001  0.999        1
137:     0.002  0.012  0.001  0.985        1
138:     0.008  0.000  0.000  0.992        1
139:     0.004  0.001  0.078  0.917        1
140:     0.006  0.020  0.084  0.891        1
141:     0.002  0.001  0.003  0.995        1
142:     0.002  0.090  0.021  0.887        1
143:     0.005  0.003  0.046  0.947        1
144:     0.005  0.003  0.021  0.970        1
145:     0.003  0.001  0.002  0.994        1
146:     0.014  0.003  0.044  0.940        1
147:     0.002  0.012  0.004  0.983        1
148:     0.139  0.511  0.182  0.167        1
149:     0.098  0.521  0.207  0.175        1
150:     0.120  0.681  0.081  0.118        1
151:     0.168  0.678  0.067  0.087        1
152:     0.120  0.696  0.134  0.050        1
153:     0.122  0.685  0.107  0.086        1
154:     0.140  0.663  0.086  0.111        1
155:     0.150  0.653  0.066  0.131        1
156:     0.149  0.635  0.108  0.109        1
157:     0.148  0.657  0.092  0.103        1
158:     0.116  0.675  0.108  0.100        1
159:     0.141  0.695  0.039  0.125        1
160:     0.135  0.721  0.082  0.062        1
161:     0.171  0.578  0.114  0.138        1
162:     0.209  0.642  0.062  0.087        1
163:     0.140  0.688  0.071  0.101        1
164:     0.126  0.721  0.079  0.075        1
165:     0.152  0.571  0.150  0.127        1
166:     0.114  0.726  0.112  0.048        1
167:     0.148  0.660  0.111  0.080        1
168:     0.137  0.743  0.047  0.073        1
169:     0.131  0.702  0.061  0.106        1
170:     0.175  0.667  0.068  0.090        1
171:     0.144  0.710  0.064  0.083        1
172:     0.170  0.648  0.062  0.120        1
173:     0.149  0.683  0.080  0.088        1
174:     0.145  0.640  0.097  0.118        1
175:     0.138  0.687  0.101  0.074       50
176:     0.137  0.696  0.090  0.077       49
177:     0.139  0.692  0.091  0.078       50
178:     0.138  0.681  0.106  0.075       49
179:     0.139  0.673  0.101  0.087       23
180:     0.142  0.689  0.090  0.078       49
181:     0.004  0.003  0.990  0.003       30
182:     0.010  0.014  0.971  0.006       30
183:     0.122  0.630  0.154  0.094       34
184:     0.135  0.698  0.096  0.071       36
185:     0.131  0.687  0.102  0.080       40
186:     0.143  0.699  0.085  0.073       39
187:     0.137  0.689  0.099  0.075       37
188:     0.136  0.677  0.102  0.085       40
189:     0.139  0.686  0.100  0.075       35
190:     0.140  0.676  0.106  0.078       28
191:     0.134  0.693  0.098  0.076       36
192:     0.139  0.688  0.101  0.072       32
--------------------------------------------

 Rep#:   Lambda   Alpha      F1    F2    F3    F4     D1,2  D1,3  D1,4  D2,3  D2,4  D3,4    Ln Like 
 2000:    1.00    0.634    0.252 0.058 0.143 0.135    0.049 0.052 0.056 0.027 0.030 0.041   --  
 2100:    1.00    0.623    0.253 0.055 0.139 0.136    0.048 0.053 0.056 0.026 0.030 0.041   --  
 2200:    1.00    0.618    0.251 0.053 0.138 0.130    0.048 0.052 0.056 0.026 0.030 0.041   --  
 2300:    1.00    0.590    0.259 0.053 0.141 0.132    0.047 0.053 0.056 0.026 0.030 0.041   --  
 2400:    1.00    0.563    0.253 0.049 0.141 0.133    0.047 0.053 0.056 0.026 0.029 0.041   --  
 2500:    1.00    0.561    0.251 0.047 0.138 0.133    0.046 0.052 0.055 0.025 0.029 0.041   --  
 2600:    1.00    0.550    0.255 0.045 0.137 0.131    0.045 0.052 0.056 0.025 0.028 0.041   --  
 2700:    1.00    0.510    0.243 0.042 0.136 0.132    0.045 0.052 0.056 0.025 0.028 0.041   --  
 2800:    1.00    0.506    0.248 0.040 0.139 0.132    0.044 0.052 0.055 0.024 0.028 0.040   --  
 2900:    1.00    0.503    0.251 0.039 0.139 0.131    0.044 0.052 0.055 0.024 0.027 0.040   --  

--------------------------------------------
Proportion of membership of each pre-defined
 population in each of the 4 clusters

Given    Inferred Clusters              Number of
 Pop       1      2      3      4      Individuals

  1:     0.099  0.758  0.085  0.058       54
  2:     0.104  0.759  0.083  0.054       30
  3:     0.060  0.155  0.726  0.060       30
  4:     0.018  0.026  0.873  0.083       20
  5:     0.024  0.082  0.810  0.084       30
  6:     0.094  0.771  0.082  0.052       43
  7:     0.094  0.781  0.076  0.048       44
  8:     0.102  0.782  0.050  0.066        4
  9:     0.106  0.805  0.033  0.055       22
 10:     0.105  0.803  0.033  0.059       24
 11:     0.097  0.768  0.080  0.055       54
 12:     0.103  0.776  0.074  0.046       37
 13:     0.100  0.756  0.089  0.055       42
 14:     0.102  0.770  0.079  0.049       42
 15:     0.101  0.765  0.078  0.056       49
 16:     0.098  0.764  0.083  0.054      124
 17:     0.103  0.769  0.077  0.051       24
 18:     0.110  0.778  0.060  0.051       34
 19:     0.104  0.768  0.079  0.049       52
 20:     0.114  0.747  0.095  0.044        1
 21:     0.117  0.704  0.055  0.125        1
 22:     0.128  0.775  0.073  0.025        1
 23:     0.101  0.715  0.082  0.101        1
 24:     0.104  0.806  0.039  0.051        1
 25:     0.054  0.749  0.152  0.045        1
 26:     0.136  0.708  0.030  0.126        1
 27:     0.087  0.748  0.072  0.094        1
 28:     0.116  0.739  0.073  0.071        1
 29:     0.122  0.800  0.011  0.067        1
 30:     0.076  0.706  0.111  0.106        1
 31:     0.082  0.642  0.213  0.063        1
 32:     0.065  0.787  0.061  0.087        1
 33:     0.116  0.721  0.122  0.041        1
 34:     0.110  0.789  0.026  0.076        1
 35:     0.072  0.770  0.088  0.071        1
 36:     0.104  0.700  0.131  0.065        1
 37:     0.067  0.764  0.081  0.088        1
 38:     0.099  0.678  0.093  0.129        1
 39:     0.134  0.719  0.049  0.098        1
 40:     0.143  0.691  0.059  0.107        1
 41:     0.135  0.795  0.015  0.055        1
 42:     0.104  0.749  0.087  0.061        1
 43:     0.089  0.768  0.097  0.047        1
 44:     0.131  0.681  0.154  0.033        1
 45:     0.146  0.724  0.043  0.086        1
 46:     0.092  0.708  0.086  0.115        1
 47:     0.090  0.834  0.033  0.044        1
 48:     0.091  0.800  0.038  0.071        1
 49:     0.107  0.781  0.056  0.056        1
 50:     0.059  0.486  0.352  0.103        1
 51:     0.087  0.649  0.222  0.042        1
 52:     0.142  0.652  0.121  0.085        1
 53:     0.101  0.739  0.074  0.086        1
 54:     0.990  0.003  0.005  0.002        1
 55:     0.997  0.002  0.000  0.000        1
 56:     0.843  0.142  0.000  0.016        1
 57:     0.970  0.021  0.007  0.002        1
 58:     0.933  0.067  0.000  0.000        1
 59:     0.852  0.121  0.017  0.009        1
 60:     0.992  0.001  0.004  0.003        1
 61:     0.999  0.000  0.001  0.000        1
 62:     0.040  0.417  0.473  0.070        1
 63:     0.949  0.008  0.019  0.024        1
 64:     0.999  0.000  0.000  0.000        1
 65:     0.999  0.000  0.001  0.000        1
 66:     0.972  0.006  0.020  0.002        1
 67:     0.641  0.206  0.026  0.127        1
 68:     0.931  0.034  0.023  0.012        1
 69:     0.996  0.000  0.000  0.004        1
 70:     0.832  0.095  0.048  0.025        1
 71:     0.997  0.002  0.001  0.000        1
 72:     0.996  0.000  0.000  0.004        1
 73:     0.998  0.000  0.001  0.001        1
 74:     0.802  0.144  0.052  0.001        1
 75:     0.999  0.000  0.001  0.000        1
 76:     0.001  0.254  0.581  0.164        1
 77:     0.998  0.000  0.001  0.001        1
 78:     0.822  0.097  0.063  0.018        1
 79:     0.999  0.000  0.000  0.001        1
 80:     0.996  0.000  0.003  0.000        1
 81:     0.992  0.000  0.005  0.002        1
 82:     0.523  0.216  0.070  0.191        1
 83:     0.994  0.003  0.003  0.000        1
 84:     0.026  0.000  0.017  0.956        1
 85:     0.003  0.009  0.015  0.972        1
 86:     0.027  0.083  0.004  0.886        1
 87:     0.000  0.012  0.002  0.985        1
 88:     0.005  0.004  0.000  0.991        1
 89:     0.003  0.012  0.000  0.985        1
 90:     0.001  0.000  0.004  0.995        1
 91:     0.000  0.009  0.005  0.986        1
 92:     0.009  0.129  0.000  0.863        1
 93:     0.000  0.001  0.062  0.936        1
 94:     0.000  0.100  0.001  0.898        1
 95:     0.007  0.049  0.011  0.933        1
 96:     0.000  0.003  0.004  0.993        1
 97:     0.016  0.000  0.014  0.970        1
 98:     0.017  0.011  0.001  0.970        1
 99:     0.001  0.000  0.003  0.995        1
100:     0.001  0.000  0.003  0.996        1
101:     0.019  0.177  0.024  0.781        1
102:     0.022  0.132  0.010  0.837        1
103:     0.000  0.001  0.001  0.998        1
104:     0.011  0.001  0.003  0.984        1
105:     0.025  0.000  0.031  0.944        1
106:     0.030  0.146  0.003  0.822        1
107:     0.000  0.013  0.006  0.980        1
108:     0.001  0.107  0.006  0.887        1
109:     0.046  0.056  0.110  0.788        1
110:     0.038  0.163  0.000  0.798        1
111:     0.011  0.007  0.006  0.976        1
112:     0.001  0.000  0.000  0.999        1
113:     0.004  0.017  0.006  0.972        1
114:     0.012  0.018  0.001  0.969        1
115:     0.005  0.037  0.000  0.958        1
116:     0.006  0.000  0.001  0.993        1
117:     0.005  0.001  0.048  0.947        1
118:     0.008  0.009  0.000  0.984        1
119:     0.002  0.094  0.007  0.897        1
120:     0.038  0.016  0.000  0.946        1
121:     0.000  0.004  0.001  0.995        1
122:     0.011  0.028  0.001  0.959        1
123:     0.001  0.001  0.000  0.998        1
124:     0.001  0.074  0.089  0.835        1
125:     0.001  0.006  0.000  0.994        1
126:     0.030  0.098  0.017  0.855        1
127:     0.011  0.040  0.002  0.947        1
128:     0.019  0.008  0.005  0.968        1
129:     0.000  0.000  0.000  0.999        1
130:     0.007  0.015  0.037  0.941        1
131:     0.001  0.000  0.001  0.998        1
132:     0.000  0.094  0.099  0.806        1
133:     0.002  0.010  0.073  0.915        1
134:     0.037  0.103  0.028  0.832        1
135:     0.005  0.145  0.000  0.850        1
136:     0.000  0.001  0.001  0.997        1
137:     0.016  0.005  0.010  0.968        1
138:     0.004  0.007  0.000  0.989        1
139:     0.009  0.000  0.072  0.919        1
140:     0.016  0.008  0.070  0.906        1
141:     0.002  0.002  0.004  0.992        1
142:     0.018  0.099  0.016  0.867        1
143:     0.000  0.004  0.043  0.953        1
144:     0.002  0.022  0.000  0.976        1
145:     0.001  0.005  0.002  0.992        1
146:     0.007  0.004  0.050  0.940        1
147:     0.001  0.006  0.000  0.993        1
148:     0.099  0.580  0.150  0.170        1
149:     0.068  0.636  0.209  0.087        1
150:     0.087  0.801  0.018  0.094        1
151:     0.124  0.796  0.011  0.069        1
152:     0.111  0.740  0.109  0.040        1
153:     0.083  0.754  0.091  0.072        1
154:     0.129  0.767  0.058  0.046        1
155:     0.095  0.763  0.057  0.085        1
156:     0.098  0.748  0.087  0.066        1
157:     0.090  0.752  0.078  0.080        1
158:     0.111  0.754  0.050  0.085        1
159:     0.066  0.808  0.053  0.073        1
160:     0.085  0.818  0.045  0.052        1
161:     0.134  0.671  0.089  0.106        1
162:     0.175  0.751  0.019  0.055        1
163:     0.144  0.723  0.057  0.076        1
164:     0.088  0.717  0.104  0.091        1
165:     0.121  0.683  0.080  0.116        1
166:     0.088  0.783  0.090  0.040        1
167:     0.131  0.712  0.084  0.073        1
168:     0.107  0.835  0.037  0.021        1
169:     0.082  0.743  0.087  0.088        1
170:     0.119  0.811  0.016  0.054        1
171:     0.120  0.769  0.053  0.057        1
172:     0.137  0.704  0.103  0.056        1
173:     0.109  0.767  0.089  0.035        1
174:     0.085  0.770  0.068  0.078        1
175:     0.100  0.766  0.086  0.048       50
176:     0.100  0.778  0.070  0.052       49
177:     0.096  0.776  0.077  0.051       50
178:     0.105  0.762  0.083  0.050       49
179:     0.091  0.769  0.085  0.056       23
180:     0.098  0.781  0.071  0.050       49
181:     0.002  0.002  0.993  0.002       30
182:     0.011  0.014  0.969  0.006       30
183:     0.086  0.717  0.128  0.069       34
184:     0.095  0.784  0.078  0.043       36
