

----------------------------------------------------
STRUCTURE by Pritchard, Stephens and Donnelly (2000)
     and Falush, Stephens and Pritchard (2003)
       Code by Pritchard, Falush and Hubisz
             Version 2.3.4 (Jul 2012)
----------------------------------------------------


Reading file "/workdir/yc2644/CV_CT_array/structure/threader_input/mainparams".
Reading file "/workdir/yc2644/CV_CT_array/structure/threader_input/extraparams".
Reading file "/workdir/yc2644/CV_CT_array/structure/threader_input/n1601.recode.strct_in".


Data file "/workdir/yc2644/CV_CT_array/structure/threader_input/n1601.recode.strct_in" (truncated) --

Ind:   Label Pop : Genotype_data . . . .
  1:  001s    1  :  2   1   2   2   2   1   2  . . . .   2
  1:  001s    1  :  2   2   2   2   2   2   2  . . . .   2
  2:  002s    1  :  2   2   2   2   1   1   2  . . . .   2
  2:  002s    1  :  2   2   2   2   2   2   2  . . . .   2
  3:  003s    1  :  1   2   1   2   2   2   2  . . . .   1
  3:  003s    1  :  2   2   1   2   2   2   2  . . . .   2
  4:  004s    1  :  1   1   2   2   1   2   2  . . . .   1
  4:  004s    1  :  2   1   2   2   2   2   2  . . . .   2

      *******   

1600:    49  192  :  2   2   2   2   2   1   2  . . . .   1
1600:    49  192  :  2   2   2   2   2   2   2  . . . .   2
1601:    50  192  :  2   1   2   2   1   2   2  . . . .   1
1601:    50  192  :  2   2   2   2   2   2   2  . . . .   2

Number of alleles per locus: min= 2; ave=2.0; max= 2


--------------------------------------

Finished initialization; starting MCMC 
100000 iterations + 10000 burnin


--------------------------------------------
Proportion of membership of each pre-defined
 population in each of the 4 clusters

Given    Inferred Clusters              Number of
 Pop       1      2      3      4      Individuals

  1:     0.353  0.292  0.159  0.196       54
  2:     0.350  0.302  0.167  0.180       30
  3:     0.064  0.051  0.495  0.389       30
  4:     0.041  0.016  0.285  0.658       20
  5:     0.060  0.038  0.378  0.525       30
  6:     0.360  0.303  0.153  0.185       43
  7:     0.391  0.277  0.148  0.184       44
  8:     0.318  0.362  0.132  0.187        4
  9:     0.396  0.316  0.133  0.155       22
 10:     0.361  0.338  0.120  0.181       24
 11:     0.357  0.300  0.145  0.198       54
 12:     0.369  0.294  0.149  0.188       37
 13:     0.367  0.278  0.149  0.206       42
 14:     0.369  0.285  0.151  0.196       42
 15:     0.387  0.283  0.155  0.175       49
 16:     0.354  0.301  0.154  0.191      124
 17:     0.362  0.298  0.156  0.184       24
 18:     0.372  0.300  0.153  0.174       34
 19:     0.354  0.299  0.159  0.187       52
 20:     0.354  0.295  0.210  0.141        1
 21:     0.166  0.484  0.180  0.170        1
 22:     0.334  0.344  0.174  0.148        1
 23:     0.282  0.391  0.219  0.108        1
 24:     0.436  0.229  0.108  0.228        1
 25:     0.396  0.268  0.090  0.246        1
 26:     0.306  0.307  0.144  0.243        1
 27:     0.383  0.256  0.241  0.120        1
 28:     0.280  0.446  0.184  0.090        1
 29:     0.426  0.233  0.136  0.205        1
 30:     0.348  0.238  0.186  0.229        1
 31:     0.321  0.155  0.158  0.365        1
 32:     0.390  0.223  0.140  0.247        1
 33:     0.301  0.285  0.179  0.235        1
 34:     0.430  0.250  0.166  0.155        1
 35:     0.442  0.283  0.197  0.078        1
 36:     0.312  0.283  0.154  0.251        1
 37:     0.445  0.248  0.163  0.145        1
 38:     0.387  0.269  0.234  0.111        1
 39:     0.437  0.214  0.108  0.240        1
 40:     0.338  0.318  0.194  0.150        1
 41:     0.163  0.498  0.207  0.132        1
 42:     0.312  0.308  0.181  0.198        1
 43:     0.355  0.289  0.162  0.194        1
 44:     0.295  0.312  0.233  0.160        1
 45:     0.439  0.308  0.158  0.096        1
 46:     0.363  0.279  0.136  0.222        1
 47:     0.448  0.241  0.092  0.219        1
 48:     0.291  0.337  0.192  0.180        1
 49:     0.472  0.165  0.166  0.196        1
 50:     0.123  0.202  0.254  0.421        1
 51:     0.249  0.223  0.189  0.339        1
 52:     0.251  0.353  0.235  0.160        1
 53:     0.270  0.318  0.164  0.248        1
 54:     0.197  0.268  0.420  0.115        1
 55:     0.117  0.260  0.522  0.101        1
 56:     0.076  0.370  0.433  0.121        1
 57:     0.265  0.241  0.442  0.051        1
 58:     0.279  0.244  0.448  0.029        1
 59:     0.236  0.232  0.524  0.009        1
 60:     0.296  0.167  0.432  0.104        1
 61:     0.114  0.205  0.578  0.102        1
 62:     0.064  0.084  0.231  0.621        1
 63:     0.006  0.391  0.488  0.114        1
 64:     0.276  0.292  0.419  0.013        1
 65:     0.032  0.239  0.528  0.200        1
 66:     0.104  0.389  0.451  0.056        1
 67:     0.139  0.368  0.403  0.090        1
 68:     0.339  0.169  0.476  0.016        1
 69:     0.253  0.203  0.506  0.038        1
 70:     0.100  0.352  0.455  0.093        1
 71:     0.205  0.260  0.459  0.077        1
 72:     0.162  0.242  0.547  0.048        1
 73:     0.164  0.253  0.578  0.004        1
 74:     0.124  0.287  0.416  0.173        1
 75:     0.320  0.068  0.532  0.081        1
 76:     0.196  0.024  0.371  0.409        1
 77:     0.137  0.250  0.534  0.079        1
 78:     0.066  0.367  0.480  0.087        1
 79:     0.141  0.255  0.526  0.078        1
 80:     0.267  0.171  0.528  0.034        1
 81:     0.039  0.299  0.554  0.107        1
 82:     0.174  0.372  0.410  0.044        1
 83:     0.100  0.334  0.512  0.054        1
 84:     0.011  0.758  0.026  0.205        1
 85:     0.051  0.675  0.074  0.200        1
 86:     0.015  0.733  0.023  0.229        1
 87:     0.017  0.709  0.094  0.179        1
 88:     0.002  0.775  0.097  0.126        1
 89:     0.041  0.732  0.095  0.132        1
 90:     0.029  0.620  0.117  0.233        1
 91:     0.004  0.698  0.091  0.207        1
 92:     0.011  0.785  0.129  0.074        1
 93:     0.012  0.646  0.166  0.175        1
 94:     0.042  0.735  0.116  0.107        1
 95:     0.002  0.760  0.024  0.214        1
 96:     0.021  0.719  0.086  0.174        1
 97:     0.037  0.690  0.111  0.162        1
 98:     0.046  0.693  0.134  0.127        1
 99:     0.009  0.770  0.090  0.130        1
100:     0.039  0.738  0.059  0.164        1
101:     0.057  0.701  0.168  0.074        1
102:     0.062  0.693  0.105  0.140        1
103:     0.041  0.708  0.122  0.129        1
104:     0.034  0.731  0.011  0.223        1
105:     0.025  0.708  0.180  0.087        1
106:     0.018  0.756  0.055  0.171        1
107:     0.032  0.754  0.050  0.164        1
108:     0.066  0.673  0.172  0.089        1
109:     0.052  0.602  0.175  0.171        1
110:     0.078  0.641  0.095  0.186        1
111:     0.001  0.778  0.084  0.137        1
112:     0.028  0.761  0.051  0.160        1
113:     0.007  0.742  0.049  0.203        1
114:     0.019  0.705  0.173  0.103        1
115:     0.025  0.745  0.104  0.126        1
116:     0.015  0.782  0.013  0.190        1
117:     0.016  0.723  0.088  0.173        1
118:     0.006  0.685  0.136  0.173        1
119:     0.090  0.742  0.107  0.061        1
120:     0.094  0.718  0.017  0.170        1
121:     0.052  0.671  0.154  0.123        1
122:     0.035  0.742  0.055  0.168        1
123:     0.036  0.696  0.070  0.198        1
124:     0.059  0.567  0.144  0.230        1
125:     0.036  0.714  0.102  0.147        1
126:     0.059  0.694  0.161  0.086        1
127:     0.079  0.664  0.140  0.117        1
128:     0.003  0.742  0.101  0.154        1
129:     0.031  0.774  0.095  0.099        1
130:     0.015  0.706  0.192  0.088        1
131:     0.002  0.808  0.119  0.071        1
132:     0.040  0.647  0.053  0.260        1
133:     0.046  0.685  0.133  0.137        1
134:     0.060  0.746  0.088  0.106        1
135:     0.094  0.595  0.099  0.212        1
136:     0.003  0.772  0.111  0.114        1
137:     0.039  0.713  0.091  0.157        1
138:     0.073  0.743  0.117  0.068        1
139:     0.037  0.607  0.198  0.159        1
140:     0.062  0.583  0.192  0.163        1
141:     0.024  0.751  0.180  0.044        1
142:     0.029  0.772  0.137  0.062        1
143:     0.024  0.640  0.133  0.202        1
144:     0.034  0.726  0.166  0.073        1
145:     0.033  0.710  0.089  0.168        1
146:     0.011  0.709  0.126  0.153        1
147:     0.034  0.610  0.123  0.232        1
148:     0.290  0.300  0.244  0.166        1
149:     0.010  0.376  0.223  0.391        1
150:     0.322  0.320  0.090  0.269        1
151:     0.256  0.445  0.094  0.206        1
152:     0.355  0.251  0.217  0.176        1
153:     0.315  0.301  0.150  0.234        1
154:     0.363  0.331  0.103  0.202        1
155:     0.389  0.250  0.127  0.234        1
156:     0.345  0.346  0.195  0.114        1
157:     0.324  0.296  0.048  0.332        1
158:     0.256  0.409  0.186  0.149        1
159:     0.324  0.365  0.150  0.161        1
160:     0.325  0.310  0.157  0.208        1
161:     0.319  0.307  0.172  0.202        1
162:     0.321  0.334  0.121  0.224        1
163:     0.313  0.427  0.198  0.061        1
164:     0.295  0.325  0.161  0.219        1
165:     0.313  0.294  0.173  0.220        1
166:     0.362  0.222  0.125  0.291        1
167:     0.409  0.236  0.172  0.184        1
168:     0.448  0.243  0.162  0.147        1
169:     0.258  0.360  0.113  0.269        1
170:     0.362  0.320  0.077  0.241        1
171:     0.463  0.301  0.108  0.128        1
172:     0.361  0.321  0.179  0.139        1
173:     0.323  0.290  0.135  0.251        1
174:     0.282  0.365  0.137  0.216        1
175:     0.377  0.283  0.146  0.194       50
176:     0.364  0.302  0.154  0.180       49
177:     0.377  0.283  0.143  0.196       50
178:     0.370  0.283  0.153  0.194       49
179:     0.350  0.305  0.146  0.199       23
180:     0.376  0.287  0.147  0.190       49
181:     0.015  0.007  0.942  0.036       30
182:     0.022  0.017  0.386  0.574       30
183:     0.309  0.302  0.193  0.195       34
184:     0.360  0.311  0.159  0.170       36
185:     0.352  0.298  0.147  0.202       40
186:     0.372  0.290  0.157  0.181       39
187:     0.357  0.293  0.149  0.202       37
188:     0.352  0.286  0.150  0.212       40
189:     0.370  0.299  0.165  0.167       35
190:     0.351  0.282  0.157  0.211       28
191:     0.348  0.306  0.155  0.191       36
192:     0.352  0.302  0.149  0.198       32
--------------------------------------------

 Rep#:   Lambda   Alpha      F1    F2    F3    F4     D1,2  D1,3  D1,4  D2,3  D2,4  D3,4    Ln Like 
  100:    1.00    1.724    0.035 0.074 0.202 0.137    0.020 0.043 0.031 0.049 0.037 0.033   --  
  200:    1.00    1.325    0.194 0.163 0.286 0.186    0.060 0.071 0.056 0.064 0.049 0.058   --  
  300:    1.00    1.253    0.183 0.152 0.309 0.187    0.056 0.072 0.053 0.064 0.047 0.059   --  
  400:    1.00    1.186    0.174 0.149 0.310 0.185    0.052 0.068 0.049 0.062 0.046 0.057   --  
  500:    1.00    1.065    0.143 0.141 0.300 0.184    0.048 0.064 0.047 0.061 0.046 0.057   --  
  600:    1.00    1.004    0.130 0.136 0.299 0.178    0.045 0.062 0.044 0.060 0.045 0.057   --  
  700:    1.00    0.984    0.128 0.140 0.298 0.181    0.043 0.059 0.043 0.060 0.045 0.056   --  
  800:    1.00    0.915    0.118 0.142 0.285 0.183    0.041 0.057 0.041 0.059 0.045 0.056   --  
  900:    1.00    0.851    0.104 0.141 0.285 0.179    0.040 0.056 0.040 0.060 0.045 0.055   --  

--------------------------------------------
Proportion of membership of each pre-defined
 population in each of the 4 clusters

Given    Inferred Clusters              Number of
 Pop       1      2      3      4      Individuals

  1:     0.607  0.173  0.096  0.124       54
  2:     0.616  0.165  0.092  0.127       30
  3:     0.114  0.090  0.387  0.408       30
  4:     0.003  0.004  0.015  0.978       20
  5:     0.022  0.022  0.047  0.909       30
  6:     0.612  0.173  0.096  0.119       43
  7:     0.621  0.172  0.086  0.121       44
  8:     0.640  0.173  0.083  0.105        4
  9:     0.656  0.179  0.080  0.086       22
 10:     0.651  0.181  0.084  0.084       24
 11:     0.610  0.172  0.093  0.125       54
 12:     0.622  0.173  0.090  0.116       37
 13:     0.604  0.175  0.094  0.127       42
 14:     0.616  0.170  0.091  0.123       42
 15:     0.612  0.171  0.094  0.123       49
 16:     0.608  0.171  0.097  0.123      124
 17:     0.614  0.175  0.098  0.113       24
 18:     0.626  0.182  0.090  0.103       34
 19:     0.609  0.175  0.098  0.118       52
 20:     0.658  0.152  0.104  0.086        1
 21:     0.599  0.216  0.083  0.102        1
 22:     0.602  0.193  0.110  0.096        1
 23:     0.530  0.235  0.088  0.147        1
 24:     0.608  0.191  0.090  0.111        1
 25:     0.537  0.183  0.130  0.150        1
 26:     0.597  0.231  0.078  0.094        1
 27:     0.599  0.184  0.104  0.113        1
 28:     0.644  0.188  0.087  0.082        1
 29:     0.666  0.196  0.104  0.034        1
 30:     0.538  0.194  0.102  0.166        1
 31:     0.509  0.116  0.110  0.265        1
 32:     0.627  0.174  0.079  0.120        1
 33:     0.561  0.146  0.117  0.177        1
 34:     0.637  0.191  0.058  0.113        1
 35:     0.599  0.215  0.079  0.106        1
 36:     0.568  0.224  0.094  0.114        1
 37:     0.617  0.192  0.073  0.119        1
 38:     0.556  0.185  0.085  0.175        1
 39:     0.640  0.205  0.066  0.089        1
 40:     0.573  0.202  0.108  0.117        1
 41:     0.616  0.221  0.073  0.090        1
 42:     0.575  0.197  0.101  0.128        1
 43:     0.642  0.161  0.085  0.112        1
 44:     0.537  0.175  0.099  0.189        1
 45:     0.611  0.202  0.078  0.109        1
 46:     0.576  0.249  0.102  0.073        1
 47:     0.617  0.187  0.099  0.098        1
 48:     0.619  0.179  0.128  0.075        1
 49:     0.641  0.158  0.096  0.105        1
 50:     0.415  0.155  0.082  0.349        1
 51:     0.484  0.142  0.110  0.264        1
 52:     0.587  0.187  0.105  0.121        1
 53:     0.609  0.182  0.105  0.103        1
 54:     0.525  0.213  0.114  0.148        1
 55:     0.498  0.230  0.077  0.195        1
 56:     0.598  0.234  0.055  0.113        1
 57:     0.630  0.211  0.078  0.080        1
 58:     0.580  0.236  0.078  0.105        1
 59:     0.549  0.233  0.078  0.140        1
 60:     0.552  0.197  0.102  0.148        1
 61:     0.521  0.239  0.087  0.152        1
 62:     0.354  0.110  0.216  0.320        1
 63:     0.524  0.248  0.076  0.151        1
 64:     0.568  0.225  0.078  0.129        1
 65:     0.543  0.245  0.082  0.129        1
 66:     0.561  0.232  0.094  0.113        1
 67:     0.480  0.287  0.082  0.151        1
 68:     0.584  0.239  0.089  0.088        1
 69:     0.532  0.263  0.094  0.112        1
 70:     0.559  0.220  0.083  0.137        1
 71:     0.561  0.255  0.071  0.113        1
 72:     0.525  0.261  0.099  0.114        1
 73:     0.570  0.224  0.054  0.151        1
 74:     0.559  0.204  0.087  0.150        1
 75:     0.506  0.247  0.077  0.170        1
 76:     0.178  0.132  0.320  0.370        1
 77:     0.525  0.236  0.098  0.142        1
 78:     0.568  0.176  0.108  0.148        1
 79:     0.549  0.189  0.109  0.152        1
 80:     0.563  0.202  0.059  0.175        1
 81:     0.510  0.238  0.084  0.168        1
 82:     0.470  0.327  0.074  0.129        1
 83:     0.583  0.215  0.072  0.130        1
 84:     0.002  0.940  0.000  0.057        1
 85:     0.004  0.948  0.018  0.030        1
 86:     0.074  0.901  0.022  0.004        1
 87:     0.008  0.980  0.000  0.012        1
 88:     0.000  0.996  0.002  0.002        1
 89:     0.018  0.976  0.004  0.002        1
 90:     0.004  0.969  0.002  0.025        1
 91:     0.000  0.983  0.000  0.016        1
 92:     0.108  0.877  0.004  0.011        1
 93:     0.000  0.934  0.066  0.000        1
 94:     0.032  0.909  0.053  0.006        1
 95:     0.024  0.880  0.010  0.085        1
 96:     0.001  0.989  0.010  0.000        1
 97:     0.000  0.970  0.003  0.026        1
 98:     0.029  0.966  0.003  0.002        1
 99:     0.000  0.985  0.014  0.000        1
100:     0.001  0.971  0.005  0.022        1
101:     0.120  0.796  0.036  0.048        1
102:     0.111  0.840  0.034  0.015        1
103:     0.003  0.973  0.002  0.021        1
104:     0.008  0.961  0.011  0.020        1
105:     0.000  0.943  0.005  0.053        1
106:     0.097  0.868  0.015  0.020        1
107:     0.001  0.956  0.037  0.006        1
108:     0.071  0.864  0.025  0.040        1
109:     0.095  0.801  0.031  0.074        1
110:     0.160  0.827  0.004  0.009        1
111:     0.002  0.980  0.015  0.003        1
112:     0.001  0.996  0.003  0.000        1
113:     0.000  0.972  0.000  0.028        1
114:     0.005  0.994  0.000  0.001        1
115:     0.014  0.964  0.019  0.003        1
116:     0.000  0.980  0.008  0.012        1
117:     0.001  0.916  0.055  0.028        1
118:     0.003  0.963  0.033  0.001        1
119:     0.069  0.897  0.002  0.032        1
120:     0.007  0.990  0.001  0.002        1
121:     0.009  0.979  0.007  0.005        1
122:     0.036  0.956  0.008  0.001        1
123:     0.001  0.994  0.004  0.001        1
124:     0.028  0.820  0.022  0.130        1
125:     0.002  0.980  0.017  0.001        1
126:     0.050  0.902  0.012  0.036        1
127:     0.028  0.916  0.025  0.030        1
128:     0.003  0.966  0.021  0.011        1
129:     0.000  0.997  0.002  0.001        1
130:     0.007  0.933  0.018  0.041        1
131:     0.001  0.998  0.002  0.000        1
132:     0.038  0.869  0.002  0.091        1
133:     0.001  0.880  0.014  0.106        1
134:     0.065  0.885  0.047  0.003        1
135:     0.098  0.812  0.048  0.042        1
136:     0.000  0.999  0.000  0.000        1
137:     0.000  0.996  0.001  0.003        1
138:     0.000  0.989  0.001  0.010        1
139:     0.002  0.926  0.018  0.054        1
140:     0.002  0.874  0.003  0.122        1
141:     0.001  0.992  0.004  0.003        1
142:     0.042  0.915  0.020  0.024        1
143:     0.003  0.932  0.023  0.041        1
144:     0.007  0.954  0.003  0.036        1
145:     0.000  0.998  0.002  0.000        1
146:     0.002  0.918  0.067  0.013        1
147:     0.003  0.955  0.007  0.034        1
148:     0.484  0.237  0.098  0.181        1
149:     0.483  0.177  0.177  0.163        1
150:     0.599  0.197  0.059  0.145        1
151:     0.647  0.191  0.100  0.063        1
152:     0.598  0.150  0.095  0.156        1
153:     0.596  0.200  0.113  0.090        1
154:     0.631  0.172  0.060  0.137        1
155:     0.637  0.180  0.044  0.138        1
156:     0.645  0.162  0.077  0.117        1
157:     0.640  0.153  0.091  0.116        1
158:     0.598  0.230  0.128  0.044        1
159:     0.651  0.190  0.089  0.071        1
160:     0.634  0.148  0.083  0.134        1
161:     0.537  0.200  0.124  0.138        1
162:     0.628  0.200  0.088  0.083        1
163:     0.612  0.202  0.054  0.132        1
164:     0.619  0.168  0.087  0.126        1
165:     0.551  0.196  0.101  0.152        1
166:     0.606  0.121  0.086  0.188        1
167:     0.587  0.185  0.132  0.096        1
168:     0.677  0.145  0.095  0.083        1
169:     0.574  0.219  0.080  0.127        1
170:     0.614  0.216  0.097  0.073        1
171:     0.629  0.192  0.120  0.059        1
172:     0.591  0.182  0.099  0.128        1
173:     0.624  0.146  0.099  0.131        1
174:     0.601  0.196  0.056  0.148        1
175:     0.614  0.170  0.095  0.121       50
176:     0.622  0.168  0.099  0.111       49
177:     0.621  0.167  0.099  0.113       50
178:     0.618  0.172  0.096  0.114       49
179:     0.614  0.173  0.089  0.124       23
180:     0.622  0.168  0.095  0.115       49
181:     0.003  0.004  0.943  0.050       30
182:     0.013  0.010  0.495  0.483       30
183:     0.567  0.178  0.113  0.142       34
184:     0.627  0.164  0.094  0.115       36
185:     0.608  0.174  0.093  0.125       40
186:     0.631  0.174  0.093  0.103       39
187:     0.615  0.174  0.096  0.115       37
188:     0.609  0.170  0.097  0.124       40
189:     0.613  0.173  0.095  0.118       35
190:     0.610  0.164  0.093  0.133       28
191:     0.620  0.166  0.094  0.120       36
192:     0.616  0.165  0.098  0.121       32
--------------------------------------------

 Rep#:   Lambda   Alpha      F1    F2    F3    F4     D1,2  D1,3  D1,4  D2,3  D2,4  D3,4    Ln Like 
 1000:    1.00    0.799    0.090 0.136 0.289 0.180    0.038 0.054 0.039 0.059 0.045 0.055   --  
 1100:    1.00    0.780    0.088 0.136 0.284 0.179    0.037 0.053 0.038 0.059 0.045 0.056   --  
 1200:    1.00    0.749    0.084 0.133 0.278 0.177    0.036 0.052 0.036 0.059 0.045 0.055   --  
 1300:    1.00    0.731    0.081 0.136 0.289 0.180    0.035 0.050 0.036 0.059 0.045 0.055   --  
 1400:    1.00    0.722    0.076 0.134 0.287 0.181    0.034 0.050 0.035 0.058 0.045 0.055   --  
 1500:    1.00    0.673    0.070 0.136 0.291 0.179    0.034 0.050 0.035 0.059 0.045 0.056   --  
 1600:    1.00    0.651    0.068 0.133 0.288 0.175    0.033 0.049 0.034 0.059 0.045 0.055   --  
 1700:    1.00    0.640    0.067 0.135 0.280 0.180    0.032 0.048 0.033 0.058 0.045 0.054   --  
 1800:    1.00    0.629    0.063 0.135 0.279 0.174    0.032 0.047 0.033 0.058 0.045 0.055   --  
 1900:    1.00    0.596    0.057 0.133 0.283 0.183    0.031 0.047 0.033 0.058 0.046 0.055   --  

--------------------------------------------
Proportion of membership of each pre-defined
 population in each of the 4 clusters

Given    Inferred Clusters              Number of
 Pop       1      2      3      4      Individuals

  1:     0.732  0.111  0.070  0.087       54
  2:     0.737  0.114  0.061  0.087       30
  3:     0.154  0.065  0.386  0.395       30
  4:     0.001  0.006  0.017  0.976       20
  5:     0.031  0.020  0.042  0.907       30
  6:     0.734  0.112  0.065  0.089       43
  7:     0.747  0.109  0.060  0.084       44
  8:     0.775  0.119  0.050  0.056        4
  9:     0.778  0.113  0.049  0.059       22
 10:     0.777  0.121  0.055  0.047       24
 11:     0.746  0.107  0.064  0.082       54
 12:     0.754  0.108  0.060  0.079       37
 13:     0.734  0.112  0.069  0.085       42
 14:     0.743  0.108  0.068  0.081       42
 15:     0.742  0.107  0.062  0.090       49
 16:     0.736  0.111  0.066  0.086      124
 17:     0.739  0.109  0.069  0.082       24
 18:     0.752  0.117  0.060  0.071       34
 19:     0.739  0.114  0.067  0.080       52
 20:     0.794  0.092  0.073  0.041        1
 21:     0.695  0.174  0.045  0.085        1
 22:     0.776  0.101  0.036  0.087        1
 23:     0.678  0.131  0.068  0.124        1
 24:     0.755  0.118  0.064  0.064        1
 25:     0.692  0.091  0.106  0.111        1
 26:     0.723  0.141  0.036  0.100        1
 27:     0.738  0.110  0.077  0.075        1
 28:     0.776  0.104  0.078  0.042        1
 29:     0.781  0.139  0.079  0.001        1
 30:     0.667  0.098  0.059  0.176        1
 31:     0.618  0.076  0.079  0.226        1
 32:     0.739  0.125  0.044  0.092        1
 33:     0.729  0.082  0.068  0.121        1
 34:     0.770  0.135  0.029  0.065        1
 35:     0.778  0.129  0.040  0.054        1
 36:     0.707  0.147  0.088  0.057        1
 37:     0.733  0.134  0.039  0.095        1
 38:     0.669  0.143  0.019  0.169        1
 39:     0.721  0.173  0.042  0.064        1
 40:     0.659  0.142  0.079  0.120        1
 41:     0.774  0.112  0.060  0.054        1
 42:     0.724  0.135  0.048  0.093        1
 43:     0.703  0.165  0.041  0.092        1
 44:     0.686  0.088  0.072  0.153        1
 45:     0.749  0.144  0.012  0.096        1
 46:     0.679  0.207  0.055  0.059        1
 47:     0.744  0.139  0.069  0.047        1
 48:     0.750  0.116  0.083  0.051        1
 49:     0.759  0.131  0.076  0.034        1
 50:     0.462  0.081  0.101  0.357        1
 51:     0.600  0.096  0.089  0.215        1
 52:     0.698  0.162  0.082  0.057        1
 53:     0.744  0.144  0.073  0.039        1
 54:     0.682  0.147  0.045  0.126        1
 55:     0.553  0.166  0.086  0.195        1
 56:     0.752  0.170  0.005  0.073        1
 57:     0.739  0.128  0.062  0.071        1
 58:     0.685  0.185  0.042  0.088        1
 59:     0.654  0.140  0.096  0.110        1
 60:     0.631  0.167  0.057  0.145        1
 61:     0.589  0.183  0.032  0.195        1
 62:     0.417  0.057  0.188  0.338        1
 63:     0.612  0.206  0.028  0.155        1
 64:     0.658  0.176  0.005  0.160        1
 65:     0.649  0.177  0.032  0.141        1
 66:     0.658  0.168  0.076  0.098        1
 67:     0.636  0.192  0.092  0.080        1
 68:     0.715  0.182  0.058  0.045        1
 69:     0.623  0.229  0.016  0.132        1
 70:     0.663  0.180  0.042  0.115        1
 71:     0.623  0.184  0.047  0.146        1
 72:     0.612  0.186  0.057  0.145        1
 73:     0.711  0.165  0.010  0.114        1
 74:     0.678  0.121  0.052  0.149        1
 75:     0.659  0.182  0.024  0.136        1
 76:     0.243  0.114  0.320  0.323        1
 77:     0.632  0.165  0.057  0.147        1
 78:     0.692  0.120  0.089  0.099        1
 79:     0.645  0.156  0.070  0.129        1
 80:     0.642  0.200  0.015  0.143        1
 81:     0.612  0.162  0.040  0.185        1
 82:     0.564  0.261  0.075  0.099        1
 83:     0.671  0.167  0.045  0.117        1
 84:     0.001  0.963  0.027  0.009        1
 85:     0.007  0.913  0.014  0.066        1
 86:     0.078  0.886  0.025  0.010        1
 87:     0.004  0.983  0.000  0.013        1
 88:     0.011  0.986  0.002  0.001        1
 89:     0.021  0.968  0.011  0.000        1
 90:     0.001  0.996  0.000  0.003        1
 91:     0.007  0.989  0.000  0.004        1
 92:     0.138  0.836  0.007  0.019        1
 93:     0.001  0.938  0.042  0.019        1
 94:     0.024  0.921  0.043  0.012        1
 95:     0.009  0.927  0.005  0.059        1
 96:     0.001  0.997  0.000  0.001        1
 97:     0.011  0.960  0.000  0.029        1
 98:     0.010  0.981  0.008  0.000        1
 99:     0.001  0.993  0.001  0.005        1
100:     0.000  0.990  0.000  0.010        1
101:     0.170  0.783  0.026  0.021        1
102:     0.168  0.811  0.020  0.002        1
103:     0.001  0.988  0.005  0.006        1
104:     0.014  0.973  0.000  0.013        1
105:     0.007  0.941  0.015  0.037        1
106:     0.124  0.851  0.022  0.003        1
107:     0.000  0.992  0.003  0.005        1
108:     0.083  0.849  0.000  0.068        1
109:     0.137  0.765  0.039  0.058        1
110:     0.205  0.792  0.001  0.002        1
111:     0.000  0.982  0.018  0.000        1
112:     0.011  0.988  0.000  0.000        1
113:     0.002  0.991  0.006  0.002        1
114:     0.003  0.966  0.012  0.020        1
115:     0.034  0.965  0.001  0.000        1
116:     0.006  0.987  0.001  0.006        1
117:     0.005  0.945  0.042  0.008        1
118:     0.003  0.959  0.029  0.008        1
119:     0.103  0.872  0.005  0.020        1
120:     0.046  0.949  0.001  0.003        1
121:     0.009  0.971  0.009  0.012        1
122:     0.021  0.972  0.006  0.002        1
123:     0.004  0.995  0.000  0.000        1
124:     0.017  0.856  0.008  0.120        1
125:     0.002  0.996  0.000  0.002        1
126:     0.095  0.891  0.000  0.014        1
127:     0.011  0.933  0.008  0.048        1
128:     0.028  0.969  0.000  0.003        1
129:     0.000  0.998  0.000  0.001        1
130:     0.004  0.912  0.016  0.068        1
131:     0.000  0.996  0.002  0.002        1
132:     0.071  0.836  0.010  0.082        1
133:     0.016  0.900  0.001  0.083        1
134:     0.103  0.867  0.028  0.001        1
135:     0.107  0.803  0.042  0.048        1
136:     0.002  0.995  0.000  0.002        1
137:     0.004  0.989  0.003  0.005        1
138:     0.001  0.996  0.002  0.001        1
139:     0.003  0.919  0.014  0.064        1
140:     0.000  0.877  0.010  0.114        1
141:     0.009  0.988  0.002  0.001        1
142:     0.076  0.890  0.017  0.017        1
143:     0.000  0.959  0.017  0.025        1
144:     0.016  0.951  0.000  0.032        1
145:     0.004  0.993  0.001  0.002        1
146:     0.023  0.932  0.044  0.001        1
147:     0.001  0.975  0.000  0.023        1
148:     0.570  0.192  0.068  0.170        1
149:     0.560  0.148  0.134  0.157        1
150:     0.733  0.160  0.050  0.058        1
151:     0.772  0.149  0.066  0.013        1
152:     0.707  0.088  0.079  0.127        1
153:     0.715  0.133  0.091  0.061        1
154:     0.779  0.126  0.024  0.071        1
155:     0.761  0.131  0.012  0.096        1
156:     0.745  0.108  0.056  0.091        1
157:     0.692  0.168  0.041  0.099        1
158:     0.740  0.144  0.067  0.049        1
159:     0.795  0.120  0.062  0.023        1
160:     0.720  0.121  0.052  0.107        1
161:     0.652  0.159  0.081  0.108        1
162:     0.756  0.125  0.061  0.059        1
163:     0.683  0.152  0.055  0.111        1
164:     0.771  0.112  0.048  0.070        1
165:     0.621  0.148  0.090  0.140        1
166:     0.702  0.088  0.050  0.160        1
167:     0.699  0.118  0.090  0.092        1
168:     0.779  0.082  0.048  0.091        1
169:     0.710  0.201  0.069  0.020        1
170:     0.757  0.125  0.051  0.067        1
171:     0.758  0.130  0.087  0.025        1
172:     0.708  0.129  0.071  0.092        1
173:     0.728  0.123  0.092  0.056        1
174:     0.757  0.093  0.053  0.097        1
175:     0.741  0.105  0.068  0.087       50
176:     0.749  0.108  0.068  0.075       49
177:     0.745  0.106  0.072  0.077       50
178:     0.741  0.108  0.070  0.081       49
179:     0.729  0.110  0.064  0.096       23
180:     0.748  0.108  0.065  0.079       49
181:     0.004  0.002  0.945  0.050       30
182:     0.014  0.005  0.515  0.467       30
183:     0.685  0.120  0.089  0.106       34
184:     0.756  0.101  0.065  0.078       36
185:     0.734  0.112  0.071  0.084       40
186:     0.748  0.112  0.063  0.077       39
187:     0.739  0.109  0.068  0.085       37
188:     0.728  0.112  0.067  0.092       40
189:     0.740  0.107  0.071  0.082       35
190:     0.735  0.106  0.068  0.091       28
191:     0.747  0.104  0.069  0.080       36
192:     0.753  0.104  0.065  0.078       32
--------------------------------------------

 Rep#:   Lambda   Alpha      F1    F2    F3    F4     D1,2  D1,3  D1,4  D2,3  D2,4  D3,4    Ln Like 
 2000:    1.00    0.579    0.055 0.135 0.276 0.183    0.031 0.046 0.032 0.059 0.045 0.055   --  
 2100:    1.00    0.544    0.051 0.133 0.278 0.176    0.030 0.046 0.032 0.058 0.045 0.054   --  
 2200:    1.00    0.539    0.051 0.132 0.277 0.180    0.030 0.045 0.031 0.059 0.045 0.055   --  
 2300:    1.00    0.515    0.049 0.133 0.278 0.176    0.030 0.045 0.031 0.059 0.045 0.055   --  
 2400:    1.00    0.497    0.049 0.137 0.279 0.177    0.030 0.044 0.031 0.059 0.045 0.054   --  
 2500:    1.00    0.495    0.047 0.135 0.280 0.180    0.029 0.044 0.030 0.059 0.045 0.054   --  
 2600:    1.00    0.472    0.045 0.135 0.277 0.177    0.029 0.044 0.030 0.058 0.045 0.054   --  
 2700:    1.00    0.450    0.040 0.135 0.276 0.175    0.028 0.043 0.030 0.058 0.045 0.054   --  
 2800:    1.00    0.445    0.040 0.134 0.273 0.176    0.028 0.042 0.030 0.058 0.045 0.054   --  
 2900:    1.00    0.427    0.039 0.129 0.274 0.179    0.028 0.042 0.030 0.058 0.045 0.054   --  

--------------------------------------------
Proportion of membership of each pre-defined
 population in each of the 4 clusters

Given    Inferred Clusters              Number of
 Pop       1      2      3      4      Individuals

  1:     0.807  0.075  0.047  0.070       54
  2:     0.822  0.070  0.040  0.068       30
  3:     0.175  0.057  0.382  0.386       30
  4:     0.002  0.004  0.014  0.979       20
  5:     0.032  0.016  0.041  0.912       30
  6:     0.824  0.074  0.041  0.062       43
  7:     0.835  0.068  0.038  0.060       44
  8:     0.855  0.078  0.025  0.043        4
  9:     0.869  0.064  0.030  0.036       22
 10:     0.862  0.074  0.039  0.024       24
 11:     0.821  0.071  0.045  0.062       54
 12:     0.837  0.067  0.038  0.058       37
 13:     0.808  0.076  0.046  0.071       42
 14:     0.824  0.067  0.044  0.065       42
 15:     0.822  0.072  0.041  0.065       49
 16:     0.816  0.070  0.046  0.069      124
 17:     0.825  0.067  0.046  0.061       24
 18:     0.828  0.077  0.047  0.048       34
 19:     0.822  0.068  0.048  0.061       52
 20:     0.847  0.087  0.064  0.002        1
 21:     0.801  0.117  0.037  0.046        1
 22:     0.838  0.089  0.016  0.057        1
 23:     0.737  0.147  0.015  0.100        1
 24:     0.806  0.095  0.037  0.062        1
 25:     0.742  0.109  0.037  0.112        1
 26:     0.777  0.115  0.015  0.093        1
 27:     0.763  0.085  0.056  0.096        1
 28:     0.862  0.098  0.016  0.025        1
 29:     0.838  0.101  0.061  0.000        1
 30:     0.762  0.078  0.028  0.132        1
 31:     0.639  0.061  0.055  0.245        1
 32:     0.861  0.096  0.012  0.030        1
 33:     0.778  0.090  0.049  0.082        1
 34:     0.812  0.111  0.037  0.041        1
 35:     0.836  0.088  0.000  0.076        1
 36:     0.764  0.116  0.096  0.024        1
 37:     0.836  0.091  0.019  0.054        1
 38:     0.760  0.117  0.012  0.110        1
 39:     0.840  0.087  0.018  0.055        1
 40:     0.740  0.083  0.070  0.107        1
 41:     0.841  0.109  0.037  0.014        1
 42:     0.826  0.090  0.021  0.063        1
 43:     0.768  0.097  0.053  0.083        1
 44:     0.779  0.052  0.051  0.118        1
 45:     0.829  0.087  0.004  0.080        1
 46:     0.759  0.137  0.071  0.032        1
 47:     0.885  0.055  0.034  0.026        1
 48:     0.830  0.105  0.038  0.026        1
 49:     0.848  0.088  0.043  0.020        1
 50:     0.505  0.081  0.059  0.355        1
 51:     0.628  0.081  0.060  0.231        1
 52:     0.816  0.091  0.028  0.066        1
 53:     0.789  0.077  0.075  0.058        1
 54:     0.711  0.146  0.026  0.117        1
 55:     0.623  0.152  0.063  0.163        1
 56:     0.794  0.121  0.003  0.082        1
 57:     0.778  0.137  0.033  0.052        1
 58:     0.725  0.175  0.027  0.073        1
 59:     0.730  0.116  0.016  0.137        1
 60:     0.689  0.142  0.041  0.128        1
 61:     0.634  0.188  0.038  0.140        1
 62:     0.475  0.052  0.164  0.309        1
 63:     0.640  0.189  0.016  0.155        1
 64:     0.765  0.097  0.017  0.121        1
 65:     0.726  0.152  0.040  0.082        1
 66:     0.717  0.148  0.039  0.097        1
 67:     0.708  0.179  0.040  0.073        1
 68:     0.737  0.161  0.025  0.078        1
 69:     0.730  0.143  0.011  0.116        1
 70:     0.738  0.118  0.052  0.092        1
 71:     0.697  0.167  0.014  0.122        1
 72:     0.716  0.162  0.016  0.106        1
 73:     0.717  0.155  0.000  0.129        1
 74:     0.760  0.112  0.005  0.124        1
 75:     0.709  0.123  0.025  0.143        1
 76:     0.287  0.125  0.275  0.314        1
 77:     0.679  0.140  0.046  0.134        1
 78:     0.663  0.147  0.057  0.133        1
 79:     0.690  0.121  0.046  0.143        1
 80:     0.727  0.118  0.028  0.127        1
 81:     0.669  0.149  0.018  0.164        1
 82:     0.668  0.236  0.047  0.049        1
 83:     0.739  0.174  0.027  0.060        1
 84:     0.000  0.971  0.000  0.029        1
 85:     0.005  0.963  0.001  0.032        1
 86:     0.121  0.862  0.002  0.016        1
 87:     0.004  0.989  0.000  0.008        1
 88:     0.004  0.990  0.000  0.005        1
 89:     0.057  0.938  0.005  0.000        1
 90:     0.000  0.982  0.001  0.017        1
 91:     0.001  0.989  0.001  0.010        1
 92:     0.123  0.873  0.000  0.003        1
 93:     0.001  0.958  0.021  0.021        1
 94:     0.001  0.949  0.049  0.001        1
 95:     0.047  0.882  0.002  0.069        1
 96:     0.000  0.998  0.002  0.000        1
 97:     0.002  0.971  0.004  0.023        1
 98:     0.021  0.958  0.001  0.020        1
 99:     0.000  0.999  0.000  0.000        1
100:     0.000  0.999  0.000  0.001        1
101:     0.202  0.778  0.004  0.016        1
102:     0.154  0.819  0.026  0.001        1
103:     0.004  0.978  0.000  0.017        1
104:     0.010  0.971  0.005  0.014        1
105:     0.001  0.943  0.004  0.053        1
106:     0.194  0.805  0.000  0.001        1
107:     0.000  0.989  0.002  0.008        1
108:     0.058  0.887  0.006  0.049        1
109:     0.120  0.770  0.054  0.056        1
110:     0.197  0.796  0.006  0.001        1
111:     0.000  0.974  0.025  0.000        1
112:     0.000  0.997  0.002  0.000        1
113:     0.003  0.991  0.000  0.006        1
114:     0.000  0.999  0.000  0.001        1
115:     0.048  0.949  0.003  0.000        1
116:     0.002  0.998  0.000  0.000        1
117:     0.000  0.955  0.033  0.011        1
118:     0.000  0.966  0.033  0.001        1
119:     0.090  0.892  0.001  0.017        1
120:     0.015  0.979  0.000  0.006        1
121:     0.017  0.971  0.008  0.004        1
122:     0.039  0.957  0.002  0.002        1
123:     0.005  0.989  0.000  0.006        1
124:     0.050  0.837  0.000  0.113        1
125:     0.000  0.988  0.011  0.000        1
126:     0.103  0.886  0.006  0.005        1
127:     0.029  0.932  0.000  0.039        1
128:     0.006  0.988  0.004  0.003        1
129:     0.000  1.000  0.000  0.000        1
130:     0.026  0.954  0.000  0.020        1
131:     0.001  0.999  0.000  0.000        1
132:     0.055  0.846  0.023  0.077        1
133:     0.013  0.893  0.000  0.094        1
134:     0.089  0.870  0.037  0.004        1
135:     0.129  0.841  0.000  0.030        1
136:     0.005  0.992  0.000  0.003        1
137:     0.014  0.980  0.006  0.000        1
138:     0.012  0.985  0.000  0.002        1
139:     0.001  0.914  0.016  0.069        1
140:     0.005  0.874  0.003  0.119        1
141:     0.000  0.995  0.005  0.000        1
142:     0.101  0.860  0.004  0.036        1
143:     0.003  0.950  0.022  0.024        1
144:     0.000  0.991  0.001  0.008        1
145:     0.004  0.995  0.000  0.002        1
146:     0.006  0.956  0.037  0.001        1
147:     0.000  0.970  0.001  0.030        1
148:     0.699  0.141  0.052  0.109        1
149:     0.645  0.132  0.123  0.100        1
150:     0.790  0.136  0.027  0.047        1
151:     0.872  0.079  0.040  0.009        1
152:     0.793  0.054  0.072  0.082        1
153:     0.819  0.097  0.070  0.014        1
154:     0.895  0.058  0.018  0.029        1
155:     0.858  0.068  0.000  0.074        1
156:     0.771  0.086  0.062  0.081        1
157:     0.750  0.083  0.029  0.138        1
158:     0.808  0.116  0.054  0.021        1
159:     0.883  0.071  0.030  0.015        1
160:     0.816  0.089  0.020  0.074        1
161:     0.724  0.150  0.077  0.049        1
162:     0.827  0.078  0.068  0.027        1
163:     0.797  0.125  0.003  0.076        1
164:     0.774  0.091  0.068  0.066        1
165:     0.773  0.096  0.037  0.094        1
166:     0.853  0.026  0.021  0.101        1
167:     0.803  0.084  0.045  0.067        1
168:     0.890  0.059  0.043  0.007        1
169:     0.795  0.094  0.056  0.055        1
170:     0.863  0.113  0.004  0.021        1
171:     0.813  0.129  0.048  0.011        1
172:     0.776  0.113  0.040  0.071        1
173:     0.832  0.072  0.063  0.034        1
174:     0.787  0.142  0.020  0.052        1
175:     0.820  0.068  0.047  0.065       50
176:     0.835  0.072  0.047  0.046       49
177:     0.828  0.069  0.047  0.055       50
178:     0.826  0.069  0.049  0.056       49
179:     0.804  0.076  0.040  0.079       23
180:     0.832  0.066  0.041  0.061       49
181:     0.005  0.002  0.945  0.049       30
182:     0.018  0.005  0.550  0.428       30
183:     0.759  0.081  0.080  0.079       34
184:     0.838  0.060  0.048  0.054       36
