

----------------------------------------------------
STRUCTURE by Pritchard, Stephens and Donnelly (2000)
     and Falush, Stephens and Pritchard (2003)
       Code by Pritchard, Falush and Hubisz
             Version 2.3.4 (Jul 2012)
----------------------------------------------------


Reading file "/workdir/yc2644/CV_CT_array/structure/threader_input/mainparams".
Reading file "/workdir/yc2644/CV_CT_array/structure/threader_input/extraparams".
Reading file "/workdir/yc2644/CV_CT_array/structure/threader_input/n1601.recode.strct_in".


Data file "/workdir/yc2644/CV_CT_array/structure/threader_input/n1601.recode.strct_in" (truncated) --

Ind:   Label Pop : Genotype_data . . . .
  1:  001s    1  :  2   1   2   2   2   1   2  . . . .   2
  1:  001s    1  :  2   2   2   2   2   2   2  . . . .   2
  2:  002s    1  :  2   2   2   2   1   1   2  . . . .   2
  2:  002s    1  :  2   2   2   2   2   2   2  . . . .   2
  3:  003s    1  :  1   2   1   2   2   2   2  . . . .   1
  3:  003s    1  :  2   2   1   2   2   2   2  . . . .   2
  4:  004s    1  :  1   1   2   2   1   2   2  . . . .   1
  4:  004s    1  :  2   1   2   2   2   2   2  . . . .   2

      *******   

1600:    49  192  :  2   2   2   2   2   1   2  . . . .   1
1600:    49  192  :  2   2   2   2   2   2   2  . . . .   2
1601:    50  192  :  2   1   2   2   1   2   2  . . . .   1
1601:    50  192  :  2   2   2   2   2   2   2  . . . .   2

Number of alleles per locus: min= 2; ave=2.0; max= 2


--------------------------------------

Finished initialization; starting MCMC 
100000 iterations + 10000 burnin


--------------------------------------------
Proportion of membership of each pre-defined
 population in each of the 4 clusters

Given    Inferred Clusters              Number of
 Pop       1      2      3      4      Individuals

  1:     0.136  0.192  0.351  0.320       54
  2:     0.131  0.204  0.322  0.343       30
  3:     0.654  0.129  0.109  0.107       30
  4:     0.765  0.109  0.073  0.054       20
  5:     0.713  0.116  0.061  0.110       30
  6:     0.132  0.204  0.306  0.359       43
  7:     0.119  0.212  0.309  0.361       44
  8:     0.099  0.235  0.237  0.429        4
  9:     0.100  0.199  0.291  0.410       22
 10:     0.095  0.211  0.291  0.403       24
 11:     0.129  0.185  0.330  0.356       54
 12:     0.122  0.182  0.319  0.377       37
 13:     0.144  0.190  0.313  0.353       42
 14:     0.129  0.175  0.377  0.319       42
 15:     0.134  0.200  0.289  0.376       49
 16:     0.141  0.196  0.306  0.357      124
 17:     0.118  0.184  0.385  0.313       24
 18:     0.120  0.221  0.326  0.332       34
 19:     0.130  0.195  0.332  0.343       52
 20:     0.123  0.179  0.552  0.146        1
 21:     0.097  0.315  0.088  0.501        1
 22:     0.082  0.017  0.538  0.362        1
 23:     0.150  0.260  0.315  0.275        1
 24:     0.112  0.292  0.108  0.488        1
 25:     0.175  0.216  0.284  0.325        1
 26:     0.138  0.282  0.356  0.225        1
 27:     0.176  0.224  0.324  0.277        1
 28:     0.107  0.102  0.350  0.441        1
 29:     0.110  0.254  0.172  0.464        1
 30:     0.184  0.092  0.341  0.384        1
 31:     0.260  0.195  0.311  0.233        1
 32:     0.101  0.250  0.385  0.264        1
 33:     0.175  0.213  0.113  0.500        1
 34:     0.093  0.211  0.256  0.440        1
 35:     0.151  0.080  0.205  0.564        1
 36:     0.088  0.217  0.091  0.605        1
 37:     0.081  0.194  0.458  0.268        1
 38:     0.159  0.252  0.364  0.225        1
 39:     0.073  0.215  0.262  0.450        1
 40:     0.104  0.191  0.319  0.386        1
 41:     0.101  0.219  0.435  0.245        1
 42:     0.137  0.307  0.299  0.257        1
 43:     0.152  0.228  0.286  0.334        1
 44:     0.230  0.231  0.245  0.294        1
 45:     0.123  0.083  0.301  0.493        1
 46:     0.136  0.151  0.412  0.301        1
 47:     0.116  0.217  0.366  0.300        1
 48:     0.108  0.196  0.189  0.506        1
 49:     0.118  0.282  0.252  0.349        1
 50:     0.369  0.176  0.386  0.069        1
 51:     0.239  0.159  0.242  0.360        1
 52:     0.141  0.291  0.210  0.358        1
 53:     0.129  0.248  0.454  0.168        1
 54:     0.175  0.723  0.054  0.048        1
 55:     0.125  0.775  0.096  0.004        1
 56:     0.080  0.721  0.149  0.050        1
 57:     0.084  0.650  0.180  0.086        1
 58:     0.139  0.689  0.047  0.125        1
 59:     0.226  0.600  0.056  0.118        1
 60:     0.141  0.671  0.105  0.082        1
 61:     0.142  0.767  0.057  0.034        1
 62:     0.418  0.235  0.099  0.249        1
 63:     0.160  0.691  0.131  0.018        1
 64:     0.121  0.813  0.049  0.018        1
 65:     0.121  0.638  0.130  0.110        1
 66:     0.067  0.572  0.318  0.042        1
 67:     0.179  0.596  0.190  0.035        1
 68:     0.147  0.704  0.122  0.028        1
 69:     0.179  0.728  0.093  0.000        1
 70:     0.128  0.601  0.117  0.154        1
 71:     0.107  0.806  0.018  0.069        1
 72:     0.090  0.680  0.163  0.067        1
 73:     0.127  0.716  0.138  0.018        1
 74:     0.154  0.650  0.018  0.178        1
 75:     0.107  0.718  0.113  0.062        1
 76:     0.550  0.235  0.197  0.018        1
 77:     0.148  0.728  0.036  0.088        1
 78:     0.164  0.477  0.175  0.185        1
 79:     0.156  0.773  0.036  0.036        1
 80:     0.082  0.741  0.163  0.014        1
 81:     0.046  0.769  0.137  0.048        1
 82:     0.204  0.712  0.066  0.018        1
 83:     0.159  0.693  0.116  0.032        1
 84:     0.131  0.740  0.060  0.070        1
 85:     0.164  0.667  0.108  0.061        1
 86:     0.149  0.632  0.135  0.084        1
 87:     0.121  0.813  0.022  0.044        1
 88:     0.144  0.671  0.100  0.085        1
 89:     0.095  0.794  0.054  0.058        1
 90:     0.172  0.738  0.028  0.062        1
 91:     0.046  0.807  0.143  0.004        1
 92:     0.087  0.771  0.120  0.022        1
 93:     0.185  0.726  0.035  0.054        1
 94:     0.134  0.647  0.133  0.085        1
 95:     0.185  0.706  0.090  0.018        1
 96:     0.114  0.752  0.098  0.036        1
 97:     0.172  0.726  0.049  0.052        1
 98:     0.087  0.805  0.051  0.057        1
 99:     0.116  0.826  0.039  0.020        1
100:     0.150  0.768  0.055  0.027        1
101:     0.127  0.555  0.184  0.134        1
102:     0.114  0.782  0.088  0.016        1
103:     0.116  0.785  0.049  0.051        1
104:     0.144  0.697  0.091  0.068        1
105:     0.179  0.693  0.070  0.058        1
106:     0.115  0.739  0.070  0.077        1
107:     0.133  0.757  0.025  0.084        1
108:     0.156  0.553  0.277  0.014        1
109:     0.184  0.715  0.042  0.060        1
110:     0.118  0.664  0.087  0.131        1
111:     0.167  0.674  0.113  0.045        1
112:     0.145  0.762  0.067  0.026        1
113:     0.129  0.758  0.065  0.048        1
114:     0.103  0.810  0.022  0.066        1
115:     0.129  0.820  0.013  0.037        1
116:     0.074  0.808  0.071  0.046        1
117:     0.198  0.741  0.057  0.004        1
118:     0.217  0.706  0.011  0.067        1
119:     0.099  0.764  0.114  0.022        1
120:     0.119  0.742  0.121  0.017        1
121:     0.144  0.833  0.020  0.003        1
122:     0.113  0.732  0.138  0.016        1
123:     0.137  0.808  0.013  0.042        1
124:     0.182  0.766  0.016  0.036        1
125:     0.135  0.766  0.054  0.045        1
126:     0.050  0.729  0.130  0.090        1
127:     0.145  0.729  0.112  0.014        1
128:     0.058  0.752  0.138  0.052        1
129:     0.097  0.881  0.019  0.003        1
130:     0.195  0.673  0.116  0.016        1
131:     0.106  0.798  0.035  0.060        1
132:     0.140  0.817  0.010  0.033        1
133:     0.250  0.481  0.253  0.016        1
134:     0.139  0.618  0.113  0.131        1
135:     0.157  0.632  0.148  0.063        1
136:     0.067  0.794  0.038  0.102        1
137:     0.073  0.817  0.051  0.059        1
138:     0.060  0.859  0.068  0.014        1
139:     0.206  0.688  0.047  0.058        1
140:     0.192  0.630  0.101  0.077        1
141:     0.105  0.747  0.134  0.014        1
142:     0.126  0.659  0.176  0.039        1
143:     0.183  0.705  0.100  0.012        1
144:     0.155  0.768  0.039  0.038        1
145:     0.104  0.788  0.058  0.050        1
146:     0.111  0.725  0.108  0.056        1
147:     0.199  0.759  0.008  0.034        1
148:     0.210  0.336  0.218  0.236        1
149:     0.224  0.324  0.067  0.386        1
150:     0.123  0.196  0.407  0.274        1
151:     0.117  0.244  0.331  0.308        1
152:     0.192  0.128  0.347  0.333        1
153:     0.107  0.127  0.077  0.689        1
154:     0.114  0.280  0.344  0.262        1
155:     0.107  0.229  0.393  0.271        1
156:     0.140  0.342  0.148  0.370        1
157:     0.102  0.337  0.132  0.429        1
158:     0.131  0.200  0.632  0.037        1
159:     0.103  0.207  0.155  0.536        1
160:     0.155  0.267  0.235  0.343        1
161:     0.173  0.248  0.326  0.253        1
162:     0.150  0.253  0.300  0.297        1
163:     0.092  0.247  0.376  0.285        1
164:     0.138  0.231  0.275  0.356        1
165:     0.180  0.227  0.255  0.338        1
166:     0.166  0.133  0.129  0.573        1
167:     0.156  0.154  0.550  0.140        1
168:     0.116  0.242  0.287  0.355        1
169:     0.153  0.070  0.381  0.396        1
170:     0.108  0.324  0.197  0.370        1
171:     0.129  0.139  0.429  0.302        1
172:     0.182  0.185  0.197  0.436        1
173:     0.039  0.279  0.388  0.295        1
174:     0.134  0.325  0.114  0.427        1
175:     0.131  0.186  0.349  0.334       50
176:     0.126  0.201  0.316  0.356       49
177:     0.128  0.199  0.349  0.324       50
178:     0.130  0.185  0.320  0.366       49
179:     0.123  0.189  0.308  0.380       23
180:     0.129  0.178  0.335  0.358       49
181:     0.904  0.021  0.033  0.042       30
182:     0.851  0.054  0.042  0.053       30
183:     0.176  0.206  0.299  0.319       34
184:     0.131  0.202  0.283  0.384       36
185:     0.131  0.219  0.318  0.332       40
186:     0.122  0.194  0.304  0.380       39
187:     0.144  0.191  0.325  0.339       37
188:     0.135  0.200  0.357  0.308       40
189:     0.134  0.187  0.299  0.380       35
190:     0.146  0.202  0.291  0.361       28
191:     0.131  0.212  0.280  0.377       36
192:     0.121  0.192  0.314  0.372       32
--------------------------------------------

 Rep#:   Lambda   Alpha      F1    F2    F3    F4     D1,2  D1,3  D1,4  D2,3  D2,4  D3,4    Ln Like 
  100:    1.00    1.501    0.217 0.091 0.005 0.009    0.044 0.033 0.034 0.018 0.020 0.002   --  
  200:    1.00    1.301    0.199 0.158 0.005 0.009    0.044 0.030 0.031 0.030 0.031 0.002   --  
  300:    1.00    1.150    0.181 0.172 0.005 0.008    0.045 0.029 0.029 0.033 0.033 0.002   --  
  400:    1.00    1.044    0.179 0.177 0.005 0.008    0.044 0.027 0.028 0.032 0.033 0.002   --  
  500:    1.00    0.984    0.172 0.169 0.005 0.008    0.044 0.027 0.028 0.031 0.032 0.003   --  
  600:    1.00    0.915    0.170 0.163 0.008 0.031    0.043 0.026 0.029 0.030 0.033 0.007   --  
  700:    1.00    0.897    0.160 0.152 0.029 0.074    0.043 0.028 0.032 0.032 0.036 0.020   --  
  800:    1.00    0.882    0.144 0.140 0.179 0.102    0.042 0.042 0.035 0.046 0.040 0.053   --  
  900:    1.00    0.863    0.143 0.135 0.236 0.116    0.042 0.047 0.035 0.052 0.040 0.061   --  

--------------------------------------------
Proportion of membership of each pre-defined
 population in each of the 4 clusters

Given    Inferred Clusters              Number of
 Pop       1      2      3      4      Individuals

  1:     0.112  0.102  0.248  0.538       54
  2:     0.109  0.102  0.255  0.534       30
  3:     0.725  0.080  0.094  0.100       30
  4:     0.851  0.098  0.030  0.021       20
  5:     0.796  0.110  0.040  0.054       30
  6:     0.107  0.107  0.247  0.539       43
  7:     0.099  0.108  0.250  0.544       44
  8:     0.076  0.114  0.257  0.554        4
  9:     0.062  0.104  0.258  0.576       22
 10:     0.060  0.109  0.257  0.573       24
 11:     0.100  0.110  0.245  0.545       54
 12:     0.095  0.105  0.256  0.544       37
 13:     0.113  0.104  0.246  0.537       42
 14:     0.104  0.104  0.249  0.543       42
 15:     0.103  0.106  0.252  0.539       49
 16:     0.114  0.107  0.246  0.533      124
 17:     0.097  0.105  0.253  0.545       24
 18:     0.093  0.110  0.255  0.542       34
 19:     0.106  0.106  0.251  0.536       52
 20:     0.106  0.104  0.237  0.552        1
 21:     0.071  0.165  0.252  0.512        1
 22:     0.083  0.130  0.239  0.548        1
 23:     0.123  0.164  0.214  0.499        1
 24:     0.085  0.095  0.262  0.557        1
 25:     0.156  0.137  0.194  0.514        1
 26:     0.098  0.125  0.242  0.534        1
 27:     0.137  0.124  0.229  0.510        1
 28:     0.081  0.112  0.270  0.537        1
 29:     0.075  0.105  0.262  0.558        1
 30:     0.183  0.115  0.230  0.472        1
 31:     0.254  0.083  0.232  0.431        1
 32:     0.084  0.095  0.234  0.587        1
 33:     0.160  0.079  0.264  0.497        1
 34:     0.040  0.142  0.279  0.538        1
 35:     0.097  0.109  0.263  0.531        1
 36:     0.096  0.156  0.262  0.486        1
 37:     0.065  0.132  0.240  0.563        1
 38:     0.139  0.168  0.227  0.467        1
 39:     0.044  0.100  0.275  0.582        1
 40:     0.080  0.169  0.243  0.508        1
 41:     0.063  0.122  0.290  0.524        1
 42:     0.104  0.084  0.248  0.564        1
 43:     0.105  0.118  0.241  0.536        1
 44:     0.186  0.083  0.254  0.476        1
 45:     0.068  0.116  0.306  0.510        1
 46:     0.083  0.166  0.195  0.556        1
 47:     0.092  0.121  0.242  0.545        1
 48:     0.038  0.143  0.250  0.569        1
 49:     0.055  0.127  0.279  0.539        1
 50:     0.317  0.126  0.211  0.345        1
 51:     0.247  0.125  0.173  0.455        1
 52:     0.117  0.147  0.220  0.516        1
 53:     0.112  0.110  0.254  0.525        1
 54:     0.005  0.001  0.992  0.001        1
 55:     0.004  0.001  0.995  0.000        1
 56:     0.007  0.015  0.949  0.029        1
 57:     0.005  0.001  0.994  0.000        1
 58:     0.005  0.000  0.981  0.014        1
 59:     0.057  0.017  0.923  0.003        1
 60:     0.005  0.003  0.991  0.001        1
 61:     0.001  0.002  0.996  0.001        1
 62:     0.456  0.096  0.120  0.329        1
 63:     0.001  0.020  0.978  0.002        1
 64:     0.001  0.000  0.999  0.000        1
 65:     0.001  0.000  0.998  0.000        1
 66:     0.000  0.011  0.988  0.000        1
 67:     0.110  0.137  0.676  0.076        1
 68:     0.005  0.026  0.967  0.002        1
 69:     0.002  0.001  0.993  0.004        1
 70:     0.006  0.043  0.896  0.056        1
 71:     0.001  0.000  0.998  0.001        1
 72:     0.002  0.000  0.994  0.003        1
 73:     0.000  0.001  0.999  0.000        1
 74:     0.060  0.057  0.875  0.008        1
 75:     0.000  0.002  0.998  0.000        1
 76:     0.596  0.167  0.030  0.207        1
 77:     0.001  0.001  0.997  0.002        1
 78:     0.065  0.017  0.902  0.016        1
 79:     0.001  0.000  0.999  0.000        1
 80:     0.001  0.003  0.995  0.001        1
 81:     0.002  0.001  0.997  0.000        1
 82:     0.110  0.186  0.594  0.110        1
 83:     0.001  0.001  0.996  0.002        1
 84:     0.031  0.952  0.002  0.015        1
 85:     0.034  0.944  0.016  0.005        1
 86:     0.004  0.869  0.064  0.063        1
 87:     0.007  0.977  0.000  0.016        1
 88:     0.001  0.995  0.001  0.003        1
 89:     0.001  0.945  0.019  0.036        1
 90:     0.009  0.984  0.006  0.001        1
 91:     0.017  0.975  0.005  0.003        1
 92:     0.025  0.891  0.015  0.069        1
 93:     0.073  0.919  0.005  0.003        1
 94:     0.026  0.937  0.010  0.027        1
 95:     0.048  0.914  0.001  0.036        1
 96:     0.001  0.995  0.004  0.000        1
 97:     0.042  0.940  0.017  0.001        1
 98:     0.005  0.956  0.015  0.024        1
 99:     0.001  0.996  0.001  0.002        1
100:     0.003  0.981  0.013  0.003        1
101:     0.049  0.790  0.046  0.115        1
102:     0.006  0.836  0.074  0.084        1
103:     0.004  0.982  0.002  0.012        1
104:     0.011  0.953  0.034  0.002        1
105:     0.054  0.934  0.012  0.000        1
106:     0.020  0.847  0.031  0.102        1
107:     0.004  0.985  0.004  0.007        1
108:     0.013  0.869  0.040  0.078        1
109:     0.092  0.790  0.038  0.080        1
110:     0.025  0.788  0.077  0.110        1
111:     0.017  0.965  0.003  0.014        1
112:     0.005  0.980  0.011  0.004        1
113:     0.044  0.953  0.001  0.002        1
114:     0.014  0.969  0.014  0.003        1
115:     0.000  0.910  0.046  0.043        1
116:     0.006  0.992  0.001  0.002        1
117:     0.047  0.948  0.002  0.003        1
118:     0.020  0.962  0.017  0.001        1
119:     0.000  0.889  0.063  0.048        1
120:     0.007  0.961  0.028  0.005        1
121:     0.021  0.966  0.013  0.000        1
122:     0.000  0.935  0.050  0.015        1
123:     0.000  0.992  0.006  0.001        1
124:     0.102  0.855  0.004  0.039        1
125:     0.004  0.987  0.005  0.004        1
126:     0.020  0.886  0.067  0.026        1
127:     0.031  0.940  0.015  0.014        1
128:     0.036  0.936  0.021  0.006        1
129:     0.000  0.998  0.001  0.001        1
130:     0.053  0.928  0.009  0.010        1
131:     0.001  0.985  0.009  0.005        1
132:     0.078  0.864  0.011  0.047        1
133:     0.118  0.872  0.010  0.001        1
134:     0.030  0.834  0.082  0.054        1
135:     0.047  0.812  0.042  0.099        1
136:     0.003  0.995  0.002  0.000        1
137:     0.020  0.961  0.008  0.011        1
138:     0.003  0.983  0.009  0.004        1
139:     0.062  0.930  0.001  0.007        1
140:     0.086  0.911  0.003  0.000        1
141:     0.016  0.970  0.010  0.003        1
142:     0.009  0.856  0.044  0.091        1
143:     0.058  0.924  0.006  0.012        1
144:     0.017  0.967  0.003  0.013        1
145:     0.005  0.981  0.009  0.005        1
146:     0.032  0.935  0.021  0.013        1
147:     0.012  0.985  0.000  0.002        1
148:     0.182  0.208  0.194  0.415        1
149:     0.178  0.158  0.213  0.451        1
150:     0.060  0.156  0.219  0.565        1
151:     0.055  0.099  0.292  0.554        1
152:     0.120  0.093  0.241  0.546        1
153:     0.111  0.111  0.275  0.502        1
154:     0.084  0.101  0.259  0.556        1
155:     0.070  0.119  0.248  0.563        1
156:     0.106  0.131  0.248  0.515        1
157:     0.106  0.147  0.257  0.490        1
158:     0.049  0.130  0.253  0.568        1
159:     0.067  0.105  0.259  0.570        1
160:     0.097  0.080  0.241  0.583        1
161:     0.104  0.143  0.249  0.504        1
162:     0.046  0.133  0.282  0.539        1
163:     0.139  0.119  0.237  0.504        1
164:     0.117  0.101  0.249  0.533        1
165:     0.124  0.140  0.260  0.476        1
166:     0.116  0.080  0.235  0.569        1
167:     0.110  0.094  0.282  0.514        1
168:     0.036  0.088  0.271  0.604        1
169:     0.059  0.152  0.242  0.546        1
170:     0.057  0.133  0.285  0.525        1
171:     0.041  0.167  0.211  0.581        1
172:     0.121  0.130  0.235  0.513        1
173:     0.082  0.101  0.253  0.564        1
174:     0.109  0.121  0.235  0.534        1
175:     0.113  0.100  0.247  0.540       50
176:     0.098  0.102  0.250  0.550       49
177:     0.103  0.105  0.246  0.546       50
178:     0.110  0.107  0.249  0.535       49
179:     0.108  0.108  0.246  0.538       23
180:     0.103  0.102  0.249  0.546       49
181:     0.988  0.003  0.006  0.003       30
182:     0.962  0.010  0.015  0.013       30
183:     0.152  0.123  0.225  0.499       34
184:     0.112  0.092  0.246  0.550       36
185:     0.108  0.105  0.245  0.542       40
186:     0.093  0.104  0.252  0.551       39
187:     0.105  0.102  0.249  0.543       37
188:     0.113  0.106  0.248  0.534       40
189:     0.112  0.105  0.247  0.535       35
190:     0.128  0.097  0.246  0.529       28
191:     0.111  0.099  0.244  0.546       36
192:     0.112  0.096  0.252  0.540       32
--------------------------------------------

 Rep#:   Lambda   Alpha      F1    F2    F3    F4     D1,2  D1,3  D1,4  D2,3  D2,4  D3,4    Ln Like 
 1000:    1.00    0.848    0.144 0.132 0.243 0.116    0.042 0.049 0.034 0.052 0.039 0.061   --  
 1100:    1.00    0.799    0.144 0.133 0.252 0.109    0.042 0.050 0.033 0.054 0.038 0.061   --  
 1200:    1.00    0.813    0.141 0.137 0.254 0.099    0.042 0.050 0.032 0.054 0.036 0.059   --  
 1300:    1.00    0.752    0.139 0.132 0.246 0.090    0.041 0.050 0.031 0.054 0.035 0.058   --  
 1400:    1.00    0.741    0.145 0.131 0.255 0.088    0.042 0.051 0.030 0.054 0.034 0.057   --  
 1500:    1.00    0.712    0.140 0.132 0.252 0.085    0.041 0.051 0.030 0.055 0.033 0.056   --  
 1600:    1.00    0.694    0.143 0.132 0.249 0.073    0.042 0.051 0.029 0.054 0.032 0.054   --  
 1700:    1.00    0.663    0.139 0.129 0.254 0.073    0.041 0.051 0.029 0.055 0.032 0.053   --  
 1800:    1.00    0.644    0.141 0.130 0.253 0.068    0.041 0.052 0.028 0.055 0.031 0.053   --  
 1900:    1.00    0.625    0.144 0.128 0.251 0.066    0.041 0.052 0.028 0.055 0.031 0.052   --  

--------------------------------------------
Proportion of membership of each pre-defined
 population in each of the 4 clusters

Given    Inferred Clusters              Number of
 Pop       1      2      3      4      Individuals

  1:     0.099  0.072  0.167  0.663       54
  2:     0.087  0.068  0.176  0.669       30
  3:     0.722  0.068  0.079  0.131       30
  4:     0.845  0.087  0.038  0.031       20
  5:     0.789  0.097  0.040  0.074       30
  6:     0.090  0.075  0.162  0.673       43
  7:     0.089  0.064  0.166  0.682       44
  8:     0.051  0.080  0.189  0.680        4
  9:     0.037  0.071  0.177  0.715       22
 10:     0.049  0.064  0.179  0.707       24
 11:     0.084  0.072  0.171  0.674       54
 12:     0.077  0.066  0.174  0.683       37
 13:     0.100  0.072  0.164  0.663       42
 14:     0.088  0.064  0.174  0.674       42
 15:     0.092  0.069  0.167  0.672       49
 16:     0.093  0.070  0.168  0.669      124
 17:     0.087  0.067  0.175  0.671       24
 18:     0.081  0.071  0.174  0.674       34
 19:     0.089  0.071  0.169  0.670       52
 20:     0.059  0.076  0.166  0.699        1
 21:     0.040  0.132  0.198  0.630        1
 22:     0.080  0.050  0.183  0.687        1
 23:     0.094  0.150  0.136  0.620        1
 24:     0.064  0.073  0.181  0.683        1
 25:     0.148  0.112  0.125  0.615        1
 26:     0.082  0.103  0.168  0.647        1
 27:     0.117  0.082  0.152  0.649        1
 28:     0.038  0.060  0.190  0.712        1
 29:     0.020  0.076  0.184  0.721        1
 30:     0.163  0.076  0.159  0.602        1
 31:     0.246  0.049  0.155  0.549        1
 32:     0.022  0.116  0.145  0.717        1
 33:     0.153  0.041  0.199  0.607        1
 34:     0.021  0.105  0.208  0.665        1
 35:     0.085  0.078  0.182  0.656        1
 36:     0.110  0.104  0.169  0.617        1
 37:     0.067  0.085  0.151  0.697        1
 38:     0.115  0.133  0.148  0.605        1
 39:     0.031  0.088  0.205  0.676        1
 40:     0.069  0.117  0.200  0.614        1
 41:     0.045  0.092  0.192  0.671        1
 42:     0.071  0.077  0.194  0.658        1
 43:     0.091  0.078  0.181  0.651        1
 44:     0.137  0.032  0.164  0.668        1
 45:     0.030  0.104  0.227  0.638        1
 46:     0.077  0.143  0.134  0.645        1
 47:     0.075  0.041  0.173  0.712        1
 48:     0.080  0.100  0.167  0.653        1
 49:     0.059  0.091  0.182  0.667        1
 50:     0.329  0.098  0.126  0.448        1
 51:     0.268  0.049  0.151  0.531        1
 52:     0.094  0.078  0.198  0.630        1
 53:     0.119  0.091  0.163  0.626        1
 54:     0.000  0.002  0.997  0.001        1
 55:     0.003  0.001  0.995  0.000        1
 56:     0.001  0.007  0.883  0.109        1
 57:     0.000  0.000  0.972  0.028        1
 58:     0.014  0.030  0.927  0.029        1
 59:     0.006  0.026  0.901  0.067        1
 60:     0.008  0.000  0.990  0.002        1
 61:     0.001  0.001  0.997  0.001        1
 62:     0.386  0.114  0.069  0.431        1
 63:     0.022  0.043  0.929  0.005        1
 64:     0.001  0.001  0.998  0.001        1
 65:     0.000  0.000  0.999  0.001        1
 66:     0.007  0.005  0.988  0.000        1
 67:     0.062  0.101  0.659  0.179        1
 68:     0.014  0.027  0.958  0.001        1
 69:     0.001  0.012  0.986  0.000        1
 70:     0.031  0.063  0.820  0.085        1
 71:     0.000  0.001  0.999  0.000        1
 72:     0.001  0.000  0.999  0.000        1
 73:     0.001  0.000  0.999  0.000        1
 74:     0.055  0.026  0.817  0.102        1
 75:     0.000  0.000  0.999  0.001        1
 76:     0.595  0.138  0.024  0.243        1
 77:     0.001  0.000  0.999  0.000        1
 78:     0.073  0.007  0.839  0.080        1
 79:     0.001  0.001  0.998  0.000        1
 80:     0.003  0.006  0.991  0.000        1
 81:     0.000  0.000  0.999  0.000        1
 82:     0.054  0.161  0.568  0.217        1
 83:     0.002  0.000  0.997  0.001        1
 84:     0.027  0.964  0.002  0.007        1
 85:     0.028  0.964  0.006  0.002        1
 86:     0.010  0.896  0.054  0.039        1
 87:     0.001  0.983  0.013  0.003        1
 88:     0.000  0.998  0.001  0.000        1
 89:     0.021  0.978  0.000  0.001        1
 90:     0.005  0.985  0.007  0.003        1
 91:     0.011  0.989  0.000  0.000        1
 92:     0.007  0.855  0.017  0.121        1
 93:     0.048  0.939  0.001  0.012        1
 94:     0.009  0.947  0.001  0.043        1
 95:     0.012  0.914  0.000  0.073        1
 96:     0.001  0.999  0.000  0.000        1
 97:     0.002  0.984  0.012  0.002        1
 98:     0.002  0.981  0.011  0.006        1
 99:     0.000  0.997  0.003  0.000        1
100:     0.000  0.994  0.003  0.002        1
101:     0.027  0.805  0.041  0.126        1
102:     0.005  0.810  0.023  0.162        1
103:     0.001  0.993  0.002  0.004        1
104:     0.000  0.972  0.020  0.009        1
105:     0.022  0.943  0.033  0.002        1
106:     0.005  0.810  0.038  0.147        1
107:     0.011  0.967  0.004  0.019        1
108:     0.064  0.848  0.001  0.087        1
109:     0.082  0.767  0.045  0.107        1
110:     0.000  0.767  0.062  0.170        1
111:     0.006  0.981  0.010  0.003        1
112:     0.000  0.987  0.012  0.001        1
113:     0.036  0.962  0.000  0.002        1
114:     0.009  0.977  0.011  0.003        1
115:     0.001  0.971  0.012  0.015        1
116:     0.014  0.983  0.003  0.001        1
117:     0.041  0.956  0.000  0.003        1
118:     0.013  0.966  0.018  0.003        1
119:     0.011  0.876  0.030  0.083        1
120:     0.005  0.975  0.017  0.002        1
121:     0.016  0.948  0.005  0.031        1
122:     0.012  0.975  0.004  0.009        1
123:     0.003  0.996  0.001  0.000        1
124:     0.074  0.855  0.023  0.048        1
125:     0.003  0.989  0.004  0.004        1
126:     0.002  0.893  0.020  0.085        1
127:     0.023  0.939  0.018  0.020        1
128:     0.021  0.936  0.018  0.025        1
129:     0.005  0.994  0.000  0.000        1
130:     0.043  0.946  0.008  0.003        1
131:     0.004  0.985  0.009  0.002        1
132:     0.073  0.835  0.003  0.089        1
133:     0.081  0.877  0.021  0.021        1
134:     0.001  0.858  0.033  0.108        1
135:     0.049  0.801  0.026  0.125        1
136:     0.002  0.997  0.001  0.000        1
137:     0.003  0.965  0.024  0.007        1
138:     0.003  0.991  0.002  0.004        1
139:     0.067  0.918  0.014  0.000        1
140:     0.082  0.912  0.003  0.003        1
141:     0.016  0.982  0.001  0.001        1
142:     0.016  0.878  0.010  0.096        1
143:     0.043  0.951  0.006  0.000        1
144:     0.010  0.971  0.002  0.017        1
145:     0.003  0.988  0.003  0.006        1
146:     0.043  0.940  0.011  0.007        1
147:     0.002  0.998  0.000  0.001        1
148:     0.205  0.177  0.116  0.502        1
149:     0.223  0.125  0.132  0.520        1
150:     0.026  0.117  0.180  0.677        1
151:     0.059  0.062  0.174  0.704        1
152:     0.122  0.051  0.166  0.661        1
153:     0.071  0.064  0.168  0.697        1
154:     0.056  0.050  0.208  0.685        1
155:     0.059  0.108  0.192  0.641        1
156:     0.095  0.084  0.162  0.660        1
157:     0.104  0.072  0.186  0.639        1
158:     0.059  0.099  0.182  0.660        1
159:     0.016  0.085  0.183  0.715        1
160:     0.081  0.033  0.171  0.715        1
161:     0.084  0.104  0.183  0.629        1
162:     0.069  0.061  0.216  0.654        1
163:     0.089  0.094  0.173  0.643        1
164:     0.085  0.057  0.179  0.678        1
165:     0.116  0.136  0.156  0.592        1
166:     0.090  0.018  0.177  0.714        1
167:     0.115  0.109  0.170  0.605        1
168:     0.025  0.056  0.182  0.738        1
169:     0.051  0.108  0.185  0.656        1
170:     0.062  0.053  0.211  0.674        1
171:     0.062  0.101  0.165  0.673        1
172:     0.069  0.059  0.192  0.679        1
173:     0.071  0.057  0.204  0.669        1
174:     0.099  0.114  0.145  0.642        1
175:     0.093  0.068  0.171  0.669       50
176:     0.083  0.064  0.168  0.685       49
177:     0.084  0.067  0.168  0.681       50
178:     0.094  0.063  0.172  0.670       49
179:     0.092  0.077  0.163  0.667       23
180:     0.085  0.065  0.172  0.678       49
181:     0.989  0.003  0.005  0.004       30
182:     0.967  0.006  0.011  0.016       30
183:     0.139  0.091  0.149  0.621       34
184:     0.088  0.065  0.165  0.682       36
185:     0.094  0.070  0.165  0.671       40
186:     0.073  0.069  0.175  0.683       39
187:     0.092  0.060  0.168  0.680       37
188:     0.094  0.073  0.165  0.668       40
189:     0.090  0.066  0.172  0.672       35
190:     0.106  0.068  0.165  0.661       28
191:     0.094  0.069  0.166  0.671       36
192:     0.093  0.060  0.176  0.671       32
--------------------------------------------

 Rep#:   Lambda   Alpha      F1    F2    F3    F4     D1,2  D1,3  D1,4  D2,3  D2,4  D3,4    Ln Like 
 2000:    1.00    0.636    0.142 0.131 0.252 0.061    0.041 0.052 0.027 0.055 0.030 0.051   --  
 2100:    1.00    0.600    0.146 0.127 0.245 0.061    0.041 0.052 0.027 0.056 0.030 0.050   --  
 2200:    1.00    0.586    0.142 0.134 0.250 0.059    0.041 0.052 0.026 0.056 0.030 0.050   --  
 2300:    1.00    0.558    0.139 0.131 0.244 0.058    0.041 0.052 0.026 0.056 0.029 0.049   --  
 2400:    1.00    0.545    0.140 0.126 0.248 0.056    0.040 0.052 0.026 0.056 0.029 0.049   --  
 2500:    1.00    0.532    0.135 0.124 0.253 0.053    0.040 0.052 0.025 0.056 0.028 0.048   --  
 2600:    1.00    0.489    0.135 0.131 0.250 0.051    0.041 0.052 0.025 0.056 0.028 0.047   --  
 2700:    1.00    0.491    0.140 0.129 0.247 0.044    0.041 0.052 0.025 0.055 0.028 0.046   --  
 2800:    1.00    0.484    0.139 0.132 0.250 0.042    0.040 0.052 0.024 0.055 0.027 0.046   --  
 2900:    1.00    0.462    0.137 0.130 0.248 0.041    0.041 0.052 0.024 0.056 0.027 0.045   --  

--------------------------------------------
Proportion of membership of each pre-defined
 population in each of the 4 clusters

Given    Inferred Clusters              Number of
 Pop       1      2      3      4      Individuals

  1:     0.082  0.048  0.118  0.752       54
  2:     0.080  0.043  0.121  0.755       30
  3:     0.723  0.056  0.061  0.160       30
  4:     0.874  0.082  0.024  0.021       20
  5:     0.806  0.081  0.021  0.092       30
  6:     0.067  0.045  0.114  0.774       43
  7:     0.065  0.044  0.113  0.778       44
  8:     0.035  0.042  0.139  0.784        4
  9:     0.024  0.038  0.121  0.816       22
 10:     0.027  0.042  0.123  0.808       24
 11:     0.072  0.043  0.113  0.772       54
 12:     0.071  0.040  0.122  0.767       37
 13:     0.081  0.047  0.117  0.754       42
 14:     0.064  0.042  0.119  0.774       42
 15:     0.074  0.042  0.122  0.763       49
 16:     0.080  0.044  0.116  0.760      124
 17:     0.070  0.044  0.120  0.766       24
 18:     0.053  0.042  0.125  0.779       34
 19:     0.076  0.042  0.116  0.765       52
 20:     0.034  0.033  0.135  0.798        1
 21:     0.021  0.131  0.154  0.695        1
 22:     0.036  0.039  0.146  0.779        1
 23:     0.124  0.105  0.096  0.674        1
 24:     0.070  0.022  0.115  0.794        1
 25:     0.088  0.060  0.088  0.764        1
 26:     0.040  0.085  0.131  0.744        1
 27:     0.097  0.093  0.094  0.716        1
 28:     0.008  0.028  0.136  0.828        1
 29:     0.003  0.051  0.139  0.807        1
 30:     0.150  0.057  0.137  0.656        1
 31:     0.199  0.039  0.109  0.654        1
 32:     0.009  0.045  0.116  0.830        1
 33:     0.116  0.021  0.159  0.704        1
 34:     0.016  0.041  0.164  0.780        1
 35:     0.046  0.050  0.115  0.789        1
 36:     0.063  0.074  0.099  0.763        1
 37:     0.028  0.076  0.100  0.795        1
 38:     0.064  0.136  0.104  0.695        1
 39:     0.050  0.064  0.146  0.740        1
 40:     0.049  0.063  0.156  0.732        1
 41:     0.006  0.059  0.147  0.788        1
 42:     0.073  0.079  0.115  0.734        1
 43:     0.082  0.071  0.127  0.719        1
 44:     0.111  0.049  0.128  0.712        1
 45:     0.074  0.048  0.152  0.726        1
 46:     0.077  0.125  0.085  0.713        1
 47:     0.023  0.074  0.118  0.786        1
 48:     0.057  0.056  0.109  0.778        1
 49:     0.042  0.040  0.144  0.774        1
 50:     0.349  0.056  0.091  0.504        1
 51:     0.178  0.064  0.095  0.663        1
 52:     0.093  0.122  0.142  0.642        1
 53:     0.102  0.033  0.106  0.759        1
 54:     0.009  0.000  0.991  0.000        1
 55:     0.001  0.000  0.999  0.000        1
 56:     0.001  0.025  0.871  0.102        1
 57:     0.002  0.000  0.966  0.033        1
 58:     0.006  0.000  0.926  0.068        1
 59:     0.053  0.003  0.837  0.107        1
 60:     0.003  0.002  0.994  0.000        1
 61:     0.000  0.004  0.996  0.000        1
 62:     0.457  0.062  0.035  0.445        1
 63:     0.026  0.032  0.942  0.000        1
 64:     0.001  0.000  0.998  0.001        1
 65:     0.000  0.000  0.999  0.000        1
 66:     0.012  0.017  0.971  0.000        1
 67:     0.070  0.084  0.650  0.196        1
 68:     0.003  0.010  0.962  0.024        1
 69:     0.003  0.001  0.994  0.002        1
 70:     0.017  0.004  0.827  0.152        1
 71:     0.001  0.003  0.995  0.000        1
 72:     0.000  0.000  1.000  0.000        1
 73:     0.000  0.000  1.000  0.000        1
 74:     0.007  0.004  0.822  0.167        1
 75:     0.000  0.000  1.000  0.000        1
 76:     0.571  0.167  0.009  0.253        1
 77:     0.000  0.000  1.000  0.000        1
 78:     0.065  0.000  0.853  0.082        1
 79:     0.000  0.000  0.999  0.000        1
 80:     0.004  0.002  0.988  0.007        1
 81:     0.003  0.000  0.993  0.004        1
 82:     0.075  0.115  0.529  0.282        1
 83:     0.006  0.000  0.991  0.003        1
 84:     0.024  0.971  0.001  0.005        1
 85:     0.040  0.936  0.016  0.008        1
 86:     0.004  0.868  0.034  0.094        1
 87:     0.012  0.986  0.000  0.002        1
 88:     0.000  1.000  0.000  0.000        1
 89:     0.001  0.963  0.003  0.032        1
 90:     0.006  0.993  0.001  0.000        1
 91:     0.000  0.974  0.003  0.023        1
 92:     0.003  0.859  0.000  0.138        1
 93:     0.050  0.950  0.000  0.000        1
 94:     0.021  0.905  0.000  0.074        1
 95:     0.004  0.917  0.003  0.076        1
 96:     0.002  0.994  0.002  0.002        1
 97:     0.000  0.971  0.027  0.002        1
 98:     0.000  0.985  0.005  0.011        1
 99:     0.000  0.998  0.002  0.000        1
100:     0.000  0.997  0.002  0.000        1
101:     0.018  0.788  0.027  0.167        1
102:     0.000  0.810  0.028  0.162        1
103:     0.011  0.969  0.000  0.020        1
104:     0.001  0.976  0.021  0.003        1
105:     0.009  0.926  0.051  0.014        1
106:     0.011  0.802  0.030  0.157        1
107:     0.012  0.985  0.004  0.000        1
108:     0.031  0.851  0.003  0.115        1
109:     0.108  0.757  0.013  0.123        1
110:     0.001  0.757  0.035  0.207        1
111:     0.000  0.997  0.000  0.003        1
112:     0.000  0.997  0.000  0.003        1
113:     0.018  0.970  0.001  0.011        1
114:     0.007  0.972  0.018  0.003        1
115:     0.000  0.941  0.020  0.039        1
116:     0.005  0.994  0.001  0.001        1
117:     0.041  0.948  0.000  0.011        1
118:     0.002  0.986  0.013  0.000        1
119:     0.000  0.847  0.021  0.132        1
120:     0.001  0.949  0.025  0.025        1
121:     0.009  0.973  0.015  0.003        1
122:     0.002  0.938  0.021  0.038        1
123:     0.004  0.994  0.000  0.001        1
124:     0.087  0.841  0.002  0.070        1
125:     0.002  0.993  0.001  0.004        1
126:     0.002  0.875  0.032  0.090        1
127:     0.023  0.901  0.001  0.074        1
128:     0.002  0.978  0.010  0.009        1
129:     0.001  0.997  0.000  0.002        1
130:     0.039  0.948  0.001  0.012        1
131:     0.004  0.986  0.006  0.004        1
132:     0.066  0.824  0.001  0.109        1
133:     0.096  0.901  0.002  0.001        1
134:     0.004  0.837  0.017  0.142        1
135:     0.000  0.834  0.004  0.162        1
136:     0.001  0.991  0.007  0.001        1
137:     0.004  0.987  0.002  0.007        1
138:     0.003  0.994  0.002  0.001        1
139:     0.062  0.927  0.006  0.005        1
140:     0.091  0.903  0.002  0.004        1
141:     0.001  0.998  0.000  0.000        1
142:     0.003  0.876  0.003  0.118        1
143:     0.065  0.934  0.001  0.000        1
144:     0.004  0.955  0.033  0.008        1
145:     0.007  0.968  0.009  0.016        1
146:     0.031  0.957  0.011  0.000        1
147:     0.002  0.980  0.003  0.015        1
148:     0.158  0.129  0.141  0.572        1
149:     0.208  0.106  0.096  0.589        1
150:     0.031  0.119  0.119  0.731        1
151:     0.044  0.052  0.133  0.771        1
152:     0.135  0.052  0.089  0.724        1
153:     0.037  0.035  0.099  0.830        1
154:     0.060  0.069  0.127  0.744        1
155:     0.040  0.065  0.105  0.790        1
156:     0.083  0.029  0.132  0.757        1
157:     0.075  0.062  0.107  0.755        1
158:     0.058  0.096  0.131  0.714        1
159:     0.079  0.034  0.103  0.784        1
160:     0.088  0.036  0.102  0.774        1
161:     0.113  0.110  0.128  0.649        1
162:     0.003  0.048  0.150  0.798        1
163:     0.081  0.088  0.160  0.671        1
164:     0.055  0.060  0.144  0.741        1
165:     0.094  0.112  0.103  0.690        1
166:     0.115  0.002  0.124  0.759        1
167:     0.114  0.048  0.128  0.710        1
168:     0.001  0.056  0.142  0.802        1
169:     0.046  0.105  0.122  0.727        1
170:     0.004  0.079  0.147  0.770        1
171:     0.091  0.044  0.117  0.747        1
172:     0.071  0.063  0.155  0.712        1
173:     0.051  0.047  0.118  0.784        1
174:     0.076  0.069  0.131  0.724        1
175:     0.073  0.043  0.117  0.768       50
176:     0.062  0.041  0.116  0.781       49
177:     0.069  0.041  0.114  0.776       50
178:     0.077  0.042  0.122  0.759       49
179:     0.080  0.048  0.114  0.758       23
180:     0.062  0.041  0.120  0.776       49
181:     0.992  0.002  0.003  0.003       30
182:     0.971  0.003  0.009  0.016       30
183:     0.129  0.064  0.101  0.705       34
184:     0.069  0.037  0.113  0.780       36
