

----------------------------------------------------
STRUCTURE by Pritchard, Stephens and Donnelly (2000)
     and Falush, Stephens and Pritchard (2003)
       Code by Pritchard, Falush and Hubisz
             Version 2.3.4 (Jul 2012)
----------------------------------------------------


Reading file "/workdir/yc2644/CV_CT_array/structure/threader_input/mainparams".
Reading file "/workdir/yc2644/CV_CT_array/structure/threader_input/extraparams".
Reading file "/workdir/yc2644/CV_CT_array/structure/threader_input/n1601.recode.strct_in".


Data file "/workdir/yc2644/CV_CT_array/structure/threader_input/n1601.recode.strct_in" (truncated) --

Ind:   Label Pop : Genotype_data . . . .
  1:  001s    1  :  2   1   2   2   2   1   2  . . . .   2
  1:  001s    1  :  2   2   2   2   2   2   2  . . . .   2
  2:  002s    1  :  2   2   2   2   1   1   2  . . . .   2
  2:  002s    1  :  2   2   2   2   2   2   2  . . . .   2
  3:  003s    1  :  1   2   1   2   2   2   2  . . . .   1
  3:  003s    1  :  2   2   1   2   2   2   2  . . . .   2
  4:  004s    1  :  1   1   2   2   1   2   2  . . . .   1
  4:  004s    1  :  2   1   2   2   2   2   2  . . . .   2

      *******   

1600:    49  192  :  2   2   2   2   2   1   2  . . . .   1
1600:    49  192  :  2   2   2   2   2   2   2  . . . .   2
1601:    50  192  :  2   1   2   2   1   2   2  . . . .   1
1601:    50  192  :  2   2   2   2   2   2   2  . . . .   2

Number of alleles per locus: min= 2; ave=2.0; max= 2


--------------------------------------

Finished initialization; starting MCMC 
100000 iterations + 10000 burnin


--------------------------------------------
Proportion of membership of each pre-defined
 population in each of the 4 clusters

Given    Inferred Clusters              Number of
 Pop       1      2      3      4      Individuals

  1:     0.144  0.348  0.279  0.229       54
  2:     0.146  0.334  0.293  0.227       30
  3:     0.648  0.119  0.147  0.086       30
  4:     0.749  0.080  0.096  0.076       20
  5:     0.733  0.073  0.100  0.094       30
  6:     0.136  0.355  0.276  0.233       43
  7:     0.135  0.356  0.275  0.233       44
  8:     0.140  0.337  0.269  0.254        4
  9:     0.080  0.383  0.304  0.233       22
 10:     0.107  0.364  0.280  0.249       24
 11:     0.136  0.350  0.279  0.236       54
 12:     0.135  0.390  0.256  0.218       37
 13:     0.147  0.362  0.243  0.248       42
 14:     0.138  0.350  0.277  0.235       42
 15:     0.132  0.334  0.300  0.233       49
 16:     0.144  0.346  0.283  0.227      124
 17:     0.139  0.369  0.250  0.242       24
 18:     0.136  0.368  0.271  0.226       34
 19:     0.132  0.354  0.283  0.231       52
 20:     0.095  0.376  0.265  0.263        1
 21:     0.108  0.368  0.277  0.247        1
 22:     0.131  0.536  0.091  0.242        1
 23:     0.156  0.296  0.261  0.287        1
 24:     0.123  0.095  0.492  0.290        1
 25:     0.185  0.216  0.270  0.329        1
 26:     0.113  0.473  0.120  0.294        1
 27:     0.115  0.422  0.157  0.306        1
 28:     0.143  0.374  0.227  0.256        1
 29:     0.092  0.458  0.223  0.227        1
 30:     0.195  0.302  0.217  0.286        1
 31:     0.252  0.386  0.152  0.210        1
 32:     0.130  0.406  0.170  0.293        1
 33:     0.199  0.277  0.277  0.246        1
 34:     0.098  0.275  0.347  0.280        1
 35:     0.168  0.394  0.197  0.240        1
 36:     0.152  0.381  0.254  0.213        1
 37:     0.122  0.387  0.197  0.293        1
 38:     0.253  0.250  0.111  0.385        1
 39:     0.166  0.120  0.500  0.214        1
 40:     0.178  0.352  0.174  0.296        1
 41:     0.094  0.350  0.222  0.334        1
 42:     0.166  0.412  0.152  0.271        1
 43:     0.169  0.306  0.241  0.285        1
 44:     0.110  0.163  0.510  0.217        1
 45:     0.136  0.389  0.258  0.216        1
 46:     0.191  0.309  0.253  0.248        1
 47:     0.067  0.509  0.083  0.342        1
 48:     0.074  0.501  0.179  0.247        1
 49:     0.037  0.379  0.394  0.190        1
 50:     0.395  0.109  0.305  0.191        1
 51:     0.310  0.318  0.106  0.265        1
 52:     0.164  0.308  0.280  0.247        1
 53:     0.167  0.147  0.491  0.196        1
 54:     0.258  0.009  0.557  0.176        1
 55:     0.326  0.126  0.460  0.088        1
 56:     0.154  0.045  0.492  0.310        1
 57:     0.192  0.109  0.554  0.145        1
 58:     0.224  0.121  0.445  0.210        1
 59:     0.255  0.088  0.398  0.259        1
 60:     0.274  0.076  0.382  0.268        1
 61:     0.255  0.046  0.620  0.079        1
 62:     0.436  0.344  0.178  0.042        1
 63:     0.217  0.088  0.351  0.344        1
 64:     0.210  0.088  0.589  0.113        1
 65:     0.226  0.042  0.521  0.211        1
 66:     0.261  0.078  0.404  0.256        1
 67:     0.253  0.082  0.472  0.194        1
 68:     0.223  0.026  0.493  0.258        1
 69:     0.265  0.023  0.419  0.292        1
 70:     0.224  0.034  0.505  0.237        1
 71:     0.139  0.245  0.387  0.229        1
 72:     0.242  0.001  0.498  0.259        1
 73:     0.226  0.093  0.397  0.284        1
 74:     0.239  0.109  0.512  0.141        1
 75:     0.154  0.093  0.471  0.282        1
 76:     0.462  0.205  0.263  0.070        1
 77:     0.252  0.147  0.425  0.176        1
 78:     0.256  0.155  0.326  0.263        1
 79:     0.220  0.222  0.310  0.247        1
 80:     0.229  0.082  0.449  0.240        1
 81:     0.291  0.067  0.424  0.218        1
 82:     0.227  0.143  0.288  0.342        1
 83:     0.219  0.039  0.731  0.012        1
 84:     0.152  0.007  0.038  0.803        1
 85:     0.181  0.015  0.029  0.774        1
 86:     0.120  0.014  0.009  0.857        1
 87:     0.093  0.042  0.036  0.829        1
 88:     0.046  0.013  0.017  0.924        1
 89:     0.125  0.020  0.003  0.852        1
 90:     0.180  0.019  0.017  0.784        1
 91:     0.138  0.008  0.039  0.814        1
 92:     0.117  0.006  0.029  0.847        1
 93:     0.174  0.002  0.027  0.798        1
 94:     0.132  0.014  0.077  0.777        1
 95:     0.154  0.000  0.050  0.796        1
 96:     0.074  0.014  0.059  0.853        1
 97:     0.170  0.011  0.012  0.807        1
 98:     0.087  0.001  0.123  0.789        1
 99:     0.125  0.009  0.013  0.852        1
100:     0.175  0.004  0.005  0.816        1
101:     0.159  0.081  0.006  0.754        1
102:     0.141  0.041  0.074  0.745        1
103:     0.081  0.016  0.011  0.892        1
104:     0.118  0.027  0.023  0.832        1
105:     0.186  0.039  0.023  0.752        1
106:     0.114  0.029  0.111  0.746        1
107:     0.143  0.018  0.048  0.790        1
108:     0.155  0.060  0.051  0.734        1
109:     0.227  0.042  0.028  0.703        1
110:     0.124  0.033  0.084  0.758        1
111:     0.096  0.011  0.036  0.857        1
112:     0.118  0.002  0.029  0.851        1
113:     0.172  0.012  0.053  0.762        1
114:     0.005  0.011  0.066  0.918        1
115:     0.061  0.015  0.040  0.884        1
116:     0.095  0.003  0.026  0.876        1
117:     0.191  0.020  0.048  0.741        1
118:     0.121  0.023  0.023  0.833        1
119:     0.123  0.061  0.077  0.740        1
120:     0.125  0.020  0.009  0.847        1
121:     0.151  0.020  0.017  0.812        1
122:     0.124  0.017  0.024  0.834        1
123:     0.104  0.014  0.035  0.847        1
124:     0.164  0.030  0.016  0.790        1
125:     0.084  0.006  0.044  0.865        1
126:     0.091  0.010  0.023  0.876        1
127:     0.165  0.002  0.011  0.822        1
128:     0.153  0.017  0.027  0.802        1
129:     0.069  0.009  0.002  0.920        1
130:     0.191  0.012  0.064  0.733        1
131:     0.125  0.022  0.016  0.838        1
132:     0.059  0.007  0.031  0.904        1
133:     0.202  0.021  0.016  0.761        1
134:     0.129  0.022  0.065  0.784        1
135:     0.130  0.009  0.065  0.796        1
136:     0.148  0.023  0.046  0.783        1
137:     0.114  0.003  0.048  0.834        1
138:     0.052  0.054  0.009  0.885        1
139:     0.135  0.012  0.000  0.853        1
140:     0.230  0.021  0.053  0.696        1
141:     0.084  0.034  0.046  0.836        1
142:     0.204  0.010  0.025  0.760        1
143:     0.154  0.004  0.020  0.822        1
144:     0.169  0.010  0.031  0.789        1
145:     0.132  0.014  0.052  0.802        1
146:     0.166  0.004  0.012  0.818        1
147:     0.177  0.005  0.049  0.769        1
148:     0.220  0.297  0.225  0.258        1
149:     0.240  0.300  0.218  0.242        1
150:     0.138  0.257  0.310  0.295        1
151:     0.024  0.202  0.606  0.168        1
152:     0.206  0.306  0.264  0.223        1
153:     0.150  0.351  0.240  0.259        1
154:     0.096  0.299  0.433  0.173        1
155:     0.116  0.287  0.377  0.220        1
156:     0.141  0.331  0.367  0.161        1
157:     0.101  0.531  0.231  0.137        1
158:     0.037  0.341  0.314  0.308        1
159:     0.133  0.307  0.362  0.197        1
160:     0.123  0.438  0.205  0.234        1
161:     0.182  0.484  0.011  0.323        1
162:     0.090  0.190  0.386  0.334        1
163:     0.082  0.383  0.279  0.256        1
164:     0.102  0.362  0.370  0.165        1
165:     0.203  0.256  0.301  0.240        1
166:     0.139  0.356  0.345  0.160        1
167:     0.157  0.253  0.380  0.211        1
168:     0.061  0.267  0.421  0.252        1
169:     0.153  0.284  0.269  0.293        1
170:     0.131  0.512  0.092  0.266        1
171:     0.145  0.351  0.249  0.254        1
172:     0.200  0.229  0.341  0.229        1
173:     0.075  0.397  0.313  0.215        1
174:     0.134  0.377  0.232  0.258        1
175:     0.138  0.335  0.304  0.223       50
176:     0.130  0.324  0.320  0.227       49
177:     0.128  0.356  0.294  0.222       50
178:     0.137  0.346  0.294  0.223       49
179:     0.140  0.349  0.305  0.207       23
180:     0.125  0.330  0.323  0.222       49
181:     0.879  0.053  0.048  0.020       30
182:     0.796  0.057  0.118  0.030       30
183:     0.170  0.344  0.259  0.228       34
184:     0.126  0.350  0.286  0.238       36
185:     0.144  0.373  0.265  0.218       40
186:     0.116  0.370  0.304  0.211       39
187:     0.143  0.323  0.309  0.225       37
188:     0.141  0.340  0.318  0.201       40
189:     0.146  0.355  0.277  0.222       35
190:     0.135  0.346  0.308  0.211       28
191:     0.133  0.352  0.300  0.215       36
192:     0.144  0.352  0.295  0.209       32
--------------------------------------------

 Rep#:   Lambda   Alpha      F1    F2    F3    F4     D1,2  D1,3  D1,4  D2,3  D2,4  D3,4    Ln Like 
  100:    1.00    1.739    0.210 0.020 0.010 0.123    0.037 0.034 0.048 0.004 0.030 0.026   --  
  200:    1.00    1.403    0.186 0.052 0.013 0.191    0.036 0.031 0.047 0.010 0.043 0.036   --  
  300:    1.00    1.206    0.168 0.131 0.120 0.155    0.041 0.039 0.044 0.044 0.049 0.043   --  
  400:    1.00    1.084    0.151 0.160 0.218 0.144    0.042 0.048 0.042 0.065 0.048 0.051   --  
  500:    1.00    1.065    0.145 0.152 0.234 0.136    0.040 0.050 0.041 0.066 0.046 0.053   --  
  600:    1.00    1.008    0.142 0.139 0.244 0.133    0.038 0.051 0.041 0.065 0.044 0.053   --  
  700:    1.00    0.971    0.148 0.126 0.249 0.137    0.037 0.051 0.041 0.063 0.042 0.055   --  
  800:    1.00    0.939    0.141 0.123 0.252 0.135    0.035 0.052 0.041 0.062 0.041 0.055   --  
  900:    1.00    0.899    0.138 0.118 0.249 0.132    0.034 0.052 0.041 0.060 0.039 0.055   --  

--------------------------------------------
Proportion of membership of each pre-defined
 population in each of the 4 clusters

Given    Inferred Clusters              Number of
 Pop       1      2      3      4      Individuals

  1:     0.113  0.552  0.194  0.141       54
  2:     0.114  0.559  0.199  0.127       30
  3:     0.724  0.113  0.083  0.080       30
  4:     0.841  0.024  0.043  0.091       20
  5:     0.778  0.059  0.054  0.108       30
  6:     0.107  0.558  0.197  0.138       43
  7:     0.113  0.567  0.191  0.129       44
  8:     0.058  0.605  0.198  0.140        4
  9:     0.064  0.599  0.201  0.136       22
 10:     0.069  0.589  0.202  0.140       24
 11:     0.104  0.568  0.186  0.141       54
 12:     0.107  0.569  0.196  0.127       37
 13:     0.117  0.555  0.193  0.135       42
 14:     0.112  0.564  0.196  0.127       42
 15:     0.113  0.559  0.194  0.135       49
 16:     0.117  0.559  0.192  0.132      124
 17:     0.107  0.563  0.199  0.132       24
 18:     0.096  0.571  0.198  0.134       34
 19:     0.111  0.560  0.196  0.132       52
 20:     0.061  0.599  0.199  0.141        1
 21:     0.073  0.538  0.216  0.172        1
 22:     0.116  0.560  0.213  0.112        1
 23:     0.088  0.542  0.172  0.198        1
 24:     0.097  0.581  0.204  0.117        1
 25:     0.195  0.511  0.171  0.122        1
 26:     0.075  0.574  0.194  0.157        1
 27:     0.167  0.526  0.165  0.142        1
 28:     0.092  0.541  0.203  0.164        1
 29:     0.061  0.551  0.219  0.169        1
 30:     0.171  0.508  0.183  0.139        1
 31:     0.231  0.478  0.191  0.100        1
 32:     0.053  0.591  0.195  0.162        1
 33:     0.163  0.501  0.196  0.140        1
 34:     0.065  0.539  0.237  0.158        1
 35:     0.103  0.586  0.191  0.121        1
 36:     0.127  0.538  0.190  0.145        1
 37:     0.123  0.585  0.163  0.129        1
 38:     0.130  0.491  0.197  0.182        1
 39:     0.087  0.523  0.220  0.170        1
 40:     0.157  0.498  0.183  0.162        1
 41:     0.067  0.591  0.194  0.147        1
 42:     0.104  0.567  0.210  0.120        1
 43:     0.095  0.563  0.194  0.148        1
 44:     0.196  0.526  0.164  0.114        1
 45:     0.057  0.542  0.237  0.165        1
 46:     0.096  0.545  0.175  0.184        1
 47:     0.086  0.592  0.206  0.116        1
 48:     0.078  0.579  0.197  0.145        1
 49:     0.047  0.553  0.243  0.157        1
 50:     0.390  0.339  0.146  0.126        1
 51:     0.246  0.456  0.190  0.107        1
 52:     0.130  0.505  0.183  0.182        1
 53:     0.149  0.531  0.171  0.148        1
 54:     0.003  0.000  0.997  0.000        1
 55:     0.001  0.002  0.996  0.002        1
 56:     0.005  0.072  0.865  0.058        1
 57:     0.007  0.036  0.941  0.015        1
 58:     0.023  0.032  0.914  0.031        1
 59:     0.025  0.061  0.883  0.031        1
 60:     0.007  0.004  0.987  0.002        1
 61:     0.000  0.000  0.999  0.000        1
 62:     0.444  0.350  0.075  0.131        1
 63:     0.012  0.000  0.960  0.028        1
 64:     0.000  0.000  0.998  0.001        1
 65:     0.000  0.000  0.999  0.001        1
 66:     0.004  0.001  0.971  0.024        1
 67:     0.069  0.129  0.671  0.131        1
 68:     0.030  0.022  0.925  0.024        1
 69:     0.006  0.000  0.991  0.002        1
 70:     0.037  0.084  0.844  0.035        1
 71:     0.001  0.001  0.997  0.001        1
 72:     0.000  0.000  1.000  0.000        1
 73:     0.001  0.000  0.996  0.002        1
 74:     0.043  0.083  0.827  0.047        1
 75:     0.001  0.001  0.998  0.000        1
 76:     0.597  0.173  0.026  0.203        1
 77:     0.001  0.000  0.995  0.004        1
 78:     0.091  0.032  0.859  0.018        1
 79:     0.000  0.000  0.999  0.001        1
 80:     0.001  0.001  0.982  0.016        1
 81:     0.004  0.000  0.994  0.001        1
 82:     0.096  0.126  0.560  0.218        1
 83:     0.000  0.001  0.998  0.001        1
 84:     0.032  0.004  0.012  0.952        1
 85:     0.021  0.004  0.005  0.970        1
 86:     0.005  0.052  0.053  0.890        1
 87:     0.001  0.008  0.008  0.983        1
 88:     0.004  0.000  0.000  0.996        1
 89:     0.000  0.012  0.009  0.979        1
 90:     0.000  0.003  0.001  0.996        1
 91:     0.014  0.000  0.003  0.983        1
 92:     0.019  0.084  0.016  0.881        1
 93:     0.050  0.001  0.009  0.940        1
 94:     0.015  0.059  0.001  0.926        1
 95:     0.049  0.006  0.007  0.939        1
 96:     0.001  0.003  0.001  0.994        1
 97:     0.022  0.000  0.034  0.944        1
 98:     0.001  0.012  0.027  0.959        1
 99:     0.000  0.002  0.003  0.994        1
100:     0.001  0.003  0.002  0.994        1
101:     0.058  0.117  0.023  0.802        1
102:     0.032  0.079  0.044  0.844        1
103:     0.003  0.013  0.000  0.984        1
104:     0.004  0.007  0.004  0.985        1
105:     0.056  0.003  0.045  0.897        1
106:     0.007  0.108  0.063  0.821        1
107:     0.023  0.001  0.019  0.958        1
108:     0.030  0.110  0.020  0.839        1
109:     0.073  0.103  0.042  0.782        1
110:     0.004  0.140  0.056  0.801        1
111:     0.025  0.011  0.001  0.963        1
112:     0.000  0.003  0.002  0.995        1
113:     0.020  0.002  0.018  0.959        1
114:     0.011  0.001  0.003  0.985        1
115:     0.007  0.015  0.007  0.971        1
116:     0.003  0.000  0.004  0.993        1
117:     0.048  0.015  0.000  0.937        1
118:     0.001  0.002  0.018  0.980        1
119:     0.010  0.097  0.016  0.877        1
120:     0.000  0.006  0.040  0.954        1
121:     0.015  0.013  0.003  0.969        1
122:     0.003  0.018  0.028  0.952        1
123:     0.002  0.001  0.015  0.982        1
124:     0.087  0.030  0.022  0.862        1
125:     0.005  0.008  0.003  0.985        1
126:     0.001  0.062  0.037  0.900        1
127:     0.025  0.022  0.014  0.938        1
128:     0.001  0.004  0.038  0.958        1
129:     0.001  0.002  0.004  0.994        1
130:     0.025  0.024  0.018  0.933        1
131:     0.001  0.010  0.002  0.987        1
132:     0.056  0.063  0.010  0.871        1
133:     0.076  0.023  0.005  0.896        1
134:     0.006  0.095  0.033  0.867        1
135:     0.038  0.102  0.030  0.829        1
136:     0.003  0.000  0.002  0.994        1
137:     0.005  0.000  0.004  0.991        1
138:     0.000  0.000  0.004  0.995        1
139:     0.056  0.006  0.003  0.935        1
140:     0.064  0.002  0.016  0.918        1
141:     0.000  0.006  0.007  0.986        1
142:     0.020  0.049  0.016  0.915        1
143:     0.054  0.002  0.002  0.942        1
144:     0.027  0.013  0.005  0.955        1
145:     0.007  0.002  0.002  0.988        1
146:     0.020  0.016  0.002  0.962        1
147:     0.006  0.006  0.002  0.985        1
148:     0.167  0.449  0.184  0.199        1
149:     0.209  0.474  0.156  0.161        1
150:     0.055  0.584  0.190  0.171        1
151:     0.064  0.582  0.230  0.124        1
152:     0.139  0.542  0.193  0.127        1
153:     0.118  0.536  0.209  0.136        1
154:     0.065  0.579  0.193  0.163        1
155:     0.070  0.562  0.215  0.153        1
156:     0.109  0.518  0.226  0.147        1
157:     0.110  0.594  0.187  0.110        1
158:     0.069  0.564  0.206  0.161        1
159:     0.075  0.588  0.209  0.128        1
160:     0.121  0.550  0.200  0.129        1
161:     0.139  0.491  0.179  0.190        1
162:     0.125  0.545  0.194  0.136        1
163:     0.053  0.555  0.226  0.166        1
164:     0.139  0.540  0.186  0.134        1
165:     0.147  0.508  0.208  0.137        1
166:     0.116  0.590  0.179  0.115        1
167:     0.153  0.518  0.215  0.114        1
168:     0.082  0.606  0.189  0.122        1
169:     0.112  0.552  0.178  0.158        1
170:     0.056  0.541  0.218  0.185        1
171:     0.065  0.563  0.205  0.166        1
172:     0.126  0.544  0.209  0.121        1
173:     0.139  0.542  0.202  0.116        1
174:     0.106  0.526  0.191  0.178        1
175:     0.117  0.562  0.194  0.127       50
176:     0.103  0.571  0.196  0.130       49
177:     0.108  0.575  0.186  0.131       50
178:     0.115  0.557  0.196  0.132       49
179:     0.113  0.554  0.190  0.142       23
180:     0.105  0.566  0.197  0.132       49
181:     0.987  0.005  0.004  0.004       30
182:     0.963  0.012  0.015  0.010       30
183:     0.154  0.525  0.178  0.143       34
184:     0.109  0.574  0.192  0.125       36
185:     0.113  0.564  0.187  0.136       40
186:     0.095  0.575  0.196  0.134       39
187:     0.109  0.566  0.195  0.131       37
188:     0.121  0.558  0.190  0.131       40
189:     0.116  0.558  0.192  0.135       35
190:     0.123  0.556  0.194  0.127       28
191:     0.109  0.570  0.186  0.136       36
192:     0.110  0.566  0.200  0.124       32
--------------------------------------------

 Rep#:   Lambda   Alpha      F1    F2    F3    F4     D1,2  D1,3  D1,4  D2,3  D2,4  D3,4    Ln Like 
 1000:    1.00    0.864    0.141 0.103 0.249 0.135    0.033 0.051 0.041 0.058 0.038 0.054   --  
 1100:    1.00    0.827    0.142 0.091 0.253 0.134    0.032 0.051 0.041 0.056 0.037 0.054   --  
 1200:    1.00    0.808    0.143 0.088 0.253 0.134    0.030 0.052 0.041 0.055 0.036 0.056   --  
 1300:    1.00    0.803    0.145 0.083 0.253 0.133    0.031 0.052 0.042 0.054 0.035 0.055   --  
 1400:    1.00    0.755    0.142 0.079 0.241 0.136    0.030 0.052 0.041 0.052 0.034 0.055   --  
 1500:    1.00    0.720    0.145 0.075 0.256 0.132    0.029 0.053 0.041 0.052 0.033 0.056   --  
 1600:    1.00    0.710    0.142 0.069 0.252 0.136    0.028 0.052 0.041 0.052 0.033 0.056   --  
 1700:    1.00    0.721    0.141 0.069 0.248 0.130    0.028 0.052 0.041 0.050 0.032 0.056   --  
 1800:    1.00    0.644    0.140 0.066 0.248 0.134    0.027 0.052 0.041 0.050 0.032 0.056   --  
 1900:    1.00    0.648    0.137 0.058 0.249 0.137    0.027 0.053 0.041 0.049 0.031 0.056   --  

--------------------------------------------
Proportion of membership of each pre-defined
 population in each of the 4 clusters

Given    Inferred Clusters              Number of
 Pop       1      2      3      4      Individuals

  1:     0.096  0.676  0.141  0.087       54
  2:     0.093  0.680  0.143  0.084       30
  3:     0.724  0.138  0.067  0.071       30
  4:     0.860  0.025  0.033  0.082       20
  5:     0.795  0.078  0.034  0.093       30
  6:     0.087  0.687  0.137  0.088       43
  7:     0.088  0.699  0.132  0.081       44
  8:     0.061  0.701  0.150  0.089        4
  9:     0.043  0.729  0.144  0.084       22
 10:     0.055  0.715  0.142  0.088       24
 11:     0.087  0.691  0.134  0.088       54
 12:     0.086  0.690  0.145  0.079       37
 13:     0.097  0.677  0.137  0.089       42
 14:     0.089  0.695  0.138  0.079       42
 15:     0.092  0.686  0.135  0.087       49
 16:     0.097  0.675  0.140  0.089      124
 17:     0.084  0.690  0.141  0.086       24
 18:     0.076  0.695  0.144  0.085       34
 19:     0.095  0.681  0.142  0.082       52
 20:     0.038  0.708  0.177  0.077        1
 21:     0.070  0.630  0.156  0.144        1
 22:     0.068  0.710  0.147  0.074        1
 23:     0.083  0.674  0.119  0.124        1
 24:     0.053  0.674  0.146  0.128        1
 25:     0.124  0.657  0.106  0.112        1
 26:     0.089  0.653  0.143  0.115        1
 27:     0.096  0.646  0.146  0.111        1
 28:     0.058  0.717  0.145  0.081        1
 29:     0.030  0.699  0.161  0.111        1
 30:     0.135  0.649  0.127  0.090        1
 31:     0.269  0.524  0.131  0.076        1
 32:     0.033  0.747  0.130  0.089        1
 33:     0.126  0.625  0.192  0.057        1
 34:     0.054  0.693  0.146  0.107        1
 35:     0.075  0.709  0.111  0.104        1
 36:     0.136  0.650  0.118  0.096        1
 37:     0.076  0.716  0.093  0.116        1
 38:     0.084  0.647  0.093  0.176        1
 39:     0.020  0.702  0.169  0.110        1
 40:     0.090  0.600  0.164  0.146        1
 41:     0.034  0.683  0.175  0.108        1
 42:     0.105  0.637  0.124  0.134        1
 43:     0.075  0.686  0.158  0.081        1
 44:     0.125  0.626  0.162  0.087        1
 45:     0.062  0.670  0.171  0.097        1
 46:     0.072  0.647  0.111  0.170        1
 47:     0.071  0.690  0.147  0.092        1
 48:     0.054  0.713  0.150  0.083        1
 49:     0.048  0.708  0.176  0.069        1
 50:     0.384  0.393  0.099  0.123        1
 51:     0.261  0.509  0.133  0.096        1
 52:     0.095  0.666  0.133  0.106        1
 53:     0.104  0.647  0.137  0.112        1
 54:     0.000  0.003  0.996  0.001        1
 55:     0.001  0.001  0.999  0.000        1
 56:     0.000  0.106  0.849  0.045        1
 57:     0.001  0.025  0.959  0.014        1
 58:     0.003  0.077  0.907  0.013        1
 59:     0.041  0.059  0.896  0.003        1
 60:     0.000  0.003  0.997  0.000        1
 61:     0.003  0.000  0.996  0.001        1
 62:     0.442  0.430  0.062  0.066        1
 63:     0.036  0.005  0.949  0.010        1
 64:     0.000  0.001  0.998  0.001        1
 65:     0.000  0.002  0.998  0.000        1
 66:     0.000  0.014  0.977  0.009        1
 67:     0.036  0.189  0.653  0.122        1
 68:     0.001  0.030  0.951  0.018        1
 69:     0.000  0.000  0.997  0.002        1
 70:     0.003  0.153  0.803  0.041        1
 71:     0.000  0.000  0.999  0.000        1
 72:     0.001  0.000  0.998  0.001        1
 73:     0.001  0.000  0.998  0.000        1
 74:     0.051  0.142  0.803  0.004        1
 75:     0.000  0.000  1.000  0.000        1
 76:     0.566  0.241  0.002  0.191        1
 77:     0.000  0.000  0.999  0.001        1
 78:     0.058  0.066  0.855  0.021        1
 79:     0.001  0.000  0.997  0.001        1
 80:     0.000  0.011  0.988  0.001        1
 81:     0.000  0.000  0.999  0.000        1
 82:     0.060  0.229  0.554  0.158        1
 83:     0.001  0.000  0.998  0.000        1
 84:     0.024  0.001  0.000  0.975        1
 85:     0.051  0.000  0.000  0.949        1
 86:     0.006  0.057  0.045  0.892        1
 87:     0.001  0.001  0.004  0.993        1
 88:     0.000  0.001  0.008  0.991        1
 89:     0.006  0.010  0.000  0.984        1
 90:     0.002  0.002  0.010  0.986        1
 91:     0.002  0.001  0.001  0.996        1
 92:     0.016  0.115  0.012  0.857        1
 93:     0.071  0.001  0.002  0.926        1
 94:     0.014  0.073  0.004  0.908        1
 95:     0.048  0.061  0.004  0.887        1
 96:     0.002  0.000  0.003  0.995        1
 97:     0.016  0.003  0.025  0.956        1
 98:     0.008  0.002  0.027  0.964        1
 99:     0.000  0.000  0.001  0.998        1
100:     0.010  0.001  0.005  0.985        1
101:     0.038  0.170  0.037  0.755        1
102:     0.006  0.131  0.026  0.837        1
103:     0.001  0.006  0.000  0.992        1
104:     0.006  0.008  0.014  0.972        1
105:     0.039  0.000  0.024  0.936        1
106:     0.004  0.167  0.050  0.779        1
107:     0.002  0.009  0.006  0.984        1
108:     0.021  0.077  0.022  0.880        1
109:     0.039  0.141  0.053  0.767        1
110:     0.000  0.159  0.044  0.796        1
111:     0.001  0.011  0.014  0.973        1
112:     0.000  0.001  0.000  0.998        1
113:     0.011  0.004  0.000  0.985        1
114:     0.004  0.000  0.015  0.981        1
115:     0.002  0.026  0.020  0.951        1
116:     0.000  0.000  0.004  0.996        1
117:     0.056  0.017  0.002  0.925        1
118:     0.030  0.000  0.000  0.969        1
119:     0.020  0.073  0.025  0.881        1
120:     0.001  0.021  0.015  0.963        1
121:     0.000  0.016  0.010  0.973        1
122:     0.006  0.034  0.003  0.957        1
123:     0.001  0.004  0.003  0.992        1
124:     0.082  0.042  0.045  0.831        1
125:     0.001  0.005  0.005  0.989        1
126:     0.020  0.075  0.050  0.854        1
127:     0.011  0.041  0.016  0.932        1
128:     0.000  0.003  0.031  0.965        1
129:     0.000  0.000  0.000  0.999        1
130:     0.047  0.009  0.006  0.938        1
131:     0.002  0.002  0.010  0.987        1
132:     0.043  0.124  0.001  0.832        1
133:     0.072  0.003  0.002  0.923        1
134:     0.002  0.130  0.036  0.833        1
135:     0.030  0.130  0.006  0.833        1
136:     0.004  0.000  0.003  0.993        1
137:     0.008  0.012  0.000  0.980        1
138:     0.003  0.002  0.004  0.991        1
139:     0.070  0.002  0.017  0.910        1
140:     0.061  0.002  0.007  0.930        1
141:     0.001  0.003  0.000  0.995        1
142:     0.068  0.080  0.000  0.851        1
143:     0.049  0.000  0.016  0.934        1
144:     0.008  0.001  0.003  0.989        1
145:     0.000  0.001  0.004  0.995        1
146:     0.061  0.009  0.002  0.928        1
147:     0.007  0.000  0.007  0.986        1
148:     0.149  0.574  0.112  0.165        1
149:     0.162  0.565  0.121  0.152        1
150:     0.039  0.699  0.131  0.131        1
151:     0.030  0.694  0.164  0.113        1
152:     0.151  0.657  0.101  0.091        1
153:     0.057  0.724  0.129  0.090        1
154:     0.065  0.700  0.128  0.108        1
155:     0.086  0.698  0.127  0.089        1
156:     0.062  0.682  0.146  0.111        1
157:     0.090  0.675  0.141  0.094        1
158:     0.073  0.676  0.130  0.121        1
159:     0.025  0.736  0.168  0.072        1
160:     0.092  0.713  0.139  0.056        1
161:     0.121  0.619  0.156  0.103        1
162:     0.080  0.656  0.195  0.069        1
163:     0.061  0.676  0.180  0.083        1
164:     0.141  0.636  0.143  0.081        1
165:     0.099  0.611  0.160  0.129        1
166:     0.095  0.703  0.142  0.060        1
167:     0.123  0.614  0.161  0.102        1
168:     0.053  0.703  0.138  0.106        1
169:     0.072  0.679  0.137  0.113        1
170:     0.046  0.726  0.143  0.085        1
171:     0.040  0.757  0.126  0.076        1
172:     0.111  0.655  0.153  0.081        1
173:     0.109  0.672  0.126  0.093        1
174:     0.076  0.669  0.149  0.106        1
175:     0.089  0.687  0.139  0.086       50
176:     0.079  0.695  0.141  0.086       49
177:     0.086  0.698  0.137  0.080       50
178:     0.090  0.688  0.143  0.079       49
179:     0.094  0.677  0.138  0.091       23
180:     0.083  0.692  0.140  0.085       49
181:     0.991  0.002  0.004  0.003       30
182:     0.965  0.016  0.011  0.008       30
183:     0.143  0.633  0.119  0.105       34
184:     0.084  0.702  0.136  0.077       36
185:     0.090  0.687  0.133  0.089       40
186:     0.079  0.697  0.144  0.081       39
187:     0.086  0.689  0.136  0.088       37
188:     0.097  0.680  0.133  0.090       40
189:     0.096  0.684  0.136  0.084       35
190:     0.106  0.671  0.142  0.080       28
191:     0.084  0.695  0.134  0.087       36
192:     0.090  0.686  0.144  0.080       32
--------------------------------------------

 Rep#:   Lambda   Alpha      F1    F2    F3    F4     D1,2  D1,3  D1,4  D2,3  D2,4  D3,4    Ln Like 
 2000:    1.00    0.642    0.141 0.058 0.245 0.134    0.027 0.052 0.041 0.048 0.030 0.055   --  
 2100:    1.00    0.613    0.141 0.054 0.251 0.132    0.026 0.052 0.041 0.048 0.030 0.056   --  
 2200:    1.00    0.595    0.139 0.054 0.251 0.134    0.026 0.052 0.041 0.047 0.030 0.055   --  
 2300:    1.00    0.570    0.141 0.050 0.253 0.132    0.025 0.053 0.041 0.047 0.029 0.055   --  
 2400:    1.00    0.567    0.138 0.049 0.246 0.136    0.025 0.052 0.041 0.046 0.029 0.056   --  
 2500:    1.00    0.540    0.142 0.047 0.251 0.135    0.025 0.052 0.041 0.046 0.029 0.056   --  
 2600:    1.00    0.532    0.142 0.046 0.250 0.133    0.025 0.052 0.041 0.045 0.029 0.056   --  
 2700:    1.00    0.514    0.143 0.044 0.244 0.130    0.024 0.053 0.041 0.045 0.028 0.056   --  
 2800:    1.00    0.508    0.138 0.041 0.244 0.136    0.024 0.052 0.041 0.044 0.028 0.056   --  
 2900:    1.00    0.478    0.140 0.041 0.246 0.137    0.024 0.052 0.041 0.044 0.028 0.056   --  

--------------------------------------------
Proportion of membership of each pre-defined
 population in each of the 4 clusters

Given    Inferred Clusters              Number of
 Pop       1      2      3      4      Individuals

  1:     0.074  0.769  0.097  0.059       54
  2:     0.072  0.771  0.105  0.052       30
  3:     0.729  0.156  0.052  0.063       30
  4:     0.866  0.023  0.027  0.085       20
  5:     0.800  0.085  0.026  0.089       30
  6:     0.069  0.780  0.098  0.053       43
  7:     0.069  0.790  0.090  0.051       44
  8:     0.030  0.807  0.095  0.068        4
  9:     0.021  0.822  0.103  0.055       22
 10:     0.031  0.814  0.100  0.055       24
 11:     0.070  0.782  0.093  0.056       54
 12:     0.060  0.792  0.099  0.049       37
 13:     0.074  0.771  0.098  0.057       42
 14:     0.069  0.783  0.098  0.049       42
 15:     0.072  0.775  0.100  0.054       49
 16:     0.075  0.771  0.097  0.057      124
 17:     0.067  0.777  0.101  0.055       24
 18:     0.054  0.781  0.105  0.059       34
 19:     0.068  0.778  0.098  0.057       52
 20:     0.054  0.799  0.097  0.050        1
 21:     0.049  0.689  0.125  0.137        1
 22:     0.061  0.778  0.115  0.046        1
 23:     0.099  0.689  0.094  0.117        1
 24:     0.063  0.766  0.106  0.065        1
 25:     0.109  0.743  0.048  0.100        1
 26:     0.067  0.738  0.097  0.098        1
 27:     0.108  0.719  0.112  0.061        1
 28:     0.050  0.761  0.120  0.069        1
 29:     0.001  0.798  0.110  0.091        1
 30:     0.144  0.669  0.083  0.104        1
 31:     0.205  0.647  0.114  0.033        1
 32:     0.020  0.833  0.082  0.065        1
 33:     0.142  0.698  0.126  0.033        1
 34:     0.001  0.794  0.113  0.092        1
 35:     0.042  0.785  0.103  0.070        1
 36:     0.054  0.775  0.091  0.080        1
 37:     0.060  0.801  0.071  0.068        1
 38:     0.107  0.670  0.070  0.153        1
 39:     0.019  0.743  0.153  0.085        1
 40:     0.101  0.686  0.107  0.105        1
 41:     0.014  0.796  0.128  0.062        1
 42:     0.072  0.756  0.111  0.061        1
 43:     0.093  0.739  0.092  0.075        1
 44:     0.114  0.741  0.106  0.039        1
 45:     0.042  0.740  0.140  0.078        1
 46:     0.089  0.708  0.072  0.130        1
 47:     0.036  0.803  0.103  0.058        1
 48:     0.057  0.777  0.101  0.065        1
 49:     0.001  0.835  0.119  0.045        1
 50:     0.315  0.554  0.069  0.062        1
 51:     0.232  0.611  0.101  0.055        1
 52:     0.072  0.730  0.106  0.092        1
 53:     0.062  0.746  0.095  0.097        1
 54:     0.001  0.002  0.996  0.000        1
 55:     0.004  0.001  0.996  0.000        1
 56:     0.000  0.162  0.835  0.003        1
 57:     0.008  0.046  0.946  0.000        1
 58:     0.001  0.092  0.906  0.000        1
 59:     0.016  0.093  0.875  0.016        1
 60:     0.001  0.001  0.997  0.001        1
 61:     0.001  0.004  0.995  0.000        1
 62:     0.432  0.472  0.043  0.052        1
 63:     0.012  0.014  0.942  0.032        1
 64:     0.000  0.001  0.998  0.000        1
 65:     0.000  0.002  0.997  0.000        1
 66:     0.031  0.003  0.957  0.009        1
 67:     0.035  0.222  0.633  0.110        1
 68:     0.015  0.029  0.942  0.014        1
 69:     0.003  0.005  0.989  0.003        1
 70:     0.000  0.145  0.827  0.028        1
 71:     0.001  0.000  0.998  0.001        1
 72:     0.000  0.002  0.998  0.000        1
 73:     0.001  0.000  0.999  0.000        1
 74:     0.070  0.131  0.780  0.019        1
 75:     0.001  0.000  0.999  0.000        1
 76:     0.557  0.268  0.019  0.155        1
 77:     0.001  0.000  0.993  0.006        1
 78:     0.056  0.106  0.823  0.014        1
 79:     0.000  0.000  0.999  0.000        1
 80:     0.001  0.011  0.986  0.002        1
 81:     0.000  0.000  0.998  0.002        1
 82:     0.043  0.238  0.556  0.163        1
 83:     0.001  0.000  0.995  0.003        1
 84:     0.033  0.001  0.006  0.961        1
 85:     0.031  0.022  0.007  0.940        1
 86:     0.006  0.079  0.023  0.892        1
 87:     0.003  0.000  0.000  0.997        1
 88:     0.001  0.004  0.001  0.994        1
 89:     0.002  0.053  0.007  0.938        1
 90:     0.001  0.005  0.000  0.994        1
 91:     0.023  0.029  0.001  0.947        1
 92:     0.005  0.164  0.013  0.819        1
 93:     0.073  0.000  0.000  0.927        1
 94:     0.002  0.063  0.000  0.935        1
 95:     0.014  0.092  0.001  0.893        1
 96:     0.003  0.005  0.001  0.991        1
 97:     0.003  0.000  0.013  0.984        1
 98:     0.002  0.011  0.001  0.985        1
 99:     0.000  0.000  0.000  0.999        1
100:     0.000  0.000  0.000  0.999        1
101:     0.034  0.177  0.011  0.777        1
102:     0.002  0.152  0.027  0.818        1
103:     0.000  0.007  0.001  0.993        1
104:     0.001  0.000  0.013  0.986        1
105:     0.052  0.000  0.010  0.938        1
106:     0.000  0.169  0.027  0.804        1
107:     0.002  0.019  0.009  0.971        1
108:     0.002  0.143  0.001  0.855        1
109:     0.082  0.142  0.037  0.739        1
110:     0.002  0.178  0.029  0.791        1
111:     0.006  0.000  0.001  0.993        1
112:     0.002  0.000  0.001  0.997        1
113:     0.031  0.004  0.003  0.962        1
114:     0.019  0.000  0.017  0.963        1
115:     0.004  0.064  0.002  0.930        1
116:     0.000  0.004  0.003  0.992        1
117:     0.059  0.005  0.000  0.936        1
118:     0.003  0.000  0.031  0.966        1
119:     0.000  0.125  0.012  0.864        1
120:     0.008  0.010  0.026  0.955        1
121:     0.020  0.025  0.003  0.952        1
122:     0.002  0.040  0.037  0.920        1
123:     0.000  0.000  0.002  0.997        1
124:     0.103  0.035  0.001  0.861        1
125:     0.000  0.000  0.004  0.996        1
126:     0.001  0.088  0.042  0.870        1
127:     0.026  0.049  0.014  0.911        1
128:     0.035  0.008  0.019  0.937        1
129:     0.000  0.001  0.004  0.996        1
130:     0.051  0.023  0.014  0.912        1
131:     0.000  0.000  0.018  0.981        1
132:     0.064  0.104  0.000  0.832        1
133:     0.072  0.013  0.016  0.899        1
134:     0.017  0.104  0.025  0.855        1
135:     0.008  0.189  0.006  0.798        1
136:     0.000  0.000  0.000  0.999        1
137:     0.005  0.000  0.000  0.995        1
138:     0.007  0.000  0.019  0.974        1
139:     0.061  0.010  0.003  0.927        1
140:     0.052  0.033  0.009  0.906        1
141:     0.000  0.000  0.003  0.997        1
142:     0.034  0.070  0.000  0.896        1
143:     0.028  0.002  0.002  0.968        1
144:     0.000  0.021  0.000  0.979        1
145:     0.001  0.001  0.004  0.995        1
146:     0.018  0.006  0.009  0.967        1
147:     0.005  0.003  0.000  0.992        1
148:     0.095  0.645  0.114  0.146        1
149:     0.196  0.609  0.103  0.091        1
150:     0.006  0.771  0.087  0.136        1
151:     0.031  0.813  0.107  0.048        1
152:     0.143  0.729  0.085  0.043        1
153:     0.052  0.773  0.108  0.066        1
154:     0.029  0.795  0.107  0.069        1
155:     0.061  0.797  0.089  0.052        1
156:     0.078  0.747  0.137  0.039        1
157:     0.072  0.737  0.118  0.073        1
158:     0.033  0.765  0.094  0.108        1
159:     0.032  0.744  0.138  0.086        1
160:     0.055  0.790  0.131  0.024        1
161:     0.076  0.709  0.115  0.100        1
162:     0.010  0.793  0.158  0.040        1
163:     0.042  0.743  0.108  0.107        1
164:     0.089  0.746  0.093  0.072        1
165:     0.117  0.712  0.082  0.089        1
166:     0.088  0.787  0.078  0.048        1
167:     0.065  0.789  0.097  0.048        1
168:     0.030  0.850  0.079  0.041        1
169:     0.052  0.752  0.095  0.100        1
170:     0.020  0.774  0.120  0.087        1
171:     0.032  0.803  0.102  0.063        1
172:     0.112  0.700  0.141  0.046        1
173:     0.060  0.794  0.127  0.018        1
174:     0.066  0.789  0.092  0.053        1
175:     0.072  0.774  0.099  0.055       50
176:     0.064  0.787  0.098  0.050       49
177:     0.067  0.790  0.096  0.047       50
178:     0.072  0.778  0.103  0.047       49
179:     0.078  0.767  0.093  0.061       23
180:     0.057  0.790  0.099  0.054       49
181:     0.992  0.002  0.004  0.002       30
182:     0.969  0.018  0.008  0.005       30
183:     0.119  0.721  0.082  0.077       34
184:     0.066  0.797  0.089  0.048       36
