

----------------------------------------------------
STRUCTURE by Pritchard, Stephens and Donnelly (2000)
     and Falush, Stephens and Pritchard (2003)
       Code by Pritchard, Falush and Hubisz
             Version 2.3.4 (Jul 2012)
----------------------------------------------------


Reading file "/workdir/yc2644/CV_CT_array/structure/threader_input/mainparams".
Reading file "/workdir/yc2644/CV_CT_array/structure/threader_input/extraparams".
Reading file "/workdir/yc2644/CV_CT_array/structure/threader_input/n1601.recode.strct_in".


Data file "/workdir/yc2644/CV_CT_array/structure/threader_input/n1601.recode.strct_in" (truncated) --

Ind:   Label Pop : Genotype_data . . . .
  1:  001s    1  :  2   1   2   2   2   1   2  . . . .   2
  1:  001s    1  :  2   2   2   2   2   2   2  . . . .   2
  2:  002s    1  :  2   2   2   2   1   1   2  . . . .   2
  2:  002s    1  :  2   2   2   2   2   2   2  . . . .   2
  3:  003s    1  :  1   2   1   2   2   2   2  . . . .   1
  3:  003s    1  :  2   2   1   2   2   2   2  . . . .   2
  4:  004s    1  :  1   1   2   2   1   2   2  . . . .   1
  4:  004s    1  :  2   1   2   2   2   2   2  . . . .   2

      *******   

1600:    49  192  :  2   2   2   2   2   1   2  . . . .   1
1600:    49  192  :  2   2   2   2   2   2   2  . . . .   2
1601:    50  192  :  2   1   2   2   1   2   2  . . . .   1
1601:    50  192  :  2   2   2   2   2   2   2  . . . .   2

Number of alleles per locus: min= 2; ave=2.0; max= 2


--------------------------------------

Finished initialization; starting MCMC 
100000 iterations + 10000 burnin


--------------------------------------------
Proportion of membership of each pre-defined
 population in each of the 4 clusters

Given    Inferred Clusters              Number of
 Pop       1      2      3      4      Individuals

  1:     0.214  0.311  0.310  0.165       54
  2:     0.231  0.305  0.297  0.167       30
  3:     0.187  0.065  0.113  0.635       30
  4:     0.688  0.013  0.030  0.269       20
  5:     0.545  0.026  0.062  0.367       30
  6:     0.244  0.329  0.266  0.161       43
  7:     0.234  0.313  0.291  0.163       44
  8:     0.138  0.376  0.307  0.179        4
  9:     0.193  0.372  0.293  0.143       22
 10:     0.192  0.391  0.271  0.146       24
 11:     0.236  0.318  0.286  0.161       54
 12:     0.223  0.310  0.310  0.157       37
 13:     0.242  0.305  0.289  0.164       42
 14:     0.243  0.335  0.266  0.156       42
 15:     0.238  0.314  0.281  0.166       49
 16:     0.239  0.313  0.284  0.164      124
 17:     0.234  0.351  0.244  0.171       24
 18:     0.230  0.327  0.294  0.149       34
 19:     0.242  0.316  0.274  0.168       52
 20:     0.157  0.362  0.278  0.203        1
 21:     0.116  0.399  0.376  0.108        1
 22:     0.278  0.305  0.280  0.138        1
 23:     0.296  0.318  0.222  0.164        1
 24:     0.162  0.293  0.420  0.125        1
 25:     0.293  0.300  0.223  0.184        1
 26:     0.387  0.322  0.210  0.081        1
 27:     0.396  0.246  0.221  0.138        1
 28:     0.234  0.324  0.256  0.185        1
 29:     0.105  0.219  0.553  0.123        1
 30:     0.256  0.275  0.270  0.200        1
 31:     0.399  0.147  0.284  0.170        1
 32:     0.188  0.348  0.300  0.163        1
 33:     0.228  0.276  0.282  0.214        1
 34:     0.305  0.331  0.224  0.141        1
 35:     0.110  0.304  0.443  0.142        1
 36:     0.231  0.320  0.280  0.169        1
 37:     0.379  0.344  0.221  0.057        1
 38:     0.370  0.447  0.056  0.127        1
 39:     0.255  0.263  0.346  0.137        1
 40:     0.282  0.299  0.246  0.173        1
 41:     0.322  0.310  0.277  0.091        1
 42:     0.279  0.325  0.200  0.196        1
 43:     0.389  0.258  0.232  0.121        1
 44:     0.260  0.283  0.230  0.227        1
 45:     0.281  0.080  0.591  0.048        1
 46:     0.265  0.383  0.194  0.158        1
 47:     0.044  0.470  0.264  0.222        1
 48:     0.184  0.374  0.267  0.175        1
 49:     0.297  0.271  0.333  0.099        1
 50:     0.622  0.074  0.055  0.248        1
 51:     0.377  0.231  0.175  0.217        1
 52:     0.168  0.358  0.273  0.202        1
 53:     0.277  0.284  0.243  0.196        1
 54:     0.119  0.106  0.721  0.054        1
 55:     0.040  0.057  0.848  0.054        1
 56:     0.026  0.187  0.708  0.079        1
 57:     0.065  0.110  0.729  0.097        1
 58:     0.046  0.035  0.857  0.062        1
 59:     0.114  0.068  0.765  0.053        1
 60:     0.034  0.090  0.741  0.135        1
 61:     0.112  0.135  0.708  0.045        1
 62:     0.233  0.095  0.253  0.419        1
 63:     0.023  0.072  0.797  0.108        1
 64:     0.102  0.012  0.869  0.017        1
 65:     0.195  0.140  0.644  0.020        1
 66:     0.015  0.091  0.806  0.088        1
 67:     0.114  0.093  0.633  0.160        1
 68:     0.006  0.087  0.772  0.135        1
 69:     0.187  0.065  0.704  0.044        1
 70:     0.090  0.078  0.764  0.069        1
 71:     0.104  0.075  0.799  0.022        1
 72:     0.025  0.099  0.818  0.058        1
 73:     0.192  0.062  0.683  0.063        1
 74:     0.153  0.066  0.635  0.146        1
 75:     0.058  0.027  0.850  0.064        1
 76:     0.260  0.022  0.268  0.451        1
 77:     0.024  0.087  0.749  0.140        1
 78:     0.177  0.168  0.506  0.149        1
 79:     0.127  0.118  0.624  0.132        1
 80:     0.167  0.058  0.770  0.005        1
 81:     0.044  0.129  0.737  0.091        1
 82:     0.161  0.205  0.458  0.176        1
 83:     0.023  0.056  0.807  0.113        1
 84:     0.132  0.633  0.113  0.122        1
 85:     0.030  0.670  0.155  0.145        1
 86:     0.005  0.547  0.348  0.100        1
 87:     0.060  0.678  0.164  0.097        1
 88:     0.095  0.646  0.152  0.107        1
 89:     0.129  0.661  0.012  0.198        1
 90:     0.269  0.648  0.010  0.073        1
 91:     0.198  0.516  0.149  0.136        1
 92:     0.246  0.366  0.294  0.094        1
 93:     0.026  0.624  0.133  0.216        1
 94:     0.167  0.610  0.059  0.164        1
 95:     0.218  0.554  0.105  0.123        1
 96:     0.118  0.690  0.059  0.133        1
 97:     0.187  0.485  0.159  0.169        1
 98:     0.196  0.629  0.048  0.128        1
 99:     0.100  0.727  0.068  0.106        1
100:     0.156  0.571  0.096  0.177        1
101:     0.041  0.638  0.147  0.174        1
102:     0.159  0.676  0.031  0.134        1
103:     0.179  0.674  0.096  0.051        1
104:     0.079  0.615  0.141  0.165        1
105:     0.091  0.584  0.114  0.210        1
106:     0.261  0.509  0.098  0.132        1
107:     0.142  0.554  0.171  0.133        1
108:     0.189  0.506  0.131  0.173        1
109:     0.193  0.457  0.240  0.111        1
110:     0.159  0.566  0.142  0.133        1
111:     0.097  0.711  0.040  0.152        1
112:     0.247  0.487  0.087  0.180        1
113:     0.175  0.651  0.106  0.069        1
114:     0.154  0.698  0.033  0.115        1
115:     0.016  0.734  0.078  0.172        1
116:     0.128  0.618  0.104  0.150        1
117:     0.044  0.703  0.041  0.212        1
118:     0.114  0.527  0.130  0.228        1
119:     0.077  0.761  0.059  0.103        1
120:     0.078  0.665  0.137  0.120        1
121:     0.010  0.668  0.141  0.181        1
122:     0.012  0.773  0.043  0.172        1
123:     0.010  0.834  0.018  0.138        1
124:     0.153  0.563  0.105  0.179        1
125:     0.189  0.587  0.109  0.115        1
126:     0.070  0.755  0.081  0.094        1
127:     0.088  0.617  0.158  0.137        1
128:     0.053  0.709  0.078  0.160        1
129:     0.249  0.658  0.040  0.054        1
130:     0.040  0.624  0.070  0.266        1
131:     0.038  0.760  0.171  0.031        1
132:     0.083  0.660  0.057  0.200        1
133:     0.052  0.648  0.016  0.284        1
134:     0.081  0.569  0.222  0.129        1
135:     0.206  0.678  0.007  0.109        1
136:     0.031  0.726  0.107  0.137        1
137:     0.162  0.582  0.115  0.142        1
138:     0.057  0.668  0.221  0.054        1
139:     0.076  0.483  0.210  0.231        1
140:     0.181  0.536  0.111  0.171        1
141:     0.041  0.755  0.028  0.176        1
142:     0.051  0.660  0.088  0.201        1
143:     0.085  0.650  0.060  0.205        1
144:     0.024  0.752  0.003  0.221        1
145:     0.103  0.692  0.079  0.126        1
146:     0.098  0.560  0.173  0.170        1
147:     0.128  0.629  0.066  0.177        1
148:     0.220  0.302  0.255  0.224        1
149:     0.145  0.462  0.073  0.320        1
150:     0.451  0.363  0.055  0.131        1
151:     0.190  0.315  0.356  0.138        1
152:     0.324  0.312  0.151  0.213        1
153:     0.194  0.337  0.282  0.187        1
154:     0.295  0.156  0.427  0.123        1
155:     0.225  0.352  0.257  0.166        1
156:     0.218  0.217  0.453  0.112        1
157:     0.463  0.263  0.249  0.025        1
158:     0.253  0.307  0.292  0.148        1
159:     0.102  0.484  0.297  0.117        1
160:     0.146  0.441  0.218  0.195        1
161:     0.336  0.225  0.282  0.157        1
162:     0.149  0.286  0.411  0.154        1
163:     0.301  0.292  0.317  0.090        1
164:     0.313  0.227  0.336  0.124        1
165:     0.309  0.304  0.190  0.197        1
166:     0.377  0.213  0.230  0.180        1
167:     0.254  0.346  0.200  0.200        1
168:     0.311  0.477  0.042  0.170        1
169:     0.239  0.347  0.262  0.151        1
170:     0.097  0.331  0.416  0.156        1
171:     0.254  0.265  0.283  0.199        1
172:     0.364  0.244  0.223  0.169        1
173:     0.129  0.306  0.383  0.182        1
174:     0.239  0.433  0.200  0.128        1
175:     0.251  0.324  0.265  0.159       50
176:     0.189  0.320  0.327  0.165       49
177:     0.220  0.326  0.290  0.164       50
178:     0.217  0.316  0.293  0.174       49
179:     0.269  0.304  0.282  0.145       23
180:     0.228  0.326  0.293  0.152       49
181:     0.044  0.014  0.030  0.911       30
182:     0.069  0.020  0.039  0.872       30
183:     0.235  0.338  0.213  0.213       34
184:     0.220  0.338  0.276  0.166       36
185:     0.285  0.326  0.232  0.158       40
186:     0.212  0.333  0.296  0.159       39
187:     0.217  0.320  0.301  0.162       37
188:     0.222  0.330  0.266  0.181       40
189:     0.194  0.341  0.284  0.181       35
190:     0.255  0.315  0.254  0.175       28
191:     0.262  0.336  0.243  0.159       36
192:     0.222  0.343  0.272  0.163       32
--------------------------------------------

 Rep#:   Lambda   Alpha      F1    F2    F3    F4     D1,2  D1,3  D1,4  D2,3  D2,4  D3,4    Ln Like 
  100:    1.00    1.981    0.066 0.071 0.014 0.240    0.024 0.013 0.033 0.015 0.051 0.039   --  
  200:    1.00    1.401    0.211 0.167 0.111 0.225    0.056 0.050 0.048 0.048 0.056 0.051   --  
  300:    1.00    1.302    0.215 0.164 0.177 0.209    0.054 0.063 0.047 0.059 0.053 0.058   --  
  400:    1.00    1.228    0.215 0.161 0.193 0.207    0.050 0.063 0.045 0.058 0.051 0.058   --  
  500:    1.00    1.129    0.208 0.148 0.182 0.208    0.048 0.059 0.043 0.055 0.050 0.055   --  
  600:    1.00    1.058    0.198 0.148 0.162 0.203    0.046 0.054 0.043 0.051 0.050 0.052   --  
  700:    1.00    0.997    0.193 0.141 0.145 0.209    0.046 0.051 0.043 0.047 0.049 0.050   --  
  800:    1.00    0.930    0.187 0.141 0.136 0.205    0.046 0.048 0.043 0.045 0.049 0.048   --  
  900:    1.00    0.889    0.193 0.137 0.126 0.211    0.045 0.046 0.043 0.042 0.050 0.047   --  

--------------------------------------------
Proportion of membership of each pre-defined
 population in each of the 4 clusters

Given    Inferred Clusters              Number of
 Pop       1      2      3      4      Individuals

  1:     0.153  0.186  0.569  0.092       54
  2:     0.145  0.183  0.576  0.096       30
  3:     0.317  0.091  0.105  0.486       30
  4:     0.976  0.002  0.002  0.020       20
  5:     0.898  0.021  0.014  0.066       30
  6:     0.148  0.184  0.576  0.093       43
  7:     0.147  0.182  0.583  0.088       44
  8:     0.138  0.190  0.595  0.077        4
  9:     0.125  0.199  0.611  0.065       22
 10:     0.113  0.189  0.611  0.086       24
 11:     0.149  0.183  0.578  0.090       54
 12:     0.150  0.179  0.586  0.085       37
 13:     0.151  0.184  0.575  0.091       42
 14:     0.148  0.177  0.583  0.092       42
 15:     0.153  0.180  0.577  0.091       49
 16:     0.153  0.185  0.570  0.092      124
 17:     0.149  0.181  0.574  0.096       24
 18:     0.142  0.189  0.579  0.090       34
 19:     0.150  0.180  0.575  0.096       52
 20:     0.098  0.183  0.592  0.126        1
 21:     0.111  0.239  0.564  0.086        1
 22:     0.137  0.175  0.590  0.098        1
 23:     0.199  0.227  0.529  0.045        1
 24:     0.133  0.183  0.616  0.068        1
 25:     0.152  0.168  0.548  0.132        1
 26:     0.170  0.194  0.579  0.057        1
 27:     0.163  0.203  0.531  0.103        1
 28:     0.097  0.182  0.581  0.141        1
 29:     0.081  0.244  0.585  0.090        1
 30:     0.200  0.196  0.515  0.090        1
 31:     0.271  0.124  0.486  0.119        1
 32:     0.150  0.198  0.590  0.062        1
 33:     0.197  0.162  0.544  0.097        1
 34:     0.153  0.213  0.600  0.035        1
 35:     0.135  0.192  0.611  0.062        1
 36:     0.100  0.215  0.544  0.140        1
 37:     0.169  0.175  0.593  0.064        1
 38:     0.207  0.219  0.521  0.053        1
 39:     0.132  0.228  0.575  0.065        1
 40:     0.149  0.240  0.536  0.076        1
 41:     0.124  0.209  0.600  0.067        1
 42:     0.124  0.203  0.597  0.076        1
 43:     0.140  0.200  0.587  0.074        1
 44:     0.207  0.166  0.533  0.094        1
 45:     0.114  0.201  0.614  0.071        1
 46:     0.087  0.247  0.555  0.111        1
 47:     0.112  0.195  0.594  0.099        1
 48:     0.109  0.213  0.596  0.082        1
 49:     0.095  0.214  0.606  0.085        1
 50:     0.380  0.146  0.364  0.110        1
 51:     0.252  0.184  0.432  0.133        1
 52:     0.130  0.228  0.539  0.104        1
 53:     0.152  0.197  0.528  0.122        1
 54:     0.150  0.249  0.519  0.081        1
 55:     0.180  0.276  0.441  0.103        1
 56:     0.124  0.217  0.570  0.089        1
 57:     0.120  0.233  0.543  0.103        1
 58:     0.134  0.219  0.546  0.101        1
 59:     0.154  0.207  0.533  0.106        1
 60:     0.180  0.234  0.506  0.080        1
 61:     0.167  0.237  0.492  0.104        1
 62:     0.333  0.132  0.307  0.227        1
 63:     0.166  0.240  0.502  0.091        1
 64:     0.181  0.221  0.530  0.068        1
 65:     0.122  0.232  0.520  0.125        1
 66:     0.132  0.257  0.477  0.133        1
 67:     0.172  0.262  0.471  0.096        1
 68:     0.076  0.247  0.550  0.128        1
 69:     0.159  0.260  0.471  0.110        1
 70:     0.131  0.250  0.528  0.091        1
 71:     0.168  0.273  0.478  0.081        1
 72:     0.152  0.274  0.501  0.074        1
 73:     0.117  0.217  0.574  0.092        1
 74:     0.167  0.191  0.520  0.123        1
 75:     0.158  0.243  0.495  0.104        1
 76:     0.321  0.161  0.143  0.374        1
 77:     0.161  0.225  0.480  0.133        1
 78:     0.149  0.190  0.529  0.132        1
 79:     0.159  0.204  0.506  0.131        1
 80:     0.173  0.236  0.522  0.069        1
 81:     0.181  0.241  0.458  0.120        1
 82:     0.164  0.294  0.441  0.101        1
 83:     0.130  0.218  0.558  0.094        1
 84:     0.029  0.942  0.008  0.021        1
 85:     0.030  0.947  0.001  0.022        1
 86:     0.008  0.914  0.060  0.017        1
 87:     0.009  0.981  0.007  0.003        1
 88:     0.001  0.990  0.009  0.000        1
 89:     0.004  0.977  0.015  0.004        1
 90:     0.017  0.977  0.003  0.004        1
 91:     0.035  0.960  0.004  0.001        1
 92:     0.002  0.881  0.076  0.041        1
 93:     0.012  0.922  0.000  0.066        1
 94:     0.004  0.920  0.024  0.052        1
 95:     0.070  0.889  0.009  0.032        1
 96:     0.006  0.991  0.003  0.000        1
 97:     0.025  0.966  0.003  0.007        1
 98:     0.001  0.973  0.008  0.018        1
 99:     0.002  0.997  0.000  0.001        1
100:     0.022  0.977  0.000  0.000        1
101:     0.041  0.809  0.112  0.037        1
102:     0.002  0.828  0.122  0.047        1
103:     0.007  0.988  0.002  0.003        1
104:     0.013  0.971  0.011  0.005        1
105:     0.024  0.932  0.001  0.043        1
106:     0.026  0.836  0.131  0.007        1
107:     0.000  0.974  0.006  0.020        1
108:     0.069  0.874  0.045  0.012        1
109:     0.092  0.796  0.067  0.044        1
110:     0.060  0.818  0.121  0.001        1
111:     0.007  0.953  0.003  0.037        1
112:     0.001  0.992  0.000  0.006        1
113:     0.031  0.957  0.003  0.009        1
114:     0.004  0.981  0.008  0.007        1
115:     0.026  0.950  0.013  0.011        1
116:     0.003  0.994  0.000  0.003        1
117:     0.029  0.930  0.010  0.031        1
118:     0.008  0.957  0.007  0.028        1
119:     0.026  0.891  0.080  0.004        1
120:     0.000  0.971  0.007  0.022        1
121:     0.009  0.980  0.002  0.008        1
122:     0.010  0.945  0.034  0.010        1
123:     0.000  0.998  0.000  0.002        1
124:     0.105  0.823  0.041  0.030        1
125:     0.005  0.986  0.007  0.002        1
126:     0.009  0.918  0.057  0.016        1
127:     0.027  0.926  0.033  0.015        1
128:     0.007  0.985  0.007  0.002        1
129:     0.003  0.994  0.002  0.001        1
130:     0.040  0.914  0.027  0.018        1
131:     0.001  0.991  0.001  0.007        1
132:     0.093  0.843  0.040  0.024        1
133:     0.098  0.861  0.014  0.027        1
134:     0.013  0.876  0.073  0.038        1
135:     0.032  0.849  0.076  0.043        1
136:     0.001  0.996  0.000  0.002        1
137:     0.009  0.979  0.004  0.008        1
138:     0.007  0.992  0.001  0.000        1
139:     0.037  0.918  0.003  0.041        1
140:     0.110  0.880  0.005  0.004        1
141:     0.004  0.985  0.001  0.010        1
142:     0.040  0.872  0.050  0.037        1
143:     0.002  0.935  0.011  0.053        1
144:     0.011  0.982  0.000  0.006        1
145:     0.003  0.992  0.003  0.003        1
146:     0.002  0.949  0.004  0.045        1
147:     0.045  0.949  0.002  0.004        1
148:     0.147  0.256  0.469  0.128        1
149:     0.190  0.224  0.409  0.177        1
150:     0.138  0.228  0.572  0.063        1
151:     0.086  0.191  0.651  0.071        1
152:     0.169  0.189  0.571  0.071        1
153:     0.105  0.200  0.635  0.060        1
154:     0.157  0.211  0.592  0.040        1
155:     0.194  0.175  0.610  0.021        1
156:     0.156  0.194  0.555  0.095        1
157:     0.161  0.208  0.559  0.071        1
158:     0.087  0.212  0.579  0.122        1
159:     0.126  0.204  0.593  0.076        1
160:     0.146  0.206  0.562  0.086        1
161:     0.138  0.236  0.539  0.087        1
162:     0.131  0.179  0.578  0.112        1
163:     0.173  0.194  0.570  0.064        1
164:     0.139  0.181  0.616  0.064        1
165:     0.154  0.243  0.498  0.105        1
166:     0.181  0.153  0.584  0.082        1
167:     0.109  0.195  0.576  0.120        1
168:     0.093  0.162  0.660  0.085        1
169:     0.155  0.217  0.562  0.065        1
170:     0.098  0.222  0.601  0.079        1
171:     0.111  0.174  0.592  0.123        1
172:     0.175  0.196  0.538  0.091        1
173:     0.135  0.183  0.562  0.119        1
174:     0.154  0.213  0.554  0.079        1
175:     0.152  0.181  0.568  0.099       50
176:     0.140  0.181  0.583  0.096       49
177:     0.134  0.186  0.581  0.099       50
178:     0.144  0.178  0.578  0.100       49
179:     0.150  0.193  0.572  0.085       23
180:     0.143  0.183  0.588  0.087       49
181:     0.031  0.003  0.003  0.962       30
182:     0.188  0.008  0.011  0.793       30
183:     0.148  0.186  0.539  0.127       34
184:     0.136  0.178  0.582  0.104       36
185:     0.153  0.186  0.568  0.092       40
186:     0.134  0.182  0.591  0.093       39
187:     0.144  0.185  0.577  0.094       37
188:     0.143  0.191  0.568  0.098       40
189:     0.145  0.183  0.569  0.103       35
190:     0.152  0.181  0.564  0.102       28
191:     0.145  0.179  0.582  0.093       36
192:     0.147  0.180  0.576  0.097       32
--------------------------------------------

 Rep#:   Lambda   Alpha      F1    F2    F3    F4     D1,2  D1,3  D1,4  D2,3  D2,4  D3,4    Ln Like 
 1000:    1.00    0.884    0.190 0.138 0.116 0.212    0.046 0.044 0.043 0.040 0.050 0.045   --  
 1100:    1.00    0.819    0.189 0.138 0.106 0.213    0.046 0.043 0.044 0.039 0.051 0.045   --  
 1200:    1.00    0.793    0.192 0.134 0.096 0.224    0.046 0.041 0.045 0.038 0.051 0.044   --  
 1300:    1.00    0.761    0.193 0.136 0.092 0.215    0.046 0.040 0.046 0.037 0.051 0.043   --  
 1400:    1.00    0.745    0.189 0.139 0.084 0.229    0.046 0.039 0.047 0.036 0.052 0.043   --  
 1500:    1.00    0.736    0.191 0.134 0.081 0.238    0.046 0.039 0.049 0.035 0.053 0.043   --  
 1600:    1.00    0.701    0.192 0.134 0.074 0.246    0.046 0.037 0.050 0.034 0.054 0.045   --  
 1700:    1.00    0.650    0.193 0.135 0.070 0.243    0.046 0.037 0.051 0.033 0.055 0.044   --  
 1800:    1.00    0.648    0.189 0.133 0.070 0.253    0.045 0.035 0.052 0.032 0.056 0.045   --  
 1900:    1.00    0.627    0.186 0.133 0.063 0.263    0.045 0.035 0.053 0.032 0.056 0.045   --  

--------------------------------------------
Proportion of membership of each pre-defined
 population in each of the 4 clusters

Given    Inferred Clusters              Number of
 Pop       1      2      3      4      Individuals

  1:     0.103  0.112  0.716  0.068       54
  2:     0.108  0.110  0.718  0.065       30
  3:     0.372  0.074  0.147  0.407       30
  4:     0.973  0.004  0.004  0.019       20
  5:     0.902  0.013  0.033  0.052       30
  6:     0.094  0.124  0.718  0.063       43
  7:     0.103  0.111  0.723  0.062       44
  8:     0.079  0.120  0.748  0.053        4
  9:     0.073  0.118  0.771  0.038       22
 10:     0.063  0.118  0.761  0.058       24
 11:     0.096  0.116  0.724  0.064       54
 12:     0.098  0.108  0.735  0.058       37
 13:     0.103  0.116  0.714  0.067       42
 14:     0.099  0.110  0.731  0.061       42
 15:     0.105  0.109  0.721  0.065       49
 16:     0.107  0.113  0.715  0.065      124
 17:     0.097  0.105  0.726  0.072       24
 18:     0.084  0.119  0.733  0.063       34
 19:     0.096  0.115  0.721  0.068       52
 20:     0.062  0.128  0.735  0.074        1
 21:     0.067  0.181  0.717  0.035        1
 22:     0.122  0.081  0.751  0.046        1
 23:     0.108  0.144  0.691  0.057        1
 24:     0.074  0.108  0.771  0.048        1
 25:     0.133  0.157  0.629  0.081        1
 26:     0.102  0.152  0.685  0.062        1
 27:     0.114  0.128  0.688  0.070        1
 28:     0.046  0.122  0.747  0.085        1
 29:     0.041  0.172  0.717  0.070        1
 30:     0.179  0.119  0.631  0.070        1
 31:     0.241  0.095  0.595  0.069        1
 32:     0.090  0.121  0.724  0.065        1
 33:     0.159  0.106  0.659  0.077        1
 34:     0.067  0.149  0.722  0.063        1
 35:     0.077  0.137  0.755  0.031        1
 36:     0.077  0.142  0.704  0.078        1
 37:     0.100  0.192  0.666  0.042        1
 38:     0.157  0.177  0.612  0.054        1
 39:     0.081  0.135  0.740  0.043        1
 40:     0.119  0.148  0.653  0.080        1
 41:     0.108  0.106  0.747  0.038        1
 42:     0.118  0.147  0.710  0.025        1
 43:     0.124  0.101  0.716  0.059        1
 44:     0.132  0.092  0.676  0.100        1
 45:     0.069  0.122  0.755  0.054        1
 46:     0.022  0.207  0.666  0.105        1
 47:     0.057  0.103  0.770  0.071        1
 48:     0.044  0.115  0.770  0.070        1
 49:     0.096  0.134  0.748  0.021        1
 50:     0.393  0.092  0.425  0.089        1
 51:     0.227  0.116  0.537  0.120        1
 52:     0.073  0.158  0.690  0.080        1
 53:     0.077  0.159  0.693  0.071        1
 54:     0.144  0.151  0.674  0.031        1
 55:     0.199  0.204  0.543  0.055        1
 56:     0.134  0.203  0.662  0.001        1
 57:     0.074  0.164  0.723  0.039        1
 58:     0.122  0.207  0.612  0.059        1
 59:     0.157  0.150  0.646  0.048        1
 60:     0.175  0.195  0.579  0.051        1
 61:     0.129  0.225  0.599  0.047        1
 62:     0.308  0.054  0.446  0.193        1
 63:     0.140  0.164  0.634  0.062        1
 64:     0.169  0.178  0.644  0.010        1
 65:     0.163  0.195  0.622  0.020        1
 66:     0.144  0.197  0.604  0.055        1
 67:     0.136  0.178  0.620  0.065        1
 68:     0.118  0.183  0.650  0.049        1
 69:     0.155  0.211  0.601  0.032        1
 70:     0.112  0.185  0.638  0.065        1
 71:     0.134  0.193  0.654  0.019        1
 72:     0.157  0.193  0.616  0.034        1
 73:     0.107  0.165  0.694  0.034        1
 74:     0.164  0.141  0.641  0.054        1
 75:     0.148  0.192  0.621  0.038        1
 76:     0.312  0.132  0.235  0.321        1
 77:     0.150  0.212  0.566  0.072        1
 78:     0.136  0.153  0.631  0.080        1
 79:     0.163  0.189  0.598  0.050        1
 80:     0.153  0.179  0.640  0.027        1
 81:     0.175  0.204  0.580  0.041        1
 82:     0.111  0.260  0.545  0.085        1
 83:     0.075  0.226  0.632  0.068        1
 84:     0.019  0.971  0.009  0.001        1
 85:     0.051  0.927  0.006  0.016        1
 86:     0.000  0.878  0.096  0.026        1
 87:     0.011  0.984  0.004  0.001        1
 88:     0.003  0.996  0.001  0.000        1
 89:     0.012  0.985  0.002  0.001        1
 90:     0.026  0.970  0.001  0.003        1
 91:     0.033  0.963  0.001  0.002        1
 92:     0.008  0.857  0.120  0.015        1
 93:     0.012  0.938  0.001  0.049        1
 94:     0.009  0.961  0.016  0.015        1
 95:     0.058  0.940  0.001  0.000        1
 96:     0.000  0.994  0.002  0.004        1
 97:     0.018  0.980  0.001  0.001        1
 98:     0.010  0.985  0.005  0.001        1
 99:     0.002  0.994  0.002  0.002        1
100:     0.011  0.987  0.002  0.001        1
101:     0.025  0.796  0.149  0.030        1
102:     0.002  0.841  0.157  0.000        1
103:     0.005  0.982  0.004  0.009        1
104:     0.003  0.986  0.002  0.009        1
105:     0.039  0.955  0.006  0.000        1
106:     0.016  0.809  0.171  0.003        1
107:     0.010  0.968  0.002  0.019        1
108:     0.047  0.867  0.080  0.006        1
109:     0.096  0.772  0.081  0.051        1
110:     0.014  0.780  0.204  0.001        1
111:     0.001  0.983  0.011  0.005        1
112:     0.000  0.996  0.003  0.001        1
113:     0.007  0.980  0.003  0.010        1
114:     0.008  0.988  0.002  0.002        1
115:     0.006  0.930  0.061  0.002        1
116:     0.013  0.984  0.002  0.001        1
117:     0.016  0.918  0.008  0.058        1
118:     0.001  0.961  0.002  0.037        1
119:     0.012  0.909  0.079  0.000        1
120:     0.002  0.961  0.034  0.003        1
121:     0.016  0.968  0.001  0.016        1
122:     0.000  0.939  0.055  0.006        1
123:     0.006  0.994  0.000  0.001        1
124:     0.083  0.847  0.050  0.020        1
125:     0.006  0.988  0.006  0.000        1
126:     0.006  0.895  0.093  0.006        1
127:     0.055  0.899  0.034  0.012        1
128:     0.001  0.992  0.001  0.006        1
129:     0.001  0.993  0.005  0.001        1
130:     0.042  0.923  0.021  0.013        1
131:     0.001  0.998  0.000  0.001        1
132:     0.100  0.846  0.045  0.009        1
133:     0.087  0.890  0.001  0.022        1
134:     0.001  0.893  0.056  0.050        1
135:     0.022  0.826  0.131  0.021        1
136:     0.002  0.995  0.000  0.003        1
137:     0.001  0.996  0.002  0.000        1
138:     0.002  0.991  0.004  0.003        1
139:     0.067  0.922  0.003  0.008        1
140:     0.102  0.894  0.001  0.003        1
141:     0.003  0.995  0.001  0.000        1
142:     0.011  0.910  0.054  0.025        1
143:     0.063  0.920  0.000  0.017        1
144:     0.030  0.969  0.000  0.001        1
145:     0.000  0.997  0.001  0.002        1
146:     0.000  0.966  0.003  0.031        1
147:     0.028  0.966  0.005  0.001        1
148:     0.122  0.209  0.598  0.071        1
149:     0.156  0.178  0.541  0.126        1
150:     0.121  0.133  0.737  0.009        1
151:     0.052  0.116  0.744  0.089        1
152:     0.131  0.113  0.685  0.070        1
153:     0.064  0.095  0.719  0.122        1
154:     0.125  0.130  0.730  0.015        1
155:     0.116  0.132  0.725  0.027        1
156:     0.128  0.125  0.690  0.058        1
157:     0.114  0.104  0.744  0.037        1
158:     0.063  0.149  0.706  0.083        1
159:     0.024  0.143  0.742  0.091        1
160:     0.104  0.130  0.748  0.018        1
161:     0.123  0.172  0.630  0.075        1
162:     0.049  0.121  0.761  0.070        1
163:     0.104  0.149  0.693  0.053        1
164:     0.108  0.110  0.685  0.097        1
165:     0.145  0.183  0.601  0.071        1
166:     0.157  0.081  0.688  0.074        1
167:     0.113  0.102  0.694  0.091        1
168:     0.060  0.126  0.763  0.052        1
169:     0.090  0.159  0.708  0.043        1
170:     0.080  0.133  0.762  0.025        1
171:     0.066  0.148  0.722  0.064        1
172:     0.131  0.127  0.665  0.077        1
173:     0.067  0.124  0.720  0.089        1
174:     0.118  0.143  0.693  0.047        1
175:     0.100  0.109  0.720  0.071       50
176:     0.089  0.108  0.730  0.072       49
177:     0.090  0.113  0.733  0.064       50
178:     0.097  0.111  0.722  0.070       49
179:     0.111  0.118  0.711  0.059       23
180:     0.092  0.109  0.737  0.062       49
181:     0.043  0.003  0.003  0.950       30
182:     0.420  0.004  0.014  0.562       30
183:     0.115  0.125  0.670  0.090       34
184:     0.093  0.102  0.734  0.071       36
185:     0.103  0.114  0.716  0.067       40
186:     0.087  0.111  0.740  0.062       39
187:     0.105  0.110  0.720  0.066       37
188:     0.102  0.113  0.718  0.067       40
189:     0.099  0.107  0.720  0.073       35
190:     0.105  0.109  0.715  0.071       28
191:     0.096  0.111  0.729  0.065       36
192:     0.097  0.103  0.730  0.070       32
--------------------------------------------

 Rep#:   Lambda   Alpha      F1    F2    F3    F4     D1,2  D1,3  D1,4  D2,3  D2,4  D3,4    Ln Like 
 2000:    1.00    0.603    0.188 0.132 0.058 0.257    0.045 0.034 0.053 0.031 0.056 0.045   --  
 2100:    1.00    0.583    0.190 0.131 0.058 0.272    0.045 0.034 0.054 0.031 0.058 0.045   --  
 2200:    1.00    0.571    0.183 0.131 0.055 0.272    0.045 0.033 0.054 0.030 0.057 0.044   --  
 2300:    1.00    0.538    0.182 0.137 0.052 0.268    0.045 0.032 0.054 0.030 0.057 0.044   --  
 2400:    1.00    0.520    0.186 0.131 0.051 0.272    0.046 0.032 0.054 0.030 0.058 0.044   --  
 2500:    1.00    0.523    0.182 0.130 0.046 0.272    0.045 0.032 0.055 0.029 0.058 0.044   --  
 2600:    1.00    0.490    0.182 0.131 0.046 0.266    0.045 0.031 0.054 0.029 0.058 0.043   --  
 2700:    1.00    0.489    0.179 0.134 0.044 0.274    0.046 0.031 0.055 0.029 0.059 0.043   --  
 2800:    1.00    0.454    0.180 0.133 0.044 0.273    0.045 0.031 0.054 0.028 0.057 0.043   --  
 2900:    1.00    0.437    0.178 0.134 0.044 0.265    0.045 0.031 0.055 0.028 0.058 0.043   --  

--------------------------------------------
Proportion of membership of each pre-defined
 population in each of the 4 clusters

Given    Inferred Clusters              Number of
 Pop       1      2      3      4      Individuals

  1:     0.073  0.071  0.811  0.044       54
  2:     0.074  0.065  0.817  0.044       30
  3:     0.386  0.062  0.173  0.378       30
  4:     0.983  0.004  0.002  0.012       20
  5:     0.915  0.015  0.032  0.038       30
  6:     0.073  0.072  0.815  0.041       43
  7:     0.072  0.070  0.817  0.040       44
  8:     0.061  0.081  0.836  0.022        4
  9:     0.040  0.073  0.861  0.027       22
 10:     0.033  0.070  0.863  0.033       24
 11:     0.072  0.072  0.815  0.042       54
 12:     0.067  0.070  0.824  0.039       37
 13:     0.079  0.072  0.804  0.045       42
 14:     0.072  0.065  0.824  0.040       42
 15:     0.075  0.072  0.811  0.042       49
 16:     0.077  0.070  0.808  0.045      124
 17:     0.067  0.075  0.812  0.045       24
 18:     0.061  0.072  0.828  0.039       34
 19:     0.070  0.065  0.819  0.045       52
 20:     0.020  0.062  0.870  0.048        1
 21:     0.036  0.178  0.786  0.000        1
 22:     0.089  0.070  0.813  0.028        1
 23:     0.090  0.151  0.737  0.022        1
 24:     0.024  0.087  0.841  0.048        1
 25:     0.095  0.104  0.704  0.096        1
 26:     0.098  0.115  0.775  0.012        1
 27:     0.089  0.091  0.746  0.075        1
 28:     0.046  0.100  0.832  0.021        1
 29:     0.021  0.103  0.849  0.026        1
 30:     0.152  0.074  0.746  0.028        1
 31:     0.261  0.064  0.637  0.037        1
 32:     0.065  0.085  0.840  0.011        1
 33:     0.115  0.066  0.758  0.061        1
 34:     0.060  0.110  0.799  0.031        1
 35:     0.070  0.047  0.831  0.051        1
 36:     0.042  0.093  0.782  0.083        1
 37:     0.070  0.080  0.850  0.000        1
 38:     0.110  0.176  0.714  0.001        1
 39:     0.084  0.078  0.818  0.021        1
 40:     0.138  0.093  0.747  0.022        1
 41:     0.001  0.131  0.834  0.034        1
 42:     0.089  0.091  0.781  0.038        1
 43:     0.108  0.091  0.774  0.027        1
 44:     0.164  0.064  0.728  0.045        1
 45:     0.015  0.088  0.870  0.027        1
 46:     0.008  0.142  0.765  0.085        1
 47:     0.051  0.104  0.800  0.045        1
 48:     0.017  0.114  0.810  0.060        1
 49:     0.041  0.078  0.846  0.035        1
 50:     0.372  0.039  0.522  0.067        1
 51:     0.211  0.103  0.639  0.047        1
 52:     0.051  0.102  0.790  0.057        1
 53:     0.054  0.107  0.796  0.044        1
 54:     0.090  0.131  0.750  0.028        1
 55:     0.137  0.162  0.666  0.034        1
 56:     0.064  0.137  0.793  0.007        1
 57:     0.067  0.128  0.794  0.011        1
 58:     0.095  0.147  0.722  0.036        1
 59:     0.131  0.117  0.724  0.028        1
 60:     0.135  0.123  0.707  0.035        1
 61:     0.146  0.175  0.673  0.006        1
 62:     0.291  0.061  0.457  0.190        1
 63:     0.146  0.180  0.651  0.024        1
 64:     0.159  0.123  0.715  0.003        1
 65:     0.137  0.138  0.726  0.000        1
 66:     0.107  0.141  0.717  0.035        1
 67:     0.095  0.148  0.691  0.066        1
 68:     0.062  0.154  0.752  0.033        1
 69:     0.132  0.167  0.699  0.002        1
 70:     0.100  0.154  0.719  0.027        1
 71:     0.172  0.131  0.689  0.008        1
 72:     0.126  0.158  0.712  0.004        1
 73:     0.114  0.141  0.743  0.002        1
 74:     0.167  0.099  0.730  0.003        1
 75:     0.126  0.140  0.701  0.033        1
 76:     0.313  0.129  0.258  0.299        1
 77:     0.164  0.148  0.656  0.032        1
 78:     0.087  0.124  0.738  0.050        1
 79:     0.144  0.120  0.706  0.030        1
 80:     0.123  0.165  0.709  0.003        1
 81:     0.148  0.134  0.700  0.018        1
 82:     0.119  0.217  0.630  0.033        1
 83:     0.098  0.105  0.778  0.019        1
 84:     0.010  0.950  0.027  0.013        1
 85:     0.037  0.943  0.019  0.000        1
 86:     0.000  0.900  0.088  0.012        1
 87:     0.000  0.990  0.006  0.004        1
 88:     0.010  0.989  0.000  0.002        1
 89:     0.010  0.958  0.029  0.003        1
 90:     0.000  0.993  0.002  0.005        1
 91:     0.031  0.966  0.003  0.001        1
 92:     0.007  0.865  0.124  0.005        1
 93:     0.000  0.947  0.002  0.050        1
 94:     0.000  0.953  0.040  0.008        1
 95:     0.042  0.926  0.030  0.002        1
 96:     0.001  0.999  0.001  0.000        1
 97:     0.058  0.941  0.001  0.000        1
 98:     0.023  0.976  0.000  0.002        1
 99:     0.000  0.999  0.000  0.000        1
100:     0.000  1.000  0.000  0.000        1
101:     0.027  0.776  0.168  0.028        1
102:     0.014  0.825  0.148  0.013        1
103:     0.002  0.985  0.006  0.007        1
104:     0.000  0.986  0.012  0.002        1
105:     0.068  0.917  0.001  0.015        1
106:     0.005  0.827  0.165  0.003        1
107:     0.001  0.964  0.001  0.034        1
108:     0.030  0.879  0.091  0.000        1
109:     0.065  0.762  0.133  0.040        1
110:     0.010  0.786  0.203  0.002        1
111:     0.012  0.964  0.021  0.003        1
112:     0.000  0.996  0.001  0.003        1
113:     0.016  0.973  0.002  0.009        1
114:     0.002  0.992  0.000  0.006        1
115:     0.009  0.957  0.031  0.003        1
116:     0.005  0.993  0.000  0.002        1
117:     0.014  0.946  0.000  0.039        1
118:     0.008  0.985  0.004  0.003        1
119:     0.011  0.857  0.129  0.003        1
120:     0.001  0.996  0.003  0.000        1
121:     0.010  0.963  0.013  0.014        1
122:     0.014  0.933  0.048  0.005        1
123:     0.002  0.997  0.000  0.001        1
124:     0.109  0.813  0.078  0.000        1
125:     0.000  0.997  0.002  0.001        1
126:     0.000  0.872  0.112  0.016        1
127:     0.030  0.933  0.021  0.016        1
128:     0.013  0.974  0.008  0.004        1
129:     0.000  1.000  0.000  0.000        1
130:     0.051  0.943  0.005  0.000        1
131:     0.000  0.995  0.005  0.000        1
132:     0.080  0.834  0.083  0.003        1
133:     0.105  0.886  0.000  0.009        1
134:     0.004  0.855  0.116  0.025        1
135:     0.008  0.816  0.165  0.012        1
136:     0.001  0.998  0.000  0.000        1
137:     0.002  0.988  0.001  0.009        1
138:     0.006  0.985  0.006  0.003        1
139:     0.067  0.932  0.001  0.000        1
140:     0.093  0.881  0.014  0.013        1
141:     0.000  0.994  0.002  0.004        1
142:     0.006  0.896  0.089  0.009        1
143:     0.048  0.939  0.002  0.011        1
144:     0.023  0.956  0.022  0.000        1
145:     0.000  0.997  0.001  0.002        1
146:     0.005  0.974  0.000  0.021        1
147:     0.027  0.971  0.001  0.000        1
148:     0.126  0.150  0.684  0.039        1
149:     0.151  0.125  0.605  0.119        1
150:     0.069  0.096  0.824  0.011        1
151:     0.005  0.085  0.870  0.040        1
152:     0.087  0.070  0.772  0.071        1
153:     0.039  0.103  0.826  0.032        1
154:     0.061  0.072  0.854  0.013        1
155:     0.069  0.104  0.815  0.012        1
156:     0.086  0.073  0.808  0.034        1
157:     0.122  0.089  0.778  0.011        1
158:     0.003  0.116  0.807  0.074        1
159:     0.024  0.062  0.879  0.035        1
160:     0.074  0.069  0.834  0.023        1
161:     0.087  0.136  0.741  0.036        1
162:     0.037  0.081  0.859  0.023        1
163:     0.095  0.102  0.790  0.013        1
164:     0.090  0.112  0.757  0.041        1
165:     0.066  0.132  0.752  0.051        1
166:     0.108  0.030  0.829  0.033        1
167:     0.062  0.061  0.814  0.063        1
168:     0.008  0.058  0.916  0.018        1
169:     0.051  0.119  0.759  0.071        1
170:     0.019  0.109  0.855  0.018        1
171:     0.023  0.080  0.831  0.066        1
172:     0.111  0.078  0.777  0.033        1
173:     0.044  0.056  0.849  0.051        1
174:     0.075  0.106  0.801  0.018        1
175:     0.072  0.071  0.810  0.047       50
176:     0.061  0.071  0.822  0.046       49
177:     0.066  0.069  0.819  0.046       50
178:     0.069  0.072  0.811  0.049       49
179:     0.082  0.073  0.809  0.035       23
180:     0.067  0.070  0.822  0.040       49
181:     0.050  0.003  0.003  0.944       30
182:     0.457  0.002  0.019  0.522       30
183:     0.089  0.085  0.752  0.073       34
184:     0.068  0.065  0.819  0.048       36
