

----------------------------------------------------
STRUCTURE by Pritchard, Stephens and Donnelly (2000)
     and Falush, Stephens and Pritchard (2003)
       Code by Pritchard, Falush and Hubisz
             Version 2.3.4 (Jul 2012)
----------------------------------------------------


Reading file "/workdir/yc2644/CV_CT_array/structure/threader_input/mainparams".
Reading file "/workdir/yc2644/CV_CT_array/structure/threader_input/extraparams".
Reading file "/workdir/yc2644/CV_CT_array/structure/threader_input/n1601.recode.strct_in".


Data file "/workdir/yc2644/CV_CT_array/structure/threader_input/n1601.recode.strct_in" (truncated) --

Ind:   Label Pop : Genotype_data . . . .
  1:  001s    1  :  2   1   2   2   2   1   2  . . . .   2
  1:  001s    1  :  2   2   2   2   2   2   2  . . . .   2
  2:  002s    1  :  2   2   2   2   1   1   2  . . . .   2
  2:  002s    1  :  2   2   2   2   2   2   2  . . . .   2
  3:  003s    1  :  1   2   1   2   2   2   2  . . . .   1
  3:  003s    1  :  2   2   1   2   2   2   2  . . . .   2
  4:  004s    1  :  1   1   2   2   1   2   2  . . . .   1
  4:  004s    1  :  2   1   2   2   2   2   2  . . . .   2

      *******   

1600:    49  192  :  2   2   2   2   2   1   2  . . . .   1
1600:    49  192  :  2   2   2   2   2   2   2  . . . .   2
1601:    50  192  :  2   1   2   2   1   2   2  . . . .   1
1601:    50  192  :  2   2   2   2   2   2   2  . . . .   2

Number of alleles per locus: min= 2; ave=2.0; max= 2


--------------------------------------

Finished initialization; starting MCMC 
100000 iterations + 10000 burnin


--------------------------------------------
Proportion of membership of each pre-defined
 population in each of the 4 clusters

Given    Inferred Clusters              Number of
 Pop       1      2      3      4      Individuals

  1:     0.245  0.178  0.389  0.189       54
  2:     0.293  0.150  0.370  0.187       30
  3:     0.193  0.603  0.043  0.160       30
  4:     0.262  0.649  0.013  0.076       20
  5:     0.299  0.596  0.022  0.083       30
  6:     0.229  0.189  0.406  0.177       43
  7:     0.264  0.165  0.398  0.173       44
  8:     0.195  0.170  0.446  0.188        4
  9:     0.235  0.130  0.437  0.198       22
 10:     0.234  0.152  0.436  0.177       24
 11:     0.263  0.168  0.394  0.175       54
 12:     0.252  0.164  0.399  0.186       37
 13:     0.207  0.196  0.406  0.190       42
 14:     0.262  0.180  0.393  0.165       42
 15:     0.279  0.174  0.379  0.168       49
 16:     0.270  0.167  0.379  0.185      124
 17:     0.255  0.165  0.395  0.185       24
 18:     0.229  0.177  0.414  0.180       34
 19:     0.271  0.167  0.389  0.173       52
 20:     0.132  0.263  0.484  0.122        1
 21:     0.244  0.159  0.357  0.241        1
 22:     0.249  0.156  0.419  0.176        1
 23:     0.215  0.166  0.369  0.250        1
 24:     0.164  0.227  0.484  0.125        1
 25:     0.259  0.140  0.364  0.237        1
 26:     0.054  0.172  0.477  0.298        1
 27:     0.125  0.221  0.347  0.307        1
 28:     0.158  0.112  0.471  0.259        1
 29:     0.070  0.114  0.490  0.326        1
 30:     0.236  0.193  0.323  0.248        1
 31:     0.285  0.259  0.274  0.182        1
 32:     0.105  0.217  0.505  0.173        1
 33:     0.272  0.189  0.367  0.173        1
 34:     0.303  0.104  0.386  0.207        1
 35:     0.006  0.254  0.478  0.262        1
 36:     0.229  0.223  0.328  0.221        1
 37:     0.368  0.115  0.386  0.131        1
 38:     0.152  0.099  0.399  0.350        1
 39:     0.381  0.087  0.323  0.209        1
 40:     0.235  0.195  0.350  0.220        1
 41:     0.248  0.121  0.433  0.198        1
 42:     0.251  0.189  0.376  0.185        1
 43:     0.217  0.140  0.370  0.274        1
 44:     0.391  0.153  0.286  0.170        1
 45:     0.342  0.111  0.331  0.217        1
 46:     0.225  0.154  0.388  0.234        1
 47:     0.210  0.179  0.401  0.210        1
 48:     0.334  0.043  0.395  0.228        1
 49:     0.345  0.133  0.370  0.152        1
 50:     0.253  0.334  0.195  0.217        1
 51:     0.653  0.139  0.102  0.106        1
 52:     0.365  0.150  0.257  0.228        1
 53:     0.296  0.181  0.319  0.204        1
 54:     0.035  0.158  0.165  0.641        1
 55:     0.079  0.112  0.156  0.654        1
 56:     0.266  0.055  0.063  0.616        1
 57:     0.046  0.069  0.251  0.634        1
 58:     0.081  0.011  0.125  0.783        1
 59:     0.138  0.155  0.186  0.521        1
 60:     0.102  0.048  0.189  0.661        1
 61:     0.096  0.135  0.158  0.611        1
 62:     0.222  0.487  0.078  0.213        1
 63:     0.125  0.124  0.134  0.617        1
 64:     0.109  0.110  0.168  0.614        1
 65:     0.114  0.034  0.191  0.661        1
 66:     0.056  0.095  0.132  0.717        1
 67:     0.167  0.082  0.160  0.591        1
 68:     0.020  0.079  0.248  0.653        1
 69:     0.035  0.091  0.155  0.720        1
 70:     0.220  0.074  0.129  0.576        1
 71:     0.146  0.101  0.182  0.571        1
 72:     0.046  0.133  0.129  0.692        1
 73:     0.022  0.118  0.207  0.654        1
 74:     0.006  0.071  0.234  0.689        1
 75:     0.072  0.016  0.121  0.790        1
 76:     0.080  0.552  0.087  0.281        1
 77:     0.126  0.130  0.142  0.602        1
 78:     0.135  0.104  0.121  0.639        1
 79:     0.049  0.140  0.100  0.712        1
 80:     0.118  0.038  0.132  0.712        1
 81:     0.014  0.194  0.090  0.702        1
 82:     0.110  0.233  0.122  0.535        1
 83:     0.061  0.101  0.168  0.670        1
 84:     0.134  0.094  0.020  0.752        1
 85:     0.080  0.140  0.031  0.748        1
 86:     0.065  0.128  0.062  0.745        1
 87:     0.053  0.010  0.043  0.894        1
 88:     0.105  0.087  0.059  0.750        1
 89:     0.028  0.049  0.028  0.895        1
 90:     0.096  0.091  0.020  0.793        1
 91:     0.129  0.107  0.033  0.730        1
 92:     0.113  0.111  0.061  0.715        1
 93:     0.058  0.128  0.018  0.796        1
 94:     0.137  0.137  0.054  0.672        1
 95:     0.118  0.117  0.032  0.733        1
 96:     0.021  0.067  0.016  0.896        1
 97:     0.005  0.142  0.034  0.819        1
 98:     0.095  0.098  0.037  0.771        1
 99:     0.062  0.078  0.001  0.859        1
100:     0.116  0.078  0.001  0.806        1
101:     0.134  0.080  0.053  0.733        1
102:     0.132  0.105  0.047  0.715        1
103:     0.085  0.123  0.009  0.783        1
104:     0.003  0.111  0.067  0.819        1
105:     0.145  0.068  0.025  0.763        1
106:     0.090  0.067  0.044  0.798        1
107:     0.055  0.118  0.019  0.808        1
108:     0.125  0.094  0.024  0.757        1
109:     0.141  0.182  0.067  0.609        1
110:     0.090  0.096  0.086  0.727        1
111:     0.103  0.114  0.036  0.747        1
112:     0.032  0.088  0.030  0.850        1
113:     0.045  0.240  0.034  0.681        1
114:     0.097  0.115  0.035  0.753        1
115:     0.029  0.084  0.057  0.830        1
116:     0.074  0.065  0.004  0.857        1
117:     0.114  0.051  0.006  0.829        1
118:     0.049  0.174  0.018  0.759        1
119:     0.096  0.099  0.090  0.716        1
120:     0.088  0.158  0.055  0.699        1
121:     0.118  0.055  0.004  0.823        1
122:     0.089  0.055  0.025  0.831        1
123:     0.009  0.066  0.018  0.906        1
124:     0.223  0.050  0.033  0.695        1
125:     0.118  0.068  0.005  0.809        1
126:     0.163  0.004  0.053  0.781        1
127:     0.092  0.119  0.049  0.740        1
128:     0.124  0.119  0.060  0.698        1
129:     0.021  0.212  0.056  0.711        1
130:     0.004  0.074  0.025  0.898        1
131:     0.164  0.018  0.003  0.815        1
132:     0.114  0.158  0.060  0.667        1
133:     0.048  0.141  0.036  0.775        1
134:     0.103  0.152  0.051  0.695        1
135:     0.221  0.172  0.009  0.598        1
136:     0.021  0.085  0.021  0.873        1
137:     0.013  0.163  0.031  0.793        1
138:     0.049  0.126  0.019  0.807        1
139:     0.030  0.130  0.021  0.819        1
140:     0.054  0.224  0.061  0.662        1
141:     0.051  0.194  0.037  0.718        1
142:     0.086  0.163  0.078  0.673        1
143:     0.054  0.159  0.027  0.760        1
144:     0.095  0.082  0.047  0.776        1
145:     0.014  0.094  0.020  0.871        1
146:     0.111  0.076  0.021  0.793        1
147:     0.112  0.187  0.001  0.700        1
148:     0.176  0.314  0.292  0.217        1
149:     0.332  0.199  0.253  0.216        1
150:     0.073  0.235  0.442  0.250        1
151:     0.404  0.130  0.400  0.066        1
152:     0.398  0.131  0.324  0.147        1
153:     0.140  0.114  0.449  0.296        1
154:     0.321  0.211  0.370  0.097        1
155:     0.264  0.120  0.397  0.219        1
156:     0.251  0.207  0.367  0.175        1
157:     0.174  0.218  0.411  0.198        1
158:     0.193  0.199  0.457  0.152        1
159:     0.072  0.235  0.543  0.151        1
160:     0.324  0.147  0.350  0.179        1
161:     0.110  0.215  0.410  0.266        1
162:     0.056  0.151  0.424  0.369        1
163:     0.329  0.061  0.358  0.253        1
164:     0.241  0.209  0.333  0.217        1
165:     0.253  0.199  0.302  0.246        1
166:     0.280  0.193  0.389  0.138        1
167:     0.181  0.215  0.397  0.206        1
168:     0.108  0.183  0.520  0.188        1
169:     0.208  0.184  0.375  0.233        1
170:     0.151  0.145  0.430  0.273        1
171:     0.114  0.246  0.475  0.165        1
172:     0.298  0.160  0.318  0.224        1
173:     0.338  0.111  0.365  0.186        1
174:     0.292  0.202  0.368  0.138        1
175:     0.260  0.166  0.389  0.186       50
176:     0.240  0.183  0.408  0.168       49
177:     0.232  0.182  0.412  0.174       50
178:     0.257  0.180  0.400  0.163       49
179:     0.225  0.182  0.395  0.198       23
180:     0.257  0.169  0.400  0.174       49
181:     0.125  0.589  0.018  0.268       30
182:     0.099  0.845  0.015  0.042       30
183:     0.215  0.219  0.370  0.196       34
184:     0.247  0.169  0.405  0.179       36
185:     0.236  0.188  0.391  0.185       40
186:     0.242  0.162  0.411  0.185       39
187:     0.259  0.157  0.385  0.198       37
188:     0.225  0.184  0.389  0.202       40
189:     0.234  0.186  0.397  0.183       35
190:     0.266  0.180  0.386  0.167       28
191:     0.240  0.175  0.409  0.177       36
192:     0.251  0.174  0.401  0.174       32
--------------------------------------------

 Rep#:   Lambda   Alpha      F1    F2    F3    F4     D1,2  D1,3  D1,4  D2,3  D2,4  D3,4    Ln Like 
  100:    1.00    1.817    0.010 0.124 0.122 0.106    0.019 0.023 0.022 0.056 0.040 0.041   --  
  200:    1.00    1.407    0.010 0.187 0.163 0.152    0.031 0.035 0.031 0.055 0.049 0.049   --  
  300:    1.00    1.191    0.179 0.193 0.176 0.141    0.041 0.060 0.045 0.055 0.049 0.049   --  
  400:    1.00    1.140    0.200 0.205 0.164 0.137    0.042 0.057 0.047 0.053 0.049 0.046   --  
  500:    1.00    1.062    0.201 0.206 0.140 0.134    0.043 0.054 0.047 0.051 0.049 0.044   --  
  600:    1.00    1.003    0.200 0.212 0.130 0.137    0.043 0.051 0.047 0.049 0.050 0.041   --  
  700:    1.00    0.962    0.197 0.212 0.116 0.136    0.042 0.048 0.047 0.047 0.050 0.039   --  
  800:    1.00    0.889    0.203 0.217 0.109 0.136    0.043 0.046 0.046 0.046 0.050 0.038   --  
  900:    1.00    0.856    0.199 0.216 0.100 0.132    0.043 0.044 0.046 0.045 0.050 0.036   --  

--------------------------------------------
Proportion of membership of each pre-defined
 population in each of the 4 clusters

Given    Inferred Clusters              Number of
 Pop       1      2      3      4      Individuals

  1:     0.165  0.109  0.615  0.111       54
  2:     0.163  0.104  0.622  0.110       30
  3:     0.314  0.490  0.122  0.074       30
  4:     0.976  0.019  0.002  0.003       20
  5:     0.897  0.071  0.017  0.014       30
  6:     0.160  0.101  0.621  0.118       43
  7:     0.158  0.099  0.626  0.117       44
  8:     0.150  0.091  0.640  0.120        4
  9:     0.138  0.080  0.665  0.116       22
 10:     0.124  0.093  0.663  0.120       24
 11:     0.155  0.100  0.625  0.121       54
 12:     0.156  0.102  0.631  0.111       37
 13:     0.165  0.102  0.616  0.117       42
 14:     0.166  0.099  0.629  0.106       42
 15:     0.164  0.103  0.617  0.117       49
 16:     0.163  0.106  0.615  0.115      124
 17:     0.157  0.096  0.632  0.116       24
 18:     0.147  0.099  0.631  0.123       34
 19:     0.157  0.105  0.625  0.113       52
 20:     0.123  0.125  0.638  0.114        1
 21:     0.139  0.097  0.579  0.185        1
 22:     0.170  0.089  0.631  0.109        1
 23:     0.182  0.098  0.579  0.142        1
 24:     0.145  0.098  0.644  0.112        1
 25:     0.178  0.120  0.591  0.111        1
 26:     0.193  0.058  0.622  0.127        1
 27:     0.190  0.064  0.621  0.125        1
 28:     0.116  0.096  0.658  0.130        1
 29:     0.062  0.120  0.691  0.126        1
 30:     0.202  0.093  0.549  0.156        1
 31:     0.300  0.116  0.507  0.077        1
 32:     0.142  0.113  0.625  0.120        1
 33:     0.230  0.120  0.557  0.093        1
 34:     0.160  0.083  0.633  0.124        1
 35:     0.154  0.097  0.649  0.100        1
 36:     0.145  0.122  0.580  0.153        1
 37:     0.171  0.087  0.603  0.138        1
 38:     0.220  0.067  0.548  0.165        1
 39:     0.161  0.056  0.636  0.147        1
 40:     0.190  0.084  0.563  0.163        1
 41:     0.149  0.058  0.653  0.140        1
 42:     0.164  0.094  0.601  0.140        1
 43:     0.195  0.108  0.576  0.120        1
 44:     0.222  0.088  0.607  0.083        1
 45:     0.170  0.098  0.608  0.123        1
 46:     0.063  0.138  0.576  0.223        1
 47:     0.152  0.107  0.622  0.118        1
 48:     0.131  0.100  0.631  0.138        1
 49:     0.148  0.081  0.649  0.122        1
 50:     0.417  0.113  0.375  0.095        1
 51:     0.265  0.117  0.533  0.085        1
 52:     0.125  0.123  0.579  0.173        1
 53:     0.153  0.125  0.565  0.157        1
 54:     0.175  0.102  0.578  0.145        1
 55:     0.216  0.100  0.484  0.200        1
 56:     0.138  0.059  0.599  0.204        1
 57:     0.139  0.095  0.593  0.174        1
 58:     0.175  0.080  0.583  0.162        1
 59:     0.198  0.103  0.552  0.147        1
 60:     0.190  0.090  0.526  0.194        1
 61:     0.187  0.092  0.533  0.188        1
 62:     0.337  0.270  0.324  0.070        1
 63:     0.207  0.064  0.536  0.193        1
 64:     0.190  0.048  0.601  0.161        1
 65:     0.173  0.078  0.557  0.191        1
 66:     0.151  0.076  0.550  0.223        1
 67:     0.160  0.089  0.511  0.240        1
 68:     0.113  0.127  0.588  0.172        1
 69:     0.178  0.099  0.522  0.201        1
 70:     0.149  0.105  0.571  0.175        1
 71:     0.197  0.078  0.536  0.189        1
 72:     0.167  0.102  0.541  0.191        1
 73:     0.183  0.083  0.582  0.153        1
 74:     0.202  0.070  0.565  0.164        1
 75:     0.176  0.080  0.546  0.198        1
 76:     0.340  0.349  0.170  0.141        1
 77:     0.171  0.096  0.578  0.156        1
 78:     0.186  0.107  0.535  0.173        1
 79:     0.190  0.074  0.551  0.185        1
 80:     0.164  0.057  0.561  0.219        1
 81:     0.242  0.103  0.506  0.149        1
 82:     0.159  0.124  0.450  0.267        1
 83:     0.163  0.083  0.600  0.154        1
 84:     0.039  0.027  0.011  0.923        1
 85:     0.052  0.028  0.001  0.920        1
 86:     0.001  0.046  0.049  0.903        1
 87:     0.004  0.004  0.007  0.985        1
 88:     0.005  0.002  0.010  0.983        1
 89:     0.001  0.001  0.011  0.987        1
 90:     0.014  0.000  0.001  0.984        1
 91:     0.021  0.000  0.001  0.978        1
 92:     0.009  0.027  0.120  0.844        1
 93:     0.027  0.053  0.003  0.916        1
 94:     0.014  0.038  0.045  0.903        1
 95:     0.067  0.009  0.037  0.888        1
 96:     0.001  0.002  0.002  0.995        1
 97:     0.048  0.018  0.002  0.932        1
 98:     0.018  0.002  0.018  0.962        1
 99:     0.000  0.002  0.000  0.997        1
100:     0.017  0.001  0.000  0.982        1
101:     0.068  0.048  0.122  0.762        1
102:     0.009  0.002  0.169  0.820        1
103:     0.029  0.011  0.013  0.947        1
104:     0.016  0.004  0.002  0.978        1
105:     0.033  0.023  0.005  0.938        1
106:     0.038  0.022  0.112  0.829        1
107:     0.002  0.019  0.013  0.966        1
108:     0.068  0.010  0.066  0.856        1
109:     0.087  0.061  0.065  0.786        1
110:     0.057  0.003  0.149  0.791        1
111:     0.009  0.014  0.005  0.973        1
112:     0.012  0.001  0.001  0.987        1
113:     0.036  0.023  0.011  0.930        1
114:     0.020  0.002  0.003  0.976        1
115:     0.012  0.005  0.048  0.935        1
116:     0.001  0.001  0.003  0.995        1
117:     0.002  0.039  0.011  0.948        1
118:     0.000  0.043  0.000  0.957        1
119:     0.033  0.004  0.075  0.888        1
120:     0.000  0.011  0.028  0.961        1
121:     0.001  0.009  0.030  0.959        1
122:     0.009  0.003  0.044  0.944        1
123:     0.007  0.002  0.001  0.991        1
124:     0.085  0.027  0.048  0.839        1
125:     0.016  0.008  0.002  0.975        1
126:     0.035  0.019  0.090  0.856        1
127:     0.073  0.008  0.033  0.886        1
128:     0.019  0.009  0.000  0.971        1
129:     0.003  0.001  0.001  0.995        1
130:     0.054  0.016  0.006  0.924        1
131:     0.000  0.002  0.004  0.994        1
132:     0.080  0.047  0.026  0.848        1
133:     0.117  0.018  0.000  0.865        1
134:     0.016  0.030  0.099  0.855        1
135:     0.043  0.045  0.103  0.808        1
136:     0.001  0.001  0.001  0.997        1
137:     0.002  0.001  0.001  0.997        1
138:     0.002  0.003  0.006  0.989        1
139:     0.065  0.013  0.001  0.922        1
140:     0.130  0.004  0.023  0.842        1
141:     0.006  0.002  0.005  0.987        1
142:     0.053  0.017  0.042  0.888        1
143:     0.018  0.038  0.001  0.943        1
144:     0.034  0.011  0.004  0.951        1
145:     0.013  0.000  0.004  0.983        1
146:     0.013  0.050  0.001  0.936        1
147:     0.047  0.000  0.004  0.948        1
148:     0.203  0.119  0.496  0.182        1
149:     0.202  0.137  0.500  0.161        1
150:     0.159  0.086  0.604  0.151        1
151:     0.114  0.091  0.665  0.131        1
152:     0.232  0.094  0.557  0.117        1
153:     0.156  0.117  0.615  0.112        1
154:     0.182  0.051  0.638  0.129        1
155:     0.200  0.010  0.615  0.175        1
156:     0.197  0.079  0.617  0.106        1
157:     0.158  0.099  0.587  0.156        1
158:     0.088  0.124  0.612  0.175        1
159:     0.112  0.089  0.659  0.140        1
160:     0.138  0.081  0.631  0.151        1
161:     0.159  0.123  0.550  0.168        1
162:     0.143  0.098  0.634  0.125        1
163:     0.154  0.066  0.650  0.129        1
164:     0.162  0.105  0.602  0.131        1
165:     0.185  0.102  0.549  0.165        1
166:     0.243  0.100  0.615  0.043        1
167:     0.169  0.142  0.554  0.135        1
168:     0.136  0.087  0.677  0.100        1
169:     0.167  0.092  0.609  0.133        1
170:     0.104  0.065  0.695  0.135        1
171:     0.114  0.107  0.640  0.139        1
172:     0.191  0.089  0.620  0.100        1
173:     0.142  0.112  0.639  0.106        1
174:     0.168  0.081  0.629  0.122        1
175:     0.158  0.109  0.621  0.112       50
176:     0.149  0.107  0.628  0.116       49
177:     0.151  0.107  0.628  0.114       50
178:     0.157  0.107  0.621  0.114       49
179:     0.168  0.100  0.612  0.120       23
180:     0.155  0.101  0.629  0.114       49
181:     0.033  0.959  0.004  0.004       30
182:     0.180  0.802  0.009  0.008       30
183:     0.163  0.137  0.574  0.126       34
184:     0.155  0.108  0.627  0.110       36
185:     0.157  0.103  0.619  0.121       40
186:     0.148  0.100  0.638  0.114       39
187:     0.155  0.106  0.623  0.116       37
188:     0.166  0.098  0.619  0.117       40
189:     0.155  0.110  0.625  0.111       35
190:     0.163  0.116  0.611  0.110       28
191:     0.161  0.105  0.625  0.109       36
192:     0.159  0.107  0.625  0.110       32
--------------------------------------------

 Rep#:   Lambda   Alpha      F1    F2    F3    F4     D1,2  D1,3  D1,4  D2,3  D2,4  D3,4    Ln Like 
 1000:    1.00    0.799    0.193 0.217 0.089 0.133    0.044 0.043 0.046 0.044 0.051 0.035   --  
 1100:    1.00    0.787    0.201 0.219 0.089 0.135    0.044 0.042 0.047 0.043 0.051 0.034   --  
 1200:    1.00    0.739    0.191 0.226 0.085 0.129    0.044 0.040 0.046 0.043 0.051 0.034   --  
 1300:    1.00    0.697    0.191 0.224 0.083 0.130    0.045 0.039 0.046 0.043 0.051 0.033   --  
 1400:    1.00    0.678    0.182 0.225 0.076 0.133    0.046 0.038 0.046 0.042 0.052 0.032   --  
 1500:    1.00    0.688    0.189 0.240 0.065 0.133    0.047 0.037 0.046 0.042 0.053 0.032   --  
 1600:    1.00    0.644    0.198 0.243 0.064 0.132    0.049 0.037 0.046 0.043 0.054 0.031   --  
 1700:    1.00    0.644    0.196 0.243 0.060 0.128    0.051 0.036 0.046 0.043 0.054 0.031   --  
 1800:    1.00    0.607    0.189 0.253 0.060 0.129    0.051 0.035 0.046 0.043 0.055 0.030   --  
 1900:    1.00    0.579    0.193 0.264 0.059 0.125    0.052 0.035 0.046 0.044 0.056 0.030   --  

--------------------------------------------
Proportion of membership of each pre-defined
 population in each of the 4 clusters

Given    Inferred Clusters              Number of
 Pop       1      2      3      4      Individuals

  1:     0.107  0.076  0.738  0.079       54
  2:     0.115  0.067  0.749  0.069       30
  3:     0.367  0.417  0.154  0.062       30
  4:     0.980  0.016  0.001  0.003       20
  5:     0.908  0.048  0.031  0.013       30
  6:     0.109  0.064  0.748  0.078       43
  7:     0.107  0.065  0.750  0.077       44
  8:     0.093  0.058  0.775  0.074        4
  9:     0.076  0.051  0.793  0.080       22
 10:     0.070  0.056  0.788  0.086       24
 11:     0.108  0.068  0.742  0.081       54
 12:     0.107  0.067  0.756  0.070       37
 13:     0.112  0.075  0.735  0.078       42
 14:     0.107  0.066  0.752  0.074       42
 15:     0.109  0.068  0.747  0.075       49
 16:     0.113  0.072  0.738  0.078      124
 17:     0.112  0.062  0.750  0.076       24
 18:     0.096  0.067  0.753  0.083       34
 19:     0.106  0.072  0.742  0.080       52
 20:     0.082  0.102  0.720  0.096        1
 21:     0.097  0.028  0.732  0.143        1
 22:     0.121  0.018  0.786  0.074        1
 23:     0.139  0.059  0.671  0.132        1
 24:     0.089  0.063  0.783  0.065        1
 25:     0.127  0.077  0.703  0.094        1
 26:     0.120  0.030  0.750  0.099        1
 27:     0.129  0.058  0.691  0.122        1
 28:     0.072  0.078  0.770  0.080        1
 29:     0.063  0.073  0.771  0.093        1
 30:     0.180  0.044  0.663  0.113        1
 31:     0.227  0.070  0.618  0.085        1
 32:     0.074  0.074  0.758  0.093        1
 33:     0.149  0.064  0.706  0.081        1
 34:     0.070  0.042  0.796  0.091        1
 35:     0.130  0.042  0.748  0.080        1
 36:     0.068  0.109  0.696  0.127        1
 37:     0.114  0.050  0.744  0.093        1
 38:     0.150  0.041  0.673  0.137        1
 39:     0.060  0.042  0.765  0.132        1
 40:     0.123  0.063  0.703  0.111        1
 41:     0.073  0.032  0.783  0.112        1
 42:     0.069  0.076  0.745  0.110        1
 43:     0.096  0.068  0.718  0.118        1
 44:     0.190  0.056  0.699  0.055        1
 45:     0.097  0.046  0.754  0.103        1
 46:     0.049  0.118  0.694  0.139        1
 47:     0.062  0.077  0.765  0.096        1
 48:     0.051  0.103  0.760  0.087        1
 49:     0.085  0.031  0.785  0.100        1
 50:     0.336  0.115  0.508  0.041        1
 51:     0.258  0.086  0.572  0.085        1
 52:     0.086  0.082  0.693  0.139        1
 53:     0.093  0.083  0.720  0.104        1
 54:     0.131  0.080  0.656  0.133        1
 55:     0.190  0.057  0.575  0.178        1
 56:     0.078  0.017  0.735  0.169        1
 57:     0.075  0.056  0.758  0.112        1
 58:     0.101  0.043  0.692  0.164        1
 59:     0.152  0.061  0.678  0.108        1
 60:     0.172  0.032  0.623  0.173        1
 61:     0.152  0.055  0.603  0.190        1
 62:     0.327  0.213  0.409  0.051        1
 63:     0.191  0.077  0.597  0.135        1
 64:     0.134  0.014  0.664  0.188        1
 65:     0.114  0.075  0.659  0.153        1
 66:     0.127  0.043  0.647  0.182        1
 67:     0.104  0.065  0.635  0.196        1
 68:     0.111  0.075  0.657  0.157        1
 69:     0.147  0.035  0.610  0.208        1
 70:     0.149  0.044  0.653  0.154        1
 71:     0.129  0.039  0.683  0.149        1
 72:     0.130  0.062  0.635  0.173        1
 73:     0.112  0.038  0.669  0.181        1
 74:     0.131  0.066  0.691  0.112        1
 75:     0.165  0.045  0.651  0.138        1
 76:     0.315  0.311  0.238  0.136        1
 77:     0.146  0.068  0.624  0.162        1
 78:     0.175  0.072  0.629  0.125        1
 79:     0.144  0.061  0.658  0.136        1
 80:     0.170  0.005  0.664  0.161        1
 81:     0.192  0.055  0.603  0.149        1
 82:     0.121  0.074  0.589  0.216        1
 83:     0.116  0.051  0.698  0.135        1
 84:     0.000  0.037  0.009  0.953        1
 85:     0.032  0.001  0.002  0.965        1
 86:     0.001  0.026  0.093  0.880        1
 87:     0.011  0.002  0.006  0.981        1
 88:     0.007  0.001  0.001  0.991        1
 89:     0.000  0.003  0.023  0.973        1
 90:     0.022  0.009  0.000  0.969        1
 91:     0.042  0.001  0.001  0.957        1
 92:     0.010  0.033  0.102  0.855        1
 93:     0.005  0.048  0.002  0.945        1
 94:     0.004  0.035  0.023  0.938        1
 95:     0.083  0.001  0.020  0.897        1
 96:     0.000  0.000  0.000  1.000        1
 97:     0.049  0.000  0.000  0.951        1
 98:     0.000  0.013  0.002  0.985        1
 99:     0.001  0.000  0.001  0.998        1
100:     0.025  0.000  0.000  0.975        1
101:     0.020  0.011  0.185  0.784        1
102:     0.001  0.014  0.149  0.836        1
103:     0.020  0.000  0.004  0.977        1
104:     0.010  0.009  0.016  0.964        1
105:     0.052  0.000  0.018  0.930        1
106:     0.018  0.002  0.167  0.814        1
107:     0.005  0.029  0.001  0.965        1
108:     0.060  0.001  0.076  0.863        1
109:     0.108  0.029  0.091  0.773        1
110:     0.006  0.026  0.156  0.812        1
111:     0.004  0.029  0.003  0.964        1
112:     0.001  0.000  0.001  0.998        1
113:     0.048  0.000  0.001  0.951        1
114:     0.003  0.001  0.014  0.981        1
115:     0.004  0.001  0.029  0.966        1
116:     0.001  0.007  0.000  0.992        1
117:     0.022  0.035  0.003  0.940        1
118:     0.003  0.043  0.000  0.955        1
119:     0.021  0.003  0.108  0.868        1
120:     0.000  0.002  0.036  0.962        1
121:     0.007  0.001  0.003  0.990        1
122:     0.001  0.013  0.059  0.928        1
123:     0.001  0.003  0.004  0.992        1
124:     0.112  0.006  0.079  0.803        1
125:     0.003  0.001  0.000  0.997        1
126:     0.002  0.002  0.126  0.870        1
127:     0.024  0.008  0.061  0.907        1
128:     0.014  0.015  0.001  0.970        1
129:     0.000  0.002  0.000  0.998        1
130:     0.045  0.012  0.014  0.929        1
131:     0.000  0.001  0.001  0.998        1
132:     0.088  0.007  0.077  0.828        1
133:     0.115  0.003  0.014  0.868        1
134:     0.008  0.036  0.130  0.826        1
135:     0.056  0.001  0.132  0.811        1
136:     0.000  0.005  0.000  0.995        1
137:     0.001  0.021  0.002  0.975        1
138:     0.002  0.000  0.002  0.996        1
139:     0.065  0.001  0.000  0.934        1
140:     0.125  0.007  0.002  0.865        1
141:     0.005  0.004  0.017  0.974        1
142:     0.028  0.040  0.082  0.850        1
143:     0.056  0.024  0.011  0.909        1
144:     0.044  0.004  0.010  0.943        1
145:     0.001  0.007  0.006  0.986        1
146:     0.004  0.030  0.013  0.953        1
147:     0.045  0.000  0.008  0.947        1
148:     0.148  0.076  0.630  0.147        1
149:     0.144  0.142  0.561  0.154        1
150:     0.068  0.060  0.726  0.146        1
151:     0.057  0.074  0.778  0.091        1
152:     0.165  0.091  0.690  0.055        1
153:     0.074  0.115  0.753  0.059        1
154:     0.089  0.057  0.792  0.062        1
155:     0.104  0.042  0.737  0.117        1
156:     0.117  0.074  0.731  0.077        1
157:     0.127  0.041  0.746  0.085        1
158:     0.074  0.067  0.724  0.135        1
159:     0.077  0.058  0.757  0.108        1
160:     0.124  0.050  0.750  0.076        1
161:     0.119  0.102  0.667  0.112        1
162:     0.101  0.050  0.734  0.115        1
163:     0.134  0.048  0.732  0.087        1
164:     0.096  0.062  0.735  0.106        1
165:     0.120  0.090  0.678  0.113        1
166:     0.169  0.053  0.736  0.042        1
167:     0.128  0.079  0.734  0.059        1
168:     0.057  0.051  0.836  0.056        1
169:     0.108  0.040  0.746  0.105        1
170:     0.055  0.047  0.776  0.123        1
171:     0.046  0.072  0.755  0.126        1
172:     0.133  0.066  0.716  0.085        1
173:     0.090  0.054  0.777  0.079        1
174:     0.086  0.053  0.784  0.076        1
175:     0.108  0.071  0.750  0.070       50
176:     0.098  0.073  0.755  0.074       49
177:     0.104  0.071  0.745  0.080       50
178:     0.107  0.076  0.743  0.074       49
179:     0.110  0.067  0.738  0.085       23
180:     0.106  0.066  0.757  0.070       49
181:     0.042  0.953  0.003  0.002       30
182:     0.392  0.591  0.012  0.006       30
183:     0.121  0.102  0.682  0.095       34
184:     0.102  0.077  0.756  0.065       36
185:     0.114  0.069  0.739  0.079       40
186:     0.092  0.070  0.763  0.074       39
187:     0.106  0.075  0.741  0.078       37
188:     0.112  0.072  0.733  0.083       40
189:     0.103  0.076  0.743  0.077       35
190:     0.121  0.080  0.729  0.071       28
191:     0.106  0.078  0.745  0.071       36
192:     0.107  0.075  0.753  0.064       32
--------------------------------------------

 Rep#:   Lambda   Alpha      F1    F2    F3    F4     D1,2  D1,3  D1,4  D2,3  D2,4  D3,4    Ln Like 
 2000:    1.00    0.574    0.193 0.258 0.053 0.131    0.052 0.034 0.046 0.043 0.056 0.030   --  
 2100:    1.00    0.557    0.189 0.262 0.050 0.131    0.053 0.034 0.046 0.044 0.057 0.029   --  
 2200:    1.00    0.544    0.189 0.266 0.049 0.130    0.053 0.033 0.045 0.043 0.056 0.029   --  
 2300:    1.00    0.525    0.186 0.271 0.047 0.132    0.053 0.032 0.045 0.044 0.057 0.029   --  
 2400:    1.00    0.505    0.185 0.273 0.046 0.132    0.053 0.032 0.046 0.044 0.058 0.029   --  
 2500:    1.00    0.494    0.190 0.267 0.042 0.130    0.053 0.032 0.045 0.043 0.057 0.028   --  
 2600:    1.00    0.487    0.188 0.272 0.042 0.135    0.053 0.032 0.045 0.043 0.058 0.028   --  
 2700:    1.00    0.470    0.185 0.274 0.042 0.131    0.053 0.031 0.045 0.043 0.058 0.027   --  
 2800:    1.00    0.438    0.182 0.270 0.038 0.131    0.054 0.031 0.045 0.043 0.058 0.027   --  
 2900:    1.00    0.423    0.184 0.275 0.037 0.129    0.054 0.030 0.044 0.042 0.058 0.027   --  

--------------------------------------------
Proportion of membership of each pre-defined
 population in each of the 4 clusters

Given    Inferred Clusters              Number of
 Pop       1      2      3      4      Individuals

  1:     0.081  0.047  0.821  0.051       54
  2:     0.085  0.046  0.817  0.052       30
  3:     0.388  0.384  0.172  0.056       30
  4:     0.983  0.014  0.001  0.002       20
  5:     0.917  0.036  0.033  0.014       30
  6:     0.076  0.039  0.833  0.052       43
  7:     0.077  0.039  0.837  0.046       44
  8:     0.051  0.040  0.852  0.058        4
  9:     0.042  0.029  0.873  0.056       22
 10:     0.039  0.035  0.876  0.050       24
 11:     0.076  0.044  0.828  0.052       54
 12:     0.081  0.040  0.839  0.039       37
 13:     0.082  0.046  0.819  0.053       42
 14:     0.075  0.041  0.841  0.043       42
 15:     0.084  0.042  0.826  0.047       49
 16:     0.086  0.045  0.818  0.051      124
 17:     0.077  0.044  0.829  0.049       24
 18:     0.064  0.039  0.841  0.055       34
 19:     0.073  0.048  0.828  0.051       52
 20:     0.037  0.057  0.857  0.049        1
 21:     0.077  0.026  0.787  0.109        1
 22:     0.098  0.007  0.861  0.034        1
 23:     0.094  0.051  0.732  0.122        1
 24:     0.054  0.046  0.832  0.068        1
 25:     0.116  0.070  0.730  0.083        1
 26:     0.091  0.041  0.752  0.115        1
 27:     0.095  0.039  0.812  0.054        1
 28:     0.032  0.039  0.876  0.053        1
 29:     0.010  0.049  0.861  0.079        1
 30:     0.141  0.022  0.752  0.085        1
 31:     0.251  0.055  0.664  0.030        1
 32:     0.061  0.033  0.819  0.087        1
 33:     0.126  0.049  0.787  0.038        1
 34:     0.033  0.023  0.883  0.061        1
 35:     0.071  0.008  0.842  0.078        1
 36:     0.050  0.053  0.789  0.107        1
 37:     0.047  0.021  0.850  0.082        1
 38:     0.169  0.030  0.681  0.120        1
 39:     0.085  0.030  0.799  0.086        1
 40:     0.100  0.047  0.779  0.074        1
 41:     0.027  0.061  0.795  0.116        1
 42:     0.068  0.102  0.789  0.041        1
 43:     0.060  0.053  0.822  0.064        1
 44:     0.125  0.078  0.749  0.048        1
 45:     0.097  0.004  0.825  0.073        1
 46:     0.025  0.070  0.796  0.109        1
 47:     0.041  0.047  0.852  0.060        1
 48:     0.036  0.043  0.864  0.058        1
 49:     0.020  0.045  0.832  0.103        1
 50:     0.308  0.081  0.519  0.092        1
 51:     0.208  0.085  0.636  0.072        1
 52:     0.095  0.067  0.725  0.113        1
 53:     0.056  0.065  0.821  0.058        1
 54:     0.121  0.017  0.749  0.113        1
 55:     0.175  0.039  0.627  0.160        1
 56:     0.067  0.009  0.809  0.115        1
 57:     0.037  0.054  0.801  0.108        1
 58:     0.106  0.018  0.716  0.160        1
 59:     0.121  0.039  0.712  0.128        1
 60:     0.153  0.003  0.717  0.128        1
 61:     0.148  0.034  0.674  0.145        1
 62:     0.325  0.168  0.444  0.064        1
 63:     0.169  0.020  0.673  0.137        1
 64:     0.123  0.004  0.737  0.136        1
 65:     0.130  0.000  0.732  0.137        1
 66:     0.110  0.028  0.770  0.092        1
 67:     0.094  0.027  0.718  0.160        1
 68:     0.073  0.052  0.769  0.106        1
 69:     0.135  0.020  0.694  0.151        1
 70:     0.114  0.035  0.700  0.150        1
 71:     0.131  0.007  0.713  0.149        1
 72:     0.117  0.017  0.720  0.146        1
 73:     0.137  0.000  0.737  0.126        1
 74:     0.104  0.050  0.734  0.112        1
 75:     0.163  0.015  0.664  0.158        1
 76:     0.356  0.293  0.234  0.117        1
 77:     0.123  0.041  0.684  0.151        1
 78:     0.130  0.050  0.719  0.101        1
 79:     0.145  0.035  0.733  0.088        1
 80:     0.166  0.002  0.736  0.096        1
 81:     0.139  0.026  0.696  0.138        1
 82:     0.116  0.014  0.642  0.228        1
 83:     0.104  0.027  0.774  0.095        1
 84:     0.030  0.012  0.000  0.958        1
 85:     0.029  0.002  0.008  0.961        1
 86:     0.001  0.005  0.102  0.893        1
 87:     0.001  0.000  0.038  0.961        1
 88:     0.000  0.000  0.011  0.989        1
 89:     0.009  0.001  0.024  0.966        1
 90:     0.008  0.001  0.000  0.990        1
 91:     0.001  0.009  0.002  0.988        1
 92:     0.026  0.028  0.110  0.835        1
 93:     0.027  0.020  0.008  0.946        1
 94:     0.001  0.013  0.049  0.938        1
 95:     0.071  0.006  0.026  0.897        1
 96:     0.000  0.002  0.000  0.998        1
 97:     0.051  0.005  0.000  0.943        1
 98:     0.004  0.003  0.006  0.986        1
 99:     0.000  0.000  0.001  0.999        1
100:     0.009  0.001  0.000  0.989        1
101:     0.004  0.028  0.168  0.799        1
102:     0.000  0.001  0.190  0.808        1
103:     0.018  0.001  0.000  0.981        1
104:     0.008  0.000  0.002  0.989        1
105:     0.071  0.018  0.003  0.908        1
106:     0.002  0.012  0.224  0.763        1
107:     0.004  0.021  0.002  0.972        1
108:     0.043  0.015  0.082  0.859        1
109:     0.074  0.013  0.143  0.770        1
110:     0.011  0.000  0.199  0.790        1
111:     0.002  0.007  0.002  0.989        1
112:     0.000  0.000  0.000  1.000        1
113:     0.043  0.002  0.002  0.953        1
114:     0.009  0.001  0.016  0.974        1
115:     0.000  0.000  0.087  0.913        1
116:     0.000  0.004  0.001  0.995        1
117:     0.018  0.016  0.011  0.955        1
118:     0.000  0.018  0.000  0.981        1
119:     0.022  0.000  0.109  0.869        1
120:     0.013  0.000  0.056  0.931        1
121:     0.008  0.000  0.014  0.977        1
122:     0.004  0.003  0.058  0.934        1
123:     0.007  0.000  0.000  0.993        1
124:     0.092  0.011  0.087  0.810        1
125:     0.000  0.002  0.000  0.997        1
126:     0.009  0.001  0.093  0.897        1
127:     0.021  0.008  0.016  0.954        1
128:     0.020  0.005  0.000  0.975        1
129:     0.000  0.001  0.001  0.998        1
130:     0.049  0.009  0.019  0.923        1
131:     0.001  0.000  0.002  0.997        1
132:     0.107  0.006  0.089  0.798        1
133:     0.115  0.006  0.012  0.867        1
134:     0.005  0.019  0.125  0.850        1
135:     0.019  0.007  0.144  0.830        1
136:     0.000  0.001  0.001  0.998        1
137:     0.009  0.003  0.000  0.988        1
138:     0.001  0.004  0.000  0.995        1
139:     0.065  0.007  0.006  0.923        1
140:     0.107  0.000  0.001  0.892        1
141:     0.000  0.004  0.000  0.996        1
142:     0.036  0.000  0.088  0.876        1
143:     0.038  0.007  0.000  0.955        1
144:     0.035  0.000  0.008  0.957        1
145:     0.001  0.003  0.005  0.991        1
146:     0.001  0.041  0.007  0.952        1
147:     0.043  0.002  0.000  0.955        1
148:     0.139  0.051  0.644  0.165        1
149:     0.112  0.104  0.684  0.099        1
150:     0.050  0.019  0.818  0.113        1
151:     0.008  0.048  0.855  0.089        1
152:     0.121  0.080  0.762  0.037        1
153:     0.032  0.067  0.837  0.065        1
154:     0.089  0.003  0.830  0.077        1
155:     0.052  0.026  0.835  0.087        1
156:     0.050  0.053  0.820  0.077        1
157:     0.103  0.054  0.762  0.081        1
158:     0.006  0.063  0.833  0.098        1
159:     0.018  0.035  0.850  0.096        1
160:     0.103  0.016  0.850  0.031        1
161:     0.088  0.085  0.711  0.115        1
162:     0.045  0.045  0.804  0.105        1
163:     0.108  0.001  0.799  0.093        1
164:     0.074  0.057  0.805  0.063        1
165:     0.128  0.036  0.722  0.113        1
166:     0.104  0.056  0.821  0.020        1
167:     0.071  0.064  0.828  0.037        1
168:     0.043  0.027  0.909  0.021        1
169:     0.058  0.022  0.801  0.118        1
170:     0.016  0.038  0.839  0.108        1
171:     0.023  0.062  0.859  0.056        1
172:     0.135  0.036  0.760  0.069        1
173:     0.053  0.056  0.827  0.064        1
174:     0.077  0.036  0.795  0.091        1
175:     0.079  0.047  0.829  0.045       50
176:     0.066  0.049  0.842  0.044       49
177:     0.076  0.041  0.836  0.047       50
178:     0.071  0.051  0.835  0.042       49
179:     0.086  0.046  0.813  0.054       23
180:     0.072  0.042  0.838  0.048       49
181:     0.049  0.945  0.003  0.003       30
182:     0.458  0.523  0.015  0.004       30
183:     0.096  0.073  0.763  0.069       34
184:     0.074  0.048  0.841  0.037       36
