

----------------------------------------------------
STRUCTURE by Pritchard, Stephens and Donnelly (2000)
     and Falush, Stephens and Pritchard (2003)
       Code by Pritchard, Falush and Hubisz
             Version 2.3.4 (Jul 2012)
----------------------------------------------------


Reading file "/workdir/yc2644/CV_CT_array/structure/threader_input/mainparams".
Reading file "/workdir/yc2644/CV_CT_array/structure/threader_input/extraparams".
Reading file "/workdir/yc2644/CV_CT_array/structure/threader_input/n1601.recode.strct_in".


Data file "/workdir/yc2644/CV_CT_array/structure/threader_input/n1601.recode.strct_in" (truncated) --

Ind:   Label Pop : Genotype_data . . . .
  1:  001s    1  :  2   1   2   2   2   1   2  . . . .   2
  1:  001s    1  :  2   2   2   2   2   2   2  . . . .   2
  2:  002s    1  :  2   2   2   2   1   1   2  . . . .   2
  2:  002s    1  :  2   2   2   2   2   2   2  . . . .   2
  3:  003s    1  :  1   2   1   2   2   2   2  . . . .   1
  3:  003s    1  :  2   2   1   2   2   2   2  . . . .   2
  4:  004s    1  :  1   1   2   2   1   2   2  . . . .   1
  4:  004s    1  :  2   1   2   2   2   2   2  . . . .   2

      *******   

1600:    49  192  :  2   2   2   2   2   1   2  . . . .   1
1600:    49  192  :  2   2   2   2   2   2   2  . . . .   2
1601:    50  192  :  2   1   2   2   1   2   2  . . . .   1
1601:    50  192  :  2   2   2   2   2   2   2  . . . .   2

Number of alleles per locus: min= 2; ave=2.0; max= 2


--------------------------------------

Finished initialization; starting MCMC 
100000 iterations + 10000 burnin


--------------------------------------------
Proportion of membership of each pre-defined
 population in each of the 4 clusters

Given    Inferred Clusters              Number of
 Pop       1      2      3      4      Individuals

  1:     0.160  0.327  0.329  0.185       54
  2:     0.157  0.302  0.353  0.187       30
  3:     0.684  0.075  0.130  0.111       30
  4:     0.747  0.031  0.133  0.088       20
  5:     0.705  0.040  0.153  0.101       30
  6:     0.148  0.328  0.329  0.195       43
  7:     0.152  0.310  0.344  0.195       44
  8:     0.124  0.295  0.380  0.202        4
  9:     0.109  0.334  0.344  0.212       22
 10:     0.113  0.353  0.335  0.199       24
 11:     0.152  0.336  0.322  0.190       54
 12:     0.155  0.342  0.313  0.190       37
 13:     0.163  0.322  0.319  0.195       42
 14:     0.160  0.345  0.310  0.186       42
 15:     0.160  0.345  0.307  0.188       49
 16:     0.159  0.319  0.329  0.194      124
 17:     0.153  0.337  0.314  0.196       24
 18:     0.137  0.337  0.347  0.178       34
 19:     0.162  0.361  0.302  0.175       52
 20:     0.149  0.307  0.319  0.225        1
 21:     0.150  0.267  0.302  0.281        1
 22:     0.142  0.338  0.303  0.218        1
 23:     0.186  0.441  0.051  0.322        1
 24:     0.155  0.232  0.429  0.185        1
 25:     0.198  0.210  0.379  0.214        1
 26:     0.154  0.342  0.236  0.268        1
 27:     0.198  0.287  0.284  0.231        1
 28:     0.062  0.294  0.351  0.293        1
 29:     0.112  0.661  0.149  0.078        1
 30:     0.188  0.292  0.295  0.225        1
 31:     0.238  0.270  0.271  0.222        1
 32:     0.129  0.276  0.353  0.241        1
 33:     0.218  0.225  0.274  0.283        1
 34:     0.128  0.406  0.269  0.197        1
 35:     0.117  0.370  0.347  0.166        1
 36:     0.155  0.485  0.115  0.245        1
 37:     0.050  0.432  0.215  0.303        1
 38:     0.104  0.177  0.416  0.303        1
 39:     0.142  0.315  0.298  0.246        1
 40:     0.157  0.264  0.319  0.260        1
 41:     0.100  0.314  0.380  0.206        1
 42:     0.161  0.476  0.143  0.219        1
 43:     0.159  0.344  0.325  0.172        1
 44:     0.212  0.402  0.258  0.129        1
 45:     0.132  0.356  0.256  0.256        1
 46:     0.121  0.428  0.138  0.314        1
 47:     0.121  0.400  0.315  0.164        1
 48:     0.141  0.314  0.287  0.258        1
 49:     0.027  0.208  0.552  0.213        1
 50:     0.395  0.275  0.165  0.165        1
 51:     0.318  0.215  0.264  0.203        1
 52:     0.196  0.254  0.307  0.243        1
 53:     0.191  0.247  0.318  0.245        1
 54:     0.171  0.177  0.056  0.595        1
 55:     0.185  0.219  0.108  0.489        1
 56:     0.122  0.266  0.106  0.507        1
 57:     0.176  0.160  0.005  0.659        1
 58:     0.104  0.100  0.127  0.669        1
 59:     0.141  0.277  0.093  0.489        1
 60:     0.182  0.223  0.050  0.545        1
 61:     0.210  0.148  0.022  0.620        1
 62:     0.462  0.141  0.105  0.292        1
 63:     0.131  0.271  0.051  0.546        1
 64:     0.097  0.320  0.057  0.526        1
 65:     0.118  0.287  0.046  0.549        1
 66:     0.136  0.292  0.049  0.523        1
 67:     0.145  0.227  0.075  0.553        1
 68:     0.140  0.101  0.092  0.668        1
 69:     0.143  0.082  0.095  0.680        1
 70:     0.070  0.242  0.095  0.593        1
 71:     0.159  0.116  0.024  0.701        1
 72:     0.134  0.176  0.105  0.585        1
 73:     0.130  0.433  0.024  0.412        1
 74:     0.216  0.028  0.209  0.547        1
 75:     0.135  0.243  0.006  0.615        1
 76:     0.549  0.176  0.197  0.078        1
 77:     0.115  0.238  0.081  0.566        1
 78:     0.212  0.120  0.083  0.585        1
 79:     0.136  0.196  0.075  0.593        1
 80:     0.157  0.091  0.134  0.618        1
 81:     0.193  0.171  0.084  0.553        1
 82:     0.210  0.269  0.046  0.475        1
 83:     0.117  0.373  0.020  0.489        1
 84:     0.107  0.081  0.042  0.770        1
 85:     0.079  0.033  0.018  0.870        1
 86:     0.109  0.062  0.004  0.825        1
 87:     0.081  0.086  0.039  0.794        1
 88:     0.041  0.039  0.025  0.895        1
 89:     0.029  0.062  0.029  0.880        1
 90:     0.126  0.046  0.016  0.813        1
 91:     0.101  0.097  0.023  0.779        1
 92:     0.128  0.075  0.004  0.793        1
 93:     0.142  0.040  0.019  0.799        1
 94:     0.114  0.089  0.019  0.779        1
 95:     0.116  0.081  0.053  0.750        1
 96:     0.015  0.009  0.009  0.966        1
 97:     0.101  0.128  0.001  0.770        1
 98:     0.015  0.013  0.021  0.951        1
 99:     0.065  0.019  0.001  0.916        1
100:     0.125  0.109  0.003  0.763        1
101:     0.073  0.042  0.072  0.813        1
102:     0.128  0.194  0.012  0.666        1
103:     0.013  0.076  0.013  0.898        1
104:     0.071  0.072  0.005  0.852        1
105:     0.136  0.079  0.031  0.754        1
106:     0.059  0.173  0.021  0.746        1
107:     0.093  0.018  0.023  0.866        1
108:     0.125  0.080  0.034  0.761        1
109:     0.140  0.084  0.077  0.699        1
110:     0.065  0.108  0.023  0.804        1
111:     0.082  0.047  0.035  0.837        1
112:     0.047  0.030  0.017  0.906        1
113:     0.103  0.056  0.068  0.773        1
114:     0.072  0.040  0.003  0.884        1
115:     0.072  0.154  0.010  0.764        1
116:     0.036  0.025  0.005  0.935        1
117:     0.099  0.025  0.038  0.838        1
118:     0.129  0.076  0.009  0.786        1
119:     0.080  0.136  0.023  0.761        1
120:     0.053  0.119  0.017  0.812        1
121:     0.097  0.104  0.007  0.791        1
122:     0.033  0.058  0.004  0.905        1
123:     0.060  0.050  0.033  0.857        1
124:     0.150  0.110  0.045  0.694        1
125:     0.074  0.051  0.022  0.853        1
126:     0.086  0.137  0.047  0.729        1
127:     0.071  0.063  0.026  0.839        1
128:     0.088  0.058  0.014  0.841        1
129:     0.047  0.057  0.009  0.887        1
130:     0.034  0.020  0.062  0.885        1
131:     0.027  0.006  0.020  0.948        1
132:     0.132  0.127  0.025  0.717        1
133:     0.061  0.084  0.030  0.825        1
134:     0.104  0.121  0.025  0.750        1
135:     0.084  0.158  0.044  0.715        1
136:     0.053  0.056  0.045  0.846        1
137:     0.051  0.062  0.022  0.866        1
138:     0.051  0.042  0.005  0.902        1
139:     0.123  0.032  0.010  0.834        1
140:     0.143  0.073  0.031  0.753        1
141:     0.075  0.068  0.011  0.847        1
142:     0.026  0.040  0.085  0.849        1
143:     0.140  0.071  0.029  0.760        1
144:     0.118  0.137  0.001  0.744        1
145:     0.107  0.094  0.017  0.782        1
146:     0.080  0.009  0.012  0.899        1
147:     0.071  0.034  0.017  0.879        1
148:     0.267  0.149  0.314  0.270        1
149:     0.241  0.259  0.281  0.219        1
150:     0.084  0.178  0.537  0.201        1
151:     0.119  0.348  0.277  0.256        1
152:     0.233  0.306  0.268  0.193        1
153:     0.136  0.500  0.158  0.206        1
154:     0.147  0.299  0.320  0.234        1
155:     0.174  0.223  0.293  0.309        1
156:     0.113  0.548  0.064  0.276        1
157:     0.168  0.514  0.106  0.212        1
158:     0.129  0.178  0.487  0.206        1
159:     0.079  0.572  0.147  0.202        1
160:     0.116  0.399  0.337  0.148        1
161:     0.171  0.333  0.216  0.279        1
162:     0.147  0.665  0.061  0.126        1
163:     0.096  0.621  0.104  0.179        1
164:     0.146  0.267  0.405  0.182        1
165:     0.188  0.238  0.291  0.283        1
166:     0.137  0.174  0.611  0.077        1
167:     0.181  0.321  0.248  0.250        1
168:     0.139  0.285  0.368  0.208        1
169:     0.134  0.195  0.327  0.344        1
170:     0.058  0.370  0.345  0.226        1
171:     0.145  0.568  0.138  0.149        1
172:     0.122  0.200  0.385  0.292        1
173:     0.168  0.270  0.348  0.214        1
174:     0.124  0.336  0.298  0.242        1
175:     0.162  0.330  0.316  0.191       50
176:     0.148  0.348  0.318  0.186       49
177:     0.154  0.365  0.307  0.173       50
178:     0.153  0.338  0.325  0.184       49
179:     0.159  0.383  0.280  0.178       23
180:     0.150  0.307  0.349  0.194       49
181:     0.923  0.024  0.032  0.020       30
182:     0.842  0.034  0.081  0.044       30
183:     0.204  0.344  0.263  0.189       34
184:     0.155  0.369  0.291  0.186       36
185:     0.155  0.297  0.351  0.197       40
186:     0.148  0.414  0.253  0.185       39
187:     0.168  0.377  0.274  0.180       37
188:     0.158  0.318  0.322  0.202       40
189:     0.161  0.351  0.303  0.185       35
190:     0.171  0.347  0.292  0.190       28
191:     0.152  0.368  0.303  0.178       36
192:     0.151  0.329  0.336  0.184       32
--------------------------------------------

 Rep#:   Lambda   Alpha      F1    F2    F3    F4     D1,2  D1,3  D1,4  D2,3  D2,4  D3,4    Ln Like 
  100:    1.00    1.663    0.220 0.006 0.010 0.116    0.036 0.036 0.045 0.002 0.025 0.028   --  
  200:    1.00    1.342    0.199 0.006 0.010 0.183    0.033 0.033 0.046 0.003 0.035 0.036   --  
  300:    1.00    1.209    0.191 0.007 0.012 0.179    0.031 0.031 0.045 0.003 0.034 0.035   --  
  400:    1.00    1.128    0.184 0.007 0.029 0.175    0.029 0.033 0.044 0.007 0.032 0.036   --  
  500:    1.00    1.085    0.172 0.007 0.089 0.165    0.028 0.037 0.044 0.018 0.031 0.041   --  
  600:    1.00    1.030    0.175 0.007 0.186 0.165    0.031 0.044 0.044 0.039 0.034 0.047   --  
  700:    1.00    0.999    0.159 0.159 0.182 0.141    0.041 0.044 0.043 0.062 0.046 0.048   --  
  800:    1.00    0.919    0.151 0.215 0.159 0.136    0.045 0.043 0.042 0.068 0.050 0.046   --  
  900:    1.00    0.912    0.149 0.233 0.151 0.130    0.047 0.039 0.042 0.067 0.051 0.044   --  

--------------------------------------------
Proportion of membership of each pre-defined
 population in each of the 4 clusters

Given    Inferred Clusters              Number of
 Pop       1      2      3      4      Individuals

  1:     0.122  0.258  0.507  0.113       54
  2:     0.124  0.262  0.503  0.110       30
  3:     0.725  0.087  0.110  0.078       30
  4:     0.850  0.013  0.039  0.099       20
  5:     0.794  0.022  0.080  0.104       30
  6:     0.114  0.256  0.512  0.119       43
  7:     0.114  0.259  0.517  0.110       44
  8:     0.101  0.257  0.536  0.106        4
  9:     0.074  0.272  0.542  0.112       22
 10:     0.079  0.270  0.539  0.113       24
 11:     0.117  0.254  0.514  0.116       54
 12:     0.107  0.263  0.522  0.108       37
 13:     0.119  0.257  0.509  0.115       42
 14:     0.118  0.263  0.519  0.101       42
 15:     0.124  0.257  0.509  0.110       49
 16:     0.125  0.255  0.508  0.112      124
 17:     0.117  0.264  0.509  0.111       24
 18:     0.109  0.267  0.513  0.111       34
 19:     0.122  0.258  0.512  0.109       52
 20:     0.074  0.250  0.546  0.131        1
 21:     0.073  0.265  0.507  0.155        1
 22:     0.118  0.297  0.504  0.081        1
 23:     0.133  0.251  0.465  0.150        1
 24:     0.094  0.266  0.519  0.121        1
 25:     0.183  0.197  0.511  0.110        1
 26:     0.098  0.245  0.531  0.126        1
 27:     0.168  0.221  0.481  0.130        1
 28:     0.083  0.257  0.535  0.126        1
 29:     0.069  0.273  0.496  0.162        1
 30:     0.158  0.219  0.469  0.154        1
 31:     0.244  0.249  0.418  0.090        1
 32:     0.082  0.292  0.514  0.111        1
 33:     0.146  0.281  0.466  0.107        1
 34:     0.062  0.314  0.488  0.136        1
 35:     0.114  0.245  0.523  0.119        1
 36:     0.132  0.289  0.467  0.113        1
 37:     0.099  0.219  0.565  0.118        1
 38:     0.143  0.206  0.478  0.173        1
 39:     0.052  0.286  0.547  0.115        1
 40:     0.142  0.244  0.498  0.116        1
 41:     0.060  0.259  0.536  0.145        1
 42:     0.118  0.256  0.532  0.094        1
 43:     0.136  0.269  0.513  0.082        1
 44:     0.197  0.267  0.470  0.067        1
 45:     0.062  0.302  0.472  0.164        1
 46:     0.125  0.213  0.474  0.188        1
 47:     0.074  0.247  0.547  0.131        1
 48:     0.079  0.264  0.546  0.111        1
 49:     0.072  0.260  0.518  0.150        1
 50:     0.355  0.199  0.337  0.109        1
 51:     0.220  0.226  0.414  0.140        1
 52:     0.135  0.244  0.475  0.146        1
 53:     0.134  0.234  0.507  0.125        1
 54:     0.001  0.990  0.006  0.003        1
 55:     0.000  0.997  0.001  0.001        1
 56:     0.012  0.925  0.020  0.043        1
 57:     0.004  0.985  0.006  0.005        1
 58:     0.001  0.959  0.034  0.006        1
 59:     0.054  0.933  0.011  0.003        1
 60:     0.004  0.993  0.002  0.001        1
 61:     0.000  0.999  0.000  0.001        1
 62:     0.463  0.140  0.316  0.082        1
 63:     0.018  0.974  0.000  0.008        1
 64:     0.003  0.996  0.001  0.000        1
 65:     0.001  0.997  0.000  0.002        1
 66:     0.008  0.985  0.002  0.005        1
 67:     0.077  0.717  0.080  0.126        1
 68:     0.020  0.955  0.001  0.023        1
 69:     0.002  0.988  0.001  0.009        1
 70:     0.037  0.876  0.048  0.039        1
 71:     0.000  0.997  0.001  0.002        1
 72:     0.000  0.999  0.001  0.001        1
 73:     0.001  0.998  0.000  0.001        1
 74:     0.066  0.876  0.030  0.028        1
 75:     0.005  0.992  0.002  0.001        1
 76:     0.632  0.036  0.171  0.162        1
 77:     0.001  0.997  0.000  0.001        1
 78:     0.096  0.880  0.017  0.007        1
 79:     0.000  0.996  0.001  0.003        1
 80:     0.001  0.978  0.011  0.009        1
 81:     0.001  0.998  0.001  0.001        1
 82:     0.076  0.602  0.108  0.215        1
 83:     0.001  0.996  0.002  0.002        1
 84:     0.039  0.015  0.001  0.946        1
 85:     0.056  0.004  0.002  0.938        1
 86:     0.003  0.073  0.041  0.883        1
 87:     0.001  0.009  0.016  0.975        1
 88:     0.003  0.000  0.001  0.995        1
 89:     0.008  0.006  0.036  0.950        1
 90:     0.002  0.000  0.005  0.993        1
 91:     0.010  0.016  0.010  0.964        1
 92:     0.033  0.031  0.088  0.848        1
 93:     0.056  0.004  0.006  0.934        1
 94:     0.047  0.004  0.036  0.914        1
 95:     0.014  0.009  0.044  0.934        1
 96:     0.004  0.007  0.005  0.984        1
 97:     0.001  0.030  0.001  0.968        1
 98:     0.002  0.009  0.022  0.967        1
 99:     0.004  0.000  0.001  0.994        1
100:     0.019  0.005  0.000  0.975        1
101:     0.045  0.060  0.103  0.791        1
102:     0.021  0.066  0.095  0.817        1
103:     0.002  0.001  0.002  0.995        1
104:     0.005  0.018  0.001  0.976        1
105:     0.046  0.018  0.013  0.922        1
106:     0.009  0.076  0.091  0.825        1
107:     0.021  0.000  0.011  0.968        1
108:     0.035  0.026  0.078  0.861        1
109:     0.085  0.028  0.107  0.780        1
110:     0.009  0.090  0.122  0.779        1
111:     0.006  0.006  0.014  0.973        1
112:     0.004  0.003  0.001  0.992        1
113:     0.027  0.015  0.009  0.948        1
114:     0.007  0.014  0.000  0.979        1
115:     0.009  0.002  0.043  0.946        1
116:     0.001  0.004  0.003  0.992        1
117:     0.033  0.004  0.006  0.957        1
118:     0.036  0.023  0.003  0.938        1
119:     0.001  0.047  0.075  0.877        1
120:     0.001  0.047  0.000  0.952        1
121:     0.008  0.023  0.007  0.962        1
122:     0.002  0.012  0.049  0.937        1
123:     0.005  0.003  0.007  0.985        1
124:     0.091  0.050  0.029  0.830        1
125:     0.004  0.004  0.006  0.987        1
126:     0.061  0.047  0.031  0.861        1
127:     0.017  0.008  0.039  0.935        1
128:     0.001  0.023  0.003  0.973        1
129:     0.000  0.001  0.000  0.998        1
130:     0.060  0.001  0.010  0.929        1
131:     0.000  0.009  0.010  0.981        1
132:     0.097  0.005  0.086  0.812        1
133:     0.090  0.009  0.001  0.900        1
134:     0.008  0.045  0.078  0.869        1
135:     0.069  0.001  0.122  0.808        1
136:     0.001  0.002  0.001  0.997        1
137:     0.012  0.019  0.007  0.961        1
138:     0.004  0.007  0.001  0.988        1
139:     0.058  0.006  0.006  0.930        1
140:     0.069  0.008  0.008  0.916        1
141:     0.009  0.001  0.005  0.985        1
142:     0.010  0.027  0.078  0.885        1
143:     0.046  0.001  0.006  0.947        1
144:     0.018  0.003  0.007  0.973        1
145:     0.006  0.014  0.000  0.980        1
146:     0.030  0.003  0.017  0.950        1
147:     0.005  0.004  0.008  0.983        1
148:     0.164  0.236  0.428  0.172        1
149:     0.245  0.226  0.400  0.130        1
150:     0.086  0.286  0.477  0.152        1
151:     0.070  0.307  0.510  0.114        1
152:     0.183  0.221  0.486  0.110        1
153:     0.128  0.275  0.490  0.107        1
154:     0.073  0.274  0.519  0.134        1
155:     0.061  0.287  0.521  0.132        1
156:     0.119  0.253  0.508  0.120        1
157:     0.138  0.251  0.483  0.127        1
158:     0.098  0.264  0.500  0.137        1
159:     0.078  0.269  0.530  0.122        1
160:     0.077  0.286  0.532  0.105        1
161:     0.141  0.256  0.463  0.141        1
162:     0.136  0.299  0.481  0.084        1
163:     0.092  0.278  0.493  0.137        1
164:     0.115  0.278  0.489  0.118        1
165:     0.141  0.250  0.444  0.164        1
166:     0.124  0.245  0.546  0.085        1
167:     0.130  0.259  0.484  0.127        1
168:     0.057  0.249  0.573  0.121        1
169:     0.089  0.255  0.494  0.162        1
170:     0.073  0.296  0.488  0.144        1
171:     0.147  0.271  0.467  0.115        1
172:     0.098  0.291  0.525  0.086        1
173:     0.122  0.271  0.493  0.114        1
174:     0.120  0.275  0.471  0.135        1
175:     0.123  0.257  0.513  0.107       50
176:     0.112  0.256  0.519  0.113       49
177:     0.117  0.255  0.521  0.107       50
178:     0.122  0.259  0.509  0.110       49
179:     0.124  0.252  0.507  0.117       23
180:     0.110  0.263  0.515  0.112       49
181:     0.986  0.006  0.005  0.003       30
182:     0.963  0.013  0.013  0.011       30
183:     0.165  0.236  0.473  0.126       34
184:     0.116  0.258  0.523  0.102       36
185:     0.123  0.253  0.513  0.112       40
186:     0.103  0.265  0.521  0.111       39
187:     0.122  0.258  0.512  0.108       37
188:     0.123  0.253  0.502  0.121       40
189:     0.122  0.265  0.506  0.107       35
190:     0.135  0.251  0.505  0.109       28
191:     0.118  0.255  0.516  0.110       36
192:     0.121  0.262  0.515  0.102       32
--------------------------------------------

 Rep#:   Lambda   Alpha      F1    F2    F3    F4     D1,2  D1,3  D1,4  D2,3  D2,4  D3,4    Ln Like 
 1000:    1.00    0.895    0.146 0.243 0.139 0.131    0.048 0.038 0.042 0.066 0.053 0.041   --  
 1100:    1.00    0.855    0.141 0.249 0.129 0.134    0.049 0.036 0.041 0.065 0.053 0.040   --  
 1200:    1.00    0.848    0.151 0.247 0.119 0.128    0.050 0.035 0.041 0.063 0.054 0.039   --  
 1300:    1.00    0.822    0.145 0.251 0.113 0.129    0.050 0.034 0.041 0.061 0.054 0.037   --  
 1400:    1.00    0.800    0.144 0.244 0.101 0.131    0.050 0.033 0.041 0.059 0.054 0.036   --  
 1500:    1.00    0.760    0.141 0.252 0.094 0.130    0.051 0.032 0.041 0.058 0.054 0.035   --  
 1600:    1.00    0.744    0.141 0.257 0.087 0.132    0.051 0.031 0.041 0.057 0.054 0.034   --  
 1700:    1.00    0.714    0.145 0.258 0.086 0.130    0.051 0.030 0.041 0.056 0.055 0.034   --  
 1800:    1.00    0.670    0.140 0.257 0.082 0.130    0.051 0.030 0.041 0.055 0.055 0.033   --  
 1900:    1.00    0.680    0.138 0.245 0.074 0.127    0.050 0.028 0.040 0.053 0.054 0.032   --  

--------------------------------------------
Proportion of membership of each pre-defined
 population in each of the 4 clusters

Given    Inferred Clusters              Number of
 Pop       1      2      3      4      Individuals

  1:     0.103  0.178  0.643  0.076       54
  2:     0.096  0.185  0.651  0.069       30
  3:     0.725  0.078  0.133  0.064       30
  4:     0.867  0.022  0.033  0.079       20
  5:     0.806  0.026  0.074  0.094       30
  6:     0.090  0.175  0.652  0.083       43
  7:     0.097  0.170  0.661  0.073       44
  8:     0.081  0.194  0.641  0.084        4
  9:     0.052  0.183  0.691  0.074       22
 10:     0.055  0.189  0.687  0.070       24
 11:     0.099  0.176  0.651  0.074       54
 12:     0.095  0.180  0.657  0.068       37
 13:     0.105  0.175  0.646  0.075       42
 14:     0.092  0.176  0.663  0.070       42
 15:     0.100  0.177  0.650  0.073       49
 16:     0.102  0.176  0.647  0.075      124
 17:     0.097  0.183  0.647  0.074       24
 18:     0.081  0.187  0.662  0.070       34
 19:     0.095  0.179  0.655  0.071       52
 20:     0.095  0.163  0.650  0.093        1
 21:     0.060  0.189  0.616  0.135        1
 22:     0.069  0.198  0.686  0.048        1
 23:     0.066  0.171  0.613  0.149        1
 24:     0.060  0.173  0.662  0.105        1
 25:     0.141  0.131  0.658  0.070        1
 26:     0.107  0.167  0.619  0.107        1
 27:     0.115  0.174  0.641  0.070        1
 28:     0.062  0.195  0.669  0.074        1
 29:     0.039  0.183  0.685  0.093        1
 30:     0.171  0.170  0.556  0.103        1
 31:     0.233  0.171  0.520  0.077        1
 32:     0.072  0.163  0.675  0.090        1
 33:     0.132  0.204  0.644  0.019        1
 34:     0.031  0.171  0.679  0.119        1
 35:     0.084  0.152  0.700  0.065        1
 36:     0.157  0.192  0.586  0.065        1
 37:     0.047  0.150  0.678  0.125        1
 38:     0.116  0.116  0.611  0.158        1
 39:     0.052  0.223  0.632  0.094        1
 40:     0.105  0.165  0.605  0.125        1
 41:     0.037  0.190  0.672  0.101        1
 42:     0.122  0.192  0.629  0.057        1
 43:     0.090  0.181  0.625  0.104        1
 44:     0.146  0.198  0.614  0.042        1
 45:     0.038  0.236  0.634  0.092        1
 46:     0.081  0.167  0.602  0.149        1
 47:     0.084  0.161  0.694  0.061        1
 48:     0.039  0.179  0.710  0.072        1
 49:     0.065  0.176  0.668  0.091        1
 50:     0.383  0.108  0.414  0.095        1
 51:     0.234  0.155  0.494  0.118        1
 52:     0.105  0.200  0.577  0.118        1
 53:     0.085  0.187  0.622  0.106        1
 54:     0.002  0.998  0.001  0.000        1
 55:     0.000  0.998  0.001  0.001        1
 56:     0.002  0.877  0.115  0.007        1
 57:     0.005  0.978  0.016  0.001        1
 58:     0.005  0.961  0.033  0.001        1
 59:     0.024  0.911  0.041  0.025        1
 60:     0.001  0.991  0.001  0.007        1
 61:     0.000  0.995  0.000  0.005        1
 62:     0.467  0.088  0.386  0.059        1
 63:     0.010  0.934  0.022  0.034        1
 64:     0.000  0.999  0.001  0.000        1
 65:     0.001  0.997  0.001  0.000        1
 66:     0.014  0.967  0.000  0.019        1
 67:     0.059  0.668  0.161  0.112        1
 68:     0.011  0.971  0.004  0.015        1
 69:     0.001  0.984  0.002  0.014        1
 70:     0.040  0.832  0.091  0.037        1
 71:     0.000  0.996  0.000  0.003        1
 72:     0.000  0.995  0.004  0.001        1
 73:     0.001  0.997  0.001  0.001        1
 74:     0.085  0.827  0.068  0.020        1
 75:     0.000  0.999  0.000  0.001        1
 76:     0.605  0.017  0.242  0.135        1
 77:     0.001  0.998  0.000  0.001        1
 78:     0.068  0.854  0.047  0.030        1
 79:     0.002  0.997  0.000  0.000        1
 80:     0.001  0.989  0.005  0.006        1
 81:     0.000  0.996  0.002  0.002        1
 82:     0.084  0.560  0.180  0.176        1
 83:     0.002  0.993  0.005  0.000        1
 84:     0.018  0.008  0.001  0.974        1
 85:     0.054  0.013  0.000  0.934        1
 86:     0.014  0.053  0.080  0.853        1
 87:     0.000  0.012  0.001  0.987        1
 88:     0.002  0.000  0.000  0.997        1
 89:     0.001  0.018  0.023  0.958        1
 90:     0.001  0.005  0.000  0.994        1
 91:     0.003  0.008  0.020  0.969        1
 92:     0.002  0.032  0.127  0.840        1
 93:     0.070  0.009  0.005  0.917        1
 94:     0.013  0.004  0.068  0.915        1
 95:     0.067  0.003  0.040  0.890        1
 96:     0.004  0.001  0.000  0.995        1
 97:     0.011  0.019  0.002  0.969        1
 98:     0.027  0.003  0.002  0.968        1
 99:     0.000  0.003  0.000  0.997        1
100:     0.001  0.000  0.000  0.999        1
101:     0.021  0.038  0.158  0.784        1
102:     0.005  0.024  0.158  0.813        1
103:     0.013  0.008  0.006  0.973        1
104:     0.009  0.025  0.004  0.963        1
105:     0.035  0.026  0.002  0.937        1
106:     0.004  0.027  0.167  0.802        1
107:     0.010  0.006  0.002  0.981        1
108:     0.026  0.000  0.106  0.868        1
109:     0.123  0.033  0.091  0.753        1
110:     0.001  0.061  0.154  0.784        1
111:     0.014  0.000  0.003  0.983        1
112:     0.000  0.000  0.000  0.999        1
113:     0.012  0.005  0.018  0.964        1
114:     0.000  0.004  0.003  0.993        1
115:     0.004  0.010  0.039  0.946        1
116:     0.000  0.001  0.007  0.992        1
117:     0.034  0.003  0.013  0.951        1
118:     0.043  0.004  0.001  0.952        1
119:     0.007  0.054  0.111  0.829        1
120:     0.000  0.048  0.004  0.948        1
121:     0.008  0.006  0.020  0.966        1
122:     0.000  0.035  0.059  0.905        1
123:     0.006  0.001  0.001  0.992        1
124:     0.094  0.011  0.056  0.839        1
125:     0.001  0.002  0.000  0.997        1
126:     0.004  0.053  0.083  0.860        1
127:     0.001  0.024  0.031  0.943        1
128:     0.005  0.021  0.013  0.961        1
129:     0.001  0.001  0.000  0.998        1
130:     0.018  0.018  0.017  0.947        1
131:     0.005  0.004  0.000  0.990        1
132:     0.090  0.009  0.072  0.828        1
133:     0.108  0.010  0.009  0.872        1
134:     0.030  0.046  0.076  0.847        1
135:     0.015  0.021  0.111  0.852        1
136:     0.001  0.005  0.001  0.993        1
137:     0.001  0.010  0.005  0.984        1
138:     0.008  0.001  0.005  0.986        1
139:     0.031  0.013  0.005  0.952        1
140:     0.065  0.005  0.012  0.918        1
141:     0.011  0.000  0.012  0.976        1
142:     0.039  0.006  0.082  0.872        1
143:     0.049  0.007  0.007  0.937        1
144:     0.002  0.006  0.020  0.973        1
145:     0.001  0.012  0.008  0.979        1
146:     0.037  0.003  0.011  0.949        1
147:     0.003  0.000  0.009  0.988        1
148:     0.146  0.148  0.512  0.194        1
149:     0.219  0.150  0.510  0.121        1
150:     0.034  0.177  0.680  0.110        1
151:     0.073  0.193  0.634  0.100        1
152:     0.112  0.183  0.612  0.094        1
153:     0.071  0.187  0.671  0.071        1
154:     0.079  0.172  0.671  0.077        1
155:     0.051  0.188  0.636  0.125        1
156:     0.061  0.214  0.628  0.098        1
157:     0.072  0.162  0.644  0.122        1
158:     0.065  0.161  0.649  0.125        1
159:     0.081  0.154  0.679  0.086        1
160:     0.084  0.188  0.682  0.047        1
161:     0.095  0.193  0.561  0.151        1
162:     0.062  0.257  0.645  0.036        1
163:     0.067  0.199  0.623  0.111        1
164:     0.125  0.173  0.629  0.073        1
165:     0.075  0.184  0.625  0.116        1
166:     0.099  0.181  0.684  0.036        1
167:     0.120  0.191  0.627  0.063        1
168:     0.025  0.199  0.705  0.071        1
169:     0.068  0.172  0.643  0.117        1
170:     0.009  0.225  0.677  0.089        1
171:     0.049  0.199  0.656  0.095        1
172:     0.130  0.179  0.643  0.048        1
173:     0.100  0.178  0.660  0.062        1
174:     0.117  0.159  0.637  0.087        1
175:     0.101  0.177  0.652  0.069       50
176:     0.090  0.182  0.657  0.071       49
177:     0.097  0.173  0.663  0.068       50
178:     0.095  0.179  0.657  0.068       49
179:     0.099  0.172  0.649  0.079       23
180:     0.088  0.177  0.665  0.070       49
181:     0.990  0.005  0.003  0.002       30
182:     0.964  0.015  0.016  0.005       30
183:     0.145  0.162  0.605  0.088       34
184:     0.101  0.170  0.658  0.071       36
185:     0.099  0.174  0.646  0.081       40
186:     0.086  0.183  0.662  0.069       39
187:     0.099  0.180  0.650  0.070       37
188:     0.104  0.171  0.649  0.076       40
189:     0.107  0.177  0.643  0.074       35
190:     0.115  0.177  0.646  0.062       28
191:     0.098  0.173  0.657  0.073       36
192:     0.098  0.180  0.652  0.070       32
--------------------------------------------

 Rep#:   Lambda   Alpha      F1    F2    F3    F4     D1,2  D1,3  D1,4  D2,3  D2,4  D3,4    Ln Like 
 2000:    1.00    0.672    0.138 0.254 0.067 0.127    0.051 0.028 0.041 0.052 0.055 0.031   --  
 2100:    1.00    0.644    0.141 0.255 0.066 0.133    0.052 0.028 0.041 0.052 0.055 0.031   --  
 2200:    1.00    0.612    0.140 0.254 0.061 0.133    0.052 0.027 0.041 0.051 0.056 0.030   --  
 2300:    1.00    0.595    0.142 0.248 0.059 0.132    0.051 0.027 0.041 0.050 0.055 0.030   --  
 2400:    1.00    0.586    0.138 0.251 0.059 0.130    0.051 0.026 0.041 0.049 0.055 0.030   --  
 2500:    1.00    0.559    0.143 0.249 0.055 0.130    0.052 0.026 0.040 0.049 0.055 0.029   --  
 2600:    1.00    0.535    0.142 0.254 0.053 0.129    0.052 0.026 0.040 0.049 0.056 0.028   --  
 2700:    1.00    0.521    0.139 0.255 0.050 0.129    0.052 0.025 0.041 0.048 0.055 0.028   --  
 2800:    1.00    0.506    0.138 0.247 0.051 0.128    0.052 0.025 0.041 0.047 0.055 0.028   --  
 2900:    1.00    0.509    0.135 0.256 0.043 0.128    0.052 0.025 0.040 0.046 0.055 0.028   --  

--------------------------------------------
Proportion of membership of each pre-defined
 population in each of the 4 clusters

Given    Inferred Clusters              Number of
 Pop       1      2      3      4      Individuals

  1:     0.085  0.125  0.743  0.048       54
  2:     0.076  0.136  0.739  0.048       30
  3:     0.727  0.059  0.154  0.059       30
  4:     0.866  0.030  0.028  0.076       20
  5:     0.798  0.030  0.087  0.085       30
  6:     0.074  0.123  0.755  0.047       43
  7:     0.075  0.121  0.758  0.047       44
  8:     0.044  0.125  0.771  0.061        4
  9:     0.032  0.128  0.801  0.039       22
 10:     0.041  0.129  0.784  0.046       24
 11:     0.074  0.124  0.750  0.052       54
 12:     0.066  0.129  0.763  0.042       37
 13:     0.084  0.127  0.742  0.047       42
 14:     0.071  0.124  0.760  0.045       42
 15:     0.074  0.129  0.747  0.051       49
 16:     0.085  0.124  0.741  0.050      124
 17:     0.075  0.122  0.749  0.053       24
 18:     0.064  0.133  0.750  0.053       34
 19:     0.080  0.124  0.748  0.048       52
 20:     0.055  0.127  0.780  0.038        1
 21:     0.065  0.170  0.680  0.085        1
 22:     0.063  0.137  0.761  0.038        1
 23:     0.093  0.093  0.698  0.116        1
 24:     0.022  0.174  0.726  0.079        1
 25:     0.118  0.079  0.749  0.055        1
 26:     0.062  0.113  0.727  0.097        1
 27:     0.104  0.116  0.660  0.119        1
 28:     0.039  0.151  0.763  0.047        1
 29:     0.046  0.144  0.748  0.062        1
 30:     0.174  0.106  0.640  0.080        1
 31:     0.234  0.132  0.608  0.026        1
 32:     0.057  0.120  0.743  0.080        1
 33:     0.114  0.148  0.673  0.064        1
 34:     0.019  0.176  0.742  0.063        1
 35:     0.060  0.126  0.770  0.043        1
 36:     0.108  0.114  0.686  0.092        1
 37:     0.078  0.092  0.787  0.042        1
 38:     0.090  0.116  0.665  0.130        1
 39:     0.028  0.179  0.740  0.054        1
 40:     0.115  0.146  0.635  0.104        1
 41:     0.023  0.123  0.778  0.077        1
 42:     0.104  0.129  0.735  0.032        1
 43:     0.075  0.150  0.700  0.075        1
 44:     0.126  0.124  0.711  0.039        1
 45:     0.024  0.170  0.754  0.053        1
 46:     0.056  0.140  0.668  0.136        1
 47:     0.050  0.116  0.790  0.043        1
 48:     0.040  0.089  0.820  0.051        1
 49:     0.029  0.151  0.758  0.062        1
 50:     0.329  0.099  0.491  0.081        1
 51:     0.276  0.093  0.583  0.047        1
 52:     0.083  0.132  0.650  0.135        1
 53:     0.077  0.141  0.723  0.060        1
 54:     0.001  0.994  0.005  0.000        1
 55:     0.000  1.000  0.000  0.000        1
 56:     0.017  0.852  0.109  0.022        1
 57:     0.000  0.955  0.045  0.000        1
 58:     0.011  0.929  0.059  0.000        1
 59:     0.007  0.911  0.082  0.000        1
 60:     0.000  1.000  0.000  0.000        1
 61:     0.001  0.998  0.000  0.001        1
 62:     0.437  0.042  0.436  0.084        1
 63:     0.014  0.946  0.008  0.032        1
 64:     0.000  0.999  0.001  0.000        1
 65:     0.000  0.997  0.002  0.000        1
 66:     0.019  0.969  0.001  0.011        1
 67:     0.058  0.649  0.208  0.086        1
 68:     0.003  0.976  0.003  0.018        1
 69:     0.000  1.000  0.000  0.000        1
 70:     0.062  0.800  0.118  0.021        1
 71:     0.002  0.997  0.001  0.000        1
 72:     0.000  1.000  0.000  0.000        1
 73:     0.000  1.000  0.000  0.000        1
 74:     0.047  0.793  0.145  0.016        1
 75:     0.000  1.000  0.000  0.000        1
 76:     0.592  0.019  0.247  0.143        1
 77:     0.003  0.996  0.000  0.001        1
 78:     0.031  0.839  0.131  0.000        1
 79:     0.003  0.996  0.000  0.001        1
 80:     0.000  0.992  0.005  0.004        1
 81:     0.002  0.996  0.000  0.003        1
 82:     0.100  0.523  0.223  0.154        1
 83:     0.000  0.998  0.002  0.000        1
 84:     0.052  0.001  0.003  0.944        1
 85:     0.022  0.010  0.013  0.954        1
 86:     0.025  0.020  0.067  0.887        1
 87:     0.000  0.000  0.002  0.998        1
 88:     0.000  0.001  0.003  0.996        1
 89:     0.016  0.000  0.006  0.978        1
 90:     0.000  0.000  0.001  0.999        1
 91:     0.019  0.002  0.000  0.979        1
 92:     0.004  0.009  0.138  0.848        1
 93:     0.060  0.006  0.007  0.927        1
 94:     0.002  0.006  0.054  0.938        1
 95:     0.040  0.000  0.058  0.902        1
 96:     0.001  0.001  0.000  0.998        1
 97:     0.007  0.006  0.004  0.983        1
 98:     0.003  0.012  0.000  0.984        1
 99:     0.001  0.001  0.001  0.996        1
100:     0.000  0.001  0.000  0.999        1
101:     0.037  0.005  0.182  0.776        1
102:     0.000  0.013  0.166  0.820        1
103:     0.000  0.001  0.002  0.997        1
104:     0.006  0.011  0.009  0.974        1
105:     0.024  0.033  0.000  0.943        1
106:     0.010  0.019  0.154  0.817        1
107:     0.013  0.005  0.001  0.980        1
108:     0.020  0.004  0.134  0.841        1
109:     0.098  0.020  0.071  0.810        1
110:     0.000  0.036  0.163  0.801        1
111:     0.002  0.000  0.000  0.998        1
112:     0.000  0.001  0.001  0.999        1
113:     0.001  0.002  0.029  0.968        1
114:     0.001  0.016  0.004  0.979        1
115:     0.001  0.005  0.061  0.933        1
116:     0.001  0.003  0.001  0.994        1
117:     0.021  0.017  0.019  0.943        1
118:     0.018  0.008  0.000  0.973        1
119:     0.015  0.000  0.083  0.902        1
120:     0.003  0.047  0.027  0.923        1
121:     0.001  0.012  0.004  0.983        1
122:     0.002  0.008  0.025  0.965        1
123:     0.000  0.000  0.000  0.999        1
124:     0.078  0.002  0.093  0.827        1
125:     0.001  0.001  0.002  0.996        1
126:     0.019  0.042  0.059  0.881        1
127:     0.031  0.006  0.028  0.936        1
128:     0.004  0.030  0.007  0.959        1
129:     0.000  0.004  0.000  0.996        1
130:     0.019  0.008  0.036  0.937        1
131:     0.001  0.001  0.003  0.996        1
132:     0.072  0.000  0.106  0.822        1
133:     0.093  0.000  0.001  0.906        1
134:     0.006  0.018  0.133  0.843        1
135:     0.014  0.021  0.144  0.821        1
136:     0.000  0.002  0.002  0.997        1
137:     0.006  0.009  0.002  0.982        1
138:     0.001  0.014  0.001  0.984        1
139:     0.059  0.006  0.006  0.930        1
140:     0.086  0.000  0.001  0.913        1
141:     0.000  0.000  0.000  0.999        1
142:     0.000  0.008  0.102  0.890        1
143:     0.055  0.001  0.001  0.943        1
144:     0.000  0.003  0.000  0.996        1
145:     0.000  0.005  0.002  0.993        1
146:     0.028  0.009  0.007  0.956        1
147:     0.024  0.002  0.003  0.972        1
148:     0.139  0.115  0.600  0.146        1
149:     0.183  0.109  0.576  0.132        1
150:     0.029  0.153  0.731  0.087        1
151:     0.000  0.159  0.798  0.043        1
152:     0.106  0.112  0.722  0.061        1
153:     0.100  0.120  0.775  0.006        1
154:     0.057  0.127  0.761  0.055        1
155:     0.067  0.125  0.726  0.082        1
156:     0.116  0.146  0.699  0.039        1
157:     0.071  0.113  0.731  0.085        1
158:     0.057  0.114  0.758  0.071        1
159:     0.012  0.157  0.755  0.077        1
160:     0.087  0.133  0.739  0.041        1
161:     0.099  0.160  0.655  0.085        1
162:     0.057  0.191  0.674  0.078        1
163:     0.086  0.144  0.722  0.048        1
164:     0.074  0.138  0.731  0.057        1
165:     0.105  0.129  0.641  0.125        1
166:     0.080  0.112  0.785  0.024        1
167:     0.084  0.159  0.683  0.073        1
168:     0.001  0.146  0.804  0.049        1
169:     0.063  0.132  0.726  0.079        1
170:     0.002  0.155  0.767  0.076        1
171:     0.052  0.102  0.789  0.057        1
172:     0.149  0.146  0.647  0.058        1
173:     0.085  0.120  0.718  0.077        1
174:     0.076  0.133  0.748  0.043        1
175:     0.077  0.121  0.754  0.048       50
176:     0.069  0.128  0.758  0.045       49
177:     0.075  0.125  0.758  0.042       50
178:     0.079  0.125  0.752  0.044       49
179:     0.077  0.125  0.740  0.058       23
180:     0.072  0.122  0.760  0.046       49
181:     0.991  0.004  0.003  0.002       30
182:     0.968  0.009  0.018  0.005       30
183:     0.124  0.108  0.701  0.066       34
184:     0.077  0.120  0.761  0.042       36
