

----------------------------------------------------
STRUCTURE by Pritchard, Stephens and Donnelly (2000)
     and Falush, Stephens and Pritchard (2003)
       Code by Pritchard, Falush and Hubisz
             Version 2.3.4 (Jul 2012)
----------------------------------------------------


Reading file "/workdir/yc2644/CV_CT_array/structure/threader_input/mainparams".
Reading file "/workdir/yc2644/CV_CT_array/structure/threader_input/extraparams".
Reading file "/workdir/yc2644/CV_CT_array/structure/threader_input/n1601.recode.strct_in".


Data file "/workdir/yc2644/CV_CT_array/structure/threader_input/n1601.recode.strct_in" (truncated) --

Ind:   Label Pop : Genotype_data . . . .
  1:  001s    1  :  2   1   2   2   2   1   2  . . . .   2
  1:  001s    1  :  2   2   2   2   2   2   2  . . . .   2
  2:  002s    1  :  2   2   2   2   1   1   2  . . . .   2
  2:  002s    1  :  2   2   2   2   2   2   2  . . . .   2
  3:  003s    1  :  1   2   1   2   2   2   2  . . . .   1
  3:  003s    1  :  2   2   1   2   2   2   2  . . . .   2
  4:  004s    1  :  1   1   2   2   1   2   2  . . . .   1
  4:  004s    1  :  2   1   2   2   2   2   2  . . . .   2

      *******   

1600:    49  192  :  2   2   2   2   2   1   2  . . . .   1
1600:    49  192  :  2   2   2   2   2   2   2  . . . .   2
1601:    50  192  :  2   1   2   2   1   2   2  . . . .   1
1601:    50  192  :  2   2   2   2   2   2   2  . . . .   2

Number of alleles per locus: min= 2; ave=2.0; max= 2


--------------------------------------

Finished initialization; starting MCMC 
100000 iterations + 10000 burnin


--------------------------------------------
Proportion of membership of each pre-defined
 population in each of the 4 clusters

Given    Inferred Clusters              Number of
 Pop       1      2      3      4      Individuals

  1:     0.293  0.267  0.150  0.290       54
  2:     0.292  0.286  0.146  0.276       30
  3:     0.141  0.146  0.637  0.075       30
  4:     0.048  0.207  0.679  0.066       20
  5:     0.043  0.261  0.632  0.065       30
  6:     0.302  0.242  0.145  0.312       43
  7:     0.321  0.258  0.135  0.285       44
  8:     0.396  0.266  0.113  0.225        4
  9:     0.337  0.217  0.106  0.340       22
 10:     0.334  0.230  0.112  0.324       24
 11:     0.294  0.253  0.147  0.307       54
 12:     0.321  0.229  0.137  0.314       37
 13:     0.332  0.235  0.152  0.281       42
 14:     0.347  0.270  0.136  0.247       42
 15:     0.309  0.256  0.148  0.287       49
 16:     0.303  0.259  0.148  0.289      124
 17:     0.317  0.248  0.145  0.290       24
 18:     0.282  0.226  0.135  0.357       34
 19:     0.331  0.252  0.143  0.274       52
 20:     0.302  0.198  0.142  0.358        1
 21:     0.165  0.142  0.148  0.546        1
 22:     0.450  0.424  0.037  0.089        1
 23:     0.329  0.399  0.168  0.104        1
 24:     0.587  0.201  0.116  0.096        1
 25:     0.362  0.115  0.209  0.315        1
 26:     0.262  0.247  0.155  0.336        1
 27:     0.320  0.238  0.164  0.277        1
 28:     0.429  0.062  0.160  0.349        1
 29:     0.370  0.207  0.160  0.264        1
 30:     0.266  0.349  0.179  0.206        1
 31:     0.041  0.465  0.253  0.241        1
 32:     0.406  0.344  0.120  0.130        1
 33:     0.295  0.173  0.207  0.325        1
 34:     0.120  0.251  0.168  0.460        1
 35:     0.533  0.302  0.079  0.085        1
 36:     0.348  0.265  0.181  0.206        1
 37:     0.199  0.140  0.107  0.554        1
 38:     0.273  0.104  0.206  0.417        1
 39:     0.251  0.355  0.148  0.245        1
 40:     0.427  0.297  0.164  0.112        1
 41:     0.514  0.287  0.071  0.128        1
 42:     0.403  0.119  0.155  0.323        1
 43:     0.194  0.414  0.144  0.248        1
 44:     0.423  0.259  0.124  0.195        1
 45:     0.117  0.441  0.109  0.333        1
 46:     0.351  0.106  0.172  0.371        1
 47:     0.230  0.474  0.140  0.156        1
 48:     0.197  0.506  0.167  0.130        1
 49:     0.296  0.274  0.141  0.288        1
 50:     0.082  0.431  0.369  0.117        1
 51:     0.166  0.271  0.277  0.286        1
 52:     0.230  0.312  0.173  0.285        1
 53:     0.254  0.340  0.185  0.221        1
 54:     0.127  0.659  0.104  0.109        1
 55:     0.007  0.812  0.137  0.044        1
 56:     0.061  0.676  0.057  0.205        1
 57:     0.158  0.677  0.078  0.087        1
 58:     0.053  0.644  0.073  0.231        1
 59:     0.055  0.882  0.041  0.022        1
 60:     0.001  0.844  0.081  0.073        1
 61:     0.014  0.912  0.073  0.001        1
 62:     0.330  0.184  0.421  0.065        1
 63:     0.024  0.542  0.142  0.292        1
 64:     0.024  0.915  0.053  0.008        1
 65:     0.036  0.861  0.061  0.042        1
 66:     0.038  0.719  0.104  0.139        1
 67:     0.039  0.694  0.147  0.120        1
 68:     0.004  0.836  0.063  0.097        1
 69:     0.021  0.812  0.092  0.074        1
 70:     0.129  0.710  0.091  0.070        1
 71:     0.005  0.878  0.073  0.044        1
 72:     0.006  0.902  0.065  0.027        1
 73:     0.087  0.785  0.066  0.062        1
 74:     0.059  0.698  0.110  0.133        1
 75:     0.087  0.817  0.037  0.059        1
 76:     0.182  0.110  0.564  0.144        1
 77:     0.035  0.828  0.095  0.041        1
 78:     0.120  0.624  0.145  0.111        1
 79:     0.026  0.638  0.138  0.198        1
 80:     0.041  0.792  0.048  0.119        1
 81:     0.040  0.765  0.114  0.081        1
 82:     0.173  0.474  0.190  0.163        1
 83:     0.117  0.742  0.082  0.059        1
 84:     0.164  0.193  0.559  0.084        1
 85:     0.261  0.168  0.548  0.023        1
 86:     0.036  0.125  0.526  0.313        1
 87:     0.245  0.202  0.509  0.045        1
 88:     0.166  0.091  0.608  0.136        1
 89:     0.189  0.072  0.445  0.295        1
 90:     0.074  0.071  0.652  0.203        1
 91:     0.096  0.113  0.525  0.266        1
 92:     0.173  0.032  0.443  0.353        1
 93:     0.113  0.017  0.635  0.236        1
 94:     0.222  0.161  0.464  0.152        1
 95:     0.171  0.151  0.513  0.164        1
 96:     0.046  0.013  0.553  0.388        1
 97:     0.208  0.054  0.500  0.238        1
 98:     0.135  0.047  0.544  0.275        1
 99:     0.101  0.090  0.581  0.228        1
100:     0.188  0.130  0.637  0.044        1
101:     0.179  0.146  0.453  0.222        1
102:     0.305  0.014  0.447  0.234        1
103:     0.311  0.116  0.530  0.042        1
104:     0.174  0.070  0.469  0.287        1
105:     0.309  0.107  0.580  0.004        1
106:     0.232  0.133  0.382  0.253        1
107:     0.145  0.279  0.555  0.021        1
108:     0.213  0.073  0.429  0.285        1
109:     0.120  0.266  0.478  0.136        1
110:     0.238  0.159  0.387  0.216        1
111:     0.266  0.033  0.517  0.184        1
112:     0.080  0.058  0.559  0.303        1
113:     0.154  0.129  0.539  0.179        1
114:     0.238  0.106  0.502  0.154        1
115:     0.112  0.026  0.371  0.490        1
116:     0.159  0.054  0.591  0.197        1
117:     0.205  0.122  0.561  0.112        1
118:     0.299  0.067  0.467  0.167        1
119:     0.158  0.125  0.445  0.273        1
120:     0.269  0.059  0.425  0.247        1
121:     0.191  0.117  0.507  0.186        1
122:     0.270  0.140  0.432  0.157        1
123:     0.167  0.074  0.502  0.257        1
124:     0.236  0.015  0.550  0.199        1
125:     0.194  0.220  0.526  0.061        1
126:     0.285  0.007  0.459  0.249        1
127:     0.140  0.107  0.451  0.302        1
128:     0.161  0.166  0.523  0.150        1
129:     0.248  0.090  0.596  0.066        1
130:     0.129  0.094  0.534  0.243        1
131:     0.190  0.143  0.528  0.138        1
132:     0.150  0.085  0.505  0.261        1
133:     0.092  0.250  0.622  0.036        1
134:     0.065  0.080  0.465  0.389        1
135:     0.180  0.106  0.479  0.235        1
136:     0.345  0.053  0.506  0.096        1
137:     0.324  0.004  0.516  0.156        1
138:     0.139  0.091  0.550  0.220        1
139:     0.201  0.069  0.612  0.119        1
140:     0.062  0.191  0.588  0.159        1
141:     0.063  0.092  0.564  0.282        1
142:     0.293  0.030  0.482  0.194        1
143:     0.129  0.133  0.561  0.177        1
144:     0.062  0.148  0.530  0.259        1
145:     0.248  0.074  0.522  0.155        1
146:     0.329  0.087  0.534  0.051        1
147:     0.214  0.147  0.572  0.067        1
148:     0.264  0.197  0.246  0.293        1
149:     0.228  0.263  0.249  0.261        1
150:     0.238  0.212  0.123  0.427        1
151:     0.516  0.238  0.093  0.153        1
152:     0.129  0.114  0.193  0.564        1
153:     0.050  0.205  0.212  0.533        1
154:     0.214  0.475  0.092  0.219        1
155:     0.358  0.227  0.108  0.307        1
156:     0.266  0.303  0.161  0.270        1
157:     0.303  0.185  0.145  0.367        1
158:     0.213  0.298  0.138  0.351        1
159:     0.374  0.118  0.103  0.405        1
160:     0.180  0.253  0.154  0.412        1
161:     0.346  0.304  0.223  0.127        1
162:     0.375  0.345  0.123  0.157        1
163:     0.271  0.252  0.145  0.331        1
164:     0.259  0.305  0.157  0.280        1
165:     0.209  0.411  0.190  0.190        1
166:     0.198  0.447  0.098  0.257        1
167:     0.372  0.288  0.112  0.229        1
168:     0.258  0.197  0.081  0.465        1
169:     0.470  0.192  0.162  0.177        1
170:     0.311  0.376  0.081  0.232        1
171:     0.312  0.199  0.131  0.359        1
172:     0.270  0.252  0.184  0.295        1
173:     0.176  0.229  0.164  0.430        1
174:     0.325  0.364  0.149  0.161        1
175:     0.297  0.231  0.145  0.327       50
176:     0.319  0.235  0.139  0.307       49
177:     0.342  0.211  0.138  0.309       50
178:     0.308  0.228  0.140  0.325       49
179:     0.306  0.229  0.155  0.310       23
180:     0.312  0.238  0.140  0.311       49
181:     0.035  0.032  0.890  0.043       30
182:     0.103  0.082  0.759  0.057       30
183:     0.288  0.231  0.183  0.299       34
184:     0.291  0.228  0.143  0.337       36
185:     0.287  0.223  0.152  0.338       40
186:     0.275  0.225  0.135  0.364       39
187:     0.276  0.252  0.151  0.322       37
188:     0.329  0.235  0.151  0.284       40
189:     0.266  0.250  0.145  0.338       35
190:     0.335  0.232  0.147  0.286       28
191:     0.310  0.235  0.140  0.316       36
192:     0.296  0.235  0.131  0.338       32
--------------------------------------------

 Rep#:   Lambda   Alpha      F1    F2    F3    F4     D1,2  D1,3  D1,4  D2,3  D2,4  D3,4    Ln Like 
  100:    1.00    1.858    0.010 0.019 0.194 0.011    0.007 0.034 0.003 0.034 0.006 0.035   --  
  200:    1.00    1.496    0.010 0.196 0.216 0.011    0.036 0.036 0.003 0.050 0.036 0.036   --  
  300:    1.00    1.366    0.023 0.239 0.206 0.013    0.044 0.035 0.009 0.055 0.045 0.035   --  
  400:    1.00    1.225    0.146 0.239 0.179 0.110    0.062 0.045 0.049 0.055 0.050 0.041   --  
  500:    1.00    1.101    0.161 0.239 0.163 0.138    0.064 0.043 0.051 0.055 0.051 0.042   --  
  600:    1.00    1.092    0.157 0.234 0.161 0.137    0.062 0.041 0.049 0.054 0.052 0.041   --  
  700:    1.00    1.014    0.143 0.239 0.152 0.134    0.061 0.039 0.045 0.054 0.053 0.040   --  
  800:    1.00    0.985    0.130 0.249 0.148 0.137    0.059 0.036 0.044 0.054 0.053 0.041   --  
  900:    1.00    0.978    0.123 0.251 0.145 0.136    0.058 0.035 0.042 0.054 0.054 0.041   --  

--------------------------------------------
Proportion of membership of each pre-defined
 population in each of the 4 clusters

Given    Inferred Clusters              Number of
 Pop       1      2      3      4      Individuals

  1:     0.538  0.173  0.121  0.168       54
  2:     0.540  0.180  0.118  0.162       30
  3:     0.107  0.094  0.714  0.085       30
  4:     0.012  0.105  0.818  0.065       20
  5:     0.047  0.097  0.769  0.088       30
  6:     0.543  0.174  0.114  0.169       43
  7:     0.549  0.174  0.110  0.167       44
  8:     0.562  0.163  0.108  0.168        4
  9:     0.576  0.175  0.076  0.173       22
 10:     0.573  0.184  0.077  0.166       24
 11:     0.549  0.171  0.113  0.167       54
 12:     0.544  0.178  0.112  0.166       37
 13:     0.535  0.173  0.119  0.173       42
 14:     0.541  0.178  0.117  0.165       42
 15:     0.545  0.174  0.117  0.165       49
 16:     0.538  0.172  0.122  0.168      124
 17:     0.546  0.177  0.111  0.166       24
 18:     0.552  0.175  0.101  0.172       34
 19:     0.541  0.175  0.117  0.167       52
 20:     0.556  0.188  0.105  0.151        1
 21:     0.519  0.177  0.075  0.229        1
 22:     0.556  0.168  0.101  0.175        1
 23:     0.514  0.135  0.134  0.218        1
 24:     0.573  0.178  0.101  0.149        1
 25:     0.505  0.149  0.168  0.178        1
 26:     0.530  0.197  0.085  0.189        1
 27:     0.520  0.147  0.135  0.198        1
 28:     0.583  0.183  0.065  0.168        1
 29:     0.569  0.163  0.088  0.180        1
 30:     0.472  0.176  0.149  0.203        1
 31:     0.407  0.153  0.280  0.160        1
 32:     0.589  0.154  0.076  0.180        1
 33:     0.497  0.214  0.164  0.125        1
 34:     0.569  0.196  0.059  0.176        1
 35:     0.536  0.172  0.118  0.175        1
 36:     0.517  0.200  0.135  0.148        1
 37:     0.598  0.167  0.045  0.191        1
 38:     0.509  0.140  0.145  0.206        1
 39:     0.487  0.209  0.111  0.192        1
 40:     0.462  0.176  0.151  0.211        1
 41:     0.549  0.171  0.099  0.181        1
 42:     0.536  0.193  0.125  0.147        1
 43:     0.524  0.178  0.123  0.175        1
 44:     0.481  0.171  0.179  0.169        1
 45:     0.522  0.215  0.081  0.181        1
 46:     0.512  0.139  0.117  0.232        1
 47:     0.570  0.157  0.109  0.164        1
 48:     0.605  0.162  0.072  0.160        1
 49:     0.545  0.173  0.075  0.207        1
 50:     0.366  0.142  0.355  0.138        1
 51:     0.426  0.145  0.269  0.161        1
 52:     0.502  0.185  0.102  0.211        1
 53:     0.528  0.185  0.117  0.170        1
 54:     0.003  0.990  0.005  0.002        1
 55:     0.001  0.995  0.003  0.000        1
 56:     0.082  0.855  0.001  0.062        1
 57:     0.021  0.977  0.001  0.001        1
 58:     0.037  0.934  0.000  0.030        1
 59:     0.029  0.898  0.049  0.025        1
 60:     0.005  0.985  0.006  0.004        1
 61:     0.001  0.998  0.000  0.000        1
 62:     0.296  0.083  0.475  0.147        1
 63:     0.011  0.946  0.006  0.036        1
 64:     0.000  0.999  0.000  0.000        1
 65:     0.002  0.996  0.001  0.001        1
 66:     0.005  0.965  0.004  0.026        1
 67:     0.108  0.695  0.063  0.134        1
 68:     0.006  0.929  0.032  0.033        1
 69:     0.002  0.997  0.002  0.000        1
 70:     0.063  0.816  0.062  0.059        1
 71:     0.003  0.993  0.001  0.004        1
 72:     0.000  0.999  0.001  0.000        1
 73:     0.000  0.998  0.001  0.001        1
 74:     0.120  0.797  0.030  0.053        1
 75:     0.001  0.999  0.000  0.000        1
 76:     0.174  0.061  0.614  0.151        1
 77:     0.002  0.997  0.002  0.000        1
 78:     0.085  0.837  0.054  0.025        1
 79:     0.000  0.998  0.001  0.000        1
 80:     0.007  0.971  0.009  0.013        1
 81:     0.002  0.994  0.002  0.002        1
 82:     0.145  0.569  0.076  0.210        1
 83:     0.000  0.998  0.002  0.000        1
 84:     0.008  0.006  0.025  0.961        1
 85:     0.013  0.002  0.036  0.949        1
 86:     0.050  0.042  0.004  0.904        1
 87:     0.001  0.000  0.001  0.997        1
 88:     0.005  0.006  0.005  0.984        1
 89:     0.013  0.001  0.001  0.986        1
 90:     0.001  0.003  0.009  0.987        1
 91:     0.022  0.009  0.003  0.966        1
 92:     0.088  0.009  0.007  0.896        1
 93:     0.000  0.003  0.076  0.921        1
 94:     0.015  0.004  0.011  0.970        1
 95:     0.012  0.007  0.054  0.927        1
 96:     0.000  0.003  0.006  0.991        1
 97:     0.000  0.011  0.034  0.955        1
 98:     0.004  0.029  0.007  0.960        1
 99:     0.002  0.001  0.000  0.997        1
100:     0.000  0.004  0.008  0.988        1
101:     0.106  0.018  0.046  0.830        1
102:     0.108  0.047  0.019  0.826        1
103:     0.002  0.004  0.010  0.984        1
104:     0.013  0.005  0.006  0.975        1
105:     0.000  0.023  0.058  0.919        1
106:     0.096  0.064  0.007  0.833        1
107:     0.010  0.001  0.013  0.976        1
108:     0.080  0.014  0.025  0.881        1
109:     0.067  0.043  0.096  0.794        1
110:     0.110  0.079  0.014  0.797        1
111:     0.011  0.009  0.004  0.976        1
112:     0.000  0.005  0.001  0.994        1
113:     0.007  0.001  0.014  0.979        1
114:     0.002  0.007  0.011  0.980        1
115:     0.020  0.015  0.003  0.961        1
116:     0.002  0.003  0.007  0.989        1
117:     0.005  0.012  0.063  0.920        1
118:     0.000  0.006  0.016  0.978        1
119:     0.035  0.053  0.002  0.910        1
120:     0.022  0.013  0.004  0.961        1
121:     0.006  0.002  0.001  0.990        1
122:     0.013  0.043  0.001  0.943        1
123:     0.000  0.004  0.000  0.996        1
124:     0.027  0.023  0.100  0.851        1
125:     0.000  0.013  0.006  0.980        1
126:     0.012  0.069  0.043  0.876        1
127:     0.029  0.008  0.030  0.933        1
128:     0.003  0.035  0.016  0.946        1
129:     0.002  0.006  0.002  0.991        1
130:     0.016  0.005  0.076  0.903        1
131:     0.000  0.000  0.006  0.993        1
132:     0.040  0.015  0.091  0.854        1
133:     0.014  0.002  0.101  0.884        1
134:     0.049  0.044  0.035  0.871        1
135:     0.072  0.036  0.054  0.838        1
136:     0.004  0.011  0.000  0.984        1
137:     0.002  0.013  0.005  0.981        1
138:     0.001  0.000  0.001  0.998        1
139:     0.000  0.013  0.086  0.901        1
140:     0.005  0.015  0.084  0.896        1
141:     0.011  0.003  0.004  0.982        1
142:     0.020  0.003  0.037  0.939        1
143:     0.004  0.007  0.045  0.944        1
144:     0.005  0.005  0.002  0.988        1
145:     0.001  0.004  0.002  0.993        1
146:     0.003  0.008  0.032  0.957        1
147:     0.001  0.003  0.005  0.991        1
148:     0.426  0.176  0.159  0.239        1
149:     0.414  0.149  0.255  0.183        1
150:     0.543  0.171  0.042  0.243        1
151:     0.567  0.191  0.086  0.156        1
152:     0.553  0.185  0.163  0.100        1
153:     0.527  0.184  0.095  0.194        1
154:     0.548  0.184  0.068  0.200        1
155:     0.526  0.188  0.095  0.192        1
156:     0.496  0.196  0.142  0.165        1
157:     0.546  0.167  0.131  0.156        1
158:     0.543  0.147  0.099  0.211        1
159:     0.547  0.202  0.055  0.196        1
160:     0.565  0.147  0.111  0.178        1
161:     0.469  0.179  0.149  0.203        1
162:     0.511  0.241  0.069  0.179        1
163:     0.526  0.183  0.089  0.203        1
164:     0.529  0.203  0.121  0.148        1
165:     0.414  0.170  0.202  0.214        1
166:     0.574  0.180  0.127  0.119        1
167:     0.510  0.182  0.141  0.168        1
168:     0.600  0.176  0.082  0.142        1
169:     0.507  0.188  0.112  0.192        1
170:     0.526  0.212  0.048  0.214        1
171:     0.576  0.152  0.105  0.167        1
172:     0.501  0.198  0.141  0.160        1
173:     0.558  0.186  0.100  0.156        1
174:     0.526  0.193  0.113  0.168        1
175:     0.540  0.175  0.120  0.165       50
176:     0.551  0.176  0.108  0.165       49
177:     0.553  0.173  0.110  0.165       50
178:     0.541  0.179  0.115  0.164       49
179:     0.539  0.168  0.120  0.173       23
180:     0.546  0.178  0.107  0.169       49
181:     0.006  0.006  0.984  0.004       30
182:     0.014  0.020  0.958  0.008       30
183:     0.511  0.159  0.161  0.169       34
184:     0.548  0.177  0.112  0.163       36
185:     0.536  0.168  0.121  0.175       40
186:     0.557  0.178  0.096  0.168       39
187:     0.542  0.173  0.118  0.168       37
188:     0.534  0.174  0.120  0.172       40
189:     0.541  0.173  0.122  0.164       35
190:     0.533  0.176  0.127  0.164       28
191:     0.546  0.169  0.118  0.168       36
192:     0.548  0.180  0.113  0.159       32
--------------------------------------------

 Rep#:   Lambda   Alpha      F1    F2    F3    F4     D1,2  D1,3  D1,4  D2,3  D2,4  D3,4    Ln Like 
 1000:    1.00    0.913    0.109 0.244 0.144 0.139    0.057 0.034 0.040 0.054 0.055 0.041   --  
 1100:    1.00    0.876    0.099 0.248 0.145 0.138    0.055 0.033 0.039 0.053 0.054 0.041   --  
 1200:    1.00    0.867    0.096 0.247 0.147 0.137    0.054 0.031 0.038 0.053 0.055 0.041   --  
 1300:    1.00    0.833    0.091 0.249 0.143 0.133    0.053 0.030 0.037 0.053 0.054 0.041   --  
 1400:    1.00    0.793    0.084 0.247 0.146 0.134    0.051 0.030 0.035 0.053 0.055 0.041   --  
 1500:    1.00    0.766    0.075 0.252 0.141 0.135    0.051 0.029 0.035 0.053 0.055 0.041   --  
 1600:    1.00    0.739    0.075 0.250 0.144 0.138    0.051 0.029 0.034 0.053 0.056 0.041   --  
 1700:    1.00    0.734    0.071 0.247 0.139 0.137    0.050 0.028 0.033 0.053 0.056 0.041   --  
 1800:    1.00    0.711    0.069 0.243 0.140 0.135    0.048 0.027 0.033 0.052 0.055 0.041   --  
 1900:    1.00    0.667    0.064 0.248 0.142 0.136    0.048 0.027 0.032 0.053 0.056 0.041   --  

--------------------------------------------
Proportion of membership of each pre-defined
 population in each of the 4 clusters

Given    Inferred Clusters              Number of
 Pop       1      2      3      4      Individuals

  1:     0.678  0.123  0.097  0.103       54
  2:     0.678  0.130  0.096  0.097       30
  3:     0.136  0.067  0.724  0.073       30
  4:     0.030  0.033  0.853  0.084       20
  5:     0.075  0.033  0.798  0.094       30
  6:     0.683  0.117  0.090  0.110       43
  7:     0.693  0.118  0.088  0.101       44
  8:     0.699  0.111  0.080  0.110        4
  9:     0.724  0.125  0.040  0.112       22
 10:     0.717  0.122  0.050  0.111       24
 11:     0.689  0.118  0.083  0.110       54
 12:     0.694  0.126  0.081  0.099       37
 13:     0.671  0.123  0.100  0.106       42
 14:     0.684  0.122  0.088  0.105       42
 15:     0.679  0.124  0.088  0.109       49
 16:     0.675  0.120  0.100  0.105      124
 17:     0.690  0.123  0.086  0.101       24
 18:     0.686  0.132  0.076  0.106       34
 19:     0.684  0.119  0.094  0.103       52
 20:     0.665  0.141  0.093  0.101        1
 21:     0.655  0.139  0.083  0.123        1
 22:     0.688  0.162  0.051  0.099        1
 23:     0.584  0.127  0.154  0.135        1
 24:     0.704  0.119  0.066  0.110        1
 25:     0.646  0.097  0.129  0.128        1
 26:     0.676  0.143  0.069  0.112        1
 27:     0.675  0.116  0.100  0.108        1
 28:     0.703  0.119  0.051  0.127        1
 29:     0.694  0.157  0.023  0.126        1
 30:     0.640  0.091  0.128  0.140        1
 31:     0.580  0.144  0.202  0.075        1
 32:     0.721  0.107  0.055  0.118        1
 33:     0.680  0.157  0.117  0.046        1
 34:     0.678  0.159  0.040  0.123        1
 35:     0.723  0.115  0.036  0.125        1
 36:     0.599  0.124  0.118  0.159        1
 37:     0.746  0.105  0.035  0.114        1
 38:     0.616  0.103  0.093  0.188        1
 39:     0.680  0.162  0.052  0.106        1
 40:     0.622  0.128  0.116  0.134        1
 41:     0.703  0.113  0.064  0.121        1
 42:     0.651  0.114  0.105  0.130        1
 43:     0.660  0.128  0.112  0.100        1
 44:     0.652  0.143  0.129  0.075        1
 45:     0.683  0.181  0.041  0.095        1
 46:     0.679  0.098  0.062  0.161        1
 47:     0.708  0.124  0.038  0.130        1
 48:     0.698  0.126  0.054  0.121        1
 49:     0.690  0.129  0.034  0.147        1
 50:     0.458  0.109  0.330  0.102        1
 51:     0.534  0.119  0.236  0.111        1
 52:     0.636  0.153  0.106  0.105        1
 53:     0.617  0.113  0.103  0.167        1
 54:     0.003  0.992  0.002  0.003        1
 55:     0.002  0.994  0.003  0.002        1
 56:     0.090  0.879  0.004  0.027        1
 57:     0.025  0.965  0.009  0.000        1
 58:     0.022  0.920  0.039  0.018        1
 59:     0.048  0.884  0.035  0.033        1
 60:     0.003  0.997  0.000  0.000        1
 61:     0.001  0.998  0.001  0.000        1
 62:     0.367  0.051  0.487  0.096        1
 63:     0.011  0.943  0.013  0.033        1
 64:     0.001  0.999  0.000  0.000        1
 65:     0.004  0.995  0.001  0.000        1
 66:     0.011  0.949  0.029  0.011        1
 67:     0.207  0.620  0.074  0.098        1
 68:     0.006  0.950  0.027  0.017        1
 69:     0.004  0.985  0.000  0.011        1
 70:     0.131  0.812  0.013  0.044        1
 71:     0.000  0.997  0.000  0.003        1
 72:     0.001  0.992  0.007  0.001        1
 73:     0.000  0.995  0.005  0.000        1
 74:     0.140  0.799  0.060  0.001        1
 75:     0.001  0.998  0.000  0.000        1
 76:     0.265  0.011  0.571  0.153        1
 77:     0.001  0.997  0.001  0.000        1
 78:     0.123  0.811  0.066  0.000        1
 79:     0.000  0.997  0.000  0.002        1
 80:     0.018  0.979  0.003  0.000        1
 81:     0.002  0.995  0.001  0.002        1
 82:     0.184  0.535  0.072  0.209        1
 83:     0.001  0.999  0.000  0.000        1
 84:     0.001  0.008  0.004  0.987        1
 85:     0.014  0.009  0.024  0.953        1
 86:     0.083  0.045  0.008  0.865        1
 87:     0.002  0.004  0.000  0.993        1
 88:     0.000  0.010  0.001  0.989        1
 89:     0.003  0.012  0.003  0.981        1
 90:     0.005  0.003  0.000  0.992        1
 91:     0.010  0.006  0.010  0.973        1
 92:     0.121  0.011  0.008  0.860        1
 93:     0.001  0.004  0.054  0.941        1
 94:     0.064  0.008  0.035  0.894        1
 95:     0.018  0.009  0.068  0.905        1
 96:     0.001  0.002  0.006  0.992        1
 97:     0.005  0.035  0.009  0.951        1
 98:     0.005  0.013  0.005  0.977        1
 99:     0.000  0.001  0.002  0.996        1
100:     0.000  0.001  0.002  0.997        1
101:     0.144  0.021  0.049  0.786        1
102:     0.140  0.024  0.002  0.834        1
103:     0.001  0.027  0.004  0.968        1
104:     0.004  0.002  0.012  0.983        1
105:     0.001  0.017  0.049  0.933        1
106:     0.125  0.048  0.005  0.822        1
107:     0.017  0.001  0.011  0.971        1
108:     0.094  0.025  0.012  0.869        1
109:     0.083  0.014  0.128  0.774        1
110:     0.167  0.072  0.006  0.755        1
111:     0.003  0.000  0.002  0.995        1
112:     0.006  0.003  0.000  0.991        1
113:     0.007  0.004  0.026  0.962        1
114:     0.001  0.007  0.002  0.991        1
115:     0.047  0.005  0.003  0.945        1
116:     0.001  0.000  0.004  0.994        1
117:     0.011  0.003  0.053  0.934        1
118:     0.001  0.021  0.015  0.964        1
119:     0.114  0.001  0.006  0.879        1
120:     0.012  0.023  0.001  0.964        1
121:     0.011  0.008  0.019  0.962        1
122:     0.046  0.011  0.001  0.943        1
123:     0.007  0.000  0.003  0.990        1
124:     0.084  0.010  0.059  0.848        1
125:     0.001  0.000  0.002  0.997        1
126:     0.065  0.055  0.001  0.879        1
127:     0.015  0.001  0.054  0.929        1
128:     0.008  0.033  0.003  0.956        1
129:     0.002  0.001  0.000  0.996        1
130:     0.023  0.001  0.054  0.922        1
131:     0.004  0.007  0.000  0.989        1
132:     0.066  0.004  0.090  0.840        1
133:     0.020  0.014  0.091  0.875        1
134:     0.098  0.023  0.000  0.879        1
135:     0.111  0.008  0.021  0.860        1
136:     0.003  0.007  0.000  0.990        1
137:     0.009  0.012  0.016  0.963        1
138:     0.003  0.031  0.001  0.966        1
139:     0.006  0.008  0.063  0.924        1
140:     0.005  0.018  0.062  0.915        1
141:     0.010  0.001  0.002  0.987        1
142:     0.082  0.002  0.001  0.915        1
143:     0.017  0.004  0.013  0.965        1
144:     0.013  0.010  0.006  0.971        1
145:     0.007  0.006  0.001  0.986        1
146:     0.007  0.007  0.026  0.960        1
147:     0.002  0.000  0.017  0.981        1
148:     0.514  0.115  0.192  0.179        1
149:     0.533  0.117  0.202  0.148        1
150:     0.694  0.110  0.075  0.121        1
151:     0.693  0.157  0.048  0.102        1
152:     0.654  0.135  0.113  0.099        1
153:     0.732  0.126  0.042  0.101        1
154:     0.689  0.128  0.058  0.125        1
155:     0.700  0.118  0.064  0.118        1
156:     0.671  0.143  0.094  0.093        1
157:     0.659  0.146  0.068  0.127        1
158:     0.691  0.130  0.028  0.152        1
159:     0.701  0.127  0.029  0.143        1
160:     0.709  0.112  0.085  0.094        1
161:     0.596  0.154  0.127  0.123        1
162:     0.673  0.167  0.052  0.109        1
163:     0.670  0.123  0.106  0.101        1
164:     0.709  0.145  0.069  0.077        1
165:     0.565  0.147  0.130  0.158        1
166:     0.716  0.121  0.093  0.070        1
167:     0.650  0.120  0.123  0.107        1
168:     0.717  0.114  0.077  0.091        1
169:     0.688  0.128  0.049  0.134        1
170:     0.713  0.125  0.033  0.130        1
171:     0.743  0.086  0.044  0.128        1
172:     0.641  0.157  0.121  0.081        1
173:     0.692  0.110  0.076  0.122        1
174:     0.644  0.140  0.074  0.142        1
175:     0.682  0.123  0.095  0.100       50
176:     0.689  0.122  0.088  0.100       49
177:     0.696  0.118  0.088  0.098       50
178:     0.684  0.125  0.091  0.100       49
179:     0.687  0.122  0.090  0.102       23
180:     0.691  0.126  0.084  0.099       49
181:     0.004  0.006  0.986  0.003       30
182:     0.014  0.010  0.969  0.007       30
183:     0.640  0.113  0.135  0.113       34
184:     0.695  0.121  0.086  0.098       36
185:     0.678  0.119  0.099  0.104       40
186:     0.698  0.127  0.076  0.100       39
187:     0.683  0.124  0.091  0.101       37
188:     0.679  0.120  0.098  0.103       40
189:     0.680  0.119  0.095  0.106       35
190:     0.679  0.119  0.107  0.095       28
191:     0.684  0.121  0.092  0.103       36
192:     0.682  0.122  0.100  0.097       32
--------------------------------------------

 Rep#:   Lambda   Alpha      F1    F2    F3    F4     D1,2  D1,3  D1,4  D2,3  D2,4  D3,4    Ln Like 
 2000:    1.00    0.664    0.057 0.245 0.142 0.134    0.047 0.026 0.031 0.053 0.055 0.041   --  
 2100:    1.00    0.636    0.057 0.254 0.143 0.135    0.047 0.026 0.031 0.053 0.056 0.041   --  
 2200:    1.00    0.631    0.055 0.248 0.140 0.133    0.047 0.026 0.031 0.053 0.056 0.041   --  
 2300:    1.00    0.584    0.053 0.250 0.137 0.134    0.046 0.026 0.030 0.053 0.056 0.041   --  
 2400:    1.00    0.577    0.047 0.250 0.141 0.132    0.045 0.025 0.029 0.053 0.056 0.041   --  
 2500:    1.00    0.546    0.044 0.250 0.134 0.133    0.044 0.025 0.029 0.053 0.056 0.040   --  
 2600:    1.00    0.531    0.042 0.251 0.141 0.130    0.045 0.024 0.029 0.053 0.056 0.041   --  
 2700:    1.00    0.516    0.042 0.248 0.139 0.130    0.045 0.024 0.028 0.053 0.056 0.041   --  
 2800:    1.00    0.505    0.040 0.247 0.140 0.132    0.044 0.024 0.028 0.053 0.055 0.040   --  
 2900:    1.00    0.493    0.039 0.243 0.137 0.135    0.043 0.024 0.028 0.053 0.056 0.041   --  

--------------------------------------------
Proportion of membership of each pre-defined
 population in each of the 4 clusters

Given    Inferred Clusters              Number of
 Pop       1      2      3      4      Individuals

  1:     0.763  0.087  0.080  0.070       54
  2:     0.772  0.091  0.069  0.067       30
  3:     0.158  0.056  0.726  0.060       30
  4:     0.030  0.026  0.859  0.085       20
  5:     0.088  0.028  0.794  0.090       30
  6:     0.773  0.083  0.074  0.070       43
  7:     0.789  0.076  0.070  0.066       44
  8:     0.783  0.097  0.043  0.077        4
  9:     0.816  0.088  0.029  0.067       22
 10:     0.803  0.089  0.034  0.074       24
 11:     0.783  0.082  0.066  0.070       54
 12:     0.778  0.090  0.068  0.064       37
 13:     0.760  0.081  0.086  0.073       42
 14:     0.783  0.084  0.069  0.064       42
 15:     0.774  0.084  0.074  0.067       49
 16:     0.767  0.083  0.080  0.070      124
 17:     0.769  0.094  0.071  0.066       24
 18:     0.783  0.091  0.055  0.071       34
 19:     0.778  0.089  0.072  0.062       52
 20:     0.774  0.103  0.057  0.066        1
 21:     0.696  0.141  0.046  0.117        1
 22:     0.813  0.111  0.001  0.075        1
 23:     0.684  0.107  0.087  0.122        1
 24:     0.746  0.063  0.096  0.096        1
 25:     0.679  0.063  0.167  0.091        1
 26:     0.784  0.106  0.028  0.081        1
 27:     0.719  0.114  0.061  0.106        1
 28:     0.776  0.107  0.055  0.061        1
 29:     0.774  0.107  0.017  0.102        1
 30:     0.719  0.056  0.134  0.091        1
 31:     0.623  0.093  0.230  0.054        1
 32:     0.806  0.093  0.035  0.067        1
 33:     0.739  0.099  0.098  0.065        1
 34:     0.754  0.104  0.030  0.111        1
 35:     0.826  0.064  0.022  0.088        1
 36:     0.750  0.094  0.046  0.110        1
 37:     0.810  0.064  0.042  0.083        1
 38:     0.676  0.102  0.093  0.129        1
 39:     0.751  0.137  0.007  0.105        1
 40:     0.722  0.121  0.062  0.095        1
 41:     0.830  0.104  0.000  0.066        1
 42:     0.706  0.107  0.108  0.079        1
 43:     0.767  0.088  0.067  0.078        1
 44:     0.697  0.095  0.159  0.050        1
 45:     0.781  0.151  0.003  0.065        1
 46:     0.705  0.073  0.086  0.135        1
 47:     0.778  0.092  0.063  0.067        1
 48:     0.805  0.077  0.005  0.114        1
 49:     0.806  0.083  0.049  0.062        1
 50:     0.519  0.040  0.340  0.102        1
 51:     0.595  0.086  0.222  0.098        1
 52:     0.707  0.092  0.099  0.101        1
 53:     0.748  0.104  0.074  0.074        1
 54:     0.001  0.998  0.001  0.001        1
 55:     0.002  0.990  0.006  0.001        1
 56:     0.104  0.846  0.007  0.043        1
 57:     0.056  0.943  0.001  0.000        1
 58:     0.077  0.923  0.000  0.000        1
 59:     0.130  0.847  0.018  0.005        1
 60:     0.011  0.986  0.003  0.000        1
 61:     0.000  0.997  0.001  0.001        1
 62:     0.497  0.014  0.424  0.065        1
 63:     0.000  0.951  0.032  0.017        1
 64:     0.000  0.999  0.001  0.000        1
 65:     0.000  0.999  0.001  0.000        1
 66:     0.019  0.972  0.009  0.000        1
 67:     0.210  0.631  0.072  0.087        1
 68:     0.001  0.938  0.045  0.016        1
 69:     0.004  0.991  0.001  0.005        1
 70:     0.138  0.798  0.038  0.026        1
 71:     0.000  0.999  0.000  0.000        1
 72:     0.001  0.997  0.001  0.000        1
 73:     0.000  0.999  0.001  0.000        1
 74:     0.168  0.776  0.055  0.001        1
 75:     0.001  0.999  0.000  0.000        1
 76:     0.291  0.005  0.563  0.141        1
 77:     0.000  0.999  0.000  0.001        1
 78:     0.133  0.827  0.028  0.012        1
 79:     0.000  0.999  0.000  0.000        1
 80:     0.018  0.979  0.002  0.001        1
 81:     0.000  1.000  0.000  0.000        1
 82:     0.312  0.509  0.019  0.160        1
 83:     0.000  0.999  0.000  0.000        1
 84:     0.000  0.004  0.034  0.962        1
 85:     0.012  0.008  0.023  0.957        1
 86:     0.095  0.026  0.000  0.879        1
 87:     0.002  0.010  0.010  0.978        1
 88:     0.012  0.002  0.001  0.985        1
 89:     0.036  0.004  0.013  0.947        1
 90:     0.000  0.012  0.002  0.985        1
 91:     0.006  0.000  0.000  0.994        1
 92:     0.165  0.001  0.001  0.833        1
 93:     0.001  0.000  0.064  0.935        1
 94:     0.085  0.001  0.000  0.914        1
 95:     0.064  0.000  0.013  0.923        1
 96:     0.002  0.000  0.000  0.997        1
 97:     0.003  0.010  0.016  0.971        1
 98:     0.000  0.015  0.000  0.985        1
 99:     0.000  0.001  0.000  0.999        1
100:     0.001  0.001  0.000  0.998        1
101:     0.197  0.003  0.035  0.765        1
102:     0.161  0.000  0.014  0.824        1
103:     0.001  0.002  0.001  0.995        1
104:     0.002  0.014  0.008  0.976        1
105:     0.004  0.010  0.034  0.951        1
106:     0.144  0.012  0.001  0.844        1
107:     0.000  0.002  0.008  0.989        1
108:     0.110  0.000  0.029  0.861        1
109:     0.165  0.016  0.076  0.743        1
110:     0.177  0.042  0.000  0.781        1
111:     0.003  0.005  0.021  0.971        1
112:     0.010  0.001  0.004  0.984        1
113:     0.001  0.011  0.018  0.970        1
114:     0.000  0.001  0.004  0.996        1
115:     0.030  0.000  0.003  0.967        1
116:     0.000  0.005  0.000  0.995        1
117:     0.022  0.004  0.020  0.954        1
118:     0.014  0.001  0.004  0.981        1
119:     0.118  0.009  0.003  0.869        1
120:     0.035  0.004  0.010  0.951        1
121:     0.000  0.019  0.001  0.980        1
122:     0.076  0.012  0.000  0.912        1
123:     0.000  0.002  0.000  0.998        1
124:     0.077  0.020  0.079  0.823        1
125:     0.006  0.000  0.000  0.993        1
126:     0.057  0.016  0.000  0.927        1
127:     0.000  0.017  0.031  0.952        1
128:     0.018  0.000  0.005  0.977        1
129:     0.000  0.002  0.001  0.997        1
130:     0.051  0.001  0.000  0.948        1
131:     0.005  0.001  0.000  0.994        1
132:     0.101  0.001  0.074  0.823        1
133:     0.000  0.004  0.091  0.905        1
134:     0.112  0.025  0.006  0.858        1
135:     0.144  0.004  0.040  0.812        1
136:     0.001  0.002  0.001  0.996        1
137:     0.000  0.000  0.006  0.993        1
138:     0.000  0.012  0.001  0.987        1
139:     0.002  0.008  0.055  0.935        1
140:     0.003  0.036  0.080  0.881        1
141:     0.001  0.000  0.001  0.998        1
142:     0.055  0.000  0.047  0.898        1
143:     0.003  0.000  0.025  0.972        1
144:     0.009  0.000  0.014  0.976        1
145:     0.001  0.004  0.000  0.996        1
146:     0.025  0.003  0.017  0.955        1
147:     0.000  0.001  0.001  0.997        1
148:     0.613  0.079  0.165  0.143        1
149:     0.582  0.077  0.221  0.120        1
150:     0.816  0.066  0.017  0.101        1
151:     0.815  0.093  0.004  0.089        1
152:     0.718  0.080  0.135  0.067        1
153:     0.769  0.105  0.056  0.070        1
154:     0.801  0.099  0.038  0.062        1
155:     0.766  0.073  0.040  0.121        1
156:     0.735  0.103  0.092  0.071        1
157:     0.785  0.072  0.063  0.079        1
158:     0.762  0.096  0.038  0.104        1
159:     0.827  0.093  0.001  0.080        1
160:     0.792  0.065  0.076  0.068        1
161:     0.683  0.098  0.098  0.121        1
162:     0.808  0.113  0.027  0.052        1
163:     0.725  0.153  0.049  0.073        1
164:     0.772  0.075  0.074  0.079        1
165:     0.683  0.111  0.063  0.143        1
166:     0.808  0.081  0.066  0.044        1
167:     0.758  0.098  0.087  0.057        1
168:     0.837  0.100  0.025  0.038        1
169:     0.760  0.067  0.060  0.114        1
170:     0.767  0.139  0.001  0.093        1
171:     0.789  0.088  0.032  0.091        1
172:     0.724  0.109  0.080  0.086        1
173:     0.829  0.086  0.037  0.048        1
174:     0.734  0.084  0.072  0.110        1
175:     0.775  0.084  0.071  0.070       50
176:     0.787  0.086  0.066  0.061       49
177:     0.788  0.082  0.067  0.063       50
178:     0.778  0.084  0.077  0.060       49
179:     0.754  0.081  0.088  0.076       23
180:     0.788  0.085  0.066  0.061       49
181:     0.003  0.005  0.991  0.001       30
182:     0.017  0.010  0.969  0.004       30
183:     0.725  0.074  0.119  0.082       34
184:     0.791  0.079  0.072  0.058       36
