

----------------------------------------------------
STRUCTURE by Pritchard, Stephens and Donnelly (2000)
     and Falush, Stephens and Pritchard (2003)
       Code by Pritchard, Falush and Hubisz
             Version 2.3.4 (Jul 2012)
----------------------------------------------------


Reading file "/workdir/yc2644/CV_CT_array/structure/threader_input/mainparams".
Reading file "/workdir/yc2644/CV_CT_array/structure/threader_input/extraparams".
Reading file "/workdir/yc2644/CV_CT_array/structure/threader_input/n1601.recode.strct_in".


Data file "/workdir/yc2644/CV_CT_array/structure/threader_input/n1601.recode.strct_in" (truncated) --

Ind:   Label Pop : Genotype_data . . . .
  1:  001s    1  :  2   1   2   2   2   1   2  . . . .   2
  1:  001s    1  :  2   2   2   2   2   2   2  . . . .   2
  2:  002s    1  :  2   2   2   2   1   1   2  . . . .   2
  2:  002s    1  :  2   2   2   2   2   2   2  . . . .   2
  3:  003s    1  :  1   2   1   2   2   2   2  . . . .   1
  3:  003s    1  :  2   2   1   2   2   2   2  . . . .   2
  4:  004s    1  :  1   1   2   2   1   2   2  . . . .   1
  4:  004s    1  :  2   1   2   2   2   2   2  . . . .   2

      *******   

1600:    49  192  :  2   2   2   2   2   1   2  . . . .   1
1600:    49  192  :  2   2   2   2   2   2   2  . . . .   2
1601:    50  192  :  2   1   2   2   1   2   2  . . . .   1
1601:    50  192  :  2   2   2   2   2   2   2  . . . .   2

Number of alleles per locus: min= 2; ave=2.0; max= 2


--------------------------------------

Finished initialization; starting MCMC 
100000 iterations + 10000 burnin


--------------------------------------------
Proportion of membership of each pre-defined
 population in each of the 4 clusters

Given    Inferred Clusters              Number of
 Pop       1      2      3      4      Individuals

  1:     0.424  0.163  0.215  0.199       54
  2:     0.402  0.159  0.209  0.229       30
  3:     0.082  0.648  0.093  0.177       30
  4:     0.028  0.739  0.067  0.166       20
  5:     0.054  0.698  0.084  0.164       30
  6:     0.400  0.157  0.214  0.229       43
  7:     0.385  0.152  0.238  0.225       44
  8:     0.617  0.123  0.085  0.176        4
  9:     0.455  0.111  0.218  0.216       22
 10:     0.450  0.111  0.233  0.206       24
 11:     0.387  0.158  0.235  0.220       54
 12:     0.403  0.156  0.233  0.208       37
 13:     0.375  0.163  0.236  0.227       42
 14:     0.404  0.148  0.214  0.234       42
 15:     0.380  0.161  0.221  0.238       49
 16:     0.374  0.165  0.228  0.234      124
 17:     0.405  0.149  0.225  0.220       24
 18:     0.387  0.143  0.241  0.228       34
 19:     0.397  0.154  0.224  0.225       52
 20:     0.420  0.121  0.197  0.262        1
 21:     0.098  0.122  0.501  0.279        1
 22:     0.330  0.056  0.266  0.347        1
 23:     0.363  0.170  0.232  0.235        1
 24:     0.391  0.133  0.283  0.194        1
 25:     0.328  0.205  0.296  0.171        1
 26:     0.471  0.177  0.213  0.138        1
 27:     0.423  0.176  0.229  0.172        1
 28:     0.501  0.117  0.203  0.179        1
 29:     0.550  0.070  0.080  0.301        1
 30:     0.415  0.188  0.134  0.263        1
 31:     0.444  0.301  0.145  0.111        1
 32:     0.601  0.135  0.211  0.053        1
 33:     0.266  0.131  0.137  0.467        1
 34:     0.541  0.121  0.278  0.059        1
 35:     0.292  0.170  0.280  0.258        1
 36:     0.315  0.188  0.255  0.242        1
 37:     0.301  0.138  0.260  0.301        1
 38:     0.303  0.165  0.282  0.250        1
 39:     0.255  0.078  0.390  0.277        1
 40:     0.289  0.225  0.350  0.136        1
 41:     0.392  0.131  0.253  0.224        1
 42:     0.488  0.191  0.141  0.180        1
 43:     0.273  0.152  0.273  0.302        1
 44:     0.600  0.186  0.128  0.085        1
 45:     0.043  0.079  0.363  0.515        1
 46:     0.254  0.147  0.371  0.229        1
 47:     0.421  0.157  0.322  0.101        1
 48:     0.289  0.165  0.268  0.278        1
 49:     0.622  0.193  0.044  0.141        1
 50:     0.177  0.370  0.157  0.296        1
 51:     0.264  0.294  0.194  0.247        1
 52:     0.087  0.159  0.359  0.394        1
 53:     0.025  0.128  0.501  0.347        1
 54:     0.015  0.071  0.132  0.783        1
 55:     0.036  0.062  0.072  0.830        1
 56:     0.164  0.147  0.093  0.597        1
 57:     0.035  0.066  0.106  0.793        1
 58:     0.083  0.066  0.024  0.827        1
 59:     0.075  0.109  0.053  0.763        1
 60:     0.058  0.054  0.010  0.878        1
 61:     0.069  0.089  0.111  0.731        1
 62:     0.239  0.469  0.116  0.176        1
 63:     0.045  0.043  0.144  0.768        1
 64:     0.022  0.037  0.031  0.910        1
 65:     0.012  0.055  0.065  0.867        1
 66:     0.047  0.093  0.061  0.798        1
 67:     0.030  0.172  0.251  0.547        1
 68:     0.041  0.070  0.029  0.861        1
 69:     0.062  0.091  0.129  0.718        1
 70:     0.082  0.079  0.075  0.765        1
 71:     0.060  0.057  0.045  0.838        1
 72:     0.057  0.075  0.135  0.733        1
 73:     0.031  0.021  0.089  0.860        1
 74:     0.041  0.116  0.002  0.841        1
 75:     0.042  0.090  0.036  0.832        1
 76:     0.129  0.603  0.100  0.169        1
 77:     0.034  0.088  0.106  0.772        1
 78:     0.115  0.122  0.035  0.728        1
 79:     0.057  0.013  0.000  0.930        1
 80:     0.125  0.057  0.071  0.747        1
 81:     0.038  0.071  0.092  0.800        1
 82:     0.023  0.106  0.108  0.763        1
 83:     0.009  0.080  0.053  0.857        1
 84:     0.069  0.114  0.709  0.107        1
 85:     0.012  0.113  0.751  0.124        1
 86:     0.011  0.100  0.768  0.121        1
 87:     0.040  0.060  0.865  0.035        1
 88:     0.044  0.061  0.848  0.048        1
 89:     0.029  0.099  0.850  0.022        1
 90:     0.039  0.108  0.834  0.019        1
 91:     0.012  0.070  0.819  0.099        1
 92:     0.013  0.037  0.863  0.087        1
 93:     0.004  0.159  0.808  0.029        1
 94:     0.097  0.095  0.762  0.046        1
 95:     0.044  0.091  0.820  0.045        1
 96:     0.006  0.090  0.866  0.039        1
 97:     0.013  0.110  0.829  0.048        1
 98:     0.009  0.106  0.779  0.106        1
 99:     0.048  0.059  0.888  0.006        1
100:     0.012  0.074  0.829  0.085        1
101:     0.006  0.043  0.812  0.138        1
102:     0.006  0.110  0.801  0.084        1
103:     0.004  0.053  0.908  0.034        1
104:     0.036  0.041  0.807  0.116        1
105:     0.087  0.121  0.790  0.002        1
106:     0.173  0.067  0.738  0.021        1
107:     0.035  0.115  0.759  0.091        1
108:     0.052  0.125  0.809  0.014        1
109:     0.058  0.143  0.791  0.007        1
110:     0.041  0.077  0.756  0.125        1
111:     0.025  0.047  0.839  0.089        1
112:     0.050  0.103  0.820  0.027        1
113:     0.095  0.122  0.761  0.022        1
114:     0.084  0.105  0.729  0.082        1
115:     0.052  0.078  0.791  0.078        1
116:     0.004  0.074  0.836  0.086        1
117:     0.060  0.137  0.693  0.110        1
118:     0.049  0.101  0.826  0.024        1
119:     0.107  0.043  0.821  0.030        1
120:     0.072  0.068  0.756  0.104        1
121:     0.053  0.079  0.790  0.078        1
122:     0.033  0.079  0.832  0.057        1
123:     0.032  0.093  0.718  0.157        1
124:     0.084  0.174  0.653  0.089        1
125:     0.004  0.026  0.861  0.109        1
126:     0.062  0.110  0.710  0.119        1
127:     0.044  0.108  0.770  0.078        1
128:     0.091  0.090  0.801  0.019        1
129:     0.031  0.082  0.883  0.003        1
130:     0.038  0.169  0.782  0.011        1
131:     0.038  0.025  0.931  0.006        1
132:     0.090  0.093  0.746  0.071        1
133:     0.075  0.224  0.694  0.006        1
134:     0.006  0.038  0.841  0.114        1
135:     0.005  0.083  0.704  0.208        1
136:     0.061  0.046  0.872  0.021        1
137:     0.070  0.106  0.757  0.068        1
138:     0.021  0.059  0.915  0.005        1
139:     0.078  0.150  0.712  0.060        1
140:     0.052  0.126  0.728  0.094        1
141:     0.048  0.135  0.712  0.105        1
142:     0.013  0.060  0.845  0.082        1
143:     0.028  0.153  0.759  0.060        1
144:     0.018  0.074  0.894  0.014        1
145:     0.058  0.073  0.769  0.100        1
146:     0.039  0.137  0.749  0.075        1
147:     0.039  0.091  0.785  0.085        1
148:     0.181  0.245  0.323  0.252        1
149:     0.252  0.219  0.242  0.287        1
150:     0.200  0.120  0.277  0.403        1
151:     0.453  0.199  0.264  0.085        1
152:     0.529  0.188  0.094  0.189        1
153:     0.592  0.157  0.164  0.088        1
154:     0.496  0.125  0.170  0.208        1
155:     0.084  0.168  0.464  0.283        1
156:     0.419  0.156  0.214  0.211        1
157:     0.513  0.165  0.124  0.199        1
158:     0.366  0.188  0.405  0.041        1
159:     0.465  0.162  0.210  0.163        1
160:     0.278  0.191  0.253  0.279        1
161:     0.317  0.190  0.289  0.203        1
162:     0.444  0.139  0.219  0.198        1
163:     0.364  0.091  0.290  0.255        1
164:     0.492  0.188  0.167  0.153        1
165:     0.332  0.205  0.266  0.197        1
166:     0.412  0.143  0.184  0.261        1
167:     0.531  0.176  0.083  0.210        1
168:     0.450  0.124  0.164  0.262        1
169:     0.423  0.159  0.321  0.097        1
170:     0.284  0.117  0.398  0.201        1
171:     0.324  0.169  0.263  0.245        1
172:     0.324  0.178  0.232  0.265        1
173:     0.367  0.179  0.201  0.253        1
174:     0.438  0.112  0.173  0.278        1
175:     0.380  0.162  0.232  0.225       50
176:     0.395  0.153  0.225  0.226       49
177:     0.423  0.151  0.185  0.240       50
178:     0.401  0.162  0.224  0.213       49
179:     0.337  0.152  0.245  0.266       23
180:     0.464  0.150  0.200  0.186       49
181:     0.026  0.930  0.025  0.019       30
182:     0.038  0.713  0.043  0.205       30
183:     0.336  0.191  0.212  0.261       34
184:     0.420  0.151  0.217  0.213       36
185:     0.397  0.166  0.230  0.207       40
186:     0.381  0.149  0.255  0.216       39
187:     0.406  0.152  0.219  0.223       37
188:     0.379  0.163  0.233  0.225       40
189:     0.402  0.166  0.211  0.221       35
190:     0.425  0.162  0.194  0.218       28
191:     0.418  0.161  0.191  0.230       36
192:     0.400  0.153  0.222  0.225       32
--------------------------------------------

 Rep#:   Lambda   Alpha      F1    F2    F3    F4     D1,2  D1,3  D1,4  D2,3  D2,4  D3,4    Ln Like 
  100:    1.00    1.638    0.006 0.230 0.110 0.052    0.038 0.018 0.011 0.044 0.040 0.026   --  
  200:    1.00    1.273    0.014 0.214 0.181 0.207    0.038 0.040 0.041 0.046 0.051 0.049   --  
  300:    1.00    1.109    0.107 0.167 0.147 0.244    0.038 0.042 0.056 0.044 0.056 0.053   --  
  400:    1.00    1.041    0.116 0.162 0.140 0.249    0.037 0.042 0.057 0.043 0.056 0.055   --  
  500:    1.00    1.017    0.110 0.157 0.141 0.254    0.035 0.040 0.057 0.043 0.055 0.055   --  
  600:    1.00    0.972    0.102 0.151 0.136 0.256    0.034 0.039 0.056 0.042 0.055 0.055   --  
  700:    1.00    0.882    0.096 0.148 0.137 0.251    0.032 0.038 0.054 0.041 0.053 0.055   --  
  800:    1.00    0.858    0.093 0.150 0.137 0.254    0.032 0.037 0.054 0.042 0.054 0.056   --  
  900:    1.00    0.832    0.082 0.149 0.133 0.245    0.031 0.036 0.053 0.041 0.054 0.055   --  

--------------------------------------------
Proportion of membership of each pre-defined
 population in each of the 4 clusters

Given    Inferred Clusters              Number of
 Pop       1      2      3      4      Individuals

  1:     0.603  0.122  0.127  0.148       54
  2:     0.601  0.119  0.122  0.158       30
  3:     0.110  0.727  0.088  0.075       30
  4:     0.018  0.838  0.080  0.064       20
  5:     0.059  0.778  0.100  0.064       30
  6:     0.615  0.116  0.124  0.145       43
  7:     0.618  0.115  0.119  0.147       44
  8:     0.641  0.078  0.121  0.160        4
  9:     0.654  0.068  0.124  0.154       22
 10:     0.643  0.074  0.124  0.159       24
 11:     0.620  0.111  0.124  0.145       54
 12:     0.617  0.112  0.116  0.154       37
 13:     0.605  0.121  0.123  0.151       42
 14:     0.620  0.106  0.119  0.156       42
 15:     0.608  0.120  0.120  0.152       49
 16:     0.602  0.122  0.127  0.149      124
 17:     0.609  0.113  0.120  0.158       24
 18:     0.619  0.101  0.124  0.156       34
 19:     0.608  0.116  0.120  0.156       52
 20:     0.598  0.139  0.106  0.157        1
 21:     0.650  0.053  0.156  0.141        1
 22:     0.604  0.094  0.132  0.170        1
 23:     0.578  0.122  0.154  0.147        1
 24:     0.623  0.095  0.099  0.184        1
 25:     0.567  0.156  0.132  0.145        1
 26:     0.597  0.105  0.137  0.161        1
 27:     0.556  0.139  0.153  0.152        1
 28:     0.623  0.111  0.098  0.167        1
 29:     0.662  0.030  0.134  0.174        1
 30:     0.568  0.200  0.107  0.125        1
 31:     0.529  0.229  0.084  0.158        1
 32:     0.613  0.097  0.155  0.135        1
 33:     0.597  0.167  0.086  0.151        1
 34:     0.580  0.079  0.159  0.182        1
 35:     0.676  0.057  0.119  0.147        1
 36:     0.561  0.127  0.163  0.149        1
 37:     0.633  0.109  0.124  0.134        1
 38:     0.582  0.109  0.175  0.134        1
 39:     0.575  0.080  0.166  0.178        1
 40:     0.575  0.111  0.189  0.125        1
 41:     0.612  0.038  0.153  0.197        1
 42:     0.593  0.102  0.177  0.128        1
 43:     0.603  0.109  0.157  0.131        1
 44:     0.591  0.137  0.106  0.166        1
 45:     0.590  0.085  0.118  0.206        1
 46:     0.628  0.106  0.176  0.090        1
 47:     0.643  0.087  0.120  0.150        1
 48:     0.624  0.099  0.121  0.157        1
 49:     0.638  0.050  0.152  0.159        1
 50:     0.378  0.383  0.123  0.115        1
 51:     0.442  0.307  0.128  0.123        1
 52:     0.545  0.140  0.159  0.157        1
 53:     0.579  0.138  0.142  0.141        1
 54:     0.003  0.001  0.000  0.996        1
 55:     0.000  0.000  0.006  0.994        1
 56:     0.092  0.011  0.026  0.871        1
 57:     0.037  0.001  0.009  0.953        1
 58:     0.059  0.024  0.005  0.912        1
 59:     0.058  0.028  0.013  0.901        1
 60:     0.001  0.001  0.001  0.997        1
 61:     0.000  0.001  0.001  0.998        1
 62:     0.345  0.481  0.099  0.075        1
 63:     0.008  0.036  0.021  0.934        1
 64:     0.001  0.000  0.002  0.996        1
 65:     0.002  0.001  0.001  0.996        1
 66:     0.000  0.016  0.014  0.970        1
 67:     0.195  0.023  0.123  0.659        1
 68:     0.034  0.012  0.022  0.933        1
 69:     0.003  0.003  0.005  0.988        1
 70:     0.107  0.039  0.046  0.807        1
 71:     0.001  0.001  0.002  0.996        1
 72:     0.002  0.001  0.002  0.995        1
 73:     0.000  0.000  0.000  1.000        1
 74:     0.147  0.056  0.001  0.796        1
 75:     0.001  0.000  0.001  0.998        1
 76:     0.214  0.584  0.165  0.038        1
 77:     0.001  0.001  0.000  0.998        1
 78:     0.079  0.081  0.006  0.835        1
 79:     0.001  0.000  0.002  0.997        1
 80:     0.001  0.008  0.000  0.991        1
 81:     0.000  0.001  0.000  0.999        1
 82:     0.183  0.099  0.171  0.547        1
 83:     0.000  0.003  0.000  0.997        1
 84:     0.000  0.022  0.960  0.018        1
 85:     0.014  0.044  0.935  0.007        1
 86:     0.062  0.012  0.876  0.050        1
 87:     0.014  0.001  0.982  0.003        1
 88:     0.001  0.001  0.992  0.006        1
 89:     0.021  0.006  0.967  0.007        1
 90:     0.002  0.004  0.990  0.005        1
 91:     0.007  0.001  0.983  0.009        1
 92:     0.082  0.021  0.871  0.026        1
 93:     0.000  0.068  0.926  0.007        1
 94:     0.047  0.026  0.926  0.001        1
 95:     0.011  0.051  0.919  0.018        1
 96:     0.007  0.000  0.992  0.002        1
 97:     0.001  0.004  0.979  0.016        1
 98:     0.004  0.016  0.979  0.000        1
 99:     0.002  0.002  0.995  0.001        1
100:     0.000  0.000  0.999  0.001        1
101:     0.140  0.040  0.783  0.037        1
102:     0.131  0.010  0.827  0.032        1
103:     0.002  0.001  0.990  0.008        1
104:     0.017  0.002  0.976  0.005        1
105:     0.010  0.032  0.923  0.034        1
106:     0.098  0.004  0.852  0.046        1
107:     0.001  0.020  0.976  0.003        1
108:     0.095  0.026  0.856  0.023        1
109:     0.075  0.117  0.789  0.019        1
110:     0.109  0.029  0.802  0.059        1
111:     0.014  0.011  0.973  0.002        1
112:     0.007  0.001  0.992  0.000        1
113:     0.013  0.028  0.953  0.005        1
114:     0.012  0.008  0.974  0.005        1
115:     0.043  0.001  0.955  0.000        1
116:     0.000  0.005  0.994  0.000        1
117:     0.036  0.037  0.914  0.012        1
118:     0.003  0.024  0.948  0.025        1
119:     0.093  0.020  0.885  0.001        1
120:     0.011  0.004  0.961  0.024        1
121:     0.020  0.016  0.947  0.016        1
122:     0.018  0.004  0.937  0.041        1
123:     0.002  0.001  0.993  0.004        1
124:     0.014  0.089  0.874  0.022        1
125:     0.000  0.000  0.995  0.004        1
126:     0.059  0.028  0.892  0.021        1
127:     0.051  0.000  0.940  0.010        1
128:     0.013  0.000  0.949  0.039        1
129:     0.000  0.000  0.999  0.000        1
130:     0.016  0.031  0.926  0.028        1
131:     0.003  0.004  0.989  0.004        1
132:     0.070  0.067  0.854  0.010        1
133:     0.001  0.098  0.890  0.011        1
134:     0.102  0.000  0.881  0.018        1
135:     0.133  0.022  0.834  0.012        1
136:     0.003  0.001  0.995  0.001        1
137:     0.016  0.002  0.977  0.005        1
138:     0.000  0.001  0.989  0.011        1
139:     0.005  0.048  0.928  0.020        1
140:     0.005  0.088  0.879  0.027        1
141:     0.001  0.007  0.990  0.002        1
142:     0.082  0.032  0.859  0.028        1
143:     0.001  0.047  0.944  0.008        1
144:     0.003  0.020  0.969  0.008        1
145:     0.002  0.002  0.990  0.006        1
146:     0.009  0.045  0.943  0.002        1
147:     0.009  0.002  0.988  0.001        1
148:     0.519  0.154  0.180  0.148        1
149:     0.485  0.222  0.196  0.096        1
150:     0.616  0.079  0.154  0.150        1
151:     0.621  0.113  0.092  0.173        1
152:     0.614  0.142  0.105  0.140        1
153:     0.576  0.139  0.132  0.153        1
154:     0.632  0.081  0.122  0.166        1
155:     0.632  0.059  0.177  0.131        1
156:     0.581  0.128  0.128  0.162        1
157:     0.569  0.109  0.170  0.153        1
158:     0.585  0.089  0.178  0.148        1
159:     0.620  0.069  0.138  0.173        1
160:     0.648  0.123  0.086  0.142        1
161:     0.545  0.121  0.186  0.148        1
162:     0.579  0.113  0.093  0.215        1
163:     0.620  0.100  0.159  0.121        1
164:     0.597  0.132  0.097  0.174        1
165:     0.507  0.146  0.184  0.163        1
166:     0.620  0.137  0.068  0.176        1
167:     0.558  0.144  0.120  0.177        1
168:     0.733  0.037  0.098  0.132        1
169:     0.616  0.106  0.132  0.147        1
170:     0.595  0.042  0.162  0.201        1
171:     0.617  0.103  0.146  0.133        1
172:     0.592  0.136  0.124  0.148        1
173:     0.625  0.098  0.133  0.144        1
174:     0.599  0.107  0.144  0.150        1
175:     0.608  0.119  0.117  0.155       50
176:     0.619  0.114  0.117  0.151       49
177:     0.619  0.114  0.121  0.146       50
178:     0.607  0.120  0.122  0.151       49
179:     0.604  0.124  0.126  0.147       23
180:     0.617  0.110  0.118  0.155       49
181:     0.004  0.989  0.003  0.004       30
182:     0.013  0.962  0.009  0.016       30
183:     0.573  0.166  0.130  0.131       34
184:     0.621  0.120  0.109  0.150       36
185:     0.610  0.121  0.123  0.146       40
186:     0.626  0.105  0.119  0.151       39
187:     0.617  0.118  0.117  0.148       37
188:     0.601  0.125  0.123  0.151       40
189:     0.602  0.123  0.124  0.151       35
190:     0.596  0.133  0.119  0.151       28
191:     0.610  0.120  0.122  0.148       36
192:     0.611  0.125  0.113  0.151       32
--------------------------------------------

 Rep#:   Lambda   Alpha      F1    F2    F3    F4     D1,2  D1,3  D1,4  D2,3  D2,4  D3,4    Ln Like 
 1000:    1.00    0.805    0.080 0.147 0.135 0.249    0.030 0.035 0.052 0.041 0.053 0.055   --  
 1100:    1.00    0.749    0.074 0.148 0.134 0.254    0.030 0.034 0.051 0.041 0.053 0.055   --  
 1200:    1.00    0.750    0.073 0.149 0.135 0.253    0.030 0.034 0.051 0.042 0.053 0.056   --  
 1300:    1.00    0.742    0.071 0.148 0.137 0.252    0.029 0.033 0.050 0.041 0.053 0.056   --  
 1400:    1.00    0.693    0.065 0.146 0.133 0.255    0.028 0.032 0.050 0.041 0.053 0.057   --  
 1500:    1.00    0.696    0.064 0.142 0.137 0.251    0.028 0.032 0.048 0.041 0.053 0.056   --  
 1600:    1.00    0.669    0.058 0.138 0.134 0.245    0.027 0.031 0.048 0.041 0.053 0.056   --  
 1700:    1.00    0.649    0.058 0.137 0.131 0.249    0.027 0.031 0.047 0.041 0.052 0.056   --  
 1800:    1.00    0.625    0.055 0.143 0.136 0.251    0.026 0.031 0.047 0.041 0.053 0.056   --  
 1900:    1.00    0.601    0.053 0.136 0.134 0.242    0.026 0.030 0.046 0.041 0.053 0.056   --  

--------------------------------------------
Proportion of membership of each pre-defined
 population in each of the 4 clusters

Given    Inferred Clusters              Number of
 Pop       1      2      3      4      Individuals

  1:     0.705  0.104  0.082  0.109       54
  2:     0.713  0.100  0.074  0.113       30
  3:     0.150  0.726  0.065  0.060       30
  4:     0.023  0.862  0.085  0.030       20
  5:     0.071  0.804  0.092  0.033       30
  6:     0.715  0.090  0.082  0.113       43
  7:     0.724  0.092  0.074  0.111       44
  8:     0.738  0.064  0.082  0.117        4
  9:     0.757  0.046  0.081  0.116       22
 10:     0.754  0.053  0.077  0.117       24
 11:     0.720  0.088  0.085  0.107       54
 12:     0.720  0.088  0.077  0.115       37
 13:     0.705  0.104  0.082  0.109       42
 14:     0.723  0.090  0.075  0.111       42
 15:     0.711  0.097  0.081  0.111       49
 16:     0.712  0.097  0.082  0.110      124
 17:     0.708  0.097  0.082  0.114       24
 18:     0.726  0.075  0.082  0.118       34
 19:     0.714  0.093  0.078  0.115       52
 20:     0.763  0.053  0.068  0.116        1
 21:     0.654  0.072  0.150  0.124        1
 22:     0.719  0.082  0.077  0.123        1
 23:     0.663  0.108  0.123  0.106        1
 24:     0.732  0.068  0.086  0.114        1
 25:     0.671  0.143  0.100  0.087        1
 26:     0.730  0.061  0.086  0.123        1
 27:     0.689  0.114  0.110  0.087        1
 28:     0.730  0.055  0.081  0.134        1
 29:     0.753  0.038  0.063  0.146        1
 30:     0.637  0.167  0.096  0.100        1
 31:     0.616  0.226  0.081  0.077        1
 32:     0.711  0.082  0.106  0.102        1
 33:     0.680  0.098  0.067  0.155        1
 34:     0.728  0.007  0.121  0.143        1
 35:     0.735  0.076  0.088  0.101        1
 36:     0.639  0.126  0.113  0.123        1
 37:     0.768  0.083  0.072  0.077        1
 38:     0.681  0.082  0.146  0.090        1
 39:     0.693  0.033  0.126  0.149        1
 40:     0.685  0.114  0.080  0.121        1
 41:     0.730  0.024  0.114  0.132        1
 42:     0.677  0.119  0.090  0.113        1
 43:     0.686  0.086  0.095  0.133        1
 44:     0.671  0.174  0.061  0.095        1
 45:     0.664  0.096  0.084  0.156        1
 46:     0.692  0.084  0.145  0.079        1
 47:     0.736  0.071  0.106  0.087        1
 48:     0.706  0.074  0.109  0.111        1
 49:     0.751  0.035  0.071  0.142        1
 50:     0.421  0.415  0.068  0.096        1
 51:     0.536  0.270  0.115  0.078        1
 52:     0.637  0.111  0.132  0.120        1
 53:     0.701  0.088  0.102  0.109        1
 54:     0.000  0.001  0.001  0.998        1
 55:     0.002  0.002  0.000  0.995        1
 56:     0.134  0.000  0.006  0.860        1
 57:     0.028  0.000  0.001  0.971        1
 58:     0.093  0.000  0.000  0.906        1
 59:     0.090  0.026  0.005  0.879        1
 60:     0.001  0.000  0.012  0.987        1
 61:     0.000  0.004  0.001  0.996        1
 62:     0.412  0.476  0.079  0.032        1
 63:     0.007  0.004  0.019  0.970        1
 64:     0.000  0.000  0.001  0.999        1
 65:     0.000  0.001  0.000  0.999        1
 66:     0.016  0.002  0.004  0.977        1
 67:     0.245  0.022  0.095  0.639        1
 68:     0.004  0.003  0.032  0.961        1
 69:     0.001  0.002  0.001  0.996        1
 70:     0.136  0.011  0.042  0.812        1
 71:     0.000  0.000  0.001  0.998        1
 72:     0.000  0.002  0.004  0.994        1
 73:     0.001  0.001  0.000  0.999        1
 74:     0.145  0.033  0.000  0.822        1
 75:     0.001  0.003  0.000  0.996        1
 76:     0.251  0.604  0.107  0.038        1
 77:     0.000  0.000  0.001  0.999        1
 78:     0.101  0.060  0.000  0.838        1
 79:     0.000  0.000  0.000  1.000        1
 80:     0.021  0.000  0.002  0.978        1
 81:     0.000  0.000  0.001  0.998        1
 82:     0.207  0.083  0.192  0.518        1
 83:     0.000  0.000  0.000  0.999        1
 84:     0.001  0.023  0.964  0.013        1
 85:     0.003  0.054  0.941  0.002        1
 86:     0.073  0.003  0.903  0.021        1
 87:     0.027  0.005  0.966  0.003        1
 88:     0.003  0.008  0.989  0.000        1
 89:     0.013  0.000  0.985  0.001        1
 90:     0.000  0.001  0.999  0.000        1
 91:     0.002  0.007  0.982  0.009        1
 92:     0.155  0.018  0.822  0.004        1
 93:     0.008  0.055  0.937  0.000        1
 94:     0.042  0.002  0.947  0.010        1
 95:     0.046  0.044  0.910  0.000        1
 96:     0.002  0.001  0.997  0.000        1
 97:     0.001  0.011  0.968  0.020        1
 98:     0.002  0.001  0.978  0.019        1
 99:     0.000  0.001  0.997  0.002        1
100:     0.002  0.004  0.993  0.001        1
101:     0.170  0.064  0.752  0.014        1
102:     0.143  0.001  0.837  0.019        1
103:     0.010  0.000  0.990  0.000        1
104:     0.005  0.008  0.974  0.012        1
105:     0.003  0.038  0.943  0.016        1
106:     0.125  0.005  0.854  0.017        1
107:     0.001  0.021  0.977  0.001        1
108:     0.090  0.028  0.876  0.006        1
109:     0.133  0.061  0.778  0.028        1
110:     0.150  0.001  0.791  0.058        1
111:     0.011  0.003  0.985  0.001        1
112:     0.000  0.001  0.998  0.001        1
113:     0.002  0.034  0.959  0.004        1
114:     0.005  0.004  0.990  0.000        1
115:     0.066  0.000  0.926  0.007        1
116:     0.000  0.001  0.999  0.001        1
117:     0.003  0.064  0.933  0.000        1
118:     0.000  0.019  0.973  0.008        1
119:     0.141  0.002  0.856  0.001        1
120:     0.000  0.000  0.976  0.024        1
121:     0.013  0.001  0.985  0.001        1
122:     0.065  0.002  0.899  0.034        1
123:     0.002  0.000  0.998  0.001        1
124:     0.043  0.089  0.842  0.026        1
125:     0.000  0.005  0.993  0.002        1
126:     0.064  0.011  0.877  0.049        1
127:     0.050  0.018  0.931  0.002        1
128:     0.010  0.002  0.963  0.025        1
129:     0.001  0.000  0.996  0.003        1
130:     0.021  0.030  0.946  0.003        1
131:     0.001  0.008  0.989  0.001        1
132:     0.077  0.079  0.843  0.000        1
133:     0.010  0.075  0.913  0.002        1
134:     0.119  0.008  0.858  0.016        1
135:     0.109  0.039  0.845  0.007        1
136:     0.000  0.000  0.998  0.002        1
137:     0.001  0.006  0.972  0.021        1
138:     0.011  0.000  0.986  0.003        1
139:     0.001  0.069  0.923  0.007        1
140:     0.001  0.071  0.896  0.031        1
141:     0.007  0.000  0.991  0.001        1
142:     0.076  0.065  0.859  0.000        1
143:     0.001  0.056  0.942  0.001        1
144:     0.013  0.005  0.981  0.002        1
145:     0.003  0.005  0.986  0.005        1
146:     0.000  0.060  0.935  0.005        1
147:     0.003  0.017  0.977  0.003        1
148:     0.583  0.120  0.164  0.133        1
149:     0.572  0.218  0.120  0.091        1
150:     0.699  0.070  0.129  0.102        1
151:     0.735  0.059  0.068  0.137        1
152:     0.666  0.143  0.079  0.112        1
153:     0.761  0.074  0.064  0.100        1
154:     0.719  0.057  0.102  0.121        1
155:     0.782  0.054  0.068  0.096        1
156:     0.702  0.089  0.093  0.117        1
157:     0.710  0.090  0.086  0.114        1
158:     0.706  0.080  0.115  0.098        1
159:     0.723  0.022  0.100  0.155        1
160:     0.738  0.072  0.041  0.148        1
161:     0.612  0.080  0.169  0.139        1
162:     0.689  0.065  0.077  0.169        1
163:     0.703  0.067  0.099  0.131        1
164:     0.673  0.151  0.068  0.107        1
165:     0.596  0.151  0.144  0.109        1
166:     0.700  0.113  0.067  0.119        1
167:     0.661  0.143  0.069  0.127        1
168:     0.779  0.050  0.048  0.123        1
169:     0.654  0.109  0.137  0.099        1
170:     0.725  0.040  0.107  0.128        1
171:     0.724  0.053  0.082  0.141        1
172:     0.637  0.129  0.069  0.166        1
173:     0.731  0.096  0.039  0.135        1
174:     0.747  0.059  0.069  0.125        1
175:     0.714  0.095  0.081  0.110       50
176:     0.721  0.089  0.081  0.109       49
177:     0.727  0.088  0.078  0.108       50
178:     0.714  0.096  0.074  0.115       49
179:     0.709  0.095  0.083  0.113       23
180:     0.728  0.083  0.071  0.117       49
181:     0.004  0.991  0.003  0.003       30
182:     0.020  0.965  0.004  0.011       30
183:     0.661  0.144  0.099  0.097       34
184:     0.726  0.095  0.069  0.110       36
185:     0.710  0.100  0.083  0.106       40
186:     0.731  0.076  0.077  0.115       39
187:     0.715  0.095  0.077  0.113       37
188:     0.710  0.102  0.080  0.109       40
189:     0.711  0.100  0.080  0.109       35
190:     0.707  0.104  0.079  0.111       28
191:     0.714  0.098  0.078  0.109       36
192:     0.718  0.094  0.070  0.119       32
--------------------------------------------

 Rep#:   Lambda   Alpha      F1    F2    F3    F4     D1,2  D1,3  D1,4  D2,3  D2,4  D3,4    Ln Like 
 2000:    1.00    0.602    0.049 0.137 0.132 0.247    0.026 0.029 0.046 0.040 0.052 0.055   --  
 2100:    1.00    0.577    0.048 0.140 0.135 0.246    0.025 0.029 0.045 0.041 0.052 0.055   --  
 2200:    1.00    0.573    0.044 0.140 0.132 0.247    0.025 0.029 0.045 0.041 0.053 0.056   --  
 2300:    1.00    0.541    0.044 0.139 0.132 0.249    0.025 0.028 0.045 0.040 0.053 0.056   --  
 2400:    1.00    0.529    0.043 0.140 0.136 0.246    0.025 0.028 0.045 0.041 0.053 0.056   --  
 2500:    1.00    0.511    0.041 0.146 0.134 0.244    0.025 0.028 0.044 0.041 0.053 0.056   --  
 2600:    1.00    0.504    0.040 0.138 0.133 0.247    0.024 0.028 0.043 0.041 0.052 0.055   --  
 2700:    1.00    0.504    0.039 0.140 0.129 0.243    0.024 0.027 0.043 0.041 0.053 0.055   --  
 2800:    1.00    0.469    0.036 0.136 0.131 0.251    0.024 0.027 0.043 0.041 0.052 0.056   --  
 2900:    1.00    0.451    0.036 0.138 0.134 0.244    0.024 0.027 0.042 0.041 0.053 0.056   --  

--------------------------------------------
Proportion of membership of each pre-defined
 population in each of the 4 clusters

Given    Inferred Clusters              Number of
 Pop       1      2      3      4      Individuals

  1:     0.786  0.083  0.050  0.081       54
  2:     0.787  0.075  0.047  0.091       30
  3:     0.160  0.730  0.057  0.052       30
  4:     0.027  0.870  0.083  0.020       20
  5:     0.081  0.804  0.087  0.027       30
  6:     0.797  0.068  0.057  0.078       43
  7:     0.808  0.068  0.049  0.074       44
  8:     0.826  0.039  0.061  0.075        4
  9:     0.846  0.028  0.044  0.083       22
 10:     0.835  0.032  0.047  0.087       24
 11:     0.796  0.075  0.054  0.075       54
 12:     0.811  0.068  0.043  0.078       37
 13:     0.786  0.082  0.052  0.080       42
 14:     0.798  0.072  0.049  0.080       42
 15:     0.799  0.074  0.044  0.082       49
 16:     0.791  0.082  0.050  0.077      124
 17:     0.790  0.073  0.055  0.083       24
 18:     0.804  0.053  0.058  0.084       34
 19:     0.796  0.074  0.050  0.080       52
 20:     0.765  0.070  0.065  0.100        1
 21:     0.754  0.000  0.121  0.125        1
 22:     0.815  0.067  0.012  0.106        1
 23:     0.730  0.124  0.085  0.061        1
 24:     0.775  0.057  0.063  0.104        1
 25:     0.753  0.146  0.072  0.028        1
 26:     0.738  0.075  0.088  0.099        1
 27:     0.757  0.100  0.067  0.076        1
 28:     0.829  0.000  0.056  0.115        1
 29:     0.858  0.000  0.038  0.103        1
 30:     0.711  0.169  0.050  0.070        1
 31:     0.649  0.229  0.047  0.075        1
 32:     0.836  0.015  0.066  0.083        1
 33:     0.764  0.107  0.041  0.088        1
 34:     0.778  0.000  0.087  0.135        1
 35:     0.830  0.029  0.083  0.058        1
 36:     0.736  0.101  0.085  0.078        1
 37:     0.823  0.044  0.083  0.051        1
 38:     0.724  0.092  0.116  0.069        1
 39:     0.806  0.008  0.058  0.128        1
 40:     0.700  0.108  0.084  0.109        1
 41:     0.809  0.017  0.087  0.087        1
 42:     0.772  0.092  0.086  0.050        1
 43:     0.743  0.105  0.054  0.098        1
 44:     0.719  0.123  0.053  0.105        1
 45:     0.774  0.027  0.076  0.124        1
 46:     0.810  0.032  0.115  0.043        1
 47:     0.815  0.049  0.070  0.067        1
 48:     0.820  0.022  0.055  0.103        1
 49:     0.826  0.003  0.065  0.107        1
 50:     0.513  0.344  0.091  0.051        1
 51:     0.614  0.233  0.075  0.078        1
 52:     0.740  0.063  0.084  0.113        1
 53:     0.783  0.099  0.054  0.064        1
 54:     0.002  0.003  0.000  0.995        1
 55:     0.001  0.002  0.001  0.996        1
 56:     0.116  0.009  0.037  0.839        1
 57:     0.023  0.018  0.001  0.958        1
 58:     0.079  0.000  0.007  0.914        1
 59:     0.111  0.013  0.002  0.874        1
 60:     0.000  0.001  0.004  0.996        1
 61:     0.000  0.000  0.000  1.000        1
 62:     0.470  0.432  0.079  0.019        1
 63:     0.007  0.000  0.049  0.945        1
 64:     0.000  0.000  0.001  0.999        1
 65:     0.000  0.001  0.000  0.999        1
 66:     0.031  0.006  0.002  0.960        1
 67:     0.245  0.033  0.105  0.616        1
 68:     0.027  0.036  0.000  0.937        1
 69:     0.000  0.003  0.016  0.982        1
 70:     0.132  0.036  0.035  0.796        1
 71:     0.000  0.000  0.000  0.999        1
 72:     0.000  0.000  0.000  1.000        1
 73:     0.000  0.000  0.000  1.000        1
 74:     0.212  0.000  0.005  0.783        1
 75:     0.001  0.000  0.001  0.999        1
 76:     0.275  0.584  0.141  0.000        1
 77:     0.001  0.003  0.002  0.994        1
 78:     0.114  0.072  0.000  0.814        1
 79:     0.000  0.001  0.000  0.999        1
 80:     0.008  0.018  0.000  0.974        1
 81:     0.003  0.001  0.000  0.996        1
 82:     0.260  0.044  0.181  0.514        1
 83:     0.000  0.000  0.001  0.999        1
 84:     0.003  0.036  0.958  0.003        1
 85:     0.007  0.026  0.967  0.000        1
 86:     0.083  0.001  0.871  0.044        1
 87:     0.017  0.000  0.980  0.003        1
 88:     0.006  0.003  0.987  0.005        1
 89:     0.026  0.001  0.956  0.017        1
 90:     0.001  0.002  0.995  0.003        1
 91:     0.000  0.023  0.976  0.001        1
 92:     0.134  0.003  0.845  0.018        1
 93:     0.001  0.024  0.950  0.026        1
 94:     0.071  0.007  0.921  0.000        1
 95:     0.082  0.016  0.898  0.003        1
 96:     0.002  0.005  0.993  0.000        1
 97:     0.004  0.012  0.972  0.011        1
 98:     0.007  0.007  0.969  0.017        1
 99:     0.000  0.000  1.000  0.000        1
100:     0.000  0.001  0.998  0.000        1
101:     0.186  0.013  0.775  0.026        1
102:     0.139  0.002  0.837  0.021        1
103:     0.005  0.000  0.995  0.000        1
104:     0.000  0.000  0.988  0.011        1
105:     0.000  0.041  0.918  0.042        1
106:     0.172  0.000  0.802  0.026        1
107:     0.002  0.013  0.982  0.003        1
108:     0.124  0.042  0.835  0.000        1
109:     0.135  0.077  0.781  0.007        1
110:     0.193  0.011  0.743  0.053        1
111:     0.023  0.009  0.968  0.000        1
112:     0.002  0.002  0.989  0.006        1
113:     0.023  0.019  0.957  0.001        1
114:     0.001  0.019  0.977  0.003        1
115:     0.059  0.003  0.934  0.004        1
116:     0.000  0.001  0.998  0.001        1
117:     0.001  0.038  0.962  0.000        1
118:     0.006  0.005  0.988  0.001        1
119:     0.103  0.004  0.885  0.008        1
120:     0.013  0.012  0.968  0.006        1
121:     0.016  0.006  0.967  0.012        1
122:     0.038  0.003  0.949  0.010        1
123:     0.000  0.000  1.000  0.000        1
124:     0.036  0.094  0.869  0.000        1
125:     0.005  0.003  0.993  0.000        1
126:     0.078  0.002  0.881  0.039        1
127:     0.080  0.021  0.883  0.016        1
128:     0.004  0.000  0.989  0.007        1
129:     0.001  0.004  0.996  0.000        1
130:     0.002  0.054  0.923  0.022        1
131:     0.001  0.000  0.997  0.002        1
132:     0.060  0.083  0.854  0.002        1
133:     0.001  0.101  0.890  0.008        1
134:     0.120  0.016  0.845  0.019        1
135:     0.174  0.021  0.791  0.014        1
136:     0.003  0.002  0.993  0.001        1
137:     0.002  0.003  0.989  0.007        1
138:     0.000  0.001  0.999  0.000        1
139:     0.000  0.073  0.909  0.018        1
140:     0.003  0.056  0.910  0.031        1
141:     0.002  0.007  0.989  0.002        1
142:     0.140  0.009  0.850  0.000        1
143:     0.001  0.048  0.950  0.001        1
144:     0.008  0.020  0.972  0.000        1
145:     0.002  0.002  0.993  0.003        1
146:     0.001  0.019  0.965  0.015        1
147:     0.002  0.013  0.985  0.000        1
148:     0.647  0.117  0.127  0.110        1
149:     0.647  0.189  0.114  0.049        1
150:     0.775  0.033  0.107  0.084        1
151:     0.834  0.021  0.042  0.104        1
152:     0.754  0.140  0.047  0.058        1
153:     0.805  0.065  0.031  0.099        1
154:     0.813  0.081  0.027  0.078        1
155:     0.804  0.029  0.095  0.073        1
156:     0.729  0.076  0.100  0.095        1
157:     0.753  0.084  0.080  0.083        1
158:     0.761  0.071  0.069  0.099        1
159:     0.826  0.031  0.047  0.096        1
160:     0.820  0.046  0.051  0.083        1
161:     0.695  0.137  0.086  0.082        1
162:     0.761  0.026  0.056  0.157        1
163:     0.770  0.078  0.050  0.102        1
164:     0.752  0.091  0.076  0.081        1
165:     0.691  0.074  0.143  0.091        1
166:     0.794  0.078  0.044  0.083        1
167:     0.778  0.106  0.047  0.070        1
168:     0.874  0.002  0.030  0.094        1
169:     0.747  0.078  0.092  0.083        1
170:     0.794  0.025  0.070  0.111        1
171:     0.808  0.040  0.065  0.087        1
172:     0.718  0.115  0.055  0.112        1
173:     0.830  0.053  0.048  0.069        1
174:     0.753  0.086  0.065  0.096        1
175:     0.799  0.074  0.049  0.078       50
176:     0.804  0.065  0.049  0.081       49
177:     0.807  0.070  0.049  0.074       50
178:     0.796  0.078  0.045  0.080       49
179:     0.788  0.084  0.051  0.077       23
180:     0.807  0.066  0.048  0.080       49
181:     0.003  0.993  0.001  0.003       30
182:     0.011  0.977  0.006  0.007       30
183:     0.731  0.130  0.069  0.070       34
184:     0.814  0.067  0.045  0.074       36
