

----------------------------------------------------
STRUCTURE by Pritchard, Stephens and Donnelly (2000)
     and Falush, Stephens and Pritchard (2003)
       Code by Pritchard, Falush and Hubisz
             Version 2.3.4 (Jul 2012)
----------------------------------------------------


Reading file "/workdir/yc2644/CV_CT_array/structure/threader_input/mainparams".
Reading file "/workdir/yc2644/CV_CT_array/structure/threader_input/extraparams".
Reading file "/workdir/yc2644/CV_CT_array/structure/threader_input/n1601.recode.strct_in".


Data file "/workdir/yc2644/CV_CT_array/structure/threader_input/n1601.recode.strct_in" (truncated) --

Ind:   Label Pop : Genotype_data . . . .
  1:  001s    1  :  2   1   2   2   2   1   2  . . . .   2
  1:  001s    1  :  2   2   2   2   2   2   2  . . . .   2
  2:  002s    1  :  2   2   2   2   1   1   2  . . . .   2
  2:  002s    1  :  2   2   2   2   2   2   2  . . . .   2
  3:  003s    1  :  1   2   1   2   2   2   2  . . . .   1
  3:  003s    1  :  2   2   1   2   2   2   2  . . . .   2
  4:  004s    1  :  1   1   2   2   1   2   2  . . . .   1
  4:  004s    1  :  2   1   2   2   2   2   2  . . . .   2

      *******   

1600:    49  192  :  2   2   2   2   2   1   2  . . . .   1
1600:    49  192  :  2   2   2   2   2   2   2  . . . .   2
1601:    50  192  :  2   1   2   2   1   2   2  . . . .   1
1601:    50  192  :  2   2   2   2   2   2   2  . . . .   2

Number of alleles per locus: min= 2; ave=2.0; max= 2


--------------------------------------

Finished initialization; starting MCMC 
100000 iterations + 10000 burnin


--------------------------------------------
Proportion of membership of each pre-defined
 population in each of the 4 clusters

Given    Inferred Clusters              Number of
 Pop       1      2      3      4      Individuals

  1:     0.172  0.175  0.273  0.380       54
  2:     0.176  0.175  0.283  0.367       30
  3:     0.573  0.294  0.058  0.075       30
  4:     0.845  0.114  0.019  0.022       20
  5:     0.810  0.122  0.039  0.029       30
  6:     0.158  0.187  0.266  0.389       43
  7:     0.153  0.176  0.272  0.399       44
  8:     0.148  0.146  0.249  0.458        4
  9:     0.143  0.135  0.317  0.404       22
 10:     0.126  0.184  0.284  0.405       24
 11:     0.166  0.177  0.269  0.388       54
 12:     0.158  0.164  0.265  0.413       37
 13:     0.174  0.186  0.271  0.368       42
 14:     0.175  0.158  0.286  0.381       42
 15:     0.168  0.184  0.270  0.378       49
 16:     0.167  0.180  0.279  0.374      124
 17:     0.171  0.170  0.285  0.374       24
 18:     0.165  0.153  0.298  0.384       34
 19:     0.161  0.178  0.277  0.385       52
 20:     0.148  0.174  0.259  0.419        1
 21:     0.107  0.241  0.401  0.251        1
 22:     0.229  0.026  0.286  0.458        1
 23:     0.177  0.213  0.312  0.298        1
 24:     0.196  0.016  0.306  0.482        1
 25:     0.150  0.272  0.123  0.456        1
 26:     0.216  0.093  0.406  0.284        1
 27:     0.253  0.105  0.392  0.250        1
 28:     0.148  0.154  0.347  0.351        1
 29:     0.144  0.152  0.335  0.368        1
 30:     0.243  0.159  0.163  0.435        1
 31:     0.348  0.153  0.219  0.280        1
 32:     0.103  0.103  0.307  0.487        1
 33:     0.274  0.074  0.295  0.357        1
 34:     0.225  0.026  0.372  0.377        1
 35:     0.164  0.187  0.279  0.370        1
 36:     0.204  0.225  0.275  0.297        1
 37:     0.155  0.137  0.274  0.433        1
 38:     0.233  0.104  0.148  0.514        1
 39:     0.122  0.195  0.252  0.430        1
 40:     0.228  0.136  0.361  0.275        1
 41:     0.173  0.171  0.370  0.286        1
 42:     0.089  0.232  0.308  0.371        1
 43:     0.076  0.314  0.232  0.378        1
 44:     0.238  0.164  0.290  0.309        1
 45:     0.155  0.120  0.311  0.414        1
 46:     0.131  0.242  0.317  0.310        1
 47:     0.090  0.204  0.207  0.499        1
 48:     0.077  0.314  0.337  0.272        1
 49:     0.078  0.205  0.199  0.518        1
 50:     0.578  0.083  0.297  0.042        1
 51:     0.316  0.202  0.291  0.191        1
 52:     0.195  0.196  0.312  0.298        1
 53:     0.226  0.141  0.282  0.351        1
 54:     0.097  0.039  0.838  0.027        1
 55:     0.184  0.037  0.744  0.035        1
 56:     0.165  0.032  0.781  0.023        1
 57:     0.114  0.059  0.779  0.048        1
 58:     0.147  0.051  0.794  0.007        1
 59:     0.152  0.084  0.699  0.065        1
 60:     0.095  0.067  0.822  0.016        1
 61:     0.010  0.087  0.887  0.015        1
 62:     0.560  0.046  0.104  0.290        1
 63:     0.118  0.084  0.741  0.056        1
 64:     0.054  0.036  0.890  0.020        1
 65:     0.079  0.008  0.907  0.006        1
 66:     0.190  0.004  0.797  0.008        1
 67:     0.076  0.199  0.703  0.022        1
 68:     0.153  0.004  0.793  0.050        1
 69:     0.180  0.009  0.807  0.004        1
 70:     0.154  0.076  0.689  0.081        1
 71:     0.094  0.002  0.853  0.050        1
 72:     0.035  0.016  0.908  0.040        1
 73:     0.078  0.048  0.865  0.009        1
 74:     0.175  0.043  0.723  0.059        1
 75:     0.094  0.046  0.846  0.014        1
 76:     0.638  0.138  0.125  0.099        1
 77:     0.129  0.094  0.759  0.018        1
 78:     0.092  0.185  0.672  0.051        1
 79:     0.087  0.107  0.787  0.019        1
 80:     0.075  0.037  0.862  0.025        1
 81:     0.147  0.033  0.813  0.008        1
 82:     0.188  0.174  0.605  0.033        1
 83:     0.164  0.020  0.813  0.003        1
 84:     0.029  0.633  0.274  0.064        1
 85:     0.072  0.702  0.223  0.004        1
 86:     0.037  0.533  0.333  0.096        1
 87:     0.046  0.574  0.353  0.027        1
 88:     0.022  0.643  0.310  0.025        1
 89:     0.062  0.490  0.317  0.131        1
 90:     0.081  0.627  0.278  0.014        1
 91:     0.067  0.543  0.314  0.076        1
 92:     0.033  0.521  0.446  0.001        1
 93:     0.071  0.669  0.217  0.043        1
 94:     0.095  0.524  0.352  0.029        1
 95:     0.063  0.568  0.247  0.122        1
 96:     0.014  0.538  0.392  0.055        1
 97:     0.030  0.695  0.207  0.068        1
 98:     0.038  0.588  0.347  0.027        1
 99:     0.006  0.754  0.162  0.078        1
100:     0.009  0.815  0.078  0.098        1
101:     0.087  0.468  0.419  0.026        1
102:     0.071  0.592  0.266  0.071        1
103:     0.014  0.574  0.355  0.057        1
104:     0.067  0.568  0.313  0.052        1
105:     0.077  0.554  0.292  0.077        1
106:     0.029  0.500  0.302  0.169        1
107:     0.014  0.638  0.337  0.011        1
108:     0.004  0.631  0.285  0.081        1
109:     0.017  0.680  0.085  0.218        1
110:     0.034  0.568  0.291  0.106        1
111:     0.020  0.671  0.193  0.115        1
112:     0.001  0.678  0.268  0.052        1
113:     0.019  0.743  0.161  0.077        1
114:     0.021  0.695  0.254  0.030        1
115:     0.068  0.497  0.334  0.101        1
116:     0.031  0.700  0.217  0.052        1
117:     0.028  0.671  0.207  0.094        1
118:     0.065  0.650  0.238  0.046        1
119:     0.083  0.505  0.344  0.069        1
120:     0.068  0.494  0.346  0.091        1
121:     0.032  0.599  0.333  0.036        1
122:     0.079  0.383  0.427  0.110        1
123:     0.055  0.503  0.399  0.043        1
124:     0.009  0.751  0.227  0.013        1
125:     0.040  0.669  0.267  0.024        1
126:     0.065  0.566  0.303  0.066        1
127:     0.095  0.551  0.258  0.096        1
128:     0.063  0.509  0.376  0.052        1
129:     0.024  0.684  0.227  0.064        1
130:     0.052  0.744  0.163  0.041        1
131:     0.065  0.633  0.273  0.029        1
132:     0.021  0.747  0.098  0.133        1
133:     0.027  0.744  0.156  0.073        1
134:     0.075  0.488  0.364  0.073        1
135:     0.159  0.341  0.461  0.039        1
136:     0.039  0.671  0.231  0.059        1
137:     0.040  0.570  0.340  0.050        1
138:     0.003  0.695  0.238  0.063        1
139:     0.031  0.798  0.101  0.070        1
140:     0.079  0.522  0.361  0.038        1
141:     0.036  0.592  0.313  0.059        1
142:     0.040  0.598  0.236  0.126        1
143:     0.029  0.692  0.278  0.001        1
144:     0.006  0.730  0.236  0.028        1
145:     0.025  0.774  0.084  0.117        1
146:     0.018  0.855  0.107  0.020        1
147:     0.053  0.687  0.244  0.016        1
148:     0.220  0.260  0.254  0.266        1
149:     0.236  0.229  0.281  0.254        1
150:     0.107  0.199  0.284  0.411        1
151:     0.055  0.292  0.561  0.092        1
152:     0.246  0.159  0.222  0.373        1
153:     0.048  0.347  0.262  0.344        1
154:     0.074  0.218  0.276  0.433        1
155:     0.169  0.128  0.487  0.216        1
156:     0.181  0.042  0.372  0.405        1
157:     0.271  0.042  0.460  0.227        1
158:     0.164  0.163  0.113  0.560        1
159:     0.167  0.074  0.278  0.481        1
160:     0.242  0.080  0.277  0.401        1
161:     0.188  0.221  0.266  0.325        1
162:     0.159  0.158  0.262  0.421        1
163:     0.142  0.236  0.149  0.472        1
164:     0.164  0.210  0.310  0.316        1
165:     0.174  0.244  0.314  0.269        1
166:     0.194  0.140  0.098  0.567        1
167:     0.309  0.111  0.553  0.026        1
168:     0.127  0.116  0.266  0.491        1
169:     0.184  0.127  0.274  0.414        1
170:     0.136  0.127  0.457  0.281        1
171:     0.184  0.238  0.340  0.238        1
172:     0.136  0.225  0.280  0.358        1
173:     0.176  0.161  0.336  0.327        1
174:     0.010  0.254  0.159  0.577        1
175:     0.174  0.173  0.257  0.396       50
176:     0.151  0.178  0.289  0.382       49
177:     0.165  0.163  0.283  0.388       50
178:     0.182  0.163  0.268  0.388       49
179:     0.183  0.175  0.249  0.393       23
180:     0.163  0.164  0.297  0.376       49
181:     0.333  0.645  0.008  0.014       30
182:     0.556  0.401  0.014  0.029       30
183:     0.199  0.189  0.234  0.378       34
184:     0.163  0.162  0.257  0.419       36
185:     0.172  0.166  0.265  0.397       40
186:     0.161  0.171  0.271  0.397       39
187:     0.173  0.168  0.283  0.376       37
188:     0.177  0.170  0.261  0.392       40
189:     0.169  0.188  0.270  0.373       35
190:     0.195  0.156  0.236  0.414       28
191:     0.171  0.159  0.246  0.425       36
192:     0.161  0.175  0.263  0.401       32
--------------------------------------------

 Rep#:   Lambda   Alpha      F1    F2    F3    F4     D1,2  D1,3  D1,4  D2,3  D2,4  D3,4    Ln Like 
  100:    1.00    1.636    0.141 0.107 0.073 0.067    0.030 0.044 0.037 0.035 0.035 0.018   --  
  200:    1.00    1.353    0.181 0.173 0.193 0.131    0.050 0.051 0.047 0.058 0.049 0.056   --  
  300:    1.00    1.216    0.165 0.181 0.243 0.149    0.049 0.051 0.043 0.062 0.049 0.066   --  
  400:    1.00    1.118    0.144 0.155 0.254 0.142    0.044 0.051 0.041 0.058 0.046 0.066   --  
  500:    1.00    1.055    0.146 0.146 0.248 0.134    0.043 0.051 0.039 0.057 0.043 0.064   --  
  600:    1.00    1.003    0.146 0.139 0.252 0.122    0.041 0.051 0.037 0.056 0.041 0.062   --  
  700:    1.00    0.943    0.145 0.134 0.250 0.112    0.042 0.051 0.035 0.055 0.039 0.060   --  
  800:    1.00    0.893    0.147 0.136 0.252 0.103    0.042 0.051 0.034 0.055 0.038 0.058   --  
  900:    1.00    0.885    0.147 0.132 0.249 0.101    0.042 0.052 0.033 0.055 0.036 0.057   --  

--------------------------------------------
Proportion of membership of each pre-defined
 population in each of the 4 clusters

Given    Inferred Clusters              Number of
 Pop       1      2      3      4      Individuals

  1:     0.134  0.104  0.186  0.576       54
  2:     0.133  0.106  0.197  0.565       30
  3:     0.722  0.083  0.080  0.115       30
  4:     0.850  0.097  0.036  0.017       20
  5:     0.793  0.103  0.042  0.062       30
  6:     0.126  0.109  0.183  0.582       43
  7:     0.123  0.099  0.188  0.589       44
  8:     0.083  0.097  0.197  0.623        4
  9:     0.082  0.103  0.201  0.614       22
 10:     0.089  0.105  0.199  0.607       24
 11:     0.123  0.106  0.185  0.585       54
 12:     0.120  0.102  0.190  0.588       37
 13:     0.134  0.106  0.188  0.571       42
 14:     0.128  0.101  0.191  0.580       42
 15:     0.127  0.107  0.187  0.578       49
 16:     0.128  0.106  0.188  0.577      124
 17:     0.120  0.104  0.191  0.586       24
 18:     0.118  0.107  0.193  0.582       34
 19:     0.127  0.104  0.190  0.579       52
 20:     0.131  0.114  0.155  0.601        1
 21:     0.059  0.171  0.207  0.563        1
 22:     0.144  0.094  0.207  0.554        1
 23:     0.121  0.129  0.209  0.541        1
 24:     0.108  0.118  0.178  0.595        1
 25:     0.138  0.147  0.137  0.579        1
 26:     0.116  0.157  0.165  0.562        1
 27:     0.152  0.129  0.183  0.536        1
 28:     0.097  0.083  0.226  0.593        1
 29:     0.074  0.118  0.206  0.603        1
 30:     0.185  0.098  0.196  0.521        1
 31:     0.260  0.076  0.188  0.476        1
 32:     0.064  0.112  0.179  0.646        1
 33:     0.149  0.104  0.197  0.550        1
 34:     0.069  0.092  0.211  0.628        1
 35:     0.095  0.111  0.191  0.603        1
 36:     0.140  0.145  0.206  0.510        1
 37:     0.114  0.105  0.169  0.612        1
 38:     0.121  0.209  0.136  0.533        1
 39:     0.096  0.115  0.220  0.568        1
 40:     0.147  0.123  0.193  0.536        1
 41:     0.083  0.094  0.209  0.614        1
 42:     0.094  0.135  0.165  0.605        1
 43:     0.122  0.107  0.205  0.567        1
 44:     0.176  0.080  0.216  0.528        1
 45:     0.059  0.149  0.225  0.567        1
 46:     0.115  0.164  0.183  0.538        1
 47:     0.055  0.131  0.169  0.645        1
 48:     0.102  0.119  0.183  0.595        1
 49:     0.069  0.127  0.215  0.589        1
 50:     0.395  0.120  0.124  0.361        1
 51:     0.275  0.113  0.141  0.471        1
 52:     0.142  0.127  0.215  0.516        1
 53:     0.145  0.116  0.184  0.555        1
 54:     0.004  0.000  0.987  0.010        1
 55:     0.006  0.000  0.989  0.006        1
 56:     0.009  0.061  0.869  0.061        1
 57:     0.002  0.002  0.958  0.038        1
 58:     0.004  0.003  0.931  0.062        1
 59:     0.032  0.012  0.909  0.048        1
 60:     0.002  0.003  0.994  0.001        1
 61:     0.000  0.000  0.998  0.001        1
 62:     0.481  0.122  0.049  0.348        1
 63:     0.017  0.043  0.938  0.002        1
 64:     0.000  0.001  0.999  0.001        1
 65:     0.001  0.000  0.998  0.000        1
 66:     0.005  0.005  0.985  0.005        1
 67:     0.043  0.138  0.675  0.144        1
 68:     0.024  0.017  0.957  0.002        1
 69:     0.003  0.001  0.994  0.002        1
 70:     0.060  0.038  0.818  0.084        1
 71:     0.000  0.001  0.999  0.000        1
 72:     0.000  0.007  0.992  0.001        1
 73:     0.001  0.000  0.998  0.001        1
 74:     0.047  0.008  0.838  0.106        1
 75:     0.000  0.001  0.999  0.000        1
 76:     0.606  0.142  0.046  0.206        1
 77:     0.001  0.001  0.998  0.000        1
 78:     0.091  0.051  0.825  0.032        1
 79:     0.003  0.002  0.994  0.000        1
 80:     0.001  0.010  0.982  0.008        1
 81:     0.002  0.000  0.998  0.000        1
 82:     0.090  0.178  0.573  0.159        1
 83:     0.003  0.001  0.993  0.003        1
 84:     0.027  0.960  0.006  0.007        1
 85:     0.014  0.947  0.013  0.027        1
 86:     0.010  0.875  0.063  0.052        1
 87:     0.001  0.987  0.006  0.005        1
 88:     0.003  0.993  0.000  0.003        1
 89:     0.004  0.986  0.001  0.009        1
 90:     0.018  0.972  0.008  0.003        1
 91:     0.008  0.972  0.017  0.002        1
 92:     0.012  0.881  0.032  0.075        1
 93:     0.054  0.928  0.017  0.000        1
 94:     0.004  0.908  0.006  0.083        1
 95:     0.016  0.914  0.001  0.069        1
 96:     0.002  0.994  0.001  0.003        1
 97:     0.024  0.953  0.020  0.003        1
 98:     0.026  0.946  0.025  0.004        1
 99:     0.001  0.997  0.000  0.002        1
100:     0.005  0.989  0.005  0.000        1
101:     0.054  0.786  0.032  0.127        1
102:     0.026  0.813  0.037  0.124        1
103:     0.003  0.982  0.003  0.013        1
104:     0.010  0.981  0.005  0.004        1
105:     0.042  0.908  0.041  0.009        1
106:     0.004  0.835  0.039  0.123        1
107:     0.016  0.958  0.015  0.012        1
108:     0.012  0.867  0.041  0.080        1
109:     0.116  0.772  0.024  0.088        1
110:     0.006  0.822  0.092  0.079        1
111:     0.009  0.978  0.008  0.006        1
112:     0.006  0.988  0.003  0.003        1
113:     0.016  0.954  0.029  0.001        1
114:     0.003  0.993  0.004  0.000        1
115:     0.002  0.930  0.018  0.049        1
116:     0.004  0.989  0.007  0.000        1
117:     0.040  0.951  0.004  0.005        1
118:     0.027  0.960  0.011  0.002        1
119:     0.002  0.903  0.004  0.092        1
120:     0.003  0.962  0.027  0.008        1
121:     0.013  0.964  0.017  0.006        1
122:     0.004  0.940  0.031  0.024        1
123:     0.002  0.997  0.001  0.000        1
124:     0.085  0.844  0.020  0.051        1
125:     0.002  0.992  0.005  0.002        1
126:     0.018  0.884  0.054  0.045        1
127:     0.050  0.912  0.018  0.020        1
128:     0.008  0.954  0.035  0.002        1
129:     0.005  0.992  0.002  0.000        1
130:     0.039  0.923  0.026  0.012        1
131:     0.003  0.987  0.008  0.002        1
132:     0.071  0.867  0.026  0.036        1
133:     0.080  0.897  0.014  0.009        1
134:     0.006  0.867  0.045  0.081        1
135:     0.054  0.811  0.024  0.111        1
136:     0.003  0.989  0.007  0.002        1
137:     0.002  0.978  0.014  0.006        1
138:     0.006  0.986  0.007  0.001        1
139:     0.065  0.932  0.002  0.000        1
140:     0.076  0.888  0.035  0.001        1
141:     0.002  0.996  0.000  0.001        1
142:     0.031  0.891  0.007  0.071        1
143:     0.050  0.941  0.009  0.000        1
144:     0.007  0.986  0.002  0.005        1
145:     0.001  0.992  0.003  0.004        1
146:     0.043  0.934  0.018  0.005        1
147:     0.030  0.967  0.002  0.001        1
148:     0.173  0.186  0.181  0.460        1
149:     0.221  0.177  0.154  0.448        1
150:     0.113  0.138  0.178  0.572        1
151:     0.089  0.112  0.221  0.579        1
152:     0.218  0.097  0.162  0.524        1
153:     0.087  0.126  0.169  0.617        1
154:     0.096  0.108  0.172  0.625        1
155:     0.117  0.146  0.187  0.550        1
156:     0.141  0.123  0.205  0.530        1
157:     0.097  0.151  0.186  0.566        1
158:     0.089  0.152  0.197  0.562        1
159:     0.082  0.111  0.198  0.610        1
160:     0.154  0.094  0.191  0.561        1
161:     0.167  0.119  0.192  0.522        1
162:     0.116  0.116  0.216  0.552        1
163:     0.092  0.109  0.227  0.571        1
164:     0.139  0.092  0.204  0.566        1
165:     0.163  0.122  0.191  0.524        1
166:     0.158  0.053  0.174  0.615        1
167:     0.139  0.118  0.207  0.536        1
168:     0.080  0.098  0.193  0.629        1
169:     0.113  0.134  0.194  0.559        1
170:     0.083  0.140  0.204  0.573        1
171:     0.077  0.095  0.210  0.618        1
172:     0.156  0.098  0.198  0.549        1
173:     0.132  0.093  0.205  0.570        1
174:     0.113  0.121  0.194  0.572        1
175:     0.128  0.105  0.190  0.576       50
176:     0.118  0.098  0.189  0.595       49
177:     0.124  0.101  0.187  0.588       50
178:     0.129  0.101  0.190  0.580       49
179:     0.136  0.107  0.182  0.575       23
180:     0.125  0.102  0.189  0.584       49
181:     0.988  0.003  0.005  0.004       30
182:     0.963  0.009  0.012  0.016       30
183:     0.167  0.117  0.176  0.539       34
184:     0.121  0.102  0.184  0.594       36
185:     0.125  0.108  0.186  0.580       40
186:     0.116  0.104  0.188  0.593       39
187:     0.128  0.101  0.191  0.580       37
188:     0.132  0.114  0.186  0.568       40
189:     0.135  0.106  0.187  0.572       35
190:     0.141  0.093  0.191  0.575       28
191:     0.127  0.102  0.184  0.587       36
192:     0.129  0.094  0.193  0.584       32
--------------------------------------------

 Rep#:   Lambda   Alpha      F1    F2    F3    F4     D1,2  D1,3  D1,4  D2,3  D2,4  D3,4    Ln Like 
 1000:    1.00    0.815    0.145 0.134 0.252 0.092    0.042 0.052 0.032 0.055 0.036 0.057   --  
 1100:    1.00    0.805    0.143 0.127 0.242 0.089    0.041 0.052 0.032 0.055 0.034 0.055   --  
 1200:    1.00    0.756    0.148 0.129 0.253 0.084    0.041 0.052 0.031 0.055 0.034 0.054   --  
 1300:    1.00    0.764    0.147 0.134 0.252 0.078    0.041 0.052 0.030 0.056 0.033 0.053   --  
 1400:    1.00    0.756    0.146 0.133 0.259 0.073    0.041 0.052 0.030 0.055 0.033 0.052   --  
 1500:    1.00    0.730    0.145 0.134 0.251 0.073    0.041 0.053 0.029 0.056 0.033 0.052   --  
 1600:    1.00    0.698    0.145 0.132 0.253 0.070    0.042 0.052 0.029 0.055 0.032 0.051   --  
 1700:    1.00    0.670    0.145 0.127 0.253 0.070    0.041 0.052 0.028 0.056 0.031 0.050   --  
 1800:    1.00    0.672    0.143 0.134 0.249 0.063    0.041 0.053 0.028 0.056 0.031 0.050   --  
 1900:    1.00    0.647    0.145 0.132 0.256 0.058    0.041 0.052 0.028 0.055 0.031 0.048   --  

--------------------------------------------
Proportion of membership of each pre-defined
 population in each of the 4 clusters

Given    Inferred Clusters              Number of
 Pop       1      2      3      4      Individuals

  1:     0.112  0.076  0.130  0.682       54
  2:     0.110  0.066  0.138  0.686       30
  3:     0.731  0.066  0.066  0.136       30
  4:     0.862  0.084  0.027  0.026       20
  5:     0.800  0.097  0.033  0.070       30
  6:     0.102  0.072  0.131  0.695       43
  7:     0.099  0.070  0.128  0.703       44
  8:     0.072  0.069  0.140  0.719        4
  9:     0.064  0.067  0.138  0.731       22
 10:     0.067  0.066  0.141  0.726       24
 11:     0.102  0.073  0.129  0.695       54
 12:     0.095  0.070  0.134  0.701       37
 13:     0.117  0.073  0.130  0.681       42
 14:     0.100  0.068  0.133  0.699       42
 15:     0.111  0.072  0.135  0.681       49
 16:     0.113  0.071  0.130  0.686      124
 17:     0.101  0.067  0.135  0.697       24
 18:     0.083  0.074  0.141  0.702       34
 19:     0.105  0.070  0.133  0.692       52
 20:     0.118  0.068  0.111  0.703        1
 21:     0.072  0.113  0.160  0.655        1
 22:     0.085  0.053  0.150  0.712        1
 23:     0.120  0.128  0.118  0.634        1
 24:     0.098  0.067  0.133  0.703        1
 25:     0.157  0.096  0.079  0.669        1
 26:     0.123  0.106  0.150  0.622        1
 27:     0.126  0.069  0.138  0.667        1
 28:     0.065  0.078  0.157  0.700        1
 29:     0.019  0.048  0.177  0.755        1
 30:     0.148  0.134  0.107  0.611        1
 31:     0.255  0.062  0.136  0.547        1
 32:     0.055  0.110  0.120  0.715        1
 33:     0.155  0.064  0.179  0.603        1
 34:     0.093  0.093  0.151  0.663        1
 35:     0.076  0.059  0.147  0.718        1
 36:     0.179  0.075  0.120  0.625        1
 37:     0.069  0.080  0.106  0.744        1
 38:     0.140  0.158  0.108  0.594        1
 39:     0.044  0.092  0.172  0.692        1
 40:     0.096  0.130  0.155  0.619        1
 41:     0.035  0.112  0.147  0.706        1
 42:     0.091  0.071  0.150  0.688        1
 43:     0.109  0.095  0.109  0.687        1
 44:     0.146  0.020  0.136  0.698        1
 45:     0.069  0.089  0.165  0.677        1
 46:     0.099  0.154  0.089  0.658        1
 47:     0.067  0.072  0.133  0.728        1
 48:     0.045  0.088  0.140  0.728        1
 49:     0.057  0.072  0.173  0.698        1
 50:     0.394  0.083  0.093  0.430        1
 51:     0.265  0.105  0.131  0.499        1
 52:     0.128  0.134  0.135  0.603        1
 53:     0.105  0.099  0.121  0.674        1
 54:     0.007  0.001  0.992  0.000        1
 55:     0.001  0.001  0.998  0.000        1
 56:     0.014  0.022  0.862  0.102        1
 57:     0.002  0.000  0.961  0.038        1
 58:     0.000  0.012  0.928  0.061        1
 59:     0.017  0.010  0.894  0.079        1
 60:     0.012  0.000  0.980  0.007        1
 61:     0.002  0.000  0.998  0.000        1
 62:     0.456  0.065  0.044  0.436        1
 63:     0.003  0.027  0.954  0.016        1
 64:     0.000  0.000  0.998  0.001        1
 65:     0.000  0.001  0.999  0.000        1
 66:     0.005  0.022  0.960  0.014        1
 67:     0.042  0.122  0.661  0.175        1
 68:     0.017  0.016  0.940  0.026        1
 69:     0.012  0.007  0.980  0.001        1
 70:     0.013  0.015  0.821  0.151        1
 71:     0.000  0.001  0.999  0.000        1
 72:     0.001  0.000  0.998  0.000        1
 73:     0.000  0.001  0.999  0.000        1
 74:     0.030  0.027  0.799  0.144        1
 75:     0.001  0.000  0.999  0.000        1
 76:     0.587  0.160  0.036  0.216        1
 77:     0.001  0.001  0.994  0.004        1
 78:     0.066  0.010  0.834  0.090        1
 79:     0.006  0.000  0.993  0.001        1
 80:     0.007  0.014  0.975  0.004        1
 81:     0.000  0.001  0.997  0.003        1
 82:     0.065  0.169  0.555  0.211        1
 83:     0.004  0.000  0.995  0.000        1
 84:     0.021  0.938  0.025  0.016        1
 85:     0.021  0.960  0.004  0.015        1
 86:     0.014  0.866  0.049  0.071        1
 87:     0.004  0.984  0.011  0.001        1
 88:     0.001  0.997  0.002  0.000        1
 89:     0.007  0.954  0.010  0.030        1
 90:     0.012  0.986  0.000  0.001        1
 91:     0.000  0.973  0.008  0.019        1
 92:     0.001  0.853  0.025  0.122        1
 93:     0.052  0.942  0.000  0.006        1
 94:     0.018  0.949  0.002  0.031        1
 95:     0.023  0.926  0.004  0.047        1
 96:     0.000  0.992  0.000  0.007        1
 97:     0.020  0.970  0.009  0.001        1
 98:     0.000  0.986  0.007  0.006        1
 99:     0.000  0.997  0.002  0.001        1
100:     0.001  0.996  0.001  0.003        1
101:     0.020  0.773  0.034  0.172        1
102:     0.003  0.825  0.042  0.130        1
103:     0.011  0.982  0.005  0.002        1
104:     0.013  0.976  0.003  0.009        1
105:     0.041  0.928  0.030  0.000        1
106:     0.008  0.798  0.034  0.159        1
107:     0.008  0.978  0.005  0.009        1
108:     0.045  0.897  0.012  0.046        1
109:     0.092  0.795  0.028  0.085        1
110:     0.002  0.814  0.063  0.121        1
111:     0.018  0.976  0.005  0.001        1
112:     0.005  0.994  0.000  0.001        1
113:     0.029  0.961  0.000  0.010        1
114:     0.010  0.989  0.001  0.001        1
115:     0.001  0.948  0.009  0.042        1
116:     0.004  0.995  0.000  0.001        1
117:     0.016  0.959  0.000  0.025        1
118:     0.007  0.961  0.025  0.007        1
119:     0.003  0.887  0.036  0.074        1
120:     0.006  0.920  0.034  0.040        1
121:     0.007  0.952  0.032  0.009        1
122:     0.007  0.924  0.003  0.066        1
123:     0.000  0.989  0.009  0.002        1
124:     0.079  0.860  0.003  0.058        1
125:     0.001  0.989  0.007  0.003        1
126:     0.016  0.878  0.032  0.075        1
127:     0.000  0.933  0.012  0.055        1
128:     0.012  0.985  0.002  0.001        1
129:     0.001  0.999  0.000  0.000        1
130:     0.022  0.939  0.008  0.031        1
131:     0.001  0.993  0.001  0.005        1
132:     0.110  0.839  0.008  0.043        1
133:     0.118  0.878  0.002  0.002        1
134:     0.011  0.863  0.027  0.099        1
135:     0.037  0.834  0.017  0.111        1
136:     0.003  0.996  0.000  0.001        1
137:     0.005  0.974  0.016  0.005        1
138:     0.000  0.998  0.001  0.000        1
139:     0.053  0.924  0.019  0.004        1
140:     0.069  0.901  0.000  0.030        1
141:     0.000  1.000  0.000  0.000        1
142:     0.025  0.887  0.009  0.079        1
143:     0.059  0.938  0.001  0.001        1
144:     0.012  0.957  0.012  0.018        1
145:     0.001  0.986  0.002  0.012        1
146:     0.021  0.974  0.005  0.000        1
147:     0.000  0.985  0.002  0.012        1
148:     0.184  0.152  0.137  0.527        1
149:     0.222  0.137  0.082  0.560        1
150:     0.069  0.132  0.104  0.696        1
151:     0.068  0.059  0.150  0.723        1
152:     0.104  0.069  0.121  0.706        1
153:     0.074  0.099  0.123  0.704        1
154:     0.041  0.114  0.152  0.693        1
155:     0.105  0.104  0.112  0.679        1
156:     0.059  0.080  0.174  0.687        1
157:     0.123  0.086  0.135  0.656        1
158:     0.047  0.103  0.142  0.708        1
159:     0.057  0.075  0.139  0.729        1
160:     0.108  0.089  0.116  0.688        1
161:     0.124  0.122  0.129  0.625        1
162:     0.087  0.081  0.179  0.652        1
163:     0.107  0.106  0.136  0.651        1
164:     0.088  0.069  0.144  0.698        1
165:     0.146  0.126  0.126  0.602        1
166:     0.100  0.052  0.131  0.717        1
167:     0.123  0.087  0.137  0.652        1
168:     0.018  0.074  0.141  0.768        1
169:     0.071  0.089  0.122  0.718        1
170:     0.068  0.079  0.134  0.718        1
171:     0.066  0.091  0.143  0.699        1
172:     0.110  0.107  0.142  0.641        1
173:     0.119  0.061  0.138  0.683        1
174:     0.130  0.086  0.135  0.649        1
175:     0.107  0.071  0.131  0.691       50
176:     0.097  0.064  0.133  0.706       49
177:     0.098  0.070  0.130  0.702       50
178:     0.107  0.067  0.135  0.692       49
179:     0.113  0.079  0.133  0.674       23
180:     0.097  0.068  0.135  0.700       49
181:     0.989  0.002  0.005  0.004       30
182:     0.969  0.009  0.010  0.012       30
183:     0.151  0.091  0.116  0.642       34
184:     0.105  0.065  0.125  0.705       36
185:     0.107  0.073  0.128  0.692       40
186:     0.097  0.071  0.135  0.697       39
187:     0.109  0.072  0.134  0.685       37
188:     0.117  0.073  0.126  0.684       40
189:     0.110  0.072  0.130  0.687       35
190:     0.113  0.067  0.132  0.688       28
191:     0.104  0.070  0.131  0.695       36
192:     0.110  0.060  0.135  0.695       32
--------------------------------------------

 Rep#:   Lambda   Alpha      F1    F2    F3    F4     D1,2  D1,3  D1,4  D2,3  D2,4  D3,4    Ln Like 
 2000:    1.00    0.606    0.145 0.130 0.253 0.057    0.041 0.052 0.027 0.056 0.029 0.048   --  
 2100:    1.00    0.590    0.141 0.128 0.252 0.054    0.040 0.052 0.026 0.055 0.029 0.047   --  
 2200:    1.00    0.593    0.141 0.134 0.251 0.054    0.041 0.053 0.026 0.056 0.029 0.047   --  
 2300:    1.00    0.567    0.143 0.128 0.251 0.050    0.041 0.053 0.026 0.056 0.029 0.047   --  
 2400:    1.00    0.570    0.146 0.131 0.249 0.049    0.041 0.053 0.026 0.056 0.028 0.046   --  
 2500:    1.00    0.531    0.148 0.131 0.249 0.042    0.042 0.053 0.026 0.056 0.028 0.046   --  
 2600:    1.00    0.520    0.149 0.132 0.246 0.043    0.041 0.053 0.025 0.056 0.028 0.045   --  
 2700:    1.00    0.512    0.142 0.129 0.245 0.041    0.041 0.053 0.025 0.057 0.028 0.045   --  
 2800:    1.00    0.483    0.143 0.132 0.243 0.040    0.041 0.052 0.025 0.056 0.027 0.044   --  
 2900:    1.00    0.463    0.141 0.130 0.243 0.039    0.041 0.052 0.024 0.056 0.027 0.043   --  

--------------------------------------------
Proportion of membership of each pre-defined
 population in each of the 4 clusters

Given    Inferred Clusters              Number of
 Pop       1      2      3      4      Individuals

  1:     0.094  0.050  0.091  0.764       54
  2:     0.084  0.041  0.101  0.775       30
  3:     0.724  0.061  0.060  0.155       30
  4:     0.877  0.067  0.026  0.030       20
  5:     0.806  0.082  0.023  0.089       30
  6:     0.081  0.046  0.092  0.781       43
  7:     0.081  0.046  0.087  0.785       44
  8:     0.058  0.053  0.096  0.793        4
  9:     0.039  0.045  0.094  0.823       22
 10:     0.042  0.044  0.099  0.816       24
 11:     0.080  0.045  0.091  0.783       54
 12:     0.075  0.046  0.100  0.780       37
 13:     0.088  0.048  0.093  0.771       42
 14:     0.082  0.037  0.099  0.782       42
 15:     0.080  0.045  0.096  0.779       49
 16:     0.088  0.050  0.091  0.770      124
 17:     0.077  0.043  0.095  0.785       24
 18:     0.068  0.047  0.099  0.786       34
 19:     0.082  0.048  0.093  0.777       52
 20:     0.070  0.032  0.110  0.788        1
 21:     0.026  0.119  0.128  0.726        1
 22:     0.079  0.024  0.105  0.792        1
 23:     0.138  0.103  0.083  0.676        1
 24:     0.013  0.058  0.146  0.783        1
 25:     0.108  0.067  0.070  0.755        1
 26:     0.085  0.056  0.084  0.774        1
 27:     0.114  0.092  0.093  0.701        1
 28:     0.034  0.050  0.103  0.813        1
 29:     0.018  0.074  0.141  0.766        1
 30:     0.168  0.083  0.080  0.669        1
 31:     0.232  0.017  0.089  0.662        1
 32:     0.073  0.041  0.070  0.817        1
 33:     0.104  0.060  0.111  0.725        1
 34:     0.019  0.084  0.140  0.757        1
 35:     0.049  0.053  0.080  0.818        1
 36:     0.095  0.064  0.091  0.749        1
 37:     0.097  0.049  0.062  0.791        1
 38:     0.084  0.126  0.085  0.705        1
 39:     0.001  0.061  0.131  0.806        1
 40:     0.103  0.082  0.143  0.672        1
 41:     0.050  0.048  0.109  0.793        1
 42:     0.082  0.052  0.116  0.750        1
 43:     0.124  0.056  0.097  0.724        1
 44:     0.122  0.053  0.106  0.718        1
 45:     0.038  0.061  0.147  0.754        1
 46:     0.076  0.108  0.057  0.760        1
 47:     0.029  0.068  0.086  0.818        1
 48:     0.021  0.035  0.115  0.828        1
 49:     0.008  0.058  0.139  0.794        1
 50:     0.361  0.074  0.068  0.496        1
 51:     0.229  0.073  0.103  0.595        1
 52:     0.055  0.085  0.114  0.746        1
 53:     0.129  0.055  0.096  0.720        1
 54:     0.001  0.000  0.999  0.000        1
 55:     0.000  0.001  0.997  0.002        1
 56:     0.005  0.013  0.864  0.118        1
 57:     0.000  0.001  0.970  0.028        1
 58:     0.004  0.007  0.918  0.071        1
 59:     0.034  0.022  0.861  0.082        1
 60:     0.007  0.001  0.992  0.000        1
 61:     0.000  0.000  1.000  0.000        1
 62:     0.466  0.072  0.007  0.455        1
 63:     0.028  0.017  0.954  0.001        1
 64:     0.000  0.002  0.998  0.000        1
 65:     0.000  0.000  1.000  0.000        1
 66:     0.025  0.005  0.961  0.009        1
 67:     0.073  0.113  0.621  0.193        1
 68:     0.019  0.025  0.936  0.020        1
 69:     0.009  0.003  0.987  0.002        1
 70:     0.020  0.003  0.796  0.181        1
 71:     0.000  0.000  0.998  0.002        1
 72:     0.001  0.000  0.998  0.000        1
 73:     0.000  0.001  0.998  0.000        1
 74:     0.051  0.000  0.790  0.159        1
 75:     0.000  0.000  0.999  0.000        1
 76:     0.579  0.104  0.023  0.293        1
 77:     0.004  0.000  0.995  0.000        1
 78:     0.019  0.001  0.825  0.156        1
 79:     0.000  0.000  1.000  0.000        1
 80:     0.008  0.008  0.964  0.020        1
 81:     0.000  0.001  0.998  0.001        1
 82:     0.080  0.162  0.502  0.255        1
 83:     0.000  0.001  0.999  0.000        1
 84:     0.001  0.965  0.004  0.030        1
 85:     0.050  0.942  0.007  0.001        1
 86:     0.000  0.874  0.024  0.101        1
 87:     0.003  0.989  0.006  0.002        1
 88:     0.002  0.991  0.007  0.000        1
 89:     0.000  0.970  0.000  0.030        1
 90:     0.006  0.988  0.002  0.003        1
 91:     0.000  0.987  0.010  0.003        1
 92:     0.013  0.876  0.000  0.112        1
 93:     0.058  0.938  0.004  0.000        1
 94:     0.000  0.883  0.011  0.105        1
 95:     0.029  0.912  0.003  0.057        1
 96:     0.004  0.990  0.001  0.004        1
 97:     0.008  0.974  0.016  0.002        1
 98:     0.002  0.973  0.012  0.014        1
 99:     0.000  0.996  0.000  0.003        1
100:     0.000  0.997  0.001  0.002        1
101:     0.036  0.750  0.001  0.213        1
102:     0.009  0.808  0.009  0.174        1
103:     0.000  0.992  0.007  0.001        1
104:     0.009  0.980  0.000  0.011        1
105:     0.035  0.944  0.021  0.000        1
106:     0.011  0.820  0.034  0.135        1
107:     0.012  0.973  0.013  0.002        1
108:     0.002  0.879  0.001  0.118        1
109:     0.090  0.755  0.024  0.131        1
110:     0.000  0.779  0.053  0.168        1
111:     0.003  0.993  0.001  0.003        1
112:     0.000  0.998  0.000  0.002        1
113:     0.012  0.969  0.000  0.019        1
114:     0.006  0.978  0.015  0.000        1
115:     0.001  0.905  0.009  0.085        1
116:     0.001  0.998  0.000  0.001        1
117:     0.050  0.926  0.002  0.022        1
118:     0.008  0.969  0.009  0.014        1
119:     0.000  0.866  0.017  0.116        1
120:     0.000  0.948  0.052  0.000        1
121:     0.001  0.983  0.000  0.015        1
122:     0.000  0.932  0.000  0.067        1
123:     0.000  0.999  0.001  0.001        1
124:     0.049  0.843  0.001  0.107        1
125:     0.004  0.992  0.002  0.002        1
126:     0.003  0.844  0.024  0.129        1
127:     0.036  0.920  0.002  0.042        1
128:     0.004  0.980  0.016  0.000        1
129:     0.002  0.998  0.001  0.000        1
130:     0.008  0.926  0.012  0.054        1
131:     0.000  0.994  0.005  0.000        1
132:     0.091  0.863  0.000  0.046        1
133:     0.065  0.880  0.008  0.047        1
134:     0.001  0.876  0.021  0.102        1
135:     0.020  0.793  0.020  0.167        1
136:     0.001  0.995  0.003  0.001        1
137:     0.002  0.978  0.014  0.006        1
138:     0.003  0.996  0.001  0.001        1
139:     0.054  0.925  0.000  0.020        1
140:     0.102  0.873  0.014  0.011        1
141:     0.000  1.000  0.000  0.000        1
142:     0.015  0.871  0.004  0.110        1
143:     0.083  0.898  0.013  0.006        1
144:     0.017  0.980  0.002  0.000        1
145:     0.001  0.983  0.006  0.010        1
146:     0.036  0.945  0.003  0.016        1
147:     0.008  0.985  0.000  0.006        1
148:     0.145  0.159  0.100  0.595        1
149:     0.210  0.098  0.099  0.593        1
150:     0.047  0.090  0.060  0.802        1
151:     0.025  0.023  0.108  0.844        1
152:     0.112  0.059  0.089  0.740        1
153:     0.055  0.078  0.079  0.788        1
154:     0.025  0.066  0.091  0.818        1
155:     0.088  0.061  0.099  0.752        1
156:     0.080  0.097  0.082  0.741        1
157:     0.082  0.068  0.094  0.756        1
158:     0.029  0.076  0.094  0.802        1
159:     0.065  0.084  0.100  0.751        1
160:     0.045  0.015  0.087  0.852        1
161:     0.122  0.119  0.117  0.642        1
162:     0.110  0.027  0.131  0.732        1
163:     0.099  0.070  0.107  0.725        1
164:     0.103  0.075  0.089  0.734        1
165:     0.133  0.123  0.073  0.671        1
166:     0.097  0.027  0.086  0.790        1
167:     0.095  0.039  0.138  0.728        1
168:     0.002  0.045  0.117  0.836        1
169:     0.093  0.087  0.095  0.725        1
170:     0.023  0.084  0.130  0.763        1
171:     0.061  0.076  0.086  0.777        1
172:     0.129  0.063  0.103  0.705        1
173:     0.066  0.029  0.100  0.804        1
174:     0.052  0.065  0.097  0.786        1
175:     0.084  0.046  0.095  0.774       50
176:     0.078  0.042  0.093  0.787       49
177:     0.077  0.041  0.095  0.787       50
178:     0.084  0.041  0.095  0.780       49
179:     0.089  0.054  0.085  0.773       23
180:     0.076  0.045  0.093  0.785       49
181:     0.991  0.002  0.004  0.003       30
182:     0.975  0.004  0.010  0.011       30
183:     0.133  0.070  0.085  0.712       34
184:     0.080  0.035  0.091  0.794       36
