

----------------------------------------------------
STRUCTURE by Pritchard, Stephens and Donnelly (2000)
     and Falush, Stephens and Pritchard (2003)
       Code by Pritchard, Falush and Hubisz
             Version 2.3.4 (Jul 2012)
----------------------------------------------------


Reading file "/workdir/yc2644/CV_CT_array/structure/threader_input/mainparams".
Reading file "/workdir/yc2644/CV_CT_array/structure/threader_input/extraparams".
Reading file "/workdir/yc2644/CV_CT_array/structure/threader_input/n1601.recode.strct_in".


Data file "/workdir/yc2644/CV_CT_array/structure/threader_input/n1601.recode.strct_in" (truncated) --

Ind:   Label Pop : Genotype_data . . . .
  1:  001s    1  :  2   1   2   2   2   1   2  . . . .   2
  1:  001s    1  :  2   2   2   2   2   2   2  . . . .   2
  2:  002s    1  :  2   2   2   2   1   1   2  . . . .   2
  2:  002s    1  :  2   2   2   2   2   2   2  . . . .   2
  3:  003s    1  :  1   2   1   2   2   2   2  . . . .   1
  3:  003s    1  :  2   2   1   2   2   2   2  . . . .   2
  4:  004s    1  :  1   1   2   2   1   2   2  . . . .   1
  4:  004s    1  :  2   1   2   2   2   2   2  . . . .   2

      *******   

1600:    49  192  :  2   2   2   2   2   1   2  . . . .   1
1600:    49  192  :  2   2   2   2   2   2   2  . . . .   2
1601:    50  192  :  2   1   2   2   1   2   2  . . . .   1
1601:    50  192  :  2   2   2   2   2   2   2  . . . .   2

Number of alleles per locus: min= 2; ave=2.0; max= 2


--------------------------------------

Finished initialization; starting MCMC 
100000 iterations + 10000 burnin


--------------------------------------------
Proportion of membership of each pre-defined
 population in each of the 5 clusters

Given    Inferred Clusters                     Number of
 Pop       1      2      3      4      5      Individuals

  1:     0.126  0.230  0.152  0.211  0.280       54
  2:     0.128  0.215  0.146  0.216  0.295       30
  3:     0.614  0.085  0.109  0.087  0.105       30
  4:     0.717  0.065  0.092  0.070  0.056       20
  5:     0.662  0.072  0.118  0.093  0.056       30
  6:     0.121  0.227  0.143  0.265  0.244       43
  7:     0.114  0.248  0.137  0.227  0.275       44
  8:     0.113  0.174  0.186  0.254  0.273        4
  9:     0.093  0.236  0.152  0.216  0.303       22
 10:     0.097  0.239  0.148  0.272  0.244       24
 11:     0.122  0.245  0.143  0.251  0.240       54
 12:     0.117  0.267  0.151  0.200  0.265       37
 13:     0.133  0.239  0.150  0.230  0.247       42
 14:     0.127  0.237  0.145  0.214  0.277       42
 15:     0.125  0.228  0.151  0.243  0.253       49
 16:     0.130  0.232  0.144  0.238  0.257      124
 17:     0.123  0.233  0.152  0.262  0.231       24
 18:     0.114  0.253  0.145  0.247  0.242       34
 19:     0.124  0.247  0.141  0.219  0.268       52
 20:     0.108  0.203  0.158  0.265  0.267        1
 21:     0.112  0.330  0.209  0.129  0.220        1
 22:     0.093  0.306  0.125  0.074  0.402        1
 23:     0.138  0.396  0.169  0.187  0.111        1
 24:     0.084  0.183  0.202  0.055  0.476        1
 25:     0.188  0.199  0.150  0.231  0.233        1
 26:     0.111  0.440  0.224  0.180  0.044        1
 27:     0.151  0.160  0.149  0.221  0.319        1
 28:     0.093  0.273  0.186  0.198  0.251        1
 29:     0.100  0.211  0.156  0.334  0.199        1
 30:     0.151  0.214  0.162  0.230  0.243        1
 31:     0.275  0.156  0.144  0.166  0.259        1
 32:     0.142  0.184  0.153  0.369  0.153        1
 33:     0.172  0.190  0.107  0.166  0.366        1
 34:     0.129  0.093  0.067  0.652  0.059        1
 35:     0.110  0.219  0.092  0.208  0.372        1
 36:     0.098  0.044  0.192  0.126  0.541        1
 37:     0.111  0.222  0.115  0.263  0.289        1
 38:     0.141  0.235  0.186  0.181  0.256        1
 39:     0.081  0.055  0.208  0.097  0.559        1
 40:     0.144  0.217  0.220  0.169  0.249        1
 41:     0.046  0.516  0.223  0.098  0.117        1
 42:     0.137  0.178  0.149  0.327  0.209        1
 43:     0.142  0.255  0.173  0.186  0.244        1
 44:     0.196  0.290  0.109  0.262  0.143        1
 45:     0.111  0.274  0.070  0.304  0.241        1
 46:     0.144  0.380  0.224  0.081  0.172        1
 47:     0.104  0.177  0.103  0.103  0.513        1
 48:     0.049  0.373  0.156  0.068  0.354        1
 49:     0.140  0.205  0.164  0.247  0.244        1
 50:     0.327  0.226  0.177  0.145  0.124        1
 51:     0.256  0.167  0.180  0.245  0.153        1
 52:     0.146  0.213  0.193  0.233  0.214        1
 53:     0.134  0.254  0.168  0.188  0.256        1
 54:     0.131  0.487  0.231  0.119  0.033        1
 55:     0.157  0.451  0.262  0.077  0.053        1
 56:     0.079  0.457  0.250  0.072  0.143        1
 57:     0.088  0.505  0.163  0.114  0.129        1
 58:     0.107  0.352  0.227  0.186  0.128        1
 59:     0.109  0.494  0.236  0.048  0.114        1
 60:     0.141  0.410  0.241  0.103  0.106        1
 61:     0.155  0.298  0.294  0.169  0.085        1
 62:     0.396  0.059  0.044  0.187  0.315        1
 63:     0.185  0.456  0.153  0.199  0.007        1
 64:     0.113  0.396  0.255  0.068  0.167        1
 65:     0.117  0.474  0.312  0.039  0.058        1
 66:     0.099  0.490  0.262  0.055  0.094        1
 67:     0.120  0.414  0.272  0.142  0.051        1
 68:     0.140  0.380  0.242  0.132  0.106        1
 69:     0.155  0.514  0.165  0.022  0.146        1
 70:     0.151  0.264  0.228  0.105  0.251        1
 71:     0.132  0.400  0.273  0.072  0.123        1
 72:     0.101  0.680  0.129  0.061  0.030        1
 73:     0.132  0.376  0.258  0.151  0.082        1
 74:     0.159  0.794  0.030  0.010  0.007        1
 75:     0.122  0.541  0.241  0.046  0.049        1
 76:     0.527  0.124  0.214  0.128  0.007        1
 77:     0.141  0.365  0.282  0.173  0.039        1
 78:     0.198  0.520  0.129  0.004  0.150        1
 79:     0.155  0.372  0.183  0.076  0.214        1
 80:     0.137  0.529  0.143  0.149  0.042        1
 81:     0.144  0.516  0.232  0.036  0.073        1
 82:     0.123  0.332  0.306  0.170  0.069        1
 83:     0.115  0.410  0.167  0.275  0.033        1
 84:     0.064  0.014  0.863  0.025  0.033        1
 85:     0.056  0.024  0.827  0.026  0.067        1
 86:     0.089  0.062  0.806  0.002  0.042        1
 87:     0.021  0.022  0.881  0.057  0.018        1
 88:     0.024  0.076  0.869  0.013  0.018        1
 89:     0.051  0.019  0.870  0.024  0.035        1
 90:     0.058  0.044  0.871  0.018  0.008        1
 91:     0.028  0.118  0.811  0.032  0.010        1
 92:     0.045  0.061  0.788  0.090  0.016        1
 93:     0.088  0.047  0.811  0.035  0.020        1
 94:     0.090  0.089  0.734  0.026  0.062        1
 95:     0.087  0.039  0.794  0.038  0.041        1
 96:     0.038  0.037  0.888  0.022  0.015        1
 97:     0.086  0.073  0.804  0.019  0.018        1
 98:     0.067  0.053  0.834  0.021  0.026        1
 99:     0.020  0.013  0.950  0.015  0.002        1
100:     0.054  0.003  0.925  0.005  0.013        1
101:     0.081  0.109  0.733  0.035  0.042        1
102:     0.068  0.007  0.786  0.034  0.105        1
103:     0.021  0.046  0.899  0.005  0.029        1
104:     0.070  0.005  0.896  0.013  0.017        1
105:     0.086  0.039  0.829  0.007  0.039        1
106:     0.057  0.190  0.660  0.077  0.015        1
107:     0.026  0.087  0.868  0.010  0.009        1
108:     0.076  0.060  0.761  0.049  0.054        1
109:     0.119  0.053  0.674  0.098  0.056        1
110:     0.059  0.058  0.793  0.072  0.017        1
111:     0.051  0.055  0.835  0.041  0.018        1
112:     0.036  0.011  0.941  0.002  0.010        1
113:     0.056  0.049  0.828  0.046  0.022        1
114:     0.052  0.015  0.847  0.049  0.037        1
115:     0.040  0.019  0.848  0.060  0.034        1
116:     0.030  0.001  0.941  0.004  0.024        1
117:     0.097  0.040  0.772  0.050  0.041        1
118:     0.065  0.046  0.868  0.013  0.008        1
119:     0.041  0.097  0.760  0.059  0.044        1
120:     0.058  0.071  0.783  0.053  0.035        1
121:     0.077  0.051  0.814  0.014  0.044        1
122:     0.042  0.065  0.877  0.006  0.010        1
123:     0.034  0.028  0.862  0.029  0.047        1
124:     0.070  0.007  0.847  0.059  0.018        1
125:     0.011  0.016  0.939  0.016  0.019        1
126:     0.068  0.071  0.806  0.044  0.011        1
127:     0.061  0.019  0.860  0.037  0.024        1
128:     0.028  0.092  0.830  0.025  0.025        1
129:     0.012  0.013  0.937  0.031  0.007        1
130:     0.101  0.064  0.778  0.030  0.027        1
131:     0.032  0.004  0.904  0.030  0.030        1
132:     0.111  0.044  0.789  0.023  0.032        1
133:     0.144  0.041  0.723  0.045  0.047        1
134:     0.073  0.060  0.817  0.017  0.033        1
135:     0.092  0.037  0.695  0.161  0.014        1
136:     0.010  0.034  0.893  0.044  0.020        1
137:     0.040  0.031  0.858  0.055  0.016        1
138:     0.046  0.023  0.859  0.037  0.035        1
139:     0.099  0.014  0.833  0.030  0.024        1
140:     0.089  0.022  0.781  0.036  0.072        1
141:     0.024  0.055  0.916  0.001  0.004        1
142:     0.069  0.130  0.725  0.065  0.011        1
143:     0.087  0.072  0.805  0.034  0.002        1
144:     0.080  0.032  0.818  0.034  0.036        1
145:     0.050  0.038  0.866  0.027  0.019        1
146:     0.095  0.029  0.837  0.026  0.014        1
147:     0.022  0.078  0.860  0.036  0.004        1
148:     0.173  0.186  0.212  0.202  0.227        1
149:     0.221  0.184  0.213  0.190  0.192        1
150:     0.081  0.465  0.131  0.108  0.215        1
151:     0.058  0.357  0.228  0.103  0.255        1
152:     0.173  0.196  0.119  0.299  0.214        1
153:     0.160  0.239  0.140  0.251  0.210        1
154:     0.140  0.018  0.188  0.185  0.468        1
155:     0.116  0.276  0.166  0.251  0.192        1
156:     0.137  0.300  0.178  0.157  0.228        1
157:     0.101  0.235  0.166  0.408  0.090        1
158:     0.088  0.123  0.164  0.156  0.470        1
159:     0.082  0.306  0.166  0.185  0.260        1
160:     0.108  0.345  0.104  0.366  0.078        1
161:     0.137  0.257  0.224  0.148  0.234        1
162:     0.087  0.319  0.123  0.140  0.331        1
163:     0.091  0.365  0.221  0.153  0.170        1
164:     0.145  0.200  0.191  0.171  0.293        1
165:     0.158  0.133  0.197  0.445  0.066        1
166:     0.167  0.210  0.128  0.199  0.295        1
167:     0.143  0.158  0.163  0.308  0.227        1
168:     0.073  0.226  0.130  0.563  0.008        1
169:     0.057  0.438  0.203  0.126  0.176        1
170:     0.086  0.295  0.152  0.144  0.322        1
171:     0.117  0.087  0.162  0.297  0.337        1
172:     0.145  0.226  0.185  0.240  0.203        1
173:     0.127  0.218  0.126  0.225  0.305        1
174:     0.137  0.259  0.204  0.244  0.157        1
175:     0.121  0.215  0.146  0.266  0.252       50
176:     0.114  0.233  0.142  0.246  0.266       49
177:     0.115  0.243  0.148  0.248  0.247       50
178:     0.125  0.201  0.139  0.260  0.275       49
179:     0.139  0.204  0.150  0.247  0.259       23
180:     0.112  0.234  0.152  0.257  0.245       49
181:     0.872  0.038  0.025  0.037  0.029       30
182:     0.789  0.047  0.042  0.074  0.049       30
183:     0.169  0.251  0.141  0.218  0.221       34
184:     0.121  0.247  0.137  0.245  0.250       36
185:     0.125  0.233  0.150  0.268  0.225       40
186:     0.118  0.234  0.148  0.242  0.259       39
187:     0.124  0.218  0.139  0.252  0.267       37
188:     0.133  0.238  0.151  0.243  0.234       40
189:     0.130  0.268  0.130  0.219  0.254       35
190:     0.137  0.218  0.130  0.252  0.263       28
191:     0.121  0.216  0.149  0.270  0.244       36
192:     0.124  0.221  0.138  0.276  0.240       32
--------------------------------------------

 Rep#:   Lambda   Alpha      F1    F2    F3    F4    F5     D1,2  D1,3  D1,4  D1,5  D2,3  D2,4  D2,5  D3,4  D3,5  D4,5    Ln Like 
  100:    1.00    1.836    0.252 0.010 0.185 0.010 0.010    0.039 0.055 0.039 0.039 0.035 0.003 0.003 0.036 0.035 0.003   --  
  200:    1.00    1.437    0.198 0.055 0.191 0.010 0.010    0.038 0.048 0.033 0.033 0.041 0.015 0.015 0.035 0.036 0.003   --  
  300:    1.00    1.188    0.197 0.253 0.183 0.010 0.010    0.049 0.045 0.033 0.033 0.053 0.045 0.045 0.035 0.036 0.003   --  
  400:    1.00    1.073    0.187 0.278 0.179 0.010 0.010    0.052 0.045 0.031 0.031 0.056 0.049 0.049 0.035 0.035 0.003   --  
  500:    1.00    1.006    0.182 0.279 0.171 0.010 0.010    0.053 0.045 0.030 0.030 0.057 0.049 0.049 0.033 0.033 0.003   --  
  600:    1.00    0.955    0.178 0.275 0.170 0.011 0.010    0.054 0.044 0.029 0.029 0.058 0.048 0.048 0.033 0.033 0.003   --  
  700:    1.00    0.906    0.176 0.271 0.170 0.011 0.010    0.054 0.044 0.028 0.028 0.058 0.048 0.048 0.032 0.032 0.003   --  
  800:    1.00    0.842    0.172 0.269 0.165 0.012 0.010    0.054 0.045 0.028 0.028 0.058 0.047 0.046 0.031 0.031 0.003   --  
  900:    1.00    0.834    0.171 0.273 0.164 0.012 0.010    0.054 0.044 0.028 0.027 0.058 0.046 0.046 0.031 0.031 0.003   --  

--------------------------------------------
Proportion of membership of each pre-defined
 population in each of the 5 clusters

Given    Inferred Clusters                     Number of
 Pop       1      2      3      4      5      Individuals

  1:     0.093  0.123  0.080  0.316  0.388       54
  2:     0.087  0.128  0.081  0.296  0.409       30
  3:     0.710  0.066  0.075  0.053  0.096       30
  4:     0.815  0.037  0.113  0.016  0.019       20
  5:     0.758  0.045  0.120  0.050  0.027       30
  6:     0.081  0.120  0.083  0.354  0.362       43
  7:     0.084  0.113  0.078  0.303  0.422       44
  8:     0.047  0.130  0.085  0.321  0.417        4
  9:     0.045  0.117  0.070  0.368  0.401       22
 10:     0.058  0.121  0.074  0.394  0.352       24
 11:     0.085  0.117  0.079  0.347  0.372       54
 12:     0.079  0.124  0.073  0.321  0.403       37
 13:     0.094  0.121  0.081  0.320  0.385       42
 14:     0.081  0.119  0.075  0.283  0.442       42
 15:     0.085  0.124  0.080  0.347  0.365       49
 16:     0.097  0.118  0.081  0.328  0.376      124
 17:     0.084  0.121  0.076  0.370  0.349       24
 18:     0.074  0.132  0.076  0.292  0.426       34
 19:     0.085  0.124  0.080  0.314  0.398       52
 20:     0.070  0.120  0.052  0.238  0.520        1
 21:     0.014  0.147  0.158  0.218  0.464        1
 22:     0.063  0.130  0.062  0.129  0.615        1
 23:     0.130  0.102  0.101  0.380  0.287        1
 24:     0.087  0.110  0.084  0.129  0.589        1
 25:     0.123  0.105  0.089  0.294  0.388        1
 26:     0.064  0.133  0.107  0.522  0.173        1
 27:     0.170  0.109  0.087  0.248  0.387        1
 28:     0.047  0.144  0.073  0.543  0.193        1
 29:     0.045  0.147  0.094  0.439  0.275        1
 30:     0.157  0.090  0.111  0.297  0.345        1
 31:     0.232  0.124  0.089  0.298  0.256        1
 32:     0.075  0.131  0.076  0.454  0.263        1
 33:     0.147  0.134  0.087  0.322  0.311        1
 34:     0.043  0.169  0.086  0.250  0.452        1
 35:     0.045  0.122  0.090  0.381  0.362        1
 36:     0.106  0.139  0.076  0.391  0.289        1
 37:     0.101  0.065  0.084  0.382  0.368        1
 38:     0.132  0.124  0.146  0.277  0.320        1
 39:     0.043  0.133  0.098  0.432  0.294        1
 40:     0.078  0.143  0.101  0.235  0.443        1
 41:     0.041  0.148  0.093  0.371  0.347        1
 42:     0.093  0.123  0.102  0.355  0.327        1
 43:     0.056  0.127  0.086  0.123  0.609        1
 44:     0.167  0.116  0.057  0.415  0.245        1
 45:     0.068  0.176  0.076  0.373  0.307        1
 46:     0.094  0.076  0.166  0.263  0.401        1
 47:     0.073  0.108  0.075  0.068  0.677        1
 48:     0.062  0.091  0.123  0.030  0.694        1
 49:     0.011  0.156  0.083  0.385  0.364        1
 50:     0.324  0.090  0.101  0.070  0.415        1
 51:     0.253  0.126  0.056  0.220  0.346        1
 52:     0.097  0.127  0.162  0.349  0.265        1
 53:     0.116  0.112  0.104  0.199  0.468        1
 54:     0.000  0.976  0.002  0.013  0.009        1
 55:     0.000  0.995  0.000  0.005  0.000        1
 56:     0.008  0.841  0.048  0.096  0.008        1
 57:     0.000  0.957  0.002  0.040  0.000        1
 58:     0.018  0.936  0.030  0.008  0.008        1
 59:     0.042  0.872  0.047  0.012  0.026        1
 60:     0.005  0.986  0.002  0.004  0.004        1
 61:     0.000  0.998  0.000  0.000  0.001        1
 62:     0.421  0.034  0.084  0.016  0.445        1
 63:     0.028  0.931  0.035  0.004  0.002        1
 64:     0.000  0.997  0.002  0.002  0.000        1
 65:     0.000  0.999  0.000  0.000  0.001        1
 66:     0.040  0.932  0.011  0.016  0.001        1
 67:     0.073  0.648  0.120  0.143  0.016        1
 68:     0.031  0.933  0.031  0.006  0.000        1
 69:     0.003  0.984  0.001  0.002  0.010        1
 70:     0.026  0.809  0.033  0.084  0.048        1
 71:     0.000  0.987  0.007  0.005  0.000        1
 72:     0.002  0.996  0.001  0.001  0.001        1
 73:     0.000  0.998  0.002  0.000  0.000        1
 74:     0.052  0.801  0.013  0.013  0.121        1
 75:     0.001  0.998  0.000  0.000  0.000        1
 76:     0.539  0.012  0.184  0.090  0.175        1
 77:     0.002  0.996  0.000  0.000  0.001        1
 78:     0.081  0.837  0.005  0.027  0.051        1
 79:     0.001  0.994  0.002  0.002  0.001        1
 80:     0.015  0.955  0.014  0.016  0.000        1
 81:     0.001  0.997  0.002  0.000  0.000        1
 82:     0.107  0.553  0.161  0.152  0.026        1
 83:     0.000  0.995  0.001  0.001  0.003        1
 84:     0.021  0.006  0.952  0.006  0.014        1
 85:     0.045  0.025  0.906  0.007  0.017        1
 86:     0.016  0.061  0.880  0.013  0.031        1
 87:     0.005  0.001  0.984  0.006  0.004        1
 88:     0.001  0.005  0.992  0.001  0.001        1
 89:     0.005  0.023  0.968  0.003  0.000        1
 90:     0.004  0.001  0.986  0.002  0.007        1
 91:     0.029  0.001  0.948  0.014  0.008        1
 92:     0.044  0.036  0.851  0.026  0.044        1
 93:     0.066  0.007  0.922  0.002  0.004        1
 94:     0.031  0.021  0.915  0.015  0.018        1
 95:     0.021  0.024  0.904  0.017  0.035        1
 96:     0.005  0.002  0.978  0.009  0.005        1
 97:     0.046  0.009  0.939  0.006  0.000        1
 98:     0.014  0.016  0.962  0.002  0.006        1
 99:     0.005  0.000  0.993  0.000  0.002        1
100:     0.001  0.001  0.991  0.006  0.001        1
101:     0.059  0.030  0.762  0.136  0.013        1
102:     0.003  0.042  0.783  0.055  0.118        1
103:     0.001  0.004  0.960  0.032  0.004        1
104:     0.007  0.026  0.956  0.005  0.006        1
105:     0.026  0.045  0.927  0.000  0.002        1
106:     0.006  0.053  0.811  0.084  0.046        1
107:     0.024  0.012  0.962  0.001  0.001        1
108:     0.045  0.016  0.866  0.005  0.068        1
109:     0.109  0.025  0.797  0.006  0.063        1
110:     0.004  0.059  0.798  0.087  0.053        1
111:     0.014  0.010  0.972  0.002  0.001        1
112:     0.001  0.012  0.979  0.002  0.006        1
113:     0.021  0.000  0.948  0.017  0.015        1
114:     0.008  0.035  0.950  0.002  0.004        1
115:     0.001  0.012  0.941  0.004  0.042        1
116:     0.002  0.001  0.993  0.002  0.001        1
117:     0.060  0.003  0.908  0.027  0.002        1
118:     0.004  0.030  0.962  0.004  0.001        1
119:     0.012  0.030  0.844  0.028  0.085        1
120:     0.014  0.045  0.908  0.018  0.016        1
121:     0.010  0.022  0.962  0.004  0.001        1
122:     0.001  0.046  0.911  0.015  0.026        1
123:     0.004  0.004  0.991  0.000  0.000        1
124:     0.087  0.027  0.808  0.031  0.046        1
125:     0.000  0.003  0.982  0.002  0.013        1
126:     0.030  0.037  0.865  0.061  0.007        1
127:     0.035  0.014  0.929  0.014  0.008        1
128:     0.001  0.028  0.960  0.003  0.009        1
129:     0.000  0.001  0.994  0.005  0.000        1
130:     0.029  0.020  0.900  0.018  0.034        1
131:     0.004  0.007  0.983  0.002  0.003        1
132:     0.113  0.007  0.814  0.020  0.045        1
133:     0.107  0.014  0.862  0.015  0.002        1
134:     0.026  0.042  0.855  0.028  0.049        1
135:     0.068  0.031  0.804  0.056  0.041        1
136:     0.004  0.000  0.993  0.001  0.001        1
137:     0.016  0.017  0.962  0.002  0.002        1
138:     0.002  0.004  0.982  0.012  0.000        1
139:     0.068  0.015  0.906  0.005  0.006        1
140:     0.075  0.024  0.898  0.003  0.001        1
141:     0.022  0.000  0.968  0.007  0.002        1
142:     0.049  0.018  0.856  0.029  0.048        1
143:     0.067  0.004  0.926  0.001  0.002        1
144:     0.018  0.005  0.959  0.014  0.003        1
145:     0.002  0.022  0.968  0.002  0.006        1
146:     0.047  0.022  0.909  0.012  0.010        1
147:     0.027  0.003  0.957  0.005  0.009        1
148:     0.144  0.118  0.153  0.213  0.372        1
149:     0.202  0.083  0.126  0.172  0.416        1
150:     0.042  0.100  0.095  0.228  0.535        1
151:     0.014  0.153  0.111  0.321  0.401        1
152:     0.097  0.157  0.060  0.464  0.221        1
153:     0.092  0.072  0.101  0.563  0.171        1
154:     0.082  0.115  0.063  0.048  0.692        1
155:     0.048  0.138  0.096  0.504  0.213        1
156:     0.123  0.172  0.053  0.258  0.395        1
157:     0.100  0.131  0.081  0.423  0.265        1
158:     0.055  0.154  0.112  0.311  0.368        1
159:     0.051  0.128  0.067  0.258  0.496        1
160:     0.075  0.113  0.066  0.490  0.256        1
161:     0.089  0.139  0.145  0.287  0.340        1
162:     0.062  0.149  0.087  0.263  0.438        1
163:     0.096  0.135  0.092  0.301  0.376        1
164:     0.106  0.112  0.109  0.411  0.262        1
165:     0.112  0.145  0.116  0.191  0.436        1
166:     0.099  0.095  0.043  0.127  0.637        1
167:     0.102  0.113  0.080  0.370  0.336        1
168:     0.055  0.125  0.071  0.469  0.280        1
169:     0.052  0.136  0.121  0.415  0.276        1
170:     0.028  0.142  0.091  0.495  0.245        1
171:     0.029  0.124  0.065  0.365  0.416        1
172:     0.084  0.148  0.107  0.315  0.346        1
173:     0.096  0.129  0.075  0.303  0.396        1
174:     0.062  0.147  0.124  0.345  0.323        1
175:     0.088  0.123  0.073  0.353  0.363       50
176:     0.083  0.124  0.073  0.363  0.357       49
177:     0.085  0.123  0.071  0.346  0.374       50
178:     0.091  0.123  0.079  0.373  0.335       49
179:     0.079  0.117  0.084  0.301  0.418       23
180:     0.081  0.123  0.076  0.376  0.343       49
181:     0.981  0.006  0.004  0.004  0.005       30
182:     0.958  0.015  0.008  0.009  0.009       30
183:     0.143  0.106  0.088  0.384  0.280       34
184:     0.083  0.117  0.068  0.364  0.367       36
185:     0.089  0.118  0.081  0.425  0.288       40
186:     0.072  0.126  0.070  0.421  0.311       39
187:     0.091  0.118  0.080  0.372  0.340       37
188:     0.095  0.120  0.078  0.422  0.286       40
189:     0.095  0.118  0.077  0.426  0.283       35
190:     0.101  0.120  0.070  0.358  0.351       28
191:     0.092  0.119  0.079  0.457  0.253       36
192:     0.089  0.127  0.069  0.421  0.294       32
--------------------------------------------

 Rep#:   Lambda   Alpha      F1    F2    F3    F4    F5     D1,2  D1,3  D1,4  D1,5  D2,3  D2,4  D2,5  D3,4  D3,5  D4,5    Ln Like 
 1000:    1.00    0.788    0.170 0.268 0.164 0.012 0.010    0.054 0.044 0.027 0.027 0.058 0.046 0.045 0.030 0.030 0.003   --  
 1100:    1.00    0.760    0.170 0.265 0.162 0.012 0.010    0.055 0.044 0.026 0.026 0.058 0.045 0.045 0.030 0.030 0.003   --  
 1200:    1.00    0.741    0.165 0.263 0.157 0.012 0.010    0.054 0.043 0.026 0.026 0.058 0.045 0.045 0.030 0.029 0.003   --  
 1300:    1.00    0.713    0.163 0.263 0.156 0.012 0.010    0.054 0.043 0.026 0.026 0.057 0.044 0.044 0.029 0.029 0.003   --  
 1400:    1.00    0.683    0.163 0.260 0.156 0.012 0.010    0.054 0.043 0.025 0.025 0.058 0.043 0.043 0.029 0.029 0.003   --  
 1500:    1.00    0.639    0.156 0.258 0.156 0.012 0.010    0.054 0.043 0.025 0.025 0.057 0.043 0.042 0.029 0.028 0.003   --  
 1600:    1.00    0.637    0.158 0.254 0.151 0.012 0.010    0.054 0.043 0.025 0.024 0.057 0.042 0.042 0.028 0.028 0.003   --  
 1700:    1.00    0.607    0.159 0.248 0.152 0.012 0.010    0.053 0.043 0.025 0.024 0.057 0.042 0.041 0.028 0.028 0.003   --  
 1800:    1.00    0.563    0.157 0.260 0.152 0.012 0.010    0.054 0.043 0.024 0.024 0.057 0.042 0.042 0.028 0.027 0.003   --  
 1900:    1.00    0.559    0.158 0.255 0.151 0.012 0.010    0.055 0.043 0.024 0.024 0.058 0.042 0.042 0.028 0.027 0.003   --  

--------------------------------------------
Proportion of membership of each pre-defined
 population in each of the 5 clusters

Given    Inferred Clusters                     Number of
 Pop       1      2      3      4      5      Individuals

  1:     0.072  0.073  0.045  0.354  0.456       54
  2:     0.069  0.077  0.042  0.377  0.435       30
  3:     0.711  0.058  0.064  0.046  0.122       30
  4:     0.826  0.031  0.102  0.005  0.036       20
  5:     0.775  0.035  0.103  0.056  0.031       30
  6:     0.060  0.072  0.047  0.416  0.405       43
  7:     0.066  0.066  0.045  0.338  0.485       44
  8:     0.028  0.086  0.046  0.427  0.414        4
  9:     0.023  0.078  0.042  0.469  0.388       22
 10:     0.025  0.077  0.038  0.438  0.423       24
 11:     0.060  0.070  0.043  0.383  0.443       54
 12:     0.056  0.074  0.042  0.397  0.431       37
 13:     0.073  0.071  0.048  0.398  0.410       42
 14:     0.060  0.067  0.044  0.337  0.492       42
 15:     0.068  0.071  0.045  0.407  0.409       49
 16:     0.069  0.073  0.049  0.371  0.439      124
 17:     0.060  0.074  0.043  0.413  0.410       24
 18:     0.051  0.077  0.050  0.334  0.488       34
 19:     0.067  0.073  0.045  0.376  0.439       52
 20:     0.030  0.077  0.039  0.367  0.488        1
 21:     0.013  0.087  0.101  0.197  0.602        1
 22:     0.053  0.083  0.049  0.397  0.417        1
 23:     0.075  0.077  0.080  0.635  0.133        1
 24:     0.033  0.073  0.077  0.473  0.344        1
 25:     0.092  0.054  0.049  0.377  0.427        1
 26:     0.064  0.103  0.108  0.488  0.237        1
 27:     0.105  0.057  0.054  0.473  0.311        1
 28:     0.036  0.109  0.047  0.645  0.163        1
 29:     0.002  0.127  0.062  0.536  0.273        1
 30:     0.112  0.068  0.093  0.279  0.448        1
 31:     0.170  0.115  0.073  0.558  0.084        1
 32:     0.083  0.055  0.047  0.554  0.261        1
 33:     0.116  0.097  0.017  0.197  0.573        1
 34:     0.018  0.117  0.048  0.325  0.492        1
 35:     0.035  0.081  0.067  0.361  0.456        1
 36:     0.080  0.069  0.066  0.461  0.324        1
 37:     0.028  0.010  0.081  0.329  0.552        1
 38:     0.077  0.062  0.161  0.379  0.321        1
 39:     0.006  0.121  0.052  0.273  0.549        1
 40:     0.112  0.084  0.086  0.384  0.335        1
 41:     0.012  0.093  0.068  0.184  0.644        1
 42:     0.079  0.084  0.042  0.541  0.255        1
 43:     0.091  0.076  0.055  0.000  0.778        1
 44:     0.094  0.079  0.037  0.518  0.272        1
 45:     0.006  0.122  0.084  0.645  0.143        1
 46:     0.053  0.056  0.104  0.480  0.307        1
 47:     0.052  0.063  0.070  0.021  0.794        1
 48:     0.051  0.082  0.057  0.172  0.638        1
 49:     0.034  0.074  0.059  0.354  0.479        1
 50:     0.364  0.079  0.075  0.076  0.406        1
 51:     0.199  0.074  0.068  0.308  0.352        1
 52:     0.069  0.128  0.069  0.317  0.417        1
 53:     0.079  0.073  0.021  0.145  0.682        1
 54:     0.000  0.996  0.000  0.002  0.001        1
 55:     0.000  0.995  0.000  0.003  0.002        1
 56:     0.006  0.832  0.003  0.080  0.078        1
 57:     0.007  0.959  0.005  0.023  0.006        1
 58:     0.005  0.923  0.001  0.004  0.067        1
 59:     0.062  0.867  0.016  0.033  0.022        1
 60:     0.002  0.991  0.001  0.000  0.006        1
 61:     0.004  0.989  0.004  0.004  0.000        1
 62:     0.394  0.001  0.042  0.001  0.562        1
 63:     0.018  0.951  0.010  0.012  0.008        1
 64:     0.000  0.997  0.001  0.002  0.000        1
 65:     0.000  0.996  0.000  0.003  0.001        1
 66:     0.005  0.955  0.012  0.022  0.005        1
 67:     0.079  0.595  0.092  0.135  0.098        1
 68:     0.031  0.921  0.031  0.017  0.000        1
 69:     0.000  0.990  0.007  0.003  0.000        1
 70:     0.037  0.789  0.020  0.071  0.083        1
 71:     0.001  0.995  0.002  0.002  0.000        1
 72:     0.001  0.997  0.001  0.000  0.000        1
 73:     0.000  0.999  0.000  0.000  0.001        1
 74:     0.047  0.773  0.001  0.030  0.149        1
 75:     0.000  1.000  0.000  0.000  0.000        1
 76:     0.526  0.014  0.110  0.002  0.348        1
 77:     0.001  0.999  0.000  0.000  0.000        1
 78:     0.032  0.840  0.024  0.011  0.093        1
 79:     0.001  0.996  0.001  0.001  0.001        1
 80:     0.015  0.979  0.000  0.005  0.001        1
 81:     0.002  0.995  0.000  0.002  0.001        1
 82:     0.050  0.513  0.163  0.117  0.158        1
 83:     0.000  0.994  0.003  0.003  0.000        1
 84:     0.042  0.011  0.930  0.004  0.013        1
 85:     0.051  0.002  0.922  0.005  0.020        1
 86:     0.029  0.041  0.840  0.058  0.032        1
 87:     0.000  0.022  0.964  0.008  0.006        1
 88:     0.003  0.004  0.988  0.002  0.002        1
 89:     0.001  0.006  0.984  0.009  0.001        1
 90:     0.010  0.005  0.984  0.000  0.000        1
 91:     0.000  0.002  0.997  0.000  0.001        1
 92:     0.026  0.000  0.809  0.130  0.034        1
 93:     0.066  0.028  0.902  0.001  0.003        1
 94:     0.021  0.002  0.936  0.013  0.028        1
 95:     0.024  0.000  0.908  0.061  0.008        1
 96:     0.002  0.001  0.996  0.000  0.000        1
 97:     0.009  0.035  0.955  0.000  0.000        1
 98:     0.005  0.026  0.963  0.003  0.003        1
 99:     0.000  0.001  0.997  0.002  0.001        1
100:     0.000  0.001  0.994  0.000  0.004        1
101:     0.056  0.016  0.762  0.140  0.025        1
102:     0.014  0.026  0.791  0.162  0.007        1
103:     0.015  0.006  0.972  0.006  0.001        1
104:     0.010  0.027  0.959  0.001  0.002        1
105:     0.025  0.026  0.945  0.001  0.003        1
106:     0.000  0.023  0.818  0.095  0.063        1
107:     0.033  0.001  0.956  0.009  0.001        1
108:     0.065  0.001  0.855  0.007  0.071        1
109:     0.084  0.035  0.798  0.037  0.046        1
110:     0.014  0.073  0.755  0.140  0.018        1
111:     0.008  0.008  0.981  0.003  0.000        1
112:     0.000  0.002  0.992  0.000  0.004        1
113:     0.025  0.000  0.961  0.013  0.001        1
114:     0.003  0.030  0.966  0.001  0.000        1
115:     0.000  0.014  0.929  0.018  0.038        1
116:     0.004  0.003  0.987  0.006  0.000        1
117:     0.060  0.001  0.925  0.000  0.013        1
118:     0.018  0.023  0.956  0.004  0.000        1
119:     0.010  0.023  0.810  0.066  0.091        1
120:     0.003  0.042  0.950  0.001  0.004        1
121:     0.004  0.032  0.954  0.009  0.000        1
122:     0.000  0.021  0.926  0.051  0.002        1
123:     0.000  0.009  0.988  0.003  0.000        1
124:     0.106  0.007  0.845  0.003  0.039        1
125:     0.008  0.000  0.987  0.001  0.004        1
126:     0.013  0.050  0.873  0.061  0.003        1
127:     0.048  0.013  0.926  0.004  0.009        1
128:     0.012  0.003  0.949  0.025  0.010        1
129:     0.000  0.001  0.999  0.000  0.000        1
130:     0.058  0.004  0.909  0.001  0.028        1
131:     0.000  0.004  0.996  0.000  0.000        1
132:     0.075  0.001  0.828  0.061  0.035        1
133:     0.099  0.006  0.879  0.014  0.001        1
134:     0.028  0.028  0.824  0.112  0.008        1
135:     0.026  0.026  0.793  0.125  0.030        1
136:     0.000  0.001  0.995  0.001  0.004        1
137:     0.006  0.013  0.976  0.004  0.001        1
138:     0.000  0.005  0.989  0.006  0.000        1
139:     0.075  0.008  0.909  0.003  0.005        1
140:     0.082  0.012  0.903  0.002  0.000        1
141:     0.006  0.000  0.981  0.008  0.005        1
142:     0.028  0.008  0.864  0.008  0.093        1
143:     0.046  0.003  0.949  0.002  0.000        1
144:     0.015  0.008  0.955  0.000  0.022        1
145:     0.006  0.001  0.979  0.000  0.014        1
146:     0.053  0.009  0.925  0.011  0.002        1
147:     0.025  0.000  0.971  0.004  0.001        1
148:     0.124  0.096  0.156  0.306  0.318        1
149:     0.191  0.062  0.088  0.276  0.382        1
150:     0.030  0.075  0.116  0.067  0.713        1
151:     0.023  0.082  0.033  0.415  0.448        1
152:     0.119  0.057  0.047  0.564  0.213        1
153:     0.038  0.067  0.067  0.526  0.302        1
154:     0.043  0.075  0.073  0.022  0.786        1
155:     0.046  0.046  0.069  0.567  0.272        1
156:     0.075  0.086  0.016  0.375  0.448        1
157:     0.062  0.093  0.091  0.068  0.687        1
158:     0.057  0.061  0.102  0.540  0.239        1
159:     0.000  0.080  0.075  0.405  0.440        1
160:     0.049  0.076  0.054  0.324  0.498        1
161:     0.088  0.081  0.117  0.298  0.415        1
162:     0.025  0.094  0.053  0.509  0.320        1
163:     0.025  0.084  0.100  0.173  0.618        1
164:     0.077  0.085  0.047  0.406  0.386        1
165:     0.092  0.089  0.114  0.306  0.398        1
166:     0.003  0.069  0.026  0.004  0.898        1
167:     0.072  0.087  0.061  0.390  0.390        1
168:     0.006  0.083  0.021  0.611  0.278        1
169:     0.035  0.047  0.098  0.404  0.417        1
170:     0.000  0.100  0.104  0.480  0.315        1
171:     0.037  0.075  0.055  0.384  0.449        1
172:     0.093  0.080  0.053  0.385  0.388        1
173:     0.072  0.080  0.030  0.197  0.620        1
174:     0.033  0.100  0.096  0.529  0.242        1
175:     0.066  0.071  0.042  0.401  0.420       50
176:     0.057  0.070  0.041  0.409  0.422       49
177:     0.065  0.065  0.042  0.383  0.444       50
178:     0.063  0.076  0.042  0.420  0.399       49
179:     0.065  0.074  0.054  0.331  0.475       23
180:     0.058  0.073  0.044  0.388  0.437       49
181:     0.990  0.003  0.002  0.003  0.002       30
182:     0.962  0.012  0.006  0.008  0.012       30
183:     0.120  0.060  0.060  0.508  0.252       34
184:     0.059  0.066  0.035  0.488  0.352       36
185:     0.068  0.063  0.053  0.510  0.306       40
186:     0.052  0.075  0.044  0.519  0.309       39
187:     0.067  0.070  0.042  0.475  0.347       37
188:     0.066  0.072  0.048  0.526  0.288       40
189:     0.073  0.073  0.043  0.541  0.271       35
190:     0.075  0.075  0.039  0.431  0.380       28
191:     0.064  0.069  0.041  0.518  0.308       36
192:     0.067  0.071  0.045  0.540  0.277       32
--------------------------------------------

 Rep#:   Lambda   Alpha      F1    F2    F3    F4    F5     D1,2  D1,3  D1,4  D1,5  D2,3  D2,4  D2,5  D3,4  D3,5  D4,5    Ln Like 
 2000:    1.00    0.541    0.156 0.259 0.151 0.012 0.010    0.054 0.043 0.024 0.024 0.058 0.042 0.041 0.028 0.027 0.003   --  
 2100:    1.00    0.530    0.156 0.251 0.150 0.012 0.010    0.054 0.043 0.024 0.024 0.057 0.041 0.041 0.027 0.027 0.003   --  
 2200:    1.00    0.505    0.154 0.253 0.148 0.012 0.010    0.054 0.043 0.024 0.024 0.057 0.040 0.040 0.027 0.027 0.003   --  
 2300:    1.00    0.485    0.153 0.254 0.149 0.011 0.010    0.055 0.043 0.024 0.024 0.058 0.041 0.041 0.027 0.027 0.003   --  
 2400:    1.00    0.468    0.154 0.255 0.149 0.011 0.010    0.054 0.043 0.024 0.024 0.057 0.040 0.040 0.027 0.026 0.003   --  
 2500:    1.00    0.448    0.159 0.253 0.144 0.011 0.010    0.054 0.042 0.024 0.023 0.057 0.040 0.040 0.026 0.026 0.003   --  
 2600:    1.00    0.442    0.154 0.246 0.145 0.010 0.010    0.054 0.042 0.024 0.023 0.057 0.039 0.039 0.026 0.026 0.003   --  
 2700:    1.00    0.414    0.158 0.249 0.145 0.010 0.008    0.053 0.042 0.023 0.023 0.057 0.039 0.039 0.026 0.026 0.003   --  
 2800:    1.00    0.406    0.155 0.249 0.144 0.010 0.008    0.054 0.042 0.023 0.023 0.057 0.039 0.039 0.026 0.026 0.003   --  
 2900:    1.00    0.412    0.155 0.246 0.143 0.010 0.008    0.054 0.042 0.023 0.023 0.057 0.039 0.039 0.026 0.026 0.003   --  

--------------------------------------------
Proportion of membership of each pre-defined
 population in each of the 5 clusters

Given    Inferred Clusters                     Number of
 Pop       1      2      3      4      5      Individuals

  1:     0.061  0.044  0.034  0.394  0.467       54
  2:     0.059  0.044  0.028  0.447  0.421       30
  3:     0.705  0.050  0.057  0.056  0.132       30
  4:     0.837  0.021  0.080  0.003  0.058       20
  5:     0.767  0.030  0.087  0.062  0.054       30
  6:     0.052  0.035  0.031  0.479  0.403       43
  7:     0.045  0.034  0.026  0.390  0.505       44
  8:     0.016  0.038  0.043  0.430  0.472        4
  9:     0.009  0.040  0.028  0.545  0.378       22
 10:     0.013  0.037  0.027  0.542  0.380       24
 11:     0.047  0.035  0.028  0.428  0.462       54
 12:     0.040  0.040  0.027  0.432  0.461       37
 13:     0.057  0.036  0.032  0.418  0.457       42
 14:     0.044  0.039  0.028  0.404  0.485       42
 15:     0.053  0.040  0.030  0.434  0.443       49
 16:     0.058  0.041  0.031  0.430  0.441      124
 17:     0.057  0.046  0.028  0.468  0.400       24
 18:     0.034  0.051  0.031  0.365  0.519       34
 19:     0.052  0.044  0.029  0.410  0.465       52
 20:     0.021  0.036  0.013  0.509  0.421        1
 21:     0.000  0.066  0.094  0.302  0.537        1
 22:     0.037  0.054  0.023  0.563  0.323        1
 23:     0.082  0.056  0.111  0.541  0.211        1
 24:     0.006  0.050  0.032  0.499  0.414        1
 25:     0.129  0.024  0.043  0.487  0.318        1
 26:     0.039  0.055  0.062  0.343  0.502        1
 27:     0.050  0.045  0.085  0.355  0.465        1
 28:     0.022  0.070  0.042  0.723  0.143        1
 29:     0.000  0.046  0.034  0.621  0.299        1
 30:     0.066  0.057  0.085  0.213  0.579        1
 31:     0.226  0.082  0.025  0.521  0.147        1
 32:     0.001  0.033  0.047  0.610  0.308        1
 33:     0.070  0.076  0.000  0.159  0.695        1
 34:     0.017  0.086  0.044  0.493  0.359        1
 35:     0.015  0.063  0.010  0.529  0.383        1
 36:     0.069  0.057  0.051  0.403  0.419        1
 37:     0.016  0.012  0.104  0.362  0.506        1
 38:     0.087  0.056  0.101  0.458  0.298        1
 39:     0.010  0.054  0.004  0.405  0.526        1
 40:     0.055  0.084  0.061  0.567  0.233        1
 41:     0.000  0.041  0.053  0.290  0.616        1
 42:     0.011  0.053  0.058  0.396  0.482        1
 43:     0.016  0.048  0.032  0.006  0.898        1
 44:     0.127  0.077  0.007  0.631  0.159        1
 45:     0.017  0.094  0.053  0.769  0.068        1
 46:     0.024  0.009  0.102  0.498  0.368        1
 47:     0.021  0.029  0.010  0.415  0.525        1
 48:     0.000  0.038  0.014  0.310  0.638        1
 49:     0.001  0.069  0.046  0.535  0.349        1
 50:     0.284  0.055  0.044  0.054  0.562        1
 51:     0.178  0.030  0.080  0.099  0.613        1
 52:     0.066  0.098  0.064  0.471  0.300        1
 53:     0.078  0.029  0.050  0.179  0.664        1
 54:     0.003  0.989  0.005  0.003  0.000        1
 55:     0.001  0.998  0.000  0.000  0.001        1
 56:     0.001  0.841  0.005  0.029  0.123        1
 57:     0.000  0.947  0.002  0.010  0.042        1
 58:     0.003  0.910  0.026  0.002  0.059        1
 59:     0.028  0.861  0.006  0.008  0.097        1
 60:     0.001  0.988  0.001  0.007  0.002        1
 61:     0.000  0.998  0.001  0.001  0.000        1
 62:     0.389  0.006  0.021  0.000  0.584        1
