

----------------------------------------------------
STRUCTURE by Pritchard, Stephens and Donnelly (2000)
     and Falush, Stephens and Pritchard (2003)
       Code by Pritchard, Falush and Hubisz
             Version 2.3.4 (Jul 2012)
----------------------------------------------------


Reading file "/workdir/yc2644/CV_CT_array/structure/threader_input/mainparams".
Reading file "/workdir/yc2644/CV_CT_array/structure/threader_input/extraparams".
Reading file "/workdir/yc2644/CV_CT_array/structure/threader_input/n1601.recode.strct_in".


Data file "/workdir/yc2644/CV_CT_array/structure/threader_input/n1601.recode.strct_in" (truncated) --

Ind:   Label Pop : Genotype_data . . . .
  1:  001s    1  :  2   1   2   2   2   1   2  . . . .   2
  1:  001s    1  :  2   2   2   2   2   2   2  . . . .   2
  2:  002s    1  :  2   2   2   2   1   1   2  . . . .   2
  2:  002s    1  :  2   2   2   2   2   2   2  . . . .   2
  3:  003s    1  :  1   2   1   2   2   2   2  . . . .   1
  3:  003s    1  :  2   2   1   2   2   2   2  . . . .   2
  4:  004s    1  :  1   1   2   2   1   2   2  . . . .   1
  4:  004s    1  :  2   1   2   2   2   2   2  . . . .   2

      *******   

1600:    49  192  :  2   2   2   2   2   1   2  . . . .   1
1600:    49  192  :  2   2   2   2   2   2   2  . . . .   2
1601:    50  192  :  2   1   2   2   1   2   2  . . . .   1
1601:    50  192  :  2   2   2   2   2   2   2  . . . .   2

Number of alleles per locus: min= 2; ave=2.0; max= 2


--------------------------------------

Finished initialization; starting MCMC 
100000 iterations + 10000 burnin


--------------------------------------------
Proportion of membership of each pre-defined
 population in each of the 5 clusters

Given    Inferred Clusters                     Number of
 Pop       1      2      3      4      5      Individuals

  1:     0.116  0.283  0.173  0.230  0.199       54
  2:     0.109  0.253  0.185  0.265  0.187       30
  3:     0.602  0.088  0.087  0.098  0.125       30
  4:     0.747  0.067  0.082  0.045  0.059       20
  5:     0.688  0.089  0.083  0.068  0.072       30
  6:     0.105  0.264  0.184  0.244  0.204       43
  7:     0.098  0.273  0.196  0.239  0.193       44
  8:     0.084  0.272  0.102  0.199  0.342        4
  9:     0.067  0.269  0.164  0.306  0.194       22
 10:     0.076  0.306  0.195  0.239  0.184       24
 11:     0.098  0.251  0.184  0.261  0.206       54
 12:     0.100  0.241  0.186  0.257  0.216       37
 13:     0.115  0.258  0.190  0.246  0.191       42
 14:     0.097  0.274  0.161  0.251  0.217       42
 15:     0.103  0.253  0.167  0.272  0.205       49
 16:     0.108  0.258  0.188  0.245  0.201      124
 17:     0.104  0.320  0.141  0.232  0.202       24
 18:     0.093  0.241  0.163  0.255  0.248       34
 19:     0.101  0.304  0.179  0.245  0.171       52
 20:     0.097  0.341  0.183  0.199  0.181        1
 21:     0.113  0.238  0.148  0.422  0.080        1
 22:     0.113  0.375  0.214  0.111  0.187        1
 23:     0.139  0.232  0.117  0.372  0.140        1
 24:     0.097  0.189  0.254  0.215  0.245        1
 25:     0.140  0.244  0.185  0.117  0.313        1
 26:     0.125  0.295  0.141  0.196  0.244        1
 27:     0.147  0.240  0.169  0.350  0.094        1
 28:     0.076  0.358  0.194  0.224  0.148        1
 29:     0.074  0.478  0.219  0.146  0.083        1
 30:     0.155  0.293  0.192  0.197  0.163        1
 31:     0.210  0.243  0.189  0.230  0.127        1
 32:     0.106  0.261  0.152  0.246  0.235        1
 33:     0.113  0.214  0.122  0.321  0.229        1
 34:     0.007  0.332  0.162  0.268  0.230        1
 35:     0.089  0.175  0.202  0.307  0.227        1
 36:     0.114  0.163  0.264  0.241  0.218        1
 37:     0.088  0.277  0.146  0.296  0.193        1
 38:     0.172  0.175  0.180  0.310  0.163        1
 39:     0.059  0.285  0.189  0.198  0.269        1
 40:     0.132  0.195  0.191  0.272  0.211        1
 41:     0.082  0.124  0.096  0.162  0.535        1
 42:     0.101  0.129  0.108  0.503  0.159        1
 43:     0.138  0.334  0.202  0.084  0.243        1
 44:     0.135  0.221  0.322  0.058  0.265        1
 45:     0.074  0.222  0.396  0.192  0.116        1
 46:     0.100  0.269  0.179  0.272  0.180        1
 47:     0.089  0.061  0.033  0.170  0.648        1
 48:     0.103  0.258  0.251  0.252  0.137        1
 49:     0.079  0.332  0.205  0.249  0.134        1
 50:     0.303  0.117  0.150  0.145  0.285        1
 51:     0.246  0.322  0.124  0.116  0.193        1
 52:     0.119  0.195  0.187  0.228  0.271        1
 53:     0.083  0.278  0.117  0.297  0.224        1
 54:     0.070  0.018  0.829  0.043  0.041        1
 55:     0.146  0.036  0.597  0.182  0.039        1
 56:     0.057  0.044  0.736  0.076  0.088        1
 57:     0.061  0.024  0.565  0.135  0.214        1
 58:     0.072  0.011  0.688  0.072  0.157        1
 59:     0.085  0.122  0.604  0.088  0.101        1
 60:     0.091  0.058  0.796  0.015  0.040        1
 61:     0.132  0.030  0.706  0.129  0.002        1
 62:     0.369  0.221  0.031  0.264  0.115        1
 63:     0.115  0.056  0.519  0.063  0.247        1
 64:     0.014  0.019  0.782  0.080  0.105        1
 65:     0.045  0.054  0.685  0.060  0.156        1
 66:     0.050  0.005  0.579  0.196  0.170        1
 67:     0.101  0.074  0.635  0.125  0.066        1
 68:     0.094  0.129  0.695  0.058  0.024        1
 69:     0.071  0.011  0.832  0.005  0.082        1
 70:     0.065  0.106  0.675  0.131  0.024        1
 71:     0.068  0.041  0.716  0.144  0.031        1
 72:     0.069  0.061  0.786  0.063  0.021        1
 73:     0.036  0.015  0.697  0.090  0.162        1
 74:     0.079  0.075  0.622  0.214  0.009        1
 75:     0.048  0.082  0.790  0.046  0.034        1
 76:     0.505  0.211  0.161  0.044  0.080        1
 77:     0.055  0.045  0.832  0.038  0.030        1
 78:     0.149  0.022  0.437  0.078  0.315        1
 79:     0.041  0.023  0.799  0.022  0.115        1
 80:     0.069  0.103  0.694  0.097  0.037        1
 81:     0.068  0.032  0.783  0.105  0.012        1
 82:     0.091  0.027  0.678  0.135  0.069        1
 83:     0.084  0.007  0.465  0.336  0.109        1
 84:     0.299  0.018  0.081  0.008  0.594        1
 85:     0.315  0.037  0.289  0.148  0.211        1
 86:     0.230  0.081  0.202  0.113  0.375        1
 87:     0.231  0.009  0.076  0.016  0.667        1
 88:     0.292  0.091  0.159  0.066  0.392        1
 89:     0.183  0.019  0.092  0.057  0.649        1
 90:     0.398  0.043  0.203  0.256  0.101        1
 91:     0.262  0.051  0.249  0.068  0.370        1
 92:     0.182  0.072  0.031  0.048  0.667        1
 93:     0.350  0.058  0.140  0.223  0.229        1
 94:     0.242  0.059  0.185  0.063  0.451        1
 95:     0.227  0.068  0.090  0.134  0.482        1
 96:     0.272  0.051  0.087  0.315  0.275        1
 97:     0.323  0.108  0.191  0.244  0.134        1
 98:     0.246  0.066  0.233  0.016  0.438        1
 99:     0.261  0.023  0.033  0.293  0.389        1
100:     0.362  0.134  0.045  0.140  0.320        1
101:     0.286  0.130  0.396  0.088  0.101        1
102:     0.229  0.004  0.340  0.163  0.263        1
103:     0.262  0.024  0.087  0.147  0.480        1
104:     0.242  0.051  0.307  0.086  0.314        1
105:     0.312  0.065  0.173  0.189  0.261        1
106:     0.200  0.052  0.269  0.024  0.456        1
107:     0.279  0.181  0.020  0.050  0.471        1
108:     0.258  0.119  0.249  0.227  0.147        1
109:     0.292  0.047  0.315  0.033  0.313        1
110:     0.225  0.122  0.163  0.068  0.422        1
111:     0.150  0.198  0.053  0.139  0.460        1
112:     0.259  0.059  0.044  0.007  0.631        1
113:     0.220  0.021  0.152  0.140  0.467        1
114:     0.331  0.071  0.330  0.168  0.101        1
115:     0.269  0.025  0.431  0.089  0.187        1
116:     0.343  0.044  0.036  0.381  0.196        1
117:     0.360  0.075  0.153  0.345  0.068        1
118:     0.293  0.004  0.141  0.139  0.422        1
119:     0.203  0.041  0.433  0.129  0.194        1
120:     0.211  0.026  0.193  0.254  0.316        1
121:     0.278  0.032  0.192  0.114  0.385        1
122:     0.218  0.055  0.270  0.195  0.262        1
123:     0.269  0.036  0.159  0.115  0.421        1
124:     0.289  0.045  0.277  0.172  0.216        1
125:     0.293  0.026  0.048  0.226  0.408        1
126:     0.243  0.088  0.228  0.129  0.312        1
127:     0.245  0.017  0.031  0.190  0.517        1
128:     0.246  0.027  0.124  0.103  0.500        1
129:     0.279  0.004  0.025  0.148  0.544        1
130:     0.288  0.054  0.163  0.055  0.440        1
131:     0.272  0.013  0.238  0.158  0.320        1
132:     0.273  0.125  0.160  0.242  0.200        1
133:     0.335  0.038  0.114  0.100  0.413        1
134:     0.241  0.056  0.183  0.092  0.428        1
135:     0.251  0.066  0.266  0.189  0.228        1
136:     0.272  0.045  0.023  0.055  0.605        1
137:     0.270  0.044  0.107  0.298  0.281        1
138:     0.255  0.077  0.199  0.113  0.356        1
139:     0.352  0.081  0.178  0.119  0.270        1
140:     0.342  0.035  0.258  0.149  0.217        1
141:     0.288  0.064  0.162  0.151  0.336        1
142:     0.281  0.051  0.182  0.098  0.388        1
143:     0.341  0.117  0.196  0.070  0.276        1
144:     0.293  0.040  0.070  0.075  0.521        1
145:     0.276  0.032  0.553  0.121  0.018        1
146:     0.269  0.059  0.265  0.057  0.350        1
147:     0.352  0.015  0.090  0.194  0.349        1
148:     0.178  0.161  0.410  0.150  0.101        1
149:     0.207  0.170  0.213  0.186  0.224        1
150:     0.081  0.204  0.153  0.342  0.219        1
151:     0.081  0.117  0.358  0.341  0.103        1
152:     0.140  0.200  0.195  0.220  0.244        1
153:     0.087  0.226  0.309  0.239  0.139        1
154:     0.095  0.382  0.040  0.165  0.318        1
155:     0.079  0.347  0.249  0.207  0.118        1
156:     0.103  0.025  0.249  0.441  0.181        1
157:     0.085  0.357  0.362  0.157  0.040        1
158:     0.102  0.376  0.024  0.046  0.452        1
159:     0.088  0.275  0.437  0.150  0.049        1
160:     0.092  0.043  0.075  0.519  0.272        1
161:     0.128  0.094  0.238  0.297  0.242        1
162:     0.088  0.161  0.253  0.199  0.300        1
163:     0.120  0.222  0.201  0.253  0.204        1
164:     0.111  0.083  0.113  0.313  0.380        1
165:     0.150  0.304  0.336  0.120  0.090        1
166:     0.126  0.292  0.223  0.299  0.061        1
167:     0.099  0.080  0.317  0.141  0.363        1
168:     0.086  0.223  0.106  0.105  0.480        1
169:     0.103  0.305  0.070  0.278  0.244        1
170:     0.061  0.095  0.262  0.209  0.373        1
171:     0.089  0.177  0.208  0.169  0.357        1
172:     0.105  0.350  0.137  0.217  0.192        1
173:     0.079  0.197  0.226  0.200  0.298        1
174:     0.105  0.242  0.271  0.166  0.216        1
175:     0.106  0.279  0.177  0.241  0.196       50
176:     0.094  0.287  0.177  0.238  0.203       49
177:     0.098  0.273  0.159  0.249  0.220       50
178:     0.100  0.265  0.183  0.242  0.210       49
179:     0.105  0.257  0.205  0.226  0.206       23
180:     0.097  0.246  0.184  0.269  0.204       49
181:     0.826  0.034  0.043  0.033  0.063       30
182:     0.768  0.048  0.053  0.053  0.078       30
183:     0.149  0.229  0.196  0.205  0.221       34
184:     0.101  0.296  0.155  0.255  0.193       36
185:     0.115  0.266  0.168  0.261  0.189       40
186:     0.091  0.278  0.166  0.263  0.202       39
187:     0.105  0.275  0.160  0.213  0.247       37
188:     0.108  0.282  0.171  0.233  0.206       40
189:     0.103  0.266  0.167  0.232  0.231       35
190:     0.103  0.280  0.192  0.242  0.183       28
191:     0.099  0.254  0.241  0.208  0.198       36
192:     0.104  0.253  0.181  0.259  0.202       32
--------------------------------------------

 Rep#:   Lambda   Alpha      F1    F2    F3    F4    F5     D1,2  D1,3  D1,4  D1,5  D2,3  D2,4  D2,5  D3,4  D3,5  D4,5    Ln Like 
  100:    1.00    1.584    0.228 0.013 0.014 0.009 0.004    0.036 0.037 0.036 0.035 0.007 0.003 0.003 0.005 0.004 0.002   --  
  200:    1.00    1.259    0.192 0.046 0.187 0.010 0.130    0.037 0.049 0.030 0.044 0.043 0.007 0.038 0.034 0.048 0.026   --  
  300:    1.00    1.105    0.184 0.039 0.246 0.010 0.175    0.034 0.054 0.029 0.045 0.051 0.006 0.041 0.042 0.058 0.032   --  
  400:    1.00    1.051    0.171 0.037 0.258 0.010 0.172    0.032 0.054 0.028 0.044 0.050 0.006 0.039 0.044 0.058 0.032   --  
  500:    1.00    0.976    0.168 0.034 0.267 0.010 0.170    0.031 0.055 0.027 0.044 0.049 0.006 0.038 0.043 0.058 0.032   --  
  600:    1.00    0.935    0.165 0.034 0.259 0.010 0.165    0.030 0.054 0.026 0.043 0.049 0.006 0.036 0.043 0.058 0.030   --  
  700:    1.00    0.884    0.163 0.034 0.262 0.010 0.165    0.030 0.054 0.026 0.043 0.048 0.006 0.035 0.043 0.057 0.030   --  
  800:    1.00    0.869    0.163 0.034 0.255 0.010 0.157    0.030 0.054 0.025 0.043 0.048 0.006 0.035 0.043 0.058 0.030   --  
  900:    1.00    0.793    0.166 0.034 0.253 0.010 0.160    0.029 0.054 0.025 0.043 0.047 0.006 0.034 0.042 0.058 0.029   --  

--------------------------------------------
Proportion of membership of each pre-defined
 population in each of the 5 clusters

Given    Inferred Clusters                     Number of
 Pop       1      2      3      4      5      Individuals

  1:     0.080  0.369  0.093  0.361  0.097       54
  2:     0.082  0.364  0.107  0.362  0.086       30
  3:     0.704  0.043  0.064  0.117  0.072       30
  4:     0.821  0.042  0.043  0.006  0.088       20
  5:     0.770  0.049  0.044  0.036  0.101       30
  6:     0.079  0.370  0.093  0.366  0.092       43
  7:     0.073  0.404  0.089  0.343  0.091       44
  8:     0.049  0.354  0.097  0.405  0.096        4
  9:     0.033  0.409  0.097  0.368  0.093       22
 10:     0.046  0.414  0.094  0.362  0.084       24
 11:     0.078  0.396  0.090  0.343  0.094       54
 12:     0.073  0.366  0.094  0.384  0.082       37
 13:     0.090  0.385  0.091  0.345  0.089       42
 14:     0.081  0.410  0.095  0.327  0.087       42
 15:     0.084  0.363  0.090  0.374  0.089       49
 16:     0.088  0.394  0.094  0.332  0.093      124
 17:     0.070  0.376  0.096  0.369  0.089       24
 18:     0.060  0.401  0.099  0.344  0.096       34
 19:     0.081  0.387  0.093  0.346  0.093       52
 20:     0.065  0.548  0.110  0.184  0.092        1
 21:     0.013  0.370  0.129  0.306  0.181        1
 22:     0.062  0.399  0.102  0.376  0.060        1
 23:     0.101  0.289  0.096  0.369  0.145        1
 24:     0.034  0.294  0.104  0.463  0.104        1
 25:     0.128  0.318  0.051  0.369  0.135        1
 26:     0.038  0.302  0.106  0.422  0.132        1
 27:     0.076  0.421  0.085  0.280  0.138        1
 28:     0.057  0.450  0.103  0.305  0.086        1
 29:     0.013  0.426  0.088  0.358  0.115        1
 30:     0.152  0.417  0.109  0.216  0.106        1
 31:     0.221  0.341  0.094  0.247  0.097        1
 32:     0.040  0.412  0.098  0.341  0.109        1
 33:     0.148  0.468  0.126  0.180  0.078        1
 34:     0.032  0.536  0.123  0.199  0.109        1
 35:     0.042  0.329  0.102  0.447  0.079        1
 36:     0.117  0.400  0.083  0.284  0.117        1
 37:     0.076  0.519  0.058  0.221  0.125        1
 38:     0.111  0.361  0.070  0.304  0.155        1
 39:     0.074  0.565  0.136  0.105  0.120        1
 40:     0.056  0.429  0.109  0.246  0.160        1
 41:     0.033  0.629  0.118  0.073  0.147        1
 42:     0.088  0.440  0.116  0.281  0.075        1
 43:     0.101  0.651  0.095  0.018  0.135        1
 44:     0.125  0.126  0.114  0.571  0.065        1
 45:     0.028  0.397  0.170  0.327  0.078        1
 46:     0.073  0.436  0.062  0.272  0.156        1
 47:     0.073  0.665  0.088  0.059  0.115        1
 48:     0.080  0.592  0.112  0.146  0.070        1
 49:     0.074  0.458  0.113  0.300  0.055        1
 50:     0.320  0.355  0.111  0.082  0.132        1
 51:     0.269  0.279  0.075  0.276  0.101        1
 52:     0.084  0.411  0.098  0.285  0.123        1
 53:     0.085  0.422  0.102  0.265  0.126        1
 54:     0.000  0.000  0.990  0.002  0.007        1
 55:     0.000  0.002  0.997  0.000  0.000        1
 56:     0.004  0.004  0.873  0.088  0.031        1
 57:     0.008  0.006  0.957  0.027  0.002        1
 58:     0.021  0.017  0.903  0.039  0.020        1
 59:     0.083  0.028  0.853  0.015  0.021        1
 60:     0.003  0.001  0.990  0.003  0.002        1
 61:     0.001  0.001  0.996  0.000  0.001        1
 62:     0.436  0.454  0.016  0.008  0.087        1
 63:     0.023  0.000  0.927  0.018  0.031        1
 64:     0.002  0.001  0.995  0.003  0.000        1
 65:     0.000  0.000  0.999  0.000  0.000        1
 66:     0.002  0.004  0.972  0.006  0.016        1
 67:     0.055  0.068  0.631  0.137  0.109        1
 68:     0.020  0.010  0.917  0.021  0.031        1
 69:     0.004  0.004  0.958  0.001  0.033        1
 70:     0.034  0.084  0.778  0.072  0.032        1
 71:     0.001  0.004  0.995  0.000  0.001        1
 72:     0.001  0.000  0.999  0.000  0.000        1
 73:     0.000  0.001  0.998  0.001  0.000        1
 74:     0.048  0.024  0.781  0.125  0.022        1
 75:     0.001  0.001  0.994  0.003  0.001        1
 76:     0.527  0.268  0.019  0.004  0.182        1
 77:     0.000  0.000  0.997  0.002  0.000        1
 78:     0.055  0.081  0.825  0.008  0.031        1
 79:     0.000  0.000  0.997  0.000  0.002        1
 80:     0.004  0.008  0.979  0.000  0.008        1
 81:     0.003  0.001  0.996  0.000  0.000        1
 82:     0.081  0.009  0.525  0.244  0.141        1
 83:     0.000  0.000  1.000  0.000  0.000        1
 84:     0.033  0.002  0.010  0.009  0.947        1
 85:     0.052  0.010  0.011  0.001  0.926        1
 86:     0.034  0.021  0.063  0.001  0.881        1
 87:     0.003  0.000  0.000  0.016  0.981        1
 88:     0.002  0.001  0.021  0.013  0.962        1
 89:     0.008  0.001  0.000  0.021  0.970        1
 90:     0.018  0.000  0.004  0.000  0.978        1
 91:     0.016  0.008  0.009  0.008  0.960        1
 92:     0.034  0.061  0.012  0.022  0.870        1
 93:     0.061  0.005  0.013  0.001  0.921        1
 94:     0.014  0.012  0.021  0.023  0.931        1
 95:     0.061  0.007  0.008  0.006  0.918        1
 96:     0.005  0.002  0.002  0.001  0.990        1
 97:     0.058  0.000  0.005  0.001  0.936        1
 98:     0.013  0.006  0.013  0.011  0.956        1
 99:     0.002  0.003  0.005  0.005  0.984        1
100:     0.005  0.003  0.001  0.000  0.991        1
101:     0.040  0.081  0.005  0.104  0.769        1
102:     0.006  0.037  0.050  0.123  0.784        1
103:     0.019  0.001  0.002  0.001  0.977        1
104:     0.008  0.000  0.016  0.002  0.973        1
105:     0.042  0.004  0.029  0.002  0.922        1
106:     0.002  0.065  0.029  0.083  0.820        1
107:     0.023  0.002  0.002  0.016  0.956        1
108:     0.031  0.060  0.020  0.020  0.869        1
109:     0.116  0.035  0.004  0.040  0.805        1
110:     0.025  0.094  0.055  0.028  0.798        1
111:     0.031  0.008  0.000  0.000  0.960        1
112:     0.001  0.004  0.025  0.000  0.970        1
113:     0.026  0.006  0.010  0.002  0.955        1
114:     0.001  0.001  0.023  0.000  0.974        1
115:     0.001  0.013  0.016  0.003  0.967        1
116:     0.001  0.000  0.003  0.002  0.994        1
117:     0.062  0.005  0.002  0.023  0.909        1
118:     0.012  0.004  0.021  0.004  0.958        1
119:     0.011  0.009  0.041  0.058  0.880        1
120:     0.001  0.001  0.026  0.022  0.950        1
121:     0.016  0.000  0.009  0.001  0.975        1
122:     0.000  0.045  0.009  0.016  0.930        1
123:     0.001  0.001  0.002  0.000  0.996        1
124:     0.109  0.007  0.000  0.059  0.825        1
125:     0.003  0.004  0.003  0.001  0.988        1
126:     0.032  0.052  0.031  0.016  0.870        1
127:     0.032  0.009  0.036  0.011  0.912        1
128:     0.002  0.002  0.036  0.010  0.950        1
129:     0.002  0.000  0.000  0.002  0.996        1
130:     0.064  0.000  0.012  0.000  0.923        1
131:     0.000  0.003  0.008  0.001  0.989        1
132:     0.097  0.010  0.011  0.085  0.798        1
133:     0.078  0.000  0.008  0.017  0.897        1
134:     0.007  0.041  0.057  0.061  0.834        1
135:     0.029  0.062  0.022  0.081  0.805        1
136:     0.000  0.004  0.004  0.000  0.992        1
137:     0.014  0.004  0.016  0.000  0.966        1
138:     0.000  0.003  0.002  0.003  0.992        1
139:     0.069  0.002  0.022  0.002  0.905        1
140:     0.093  0.005  0.026  0.017  0.859        1
141:     0.002  0.003  0.001  0.002  0.993        1
142:     0.030  0.020  0.026  0.053  0.872        1
143:     0.046  0.002  0.005  0.001  0.947        1
144:     0.006  0.004  0.018  0.004  0.969        1
145:     0.003  0.003  0.003  0.000  0.991        1
146:     0.039  0.006  0.019  0.004  0.933        1
147:     0.007  0.003  0.000  0.006  0.985        1
148:     0.122  0.166  0.095  0.424  0.193        1
149:     0.181  0.322  0.061  0.319  0.117        1
150:     0.047  0.592  0.098  0.130  0.134        1
151:     0.028  0.578  0.121  0.170  0.102        1
152:     0.139  0.403  0.094  0.307  0.057        1
153:     0.085  0.279  0.096  0.428  0.112        1
154:     0.073  0.557  0.121  0.154  0.095        1
155:     0.055  0.424  0.081  0.337  0.103        1
156:     0.069  0.467  0.110  0.273  0.081        1
157:     0.054  0.571  0.097  0.165  0.112        1
158:     0.056  0.432  0.090  0.286  0.136        1
159:     0.009  0.158  0.123  0.604  0.107        1
160:     0.076  0.470  0.077  0.281  0.096        1
161:     0.068  0.239  0.126  0.428  0.139        1
162:     0.056  0.448  0.140  0.241  0.114        1
163:     0.069  0.525  0.134  0.159  0.113        1
164:     0.103  0.386  0.101  0.317  0.093        1
165:     0.120  0.337  0.099  0.287  0.156        1
166:     0.077  0.591  0.082  0.163  0.086        1
167:     0.101  0.348  0.081  0.362  0.107        1
168:     0.065  0.452  0.098  0.296  0.089        1
169:     0.050  0.261  0.084  0.481  0.124        1
170:     0.009  0.228  0.095  0.594  0.074        1
171:     0.046  0.369  0.078  0.392  0.115        1
172:     0.106  0.422  0.136  0.221  0.115        1
173:     0.082  0.448  0.107  0.265  0.098        1
174:     0.085  0.411  0.086  0.341  0.077        1
175:     0.081  0.391  0.090  0.350  0.088       50
176:     0.076  0.403  0.091  0.341  0.089       49
177:     0.075  0.415  0.093  0.324  0.092       50
178:     0.082  0.389  0.091  0.345  0.094       49
179:     0.084  0.428  0.092  0.301  0.096       23
180:     0.066  0.391  0.091  0.360  0.092       49
181:     0.985  0.003  0.004  0.005  0.002       30
182:     0.956  0.007  0.012  0.017  0.008       30
183:     0.133  0.392  0.087  0.279  0.110       34
184:     0.079  0.399  0.091  0.341  0.090       36
185:     0.081  0.390  0.095  0.340  0.094       40
186:     0.071  0.445  0.097  0.295  0.092       39
187:     0.087  0.414  0.091  0.317  0.091       37
188:     0.089  0.395  0.092  0.324  0.100       40
189:     0.093  0.399  0.094  0.323  0.092       35
190:     0.090  0.417  0.094  0.308  0.090       28
191:     0.083  0.421  0.088  0.316  0.092       36
192:     0.077  0.411  0.097  0.333  0.082       32
--------------------------------------------

 Rep#:   Lambda   Alpha      F1    F2    F3    F4    F5     D1,2  D1,3  D1,4  D1,5  D2,3  D2,4  D2,5  D3,4  D3,5  D4,5    Ln Like 
 1000:    1.00    0.781    0.161 0.034 0.256 0.010 0.154    0.029 0.054 0.025 0.043 0.047 0.006 0.033 0.042 0.057 0.028   --  
 1100:    1.00    0.741    0.161 0.034 0.255 0.010 0.156    0.028 0.054 0.025 0.043 0.046 0.006 0.033 0.042 0.058 0.029   --  
 1200:    1.00    0.701    0.160 0.033 0.257 0.011 0.153    0.028 0.055 0.024 0.043 0.047 0.007 0.033 0.042 0.058 0.029   --  
 1300:    1.00    0.685    0.158 0.034 0.252 0.011 0.153    0.028 0.054 0.024 0.043 0.046 0.006 0.032 0.041 0.057 0.028   --  
 1400:    1.00    0.667    0.154 0.032 0.256 0.011 0.149    0.028 0.054 0.024 0.043 0.045 0.006 0.032 0.041 0.057 0.028   --  
 1500:    1.00    0.655    0.152 0.033 0.255 0.011 0.149    0.028 0.054 0.024 0.043 0.045 0.006 0.032 0.041 0.058 0.027   --  
 1600:    1.00    0.648    0.152 0.031 0.248 0.011 0.149    0.027 0.054 0.024 0.043 0.044 0.006 0.031 0.040 0.057 0.028   --  
 1700:    1.00    0.610    0.159 0.031 0.255 0.011 0.150    0.027 0.055 0.024 0.043 0.044 0.006 0.031 0.040 0.058 0.027   --  
 1800:    1.00    0.595    0.153 0.031 0.247 0.011 0.147    0.027 0.055 0.023 0.043 0.044 0.006 0.031 0.040 0.057 0.027   --  
 1900:    1.00    0.571    0.153 0.029 0.246 0.011 0.144    0.027 0.054 0.023 0.042 0.043 0.006 0.030 0.040 0.057 0.027   --  

--------------------------------------------
Proportion of membership of each pre-defined
 population in each of the 5 clusters

Given    Inferred Clusters                     Number of
 Pop       1      2      3      4      5      Individuals

  1:     0.072  0.403  0.060  0.410  0.055       54
  2:     0.064  0.408  0.065  0.407  0.055       30
  3:     0.695  0.013  0.052  0.190  0.050       30
  4:     0.827  0.060  0.028  0.008  0.077       20
  5:     0.773  0.061  0.035  0.040  0.091       30
  6:     0.062  0.407  0.055  0.417  0.059       43
  7:     0.061  0.449  0.051  0.388  0.051       44
  8:     0.046  0.327  0.053  0.517  0.057        4
  9:     0.024  0.411  0.055  0.462  0.047       22
 10:     0.030  0.374  0.056  0.489  0.051       24
 11:     0.063  0.421  0.053  0.405  0.059       54
 12:     0.056  0.400  0.059  0.433  0.052       37
 13:     0.070  0.397  0.053  0.419  0.060       42
 14:     0.058  0.423  0.059  0.402  0.057       42
 15:     0.066  0.407  0.057  0.414  0.056       49
 16:     0.071  0.419  0.057  0.393  0.059      124
 17:     0.062  0.408  0.056  0.420  0.054       24
 18:     0.053  0.473  0.056  0.356  0.061       34
 19:     0.068  0.421  0.058  0.399  0.054       52
 20:     0.060  0.436  0.052  0.384  0.068        1
 21:     0.001  0.339  0.073  0.457  0.130        1
 22:     0.068  0.351  0.064  0.458  0.059        1
 23:     0.124  0.382  0.059  0.286  0.148        1
 24:     0.021  0.317  0.041  0.557  0.064        1
 25:     0.097  0.361  0.029  0.416  0.096        1
 26:     0.070  0.510  0.057  0.283  0.081        1
 27:     0.068  0.252  0.037  0.567  0.077        1
 28:     0.013  0.375  0.080  0.483  0.049        1
 29:     0.004  0.352  0.085  0.497  0.062        1
 30:     0.118  0.394  0.059  0.322  0.107        1
 31:     0.209  0.174  0.080  0.504  0.034        1
 32:     0.025  0.500  0.049  0.350  0.077        1
 33:     0.114  0.572  0.114  0.137  0.063        1
 34:     0.021  0.374  0.087  0.465  0.052        1
 35:     0.001  0.384  0.049  0.533  0.033        1
 36:     0.072  0.448  0.073  0.325  0.082        1
 37:     0.055  0.315  0.041  0.473  0.116        1
 38:     0.052  0.325  0.081  0.398  0.144        1
 39:     0.003  0.466  0.093  0.360  0.077        1
 40:     0.114  0.354  0.057  0.368  0.108        1
 41:     0.024  0.549  0.060  0.267  0.099        1
 42:     0.091  0.509  0.065  0.264  0.071        1
 43:     0.091  0.726  0.095  0.006  0.082        1
 44:     0.117  0.194  0.072  0.569  0.048        1
 45:     0.015  0.470  0.107  0.325  0.083        1
 46:     0.056  0.417  0.031  0.353  0.142        1
 47:     0.071  0.632  0.071  0.158  0.068        1
 48:     0.058  0.596  0.086  0.196  0.065        1
 49:     0.021  0.446  0.037  0.438  0.058        1
 50:     0.349  0.465  0.069  0.018  0.098        1
 51:     0.205  0.335  0.057  0.334  0.068        1
 52:     0.028  0.303  0.074  0.489  0.106        1
 53:     0.107  0.437  0.068  0.343  0.045        1
 54:     0.000  0.001  0.995  0.003  0.000        1
 55:     0.010  0.003  0.985  0.000  0.001        1
 56:     0.000  0.000  0.819  0.163  0.017        1
 57:     0.007  0.002  0.965  0.023  0.003        1
 58:     0.002  0.044  0.887  0.066  0.002        1
 59:     0.021  0.049  0.843  0.088  0.001        1
 60:     0.004  0.000  0.987  0.008  0.001        1
 61:     0.000  0.000  1.000  0.000  0.000        1
 62:     0.413  0.520  0.025  0.001  0.042        1
 63:     0.000  0.002  0.959  0.025  0.014        1
 64:     0.000  0.000  0.999  0.000  0.000        1
 65:     0.000  0.003  0.997  0.000  0.000        1
 66:     0.007  0.012  0.932  0.035  0.013        1
 67:     0.044  0.124  0.620  0.105  0.106        1
 68:     0.036  0.026  0.904  0.022  0.012        1
 69:     0.002  0.003  0.975  0.010  0.010        1
 70:     0.028  0.001  0.771  0.192  0.008        1
 71:     0.000  0.004  0.996  0.000  0.000        1
 72:     0.000  0.002  0.997  0.000  0.001        1
 73:     0.000  0.000  0.999  0.000  0.001        1
 74:     0.050  0.008  0.772  0.165  0.005        1
 75:     0.001  0.000  0.999  0.000  0.000        1
 76:     0.541  0.355  0.002  0.010  0.093        1
 77:     0.001  0.000  0.999  0.000  0.000        1
 78:     0.078  0.041  0.817  0.047  0.017        1
 79:     0.002  0.000  0.996  0.001  0.001        1
 80:     0.000  0.012  0.973  0.004  0.011        1
 81:     0.000  0.002  0.997  0.000  0.000        1
 82:     0.053  0.036  0.512  0.253  0.147        1
 83:     0.001  0.000  0.997  0.002  0.000        1
 84:     0.023  0.019  0.004  0.001  0.954        1
 85:     0.066  0.007  0.011  0.000  0.916        1
 86:     0.026  0.045  0.047  0.021  0.862        1
 87:     0.002  0.016  0.003  0.008  0.971        1
 88:     0.001  0.001  0.000  0.014  0.984        1
 89:     0.000  0.007  0.000  0.007  0.986        1
 90:     0.006  0.002  0.003  0.002  0.986        1
 91:     0.002  0.010  0.024  0.002  0.960        1
 92:     0.006  0.053  0.006  0.090  0.844        1
 93:     0.048  0.000  0.006  0.004  0.942        1
 94:     0.026  0.013  0.000  0.062  0.899        1
 95:     0.045  0.029  0.001  0.035  0.889        1
 96:     0.000  0.000  0.000  0.006  0.993        1
 97:     0.020  0.001  0.042  0.005  0.932        1
 98:     0.024  0.001  0.027  0.006  0.941        1
 99:     0.002  0.000  0.002  0.000  0.997        1
100:     0.002  0.000  0.003  0.000  0.995        1
101:     0.033  0.182  0.005  0.000  0.779        1
102:     0.001  0.098  0.001  0.094  0.807        1
103:     0.002  0.015  0.003  0.001  0.979        1
104:     0.005  0.020  0.025  0.015  0.935        1
105:     0.040  0.001  0.025  0.009  0.925        1
106:     0.000  0.056  0.032  0.107  0.805        1
107:     0.025  0.006  0.008  0.000  0.960        1
108:     0.008  0.102  0.003  0.021  0.866        1
109:     0.085  0.011  0.021  0.131  0.752        1
110:     0.004  0.081  0.037  0.072  0.806        1
111:     0.026  0.000  0.000  0.000  0.974        1
112:     0.001  0.000  0.001  0.014  0.984        1
113:     0.039  0.018  0.002  0.002  0.940        1
114:     0.000  0.007  0.010  0.008  0.975        1
115:     0.012  0.025  0.011  0.007  0.944        1
116:     0.009  0.000  0.003  0.000  0.988        1
117:     0.052  0.003  0.000  0.001  0.945        1
118:     0.051  0.019  0.001  0.000  0.928        1
119:     0.001  0.046  0.009  0.070  0.874        1
120:     0.002  0.000  0.024  0.003  0.971        1
121:     0.011  0.008  0.002  0.028  0.951        1
122:     0.000  0.030  0.006  0.028  0.935        1
123:     0.000  0.000  0.010  0.000  0.990        1
124:     0.106  0.000  0.010  0.063  0.821        1
125:     0.005  0.005  0.002  0.002  0.986        1
126:     0.012  0.077  0.041  0.004  0.865        1
127:     0.037  0.025  0.010  0.004  0.924        1
128:     0.009  0.015  0.018  0.028  0.930        1
129:     0.001  0.000  0.000  0.000  0.999        1
130:     0.063  0.016  0.012  0.004  0.905        1
131:     0.000  0.000  0.000  0.007  0.992        1
132:     0.073  0.058  0.004  0.045  0.820        1
133:     0.092  0.000  0.000  0.001  0.907        1
134:     0.005  0.087  0.017  0.012  0.879        1
135:     0.012  0.016  0.005  0.143  0.824        1
136:     0.000  0.008  0.002  0.008  0.982        1
137:     0.014  0.003  0.002  0.002  0.979        1
138:     0.001  0.001  0.010  0.000  0.988        1
139:     0.048  0.009  0.008  0.000  0.935        1
140:     0.074  0.000  0.008  0.004  0.914        1
141:     0.000  0.000  0.000  0.004  0.995        1
142:     0.013  0.006  0.011  0.079  0.892        1
143:     0.055  0.002  0.001  0.000  0.941        1
144:     0.025  0.007  0.006  0.011  0.951        1
145:     0.001  0.000  0.000  0.009  0.990        1
146:     0.026  0.010  0.010  0.003  0.951        1
147:     0.005  0.000  0.000  0.000  0.994        1
148:     0.092  0.174  0.066  0.513  0.155        1
149:     0.213  0.402  0.031  0.245  0.109        1
150:     0.035  0.720  0.053  0.093  0.099        1
151:     0.005  0.396  0.090  0.452  0.057        1
152:     0.119  0.474  0.063  0.283  0.062        1
153:     0.061  0.283  0.047  0.567  0.042        1
154:     0.041  0.633  0.076  0.176  0.074        1
155:     0.055  0.319  0.062  0.506  0.057        1
156:     0.046  0.254  0.048  0.592  0.060        1
157:     0.065  0.664  0.079  0.132  0.060        1
158:     0.053  0.385  0.064  0.412  0.086        1
159:     0.000  0.348  0.057  0.558  0.037        1
160:     0.042  0.478  0.067  0.359  0.055        1
161:     0.068  0.305  0.080  0.419  0.128        1
162:     0.063  0.510  0.108  0.240  0.079        1
163:     0.072  0.553  0.113  0.182  0.080        1
164:     0.084  0.411  0.072  0.406  0.028        1
165:     0.075  0.314  0.072  0.421  0.118        1
166:     0.077  0.710  0.080  0.112  0.022        1
167:     0.074  0.488  0.071  0.339  0.028        1
168:     0.025  0.330  0.052  0.560  0.034        1
169:     0.031  0.259  0.062  0.555  0.092        1
170:     0.001  0.243  0.071  0.615  0.071        1
171:     0.054  0.457  0.059  0.345  0.086        1
172:     0.032  0.380  0.094  0.404  0.090        1
173:     0.057  0.658  0.057  0.167  0.060        1
174:     0.020  0.354  0.053  0.480  0.093        1
175:     0.068  0.430  0.062  0.387  0.053       50
176:     0.057  0.424  0.061  0.405  0.054       49
177:     0.062  0.455  0.059  0.367  0.056       50
178:     0.064  0.418  0.060  0.404  0.054       49
179:     0.061  0.473  0.054  0.345  0.066       23
180:     0.057  0.434  0.057  0.398  0.055       49
181:     0.989  0.003  0.004  0.003  0.002       30
182:     0.962  0.003  0.012  0.019  0.004       30
183:     0.118  0.476  0.055  0.272  0.079       34
184:     0.067  0.446  0.051  0.392  0.045       36
185:     0.069  0.427  0.056  0.391  0.057       40
186:     0.051  0.504  0.059  0.327  0.060       39
187:     0.068  0.477  0.058  0.343  0.054       37
188:     0.071  0.465  0.058  0.345  0.061       40
189:     0.070  0.462  0.057  0.358  0.053       35
190:     0.081  0.481  0.060  0.324  0.053       28
191:     0.067  0.458  0.056  0.365  0.054       36
192:     0.067  0.475  0.055  0.354  0.049       32
--------------------------------------------

 Rep#:   Lambda   Alpha      F1    F2    F3    F4    F5     D1,2  D1,3  D1,4  D1,5  D2,3  D2,4  D2,5  D3,4  D3,5  D4,5    Ln Like 
 2000:    1.00    0.547    0.154 0.027 0.251 0.011 0.148    0.026 0.055 0.023 0.042 0.043 0.006 0.029 0.040 0.057 0.027   --  
 2100:    1.00    0.530    0.155 0.027 0.253 0.011 0.143    0.026 0.054 0.023 0.042 0.042 0.006 0.029 0.040 0.057 0.026   --  
 2200:    1.00    0.503    0.154 0.027 0.245 0.011 0.147    0.026 0.054 0.023 0.042 0.042 0.005 0.029 0.039 0.057 0.026   --  
 2300:    1.00    0.498    0.154 0.026 0.245 0.011 0.143    0.025 0.054 0.023 0.042 0.042 0.006 0.029 0.039 0.057 0.026   --  
 2400:    1.00    0.493    0.154 0.025 0.246 0.011 0.147    0.026 0.055 0.023 0.042 0.041 0.005 0.029 0.039 0.057 0.026   --  
 2500:    1.00    0.476    0.153 0.025 0.244 0.011 0.145    0.025 0.054 0.023 0.042 0.041 0.005 0.029 0.039 0.056 0.026   --  
 2600:    1.00    0.451    0.153 0.025 0.240 0.011 0.147    0.026 0.054 0.023 0.043 0.041 0.005 0.029 0.038 0.057 0.026   --  
 2700:    1.00    0.433    0.151 0.025 0.240 0.011 0.143    0.025 0.053 0.022 0.042 0.040 0.005 0.028 0.038 0.056 0.026   --  
 2800:    1.00    0.412    0.149 0.025 0.239 0.011 0.143    0.025 0.054 0.023 0.042 0.040 0.005 0.028 0.038 0.057 0.026   --  
 2900:    1.00    0.410    0.153 0.022 0.237 0.011 0.143    0.025 0.053 0.023 0.042 0.040 0.005 0.028 0.038 0.056 0.026   --  

--------------------------------------------
Proportion of membership of each pre-defined
 population in each of the 5 clusters

Given    Inferred Clusters                     Number of
 Pop       1      2      3      4      5      Individuals

  1:     0.059  0.423  0.034  0.447  0.037       54
  2:     0.049  0.428  0.039  0.452  0.033       30
  3:     0.701  0.007  0.051  0.195  0.047       30
  4:     0.821  0.084  0.019  0.007  0.068       20
  5:     0.776  0.084  0.024  0.036  0.080       30
  6:     0.047  0.432  0.030  0.456  0.035       43
  7:     0.043  0.464  0.030  0.428  0.035       44
  8:     0.017  0.369  0.026  0.537  0.051        4
  9:     0.010  0.389  0.036  0.535  0.030       22
 10:     0.011  0.394  0.034  0.528  0.033       24
 11:     0.047  0.435  0.025  0.457  0.037       54
 12:     0.035  0.414  0.035  0.482  0.034       37
 13:     0.054  0.402  0.031  0.474  0.039       42
 14:     0.047  0.468  0.033  0.424  0.028       42
 15:     0.052  0.423  0.035  0.456  0.034       49
 16:     0.057  0.442  0.034  0.428  0.039      124
 17:     0.048  0.415  0.030  0.471  0.037       24
 18:     0.039  0.477  0.038  0.407  0.038       34
 19:     0.050  0.449  0.034  0.429  0.038       52
 20:     0.040  0.384  0.042  0.494  0.041        1
 21:     0.002  0.381  0.038  0.499  0.080        1
 22:     0.010  0.442  0.068  0.473  0.007        1
 23:     0.069  0.419  0.038  0.385  0.090        1
 24:     0.008  0.267  0.022  0.623  0.080        1
 25:     0.111  0.432  0.022  0.361  0.074        1
 26:     0.044  0.434  0.065  0.383  0.075        1
 27:     0.074  0.380  0.051  0.453  0.042        1
 28:     0.036  0.409  0.045  0.498  0.012        1
 29:     0.004  0.363  0.078  0.496  0.059        1
 30:     0.147  0.470  0.035  0.309  0.039        1
 31:     0.183  0.305  0.024  0.416  0.072        1
 32:     0.024  0.541  0.000  0.380  0.055        1
 33:     0.094  0.594  0.081  0.183  0.048        1
 34:     0.005  0.329  0.059  0.547  0.060        1
 35:     0.033  0.318  0.040  0.571  0.038        1
 36:     0.086  0.622  0.030  0.203  0.059        1
 37:     0.001  0.493  0.000  0.431  0.074        1
 38:     0.071  0.245  0.031  0.562  0.090        1
 39:     0.005  0.705  0.063  0.175  0.052        1
 40:     0.061  0.382  0.100  0.386  0.072        1
 41:     0.000  0.505  0.056  0.408  0.030        1
 42:     0.022  0.543  0.031  0.348  0.056        1
 43:     0.070  0.799  0.047  0.010  0.074        1
 44:     0.080  0.372  0.062  0.437  0.050        1
 45:     0.000  0.557  0.095  0.287  0.061        1
 46:     0.039  0.389  0.015  0.490  0.066        1
 47:     0.042  0.730  0.025  0.176  0.027        1
 48:     0.046  0.720  0.049  0.153  0.032        1
 49:     0.019  0.323  0.017  0.585  0.055        1
 50:     0.302  0.480  0.042  0.089  0.087        1
 51:     0.191  0.165  0.039  0.546  0.058        1
 52:     0.046  0.336  0.053  0.495  0.071        1
 53:     0.056  0.460  0.075  0.343  0.066        1
 54:     0.000  0.001  0.996  0.002  0.000        1
 55:     0.000  0.002  0.997  0.000  0.000        1
 56:     0.003  0.001  0.834  0.143  0.019        1
 57:     0.001  0.000  0.929  0.070  0.000        1
 58:     0.000  0.030  0.909  0.060  0.001        1
 59:     0.004  0.000  0.864  0.123  0.010        1
 60:     0.001  0.002  0.990  0.000  0.007        1
 61:     0.001  0.000  0.998  0.000  0.002        1
 62:     0.406  0.535  0.002  0.005  0.052        1
