

----------------------------------------------------
STRUCTURE by Pritchard, Stephens and Donnelly (2000)
     and Falush, Stephens and Pritchard (2003)
       Code by Pritchard, Falush and Hubisz
             Version 2.3.4 (Jul 2012)
----------------------------------------------------


Reading file "/workdir/yc2644/CV_CT_array/structure/threader_input/mainparams".
Reading file "/workdir/yc2644/CV_CT_array/structure/threader_input/extraparams".
Reading file "/workdir/yc2644/CV_CT_array/structure/threader_input/n1601.recode.strct_in".


Data file "/workdir/yc2644/CV_CT_array/structure/threader_input/n1601.recode.strct_in" (truncated) --

Ind:   Label Pop : Genotype_data . . . .
  1:  001s    1  :  2   1   2   2   2   1   2  . . . .   2
  1:  001s    1  :  2   2   2   2   2   2   2  . . . .   2
  2:  002s    1  :  2   2   2   2   1   1   2  . . . .   2
  2:  002s    1  :  2   2   2   2   2   2   2  . . . .   2
  3:  003s    1  :  1   2   1   2   2   2   2  . . . .   1
  3:  003s    1  :  2   2   1   2   2   2   2  . . . .   2
  4:  004s    1  :  1   1   2   2   1   2   2  . . . .   1
  4:  004s    1  :  2   1   2   2   2   2   2  . . . .   2

      *******   

1600:    49  192  :  2   2   2   2   2   1   2  . . . .   1
1600:    49  192  :  2   2   2   2   2   2   2  . . . .   2
1601:    50  192  :  2   1   2   2   1   2   2  . . . .   1
1601:    50  192  :  2   2   2   2   2   2   2  . . . .   2

Number of alleles per locus: min= 2; ave=2.0; max= 2


--------------------------------------

Finished initialization; starting MCMC 
100000 iterations + 10000 burnin


--------------------------------------------
Proportion of membership of each pre-defined
 population in each of the 5 clusters

Given    Inferred Clusters                     Number of
 Pop       1      2      3      4      5      Individuals

  1:     0.117  0.246  0.216  0.240  0.182       54
  2:     0.105  0.251  0.225  0.223  0.195       30
  3:     0.565  0.106  0.110  0.070  0.150       30
  4:     0.671  0.054  0.071  0.060  0.144       20
  5:     0.641  0.075  0.072  0.077  0.135       30
  6:     0.113  0.247  0.229  0.217  0.193       43
  7:     0.104  0.259  0.214  0.203  0.220       44
  8:     0.095  0.292  0.210  0.185  0.219        4
  9:     0.070  0.269  0.236  0.225  0.200       22
 10:     0.074  0.285  0.216  0.230  0.196       24
 11:     0.115  0.276  0.217  0.204  0.188       54
 12:     0.085  0.236  0.258  0.198  0.223       37
 13:     0.112  0.247  0.227  0.214  0.200       42
 14:     0.101  0.288  0.234  0.205  0.171       42
 15:     0.110  0.241  0.232  0.224  0.194       49
 16:     0.109  0.253  0.216  0.211  0.211      124
 17:     0.117  0.230  0.197  0.259  0.196       24
 18:     0.093  0.269  0.246  0.209  0.182       34
 19:     0.109  0.267  0.228  0.208  0.188       52
 20:     0.061  0.308  0.069  0.168  0.395        1
 21:     0.108  0.219  0.273  0.213  0.188        1
 22:     0.115  0.215  0.211  0.238  0.221        1
 23:     0.154  0.193  0.191  0.234  0.228        1
 24:     0.110  0.297  0.224  0.230  0.139        1
 25:     0.130  0.228  0.069  0.174  0.399        1
 26:     0.122  0.215  0.189  0.153  0.322        1
 27:     0.149  0.220  0.330  0.128  0.173        1
 28:     0.074  0.228  0.241  0.260  0.196        1
 29:     0.080  0.467  0.184  0.141  0.128        1
 30:     0.150  0.296  0.115  0.270  0.169        1
 31:     0.209  0.177  0.201  0.150  0.263        1
 32:     0.083  0.224  0.425  0.178  0.091        1
 33:     0.120  0.316  0.084  0.240  0.240        1
 34:     0.080  0.177  0.355  0.317  0.071        1
 35:     0.104  0.168  0.153  0.309  0.266        1
 36:     0.093  0.339  0.127  0.307  0.134        1
 37:     0.127  0.206  0.354  0.246  0.067        1
 38:     0.134  0.286  0.210  0.189  0.182        1
 39:     0.088  0.245  0.299  0.155  0.212        1
 40:     0.158  0.108  0.164  0.155  0.415        1
 41:     0.066  0.327  0.175  0.246  0.186        1
 42:     0.055  0.335  0.183  0.194  0.233        1
 43:     0.130  0.312  0.123  0.249  0.186        1
 44:     0.124  0.184  0.277  0.204  0.211        1
 45:     0.012  0.289  0.116  0.284  0.298        1
 46:     0.141  0.284  0.323  0.143  0.110        1
 47:     0.057  0.218  0.215  0.127  0.382        1
 48:     0.095  0.269  0.303  0.126  0.206        1
 49:     0.125  0.228  0.199  0.243  0.205        1
 50:     0.306  0.070  0.110  0.349  0.165        1
 51:     0.247  0.142  0.279  0.161  0.171        1
 52:     0.137  0.407  0.166  0.156  0.134        1
 53:     0.147  0.066  0.183  0.305  0.299        1
 54:     0.109  0.081  0.048  0.694  0.067        1
 55:     0.104  0.027  0.036  0.770  0.063        1
 56:     0.070  0.019  0.004  0.783  0.123        1
 57:     0.063  0.090  0.003  0.796  0.048        1
 58:     0.051  0.055  0.043  0.767  0.084        1
 59:     0.120  0.044  0.038  0.791  0.008        1
 60:     0.075  0.042  0.007  0.851  0.025        1
 61:     0.079  0.010  0.035  0.874  0.002        1
 62:     0.347  0.252  0.147  0.137  0.117        1
 63:     0.063  0.014  0.012  0.708  0.203        1
 64:     0.036  0.074  0.003  0.851  0.036        1
 65:     0.072  0.039  0.035  0.805  0.048        1
 66:     0.098  0.071  0.011  0.799  0.020        1
 67:     0.051  0.066  0.060  0.734  0.089        1
 68:     0.047  0.012  0.026  0.828  0.087        1
 69:     0.061  0.056  0.009  0.869  0.005        1
 70:     0.110  0.077  0.137  0.656  0.019        1
 71:     0.049  0.034  0.015  0.887  0.015        1
 72:     0.058  0.001  0.012  0.898  0.031        1
 73:     0.038  0.073  0.018  0.842  0.029        1
 74:     0.103  0.104  0.171  0.556  0.066        1
 75:     0.046  0.041  0.007  0.890  0.016        1
 76:     0.512  0.163  0.115  0.099  0.111        1
 77:     0.070  0.015  0.019  0.874  0.023        1
 78:     0.050  0.169  0.057  0.699  0.025        1
 79:     0.032  0.023  0.011  0.896  0.038        1
 80:     0.082  0.053  0.038  0.765  0.062        1
 81:     0.070  0.021  0.007  0.891  0.012        1
 82:     0.218  0.095  0.044  0.590  0.053        1
 83:     0.058  0.033  0.011  0.860  0.038        1
 84:     0.443  0.051  0.315  0.098  0.094        1
 85:     0.443  0.158  0.039  0.145  0.215        1
 86:     0.315  0.115  0.238  0.061  0.271        1
 87:     0.359  0.166  0.090  0.122  0.263        1
 88:     0.399  0.038  0.332  0.074  0.157        1
 89:     0.365  0.118  0.088  0.221  0.209        1
 90:     0.446  0.029  0.280  0.131  0.115        1
 91:     0.361  0.154  0.173  0.142  0.171        1
 92:     0.288  0.070  0.134  0.048  0.460        1
 93:     0.484  0.017  0.249  0.142  0.109        1
 94:     0.349  0.255  0.050  0.045  0.301        1
 95:     0.368  0.042  0.185  0.115  0.290        1
 96:     0.413  0.088  0.242  0.167  0.091        1
 97:     0.365  0.061  0.117  0.102  0.355        1
 98:     0.288  0.175  0.214  0.149  0.173        1
 99:     0.418  0.075  0.204  0.042  0.262        1
100:     0.504  0.080  0.045  0.139  0.233        1
101:     0.329  0.117  0.227  0.150  0.177        1
102:     0.313  0.191  0.195  0.133  0.168        1
103:     0.412  0.097  0.279  0.055  0.157        1
104:     0.383  0.097  0.154  0.073  0.293        1
105:     0.408  0.008  0.120  0.133  0.330        1
106:     0.280  0.145  0.387  0.097  0.091        1
107:     0.393  0.111  0.242  0.129  0.124        1
108:     0.353  0.051  0.316  0.101  0.180        1
109:     0.331  0.036  0.093  0.082  0.457        1
110:     0.224  0.153  0.055  0.076  0.493        1
111:     0.416  0.137  0.031  0.103  0.313        1
112:     0.380  0.241  0.034  0.003  0.343        1
113:     0.374  0.012  0.037  0.101  0.475        1
114:     0.430  0.270  0.129  0.108  0.063        1
115:     0.368  0.111  0.225  0.236  0.059        1
116:     0.434  0.086  0.259  0.100  0.122        1
117:     0.409  0.128  0.031  0.155  0.277        1
118:     0.399  0.065  0.160  0.045  0.331        1
119:     0.310  0.088  0.428  0.115  0.058        1
120:     0.306  0.066  0.430  0.121  0.077        1
121:     0.373  0.021  0.180  0.044  0.383        1
122:     0.317  0.091  0.099  0.089  0.403        1
123:     0.391  0.119  0.210  0.133  0.147        1
124:     0.446  0.187  0.046  0.158  0.164        1
125:     0.386  0.099  0.177  0.050  0.288        1
126:     0.333  0.190  0.037  0.072  0.368        1
127:     0.402  0.024  0.057  0.329  0.187        1
128:     0.392  0.108  0.037  0.064  0.399        1
129:     0.428  0.018  0.177  0.230  0.146        1
130:     0.381  0.118  0.169  0.053  0.279        1
131:     0.381  0.021  0.249  0.094  0.254        1
132:     0.394  0.013  0.364  0.090  0.138        1
133:     0.488  0.027  0.296  0.164  0.025        1
134:     0.298  0.114  0.184  0.145  0.259        1
135:     0.289  0.073  0.071  0.234  0.333        1
136:     0.332  0.033  0.185  0.185  0.264        1
137:     0.365  0.043  0.169  0.202  0.221        1
138:     0.384  0.120  0.182  0.045  0.268        1
139:     0.459  0.122  0.156  0.072  0.191        1
140:     0.436  0.032  0.108  0.134  0.290        1
141:     0.436  0.087  0.350  0.021  0.106        1
142:     0.301  0.060  0.201  0.199  0.238        1
143:     0.442  0.141  0.019  0.105  0.292        1
144:     0.377  0.092  0.138  0.153  0.240        1
145:     0.369  0.082  0.357  0.037  0.155        1
146:     0.395  0.075  0.183  0.124  0.223        1
147:     0.446  0.111  0.030  0.065  0.348        1
148:     0.194  0.386  0.128  0.211  0.080        1
149:     0.206  0.165  0.122  0.273  0.235        1
150:     0.087  0.194  0.330  0.286  0.104        1
151:     0.087  0.288  0.296  0.209  0.120        1
152:     0.150  0.205  0.244  0.231  0.170        1
153:     0.071  0.053  0.297  0.304  0.275        1
154:     0.108  0.390  0.097  0.016  0.389        1
155:     0.088  0.163  0.309  0.183  0.257        1
156:     0.104  0.113  0.417  0.188  0.179        1
157:     0.112  0.103  0.125  0.172  0.488        1
158:     0.119  0.173  0.552  0.124  0.031        1
159:     0.102  0.194  0.224  0.253  0.226        1
160:     0.072  0.223  0.161  0.213  0.331        1
161:     0.191  0.164  0.261  0.215  0.168        1
162:     0.100  0.165  0.439  0.240  0.056        1
163:     0.112  0.397  0.022  0.226  0.243        1
164:     0.142  0.244  0.223  0.249  0.142        1
165:     0.183  0.173  0.261  0.217  0.166        1
166:     0.051  0.191  0.110  0.247  0.400        1
167:     0.097  0.325  0.359  0.162  0.057        1
168:     0.071  0.342  0.287  0.110  0.189        1
169:     0.143  0.184  0.206  0.261  0.206        1
170:     0.067  0.231  0.168  0.318  0.216        1
171:     0.111  0.108  0.458  0.250  0.072        1
172:     0.141  0.236  0.128  0.255  0.240        1
173:     0.077  0.224  0.093  0.202  0.404        1
174:     0.126  0.225  0.111  0.175  0.363        1
175:     0.109  0.253  0.232  0.203  0.203       50
176:     0.099  0.272  0.216  0.217  0.197       49
177:     0.106  0.271  0.224  0.206  0.192       50
178:     0.108  0.243  0.253  0.217  0.179       49
179:     0.107  0.234  0.256  0.198  0.205       23
180:     0.100  0.244  0.206  0.234  0.216       49
181:     0.822  0.039  0.067  0.026  0.047       30
182:     0.704  0.033  0.070  0.049  0.144       30
183:     0.149  0.227  0.231  0.200  0.193       34
184:     0.109  0.264  0.228  0.200  0.198       36
185:     0.114  0.287  0.237  0.190  0.173       40
186:     0.094  0.273  0.224  0.218  0.192       39
187:     0.115  0.277  0.226  0.195  0.187       37
188:     0.119  0.294  0.221  0.189  0.178       40
189:     0.109  0.223  0.212  0.243  0.214       35
190:     0.124  0.251  0.231  0.224  0.170       28
191:     0.105  0.286  0.232  0.187  0.190       36
192:     0.106  0.283  0.198  0.216  0.198       32
--------------------------------------------

 Rep#:   Lambda   Alpha      F1    F2    F3    F4    F5     D1,2  D1,3  D1,4  D1,5  D2,3  D2,4  D2,5  D3,4  D3,5  D4,5    Ln Like 
  100:    1.00    1.827    0.233 0.010 0.010 0.042 0.010    0.038 0.038 0.043 0.037 0.003 0.011 0.003 0.011 0.003 0.011   --  
  200:    1.00    1.411    0.215 0.017 0.010 0.240 0.151    0.035 0.034 0.052 0.049 0.004 0.044 0.030 0.042 0.027 0.055   --  
  300:    1.00    1.211    0.191 0.017 0.010 0.262 0.188    0.033 0.032 0.053 0.048 0.004 0.050 0.039 0.048 0.037 0.057   --  
  400:    1.00    1.120    0.189 0.017 0.010 0.272 0.183    0.031 0.030 0.053 0.046 0.004 0.050 0.037 0.048 0.035 0.058   --  
  500:    1.00    1.049    0.177 0.017 0.010 0.269 0.177    0.030 0.029 0.054 0.046 0.004 0.050 0.035 0.048 0.034 0.058   --  
  600:    1.00    0.970    0.179 0.017 0.010 0.274 0.171    0.030 0.028 0.054 0.045 0.004 0.049 0.034 0.046 0.032 0.057   --  
  700:    1.00    0.885    0.169 0.017 0.010 0.269 0.164    0.028 0.027 0.054 0.044 0.004 0.048 0.033 0.046 0.031 0.057   --  
  800:    1.00    0.860    0.169 0.017 0.011 0.260 0.161    0.028 0.027 0.053 0.044 0.004 0.046 0.032 0.045 0.031 0.057   --  
  900:    1.00    0.823    0.163 0.018 0.011 0.257 0.161    0.027 0.026 0.054 0.043 0.004 0.046 0.031 0.044 0.030 0.057   --  

--------------------------------------------
Proportion of membership of each pre-defined
 population in each of the 5 clusters

Given    Inferred Clusters                     Number of
 Pop       1      2      3      4      5      Individuals

  1:     0.088  0.372  0.337  0.115  0.088       54
  2:     0.087  0.372  0.344  0.117  0.080       30
  3:     0.709  0.070  0.077  0.069  0.076       30
  4:     0.825  0.025  0.009  0.041  0.100       20
  5:     0.770  0.049  0.026  0.049  0.106       30
  6:     0.083  0.370  0.344  0.114  0.088       43
  7:     0.074  0.396  0.335  0.112  0.083       44
  8:     0.082  0.347  0.372  0.099  0.100        4
  9:     0.031  0.359  0.413  0.112  0.085       22
 10:     0.040  0.357  0.400  0.118  0.085       24
 11:     0.083  0.394  0.325  0.108  0.089       54
 12:     0.072  0.378  0.348  0.118  0.085       37
 13:     0.085  0.357  0.358  0.110  0.089       42
 14:     0.075  0.384  0.342  0.114  0.085       42
 15:     0.088  0.390  0.329  0.112  0.083       49
 16:     0.090  0.392  0.320  0.111  0.086      124
 17:     0.084  0.373  0.354  0.107  0.083       24
 18:     0.067  0.395  0.326  0.126  0.086       34
 19:     0.088  0.408  0.307  0.112  0.085       52
 20:     0.110  0.363  0.357  0.096  0.073        1
 21:     0.038  0.320  0.346  0.145  0.150        1
 22:     0.065  0.455  0.279  0.109  0.091        1
 23:     0.137  0.300  0.304  0.109  0.151        1
 24:     0.060  0.245  0.463  0.107  0.124        1
 25:     0.147  0.481  0.160  0.082  0.130        1
 26:     0.065  0.292  0.425  0.123  0.095        1
 27:     0.109  0.167  0.532  0.098  0.095        1
 28:     0.048  0.572  0.196  0.148  0.036        1
 29:     0.046  0.371  0.362  0.125  0.096        1
 30:     0.165  0.523  0.095  0.109  0.107        1
 31:     0.215  0.252  0.346  0.101  0.086        1
 32:     0.028  0.164  0.599  0.105  0.103        1
 33:     0.111  0.644  0.035  0.146  0.064        1
 34:     0.041  0.164  0.524  0.151  0.119        1
 35:     0.063  0.374  0.357  0.124  0.083        1
 36:     0.085  0.325  0.373  0.110  0.107        1
 37:     0.077  0.415  0.351  0.077  0.081        1
 38:     0.134  0.257  0.347  0.101  0.161        1
 39:     0.007  0.484  0.222  0.168  0.119        1
 40:     0.083  0.523  0.124  0.106  0.164        1
 41:     0.047  0.207  0.515  0.134  0.098        1
 42:     0.067  0.536  0.165  0.125  0.108        1
 43:     0.053  0.501  0.234  0.110  0.102        1
 44:     0.142  0.440  0.222  0.131  0.065        1
 45:     0.046  0.447  0.254  0.134  0.119        1
 46:     0.087  0.244  0.466  0.093  0.108        1
 47:     0.062  0.440  0.299  0.091  0.108        1
 48:     0.053  0.445  0.316  0.075  0.110        1
 49:     0.047  0.500  0.227  0.147  0.080        1
 50:     0.297  0.499  0.005  0.120  0.079        1
 51:     0.255  0.329  0.215  0.096  0.106        1
 52:     0.101  0.211  0.422  0.139  0.128        1
 53:     0.110  0.499  0.139  0.136  0.116        1
 54:     0.006  0.006  0.000  0.986  0.001        1
 55:     0.007  0.000  0.000  0.993  0.000        1
 56:     0.002  0.024  0.069  0.875  0.031        1
 57:     0.002  0.002  0.013  0.962  0.021        1
 58:     0.009  0.029  0.020  0.917  0.025        1
 59:     0.038  0.012  0.052  0.865  0.033        1
 60:     0.003  0.013  0.000  0.961  0.023        1
 61:     0.001  0.001  0.002  0.995  0.001        1
 62:     0.449  0.458  0.013  0.018  0.062        1
 63:     0.046  0.002  0.011  0.908  0.034        1
 64:     0.000  0.001  0.000  0.999  0.000        1
 65:     0.001  0.000  0.001  0.998  0.001        1
 66:     0.032  0.003  0.001  0.947  0.017        1
 67:     0.065  0.040  0.175  0.632  0.089        1
 68:     0.030  0.005  0.007  0.916  0.042        1
 69:     0.005  0.002  0.000  0.990  0.003        1
 70:     0.011  0.115  0.010  0.821  0.042        1
 71:     0.000  0.000  0.000  0.997  0.002        1
 72:     0.001  0.001  0.001  0.995  0.003        1
 73:     0.000  0.001  0.001  0.995  0.003        1
 74:     0.049  0.046  0.087  0.790  0.028        1
 75:     0.000  0.002  0.001  0.997  0.001        1
 76:     0.542  0.273  0.004  0.020  0.160        1
 77:     0.000  0.001  0.001  0.997  0.001        1
 78:     0.099  0.029  0.054  0.807  0.012        1
 79:     0.000  0.001  0.000  0.998  0.001        1
 80:     0.012  0.003  0.003  0.977  0.006        1
 81:     0.000  0.000  0.002  0.995  0.003        1
 82:     0.091  0.101  0.091  0.534  0.182        1
 83:     0.000  0.001  0.002  0.997  0.000        1
 84:     0.033  0.000  0.017  0.010  0.939        1
 85:     0.052  0.002  0.004  0.004  0.938        1
 86:     0.025  0.009  0.065  0.059  0.843        1
 87:     0.017  0.011  0.012  0.004  0.956        1
 88:     0.004  0.002  0.008  0.001  0.986        1
 89:     0.004  0.010  0.027  0.001  0.958        1
 90:     0.011  0.004  0.000  0.006  0.979        1
 91:     0.012  0.017  0.010  0.005  0.956        1
 92:     0.043  0.006  0.065  0.034  0.853        1
 93:     0.066  0.010  0.000  0.015  0.909        1
 94:     0.048  0.022  0.018  0.012  0.901        1
 95:     0.038  0.045  0.014  0.009  0.894        1
 96:     0.005  0.001  0.004  0.005  0.985        1
 97:     0.013  0.001  0.006  0.022  0.958        1
 98:     0.000  0.010  0.013  0.036  0.941        1
 99:     0.002  0.000  0.003  0.013  0.981        1
100:     0.000  0.000  0.000  0.006  0.993        1
101:     0.071  0.106  0.000  0.030  0.794        1
102:     0.014  0.113  0.030  0.054  0.789        1
103:     0.003  0.002  0.002  0.017  0.976        1
104:     0.007  0.004  0.049  0.017  0.923        1
105:     0.047  0.001  0.007  0.038  0.906        1
106:     0.001  0.102  0.018  0.075  0.805        1
107:     0.026  0.007  0.003  0.021  0.943        1
108:     0.036  0.013  0.083  0.018  0.850        1
109:     0.096  0.080  0.016  0.025  0.782        1
110:     0.001  0.108  0.035  0.070  0.785        1
111:     0.038  0.005  0.003  0.002  0.952        1
112:     0.002  0.001  0.000  0.004  0.994        1
113:     0.029  0.007  0.000  0.025  0.940        1
114:     0.001  0.002  0.006  0.019  0.971        1
115:     0.009  0.029  0.019  0.018  0.926        1
116:     0.001  0.002  0.001  0.003  0.993        1
117:     0.050  0.004  0.007  0.002  0.937        1
118:     0.034  0.003  0.008  0.018  0.937        1
119:     0.024  0.025  0.057  0.016  0.878        1
120:     0.002  0.008  0.020  0.046  0.924        1
121:     0.000  0.013  0.012  0.000  0.975        1
122:     0.001  0.006  0.062  0.009  0.922        1
123:     0.007  0.004  0.003  0.000  0.986        1
124:     0.100  0.035  0.005  0.010  0.850        1
125:     0.009  0.000  0.002  0.001  0.988        1
126:     0.016  0.045  0.018  0.022  0.900        1
127:     0.046  0.021  0.008  0.021  0.904        1
128:     0.003  0.001  0.006  0.008  0.982        1
129:     0.001  0.000  0.002  0.001  0.996        1
130:     0.048  0.011  0.001  0.019  0.921        1
131:     0.003  0.006  0.001  0.000  0.990        1
132:     0.096  0.032  0.041  0.004  0.826        1
133:     0.108  0.001  0.008  0.017  0.867        1
134:     0.035  0.077  0.011  0.042  0.835        1
135:     0.029  0.003  0.120  0.016  0.832        1
136:     0.000  0.001  0.003  0.003  0.993        1
137:     0.001  0.004  0.007  0.012  0.976        1
138:     0.000  0.003  0.003  0.014  0.979        1
139:     0.080  0.002  0.006  0.013  0.900        1
140:     0.080  0.012  0.005  0.019  0.884        1
141:     0.018  0.001  0.001  0.001  0.979        1
142:     0.035  0.041  0.029  0.032  0.863        1
143:     0.063  0.003  0.001  0.013  0.921        1
144:     0.016  0.003  0.006  0.007  0.969        1
145:     0.004  0.004  0.000  0.019  0.973        1
146:     0.031  0.003  0.001  0.008  0.957        1
147:     0.004  0.001  0.007  0.001  0.987        1
148:     0.179  0.300  0.201  0.109  0.212        1
149:     0.225  0.438  0.105  0.092  0.140        1
150:     0.060  0.484  0.235  0.085  0.136        1
151:     0.011  0.292  0.480  0.145  0.072        1
152:     0.125  0.217  0.460  0.115  0.083        1
153:     0.092  0.092  0.654  0.094  0.067        1
154:     0.039  0.729  0.011  0.151  0.070        1
155:     0.030  0.340  0.419  0.100  0.111        1
156:     0.115  0.474  0.233  0.089  0.089        1
157:     0.088  0.664  0.033  0.115  0.099        1
158:     0.076  0.249  0.426  0.098  0.152        1
159:     0.056  0.323  0.408  0.134  0.080        1
160:     0.057  0.454  0.291  0.092  0.107        1
161:     0.114  0.151  0.493  0.123  0.119        1
162:     0.071  0.371  0.321  0.153  0.084        1
163:     0.070  0.446  0.199  0.159  0.127        1
164:     0.107  0.376  0.272  0.136  0.109        1
165:     0.125  0.345  0.306  0.081  0.144        1
166:     0.094  0.713  0.030  0.114  0.048        1
167:     0.072  0.225  0.513  0.098  0.092        1
168:     0.062  0.430  0.351  0.104  0.052        1
169:     0.062  0.097  0.617  0.109  0.115        1
170:     0.035  0.370  0.388  0.105  0.101        1
171:     0.060  0.278  0.454  0.111  0.096        1
172:     0.108  0.458  0.177  0.158  0.100        1
173:     0.084  0.630  0.115  0.100  0.071        1
174:     0.080  0.254  0.426  0.109  0.130        1
175:     0.086  0.378  0.344  0.112  0.080       50
176:     0.077  0.376  0.354  0.111  0.083       49
177:     0.079  0.414  0.318  0.110  0.080       50
178:     0.083  0.348  0.370  0.119  0.081       49
179:     0.090  0.369  0.339  0.115  0.087       23
180:     0.076  0.404  0.323  0.113  0.085       49
181:     0.984  0.003  0.004  0.006  0.003       30
182:     0.953  0.010  0.014  0.013  0.010       30
183:     0.138  0.385  0.275  0.097  0.105       34
184:     0.085  0.400  0.329  0.108  0.078       36
185:     0.086  0.385  0.329  0.109  0.091       40
186:     0.074  0.395  0.335  0.113  0.084       39
187:     0.088  0.414  0.306  0.113  0.079       37
188:     0.085  0.413  0.301  0.111  0.090       40
189:     0.085  0.376  0.334  0.113  0.092       35
190:     0.100  0.443  0.260  0.115  0.082       28
191:     0.080  0.379  0.343  0.107  0.090       36
192:     0.086  0.394  0.328  0.115  0.078       32
--------------------------------------------

 Rep#:   Lambda   Alpha      F1    F2    F3    F4    F5     D1,2  D1,3  D1,4  D1,5  D2,3  D2,4  D2,5  D3,4  D3,5  D4,5    Ln Like 
 1000:    1.00    0.800    0.166 0.018 0.012 0.266 0.162    0.027 0.026 0.054 0.043 0.004 0.046 0.031 0.044 0.030 0.057   --  
 1100:    1.00    0.774    0.167 0.018 0.012 0.266 0.159    0.027 0.026 0.055 0.044 0.004 0.046 0.031 0.044 0.030 0.058   --  
 1200:    1.00    0.711    0.164 0.018 0.012 0.260 0.157    0.027 0.026 0.054 0.043 0.004 0.045 0.030 0.044 0.029 0.057   --  
 1300:    1.00    0.698    0.160 0.018 0.012 0.253 0.152    0.026 0.025 0.054 0.043 0.004 0.045 0.030 0.043 0.029 0.057   --  
 1400:    1.00    0.693    0.157 0.018 0.012 0.252 0.150    0.026 0.025 0.054 0.043 0.004 0.044 0.029 0.042 0.028 0.057   --  
 1500:    1.00    0.653    0.159 0.018 0.012 0.256 0.155    0.026 0.025 0.054 0.043 0.004 0.044 0.029 0.042 0.028 0.057   --  
 1600:    1.00    0.622    0.158 0.018 0.012 0.253 0.152    0.026 0.025 0.054 0.043 0.004 0.043 0.029 0.042 0.028 0.057   --  
 1700:    1.00    0.601    0.160 0.018 0.012 0.249 0.152    0.026 0.024 0.054 0.043 0.004 0.042 0.029 0.041 0.028 0.057   --  
 1800:    1.00    0.594    0.159 0.017 0.012 0.255 0.152    0.025 0.025 0.055 0.043 0.004 0.043 0.029 0.042 0.028 0.058   --  
 1900:    1.00    0.575    0.158 0.017 0.012 0.252 0.150    0.025 0.024 0.054 0.043 0.004 0.042 0.029 0.041 0.027 0.057   --  

--------------------------------------------
Proportion of membership of each pre-defined
 population in each of the 5 clusters

Given    Inferred Clusters                     Number of
 Pop       1      2      3      4      5      Individuals

  1:     0.071  0.423  0.387  0.069  0.050       54
  2:     0.069  0.424  0.386  0.074  0.048       30
  3:     0.709  0.050  0.115  0.054  0.071       30
  4:     0.822  0.050  0.005  0.034  0.089       20
  5:     0.770  0.082  0.018  0.035  0.096       30
  6:     0.055  0.402  0.428  0.064  0.051       43
  7:     0.058  0.454  0.378  0.060  0.050       44
  8:     0.031  0.365  0.492  0.068  0.045        4
  9:     0.018  0.335  0.531  0.072  0.044       22
 10:     0.025  0.343  0.522  0.064  0.046       24
 11:     0.058  0.447  0.380  0.064  0.051       54
 12:     0.053  0.392  0.441  0.068  0.047       37
 13:     0.066  0.387  0.431  0.061  0.054       42
 14:     0.068  0.432  0.390  0.065  0.045       42
 15:     0.066  0.411  0.401  0.071  0.051       49
 16:     0.070  0.426  0.383  0.067  0.054      124
 17:     0.060  0.362  0.452  0.078  0.047       24
 18:     0.049  0.460  0.364  0.076  0.051       34
 19:     0.069  0.441  0.370  0.068  0.052       52
 20:     0.088  0.414  0.406  0.063  0.029        1
 21:     0.013  0.383  0.400  0.101  0.103        1
 22:     0.043  0.398  0.421  0.084  0.054        1
 23:     0.098  0.304  0.413  0.086  0.098        1
 24:     0.000  0.271  0.596  0.067  0.066        1
 25:     0.130  0.403  0.335  0.023  0.109        1
 26:     0.066  0.330  0.409  0.105  0.090        1
 27:     0.026  0.403  0.426  0.084  0.061        1
 28:     0.086  0.259  0.508  0.095  0.053        1
 29:     0.025  0.448  0.362  0.124  0.041        1
 30:     0.148  0.668  0.056  0.043  0.085        1
 31:     0.184  0.231  0.453  0.087  0.044        1
 32:     0.073  0.424  0.409  0.051  0.044        1
 33:     0.118  0.675  0.063  0.111  0.033        1
 34:     0.010  0.321  0.528  0.096  0.045        1
 35:     0.040  0.349  0.435  0.086  0.089        1
 36:     0.087  0.417  0.366  0.060  0.071        1
 37:     0.043  0.447  0.369  0.067  0.074        1
 38:     0.083  0.285  0.465  0.065  0.103        1
 39:     0.005  0.425  0.346  0.151  0.073        1
 40:     0.083  0.395  0.301  0.079  0.142        1
 41:     0.029  0.502  0.302  0.066  0.101        1
 42:     0.077  0.514  0.256  0.079  0.075        1
 43:     0.077  0.777  0.017  0.040  0.090        1
 44:     0.114  0.386  0.355  0.107  0.037        1
 45:     0.046  0.331  0.436  0.122  0.065        1
 46:     0.046  0.369  0.360  0.055  0.170        1
 47:     0.016  0.287  0.533  0.080  0.084        1
 48:     0.021  0.295  0.555  0.073  0.057        1
 49:     0.001  0.431  0.440  0.079  0.049        1
 50:     0.346  0.491  0.013  0.078  0.071        1
 51:     0.215  0.360  0.245  0.069  0.111        1
 52:     0.104  0.277  0.486  0.060  0.073        1
 53:     0.087  0.427  0.316  0.064  0.106        1
 54:     0.001  0.002  0.012  0.985  0.001        1
 55:     0.003  0.000  0.001  0.996  0.000        1
 56:     0.003  0.080  0.051  0.840  0.026        1
 57:     0.001  0.017  0.024  0.951  0.008        1
 58:     0.007  0.039  0.055  0.895  0.004        1
 59:     0.016  0.033  0.090  0.861  0.001        1
 60:     0.000  0.000  0.001  0.997  0.001        1
 61:     0.001  0.000  0.002  0.997  0.000        1
 62:     0.395  0.540  0.000  0.001  0.064        1
 63:     0.049  0.002  0.000  0.948  0.001        1
 64:     0.002  0.001  0.000  0.997  0.000        1
 65:     0.000  0.001  0.001  0.994  0.003        1
 66:     0.019  0.002  0.010  0.967  0.001        1
 67:     0.035  0.027  0.194  0.634  0.110        1
 68:     0.036  0.000  0.017  0.930  0.017        1
 69:     0.004  0.001  0.003  0.984  0.008        1
 70:     0.010  0.094  0.095  0.789  0.013        1
 71:     0.003  0.001  0.001  0.995  0.000        1
 72:     0.000  0.000  0.000  0.996  0.004        1
 73:     0.000  0.001  0.000  0.999  0.000        1
 74:     0.025  0.016  0.158  0.795  0.006        1
 75:     0.000  0.001  0.000  0.999  0.000        1
 76:     0.542  0.331  0.000  0.000  0.127        1
 77:     0.000  0.000  0.000  1.000  0.000        1
 78:     0.029  0.094  0.037  0.835  0.006        1
 79:     0.001  0.001  0.001  0.993  0.004        1
 80:     0.002  0.006  0.001  0.991  0.000        1
 81:     0.002  0.000  0.001  0.996  0.000        1
 82:     0.070  0.041  0.235  0.496  0.159        1
 83:     0.001  0.000  0.000  0.999  0.000        1
 84:     0.027  0.001  0.005  0.006  0.961        1
 85:     0.035  0.008  0.001  0.002  0.955        1
 86:     0.022  0.029  0.043  0.024  0.882        1
 87:     0.001  0.002  0.034  0.002  0.961        1
 88:     0.000  0.012  0.000  0.002  0.986        1
 89:     0.004  0.039  0.001  0.002  0.954        1
 90:     0.001  0.002  0.001  0.000  0.995        1
 91:     0.001  0.002  0.001  0.005  0.990        1
 92:     0.012  0.056  0.095  0.021  0.816        1
 93:     0.073  0.000  0.001  0.002  0.924        1
 94:     0.012  0.004  0.060  0.010  0.913        1
 95:     0.046  0.060  0.002  0.004  0.888        1
 96:     0.004  0.001  0.000  0.005  0.990        1
 97:     0.018  0.001  0.004  0.018  0.959        1
 98:     0.022  0.001  0.009  0.001  0.968        1
 99:     0.001  0.000  0.001  0.002  0.997        1
100:     0.003  0.001  0.001  0.007  0.988        1
101:     0.021  0.148  0.030  0.018  0.783        1
102:     0.014  0.082  0.109  0.005  0.790        1
103:     0.001  0.015  0.002  0.000  0.981        1
104:     0.003  0.003  0.007  0.000  0.987        1
105:     0.047  0.000  0.008  0.050  0.895        1
106:     0.004  0.167  0.025  0.016  0.789        1
107:     0.001  0.021  0.013  0.015  0.951        1
108:     0.027  0.003  0.062  0.020  0.888        1
109:     0.087  0.093  0.001  0.034  0.785        1
110:     0.000  0.054  0.134  0.057  0.754        1
111:     0.036  0.002  0.007  0.002  0.953        1
112:     0.000  0.000  0.001  0.002  0.997        1
113:     0.029  0.003  0.019  0.003  0.947        1
114:     0.006  0.000  0.002  0.009  0.983        1
115:     0.010  0.025  0.029  0.003  0.934        1
116:     0.006  0.000  0.000  0.005  0.989        1
117:     0.055  0.009  0.000  0.000  0.934        1
118:     0.002  0.001  0.002  0.021  0.974        1
119:     0.021  0.047  0.052  0.029  0.851        1
120:     0.006  0.008  0.007  0.033  0.947        1
121:     0.000  0.001  0.007  0.016  0.976        1
122:     0.000  0.004  0.047  0.016  0.932        1
123:     0.004  0.004  0.003  0.001  0.988        1
124:     0.065  0.070  0.024  0.007  0.833        1
125:     0.007  0.001  0.002  0.003  0.987        1
126:     0.007  0.082  0.003  0.057  0.852        1
127:     0.000  0.000  0.050  0.026  0.923        1
128:     0.010  0.000  0.014  0.017  0.958        1
129:     0.002  0.000  0.000  0.001  0.997        1
130:     0.055  0.012  0.010  0.015  0.908        1
131:     0.002  0.000  0.004  0.002  0.991        1
132:     0.066  0.041  0.070  0.001  0.821        1
133:     0.103  0.006  0.010  0.013  0.868        1
134:     0.019  0.121  0.007  0.028  0.825        1
135:     0.031  0.000  0.165  0.010  0.794        1
136:     0.000  0.000  0.002  0.001  0.997        1
137:     0.004  0.008  0.000  0.036  0.951        1
138:     0.000  0.000  0.001  0.007  0.992        1
139:     0.085  0.000  0.003  0.021  0.891        1
140:     0.062  0.012  0.000  0.031  0.895        1
141:     0.009  0.001  0.002  0.003  0.986        1
142:     0.026  0.115  0.000  0.001  0.858        1
143:     0.063  0.001  0.008  0.003  0.925        1
144:     0.003  0.015  0.002  0.006  0.974        1
145:     0.001  0.000  0.016  0.000  0.982        1
146:     0.044  0.000  0.001  0.003  0.952        1
147:     0.014  0.001  0.002  0.000  0.983        1
148:     0.168  0.323  0.293  0.067  0.149        1
149:     0.184  0.397  0.243  0.060  0.116        1
150:     0.054  0.582  0.206  0.063  0.095        1
151:     0.012  0.374  0.481  0.071  0.063        1
152:     0.074  0.475  0.324  0.075  0.052        1
153:     0.038  0.157  0.694  0.070  0.042        1
154:     0.074  0.821  0.001  0.033  0.072        1
155:     0.032  0.256  0.588  0.080  0.045        1
156:     0.088  0.461  0.309  0.089  0.053        1
157:     0.051  0.804  0.002  0.079  0.064        1
158:     0.023  0.280  0.529  0.074  0.094        1
159:     0.013  0.369  0.499  0.069  0.051        1
160:     0.062  0.454  0.359  0.044  0.080        1
161:     0.120  0.305  0.418  0.049  0.107        1
162:     0.030  0.493  0.298  0.116  0.064        1
163:     0.033  0.585  0.188  0.103  0.091        1
164:     0.077  0.410  0.379  0.074  0.060        1
165:     0.106  0.275  0.419  0.092  0.108        1
166:     0.059  0.828  0.007  0.072  0.033        1
167:     0.077  0.269  0.525  0.090  0.039        1
168:     0.013  0.382  0.519  0.061  0.025        1
169:     0.047  0.166  0.655  0.064  0.068        1
170:     0.039  0.386  0.460  0.067  0.048        1
171:     0.037  0.461  0.351  0.056  0.094        1
172:     0.088  0.534  0.227  0.094  0.057        1
173:     0.071  0.736  0.072  0.081  0.041        1
174:     0.041  0.273  0.568  0.064  0.055        1
175:     0.068  0.441  0.376  0.068  0.047       50
176:     0.051  0.412  0.420  0.069  0.048       49
177:     0.057  0.473  0.357  0.061  0.051       50
178:     0.065  0.413  0.406  0.068  0.048       49
179:     0.063  0.468  0.350  0.065  0.054       23
180:     0.056  0.454  0.376  0.065  0.049       49
181:     0.986  0.005  0.004  0.004  0.001       30
182:     0.962  0.007  0.014  0.011  0.006       30
183:     0.117  0.456  0.296  0.062  0.069       34
184:     0.058  0.433  0.401  0.069  0.040       36
185:     0.068  0.403  0.412  0.065  0.052       40
186:     0.046  0.449  0.392  0.068  0.045       39
187:     0.071  0.462  0.344  0.070  0.052       37
188:     0.077  0.425  0.376  0.068  0.054       40
189:     0.075  0.416  0.397  0.065  0.048       35
190:     0.080  0.476  0.335  0.067  0.043       28
191:     0.068  0.419  0.400  0.063  0.050       36
192:     0.063  0.428  0.399  0.070  0.041       32
--------------------------------------------

 Rep#:   Lambda   Alpha      F1    F2    F3    F4    F5     D1,2  D1,3  D1,4  D1,5  D2,3  D2,4  D2,5  D3,4  D3,5  D4,5    Ln Like 
 2000:    1.00    0.538    0.160 0.017 0.012 0.253 0.147    0.025 0.024 0.055 0.043 0.004 0.042 0.028 0.041 0.027 0.057   --  
 2100:    1.00    0.528    0.158 0.016 0.012 0.253 0.146    0.025 0.024 0.054 0.043 0.004 0.041 0.028 0.040 0.027 0.057   --  
 2200:    1.00    0.523    0.159 0.016 0.012 0.255 0.147    0.025 0.024 0.055 0.043 0.004 0.041 0.027 0.040 0.027 0.057   --  
 2300:    1.00    0.486    0.157 0.016 0.012 0.255 0.145    0.024 0.024 0.054 0.042 0.004 0.041 0.027 0.040 0.027 0.057   --  
 2400:    1.00    0.475    0.156 0.016 0.012 0.250 0.145    0.024 0.024 0.055 0.043 0.004 0.041 0.028 0.040 0.027 0.057   --  
 2500:    1.00    0.454    0.156 0.014 0.012 0.247 0.142    0.024 0.024 0.054 0.042 0.004 0.041 0.027 0.040 0.027 0.057   --  
 2600:    1.00    0.439    0.153 0.014 0.012 0.249 0.146    0.024 0.024 0.054 0.043 0.004 0.040 0.027 0.040 0.027 0.058   --  
 2700:    1.00    0.424    0.154 0.014 0.012 0.246 0.144    0.024 0.023 0.054 0.042 0.004 0.039 0.026 0.039 0.026 0.056   --  
 2800:    1.00    0.401    0.151 0.014 0.012 0.242 0.144    0.024 0.023 0.053 0.042 0.004 0.039 0.027 0.038 0.026 0.056   --  
 2900:    1.00    0.396    0.156 0.014 0.012 0.244 0.145    0.024 0.024 0.054 0.042 0.004 0.039 0.026 0.039 0.026 0.057   --  

--------------------------------------------
Proportion of membership of each pre-defined
 population in each of the 5 clusters

Given    Inferred Clusters                     Number of
 Pop       1      2      3      4      5      Individuals

  1:     0.057  0.441  0.431  0.039  0.032       54
  2:     0.054  0.448  0.430  0.041  0.028       30
  3:     0.698  0.035  0.167  0.045  0.054       30
  4:     0.802  0.121  0.003  0.017  0.057       20
  5:     0.745  0.152  0.013  0.018  0.072       30
  6:     0.044  0.407  0.481  0.033  0.035       43
  7:     0.043  0.468  0.429  0.034  0.026       44
  8:     0.019  0.337  0.569  0.042  0.033        4
  9:     0.010  0.355  0.578  0.034  0.022       22
 10:     0.017  0.320  0.608  0.037  0.018       24
 11:     0.044  0.465  0.425  0.033  0.034       54
 12:     0.034  0.410  0.494  0.036  0.025       37
 13:     0.054  0.418  0.457  0.036  0.034       42
 14:     0.048  0.465  0.422  0.038  0.027       42
 15:     0.053  0.433  0.442  0.041  0.030       49
 16:     0.051  0.444  0.436  0.037  0.032      124
 17:     0.050  0.412  0.463  0.038  0.036       24
 18:     0.035  0.464  0.423  0.043  0.034       34
 19:     0.046  0.440  0.444  0.041  0.029       52
 20:     0.042  0.390  0.463  0.062  0.043        1
 21:     0.009  0.449  0.394  0.045  0.103        1
 22:     0.027  0.276  0.618  0.073  0.005        1
 23:     0.064  0.342  0.456  0.030  0.107        1
 24:     0.031  0.330  0.560  0.041  0.038        1
 25:     0.130  0.268  0.533  0.002  0.067        1
 26:     0.000  0.590  0.293  0.049  0.067        1
 27:     0.070  0.473  0.349  0.042  0.065        1
 28:     0.001  0.303  0.581  0.077  0.038        1
 29:     0.000  0.312  0.577  0.088  0.022        1
 30:     0.084  0.642  0.157  0.023  0.093        1
 31:     0.220  0.144  0.534  0.067  0.035        1
 32:     0.009  0.482  0.431  0.047  0.031        1
 33:     0.098  0.623  0.171  0.084  0.024        1
 34:     0.000  0.431  0.431  0.070  0.069        1
 35:     0.047  0.413  0.491  0.040  0.009        1
 36:     0.044  0.473  0.377  0.030  0.075        1
 37:     0.038  0.437  0.453  0.025  0.047        1
 38:     0.070  0.301  0.473  0.037  0.120        1
 39:     0.020  0.463  0.374  0.079  0.063        1
 40:     0.074  0.431  0.404  0.028  0.063        1
 41:     0.007  0.523  0.346  0.060  0.064        1
 42:     0.022  0.453  0.430  0.056  0.038        1
 43:     0.061  0.861  0.000  0.027  0.051        1
 44:     0.093  0.395  0.466  0.037  0.009        1
 45:     0.012  0.301  0.550  0.113  0.025        1
 46:     0.035  0.282  0.537  0.034  0.112        1
 47:     0.002  0.324  0.589  0.042  0.043        1
 48:     0.040  0.287  0.608  0.026  0.040        1
 49:     0.009  0.270  0.613  0.074  0.034        1
 50:     0.306  0.530  0.019  0.067  0.079        1
 51:     0.182  0.477  0.269  0.038  0.034        1
 52:     0.091  0.391  0.394  0.063  0.062        1
 53:     0.053  0.632  0.217  0.037  0.061        1
 54:     0.000  0.001  0.001  0.998  0.000        1
 55:     0.005  0.001  0.001  0.992  0.001        1
 56:     0.002  0.146  0.006  0.833  0.013        1
 57:     0.000  0.000  0.055  0.944  0.000        1
 58:     0.000  0.000  0.072  0.926  0.001        1
 59:     0.055  0.003  0.092  0.850  0.000        1
 60:     0.000  0.001  0.005  0.994  0.000        1
 61:     0.002  0.000  0.000  0.997  0.001        1
 62:     0.368  0.614  0.000  0.002  0.015        1
