

----------------------------------------------------
STRUCTURE by Pritchard, Stephens and Donnelly (2000)
     and Falush, Stephens and Pritchard (2003)
       Code by Pritchard, Falush and Hubisz
             Version 2.3.4 (Jul 2012)
----------------------------------------------------


Reading file "/workdir/yc2644/CV_CT_array/structure/threader_input/mainparams".
Reading file "/workdir/yc2644/CV_CT_array/structure/threader_input/extraparams".
Reading file "/workdir/yc2644/CV_CT_array/structure/threader_input/n1601.recode.strct_in".


Data file "/workdir/yc2644/CV_CT_array/structure/threader_input/n1601.recode.strct_in" (truncated) --

Ind:   Label Pop : Genotype_data . . . .
  1:  001s    1  :  2   1   2   2   2   1   2  . . . .   2
  1:  001s    1  :  2   2   2   2   2   2   2  . . . .   2
  2:  002s    1  :  2   2   2   2   1   1   2  . . . .   2
  2:  002s    1  :  2   2   2   2   2   2   2  . . . .   2
  3:  003s    1  :  1   2   1   2   2   2   2  . . . .   1
  3:  003s    1  :  2   2   1   2   2   2   2  . . . .   2
  4:  004s    1  :  1   1   2   2   1   2   2  . . . .   1
  4:  004s    1  :  2   1   2   2   2   2   2  . . . .   2

      *******   

1600:    49  192  :  2   2   2   2   2   1   2  . . . .   1
1600:    49  192  :  2   2   2   2   2   2   2  . . . .   2
1601:    50  192  :  2   1   2   2   1   2   2  . . . .   1
1601:    50  192  :  2   2   2   2   2   2   2  . . . .   2

Number of alleles per locus: min= 2; ave=2.0; max= 2


--------------------------------------

Finished initialization; starting MCMC 
100000 iterations + 10000 burnin


--------------------------------------------
Proportion of membership of each pre-defined
 population in each of the 5 clusters

Given    Inferred Clusters                     Number of
 Pop       1      2      3      4      5      Individuals

  1:     0.123  0.270  0.142  0.262  0.203       54
  2:     0.122  0.305  0.134  0.232  0.207       30
  3:     0.154  0.038  0.563  0.069  0.176       30
  4:     0.518  0.016  0.340  0.033  0.092       20
  5:     0.483  0.027  0.354  0.065  0.072       30
  6:     0.132  0.302  0.131  0.240  0.195       43
  7:     0.133  0.286  0.128  0.284  0.169       44
  8:     0.098  0.389  0.135  0.269  0.109        4
  9:     0.147  0.343  0.099  0.250  0.161       22
 10:     0.120  0.322  0.104  0.261  0.192       24
 11:     0.133  0.269  0.124  0.297  0.178       54
 12:     0.125  0.284  0.121  0.285  0.184       37
 13:     0.138  0.284  0.140  0.253  0.186       42
 14:     0.134  0.304  0.138  0.263  0.162       42
 15:     0.143  0.279  0.128  0.251  0.200       49
 16:     0.141  0.266  0.130  0.284  0.179      124
 17:     0.148  0.313  0.128  0.215  0.196       24
 18:     0.142  0.310  0.120  0.250  0.178       34
 19:     0.132  0.301  0.134  0.235  0.197       52
 20:     0.158  0.291  0.134  0.240  0.176        1
 21:     0.162  0.302  0.126  0.359  0.052        1
 22:     0.149  0.262  0.164  0.241  0.184        1
 23:     0.172  0.239  0.118  0.197  0.275        1
 24:     0.125  0.204  0.131  0.451  0.089        1
 25:     0.112  0.373  0.184  0.067  0.264        1
 26:     0.162  0.284  0.138  0.249  0.167        1
 27:     0.188  0.373  0.171  0.177  0.092        1
 28:     0.073  0.370  0.110  0.260  0.186        1
 29:     0.176  0.320  0.098  0.222  0.184        1
 30:     0.183  0.242  0.183  0.169  0.222        1
 31:     0.155  0.019  0.207  0.399  0.220        1
 32:     0.124  0.293  0.019  0.351  0.214        1
 33:     0.107  0.301  0.197  0.292  0.104        1
 34:     0.215  0.282  0.133  0.194  0.175        1
 35:     0.127  0.406  0.125  0.070  0.272        1
 36:     0.125  0.264  0.186  0.266  0.159        1
 37:     0.188  0.364  0.128  0.127  0.193        1
 38:     0.153  0.334  0.114  0.181  0.218        1
 39:     0.170  0.372  0.055  0.096  0.308        1
 40:     0.151  0.197  0.083  0.288  0.281        1
 41:     0.161  0.336  0.132  0.214  0.157        1
 42:     0.050  0.271  0.136  0.273  0.270        1
 43:     0.177  0.261  0.144  0.219  0.199        1
 44:     0.185  0.226  0.197  0.226  0.166        1
 45:     0.120  0.310  0.104  0.257  0.208        1
 46:     0.146  0.294  0.148  0.177  0.235        1
 47:     0.089  0.402  0.131  0.322  0.056        1
 48:     0.184  0.282  0.089  0.254  0.191        1
 49:     0.117  0.392  0.145  0.274  0.073        1
 50:     0.286  0.314  0.216  0.014  0.170        1
 51:     0.204  0.133  0.202  0.275  0.186        1
 52:     0.187  0.224  0.137  0.227  0.225        1
 53:     0.158  0.175  0.107  0.426  0.135        1
 54:     0.513  0.176  0.069  0.118  0.124        1
 55:     0.587  0.063  0.077  0.186  0.087        1
 56:     0.582  0.140  0.024  0.217  0.037        1
 57:     0.536  0.242  0.053  0.122  0.047        1
 58:     0.542  0.168  0.059  0.099  0.132        1
 59:     0.436  0.180  0.090  0.180  0.113        1
 60:     0.585  0.300  0.046  0.023  0.046        1
 61:     0.683  0.035  0.052  0.125  0.104        1
 62:     0.202  0.100  0.331  0.156  0.211        1
 63:     0.621  0.116  0.009  0.085  0.168        1
 64:     0.685  0.150  0.076  0.076  0.014        1
 65:     0.656  0.230  0.053  0.025  0.036        1
 66:     0.654  0.141  0.018  0.076  0.110        1
 67:     0.436  0.036  0.100  0.109  0.319        1
 68:     0.551  0.136  0.030  0.191  0.091        1
 69:     0.730  0.140  0.049  0.040  0.042        1
 70:     0.645  0.238  0.013  0.012  0.091        1
 71:     0.681  0.268  0.005  0.037  0.008        1
 72:     0.639  0.154  0.012  0.095  0.101        1
 73:     0.548  0.144  0.093  0.115  0.100        1
 74:     0.465  0.149  0.085  0.136  0.164        1
 75:     0.598  0.126  0.085  0.118  0.073        1
 76:     0.114  0.095  0.501  0.159  0.131        1
 77:     0.552  0.167  0.065  0.075  0.141        1
 78:     0.626  0.159  0.039  0.016  0.160        1
 79:     0.555  0.102  0.095  0.143  0.105        1
 80:     0.608  0.089  0.045  0.030  0.229        1
 81:     0.650  0.085  0.045  0.186  0.034        1
 82:     0.411  0.131  0.133  0.104  0.221        1
 83:     0.528  0.056  0.016  0.268  0.131        1
 84:     0.729  0.052  0.105  0.034  0.079        1
 85:     0.584  0.053  0.078  0.059  0.227        1
 86:     0.707  0.087  0.045  0.033  0.128        1
 87:     0.689  0.042  0.068  0.026  0.175        1
 88:     0.503  0.038  0.022  0.012  0.425        1
 89:     0.700  0.068  0.056  0.018  0.159        1
 90:     0.603  0.024  0.140  0.043  0.190        1
 91:     0.657  0.087  0.104  0.072  0.080        1
 92:     0.661  0.137  0.060  0.033  0.110        1
 93:     0.776  0.047  0.109  0.031  0.037        1
 94:     0.034  0.009  0.150  0.007  0.799        1
 95:     0.589  0.054  0.090  0.089  0.178        1
 96:     0.627  0.025  0.090  0.048  0.210        1
 97:     0.642  0.059  0.046  0.017  0.236        1
 98:     0.689  0.038  0.038  0.086  0.149        1
 99:     0.758  0.031  0.043  0.053  0.116        1
100:     0.661  0.019  0.052  0.036  0.233        1
101:     0.715  0.194  0.017  0.066  0.009        1
102:     0.639  0.099  0.074  0.073  0.114        1
103:     0.740  0.100  0.029  0.038  0.093        1
104:     0.641  0.026  0.018  0.002  0.313        1
105:     0.550  0.001  0.083  0.069  0.297        1
106:     0.556  0.107  0.046  0.139  0.152        1
107:     0.646  0.021  0.120  0.053  0.159        1
108:     0.544  0.055  0.071  0.106  0.224        1
109:     0.601  0.070  0.089  0.005  0.236        1
110:     0.581  0.089  0.075  0.073  0.183        1
111:     0.634  0.015  0.071  0.036  0.244        1
112:     0.628  0.085  0.055  0.059  0.173        1
113:     0.669  0.027  0.009  0.003  0.293        1
114:     0.623  0.015  0.017  0.019  0.327        1
115:     0.611  0.083  0.099  0.054  0.153        1
116:     0.734  0.044  0.074  0.028  0.119        1
117:     0.768  0.044  0.046  0.034  0.109        1
118:     0.776  0.017  0.075  0.110  0.022        1
119:     0.625  0.167  0.075  0.023  0.109        1
120:     0.705  0.046  0.036  0.026  0.187        1
121:     0.677  0.025  0.037  0.126  0.134        1
122:     0.685  0.051  0.043  0.077  0.144        1
123:     0.713  0.029  0.052  0.011  0.195        1
124:     0.544  0.000  0.062  0.017  0.377        1
125:     0.813  0.083  0.013  0.060  0.032        1
126:     0.601  0.085  0.050  0.021  0.243        1
127:     0.714  0.027  0.019  0.028  0.211        1
128:     0.651  0.054  0.080  0.049  0.166        1
129:     0.557  0.018  0.044  0.026  0.355        1
130:     0.573  0.004  0.064  0.027  0.332        1
131:     0.769  0.033  0.091  0.033  0.075        1
132:     0.517  0.090  0.086  0.016  0.292        1
133:     0.593  0.028  0.106  0.024  0.249        1
134:     0.536  0.044  0.133  0.010  0.277        1
135:     0.570  0.105  0.020  0.173  0.132        1
136:     0.769  0.033  0.024  0.056  0.118        1
137:     0.688  0.055  0.030  0.113  0.114        1
138:     0.616  0.082  0.076  0.045  0.181        1
139:     0.645  0.026  0.099  0.051  0.178        1
140:     0.662  0.010  0.095  0.046  0.187        1
141:     0.750  0.080  0.075  0.014  0.080        1
142:     0.604  0.012  0.062  0.082  0.240        1
143:     0.515  0.005  0.045  0.034  0.400        1
144:     0.596  0.048  0.070  0.061  0.226        1
145:     0.693  0.025  0.039  0.082  0.161        1
146:     0.576  0.028  0.011  0.082  0.304        1
147:     0.701  0.031  0.034  0.007  0.228        1
148:     0.251  0.113  0.095  0.136  0.406        1
149:     0.217  0.103  0.105  0.238  0.336        1
150:     0.191  0.283  0.100  0.208  0.218        1
151:     0.132  0.354  0.133  0.178  0.203        1
152:     0.155  0.222  0.148  0.438  0.037        1
153:     0.134  0.309  0.178  0.249  0.129        1
154:     0.190  0.272  0.118  0.225  0.194        1
155:     0.196  0.304  0.098  0.245  0.157        1
156:     0.178  0.249  0.171  0.211  0.190        1
157:     0.106  0.181  0.130  0.341  0.241        1
158:     0.193  0.363  0.127  0.213  0.104        1
159:     0.194  0.446  0.093  0.066  0.202        1
160:     0.164  0.290  0.127  0.239  0.181        1
161:     0.189  0.167  0.144  0.199  0.300        1
162:     0.286  0.332  0.012  0.234  0.136        1
163:     0.160  0.105  0.043  0.336  0.358        1
164:     0.152  0.166  0.069  0.187  0.427        1
165:     0.188  0.178  0.162  0.261  0.212        1
166:     0.200  0.484  0.153  0.089  0.074        1
167:     0.153  0.229  0.182  0.244  0.191        1
168:     0.149  0.343  0.077  0.330  0.100        1
169:     0.147  0.260  0.161  0.179  0.253        1
170:     0.152  0.245  0.103  0.209  0.291        1
171:     0.123  0.224  0.139  0.283  0.231        1
172:     0.196  0.255  0.152  0.224  0.173        1
173:     0.186  0.155  0.067  0.398  0.193        1
174:     0.153  0.279  0.154  0.210  0.204        1
175:     0.142  0.312  0.132  0.211  0.203       50
176:     0.128  0.295  0.126  0.270  0.181       49
177:     0.125  0.291  0.135  0.271  0.178       50
178:     0.136  0.287  0.138  0.254  0.184       49
179:     0.148  0.304  0.132  0.243  0.173       23
180:     0.136  0.291  0.130  0.253  0.190       49
181:     0.027  0.013  0.903  0.022  0.035       30
182:     0.107  0.018  0.691  0.037  0.147       30
183:     0.131  0.294  0.170  0.221  0.183       34
184:     0.122  0.281  0.125  0.285  0.187       36
185:     0.141  0.278  0.131  0.263  0.188       40
186:     0.123  0.306  0.117  0.246  0.208       39
187:     0.140  0.295  0.126  0.247  0.191       37
188:     0.146  0.299  0.128  0.242  0.185       40
189:     0.141  0.302  0.136  0.250  0.170       35
190:     0.120  0.288  0.143  0.257  0.193       28
191:     0.118  0.284  0.135  0.228  0.236       36
192:     0.130  0.289  0.136  0.258  0.188       32
--------------------------------------------

 Rep#:   Lambda   Alpha      F1    F2    F3    F4    F5     D1,2  D1,3  D1,4  D1,5  D2,3  D2,4  D2,5  D3,4  D3,5  D4,5    Ln Like 
  100:    1.00    1.692    0.130 0.055 0.250 0.018 0.010    0.038 0.051 0.027 0.022 0.055 0.008 0.011 0.042 0.038 0.005   --  
  200:    1.00    1.417    0.173 0.053 0.240 0.017 0.010    0.041 0.054 0.032 0.030 0.045 0.010 0.010 0.037 0.036 0.004   --  
  300:    1.00    1.223    0.178 0.133 0.211 0.016 0.010    0.045 0.051 0.034 0.032 0.042 0.026 0.025 0.036 0.033 0.004   --  
  400:    1.00    1.072    0.178 0.263 0.211 0.016 0.010    0.052 0.047 0.037 0.035 0.048 0.053 0.051 0.038 0.035 0.004   --  
  500:    1.00    1.048    0.174 0.282 0.198 0.020 0.010    0.054 0.046 0.036 0.034 0.050 0.056 0.052 0.035 0.032 0.004   --  
  600:    1.00    0.957    0.171 0.274 0.179 0.023 0.010    0.055 0.045 0.035 0.032 0.050 0.054 0.049 0.033 0.030 0.004   --  
  700:    1.00    0.926    0.168 0.273 0.179 0.024 0.010    0.056 0.045 0.035 0.031 0.051 0.053 0.048 0.032 0.029 0.004   --  
  800:    1.00    0.904    0.165 0.273 0.177 0.026 0.010    0.056 0.044 0.034 0.030 0.052 0.053 0.047 0.032 0.028 0.005   --  
  900:    1.00    0.851    0.162 0.271 0.172 0.026 0.010    0.057 0.044 0.033 0.030 0.052 0.052 0.047 0.031 0.027 0.005   --  

--------------------------------------------
Proportion of membership of each pre-defined
 population in each of the 5 clusters

Given    Inferred Clusters                     Number of
 Pop       1      2      3      4      5      Individuals

  1:     0.074  0.164  0.103  0.404  0.256       54
  2:     0.068  0.175  0.096  0.388  0.273       30
  3:     0.068  0.073  0.694  0.015  0.150       30
  4:     0.108  0.030  0.831  0.013  0.018       20
  5:     0.120  0.035  0.772  0.047  0.025       30
  6:     0.072  0.166  0.092  0.404  0.267       43
  7:     0.073  0.161  0.089  0.434  0.244       44
  8:     0.095  0.175  0.063  0.564  0.102        4
  9:     0.072  0.171  0.055  0.467  0.235       22
 10:     0.076  0.170  0.057  0.490  0.207       24
 11:     0.076  0.162  0.087  0.431  0.244       54
 12:     0.067  0.169  0.083  0.456  0.224       37
 13:     0.074  0.162  0.104  0.399  0.262       42
 14:     0.071  0.166  0.096  0.421  0.247       42
 15:     0.073  0.168  0.093  0.411  0.254       49
 16:     0.077  0.162  0.100  0.416  0.246      124
 17:     0.074  0.167  0.087  0.423  0.249       24
 18:     0.073  0.170  0.080  0.415  0.262       34
 19:     0.067  0.161  0.099  0.412  0.261       52
 20:     0.078  0.155  0.036  0.465  0.266        1
 21:     0.127  0.173  0.058  0.580  0.062        1
 22:     0.067  0.209  0.050  0.451  0.223        1
 23:     0.121  0.142  0.144  0.326  0.267        1
 24:     0.077  0.169  0.043  0.476  0.235        1
 25:     0.092  0.120  0.141  0.367  0.280        1
 26:     0.117  0.171  0.067  0.461  0.184        1
 27:     0.075  0.146  0.108  0.278  0.392        1
 28:     0.067  0.179  0.060  0.287  0.406        1
 29:     0.096  0.173  0.058  0.413  0.260        1
 30:     0.114  0.147  0.114  0.219  0.406        1
 31:     0.072  0.128  0.240  0.347  0.212        1
 32:     0.081  0.144  0.116  0.467  0.192        1
 33:     0.068  0.200  0.143  0.497  0.091        1
 34:     0.069  0.230  0.018  0.391  0.293        1
 35:     0.070  0.178  0.091  0.553  0.109        1
 36:     0.101  0.180  0.109  0.564  0.045        1
 37:     0.069  0.139  0.058  0.417  0.317        1
 38:     0.160  0.144  0.127  0.507  0.061        1
 39:     0.115  0.193  0.062  0.365  0.265        1
 40:     0.132  0.153  0.091  0.175  0.449        1
 41:     0.094  0.196  0.036  0.443  0.232        1
 42:     0.086  0.153  0.064  0.319  0.377        1
 43:     0.076  0.150  0.090  0.323  0.360        1
 44:     0.061  0.161  0.157  0.449  0.173        1
 45:     0.089  0.209  0.008  0.234  0.460        1
 46:     0.164  0.149  0.086  0.461  0.139        1
 47:     0.084  0.171  0.037  0.528  0.180        1
 48:     0.094  0.151  0.063  0.414  0.278        1
 49:     0.086  0.193  0.069  0.595  0.058        1
 50:     0.038  0.131  0.349  0.075  0.407        1
 51:     0.093  0.130  0.265  0.353  0.159        1
 52:     0.123  0.169  0.110  0.517  0.081        1
 53:     0.098  0.169  0.089  0.431  0.213        1
 54:     0.000  0.992  0.002  0.005  0.000        1
 55:     0.000  0.987  0.008  0.005  0.000        1
 56:     0.050  0.863  0.013  0.068  0.005        1
 57:     0.004  0.987  0.001  0.003  0.005        1
 58:     0.011  0.945  0.018  0.004  0.022        1
 59:     0.037  0.882  0.023  0.038  0.019        1
 60:     0.000  0.995  0.000  0.003  0.001        1
 61:     0.004  0.993  0.001  0.001  0.001        1
 62:     0.068  0.049  0.408  0.012  0.463        1
 63:     0.034  0.926  0.029  0.006  0.005        1
 64:     0.000  0.999  0.000  0.000  0.000        1
 65:     0.001  0.998  0.000  0.000  0.000        1
 66:     0.014  0.961  0.015  0.006  0.004        1
 67:     0.105  0.689  0.078  0.012  0.116        1
 68:     0.020  0.942  0.037  0.000  0.001        1
 69:     0.012  0.982  0.003  0.003  0.001        1
 70:     0.047  0.850  0.026  0.075  0.002        1
 71:     0.007  0.988  0.004  0.000  0.001        1
 72:     0.000  0.997  0.000  0.002  0.001        1
 73:     0.001  0.999  0.000  0.000  0.000        1
 74:     0.043  0.807  0.108  0.004  0.039        1
 75:     0.001  0.998  0.000  0.000  0.001        1
 76:     0.135  0.030  0.567  0.039  0.230        1
 77:     0.000  0.997  0.002  0.000  0.000        1
 78:     0.036  0.828  0.093  0.036  0.006        1
 79:     0.000  0.998  0.002  0.000  0.000        1
 80:     0.015  0.982  0.003  0.000  0.000        1
 81:     0.000  0.995  0.002  0.002  0.001        1
 82:     0.203  0.576  0.066  0.134  0.021        1
 83:     0.000  0.997  0.000  0.001  0.001        1
 84:     0.932  0.008  0.043  0.007  0.011        1
 85:     0.938  0.004  0.039  0.019  0.000        1
 86:     0.871  0.041  0.017  0.037  0.034        1
 87:     0.974  0.017  0.005  0.003  0.001        1
 88:     0.975  0.008  0.002  0.009  0.006        1
 89:     0.943  0.011  0.004  0.010  0.032        1
 90:     0.985  0.009  0.006  0.001  0.000        1
 91:     0.972  0.007  0.004  0.002  0.015        1
 92:     0.835  0.033  0.001  0.111  0.020        1
 93:     0.916  0.014  0.068  0.001  0.001        1
 94:     0.876  0.029  0.008  0.007  0.081        1
 95:     0.880  0.016  0.035  0.044  0.025        1
 96:     0.979  0.017  0.003  0.002  0.000        1
 97:     0.925  0.049  0.013  0.012  0.001        1
 98:     0.928  0.033  0.011  0.004  0.025        1
 99:     0.997  0.000  0.000  0.001  0.002        1
100:     0.998  0.001  0.001  0.000  0.000        1
101:     0.806  0.055  0.045  0.045  0.049        1
102:     0.790  0.072  0.026  0.108  0.005        1
103:     0.962  0.009  0.005  0.020  0.003        1
104:     0.957  0.039  0.003  0.001  0.001        1
105:     0.881  0.094  0.015  0.008  0.001        1
106:     0.794  0.061  0.005  0.127  0.013        1
107:     0.951  0.010  0.021  0.015  0.002        1
108:     0.811  0.028  0.051  0.029  0.081        1
109:     0.741  0.047  0.113  0.036  0.062        1
110:     0.763  0.065  0.009  0.031  0.132        1
111:     0.935  0.008  0.036  0.012  0.010        1
112:     0.976  0.008  0.004  0.002  0.009        1
113:     0.944  0.000  0.036  0.018  0.002        1
114:     0.948  0.044  0.007  0.001  0.001        1
115:     0.933  0.036  0.012  0.015  0.004        1
116:     0.976  0.009  0.011  0.003  0.000        1
117:     0.921  0.000  0.052  0.008  0.019        1
118:     0.963  0.036  0.000  0.000  0.001        1
119:     0.887  0.040  0.003  0.018  0.053        1
120:     0.906  0.077  0.000  0.006  0.010        1
121:     0.944  0.024  0.022  0.002  0.007        1
122:     0.951  0.039  0.007  0.002  0.001        1
123:     0.986  0.003  0.011  0.000  0.000        1
124:     0.860  0.027  0.065  0.000  0.048        1
125:     0.979  0.004  0.011  0.002  0.003        1
126:     0.867  0.048  0.037  0.000  0.048        1
127:     0.929  0.041  0.007  0.017  0.006        1
128:     0.929  0.030  0.001  0.004  0.035        1
129:     0.989  0.006  0.002  0.001  0.001        1
130:     0.900  0.037  0.053  0.002  0.007        1
131:     0.989  0.008  0.001  0.002  0.001        1
132:     0.811  0.032  0.084  0.021  0.052        1
133:     0.859  0.037  0.101  0.002  0.001        1
134:     0.854  0.054  0.034  0.006  0.053        1
135:     0.831  0.020  0.049  0.005  0.094        1
136:     0.996  0.001  0.001  0.001  0.002        1
137:     0.955  0.030  0.000  0.008  0.007        1
138:     0.967  0.027  0.002  0.003  0.001        1
139:     0.924  0.017  0.052  0.002  0.006        1
140:     0.901  0.038  0.057  0.001  0.003        1
141:     0.980  0.001  0.014  0.000  0.004        1
142:     0.850  0.029  0.014  0.009  0.098        1
143:     0.927  0.034  0.034  0.004  0.001        1
144:     0.976  0.004  0.001  0.019  0.000        1
145:     0.984  0.005  0.002  0.005  0.004        1
146:     0.920  0.016  0.015  0.027  0.021        1
147:     0.981  0.007  0.000  0.007  0.005        1
148:     0.136  0.148  0.154  0.207  0.355        1
149:     0.137  0.132  0.191  0.233  0.307        1
150:     0.137  0.152  0.077  0.409  0.225        1
151:     0.077  0.227  0.022  0.397  0.276        1
152:     0.069  0.155  0.115  0.451  0.209        1
153:     0.099  0.174  0.095  0.538  0.094        1
154:     0.055  0.155  0.031  0.241  0.517        1
155:     0.107  0.145  0.067  0.524  0.158        1
156:     0.084  0.193  0.090  0.361  0.273        1
157:     0.098  0.171  0.048  0.187  0.496        1
158:     0.098  0.163  0.047  0.278  0.414        1
159:     0.094  0.188  0.012  0.287  0.419        1
160:     0.074  0.153  0.095  0.413  0.265        1
161:     0.128  0.141  0.129  0.347  0.256        1
162:     0.042  0.204  0.054  0.251  0.448        1
163:     0.108  0.171  0.065  0.471  0.185        1
164:     0.088  0.146  0.087  0.341  0.338        1
165:     0.133  0.170  0.134  0.327  0.237        1
166:     0.048  0.145  0.127  0.360  0.319        1
167:     0.093  0.174  0.106  0.398  0.228        1
168:     0.064  0.161  0.041  0.621  0.113        1
169:     0.109  0.154  0.073  0.270  0.393        1
170:     0.070  0.210  0.029  0.317  0.374        1
171:     0.052  0.198  0.077  0.500  0.172        1
172:     0.084  0.181  0.084  0.505  0.146        1
173:     0.069  0.152  0.125  0.410  0.244        1
174:     0.076  0.182  0.063  0.412  0.267        1
175:     0.072  0.160  0.094  0.388  0.287       50
176:     0.072  0.167  0.086  0.450  0.225       49
177:     0.070  0.162  0.089  0.460  0.219       50
178:     0.065  0.164  0.100  0.412  0.260       49
179:     0.077  0.156  0.099  0.384  0.283       23
180:     0.067  0.170  0.084  0.414  0.266       49
181:     0.004  0.005  0.984  0.003  0.004       30
182:     0.010  0.014  0.953  0.007  0.016       30
183:     0.073  0.141  0.132  0.236  0.418       34
184:     0.063  0.160  0.089  0.364  0.324       36
185:     0.074  0.160  0.090  0.347  0.329       40
186:     0.067  0.164  0.077  0.364  0.329       39
187:     0.070  0.160  0.095  0.340  0.335       37
188:     0.072  0.157  0.097  0.337  0.337       40
189:     0.074  0.161  0.093  0.345  0.327       35
190:     0.072  0.162  0.096  0.352  0.317       28
191:     0.064  0.158  0.088  0.317  0.373       36
192:     0.059  0.168  0.090  0.337  0.346       32
--------------------------------------------

 Rep#:   Lambda   Alpha      F1    F2    F3    F4    F5     D1,2  D1,3  D1,4  D1,5  D2,3  D2,4  D2,5  D3,4  D3,5  D4,5    Ln Like 
 1000:    1.00    0.816    0.153 0.270 0.168 0.026 0.010    0.057 0.043 0.032 0.029 0.052 0.051 0.046 0.030 0.026 0.005   --  
 1100:    1.00    0.801    0.155 0.268 0.167 0.025 0.010    0.057 0.044 0.032 0.029 0.053 0.050 0.046 0.030 0.026 0.005   --  
 1200:    1.00    0.783    0.156 0.260 0.162 0.025 0.010    0.058 0.043 0.032 0.029 0.053 0.049 0.045 0.028 0.025 0.005   --  
 1300:    1.00    0.740    0.153 0.262 0.160 0.023 0.010    0.057 0.043 0.031 0.029 0.053 0.048 0.044 0.028 0.025 0.005   --  
 1400:    1.00    0.712    0.156 0.265 0.162 0.023 0.010    0.058 0.043 0.031 0.029 0.054 0.048 0.044 0.028 0.025 0.005   --  
 1500:    1.00    0.691    0.153 0.259 0.156 0.023 0.010    0.057 0.043 0.030 0.028 0.054 0.047 0.044 0.028 0.025 0.005   --  
 1600:    1.00    0.671    0.151 0.259 0.162 0.024 0.011    0.057 0.043 0.030 0.028 0.054 0.046 0.043 0.028 0.025 0.005   --  
 1700:    1.00    0.659    0.148 0.261 0.159 0.023 0.011    0.057 0.043 0.030 0.027 0.054 0.046 0.043 0.027 0.024 0.005   --  
 1800:    1.00    0.646    0.148 0.256 0.152 0.023 0.011    0.057 0.043 0.029 0.027 0.054 0.046 0.042 0.027 0.024 0.005   --  
 1900:    1.00    0.602    0.146 0.255 0.157 0.023 0.011    0.058 0.043 0.029 0.027 0.054 0.045 0.042 0.026 0.024 0.005   --  

--------------------------------------------
Proportion of membership of each pre-defined
 population in each of the 5 clusters

Given    Inferred Clusters                     Number of
 Pop       1      2      3      4      5      Individuals

  1:     0.049  0.101  0.070  0.513  0.267       54
  2:     0.046  0.102  0.071  0.509  0.272       30
  3:     0.055  0.058  0.687  0.014  0.186       30
  4:     0.088  0.031  0.835  0.018  0.028       20
  5:     0.103  0.033  0.768  0.062  0.035       30
  6:     0.048  0.103  0.072  0.534  0.243       43
  7:     0.043  0.097  0.070  0.529  0.261       44
  8:     0.051  0.102  0.058  0.663  0.126        4
  9:     0.043  0.102  0.031  0.651  0.174       22
 10:     0.044  0.104  0.042  0.655  0.155       24
 11:     0.048  0.093  0.067  0.515  0.276       54
 12:     0.043  0.098  0.059  0.557  0.243       37
 13:     0.048  0.100  0.076  0.522  0.255       42
 14:     0.042  0.097  0.068  0.517  0.276       42
 15:     0.050  0.103  0.072  0.513  0.263       49
 16:     0.048  0.098  0.077  0.512  0.265      124
 17:     0.046  0.108  0.067  0.562  0.216       24
 18:     0.048  0.101  0.056  0.511  0.283       34
 19:     0.046  0.100  0.065  0.519  0.270       52
 20:     0.073  0.084  0.056  0.530  0.257        1
 21:     0.107  0.141  0.046  0.626  0.080        1
 22:     0.038  0.121  0.042  0.503  0.295        1
 23:     0.117  0.091  0.092  0.532  0.167        1
 24:     0.049  0.083  0.044  0.722  0.103        1
 25:     0.076  0.090  0.076  0.346  0.412        1
 26:     0.100  0.137  0.065  0.512  0.186        1
 27:     0.071  0.111  0.069  0.532  0.217        1
 28:     0.044  0.120  0.003  0.401  0.431        1
 29:     0.050  0.120  0.005  0.536  0.289        1
 30:     0.050  0.105  0.109  0.356  0.380        1
 31:     0.046  0.114  0.202  0.555  0.082        1
 32:     0.053  0.087  0.011  0.548  0.302        1
 33:     0.025  0.104  0.078  0.366  0.427        1
 34:     0.070  0.134  0.015  0.409  0.371        1
 35:     0.063  0.104  0.059  0.765  0.009        1
 36:     0.079  0.144  0.086  0.652  0.039        1
 37:     0.052  0.069  0.044  0.437  0.399        1
 38:     0.133  0.103  0.087  0.484  0.193        1
 39:     0.072  0.141  0.039  0.659  0.089        1
 40:     0.068  0.105  0.090  0.485  0.252        1
 41:     0.078  0.114  0.027  0.584  0.197        1
 42:     0.051  0.115  0.068  0.288  0.479        1
 43:     0.038  0.094  0.019  0.222  0.627        1
 44:     0.037  0.115  0.101  0.469  0.278        1
 45:     0.061  0.127  0.027  0.411  0.374        1
 46:     0.136  0.061  0.047  0.386  0.370        1
 47:     0.022  0.081  0.038  0.467  0.391        1
 48:     0.049  0.092  0.021  0.456  0.383        1
 49:     0.059  0.118  0.056  0.669  0.099        1
 50:     0.070  0.064  0.318  0.075  0.473        1
 51:     0.041  0.103  0.204  0.433  0.218        1
 52:     0.099  0.120  0.067  0.679  0.035        1
 53:     0.081  0.116  0.066  0.449  0.287        1
 54:     0.002  0.995  0.002  0.000  0.000        1
 55:     0.000  0.999  0.000  0.001  0.000        1
 56:     0.016  0.823  0.005  0.096  0.060        1
 57:     0.002  0.956  0.003  0.026  0.013        1
 58:     0.009  0.925  0.016  0.035  0.015        1
 59:     0.000  0.872  0.030  0.029  0.069        1
 60:     0.003  0.990  0.004  0.003  0.000        1
 61:     0.000  0.998  0.000  0.000  0.001        1
 62:     0.037  0.018  0.329  0.025  0.591        1
 63:     0.041  0.927  0.020  0.000  0.012        1
 64:     0.001  0.998  0.000  0.001  0.000        1
 65:     0.001  0.998  0.000  0.001  0.000        1
 66:     0.012  0.964  0.012  0.009  0.004        1
 67:     0.114  0.602  0.076  0.004  0.203        1
 68:     0.000  0.934  0.027  0.001  0.038        1
 69:     0.002  0.983  0.004  0.011  0.000        1
 70:     0.032  0.806  0.058  0.101  0.004        1
 71:     0.003  0.997  0.000  0.000  0.000        1
 72:     0.000  0.997  0.002  0.001  0.000        1
 73:     0.000  0.999  0.000  0.001  0.000        1
 74:     0.000  0.783  0.024  0.058  0.135        1
 75:     0.000  1.000  0.000  0.000  0.000        1
 76:     0.113  0.016  0.510  0.005  0.356        1
 77:     0.000  0.999  0.000  0.000  0.000        1
 78:     0.002  0.796  0.069  0.029  0.104        1
 79:     0.001  0.999  0.000  0.000  0.000        1
 80:     0.006  0.984  0.001  0.000  0.008        1
 81:     0.000  0.999  0.000  0.001  0.001        1
 82:     0.142  0.547  0.067  0.047  0.197        1
 83:     0.002  0.996  0.000  0.001  0.001        1
 84:     0.955  0.009  0.036  0.000  0.000        1
 85:     0.967  0.011  0.021  0.000  0.001        1
 86:     0.867  0.024  0.016  0.016  0.077        1
 87:     0.986  0.003  0.000  0.001  0.010        1
 88:     0.984  0.007  0.000  0.009  0.000        1
 89:     0.955  0.007  0.000  0.017  0.021        1
 90:     0.982  0.004  0.011  0.002  0.001        1
 91:     0.969  0.010  0.012  0.007  0.001        1
 92:     0.815  0.019  0.006  0.082  0.079        1
 93:     0.916  0.000  0.077  0.007  0.000        1
 94:     0.900  0.012  0.002  0.009  0.078        1
 95:     0.862  0.015  0.060  0.007  0.057        1
 96:     0.992  0.000  0.000  0.000  0.007        1
 97:     0.958  0.035  0.000  0.004  0.002        1
 98:     0.953  0.031  0.012  0.004  0.000        1
 99:     0.994  0.001  0.002  0.001  0.002        1
100:     0.975  0.006  0.016  0.003  0.000        1
101:     0.755  0.032  0.016  0.062  0.134        1
102:     0.793  0.045  0.021  0.121  0.019        1
103:     0.967  0.001  0.001  0.012  0.019        1
104:     0.940  0.043  0.004  0.010  0.003        1
105:     0.914  0.030  0.052  0.001  0.003        1
106:     0.777  0.068  0.001  0.119  0.035        1
107:     0.956  0.001  0.027  0.012  0.003        1
108:     0.856  0.000  0.002  0.049  0.092        1
109:     0.744  0.024  0.116  0.012  0.104        1
110:     0.781  0.055  0.010  0.059  0.095        1
111:     0.947  0.000  0.023  0.012  0.018        1
112:     0.993  0.002  0.001  0.001  0.002        1
113:     0.944  0.005  0.051  0.000  0.000        1
114:     0.946  0.018  0.010  0.015  0.010        1
115:     0.928  0.009  0.018  0.001  0.044        1
116:     0.986  0.002  0.011  0.000  0.001        1
117:     0.934  0.000  0.062  0.000  0.004        1
118:     0.966  0.007  0.016  0.005  0.005        1
119:     0.855  0.034  0.000  0.031  0.080        1
120:     0.944  0.048  0.002  0.001  0.004        1
121:     0.950  0.015  0.011  0.001  0.023        1
122:     0.945  0.011  0.002  0.026  0.018        1
123:     0.989  0.004  0.000  0.001  0.006        1
124:     0.841  0.013  0.121  0.023  0.002        1
125:     0.994  0.001  0.000  0.003  0.002        1
126:     0.878  0.041  0.030  0.034  0.018        1
127:     0.901  0.003  0.041  0.050  0.005        1
128:     0.961  0.017  0.000  0.021  0.002        1
129:     0.996  0.003  0.000  0.000  0.001        1
130:     0.915  0.023  0.055  0.002  0.006        1
131:     0.984  0.000  0.015  0.000  0.000        1
132:     0.824  0.004  0.044  0.075  0.053        1
133:     0.869  0.016  0.107  0.003  0.006        1
134:     0.829  0.030  0.007  0.113  0.021        1
135:     0.788  0.025  0.043  0.097  0.047        1
136:     0.988  0.007  0.003  0.001  0.001        1
137:     0.967  0.004  0.006  0.011  0.011        1
138:     0.963  0.014  0.007  0.016  0.000        1
139:     0.916  0.001  0.061  0.015  0.008        1
140:     0.893  0.007  0.083  0.010  0.006        1
141:     0.991  0.000  0.001  0.001  0.007        1
142:     0.828  0.003  0.012  0.001  0.156        1
143:     0.929  0.011  0.041  0.010  0.009        1
144:     0.975  0.009  0.014  0.000  0.002        1
145:     0.985  0.005  0.008  0.001  0.000        1
146:     0.937  0.008  0.031  0.009  0.014        1
147:     0.994  0.005  0.000  0.001  0.000        1
148:     0.145  0.113  0.166  0.481  0.094        1
149:     0.106  0.068  0.170  0.377  0.279        1
150:     0.081  0.073  0.003  0.369  0.473        1
151:     0.053  0.114  0.053  0.611  0.168        1
152:     0.053  0.094  0.096  0.483  0.274        1
153:     0.060  0.073  0.085  0.615  0.167        1
154:     0.031  0.092  0.031  0.316  0.530        1
155:     0.077  0.081  0.078  0.687  0.076        1
156:     0.048  0.105  0.059  0.591  0.197        1
157:     0.071  0.094  0.070  0.204  0.561        1
158:     0.052  0.126  0.079  0.544  0.200        1
159:     0.062  0.117  0.015  0.528  0.278        1
160:     0.052  0.098  0.058  0.502  0.289        1
161:     0.120  0.116  0.085  0.520  0.159        1
162:     0.041  0.135  0.044  0.525  0.255        1
163:     0.094  0.111  0.061  0.684  0.049        1
164:     0.047  0.126  0.054  0.381  0.393        1
165:     0.083  0.129  0.103  0.429  0.256        1
166:     0.000  0.077  0.062  0.236  0.624        1
167:     0.061  0.071  0.130  0.405  0.332        1
168:     0.033  0.128  0.003  0.715  0.120        1
169:     0.083  0.095  0.026  0.469  0.327        1
170:     0.092  0.115  0.003  0.599  0.192        1
171:     0.060  0.092  0.040  0.637  0.170        1
172:     0.044  0.143  0.072  0.571  0.171        1
173:     0.041  0.080  0.065  0.555  0.260        1
174:     0.084  0.130  0.054  0.602  0.129        1
175:     0.042  0.095  0.074  0.514  0.276       50
176:     0.050  0.103  0.059  0.566  0.222       49
177:     0.046  0.096  0.068  0.553  0.237       50
178:     0.043  0.100  0.072  0.502  0.283       49
179:     0.051  0.095  0.074  0.480  0.300       23
180:     0.043  0.100  0.060  0.514  0.283       49
181:     0.003  0.005  0.985  0.005  0.003       30
182:     0.006  0.012  0.958  0.008  0.016       30
183:     0.048  0.080  0.110  0.267  0.496       34
184:     0.029  0.089  0.058  0.399  0.425       36
185:     0.047  0.089  0.066  0.383  0.416       40
186:     0.037  0.094  0.050  0.425  0.394       39
187:     0.040  0.094  0.062  0.372  0.432       37
188:     0.049  0.090  0.064  0.387  0.411       40
189:     0.046  0.092  0.066  0.372  0.424       35
190:     0.036  0.092  0.074  0.369  0.429       28
191:     0.036  0.089  0.064  0.391  0.420       36
192:     0.034  0.097  0.064  0.389  0.417       32
--------------------------------------------

 Rep#:   Lambda   Alpha      F1    F2    F3    F4    F5     D1,2  D1,3  D1,4  D1,5  D2,3  D2,4  D2,5  D3,4  D3,5  D4,5    Ln Like 
 2000:    1.00    0.580    0.146 0.255 0.160 0.022 0.011    0.057 0.043 0.029 0.027 0.054 0.045 0.042 0.026 0.024 0.005   --  
 2100:    1.00    0.558    0.148 0.255 0.155 0.022 0.011    0.057 0.043 0.029 0.027 0.054 0.044 0.042 0.026 0.024 0.005   --  
 2200:    1.00    0.538    0.143 0.250 0.153 0.021 0.011    0.057 0.043 0.028 0.027 0.054 0.044 0.042 0.026 0.023 0.005   --  
 2300:    1.00    0.526    0.148 0.251 0.155 0.021 0.012    0.057 0.043 0.028 0.027 0.054 0.043 0.041 0.025 0.023 0.005   --  
 2400:    1.00    0.510    0.146 0.254 0.153 0.021 0.012    0.057 0.042 0.028 0.027 0.054 0.043 0.041 0.025 0.023 0.005   --  
 2500:    1.00    0.496    0.146 0.254 0.154 0.021 0.012    0.057 0.042 0.027 0.026 0.053 0.043 0.041 0.025 0.023 0.005   --  
 2600:    1.00    0.464    0.145 0.257 0.154 0.020 0.012    0.057 0.042 0.027 0.027 0.054 0.042 0.040 0.025 0.023 0.005   --  
 2700:    1.00    0.457    0.140 0.250 0.148 0.020 0.013    0.057 0.042 0.027 0.026 0.054 0.042 0.040 0.025 0.023 0.005   --  
 2800:    1.00    0.459    0.145 0.251 0.150 0.020 0.013    0.057 0.042 0.027 0.026 0.053 0.041 0.040 0.025 0.023 0.005   --  
 2900:    1.00    0.452    0.145 0.243 0.153 0.020 0.013    0.057 0.042 0.027 0.027 0.054 0.041 0.040 0.025 0.023 0.005   --  

--------------------------------------------
Proportion of membership of each pre-defined
 population in each of the 5 clusters

Given    Inferred Clusters                     Number of
 Pop       1      2      3      4      5      Individuals

  1:     0.037  0.063  0.062  0.576  0.262       54
  2:     0.033  0.067  0.055  0.575  0.270       30
  3:     0.049  0.049  0.682  0.016  0.204       30
  4:     0.078  0.024  0.816  0.011  0.071       20
  5:     0.090  0.022  0.767  0.065  0.056       30
  6:     0.037  0.058  0.058  0.619  0.228       43
  7:     0.032  0.051  0.052  0.581  0.284       44
  8:     0.040  0.058  0.041  0.716  0.145        4
  9:     0.032  0.061  0.024  0.750  0.133       22
 10:     0.034  0.058  0.024  0.745  0.139       24
 11:     0.036  0.054  0.049  0.575  0.285       54
 12:     0.031  0.064  0.046  0.635  0.224       37
 13:     0.039  0.059  0.061  0.586  0.255       42
 14:     0.030  0.057  0.054  0.577  0.281       42
 15:     0.040  0.063  0.052  0.569  0.275       49
 16:     0.036  0.059  0.061  0.577  0.267      124
 17:     0.037  0.067  0.056  0.638  0.202       24
 18:     0.037  0.067  0.039  0.586  0.271       34
 19:     0.033  0.064  0.054  0.571  0.278       52
 20:     0.046  0.033  0.069  0.674  0.178        1
 21:     0.090  0.112  0.013  0.671  0.114        1
 22:     0.007  0.071  0.038  0.602  0.281        1
 23:     0.075  0.078  0.080  0.682  0.086        1
 24:     0.015  0.078  0.047  0.799  0.062        1
 25:     0.034  0.057  0.102  0.402  0.404        1
 26:     0.075  0.104  0.037  0.671  0.114        1
 27:     0.068  0.064  0.072  0.580  0.216        1
 28:     0.008  0.068  0.023  0.594  0.307        1
 29:     0.063  0.075  0.044  0.693  0.125        1
 30:     0.080  0.075  0.082  0.304  0.460        1
 31:     0.023  0.080  0.205  0.640  0.052        1
 32:     0.048  0.050  0.001  0.588  0.313        1
 33:     0.006  0.068  0.056  0.328  0.542        1
 34:     0.083  0.098  0.004  0.603  0.212        1
 35:     0.029  0.099  0.051  0.788  0.033        1
 36:     0.045  0.063  0.085  0.652  0.156        1
 37:     0.035  0.026  0.049  0.555  0.335        1
 38:     0.122  0.070  0.070  0.422  0.315        1
 39:     0.088  0.112  0.002  0.723  0.075        1
 40:     0.061  0.109  0.078  0.421  0.330        1
 41:     0.039  0.098  0.007  0.664  0.191        1
 42:     0.056  0.075  0.058  0.536  0.275        1
 43:     0.056  0.018  0.020  0.087  0.819        1
 44:     0.003  0.082  0.144  0.560  0.211        1
 45:     0.038  0.152  0.024  0.512  0.274        1
 46:     0.132  0.028  0.006  0.663  0.170        1
 47:     0.021  0.044  0.012  0.333  0.590        1
 48:     0.038  0.044  0.025  0.404  0.489        1
 49:     0.023  0.079  0.014  0.833  0.051        1
 50:     0.053  0.082  0.290  0.009  0.566        1
 51:     0.041  0.050  0.176  0.346  0.387        1
 52:     0.083  0.073  0.058  0.658  0.128        1
 53:     0.064  0.058  0.066  0.371  0.441        1
 54:     0.000  0.992  0.000  0.008  0.000        1
 55:     0.005  0.995  0.000  0.000  0.000        1
 56:     0.000  0.828  0.003  0.122  0.046        1
 57:     0.009  0.961  0.003  0.012  0.015        1
 58:     0.013  0.919  0.011  0.028  0.030        1
 59:     0.000  0.849  0.052  0.014  0.086        1
 60:     0.000  0.992  0.000  0.006  0.002        1
 61:     0.000  0.998  0.000  0.000  0.002        1
 62:     0.016  0.011  0.334  0.000  0.638        1
