

----------------------------------------------------
STRUCTURE by Pritchard, Stephens and Donnelly (2000)
     and Falush, Stephens and Pritchard (2003)
       Code by Pritchard, Falush and Hubisz
             Version 2.3.4 (Jul 2012)
----------------------------------------------------


Reading file "/workdir/yc2644/CV_CT_array/structure/threader_input/mainparams".
Reading file "/workdir/yc2644/CV_CT_array/structure/threader_input/extraparams".
Reading file "/workdir/yc2644/CV_CT_array/structure/threader_input/n1601.recode.strct_in".


Data file "/workdir/yc2644/CV_CT_array/structure/threader_input/n1601.recode.strct_in" (truncated) --

Ind:   Label Pop : Genotype_data . . . .
  1:  001s    1  :  2   1   2   2   2   1   2  . . . .   2
  1:  001s    1  :  2   2   2   2   2   2   2  . . . .   2
  2:  002s    1  :  2   2   2   2   1   1   2  . . . .   2
  2:  002s    1  :  2   2   2   2   2   2   2  . . . .   2
  3:  003s    1  :  1   2   1   2   2   2   2  . . . .   1
  3:  003s    1  :  2   2   1   2   2   2   2  . . . .   2
  4:  004s    1  :  1   1   2   2   1   2   2  . . . .   1
  4:  004s    1  :  2   1   2   2   2   2   2  . . . .   2

      *******   

1600:    49  192  :  2   2   2   2   2   1   2  . . . .   1
1600:    49  192  :  2   2   2   2   2   2   2  . . . .   2
1601:    50  192  :  2   1   2   2   1   2   2  . . . .   1
1601:    50  192  :  2   2   2   2   2   2   2  . . . .   2

Number of alleles per locus: min= 2; ave=2.0; max= 2


--------------------------------------

Finished initialization; starting MCMC 
100000 iterations + 10000 burnin


--------------------------------------------
Proportion of membership of each pre-defined
 population in each of the 5 clusters

Given    Inferred Clusters                     Number of
 Pop       1      2      3      4      5      Individuals

  1:     0.191  0.227  0.209  0.260  0.113       54
  2:     0.188  0.261  0.191  0.245  0.116       30
  3:     0.124  0.115  0.062  0.100  0.599       30
  4:     0.106  0.059  0.046  0.079  0.710       20
  5:     0.075  0.081  0.071  0.099  0.673       30
  6:     0.205  0.222  0.211  0.250  0.112       43
  7:     0.230  0.244  0.181  0.240  0.106       44
  8:     0.244  0.192  0.259  0.236  0.069        4
  9:     0.216  0.202  0.268  0.246  0.068       22
 10:     0.231  0.238  0.210  0.252  0.070       24
 11:     0.200  0.250  0.195  0.253  0.102       54
 12:     0.209  0.258  0.214  0.220  0.099       37
 13:     0.241  0.190  0.213  0.247  0.110       42
 14:     0.225  0.241  0.205  0.227  0.102       42
 15:     0.209  0.251  0.195  0.232  0.114       49
 16:     0.217  0.240  0.201  0.229  0.113      124
 17:     0.251  0.253  0.178  0.216  0.102       24
 18:     0.214  0.245  0.212  0.234  0.095       34
 19:     0.197  0.259  0.202  0.231  0.111       52
 20:     0.266  0.485  0.007  0.137  0.106        1
 21:     0.461  0.014  0.282  0.166  0.077        1
 22:     0.268  0.288  0.090  0.198  0.157        1
 23:     0.289  0.024  0.379  0.171  0.138        1
 24:     0.180  0.173  0.138  0.426  0.083        1
 25:     0.211  0.204  0.241  0.149  0.195        1
 26:     0.181  0.256  0.197  0.211  0.154        1
 27:     0.241  0.234  0.209  0.175  0.140        1
 28:     0.400  0.141  0.061  0.320  0.079        1
 29:     0.203  0.134  0.082  0.509  0.072        1
 30:     0.140  0.201  0.228  0.252  0.179        1
 31:     0.243  0.176  0.172  0.181  0.229        1
 32:     0.283  0.171  0.198  0.299  0.048        1
 33:     0.402  0.169  0.136  0.175  0.119        1
 34:     0.163  0.083  0.454  0.240  0.060        1
 35:     0.100  0.436  0.314  0.038  0.112        1
 36:     0.235  0.416  0.190  0.052  0.107        1
 37:     0.154  0.092  0.319  0.309  0.126        1
 38:     0.256  0.152  0.297  0.134  0.161        1
 39:     0.219  0.274  0.359  0.104  0.044        1
 40:     0.218  0.202  0.212  0.218  0.151        1
 41:     0.232  0.251  0.207  0.250  0.060        1
 42:     0.329  0.239  0.215  0.165  0.051        1
 43:     0.495  0.111  0.123  0.173  0.098        1
 44:     0.177  0.248  0.205  0.227  0.142        1
 45:     0.238  0.195  0.256  0.211  0.101        1
 46:     0.232  0.223  0.220  0.198  0.127        1
 47:     0.088  0.403  0.258  0.169  0.082        1
 48:     0.083  0.371  0.266  0.182  0.099        1
 49:     0.347  0.333  0.239  0.051  0.031        1
 50:     0.141  0.167  0.167  0.197  0.328        1
 51:     0.163  0.021  0.160  0.415  0.241        1
 52:     0.166  0.236  0.213  0.236  0.149        1
 53:     0.217  0.384  0.165  0.104  0.129        1
 54:     0.100  0.380  0.081  0.248  0.190        1
 55:     0.069  0.652  0.030  0.050  0.199        1
 56:     0.358  0.383  0.023  0.133  0.102        1
 57:     0.042  0.670  0.184  0.043  0.062        1
 58:     0.232  0.440  0.182  0.006  0.140        1
 59:     0.219  0.487  0.090  0.047  0.156        1
 60:     0.083  0.455  0.211  0.045  0.206        1
 61:     0.091  0.424  0.232  0.024  0.229        1
 62:     0.043  0.230  0.033  0.316  0.378        1
 63:     0.016  0.787  0.023  0.028  0.146        1
 64:     0.081  0.688  0.074  0.013  0.144        1
 65:     0.046  0.424  0.380  0.018  0.132        1
 66:     0.065  0.544  0.158  0.066  0.168        1
 67:     0.232  0.325  0.200  0.065  0.179        1
 68:     0.017  0.518  0.135  0.165  0.164        1
 69:     0.083  0.666  0.044  0.020  0.187        1
 70:     0.163  0.422  0.181  0.095  0.140        1
 71:     0.069  0.443  0.291  0.016  0.181        1
 72:     0.068  0.630  0.161  0.012  0.129        1
 73:     0.032  0.726  0.007  0.058  0.177        1
 74:     0.054  0.602  0.142  0.049  0.153        1
 75:     0.008  0.693  0.098  0.026  0.175        1
 76:     0.147  0.099  0.132  0.153  0.469        1
 77:     0.132  0.464  0.205  0.027  0.172        1
 78:     0.030  0.686  0.056  0.012  0.216        1
 79:     0.147  0.508  0.149  0.004  0.193        1
 80:     0.127  0.608  0.110  0.001  0.154        1
 81:     0.093  0.444  0.143  0.147  0.173        1
 82:     0.140  0.322  0.244  0.159  0.135        1
 83:     0.199  0.374  0.147  0.139  0.141        1
 84:     0.047  0.033  0.688  0.025  0.208        1
 85:     0.060  0.021  0.620  0.070  0.229        1
 86:     0.043  0.148  0.540  0.059  0.209        1
 87:     0.010  0.016  0.770  0.057  0.147        1
 88:     0.064  0.067  0.656  0.031  0.183        1
 89:     0.070  0.081  0.648  0.062  0.139        1
 90:     0.075  0.073  0.541  0.048  0.262        1
 91:     0.055  0.025  0.695  0.046  0.180        1
 92:     0.091  0.041  0.688  0.041  0.139        1
 93:     0.112  0.018  0.483  0.076  0.312        1
 94:     0.032  0.125  0.524  0.119  0.199        1
 95:     0.145  0.123  0.459  0.045  0.228        1
 96:     0.025  0.020  0.736  0.068  0.151        1
 97:     0.096  0.108  0.499  0.056  0.240        1
 98:     0.071  0.024  0.688  0.033  0.184        1
 99:     0.037  0.005  0.751  0.022  0.185        1
100:     0.059  0.075  0.579  0.004  0.283        1
101:     0.295  0.052  0.421  0.014  0.219        1
102:     0.148  0.089  0.567  0.013  0.183        1
103:     0.076  0.023  0.704  0.015  0.182        1
104:     0.065  0.077  0.582  0.069  0.206        1
105:     0.070  0.084  0.527  0.066  0.252        1
106:     0.119  0.113  0.512  0.114  0.141        1
107:     0.130  0.087  0.525  0.051  0.207        1
108:     0.039  0.138  0.586  0.040  0.196        1
109:     0.082  0.064  0.463  0.122  0.268        1
110:     0.016  0.107  0.675  0.086  0.116        1
111:     0.099  0.017  0.635  0.046  0.202        1
112:     0.121  0.058  0.589  0.063  0.170        1
113:     0.048  0.039  0.669  0.048  0.197        1
114:     0.068  0.034  0.722  0.009  0.166        1
115:     0.048  0.088  0.637  0.052  0.174        1
116:     0.058  0.077  0.642  0.019  0.204        1
117:     0.047  0.009  0.577  0.139  0.228        1
118:     0.132  0.029  0.485  0.093  0.261        1
119:     0.052  0.004  0.742  0.048  0.153        1
120:     0.054  0.164  0.610  0.017  0.154        1
121:     0.016  0.020  0.706  0.065  0.192        1
122:     0.024  0.057  0.783  0.004  0.131        1
123:     0.092  0.118  0.532  0.069  0.188        1
124:     0.186  0.053  0.483  0.015  0.264        1
125:     0.023  0.055  0.626  0.098  0.199        1
126:     0.044  0.114  0.520  0.129  0.194        1
127:     0.080  0.024  0.726  0.014  0.157        1
128:     0.090  0.162  0.303  0.197  0.247        1
129:     0.104  0.049  0.592  0.046  0.208        1
130:     0.107  0.111  0.454  0.058  0.271        1
131:     0.031  0.167  0.556  0.038  0.208        1
132:     0.050  0.065  0.692  0.020  0.172        1
133:     0.003  0.019  0.630  0.071  0.278        1
134:     0.092  0.085  0.509  0.123  0.191        1
135:     0.086  0.140  0.492  0.086  0.195        1
136:     0.013  0.050  0.669  0.097  0.172        1
137:     0.103  0.120  0.526  0.060  0.192        1
138:     0.107  0.074  0.548  0.076  0.195        1
139:     0.075  0.030  0.572  0.033  0.289        1
140:     0.032  0.044  0.632  0.035  0.256        1
141:     0.090  0.081  0.559  0.073  0.197        1
142:     0.056  0.018  0.735  0.013  0.177        1
143:     0.019  0.001  0.737  0.050  0.192        1
144:     0.057  0.016  0.670  0.025  0.231        1
145:     0.072  0.053  0.568  0.105  0.202        1
146:     0.032  0.043  0.610  0.072  0.243        1
147:     0.073  0.049  0.578  0.052  0.248        1
148:     0.231  0.112  0.233  0.225  0.199        1
149:     0.162  0.218  0.182  0.234  0.205        1
150:     0.214  0.133  0.288  0.240  0.125        1
151:     0.356  0.175  0.287  0.095  0.086        1
152:     0.207  0.195  0.228  0.220  0.149        1
153:     0.053  0.170  0.432  0.210  0.135        1
154:     0.201  0.201  0.120  0.399  0.079        1
155:     0.217  0.235  0.250  0.195  0.104        1
156:     0.035  0.461  0.250  0.155  0.100        1
157:     0.067  0.268  0.159  0.386  0.119        1
158:     0.235  0.435  0.199  0.071  0.060        1
159:     0.264  0.243  0.235  0.161  0.096        1
160:     0.538  0.095  0.122  0.138  0.107        1
161:     0.167  0.218  0.246  0.209  0.160        1
162:     0.192  0.199  0.252  0.247  0.109        1
163:     0.155  0.373  0.072  0.286  0.113        1
164:     0.206  0.245  0.110  0.337  0.101        1
165:     0.182  0.170  0.261  0.228  0.160        1
166:     0.206  0.444  0.051  0.208  0.090        1
167:     0.288  0.171  0.357  0.032  0.152        1
168:     0.469  0.108  0.105  0.273  0.045        1
169:     0.138  0.439  0.173  0.138  0.112        1
170:     0.249  0.427  0.128  0.141  0.055        1
171:     0.304  0.011  0.315  0.308  0.063        1
172:     0.197  0.216  0.190  0.252  0.145        1
173:     0.114  0.336  0.043  0.400  0.106        1
174:     0.154  0.202  0.305  0.237  0.103        1
175:     0.244  0.219  0.182  0.249  0.106       50
176:     0.240  0.239  0.214  0.204  0.103       49
177:     0.253  0.198  0.218  0.228  0.104       50
178:     0.250  0.220  0.171  0.250  0.108       49
179:     0.228  0.219  0.206  0.236  0.111       23
180:     0.218  0.263  0.172  0.251  0.097       49
181:     0.082  0.041  0.021  0.050  0.807       30
182:     0.059  0.064  0.028  0.058  0.792       30
183:     0.179  0.239  0.181  0.251  0.151       34
184:     0.209  0.232  0.167  0.285  0.106       36
185:     0.207  0.237  0.201  0.239  0.116       40
186:     0.229  0.235  0.202  0.237  0.096       39
187:     0.224  0.217  0.212  0.236  0.111       37
188:     0.249  0.257  0.170  0.213  0.111       40
189:     0.194  0.215  0.212  0.267  0.111       35
190:     0.224  0.244  0.202  0.212  0.117       28
191:     0.281  0.212  0.191  0.214  0.103       36
192:     0.208  0.262  0.166  0.259  0.106       32
--------------------------------------------

 Rep#:   Lambda   Alpha      F1    F2    F3    F4    F5     D1,2  D1,3  D1,4  D1,5  D2,3  D2,4  D2,5  D3,4  D3,5  D4,5    Ln Like 
  100:    1.00    1.670    0.010 0.010 0.043 0.010 0.240    0.003 0.012 0.003 0.038 0.013 0.003 0.038 0.013 0.045 0.037   --  
  200:    1.00    1.348    0.010 0.072 0.195 0.010 0.202    0.014 0.037 0.003 0.032 0.041 0.014 0.037 0.037 0.050 0.033   --  
  300:    1.00    1.137    0.010 0.238 0.189 0.010 0.190    0.043 0.037 0.003 0.032 0.053 0.044 0.049 0.037 0.046 0.032   --  
  400:    1.00    1.074    0.010 0.271 0.180 0.010 0.189    0.049 0.035 0.003 0.030 0.056 0.049 0.053 0.036 0.045 0.030   --  
  500:    1.00    0.951    0.010 0.272 0.179 0.010 0.174    0.048 0.034 0.003 0.029 0.057 0.048 0.053 0.034 0.044 0.029   --  
  600:    1.00    0.950    0.010 0.269 0.169 0.010 0.175    0.048 0.033 0.003 0.029 0.057 0.048 0.053 0.033 0.045 0.029   --  
  700:    1.00    0.892    0.010 0.264 0.169 0.010 0.172    0.046 0.032 0.003 0.028 0.058 0.046 0.054 0.032 0.044 0.028   --  
  800:    1.00    0.875    0.010 0.270 0.165 0.010 0.172    0.045 0.031 0.003 0.027 0.057 0.046 0.054 0.031 0.044 0.027   --  
  900:    1.00    0.809    0.010 0.267 0.163 0.010 0.172    0.046 0.031 0.003 0.027 0.058 0.046 0.054 0.031 0.044 0.027   --  

--------------------------------------------
Proportion of membership of each pre-defined
 population in each of the 5 clusters

Given    Inferred Clusters                     Number of
 Pop       1      2      3      4      5      Individuals

  1:     0.329  0.120  0.090  0.372  0.089       54
  2:     0.324  0.131  0.077  0.389  0.080       30
  3:     0.060  0.076  0.078  0.080  0.707       30
  4:     0.017  0.049  0.097  0.018  0.820       20
  5:     0.026  0.051  0.101  0.058  0.764       30
  6:     0.313  0.118  0.089  0.399  0.081       43
  7:     0.321  0.116  0.081  0.404  0.078       44
  8:     0.326  0.116  0.075  0.430  0.052        4
  9:     0.368  0.123  0.082  0.392  0.036       22
 10:     0.334  0.126  0.080  0.418  0.042       24
 11:     0.327  0.118  0.083  0.394  0.077       54
 12:     0.326  0.122  0.082  0.399  0.071       37
 13:     0.323  0.119  0.082  0.387  0.089       42
 14:     0.348  0.123  0.081  0.374  0.075       42
 15:     0.321  0.120  0.081  0.397  0.080       49
 16:     0.346  0.120  0.085  0.360  0.090      124
 17:     0.329  0.122  0.085  0.379  0.085       24
 18:     0.331  0.130  0.085  0.392  0.062       34
 19:     0.311  0.123  0.084  0.403  0.080       52
 20:     0.529  0.119  0.099  0.162  0.092        1
 21:     0.409  0.145  0.162  0.249  0.035        1
 22:     0.268  0.143  0.084  0.436  0.069        1
 23:     0.300  0.118  0.146  0.330  0.106        1
 24:     0.493  0.138  0.068  0.224  0.078        1
 25:     0.529  0.086  0.107  0.148  0.130        1
 26:     0.287  0.125  0.125  0.401  0.062        1
 27:     0.133  0.101  0.141  0.543  0.083        1
 28:     0.492  0.123  0.101  0.260  0.024        1
 29:     0.159  0.163  0.077  0.560  0.040        1
 30:     0.263  0.120  0.094  0.391  0.133        1
 31:     0.211  0.128  0.070  0.365  0.226        1
 32:     0.327  0.085  0.091  0.437  0.059        1
 33:     0.328  0.159  0.122  0.279  0.112        1
 34:     0.157  0.148  0.099  0.549  0.047        1
 35:     0.230  0.125  0.077  0.536  0.033        1
 36:     0.391  0.129  0.113  0.285  0.081        1
 37:     0.037  0.074  0.107  0.679  0.103        1
 38:     0.376  0.082  0.161  0.277  0.104        1
 39:     0.570  0.191  0.107  0.095  0.037        1
 40:     0.299  0.119  0.126  0.358  0.098        1
 41:     0.203  0.143  0.088  0.556  0.010        1
 42:     0.561  0.132  0.086  0.170  0.051        1
 43:     0.397  0.130  0.116  0.258  0.099        1
 44:     0.136  0.118  0.099  0.513  0.135        1
 45:     0.329  0.166  0.079  0.380  0.046        1
 46:     0.470  0.103  0.180  0.214  0.033        1
 47:     0.069  0.098  0.098  0.690  0.045        1
 48:     0.075  0.103  0.086  0.682  0.054        1
 49:     0.415  0.131  0.111  0.298  0.045        1
 50:     0.334  0.087  0.074  0.157  0.348        1
 51:     0.088  0.140  0.110  0.438  0.225        1
 52:     0.419  0.119  0.119  0.254  0.089        1
 53:     0.400  0.102  0.090  0.307  0.100        1
 54:     0.003  0.991  0.005  0.001  0.000        1
 55:     0.001  0.989  0.002  0.001  0.007        1
 56:     0.047  0.863  0.037  0.038  0.015        1
 57:     0.004  0.968  0.002  0.023  0.003        1
 58:     0.024  0.910  0.030  0.029  0.008        1
 59:     0.002  0.888  0.028  0.019  0.064        1
 60:     0.005  0.984  0.006  0.003  0.002        1
 61:     0.003  0.990  0.004  0.002  0.001        1
 62:     0.107  0.048  0.108  0.312  0.426        1
 63:     0.001  0.945  0.024  0.003  0.028        1
 64:     0.000  0.998  0.001  0.000  0.000        1
 65:     0.000  0.999  0.000  0.000  0.001        1
 66:     0.002  0.949  0.011  0.017  0.021        1
 67:     0.140  0.621  0.150  0.029  0.059        1
 68:     0.015  0.931  0.026  0.013  0.015        1
 69:     0.005  0.976  0.000  0.004  0.015        1
 70:     0.030  0.806  0.066  0.037  0.062        1
 71:     0.000  0.996  0.004  0.000  0.000        1
 72:     0.000  0.990  0.005  0.001  0.003        1
 73:     0.000  0.996  0.003  0.000  0.000        1
 74:     0.059  0.780  0.045  0.061  0.055        1
 75:     0.000  0.999  0.000  0.000  0.001        1
 76:     0.037  0.048  0.164  0.175  0.577        1
 77:     0.001  0.995  0.000  0.000  0.004        1
 78:     0.004  0.842  0.022  0.071  0.061        1
 79:     0.001  0.997  0.002  0.000  0.000        1
 80:     0.002  0.973  0.013  0.003  0.009        1
 81:     0.000  0.989  0.008  0.003  0.000        1
 82:     0.150  0.533  0.200  0.038  0.079        1
 83:     0.001  0.997  0.001  0.001  0.000        1
 84:     0.001  0.005  0.944  0.000  0.050        1
 85:     0.007  0.001  0.958  0.012  0.022        1
 86:     0.017  0.064  0.885  0.027  0.007        1
 87:     0.007  0.004  0.981  0.008  0.001        1
 88:     0.005  0.000  0.983  0.012  0.000        1
 89:     0.016  0.008  0.958  0.009  0.009        1
 90:     0.007  0.000  0.981  0.000  0.012        1
 91:     0.002  0.014  0.964  0.019  0.002        1
 92:     0.076  0.031  0.860  0.006  0.026        1
 93:     0.000  0.011  0.913  0.003  0.074        1
 94:     0.010  0.008  0.911  0.027  0.044        1
 95:     0.004  0.014  0.884  0.025  0.073        1
 96:     0.011  0.005  0.977  0.003  0.003        1
 97:     0.000  0.034  0.954  0.002  0.010        1
 98:     0.009  0.038  0.942  0.006  0.005        1
 99:     0.000  0.000  0.999  0.000  0.001        1
100:     0.003  0.008  0.983  0.002  0.005        1
101:     0.146  0.035  0.760  0.012  0.048        1
102:     0.014  0.025  0.792  0.169  0.001        1
103:     0.009  0.003  0.986  0.002  0.000        1
104:     0.001  0.031  0.933  0.018  0.018        1
105:     0.001  0.052  0.891  0.002  0.054        1
106:     0.103  0.046  0.825  0.013  0.013        1
107:     0.004  0.002  0.972  0.012  0.011        1
108:     0.036  0.014  0.875  0.002  0.073        1
109:     0.041  0.033  0.756  0.043  0.126        1
110:     0.135  0.077  0.756  0.029  0.004        1
111:     0.004  0.009  0.954  0.001  0.033        1
112:     0.001  0.012  0.983  0.003  0.002        1
113:     0.001  0.008  0.943  0.002  0.047        1
114:     0.001  0.036  0.961  0.001  0.001        1
115:     0.004  0.018  0.933  0.014  0.030        1
116:     0.005  0.000  0.975  0.005  0.015        1
117:     0.002  0.004  0.918  0.008  0.068        1
118:     0.006  0.015  0.956  0.002  0.021        1
119:     0.020  0.029  0.877  0.061  0.013        1
120:     0.011  0.056  0.911  0.022  0.001        1
121:     0.003  0.028  0.958  0.001  0.011        1
122:     0.032  0.010  0.942  0.010  0.005        1
123:     0.003  0.008  0.988  0.001  0.001        1
124:     0.036  0.009  0.805  0.021  0.129        1
125:     0.002  0.007  0.976  0.010  0.006        1
126:     0.054  0.045  0.870  0.023  0.008        1
127:     0.000  0.021  0.904  0.051  0.024        1
128:     0.006  0.039  0.945  0.001  0.008        1
129:     0.001  0.000  0.991  0.005  0.002        1
130:     0.010  0.008  0.926  0.006  0.051        1
131:     0.007  0.001  0.979  0.008  0.004        1
132:     0.018  0.003  0.842  0.074  0.064        1
133:     0.023  0.008  0.858  0.001  0.111        1
134:     0.045  0.028  0.871  0.007  0.049        1
135:     0.051  0.038  0.817  0.068  0.026        1
136:     0.002  0.003  0.995  0.000  0.000        1
137:     0.014  0.019  0.958  0.003  0.006        1
138:     0.001  0.035  0.962  0.002  0.001        1
139:     0.000  0.012  0.913  0.003  0.071        1
140:     0.034  0.012  0.882  0.003  0.068        1
141:     0.005  0.003  0.979  0.008  0.005        1
142:     0.040  0.021  0.861  0.045  0.033        1
143:     0.009  0.009  0.928  0.001  0.052        1
144:     0.018  0.016  0.957  0.007  0.002        1
145:     0.005  0.011  0.979  0.001  0.004        1
146:     0.002  0.010  0.945  0.014  0.028        1
147:     0.001  0.005  0.971  0.001  0.022        1
148:     0.210  0.137  0.170  0.345  0.137        1
149:     0.178  0.104  0.126  0.372  0.220        1
150:     0.339  0.129  0.117  0.392  0.022        1
151:     0.386  0.141  0.113  0.322  0.038        1
152:     0.206  0.103  0.071  0.525  0.095        1
153:     0.088  0.100  0.094  0.648  0.070        1
154:     0.283  0.123  0.095  0.468  0.030        1
155:     0.265  0.109  0.113  0.468  0.046        1
156:     0.159  0.112  0.079  0.561  0.088        1
157:     0.233  0.129  0.121  0.471  0.046        1
158:     0.431  0.102  0.113  0.288  0.067        1
159:     0.308  0.164  0.111  0.374  0.043        1
160:     0.359  0.094  0.087  0.359  0.100        1
161:     0.402  0.103  0.155  0.224  0.116        1
162:     0.351  0.170  0.087  0.324  0.067        1
163:     0.305  0.146  0.114  0.388  0.047        1
164:     0.435  0.146  0.070  0.259  0.089        1
165:     0.379  0.130  0.140  0.240  0.111        1
166:     0.337  0.101  0.068  0.414  0.079        1
167:     0.172  0.141  0.076  0.501  0.110        1
168:     0.627  0.116  0.074  0.164  0.019        1
169:     0.610  0.115  0.110  0.118  0.047        1
170:     0.528  0.146  0.112  0.184  0.031        1
171:     0.429  0.130  0.092  0.299  0.051        1
172:     0.286  0.136  0.086  0.422  0.070        1
173:     0.034  0.129  0.081  0.673  0.082        1
174:     0.230  0.114  0.065  0.485  0.106        1
175:     0.355  0.122  0.078  0.364  0.082       50
176:     0.436  0.123  0.076  0.292  0.073       49
177:     0.399  0.118  0.084  0.326  0.073       50
178:     0.374  0.121  0.079  0.346  0.079       49
179:     0.370  0.115  0.087  0.342  0.086       23
180:     0.374  0.121  0.081  0.355  0.069       49
181:     0.003  0.006  0.003  0.004  0.984       30
182:     0.013  0.014  0.011  0.008  0.955       30
183:     0.255  0.109  0.108  0.402  0.127       34
184:     0.303  0.119  0.079  0.421  0.077       36
185:     0.331  0.113  0.087  0.384  0.085       40
186:     0.365  0.124  0.081  0.361  0.069       39
187:     0.362  0.122  0.078  0.354  0.084       37
188:     0.379  0.118  0.090  0.330  0.083       40
189:     0.325  0.120  0.087  0.385  0.083       35
190:     0.335  0.117  0.078  0.380  0.090       28
191:     0.404  0.113  0.082  0.318  0.083       36
192:     0.331  0.122  0.077  0.390  0.081       32
--------------------------------------------

 Rep#:   Lambda   Alpha      F1    F2    F3    F4    F5     D1,2  D1,3  D1,4  D1,5  D2,3  D2,4  D2,5  D3,4  D3,5  D4,5    Ln Like 
 1000:    1.00    0.793    0.010 0.269 0.163 0.010 0.166    0.045 0.030 0.003 0.026 0.058 0.045 0.054 0.030 0.044 0.026   --  
 1100:    1.00    0.765    0.010 0.264 0.162 0.010 0.164    0.044 0.030 0.003 0.026 0.058 0.044 0.054 0.030 0.044 0.026   --  
 1200:    1.00    0.755    0.010 0.263 0.161 0.010 0.164    0.044 0.030 0.003 0.026 0.058 0.044 0.054 0.030 0.044 0.025   --  
 1300:    1.00    0.700    0.010 0.256 0.158 0.009 0.160    0.044 0.029 0.003 0.025 0.058 0.043 0.054 0.029 0.043 0.025   --  
 1400:    1.00    0.686    0.010 0.259 0.157 0.009 0.158    0.043 0.029 0.003 0.025 0.057 0.043 0.054 0.029 0.043 0.025   --  
 1500:    1.00    0.661    0.010 0.258 0.154 0.009 0.157    0.042 0.028 0.003 0.025 0.057 0.042 0.054 0.028 0.043 0.024   --  
 1600:    1.00    0.612    0.010 0.261 0.153 0.009 0.159    0.042 0.028 0.003 0.024 0.058 0.042 0.054 0.028 0.043 0.024   --  
 1700:    1.00    0.598    0.010 0.253 0.154 0.009 0.154    0.042 0.028 0.003 0.024 0.058 0.041 0.054 0.028 0.043 0.024   --  
 1800:    1.00    0.595    0.010 0.254 0.151 0.009 0.156    0.042 0.028 0.003 0.024 0.058 0.042 0.054 0.028 0.043 0.024   --  
 1900:    1.00    0.562    0.010 0.247 0.151 0.009 0.157    0.041 0.028 0.003 0.024 0.057 0.040 0.054 0.027 0.043 0.024   --  

--------------------------------------------
Proportion of membership of each pre-defined
 population in each of the 5 clusters

Given    Inferred Clusters                     Number of
 Pop       1      2      3      4      5      Individuals

  1:     0.391  0.071  0.053  0.417  0.068       54
  2:     0.410  0.075  0.049  0.404  0.063       30
  3:     0.047  0.056  0.061  0.141  0.695       30
  4:     0.022  0.032  0.084  0.020  0.843       20
  5:     0.021  0.033  0.088  0.092  0.766       30
  6:     0.389  0.070  0.054  0.429  0.059       43
  7:     0.410  0.064  0.050  0.424  0.053       44
  8:     0.435  0.064  0.055  0.414  0.031        4
  9:     0.369  0.069  0.043  0.499  0.019       22
 10:     0.355  0.066  0.052  0.511  0.016       24
 11:     0.394  0.062  0.050  0.436  0.057       54
 12:     0.397  0.075  0.046  0.436  0.046       37
 13:     0.374  0.069  0.051  0.441  0.065       42
 14:     0.420  0.070  0.043  0.408  0.058       42
 15:     0.353  0.072  0.052  0.464  0.059       49
 16:     0.392  0.071  0.052  0.418  0.067      124
 17:     0.428  0.070  0.050  0.401  0.052       24
 18:     0.411  0.075  0.051  0.423  0.040       34
 19:     0.351  0.073  0.048  0.471  0.057       52
 20:     0.497  0.104  0.040  0.327  0.033        1
 21:     0.558  0.071  0.113  0.231  0.027        1
 22:     0.174  0.082  0.039  0.601  0.103        1
 23:     0.305  0.070  0.132  0.397  0.095        1
 24:     0.566  0.082  0.066  0.250  0.036        1
 25:     0.396  0.039  0.082  0.370  0.112        1
 26:     0.350  0.096  0.068  0.416  0.070        1
 27:     0.159  0.083  0.072  0.610  0.076        1
 28:     0.456  0.050  0.057  0.395  0.042        1
 29:     0.213  0.070  0.089  0.619  0.009        1
 30:     0.338  0.056  0.107  0.350  0.149        1
 31:     0.094  0.054  0.051  0.557  0.243        1
 32:     0.491  0.074  0.071  0.331  0.033        1
 33:     0.677  0.118  0.011  0.108  0.087        1
 34:     0.174  0.116  0.082  0.602  0.027        1
 35:     0.399  0.087  0.056  0.455  0.004        1
 36:     0.542  0.083  0.098  0.242  0.035        1
 37:     0.024  0.043  0.080  0.839  0.014        1
 38:     0.201  0.042  0.128  0.539  0.091        1
 39:     0.636  0.110  0.060  0.189  0.004        1
 40:     0.243  0.104  0.089  0.480  0.083        1
 41:     0.262  0.079  0.098  0.553  0.008        1
 42:     0.416  0.108  0.077  0.341  0.058        1
 43:     0.457  0.064  0.075  0.369  0.035        1
 44:     0.134  0.073  0.026  0.661  0.105        1
 45:     0.482  0.106  0.067  0.338  0.007        1
 46:     0.363  0.076  0.148  0.394  0.019        1
 47:     0.118  0.059  0.053  0.762  0.007        1
 48:     0.031  0.045  0.044  0.842  0.037        1
 49:     0.216  0.093  0.071  0.611  0.008        1
 50:     0.173  0.049  0.058  0.387  0.333        1
 51:     0.237  0.083  0.063  0.411  0.206        1
 52:     0.285  0.098  0.139  0.415  0.063        1
 53:     0.378  0.069  0.093  0.432  0.028        1
 54:     0.000  0.999  0.000  0.001  0.000        1
 55:     0.000  0.994  0.005  0.000  0.001        1
 56:     0.029  0.852  0.021  0.099  0.000        1
 57:     0.029  0.938  0.001  0.030  0.002        1
 58:     0.046  0.913  0.018  0.014  0.009        1
 59:     0.018  0.867  0.004  0.074  0.036        1
 60:     0.001  0.984  0.003  0.011  0.001        1
 61:     0.000  0.998  0.000  0.001  0.001        1
 62:     0.402  0.022  0.043  0.128  0.405        1
 63:     0.002  0.943  0.021  0.000  0.033        1
 64:     0.001  0.995  0.000  0.003  0.002        1
 65:     0.000  0.999  0.000  0.000  0.000        1
 66:     0.006  0.955  0.001  0.005  0.032        1
 67:     0.209  0.585  0.093  0.048  0.065        1
 68:     0.021  0.926  0.018  0.000  0.035        1
 69:     0.010  0.983  0.000  0.005  0.001        1
 70:     0.036  0.809  0.059  0.086  0.009        1
 71:     0.001  0.999  0.000  0.000  0.000        1
 72:     0.001  0.997  0.000  0.002  0.000        1
 73:     0.000  0.998  0.000  0.000  0.002        1
 74:     0.124  0.777  0.005  0.052  0.043        1
 75:     0.000  0.995  0.003  0.002  0.000        1
 76:     0.256  0.010  0.103  0.078  0.553        1
 77:     0.000  0.997  0.000  0.000  0.002        1
 78:     0.000  0.819  0.008  0.114  0.058        1
 79:     0.001  0.998  0.000  0.000  0.001        1
 80:     0.006  0.981  0.000  0.000  0.014        1
 81:     0.000  0.998  0.001  0.000  0.002        1
 82:     0.236  0.533  0.146  0.027  0.058        1
 83:     0.001  0.999  0.000  0.000  0.000        1
 84:     0.012  0.011  0.945  0.001  0.032        1
 85:     0.000  0.001  0.943  0.012  0.044        1
 86:     0.087  0.061  0.841  0.004  0.007        1
 87:     0.021  0.005  0.955  0.015  0.003        1
 88:     0.003  0.001  0.985  0.011  0.000        1
 89:     0.037  0.002  0.941  0.020  0.000        1
 90:     0.001  0.004  0.982  0.000  0.013        1
 91:     0.008  0.007  0.953  0.026  0.007        1
 92:     0.116  0.006  0.834  0.003  0.041        1
 93:     0.007  0.000  0.931  0.000  0.061        1
 94:     0.000  0.000  0.909  0.081  0.010        1
 95:     0.061  0.006  0.890  0.003  0.039        1
 96:     0.000  0.006  0.990  0.003  0.000        1
 97:     0.021  0.024  0.935  0.000  0.021        1
 98:     0.007  0.015  0.972  0.000  0.006        1
 99:     0.002  0.002  0.995  0.000  0.001        1
100:     0.000  0.001  0.997  0.000  0.001        1
101:     0.159  0.016  0.772  0.018  0.034        1
102:     0.008  0.001  0.805  0.186  0.000        1
103:     0.001  0.000  0.999  0.000  0.001        1
104:     0.002  0.013  0.966  0.019  0.000        1
105:     0.002  0.045  0.902  0.002  0.048        1
106:     0.112  0.026  0.765  0.095  0.002        1
107:     0.008  0.010  0.961  0.003  0.017        1
108:     0.003  0.003  0.835  0.121  0.038        1
109:     0.051  0.009  0.759  0.073  0.108        1
110:     0.105  0.057  0.767  0.071  0.001        1
111:     0.017  0.008  0.951  0.000  0.024        1
112:     0.005  0.005  0.987  0.000  0.003        1
113:     0.001  0.001  0.955  0.031  0.012        1
114:     0.009  0.000  0.980  0.000  0.010        1
115:     0.006  0.012  0.923  0.051  0.007        1
116:     0.001  0.000  0.998  0.000  0.001        1
117:     0.019  0.000  0.910  0.003  0.068        1
118:     0.017  0.010  0.959  0.000  0.014        1
119:     0.016  0.027  0.853  0.079  0.024        1
120:     0.024  0.040  0.918  0.011  0.007        1
121:     0.016  0.005  0.951  0.009  0.018        1
122:     0.037  0.007  0.907  0.023  0.026        1
123:     0.000  0.000  0.995  0.005  0.000        1
124:     0.027  0.006  0.860  0.000  0.107        1
125:     0.000  0.000  0.996  0.000  0.003        1
126:     0.081  0.021  0.873  0.011  0.014        1
127:     0.004  0.027  0.893  0.042  0.035        1
128:     0.005  0.024  0.954  0.002  0.014        1
129:     0.000  0.000  0.996  0.003  0.001        1
130:     0.003  0.020  0.918  0.004  0.054        1
131:     0.003  0.002  0.992  0.001  0.001        1
132:     0.013  0.003  0.839  0.085  0.061        1
133:     0.003  0.010  0.880  0.000  0.107        1
134:     0.114  0.035  0.834  0.005  0.013        1
135:     0.083  0.006  0.805  0.061  0.044        1
136:     0.001  0.000  0.998  0.002  0.000        1
137:     0.000  0.025  0.954  0.000  0.021        1
138:     0.001  0.003  0.990  0.002  0.003        1
139:     0.006  0.021  0.929  0.010  0.033        1
140:     0.009  0.029  0.890  0.001  0.070        1
141:     0.000  0.002  0.989  0.008  0.000        1
142:     0.091  0.008  0.868  0.026  0.006        1
143:     0.000  0.004  0.925  0.003  0.069        1
144:     0.032  0.011  0.948  0.002  0.007        1
145:     0.001  0.004  0.975  0.017  0.003        1
146:     0.026  0.000  0.922  0.017  0.034        1
147:     0.016  0.002  0.962  0.000  0.020        1
148:     0.086  0.089  0.144  0.543  0.138        1
149:     0.460  0.058  0.097  0.207  0.178        1
150:     0.833  0.039  0.092  0.013  0.023        1
151:     0.223  0.094  0.087  0.597  0.000        1
152:     0.226  0.065  0.039  0.580  0.089        1
153:     0.200  0.085  0.069  0.623  0.024        1
154:     0.609  0.075  0.051  0.261  0.004        1
155:     0.184  0.061  0.080  0.640  0.035        1
156:     0.314  0.083  0.031  0.490  0.082        1
157:     0.288  0.085  0.079  0.500  0.048        1
158:     0.503  0.075  0.107  0.282  0.033        1
159:     0.417  0.075  0.025  0.477  0.005        1
160:     0.385  0.077  0.028  0.464  0.046        1
161:     0.236  0.083  0.114  0.464  0.102        1
162:     0.200  0.138  0.045  0.588  0.027        1
163:     0.552  0.114  0.069  0.214  0.050        1
164:     0.415  0.077  0.078  0.319  0.111        1
165:     0.471  0.085  0.101  0.265  0.078        1
166:     0.397  0.060  0.028  0.452  0.064        1
167:     0.286  0.092  0.070  0.495  0.058        1
168:     0.462  0.074  0.063  0.389  0.012        1
169:     0.383  0.067  0.112  0.408  0.029        1
170:     0.435  0.095  0.056  0.414  0.001        1
171:     0.496  0.096  0.064  0.327  0.017        1
172:     0.224  0.070  0.078  0.547  0.080        1
173:     0.218  0.068  0.036  0.582  0.096        1
174:     0.293  0.076  0.054  0.523  0.054        1
175:     0.432  0.068  0.048  0.390  0.063       50
176:     0.488  0.072  0.044  0.343  0.053       49
177:     0.461  0.068  0.048  0.367  0.056       50
178:     0.454  0.074  0.044  0.361  0.066       49
179:     0.493  0.069  0.052  0.317  0.068       23
180:     0.448  0.072  0.050  0.382  0.048       49
181:     0.002  0.005  0.002  0.003  0.988       30
182:     0.012  0.012  0.005  0.007  0.964       30
183:     0.275  0.065  0.067  0.479  0.113       34
184:     0.338  0.067  0.039  0.500  0.055       36
185:     0.347  0.063  0.049  0.480  0.062       40
186:     0.405  0.073  0.046  0.428  0.048       39
187:     0.404  0.068  0.047  0.421  0.060       37
188:     0.413  0.071  0.051  0.397  0.069       40
189:     0.366  0.071  0.047  0.453  0.063       35
190:     0.386  0.070  0.041  0.428  0.074       28
191:     0.381  0.067  0.049  0.443  0.061       36
192:     0.405  0.072  0.046  0.417  0.060       32
--------------------------------------------

 Rep#:   Lambda   Alpha      F1    F2    F3    F4    F5     D1,2  D1,3  D1,4  D1,5  D2,3  D2,4  D2,5  D3,4  D3,5  D4,5    Ln Like 
 2000:    1.00    0.527    0.010 0.254 0.154 0.009 0.158    0.041 0.028 0.003 0.024 0.057 0.041 0.054 0.028 0.043 0.024   --  
 2100:    1.00    0.541    0.009 0.255 0.149 0.009 0.157    0.041 0.027 0.003 0.024 0.057 0.041 0.054 0.027 0.043 0.024   --  
 2200:    1.00    0.520    0.009 0.252 0.150 0.009 0.156    0.041 0.027 0.003 0.024 0.058 0.041 0.054 0.027 0.042 0.024   --  
 2300:    1.00    0.485    0.009 0.248 0.147 0.009 0.153    0.040 0.027 0.003 0.023 0.057 0.040 0.054 0.027 0.042 0.023   --  
 2400:    1.00    0.452    0.009 0.258 0.146 0.009 0.154    0.040 0.026 0.003 0.023 0.057 0.040 0.054 0.026 0.042 0.023   --  
 2500:    1.00    0.442    0.009 0.251 0.149 0.009 0.153    0.040 0.026 0.003 0.023 0.057 0.040 0.054 0.026 0.042 0.023   --  
 2600:    1.00    0.427    0.009 0.252 0.144 0.009 0.155    0.039 0.026 0.003 0.023 0.057 0.040 0.054 0.026 0.042 0.023   --  
 2700:    1.00    0.417    0.009 0.248 0.146 0.009 0.153    0.039 0.026 0.003 0.023 0.057 0.039 0.054 0.026 0.042 0.023   --  
 2800:    1.00    0.409    0.009 0.248 0.145 0.009 0.156    0.039 0.026 0.003 0.023 0.057 0.039 0.054 0.026 0.042 0.023   --  
 2900:    1.00    0.391    0.009 0.244 0.147 0.009 0.151    0.038 0.026 0.003 0.023 0.056 0.038 0.053 0.026 0.042 0.023   --  

--------------------------------------------
Proportion of membership of each pre-defined
 population in each of the 5 clusters

Given    Inferred Clusters                     Number of
 Pop       1      2      3      4      5      Individuals

  1:     0.434  0.039  0.027  0.441  0.058       54
  2:     0.429  0.046  0.022  0.447  0.056       30
  3:     0.023  0.048  0.056  0.172  0.702       30
  4:     0.027  0.022  0.085  0.017  0.850       20
  5:     0.021  0.024  0.083  0.093  0.779       30
  6:     0.425  0.044  0.030  0.460  0.040       43
  7:     0.468  0.034  0.025  0.433  0.040       44
  8:     0.398  0.038  0.022  0.518  0.023        4
  9:     0.387  0.042  0.027  0.535  0.010       22
 10:     0.371  0.036  0.025  0.558  0.010       24
 11:     0.429  0.034  0.031  0.466  0.039       54
 12:     0.422  0.038  0.022  0.476  0.042       37
 13:     0.409  0.036  0.034  0.467  0.053       42
 14:     0.435  0.034  0.029  0.462  0.040       42
 15:     0.385  0.037  0.027  0.498  0.052       49
 16:     0.430  0.038  0.031  0.447  0.053      124
 17:     0.419  0.038  0.031  0.459  0.054       24
 18:     0.491  0.042  0.032  0.407  0.027       34
 19:     0.414  0.041  0.028  0.467  0.050       52
 20:     0.546  0.039  0.040  0.347  0.027        1
 21:     0.395  0.099  0.117  0.384  0.005        1
 22:     0.336  0.062  0.045  0.528  0.028        1
 23:     0.108  0.025  0.112  0.650  0.105        1
 24:     0.589  0.042  0.019  0.318  0.032        1
 25:     0.298  0.009  0.063  0.518  0.112        1
 26:     0.611  0.086  0.066  0.212  0.025        1
 27:     0.334  0.052  0.047  0.518  0.049        1
 28:     0.420  0.058  0.027  0.475  0.019        1
 29:     0.300  0.093  0.016  0.591  0.000        1
 30:     0.522  0.038  0.066  0.305  0.069        1
 31:     0.151  0.059  0.000  0.604  0.186        1
 32:     0.596  0.044  0.034  0.326  0.000        1
 33:     0.654  0.086  0.001  0.175  0.083        1
 34:     0.355  0.044  0.067  0.534  0.001        1
 35:     0.394  0.025  0.076  0.501  0.004        1
 36:     0.625  0.037  0.066  0.207  0.065        1
 37:     0.129  0.018  0.068  0.764  0.021        1
 38:     0.071  0.031  0.119  0.702  0.077        1
 39:     0.585  0.087  0.036  0.275  0.017        1
 40:     0.178  0.087  0.093  0.543  0.098        1
 41:     0.319  0.051  0.028  0.583  0.020        1
 42:     0.441  0.056  0.073  0.401  0.029        1
 43:     0.654  0.058  0.034  0.216  0.037        1
 44:     0.052  0.061  0.012  0.743  0.132        1
 45:     0.489  0.090  0.055  0.357  0.009        1
 46:     0.373  0.052  0.097  0.456  0.020        1
 47:     0.070  0.031  0.042  0.856  0.001        1
 48:     0.083  0.030  0.025  0.823  0.040        1
 49:     0.233  0.063  0.029  0.675  0.000        1
 50:     0.175  0.031  0.036  0.448  0.310        1
 51:     0.155  0.056  0.044  0.532  0.213        1
 52:     0.284  0.056  0.056  0.553  0.051        1
 53:     0.370  0.046  0.034  0.513  0.038        1
 54:     0.000  0.997  0.002  0.000  0.000        1
 55:     0.000  0.999  0.001  0.000  0.000        1
 56:     0.174  0.795  0.000  0.031  0.000        1
 57:     0.028  0.955  0.004  0.013  0.000        1
 58:     0.065  0.922  0.000  0.012  0.001        1
 59:     0.036  0.836  0.003  0.114  0.012        1
 60:     0.001  0.998  0.000  0.001  0.000        1
 61:     0.001  0.997  0.000  0.000  0.002        1
 62:     0.636  0.011  0.011  0.001  0.341        1
