

----------------------------------------------------
STRUCTURE by Pritchard, Stephens and Donnelly (2000)
     and Falush, Stephens and Pritchard (2003)
       Code by Pritchard, Falush and Hubisz
             Version 2.3.4 (Jul 2012)
----------------------------------------------------


Reading file "/workdir/yc2644/CV_CT_array/structure/threader_input/mainparams".
Reading file "/workdir/yc2644/CV_CT_array/structure/threader_input/extraparams".
Reading file "/workdir/yc2644/CV_CT_array/structure/threader_input/n1601.recode.strct_in".


Data file "/workdir/yc2644/CV_CT_array/structure/threader_input/n1601.recode.strct_in" (truncated) --

Ind:   Label Pop : Genotype_data . . . .
  1:  001s    1  :  2   1   2   2   2   1   2  . . . .   2
  1:  001s    1  :  2   2   2   2   2   2   2  . . . .   2
  2:  002s    1  :  2   2   2   2   1   1   2  . . . .   2
  2:  002s    1  :  2   2   2   2   2   2   2  . . . .   2
  3:  003s    1  :  1   2   1   2   2   2   2  . . . .   1
  3:  003s    1  :  2   2   1   2   2   2   2  . . . .   2
  4:  004s    1  :  1   1   2   2   1   2   2  . . . .   1
  4:  004s    1  :  2   1   2   2   2   2   2  . . . .   2

      *******   

1600:    49  192  :  2   2   2   2   2   1   2  . . . .   1
1600:    49  192  :  2   2   2   2   2   2   2  . . . .   2
1601:    50  192  :  2   1   2   2   1   2   2  . . . .   1
1601:    50  192  :  2   2   2   2   2   2   2  . . . .   2

Number of alleles per locus: min= 2; ave=2.0; max= 2


--------------------------------------

Finished initialization; starting MCMC 
100000 iterations + 10000 burnin


--------------------------------------------
Proportion of membership of each pre-defined
 population in each of the 5 clusters

Given    Inferred Clusters                     Number of
 Pop       1      2      3      4      5      Individuals

  1:     0.139  0.267  0.201  0.254  0.140       54
  2:     0.122  0.276  0.203  0.250  0.148       30
  3:     0.205  0.074  0.063  0.078  0.581       30
  4:     0.343  0.021  0.031  0.068  0.538       20
  5:     0.400  0.029  0.039  0.077  0.455       30
  6:     0.139  0.261  0.204  0.274  0.123       43
  7:     0.131  0.286  0.178  0.272  0.133       44
  8:     0.116  0.310  0.245  0.204  0.126        4
  9:     0.108  0.289  0.217  0.288  0.098       22
 10:     0.123  0.243  0.219  0.310  0.104       24
 11:     0.143  0.275  0.194  0.264  0.124       54
 12:     0.120  0.289  0.204  0.250  0.136       37
 13:     0.144  0.270  0.189  0.270  0.127       42
 14:     0.128  0.270  0.190  0.280  0.132       42
 15:     0.127  0.272  0.198  0.263  0.140       49
 16:     0.131  0.279  0.196  0.260  0.135      124
 17:     0.140  0.299  0.164  0.267  0.130       24
 18:     0.119  0.287  0.197  0.268  0.128       34
 19:     0.130  0.265  0.228  0.241  0.136       52
 20:     0.131  0.296  0.249  0.172  0.152        1
 21:     0.070  0.430  0.250  0.086  0.164        1
 22:     0.089  0.381  0.200  0.188  0.142        1
 23:     0.183  0.279  0.179  0.199  0.160        1
 24:     0.097  0.062  0.383  0.426  0.032        1
 25:     0.186  0.239  0.225  0.145  0.205        1
 26:     0.138  0.220  0.166  0.345  0.132        1
 27:     0.071  0.358  0.171  0.204  0.196        1
 28:     0.131  0.403  0.176  0.188  0.102        1
 29:     0.141  0.288  0.186  0.245  0.140        1
 30:     0.200  0.244  0.218  0.182  0.156        1
 31:     0.024  0.164  0.130  0.401  0.280        1
 32:     0.095  0.299  0.188  0.302  0.116        1
 33:     0.214  0.013  0.282  0.389  0.103        1
 34:     0.039  0.342  0.281  0.246  0.092        1
 35:     0.149  0.271  0.152  0.301  0.127        1
 36:     0.230  0.373  0.135  0.158  0.104        1
 37:     0.175  0.264  0.163  0.252  0.146        1
 38:     0.193  0.248  0.241  0.190  0.129        1
 39:     0.128  0.114  0.593  0.103  0.062        1
 40:     0.126  0.249  0.468  0.009  0.148        1
 41:     0.132  0.325  0.232  0.194  0.117        1
 42:     0.167  0.131  0.257  0.361  0.084        1
 43:     0.151  0.262  0.228  0.218  0.141        1
 44:     0.151  0.282  0.164  0.202  0.202        1
 45:     0.115  0.432  0.161  0.210  0.082        1
 46:     0.165  0.286  0.217  0.193  0.140        1
 47:     0.130  0.259  0.177  0.302  0.132        1
 48:     0.139  0.197  0.080  0.478  0.105        1
 49:     0.112  0.394  0.254  0.155  0.085        1
 50:     0.255  0.153  0.158  0.167  0.267        1
 51:     0.184  0.206  0.129  0.283  0.199        1
 52:     0.223  0.231  0.214  0.214  0.118        1
 53:     0.044  0.234  0.247  0.284  0.191        1
 54:     0.042  0.059  0.760  0.046  0.093        1
 55:     0.111  0.081  0.579  0.091  0.139        1
 56:     0.035  0.016  0.817  0.053  0.078        1
 57:     0.038  0.098  0.729  0.060  0.075        1
 58:     0.012  0.005  0.864  0.010  0.110        1
 59:     0.030  0.072  0.662  0.156  0.080        1
 60:     0.054  0.105  0.608  0.106  0.127        1
 61:     0.084  0.052  0.677  0.090  0.097        1
 62:     0.341  0.128  0.069  0.050  0.412        1
 63:     0.086  0.025  0.766  0.046  0.077        1
 64:     0.007  0.046  0.864  0.023  0.060        1
 65:     0.011  0.065  0.796  0.041  0.086        1
 66:     0.113  0.086  0.690  0.078  0.033        1
 67:     0.104  0.141  0.463  0.103  0.188        1
 68:     0.096  0.010  0.696  0.136  0.061        1
 69:     0.040  0.044  0.794  0.011  0.111        1
 70:     0.035  0.045  0.752  0.046  0.122        1
 71:     0.038  0.090  0.851  0.017  0.004        1
 72:     0.053  0.009  0.782  0.050  0.106        1
 73:     0.032  0.017  0.836  0.053  0.061        1
 74:     0.049  0.080  0.677  0.032  0.161        1
 75:     0.047  0.067  0.743  0.037  0.107        1
 76:     0.423  0.024  0.084  0.028  0.441        1
 77:     0.080  0.056  0.782  0.013  0.069        1
 78:     0.011  0.064  0.742  0.043  0.140        1
 79:     0.045  0.109  0.793  0.022  0.031        1
 80:     0.064  0.007  0.858  0.026  0.045        1
 81:     0.082  0.041  0.837  0.001  0.040        1
 82:     0.234  0.092  0.406  0.179  0.089        1
 83:     0.093  0.121  0.597  0.103  0.087        1
 84:     0.682  0.050  0.198  0.036  0.035        1
 85:     0.737  0.050  0.185  0.011  0.018        1
 86:     0.540  0.157  0.225  0.008  0.071        1
 87:     0.681  0.031  0.249  0.035  0.004        1
 88:     0.677  0.075  0.181  0.028  0.039        1
 89:     0.662  0.168  0.042  0.097  0.030        1
 90:     0.774  0.012  0.159  0.002  0.052        1
 91:     0.714  0.160  0.102  0.001  0.022        1
 92:     0.540  0.113  0.295  0.017  0.035        1
 93:     0.791  0.014  0.173  0.010  0.011        1
 94:     0.613  0.125  0.227  0.005  0.031        1
 95:     0.753  0.090  0.132  0.016  0.010        1
 96:     0.878  0.009  0.053  0.057  0.003        1
 97:     0.679  0.059  0.208  0.017  0.037        1
 98:     0.765  0.043  0.153  0.017  0.022        1
 99:     0.817  0.049  0.112  0.006  0.015        1
100:     0.797  0.013  0.156  0.022  0.012        1
101:     0.609  0.073  0.173  0.121  0.026        1
102:     0.616  0.105  0.225  0.025  0.029        1
103:     0.826  0.098  0.044  0.026  0.007        1
104:     0.635  0.074  0.259  0.009  0.023        1
105:     0.599  0.059  0.319  0.017  0.007        1
106:     0.491  0.088  0.374  0.027  0.020        1
107:     0.802  0.040  0.126  0.021  0.010        1
108:     0.610  0.106  0.183  0.023  0.078        1
109:     0.548  0.106  0.218  0.052  0.076        1
110:     0.429  0.085  0.350  0.049  0.087        1
111:     0.757  0.018  0.067  0.123  0.036        1
112:     0.705  0.064  0.202  0.024  0.004        1
113:     0.637  0.055  0.264  0.001  0.042        1
114:     0.663  0.069  0.216  0.036  0.017        1
115:     0.701  0.209  0.067  0.012  0.010        1
116:     0.835  0.052  0.110  0.001  0.002        1
117:     0.530  0.051  0.251  0.059  0.109        1
118:     0.651  0.083  0.172  0.035  0.058        1
119:     0.582  0.107  0.199  0.077  0.035        1
120:     0.578  0.091  0.273  0.019  0.039        1
121:     0.636  0.068  0.200  0.056  0.039        1
122:     0.470  0.112  0.105  0.234  0.080        1
123:     0.677  0.108  0.177  0.024  0.015        1
124:     0.627  0.033  0.243  0.060  0.037        1
125:     0.809  0.043  0.100  0.046  0.002        1
126:     0.660  0.083  0.199  0.035  0.024        1
127:     0.668  0.095  0.153  0.042  0.043        1
128:     0.776  0.090  0.033  0.050  0.051        1
129:     0.789  0.073  0.092  0.031  0.014        1
130:     0.658  0.134  0.121  0.036  0.051        1
131:     0.681  0.035  0.213  0.044  0.027        1
132:     0.602  0.073  0.245  0.026  0.055        1
133:     0.813  0.020  0.102  0.037  0.029        1
134:     0.650  0.262  0.033  0.011  0.044        1
135:     0.605  0.043  0.318  0.017  0.016        1
136:     0.678  0.024  0.258  0.013  0.027        1
137:     0.563  0.054  0.328  0.030  0.025        1
138:     0.740  0.045  0.195  0.007  0.013        1
139:     0.784  0.014  0.144  0.021  0.037        1
140:     0.713  0.035  0.220  0.003  0.029        1
141:     0.803  0.041  0.087  0.052  0.016        1
142:     0.669  0.069  0.164  0.063  0.034        1
143:     0.660  0.089  0.144  0.045  0.063        1
144:     0.654  0.012  0.267  0.035  0.032        1
145:     0.821  0.094  0.064  0.004  0.016        1
146:     0.802  0.034  0.098  0.022  0.043        1
147:     0.852  0.022  0.102  0.017  0.008        1
148:     0.359  0.109  0.274  0.160  0.098        1
149:     0.196  0.305  0.118  0.202  0.178        1
150:     0.135  0.240  0.238  0.247  0.140        1
151:     0.114  0.414  0.191  0.100  0.182        1
152:     0.161  0.266  0.222  0.183  0.168        1
153:     0.159  0.261  0.230  0.209  0.142        1
154:     0.111  0.141  0.138  0.484  0.126        1
155:     0.225  0.420  0.105  0.134  0.116        1
156:     0.089  0.380  0.109  0.312  0.110        1
157:     0.107  0.254  0.238  0.250  0.151        1
158:     0.118  0.324  0.282  0.121  0.155        1
159:     0.119  0.334  0.235  0.190  0.122        1
160:     0.075  0.182  0.159  0.532  0.052        1
161:     0.204  0.192  0.277  0.201  0.125        1
162:     0.149  0.236  0.223  0.261  0.132        1
163:     0.156  0.082  0.287  0.363  0.112        1
164:     0.161  0.212  0.259  0.225  0.143        1
165:     0.202  0.256  0.293  0.082  0.168        1
166:     0.151  0.301  0.118  0.291  0.140        1
167:     0.119  0.186  0.290  0.260  0.145        1
168:     0.142  0.462  0.170  0.092  0.133        1
169:     0.114  0.479  0.161  0.093  0.153        1
170:     0.115  0.354  0.349  0.095  0.088        1
171:     0.106  0.174  0.237  0.401  0.083        1
172:     0.054  0.197  0.336  0.224  0.189        1
173:     0.154  0.255  0.313  0.115  0.162        1
174:     0.079  0.170  0.229  0.394  0.129        1
175:     0.132  0.267  0.213  0.246  0.142       50
176:     0.118  0.298  0.223  0.227  0.134       49
177:     0.117  0.268  0.204  0.275  0.135       50
178:     0.127  0.285  0.199  0.252  0.139       49
179:     0.151  0.247  0.202  0.264  0.137       23
180:     0.127  0.259  0.214  0.266  0.134       49
181:     0.040  0.012  0.028  0.028  0.892       30
182:     0.158  0.030  0.029  0.046  0.738       30
183:     0.136  0.256  0.169  0.272  0.167       34
184:     0.120  0.295  0.172  0.281  0.131       36
185:     0.144  0.303  0.179  0.239  0.134       40
186:     0.136  0.306  0.195  0.230  0.132       39
187:     0.134  0.292  0.191  0.249  0.134       37
188:     0.130  0.290  0.187  0.247  0.146       40
189:     0.111  0.310  0.207  0.224  0.149       35
190:     0.134  0.284  0.178  0.251  0.153       28
191:     0.137  0.283  0.202  0.234  0.144       36
192:     0.115  0.279  0.200  0.269  0.137       32
--------------------------------------------

 Rep#:   Lambda   Alpha      F1    F2    F3    F4    F5     D1,2  D1,3  D1,4  D1,5  D2,3  D2,4  D2,5  D3,4  D3,5  D4,5    Ln Like 
  100:    1.00    1.644    0.187 0.021 0.045 0.008 0.258    0.038 0.036 0.034 0.055 0.012 0.004 0.046 0.010 0.047 0.039   --  
  200:    1.00    1.270    0.201 0.021 0.236 0.008 0.230    0.039 0.056 0.036 0.055 0.044 0.004 0.041 0.039 0.052 0.036   --  
  300:    1.00    1.153    0.182 0.021 0.271 0.008 0.206    0.036 0.059 0.033 0.049 0.051 0.004 0.036 0.046 0.055 0.032   --  
  400:    1.00    1.047    0.176 0.022 0.271 0.008 0.189    0.035 0.059 0.033 0.047 0.050 0.004 0.033 0.046 0.054 0.030   --  
  500:    1.00    0.980    0.165 0.023 0.266 0.008 0.181    0.034 0.058 0.031 0.045 0.049 0.004 0.032 0.045 0.054 0.029   --  
  600:    1.00    0.930    0.165 0.022 0.269 0.008 0.176    0.034 0.059 0.030 0.045 0.049 0.004 0.031 0.045 0.054 0.028   --  
  700:    1.00    0.917    0.160 0.023 0.269 0.008 0.175    0.033 0.058 0.030 0.044 0.048 0.004 0.031 0.045 0.054 0.027   --  
  800:    1.00    0.869    0.161 0.023 0.264 0.008 0.169    0.032 0.058 0.029 0.044 0.047 0.005 0.030 0.044 0.054 0.026   --  
  900:    1.00    0.822    0.160 0.023 0.263 0.008 0.169    0.032 0.058 0.029 0.044 0.047 0.005 0.029 0.043 0.054 0.026   --  

--------------------------------------------
Proportion of membership of each pre-defined
 population in each of the 5 clusters

Given    Inferred Clusters                     Number of
 Pop       1      2      3      4      5      Individuals

  1:     0.074  0.355  0.102  0.373  0.097       54
  2:     0.070  0.384  0.107  0.335  0.103       30
  3:     0.080  0.079  0.064  0.061  0.716       30
  4:     0.101  0.007  0.030  0.039  0.823       20
  5:     0.111  0.012  0.033  0.077  0.767       30
  6:     0.075  0.391  0.104  0.337  0.093       43
  7:     0.066  0.350  0.098  0.401  0.085       44
  8:     0.071  0.366  0.098  0.386  0.079        4
  9:     0.076  0.491  0.114  0.271  0.048       22
 10:     0.069  0.418  0.106  0.352  0.055       24
 11:     0.077  0.375  0.098  0.361  0.089       54
 12:     0.074  0.391  0.102  0.348  0.085       37
 13:     0.072  0.366  0.105  0.356  0.102       42
 14:     0.071  0.361  0.104  0.380  0.083       42
 15:     0.073  0.387  0.104  0.342  0.094       49
 16:     0.072  0.364  0.102  0.363  0.100      124
 17:     0.074  0.405  0.104  0.327  0.090       24
 18:     0.073  0.365  0.113  0.377  0.072       34
 19:     0.075  0.377  0.103  0.356  0.090       52
 20:     0.083  0.444  0.104  0.266  0.103        1
 21:     0.143  0.353  0.138  0.342  0.024        1
 22:     0.044  0.367  0.127  0.410  0.052        1
 23:     0.117  0.465  0.123  0.180  0.115        1
 24:     0.038  0.324  0.110  0.432  0.097        1
 25:     0.099  0.584  0.079  0.101  0.138        1
 26:     0.096  0.390  0.129  0.314  0.071        1
 27:     0.081  0.434  0.108  0.240  0.137        1
 28:     0.078  0.436  0.142  0.299  0.045        1
 29:     0.105  0.466  0.122  0.279  0.029        1
 30:     0.062  0.237  0.078  0.513  0.110        1
 31:     0.080  0.181  0.092  0.451  0.196        1
 32:     0.094  0.418  0.103  0.336  0.049        1
 33:     0.032  0.024  0.124  0.686  0.134        1
 34:     0.116  0.442  0.116  0.265  0.061        1
 35:     0.066  0.306  0.065  0.483  0.079        1
 36:     0.101  0.389  0.108  0.262  0.140        1
 37:     0.094  0.387  0.067  0.360  0.093        1
 38:     0.125  0.291  0.110  0.348  0.126        1
 39:     0.061  0.327  0.152  0.413  0.046        1
 40:     0.156  0.494  0.123  0.109  0.118        1
 41:     0.131  0.401  0.123  0.310  0.034        1
 42:     0.103  0.348  0.083  0.381  0.085        1
 43:     0.111  0.342  0.113  0.334  0.100        1
 44:     0.063  0.398  0.098  0.275  0.165        1
 45:     0.106  0.490  0.154  0.162  0.088        1
 46:     0.135  0.521  0.080  0.175  0.089        1
 47:     0.078  0.238  0.106  0.492  0.086        1
 48:     0.030  0.208  0.124  0.565  0.073        1
 49:     0.090  0.522  0.116  0.188  0.084        1
 50:     0.051  0.192  0.100  0.341  0.316        1
 51:     0.048  0.139  0.082  0.481  0.249        1
 52:     0.134  0.410  0.095  0.234  0.128        1
 53:     0.073  0.308  0.101  0.400  0.118        1
 54:     0.001  0.000  0.992  0.001  0.006        1
 55:     0.000  0.002  0.994  0.000  0.004        1
 56:     0.031  0.025  0.866  0.050  0.028        1
 57:     0.009  0.019  0.954  0.003  0.015        1
 58:     0.035  0.003  0.931  0.022  0.009        1
 59:     0.023  0.029  0.848  0.045  0.055        1
 60:     0.001  0.000  0.978  0.017  0.003        1
 61:     0.001  0.001  0.992  0.002  0.004        1
 62:     0.052  0.007  0.031  0.524  0.386        1
 63:     0.041  0.002  0.939  0.001  0.018        1
 64:     0.000  0.001  0.997  0.001  0.001        1
 65:     0.000  0.000  0.999  0.000  0.000        1
 66:     0.019  0.008  0.956  0.005  0.012        1
 67:     0.100  0.140  0.650  0.012  0.098        1
 68:     0.019  0.013  0.952  0.001  0.014        1
 69:     0.017  0.003  0.976  0.003  0.000        1
 70:     0.045  0.042  0.823  0.064  0.026        1
 71:     0.002  0.002  0.996  0.001  0.000        1
 72:     0.002  0.001  0.995  0.002  0.000        1
 73:     0.000  0.000  1.000  0.000  0.000        1
 74:     0.041  0.007  0.774  0.127  0.052        1
 75:     0.001  0.000  0.998  0.001  0.000        1
 76:     0.132  0.001  0.004  0.327  0.537        1
 77:     0.000  0.000  0.998  0.001  0.001        1
 78:     0.000  0.057  0.813  0.036  0.094        1
 79:     0.000  0.001  0.997  0.001  0.001        1
 80:     0.006  0.004  0.985  0.001  0.006        1
 81:     0.006  0.000  0.992  0.001  0.001        1
 82:     0.201  0.023  0.501  0.198  0.078        1
 83:     0.000  0.000  0.999  0.000  0.000        1
 84:     0.942  0.000  0.029  0.007  0.022        1
 85:     0.964  0.005  0.000  0.000  0.031        1
 86:     0.867  0.090  0.013  0.003  0.026        1
 87:     0.962  0.003  0.024  0.011  0.000        1
 88:     0.982  0.011  0.001  0.000  0.006        1
 89:     0.924  0.018  0.009  0.047  0.003        1
 90:     0.974  0.003  0.006  0.001  0.016        1
 91:     0.956  0.000  0.003  0.041  0.000        1
 92:     0.854  0.059  0.018  0.065  0.003        1
 93:     0.912  0.001  0.033  0.005  0.049        1
 94:     0.937  0.013  0.012  0.030  0.007        1
 95:     0.934  0.006  0.004  0.009  0.047        1
 96:     0.989  0.004  0.001  0.003  0.003        1
 97:     0.963  0.001  0.022  0.002  0.012        1
 98:     0.927  0.012  0.045  0.009  0.006        1
 99:     0.996  0.000  0.002  0.001  0.000        1
100:     0.981  0.003  0.009  0.001  0.006        1
101:     0.771  0.001  0.042  0.129  0.057        1
102:     0.786  0.097  0.022  0.091  0.004        1
103:     0.959  0.000  0.022  0.005  0.014        1
104:     0.945  0.043  0.009  0.000  0.003        1
105:     0.917  0.000  0.043  0.002  0.038        1
106:     0.811  0.132  0.050  0.005  0.002        1
107:     0.956  0.000  0.004  0.010  0.030        1
108:     0.840  0.043  0.006  0.095  0.016        1
109:     0.753  0.027  0.032  0.114  0.073        1
110:     0.761  0.044  0.076  0.118  0.000        1
111:     0.972  0.004  0.010  0.006  0.009        1
112:     0.993  0.001  0.004  0.002  0.001        1
113:     0.944  0.008  0.013  0.007  0.028        1
114:     0.963  0.003  0.018  0.011  0.004        1
115:     0.942  0.047  0.004  0.003  0.004        1
116:     0.989  0.003  0.006  0.001  0.000        1
117:     0.917  0.000  0.006  0.019  0.058        1
118:     0.947  0.007  0.024  0.003  0.019        1
119:     0.861  0.009  0.019  0.105  0.006        1
120:     0.921  0.026  0.045  0.004  0.004        1
121:     0.960  0.002  0.020  0.001  0.017        1
122:     0.919  0.017  0.044  0.019  0.001        1
123:     0.990  0.003  0.006  0.000  0.001        1
124:     0.821  0.021  0.029  0.056  0.073        1
125:     0.994  0.000  0.002  0.000  0.003        1
126:     0.840  0.001  0.027  0.097  0.035        1
127:     0.914  0.000  0.036  0.005  0.045        1
128:     0.952  0.000  0.025  0.001  0.022        1
129:     0.991  0.000  0.008  0.000  0.002        1
130:     0.911  0.009  0.026  0.011  0.043        1
131:     0.964  0.001  0.030  0.002  0.003        1
132:     0.837  0.050  0.032  0.010  0.071        1
133:     0.881  0.008  0.016  0.004  0.090        1
134:     0.833  0.084  0.055  0.018  0.010        1
135:     0.832  0.095  0.017  0.024  0.031        1
136:     0.993  0.000  0.004  0.002  0.001        1
137:     0.966  0.001  0.026  0.002  0.005        1
138:     0.970  0.002  0.023  0.000  0.005        1
139:     0.909  0.009  0.024  0.001  0.057        1
140:     0.888  0.005  0.019  0.006  0.083        1
141:     0.977  0.001  0.001  0.002  0.020        1
142:     0.870  0.032  0.016  0.057  0.024        1
143:     0.921  0.006  0.019  0.003  0.051        1
144:     0.965  0.009  0.025  0.001  0.001        1
145:     0.983  0.003  0.003  0.001  0.010        1
146:     0.938  0.000  0.021  0.010  0.030        1
147:     0.985  0.003  0.000  0.002  0.009        1
148:     0.174  0.176  0.109  0.412  0.129        1
149:     0.118  0.359  0.103  0.228  0.192        1
150:     0.100  0.248  0.098  0.493  0.060        1
151:     0.079  0.490  0.121  0.229  0.081        1
152:     0.100  0.405  0.099  0.254  0.142        1
153:     0.091  0.488  0.114  0.227  0.080        1
154:     0.028  0.053  0.089  0.755  0.074        1
155:     0.077  0.528  0.102  0.178  0.114        1
156:     0.095  0.324  0.116  0.370  0.095        1
157:     0.038  0.238  0.093  0.533  0.099        1
158:     0.099  0.579  0.106  0.168  0.048        1
159:     0.079  0.493  0.110  0.291  0.027        1
160:     0.050  0.188  0.097  0.588  0.077        1
161:     0.119  0.310  0.106  0.365  0.101        1
162:     0.076  0.333  0.140  0.367  0.085        1
163:     0.091  0.356  0.142  0.362  0.048        1
164:     0.055  0.394  0.102  0.327  0.123        1
165:     0.119  0.158  0.092  0.498  0.134        1
166:     0.033  0.142  0.085  0.668  0.072        1
167:     0.093  0.346  0.125  0.333  0.102        1
168:     0.057  0.651  0.098  0.122  0.071        1
169:     0.113  0.569  0.106  0.121  0.090        1
170:     0.100  0.558  0.121  0.167  0.054        1
171:     0.126  0.335  0.103  0.398  0.039        1
172:     0.110  0.506  0.126  0.139  0.118        1
173:     0.058  0.209  0.104  0.553  0.076        1
174:     0.086  0.281  0.089  0.426  0.118        1
175:     0.067  0.366  0.102  0.367  0.098       50
176:     0.067  0.398  0.103  0.342  0.090       49
177:     0.066  0.388  0.099  0.353  0.093       50
178:     0.070  0.415  0.106  0.309  0.100       49
179:     0.071  0.351  0.099  0.383  0.096       23
180:     0.069  0.407  0.104  0.328  0.092       49
181:     0.004  0.005  0.005  0.002  0.984       30
182:     0.007  0.012  0.014  0.008  0.959       30
183:     0.089  0.385  0.089  0.296  0.141       34
184:     0.060  0.444  0.105  0.299  0.092       36
185:     0.076  0.447  0.104  0.268  0.105       40
186:     0.073  0.472  0.107  0.265  0.083       39
187:     0.071  0.436  0.105  0.283  0.105       37
188:     0.076  0.434  0.099  0.285  0.105       40
189:     0.073  0.460  0.108  0.254  0.105       35
190:     0.067  0.399  0.110  0.320  0.103       28
191:     0.068  0.443  0.103  0.289  0.097       36
192:     0.064  0.446  0.105  0.287  0.097       32
--------------------------------------------

 Rep#:   Lambda   Alpha      F1    F2    F3    F4    F5     D1,2  D1,3  D1,4  D1,5  D2,3  D2,4  D2,5  D3,4  D3,5  D4,5    Ln Like 
 1000:    1.00    0.762    0.156 0.023 0.265 0.008 0.164    0.031 0.057 0.028 0.043 0.046 0.005 0.029 0.042 0.054 0.026   --  
 1100:    1.00    0.739    0.155 0.024 0.263 0.008 0.166    0.031 0.058 0.028 0.044 0.046 0.005 0.028 0.043 0.055 0.025   --  
 1200:    1.00    0.733    0.156 0.024 0.260 0.008 0.165    0.031 0.058 0.028 0.044 0.046 0.005 0.028 0.042 0.055 0.025   --  
 1300:    1.00    0.705    0.156 0.024 0.251 0.009 0.158    0.030 0.058 0.028 0.044 0.045 0.005 0.028 0.042 0.055 0.025   --  
 1400:    1.00    0.658    0.153 0.024 0.258 0.009 0.163    0.030 0.058 0.028 0.043 0.045 0.005 0.027 0.042 0.054 0.025   --  
 1500:    1.00    0.646    0.151 0.023 0.252 0.009 0.165    0.030 0.058 0.027 0.043 0.044 0.005 0.027 0.041 0.054 0.025   --  
 1600:    1.00    0.636    0.146 0.023 0.248 0.009 0.160    0.029 0.057 0.027 0.043 0.043 0.005 0.027 0.040 0.054 0.024   --  
 1700:    1.00    0.612    0.150 0.023 0.249 0.009 0.162    0.029 0.057 0.027 0.043 0.043 0.005 0.027 0.040 0.054 0.024   --  
 1800:    1.00    0.583    0.148 0.022 0.247 0.009 0.162    0.029 0.057 0.027 0.043 0.042 0.005 0.027 0.040 0.054 0.024   --  
 1900:    1.00    0.559    0.148 0.021 0.248 0.009 0.161    0.029 0.057 0.027 0.043 0.043 0.004 0.027 0.040 0.055 0.024   --  

--------------------------------------------
Proportion of membership of each pre-defined
 population in each of the 5 clusters

Given    Inferred Clusters                     Number of
 Pop       1      2      3      4      5      Individuals

  1:     0.047  0.433  0.066  0.380  0.074       54
  2:     0.041  0.463  0.069  0.351  0.075       30
  3:     0.055  0.108  0.058  0.072  0.707       30
  4:     0.058  0.003  0.019  0.145  0.775       20
  5:     0.071  0.010  0.022  0.163  0.734       30
  6:     0.048  0.487  0.066  0.331  0.068       43
  7:     0.043  0.401  0.060  0.438  0.058       44
  8:     0.041  0.474  0.073  0.388  0.024        4
  9:     0.042  0.604  0.075  0.257  0.023       22
 10:     0.044  0.554  0.066  0.300  0.036       24
 11:     0.047  0.447  0.060  0.384  0.062       54
 12:     0.045  0.458  0.066  0.372  0.059       37
 13:     0.046  0.445  0.062  0.371  0.076       42
 14:     0.038  0.426  0.065  0.409  0.063       42
 15:     0.042  0.450  0.068  0.371  0.069       49
 16:     0.046  0.419  0.064  0.398  0.073      124
 17:     0.049  0.450  0.067  0.373  0.062       24
 18:     0.048  0.423  0.073  0.403  0.054       34
 19:     0.046  0.436  0.063  0.390  0.064       52
 20:     0.069  0.506  0.071  0.291  0.063        1
 21:     0.098  0.356  0.068  0.457  0.021        1
 22:     0.027  0.413  0.084  0.438  0.038        1
 23:     0.093  0.495  0.060  0.251  0.101        1
 24:     0.055  0.524  0.067  0.333  0.021        1
 25:     0.066  0.627  0.056  0.086  0.165        1
 26:     0.095  0.423  0.093  0.329  0.059        1
 27:     0.108  0.517  0.092  0.200  0.084        1
 28:     0.085  0.598  0.081  0.215  0.022        1
 29:     0.050  0.635  0.101  0.178  0.036        1
 30:     0.062  0.250  0.077  0.493  0.118        1
 31:     0.047  0.335  0.062  0.348  0.208        1
 32:     0.065  0.558  0.061  0.277  0.039        1
 33:     0.025  0.001  0.071  0.865  0.037        1
 34:     0.081  0.574  0.106  0.219  0.020        1
 35:     0.067  0.368  0.059  0.474  0.032        1
 36:     0.049  0.442  0.080  0.353  0.075        1
 37:     0.073  0.423  0.019  0.465  0.019        1
 38:     0.102  0.404  0.062  0.392  0.040        1
 39:     0.055  0.397  0.141  0.364  0.043        1
 40:     0.114  0.518  0.086  0.229  0.053        1
 41:     0.045  0.392  0.080  0.472  0.011        1
 42:     0.057  0.382  0.072  0.411  0.078        1
 43:     0.037  0.185  0.069  0.654  0.056        1
 44:     0.028  0.479  0.057  0.312  0.125        1
 45:     0.069  0.496  0.100  0.319  0.017        1
 46:     0.107  0.574  0.066  0.163  0.090        1
 47:     0.056  0.391  0.048  0.438  0.067        1
 48:     0.026  0.457  0.073  0.407  0.036        1
 49:     0.040  0.633  0.092  0.198  0.036        1
 50:     0.044  0.147  0.057  0.406  0.346        1
 51:     0.070  0.341  0.051  0.318  0.220        1
 52:     0.067  0.392  0.085  0.362  0.094        1
 53:     0.056  0.302  0.073  0.484  0.084        1
 54:     0.002  0.004  0.986  0.005  0.003        1
 55:     0.002  0.001  0.995  0.000  0.001        1
 56:     0.020  0.032  0.836  0.110  0.002        1
 57:     0.000  0.035  0.946  0.018  0.000        1
 58:     0.021  0.039  0.904  0.030  0.007        1
 59:     0.001  0.002  0.876  0.102  0.019        1
 60:     0.000  0.008  0.987  0.000  0.005        1
 61:     0.000  0.000  0.999  0.000  0.000        1
 62:     0.025  0.001  0.001  0.613  0.360        1
 63:     0.000  0.026  0.925  0.025  0.024        1
 64:     0.000  0.000  0.999  0.000  0.000        1
 65:     0.002  0.001  0.997  0.000  0.000        1
 66:     0.003  0.000  0.961  0.005  0.031        1
 67:     0.105  0.174  0.618  0.026  0.078        1
 68:     0.024  0.024  0.914  0.000  0.038        1
 69:     0.015  0.001  0.984  0.000  0.000        1
 70:     0.019  0.034  0.788  0.138  0.020        1
 71:     0.002  0.000  0.996  0.001  0.001        1
 72:     0.002  0.000  0.996  0.002  0.000        1
 73:     0.000  0.000  0.999  0.001  0.000        1
 74:     0.002  0.002  0.759  0.204  0.032        1
 75:     0.000  0.001  0.998  0.001  0.000        1
 76:     0.073  0.004  0.008  0.375  0.541        1
 77:     0.002  0.000  0.997  0.000  0.000        1
 78:     0.016  0.087  0.809  0.032  0.056        1
 79:     0.001  0.000  0.998  0.001  0.000        1
 80:     0.000  0.002  0.982  0.000  0.016        1
 81:     0.002  0.000  0.995  0.002  0.001        1
 82:     0.165  0.106  0.513  0.111  0.106        1
 83:     0.000  0.001  0.996  0.003  0.000        1
 84:     0.955  0.008  0.004  0.001  0.032        1
 85:     0.949  0.002  0.002  0.009  0.038        1
 86:     0.863  0.107  0.014  0.004  0.012        1
 87:     0.976  0.022  0.001  0.000  0.001        1
 88:     0.990  0.008  0.000  0.000  0.001        1
 89:     0.974  0.008  0.001  0.016  0.001        1
 90:     0.988  0.004  0.006  0.000  0.001        1
 91:     0.958  0.006  0.003  0.008  0.024        1
 92:     0.816  0.098  0.006  0.065  0.015        1
 93:     0.934  0.006  0.019  0.003  0.037        1
 94:     0.897  0.065  0.003  0.024  0.010        1
 95:     0.882  0.013  0.003  0.057  0.046        1
 96:     0.984  0.006  0.007  0.002  0.001        1
 97:     0.938  0.000  0.008  0.000  0.053        1
 98:     0.969  0.010  0.003  0.014  0.005        1
 99:     0.996  0.000  0.002  0.001  0.000        1
100:     0.998  0.001  0.001  0.001  0.000        1
101:     0.793  0.026  0.029  0.125  0.028        1
102:     0.791  0.148  0.038  0.022  0.001        1
103:     0.966  0.014  0.004  0.002  0.013        1
104:     0.949  0.009  0.027  0.012  0.002        1
105:     0.902  0.012  0.034  0.009  0.044        1
106:     0.804  0.136  0.005  0.038  0.017        1
107:     0.954  0.007  0.001  0.022  0.016        1
108:     0.840  0.040  0.010  0.081  0.028        1
109:     0.750  0.035  0.041  0.084  0.089        1
110:     0.787  0.101  0.048  0.041  0.023        1
111:     0.969  0.001  0.001  0.001  0.028        1
112:     0.992  0.001  0.008  0.000  0.000        1
113:     0.958  0.001  0.007  0.004  0.030        1
114:     0.974  0.013  0.011  0.001  0.001        1
115:     0.940  0.035  0.007  0.002  0.015        1
116:     0.993  0.004  0.000  0.000  0.002        1
117:     0.920  0.000  0.005  0.021  0.055        1
118:     0.955  0.001  0.021  0.003  0.020        1
119:     0.879  0.013  0.023  0.080  0.005        1
120:     0.915  0.001  0.060  0.021  0.003        1
121:     0.931  0.019  0.005  0.017  0.027        1
122:     0.918  0.063  0.018  0.000  0.000        1
123:     0.984  0.003  0.011  0.000  0.002        1
124:     0.849  0.053  0.002  0.007  0.090        1
125:     0.996  0.001  0.002  0.000  0.001        1
126:     0.842  0.006  0.029  0.121  0.002        1
127:     0.925  0.007  0.018  0.000  0.050        1
128:     0.930  0.016  0.030  0.003  0.022        1
129:     0.996  0.000  0.000  0.002  0.001        1
130:     0.895  0.039  0.014  0.008  0.043        1
131:     0.990  0.006  0.000  0.000  0.004        1
132:     0.822  0.032  0.004  0.066  0.076        1
133:     0.861  0.000  0.019  0.001  0.118        1
134:     0.866  0.068  0.040  0.004  0.021        1
135:     0.770  0.043  0.024  0.126  0.037        1
136:     0.993  0.000  0.000  0.004  0.002        1
137:     0.958  0.002  0.024  0.001  0.015        1
138:     0.970  0.001  0.024  0.004  0.001        1
139:     0.905  0.002  0.005  0.005  0.083        1
140:     0.872  0.012  0.027  0.010  0.080        1
141:     0.980  0.003  0.001  0.002  0.014        1
142:     0.864  0.004  0.020  0.100  0.011        1
143:     0.934  0.007  0.005  0.008  0.045        1
144:     0.972  0.004  0.002  0.006  0.015        1
145:     0.971  0.013  0.013  0.001  0.002        1
146:     0.915  0.018  0.008  0.021  0.038        1
147:     0.990  0.000  0.002  0.006  0.002        1
148:     0.130  0.410  0.079  0.230  0.150        1
149:     0.099  0.401  0.074  0.245  0.181        1
150:     0.072  0.195  0.033  0.698  0.002        1
151:     0.042  0.742  0.102  0.088  0.026        1
152:     0.016  0.462  0.073  0.334  0.115        1
153:     0.053  0.471  0.047  0.372  0.056        1
154:     0.031  0.004  0.038  0.896  0.031        1
155:     0.038  0.486  0.063  0.408  0.005        1
156:     0.097  0.335  0.070  0.449  0.048        1
157:     0.072  0.158  0.066  0.628  0.077        1
158:     0.078  0.548  0.065  0.267  0.041        1
159:     0.042  0.467  0.109  0.368  0.015        1
160:     0.052  0.380  0.063  0.459  0.047        1
161:     0.094  0.510  0.063  0.223  0.110        1
162:     0.043  0.517  0.114  0.275  0.051        1
163:     0.043  0.250  0.072  0.599  0.035        1
164:     0.048  0.509  0.082  0.261  0.099        1
165:     0.111  0.263  0.072  0.461  0.093        1
166:     0.019  0.051  0.054  0.851  0.025        1
167:     0.048  0.464  0.069  0.347  0.071        1
168:     0.040  0.639  0.087  0.195  0.038        1
169:     0.121  0.562  0.081  0.175  0.062        1
170:     0.061  0.456  0.089  0.391  0.003        1
171:     0.060  0.518  0.080  0.284  0.057        1
172:     0.079  0.553  0.100  0.175  0.094        1
173:     0.008  0.223  0.050  0.674  0.045        1
174:     0.060  0.544  0.095  0.244  0.056        1
175:     0.042  0.438  0.064  0.390  0.066       50
176:     0.040  0.459  0.067  0.373  0.061       49
177:     0.043  0.417  0.063  0.416  0.062       50
178:     0.041  0.468  0.065  0.357  0.070       49
179:     0.050  0.395  0.058  0.429  0.068       23
180:     0.041  0.435  0.065  0.399  0.060       49
181:     0.002  0.004  0.004  0.002  0.989       30
182:     0.005  0.016  0.013  0.009  0.957       30
183:     0.061  0.448  0.054  0.317  0.121       34
184:     0.041  0.507  0.063  0.322  0.067       36
185:     0.051  0.546  0.067  0.260  0.076       40
186:     0.044  0.525  0.071  0.299  0.061       39
187:     0.049  0.530  0.066  0.282  0.073       37
188:     0.053  0.516  0.060  0.293  0.078       40
189:     0.052  0.544  0.065  0.261  0.078       35
190:     0.041  0.473  0.064  0.343  0.079       28
191:     0.045  0.519  0.064  0.297  0.075       36
192:     0.041  0.525  0.066  0.294  0.074       32
--------------------------------------------

 Rep#:   Lambda   Alpha      F1    F2    F3    F4    F5     D1,2  D1,3  D1,4  D1,5  D2,3  D2,4  D2,5  D3,4  D3,5  D4,5    Ln Like 
 2000:    1.00    0.561    0.152 0.020 0.249 0.009 0.163    0.029 0.058 0.027 0.044 0.042 0.004 0.027 0.040 0.055 0.024   --  
 2100:    1.00    0.542    0.145 0.020 0.252 0.009 0.165    0.028 0.057 0.027 0.043 0.042 0.004 0.027 0.040 0.055 0.025   --  
 2200:    1.00    0.510    0.151 0.020 0.256 0.009 0.166    0.028 0.057 0.027 0.044 0.042 0.004 0.027 0.040 0.055 0.025   --  
 2300:    1.00    0.494    0.144 0.020 0.251 0.009 0.165    0.028 0.058 0.026 0.043 0.042 0.004 0.027 0.040 0.056 0.025   --  
 2400:    1.00    0.487    0.148 0.020 0.243 0.009 0.168    0.028 0.057 0.026 0.043 0.041 0.004 0.027 0.040 0.056 0.025   --  
 2500:    1.00    0.472    0.146 0.020 0.246 0.009 0.171    0.027 0.057 0.026 0.044 0.040 0.005 0.027 0.039 0.056 0.026   --  
 2600:    1.00    0.442    0.148 0.020 0.245 0.009 0.179    0.028 0.057 0.026 0.044 0.040 0.005 0.027 0.039 0.056 0.026   --  
 2700:    1.00    0.434    0.146 0.020 0.254 0.009 0.173    0.028 0.058 0.027 0.045 0.041 0.005 0.028 0.040 0.057 0.026   --  
 2800:    1.00    0.413    0.145 0.022 0.242 0.009 0.179    0.028 0.058 0.026 0.045 0.041 0.005 0.029 0.039 0.057 0.026   --  
 2900:    1.00    0.400    0.144 0.023 0.242 0.009 0.180    0.027 0.057 0.026 0.045 0.040 0.006 0.029 0.039 0.058 0.027   --  

--------------------------------------------
Proportion of membership of each pre-defined
 population in each of the 5 clusters

Given    Inferred Clusters                     Number of
 Pop       1      2      3      4      5      Individuals

  1:     0.032  0.524  0.037  0.355  0.053       54
  2:     0.035  0.527  0.048  0.339  0.051       30
  3:     0.053  0.133  0.050  0.114  0.650       30
  4:     0.003  0.001  0.002  0.498  0.496       20
  5:     0.008  0.001  0.003  0.504  0.484       30
  6:     0.036  0.573  0.034  0.310  0.047       43
  7:     0.023  0.514  0.033  0.387  0.042       44
  8:     0.026  0.573  0.042  0.338  0.022        4
  9:     0.029  0.678  0.044  0.239  0.010       22
 10:     0.031  0.680  0.039  0.231  0.021       24
 11:     0.032  0.544  0.032  0.349  0.043       54
 12:     0.027  0.556  0.042  0.331  0.045       37
 13:     0.039  0.543  0.041  0.321  0.056       42
 14:     0.022  0.536  0.039  0.362  0.041       42
 15:     0.031  0.539  0.041  0.340  0.049       49
 16:     0.034  0.527  0.039  0.351  0.049      124
 17:     0.035  0.557  0.043  0.314  0.050       24
 18:     0.030  0.521  0.039  0.373  0.036       34
 19:     0.028  0.545  0.037  0.342  0.048       52
 20:     0.037  0.657  0.032  0.212  0.061        1
 21:     0.098  0.441  0.071  0.389  0.002        1
 22:     0.008  0.614  0.066  0.312  0.000        1
 23:     0.087  0.610  0.046  0.193  0.063        1
 24:     0.011  0.574  0.022  0.374  0.019        1
 25:     0.060  0.574  0.014  0.272  0.080        1
 26:     0.053  0.468  0.048  0.389  0.041        1
 27:     0.067  0.644  0.025  0.213  0.052        1
 28:     0.036  0.671  0.064  0.228  0.000        1
 29:     0.038  0.675  0.024  0.244  0.019        1
 30:     0.062  0.480  0.050  0.344  0.063        1
 31:     0.018  0.318  0.053  0.460  0.151        1
 32:     0.059  0.550  0.034  0.357  0.000        1
 33:     0.061  0.197  0.002  0.663  0.077        1
 34:     0.055  0.675  0.066  0.200  0.005        1
 35:     0.034  0.553  0.022  0.360  0.030        1
 36:     0.033  0.572  0.053  0.257  0.085        1
 37:     0.028  0.497  0.028  0.385  0.062        1
 38:     0.089  0.467  0.017  0.355  0.072        1
 39:     0.063  0.417  0.094  0.414  0.013        1
 40:     0.058  0.538  0.058  0.280  0.065        1
 41:     0.016  0.563  0.053  0.368  0.000        1
 42:     0.037  0.425  0.048  0.458  0.032        1
 43:     0.044  0.199  0.024  0.719  0.014        1
 44:     0.004  0.559  0.040  0.274  0.123        1
 45:     0.076  0.542  0.099  0.284  0.000        1
 46:     0.120  0.556  0.040  0.223  0.062        1
 47:     0.015  0.703  0.031  0.226  0.025        1
 48:     0.037  0.696  0.036  0.202  0.029        1
 49:     0.030  0.674  0.096  0.179  0.021        1
 50:     0.036  0.055  0.029  0.686  0.194        1
 51:     0.056  0.386  0.041  0.351  0.165        1
 52:     0.059  0.522  0.039  0.335  0.045        1
 53:     0.070  0.400  0.034  0.447  0.049        1
 54:     0.000  0.002  0.995  0.002  0.001        1
 55:     0.001  0.005  0.994  0.000  0.000        1
 56:     0.022  0.005  0.833  0.138  0.002        1
 57:     0.004  0.050  0.929  0.016  0.000        1
 58:     0.003  0.108  0.873  0.005  0.010        1
 59:     0.004  0.072  0.833  0.082  0.008        1
 60:     0.000  0.004  0.987  0.003  0.006        1
 61:     0.000  0.005  0.994  0.000  0.000        1
 62:     0.000  0.004  0.011  0.698  0.286        1
