

----------------------------------------------------
STRUCTURE by Pritchard, Stephens and Donnelly (2000)
     and Falush, Stephens and Pritchard (2003)
       Code by Pritchard, Falush and Hubisz
             Version 2.3.4 (Jul 2012)
----------------------------------------------------


Reading file "/workdir/yc2644/CV_CT_array/structure/threader_input/mainparams".
Reading file "/workdir/yc2644/CV_CT_array/structure/threader_input/extraparams".
Reading file "/workdir/yc2644/CV_CT_array/structure/threader_input/n1601.recode.strct_in".


Data file "/workdir/yc2644/CV_CT_array/structure/threader_input/n1601.recode.strct_in" (truncated) --

Ind:   Label Pop : Genotype_data . . . .
  1:  001s    1  :  2   1   2   2   2   1   2  . . . .   2
  1:  001s    1  :  2   2   2   2   2   2   2  . . . .   2
  2:  002s    1  :  2   2   2   2   1   1   2  . . . .   2
  2:  002s    1  :  2   2   2   2   2   2   2  . . . .   2
  3:  003s    1  :  1   2   1   2   2   2   2  . . . .   1
  3:  003s    1  :  2   2   1   2   2   2   2  . . . .   2
  4:  004s    1  :  1   1   2   2   1   2   2  . . . .   1
  4:  004s    1  :  2   1   2   2   2   2   2  . . . .   2

      *******   

1600:    49  192  :  2   2   2   2   2   1   2  . . . .   1
1600:    49  192  :  2   2   2   2   2   2   2  . . . .   2
1601:    50  192  :  2   1   2   2   1   2   2  . . . .   1
1601:    50  192  :  2   2   2   2   2   2   2  . . . .   2

Number of alleles per locus: min= 2; ave=2.0; max= 2


--------------------------------------

Finished initialization; starting MCMC 
100000 iterations + 10000 burnin


--------------------------------------------
Proportion of membership of each pre-defined
 population in each of the 5 clusters

Given    Inferred Clusters                     Number of
 Pop       1      2      3      4      5      Individuals

  1:     0.231  0.226  0.119  0.277  0.147       54
  2:     0.228  0.222  0.119  0.288  0.143       30
  3:     0.114  0.068  0.616  0.094  0.108       30
  4:     0.076  0.058  0.686  0.065  0.115       20
  5:     0.094  0.064  0.642  0.068  0.133       30
  6:     0.252  0.227  0.118  0.264  0.138       43
  7:     0.243  0.231  0.111  0.272  0.143       44
  8:     0.324  0.234  0.088  0.210  0.144        4
  9:     0.271  0.275  0.080  0.276  0.098       22
 10:     0.251  0.258  0.087  0.279  0.126       24
 11:     0.205  0.243  0.118  0.295  0.139       54
 12:     0.224  0.238  0.111  0.295  0.132       37
 13:     0.251  0.246  0.122  0.248  0.133       42
 14:     0.213  0.271  0.114  0.274  0.128       42
 15:     0.232  0.251  0.123  0.270  0.124       49
 16:     0.230  0.236  0.123  0.273  0.138      124
 17:     0.271  0.218  0.108  0.260  0.143       24
 18:     0.206  0.246  0.108  0.301  0.139       34
 19:     0.222  0.235  0.122  0.287  0.133       52
 20:     0.514  0.219  0.083  0.149  0.036        1
 21:     0.226  0.324  0.051  0.145  0.253        1
 22:     0.101  0.080  0.104  0.572  0.143        1
 23:     0.313  0.230  0.129  0.169  0.159        1
 24:     0.041  0.116  0.114  0.560  0.170        1
 25:     0.100  0.286  0.178  0.276  0.160        1
 26:     0.163  0.204  0.111  0.369  0.153        1
 27:     0.385  0.088  0.101  0.291  0.135        1
 28:     0.215  0.313  0.110  0.203  0.160        1
 29:     0.179  0.314  0.100  0.247  0.161        1
 30:     0.219  0.368  0.151  0.197  0.065        1
 31:     0.217  0.247  0.227  0.139  0.170        1
 32:     0.328  0.121  0.093  0.277  0.181        1
 33:     0.182  0.436  0.141  0.099  0.143        1
 34:     0.260  0.105  0.079  0.379  0.177        1
 35:     0.373  0.416  0.105  0.076  0.030        1
 36:     0.211  0.321  0.125  0.197  0.146        1
 37:     0.338  0.311  0.116  0.067  0.168        1
 38:     0.440  0.201  0.070  0.108  0.181        1
 39:     0.153  0.372  0.083  0.293  0.099        1
 40:     0.133  0.313  0.157  0.229  0.167        1
 41:     0.313  0.160  0.091  0.246  0.190        1
 42:     0.302  0.370  0.146  0.037  0.146        1
 43:     0.253  0.237  0.133  0.245  0.132        1
 44:     0.371  0.234  0.180  0.117  0.097        1
 45:     0.185  0.172  0.084  0.398  0.161        1
 46:     0.319  0.226  0.107  0.139  0.210        1
 47:     0.247  0.179  0.123  0.292  0.160        1
 48:     0.318  0.156  0.092  0.261  0.174        1
 49:     0.271  0.187  0.109  0.267  0.166        1
 50:     0.403  0.101  0.319  0.031  0.146        1
 51:     0.015  0.384  0.226  0.255  0.120        1
 52:     0.291  0.269  0.131  0.116  0.193        1
 53:     0.193  0.131  0.105  0.389  0.182        1
 54:     0.087  0.772  0.005  0.019  0.117        1
 55:     0.081  0.487  0.157  0.098  0.178        1
 56:     0.024  0.682  0.001  0.173  0.120        1
 57:     0.020  0.771  0.064  0.002  0.143        1
 58:     0.023  0.789  0.099  0.021  0.068        1
 59:     0.091  0.518  0.105  0.136  0.151        1
 60:     0.010  0.644  0.094  0.142  0.111        1
 61:     0.027  0.685  0.109  0.024  0.155        1
 62:     0.181  0.149  0.363  0.163  0.144        1
 63:     0.089  0.609  0.127  0.053  0.123        1
 64:     0.042  0.824  0.083  0.005  0.046        1
 65:     0.002  0.717  0.124  0.006  0.151        1
 66:     0.107  0.580  0.130  0.012  0.171        1
 67:     0.040  0.563  0.089  0.170  0.138        1
 68:     0.038  0.745  0.081  0.007  0.129        1
 69:     0.099  0.575  0.068  0.020  0.238        1
 70:     0.139  0.620  0.146  0.022  0.073        1
 71:     0.061  0.550  0.120  0.111  0.158        1
 72:     0.007  0.648  0.126  0.030  0.189        1
 73:     0.074  0.581  0.112  0.071  0.162        1
 74:     0.123  0.472  0.123  0.153  0.130        1
 75:     0.045  0.633  0.120  0.006  0.196        1
 76:     0.095  0.121  0.459  0.119  0.205        1
 77:     0.067  0.597  0.158  0.039  0.139        1
 78:     0.073  0.710  0.068  0.038  0.112        1
 79:     0.026  0.715  0.082  0.052  0.125        1
 80:     0.026  0.678  0.087  0.085  0.124        1
 81:     0.005  0.651  0.082  0.102  0.160        1
 82:     0.110  0.408  0.146  0.097  0.239        1
 83:     0.138  0.641  0.047  0.087  0.087        1
 84:     0.063  0.019  0.051  0.004  0.863        1
 85:     0.019  0.066  0.049  0.060  0.806        1
 86:     0.072  0.046  0.058  0.073  0.752        1
 87:     0.076  0.074  0.016  0.013  0.821        1
 88:     0.011  0.016  0.028  0.054  0.890        1
 89:     0.077  0.072  0.041  0.037  0.773        1
 90:     0.032  0.055  0.085  0.018  0.810        1
 91:     0.007  0.022  0.046  0.049  0.876        1
 92:     0.011  0.147  0.021  0.104  0.716        1
 93:     0.039  0.039  0.076  0.029  0.816        1
 94:     0.137  0.003  0.040  0.017  0.803        1
 95:     0.017  0.059  0.073  0.015  0.837        1
 96:     0.043  0.037  0.052  0.017  0.852        1
 97:     0.054  0.028  0.037  0.018  0.863        1
 98:     0.001  0.044  0.038  0.011  0.905        1
 99:     0.025  0.033  0.022  0.014  0.906        1
100:     0.018  0.019  0.041  0.029  0.894        1
101:     0.014  0.146  0.032  0.014  0.795        1
102:     0.072  0.094  0.060  0.071  0.703        1
103:     0.053  0.058  0.016  0.014  0.860        1
104:     0.087  0.072  0.030  0.006  0.805        1
105:     0.019  0.016  0.097  0.031  0.837        1
106:     0.187  0.019  0.043  0.040  0.710        1
107:     0.005  0.064  0.058  0.040  0.833        1
108:     0.108  0.020  0.091  0.031  0.750        1
109:     0.058  0.080  0.073  0.020  0.769        1
110:     0.101  0.078  0.069  0.081  0.670        1
111:     0.002  0.028  0.048  0.024  0.899        1
112:     0.002  0.080  0.026  0.024  0.869        1
113:     0.031  0.034  0.069  0.013  0.854        1
114:     0.046  0.058  0.052  0.032  0.813        1
115:     0.040  0.045  0.052  0.005  0.859        1
116:     0.008  0.025  0.055  0.011  0.901        1
117:     0.028  0.029  0.017  0.020  0.906        1
118:     0.050  0.035  0.015  0.032  0.868        1
119:     0.013  0.149  0.022  0.014  0.802        1
120:     0.088  0.021  0.050  0.007  0.834        1
121:     0.120  0.014  0.015  0.009  0.841        1
122:     0.007  0.009  0.047  0.042  0.895        1
123:     0.007  0.020  0.025  0.027  0.920        1
124:     0.019  0.102  0.058  0.057  0.764        1
125:     0.028  0.037  0.035  0.031  0.869        1
126:     0.146  0.001  0.057  0.002  0.795        1
127:     0.014  0.020  0.042  0.052  0.873        1
128:     0.081  0.005  0.032  0.008  0.874        1
129:     0.021  0.021  0.019  0.002  0.938        1
130:     0.031  0.009  0.108  0.059  0.793        1
131:     0.056  0.010  0.011  0.019  0.903        1
132:     0.036  0.037  0.034  0.050  0.842        1
133:     0.008  0.028  0.057  0.015  0.891        1
134:     0.061  0.063  0.094  0.008  0.775        1
135:     0.081  0.067  0.069  0.085  0.697        1
136:     0.018  0.069  0.016  0.031  0.867        1
137:     0.066  0.006  0.053  0.016  0.859        1
138:     0.026  0.041  0.045  0.004  0.884        1
139:     0.045  0.042  0.092  0.046  0.775        1
140:     0.068  0.076  0.090  0.004  0.762        1
141:     0.011  0.029  0.055  0.055  0.851        1
142:     0.062  0.080  0.043  0.001  0.814        1
143:     0.013  0.021  0.121  0.032  0.813        1
144:     0.040  0.025  0.061  0.011  0.863        1
145:     0.040  0.057  0.043  0.008  0.852        1
146:     0.005  0.014  0.064  0.037  0.879        1
147:     0.035  0.053  0.007  0.030  0.875        1
148:     0.248  0.160  0.171  0.199  0.222        1
149:     0.226  0.216  0.181  0.171  0.205        1
150:     0.286  0.192  0.111  0.247  0.164        1
151:     0.338  0.201  0.081  0.239  0.141        1
152:     0.164  0.256  0.153  0.327  0.100        1
153:     0.220  0.203  0.120  0.304  0.153        1
154:     0.213  0.333  0.065  0.305  0.084        1
155:     0.253  0.216  0.124  0.255  0.151        1
156:     0.312  0.144  0.132  0.251  0.160        1
157:     0.296  0.284  0.085  0.261  0.074        1
158:     0.280  0.246  0.112  0.207  0.155        1
159:     0.233  0.233  0.125  0.275  0.135        1
160:     0.563  0.079  0.153  0.082  0.122        1
161:     0.315  0.149  0.159  0.227  0.150        1
162:     0.244  0.141  0.142  0.327  0.146        1
163:     0.189  0.286  0.015  0.322  0.187        1
164:     0.140  0.397  0.093  0.221  0.149        1
165:     0.247  0.223  0.144  0.186  0.200        1
166:     0.303  0.237  0.121  0.231  0.107        1
167:     0.258  0.272  0.133  0.179  0.158        1
168:     0.265  0.196  0.031  0.413  0.094        1
169:     0.201  0.257  0.101  0.236  0.205        1
170:     0.177  0.270  0.084  0.322  0.147        1
171:     0.136  0.458  0.083  0.160  0.162        1
172:     0.269  0.211  0.152  0.202  0.166        1
173:     0.387  0.154  0.106  0.219  0.134        1
174:     0.168  0.457  0.098  0.099  0.178        1
175:     0.215  0.239  0.127  0.287  0.132       50
176:     0.242  0.244  0.109  0.277  0.128       49
177:     0.214  0.232  0.120  0.296  0.138       50
178:     0.228  0.223  0.125  0.297  0.127       49
179:     0.234  0.254  0.121  0.257  0.134       23
180:     0.233  0.264  0.115  0.259  0.129       49
181:     0.038  0.028  0.876  0.024  0.034       30
182:     0.076  0.032  0.806  0.039  0.048       30
183:     0.222  0.196  0.157  0.290  0.133       34
184:     0.233  0.226  0.129  0.278  0.134       36
185:     0.224  0.234  0.117  0.295  0.130       40
186:     0.259  0.236  0.105  0.271  0.129       39
187:     0.238  0.263  0.122  0.249  0.128       37
188:     0.250  0.244  0.121  0.247  0.137       40
189:     0.202  0.267  0.119  0.279  0.132       35
190:     0.197  0.230  0.138  0.297  0.138       28
191:     0.245  0.240  0.115  0.270  0.130       36
192:     0.250  0.245  0.116  0.251  0.138       32
--------------------------------------------

 Rep#:   Lambda   Alpha      F1    F2    F3    F4    F5     D1,2  D1,3  D1,4  D1,5  D2,3  D2,4  D2,5  D3,4  D3,5  D4,5    Ln Like 
  100:    1.00    1.567    0.010 0.010 0.242 0.010 0.185    0.004 0.037 0.003 0.034 0.037 0.004 0.034 0.038 0.055 0.035   --  
  200:    1.00    1.229    0.010 0.127 0.209 0.010 0.189    0.025 0.033 0.003 0.035 0.041 0.025 0.044 0.034 0.048 0.035   --  
  300:    1.00    1.092    0.010 0.262 0.198 0.010 0.182    0.047 0.032 0.003 0.035 0.050 0.047 0.055 0.032 0.046 0.035   --  
  400:    1.00    1.028    0.010 0.271 0.185 0.010 0.177    0.049 0.030 0.003 0.034 0.053 0.049 0.057 0.030 0.045 0.034   --  
  500:    1.00    0.970    0.010 0.273 0.183 0.010 0.169    0.048 0.029 0.003 0.033 0.053 0.048 0.057 0.030 0.045 0.033   --  
  600:    1.00    0.927    0.010 0.270 0.176 0.011 0.168    0.047 0.029 0.003 0.032 0.053 0.047 0.057 0.029 0.044 0.032   --  
  700:    1.00    0.896    0.010 0.277 0.172 0.011 0.167    0.047 0.028 0.003 0.031 0.054 0.047 0.058 0.028 0.044 0.031   --  
  800:    1.00    0.829    0.010 0.267 0.170 0.011 0.165    0.046 0.027 0.003 0.030 0.054 0.046 0.057 0.027 0.044 0.030   --  
  900:    1.00    0.820    0.010 0.266 0.168 0.011 0.162    0.045 0.027 0.003 0.030 0.054 0.045 0.058 0.027 0.044 0.030   --  

--------------------------------------------
Proportion of membership of each pre-defined
 population in each of the 5 clusters

Given    Inferred Clusters                     Number of
 Pop       1      2      3      4      5      Individuals

  1:     0.301  0.117  0.092  0.418  0.072       54
  2:     0.324  0.122  0.089  0.402  0.063       30
  3:     0.094  0.066  0.706  0.055  0.079       30
  4:     0.013  0.041  0.822  0.017  0.107       20
  5:     0.043  0.045  0.764  0.037  0.113       30
  6:     0.357  0.114  0.087  0.368  0.074       43
  7:     0.339  0.110  0.076  0.402  0.072       44
  8:     0.255  0.115  0.077  0.482  0.071        4
  9:     0.374  0.114  0.045  0.399  0.068       22
 10:     0.371  0.121  0.050  0.393  0.065       24
 11:     0.299  0.110  0.085  0.436  0.070       54
 12:     0.273  0.118  0.078  0.462  0.070       37
 13:     0.362  0.115  0.092  0.357  0.074       42
 14:     0.250  0.117  0.077  0.488  0.069       42
 15:     0.334  0.119  0.089  0.394  0.065       49
 16:     0.317  0.112  0.093  0.403  0.075      124
 17:     0.362  0.121  0.084  0.363  0.070       24
 18:     0.319  0.122  0.072  0.418  0.070       34
 19:     0.305  0.117  0.085  0.421  0.071       52
 20:     0.597  0.102  0.078  0.128  0.095        1
 21:     0.224  0.120  0.085  0.419  0.152        1
 22:     0.231  0.127  0.086  0.501  0.055        1
 23:     0.403  0.130  0.081  0.253  0.134        1
 24:     0.188  0.127  0.067  0.526  0.091        1
 25:     0.333  0.065  0.137  0.371  0.093        1
 26:     0.264  0.142  0.080  0.446  0.068        1
 27:     0.427  0.117  0.084  0.290  0.082        1
 28:     0.518  0.145  0.032  0.212  0.093        1
 29:     0.203  0.142  0.030  0.540  0.085        1
 30:     0.239  0.105  0.123  0.412  0.121        1
 31:     0.230  0.120  0.203  0.382  0.065        1
 32:     0.348  0.110  0.084  0.376  0.083        1
 33:     0.446  0.131  0.160  0.183  0.079        1
 34:     0.251  0.156  0.042  0.461  0.090        1
 35:     0.492  0.096  0.039  0.265  0.109        1
 36:     0.217  0.110  0.104  0.469  0.101        1
 37:     0.637  0.105  0.043  0.125  0.090        1
 38:     0.626  0.119  0.095  0.027  0.133        1
 39:     0.125  0.145  0.024  0.575  0.131        1
 40:     0.330  0.150  0.091  0.317  0.112        1
 41:     0.267  0.141  0.070  0.407  0.116        1
 42:     0.206  0.133  0.097  0.488  0.076        1
 43:     0.347  0.130  0.044  0.384  0.095        1
 44:     0.716  0.114  0.125  0.009  0.036        1
 45:     0.362  0.154  0.036  0.365  0.083        1
 46:     0.307  0.093  0.065  0.379  0.156        1
 47:     0.340  0.107  0.072  0.414  0.066        1
 48:     0.134  0.117  0.056  0.622  0.071        1
 49:     0.396  0.139  0.028  0.347  0.090        1
 50:     0.352  0.096  0.342  0.109  0.101        1
 51:     0.025  0.132  0.250  0.491  0.101        1
 52:     0.612  0.139  0.075  0.083  0.091        1
 53:     0.192  0.115  0.084  0.499  0.110        1
 54:     0.000  0.989  0.010  0.000  0.000        1
 55:     0.004  0.971  0.019  0.005  0.001        1
 56:     0.032  0.865  0.002  0.064  0.037        1
 57:     0.014  0.961  0.000  0.019  0.006        1
 58:     0.011  0.923  0.039  0.008  0.019        1
 59:     0.036  0.870  0.051  0.019  0.024        1
 60:     0.001  0.989  0.001  0.005  0.004        1
 61:     0.001  0.995  0.000  0.000  0.003        1
 62:     0.153  0.049  0.429  0.256  0.113        1
 63:     0.000  0.949  0.009  0.003  0.039        1
 64:     0.000  0.997  0.001  0.002  0.001        1
 65:     0.000  0.999  0.000  0.000  0.000        1
 66:     0.010  0.960  0.019  0.001  0.011        1
 67:     0.050  0.640  0.088  0.132  0.090        1
 68:     0.013  0.928  0.023  0.001  0.035        1
 69:     0.005  0.977  0.003  0.001  0.014        1
 70:     0.005  0.818  0.059  0.096  0.022        1
 71:     0.000  0.994  0.002  0.001  0.003        1
 72:     0.002  0.996  0.002  0.000  0.001        1
 73:     0.000  0.997  0.000  0.003  0.000        1
 74:     0.107  0.776  0.079  0.017  0.022        1
 75:     0.000  0.998  0.001  0.000  0.000        1
 76:     0.238  0.023  0.568  0.024  0.147        1
 77:     0.000  0.997  0.001  0.001  0.002        1
 78:     0.051  0.840  0.088  0.012  0.009        1
 79:     0.001  0.991  0.004  0.005  0.000        1
 80:     0.001  0.974  0.015  0.010  0.001        1
 81:     0.000  0.994  0.002  0.004  0.001        1
 82:     0.147  0.526  0.094  0.063  0.170        1
 83:     0.007  0.988  0.001  0.001  0.002        1
 84:     0.001  0.006  0.063  0.008  0.922        1
 85:     0.006  0.026  0.031  0.017  0.919        1
 86:     0.044  0.043  0.032  0.039  0.843        1
 87:     0.024  0.010  0.006  0.001  0.959        1
 88:     0.000  0.016  0.001  0.001  0.982        1
 89:     0.023  0.009  0.002  0.002  0.965        1
 90:     0.001  0.019  0.007  0.001  0.971        1
 91:     0.009  0.017  0.005  0.000  0.969        1
 92:     0.036  0.018  0.026  0.075  0.844        1
 93:     0.021  0.015  0.087  0.000  0.877        1
 94:     0.060  0.007  0.033  0.013  0.886        1
 95:     0.029  0.013  0.065  0.002  0.890        1
 96:     0.002  0.000  0.007  0.000  0.991        1
 97:     0.003  0.045  0.008  0.005  0.938        1
 98:     0.006  0.021  0.005  0.009  0.959        1
 99:     0.000  0.001  0.000  0.002  0.997        1
100:     0.000  0.007  0.002  0.001  0.990        1
101:     0.062  0.040  0.047  0.078  0.773        1
102:     0.002  0.037  0.025  0.129  0.807        1
103:     0.001  0.000  0.015  0.002  0.982        1
104:     0.003  0.017  0.001  0.009  0.970        1
105:     0.001  0.059  0.041  0.007  0.892        1
106:     0.126  0.051  0.001  0.009  0.812        1
107:     0.003  0.010  0.015  0.016  0.955        1
108:     0.048  0.009  0.054  0.008  0.882        1
109:     0.055  0.032  0.091  0.046  0.776        1
110:     0.144  0.056  0.016  0.020  0.764        1
111:     0.000  0.016  0.024  0.007  0.953        1
112:     0.002  0.004  0.009  0.002  0.983        1
113:     0.001  0.014  0.033  0.013  0.939        1
114:     0.001  0.001  0.000  0.003  0.994        1
115:     0.005  0.018  0.015  0.029  0.934        1
116:     0.000  0.001  0.000  0.003  0.996        1
117:     0.010  0.002  0.043  0.003  0.942        1
118:     0.018  0.016  0.034  0.006  0.926        1
119:     0.059  0.023  0.022  0.023  0.873        1
120:     0.005  0.042  0.001  0.009  0.944        1
121:     0.002  0.018  0.021  0.005  0.955        1
122:     0.011  0.025  0.003  0.040  0.921        1
123:     0.000  0.002  0.000  0.001  0.997        1
124:     0.039  0.012  0.114  0.001  0.834        1
125:     0.003  0.001  0.005  0.000  0.991        1
126:     0.052  0.031  0.039  0.029  0.849        1
127:     0.014  0.016  0.042  0.013  0.914        1
128:     0.003  0.035  0.011  0.005  0.946        1
129:     0.002  0.001  0.000  0.002  0.995        1
130:     0.004  0.009  0.050  0.003  0.933        1
131:     0.003  0.019  0.003  0.004  0.971        1
132:     0.032  0.011  0.102  0.032  0.824        1
133:     0.018  0.015  0.096  0.005  0.865        1
134:     0.036  0.055  0.025  0.060  0.824        1
135:     0.069  0.047  0.035  0.043  0.806        1
136:     0.000  0.010  0.008  0.000  0.982        1
137:     0.008  0.021  0.005  0.006  0.960        1
138:     0.000  0.005  0.002  0.000  0.992        1
139:     0.001  0.014  0.092  0.000  0.892        1
140:     0.000  0.023  0.102  0.007  0.868        1
141:     0.006  0.000  0.001  0.003  0.990        1
142:     0.068  0.009  0.067  0.014  0.842        1
143:     0.001  0.018  0.045  0.000  0.937        1
144:     0.005  0.009  0.042  0.000  0.944        1
145:     0.003  0.023  0.010  0.002  0.961        1
146:     0.000  0.018  0.047  0.001  0.933        1
147:     0.001  0.008  0.026  0.002  0.963        1
148:     0.485  0.120  0.156  0.082  0.157        1
149:     0.268  0.105  0.198  0.287  0.142        1
150:     0.291  0.139  0.063  0.416  0.091        1
151:     0.175  0.145  0.073  0.523  0.084        1
152:     0.359  0.101  0.143  0.351  0.047        1
153:     0.459  0.114  0.052  0.291  0.085        1
154:     0.356  0.106  0.086  0.369  0.083        1
155:     0.394  0.097  0.039  0.367  0.102        1
156:     0.510  0.117  0.138  0.158  0.076        1
157:     0.482  0.091  0.076  0.262  0.088        1
158:     0.459  0.080  0.068  0.305  0.089        1
159:     0.231  0.128  0.057  0.501  0.083        1
160:     0.332  0.097  0.087  0.408  0.075        1
161:     0.376  0.107  0.086  0.302  0.129        1
162:     0.001  0.170  0.105  0.641  0.083        1
163:     0.146  0.149  0.069  0.556  0.080        1
164:     0.280  0.138  0.099  0.431  0.052        1
165:     0.328  0.113  0.115  0.294  0.150        1
166:     0.342  0.101  0.085  0.427  0.045        1
167:     0.359  0.120  0.076  0.356  0.089        1
168:     0.406  0.087  0.059  0.372  0.077        1
169:     0.109  0.122  0.071  0.586  0.112        1
170:     0.199  0.154  0.022  0.518  0.107        1
171:     0.319  0.130  0.053  0.430  0.069        1
172:     0.154  0.136  0.118  0.501  0.091        1
173:     0.329  0.098  0.076  0.418  0.078        1
174:     0.246  0.110  0.086  0.467  0.091        1
175:     0.298  0.114  0.085  0.433  0.069       50
176:     0.330  0.116  0.077  0.411  0.067       49
177:     0.308  0.114  0.085  0.423  0.070       50
178:     0.333  0.117  0.086  0.401  0.063       49
179:     0.320  0.110  0.085  0.410  0.075       23
180:     0.323  0.115  0.079  0.415  0.067       49
181:     0.004  0.004  0.984  0.003  0.004       30
182:     0.009  0.015  0.952  0.011  0.012       30
183:     0.329  0.103  0.133  0.349  0.086       34
184:     0.327  0.112  0.087  0.413  0.061       36
185:     0.339  0.110  0.087  0.387  0.077       40
186:     0.374  0.114  0.071  0.371  0.069       39
187:     0.351  0.110  0.089  0.384  0.066       37
188:     0.382  0.107  0.093  0.337  0.081       40
189:     0.365  0.115  0.091  0.360  0.069       35
190:     0.322  0.120  0.103  0.388  0.066       28
191:     0.361  0.111  0.085  0.373  0.070       36
192:     0.379  0.115  0.087  0.358  0.061       32
--------------------------------------------

 Rep#:   Lambda   Alpha      F1    F2    F3    F4    F5     D1,2  D1,3  D1,4  D1,5  D2,3  D2,4  D2,5  D3,4  D3,5  D4,5    Ln Like 
 1000:    1.00    0.767    0.010 0.272 0.167 0.011 0.157    0.045 0.026 0.003 0.030 0.055 0.046 0.058 0.027 0.044 0.029   --  
 1100:    1.00    0.715    0.010 0.260 0.166 0.011 0.156    0.044 0.026 0.003 0.029 0.054 0.044 0.058 0.026 0.044 0.029   --  
 1200:    1.00    0.710    0.010 0.263 0.165 0.011 0.156    0.044 0.026 0.003 0.029 0.054 0.044 0.058 0.026 0.044 0.029   --  
 1300:    1.00    0.687    0.010 0.259 0.166 0.011 0.155    0.043 0.026 0.003 0.029 0.054 0.043 0.058 0.026 0.044 0.029   --  
 1400:    1.00    0.650    0.010 0.263 0.162 0.011 0.151    0.043 0.025 0.003 0.028 0.054 0.043 0.058 0.025 0.044 0.028   --  
 1500:    1.00    0.632    0.010 0.258 0.163 0.011 0.155    0.042 0.025 0.003 0.028 0.054 0.043 0.057 0.025 0.043 0.028   --  
 1600:    1.00    0.605    0.010 0.259 0.159 0.010 0.152    0.043 0.025 0.003 0.028 0.055 0.043 0.058 0.025 0.043 0.028   --  
 1700:    1.00    0.596    0.010 0.254 0.160 0.010 0.149    0.042 0.024 0.003 0.028 0.054 0.042 0.058 0.024 0.043 0.027   --  
 1800:    1.00    0.569    0.010 0.257 0.159 0.010 0.149    0.042 0.024 0.003 0.027 0.054 0.042 0.057 0.025 0.043 0.027   --  
 1900:    1.00    0.530    0.010 0.255 0.155 0.010 0.151    0.041 0.024 0.003 0.027 0.053 0.041 0.057 0.024 0.043 0.027   --  

--------------------------------------------
Proportion of membership of each pre-defined
 population in each of the 5 clusters

Given    Inferred Clusters                     Number of
 Pop       1      2      3      4      5      Individuals

  1:     0.331  0.069  0.072  0.481  0.049       54
  2:     0.335  0.077  0.066  0.480  0.042       30
  3:     0.126  0.050  0.711  0.051  0.062       30
  4:     0.011  0.023  0.854  0.018  0.093       20
  5:     0.072  0.025  0.779  0.032  0.092       30
  6:     0.366  0.064  0.071  0.450  0.049       43
  7:     0.335  0.065  0.063  0.493  0.044       44
  8:     0.363  0.076  0.044  0.475  0.041        4
  9:     0.416  0.074  0.021  0.444  0.045       22
 10:     0.394  0.068  0.023  0.467  0.047       24
 11:     0.337  0.067  0.060  0.492  0.044       54
 12:     0.332  0.073  0.059  0.498  0.039       37
 13:     0.360  0.070  0.067  0.453  0.051       42
 14:     0.289  0.069  0.061  0.539  0.041       42
 15:     0.354  0.067  0.067  0.470  0.043       49
 16:     0.352  0.068  0.072  0.463  0.046      124
 17:     0.421  0.071  0.060  0.404  0.044       24
 18:     0.317  0.073  0.052  0.507  0.051       34
 19:     0.323  0.070  0.069  0.492  0.046       52
 20:     0.427  0.071  0.028  0.409  0.065        1
 21:     0.159  0.087  0.026  0.604  0.124        1
 22:     0.513  0.091  0.034  0.354  0.007        1
 23:     0.325  0.069  0.091  0.392  0.122        1
 24:     0.266  0.090  0.066  0.542  0.036        1
 25:     0.132  0.035  0.105  0.652  0.076        1
 26:     0.386  0.050  0.056  0.438  0.070        1
 27:     0.452  0.055  0.071  0.353  0.069        1
 28:     0.524  0.088  0.063  0.263  0.062        1
 29:     0.143  0.086  0.000  0.694  0.077        1
 30:     0.387  0.048  0.139  0.395  0.031        1
 31:     0.332  0.055  0.224  0.316  0.072        1
 32:     0.545  0.044  0.039  0.315  0.057        1
 33:     0.468  0.082  0.104  0.300  0.046        1
 34:     0.408  0.081  0.035  0.411  0.064        1
 35:     0.308  0.080  0.025  0.523  0.064        1
 36:     0.258  0.088  0.053  0.508  0.094        1
 37:     0.518  0.057  0.044  0.332  0.049        1
 38:     0.735  0.022  0.097  0.043  0.102        1
 39:     0.257  0.111  0.019  0.540  0.073        1
 40:     0.423  0.099  0.100  0.305  0.073        1
 41:     0.324  0.105  0.000  0.493  0.078        1
 42:     0.177  0.098  0.063  0.619  0.042        1
 43:     0.047  0.057  0.048  0.782  0.066        1
 44:     0.641  0.073  0.158  0.106  0.022        1
 45:     0.567  0.086  0.016  0.255  0.075        1
 46:     0.333  0.044  0.048  0.471  0.103        1
 47:     0.200  0.071  0.028  0.673  0.028        1
 48:     0.141  0.081  0.015  0.690  0.073        1
 49:     0.443  0.084  0.017  0.410  0.045        1
 50:     0.223  0.065  0.300  0.304  0.108        1
 51:     0.173  0.018  0.223  0.482  0.104        1
 52:     0.496  0.102  0.060  0.267  0.074        1
 53:     0.163  0.071  0.070  0.623  0.073        1
 54:     0.000  0.999  0.000  0.000  0.000        1
 55:     0.002  0.995  0.000  0.001  0.002        1
 56:     0.006  0.830  0.000  0.161  0.003        1
 57:     0.043  0.948  0.000  0.008  0.001        1
 58:     0.045  0.919  0.008  0.012  0.015        1
 59:     0.148  0.821  0.022  0.009  0.001        1
 60:     0.002  0.994  0.001  0.001  0.002        1
 61:     0.000  0.999  0.000  0.001  0.000        1
 62:     0.142  0.008  0.436  0.356  0.057        1
 63:     0.010  0.946  0.025  0.008  0.011        1
 64:     0.000  0.999  0.000  0.000  0.000        1
 65:     0.000  0.998  0.000  0.000  0.001        1
 66:     0.004  0.954  0.002  0.033  0.006        1
 67:     0.030  0.601  0.067  0.184  0.118        1
 68:     0.000  0.931  0.037  0.016  0.016        1
 69:     0.001  0.981  0.014  0.000  0.003        1
 70:     0.025  0.782  0.036  0.137  0.020        1
 71:     0.000  0.997  0.001  0.000  0.002        1
 72:     0.001  0.997  0.001  0.000  0.002        1
 73:     0.002  0.994  0.003  0.000  0.000        1
 74:     0.170  0.759  0.059  0.004  0.008        1
 75:     0.002  0.998  0.000  0.000  0.000        1
 76:     0.053  0.006  0.550  0.279  0.113        1
 77:     0.000  0.996  0.000  0.001  0.003        1
 78:     0.114  0.824  0.051  0.003  0.008        1
 79:     0.000  0.999  0.000  0.001  0.000        1
 80:     0.011  0.968  0.003  0.007  0.011        1
 81:     0.000  0.999  0.000  0.000  0.001        1
 82:     0.255  0.497  0.042  0.044  0.163        1
 83:     0.000  0.998  0.001  0.000  0.001        1
 84:     0.002  0.013  0.023  0.005  0.957        1
 85:     0.014  0.006  0.023  0.005  0.951        1
 86:     0.003  0.040  0.008  0.084  0.865        1
 87:     0.001  0.001  0.005  0.003  0.989        1
 88:     0.004  0.002  0.003  0.006  0.984        1
 89:     0.015  0.002  0.002  0.025  0.956        1
 90:     0.002  0.001  0.008  0.000  0.988        1
 91:     0.015  0.002  0.004  0.006  0.972        1
 92:     0.052  0.019  0.007  0.070  0.851        1
 93:     0.000  0.000  0.054  0.000  0.945        1
 94:     0.052  0.002  0.010  0.001  0.934        1
 95:     0.019  0.014  0.074  0.008  0.884        1
 96:     0.000  0.003  0.006  0.000  0.991        1
 97:     0.000  0.010  0.019  0.009  0.962        1
 98:     0.000  0.032  0.013  0.001  0.954        1
 99:     0.000  0.000  0.000  0.002  0.997        1
100:     0.002  0.002  0.000  0.001  0.995        1
101:     0.039  0.012  0.008  0.132  0.809        1
102:     0.117  0.016  0.006  0.063  0.798        1
103:     0.002  0.005  0.003  0.000  0.990        1
104:     0.006  0.017  0.001  0.000  0.977        1
105:     0.000  0.044  0.025  0.001  0.930        1
106:     0.069  0.057  0.000  0.085  0.789        1
107:     0.010  0.000  0.013  0.004  0.973        1
108:     0.087  0.002  0.036  0.014  0.860        1
109:     0.021  0.014  0.095  0.102  0.768        1
110:     0.190  0.045  0.007  0.024  0.735        1
111:     0.002  0.004  0.008  0.004  0.981        1
112:     0.001  0.000  0.005  0.000  0.994        1
113:     0.001  0.001  0.049  0.001  0.949        1
114:     0.007  0.001  0.005  0.005  0.981        1
115:     0.005  0.004  0.001  0.068  0.921        1
116:     0.001  0.000  0.007  0.003  0.989        1
117:     0.001  0.003  0.042  0.007  0.947        1
118:     0.009  0.006  0.017  0.002  0.965        1
119:     0.075  0.024  0.000  0.000  0.901        1
120:     0.026  0.025  0.000  0.000  0.948        1
121:     0.003  0.002  0.019  0.006  0.970        1
122:     0.044  0.037  0.000  0.006  0.914        1
123:     0.003  0.001  0.000  0.000  0.996        1
124:     0.052  0.005  0.058  0.033  0.852        1
125:     0.011  0.005  0.003  0.001  0.980        1
126:     0.112  0.015  0.000  0.000  0.873        1
127:     0.037  0.000  0.019  0.041  0.902        1
128:     0.002  0.027  0.006  0.005  0.960        1
129:     0.001  0.000  0.001  0.000  0.998        1
130:     0.013  0.005  0.041  0.013  0.928        1
131:     0.002  0.003  0.000  0.004  0.991        1
132:     0.097  0.000  0.061  0.030  0.812        1
133:     0.001  0.009  0.082  0.041  0.867        1
134:     0.000  0.028  0.003  0.130  0.839        1
135:     0.150  0.028  0.002  0.010  0.810        1
136:     0.000  0.000  0.002  0.000  0.997        1
137:     0.001  0.015  0.001  0.027  0.956        1
138:     0.002  0.002  0.000  0.000  0.996        1
139:     0.000  0.001  0.081  0.000  0.918        1
140:     0.005  0.027  0.054  0.002  0.912        1
141:     0.005  0.002  0.003  0.015  0.976        1
142:     0.069  0.009  0.030  0.038  0.854        1
143:     0.001  0.002  0.061  0.000  0.935        1
144:     0.000  0.014  0.005  0.037  0.944        1
145:     0.001  0.003  0.000  0.004  0.992        1
146:     0.000  0.010  0.045  0.005  0.941        1
147:     0.002  0.002  0.005  0.001  0.989        1
148:     0.519  0.087  0.135  0.138  0.120        1
149:     0.113  0.049  0.190  0.549  0.099        1
150:     0.072  0.080  0.050  0.698  0.100        1
151:     0.234  0.094  0.017  0.613  0.042        1
152:     0.369  0.081  0.098  0.414  0.037        1
153:     0.342  0.071  0.052  0.518  0.017        1
154:     0.200  0.059  0.020  0.667  0.054        1
155:     0.367  0.080  0.028  0.438  0.088        1
156:     0.208  0.109  0.057  0.557  0.069        1
157:     0.259  0.096  0.040  0.543  0.063        1
158:     0.420  0.063  0.029  0.412  0.075        1
159:     0.308  0.082  0.014  0.536  0.061        1
160:     0.255  0.067  0.083  0.547  0.048        1
161:     0.509  0.078  0.100  0.213  0.101        1
162:     0.165  0.134  0.031  0.616  0.055        1
163:     0.026  0.097  0.056  0.749  0.072        1
164:     0.472  0.071  0.077  0.302  0.078        1
165:     0.291  0.078  0.092  0.408  0.131        1
166:     0.280  0.067  0.085  0.540  0.029        1
167:     0.282  0.070  0.106  0.499  0.043        1
168:     0.400  0.085  0.015  0.439  0.061        1
169:     0.066  0.072  0.024  0.748  0.091        1
170:     0.175  0.088  0.037  0.634  0.066        1
171:     0.164  0.069  0.024  0.670  0.072        1
172:     0.151  0.118  0.084  0.591  0.056        1
173:     0.380  0.065  0.045  0.470  0.039        1
174:     0.085  0.073  0.054  0.683  0.105        1
175:     0.331  0.071  0.064  0.493  0.041       50
176:     0.352  0.070  0.062  0.478  0.038       49
177:     0.322  0.069  0.060  0.508  0.040       50
178:     0.363  0.066  0.069  0.460  0.042       49
179:     0.345  0.066  0.067  0.477  0.044       23
180:     0.336  0.067  0.058  0.496  0.043       49
181:     0.004  0.005  0.987  0.002  0.003       30
182:     0.007  0.015  0.959  0.012  0.007       30
183:     0.406  0.058  0.115  0.358  0.063       34
184:     0.401  0.061  0.067  0.437  0.035       36
185:     0.408  0.064  0.072  0.409  0.047       40
186:     0.381  0.072  0.050  0.457  0.041       39
187:     0.383  0.069  0.066  0.434  0.048       37
188:     0.424  0.064  0.071  0.389  0.052       40
189:     0.423  0.073  0.070  0.397  0.037       35
190:     0.365  0.068  0.072  0.455  0.040       28
191:     0.426  0.060  0.065  0.408  0.041       36
192:     0.463  0.069  0.065  0.362  0.039       32
--------------------------------------------

 Rep#:   Lambda   Alpha      F1    F2    F3    F4    F5     D1,2  D1,3  D1,4  D1,5  D2,3  D2,4  D2,5  D3,4  D3,5  D4,5    Ln Like 
 2000:    1.00    0.533    0.010 0.256 0.153 0.010 0.144    0.041 0.024 0.003 0.027 0.054 0.041 0.057 0.024 0.042 0.027   --  
 2100:    1.00    0.507    0.010 0.256 0.156 0.010 0.150    0.041 0.024 0.003 0.027 0.054 0.041 0.057 0.024 0.042 0.027   --  
 2200:    1.00    0.493    0.010 0.252 0.152 0.009 0.146    0.040 0.024 0.003 0.027 0.054 0.040 0.057 0.023 0.042 0.026   --  
 2300:    1.00    0.486    0.010 0.254 0.152 0.009 0.146    0.040 0.024 0.003 0.027 0.054 0.040 0.057 0.023 0.042 0.027   --  
 2400:    1.00    0.468    0.010 0.253 0.151 0.009 0.146    0.040 0.023 0.003 0.027 0.054 0.040 0.057 0.023 0.042 0.026   --  
 2500:    1.00    0.447    0.010 0.248 0.155 0.009 0.150    0.040 0.023 0.003 0.027 0.054 0.039 0.058 0.023 0.043 0.026   --  
 2600:    1.00    0.443    0.010 0.248 0.154 0.009 0.145    0.039 0.024 0.003 0.026 0.054 0.039 0.057 0.023 0.043 0.026   --  
 2700:    1.00    0.416    0.009 0.246 0.156 0.009 0.147    0.039 0.023 0.003 0.027 0.054 0.039 0.057 0.023 0.043 0.026   --  
 2800:    1.00    0.406    0.009 0.248 0.152 0.008 0.142    0.039 0.023 0.003 0.026 0.054 0.039 0.057 0.023 0.042 0.026   --  
 2900:    1.00    0.380    0.009 0.239 0.153 0.008 0.149    0.039 0.023 0.003 0.026 0.054 0.039 0.057 0.023 0.042 0.026   --  

--------------------------------------------
Proportion of membership of each pre-defined
 population in each of the 5 clusters

Given    Inferred Clusters                     Number of
 Pop       1      2      3      4      5      Individuals

  1:     0.343  0.039  0.059  0.529  0.031       54
  2:     0.351  0.044  0.051  0.530  0.024       30
  3:     0.133  0.047  0.712  0.055  0.053       30
  4:     0.010  0.024  0.843  0.041  0.082       20
  5:     0.078  0.019  0.775  0.045  0.084       30
  6:     0.392  0.035  0.050  0.490  0.033       43
  7:     0.351  0.034  0.046  0.540  0.029       44
  8:     0.398  0.022  0.029  0.509  0.042        4
  9:     0.478  0.039  0.012  0.445  0.027       22
 10:     0.417  0.039  0.014  0.508  0.022       24
 11:     0.363  0.032  0.046  0.528  0.032       54
 12:     0.332  0.039  0.046  0.554  0.028       37
 13:     0.336  0.037  0.053  0.537  0.037       42
 14:     0.333  0.035  0.047  0.557  0.028       42
 15:     0.368  0.039  0.051  0.510  0.031       49
 16:     0.360  0.037  0.054  0.515  0.034      124
 17:     0.452  0.041  0.050  0.422  0.035       24
 18:     0.322  0.044  0.036  0.566  0.032       34
 19:     0.357  0.036  0.052  0.527  0.028       52
 20:     0.402  0.039  0.048  0.481  0.030        1
 21:     0.159  0.060  0.006  0.649  0.125        1
 22:     0.298  0.053  0.001  0.613  0.035        1
 23:     0.260  0.026  0.060  0.568  0.087        1
 24:     0.395  0.070  0.045  0.468  0.023        1
 25:     0.296  0.005  0.140  0.506  0.052        1
 26:     0.536  0.057  0.047  0.289  0.071        1
 27:     0.572  0.022  0.064  0.291  0.051        1
 28:     0.491  0.072  0.049  0.359  0.029        1
 29:     0.284  0.017  0.022  0.650  0.026        1
 30:     0.344  0.055  0.137  0.398  0.066        1
 31:     0.457  0.076  0.177  0.239  0.051        1
 32:     0.556  0.072  0.025  0.334  0.015        1
 33:     0.559  0.073  0.093  0.258  0.017        1
 34:     0.629  0.025  0.000  0.284  0.062        1
 35:     0.443  0.045  0.027  0.444  0.041        1
 36:     0.275  0.018  0.114  0.555  0.038        1
 37:     0.559  0.000  0.030  0.365  0.045        1
 38:     0.744  0.067  0.071  0.000  0.118        1
 39:     0.455  0.082  0.029  0.404  0.030        1
 40:     0.340  0.065  0.057  0.478  0.059        1
 41:     0.236  0.093  0.000  0.640  0.031        1
 42:     0.237  0.045  0.018  0.635  0.065        1
 43:     0.013  0.062  0.019  0.853  0.053        1
 44:     0.712  0.074  0.095  0.096  0.024        1
 45:     0.673  0.107  0.016  0.153  0.052        1
 46:     0.492  0.015  0.033  0.330  0.130        1
 47:     0.293  0.003  0.010  0.658  0.037        1
 48:     0.189  0.037  0.000  0.728  0.046        1
 49:     0.395  0.047  0.003  0.543  0.013        1
 50:     0.189  0.023  0.311  0.387  0.089        1
 51:     0.552  0.052  0.201  0.142  0.053        1
 52:     0.314  0.079  0.019  0.520  0.068        1
 53:     0.117  0.040  0.058  0.696  0.090        1
 54:     0.001  0.992  0.001  0.003  0.003        1
 55:     0.000  0.997  0.000  0.002  0.000        1
 56:     0.001  0.826  0.007  0.156  0.010        1
 57:     0.057  0.942  0.000  0.000  0.000        1
 58:     0.085  0.888  0.004  0.023  0.000        1
 59:     0.108  0.847  0.033  0.005  0.007        1
 60:     0.000  1.000  0.000  0.000  0.000        1
 61:     0.001  0.998  0.000  0.000  0.000        1
 62:     0.000  0.000  0.405  0.553  0.042        1
