

----------------------------------------------------
STRUCTURE by Pritchard, Stephens and Donnelly (2000)
     and Falush, Stephens and Pritchard (2003)
       Code by Pritchard, Falush and Hubisz
             Version 2.3.4 (Jul 2012)
----------------------------------------------------


Reading file "/workdir/yc2644/CV_CT_array/structure/threader_input/mainparams".
Reading file "/workdir/yc2644/CV_CT_array/structure/threader_input/extraparams".
Reading file "/workdir/yc2644/CV_CT_array/structure/threader_input/n1601.recode.strct_in".


Data file "/workdir/yc2644/CV_CT_array/structure/threader_input/n1601.recode.strct_in" (truncated) --

Ind:   Label Pop : Genotype_data . . . .
  1:  001s    1  :  2   1   2   2   2   1   2  . . . .   2
  1:  001s    1  :  2   2   2   2   2   2   2  . . . .   2
  2:  002s    1  :  2   2   2   2   1   1   2  . . . .   2
  2:  002s    1  :  2   2   2   2   2   2   2  . . . .   2
  3:  003s    1  :  1   2   1   2   2   2   2  . . . .   1
  3:  003s    1  :  2   2   1   2   2   2   2  . . . .   2
  4:  004s    1  :  1   1   2   2   1   2   2  . . . .   1
  4:  004s    1  :  2   1   2   2   2   2   2  . . . .   2

      *******   

1600:    49  192  :  2   2   2   2   2   1   2  . . . .   1
1600:    49  192  :  2   2   2   2   2   2   2  . . . .   2
1601:    50  192  :  2   1   2   2   1   2   2  . . . .   1
1601:    50  192  :  2   2   2   2   2   2   2  . . . .   2

Number of alleles per locus: min= 2; ave=2.0; max= 2


--------------------------------------

Finished initialization; starting MCMC 
100000 iterations + 10000 burnin


--------------------------------------------
Proportion of membership of each pre-defined
 population in each of the 5 clusters

Given    Inferred Clusters                     Number of
 Pop       1      2      3      4      5      Individuals

  1:     0.250  0.160  0.134  0.162  0.293       54
  2:     0.260  0.154  0.131  0.147  0.309       30
  3:     0.090  0.088  0.510  0.262  0.050       30
  4:     0.039  0.035  0.837  0.069  0.020       20
  5:     0.053  0.056  0.794  0.062  0.034       30
  6:     0.241  0.162  0.124  0.159  0.315       43
  7:     0.256  0.161  0.126  0.147  0.309       44
  8:     0.305  0.152  0.152  0.113  0.279        4
  9:     0.326  0.135  0.085  0.159  0.296       22
 10:     0.306  0.176  0.090  0.131  0.297       24
 11:     0.261  0.154  0.127  0.152  0.306       54
 12:     0.264  0.140  0.123  0.167  0.307       37
 13:     0.245  0.160  0.122  0.174  0.299       42
 14:     0.236  0.150  0.113  0.186  0.314       42
 15:     0.260  0.150  0.124  0.172  0.294       49
 16:     0.271  0.153  0.132  0.158  0.287      124
 17:     0.250  0.178  0.130  0.147  0.296       24
 18:     0.274  0.150  0.120  0.149  0.307       34
 19:     0.293  0.156  0.120  0.171  0.260       52
 20:     0.154  0.092  0.124  0.140  0.489        1
 21:     0.214  0.261  0.117  0.105  0.303        1
 22:     0.439  0.123  0.132  0.124  0.181        1
 23:     0.209  0.191  0.138  0.164  0.298        1
 24:     0.277  0.095  0.140  0.057  0.431        1
 25:     0.415  0.161  0.164  0.149  0.111        1
 26:     0.345  0.166  0.106  0.089  0.293        1
 27:     0.379  0.108  0.153  0.085  0.275        1
 28:     0.359  0.096  0.056  0.222  0.268        1
 29:     0.245  0.129  0.042  0.239  0.344        1
 30:     0.241  0.172  0.169  0.166  0.251        1
 31:     0.481  0.101  0.247  0.090  0.081        1
 32:     0.336  0.185  0.093  0.238  0.148        1
 33:     0.147  0.098  0.217  0.103  0.435        1
 34:     0.255  0.198  0.045  0.083  0.419        1
 35:     0.342  0.111  0.124  0.121  0.302        1
 36:     0.241  0.211  0.118  0.207  0.223        1
 37:     0.112  0.195  0.107  0.147  0.439        1
 38:     0.539  0.174  0.108  0.155  0.024        1
 39:     0.148  0.206  0.112  0.140  0.394        1
 40:     0.225  0.200  0.126  0.166  0.284        1
 41:     0.161  0.220  0.009  0.205  0.405        1
 42:     0.040  0.208  0.072  0.246  0.434        1
 43:     0.289  0.172  0.122  0.144  0.274        1
 44:     0.360  0.107  0.168  0.169  0.195        1
 45:     0.073  0.083  0.081  0.250  0.514        1
 46:     0.045  0.187  0.041  0.312  0.415        1
 47:     0.288  0.188  0.085  0.223  0.217        1
 48:     0.143  0.177  0.114  0.167  0.399        1
 49:     0.287  0.170  0.022  0.181  0.340        1
 50:     0.228  0.080  0.334  0.190  0.168        1
 51:     0.300  0.158  0.204  0.248  0.091        1
 52:     0.175  0.212  0.127  0.185  0.301        1
 53:     0.139  0.207  0.111  0.257  0.286        1
 54:     0.193  0.270  0.112  0.112  0.312        1
 55:     0.199  0.292  0.144  0.206  0.159        1
 56:     0.204  0.230  0.087  0.148  0.331        1
 57:     0.248  0.268  0.106  0.189  0.190        1
 58:     0.149  0.294  0.054  0.212  0.292        1
 59:     0.068  0.261  0.192  0.194  0.284        1
 60:     0.055  0.293  0.053  0.300  0.299        1
 61:     0.134  0.295  0.155  0.164  0.252        1
 62:     0.233  0.201  0.361  0.183  0.023        1
 63:     0.129  0.239  0.181  0.147  0.304        1
 64:     0.096  0.281  0.124  0.173  0.326        1
 65:     0.050  0.287  0.167  0.098  0.398        1
 66:     0.172  0.281  0.146  0.149  0.252        1
 67:     0.253  0.345  0.080  0.114  0.208        1
 68:     0.184  0.281  0.104  0.172  0.259        1
 69:     0.079  0.388  0.197  0.016  0.319        1
 70:     0.057  0.269  0.070  0.246  0.358        1
 71:     0.117  0.284  0.166  0.162  0.271        1
 72:     0.106  0.304  0.123  0.160  0.307        1
 73:     0.095  0.289  0.088  0.195  0.333        1
 74:     0.162  0.268  0.086  0.219  0.265        1
 75:     0.030  0.378  0.086  0.203  0.303        1
 76:     0.016  0.207  0.394  0.361  0.022        1
 77:     0.139  0.304  0.127  0.162  0.268        1
 78:     0.170  0.254  0.166  0.180  0.230        1
 79:     0.181  0.269  0.123  0.194  0.233        1
 80:     0.151  0.261  0.139  0.168  0.282        1
 81:     0.182  0.323  0.144  0.166  0.186        1
 82:     0.077  0.356  0.178  0.215  0.174        1
 83:     0.230  0.274  0.124  0.146  0.225        1
 84:     0.024  0.790  0.076  0.071  0.040        1
 85:     0.030  0.763  0.089  0.071  0.047        1
 86:     0.021  0.764  0.106  0.036  0.073        1
 87:     0.019  0.894  0.038  0.001  0.048        1
 88:     0.046  0.833  0.058  0.027  0.036        1
 89:     0.039  0.822  0.040  0.064  0.034        1
 90:     0.036  0.817  0.084  0.037  0.026        1
 91:     0.030  0.833  0.013  0.073  0.051        1
 92:     0.023  0.759  0.043  0.093  0.082        1
 93:     0.002  0.844  0.066  0.054  0.033        1
 94:     0.014  0.780  0.059  0.044  0.104        1
 95:     0.021  0.765  0.099  0.083  0.032        1
 96:     0.016  0.844  0.017  0.067  0.056        1
 97:     0.002  0.825  0.070  0.075  0.028        1
 98:     0.027  0.872  0.035  0.050  0.017        1
 99:     0.011  0.907  0.013  0.055  0.014        1
100:     0.034  0.853  0.058  0.044  0.011        1
101:     0.008  0.796  0.060  0.029  0.106        1
102:     0.100  0.717  0.093  0.030  0.060        1
103:     0.007  0.902  0.050  0.013  0.028        1
104:     0.028  0.792  0.064  0.062  0.053        1
105:     0.033  0.789  0.085  0.064  0.028        1
106:     0.022  0.719  0.080  0.014  0.165        1
107:     0.015  0.847  0.096  0.003  0.039        1
108:     0.005  0.756  0.064  0.155  0.020        1
109:     0.056  0.649  0.125  0.090  0.080        1
110:     0.091  0.729  0.109  0.040  0.031        1
111:     0.004  0.890  0.003  0.069  0.033        1
112:     0.015  0.883  0.007  0.030  0.065        1
113:     0.061  0.796  0.081  0.048  0.014        1
114:     0.026  0.842  0.018  0.071  0.043        1
115:     0.037  0.857  0.063  0.018  0.025        1
116:     0.013  0.857  0.023  0.041  0.067        1
117:     0.005  0.770  0.080  0.088  0.057        1
118:     0.046  0.816  0.104  0.025  0.008        1
119:     0.048  0.744  0.058  0.070  0.080        1
120:     0.033  0.813  0.043  0.040  0.070        1
121:     0.018  0.855  0.054  0.054  0.019        1
122:     0.078  0.760  0.057  0.047  0.058        1
123:     0.013  0.912  0.027  0.012  0.036        1
124:     0.039  0.815  0.090  0.034  0.022        1
125:     0.032  0.836  0.063  0.042  0.028        1
126:     0.049  0.850  0.084  0.013  0.003        1
127:     0.056  0.780  0.046  0.088  0.030        1
128:     0.033  0.773  0.066  0.090  0.038        1
129:     0.017  0.854  0.048  0.053  0.029        1
130:     0.034  0.719  0.098  0.082  0.068        1
131:     0.011  0.861  0.047  0.059  0.021        1
132:     0.045  0.712  0.170  0.029  0.043        1
133:     0.009  0.756  0.110  0.115  0.010        1
134:     0.027  0.842  0.025  0.058  0.048        1
135:     0.045  0.745  0.070  0.034  0.106        1
136:     0.015  0.921  0.009  0.027  0.028        1
137:     0.040  0.888  0.012  0.032  0.028        1
138:     0.029  0.773  0.067  0.069  0.063        1
139:     0.012  0.801  0.087  0.065  0.035        1
140:     0.018  0.863  0.071  0.014  0.035        1
141:     0.001  0.875  0.022  0.082  0.019        1
142:     0.048  0.752  0.064  0.098  0.038        1
143:     0.044  0.801  0.039  0.097  0.018        1
144:     0.006  0.785  0.089  0.053  0.067        1
145:     0.015  0.864  0.036  0.035  0.050        1
146:     0.048  0.764  0.071  0.076  0.042        1
147:     0.035  0.792  0.092  0.046  0.035        1
148:     0.044  0.218  0.160  0.229  0.348        1
149:     0.271  0.215  0.210  0.179  0.125        1
150:     0.276  0.205  0.119  0.109  0.291        1
151:     0.242  0.206  0.079  0.205  0.268        1
152:     0.041  0.187  0.180  0.103  0.489        1
153:     0.212  0.163  0.130  0.131  0.364        1
154:     0.304  0.080  0.119  0.172  0.325        1
155:     0.187  0.077  0.121  0.167  0.449        1
156:     0.428  0.138  0.131  0.029  0.274        1
157:     0.294  0.192  0.126  0.153  0.235        1
158:     0.181  0.212  0.085  0.231  0.292        1
159:     0.172  0.195  0.097  0.162  0.374        1
160:     0.354  0.127  0.098  0.165  0.256        1
161:     0.209  0.216  0.137  0.161  0.277        1
162:     0.381  0.210  0.070  0.217  0.123        1
163:     0.378  0.215  0.144  0.085  0.178        1
164:     0.389  0.082  0.107  0.181  0.241        1
165:     0.255  0.185  0.174  0.110  0.276        1
166:     0.230  0.125  0.153  0.187  0.304        1
167:     0.429  0.173  0.134  0.120  0.144        1
168:     0.349  0.075  0.115  0.155  0.307        1
169:     0.203  0.205  0.102  0.194  0.296        1
170:     0.061  0.205  0.012  0.124  0.598        1
171:     0.303  0.223  0.075  0.055  0.343        1
172:     0.245  0.182  0.139  0.175  0.260        1
173:     0.164  0.149  0.092  0.208  0.387        1
174:     0.276  0.200  0.127  0.142  0.256        1
175:     0.265  0.151  0.127  0.160  0.297       50
176:     0.279  0.158  0.113  0.164  0.286       49
177:     0.296  0.139  0.126  0.164  0.275       50
178:     0.261  0.153  0.122  0.168  0.297       49
179:     0.266  0.161  0.137  0.162  0.274       23
180:     0.263  0.152  0.118  0.160  0.307       49
181:     0.012  0.012  0.156  0.816  0.003       30
182:     0.037  0.039  0.671  0.239  0.015       30
183:     0.257  0.148  0.166  0.145  0.285       34
184:     0.297  0.132  0.112  0.169  0.290       36
185:     0.258  0.158  0.134  0.151  0.299       40
186:     0.262  0.163  0.104  0.165  0.306       39
187:     0.293  0.159  0.126  0.147  0.276       37
188:     0.253  0.164  0.129  0.158  0.296       40
189:     0.274  0.155  0.129  0.162  0.281       35
190:     0.252  0.156  0.139  0.149  0.303       28
191:     0.257  0.157  0.131  0.151  0.304       36
192:     0.291  0.159  0.121  0.154  0.274       32
--------------------------------------------

 Rep#:   Lambda   Alpha      F1    F2    F3    F4    F5     D1,2  D1,3  D1,4  D1,5  D2,3  D2,4  D2,5  D3,4  D3,5  D4,5    Ln Like 
  100:    1.00    1.689    0.010 0.155 0.220 0.180 0.020    0.033 0.040 0.036 0.004 0.053 0.053 0.036 0.040 0.045 0.041   --  
  200:    1.00    1.257    0.010 0.185 0.226 0.374 0.020    0.036 0.037 0.061 0.004 0.050 0.069 0.039 0.059 0.040 0.065   --  
  300:    1.00    1.137    0.012 0.184 0.220 0.367 0.040    0.036 0.035 0.059 0.008 0.050 0.069 0.039 0.061 0.039 0.063   --  
  400:    1.00    1.003    0.057 0.165 0.191 0.343 0.058    0.038 0.039 0.063 0.020 0.048 0.066 0.039 0.060 0.039 0.061   --  
  500:    1.00    0.951    0.144 0.143 0.186 0.329 0.177    0.050 0.051 0.075 0.064 0.047 0.065 0.047 0.059 0.047 0.066   --  
  600:    1.00    0.871    0.182 0.129 0.172 0.315 0.219    0.049 0.051 0.075 0.074 0.046 0.063 0.051 0.059 0.051 0.070   --  
  700:    1.00    0.845    0.179 0.133 0.173 0.303 0.238    0.047 0.048 0.071 0.073 0.046 0.063 0.052 0.057 0.053 0.070   --  
  800:    1.00    0.804    0.154 0.136 0.170 0.308 0.239    0.043 0.045 0.067 0.069 0.045 0.062 0.053 0.057 0.054 0.070   --  
  900:    1.00    0.780    0.141 0.136 0.170 0.303 0.236    0.042 0.043 0.065 0.067 0.045 0.062 0.054 0.057 0.054 0.071   --  

--------------------------------------------
Proportion of membership of each pre-defined
 population in each of the 5 clusters

Given    Inferred Clusters                     Number of
 Pop       1      2      3      4      5      Individuals

  1:     0.506  0.087  0.091  0.090  0.227       54
  2:     0.505  0.078  0.090  0.089  0.237       30
  3:     0.096  0.063  0.406  0.360  0.076       30
  4:     0.003  0.005  0.972  0.015  0.005       20
  5:     0.025  0.017  0.902  0.044  0.013       30
  6:     0.507  0.093  0.088  0.083  0.230       43
  7:     0.516  0.086  0.086  0.082  0.229       44
  8:     0.532  0.095  0.065  0.072  0.237        4
  9:     0.549  0.089  0.050  0.070  0.243       22
 10:     0.539  0.093  0.047  0.078  0.242       24
 11:     0.514  0.089  0.083  0.089  0.225       54
 12:     0.521  0.077  0.077  0.087  0.237       37
 13:     0.506  0.093  0.082  0.089  0.230       42
 14:     0.513  0.085  0.081  0.086  0.235       42
 15:     0.506  0.087  0.087  0.088  0.232       49
 16:     0.508  0.088  0.087  0.090  0.228      124
 17:     0.505  0.093  0.083  0.090  0.229       24
 18:     0.516  0.086  0.068  0.087  0.243       34
 19:     0.510  0.081  0.084  0.092  0.233       52
 20:     0.517  0.094  0.044  0.125  0.220        1
 21:     0.472  0.153  0.070  0.043  0.262        1
 22:     0.505  0.070  0.093  0.079  0.253        1
 23:     0.462  0.116  0.126  0.071  0.225        1
 24:     0.567  0.051  0.057  0.064  0.261        1
 25:     0.494  0.116  0.087  0.109  0.194        1
 26:     0.481  0.123  0.079  0.079  0.238        1
 27:     0.489  0.116  0.098  0.089  0.208        1
 28:     0.532  0.076  0.064  0.077  0.251        1
 29:     0.519  0.073  0.016  0.109  0.283        1
 30:     0.448  0.104  0.141  0.092  0.215        1
 31:     0.411  0.069  0.218  0.086  0.216        1
 32:     0.541  0.090  0.071  0.100  0.199        1
 33:     0.469  0.059  0.138  0.075  0.259        1
 34:     0.532  0.104  0.024  0.067  0.273        1
 35:     0.506  0.111  0.075  0.071  0.237        1
 36:     0.491  0.123  0.054  0.135  0.197        1
 37:     0.525  0.123  0.067  0.091  0.195        1
 38:     0.457  0.143  0.130  0.072  0.198        1
 39:     0.519  0.095  0.054  0.065  0.268        1
 40:     0.452  0.128  0.098  0.082  0.240        1
 41:     0.510  0.095  0.041  0.074  0.280        1
 42:     0.527  0.092  0.066  0.077  0.239        1
 43:     0.504  0.067  0.091  0.083  0.254        1
 44:     0.476  0.086  0.136  0.100  0.202        1
 45:     0.486  0.100  0.062  0.081  0.272        1
 46:     0.479  0.190  0.024  0.110  0.196        1
 47:     0.545  0.115  0.018  0.107  0.216        1
 48:     0.534  0.086  0.018  0.124  0.238        1
 49:     0.503  0.105  0.064  0.078  0.250        1
 50:     0.311  0.085  0.353  0.093  0.159        1
 51:     0.404  0.099  0.213  0.098  0.186        1
 52:     0.469  0.145  0.052  0.076  0.259        1
 53:     0.495  0.095  0.088  0.123  0.199        1
 54:     0.001  0.001  0.000  0.000  0.998        1
 55:     0.000  0.000  0.008  0.002  0.989        1
 56:     0.008  0.046  0.012  0.018  0.915        1
 57:     0.006  0.001  0.003  0.008  0.982        1
 58:     0.035  0.003  0.006  0.019  0.937        1
 59:     0.006  0.022  0.058  0.004  0.910        1
 60:     0.001  0.002  0.002  0.000  0.996        1
 61:     0.001  0.000  0.000  0.000  0.999        1
 62:     0.263  0.066  0.349  0.212  0.111        1
 63:     0.001  0.015  0.032  0.002  0.951        1
 64:     0.001  0.000  0.000  0.000  0.999        1
 65:     0.000  0.001  0.001  0.002  0.996        1
 66:     0.000  0.013  0.001  0.009  0.977        1
 67:     0.109  0.124  0.057  0.037  0.673        1
 68:     0.002  0.019  0.001  0.030  0.948        1
 69:     0.000  0.003  0.003  0.001  0.993        1
 70:     0.038  0.048  0.044  0.020  0.850        1
 71:     0.000  0.001  0.000  0.001  0.998        1
 72:     0.000  0.001  0.001  0.001  0.998        1
 73:     0.000  0.001  0.001  0.000  0.998        1
 74:     0.045  0.020  0.077  0.003  0.856        1
 75:     0.000  0.000  0.001  0.000  0.998        1
 76:     0.161  0.146  0.326  0.325  0.042        1
 77:     0.000  0.000  0.000  0.002  0.998        1
 78:     0.037  0.009  0.055  0.061  0.837        1
 79:     0.000  0.001  0.000  0.001  0.998        1
 80:     0.001  0.001  0.004  0.000  0.995        1
 81:     0.001  0.000  0.001  0.001  0.998        1
 82:     0.153  0.177  0.054  0.048  0.568        1
 83:     0.001  0.002  0.002  0.003  0.992        1
 84:     0.005  0.941  0.043  0.004  0.007        1
 85:     0.011  0.931  0.049  0.000  0.009        1
 86:     0.047  0.863  0.021  0.021  0.048        1
 87:     0.011  0.970  0.014  0.001  0.004        1
 88:     0.007  0.981  0.000  0.003  0.010        1
 89:     0.031  0.937  0.010  0.001  0.021        1
 90:     0.004  0.968  0.017  0.000  0.010        1
 91:     0.012  0.980  0.005  0.002  0.000        1
 92:     0.095  0.835  0.028  0.017  0.025        1
 93:     0.005  0.921  0.022  0.047  0.005        1
 94:     0.043  0.922  0.000  0.035  0.000        1
 95:     0.019  0.887  0.081  0.008  0.005        1
 96:     0.003  0.996  0.000  0.001  0.001        1
 97:     0.001  0.940  0.042  0.001  0.016        1
 98:     0.002  0.958  0.010  0.005  0.025        1
 99:     0.003  0.988  0.001  0.007  0.001        1
100:     0.007  0.979  0.013  0.002  0.000        1
101:     0.127  0.768  0.016  0.044  0.045        1
102:     0.108  0.819  0.001  0.026  0.046        1
103:     0.008  0.974  0.017  0.000  0.000        1
104:     0.006  0.979  0.000  0.006  0.009        1
105:     0.006  0.929  0.032  0.005  0.028        1
106:     0.109  0.819  0.011  0.002  0.059        1
107:     0.005  0.942  0.008  0.033  0.012        1
108:     0.089  0.833  0.036  0.010  0.033        1
109:     0.071  0.756  0.066  0.060  0.048        1
110:     0.120  0.773  0.020  0.015  0.072        1
111:     0.013  0.961  0.005  0.017  0.003        1
112:     0.001  0.995  0.000  0.000  0.004        1
113:     0.001  0.920  0.053  0.008  0.019        1
114:     0.003  0.973  0.010  0.001  0.012        1
115:     0.044  0.936  0.005  0.008  0.007        1
116:     0.000  0.988  0.004  0.004  0.005        1
117:     0.001  0.944  0.010  0.039  0.006        1
118:     0.001  0.976  0.002  0.016  0.006        1
119:     0.096  0.870  0.003  0.007  0.024        1
120:     0.026  0.961  0.002  0.007  0.003        1
121:     0.008  0.935  0.016  0.022  0.020        1
122:     0.042  0.941  0.003  0.005  0.009        1
123:     0.001  0.993  0.005  0.001  0.000        1
124:     0.038  0.817  0.106  0.019  0.019        1
125:     0.010  0.976  0.009  0.005  0.001        1
126:     0.047  0.874  0.009  0.036  0.035        1
127:     0.001  0.910  0.046  0.018  0.025        1
128:     0.005  0.971  0.010  0.001  0.015        1
129:     0.000  0.994  0.002  0.001  0.002        1
130:     0.020  0.916  0.030  0.033  0.001        1
131:     0.000  0.991  0.004  0.002  0.003        1
132:     0.083  0.833  0.074  0.005  0.004        1
133:     0.012  0.886  0.078  0.004  0.019        1
134:     0.088  0.845  0.001  0.024  0.043        1
135:     0.091  0.807  0.025  0.048  0.029        1
136:     0.002  0.991  0.005  0.001  0.000        1
137:     0.004  0.967  0.001  0.002  0.027        1
138:     0.000  0.983  0.000  0.010  0.007        1
139:     0.002  0.917  0.059  0.020  0.002        1
140:     0.001  0.881  0.088  0.001  0.029        1
141:     0.005  0.975  0.000  0.016  0.004        1
142:     0.060  0.891  0.008  0.031  0.010        1
143:     0.002  0.929  0.043  0.024  0.002        1
144:     0.000  0.945  0.038  0.002  0.016        1
145:     0.002  0.986  0.003  0.006  0.004        1
146:     0.001  0.934  0.019  0.045  0.001        1
147:     0.006  0.961  0.029  0.004  0.000        1
148:     0.425  0.153  0.134  0.076  0.213        1
149:     0.391  0.122  0.117  0.154  0.215        1
150:     0.487  0.160  0.108  0.042  0.203        1
151:     0.543  0.103  0.001  0.099  0.254        1
152:     0.473  0.083  0.115  0.106  0.223        1
153:     0.518  0.113  0.054  0.116  0.199        1
154:     0.491  0.132  0.050  0.069  0.256        1
155:     0.516  0.113  0.107  0.040  0.224        1
156:     0.496  0.111  0.090  0.060  0.244        1
157:     0.528  0.060  0.097  0.081  0.234        1
158:     0.504  0.137  0.001  0.103  0.256        1
159:     0.506  0.113  0.025  0.072  0.283        1
160:     0.547  0.080  0.071  0.092  0.210        1
161:     0.410  0.172  0.059  0.125  0.233        1
162:     0.491  0.076  0.048  0.094  0.290        1
163:     0.499  0.115  0.086  0.072  0.228        1
164:     0.476  0.081  0.085  0.097  0.260        1
165:     0.456  0.122  0.128  0.074  0.219        1
166:     0.502  0.080  0.108  0.065  0.245        1
167:     0.473  0.110  0.074  0.112  0.232        1
168:     0.548  0.081  0.031  0.093  0.247        1
169:     0.489  0.114  0.095  0.090  0.212        1
170:     0.553  0.090  0.034  0.071  0.252        1
171:     0.524  0.078  0.019  0.101  0.278        1
172:     0.474  0.079  0.091  0.099  0.258        1
173:     0.531  0.068  0.079  0.103  0.219        1
174:     0.495  0.097  0.086  0.080  0.242        1
175:     0.512  0.083  0.082  0.088  0.235       50
176:     0.514  0.084  0.073  0.093  0.236       49
177:     0.516  0.084  0.079  0.094  0.227       50
178:     0.512  0.080  0.080  0.093  0.236       49
179:     0.503  0.095  0.096  0.083  0.223       23
180:     0.517  0.085  0.077  0.084  0.238       49
181:     0.004  0.002  0.055  0.934  0.005       30
182:     0.008  0.005  0.525  0.448  0.015       30
183:     0.475  0.103  0.103  0.113  0.206       34
184:     0.513  0.085  0.080  0.091  0.231       36
185:     0.507  0.091  0.083  0.094  0.225       40
186:     0.519  0.086  0.071  0.085  0.240       39
187:     0.508  0.084  0.084  0.092  0.232       37
188:     0.501  0.095  0.083  0.092  0.229       40
189:     0.507  0.086  0.080  0.096  0.231       35
190:     0.505  0.081  0.093  0.089  0.232       28
191:     0.514  0.083  0.084  0.092  0.227       36
192:     0.513  0.081  0.080  0.091  0.235       32
--------------------------------------------

 Rep#:   Lambda   Alpha      F1    F2    F3    F4    F5     D1,2  D1,3  D1,4  D1,5  D2,3  D2,4  D2,5  D3,4  D3,5  D4,5    Ln Like 
 1000:    1.00    0.758    0.132 0.136 0.174 0.297 0.240    0.040 0.042 0.062 0.064 0.045 0.062 0.053 0.057 0.054 0.070   --  
 1100:    1.00    0.725    0.121 0.133 0.173 0.294 0.246    0.038 0.041 0.059 0.062 0.046 0.060 0.054 0.057 0.055 0.070   --  
 1200:    1.00    0.678    0.118 0.126 0.180 0.293 0.250    0.038 0.039 0.058 0.062 0.046 0.061 0.055 0.056 0.055 0.071   --  
 1300:    1.00    0.665    0.110 0.134 0.177 0.291 0.246    0.036 0.038 0.056 0.060 0.046 0.061 0.055 0.056 0.056 0.071   --  
 1400:    1.00    0.647    0.100 0.133 0.179 0.285 0.250    0.036 0.037 0.054 0.058 0.046 0.060 0.054 0.056 0.057 0.070   --  
 1500:    1.00    0.616    0.093 0.130 0.181 0.284 0.252    0.034 0.037 0.053 0.057 0.045 0.060 0.055 0.055 0.056 0.071   --  
 1600:    1.00    0.610    0.087 0.128 0.178 0.284 0.249    0.033 0.036 0.052 0.055 0.046 0.059 0.054 0.056 0.056 0.070   --  
 1700:    1.00    0.579    0.080 0.134 0.180 0.277 0.249    0.033 0.036 0.051 0.054 0.046 0.059 0.055 0.055 0.057 0.070   --  
 1800:    1.00    0.556    0.078 0.130 0.175 0.280 0.253    0.032 0.034 0.050 0.054 0.046 0.060 0.055 0.055 0.057 0.070   --  
 1900:    1.00    0.548    0.071 0.130 0.178 0.281 0.253    0.031 0.034 0.049 0.052 0.046 0.059 0.056 0.055 0.057 0.070   --  

--------------------------------------------
Proportion of membership of each pre-defined
 population in each of the 5 clusters

Given    Inferred Clusters                     Number of
 Pop       1      2      3      4      5      Individuals

  1:     0.646  0.059  0.067  0.063  0.165       54
  2:     0.652  0.056  0.072  0.053  0.166       30
  3:     0.124  0.058  0.373  0.377  0.068       30
  4:     0.002  0.002  0.976  0.017  0.003       20
  5:     0.032  0.011  0.908  0.040  0.009       30
  6:     0.650  0.060  0.068  0.061  0.161       43
  7:     0.672  0.053  0.063  0.054  0.156       44
  8:     0.668  0.080  0.037  0.055  0.159        4
  9:     0.693  0.059  0.033  0.045  0.171       22
 10:     0.693  0.057  0.028  0.052  0.170       24
 11:     0.662  0.058  0.061  0.059  0.161       54
 12:     0.666  0.054  0.059  0.056  0.165       37
 13:     0.648  0.059  0.070  0.061  0.162       42
 14:     0.660  0.056  0.060  0.061  0.163       42
 15:     0.654  0.059  0.062  0.061  0.163       49
 16:     0.651  0.059  0.067  0.062  0.161      124
 17:     0.661  0.054  0.059  0.060  0.166       24
 18:     0.667  0.057  0.047  0.056  0.173       34
 19:     0.655  0.067  0.057  0.060  0.162       52
 20:     0.653  0.099  0.018  0.066  0.163        1
 21:     0.621  0.108  0.039  0.052  0.180        1
 22:     0.647  0.063  0.080  0.020  0.191        1
 23:     0.605  0.126  0.080  0.054  0.135        1
 24:     0.680  0.077  0.050  0.024  0.168        1
 25:     0.663  0.055  0.115  0.057  0.110        1
 26:     0.631  0.080  0.073  0.048  0.167        1
 27:     0.618  0.063  0.092  0.083  0.143        1
 28:     0.643  0.070  0.037  0.076  0.173        1
 29:     0.674  0.072  0.012  0.082  0.160        1
 30:     0.581  0.068  0.178  0.053  0.120        1
 31:     0.549  0.022  0.210  0.069  0.150        1
 32:     0.693  0.054  0.057  0.030  0.166        1
 33:     0.608  0.016  0.116  0.059  0.201        1
 34:     0.681  0.095  0.008  0.024  0.192        1
 35:     0.690  0.059  0.065  0.047  0.139        1
 36:     0.648  0.085  0.033  0.081  0.154        1
 37:     0.698  0.083  0.055  0.050  0.114        1
 38:     0.595  0.124  0.113  0.037  0.132        1
 39:     0.673  0.087  0.053  0.010  0.177        1
 40:     0.610  0.095  0.074  0.034  0.187        1
 41:     0.660  0.078  0.005  0.060  0.196        1
 42:     0.691  0.075  0.013  0.056  0.165        1
 43:     0.653  0.081  0.074  0.042  0.151        1
 44:     0.612  0.034  0.141  0.049  0.163        1
 45:     0.649  0.064  0.039  0.058  0.190        1
 46:     0.643  0.107  0.022  0.061  0.168        1
 47:     0.692  0.064  0.017  0.085  0.142        1
 48:     0.694  0.084  0.008  0.062  0.153        1
 49:     0.670  0.023  0.065  0.044  0.198        1
 50:     0.406  0.040  0.347  0.082  0.125        1
 51:     0.497  0.087  0.210  0.078  0.128        1
 52:     0.637  0.098  0.020  0.066  0.179        1
 53:     0.618  0.087  0.084  0.082  0.129        1
 54:     0.003  0.000  0.001  0.009  0.987        1
 55:     0.000  0.000  0.001  0.000  0.999        1
 56:     0.114  0.022  0.002  0.000  0.863        1
 57:     0.029  0.003  0.012  0.011  0.945        1
 58:     0.045  0.003  0.011  0.009  0.932        1
 59:     0.066  0.014  0.053  0.000  0.866        1
 60:     0.002  0.000  0.003  0.005  0.990        1
 61:     0.000  0.001  0.000  0.000  0.999        1
 62:     0.398  0.029  0.325  0.187  0.061        1
 63:     0.000  0.017  0.047  0.000  0.935        1
 64:     0.000  0.000  0.001  0.000  0.999        1
 65:     0.000  0.001  0.000  0.002  0.997        1
 66:     0.010  0.025  0.008  0.003  0.954        1
 67:     0.166  0.116  0.041  0.041  0.636        1
 68:     0.006  0.023  0.008  0.005  0.958        1
 69:     0.000  0.002  0.010  0.000  0.988        1
 70:     0.095  0.032  0.009  0.043  0.821        1
 71:     0.000  0.000  0.000  0.002  0.997        1
 72:     0.000  0.000  0.000  0.001  0.998        1
 73:     0.001  0.000  0.000  0.000  0.998        1
 74:     0.081  0.003  0.053  0.060  0.803        1
 75:     0.001  0.002  0.000  0.001  0.996        1
 76:     0.233  0.097  0.328  0.309  0.033        1
 77:     0.000  0.000  0.003  0.001  0.996        1
 78:     0.059  0.002  0.057  0.048  0.835        1
 79:     0.000  0.000  0.000  0.000  0.999        1
 80:     0.000  0.000  0.008  0.001  0.991        1
 81:     0.000  0.000  0.001  0.001  0.998        1
 82:     0.206  0.166  0.037  0.036  0.556        1
 83:     0.000  0.000  0.000  0.000  0.999        1
 84:     0.014  0.948  0.022  0.000  0.015        1
 85:     0.001  0.941  0.046  0.011  0.001        1
 86:     0.042  0.902  0.003  0.009  0.044        1
 87:     0.017  0.960  0.022  0.000  0.001        1
 88:     0.019  0.977  0.000  0.000  0.004        1
 89:     0.033  0.960  0.003  0.001  0.003        1
 90:     0.001  0.971  0.021  0.001  0.007        1
 91:     0.004  0.966  0.028  0.003  0.000        1
 92:     0.089  0.893  0.006  0.009  0.004        1
 93:     0.010  0.931  0.009  0.049  0.001        1
 94:     0.035  0.930  0.006  0.028  0.001        1
 95:     0.039  0.905  0.049  0.007  0.000        1
 96:     0.003  0.994  0.000  0.000  0.003        1
 97:     0.000  0.960  0.020  0.006  0.014        1
 98:     0.000  0.980  0.000  0.000  0.020        1
 99:     0.000  0.999  0.001  0.000  0.000        1
100:     0.000  0.991  0.005  0.000  0.003        1
101:     0.120  0.795  0.012  0.033  0.039        1
102:     0.146  0.823  0.020  0.006  0.005        1
103:     0.021  0.957  0.017  0.001  0.004        1
104:     0.004  0.962  0.006  0.004  0.025        1
105:     0.011  0.919  0.035  0.003  0.032        1
106:     0.156  0.794  0.000  0.000  0.050        1
107:     0.000  0.970  0.001  0.028  0.002        1
108:     0.101  0.822  0.073  0.000  0.003        1
109:     0.099  0.774  0.075  0.013  0.038        1
110:     0.139  0.790  0.008  0.000  0.063        1
111:     0.005  0.981  0.000  0.007  0.007        1
112:     0.003  0.992  0.001  0.000  0.003        1
113:     0.036  0.939  0.022  0.003  0.000        1
114:     0.003  0.983  0.007  0.001  0.007        1
115:     0.068  0.923  0.001  0.000  0.008        1
116:     0.001  0.992  0.001  0.004  0.002        1
117:     0.002  0.947  0.018  0.026  0.007        1
118:     0.000  0.962  0.001  0.031  0.007        1
119:     0.106  0.866  0.010  0.001  0.016        1
120:     0.015  0.936  0.000  0.018  0.031        1
121:     0.003  0.970  0.021  0.005  0.001        1
122:     0.050  0.934  0.000  0.003  0.014        1
123:     0.003  0.979  0.002  0.007  0.010        1
124:     0.072  0.825  0.098  0.000  0.005        1
125:     0.003  0.994  0.001  0.002  0.000        1
126:     0.077  0.891  0.000  0.008  0.024        1
127:     0.032  0.917  0.018  0.020  0.013        1
128:     0.011  0.966  0.002  0.007  0.013        1
129:     0.001  0.997  0.000  0.001  0.001        1
130:     0.028  0.899  0.046  0.023  0.003        1
131:     0.000  0.997  0.000  0.002  0.002        1
132:     0.064  0.839  0.081  0.007  0.009        1
133:     0.002  0.875  0.109  0.012  0.002        1
134:     0.077  0.850  0.009  0.024  0.039        1
135:     0.111  0.794  0.008  0.058  0.029        1
136:     0.001  0.990  0.002  0.002  0.005        1
137:     0.000  0.977  0.002  0.018  0.002        1
138:     0.000  0.968  0.004  0.001  0.027        1
139:     0.015  0.912  0.063  0.001  0.010        1
140:     0.000  0.878  0.115  0.001  0.006        1
141:     0.001  0.966  0.000  0.030  0.003        1
142:     0.086  0.832  0.003  0.046  0.033        1
143:     0.008  0.924  0.036  0.032  0.001        1
144:     0.009  0.955  0.007  0.000  0.030        1
145:     0.006  0.984  0.001  0.009  0.000        1
146:     0.019  0.942  0.008  0.022  0.009        1
147:     0.001  0.955  0.041  0.002  0.001        1
148:     0.502  0.162  0.138  0.058  0.141        1
149:     0.496  0.091  0.126  0.144  0.143        1
150:     0.673  0.088  0.057  0.023  0.159        1
151:     0.695  0.083  0.001  0.057  0.163        1
152:     0.599  0.061  0.096  0.085  0.159        1
153:     0.655  0.097  0.028  0.050  0.170        1
154:     0.644  0.091  0.049  0.028  0.188        1
155:     0.648  0.077  0.092  0.043  0.140        1
156:     0.643  0.060  0.081  0.056  0.160        1
157:     0.626  0.068  0.100  0.053  0.152        1
158:     0.653  0.086  0.000  0.082  0.179        1
159:     0.644  0.083  0.028  0.065  0.180        1
160:     0.652  0.054  0.103  0.034  0.157        1
161:     0.564  0.116  0.051  0.095  0.174        1
162:     0.632  0.045  0.035  0.080  0.207        1
163:     0.657  0.073  0.078  0.044  0.148        1
164:     0.631  0.064  0.074  0.061  0.170        1
165:     0.557  0.129  0.098  0.035  0.181        1
166:     0.664  0.026  0.103  0.039  0.169        1
167:     0.617  0.092  0.043  0.084  0.164        1
168:     0.736  0.044  0.011  0.036  0.173        1
169:     0.636  0.104  0.061  0.035  0.164        1
170:     0.690  0.071  0.017  0.049  0.173        1
171:     0.677  0.100  0.008  0.045  0.169        1
172:     0.617  0.054  0.091  0.040  0.198        1
173:     0.654  0.035  0.057  0.086  0.169        1
174:     0.618  0.074  0.086  0.056  0.167        1
175:     0.657  0.056  0.065  0.061  0.161       50
176:     0.669  0.053  0.049  0.063  0.166       49
177:     0.668  0.055  0.055  0.063  0.159       50
178:     0.662  0.055  0.054  0.066  0.163       49
179:     0.651  0.062  0.073  0.055  0.158       23
180:     0.668  0.051  0.058  0.060  0.163       49
181:     0.003  0.003  0.047  0.942  0.004       30
182:     0.013  0.004  0.460  0.512  0.011       30
183:     0.607  0.077  0.086  0.084  0.146       34
184:     0.667  0.049  0.058  0.060  0.166       36
185:     0.653  0.066  0.068  0.057  0.156       40
186:     0.673  0.054  0.051  0.058  0.164       39
187:     0.656  0.061  0.058  0.060  0.165       37
188:     0.652  0.063  0.065  0.060  0.161       40
189:     0.655  0.059  0.060  0.064  0.162       35
190:     0.650  0.051  0.072  0.068  0.160       28
191:     0.660  0.058  0.055  0.063  0.163       36
192:     0.657  0.051  0.068  0.060  0.164       32
--------------------------------------------

 Rep#:   Lambda   Alpha      F1    F2    F3    F4    F5     D1,2  D1,3  D1,4  D1,5  D2,3  D2,4  D2,5  D3,4  D3,5  D4,5    Ln Like 
 2000:    1.00    0.533    0.070 0.131 0.178 0.283 0.245    0.031 0.034 0.048 0.052 0.045 0.060 0.056 0.055 0.057 0.071   --  
 2100:    1.00    0.513    0.070 0.130 0.178 0.279 0.249    0.030 0.033 0.048 0.051 0.046 0.060 0.056 0.055 0.057 0.070   --  
 2200:    1.00    0.483    0.064 0.133 0.179 0.280 0.254    0.031 0.033 0.047 0.050 0.046 0.059 0.056 0.055 0.057 0.071   --  
 2300:    1.00    0.484    0.058 0.131 0.182 0.270 0.251    0.030 0.032 0.045 0.049 0.046 0.059 0.056 0.054 0.057 0.070   --  
 2400:    1.00    0.475    0.056 0.131 0.175 0.270 0.246    0.030 0.032 0.045 0.049 0.046 0.059 0.056 0.054 0.057 0.070   --  
 2500:    1.00    0.448    0.056 0.129 0.177 0.271 0.240    0.029 0.031 0.045 0.047 0.045 0.059 0.055 0.055 0.056 0.069   --  
 2600:    1.00    0.417    0.054 0.129 0.183 0.274 0.249    0.028 0.031 0.044 0.047 0.046 0.059 0.055 0.055 0.058 0.070   --  
 2700:    1.00    0.405    0.049 0.134 0.176 0.270 0.255    0.028 0.031 0.043 0.047 0.045 0.058 0.056 0.054 0.058 0.070   --  
 2800:    1.00    0.402    0.047 0.129 0.179 0.274 0.250    0.028 0.030 0.044 0.047 0.046 0.059 0.056 0.055 0.058 0.070   --  
 2900:    1.00    0.382    0.045 0.129 0.176 0.271 0.250    0.027 0.030 0.043 0.046 0.045 0.059 0.057 0.055 0.058 0.071   --  

--------------------------------------------
Proportion of membership of each pre-defined
 population in each of the 5 clusters

Given    Inferred Clusters                     Number of
 Pop       1      2      3      4      5      Individuals

  1:     0.755  0.036  0.053  0.037  0.119       54
  2:     0.757  0.038  0.053  0.034  0.118       30
  3:     0.153  0.050  0.364  0.378  0.056       30
  4:     0.002  0.002  0.981  0.015  0.001       20
  5:     0.033  0.011  0.905  0.041  0.010       30
  6:     0.756  0.043  0.054  0.035  0.112       43
  7:     0.772  0.032  0.048  0.032  0.115       44
  8:     0.791  0.044  0.024  0.026  0.115        4
  9:     0.802  0.034  0.020  0.021  0.124       22
 10:     0.799  0.040  0.015  0.028  0.119       24
 11:     0.760  0.041  0.048  0.036  0.115       54
 12:     0.769  0.033  0.041  0.034  0.123       37
 13:     0.751  0.041  0.049  0.042  0.118       42
 14:     0.765  0.033  0.048  0.035  0.119       42
 15:     0.763  0.038  0.048  0.034  0.117       49
 16:     0.752  0.039  0.054  0.037  0.118      124
 17:     0.760  0.035  0.050  0.035  0.119       24
 18:     0.759  0.042  0.040  0.034  0.126       34
 19:     0.758  0.037  0.042  0.043  0.121       52
 20:     0.806  0.074  0.000  0.021  0.099        1
 21:     0.729  0.085  0.024  0.018  0.144        1
 22:     0.762  0.013  0.051  0.038  0.135        1
 23:     0.720  0.092  0.074  0.016  0.098        1
 24:     0.758  0.048  0.020  0.035  0.139        1
 25:     0.702  0.045  0.096  0.062  0.096        1
 26:     0.741  0.048  0.061  0.002  0.148        1
 27:     0.709  0.042  0.069  0.057  0.123        1
 28:     0.762  0.039  0.001  0.042  0.155        1
 29:     0.746  0.081  0.001  0.039  0.133        1
 30:     0.680  0.062  0.125  0.007  0.126        1
 31:     0.617  0.014  0.211  0.042  0.116        1
 32:     0.784  0.024  0.030  0.020  0.141        1
 33:     0.699  0.027  0.081  0.034  0.159        1
 34:     0.728  0.078  0.012  0.033  0.150        1
 35:     0.775  0.051  0.040  0.001  0.133        1
 36:     0.726  0.072  0.012  0.060  0.130        1
 37:     0.794  0.047  0.034  0.031  0.094        1
 38:     0.630  0.125  0.127  0.004  0.115        1
 39:     0.734  0.088  0.022  0.011  0.145        1
 40:     0.688  0.095  0.081  0.005  0.130        1
 41:     0.771  0.084  0.001  0.005  0.139        1
 42:     0.768  0.022  0.020  0.041  0.148        1
 43:     0.757  0.052  0.058  0.026  0.107        1
 44:     0.701  0.006  0.128  0.027  0.138        1
 45:     0.720  0.044  0.064  0.001  0.170        1
 46:     0.701  0.132  0.001  0.073  0.093        1
 47:     0.792  0.049  0.008  0.030  0.121        1
 48:     0.755  0.046  0.023  0.058  0.117        1
 49:     0.800  0.038  0.002  0.027  0.134        1
 50:     0.491  0.052  0.326  0.063  0.068        1
 51:     0.605  0.018  0.190  0.071  0.115        1
 52:     0.718  0.107  0.036  0.006  0.132        1
 53:     0.746  0.022  0.050  0.053  0.130        1
 54:     0.007  0.000  0.001  0.000  0.992        1
 55:     0.000  0.001  0.001  0.001  0.998        1
 56:     0.148  0.000  0.000  0.000  0.851        1
 57:     0.042  0.001  0.000  0.000  0.956        1
 58:     0.065  0.000  0.005  0.008  0.921        1
 59:     0.104  0.002  0.010  0.019  0.866        1
 60:     0.002  0.000  0.003  0.000  0.995        1
 61:     0.000  0.000  0.000  0.001  0.999        1
 62:     0.444  0.083  0.298  0.163  0.012        1
