

----------------------------------------------------
STRUCTURE by Pritchard, Stephens and Donnelly (2000)
     and Falush, Stephens and Pritchard (2003)
       Code by Pritchard, Falush and Hubisz
             Version 2.3.4 (Jul 2012)
----------------------------------------------------


Reading file "/workdir/yc2644/CV_CT_array/structure/threader_input/mainparams".
Reading file "/workdir/yc2644/CV_CT_array/structure/threader_input/extraparams".
Reading file "/workdir/yc2644/CV_CT_array/structure/threader_input/n1601.recode.strct_in".


Data file "/workdir/yc2644/CV_CT_array/structure/threader_input/n1601.recode.strct_in" (truncated) --

Ind:   Label Pop : Genotype_data . . . .
  1:  001s    1  :  2   1   2   2   2   1   2  . . . .   2
  1:  001s    1  :  2   2   2   2   2   2   2  . . . .   2
  2:  002s    1  :  2   2   2   2   1   1   2  . . . .   2
  2:  002s    1  :  2   2   2   2   2   2   2  . . . .   2
  3:  003s    1  :  1   2   1   2   2   2   2  . . . .   1
  3:  003s    1  :  2   2   1   2   2   2   2  . . . .   2
  4:  004s    1  :  1   1   2   2   1   2   2  . . . .   1
  4:  004s    1  :  2   1   2   2   2   2   2  . . . .   2

      *******   

1600:    49  192  :  2   2   2   2   2   1   2  . . . .   1
1600:    49  192  :  2   2   2   2   2   2   2  . . . .   2
1601:    50  192  :  2   1   2   2   1   2   2  . . . .   1
1601:    50  192  :  2   2   2   2   2   2   2  . . . .   2

Number of alleles per locus: min= 2; ave=2.0; max= 2


--------------------------------------

Finished initialization; starting MCMC 
100000 iterations + 10000 burnin


--------------------------------------------
Proportion of membership of each pre-defined
 population in each of the 5 clusters

Given    Inferred Clusters                     Number of
 Pop       1      2      3      4      5      Individuals

  1:     0.220  0.128  0.215  0.220  0.217       54
  2:     0.251  0.116  0.206  0.186  0.241       30
  3:     0.091  0.617  0.093  0.099  0.101       30
  4:     0.057  0.730  0.071  0.069  0.073       20
  5:     0.065  0.681  0.082  0.096  0.076       30
  6:     0.239  0.118  0.230  0.194  0.220       43
  7:     0.251  0.112  0.230  0.192  0.215       44
  8:     0.249  0.107  0.180  0.217  0.248        4
  9:     0.262  0.071  0.194  0.239  0.233       22
 10:     0.230  0.084  0.199  0.225  0.262       24
 11:     0.232  0.113  0.238  0.197  0.220       54
 12:     0.247  0.112  0.246  0.173  0.222       37
 13:     0.217  0.125  0.233  0.196  0.230       42
 14:     0.234  0.107  0.248  0.193  0.218       42
 15:     0.220  0.116  0.224  0.208  0.233       49
 16:     0.232  0.125  0.229  0.184  0.230      124
 17:     0.246  0.109  0.241  0.184  0.219       24
 18:     0.244  0.106  0.242  0.183  0.225       34
 19:     0.251  0.115  0.224  0.170  0.240       52
 20:     0.300  0.105  0.208  0.160  0.228        1
 21:     0.238  0.111  0.166  0.260  0.224        1
 22:     0.348  0.083  0.137  0.234  0.199        1
 23:     0.233  0.131  0.185  0.223  0.228        1
 24:     0.384  0.123  0.446  0.042  0.004        1
 25:     0.097  0.149  0.294  0.231  0.229        1
 26:     0.255  0.109  0.193  0.178  0.265        1
 27:     0.096  0.117  0.413  0.212  0.162        1
 28:     0.011  0.051  0.195  0.402  0.341        1
 29:     0.077  0.037  0.315  0.386  0.185        1
 30:     0.234  0.194  0.189  0.170  0.213        1
 31:     0.141  0.235  0.295  0.122  0.208        1
 32:     0.028  0.093  0.313  0.270  0.297        1
 33:     0.025  0.145  0.080  0.289  0.461        1
 34:     0.195  0.077  0.309  0.201  0.218        1
 35:     0.230  0.073  0.302  0.171  0.224        1
 36:     0.197  0.124  0.150  0.246  0.282        1
 37:     0.188  0.071  0.475  0.001  0.265        1
 38:     0.273  0.147  0.192  0.185  0.202        1
 39:     0.261  0.112  0.203  0.206  0.218        1
 40:     0.129  0.157  0.267  0.248  0.199        1
 41:     0.255  0.080  0.032  0.399  0.234        1
 42:     0.472  0.153  0.098  0.205  0.072        1
 43:     0.246  0.133  0.193  0.180  0.249        1
 44:     0.273  0.152  0.034  0.324  0.217        1
 45:     0.111  0.073  0.108  0.302  0.405        1
 46:     0.272  0.092  0.241  0.340  0.055        1
 47:     0.083  0.104  0.165  0.402  0.245        1
 48:     0.208  0.101  0.219  0.381  0.090        1
 49:     0.414  0.097  0.304  0.020  0.165        1
 50:     0.293  0.332  0.196  0.135  0.043        1
 51:     0.144  0.248  0.325  0.199  0.084        1
 52:     0.463  0.158  0.269  0.035  0.076        1
 53:     0.223  0.118  0.046  0.072  0.541        1
 54:     0.552  0.145  0.039  0.041  0.222        1
 55:     0.094  0.112  0.040  0.089  0.665        1
 56:     0.540  0.035  0.010  0.073  0.341        1
 57:     0.569  0.045  0.098  0.090  0.197        1
 58:     0.458  0.098  0.043  0.072  0.329        1
 59:     0.596  0.175  0.020  0.139  0.071        1
 60:     0.394  0.122  0.058  0.003  0.424        1
 61:     0.286  0.157  0.080  0.010  0.467        1
 62:     0.095  0.432  0.160  0.148  0.165        1
 63:     0.247  0.156  0.005  0.285  0.307        1
 64:     0.476  0.081  0.025  0.008  0.410        1
 65:     0.477  0.118  0.002  0.096  0.308        1
 66:     0.501  0.102  0.066  0.151  0.180        1
 67:     0.254  0.128  0.063  0.217  0.338        1
 68:     0.229  0.095  0.085  0.099  0.493        1
 69:     0.387  0.147  0.058  0.122  0.286        1
 70:     0.377  0.108  0.080  0.007  0.428        1
 71:     0.578  0.013  0.053  0.097  0.259        1
 72:     0.142  0.075  0.032  0.080  0.671        1
 73:     0.462  0.113  0.071  0.036  0.319        1
 74:     0.423  0.155  0.030  0.024  0.368        1
 75:     0.148  0.146  0.053  0.040  0.614        1
 76:     0.168  0.524  0.163  0.092  0.053        1
 77:     0.138  0.133  0.084  0.221  0.424        1
 78:     0.273  0.123  0.018  0.032  0.554        1
 79:     0.406  0.018  0.037  0.156  0.383        1
 80:     0.526  0.028  0.017  0.158  0.271        1
 81:     0.417  0.113  0.049  0.058  0.362        1
 82:     0.314  0.171  0.096  0.043  0.375        1
 83:     0.360  0.097  0.035  0.134  0.373        1
 84:     0.077  0.232  0.177  0.491  0.023        1
 85:     0.019  0.262  0.036  0.565  0.117        1
 86:     0.082  0.170  0.052  0.689  0.006        1
 87:     0.166  0.188  0.090  0.477  0.079        1
 88:     0.173  0.173  0.044  0.565  0.045        1
 89:     0.026  0.135  0.131  0.667  0.041        1
 90:     0.128  0.243  0.110  0.502  0.017        1
 91:     0.029  0.188  0.037  0.734  0.013        1
 92:     0.058  0.193  0.265  0.415  0.069        1
 93:     0.155  0.278  0.077  0.470  0.020        1
 94:     0.005  0.206  0.117  0.604  0.068        1
 95:     0.028  0.208  0.112  0.647  0.005        1
 96:     0.044  0.153  0.006  0.757  0.040        1
 97:     0.178  0.157  0.103  0.460  0.102        1
 98:     0.038  0.163  0.060  0.716  0.023        1
 99:     0.047  0.195  0.042  0.649  0.067        1
100:     0.053  0.272  0.040  0.595  0.040        1
101:     0.106  0.168  0.011  0.615  0.099        1
102:     0.088  0.194  0.162  0.517  0.040        1
103:     0.029  0.177  0.043  0.720  0.032        1
104:     0.113  0.176  0.109  0.516  0.086        1
105:     0.020  0.231  0.070  0.605  0.073        1
106:     0.135  0.129  0.158  0.537  0.041        1
107:     0.100  0.188  0.091  0.603  0.018        1
108:     0.110  0.203  0.075  0.574  0.039        1
109:     0.206  0.233  0.089  0.446  0.027        1
110:     0.015  0.135  0.096  0.679  0.076        1
111:     0.023  0.172  0.100  0.640  0.065        1
112:     0.007  0.196  0.138  0.567  0.091        1
113:     0.092  0.195  0.155  0.477  0.081        1
114:     0.099  0.232  0.111  0.488  0.070        1
115:     0.038  0.169  0.068  0.571  0.154        1
116:     0.038  0.202  0.089  0.635  0.036        1
117:     0.164  0.248  0.074  0.481  0.033        1
118:     0.019  0.228  0.162  0.524  0.066        1
119:     0.045  0.164  0.110  0.625  0.056        1
120:     0.069  0.150  0.041  0.621  0.119        1
121:     0.100  0.254  0.162  0.465  0.019        1
122:     0.091  0.147  0.060  0.667  0.034        1
123:     0.109  0.180  0.113  0.528  0.070        1
124:     0.109  0.215  0.073  0.505  0.098        1
125:     0.109  0.202  0.098  0.512  0.080        1
126:     0.051  0.172  0.105  0.612  0.060        1
127:     0.057  0.155  0.093  0.667  0.028        1
128:     0.282  0.099  0.059  0.425  0.135        1
129:     0.052  0.207  0.141  0.537  0.063        1
130:     0.136  0.256  0.079  0.497  0.032        1
131:     0.084  0.183  0.152  0.446  0.135        1
132:     0.107  0.229  0.207  0.420  0.037        1
133:     0.077  0.292  0.056  0.468  0.107        1
134:     0.083  0.154  0.154  0.525  0.085        1
135:     0.115  0.156  0.089  0.562  0.078        1
136:     0.127  0.127  0.065  0.638  0.044        1
137:     0.047  0.134  0.031  0.754  0.034        1
138:     0.156  0.198  0.008  0.571  0.066        1
139:     0.115  0.283  0.140  0.403  0.059        1
140:     0.053  0.245  0.037  0.614  0.051        1
141:     0.013  0.148  0.075  0.722  0.041        1
142:     0.014  0.153  0.067  0.757  0.010        1
143:     0.122  0.236  0.102  0.505  0.035        1
144:     0.007  0.151  0.188  0.587  0.067        1
145:     0.143  0.191  0.068  0.528  0.070        1
146:     0.108  0.243  0.125  0.457  0.067        1
147:     0.082  0.271  0.093  0.419  0.135        1
148:     0.191  0.210  0.167  0.251  0.181        1
149:     0.056  0.207  0.302  0.226  0.209        1
150:     0.383  0.100  0.206  0.230  0.082        1
151:     0.243  0.075  0.317  0.092  0.273        1
152:     0.206  0.140  0.277  0.220  0.157        1
153:     0.086  0.080  0.277  0.099  0.458        1
154:     0.193  0.089  0.253  0.144  0.322        1
155:     0.273  0.092  0.191  0.274  0.170        1
156:     0.398  0.130  0.177  0.239  0.057        1
157:     0.093  0.109  0.162  0.473  0.163        1
158:     0.073  0.065  0.433  0.265  0.165        1
159:     0.308  0.085  0.254  0.201  0.153        1
160:     0.169  0.129  0.268  0.175  0.259        1
161:     0.176  0.135  0.230  0.203  0.257        1
162:     0.336  0.086  0.302  0.134  0.142        1
163:     0.500  0.121  0.048  0.124  0.207        1
164:     0.180  0.114  0.140  0.203  0.363        1
165:     0.176  0.154  0.238  0.208  0.224        1
166:     0.073  0.109  0.304  0.106  0.407        1
167:     0.239  0.139  0.262  0.141  0.219        1
168:     0.229  0.063  0.273  0.040  0.395        1
169:     0.197  0.114  0.282  0.293  0.115        1
170:     0.344  0.084  0.232  0.260  0.079        1
171:     0.425  0.054  0.221  0.108  0.191        1
172:     0.152  0.177  0.268  0.230  0.173        1
173:     0.226  0.106  0.218  0.384  0.065        1
174:     0.293  0.109  0.282  0.198  0.119        1
175:     0.271  0.120  0.219  0.196  0.194       50
176:     0.242  0.109  0.236  0.193  0.219       49
177:     0.246  0.114  0.233  0.199  0.209       50
178:     0.227  0.109  0.281  0.172  0.210       49
179:     0.196  0.122  0.281  0.167  0.235       23
180:     0.248  0.108  0.217  0.179  0.247       49
181:     0.039  0.845  0.038  0.031  0.047       30
182:     0.049  0.800  0.053  0.043  0.056       30
183:     0.193  0.150  0.267  0.162  0.228       34
184:     0.232  0.112  0.258  0.183  0.215       36
185:     0.228  0.124  0.238  0.181  0.229       40
186:     0.251  0.107  0.263  0.146  0.233       39
187:     0.236  0.115  0.243  0.170  0.235       37
188:     0.245  0.122  0.251  0.187  0.194       40
189:     0.202  0.119  0.244  0.188  0.246       35
190:     0.251  0.119  0.231  0.182  0.218       28
191:     0.202  0.108  0.272  0.197  0.222       36
192:     0.259  0.108  0.250  0.184  0.200       32
--------------------------------------------

 Rep#:   Lambda   Alpha      F1    F2    F3    F4    F5     D1,2  D1,3  D1,4  D1,5  D2,3  D2,4  D2,5  D3,4  D3,5  D4,5    Ln Like 
  100:    1.00    1.779    0.010 0.241 0.008 0.030 0.011    0.037 0.003 0.009 0.003 0.036 0.042 0.037 0.008 0.003 0.010   --  
  200:    1.00    1.371    0.010 0.205 0.010 0.196 0.011    0.032 0.003 0.036 0.003 0.032 0.049 0.031 0.036 0.004 0.036   --  
  300:    1.00    1.204    0.010 0.186 0.014 0.180 0.042    0.029 0.004 0.034 0.008 0.030 0.047 0.032 0.035 0.010 0.036   --  
  400:    1.00    1.096    0.010 0.186 0.016 0.178 0.206    0.030 0.004 0.034 0.036 0.032 0.045 0.045 0.037 0.040 0.049   --  
  500:    1.00    1.010    0.010 0.182 0.017 0.175 0.260    0.030 0.004 0.033 0.046 0.031 0.045 0.051 0.036 0.049 0.055   --  
  600:    1.00    0.992    0.010 0.179 0.017 0.171 0.267    0.029 0.004 0.033 0.047 0.030 0.045 0.052 0.034 0.049 0.056   --  
  700:    1.00    0.932    0.010 0.173 0.017 0.167 0.268    0.028 0.004 0.032 0.046 0.029 0.044 0.053 0.033 0.048 0.057   --  
  800:    1.00    0.913    0.010 0.172 0.017 0.164 0.269    0.027 0.004 0.031 0.046 0.029 0.044 0.054 0.033 0.048 0.058   --  
  900:    1.00    0.856    0.010 0.172 0.017 0.161 0.269    0.027 0.004 0.030 0.046 0.028 0.044 0.054 0.032 0.048 0.058   --  

--------------------------------------------
Proportion of membership of each pre-defined
 population in each of the 5 clusters

Given    Inferred Clusters                     Number of
 Pop       1      2      3      4      5      Individuals

  1:     0.328  0.091  0.368  0.086  0.128       54
  2:     0.347  0.091  0.343  0.084  0.135       30
  3:     0.082  0.708  0.057  0.078  0.075       30
  4:     0.017  0.824  0.015  0.100  0.044       20
  5:     0.037  0.764  0.035  0.107  0.057       30
  6:     0.400  0.090  0.306  0.083  0.121       43
  7:     0.326  0.085  0.381  0.083  0.125       44
  8:     0.396  0.050  0.346  0.086  0.122        4
  9:     0.434  0.036  0.327  0.076  0.127       22
 10:     0.363  0.048  0.376  0.086  0.127       24
 11:     0.324  0.083  0.383  0.086  0.124       54
 12:     0.376  0.079  0.335  0.081  0.130       37
 13:     0.308  0.102  0.376  0.090  0.125       42
 14:     0.310  0.088  0.393  0.078  0.131       42
 15:     0.331  0.093  0.367  0.083  0.126       49
 16:     0.333  0.098  0.362  0.085  0.123      124
 17:     0.379  0.080  0.326  0.082  0.133       24
 18:     0.309  0.072  0.400  0.086  0.133       34
 19:     0.335  0.092  0.362  0.085  0.127       52
 20:     0.353  0.040  0.387  0.100  0.119        1
 21:     0.296  0.040  0.360  0.127  0.177        1
 22:     0.410  0.079  0.281  0.057  0.173        1
 23:     0.396  0.118  0.216  0.148  0.122        1
 24:     0.623  0.053  0.121  0.064  0.139        1
 25:     0.037  0.088  0.667  0.114  0.093        1
 26:     0.321  0.054  0.370  0.108  0.147        1
 27:     0.260  0.087  0.405  0.125  0.124        1
 28:     0.432  0.042  0.311  0.089  0.126        1
 29:     0.252  0.050  0.419  0.111  0.167        1
 30:     0.295  0.145  0.324  0.114  0.121        1
 31:     0.428  0.211  0.169  0.076  0.117        1
 32:     0.137  0.067  0.579  0.080  0.138        1
 33:     0.412  0.096  0.259  0.059  0.173        1
 34:     0.255  0.055  0.428  0.086  0.177        1
 35:     0.350  0.091  0.346  0.093  0.119        1
 36:     0.508  0.092  0.183  0.108  0.109        1
 37:     0.313  0.070  0.442  0.099  0.076        1
 38:     0.189  0.097  0.413  0.189  0.112        1
 39:     0.426  0.050  0.245  0.119  0.160        1
 40:     0.229  0.074  0.406  0.136  0.155        1
 41:     0.525  0.063  0.137  0.133  0.142        1
 42:     0.275  0.097  0.417  0.064  0.147        1
 43:     0.142  0.084  0.554  0.093  0.128        1
 44:     0.436  0.142  0.236  0.039  0.147        1
 45:     0.323  0.044  0.346  0.095  0.192        1
 46:     0.349  0.062  0.323  0.159  0.106        1
 47:     0.077  0.071  0.636  0.097  0.119        1
 48:     0.106  0.048  0.635  0.089  0.121        1
 49:     0.202  0.022  0.511  0.116  0.149        1
 50:     0.287  0.304  0.194  0.114  0.101        1
 51:     0.115  0.258  0.427  0.070  0.130        1
 52:     0.353  0.104  0.309  0.123  0.111        1
 53:     0.200  0.107  0.433  0.151  0.110        1
 54:     0.001  0.005  0.006  0.010  0.978        1
 55:     0.004  0.006  0.001  0.000  0.988        1
 56:     0.034  0.007  0.035  0.046  0.878        1
 57:     0.002  0.003  0.022  0.016  0.957        1
 58:     0.005  0.002  0.050  0.002  0.941        1
 59:     0.012  0.054  0.002  0.046  0.885        1
 60:     0.002  0.000  0.001  0.000  0.997        1
 61:     0.000  0.001  0.000  0.007  0.992        1
 62:     0.007  0.417  0.450  0.079  0.048        1
 63:     0.004  0.009  0.002  0.059  0.927        1
 64:     0.001  0.002  0.000  0.001  0.996        1
 65:     0.001  0.000  0.000  0.001  0.998        1
 66:     0.001  0.020  0.012  0.012  0.954        1
 67:     0.115  0.057  0.081  0.129  0.619        1
 68:     0.006  0.020  0.007  0.032  0.935        1
 69:     0.004  0.011  0.000  0.004  0.980        1
 70:     0.072  0.060  0.002  0.056  0.810        1
 71:     0.004  0.002  0.002  0.003  0.988        1
 72:     0.001  0.000  0.000  0.001  0.998        1
 73:     0.000  0.001  0.002  0.000  0.997        1
 74:     0.055  0.056  0.060  0.009  0.819        1
 75:     0.001  0.000  0.001  0.002  0.996        1
 76:     0.005  0.546  0.251  0.167  0.031        1
 77:     0.000  0.001  0.001  0.001  0.998        1
 78:     0.068  0.063  0.015  0.025  0.830        1
 79:     0.003  0.001  0.000  0.002  0.994        1
 80:     0.001  0.001  0.011  0.006  0.980        1
 81:     0.001  0.001  0.002  0.001  0.995        1
 82:     0.150  0.080  0.046  0.188  0.536        1
 83:     0.003  0.003  0.001  0.001  0.991        1
 84:     0.006  0.026  0.013  0.944  0.011        1
 85:     0.009  0.037  0.004  0.930  0.019        1
 86:     0.009  0.022  0.042  0.875  0.053        1
 87:     0.022  0.009  0.004  0.964  0.002        1
 88:     0.003  0.001  0.000  0.979  0.016        1
 89:     0.018  0.016  0.009  0.953  0.003        1
 90:     0.007  0.008  0.000  0.982  0.003        1
 91:     0.003  0.008  0.006  0.982  0.001        1
 92:     0.060  0.031  0.038  0.840  0.031        1
 93:     0.004  0.075  0.004  0.916  0.001        1
 94:     0.028  0.047  0.011  0.913  0.001        1
 95:     0.005  0.043  0.064  0.876  0.011        1
 96:     0.000  0.005  0.002  0.992  0.000        1
 97:     0.001  0.032  0.002  0.942  0.023        1
 98:     0.009  0.015  0.000  0.935  0.040        1
 99:     0.007  0.000  0.001  0.986  0.007        1
100:     0.003  0.006  0.004  0.982  0.006        1
101:     0.085  0.051  0.052  0.777  0.035        1
102:     0.056  0.010  0.114  0.781  0.038        1
103:     0.001  0.011  0.001  0.984  0.002        1
104:     0.010  0.003  0.003  0.977  0.007        1
105:     0.004  0.064  0.006  0.878  0.048        1
106:     0.083  0.007  0.102  0.765  0.042        1
107:     0.002  0.034  0.010  0.952  0.002        1
108:     0.072  0.064  0.001  0.852  0.011        1
109:     0.051  0.114  0.044  0.749  0.042        1
110:     0.008  0.005  0.160  0.780  0.046        1
111:     0.003  0.034  0.000  0.946  0.017        1
112:     0.002  0.008  0.004  0.980  0.006        1
113:     0.000  0.031  0.024  0.938  0.007        1
114:     0.008  0.005  0.003  0.954  0.030        1
115:     0.034  0.006  0.002  0.944  0.014        1
116:     0.000  0.010  0.009  0.980  0.001        1
117:     0.020  0.037  0.003  0.932  0.007        1
118:     0.001  0.027  0.005  0.938  0.028        1
119:     0.019  0.027  0.077  0.844  0.034        1
120:     0.011  0.004  0.007  0.942  0.036        1
121:     0.007  0.030  0.005  0.934  0.024        1
122:     0.022  0.004  0.011  0.922  0.041        1
123:     0.004  0.001  0.003  0.987  0.005        1
124:     0.015  0.098  0.039  0.828  0.020        1
125:     0.012  0.001  0.000  0.986  0.001        1
126:     0.039  0.019  0.024  0.882  0.036        1
127:     0.013  0.054  0.016  0.894  0.023        1
128:     0.012  0.017  0.018  0.923  0.031        1
129:     0.001  0.000  0.001  0.995  0.003        1
130:     0.007  0.079  0.001  0.892  0.021        1
131:     0.001  0.003  0.002  0.986  0.008        1
132:     0.021  0.070  0.069  0.828  0.012        1
133:     0.001  0.115  0.021  0.856  0.007        1
134:     0.009  0.044  0.034  0.862  0.052        1
135:     0.100  0.052  0.025  0.801  0.022        1
136:     0.001  0.001  0.001  0.995  0.002        1
137:     0.002  0.002  0.002  0.972  0.022        1
138:     0.001  0.006  0.000  0.984  0.008        1
139:     0.003  0.053  0.005  0.938  0.001        1
140:     0.001  0.120  0.001  0.866  0.012        1
141:     0.002  0.007  0.003  0.984  0.003        1
142:     0.080  0.028  0.008  0.878  0.006        1
143:     0.001  0.075  0.002  0.917  0.005        1
144:     0.012  0.011  0.003  0.960  0.014        1
145:     0.002  0.001  0.000  0.992  0.005        1
146:     0.012  0.040  0.004  0.939  0.005        1
147:     0.002  0.021  0.003  0.974  0.000        1
148:     0.354  0.141  0.233  0.150  0.122        1
149:     0.217  0.215  0.304  0.151  0.113        1
150:     0.123  0.050  0.559  0.127  0.142        1
151:     0.325  0.055  0.403  0.097  0.120        1
152:     0.459  0.127  0.251  0.061  0.102        1
153:     0.265  0.047  0.472  0.104  0.112        1
154:     0.050  0.065  0.639  0.122  0.125        1
155:     0.353  0.031  0.404  0.101  0.111        1
156:     0.469  0.089  0.229  0.073  0.140        1
157:     0.386  0.062  0.317  0.090  0.144        1
158:     0.444  0.055  0.256  0.135  0.109        1
159:     0.349  0.050  0.376  0.099  0.126        1
160:     0.200  0.048  0.544  0.099  0.108        1
161:     0.243  0.122  0.382  0.117  0.135        1
162:     0.409  0.045  0.278  0.095  0.173        1
163:     0.519  0.062  0.146  0.101  0.172        1
164:     0.285  0.091  0.402  0.069  0.152        1
165:     0.465  0.145  0.140  0.117  0.132        1
166:     0.050  0.102  0.722  0.020  0.106        1
167:     0.232  0.090  0.441  0.087  0.150        1
168:     0.448  0.046  0.312  0.056  0.139        1
169:     0.184  0.093  0.498  0.100  0.124        1
170:     0.442  0.044  0.253  0.127  0.134        1
171:     0.416  0.051  0.323  0.081  0.129        1
172:     0.158  0.113  0.480  0.091  0.157        1
173:     0.543  0.097  0.194  0.041  0.124        1
174:     0.382  0.090  0.326  0.080  0.122        1
175:     0.357  0.091  0.347  0.081  0.124       50
176:     0.356  0.081  0.357  0.078  0.128       49
177:     0.379  0.088  0.336  0.074  0.122       50
178:     0.305  0.088  0.396  0.077  0.133       49
179:     0.292  0.096  0.401  0.087  0.123       23
180:     0.346  0.082  0.364  0.084  0.124       49
181:     0.002  0.983  0.004  0.004  0.006       30
182:     0.010  0.950  0.012  0.012  0.016       30
183:     0.201  0.137  0.446  0.102  0.114       34
184:     0.306  0.082  0.412  0.078  0.121       36
185:     0.285  0.090  0.412  0.085  0.127       40
186:     0.305  0.081  0.400  0.079  0.134       39
187:     0.290  0.091  0.409  0.081  0.129       37
188:     0.244  0.095  0.453  0.082  0.126       40
189:     0.284  0.091  0.416  0.085  0.125       35
190:     0.297  0.106  0.393  0.078  0.126       28
191:     0.249  0.090  0.456  0.082  0.124       36
192:     0.276  0.088  0.424  0.084  0.129       32
--------------------------------------------

 Rep#:   Lambda   Alpha      F1    F2    F3    F4    F5     D1,2  D1,3  D1,4  D1,5  D2,3  D2,4  D2,5  D3,4  D3,5  D4,5    Ln Like 
 1000:    1.00    0.850    0.010 0.170 0.016 0.159 0.269    0.027 0.003 0.030 0.045 0.028 0.044 0.054 0.032 0.047 0.057   --  
 1100:    1.00    0.832    0.010 0.168 0.016 0.160 0.266    0.026 0.004 0.030 0.045 0.027 0.044 0.054 0.031 0.046 0.058   --  
 1200:    1.00    0.764    0.011 0.163 0.016 0.158 0.262    0.026 0.004 0.029 0.044 0.027 0.043 0.054 0.031 0.045 0.058   --  
 1300:    1.00    0.710    0.011 0.159 0.016 0.155 0.259    0.025 0.004 0.029 0.043 0.026 0.043 0.054 0.030 0.045 0.058   --  
 1400:    1.00    0.701    0.011 0.161 0.016 0.154 0.260    0.025 0.004 0.029 0.043 0.026 0.043 0.054 0.030 0.044 0.057   --  
 1500:    1.00    0.674    0.011 0.159 0.016 0.158 0.254    0.025 0.004 0.028 0.042 0.025 0.043 0.054 0.030 0.044 0.058   --  
 1600:    1.00    0.681    0.011 0.158 0.016 0.149 0.258    0.025 0.004 0.028 0.042 0.026 0.043 0.054 0.029 0.043 0.057   --  
 1700:    1.00    0.648    0.011 0.161 0.016 0.154 0.256    0.025 0.004 0.028 0.042 0.025 0.043 0.054 0.029 0.043 0.057   --  
 1800:    1.00    0.628    0.011 0.159 0.016 0.148 0.254    0.025 0.004 0.027 0.042 0.025 0.043 0.055 0.028 0.043 0.057   --  
 1900:    1.00    0.590    0.011 0.154 0.016 0.151 0.259    0.024 0.004 0.028 0.042 0.025 0.043 0.055 0.028 0.043 0.058   --  

--------------------------------------------
Proportion of membership of each pre-defined
 population in each of the 5 clusters

Given    Inferred Clusters                     Number of
 Pop       1      2      3      4      5      Individuals

  1:     0.374  0.075  0.423  0.052  0.076       54
  2:     0.413  0.077  0.382  0.047  0.080       30
  3:     0.092  0.713  0.067  0.067  0.061       30
  4:     0.006  0.839  0.031  0.085  0.039       20
  5:     0.054  0.771  0.033  0.099  0.043       30
  6:     0.480  0.068  0.328  0.049  0.076       43
  7:     0.398  0.066  0.415  0.053  0.068       44
  8:     0.559  0.030  0.283  0.060  0.068        4
  9:     0.568  0.018  0.292  0.043  0.078       22
 10:     0.527  0.029  0.324  0.046  0.075       24
 11:     0.390  0.066  0.424  0.051  0.069       54
 12:     0.468  0.061  0.343  0.046  0.081       37
 13:     0.390  0.073  0.407  0.056  0.074       42
 14:     0.402  0.062  0.416  0.045  0.075       42
 15:     0.378  0.072  0.422  0.049  0.078       49
 16:     0.404  0.071  0.397  0.054  0.075      124
 17:     0.471  0.059  0.335  0.052  0.083       24
 18:     0.367  0.053  0.436  0.057  0.086       34
 19:     0.373  0.070  0.432  0.050  0.075       52
 20:     0.429  0.047  0.395  0.033  0.097        1
 21:     0.420  0.017  0.318  0.131  0.114        1
 22:     0.589  0.059  0.232  0.033  0.086        1
 23:     0.485  0.092  0.240  0.117  0.066        1
 24:     0.631  0.047  0.168  0.082  0.072        1
 25:     0.014  0.115  0.738  0.062  0.071        1
 26:     0.354  0.060  0.403  0.076  0.106        1
 27:     0.460  0.068  0.343  0.082  0.047        1
 28:     0.576  0.046  0.248  0.055  0.076        1
 29:     0.566  0.009  0.267  0.069  0.089        1
 30:     0.336  0.158  0.360  0.062  0.085        1
 31:     0.499  0.185  0.178  0.053  0.085        1
 32:     0.110  0.042  0.698  0.067  0.083        1
 33:     0.249  0.097  0.538  0.028  0.088        1
 34:     0.563  0.010  0.239  0.062  0.126        1
 35:     0.401  0.033  0.416  0.088  0.061        1
 36:     0.616  0.068  0.167  0.065  0.083        1
 37:     0.356  0.062  0.473  0.061  0.048        1
 38:     0.476  0.102  0.276  0.092  0.054        1
 39:     0.263  0.019  0.524  0.053  0.140        1
 40:     0.327  0.057  0.418  0.105  0.092        1
 41:     0.462  0.032  0.356  0.079  0.071        1
 42:     0.316  0.073  0.456  0.103  0.052        1
 43:     0.037  0.067  0.715  0.074  0.107        1
 44:     0.475  0.148  0.272  0.022  0.083        1
 45:     0.624  0.014  0.195  0.055  0.112        1
 46:     0.642  0.026  0.149  0.102  0.081        1
 47:     0.076  0.046  0.744  0.067  0.067        1
 48:     0.052  0.028  0.768  0.099  0.053        1
 49:     0.489  0.007  0.338  0.066  0.101        1
 50:     0.052  0.338  0.445  0.087  0.078        1
 51:     0.381  0.206  0.246  0.077  0.090        1
 52:     0.471  0.060  0.260  0.118  0.092        1
 53:     0.073  0.044  0.709  0.077  0.097        1
 54:     0.001  0.008  0.000  0.000  0.990        1
 55:     0.001  0.002  0.002  0.000  0.995        1
 56:     0.128  0.014  0.000  0.032  0.826        1
 57:     0.010  0.007  0.012  0.001  0.970        1
 58:     0.074  0.002  0.015  0.000  0.909        1
 59:     0.013  0.024  0.087  0.013  0.863        1
 60:     0.002  0.001  0.001  0.005  0.992        1
 61:     0.000  0.000  0.013  0.002  0.986        1
 62:     0.014  0.386  0.527  0.040  0.033        1
 63:     0.002  0.034  0.000  0.027  0.937        1
 64:     0.000  0.000  0.000  0.001  0.999        1
 65:     0.000  0.000  0.003  0.001  0.995        1
 66:     0.004  0.038  0.000  0.003  0.954        1
 67:     0.002  0.083  0.201  0.106  0.607        1
 68:     0.005  0.041  0.000  0.027  0.927        1
 69:     0.000  0.001  0.000  0.007  0.991        1
 70:     0.118  0.046  0.026  0.018  0.792        1
 71:     0.000  0.000  0.005  0.001  0.993        1
 72:     0.002  0.001  0.000  0.000  0.996        1
 73:     0.000  0.001  0.000  0.000  0.998        1
 74:     0.054  0.052  0.094  0.000  0.799        1
 75:     0.001  0.000  0.001  0.001  0.997        1
 76:     0.000  0.539  0.299  0.146  0.016        1
 77:     0.002  0.002  0.000  0.002  0.994        1
 78:     0.077  0.083  0.008  0.007  0.825        1
 79:     0.000  0.000  0.000  0.000  1.000        1
 80:     0.000  0.012  0.002  0.003  0.983        1
 81:     0.000  0.001  0.005  0.002  0.992        1
 82:     0.206  0.068  0.063  0.150  0.514        1
 83:     0.000  0.001  0.000  0.001  0.998        1
 84:     0.001  0.036  0.009  0.943  0.011        1
 85:     0.001  0.053  0.008  0.935  0.003        1
 86:     0.001  0.018  0.030  0.889  0.063        1
 87:     0.001  0.003  0.011  0.980  0.004        1
 88:     0.003  0.009  0.001  0.986  0.002        1
 89:     0.029  0.009  0.000  0.959  0.002        1
 90:     0.000  0.009  0.003  0.981  0.006        1
 91:     0.007  0.034  0.000  0.950  0.009        1
 92:     0.102  0.026  0.029  0.842  0.000        1
 93:     0.000  0.059  0.003  0.922  0.016        1
 94:     0.045  0.011  0.025  0.918  0.000        1
 95:     0.017  0.048  0.045  0.890  0.000        1
 96:     0.002  0.000  0.002  0.993  0.003        1
 97:     0.000  0.007  0.000  0.933  0.060        1
 98:     0.003  0.000  0.014  0.964  0.019        1
 99:     0.002  0.000  0.000  0.998  0.000        1
100:     0.000  0.005  0.008  0.983  0.003        1
101:     0.180  0.015  0.034  0.742  0.029        1
102:     0.151  0.007  0.040  0.773  0.029        1
103:     0.000  0.006  0.007  0.982  0.005        1
104:     0.003  0.003  0.010  0.950  0.034        1
105:     0.001  0.049  0.006  0.903  0.040        1
106:     0.013  0.007  0.133  0.807  0.040        1
107:     0.018  0.017  0.002  0.963  0.001        1
108:     0.113  0.051  0.035  0.797  0.004        1
109:     0.041  0.092  0.076  0.753  0.038        1
110:     0.033  0.008  0.120  0.792  0.048        1
111:     0.001  0.025  0.004  0.970  0.001        1
112:     0.001  0.002  0.000  0.997  0.000        1
113:     0.003  0.032  0.006  0.956  0.002        1
114:     0.013  0.008  0.001  0.970  0.009        1
115:     0.021  0.023  0.010  0.930  0.016        1
116:     0.002  0.001  0.006  0.984  0.007        1
117:     0.008  0.059  0.003  0.930  0.000        1
118:     0.000  0.031  0.002  0.939  0.028        1
119:     0.008  0.028  0.076  0.861  0.026        1
120:     0.001  0.010  0.003  0.954  0.033        1
121:     0.001  0.006  0.001  0.969  0.023        1
122:     0.024  0.001  0.007  0.946  0.023        1
123:     0.002  0.002  0.001  0.989  0.005        1
124:     0.074  0.076  0.004  0.843  0.003        1
125:     0.004  0.003  0.003  0.990  0.000        1
126:     0.010  0.011  0.072  0.865  0.042        1
127:     0.011  0.030  0.020  0.924  0.014        1
128:     0.006  0.002  0.031  0.947  0.014        1
129:     0.002  0.000  0.003  0.991  0.005        1
130:     0.002  0.044  0.006  0.901  0.047        1
131:     0.003  0.005  0.000  0.990  0.002        1
132:     0.000  0.081  0.088  0.830  0.000        1
133:     0.017  0.112  0.018  0.852  0.001        1
134:     0.100  0.000  0.044  0.836  0.019        1
135:     0.167  0.005  0.010  0.807  0.011        1
136:     0.000  0.001  0.000  0.999  0.000        1
137:     0.001  0.008  0.001  0.975  0.016        1
138:     0.000  0.000  0.000  0.997  0.003        1
139:     0.001  0.064  0.000  0.934  0.000        1
140:     0.000  0.086  0.023  0.880  0.011        1
141:     0.005  0.000  0.002  0.992  0.000        1
142:     0.099  0.002  0.012  0.867  0.020        1
143:     0.000  0.060  0.009  0.931  0.001        1
144:     0.006  0.010  0.007  0.977  0.000        1
145:     0.000  0.001  0.002  0.992  0.004        1
146:     0.011  0.049  0.002  0.935  0.004        1
147:     0.000  0.015  0.000  0.973  0.012        1
148:     0.545  0.133  0.099  0.131  0.093        1
149:     0.309  0.184  0.338  0.136  0.034        1
150:     0.018  0.027  0.796  0.075  0.085        1
151:     0.651  0.005  0.132  0.071  0.141        1
152:     0.687  0.105  0.091  0.042  0.076        1
153:     0.392  0.012  0.456  0.072  0.069        1
154:     0.016  0.036  0.782  0.055  0.111        1
155:     0.400  0.004  0.458  0.062  0.076        1
156:     0.583  0.091  0.166  0.060  0.100        1
157:     0.216  0.067  0.558  0.086  0.072        1
158:     0.601  0.004  0.295  0.045  0.054        1
159:     0.472  0.015  0.345  0.068  0.100        1
160:     0.314  0.075  0.495  0.034  0.081        1
161:     0.359  0.109  0.345  0.086  0.101        1
162:     0.391  0.045  0.409  0.025  0.131        1
163:     0.347  0.023  0.443  0.070  0.117        1
164:     0.240  0.062  0.537  0.074  0.088        1
165:     0.536  0.120  0.139  0.136  0.068        1
166:     0.014  0.069  0.810  0.007  0.100        1
167:     0.337  0.077  0.427  0.068  0.091        1
168:     0.502  0.002  0.384  0.069  0.043        1
169:     0.237  0.069  0.543  0.091  0.061        1
170:     0.475  0.009  0.370  0.054  0.091        1
171:     0.450  0.057  0.367  0.035  0.091        1
172:     0.359  0.049  0.412  0.064  0.117        1
173:     0.481  0.091  0.311  0.046  0.071        1
174:     0.600  0.053  0.177  0.082  0.088        1
175:     0.423  0.067  0.386  0.049  0.075       50
176:     0.450  0.057  0.375  0.043  0.074       49
177:     0.433  0.064  0.383  0.046  0.074       50
178:     0.394  0.068  0.414  0.049  0.076       49
179:     0.374  0.063  0.417  0.065  0.080       23
180:     0.422  0.059  0.395  0.048  0.076       49
181:     0.003  0.989  0.002  0.002  0.004       30
182:     0.011  0.961  0.008  0.006  0.013       30
183:     0.189  0.114  0.563  0.064  0.069       34
184:     0.295  0.063  0.528  0.040  0.073       36
185:     0.307  0.070  0.489  0.058  0.076       40
186:     0.340  0.049  0.483  0.046  0.081       39
187:     0.298  0.065  0.501  0.057  0.079       37
188:     0.287  0.077  0.505  0.054  0.076       40
189:     0.305  0.071  0.496  0.048  0.080       35
190:     0.259  0.076  0.538  0.050  0.077       28
191:     0.296  0.067  0.507  0.052  0.078       36
192:     0.306  0.062  0.509  0.044  0.079       32
--------------------------------------------

 Rep#:   Lambda   Alpha      F1    F2    F3    F4    F5     D1,2  D1,3  D1,4  D1,5  D2,3  D2,4  D2,5  D3,4  D3,5  D4,5    Ln Like 
 2000:    1.00    0.572    0.011 0.158 0.015 0.150 0.255    0.024 0.004 0.028 0.041 0.025 0.043 0.054 0.028 0.042 0.057   --  
 2100:    1.00    0.545    0.011 0.155 0.015 0.150 0.254    0.024 0.004 0.027 0.041 0.024 0.042 0.055 0.028 0.042 0.057   --  
 2200:    1.00    0.553    0.011 0.155 0.015 0.149 0.254    0.024 0.004 0.027 0.041 0.024 0.043 0.054 0.028 0.041 0.057   --  
 2300:    1.00    0.505    0.011 0.154 0.015 0.146 0.259    0.024 0.004 0.027 0.041 0.024 0.043 0.054 0.028 0.042 0.058   --  
 2400:    1.00    0.510    0.011 0.158 0.014 0.146 0.254    0.024 0.004 0.027 0.041 0.024 0.042 0.055 0.028 0.041 0.058   --  
 2500:    1.00    0.505    0.010 0.156 0.014 0.145 0.254    0.024 0.004 0.027 0.041 0.024 0.042 0.055 0.027 0.041 0.057   --  
 2600:    1.00    0.484    0.010 0.154 0.014 0.142 0.251    0.024 0.003 0.026 0.040 0.024 0.042 0.055 0.027 0.041 0.057   --  
 2700:    1.00    0.447    0.010 0.154 0.014 0.147 0.252    0.023 0.004 0.026 0.039 0.024 0.042 0.054 0.027 0.040 0.057   --  
 2800:    1.00    0.446    0.010 0.151 0.014 0.145 0.244    0.023 0.004 0.026 0.039 0.024 0.042 0.053 0.027 0.039 0.057   --  
 2900:    1.00    0.415    0.010 0.154 0.013 0.146 0.247    0.024 0.003 0.026 0.039 0.024 0.042 0.054 0.027 0.039 0.057   --  

--------------------------------------------
Proportion of membership of each pre-defined
 population in each of the 5 clusters

Given    Inferred Clusters                     Number of
 Pop       1      2      3      4      5      Individuals

  1:     0.430  0.061  0.431  0.035  0.043       54
  2:     0.420  0.058  0.442  0.029  0.052       30
  3:     0.075  0.709  0.105  0.059  0.052       30
  4:     0.005  0.841  0.046  0.080  0.028       20
  5:     0.077  0.774  0.036  0.084  0.029       30
  6:     0.521  0.049  0.354  0.033  0.043       43
  7:     0.441  0.044  0.449  0.028  0.039       44
  8:     0.562  0.019  0.356  0.022  0.042        4
  9:     0.609  0.014  0.307  0.028  0.043       22
 10:     0.625  0.012  0.294  0.027  0.042       24
 11:     0.425  0.042  0.456  0.038  0.039       54
 12:     0.493  0.043  0.390  0.030  0.044       37
 13:     0.412  0.063  0.446  0.037  0.042       42
 14:     0.406  0.046  0.474  0.031  0.043       42
 15:     0.429  0.057  0.444  0.030  0.041       49
 16:     0.455  0.057  0.408  0.037  0.043      124
 17:     0.535  0.050  0.335  0.036  0.044       24
 18:     0.420  0.038  0.456  0.031  0.054       34
 19:     0.427  0.053  0.446  0.034  0.041       52
 20:     0.496  0.030  0.381  0.036  0.058        1
 21:     0.498  0.012  0.314  0.103  0.073        1
 22:     0.544  0.027  0.343  0.030  0.055        1
 23:     0.624  0.081  0.193  0.082  0.020        1
 24:     0.673  0.000  0.211  0.060  0.056        1
 25:     0.056  0.101  0.737  0.078  0.029        1
 26:     0.316  0.051  0.475  0.058  0.101        1
 27:     0.452  0.074  0.405  0.047  0.023        1
 28:     0.643  0.001  0.251  0.051  0.053        1
 29:     0.496  0.000  0.373  0.060  0.071        1
 30:     0.394  0.132  0.377  0.076  0.021        1
 31:     0.600  0.173  0.109  0.030  0.087        1
 32:     0.383  0.032  0.514  0.037  0.034        1
 33:     0.108  0.109  0.669  0.029  0.086        1
 34:     0.580  0.000  0.314  0.055  0.051        1
 35:     0.576  0.045  0.296  0.033  0.050        1
 36:     0.614  0.061  0.196  0.079  0.050        1
 37:     0.541  0.000  0.390  0.042  0.026        1
 38:     0.464  0.100  0.324  0.077  0.035        1
 39:     0.427  0.011  0.401  0.072  0.089        1
 40:     0.288  0.069  0.504  0.084  0.055        1
 41:     0.570  0.005  0.250  0.103  0.071        1
 42:     0.434  0.030  0.444  0.052  0.039        1
 43:     0.018  0.034  0.818  0.063  0.068        1
 44:     0.490  0.130  0.283  0.018  0.080        1
 45:     0.594  0.020  0.235  0.057  0.094        1
 46:     0.579  0.053  0.241  0.109  0.018        1
 47:     0.119  0.010  0.787  0.034  0.050        1
 48:     0.179  0.020  0.742  0.000  0.060        1
 49:     0.554  0.004  0.362  0.031  0.050        1
 50:     0.000  0.352  0.514  0.074  0.060        1
 51:     0.541  0.196  0.156  0.056  0.052        1
 52:     0.533  0.045  0.282  0.102  0.039        1
 53:     0.021  0.078  0.824  0.049  0.028        1
 54:     0.000  0.001  0.001  0.001  0.997        1
 55:     0.000  0.000  0.000  0.001  0.998        1
 56:     0.162  0.000  0.002  0.007  0.829        1
 57:     0.005  0.000  0.046  0.002  0.948        1
 58:     0.059  0.001  0.003  0.008  0.930        1
 59:     0.080  0.051  0.005  0.000  0.864        1
 60:     0.001  0.000  0.009  0.000  0.989        1
 61:     0.000  0.000  0.000  0.001  0.999        1
 62:     0.001  0.392  0.573  0.030  0.004        1
