

----------------------------------------------------
STRUCTURE by Pritchard, Stephens and Donnelly (2000)
     and Falush, Stephens and Pritchard (2003)
       Code by Pritchard, Falush and Hubisz
             Version 2.3.4 (Jul 2012)
----------------------------------------------------


Reading file "/workdir/yc2644/CV_CT_array/structure/threader_input/mainparams".
Reading file "/workdir/yc2644/CV_CT_array/structure/threader_input/extraparams".
Reading file "/workdir/yc2644/CV_CT_array/structure/threader_input/n1601.recode.strct_in".


Data file "/workdir/yc2644/CV_CT_array/structure/threader_input/n1601.recode.strct_in" (truncated) --

Ind:   Label Pop : Genotype_data . . . .
  1:  001s    1  :  2   1   2   2   2   1   2  . . . .   2
  1:  001s    1  :  2   2   2   2   2   2   2  . . . .   2
  2:  002s    1  :  2   2   2   2   1   1   2  . . . .   2
  2:  002s    1  :  2   2   2   2   2   2   2  . . . .   2
  3:  003s    1  :  1   2   1   2   2   2   2  . . . .   1
  3:  003s    1  :  2   2   1   2   2   2   2  . . . .   2
  4:  004s    1  :  1   1   2   2   1   2   2  . . . .   1
  4:  004s    1  :  2   1   2   2   2   2   2  . . . .   2

      *******   

1600:    49  192  :  2   2   2   2   2   1   2  . . . .   1
1600:    49  192  :  2   2   2   2   2   2   2  . . . .   2
1601:    50  192  :  2   1   2   2   1   2   2  . . . .   1
1601:    50  192  :  2   2   2   2   2   2   2  . . . .   2

Number of alleles per locus: min= 2; ave=2.0; max= 2


--------------------------------------

Finished initialization; starting MCMC 
100000 iterations + 10000 burnin


--------------------------------------------
Proportion of membership of each pre-defined
 population in each of the 5 clusters

Given    Inferred Clusters                     Number of
 Pop       1      2      3      4      5      Individuals

  1:     0.225  0.255  0.214  0.189  0.117       54
  2:     0.268  0.217  0.216  0.189  0.110       30
  3:     0.092  0.091  0.082  0.122  0.612       30
  4:     0.081  0.086  0.065  0.058  0.711       20
  5:     0.092  0.098  0.072  0.072  0.665       30
  6:     0.225  0.235  0.208  0.221  0.111       43
  7:     0.247  0.254  0.193  0.196  0.109       44
  8:     0.248  0.281  0.195  0.196  0.080        4
  9:     0.248  0.248  0.234  0.205  0.065       22
 10:     0.237  0.285  0.181  0.216  0.081       24
 11:     0.226  0.235  0.225  0.211  0.104       54
 12:     0.230  0.247  0.222  0.197  0.104       37
 13:     0.215  0.222  0.258  0.189  0.116       42
 14:     0.244  0.215  0.214  0.218  0.108       42
 15:     0.237  0.228  0.214  0.210  0.110       49
 16:     0.235  0.215  0.246  0.191  0.113      124
 17:     0.219  0.229  0.238  0.214  0.100       24
 18:     0.270  0.230  0.205  0.199  0.096       34
 19:     0.225  0.217  0.245  0.200  0.113       52
 20:     0.237  0.239  0.190  0.216  0.118        1
 21:     0.312  0.331  0.207  0.013  0.136        1
 22:     0.418  0.008  0.386  0.066  0.122        1
 23:     0.240  0.197  0.205  0.206  0.152        1
 24:     0.121  0.368  0.308  0.122  0.081        1
 25:     0.053  0.192  0.530  0.035  0.189        1
 26:     0.049  0.320  0.268  0.249  0.114        1
 27:     0.211  0.262  0.209  0.195  0.124        1
 28:     0.211  0.096  0.301  0.326  0.066        1
 29:     0.077  0.320  0.189  0.392  0.022        1
 30:     0.210  0.266  0.160  0.218  0.146        1
 31:     0.211  0.286  0.199  0.080  0.224        1
 32:     0.086  0.546  0.032  0.249  0.088        1
 33:     0.225  0.205  0.160  0.254  0.156        1
 34:     0.104  0.193  0.175  0.467  0.061        1
 35:     0.087  0.299  0.417  0.102  0.095        1
 36:     0.123  0.283  0.123  0.353  0.118        1
 37:     0.187  0.286  0.221  0.188  0.118        1
 38:     0.179  0.282  0.194  0.193  0.152        1
 39:     0.268  0.044  0.442  0.174  0.072        1
 40:     0.220  0.127  0.329  0.198  0.126        1
 41:     0.515  0.035  0.276  0.148  0.025        1
 42:     0.124  0.566  0.059  0.146  0.104        1
 43:     0.262  0.147  0.196  0.277  0.117        1
 44:     0.092  0.379  0.309  0.035  0.185        1
 45:     0.155  0.423  0.117  0.231  0.074        1
 46:     0.207  0.192  0.333  0.178  0.090        1
 47:     0.214  0.195  0.250  0.234  0.108        1
 48:     0.220  0.204  0.236  0.227  0.112        1
 49:     0.059  0.009  0.217  0.626  0.089        1
 50:     0.171  0.193  0.180  0.175  0.280        1
 51:     0.221  0.226  0.232  0.061  0.260        1
 52:     0.193  0.281  0.209  0.167  0.150        1
 53:     0.365  0.083  0.264  0.180  0.108        1
 54:     0.175  0.213  0.180  0.205  0.227        1
 55:     0.158  0.320  0.178  0.049  0.296        1
 56:     0.199  0.186  0.348  0.088  0.178        1
 57:     0.158  0.326  0.056  0.308  0.152        1
 58:     0.226  0.126  0.307  0.151  0.189        1
 59:     0.090  0.222  0.167  0.284  0.238        1
 60:     0.208  0.157  0.090  0.388  0.158        1
 61:     0.109  0.498  0.050  0.089  0.253        1
 62:     0.164  0.327  0.099  0.031  0.379        1
 63:     0.121  0.611  0.069  0.028  0.170        1
 64:     0.204  0.221  0.137  0.205  0.233        1
 65:     0.168  0.179  0.250  0.236  0.167        1
 66:     0.216  0.371  0.121  0.069  0.223        1
 67:     0.039  0.343  0.073  0.358  0.188        1
 68:     0.098  0.457  0.090  0.116  0.240        1
 69:     0.101  0.205  0.139  0.275  0.279        1
 70:     0.273  0.128  0.307  0.131  0.162        1
 71:     0.020  0.172  0.270  0.349  0.189        1
 72:     0.023  0.364  0.185  0.153  0.276        1
 73:     0.259  0.176  0.250  0.152  0.164        1
 74:     0.041  0.144  0.303  0.305  0.207        1
 75:     0.144  0.022  0.245  0.364  0.225        1
 76:     0.053  0.329  0.016  0.075  0.526        1
 77:     0.157  0.390  0.001  0.194  0.258        1
 78:     0.201  0.301  0.079  0.147  0.273        1
 79:     0.230  0.158  0.188  0.208  0.217        1
 80:     0.151  0.128  0.093  0.393  0.235        1
 81:     0.115  0.347  0.062  0.251  0.224        1
 82:     0.144  0.188  0.196  0.238  0.234        1
 83:     0.021  0.301  0.271  0.209  0.198        1
 84:     0.004  0.196  0.238  0.262  0.299        1
 85:     0.069  0.019  0.523  0.193  0.197        1
 86:     0.010  0.031  0.306  0.426  0.227        1
 87:     0.025  0.043  0.485  0.255  0.193        1
 88:     0.027  0.208  0.295  0.205  0.265        1
 89:     0.041  0.095  0.596  0.085  0.183        1
 90:     0.074  0.091  0.295  0.208  0.333        1
 91:     0.074  0.115  0.376  0.208  0.226        1
 92:     0.032  0.041  0.340  0.459  0.128        1
 93:     0.031  0.046  0.560  0.051  0.312        1
 94:     0.062  0.112  0.497  0.106  0.223        1
 95:     0.040  0.063  0.555  0.110  0.231        1
 96:     0.012  0.064  0.275  0.438  0.212        1
 97:     0.005  0.127  0.357  0.230  0.281        1
 98:     0.108  0.022  0.318  0.360  0.192        1
 99:     0.021  0.017  0.356  0.365  0.242        1
100:     0.001  0.038  0.163  0.521  0.277        1
101:     0.053  0.093  0.135  0.520  0.198        1
102:     0.018  0.063  0.487  0.286  0.146        1
103:     0.050  0.014  0.624  0.110  0.202        1
104:     0.026  0.143  0.224  0.389  0.218        1
105:     0.014  0.024  0.565  0.122  0.275        1
106:     0.018  0.082  0.275  0.515  0.109        1
107:     0.006  0.029  0.684  0.046  0.236        1
108:     0.043  0.027  0.383  0.308  0.239        1
109:     0.036  0.048  0.321  0.345  0.251        1
110:     0.036  0.106  0.675  0.073  0.110        1
111:     0.012  0.152  0.392  0.190  0.254        1
112:     0.055  0.055  0.529  0.135  0.225        1
113:     0.014  0.078  0.186  0.479  0.243        1
114:     0.066  0.052  0.236  0.433  0.213        1
115:     0.044  0.031  0.264  0.420  0.241        1
116:     0.004  0.046  0.198  0.567  0.185        1
117:     0.053  0.085  0.440  0.134  0.288        1
118:     0.044  0.016  0.482  0.148  0.310        1
119:     0.024  0.006  0.309  0.517  0.145        1
120:     0.017  0.020  0.315  0.442  0.207        1
121:     0.021  0.022  0.314  0.399  0.244        1
122:     0.048  0.109  0.587  0.053  0.204        1
123:     0.019  0.097  0.231  0.373  0.281        1
124:     0.122  0.074  0.458  0.025  0.320        1
125:     0.014  0.054  0.308  0.401  0.224        1
126:     0.017  0.065  0.226  0.489  0.202        1
127:     0.071  0.177  0.084  0.413  0.255        1
128:     0.069  0.131  0.246  0.295  0.260        1
129:     0.004  0.128  0.062  0.559  0.246        1
130:     0.033  0.077  0.616  0.008  0.267        1
131:     0.039  0.112  0.214  0.411  0.224        1
132:     0.083  0.030  0.461  0.169  0.258        1
133:     0.017  0.042  0.469  0.168  0.305        1
134:     0.083  0.139  0.364  0.199  0.215        1
135:     0.066  0.038  0.667  0.033  0.196        1
136:     0.015  0.154  0.091  0.522  0.218        1
137:     0.026  0.023  0.694  0.018  0.238        1
138:     0.004  0.159  0.480  0.135  0.223        1
139:     0.063  0.127  0.274  0.258  0.278        1
140:     0.051  0.063  0.400  0.202  0.285        1
141:     0.013  0.057  0.621  0.077  0.232        1
142:     0.064  0.085  0.461  0.153  0.237        1
143:     0.004  0.185  0.123  0.409  0.279        1
144:     0.058  0.197  0.325  0.129  0.290        1
145:     0.008  0.022  0.543  0.208  0.221        1
146:     0.090  0.075  0.233  0.325  0.277        1
147:     0.042  0.118  0.265  0.298  0.277        1
148:     0.131  0.183  0.244  0.247  0.195        1
149:     0.295  0.093  0.177  0.220  0.215        1
150:     0.171  0.244  0.094  0.404  0.087        1
151:     0.480  0.037  0.312  0.096  0.075        1
152:     0.190  0.318  0.316  0.057  0.118        1
153:     0.256  0.160  0.400  0.054  0.130        1
154:     0.211  0.250  0.300  0.142  0.098        1
155:     0.212  0.306  0.305  0.077  0.100        1
156:     0.300  0.313  0.182  0.138  0.068        1
157:     0.051  0.506  0.242  0.088  0.114        1
158:     0.190  0.548  0.011  0.203  0.048        1
159:     0.258  0.096  0.080  0.486  0.081        1
160:     0.271  0.274  0.177  0.183  0.095        1
161:     0.211  0.314  0.146  0.194  0.135        1
162:     0.209  0.257  0.211  0.221  0.102        1
163:     0.046  0.305  0.254  0.298  0.097        1
164:     0.030  0.303  0.109  0.460  0.098        1
165:     0.192  0.192  0.350  0.106  0.160        1
166:     0.057  0.580  0.238  0.034  0.090        1
167:     0.277  0.151  0.343  0.097  0.134        1
168:     0.258  0.251  0.202  0.205  0.084        1
169:     0.179  0.369  0.075  0.301  0.077        1
170:     0.046  0.308  0.280  0.297  0.069        1
171:     0.208  0.189  0.223  0.287  0.092        1
172:     0.443  0.168  0.095  0.132  0.162        1
173:     0.260  0.198  0.232  0.184  0.125        1
174:     0.125  0.405  0.272  0.104  0.094        1
175:     0.247  0.232  0.220  0.193  0.108       50
176:     0.270  0.226  0.221  0.184  0.099       49
177:     0.243  0.230  0.243  0.181  0.104       50
178:     0.238  0.228  0.242  0.181  0.111       49
179:     0.218  0.267  0.225  0.177  0.113       23
180:     0.240  0.209  0.208  0.242  0.101       49
181:     0.049  0.033  0.023  0.073  0.822       30
182:     0.059  0.037  0.039  0.057  0.808       30
183:     0.272  0.192  0.231  0.139  0.166       34
184:     0.290  0.227  0.181  0.191  0.110       36
185:     0.260  0.221  0.179  0.227  0.113       40
186:     0.279  0.230  0.212  0.186  0.093       39
187:     0.238  0.268  0.198  0.181  0.115       37
188:     0.234  0.247  0.207  0.190  0.122       40
189:     0.296  0.190  0.204  0.195  0.115       35
190:     0.263  0.215  0.174  0.223  0.125       28
191:     0.285  0.233  0.189  0.186  0.107       36
192:     0.250  0.245  0.199  0.187  0.118       32
--------------------------------------------

 Rep#:   Lambda   Alpha      F1    F2    F3    F4    F5     D1,2  D1,3  D1,4  D1,5  D2,3  D2,4  D2,5  D3,4  D3,5  D4,5    Ln Like 
  100:    1.00    1.652    0.010 0.010 0.011 0.010 0.239    0.003 0.005 0.004 0.037 0.004 0.004 0.037 0.003 0.039 0.037   --  
  200:    1.00    1.366    0.011 0.011 0.189 0.010 0.195    0.004 0.038 0.003 0.032 0.037 0.003 0.032 0.035 0.049 0.031   --  
  300:    1.00    1.140    0.013 0.044 0.190 0.010 0.185    0.010 0.036 0.003 0.030 0.038 0.010 0.032 0.035 0.046 0.029   --  
  400:    1.00    1.053    0.014 0.219 0.182 0.010 0.181    0.041 0.036 0.003 0.031 0.049 0.039 0.045 0.035 0.044 0.030   --  
  500:    1.00    0.990    0.015 0.259 0.178 0.010 0.177    0.049 0.036 0.003 0.031 0.055 0.047 0.051 0.034 0.044 0.029   --  
  600:    1.00    0.995    0.017 0.267 0.176 0.010 0.172    0.049 0.035 0.004 0.030 0.056 0.047 0.052 0.033 0.044 0.028   --  
  700:    1.00    0.933    0.017 0.266 0.170 0.010 0.170    0.049 0.034 0.004 0.029 0.057 0.047 0.053 0.032 0.044 0.027   --  
  800:    1.00    0.868    0.017 0.270 0.168 0.010 0.169    0.049 0.033 0.004 0.028 0.057 0.046 0.054 0.032 0.044 0.027   --  
  900:    1.00    0.840    0.019 0.267 0.164 0.010 0.166    0.048 0.033 0.004 0.028 0.057 0.045 0.054 0.030 0.043 0.026   --  

--------------------------------------------
Proportion of membership of each pre-defined
 population in each of the 5 clusters

Given    Inferred Clusters                     Number of
 Pop       1      2      3      4      5      Individuals

  1:     0.383  0.129  0.093  0.307  0.089       54
  2:     0.382  0.139  0.091  0.306  0.082       30
  3:     0.035  0.072  0.079  0.112  0.701       30
  4:     0.028  0.056  0.093  0.008  0.815       20
  5:     0.032  0.062  0.102  0.040  0.764       30
  6:     0.337  0.124  0.094  0.370  0.075       43
  7:     0.386  0.127  0.086  0.323  0.077       44
  8:     0.395  0.136  0.107  0.324  0.038        4
  9:     0.395  0.138  0.090  0.338  0.039       22
 10:     0.337  0.134  0.086  0.405  0.039       24
 11:     0.372  0.127  0.090  0.337  0.073       54
 12:     0.382  0.138  0.084  0.327  0.069       37
 13:     0.410  0.129  0.091  0.280  0.090       42
 14:     0.379  0.138  0.083  0.319  0.080       42
 15:     0.381  0.130  0.087  0.318  0.084       49
 16:     0.389  0.131  0.092  0.301  0.086      124
 17:     0.363  0.134  0.088  0.339  0.076       24
 18:     0.418  0.138  0.089  0.286  0.070       34
 19:     0.383  0.130  0.087  0.317  0.084       52
 20:     0.318  0.129  0.083  0.399  0.072        1
 21:     0.608  0.150  0.185  0.023  0.034        1
 22:     0.387  0.144  0.073  0.322  0.074        1
 23:     0.286  0.085  0.163  0.311  0.156        1
 24:     0.551  0.127  0.093  0.143  0.086        1
 25:     0.584  0.098  0.151  0.015  0.151        1
 26:     0.158  0.165  0.114  0.532  0.031        1
 27:     0.249  0.113  0.103  0.469  0.066        1
 28:     0.305  0.157  0.064  0.401  0.073        1
 29:     0.144  0.157  0.096  0.569  0.034        1
 30:     0.493  0.123  0.100  0.143  0.141        1
 31:     0.223  0.128  0.090  0.349  0.209        1
 32:     0.268  0.113  0.104  0.481  0.035        1
 33:     0.491  0.164  0.074  0.152  0.119        1
 34:     0.163  0.170  0.118  0.520  0.029        1
 35:     0.535  0.115  0.098  0.195  0.058        1
 36:     0.305  0.130  0.123  0.357  0.085        1
 37:     0.567  0.120  0.116  0.160  0.037        1
 38:     0.207  0.111  0.181  0.423  0.078        1
 39:     0.524  0.174  0.105  0.160  0.037        1
 40:     0.303  0.162  0.123  0.293  0.119        1
 41:     0.419  0.144  0.140  0.273  0.023        1
 42:     0.379  0.139  0.122  0.277  0.082        1
 43:     0.451  0.174  0.084  0.219  0.073        1
 44:     0.386  0.123  0.063  0.300  0.128        1
 45:     0.293  0.182  0.129  0.354  0.043        1
 46:     0.363  0.109  0.164  0.306  0.058        1
 47:     0.057  0.093  0.061  0.712  0.076        1
 48:     0.057  0.079  0.101  0.715  0.048        1
 49:     0.236  0.135  0.115  0.497  0.017        1
 50:     0.343  0.113  0.107  0.092  0.346        1
 51:     0.130  0.097  0.095  0.412  0.266        1
 52:     0.254  0.135  0.118  0.401  0.092        1
 53:     0.352  0.130  0.122  0.318  0.078        1
 54:     0.001  0.994  0.001  0.001  0.004        1
 55:     0.004  0.993  0.001  0.002  0.000        1
 56:     0.002  0.869  0.025  0.096  0.008        1
 57:     0.014  0.969  0.000  0.007  0.010        1
 58:     0.002  0.904  0.041  0.053  0.000        1
 59:     0.003  0.890  0.032  0.003  0.072        1
 60:     0.002  0.989  0.002  0.002  0.004        1
 61:     0.001  0.991  0.005  0.001  0.002        1
 62:     0.386  0.045  0.089  0.002  0.479        1
 63:     0.001  0.935  0.038  0.003  0.022        1
 64:     0.000  0.999  0.000  0.000  0.001        1
 65:     0.000  0.997  0.001  0.001  0.001        1
 66:     0.003  0.959  0.030  0.000  0.008        1
 67:     0.088  0.634  0.107  0.080  0.090        1
 68:     0.013  0.925  0.012  0.004  0.047        1
 69:     0.002  0.982  0.011  0.001  0.003        1
 70:     0.043  0.811  0.033  0.047  0.066        1
 71:     0.003  0.996  0.001  0.000  0.000        1
 72:     0.002  0.996  0.000  0.001  0.001        1
 73:     0.001  0.998  0.000  0.000  0.001        1
 74:     0.001  0.819  0.015  0.079  0.087        1
 75:     0.001  0.998  0.000  0.001  0.001        1
 76:     0.208  0.026  0.166  0.037  0.562        1
 77:     0.000  0.993  0.002  0.000  0.004        1
 78:     0.001  0.858  0.021  0.057  0.063        1
 79:     0.000  0.997  0.001  0.001  0.000        1
 80:     0.006  0.959  0.010  0.003  0.021        1
 81:     0.000  0.993  0.003  0.002  0.002        1
 82:     0.001  0.544  0.215  0.171  0.069        1
 83:     0.002  0.994  0.001  0.001  0.002        1
 84:     0.003  0.024  0.956  0.008  0.010        1
 85:     0.010  0.016  0.913  0.003  0.058        1
 86:     0.001  0.053  0.877  0.022  0.047        1
 87:     0.015  0.000  0.967  0.009  0.009        1
 88:     0.006  0.001  0.992  0.001  0.000        1
 89:     0.008  0.004  0.979  0.006  0.002        1
 90:     0.001  0.006  0.985  0.003  0.005        1
 91:     0.003  0.025  0.958  0.012  0.003        1
 92:     0.049  0.001  0.819  0.108  0.022        1
 93:     0.001  0.010  0.914  0.003  0.072        1
 94:     0.011  0.020  0.907  0.021  0.041        1
 95:     0.048  0.009  0.883  0.021  0.039        1
 96:     0.001  0.004  0.990  0.000  0.005        1
 97:     0.001  0.036  0.957  0.002  0.005        1
 98:     0.008  0.043  0.927  0.011  0.011        1
 99:     0.000  0.000  0.999  0.001  0.000        1
100:     0.004  0.005  0.987  0.002  0.002        1
101:     0.046  0.026  0.779  0.107  0.042        1
102:     0.042  0.059  0.771  0.113  0.014        1
103:     0.003  0.011  0.981  0.003  0.002        1
104:     0.001  0.018  0.943  0.022  0.016        1
105:     0.008  0.030  0.894  0.001  0.066        1
106:     0.019  0.071  0.808  0.097  0.005        1
107:     0.004  0.001  0.971  0.008  0.016        1
108:     0.045  0.020  0.843  0.078  0.014        1
109:     0.035  0.051  0.755  0.111  0.049        1
110:     0.010  0.055  0.789  0.138  0.009        1
111:     0.007  0.001  0.970  0.011  0.012        1
112:     0.003  0.007  0.987  0.003  0.000        1
113:     0.000  0.001  0.962  0.000  0.036        1
114:     0.003  0.009  0.973  0.005  0.010        1
115:     0.005  0.020  0.924  0.042  0.009        1
116:     0.001  0.003  0.996  0.000  0.001        1
117:     0.017  0.013  0.913  0.001  0.057        1
118:     0.000  0.000  0.961  0.002  0.036        1
119:     0.004  0.033  0.868  0.087  0.008        1
120:     0.003  0.039  0.927  0.025  0.006        1
121:     0.003  0.016  0.947  0.002  0.032        1
122:     0.010  0.017  0.959  0.010  0.005        1
123:     0.001  0.005  0.976  0.016  0.002        1
124:     0.018  0.034  0.850  0.011  0.088        1
125:     0.000  0.001  0.987  0.001  0.012        1
126:     0.035  0.038  0.855  0.048  0.024        1
127:     0.008  0.031  0.904  0.014  0.043        1
128:     0.009  0.020  0.956  0.001  0.014        1
129:     0.000  0.003  0.995  0.001  0.000        1
130:     0.027  0.005  0.930  0.012  0.026        1
131:     0.000  0.013  0.979  0.004  0.004        1
132:     0.020  0.001  0.826  0.043  0.110        1
133:     0.014  0.010  0.890  0.001  0.084        1
134:     0.036  0.046  0.826  0.075  0.017        1
135:     0.016  0.025  0.792  0.106  0.060        1
136:     0.000  0.002  0.996  0.001  0.001        1
137:     0.001  0.028  0.961  0.001  0.009        1
138:     0.002  0.017  0.977  0.004  0.000        1
139:     0.004  0.003  0.926  0.001  0.066        1
140:     0.003  0.028  0.862  0.000  0.108        1
141:     0.004  0.010  0.974  0.000  0.013        1
142:     0.061  0.016  0.862  0.022  0.040        1
143:     0.008  0.001  0.940  0.000  0.050        1
144:     0.014  0.006  0.956  0.007  0.016        1
145:     0.007  0.011  0.976  0.003  0.003        1
146:     0.003  0.011  0.926  0.006  0.054        1
147:     0.001  0.002  0.983  0.004  0.010        1
148:     0.103  0.131  0.165  0.474  0.126        1
149:     0.425  0.103  0.125  0.158  0.189        1
150:     0.458  0.118  0.115  0.264  0.045        1
151:     0.430  0.154  0.074  0.312  0.030        1
152:     0.461  0.144  0.065  0.179  0.150        1
153:     0.418  0.112  0.122  0.276  0.072        1
154:     0.556  0.139  0.080  0.168  0.058        1
155:     0.461  0.111  0.154  0.226  0.049        1
156:     0.456  0.128  0.078  0.258  0.080        1
157:     0.482  0.133  0.089  0.228  0.069        1
158:     0.270  0.129  0.125  0.438  0.038        1
159:     0.117  0.128  0.118  0.617  0.020        1
160:     0.440  0.123  0.111  0.222  0.104        1
161:     0.124  0.139  0.147  0.482  0.107        1
162:     0.248  0.168  0.071  0.488  0.025        1
163:     0.310  0.133  0.084  0.384  0.087        1
164:     0.074  0.121  0.089  0.645  0.071        1
165:     0.272  0.183  0.124  0.347  0.074        1
166:     0.553  0.121  0.039  0.162  0.124        1
167:     0.225  0.133  0.098  0.461  0.083        1
168:     0.234  0.123  0.069  0.542  0.032        1
169:     0.226  0.125  0.139  0.438  0.072        1
170:     0.129  0.154  0.117  0.599  0.001        1
171:     0.357  0.126  0.118  0.338  0.061        1
172:     0.167  0.130  0.099  0.522  0.083        1
173:     0.394  0.135  0.097  0.300  0.074        1
174:     0.525  0.149  0.098  0.157  0.070        1
175:     0.373  0.130  0.084  0.329  0.084       50
176:     0.397  0.134  0.088  0.304  0.077       49
177:     0.438  0.125  0.087  0.268  0.082       50
178:     0.378  0.132  0.087  0.318  0.084       49
179:     0.420  0.127  0.091  0.275  0.086       23
180:     0.384  0.134  0.085  0.324  0.073       49
181:     0.004  0.005  0.004  0.005  0.982       30
182:     0.008  0.018  0.010  0.015  0.949       30
183:     0.495  0.119  0.104  0.151  0.131       34
184:     0.474  0.130  0.084  0.237  0.075       36
185:     0.434  0.127  0.096  0.259  0.083       40
186:     0.487  0.132  0.090  0.223  0.067       39
187:     0.459  0.134  0.093  0.232  0.082       37
188:     0.467  0.131  0.093  0.218  0.092       40
189:     0.473  0.132  0.090  0.217  0.089       35
190:     0.450  0.134  0.084  0.237  0.095       28
191:     0.488  0.131  0.091  0.204  0.086       36
192:     0.428  0.134  0.084  0.274  0.080       32
--------------------------------------------

 Rep#:   Lambda   Alpha      F1    F2    F3    F4    F5     D1,2  D1,3  D1,4  D1,5  D2,3  D2,4  D2,5  D3,4  D3,5  D4,5    Ln Like 
 1000:    1.00    0.812    0.019 0.269 0.160 0.010 0.168    0.048 0.032 0.004 0.028 0.057 0.045 0.054 0.030 0.044 0.026   --  
 1100:    1.00    0.764    0.019 0.269 0.162 0.011 0.167    0.047 0.032 0.004 0.028 0.058 0.045 0.055 0.030 0.044 0.026   --  
 1200:    1.00    0.746    0.019 0.270 0.156 0.010 0.166    0.047 0.031 0.004 0.027 0.058 0.045 0.055 0.029 0.044 0.026   --  
 1300:    1.00    0.717    0.019 0.262 0.156 0.010 0.160    0.046 0.031 0.004 0.027 0.058 0.044 0.054 0.029 0.043 0.025   --  
 1400:    1.00    0.695    0.019 0.270 0.151 0.010 0.162    0.046 0.030 0.004 0.027 0.058 0.044 0.054 0.029 0.043 0.025   --  
 1500:    1.00    0.689    0.019 0.256 0.155 0.010 0.160    0.045 0.030 0.004 0.026 0.057 0.042 0.054 0.029 0.043 0.025   --  
 1600:    1.00    0.668    0.019 0.254 0.156 0.010 0.157    0.044 0.030 0.004 0.026 0.057 0.043 0.054 0.028 0.043 0.024   --  
 1700:    1.00    0.640    0.019 0.260 0.153 0.010 0.159    0.044 0.030 0.004 0.026 0.058 0.043 0.055 0.028 0.043 0.024   --  
 1800:    1.00    0.620    0.019 0.259 0.152 0.010 0.153    0.044 0.029 0.004 0.026 0.057 0.043 0.054 0.028 0.043 0.024   --  
 1900:    1.00    0.601    0.019 0.258 0.149 0.010 0.157    0.043 0.029 0.004 0.025 0.057 0.042 0.054 0.027 0.042 0.024   --  

--------------------------------------------
Proportion of membership of each pre-defined
 population in each of the 5 clusters

Given    Inferred Clusters                     Number of
 Pop       1      2      3      4      5      Individuals

  1:     0.419  0.083  0.056  0.374  0.069       54
  2:     0.431  0.090  0.047  0.362  0.070       30
  3:     0.015  0.058  0.058  0.164  0.704       30
  4:     0.031  0.042  0.084  0.010  0.833       20
  5:     0.032  0.046  0.094  0.063  0.766       30
  6:     0.395  0.076  0.061  0.408  0.059       43
  7:     0.436  0.081  0.054  0.372  0.055       44
  8:     0.382  0.083  0.067  0.432  0.036        4
  9:     0.365  0.083  0.048  0.483  0.022       22
 10:     0.335  0.085  0.050  0.500  0.030       24
 11:     0.427  0.077  0.055  0.381  0.060       54
 12:     0.395  0.090  0.049  0.414  0.052       37
 13:     0.428  0.082  0.061  0.362  0.067       42
 14:     0.446  0.080  0.052  0.364  0.057       42
 15:     0.418  0.084  0.050  0.385  0.063       49
 16:     0.429  0.083  0.055  0.363  0.071      124
 17:     0.377  0.088  0.051  0.430  0.054       24
 18:     0.484  0.089  0.055  0.328  0.044       34
 19:     0.431  0.083  0.049  0.375  0.063       52
 20:     0.422  0.092  0.062  0.374  0.050        1
 21:     0.582  0.124  0.096  0.163  0.036        1
 22:     0.317  0.094  0.013  0.536  0.040        1
 23:     0.390  0.088  0.120  0.343  0.058        1
 24:     0.373  0.077  0.069  0.437  0.044        1
 25:     0.436  0.057  0.086  0.281  0.140        1
 26:     0.414  0.123  0.104  0.334  0.025        1
 27:     0.313  0.069  0.087  0.471  0.059        1
 28:     0.317  0.105  0.046  0.494  0.038        1
 29:     0.406  0.104  0.068  0.421  0.001        1
 30:     0.515  0.084  0.075  0.199  0.127        1
 31:     0.131  0.051  0.071  0.516  0.230        1
 32:     0.480  0.079  0.066  0.360  0.015        1
 33:     0.483  0.151  0.045  0.235  0.086        1
 34:     0.220  0.107  0.067  0.579  0.027        1
 35:     0.473  0.081  0.053  0.342  0.050        1
 36:     0.307  0.105  0.075  0.452  0.061        1
 37:     0.489  0.057  0.058  0.379  0.016        1
 38:     0.212  0.054  0.185  0.449  0.100        1
 39:     0.472  0.131  0.071  0.302  0.023        1
 40:     0.460  0.114  0.084  0.262  0.080        1
 41:     0.443  0.102  0.113  0.334  0.008        1
 42:     0.363  0.092  0.034  0.426  0.084        1
 43:     0.687  0.083  0.066  0.078  0.086        1
 44:     0.212  0.111  0.007  0.548  0.122        1
 45:     0.266  0.143  0.064  0.497  0.030        1
 46:     0.332  0.053  0.122  0.453  0.040        1
 47:     0.109  0.038  0.069  0.776  0.008        1
 48:     0.105  0.086  0.050  0.739  0.020        1
 49:     0.322  0.103  0.039  0.496  0.040        1
 50:     0.410  0.053  0.070  0.115  0.352        1
 51:     0.225  0.079  0.051  0.463  0.182        1
 52:     0.254  0.088  0.049  0.540  0.069        1
 53:     0.381  0.083  0.079  0.379  0.078        1
 54:     0.006  0.980  0.002  0.002  0.010        1
 55:     0.001  0.993  0.001  0.005  0.001        1
 56:     0.015  0.859  0.009  0.117  0.000        1
 57:     0.021  0.934  0.013  0.033  0.000        1
 58:     0.015  0.911  0.036  0.024  0.015        1
 59:     0.000  0.854  0.001  0.136  0.010        1
 60:     0.000  0.983  0.001  0.002  0.014        1
 61:     0.000  0.996  0.001  0.003  0.000        1
 62:     0.538  0.031  0.065  0.001  0.366        1
 63:     0.005  0.936  0.009  0.015  0.034        1
 64:     0.002  0.997  0.000  0.000  0.001        1
 65:     0.000  1.000  0.000  0.000  0.000        1
 66:     0.003  0.964  0.028  0.003  0.002        1
 67:     0.182  0.631  0.121  0.035  0.030        1
 68:     0.001  0.920  0.046  0.016  0.016        1
 69:     0.002  0.970  0.015  0.000  0.013        1
 70:     0.026  0.832  0.002  0.106  0.034        1
 71:     0.000  0.995  0.000  0.003  0.001        1
 72:     0.001  0.996  0.002  0.000  0.001        1
 73:     0.000  0.999  0.000  0.000  0.000        1
 74:     0.001  0.776  0.003  0.193  0.028        1
 75:     0.000  0.999  0.000  0.000  0.001        1
 76:     0.336  0.017  0.139  0.007  0.501        1
 77:     0.004  0.993  0.003  0.001  0.000        1
 78:     0.020  0.805  0.014  0.086  0.074        1
 79:     0.000  0.998  0.000  0.002  0.000        1
 80:     0.004  0.978  0.011  0.003  0.005        1
 81:     0.000  0.998  0.000  0.001  0.000        1
 82:     0.090  0.510  0.142  0.187  0.072        1
 83:     0.002  0.987  0.000  0.001  0.011        1
 84:     0.002  0.002  0.965  0.001  0.030        1
 85:     0.011  0.007  0.964  0.000  0.017        1
 86:     0.055  0.032  0.887  0.026  0.000        1
 87:     0.000  0.006  0.981  0.012  0.000        1
 88:     0.000  0.009  0.989  0.002  0.000        1
 89:     0.032  0.000  0.947  0.021  0.000        1
 90:     0.001  0.025  0.974  0.000  0.000        1
 91:     0.001  0.007  0.982  0.004  0.006        1
 92:     0.002  0.003  0.844  0.127  0.024        1
 93:     0.006  0.018  0.902  0.000  0.073        1
 94:     0.058  0.006  0.915  0.021  0.000        1
 95:     0.054  0.013  0.914  0.001  0.018        1
 96:     0.003  0.001  0.995  0.000  0.001        1
 97:     0.004  0.025  0.970  0.001  0.000        1
 98:     0.003  0.007  0.969  0.014  0.007        1
 99:     0.000  0.000  0.999  0.000  0.000        1
100:     0.003  0.002  0.985  0.002  0.009        1
101:     0.116  0.031  0.789  0.040  0.025        1
102:     0.070  0.004  0.807  0.087  0.032        1
103:     0.005  0.003  0.991  0.001  0.000        1
104:     0.003  0.017  0.965  0.007  0.007        1
105:     0.002  0.048  0.922  0.000  0.028        1
106:     0.058  0.023  0.781  0.135  0.003        1
107:     0.004  0.004  0.960  0.012  0.020        1
108:     0.016  0.019  0.868  0.086  0.010        1
109:     0.013  0.009  0.776  0.109  0.094        1
110:     0.035  0.039  0.781  0.141  0.005        1
111:     0.001  0.007  0.977  0.010  0.005        1
112:     0.003  0.003  0.989  0.001  0.004        1
113:     0.000  0.000  0.972  0.002  0.026        1
114:     0.005  0.031  0.956  0.000  0.008        1
115:     0.039  0.004  0.932  0.020  0.006        1
116:     0.003  0.005  0.988  0.002  0.001        1
117:     0.021  0.000  0.923  0.014  0.042        1
118:     0.000  0.022  0.963  0.000  0.015        1
119:     0.004  0.003  0.897  0.088  0.008        1
120:     0.002  0.008  0.942  0.043  0.006        1
121:     0.031  0.013  0.929  0.018  0.009        1
122:     0.017  0.018  0.928  0.023  0.014        1
123:     0.001  0.008  0.987  0.003  0.001        1
124:     0.069  0.004  0.836  0.003  0.087        1
125:     0.002  0.005  0.986  0.000  0.006        1
126:     0.035  0.030  0.868  0.051  0.015        1
127:     0.015  0.001  0.926  0.038  0.020        1
128:     0.006  0.010  0.958  0.022  0.004        1
129:     0.000  0.000  0.998  0.002  0.000        1
130:     0.012  0.019  0.898  0.020  0.051        1
131:     0.000  0.003  0.996  0.000  0.000        1
132:     0.009  0.000  0.863  0.024  0.104        1
133:     0.006  0.001  0.895  0.000  0.099        1
134:     0.135  0.036  0.822  0.000  0.007        1
135:     0.024  0.003  0.842  0.102  0.029        1
136:     0.000  0.000  0.996  0.000  0.003        1
137:     0.003  0.024  0.958  0.005  0.011        1
138:     0.000  0.001  0.997  0.001  0.001        1
139:     0.004  0.000  0.914  0.014  0.069        1
140:     0.007  0.003  0.895  0.003  0.093        1
141:     0.001  0.006  0.984  0.001  0.008        1
142:     0.077  0.000  0.886  0.010  0.026        1
143:     0.004  0.001  0.923  0.003  0.069        1
144:     0.002  0.000  0.977  0.001  0.020        1
145:     0.000  0.002  0.978  0.001  0.019        1
146:     0.003  0.004  0.935  0.011  0.047        1
147:     0.004  0.000  0.961  0.001  0.034        1
148:     0.091  0.080  0.142  0.581  0.105        1
149:     0.460  0.064  0.112  0.175  0.189        1
150:     0.650  0.081  0.106  0.127  0.035        1
151:     0.286  0.109  0.046  0.558  0.002        1
152:     0.479  0.081  0.050  0.284  0.105        1
153:     0.431  0.084  0.046  0.379  0.061        1
154:     0.667  0.098  0.070  0.140  0.025        1
155:     0.319  0.072  0.080  0.480  0.049        1
156:     0.379  0.078  0.048  0.435  0.060        1
157:     0.692  0.073  0.086  0.073  0.076        1
158:     0.293  0.078  0.085  0.471  0.074        1
159:     0.373  0.104  0.093  0.420  0.011        1
160:     0.560  0.066  0.055  0.250  0.069        1
161:     0.159  0.092  0.111  0.544  0.094        1
162:     0.376  0.110  0.064  0.427  0.023        1
163:     0.485  0.103  0.070  0.278  0.064        1
164:     0.223  0.129  0.055  0.565  0.028        1
165:     0.317  0.111  0.111  0.379  0.081        1
166:     0.713  0.078  0.057  0.054  0.098        1
167:     0.362  0.115  0.019  0.449  0.055        1
168:     0.261  0.076  0.034  0.625  0.004        1
169:     0.313  0.047  0.092  0.547  0.000        1
170:     0.377  0.100  0.066  0.449  0.008        1
171:     0.474  0.088  0.073  0.324  0.041        1
172:     0.237  0.124  0.097  0.472  0.069        1
173:     0.603  0.065  0.042  0.233  0.057        1
174:     0.467  0.077  0.100  0.307  0.048        1
175:     0.420  0.085  0.052  0.381  0.062       50
176:     0.435  0.083  0.045  0.377  0.060       49
177:     0.456  0.079  0.050  0.357  0.058       50
178:     0.435  0.084  0.051  0.365  0.065       49
179:     0.470  0.080  0.063  0.316  0.071       23
180:     0.424  0.081  0.048  0.392  0.055       49
181:     0.002  0.005  0.003  0.003  0.987       30
182:     0.010  0.010  0.006  0.007  0.967       30
183:     0.543  0.077  0.067  0.189  0.124       34
184:     0.517  0.080  0.047  0.292  0.063       36
185:     0.480  0.079  0.060  0.309  0.071       40
186:     0.545  0.084  0.047  0.268  0.056       39
187:     0.549  0.081  0.056  0.245  0.068       37
188:     0.523  0.085  0.061  0.263  0.069       40
189:     0.526  0.078  0.056  0.268  0.073       35
190:     0.541  0.080  0.047  0.252  0.081       28
191:     0.506  0.084  0.050  0.295  0.065       36
192:     0.501  0.084  0.043  0.311  0.061       32
--------------------------------------------

 Rep#:   Lambda   Alpha      F1    F2    F3    F4    F5     D1,2  D1,3  D1,4  D1,5  D2,3  D2,4  D2,5  D3,4  D3,5  D4,5    Ln Like 
 2000:    1.00    0.578    0.018 0.258 0.146 0.010 0.157    0.043 0.029 0.004 0.025 0.057 0.041 0.054 0.027 0.042 0.024   --  
 2100:    1.00    0.556    0.018 0.251 0.146 0.010 0.153    0.042 0.028 0.004 0.025 0.057 0.040 0.054 0.027 0.042 0.024   --  
 2200:    1.00    0.543    0.018 0.252 0.146 0.010 0.157    0.042 0.028 0.004 0.025 0.058 0.041 0.054 0.027 0.043 0.024   --  
 2300:    1.00    0.527    0.017 0.257 0.147 0.010 0.156    0.042 0.028 0.004 0.025 0.057 0.040 0.054 0.027 0.042 0.024   --  
 2400:    1.00    0.490    0.017 0.251 0.146 0.010 0.156    0.041 0.028 0.004 0.024 0.057 0.040 0.054 0.027 0.042 0.024   --  
 2500:    1.00    0.489    0.017 0.254 0.149 0.010 0.155    0.042 0.028 0.004 0.024 0.058 0.041 0.055 0.027 0.042 0.023   --  
 2600:    1.00    0.471    0.016 0.246 0.149 0.010 0.155    0.041 0.028 0.004 0.024 0.058 0.040 0.054 0.027 0.043 0.023   --  
 2700:    1.00    0.451    0.016 0.253 0.147 0.010 0.154    0.041 0.028 0.004 0.024 0.058 0.040 0.055 0.027 0.043 0.023   --  
 2800:    1.00    0.440    0.016 0.253 0.145 0.010 0.153    0.041 0.028 0.004 0.024 0.057 0.040 0.054 0.026 0.042 0.023   --  
 2900:    1.00    0.443    0.015 0.247 0.146 0.010 0.153    0.040 0.027 0.004 0.024 0.057 0.039 0.054 0.026 0.043 0.023   --  

--------------------------------------------
Proportion of membership of each pre-defined
 population in each of the 5 clusters

Given    Inferred Clusters                     Number of
 Pop       1      2      3      4      5      Individuals

  1:     0.450  0.048  0.036  0.405  0.061       54
  2:     0.453  0.055  0.028  0.406  0.058       30
  3:     0.015  0.052  0.057  0.181  0.696       30
  4:     0.045  0.028  0.079  0.007  0.841       20
  5:     0.026  0.030  0.086  0.088  0.771       30
  6:     0.423  0.044  0.034  0.449  0.050       43
  7:     0.489  0.039  0.035  0.388  0.050       44
  8:     0.335  0.044  0.036  0.570  0.016        4
  9:     0.374  0.040  0.020  0.551  0.013       22
 10:     0.359  0.047  0.028  0.552  0.014       24
 11:     0.466  0.042  0.033  0.408  0.051       54
 12:     0.434  0.047  0.026  0.447  0.046       37
 13:     0.454  0.046  0.038  0.403  0.057       42
 14:     0.492  0.044  0.034  0.382  0.048       42
 15:     0.438  0.048  0.035  0.425  0.054       49
 16:     0.455  0.046  0.037  0.403  0.058      124
 17:     0.401  0.048  0.037  0.465  0.048       24
 18:     0.508  0.054  0.037  0.363  0.037       34
 19:     0.461  0.047  0.032  0.406  0.054       52
 20:     0.335  0.050  0.040  0.544  0.031        1
 21:     0.571  0.065  0.086  0.217  0.060        1
 22:     0.299  0.075  0.020  0.579  0.026        1
 23:     0.457  0.034  0.105  0.355  0.051        1
 24:     0.361  0.041  0.048  0.532  0.018        1
 25:     0.435  0.022  0.052  0.340  0.151        1
 26:     0.496  0.088  0.067  0.300  0.050        1
 27:     0.321  0.034  0.043  0.523  0.079        1
 28:     0.343  0.092  0.018  0.523  0.024        1
 29:     0.384  0.086  0.023  0.493  0.014        1
 30:     0.599  0.017  0.065  0.204  0.116        1
 31:     0.180  0.077  0.035  0.492  0.216        1
 32:     0.351  0.047  0.034  0.560  0.008        1
 33:     0.568  0.090  0.045  0.199  0.098        1
 34:     0.279  0.088  0.034  0.585  0.014        1
 35:     0.436  0.050  0.034  0.444  0.036        1
 36:     0.431  0.068  0.059  0.389  0.054        1
 37:     0.546  0.027  0.058  0.366  0.003        1
 38:     0.197  0.028  0.110  0.595  0.069        1
 39:     0.483  0.115  0.050  0.350  0.002        1
 40:     0.520  0.076  0.088  0.259  0.056        1
 41:     0.497  0.070  0.063  0.370  0.000        1
 42:     0.412  0.034  0.073  0.438  0.043        1
 43:     0.830  0.041  0.044  0.036  0.048        1
 44:     0.202  0.047  0.014  0.642  0.095        1
 45:     0.507  0.100  0.061  0.328  0.003        1
 46:     0.354  0.020  0.134  0.458  0.035        1
 47:     0.184  0.037  0.001  0.760  0.017        1
 48:     0.117  0.064  0.024  0.765  0.030        1
 49:     0.377  0.056  0.048  0.519  0.000        1
 50:     0.480  0.059  0.079  0.052  0.330        1
 51:     0.264  0.025  0.050  0.426  0.236        1
 52:     0.238  0.071  0.097  0.538  0.055        1
 53:     0.573  0.048  0.044  0.269  0.067        1
 54:     0.000  0.999  0.000  0.000  0.001        1
 55:     0.000  0.998  0.000  0.001  0.000        1
 56:     0.014  0.862  0.031  0.092  0.000        1
 57:     0.004  0.961  0.000  0.035  0.001        1
 58:     0.016  0.890  0.000  0.086  0.009        1
 59:     0.009  0.858  0.003  0.087  0.043        1
 60:     0.001  0.993  0.003  0.000  0.004        1
 61:     0.000  0.997  0.000  0.003  0.000        1
 62:     0.542  0.015  0.053  0.001  0.388        1
