

----------------------------------------------------
STRUCTURE by Pritchard, Stephens and Donnelly (2000)
     and Falush, Stephens and Pritchard (2003)
       Code by Pritchard, Falush and Hubisz
             Version 2.3.4 (Jul 2012)
----------------------------------------------------


Reading file "/workdir/yc2644/CV_CT_array/structure/threader_input/mainparams".
Reading file "/workdir/yc2644/CV_CT_array/structure/threader_input/extraparams".
Reading file "/workdir/yc2644/CV_CT_array/structure/threader_input/n1601.recode.strct_in".


Data file "/workdir/yc2644/CV_CT_array/structure/threader_input/n1601.recode.strct_in" (truncated) --

Ind:   Label Pop : Genotype_data . . . .
  1:  001s    1  :  2   1   2   2   2   1   2  . . . .   2
  1:  001s    1  :  2   2   2   2   2   2   2  . . . .   2
  2:  002s    1  :  2   2   2   2   1   1   2  . . . .   2
  2:  002s    1  :  2   2   2   2   2   2   2  . . . .   2
  3:  003s    1  :  1   2   1   2   2   2   2  . . . .   1
  3:  003s    1  :  2   2   1   2   2   2   2  . . . .   2
  4:  004s    1  :  1   1   2   2   1   2   2  . . . .   1
  4:  004s    1  :  2   1   2   2   2   2   2  . . . .   2

      *******   

1600:    49  192  :  2   2   2   2   2   1   2  . . . .   1
1600:    49  192  :  2   2   2   2   2   2   2  . . . .   2
1601:    50  192  :  2   1   2   2   1   2   2  . . . .   1
1601:    50  192  :  2   2   2   2   2   2   2  . . . .   2

Number of alleles per locus: min= 2; ave=2.0; max= 2


--------------------------------------

Finished initialization; starting MCMC 
100000 iterations + 10000 burnin


--------------------------------------------
Proportion of membership of each pre-defined
 population in each of the 6 clusters

Given    Inferred Clusters                            Number of
 Pop       1      2      3      4      5      6      Individuals

  1:     0.222  0.109  0.165  0.191  0.108  0.205       54
  2:     0.260  0.112  0.145  0.172  0.114  0.196       30
  3:     0.043  0.096  0.227  0.119  0.470  0.044       30
  4:     0.026  0.101  0.115  0.113  0.621  0.024       20
  5:     0.030  0.103  0.106  0.128  0.596  0.037       30
  6:     0.253  0.115  0.144  0.193  0.108  0.186       43
  7:     0.245  0.103  0.146  0.183  0.109  0.214       44
  8:     0.260  0.120  0.181  0.172  0.071  0.197        4
  9:     0.275  0.109  0.123  0.177  0.073  0.244       22
 10:     0.300  0.106  0.117  0.167  0.089  0.221       24
 11:     0.244  0.110  0.134  0.182  0.110  0.220       54
 12:     0.271  0.105  0.167  0.131  0.104  0.222       37
 13:     0.268  0.121  0.147  0.176  0.108  0.179       42
 14:     0.246  0.114  0.154  0.168  0.102  0.215       42
 15:     0.245  0.109  0.171  0.173  0.103  0.200       49
 16:     0.240  0.115  0.158  0.190  0.105  0.192      124
 17:     0.287  0.103  0.116  0.177  0.118  0.198       24
 18:     0.280  0.113  0.134  0.187  0.111  0.175       34
 19:     0.235  0.116  0.147  0.186  0.104  0.211       52
 20:     0.215  0.080  0.056  0.312  0.102  0.235        1
 21:     0.285  0.184  0.102  0.169  0.102  0.157        1
 22:     0.303  0.101  0.186  0.316  0.054  0.040        1
 23:     0.267  0.168  0.114  0.135  0.126  0.189        1
 24:     0.180  0.118  0.098  0.190  0.110  0.304        1
 25:     0.123  0.156  0.113  0.138  0.144  0.327        1
 26:     0.260  0.138  0.143  0.107  0.097  0.255        1
 27:     0.228  0.145  0.110  0.095  0.139  0.283        1
 28:     0.442  0.106  0.146  0.178  0.009  0.119        1
 29:     0.374  0.109  0.118  0.230  0.082  0.086        1
 30:     0.227  0.140  0.186  0.140  0.158  0.148        1
 31:     0.161  0.146  0.175  0.159  0.218  0.142        1
 32:     0.433  0.127  0.035  0.213  0.051  0.142        1
 33:     0.206  0.106  0.158  0.176  0.161  0.194        1
 34:     0.117  0.134  0.011  0.200  0.061  0.477        1
 35:     0.092  0.134  0.060  0.493  0.037  0.183        1
 36:     0.185  0.116  0.151  0.133  0.151  0.264        1
 37:     0.335  0.099  0.102  0.283  0.080  0.102        1
 38:     0.224  0.159  0.131  0.202  0.120  0.164        1
 39:     0.299  0.146  0.117  0.098  0.117  0.223        1
 40:     0.206  0.181  0.138  0.173  0.111  0.191        1
 41:     0.377  0.133  0.157  0.122  0.055  0.157        1
 42:     0.157  0.125  0.039  0.218  0.109  0.352        1
 43:     0.386  0.136  0.209  0.099  0.149  0.021        1
 44:     0.394  0.061  0.078  0.120  0.249  0.098        1
 45:     0.198  0.187  0.035  0.183  0.076  0.322        1
 46:     0.045  0.172  0.043  0.179  0.160  0.403        1
 47:     0.306  0.080  0.229  0.198  0.083  0.105        1
 48:     0.216  0.121  0.206  0.141  0.112  0.203        1
 49:     0.331  0.063  0.201  0.162  0.101  0.141        1
 50:     0.112  0.128  0.214  0.197  0.261  0.088        1
 51:     0.049  0.169  0.037  0.254  0.214  0.277        1
 52:     0.279  0.121  0.206  0.180  0.120  0.095        1
 53:     0.124  0.139  0.115  0.243  0.087  0.293        1
 54:     0.103  0.211  0.014  0.433  0.062  0.177        1
 55:     0.032  0.225  0.120  0.200  0.121  0.303        1
 56:     0.078  0.225  0.189  0.160  0.043  0.304        1
 57:     0.086  0.181  0.223  0.128  0.032  0.351        1
 58:     0.011  0.190  0.134  0.099  0.144  0.421        1
 59:     0.026  0.189  0.471  0.223  0.053  0.038        1
 60:     0.119  0.198  0.173  0.218  0.133  0.159        1
 61:     0.029  0.242  0.091  0.321  0.120  0.197        1
 62:     0.075  0.063  0.098  0.276  0.378  0.110        1
 63:     0.079  0.240  0.179  0.183  0.110  0.210        1
 64:     0.126  0.226  0.037  0.264  0.138  0.208        1
 65:     0.022  0.245  0.144  0.215  0.040  0.334        1
 66:     0.032  0.178  0.123  0.406  0.045  0.216        1
 67:     0.101  0.229  0.418  0.071  0.070  0.111        1
 68:     0.118  0.189  0.116  0.181  0.142  0.254        1
 69:     0.082  0.235  0.150  0.146  0.119  0.266        1
 70:     0.043  0.206  0.158  0.079  0.064  0.451        1
 71:     0.062  0.202  0.114  0.102  0.145  0.376        1
 72:     0.087  0.249  0.148  0.237  0.108  0.172        1
 73:     0.127  0.170  0.169  0.254  0.096  0.184        1
 74:     0.053  0.195  0.152  0.378  0.053  0.168        1
 75:     0.002  0.214  0.082  0.436  0.071  0.195        1
 76:     0.021  0.118  0.083  0.232  0.461  0.083        1
 77:     0.099  0.187  0.076  0.372  0.016  0.249        1
 78:     0.081  0.174  0.091  0.443  0.110  0.102        1
 79:     0.030  0.236  0.150  0.167  0.091  0.325        1
 80:     0.065  0.219  0.121  0.196  0.037  0.361        1
 81:     0.021  0.261  0.150  0.266  0.155  0.147        1
 82:     0.132  0.289  0.218  0.229  0.093  0.039        1
 83:     0.006  0.168  0.121  0.286  0.098  0.321        1
 84:     0.019  0.821  0.023  0.076  0.036  0.025        1
 85:     0.032  0.793  0.012  0.011  0.025  0.128        1
 86:     0.005  0.734  0.076  0.059  0.079  0.047        1
 87:     0.024  0.797  0.048  0.040  0.037  0.053        1
 88:     0.005  0.855  0.055  0.024  0.045  0.015        1
 89:     0.098  0.777  0.034  0.027  0.048  0.015        1
 90:     0.009  0.860  0.002  0.020  0.078  0.032        1
 91:     0.026  0.852  0.007  0.019  0.061  0.035        1
 92:     0.059  0.730  0.067  0.005  0.020  0.119        1
 93:     0.044  0.856  0.031  0.018  0.036  0.015        1
 94:     0.037  0.716  0.048  0.052  0.065  0.082        1
 95:     0.007  0.774  0.101  0.066  0.027  0.026        1
 96:     0.035  0.874  0.002  0.023  0.053  0.012        1
 97:     0.007  0.793  0.032  0.029  0.035  0.103        1
 98:     0.021  0.805  0.071  0.070  0.025  0.007        1
 99:     0.005  0.876  0.051  0.026  0.001  0.041        1
100:     0.015  0.866  0.041  0.029  0.019  0.032        1
101:     0.090  0.691  0.009  0.130  0.050  0.030        1
102:     0.068  0.680  0.059  0.074  0.049  0.070        1
103:     0.054  0.791  0.074  0.028  0.016  0.037        1
104:     0.032  0.839  0.005  0.035  0.035  0.055        1
105:     0.014  0.799  0.052  0.047  0.065  0.023        1
106:     0.008  0.648  0.080  0.041  0.060  0.164        1
107:     0.003  0.813  0.064  0.037  0.035  0.048        1
108:     0.012  0.797  0.066  0.038  0.049  0.038        1
109:     0.073  0.609  0.081  0.086  0.069  0.082        1
110:     0.053  0.671  0.011  0.064  0.038  0.162        1
111:     0.043  0.802  0.048  0.029  0.035  0.043        1
112:     0.019  0.869  0.068  0.016  0.026  0.002        1
113:     0.039  0.818  0.010  0.043  0.033  0.057        1
114:     0.031  0.802  0.040  0.047  0.024  0.055        1
115:     0.004  0.824  0.049  0.067  0.018  0.039        1
116:     0.019  0.875  0.034  0.016  0.036  0.021        1
117:     0.049  0.789  0.070  0.018  0.054  0.019        1
118:     0.002  0.892  0.037  0.007  0.015  0.046        1
119:     0.025  0.767  0.089  0.048  0.031  0.041        1
120:     0.004  0.787  0.013  0.031  0.047  0.118        1
121:     0.045  0.800  0.034  0.018  0.082  0.021        1
122:     0.048  0.796  0.059  0.044  0.023  0.029        1
123:     0.021  0.849  0.038  0.043  0.007  0.042        1
124:     0.017  0.774  0.042  0.016  0.046  0.104        1
125:     0.028  0.869  0.048  0.005  0.025  0.026        1
126:     0.011  0.807  0.042  0.080  0.039  0.022        1
127:     0.030  0.774  0.016  0.036  0.043  0.101        1
128:     0.018  0.741  0.081  0.029  0.041  0.090        1
129:     0.017  0.889  0.019  0.005  0.052  0.017        1
130:     0.008  0.783  0.020  0.055  0.084  0.050        1
131:     0.012  0.856  0.011  0.057  0.019  0.044        1
132:     0.023  0.726  0.012  0.073  0.051  0.115        1
133:     0.008  0.750  0.138  0.025  0.034  0.044        1
134:     0.086  0.695  0.056  0.021  0.067  0.075        1
135:     0.057  0.633  0.080  0.082  0.076  0.071        1
136:     0.008  0.883  0.009  0.016  0.023  0.060        1
137:     0.040  0.833  0.063  0.048  0.015  0.001        1
138:     0.032  0.824  0.038  0.043  0.024  0.040        1
139:     0.041  0.813  0.003  0.020  0.117  0.007        1
140:     0.014  0.725  0.117  0.030  0.060  0.054        1
141:     0.020  0.792  0.035  0.066  0.038  0.049        1
142:     0.026  0.758  0.017  0.080  0.014  0.105        1
143:     0.053  0.786  0.011  0.016  0.084  0.050        1
144:     0.009  0.812  0.052  0.022  0.066  0.040        1
145:     0.016  0.856  0.058  0.002  0.027  0.041        1
146:     0.017  0.824  0.068  0.043  0.018  0.030        1
147:     0.024  0.791  0.042  0.005  0.061  0.077        1
148:     0.192  0.239  0.192  0.079  0.133  0.165        1
149:     0.216  0.188  0.165  0.098  0.169  0.164        1
150:     0.234  0.111  0.033  0.354  0.015  0.253        1
151:     0.327  0.105  0.027  0.207  0.151  0.182        1
152:     0.244  0.121  0.159  0.099  0.137  0.239        1
153:     0.241  0.091  0.086  0.341  0.087  0.155        1
154:     0.178  0.137  0.287  0.106  0.045  0.247        1
155:     0.189  0.144  0.250  0.010  0.106  0.301        1
156:     0.340  0.083  0.137  0.122  0.129  0.189        1
157:     0.174  0.138  0.143  0.173  0.138  0.234        1
158:     0.227  0.124  0.171  0.198  0.107  0.173        1
159:     0.528  0.114  0.068  0.070  0.060  0.160        1
160:     0.445  0.186  0.087  0.023  0.097  0.161        1
161:     0.195  0.165  0.123  0.153  0.127  0.236        1
162:     0.493  0.102  0.209  0.105  0.070  0.021        1
163:     0.309  0.106  0.036  0.202  0.129  0.217        1
164:     0.215  0.122  0.206  0.170  0.133  0.155        1
165:     0.168  0.159  0.077  0.165  0.161  0.269        1
166:     0.272  0.087  0.055  0.257  0.158  0.170        1
167:     0.251  0.134  0.196  0.114  0.121  0.184        1
168:     0.281  0.074  0.087  0.152  0.110  0.295        1
169:     0.242  0.132  0.180  0.163  0.125  0.158        1
170:     0.277  0.102  0.058  0.206  0.080  0.278        1
171:     0.319  0.132  0.249  0.132  0.044  0.124        1
172:     0.149  0.104  0.038  0.359  0.135  0.215        1
173:     0.216  0.144  0.162  0.138  0.110  0.230        1
174:     0.326  0.108  0.112  0.333  0.061  0.060        1
175:     0.248  0.110  0.156  0.180  0.112  0.194       50
176:     0.249  0.106  0.151  0.175  0.102  0.217       49
177:     0.238  0.107  0.160  0.178  0.101  0.215       50
178:     0.266  0.105  0.158  0.157  0.114  0.201       49
179:     0.229  0.121  0.158  0.162  0.110  0.220       23
180:     0.276  0.109  0.146  0.143  0.116  0.211       49
181:     0.018  0.024  0.087  0.055  0.798  0.019       30
182:     0.020  0.035  0.376  0.063  0.489  0.018       30
183:     0.220  0.121  0.182  0.152  0.125  0.200       34
184:     0.256  0.098  0.156  0.180  0.100  0.210       36
185:     0.270  0.111  0.141  0.150  0.110  0.217       40
186:     0.259  0.117  0.144  0.186  0.087  0.207       39
187:     0.266  0.124  0.151  0.180  0.106  0.174       37
188:     0.247  0.111  0.167  0.169  0.110  0.197       40
189:     0.269  0.110  0.126  0.177  0.109  0.208       35
190:     0.218  0.109  0.156  0.210  0.103  0.205       28
191:     0.267  0.125  0.131  0.152  0.112  0.212       36
192:     0.232  0.110  0.152  0.194  0.113  0.198       32
--------------------------------------------

 Rep#:   Lambda   Alpha      F1    F2    F3    F4    F5    F6     D1,2  D1,3  D1,4  D1,5  D1,6  D2,3  D2,4  D2,5  D2,6  D3,4  D3,5  D3,6  D4,5  D4,6  D5,6    Ln Like 
  100:    1.00    1.581    0.032 0.206 0.010 0.009 0.252 0.036    0.041 0.008 0.007 0.050 0.008 0.037 0.036 0.064 0.042 0.003 0.036 0.009 0.039 0.007 0.051   --  
  200:    1.00    1.298    0.046 0.193 0.059 0.009 0.250 0.038    0.041 0.022 0.009 0.047 0.015 0.043 0.034 0.056 0.041 0.013 0.041 0.021 0.037 0.008 0.045   --  
  300:    1.00    1.147    0.101 0.168 0.286 0.009 0.247 0.194    0.049 0.069 0.017 0.059 0.056 0.063 0.031 0.054 0.050 0.044 0.056 0.065 0.037 0.031 0.055   --  
  400:    1.00    1.052    0.165 0.158 0.317 0.011 0.254 0.242    0.052 0.080 0.031 0.068 0.071 0.064 0.031 0.058 0.056 0.047 0.060 0.072 0.044 0.041 0.065   --  
  500:    1.00    0.968    0.210 0.138 0.302 0.197 0.310 0.243    0.053 0.082 0.069 0.077 0.074 0.062 0.048 0.065 0.056 0.053 0.068 0.072 0.067 0.059 0.075   --  
  600:    1.00    0.915    0.196 0.133 0.289 0.208 0.336 0.244    0.049 0.076 0.065 0.077 0.070 0.062 0.049 0.067 0.056 0.052 0.067 0.072 0.065 0.060 0.077   --  
  700:    1.00    0.860    0.172 0.135 0.290 0.202 0.340 0.247    0.046 0.072 0.059 0.074 0.067 0.062 0.048 0.067 0.056 0.053 0.068 0.072 0.063 0.060 0.078   --  
  800:    1.00    0.817    0.160 0.138 0.297 0.195 0.340 0.253    0.043 0.069 0.055 0.071 0.064 0.063 0.047 0.068 0.057 0.052 0.068 0.073 0.062 0.059 0.078   --  
  900:    1.00    0.770    0.147 0.137 0.302 0.189 0.337 0.249    0.041 0.067 0.052 0.069 0.061 0.063 0.048 0.068 0.056 0.053 0.068 0.074 0.061 0.059 0.079   --  

--------------------------------------------
Proportion of membership of each pre-defined
 population in each of the 6 clusters

Given    Inferred Clusters                            Number of
 Pop       1      2      3      4      5      6      Individuals

  1:     0.505  0.079  0.082  0.127  0.055  0.153       54
  2:     0.507  0.073  0.085  0.125  0.051  0.158       30
  3:     0.084  0.060  0.291  0.258  0.246  0.061       30
  4:     0.002  0.004  0.004  0.963  0.024  0.003       20
  5:     0.015  0.012  0.049  0.877  0.038  0.009       30
  6:     0.509  0.076  0.087  0.125  0.050  0.152       43
  7:     0.515  0.073  0.089  0.127  0.048  0.148       44
  8:     0.520  0.086  0.089  0.105  0.037  0.163        4
  9:     0.559  0.069  0.075  0.102  0.039  0.156       22
 10:     0.543  0.068  0.091  0.094  0.046  0.159       24
 11:     0.517  0.077  0.080  0.123  0.053  0.150       54
 12:     0.525  0.073  0.080  0.122  0.048  0.153       37
 13:     0.509  0.072  0.090  0.127  0.052  0.150       42
 14:     0.519  0.068  0.084  0.126  0.051  0.151       42
 15:     0.518  0.071  0.082  0.131  0.047  0.151       49
 16:     0.509  0.075  0.087  0.127  0.051  0.151      124
 17:     0.505  0.074  0.083  0.123  0.053  0.162       24
 18:     0.516  0.080  0.078  0.113  0.051  0.162       34
 19:     0.512  0.072  0.086  0.119  0.056  0.154       52
 20:     0.527  0.049  0.090  0.094  0.077  0.165        1
 21:     0.494  0.116  0.076  0.095  0.025  0.196        1
 22:     0.527  0.074  0.101  0.129  0.014  0.155        1
 23:     0.478  0.116  0.057  0.142  0.067  0.140        1
 24:     0.513  0.087  0.059  0.147  0.021  0.173        1
 25:     0.482  0.124  0.083  0.156  0.054  0.101        1
 26:     0.496  0.098  0.059  0.154  0.032  0.161        1
 27:     0.502  0.083  0.067  0.150  0.060  0.139        1
 28:     0.532  0.091  0.064  0.091  0.039  0.182        1
 29:     0.546  0.058  0.060  0.065  0.078  0.193        1
 30:     0.452  0.087  0.061  0.214  0.055  0.130        1
 31:     0.425  0.067  0.095  0.211  0.053  0.149        1
 32:     0.546  0.078  0.052  0.131  0.043  0.151        1
 33:     0.457  0.066  0.077  0.167  0.049  0.184        1
 34:     0.534  0.085  0.035  0.108  0.054  0.183        1
 35:     0.532  0.053  0.076  0.142  0.032  0.165        1
 36:     0.465  0.103  0.036  0.130  0.103  0.164        1
 37:     0.518  0.074  0.092  0.115  0.070  0.130        1
 38:     0.482  0.127  0.066  0.190  0.012  0.123        1
 39:     0.504  0.082  0.060  0.088  0.063  0.203        1
 40:     0.461  0.116  0.060  0.141  0.059  0.163        1
 41:     0.539  0.101  0.043  0.120  0.034  0.163        1
 42:     0.505  0.073  0.083  0.119  0.053  0.167        1
 43:     0.477  0.083  0.062  0.139  0.066  0.173        1
 44:     0.480  0.042  0.086  0.172  0.072  0.149        1
 45:     0.480  0.111  0.057  0.105  0.052  0.196        1
 46:     0.481  0.177  0.116  0.046  0.061  0.120        1
 47:     0.548  0.093  0.057  0.093  0.085  0.124        1
 48:     0.564  0.091  0.051  0.111  0.049  0.134        1
 49:     0.515  0.095  0.068  0.104  0.055  0.162        1
 50:     0.311  0.076  0.123  0.327  0.061  0.102        1
 51:     0.406  0.078  0.094  0.244  0.055  0.124        1
 52:     0.472  0.115  0.083  0.143  0.048  0.138        1
 53:     0.475  0.075  0.122  0.107  0.061  0.160        1
 54:     0.001  0.004  0.004  0.003  0.005  0.984        1
 55:     0.000  0.002  0.000  0.000  0.004  0.993        1
 56:     0.064  0.013  0.004  0.031  0.014  0.874        1
 57:     0.023  0.001  0.007  0.002  0.006  0.961        1
 58:     0.035  0.010  0.002  0.006  0.022  0.926        1
 59:     0.024  0.043  0.049  0.020  0.008  0.858        1
 60:     0.000  0.002  0.001  0.010  0.005  0.982        1
 61:     0.002  0.000  0.000  0.000  0.002  0.996        1
 62:     0.292  0.053  0.140  0.312  0.148  0.056        1
 63:     0.002  0.018  0.004  0.019  0.005  0.951        1
 64:     0.000  0.000  0.003  0.000  0.001  0.995        1
 65:     0.000  0.000  0.000  0.000  0.001  0.999        1
 66:     0.000  0.013  0.013  0.007  0.009  0.958        1
 67:     0.131  0.091  0.067  0.017  0.025  0.669        1
 68:     0.000  0.016  0.004  0.020  0.017  0.943        1
 69:     0.002  0.005  0.003  0.006  0.000  0.984        1
 70:     0.069  0.032  0.006  0.024  0.052  0.817        1
 71:     0.001  0.001  0.000  0.007  0.002  0.990        1
 72:     0.000  0.003  0.001  0.001  0.001  0.995        1
 73:     0.001  0.000  0.004  0.000  0.000  0.995        1
 74:     0.080  0.023  0.018  0.056  0.022  0.802        1
 75:     0.000  0.000  0.002  0.000  0.000  0.997        1
 76:     0.184  0.126  0.112  0.305  0.267  0.005        1
 77:     0.000  0.005  0.002  0.001  0.000  0.992        1
 78:     0.043  0.031  0.025  0.027  0.042  0.832        1
 79:     0.001  0.004  0.000  0.000  0.000  0.995        1
 80:     0.003  0.003  0.001  0.001  0.007  0.985        1
 81:     0.000  0.002  0.000  0.003  0.005  0.990        1
 82:     0.165  0.141  0.050  0.058  0.032  0.554        1
 83:     0.000  0.001  0.010  0.001  0.001  0.987        1
 84:     0.000  0.928  0.028  0.022  0.021  0.002        1
 85:     0.003  0.953  0.015  0.002  0.025  0.004        1
 86:     0.039  0.882  0.004  0.011  0.027  0.038        1
 87:     0.040  0.943  0.002  0.009  0.006  0.001        1
 88:     0.009  0.980  0.001  0.001  0.004  0.005        1
 89:     0.013  0.980  0.000  0.002  0.001  0.004        1
 90:     0.000  0.970  0.001  0.019  0.006  0.003        1
 91:     0.004  0.971  0.002  0.019  0.002  0.002        1
 92:     0.075  0.857  0.025  0.017  0.017  0.009        1
 93:     0.001  0.926  0.007  0.011  0.053  0.002        1
 94:     0.037  0.892  0.008  0.011  0.031  0.021        1
 95:     0.002  0.892  0.026  0.057  0.004  0.019        1
 96:     0.001  0.991  0.001  0.000  0.004  0.003        1
 97:     0.006  0.934  0.015  0.030  0.007  0.007        1
 98:     0.015  0.936  0.002  0.027  0.001  0.019        1
 99:     0.000  0.995  0.002  0.001  0.002  0.000        1
100:     0.000  0.985  0.006  0.007  0.000  0.001        1
101:     0.126  0.777  0.005  0.045  0.018  0.028        1
102:     0.095  0.835  0.019  0.005  0.010  0.036        1
103:     0.006  0.976  0.015  0.002  0.001  0.000        1
104:     0.003  0.942  0.022  0.013  0.004  0.016        1
105:     0.004  0.918  0.004  0.046  0.014  0.015        1
106:     0.096  0.821  0.017  0.030  0.001  0.034        1
107:     0.001  0.950  0.015  0.003  0.015  0.016        1
108:     0.077  0.839  0.015  0.057  0.004  0.007        1
109:     0.066  0.722  0.041  0.080  0.048  0.042        1
110:     0.130  0.754  0.006  0.025  0.010  0.074        1
111:     0.004  0.948  0.009  0.024  0.014  0.000        1
112:     0.003  0.991  0.002  0.003  0.001  0.000        1
113:     0.029  0.932  0.003  0.000  0.013  0.022        1
114:     0.005  0.980  0.001  0.001  0.002  0.011        1
115:     0.033  0.910  0.004  0.022  0.013  0.019        1
116:     0.001  0.991  0.001  0.000  0.005  0.001        1
117:     0.014  0.942  0.005  0.028  0.012  0.000        1
118:     0.001  0.924  0.041  0.010  0.015  0.009        1
119:     0.073  0.862  0.005  0.024  0.016  0.021        1
120:     0.017  0.941  0.002  0.002  0.003  0.035        1
121:     0.008  0.938  0.009  0.016  0.028  0.000        1
122:     0.043  0.930  0.000  0.004  0.003  0.019        1
123:     0.004  0.990  0.002  0.001  0.002  0.001        1
124:     0.007  0.810  0.028  0.092  0.039  0.024        1
125:     0.006  0.970  0.005  0.003  0.011  0.004        1
126:     0.066  0.861  0.014  0.012  0.005  0.042        1
127:     0.006  0.915  0.000  0.028  0.015  0.036        1
128:     0.008  0.941  0.016  0.007  0.003  0.025        1
129:     0.002  0.996  0.001  0.001  0.000  0.000        1
130:     0.006  0.898  0.002  0.071  0.015  0.008        1
131:     0.000  0.995  0.001  0.004  0.000  0.000        1
132:     0.037  0.836  0.024  0.087  0.006  0.010        1
133:     0.008  0.871  0.004  0.088  0.024  0.006        1
134:     0.072  0.838  0.042  0.004  0.008  0.036        1
135:     0.096  0.808  0.019  0.042  0.022  0.013        1
136:     0.002  0.985  0.001  0.002  0.008  0.001        1
137:     0.006  0.967  0.004  0.006  0.003  0.014        1
138:     0.004  0.989  0.000  0.002  0.001  0.004        1
139:     0.001  0.887  0.017  0.058  0.027  0.009        1
140:     0.002  0.847  0.016  0.118  0.010  0.006        1
141:     0.001  0.977  0.003  0.005  0.010  0.003        1
142:     0.055  0.885  0.007  0.015  0.023  0.014        1
143:     0.004  0.910  0.040  0.027  0.008  0.011        1
144:     0.002  0.941  0.017  0.036  0.002  0.002        1
145:     0.001  0.975  0.014  0.001  0.003  0.006        1
146:     0.013  0.917  0.011  0.001  0.055  0.002        1
147:     0.006  0.957  0.002  0.029  0.005  0.001        1
148:     0.421  0.152  0.084  0.185  0.039  0.120        1
149:     0.377  0.125  0.124  0.153  0.074  0.145        1
150:     0.549  0.105  0.097  0.110  0.009  0.129        1
151:     0.520  0.095  0.054  0.081  0.094  0.157        1
152:     0.500  0.059  0.090  0.153  0.064  0.133        1
153:     0.522  0.079  0.066  0.087  0.091  0.155        1
154:     0.538  0.085  0.044  0.125  0.035  0.173        1
155:     0.515  0.110  0.054  0.155  0.037  0.129        1
156:     0.524  0.056  0.073  0.110  0.072  0.166        1
157:     0.516  0.107  0.065  0.133  0.033  0.147        1
158:     0.533  0.136  0.058  0.041  0.092  0.141        1
159:     0.552  0.081  0.065  0.043  0.088  0.171        1
160:     0.525  0.059  0.093  0.119  0.044  0.159        1
161:     0.450  0.127  0.090  0.110  0.071  0.152        1
162:     0.488  0.084  0.089  0.089  0.046  0.203        1
163:     0.476  0.125  0.078  0.156  0.008  0.158        1
164:     0.483  0.078  0.089  0.139  0.055  0.156        1
165:     0.447  0.158  0.063  0.131  0.057  0.144        1
166:     0.517  0.029  0.088  0.217  0.017  0.132        1
167:     0.497  0.097  0.103  0.098  0.059  0.146        1
168:     0.560  0.062  0.114  0.063  0.031  0.171        1
169:     0.519  0.109  0.042  0.138  0.047  0.145        1
170:     0.534  0.104  0.112  0.026  0.047  0.176        1
171:     0.536  0.073  0.120  0.071  0.047  0.152        1
172:     0.495  0.075  0.072  0.135  0.064  0.159        1
173:     0.519  0.065  0.064  0.114  0.069  0.169        1
174:     0.506  0.109  0.055  0.128  0.042  0.159        1
175:     0.517  0.066  0.081  0.127  0.057  0.152       50
176:     0.521  0.073  0.091  0.111  0.051  0.152       49
177:     0.518  0.075  0.088  0.116  0.055  0.148       50
178:     0.511  0.072  0.087  0.121  0.056  0.153       49
179:     0.505  0.079  0.089  0.128  0.046  0.152       23
180:     0.520  0.070  0.080  0.123  0.053  0.153       49
181:     0.003  0.003  0.040  0.034  0.915  0.004       30
182:     0.003  0.005  0.834  0.075  0.077  0.006       30
183:     0.477  0.088  0.113  0.129  0.057  0.136       34
184:     0.519  0.069  0.092  0.117  0.055  0.148       36
185:     0.509  0.080  0.082  0.129  0.053  0.147       40
186:     0.531  0.068  0.092  0.110  0.047  0.153       39
187:     0.517  0.073  0.086  0.121  0.053  0.150       37
188:     0.510  0.077  0.089  0.126  0.050  0.148       40
189:     0.514  0.068  0.084  0.123  0.061  0.150       35
190:     0.506  0.073  0.105  0.122  0.044  0.150       28
191:     0.513  0.072  0.087  0.124  0.056  0.148       36
192:     0.520  0.071  0.088  0.114  0.058  0.149       32
--------------------------------------------

 Rep#:   Lambda   Alpha      F1    F2    F3    F4    F5    F6     D1,2  D1,3  D1,4  D1,5  D1,6  D2,3  D2,4  D2,5  D2,6  D3,4  D3,5  D3,6  D4,5  D4,6  D5,6    Ln Like 
 1000:    1.00    0.743    0.128 0.133 0.301 0.190 0.346 0.243    0.039 0.064 0.048 0.067 0.058 0.063 0.047 0.067 0.055 0.053 0.068 0.074 0.060 0.059 0.078   --  
 1100:    1.00    0.688    0.121 0.133 0.298 0.191 0.343 0.245    0.037 0.062 0.046 0.064 0.056 0.063 0.047 0.067 0.056 0.053 0.068 0.074 0.060 0.059 0.078   --  
 1200:    1.00    0.664    0.109 0.133 0.298 0.189 0.345 0.245    0.036 0.060 0.045 0.064 0.056 0.063 0.047 0.067 0.056 0.053 0.068 0.074 0.061 0.058 0.079   --  
 1300:    1.00    0.624    0.103 0.138 0.302 0.189 0.341 0.247    0.034 0.059 0.043 0.062 0.054 0.063 0.047 0.067 0.056 0.054 0.068 0.075 0.060 0.059 0.079   --  
 1400:    1.00    0.604    0.095 0.129 0.306 0.181 0.344 0.244    0.033 0.058 0.041 0.061 0.053 0.064 0.046 0.067 0.056 0.054 0.069 0.075 0.060 0.058 0.079   --  
 1500:    1.00    0.578    0.091 0.133 0.303 0.185 0.345 0.242    0.033 0.057 0.040 0.060 0.052 0.064 0.047 0.068 0.056 0.054 0.069 0.075 0.061 0.059 0.079   --  
 1600:    1.00    0.553    0.084 0.133 0.301 0.184 0.338 0.247    0.032 0.055 0.039 0.059 0.051 0.063 0.047 0.067 0.056 0.053 0.068 0.075 0.060 0.058 0.079   --  
 1700:    1.00    0.520    0.081 0.138 0.299 0.183 0.344 0.251    0.032 0.054 0.038 0.057 0.050 0.063 0.047 0.068 0.057 0.054 0.069 0.075 0.060 0.059 0.079   --  
 1800:    1.00    0.504    0.077 0.132 0.300 0.187 0.349 0.248    0.031 0.053 0.037 0.057 0.049 0.063 0.047 0.068 0.057 0.053 0.069 0.074 0.060 0.059 0.079   --  
 1900:    1.00    0.490    0.069 0.132 0.300 0.191 0.342 0.251    0.030 0.052 0.037 0.056 0.049 0.063 0.047 0.068 0.057 0.054 0.069 0.075 0.060 0.059 0.079   --  

--------------------------------------------
Proportion of membership of each pre-defined
 population in each of the 6 clusters

Given    Inferred Clusters                            Number of
 Pop       1      2      3      4      5      6      Individuals

  1:     0.670  0.048  0.048  0.084  0.033  0.117       54
  2:     0.674  0.041  0.053  0.083  0.034  0.116       30
  3:     0.119  0.053  0.281  0.262  0.227  0.057       30
  4:     0.002  0.001  0.005  0.974  0.016  0.002       20
  5:     0.024  0.009  0.049  0.884  0.025  0.009       30
  6:     0.678  0.048  0.055  0.081  0.026  0.112       43
  7:     0.684  0.047  0.051  0.077  0.027  0.114       44
  8:     0.699  0.068  0.043  0.057  0.016  0.117        4
  9:     0.731  0.038  0.037  0.055  0.021  0.118       22
 10:     0.716  0.043  0.053  0.044  0.023  0.121       24
 11:     0.683  0.048  0.047  0.078  0.030  0.114       54
 12:     0.690  0.043  0.052  0.072  0.026  0.116       37
 13:     0.666  0.050  0.055  0.085  0.030  0.114       42
 14:     0.681  0.046  0.047  0.079  0.033  0.113       42
 15:     0.680  0.046  0.045  0.086  0.032  0.111       49
 16:     0.673  0.048  0.051  0.083  0.032  0.113      124
 17:     0.677  0.047  0.046  0.078  0.036  0.116       24
 18:     0.685  0.053  0.041  0.068  0.033  0.120       34
 19:     0.679  0.048  0.053  0.073  0.034  0.115       52
 20:     0.691  0.058  0.085  0.012  0.039  0.115        1
 21:     0.627  0.126  0.041  0.034  0.021  0.150        1
 22:     0.683  0.037  0.055  0.087  0.007  0.130        1
 23:     0.654  0.095  0.032  0.073  0.055  0.091        1
 24:     0.666  0.056  0.058  0.046  0.048  0.127        1
 25:     0.656  0.077  0.042  0.095  0.032  0.098        1
 26:     0.670  0.054  0.033  0.083  0.047  0.114        1
 27:     0.627  0.072  0.063  0.081  0.035  0.123        1
 28:     0.695  0.040  0.048  0.048  0.047  0.121        1
 29:     0.709  0.084  0.032  0.000  0.050  0.125        1
 30:     0.596  0.046  0.035  0.176  0.007  0.141        1
 31:     0.527  0.024  0.077  0.228  0.024  0.120        1
 32:     0.714  0.088  0.028  0.085  0.005  0.080        1
 33:     0.634  0.013  0.031  0.120  0.036  0.166        1
 34:     0.692  0.084  0.030  0.041  0.026  0.128        1
 35:     0.699  0.057  0.057  0.051  0.014  0.122        1
 36:     0.645  0.058  0.041  0.051  0.070  0.135        1
 37:     0.716  0.049  0.059  0.063  0.019  0.094        1
 38:     0.596  0.124  0.020  0.162  0.002  0.097        1
 39:     0.603  0.079  0.046  0.088  0.016  0.168        1
 40:     0.620  0.075  0.038  0.068  0.049  0.149        1
 41:     0.739  0.064  0.015  0.025  0.028  0.129        1
 42:     0.660  0.059  0.058  0.086  0.003  0.135        1
 43:     0.666  0.062  0.039  0.048  0.035  0.149        1
 44:     0.611  0.027  0.045  0.160  0.022  0.136        1
 45:     0.672  0.070  0.038  0.036  0.024  0.161        1
 46:     0.691  0.113  0.057  0.017  0.040  0.082        1
 47:     0.712  0.076  0.025  0.062  0.033  0.093        1
 48:     0.677  0.053  0.068  0.070  0.060  0.072        1
 49:     0.685  0.072  0.040  0.034  0.024  0.146        1
 50:     0.439  0.034  0.070  0.322  0.055  0.080        1
 51:     0.499  0.065  0.062  0.232  0.051  0.091        1
 52:     0.588  0.094  0.072  0.047  0.048  0.152        1
 53:     0.688  0.069  0.061  0.064  0.035  0.084        1
 54:     0.004  0.003  0.001  0.003  0.000  0.988        1
 55:     0.000  0.001  0.000  0.004  0.005  0.991        1
 56:     0.137  0.010  0.003  0.004  0.001  0.845        1
 57:     0.031  0.000  0.014  0.002  0.000  0.953        1
 58:     0.060  0.000  0.007  0.009  0.015  0.909        1
 59:     0.088  0.003  0.011  0.009  0.008  0.881        1
 60:     0.006  0.001  0.001  0.003  0.006  0.984        1
 61:     0.000  0.001  0.002  0.001  0.000  0.996        1
 62:     0.394  0.037  0.094  0.304  0.144  0.028        1
 63:     0.000  0.024  0.000  0.044  0.000  0.932        1
 64:     0.000  0.002  0.000  0.000  0.001  0.997        1
 65:     0.000  0.000  0.000  0.001  0.002  0.996        1
 66:     0.016  0.002  0.020  0.004  0.009  0.949        1
 67:     0.160  0.087  0.055  0.051  0.001  0.645        1
 68:     0.024  0.016  0.026  0.000  0.007  0.928        1
 69:     0.006  0.009  0.001  0.003  0.003  0.978        1
 70:     0.146  0.014  0.002  0.002  0.024  0.813        1
 71:     0.004  0.000  0.003  0.000  0.000  0.993        1
 72:     0.000  0.000  0.002  0.000  0.000  0.998        1
 73:     0.001  0.000  0.001  0.000  0.001  0.997        1
 74:     0.141  0.003  0.020  0.028  0.024  0.784        1
 75:     0.000  0.000  0.000  0.001  0.000  0.999        1
 76:     0.236  0.120  0.060  0.301  0.274  0.009        1
 77:     0.000  0.000  0.001  0.000  0.001  0.998        1
 78:     0.064  0.008  0.027  0.046  0.014  0.840        1
 79:     0.000  0.000  0.000  0.000  0.000  0.999        1
 80:     0.000  0.003  0.000  0.014  0.002  0.982        1
 81:     0.000  0.000  0.000  0.000  0.001  0.998        1
 82:     0.213  0.168  0.037  0.016  0.002  0.564        1
 83:     0.000  0.001  0.000  0.001  0.000  0.997        1
 84:     0.002  0.953  0.012  0.025  0.007  0.001        1
 85:     0.012  0.924  0.009  0.023  0.030  0.001        1
 86:     0.084  0.868  0.004  0.000  0.017  0.027        1
 87:     0.008  0.985  0.001  0.000  0.001  0.004        1
 88:     0.001  0.982  0.003  0.011  0.000  0.003        1
 89:     0.080  0.914  0.003  0.000  0.003  0.001        1
 90:     0.001  0.972  0.007  0.020  0.000  0.000        1
 91:     0.001  0.957  0.006  0.027  0.000  0.009        1
 92:     0.141  0.823  0.029  0.001  0.000  0.007        1
 93:     0.000  0.930  0.000  0.021  0.043  0.006        1
 94:     0.060  0.901  0.000  0.001  0.033  0.006        1
 95:     0.061  0.885  0.011  0.037  0.001  0.005        1
 96:     0.007  0.989  0.000  0.002  0.001  0.001        1
 97:     0.002  0.942  0.002  0.026  0.001  0.026        1
 98:     0.005  0.953  0.003  0.017  0.010  0.012        1
 99:     0.001  0.998  0.001  0.001  0.000  0.000        1
100:     0.002  0.991  0.002  0.004  0.002  0.001        1
101:     0.183  0.739  0.013  0.043  0.008  0.013        1
102:     0.163  0.809  0.000  0.001  0.009  0.019        1
103:     0.011  0.973  0.006  0.005  0.004  0.000        1
104:     0.021  0.939  0.014  0.003  0.021  0.002        1
105:     0.001  0.916  0.007  0.040  0.012  0.024        1
106:     0.183  0.783  0.000  0.018  0.000  0.015        1
107:     0.002  0.946  0.006  0.019  0.025  0.002        1
108:     0.098  0.835  0.008  0.044  0.013  0.002        1
109:     0.106  0.738  0.016  0.067  0.028  0.045        1
110:     0.180  0.757  0.002  0.020  0.001  0.039        1
111:     0.013  0.972  0.000  0.000  0.012  0.003        1
112:     0.000  0.985  0.005  0.009  0.001  0.000        1
113:     0.003  0.938  0.041  0.007  0.000  0.010        1
114:     0.000  0.966  0.000  0.001  0.032  0.000        1
115:     0.053  0.935  0.001  0.004  0.005  0.002        1
116:     0.000  0.993  0.000  0.004  0.000  0.003        1
117:     0.013  0.933  0.006  0.011  0.036  0.001        1
118:     0.004  0.946  0.000  0.009  0.011  0.030        1
119:     0.083  0.867  0.000  0.021  0.000  0.028        1
120:     0.004  0.939  0.023  0.000  0.002  0.032        1
121:     0.008  0.960  0.001  0.016  0.014  0.000        1
122:     0.071  0.909  0.002  0.001  0.000  0.018        1
123:     0.001  0.998  0.000  0.000  0.000  0.001        1
124:     0.049  0.849  0.006  0.083  0.002  0.011        1
125:     0.000  0.954  0.000  0.045  0.001  0.000        1
126:     0.045  0.888  0.028  0.000  0.003  0.036        1
127:     0.019  0.913  0.000  0.053  0.013  0.001        1
128:     0.008  0.943  0.009  0.022  0.000  0.019        1
129:     0.002  0.996  0.000  0.001  0.001  0.000        1
130:     0.046  0.881  0.006  0.018  0.044  0.004        1
131:     0.007  0.972  0.002  0.011  0.007  0.000        1
132:     0.096  0.826  0.005  0.063  0.008  0.002        1
133:     0.011  0.876  0.025  0.058  0.026  0.004        1
134:     0.123  0.843  0.009  0.000  0.000  0.025        1
135:     0.113  0.817  0.028  0.017  0.013  0.013        1
136:     0.000  0.993  0.000  0.001  0.002  0.004        1
137:     0.014  0.963  0.001  0.000  0.011  0.010        1
138:     0.003  0.995  0.000  0.000  0.002  0.000        1
139:     0.007  0.913  0.002  0.058  0.001  0.018        1
140:     0.002  0.850  0.013  0.124  0.000  0.010        1
141:     0.000  0.989  0.006  0.000  0.002  0.003        1
142:     0.089  0.864  0.006  0.006  0.026  0.008        1
143:     0.004  0.938  0.039  0.015  0.004  0.000        1
144:     0.031  0.936  0.006  0.016  0.006  0.004        1
145:     0.024  0.969  0.003  0.002  0.002  0.000        1
146:     0.032  0.886  0.015  0.023  0.032  0.012        1
147:     0.000  0.949  0.010  0.041  0.000  0.001        1
148:     0.545  0.130  0.036  0.129  0.063  0.098        1
149:     0.535  0.119  0.108  0.092  0.071  0.076        1
150:     0.658  0.078  0.065  0.048  0.016  0.134        1
151:     0.673  0.069  0.007  0.044  0.064  0.141        1
152:     0.671  0.040  0.033  0.124  0.035  0.098        1
153:     0.720  0.040  0.045  0.060  0.036  0.099        1
154:     0.689  0.045  0.023  0.104  0.007  0.132        1
155:     0.714  0.076  0.013  0.090  0.000  0.108        1
156:     0.699  0.068  0.029  0.084  0.016  0.105        1
157:     0.689  0.069  0.034  0.085  0.036  0.087        1
158:     0.668  0.063  0.054  0.004  0.057  0.155        1
159:     0.699  0.082  0.039  0.015  0.028  0.138        1
160:     0.693  0.038  0.096  0.083  0.000  0.090        1
161:     0.566  0.076  0.045  0.086  0.085  0.143        1
162:     0.666  0.027  0.064  0.067  0.016  0.161        1
163:     0.624  0.070  0.035  0.127  0.002  0.142        1
164:     0.700  0.062  0.062  0.054  0.025  0.098        1
165:     0.601  0.096  0.034  0.087  0.059  0.124        1
166:     0.680  0.006  0.046  0.139  0.003  0.126        1
167:     0.635  0.049  0.083  0.078  0.031  0.123        1
168:     0.742  0.037  0.051  0.039  0.003  0.128        1
169:     0.658  0.107  0.009  0.074  0.040  0.112        1
170:     0.687  0.068  0.081  0.011  0.015  0.138        1
171:     0.690  0.066  0.052  0.030  0.033  0.129        1
172:     0.602  0.055  0.062  0.096  0.035  0.149        1
173:     0.715  0.036  0.045  0.052  0.036  0.118        1
174:     0.677  0.036  0.089  0.064  0.012  0.123        1
175:     0.679  0.044  0.046  0.079  0.033  0.119       50
176:     0.687  0.045  0.053  0.069  0.028  0.118       49
177:     0.688  0.040  0.051  0.073  0.035  0.113       50
178:     0.677  0.044  0.048  0.081  0.034  0.116       49
179:     0.672  0.051  0.050  0.088  0.028  0.112       23
180:     0.679  0.047  0.047  0.077  0.031  0.120       49
181:     0.004  0.002  0.040  0.038  0.912  0.003       30
182:     0.004  0.004  0.831  0.091  0.065  0.006       30
183:     0.624  0.064  0.080  0.086  0.043  0.102       34
184:     0.694  0.037  0.056  0.072  0.032  0.108       36
185:     0.675  0.048  0.055  0.079  0.031  0.113       40
186:     0.690  0.052  0.053  0.064  0.024  0.116       39
187:     0.678  0.045  0.047  0.080  0.034  0.116       37
188:     0.670  0.051  0.056  0.085  0.027  0.111       40
189:     0.681  0.044  0.047  0.074  0.038  0.115       35
190:     0.670  0.044  0.065  0.080  0.026  0.116       28
191:     0.678  0.046  0.052  0.076  0.036  0.112       36
192:     0.690  0.033  0.050  0.081  0.031  0.116       32
--------------------------------------------

