

----------------------------------------------------
STRUCTURE by Pritchard, Stephens and Donnelly (2000)
     and Falush, Stephens and Pritchard (2003)
       Code by Pritchard, Falush and Hubisz
             Version 2.3.4 (Jul 2012)
----------------------------------------------------


Reading file "/workdir/yc2644/CV_CT_array/structure/threader_input/mainparams".
Reading file "/workdir/yc2644/CV_CT_array/structure/threader_input/extraparams".
Reading file "/workdir/yc2644/CV_CT_array/structure/threader_input/n1601.recode.strct_in".


Data file "/workdir/yc2644/CV_CT_array/structure/threader_input/n1601.recode.strct_in" (truncated) --

Ind:   Label Pop : Genotype_data . . . .
  1:  001s    1  :  2   1   2   2   2   1   2  . . . .   2
  1:  001s    1  :  2   2   2   2   2   2   2  . . . .   2
  2:  002s    1  :  2   2   2   2   1   1   2  . . . .   2
  2:  002s    1  :  2   2   2   2   2   2   2  . . . .   2
  3:  003s    1  :  1   2   1   2   2   2   2  . . . .   1
  3:  003s    1  :  2   2   1   2   2   2   2  . . . .   2
  4:  004s    1  :  1   1   2   2   1   2   2  . . . .   1
  4:  004s    1  :  2   1   2   2   2   2   2  . . . .   2

      *******   

1600:    49  192  :  2   2   2   2   2   1   2  . . . .   1
1600:    49  192  :  2   2   2   2   2   2   2  . . . .   2
1601:    50  192  :  2   1   2   2   1   2   2  . . . .   1
1601:    50  192  :  2   2   2   2   2   2   2  . . . .   2

Number of alleles per locus: min= 2; ave=2.0; max= 2


--------------------------------------

Finished initialization; starting MCMC 
100000 iterations + 10000 burnin


--------------------------------------------
Proportion of membership of each pre-defined
 population in each of the 6 clusters

Given    Inferred Clusters                            Number of
 Pop       1      2      3      4      5      6      Individuals

  1:     0.213  0.091  0.185  0.226  0.159  0.126       54
  2:     0.230  0.087  0.173  0.244  0.138  0.128       30
  3:     0.086  0.549  0.055  0.071  0.175  0.065       30
  4:     0.056  0.621  0.039  0.066  0.131  0.088       20
  5:     0.074  0.576  0.055  0.050  0.147  0.098       30
  6:     0.192  0.085  0.179  0.228  0.183  0.133       43
  7:     0.205  0.084  0.210  0.226  0.143  0.132       44
  8:     0.196  0.073  0.235  0.258  0.061  0.177        4
  9:     0.239  0.064  0.164  0.262  0.147  0.125       22
 10:     0.225  0.054  0.235  0.209  0.159  0.119       24
 11:     0.211  0.083  0.163  0.227  0.192  0.124       54
 12:     0.196  0.082  0.215  0.246  0.143  0.118       37
 13:     0.221  0.090  0.186  0.204  0.162  0.136       42
 14:     0.239  0.089  0.188  0.222  0.143  0.119       42
 15:     0.178  0.088  0.226  0.222  0.157  0.129       49
 16:     0.213  0.096  0.182  0.224  0.155  0.129      124
 17:     0.214  0.087  0.161  0.216  0.194  0.127       24
 18:     0.249  0.073  0.211  0.218  0.130  0.117       34
 19:     0.230  0.089  0.193  0.205  0.166  0.118       52
 20:     0.248  0.041  0.089  0.157  0.294  0.171        1
 21:     0.476  0.047  0.182  0.018  0.084  0.193        1
 22:     0.232  0.098  0.193  0.204  0.121  0.152        1
 23:     0.072  0.086  0.152  0.272  0.199  0.220        1
 24:     0.406  0.064  0.043  0.188  0.205  0.094        1
 25:     0.156  0.128  0.156  0.188  0.177  0.196        1
 26:     0.058  0.091  0.403  0.270  0.049  0.128        1
 27:     0.137  0.119  0.166  0.195  0.188  0.195        1
 28:     0.160  0.062  0.200  0.160  0.371  0.047        1
 29:     0.200  0.100  0.248  0.135  0.172  0.144        1
 30:     0.171  0.117  0.343  0.120  0.135  0.114        1
 31:     0.061  0.202  0.171  0.370  0.173  0.022        1
 32:     0.129  0.100  0.424  0.158  0.134  0.055        1
 33:     0.100  0.160  0.193  0.311  0.130  0.106        1
 34:     0.019  0.023  0.465  0.066  0.214  0.213        1
 35:     0.135  0.062  0.167  0.317  0.194  0.124        1
 36:     0.185  0.110  0.147  0.239  0.172  0.148        1
 37:     0.048  0.072  0.163  0.331  0.206  0.181        1
 38:     0.105  0.099  0.282  0.144  0.207  0.163        1
 39:     0.067  0.048  0.140  0.442  0.124  0.178        1
 40:     0.221  0.107  0.238  0.114  0.140  0.180        1
 41:     0.012  0.043  0.344  0.397  0.047  0.158        1
 42:     0.308  0.105  0.132  0.295  0.066  0.094        1
 43:     0.206  0.074  0.131  0.106  0.367  0.116        1
 44:     0.089  0.140  0.187  0.063  0.461  0.060        1
 45:     0.177  0.079  0.285  0.205  0.063  0.191        1
 46:     0.173  0.070  0.231  0.228  0.237  0.061        1
 47:     0.181  0.021  0.387  0.086  0.160  0.165        1
 48:     0.115  0.059  0.509  0.113  0.119  0.085        1
 49:     0.054  0.075  0.230  0.334  0.186  0.121        1
 50:     0.016  0.284  0.099  0.089  0.338  0.174        1
 51:     0.216  0.198  0.137  0.217  0.040  0.192        1
 52:     0.154  0.099  0.219  0.200  0.171  0.157        1
 53:     0.227  0.128  0.266  0.193  0.001  0.185        1
 54:     0.158  0.022  0.408  0.008  0.254  0.150        1
 55:     0.197  0.073  0.570  0.015  0.013  0.132        1
 56:     0.219  0.061  0.357  0.062  0.147  0.154        1
 57:     0.135  0.067  0.559  0.058  0.098  0.083        1
 58:     0.051  0.074  0.255  0.193  0.268  0.159        1
 59:     0.083  0.027  0.507  0.069  0.233  0.081        1
 60:     0.192  0.069  0.412  0.087  0.037  0.203        1
 61:     0.116  0.080  0.285  0.055  0.268  0.196        1
 62:     0.300  0.335  0.067  0.038  0.176  0.084        1
 63:     0.077  0.104  0.501  0.060  0.057  0.202        1
 64:     0.002  0.030  0.676  0.112  0.057  0.123        1
 65:     0.221  0.039  0.190  0.125  0.199  0.225        1
 66:     0.103  0.066  0.640  0.011  0.068  0.113        1
 67:     0.023  0.112  0.292  0.159  0.271  0.142        1
 68:     0.084  0.134  0.404  0.097  0.091  0.189        1
 69:     0.179  0.071  0.368  0.090  0.131  0.161        1
 70:     0.247  0.069  0.337  0.152  0.025  0.170        1
 71:     0.078  0.084  0.261  0.069  0.302  0.206        1
 72:     0.104  0.028  0.573  0.038  0.221  0.036        1
 73:     0.104  0.072  0.592  0.016  0.128  0.087        1
 74:     0.167  0.051  0.382  0.067  0.142  0.192        1
 75:     0.044  0.008  0.598  0.104  0.033  0.213        1
 76:     0.030  0.490  0.009  0.206  0.187  0.079        1
 77:     0.046  0.100  0.473  0.146  0.097  0.139        1
 78:     0.031  0.098  0.151  0.221  0.262  0.237        1
 79:     0.189  0.105  0.394  0.057  0.058  0.197        1
 80:     0.066  0.076  0.300  0.074  0.435  0.049        1
 81:     0.106  0.130  0.454  0.157  0.079  0.074        1
 82:     0.416  0.082  0.028  0.128  0.147  0.199        1
 83:     0.093  0.057  0.346  0.164  0.195  0.145        1
 84:     0.007  0.097  0.057  0.046  0.041  0.751        1
 85:     0.032  0.039  0.048  0.003  0.027  0.851        1
 86:     0.090  0.058  0.040  0.037  0.040  0.735        1
 87:     0.048  0.071  0.005  0.108  0.036  0.732        1
 88:     0.063  0.059  0.007  0.062  0.016  0.793        1
 89:     0.068  0.076  0.099  0.093  0.040  0.625        1
 90:     0.072  0.077  0.046  0.033  0.046  0.725        1
 91:     0.025  0.070  0.075  0.056  0.056  0.718        1
 92:     0.078  0.098  0.104  0.073  0.057  0.591        1
 93:     0.019  0.087  0.102  0.006  0.010  0.776        1
 94:     0.018  0.074  0.069  0.043  0.080  0.717        1
 95:     0.077  0.098  0.053  0.032  0.051  0.689        1
 96:     0.038  0.055  0.032  0.039  0.036  0.801        1
 97:     0.008  0.066  0.034  0.013  0.030  0.848        1
 98:     0.067  0.063  0.074  0.056  0.038  0.702        1
 99:     0.011  0.014  0.036  0.013  0.020  0.906        1
100:     0.029  0.072  0.035  0.002  0.002  0.860        1
101:     0.069  0.095  0.056  0.043  0.056  0.682        1
102:     0.055  0.069  0.060  0.005  0.079  0.732        1
103:     0.032  0.029  0.077  0.020  0.040  0.802        1
104:     0.085  0.076  0.043  0.028  0.035  0.733        1
105:     0.102  0.111  0.075  0.054  0.041  0.618        1
106:     0.253  0.047  0.040  0.055  0.005  0.600        1
107:     0.038  0.075  0.068  0.040  0.041  0.739        1
108:     0.117  0.057  0.057  0.038  0.008  0.724        1
109:     0.029  0.116  0.012  0.008  0.188  0.648        1
110:     0.010  0.086  0.022  0.126  0.051  0.706        1
111:     0.044  0.078  0.047  0.056  0.022  0.752        1
112:     0.054  0.072  0.144  0.025  0.027  0.677        1
113:     0.048  0.110  0.011  0.078  0.033  0.719        1
114:     0.052  0.053  0.092  0.065  0.017  0.721        1
115:     0.003  0.084  0.044  0.065  0.036  0.768        1
116:     0.037  0.065  0.058  0.033  0.002  0.805        1
117:     0.048  0.028  0.044  0.003  0.005  0.872        1
118:     0.012  0.059  0.087  0.051  0.013  0.778        1
119:     0.009  0.044  0.151  0.005  0.050  0.739        1
120:     0.034  0.061  0.108  0.032  0.039  0.726        1
121:     0.068  0.094  0.031  0.040  0.078  0.690        1
122:     0.008  0.070  0.167  0.044  0.017  0.694        1
123:     0.008  0.065  0.028  0.030  0.003  0.865        1
124:     0.013  0.125  0.019  0.120  0.100  0.623        1
125:     0.017  0.078  0.046  0.026  0.039  0.794        1
126:     0.035  0.070  0.043  0.093  0.035  0.723        1
127:     0.010  0.053  0.019  0.069  0.026  0.822        1
128:     0.024  0.045  0.049  0.036  0.080  0.766        1
129:     0.015  0.051  0.006  0.028  0.052  0.849        1
130:     0.030  0.123  0.085  0.044  0.027  0.690        1
131:     0.072  0.063  0.051  0.042  0.031  0.741        1
132:     0.078  0.033  0.071  0.006  0.083  0.727        1
133:     0.011  0.140  0.036  0.001  0.062  0.750        1
134:     0.066  0.054  0.069  0.092  0.069  0.650        1
135:     0.036  0.030  0.171  0.078  0.004  0.682        1
136:     0.040  0.069  0.071  0.034  0.033  0.753        1
137:     0.041  0.093  0.021  0.047  0.030  0.767        1
138:     0.024  0.066  0.124  0.019  0.010  0.757        1
139:     0.009  0.066  0.042  0.024  0.062  0.797        1
140:     0.049  0.120  0.006  0.033  0.021  0.771        1
141:     0.048  0.093  0.054  0.052  0.034  0.718        1
142:     0.063  0.093  0.118  0.063  0.031  0.632        1
143:     0.038  0.092  0.041  0.042  0.037  0.751        1
144:     0.022  0.099  0.019  0.026  0.027  0.807        1
145:     0.019  0.051  0.011  0.065  0.023  0.830        1
146:     0.052  0.078  0.053  0.071  0.004  0.743        1
147:     0.058  0.074  0.101  0.007  0.031  0.730        1
148:     0.142  0.153  0.139  0.222  0.096  0.247        1
149:     0.165  0.176  0.172  0.146  0.167  0.174        1
150:     0.183  0.042  0.339  0.146  0.219  0.071        1
151:     0.061  0.135  0.338  0.219  0.200  0.047        1
152:     0.106  0.115  0.232  0.155  0.333  0.059        1
153:     0.258  0.075  0.191  0.159  0.116  0.201        1
154:     0.202  0.069  0.107  0.165  0.319  0.138        1
155:     0.097  0.035  0.232  0.147  0.283  0.205        1
156:     0.221  0.062  0.180  0.138  0.275  0.124        1
157:     0.185  0.086  0.166  0.211  0.171  0.180        1
158:     0.036  0.072  0.363  0.096  0.316  0.118        1
159:     0.631  0.076  0.021  0.135  0.107  0.030        1
160:     0.285  0.075  0.029  0.250  0.227  0.133        1
161:     0.057  0.104  0.138  0.336  0.196  0.169        1
162:     0.153  0.110  0.223  0.214  0.170  0.130        1
163:     0.119  0.088  0.091  0.304  0.260  0.138        1
164:     0.343  0.104  0.101  0.225  0.074  0.153        1
165:     0.195  0.140  0.170  0.172  0.156  0.167        1
166:     0.307  0.119  0.358  0.051  0.079  0.086        1
167:     0.226  0.099  0.170  0.137  0.225  0.143        1
168:     0.194  0.084  0.170  0.195  0.184  0.172        1
169:     0.147  0.082  0.168  0.304  0.153  0.147        1
170:     0.456  0.066  0.123  0.105  0.065  0.184        1
171:     0.030  0.055  0.092  0.517  0.250  0.055        1
172:     0.367  0.114  0.034  0.086  0.219  0.180        1
173:     0.158  0.088  0.448  0.112  0.061  0.133        1
174:     0.234  0.057  0.086  0.281  0.136  0.207        1
175:     0.209  0.090  0.196  0.240  0.137  0.127       50
176:     0.231  0.082  0.196  0.215  0.164  0.112       49
177:     0.227  0.083  0.196  0.231  0.141  0.122       50
178:     0.239  0.089  0.171  0.233  0.159  0.110       49
179:     0.230  0.095  0.197  0.216  0.141  0.122       23
180:     0.224  0.083  0.213  0.222  0.146  0.112       49
181:     0.034  0.844  0.027  0.023  0.050  0.022       30
182:     0.047  0.709  0.053  0.031  0.127  0.033       30
183:     0.198  0.132  0.167  0.197  0.177  0.130       34
184:     0.231  0.082  0.203  0.226  0.143  0.115       36
185:     0.214  0.091  0.199  0.228  0.135  0.134       40
186:     0.191  0.073  0.236  0.215  0.164  0.121       39
187:     0.220  0.097  0.194  0.195  0.169  0.125       37
188:     0.188  0.092  0.224  0.207  0.160  0.129       40
189:     0.208  0.086  0.180  0.223  0.173  0.130       35
190:     0.228  0.092  0.209  0.190  0.151  0.131       28
191:     0.224  0.084  0.182  0.202  0.180  0.129       36
192:     0.197  0.091  0.203  0.194  0.178  0.138       32
--------------------------------------------

 Rep#:   Lambda   Alpha      F1    F2    F3    F4    F5    F6     D1,2  D1,3  D1,4  D1,5  D1,6  D2,3  D2,4  D2,5  D2,6  D3,4  D3,5  D3,6  D4,5  D4,6  D5,6    Ln Like 
  100:    1.00    1.507    0.003 0.276 0.010 0.008 0.014 0.155    0.041 0.002 0.002 0.003 0.031 0.042 0.042 0.041 0.059 0.003 0.004 0.033 0.003 0.032 0.033   --  
  200:    1.00    1.194    0.003 0.214 0.053 0.008 0.014 0.193    0.032 0.011 0.002 0.003 0.033 0.038 0.033 0.033 0.052 0.012 0.013 0.040 0.003 0.035 0.036   --  
  300:    1.00    1.020    0.003 0.206 0.219 0.008 0.015 0.182    0.030 0.038 0.002 0.003 0.033 0.050 0.032 0.032 0.048 0.040 0.041 0.054 0.004 0.034 0.035   --  
  400:    1.00    0.959    0.003 0.196 0.264 0.008 0.015 0.177    0.029 0.044 0.002 0.003 0.032 0.054 0.031 0.031 0.047 0.045 0.046 0.058 0.004 0.033 0.034   --  
  500:    1.00    0.868    0.003 0.190 0.269 0.008 0.022 0.174    0.029 0.044 0.002 0.004 0.030 0.056 0.030 0.032 0.046 0.046 0.048 0.059 0.005 0.032 0.034   --  
  600:    1.00    0.846    0.003 0.203 0.262 0.008 0.058 0.168    0.031 0.043 0.002 0.011 0.030 0.057 0.032 0.038 0.047 0.044 0.051 0.058 0.012 0.031 0.037   --  
  700:    1.00    0.801    0.003 0.230 0.267 0.008 0.215 0.167    0.035 0.044 0.002 0.037 0.031 0.061 0.036 0.049 0.050 0.046 0.063 0.058 0.039 0.032 0.050   --  
  800:    1.00    0.779    0.003 0.228 0.275 0.008 0.261 0.165    0.035 0.045 0.002 0.042 0.031 0.061 0.036 0.048 0.050 0.046 0.064 0.058 0.044 0.032 0.052   --  
  900:    1.00    0.719    0.003 0.233 0.266 0.008 0.260 0.169    0.035 0.044 0.002 0.040 0.030 0.062 0.036 0.046 0.051 0.045 0.063 0.059 0.042 0.032 0.051   --  

--------------------------------------------
Proportion of membership of each pre-defined
 population in each of the 6 clusters

Given    Inferred Clusters                            Number of
 Pop       1      2      3      4      5      6      Individuals

  1:     0.318  0.057  0.091  0.349  0.122  0.064       54
  2:     0.344  0.054  0.099  0.324  0.122  0.057       30
  3:     0.057  0.510  0.064  0.045  0.258  0.066       30
  4:     0.002  0.049  0.002  0.001  0.944  0.002       20
  5:     0.005  0.122  0.011  0.007  0.841  0.015       30
  6:     0.339  0.053  0.088  0.340  0.120  0.060       43
  7:     0.295  0.049  0.087  0.386  0.120  0.064       44
  8:     0.374  0.037  0.091  0.334  0.097  0.067        4
  9:     0.377  0.023  0.095  0.353  0.092  0.060       22
 10:     0.388  0.036  0.099  0.331  0.091  0.055       24
 11:     0.345  0.050  0.092  0.332  0.121  0.059       54
 12:     0.288  0.049  0.095  0.392  0.116  0.060       37
 13:     0.341  0.054  0.091  0.324  0.121  0.068       42
 14:     0.365  0.049  0.088  0.323  0.124  0.051       42
 15:     0.305  0.053  0.089  0.369  0.124  0.061       49
 16:     0.337  0.057  0.089  0.335  0.121  0.061      124
 17:     0.324  0.053  0.096  0.355  0.115  0.056       24
 18:     0.358  0.052  0.098  0.329  0.107  0.056       34
 19:     0.341  0.059  0.090  0.336  0.112  0.062       52
 20:     0.454  0.072  0.093  0.293  0.034  0.054        1
 21:     0.543  0.010  0.114  0.117  0.076  0.140        1
 22:     0.187  0.052  0.099  0.500  0.126  0.036        1
 23:     0.328  0.049  0.076  0.301  0.151  0.096        1
 24:     0.251  0.022  0.087  0.440  0.117  0.083        1
 25:     0.243  0.096  0.060  0.365  0.140  0.095        1
 26:     0.064  0.023  0.085  0.578  0.149  0.102        1
 27:     0.194  0.058  0.078  0.445  0.148  0.076        1
 28:     0.199  0.050  0.100  0.505  0.073  0.073        1
 29:     0.224  0.028  0.120  0.478  0.063  0.087        1
 30:     0.494  0.021  0.058  0.135  0.227  0.064        1
 31:     0.149  0.120  0.092  0.361  0.232  0.047        1
 32:     0.542  0.031  0.103  0.132  0.122  0.070        1
 33:     0.230  0.056  0.126  0.395  0.145  0.048        1
 34:     0.547  0.017  0.138  0.149  0.082  0.067        1
 35:     0.077  0.027  0.075  0.634  0.126  0.061        1
 36:     0.184  0.066  0.102  0.482  0.111  0.055        1
 37:     0.150  0.012  0.077  0.567  0.128  0.066        1
 38:     0.459  0.037  0.081  0.126  0.171  0.125        1
 39:     0.022  0.019  0.126  0.606  0.138  0.088        1
 40:     0.426  0.057  0.101  0.153  0.129  0.135        1
 41:     0.073  0.035  0.082  0.600  0.105  0.105        1
 42:     0.335  0.082  0.080  0.329  0.094  0.080        1
 43:     0.402  0.056  0.082  0.308  0.112  0.040        1
 44:     0.331  0.079  0.119  0.276  0.155  0.040        1
 45:     0.463  0.042  0.106  0.198  0.080  0.110        1
 46:     0.126  0.057  0.091  0.512  0.064  0.150        1
 47:     0.244  0.043  0.078  0.446  0.117  0.071        1
 48:     0.471  0.048  0.075  0.254  0.099  0.053        1
 49:     0.096  0.062  0.111  0.578  0.088  0.065        1
 50:     0.272  0.131  0.088  0.130  0.319  0.061        1
 51:     0.413  0.099  0.059  0.134  0.223  0.071        1
 52:     0.138  0.098  0.120  0.459  0.090  0.096        1
 53:     0.535  0.112  0.081  0.087  0.113  0.073        1
 54:     0.002  0.003  0.991  0.001  0.001  0.002        1
 55:     0.001  0.011  0.984  0.000  0.000  0.003        1
 56:     0.009  0.001  0.839  0.074  0.044  0.032        1
 57:     0.003  0.001  0.951  0.015  0.013  0.017        1
 58:     0.046  0.011  0.890  0.030  0.017  0.007        1
 59:     0.001  0.035  0.868  0.014  0.069  0.013        1
 60:     0.000  0.002  0.966  0.000  0.031  0.000        1
 61:     0.000  0.000  0.997  0.000  0.001  0.002        1
 62:     0.177  0.245  0.021  0.211  0.293  0.053        1
 63:     0.004  0.035  0.923  0.005  0.012  0.022        1
 64:     0.001  0.002  0.990  0.001  0.005  0.001        1
 65:     0.000  0.000  0.999  0.000  0.001  0.000        1
 66:     0.003  0.016  0.925  0.007  0.020  0.028        1
 67:     0.085  0.081  0.646  0.009  0.065  0.114        1
 68:     0.001  0.049  0.915  0.003  0.013  0.019        1
 69:     0.001  0.006  0.970  0.001  0.007  0.015        1
 70:     0.059  0.002  0.788  0.015  0.075  0.061        1
 71:     0.002  0.002  0.988  0.000  0.005  0.004        1
 72:     0.000  0.000  0.999  0.000  0.000  0.000        1
 73:     0.000  0.001  0.994  0.003  0.000  0.001        1
 74:     0.082  0.056  0.768  0.007  0.078  0.009        1
 75:     0.000  0.003  0.995  0.003  0.000  0.000        1
 76:     0.053  0.330  0.005  0.184  0.326  0.103        1
 77:     0.000  0.000  0.997  0.000  0.001  0.002        1
 78:     0.023  0.065  0.802  0.012  0.091  0.007        1
 79:     0.003  0.001  0.986  0.004  0.005  0.001        1
 80:     0.002  0.019  0.950  0.000  0.022  0.006        1
 81:     0.000  0.002  0.993  0.000  0.003  0.001        1
 82:     0.191  0.050  0.543  0.011  0.056  0.149        1
 83:     0.000  0.001  0.998  0.000  0.001  0.000        1
 84:     0.002  0.042  0.010  0.001  0.004  0.942        1
 85:     0.000  0.019  0.009  0.022  0.045  0.906        1
 86:     0.044  0.038  0.030  0.007  0.009  0.872        1
 87:     0.002  0.000  0.007  0.001  0.010  0.980        1
 88:     0.005  0.009  0.016  0.001  0.009  0.960        1
 89:     0.001  0.000  0.001  0.020  0.014  0.964        1
 90:     0.000  0.000  0.007  0.004  0.005  0.983        1
 91:     0.011  0.001  0.009  0.014  0.047  0.919        1
 92:     0.078  0.034  0.016  0.025  0.008  0.838        1
 93:     0.000  0.061  0.010  0.002  0.004  0.922        1
 94:     0.054  0.038  0.000  0.009  0.008  0.891        1
 95:     0.006  0.030  0.018  0.005  0.058  0.883        1
 96:     0.004  0.009  0.007  0.002  0.000  0.977        1
 97:     0.002  0.025  0.003  0.002  0.027  0.939        1
 98:     0.004  0.035  0.006  0.008  0.009  0.938        1
 99:     0.001  0.001  0.001  0.002  0.002  0.993        1
100:     0.000  0.022  0.003  0.001  0.015  0.959        1
101:     0.031  0.037  0.034  0.104  0.046  0.749        1
102:     0.145  0.018  0.046  0.032  0.005  0.754        1
103:     0.001  0.006  0.001  0.003  0.024  0.964        1
104:     0.019  0.003  0.022  0.006  0.020  0.930        1
105:     0.001  0.026  0.041  0.002  0.050  0.879        1
106:     0.113  0.002  0.040  0.025  0.019  0.802        1
107:     0.004  0.029  0.001  0.004  0.012  0.951        1
108:     0.007  0.013  0.027  0.043  0.100  0.810        1
109:     0.026  0.070  0.031  0.049  0.086  0.738        1
110:     0.015  0.001  0.068  0.126  0.021  0.769        1
111:     0.001  0.036  0.002  0.000  0.012  0.949        1
112:     0.002  0.002  0.004  0.002  0.001  0.989        1
113:     0.013  0.044  0.010  0.002  0.002  0.929        1
114:     0.001  0.004  0.027  0.003  0.024  0.941        1
115:     0.014  0.005  0.015  0.002  0.013  0.952        1
116:     0.003  0.004  0.008  0.000  0.002  0.983        1
117:     0.000  0.035  0.002  0.006  0.023  0.934        1
118:     0.001  0.058  0.013  0.007  0.007  0.915        1
119:     0.035  0.004  0.015  0.017  0.042  0.886        1
120:     0.015  0.009  0.042  0.007  0.002  0.926        1
121:     0.022  0.022  0.007  0.000  0.021  0.927        1
122:     0.028  0.001  0.023  0.013  0.017  0.919        1
123:     0.003  0.003  0.011  0.005  0.003  0.976        1
124:     0.027  0.040  0.002  0.019  0.109  0.804        1
125:     0.000  0.002  0.001  0.006  0.011  0.980        1
126:     0.069  0.036  0.032  0.008  0.007  0.848        1
127:     0.001  0.033  0.030  0.016  0.026  0.893        1
128:     0.011  0.003  0.060  0.012  0.006  0.907        1
129:     0.003  0.000  0.004  0.000  0.001  0.993        1
130:     0.000  0.004  0.028  0.002  0.079  0.887        1
131:     0.003  0.001  0.000  0.000  0.001  0.993        1
132:     0.023  0.050  0.002  0.001  0.100  0.824        1
133:     0.000  0.035  0.014  0.024  0.083  0.843        1
134:     0.009  0.064  0.054  0.052  0.005  0.817        1
135:     0.071  0.039  0.015  0.036  0.036  0.803        1
136:     0.002  0.000  0.001  0.001  0.002  0.994        1
137:     0.008  0.027  0.006  0.004  0.000  0.955        1
138:     0.001  0.000  0.007  0.000  0.008  0.984        1
139:     0.000  0.039  0.014  0.000  0.055  0.892        1
140:     0.001  0.018  0.008  0.011  0.114  0.848        1
141:     0.003  0.000  0.013  0.001  0.008  0.976        1
142:     0.047  0.034  0.003  0.047  0.023  0.846        1
143:     0.000  0.074  0.006  0.001  0.020  0.900        1
144:     0.001  0.009  0.000  0.007  0.019  0.964        1
145:     0.006  0.008  0.003  0.016  0.002  0.966        1
146:     0.005  0.067  0.011  0.012  0.009  0.898        1
147:     0.006  0.004  0.001  0.002  0.045  0.941        1
148:     0.217  0.047  0.106  0.351  0.180  0.100        1
149:     0.002  0.131  0.066  0.513  0.157  0.131        1
150:     0.618  0.028  0.088  0.077  0.110  0.079        1
151:     0.323  0.048  0.145  0.351  0.058  0.074        1
152:     0.543  0.101  0.069  0.070  0.128  0.090        1
153:     0.600  0.062  0.079  0.096  0.085  0.079        1
154:     0.524  0.022  0.111  0.158  0.129  0.056        1
155:     0.236  0.004  0.105  0.378  0.155  0.122        1
156:     0.284  0.027  0.149  0.353  0.119  0.068        1
157:     0.098  0.050  0.078  0.573  0.157  0.045        1
158:     0.134  0.054  0.085  0.569  0.063  0.095        1
159:     0.652  0.031  0.101  0.074  0.079  0.062        1
160:     0.317  0.033  0.099  0.365  0.114  0.070        1
161:     0.211  0.059  0.106  0.400  0.126  0.098        1
162:     0.297  0.073  0.140  0.326  0.113  0.052        1
163:     0.358  0.009  0.124  0.322  0.118  0.069        1
164:     0.418  0.052  0.095  0.240  0.140  0.056        1
165:     0.581  0.049  0.078  0.024  0.142  0.125        1
166:     0.488  0.030  0.084  0.197  0.157  0.044        1
167:     0.401  0.081  0.109  0.261  0.095  0.053        1
168:     0.538  0.027  0.080  0.273  0.052  0.030        1
169:     0.190  0.063  0.092  0.495  0.103  0.056        1
170:     0.670  0.029  0.084  0.095  0.053  0.070        1
171:     0.011  0.073  0.102  0.655  0.087  0.072        1
172:     0.130  0.079  0.093  0.504  0.126  0.068        1
173:     0.146  0.056  0.109  0.523  0.117  0.050        1
174:     0.157  0.053  0.105  0.511  0.104  0.069        1
175:     0.341  0.053  0.090  0.339  0.120  0.057       50
176:     0.337  0.056  0.094  0.353  0.107  0.053       49
177:     0.336  0.054  0.089  0.347  0.114  0.060       50
178:     0.315  0.057  0.091  0.363  0.114  0.059       49
179:     0.315  0.049  0.089  0.349  0.130  0.067       23
180:     0.351  0.051  0.089  0.340  0.114  0.056       49
181:     0.002  0.961  0.006  0.003  0.025  0.003       30
182:     0.009  0.847  0.012  0.009  0.116  0.006       30
183:     0.266  0.090  0.083  0.363  0.125  0.073       34
184:     0.318  0.054  0.091  0.374  0.112  0.051       36
185:     0.317  0.058  0.091  0.355  0.115  0.065       40
186:     0.327  0.051  0.092  0.367  0.105  0.057       39
187:     0.280  0.049  0.091  0.402  0.116  0.061       37
188:     0.333  0.058  0.089  0.338  0.120  0.063       40
189:     0.319  0.061  0.092  0.350  0.116  0.062       35
190:     0.310  0.065  0.093  0.357  0.121  0.055       28
191:     0.301  0.054  0.088  0.385  0.115  0.057       36
192:     0.309  0.057  0.092  0.373  0.114  0.056       32
--------------------------------------------

 Rep#:   Lambda   Alpha      F1    F2    F3    F4    F5    F6     D1,2  D1,3  D1,4  D1,5  D1,6  D2,3  D2,4  D2,5  D2,6  D3,4  D3,5  D3,6  D4,5  D4,6  D5,6    Ln Like 
 1000:    1.00    0.669    0.003 0.238 0.265 0.008 0.245 0.164    0.035 0.044 0.002 0.037 0.029 0.063 0.036 0.046 0.052 0.045 0.062 0.059 0.039 0.031 0.051   --  
 1100:    1.00    0.656    0.003 0.234 0.261 0.008 0.234 0.163    0.034 0.043 0.002 0.036 0.029 0.063 0.036 0.045 0.053 0.044 0.061 0.059 0.038 0.031 0.050   --  
 1200:    1.00    0.606    0.003 0.234 0.263 0.008 0.228 0.162    0.035 0.042 0.002 0.035 0.029 0.064 0.036 0.045 0.053 0.044 0.061 0.059 0.036 0.030 0.049   --  
 1300:    1.00    0.575    0.003 0.232 0.258 0.008 0.227 0.161    0.034 0.041 0.002 0.034 0.028 0.063 0.035 0.045 0.053 0.043 0.060 0.058 0.035 0.030 0.050   --  
 1400:    1.00    0.566    0.003 0.236 0.263 0.007 0.227 0.163    0.034 0.041 0.001 0.033 0.028 0.064 0.035 0.045 0.053 0.043 0.061 0.059 0.035 0.029 0.049   --  
 1500:    1.00    0.542    0.003 0.236 0.261 0.007 0.220 0.164    0.034 0.041 0.001 0.033 0.028 0.065 0.035 0.045 0.053 0.042 0.060 0.059 0.034 0.029 0.049   --  
 1600:    1.00    0.514    0.003 0.244 0.255 0.007 0.223 0.161    0.034 0.040 0.001 0.032 0.028 0.064 0.035 0.046 0.053 0.041 0.060 0.058 0.033 0.028 0.049   --  
 1700:    1.00    0.497    0.003 0.241 0.258 0.007 0.216 0.154    0.035 0.040 0.001 0.032 0.027 0.065 0.036 0.047 0.054 0.041 0.060 0.058 0.033 0.028 0.050   --  
 1800:    1.00    0.473    0.003 0.251 0.250 0.007 0.215 0.156    0.035 0.040 0.001 0.032 0.027 0.067 0.037 0.049 0.055 0.041 0.060 0.058 0.033 0.028 0.049   --  
 1900:    1.00    0.459    0.003 0.259 0.257 0.007 0.213 0.152    0.037 0.039 0.001 0.031 0.027 0.067 0.038 0.051 0.056 0.040 0.060 0.058 0.032 0.028 0.048   --  

--------------------------------------------
Proportion of membership of each pre-defined
 population in each of the 6 clusters

Given    Inferred Clusters                            Number of
 Pop       1      2      3      4      5      6      Individuals

  1:     0.388  0.037  0.048  0.419  0.076  0.033       54
  2:     0.398  0.032  0.051  0.413  0.072  0.032       30
  3:     0.089  0.422  0.050  0.055  0.335  0.049       30
  4:     0.002  0.017  0.002  0.002  0.974  0.003       20
  5:     0.004  0.059  0.007  0.024  0.890  0.016       30
  6:     0.402  0.031  0.040  0.411  0.075  0.040       43
  7:     0.351  0.029  0.045  0.470  0.073  0.031       44
  8:     0.513  0.021  0.051  0.321  0.059  0.034        4
  9:     0.465  0.015  0.049  0.400  0.040  0.030       22
 10:     0.428  0.021  0.057  0.425  0.038  0.032       24
 11:     0.435  0.029  0.042  0.387  0.070  0.037       54
 12:     0.377  0.027  0.052  0.449  0.069  0.026       37
 13:     0.435  0.036  0.049  0.371  0.071  0.036       42
 14:     0.440  0.030  0.050  0.379  0.072  0.030       42
 15:     0.383  0.033  0.049  0.427  0.072  0.036       49
 16:     0.402  0.036  0.047  0.402  0.074  0.040      124
 17:     0.393  0.030  0.051  0.411  0.072  0.042       24
 18:     0.467  0.027  0.054  0.358  0.054  0.040       34
 19:     0.413  0.036  0.049  0.401  0.066  0.034       52
 20:     0.665  0.031  0.066  0.187  0.008  0.044        1
 21:     0.634  0.016  0.058  0.120  0.067  0.104        1
 22:     0.213  0.015  0.068  0.580  0.106  0.018        1
 23:     0.560  0.033  0.028  0.179  0.099  0.101        1
 24:     0.341  0.030  0.052  0.447  0.044  0.086        1
 25:     0.388  0.047  0.026  0.369  0.110  0.061        1
 26:     0.037  0.032  0.069  0.681  0.126  0.055        1
 27:     0.385  0.039  0.057  0.371  0.113  0.034        1
 28:     0.450  0.055  0.082  0.341  0.053  0.019        1
 29:     0.248  0.032  0.074  0.584  0.016  0.045        1
 30:     0.509  0.036  0.045  0.213  0.125  0.072        1
 31:     0.234  0.049  0.073  0.403  0.222  0.020        1
 32:     0.623  0.017  0.031  0.232  0.059  0.038        1
 33:     0.210  0.046  0.081  0.545  0.118  0.001        1
 34:     0.622  0.011  0.063  0.192  0.026  0.086        1
 35:     0.017  0.041  0.024  0.797  0.080  0.041        1
 36:     0.319  0.077  0.056  0.424  0.028  0.096        1
 37:     0.255  0.050  0.000  0.587  0.055  0.053        1
 38:     0.402  0.029  0.051  0.315  0.096  0.108        1
 39:     0.088  0.016  0.084  0.707  0.065  0.040        1
 40:     0.446  0.020  0.061  0.326  0.073  0.074        1
 41:     0.231  0.002  0.083  0.584  0.066  0.034        1
 42:     0.183  0.030  0.042  0.598  0.094  0.052        1
 43:     0.414  0.030  0.041  0.375  0.073  0.065        1
 44:     0.383  0.037  0.053  0.363  0.127  0.037        1
 45:     0.436  0.019  0.096  0.402  0.007  0.041        1
 46:     0.263  0.063  0.045  0.481  0.040  0.108        1
 47:     0.541  0.010  0.045  0.334  0.031  0.039        1
 48:     0.561  0.043  0.032  0.307  0.022  0.036        1
 49:     0.154  0.008  0.092  0.673  0.052  0.021        1
 50:     0.518  0.062  0.029  0.009  0.318  0.063        1
 51:     0.522  0.078  0.033  0.112  0.224  0.031        1
 52:     0.464  0.061  0.067  0.261  0.061  0.085        1
 53:     0.230  0.004  0.038  0.594  0.083  0.051        1
 54:     0.002  0.007  0.987  0.000  0.003  0.001        1
 55:     0.003  0.001  0.984  0.000  0.012  0.000        1
 56:     0.047  0.007  0.809  0.087  0.023  0.028        1
 57:     0.020  0.000  0.944  0.027  0.000  0.008        1
 58:     0.030  0.004  0.886  0.069  0.007  0.004        1
 59:     0.032  0.001  0.863  0.047  0.049  0.008        1
 60:     0.000  0.001  0.991  0.004  0.003  0.000        1
 61:     0.001  0.000  0.997  0.000  0.001  0.001        1
 62:     0.082  0.202  0.022  0.398  0.275  0.021        1
 63:     0.030  0.011  0.912  0.003  0.031  0.013        1
 64:     0.000  0.001  0.999  0.000  0.000  0.000        1
 65:     0.000  0.000  0.998  0.000  0.001  0.001        1
 66:     0.009  0.020  0.936  0.008  0.009  0.017        1
 67:     0.217  0.018  0.591  0.000  0.060  0.113        1
 68:     0.001  0.024  0.937  0.009  0.009  0.020        1
 69:     0.001  0.005  0.977  0.003  0.012  0.001        1
 70:     0.062  0.026  0.769  0.080  0.050  0.013        1
 71:     0.004  0.002  0.989  0.000  0.000  0.005        1
 72:     0.000  0.000  0.997  0.000  0.000  0.003        1
 73:     0.001  0.000  0.998  0.000  0.001  0.000        1
 74:     0.148  0.017  0.747  0.002  0.084  0.001        1
 75:     0.000  0.000  0.999  0.000  0.000  0.000        1
 76:     0.016  0.302  0.003  0.276  0.302  0.100        1
 77:     0.001  0.005  0.991  0.001  0.000  0.002        1
 78:     0.063  0.030  0.799  0.060  0.033  0.016        1
 79:     0.000  0.000  0.999  0.000  0.000  0.000        1
 80:     0.003  0.001  0.973  0.010  0.010  0.004        1
 81:     0.002  0.000  0.993  0.000  0.004  0.002        1
 82:     0.323  0.022  0.484  0.000  0.050  0.121        1
 83:     0.003  0.001  0.995  0.000  0.001  0.000        1
 84:     0.000  0.001  0.011  0.004  0.032  0.951        1
 85:     0.004  0.006  0.001  0.003  0.061  0.926        1
 86:     0.086  0.037  0.049  0.001  0.001  0.826        1
 87:     0.000  0.002  0.001  0.022  0.001  0.974        1
 88:     0.006  0.000  0.003  0.006  0.000  0.985        1
 89:     0.025  0.001  0.000  0.001  0.008  0.964        1
 90:     0.000  0.002  0.000  0.002  0.041  0.955        1
 91:     0.000  0.003  0.000  0.002  0.016  0.979        1
 92:     0.133  0.031  0.000  0.011  0.007  0.818        1
 93:     0.000  0.077  0.006  0.000  0.009  0.908        1
 94:     0.033  0.052  0.002  0.029  0.000  0.885        1
 95:     0.011  0.006  0.000  0.061  0.072  0.850        1
 96:     0.000  0.001  0.004  0.009  0.000  0.987        1
 97:     0.000  0.002  0.025  0.000  0.050  0.923        1
 98:     0.005  0.004  0.003  0.013  0.025  0.951        1
 99:     0.000  0.001  0.000  0.003  0.000  0.996        1
100:     0.009  0.002  0.000  0.000  0.037  0.952        1
101:     0.016  0.011  0.005  0.200  0.002  0.766        1
102:     0.188  0.007  0.014  0.024  0.000  0.767        1
103:     0.000  0.000  0.001  0.009  0.014  0.976        1
104:     0.000  0.003  0.029  0.009  0.013  0.946        1
105:     0.005  0.004  0.047  0.001  0.072  0.871        1
106:     0.101  0.000  0.001  0.098  0.029  0.771        1
107:     0.001  0.004  0.017  0.006  0.021  0.951        1
108:     0.015  0.005  0.009  0.128  0.053  0.791        1
109:     0.001  0.047  0.011  0.130  0.067  0.743        1
110:     0.000  0.001  0.025  0.198  0.014  0.761        1
111:     0.010  0.000  0.000  0.001  0.023  0.965        1
112:     0.000  0.000  0.001  0.000  0.000  0.998        1
113:     0.001  0.019  0.000  0.000  0.030  0.950        1
114:     0.000  0.022  0.024  0.001  0.000  0.953        1
115:     0.081  0.001  0.000  0.029  0.002  0.887        1
116:     0.000  0.001  0.007  0.000  0.006  0.986        1
117:     0.017  0.033  0.000  0.001  0.012  0.936        1
118:     0.002  0.034  0.009  0.000  0.002  0.953        1
119:     0.094  0.014  0.015  0.002  0.019  0.857        1
120:     0.006  0.000  0.038  0.001  0.010  0.945        1
121:     0.001  0.033  0.020  0.000  0.008  0.938        1
122:     0.046  0.000  0.019  0.001  0.000  0.934        1
123:     0.002  0.000  0.004  0.000  0.000  0.993        1
124:     0.003  0.017  0.000  0.057  0.097  0.825        1
125:     0.000  0.000  0.002  0.000  0.026  0.971        1
126:     0.091  0.019  0.030  0.011  0.001  0.848        1
127:     0.011  0.034  0.001  0.000  0.061  0.892        1
128:     0.011  0.006  0.031  0.010  0.006  0.937        1
129:     0.002  0.000  0.000  0.000  0.005  0.992        1
130:     0.001  0.007  0.005  0.018  0.048  0.922        1
131:     0.000  0.000  0.016  0.000  0.001  0.983        1
132:     0.000  0.028  0.000  0.079  0.095  0.797        1
133:     0.024  0.027  0.000  0.000  0.135  0.813        1
134:     0.126  0.004  0.003  0.048  0.000  0.819        1
135:     0.132  0.024  0.000  0.012  0.029  0.803        1
136:     0.000  0.000  0.000  0.004  0.002  0.994        1
137:     0.002  0.019  0.022  0.000  0.009  0.948        1
138:     0.000  0.000  0.019  0.000  0.002  0.978        1
139:     0.004  0.014  0.003  0.000  0.086  0.892        1
140:     0.017  0.002  0.002  0.003  0.130  0.847        1
141:     0.000  0.004  0.000  0.004  0.026  0.965        1
142:     0.060  0.011  0.008  0.045  0.017  0.859        1
143:     0.000  0.019  0.000  0.002  0.024  0.955        1
144:     0.001  0.009  0.007  0.001  0.035  0.947        1
145:     0.011  0.000  0.010  0.005  0.001  0.974        1
146:     0.002  0.057  0.001  0.010  0.003  0.927        1
147:     0.003  0.000  0.003  0.000  0.045  0.949        1
148:     0.361  0.060  0.049  0.305  0.111  0.114        1
149:     0.103  0.098  0.037  0.547  0.143  0.072        1
150:     0.845  0.026  0.017  0.000  0.031  0.081        1
151:     0.368  0.041  0.073  0.503  0.000  0.014        1
152:     0.500  0.073  0.062  0.249  0.101  0.016        1
153:     0.699  0.038  0.052  0.149  0.020  0.040        1
154:     0.614  0.010  0.062  0.194  0.069  0.052        1
155:     0.203  0.004  0.052  0.614  0.071  0.056        1
156:     0.415  0.032  0.041  0.424  0.046  0.041        1
157:     0.098  0.002  0.051  0.712  0.092  0.045        1
158:     0.272  0.041  0.058  0.525  0.025  0.079        1
159:     0.839  0.009  0.045  0.044  0.006  0.057        1
160:     0.404  0.020  0.046  0.419  0.093  0.019        1
161:     0.213  0.046  0.042  0.521  0.075  0.102        1
162:     0.383  0.028  0.126  0.400  0.026  0.036        1
163:     0.429  0.001  0.063  0.387  0.064  0.056        1
164:     0.449  0.046  0.045  0.351  0.072  0.037        1
165:     0.700  0.040  0.052  0.086  0.061  0.060        1
166:     0.588  0.007  0.027  0.230  0.137  0.012        1
167:     0.556  0.082  0.064  0.215  0.074  0.009        1
168:     0.329  0.019  0.021  0.550  0.035  0.047        1
169:     0.185  0.030  0.049  0.583  0.057  0.097        1
170:     0.794  0.023  0.074  0.037  0.001  0.071        1
171:     0.004  0.014  0.054  0.790  0.070  0.068        1
172:     0.307  0.048  0.062  0.485  0.071  0.027        1
173:     0.199  0.083  0.046  0.604  0.045  0.023        1
174:     0.160  0.041  0.071  0.598  0.060  0.070        1
175:     0.422  0.033  0.048  0.392  0.073  0.031       50
176:     0.404  0.037  0.046  0.421  0.061  0.031       49
177:     0.417  0.034  0.047  0.408  0.063  0.032       50
178:     0.398  0.037  0.049  0.419  0.064  0.033       49
179:     0.376  0.034  0.050  0.424  0.078  0.037       23
180:     0.431  0.027  0.048  0.399  0.064  0.031       49
181:     0.001  0.950  0.003  0.003  0.042  0.001       30
182:     0.009  0.623  0.008  0.006  0.351  0.004       30
183:     0.256  0.067  0.042  0.497  0.082  0.057       34
184:     0.350  0.033  0.047  0.475  0.064  0.030       36
185:     0.352  0.036  0.045  0.459  0.072  0.036       40
186:     0.374  0.029  0.052  0.457  0.055  0.033       39
187:     0.311  0.036  0.051  0.495  0.072  0.035       37
188:     0.388  0.032  0.045  0.419  0.079  0.037       40
189:     0.379  0.040  0.052  0.428  0.066  0.036       35
190:     0.355  0.043  0.053  0.443  0.072  0.034       28
191:     0.344  0.031  0.050  0.466  0.070  0.038       36
192:     0.340  0.034  0.048  0.483  0.067  0.029       32
--------------------------------------------

