

----------------------------------------------------
STRUCTURE by Pritchard, Stephens and Donnelly (2000)
     and Falush, Stephens and Pritchard (2003)
       Code by Pritchard, Falush and Hubisz
             Version 2.3.4 (Jul 2012)
----------------------------------------------------


Reading file "/workdir/yc2644/CV_CT_array/structure/threader_input/mainparams".
Reading file "/workdir/yc2644/CV_CT_array/structure/threader_input/extraparams".
Reading file "/workdir/yc2644/CV_CT_array/structure/threader_input/n1601.recode.strct_in".


Data file "/workdir/yc2644/CV_CT_array/structure/threader_input/n1601.recode.strct_in" (truncated) --

Ind:   Label Pop : Genotype_data . . . .
  1:  001s    1  :  2   1   2   2   2   1   2  . . . .   2
  1:  001s    1  :  2   2   2   2   2   2   2  . . . .   2
  2:  002s    1  :  2   2   2   2   1   1   2  . . . .   2
  2:  002s    1  :  2   2   2   2   2   2   2  . . . .   2
  3:  003s    1  :  1   2   1   2   2   2   2  . . . .   1
  3:  003s    1  :  2   2   1   2   2   2   2  . . . .   2
  4:  004s    1  :  1   1   2   2   1   2   2  . . . .   1
  4:  004s    1  :  2   1   2   2   2   2   2  . . . .   2

      *******   

1600:    49  192  :  2   2   2   2   2   1   2  . . . .   1
1600:    49  192  :  2   2   2   2   2   2   2  . . . .   2
1601:    50  192  :  2   1   2   2   1   2   2  . . . .   1
1601:    50  192  :  2   2   2   2   2   2   2  . . . .   2

Number of alleles per locus: min= 2; ave=2.0; max= 2


--------------------------------------

Finished initialization; starting MCMC 
100000 iterations + 10000 burnin


--------------------------------------------
Proportion of membership of each pre-defined
 population in each of the 6 clusters

Given    Inferred Clusters                            Number of
 Pop       1      2      3      4      5      6      Individuals

  1:     0.186  0.265  0.134  0.106  0.178  0.132       54
  2:     0.142  0.247  0.133  0.131  0.213  0.134       30
  3:     0.141  0.023  0.295  0.398  0.063  0.080       30
  4:     0.053  0.011  0.686  0.196  0.015  0.040       20
  5:     0.061  0.012  0.689  0.160  0.031  0.046       30
  6:     0.155  0.261  0.127  0.116  0.201  0.140       43
  7:     0.195  0.269  0.091  0.120  0.190  0.134       44
  8:     0.120  0.314  0.074  0.140  0.176  0.176        4
  9:     0.154  0.304  0.108  0.090  0.209  0.136       22
 10:     0.126  0.330  0.111  0.110  0.179  0.144       24
 11:     0.168  0.268  0.119  0.115  0.192  0.137       54
 12:     0.161  0.288  0.137  0.116  0.168  0.131       37
 13:     0.156  0.282  0.138  0.114  0.181  0.129       42
 14:     0.175  0.282  0.111  0.129  0.182  0.121       42
 15:     0.173  0.275  0.128  0.114  0.178  0.132       49
 16:     0.164  0.272  0.126  0.123  0.180  0.134      124
 17:     0.125  0.263  0.118  0.125  0.219  0.149       24
 18:     0.158  0.282  0.122  0.113  0.179  0.145       34
 19:     0.141  0.268  0.123  0.132  0.205  0.131       52
 20:     0.090  0.346  0.048  0.167  0.248  0.100        1
 21:     0.173  0.239  0.055  0.095  0.345  0.092        1
 22:     0.147  0.297  0.069  0.170  0.248  0.070        1
 23:     0.007  0.292  0.108  0.165  0.190  0.238        1
 24:     0.063  0.338  0.141  0.167  0.090  0.202        1
 25:     0.194  0.225  0.149  0.118  0.166  0.149        1
 26:     0.113  0.316  0.111  0.154  0.066  0.241        1
 27:     0.149  0.222  0.087  0.152  0.250  0.141        1
 28:     0.146  0.250  0.128  0.145  0.201  0.130        1
 29:     0.139  0.343  0.094  0.114  0.201  0.109        1
 30:     0.119  0.232  0.179  0.133  0.137  0.202        1
 31:     0.150  0.184  0.233  0.172  0.183  0.078        1
 32:     0.229  0.315  0.078  0.055  0.222  0.100        1
 33:     0.189  0.150  0.116  0.158  0.269  0.119        1
 34:     0.079  0.305  0.189  0.038  0.248  0.141        1
 35:     0.111  0.195  0.066  0.085  0.317  0.226        1
 36:     0.180  0.225  0.117  0.144  0.186  0.148        1
 37:     0.252  0.301  0.092  0.157  0.120  0.078        1
 38:     0.179  0.255  0.257  0.059  0.164  0.086        1
 39:     0.077  0.240  0.171  0.118  0.209  0.184        1
 40:     0.123  0.227  0.144  0.121  0.203  0.181        1
 41:     0.105  0.340  0.104  0.127  0.181  0.143        1
 42:     0.175  0.241  0.113  0.132  0.179  0.160        1
 43:     0.222  0.203  0.139  0.079  0.225  0.132        1
 44:     0.120  0.210  0.166  0.143  0.204  0.157        1
 45:     0.175  0.257  0.103  0.123  0.179  0.164        1
 46:     0.071  0.286  0.059  0.175  0.052  0.357        1
 47:     0.167  0.271  0.122  0.086  0.168  0.185        1
 48:     0.076  0.346  0.112  0.189  0.217  0.061        1
 49:     0.073  0.313  0.147  0.143  0.143  0.181        1
 50:     0.176  0.130  0.280  0.213  0.078  0.123        1
 51:     0.154  0.175  0.215  0.199  0.143  0.113        1
 52:     0.106  0.199  0.096  0.193  0.229  0.177        1
 53:     0.073  0.240  0.025  0.194  0.249  0.220        1
 54:     0.082  0.056  0.010  0.135  0.710  0.008        1
 55:     0.072  0.045  0.016  0.118  0.683  0.067        1
 56:     0.065  0.084  0.018  0.075  0.709  0.049        1
 57:     0.008  0.030  0.005  0.082  0.806  0.069        1
 58:     0.012  0.005  0.052  0.033  0.892  0.006        1
 59:     0.030  0.036  0.029  0.136  0.756  0.012        1
 60:     0.013  0.004  0.071  0.027  0.844  0.042        1
 61:     0.040  0.013  0.049  0.030  0.837  0.030        1
 62:     0.418  0.064  0.045  0.349  0.041  0.082        1
 63:     0.079  0.008  0.072  0.051  0.741  0.049        1
 64:     0.011  0.013  0.018  0.074  0.878  0.006        1
 65:     0.055  0.028  0.036  0.067  0.791  0.023        1
 66:     0.025  0.013  0.029  0.072  0.855  0.005        1
 67:     0.120  0.035  0.089  0.087  0.578  0.091        1
 68:     0.083  0.035  0.053  0.107  0.643  0.078        1
 69:     0.018  0.014  0.044  0.066  0.855  0.004        1
 70:     0.045  0.074  0.082  0.122  0.675  0.003        1
 71:     0.077  0.012  0.018  0.021  0.849  0.023        1
 72:     0.017  0.008  0.033  0.054  0.870  0.019        1
 73:     0.012  0.024  0.009  0.062  0.882  0.010        1
 74:     0.167  0.061  0.016  0.099  0.591  0.066        1
 75:     0.004  0.008  0.013  0.067  0.859  0.049        1
 76:     0.216  0.007  0.099  0.478  0.079  0.121        1
 77:     0.024  0.042  0.008  0.138  0.752  0.036        1
 78:     0.066  0.067  0.043  0.069  0.721  0.035        1
 79:     0.032  0.021  0.040  0.065  0.804  0.039        1
 80:     0.007  0.020  0.024  0.060  0.868  0.021        1
 81:     0.014  0.028  0.034  0.096  0.791  0.038        1
 82:     0.124  0.043  0.039  0.150  0.533  0.110        1
 83:     0.004  0.030  0.010  0.066  0.862  0.028        1
 84:     0.071  0.025  0.111  0.016  0.016  0.759        1
 85:     0.042  0.021  0.096  0.044  0.048  0.749        1
 86:     0.076  0.055  0.066  0.074  0.068  0.661        1
 87:     0.123  0.047  0.024  0.001  0.001  0.804        1
 88:     0.037  0.028  0.049  0.032  0.015  0.839        1
 89:     0.010  0.035  0.033  0.065  0.009  0.848        1
 90:     0.051  0.003  0.067  0.022  0.022  0.834        1
 91:     0.048  0.028  0.047  0.013  0.026  0.838        1
 92:     0.073  0.051  0.075  0.027  0.070  0.704        1
 93:     0.037  0.007  0.119  0.070  0.012  0.755        1
 94:     0.125  0.013  0.019  0.039  0.030  0.775        1
 95:     0.063  0.039  0.079  0.001  0.028  0.791        1
 96:     0.023  0.012  0.034  0.052  0.025  0.854        1
 97:     0.089  0.004  0.032  0.010  0.101  0.765        1
 98:     0.057  0.021  0.082  0.050  0.030  0.760        1
 99:     0.018  0.013  0.050  0.008  0.078  0.834        1
100:     0.024  0.018  0.046  0.006  0.006  0.900        1
101:     0.041  0.049  0.128  0.040  0.081  0.660        1
102:     0.090  0.080  0.106  0.047  0.085  0.592        1
103:     0.048  0.027  0.044  0.030  0.046  0.804        1
104:     0.022  0.028  0.024  0.053  0.020  0.854        1
105:     0.127  0.035  0.039  0.061  0.017  0.719        1
106:     0.137  0.052  0.071  0.026  0.061  0.653        1
107:     0.070  0.000  0.103  0.022  0.016  0.789        1
108:     0.070  0.037  0.038  0.077  0.045  0.733        1
109:     0.033  0.053  0.135  0.018  0.013  0.749        1
110:     0.049  0.041  0.058  0.047  0.053  0.752        1
111:     0.038  0.016  0.040  0.048  0.013  0.844        1
112:     0.056  0.028  0.050  0.071  0.024  0.771        1
113:     0.037  0.037  0.061  0.034  0.010  0.822        1
114:     0.097  0.007  0.073  0.008  0.053  0.762        1
115:     0.020  0.061  0.075  0.037  0.029  0.778        1
116:     0.007  0.008  0.077  0.038  0.003  0.869        1
117:     0.034  0.025  0.023  0.076  0.012  0.830        1
118:     0.023  0.028  0.009  0.055  0.039  0.846        1
119:     0.037  0.051  0.087  0.036  0.068  0.721        1
120:     0.059  0.041  0.049  0.040  0.043  0.768        1
121:     0.021  0.016  0.075  0.051  0.042  0.794        1
122:     0.036  0.061  0.040  0.016  0.047  0.800        1
123:     0.072  0.025  0.044  0.022  0.037  0.799        1
124:     0.038  0.030  0.042  0.025  0.125  0.740        1
125:     0.050  0.011  0.016  0.046  0.005  0.874        1
126:     0.037  0.064  0.026  0.011  0.060  0.802        1
127:     0.023  0.040  0.119  0.006  0.019  0.793        1
128:     0.025  0.034  0.091  0.009  0.034  0.808        1
129:     0.069  0.010  0.041  0.024  0.033  0.822        1
130:     0.079  0.036  0.065  0.058  0.025  0.736        1
131:     0.045  0.026  0.036  0.060  0.051  0.782        1
132:     0.078  0.062  0.100  0.063  0.040  0.656        1
133:     0.148  0.023  0.110  0.014  0.016  0.689        1
134:     0.067  0.086  0.091  0.017  0.047  0.692        1
135:     0.122  0.025  0.070  0.066  0.092  0.625        1
136:     0.026  0.019  0.062  0.042  0.038  0.813        1
137:     0.100  0.022  0.060  0.003  0.001  0.813        1
138:     0.068  0.029  0.050  0.043  0.059  0.751        1
139:     0.050  0.002  0.110  0.014  0.023  0.802        1
140:     0.120  0.019  0.109  0.026  0.000  0.725        1
141:     0.038  0.011  0.064  0.031  0.025  0.830        1
142:     0.030  0.036  0.067  0.033  0.062  0.772        1
143:     0.008  0.058  0.007  0.025  0.018  0.883        1
144:     0.042  0.018  0.044  0.007  0.018  0.872        1
145:     0.096  0.054  0.018  0.019  0.030  0.782        1
146:     0.062  0.045  0.099  0.046  0.047  0.700        1
147:     0.042  0.032  0.097  0.049  0.038  0.742        1
148:     0.278  0.097  0.084  0.121  0.235  0.184        1
149:     0.223  0.201  0.156  0.124  0.122  0.174        1
150:     0.327  0.327  0.079  0.009  0.049  0.209        1
151:     0.192  0.337  0.028  0.160  0.178  0.104        1
152:     0.014  0.289  0.230  0.172  0.228  0.067        1
153:     0.098  0.292  0.156  0.132  0.170  0.152        1
154:     0.057  0.237  0.101  0.164  0.270  0.171        1
155:     0.145  0.272  0.129  0.092  0.236  0.126        1
156:     0.152  0.250  0.073  0.216  0.205  0.104        1
157:     0.185  0.247  0.133  0.158  0.124  0.152        1
158:     0.109  0.334  0.144  0.058  0.241  0.114        1
159:     0.064  0.140  0.151  0.107  0.386  0.152        1
160:     0.139  0.315  0.122  0.213  0.009  0.203        1
161:     0.136  0.196  0.067  0.157  0.304  0.140        1
162:     0.248  0.221  0.116  0.068  0.311  0.036        1
163:     0.131  0.218  0.067  0.182  0.320  0.082        1
164:     0.162  0.208  0.135  0.089  0.195  0.211        1
165:     0.188  0.193  0.029  0.182  0.209  0.200        1
166:     0.188  0.309  0.119  0.040  0.215  0.128        1
167:     0.201  0.233  0.135  0.148  0.148  0.135        1
168:     0.190  0.281  0.106  0.082  0.158  0.182        1
169:     0.021  0.377  0.125  0.215  0.009  0.252        1
170:     0.029  0.429  0.049  0.141  0.160  0.192        1
171:     0.143  0.256  0.122  0.148  0.178  0.153        1
172:     0.131  0.221  0.071  0.117  0.292  0.168        1
173:     0.323  0.324  0.112  0.071  0.163  0.007        1
174:     0.028  0.310  0.224  0.061  0.245  0.131        1
175:     0.175  0.266  0.127  0.112  0.187  0.133       50
176:     0.165  0.288  0.106  0.125  0.192  0.124       49
177:     0.170  0.276  0.107  0.127  0.188  0.132       50
178:     0.173  0.273  0.118  0.120  0.186  0.129       49
179:     0.145  0.260  0.122  0.121  0.209  0.143       23
180:     0.143  0.292  0.109  0.132  0.185  0.138       49
181:     0.060  0.006  0.110  0.775  0.020  0.030       30
182:     0.161  0.008  0.141  0.613  0.023  0.053       30
183:     0.197  0.280  0.119  0.134  0.138  0.132       34
184:     0.174  0.311  0.129  0.111  0.151  0.124       36
185:     0.156  0.284  0.142  0.111  0.172  0.136       40
186:     0.159  0.298  0.130  0.106  0.180  0.127       39
187:     0.173  0.280  0.128  0.116  0.168  0.134       37
188:     0.141  0.296  0.124  0.137  0.166  0.136       40
189:     0.170  0.289  0.134  0.108  0.173  0.125       35
190:     0.208  0.270  0.098  0.132  0.174  0.118       28
191:     0.171  0.284  0.128  0.106  0.163  0.148       36
192:     0.188  0.276  0.119  0.120  0.179  0.118       32
--------------------------------------------

 Rep#:   Lambda   Alpha      F1    F2    F3    F4    F5    F6     D1,2  D1,3  D1,4  D1,5  D1,6  D2,3  D2,4  D2,5  D2,6  D3,4  D3,5  D3,6  D4,5  D4,6  D5,6    Ln Like 
  100:    1.00    1.519    0.010 0.129 0.153 0.174 0.093 0.152    0.024 0.023 0.024 0.018 0.030 0.056 0.065 0.030 0.052 0.034 0.042 0.049 0.046 0.056 0.042   --  
  200:    1.00    1.189    0.012 0.162 0.208 0.231 0.226 0.158    0.027 0.030 0.034 0.036 0.030 0.064 0.070 0.068 0.058 0.048 0.057 0.052 0.061 0.057 0.054   --  
  300:    1.00    1.034    0.013 0.163 0.201 0.235 0.244 0.158    0.028 0.030 0.036 0.040 0.029 0.061 0.067 0.070 0.054 0.048 0.059 0.050 0.065 0.056 0.056   --  
  400:    1.00    0.955    0.015 0.160 0.197 0.250 0.249 0.147    0.029 0.030 0.040 0.041 0.029 0.057 0.067 0.068 0.051 0.050 0.060 0.050 0.068 0.058 0.057   --  
  500:    1.00    0.907    0.018 0.171 0.188 0.280 0.249 0.151    0.035 0.030 0.046 0.044 0.032 0.056 0.071 0.067 0.049 0.054 0.059 0.049 0.073 0.062 0.057   --  
  600:    1.00    0.865    0.196 0.175 0.191 0.335 0.246 0.144    0.066 0.044 0.067 0.065 0.054 0.055 0.077 0.067 0.048 0.059 0.060 0.048 0.079 0.067 0.057   --  
  700:    1.00    0.830    0.274 0.169 0.181 0.341 0.243 0.138    0.074 0.049 0.069 0.071 0.061 0.053 0.076 0.064 0.046 0.060 0.058 0.048 0.078 0.067 0.056   --  
  800:    1.00    0.805    0.288 0.156 0.183 0.351 0.240 0.133    0.072 0.050 0.068 0.072 0.061 0.050 0.073 0.061 0.043 0.060 0.058 0.047 0.078 0.067 0.056   --  
  900:    1.00    0.748    0.298 0.137 0.185 0.344 0.244 0.135    0.070 0.051 0.068 0.073 0.062 0.047 0.071 0.059 0.041 0.060 0.059 0.047 0.079 0.068 0.057   --  

--------------------------------------------
Proportion of membership of each pre-defined
 population in each of the 6 clusters

Given    Inferred Clusters                            Number of
 Pop       1      2      3      4      5      6      Individuals

  1:     0.131  0.520  0.071  0.060  0.140  0.077       54
  2:     0.131  0.515  0.077  0.059  0.146  0.070       30
  3:     0.305  0.086  0.257  0.232  0.062  0.059       30
  4:     0.005  0.003  0.970  0.018  0.002  0.002       20
  5:     0.041  0.018  0.887  0.034  0.010  0.010       30
  6:     0.137  0.521  0.072  0.055  0.132  0.082       43
  7:     0.130  0.527  0.079  0.055  0.129  0.079       44
  8:     0.125  0.532  0.059  0.049  0.142  0.093        4
  9:     0.127  0.565  0.046  0.051  0.138  0.073       22
 10:     0.129  0.553  0.040  0.053  0.140  0.085       24
 11:     0.131  0.528  0.074  0.057  0.128  0.081       54
 12:     0.129  0.529  0.074  0.054  0.135  0.078       37
 13:     0.128  0.515  0.080  0.060  0.136  0.081       42
 14:     0.129  0.525  0.075  0.057  0.134  0.081       42
 15:     0.130  0.523  0.074  0.056  0.134  0.083       49
 16:     0.130  0.520  0.080  0.060  0.133  0.078      124
 17:     0.121  0.518  0.072  0.064  0.138  0.087       24
 18:     0.122  0.523  0.071  0.056  0.146  0.083       34
 19:     0.131  0.517  0.073  0.061  0.138  0.080       52
 20:     0.164  0.522  0.026  0.063  0.140  0.085        1
 21:     0.110  0.493  0.037  0.055  0.157  0.147        1
 22:     0.151  0.508  0.084  0.012  0.171  0.074        1
 23:     0.099  0.505  0.115  0.064  0.121  0.096        1
 24:     0.099  0.524  0.057  0.074  0.143  0.104        1
 25:     0.124  0.500  0.101  0.078  0.077  0.120        1
 26:     0.093  0.508  0.075  0.060  0.161  0.103        1
 27:     0.123  0.477  0.090  0.067  0.144  0.098        1
 28:     0.110  0.542  0.038  0.069  0.169  0.073        1
 29:     0.089  0.570  0.046  0.073  0.137  0.085        1
 30:     0.122  0.470  0.177  0.036  0.103  0.091        1
 31:     0.113  0.427  0.203  0.088  0.109  0.060        1
 32:     0.139  0.563  0.066  0.053  0.082  0.097        1
 33:     0.128  0.521  0.089  0.048  0.158  0.056        1
 34:     0.081  0.531  0.044  0.080  0.162  0.102        1
 35:     0.135  0.529  0.044  0.054  0.136  0.101        1
 36:     0.120  0.457  0.069  0.083  0.159  0.112        1
 37:     0.150  0.515  0.079  0.035  0.106  0.115        1
 38:     0.091  0.467  0.145  0.048  0.112  0.137        1
 39:     0.128  0.487  0.067  0.035  0.173  0.110        1
 40:     0.101  0.482  0.049  0.082  0.175  0.112        1
 41:     0.101  0.517  0.035  0.068  0.141  0.138        1
 42:     0.143  0.511  0.065  0.054  0.147  0.081        1
 43:     0.133  0.500  0.075  0.052  0.126  0.115        1
 44:     0.115  0.471  0.141  0.083  0.117  0.072        1
 45:     0.131  0.494  0.053  0.036  0.196  0.090        1
 46:     0.138  0.519  0.005  0.071  0.117  0.150        1
 47:     0.144  0.552  0.051  0.089  0.078  0.085        1
 48:     0.133  0.581  0.003  0.075  0.123  0.084        1
 49:     0.125  0.542  0.033  0.060  0.165  0.075        1
 50:     0.149  0.326  0.270  0.058  0.098  0.098        1
 51:     0.144  0.416  0.209  0.054  0.113  0.065        1
 52:     0.160  0.501  0.038  0.038  0.159  0.104        1
 53:     0.151  0.475  0.039  0.072  0.145  0.117        1
 54:     0.010  0.001  0.003  0.006  0.979  0.001        1
 55:     0.000  0.001  0.001  0.000  0.998  0.000        1
 56:     0.002  0.102  0.004  0.013  0.858  0.021        1
 57:     0.009  0.032  0.003  0.012  0.941  0.002        1
 58:     0.005  0.048  0.002  0.018  0.906  0.022        1
 59:     0.007  0.047  0.038  0.009  0.890  0.008        1
 60:     0.000  0.002  0.006  0.004  0.982  0.006        1
 61:     0.001  0.001  0.000  0.000  0.997  0.000        1
 62:     0.173  0.308  0.307  0.134  0.022  0.056        1
 63:     0.020  0.029  0.011  0.008  0.932  0.000        1
 64:     0.001  0.001  0.000  0.000  0.997  0.000        1
 65:     0.000  0.000  0.002  0.000  0.997  0.000        1
 66:     0.015  0.001  0.001  0.000  0.961  0.023        1
 67:     0.043  0.131  0.034  0.023  0.644  0.126        1
 68:     0.031  0.005  0.001  0.024  0.936  0.003        1
 69:     0.000  0.001  0.010  0.009  0.979  0.001        1
 70:     0.027  0.099  0.012  0.024  0.800  0.037        1
 71:     0.009  0.002  0.006  0.000  0.980  0.003        1
 72:     0.000  0.000  0.003  0.002  0.992  0.003        1
 73:     0.001  0.000  0.000  0.001  0.996  0.002        1
 74:     0.037  0.091  0.061  0.018  0.787  0.007        1
 75:     0.002  0.000  0.000  0.000  0.997  0.000        1
 76:     0.114  0.161  0.335  0.257  0.014  0.120        1
 77:     0.000  0.002  0.004  0.002  0.991  0.001        1
 78:     0.025  0.051  0.054  0.031  0.821  0.018        1
 79:     0.000  0.001  0.000  0.001  0.999  0.000        1
 80:     0.002  0.000  0.001  0.001  0.987  0.009        1
 81:     0.002  0.000  0.002  0.006  0.988  0.001        1
 82:     0.051  0.145  0.058  0.023  0.525  0.198        1
 83:     0.000  0.001  0.000  0.001  0.999  0.000        1
 84:     0.002  0.001  0.031  0.012  0.007  0.948        1
 85:     0.001  0.002  0.044  0.010  0.002  0.942        1
 86:     0.017  0.072  0.001  0.043  0.025  0.841        1
 87:     0.001  0.012  0.012  0.003  0.001  0.972        1
 88:     0.000  0.002  0.006  0.003  0.000  0.988        1
 89:     0.005  0.034  0.001  0.001  0.009  0.951        1
 90:     0.001  0.003  0.023  0.006  0.000  0.966        1
 91:     0.007  0.002  0.020  0.002  0.008  0.962        1
 92:     0.019  0.074  0.006  0.013  0.016  0.872        1
 93:     0.014  0.004  0.020  0.025  0.001  0.936        1
 94:     0.001  0.032  0.005  0.045  0.011  0.906        1
 95:     0.011  0.043  0.048  0.000  0.001  0.897        1
 96:     0.007  0.004  0.006  0.017  0.000  0.965        1
 97:     0.013  0.001  0.019  0.003  0.024  0.939        1
 98:     0.009  0.022  0.013  0.007  0.010  0.939        1
 99:     0.000  0.002  0.001  0.003  0.000  0.994        1
100:     0.006  0.000  0.012  0.002  0.002  0.978        1
101:     0.039  0.095  0.038  0.029  0.031  0.768        1
102:     0.019  0.100  0.017  0.035  0.013  0.816        1
103:     0.003  0.022  0.013  0.002  0.002  0.959        1
104:     0.019  0.010  0.005  0.001  0.008  0.956        1
105:     0.017  0.001  0.051  0.011  0.019  0.901        1
106:     0.023  0.110  0.029  0.001  0.013  0.824        1
107:     0.009  0.002  0.002  0.035  0.002  0.951        1
108:     0.002  0.082  0.052  0.010  0.011  0.843        1
109:     0.006  0.077  0.062  0.032  0.048  0.774        1
110:     0.020  0.131  0.022  0.001  0.056  0.771        1
111:     0.002  0.005  0.034  0.010  0.005  0.944        1
112:     0.003  0.015  0.002  0.005  0.001  0.974        1
113:     0.025  0.004  0.025  0.003  0.001  0.942        1
114:     0.005  0.012  0.007  0.002  0.008  0.965        1
115:     0.000  0.043  0.007  0.002  0.013  0.934        1
116:     0.008  0.002  0.000  0.010  0.004  0.976        1
117:     0.000  0.008  0.030  0.036  0.002  0.924        1
118:     0.025  0.005  0.002  0.002  0.010  0.957        1
119:     0.002  0.062  0.018  0.002  0.044  0.872        1
120:     0.007  0.046  0.001  0.000  0.019  0.927        1
121:     0.011  0.004  0.001  0.027  0.001  0.955        1
122:     0.016  0.041  0.004  0.006  0.011  0.922        1
123:     0.000  0.004  0.006  0.000  0.002  0.989        1
124:     0.008  0.056  0.083  0.011  0.020  0.821        1
125:     0.001  0.000  0.001  0.003  0.003  0.992        1
126:     0.027  0.077  0.024  0.005  0.026  0.842        1
127:     0.000  0.020  0.040  0.001  0.001  0.938        1
128:     0.013  0.002  0.001  0.003  0.021  0.961        1
129:     0.009  0.002  0.002  0.000  0.000  0.987        1
130:     0.002  0.020  0.051  0.019  0.008  0.901        1
131:     0.004  0.000  0.000  0.009  0.001  0.986        1
132:     0.058  0.032  0.071  0.015  0.004  0.821        1
133:     0.000  0.005  0.103  0.018  0.008  0.866        1
134:     0.025  0.064  0.001  0.021  0.027  0.860        1
135:     0.024  0.114  0.060  0.022  0.014  0.767        1
136:     0.002  0.000  0.001  0.003  0.001  0.993        1
137:     0.000  0.003  0.002  0.004  0.016  0.976        1
138:     0.000  0.010  0.000  0.000  0.008  0.982        1
139:     0.005  0.009  0.080  0.018  0.009  0.878        1
140:     0.004  0.009  0.117  0.000  0.008  0.862        1
141:     0.010  0.005  0.001  0.015  0.000  0.968        1
142:     0.000  0.092  0.020  0.012  0.011  0.865        1
143:     0.021  0.002  0.013  0.036  0.001  0.927        1
144:     0.003  0.007  0.034  0.005  0.013  0.939        1
145:     0.004  0.019  0.000  0.001  0.000  0.976        1
146:     0.006  0.003  0.036  0.022  0.000  0.933        1
147:     0.002  0.001  0.040  0.005  0.001  0.951        1
148:     0.122  0.405  0.094  0.096  0.112  0.172        1
149:     0.148  0.411  0.119  0.092  0.110  0.120        1
150:     0.119  0.531  0.047  0.031  0.148  0.125        1
151:     0.095  0.579  0.013  0.075  0.164  0.074        1
152:     0.081  0.519  0.142  0.081  0.115  0.063        1
153:     0.082  0.492  0.069  0.090  0.165  0.103        1
154:     0.115  0.520  0.051  0.040  0.172  0.101        1
155:     0.140  0.510  0.064  0.055  0.114  0.116        1
156:     0.124  0.485  0.113  0.052  0.149  0.077        1
157:     0.139  0.520  0.113  0.035  0.106  0.087        1
158:     0.111  0.513  0.037  0.082  0.148  0.109        1
159:     0.105  0.551  0.036  0.084  0.116  0.108        1
160:     0.175  0.533  0.064  0.043  0.139  0.045        1
161:     0.130  0.473  0.058  0.079  0.145  0.115        1
162:     0.154  0.503  0.046  0.056  0.148  0.093        1
163:     0.108  0.537  0.104  0.041  0.111  0.100        1
164:     0.150  0.484  0.048  0.050  0.153  0.114        1
165:     0.113  0.460  0.107  0.046  0.149  0.126        1
166:     0.148  0.517  0.121  0.039  0.117  0.058        1
167:     0.131  0.490  0.079  0.092  0.137  0.072        1
168:     0.137  0.579  0.022  0.035  0.138  0.089        1
169:     0.090  0.511  0.080  0.083  0.141  0.095        1
170:     0.135  0.515  0.051  0.037  0.135  0.127        1
171:     0.159  0.522  0.023  0.042  0.152  0.101        1
172:     0.156  0.514  0.086  0.044  0.135  0.065        1
173:     0.122  0.503  0.077  0.075  0.139  0.084        1
174:     0.136  0.516  0.069  0.021  0.147  0.111        1
175:     0.129  0.523  0.076  0.061  0.134  0.078       50
176:     0.133  0.532  0.063  0.061  0.139  0.073       49
177:     0.129  0.528  0.069  0.062  0.134  0.078       50
178:     0.129  0.524  0.071  0.063  0.137  0.075       49
179:     0.124  0.511  0.086  0.062  0.125  0.091       23
180:     0.128  0.525  0.072  0.057  0.138  0.080       49
181:     0.042  0.003  0.036  0.911  0.004  0.003       30
182:     0.827  0.002  0.088  0.073  0.006  0.002       30
183:     0.152  0.477  0.083  0.066  0.120  0.101       34
184:     0.132  0.531  0.065  0.063  0.136  0.073       36
185:     0.134  0.523  0.071  0.060  0.131  0.081       40
186:     0.134  0.535  0.057  0.055  0.139  0.080       39
187:     0.135  0.522  0.074  0.058  0.138  0.074       37
188:     0.138  0.514  0.078  0.057  0.131  0.083       40
189:     0.131  0.524  0.075  0.063  0.130  0.078       35
190:     0.149  0.519  0.068  0.050  0.132  0.082       28
191:     0.134  0.525  0.072  0.063  0.129  0.077       36
192:     0.137  0.526  0.069  0.060  0.133  0.075       32
--------------------------------------------

 Rep#:   Lambda   Alpha      F1    F2    F3    F4    F5    F6     D1,2  D1,3  D1,4  D1,5  D1,6  D2,3  D2,4  D2,5  D2,6  D3,4  D3,5  D3,6  D4,5  D4,6  D5,6    Ln Like 
 1000:    1.00    0.704    0.299 0.130 0.184 0.346 0.242 0.133    0.068 0.052 0.068 0.073 0.063 0.045 0.069 0.057 0.038 0.060 0.058 0.047 0.078 0.067 0.056   --  
 1100:    1.00    0.663    0.300 0.118 0.181 0.337 0.242 0.134    0.066 0.053 0.069 0.074 0.063 0.043 0.066 0.055 0.038 0.060 0.059 0.047 0.079 0.068 0.057   --  
 1200:    1.00    0.633    0.305 0.114 0.186 0.345 0.250 0.134    0.064 0.053 0.067 0.074 0.063 0.043 0.064 0.054 0.036 0.060 0.059 0.047 0.079 0.067 0.057   --  
 1300:    1.00    0.612    0.302 0.102 0.185 0.348 0.247 0.132    0.063 0.053 0.069 0.075 0.063 0.041 0.064 0.053 0.035 0.061 0.060 0.047 0.080 0.068 0.057   --  
 1400:    1.00    0.614    0.300 0.096 0.190 0.343 0.247 0.139    0.060 0.054 0.067 0.075 0.063 0.040 0.061 0.051 0.034 0.061 0.060 0.048 0.079 0.068 0.057   --  
 1500:    1.00    0.572    0.304 0.087 0.192 0.343 0.244 0.133    0.059 0.054 0.068 0.075 0.063 0.039 0.060 0.050 0.033 0.061 0.059 0.048 0.079 0.067 0.056   --  
 1600:    1.00    0.563    0.298 0.079 0.190 0.341 0.252 0.135    0.058 0.054 0.067 0.074 0.063 0.038 0.059 0.050 0.033 0.060 0.059 0.048 0.079 0.067 0.056   --  
 1700:    1.00    0.529    0.306 0.079 0.189 0.341 0.241 0.135    0.057 0.054 0.068 0.073 0.062 0.038 0.058 0.049 0.032 0.061 0.059 0.047 0.078 0.067 0.056   --  
 1800:    1.00    0.516    0.299 0.078 0.190 0.344 0.245 0.131    0.056 0.054 0.068 0.074 0.063 0.037 0.057 0.048 0.031 0.061 0.060 0.047 0.080 0.067 0.056   --  
 1900:    1.00    0.496    0.305 0.072 0.184 0.340 0.244 0.135    0.055 0.053 0.068 0.075 0.063 0.036 0.056 0.048 0.031 0.060 0.059 0.047 0.079 0.067 0.056   --  

--------------------------------------------
Proportion of membership of each pre-defined
 population in each of the 6 clusters

Given    Inferred Clusters                            Number of
 Pop       1      2      3      4      5      6      Individuals

  1:     0.086  0.666  0.058  0.034  0.103  0.054       54
  2:     0.089  0.663  0.059  0.031  0.106  0.052       30
  3:     0.287  0.126  0.255  0.228  0.051  0.052       30
  4:     0.004  0.001  0.973  0.016  0.002  0.003       20
  5:     0.053  0.028  0.874  0.029  0.008  0.008       30
  6:     0.087  0.679  0.055  0.028  0.096  0.054       43
  7:     0.083  0.677  0.061  0.033  0.100  0.046       44
  8:     0.074  0.695  0.041  0.034  0.109  0.047        4
  9:     0.075  0.717  0.027  0.024  0.105  0.052       22
 10:     0.086  0.713  0.018  0.026  0.107  0.051       24
 11:     0.080  0.683  0.053  0.033  0.099  0.051       54
 12:     0.079  0.693  0.050  0.033  0.097  0.048       37
 13:     0.086  0.661  0.057  0.036  0.102  0.059       42
 14:     0.077  0.685  0.057  0.033  0.105  0.043       42
 15:     0.083  0.679  0.057  0.032  0.098  0.051       49
 16:     0.085  0.669  0.060  0.034  0.098  0.054      124
 17:     0.077  0.679  0.048  0.040  0.106  0.050       24
 18:     0.076  0.686  0.047  0.035  0.107  0.049       34
 19:     0.090  0.674  0.043  0.037  0.105  0.052       52
 20:     0.113  0.678  0.027  0.026  0.109  0.047        1
 21:     0.063  0.637  0.056  0.005  0.113  0.127        1
 22:     0.134  0.655  0.031  0.006  0.116  0.058        1
 23:     0.056  0.656  0.085  0.032  0.082  0.089        1
 24:     0.064  0.721  0.030  0.021  0.105  0.058        1
 25:     0.083  0.652  0.100  0.023  0.080  0.062        1
 26:     0.065  0.651  0.078  0.005  0.132  0.070        1
 27:     0.069  0.632  0.112  0.030  0.110  0.047        1
 28:     0.086  0.693  0.006  0.036  0.128  0.051        1
 29:     0.049  0.710  0.000  0.044  0.142  0.055        1
 30:     0.096  0.585  0.129  0.009  0.097  0.085        1
 31:     0.083  0.544  0.190  0.019  0.124  0.040        1
 32:     0.093  0.701  0.026  0.021  0.111  0.047        1
 33:     0.088  0.626  0.086  0.036  0.152  0.012        1
 34:     0.046  0.675  0.032  0.029  0.160  0.059        1
 35:     0.112  0.707  0.030  0.000  0.095  0.056        1
 36:     0.065  0.665  0.067  0.071  0.097  0.034        1
 37:     0.057  0.694  0.055  0.022  0.109  0.062        1
 38:     0.057  0.639  0.110  0.023  0.071  0.101        1
 39:     0.027  0.673  0.069  0.000  0.134  0.096        1
 40:     0.052  0.635  0.101  0.029  0.102  0.081        1
 41:     0.065  0.726  0.002  0.035  0.090  0.080        1
 42:     0.079  0.624  0.074  0.033  0.127  0.062        1
 43:     0.089  0.654  0.062  0.038  0.092  0.066        1
 44:     0.055  0.660  0.112  0.044  0.093  0.036        1
 45:     0.087  0.623  0.052  0.001  0.172  0.066        1
 46:     0.084  0.651  0.000  0.064  0.065  0.136        1
 47:     0.080  0.710  0.002  0.042  0.106  0.060        1
 48:     0.096  0.637  0.019  0.058  0.128  0.062        1
 49:     0.083  0.666  0.012  0.028  0.146  0.065        1
 50:     0.117  0.423  0.322  0.014  0.078  0.046        1
 51:     0.119  0.519  0.181  0.015  0.115  0.051        1
 52:     0.124  0.633  0.026  0.015  0.104  0.098        1
 53:     0.131  0.607  0.072  0.023  0.101  0.067        1
 54:     0.003  0.001  0.001  0.000  0.988  0.007        1
 55:     0.000  0.000  0.008  0.004  0.985  0.002        1
 56:     0.015  0.152  0.005  0.001  0.813  0.015        1
 57:     0.000  0.031  0.000  0.000  0.968  0.000        1
 58:     0.002  0.073  0.000  0.015  0.909  0.001        1
 59:     0.013  0.086  0.017  0.011  0.865  0.008        1
 60:     0.001  0.000  0.012  0.000  0.986  0.002        1
 61:     0.001  0.000  0.000  0.003  0.995  0.001        1
 62:     0.132  0.410  0.242  0.146  0.028  0.043        1
 63:     0.018  0.015  0.024  0.004  0.934  0.004        1
 64:     0.000  0.000  0.000  0.000  0.998  0.001        1
 65:     0.000  0.000  0.000  0.000  0.999  0.000        1
 66:     0.040  0.001  0.005  0.002  0.947  0.004        1
 67:     0.022  0.200  0.032  0.026  0.611  0.109        1
 68:     0.005  0.006  0.019  0.027  0.939  0.004        1
 69:     0.003  0.000  0.004  0.000  0.992  0.001        1
 70:     0.012  0.174  0.004  0.018  0.790  0.002        1
 71:     0.008  0.002  0.000  0.000  0.989  0.001        1
 72:     0.001  0.000  0.002  0.000  0.996  0.000        1
 73:     0.001  0.000  0.000  0.000  0.999  0.000        1
 74:     0.043  0.121  0.029  0.004  0.802  0.000        1
 75:     0.000  0.000  0.000  0.000  0.999  0.001        1
 76:     0.074  0.218  0.298  0.274  0.028  0.108        1
 77:     0.000  0.000  0.003  0.000  0.996  0.000        1
 78:     0.012  0.100  0.001  0.032  0.840  0.015        1
 79:     0.001  0.000  0.000  0.000  0.999  0.000        1
 80:     0.000  0.004  0.001  0.021  0.971  0.003        1
 81:     0.000  0.001  0.000  0.001  0.993  0.004        1
 82:     0.064  0.200  0.012  0.018  0.538  0.168        1
 83:     0.005  0.002  0.002  0.000  0.991  0.000        1
 84:     0.017  0.009  0.009  0.008  0.003  0.954        1
 85:     0.001  0.004  0.026  0.009  0.002  0.958        1
 86:     0.010  0.058  0.006  0.015  0.037  0.874        1
 87:     0.005  0.021  0.002  0.000  0.000  0.972        1
 88:     0.000  0.001  0.013  0.000  0.003  0.983        1
 89:     0.004  0.029  0.000  0.002  0.000  0.964        1
 90:     0.010  0.001  0.015  0.000  0.005  0.970        1
 91:     0.000  0.006  0.006  0.005  0.002  0.981        1
 92:     0.024  0.122  0.000  0.010  0.000  0.844        1
 93:     0.003  0.000  0.003  0.052  0.016  0.926        1
 94:     0.012  0.060  0.002  0.024  0.000  0.902        1
 95:     0.021  0.046  0.028  0.000  0.000  0.905        1
 96:     0.001  0.000  0.001  0.000  0.004  0.994        1
 97:     0.003  0.001  0.040  0.002  0.002  0.952        1
 98:     0.003  0.028  0.004  0.006  0.003  0.957        1
 99:     0.002  0.000  0.001  0.000  0.001  0.997        1
100:     0.003  0.000  0.019  0.001  0.000  0.977        1
101:     0.002  0.172  0.025  0.016  0.011  0.774        1
102:     0.010  0.108  0.028  0.020  0.034  0.800        1
103:     0.020  0.009  0.000  0.001  0.000  0.971        1
104:     0.021  0.005  0.004  0.005  0.009  0.956        1
105:     0.040  0.000  0.033  0.002  0.020  0.905        1
106:     0.004  0.117  0.024  0.003  0.057  0.795        1
107:     0.010  0.003  0.000  0.029  0.000  0.957        1
108:     0.000  0.085  0.048  0.005  0.010  0.851        1
109:     0.039  0.098  0.041  0.022  0.041  0.758        1
110:     0.019  0.145  0.031  0.000  0.056  0.749        1
111:     0.000  0.003  0.006  0.009  0.001  0.981        1
112:     0.001  0.001  0.002  0.002  0.000  0.993        1
113:     0.020  0.000  0.019  0.007  0.003  0.951        1
114:     0.001  0.000  0.000  0.011  0.001  0.986        1
115:     0.001  0.072  0.004  0.000  0.000  0.921        1
116:     0.013  0.002  0.001  0.009  0.002  0.974        1
117:     0.000  0.000  0.025  0.060  0.000  0.915        1
118:     0.008  0.001  0.003  0.022  0.012  0.954        1
119:     0.001  0.081  0.016  0.000  0.001  0.901        1
120:     0.008  0.016  0.001  0.002  0.031  0.942        1
121:     0.002  0.019  0.008  0.015  0.000  0.955        1
122:     0.004  0.046  0.000  0.000  0.002  0.948        1
123:     0.000  0.000  0.012  0.001  0.001  0.985        1
124:     0.023  0.036  0.093  0.000  0.012  0.836        1
125:     0.001  0.005  0.005  0.001  0.000  0.988        1
126:     0.046  0.076  0.012  0.002  0.021  0.843        1
127:     0.005  0.031  0.014  0.008  0.004  0.938        1
128:     0.001  0.007  0.000  0.005  0.011  0.976        1
129:     0.001  0.004  0.000  0.000  0.000  0.995        1
130:     0.001  0.022  0.051  0.031  0.002  0.893        1
131:     0.002  0.000  0.000  0.001  0.000  0.996        1
132:     0.038  0.036  0.082  0.010  0.004  0.830        1
133:     0.005  0.020  0.083  0.021  0.009  0.862        1
134:     0.002  0.102  0.005  0.020  0.011  0.861        1
135:     0.036  0.098  0.003  0.001  0.049  0.814        1
136:     0.000  0.000  0.000  0.001  0.000  0.999        1
137:     0.000  0.000  0.005  0.003  0.010  0.983        1
138:     0.001  0.001  0.001  0.003  0.007  0.987        1
139:     0.007  0.000  0.079  0.034  0.001  0.878        1
140:     0.002  0.000  0.115  0.003  0.006  0.874        1
141:     0.001  0.002  0.000  0.014  0.000  0.983        1
142:     0.002  0.094  0.001  0.028  0.001  0.875        1
143:     0.017  0.002  0.025  0.013  0.000  0.943        1
144:     0.003  0.029  0.002  0.001  0.007  0.958        1
145:     0.001  0.011  0.001  0.008  0.001  0.978        1
146:     0.001  0.010  0.002  0.047  0.000  0.940        1
147:     0.000  0.000  0.048  0.000  0.000  0.951        1
148:     0.066  0.525  0.111  0.041  0.106  0.152        1
149:     0.106  0.523  0.094  0.119  0.069  0.089        1
150:     0.067  0.676  0.046  0.011  0.098  0.101        1
151:     0.051  0.686  0.000  0.062  0.147  0.054        1
152:     0.056  0.635  0.086  0.062  0.107  0.053        1
153:     0.039  0.683  0.044  0.070  0.082  0.082        1
154:     0.083  0.652  0.054  0.029  0.138  0.044        1
155:     0.036  0.632  0.096  0.023  0.132  0.082        1
156:     0.075  0.676  0.071  0.026  0.119  0.033        1
157:     0.060  0.676  0.082  0.008  0.103  0.071        1
158:     0.051  0.644  0.035  0.061  0.108  0.101        1
159:     0.069  0.697  0.000  0.039  0.097  0.098        1
160:     0.109  0.646  0.041  0.021  0.096  0.088        1
161:     0.060  0.589  0.073  0.064  0.123  0.091        1
162:     0.107  0.672  0.014  0.039  0.140  0.029        1
163:     0.050  0.636  0.113  0.002  0.124  0.075        1
164:     0.089  0.629  0.052  0.023  0.130  0.077        1
165:     0.093  0.582  0.073  0.036  0.108  0.109        1
166:     0.098  0.657  0.114  0.000  0.099  0.032        1
167:     0.082  0.606  0.055  0.064  0.126  0.068        1
168:     0.115  0.734  0.003  0.003  0.102  0.044        1
169:     0.058  0.638  0.037  0.051  0.117  0.098        1
170:     0.068  0.683  0.003  0.021  0.130  0.094        1
171:     0.108  0.714  0.012  0.028  0.100  0.037        1
172:     0.086  0.619  0.047  0.041  0.141  0.065        1
173:     0.078  0.687  0.060  0.053  0.081  0.041        1
174:     0.087  0.700  0.073  0.011  0.092  0.037        1
175:     0.079  0.672  0.059  0.040  0.101  0.049       50
176:     0.088  0.683  0.044  0.033  0.101  0.051       49
177:     0.086  0.686  0.048  0.034  0.096  0.049       50
178:     0.083  0.673  0.050  0.041  0.107  0.047       49
179:     0.077  0.674  0.063  0.027  0.098  0.061       23
180:     0.079  0.688  0.048  0.035  0.105  0.046       49
181:     0.038  0.005  0.036  0.917  0.002  0.001       30
182:     0.833  0.005  0.086  0.069  0.004  0.003       30
183:     0.108  0.624  0.063  0.043  0.088  0.074       34
184:     0.085  0.690  0.047  0.034  0.100  0.044       36
185:     0.088  0.676  0.055  0.033  0.097  0.050       40
186:     0.087  0.690  0.043  0.030  0.105  0.046       39
187:     0.082  0.674  0.055  0.036  0.102  0.051       37
188:     0.088  0.671  0.058  0.029  0.097  0.057       40
189:     0.079  0.673  0.050  0.045  0.102  0.051       35
190:     0.098  0.668  0.055  0.026  0.106  0.047       28
191:     0.084  0.678  0.051  0.037  0.099  0.051       36
192:     0.082  0.684  0.046  0.037  0.108  0.042       32
--------------------------------------------

