

----------------------------------------------------
STRUCTURE by Pritchard, Stephens and Donnelly (2000)
     and Falush, Stephens and Pritchard (2003)
       Code by Pritchard, Falush and Hubisz
             Version 2.3.4 (Jul 2012)
----------------------------------------------------


Reading file "/workdir/yc2644/CV_CT_array/structure/threader_input/mainparams".
Reading file "/workdir/yc2644/CV_CT_array/structure/threader_input/extraparams".
Reading file "/workdir/yc2644/CV_CT_array/structure/threader_input/n1601.recode.strct_in".


Data file "/workdir/yc2644/CV_CT_array/structure/threader_input/n1601.recode.strct_in" (truncated) --

Ind:   Label Pop : Genotype_data . . . .
  1:  001s    1  :  2   1   2   2   2   1   2  . . . .   2
  1:  001s    1  :  2   2   2   2   2   2   2  . . . .   2
  2:  002s    1  :  2   2   2   2   1   1   2  . . . .   2
  2:  002s    1  :  2   2   2   2   2   2   2  . . . .   2
  3:  003s    1  :  1   2   1   2   2   2   2  . . . .   1
  3:  003s    1  :  2   2   1   2   2   2   2  . . . .   2
  4:  004s    1  :  1   1   2   2   1   2   2  . . . .   1
  4:  004s    1  :  2   1   2   2   2   2   2  . . . .   2

      *******   

1600:    49  192  :  2   2   2   2   2   1   2  . . . .   1
1600:    49  192  :  2   2   2   2   2   2   2  . . . .   2
1601:    50  192  :  2   1   2   2   1   2   2  . . . .   1
1601:    50  192  :  2   2   2   2   2   2   2  . . . .   2

Number of alleles per locus: min= 2; ave=2.0; max= 2


--------------------------------------

Finished initialization; starting MCMC 
100000 iterations + 10000 burnin


--------------------------------------------
Proportion of membership of each pre-defined
 population in each of the 6 clusters

Given    Inferred Clusters                            Number of
 Pop       1      2      3      4      5      6      Individuals

  1:     0.101  0.215  0.173  0.130  0.181  0.200       54
  2:     0.103  0.232  0.159  0.128  0.180  0.199       30
  3:     0.570  0.056  0.100  0.083  0.076  0.113       30
  4:     0.682  0.074  0.069  0.056  0.079  0.040       20
  5:     0.632  0.046  0.081  0.074  0.116  0.052       30
  6:     0.095  0.208  0.176  0.123  0.172  0.227       43
  7:     0.090  0.222  0.163  0.145  0.187  0.192       44
  8:     0.076  0.145  0.157  0.138  0.178  0.307        4
  9:     0.064  0.196  0.221  0.127  0.180  0.212       22
 10:     0.059  0.199  0.194  0.147  0.189  0.213       24
 11:     0.090  0.215  0.165  0.129  0.177  0.224       54
 12:     0.086  0.196  0.160  0.129  0.219  0.210       37
 13:     0.096  0.211  0.173  0.136  0.180  0.204       42
 14:     0.096  0.184  0.164  0.132  0.204  0.221       42
 15:     0.097  0.221  0.183  0.131  0.174  0.193       49
 16:     0.100  0.203  0.177  0.134  0.196  0.191      124
 17:     0.091  0.197  0.203  0.137  0.183  0.190       24
 18:     0.084  0.209  0.177  0.138  0.200  0.193       34
 19:     0.093  0.198  0.163  0.140  0.192  0.214       52
 20:     0.095  0.128  0.116  0.177  0.188  0.296        1
 21:     0.114  0.182  0.257  0.250  0.121  0.076        1
 22:     0.054  0.359  0.106  0.101  0.172  0.207        1
 23:     0.130  0.251  0.103  0.233  0.066  0.217        1
 24:     0.106  0.311  0.176  0.092  0.048  0.266        1
 25:     0.162  0.160  0.143  0.177  0.171  0.188        1
 26:     0.112  0.245  0.184  0.150  0.148  0.160        1
 27:     0.138  0.247  0.205  0.145  0.158  0.108        1
 28:     0.094  0.205  0.137  0.137  0.153  0.273        1
 29:     0.048  0.132  0.207  0.195  0.049  0.370        1
 30:     0.096  0.229  0.271  0.124  0.243  0.037        1
 31:     0.220  0.195  0.107  0.087  0.212  0.178        1
 32:     0.016  0.411  0.154  0.114  0.015  0.290        1
 33:     0.134  0.513  0.006  0.084  0.137  0.127        1
 34:     0.049  0.063  0.306  0.170  0.204  0.208        1
 35:     0.069  0.140  0.170  0.085  0.196  0.339        1
 36:     0.058  0.117  0.171  0.140  0.171  0.344        1
 37:     0.102  0.366  0.216  0.079  0.167  0.070        1
 38:     0.149  0.208  0.132  0.232  0.158  0.121        1
 39:     0.054  0.208  0.197  0.126  0.356  0.058        1
 40:     0.111  0.089  0.197  0.236  0.056  0.312        1
 41:     0.035  0.140  0.219  0.126  0.281  0.198        1
 42:     0.095  0.193  0.232  0.128  0.229  0.123        1
 43:     0.101  0.245  0.149  0.046  0.229  0.231        1
 44:     0.123  0.086  0.084  0.166  0.445  0.096        1
 45:     0.036  0.332  0.184  0.257  0.174  0.016        1
 46:     0.079  0.245  0.202  0.195  0.083  0.197        1
 47:     0.024  0.041  0.063  0.242  0.141  0.490        1
 48:     0.104  0.161  0.096  0.083  0.223  0.332        1
 49:     0.069  0.441  0.122  0.106  0.123  0.139        1
 50:     0.282  0.129  0.115  0.115  0.170  0.188        1
 51:     0.210  0.165  0.090  0.108  0.222  0.204        1
 52:     0.103  0.158  0.244  0.212  0.212  0.071        1
 53:     0.123  0.167  0.198  0.136  0.175  0.201        1
 54:     0.079  0.035  0.478  0.087  0.213  0.108        1
 55:     0.014  0.016  0.801  0.090  0.013  0.067        1
 56:     0.081  0.108  0.404  0.129  0.118  0.160        1
 57:     0.085  0.104  0.388  0.125  0.177  0.121        1
 58:     0.081  0.003  0.482  0.115  0.257  0.063        1
 59:     0.066  0.011  0.537  0.171  0.097  0.117        1
 60:     0.074  0.067  0.446  0.242  0.032  0.139        1
 61:     0.079  0.041  0.439  0.170  0.196  0.075        1
 62:     0.350  0.173  0.082  0.097  0.154  0.144        1
 63:     0.120  0.046  0.479  0.203  0.144  0.007        1
 64:     0.059  0.075  0.668  0.066  0.106  0.026        1
 65:     0.047  0.119  0.706  0.093  0.014  0.021        1
 66:     0.049  0.128  0.369  0.178  0.216  0.060        1
 67:     0.107  0.075  0.366  0.176  0.176  0.100        1
 68:     0.069  0.182  0.583  0.068  0.059  0.038        1
 69:     0.065  0.017  0.624  0.206  0.042  0.046        1
 70:     0.108  0.011  0.590  0.024  0.141  0.124        1
 71:     0.078  0.235  0.456  0.203  0.018  0.010        1
 72:     0.080  0.095  0.464  0.101  0.254  0.006        1
 73:     0.080  0.049  0.493  0.163  0.166  0.049        1
 74:     0.053  0.154  0.383  0.210  0.106  0.094        1
 75:     0.092  0.054  0.598  0.065  0.086  0.105        1
 76:     0.455  0.012  0.012  0.131  0.266  0.126        1
 77:     0.138  0.108  0.423  0.142  0.110  0.079        1
 78:     0.122  0.124  0.350  0.135  0.123  0.147        1
 79:     0.065  0.020  0.805  0.070  0.009  0.031        1
 80:     0.006  0.071  0.573  0.072  0.142  0.136        1
 81:     0.112  0.128  0.411  0.104  0.118  0.126        1
 82:     0.155  0.128  0.272  0.157  0.181  0.107        1
 83:     0.080  0.259  0.507  0.081  0.034  0.038        1
 84:     0.081  0.040  0.058  0.746  0.033  0.042        1
 85:     0.108  0.041  0.057  0.724  0.028  0.042        1
 86:     0.062  0.008  0.084  0.745  0.061  0.040        1
 87:     0.058  0.038  0.034  0.791  0.048  0.032        1
 88:     0.067  0.032  0.054  0.786  0.036  0.025        1
 89:     0.037  0.023  0.076  0.819  0.021  0.024        1
 90:     0.062  0.016  0.003  0.901  0.005  0.013        1
 91:     0.073  0.022  0.074  0.761  0.022  0.048        1
 92:     0.047  0.129  0.048  0.739  0.003  0.035        1
 93:     0.113  0.004  0.028  0.833  0.022  0.000        1
 94:     0.063  0.011  0.100  0.710  0.035  0.082        1
 95:     0.067  0.043  0.032  0.791  0.007  0.060        1
 96:     0.052  0.033  0.051  0.780  0.057  0.028        1
 97:     0.070  0.037  0.008  0.820  0.042  0.024        1
 98:     0.056  0.027  0.094  0.789  0.016  0.018        1
 99:     0.057  0.043  0.047  0.789  0.034  0.030        1
100:     0.093  0.005  0.047  0.824  0.013  0.019        1
101:     0.097  0.090  0.129  0.636  0.016  0.033        1
102:     0.055  0.085  0.076  0.689  0.045  0.050        1
103:     0.085  0.008  0.110  0.770  0.007  0.019        1
104:     0.026  0.059  0.059  0.775  0.067  0.014        1
105:     0.087  0.044  0.034  0.800  0.018  0.017        1
106:     0.018  0.082  0.105  0.707  0.062  0.026        1
107:     0.068  0.063  0.032  0.797  0.005  0.036        1
108:     0.100  0.066  0.088  0.616  0.067  0.061        1
109:     0.135  0.077  0.127  0.645  0.010  0.006        1
110:     0.063  0.072  0.093  0.631  0.075  0.066        1
111:     0.101  0.047  0.012  0.804  0.033  0.003        1
112:     0.051  0.040  0.025  0.871  0.001  0.011        1
113:     0.097  0.018  0.118  0.716  0.027  0.024        1
114:     0.062  0.052  0.066  0.771  0.030  0.020        1
115:     0.048  0.071  0.117  0.694  0.002  0.066        1
116:     0.052  0.013  0.046  0.853  0.014  0.023        1
117:     0.113  0.008  0.076  0.772  0.018  0.012        1
118:     0.039  0.029  0.124  0.746  0.036  0.025        1
119:     0.053  0.047  0.110  0.644  0.081  0.065        1
120:     0.038  0.062  0.026  0.770  0.074  0.031        1
121:     0.065  0.004  0.046  0.859  0.007  0.020        1
122:     0.028  0.004  0.022  0.824  0.001  0.120        1
123:     0.058  0.020  0.088  0.830  0.002  0.002        1
124:     0.113  0.062  0.033  0.687  0.026  0.080        1
125:     0.065  0.058  0.048  0.767  0.038  0.023        1
126:     0.059  0.041  0.100  0.755  0.038  0.006        1
127:     0.072  0.046  0.074  0.712  0.034  0.062        1
128:     0.047  0.029  0.025  0.842  0.030  0.026        1
129:     0.079  0.022  0.050  0.790  0.046  0.012        1
130:     0.062  0.029  0.045  0.807  0.046  0.011        1
131:     0.027  0.046  0.067  0.819  0.006  0.035        1
132:     0.134  0.006  0.174  0.584  0.043  0.059        1
133:     0.132  0.015  0.022  0.706  0.054  0.071        1
134:     0.076  0.047  0.141  0.700  0.014  0.022        1
135:     0.096  0.012  0.128  0.715  0.021  0.028        1
136:     0.031  0.081  0.042  0.800  0.038  0.008        1
137:     0.041  0.010  0.079  0.831  0.001  0.037        1
138:     0.039  0.010  0.032  0.845  0.041  0.032        1
139:     0.137  0.042  0.010  0.732  0.043  0.036        1
140:     0.149  0.029  0.037  0.758  0.018  0.009        1
141:     0.065  0.021  0.018  0.830  0.056  0.010        1
142:     0.094  0.073  0.067  0.653  0.045  0.068        1
143:     0.100  0.042  0.025  0.705  0.030  0.098        1
144:     0.051  0.075  0.078  0.759  0.017  0.021        1
145:     0.066  0.044  0.124  0.733  0.008  0.025        1
146:     0.099  0.018  0.068  0.777  0.009  0.028        1
147:     0.064  0.048  0.010  0.831  0.017  0.029        1
148:     0.124  0.412  0.054  0.180  0.198  0.032        1
149:     0.198  0.219  0.245  0.158  0.114  0.065        1
150:     0.025  0.281  0.045  0.264  0.237  0.148        1
151:     0.049  0.106  0.231  0.102  0.272  0.239        1
152:     0.136  0.174  0.062  0.082  0.134  0.412        1
153:     0.094  0.034  0.171  0.189  0.287  0.225        1
154:     0.091  0.146  0.261  0.200  0.242  0.061        1
155:     0.105  0.168  0.236  0.192  0.191  0.108        1
156:     0.104  0.187  0.416  0.068  0.105  0.120        1
157:     0.114  0.268  0.204  0.125  0.153  0.136        1
158:     0.087  0.194  0.197  0.200  0.147  0.176        1
159:     0.023  0.127  0.319  0.151  0.326  0.055        1
160:     0.042  0.203  0.279  0.114  0.255  0.107        1
161:     0.125  0.165  0.177  0.184  0.135  0.214        1
162:     0.059  0.141  0.237  0.164  0.315  0.083        1
163:     0.104  0.314  0.014  0.151  0.231  0.186        1
164:     0.091  0.455  0.252  0.052  0.066  0.084        1
165:     0.099  0.283  0.100  0.243  0.170  0.106        1
166:     0.117  0.214  0.247  0.023  0.146  0.253        1
167:     0.062  0.330  0.056  0.173  0.191  0.188        1
168:     0.019  0.136  0.484  0.021  0.064  0.277        1
169:     0.102  0.170  0.204  0.147  0.187  0.190        1
170:     0.109  0.192  0.154  0.159  0.158  0.228        1
171:     0.069  0.100  0.325  0.128  0.090  0.288        1
172:     0.129  0.239  0.165  0.057  0.186  0.224        1
173:     0.087  0.040  0.233  0.166  0.175  0.301        1
174:     0.153  0.133  0.251  0.049  0.153  0.262        1
175:     0.104  0.214  0.175  0.128  0.182  0.197       50
176:     0.095  0.211  0.202  0.131  0.159  0.201       49
177:     0.096  0.228  0.178  0.135  0.163  0.200       50
178:     0.101  0.181  0.185  0.127  0.179  0.226       49
179:     0.107  0.261  0.165  0.134  0.188  0.146       23
180:     0.089  0.208  0.181  0.123  0.197  0.201       49
181:     0.826  0.037  0.028  0.026  0.040  0.042       30
182:     0.753  0.048  0.050  0.022  0.071  0.056       30
183:     0.132  0.194  0.198  0.127  0.174  0.174       34
184:     0.091  0.231  0.173  0.120  0.187  0.198       36
185:     0.095  0.207  0.192  0.135  0.191  0.179       40
186:     0.076  0.214  0.196  0.119  0.185  0.211       39
187:     0.097  0.176  0.168  0.129  0.177  0.252       37
188:     0.101  0.187  0.164  0.142  0.186  0.218       40
189:     0.105  0.201  0.174  0.128  0.160  0.231       35
190:     0.110  0.215  0.217  0.123  0.134  0.202       28
191:     0.091  0.214  0.186  0.119  0.165  0.225       36
192:     0.096  0.199  0.178  0.123  0.182  0.223       32
--------------------------------------------

 Rep#:   Lambda   Alpha      F1    F2    F3    F4    F5    F6     D1,2  D1,3  D1,4  D1,5  D1,6  D2,3  D2,4  D2,5  D2,6  D3,4  D3,5  D3,6  D4,5  D4,6  D5,6    Ln Like 
  100:    1.00    1.625    0.258 0.008 0.011 0.178 0.010 0.010    0.039 0.040 0.058 0.039 0.040 0.004 0.033 0.003 0.003 0.033 0.004 0.004 0.034 0.034 0.003   --  
  200:    1.00    1.256    0.212 0.008 0.178 0.192 0.010 0.010    0.033 0.049 0.050 0.033 0.033 0.034 0.036 0.003 0.003 0.053 0.034 0.034 0.037 0.037 0.003   --  
  300:    1.00    1.141    0.197 0.008 0.253 0.185 0.010 0.010    0.030 0.054 0.047 0.030 0.031 0.045 0.034 0.003 0.003 0.058 0.045 0.045 0.034 0.034 0.003   --  
  400:    1.00    0.973    0.184 0.008 0.267 0.175 0.010 0.010    0.029 0.055 0.046 0.029 0.030 0.046 0.033 0.003 0.003 0.059 0.046 0.046 0.033 0.033 0.003   --  
  500:    1.00    0.934    0.178 0.008 0.269 0.175 0.010 0.010    0.028 0.056 0.045 0.028 0.029 0.045 0.032 0.003 0.003 0.059 0.045 0.046 0.032 0.032 0.003   --  
  600:    1.00    0.886    0.175 0.008 0.267 0.166 0.010 0.010    0.027 0.055 0.044 0.027 0.028 0.045 0.031 0.003 0.003 0.059 0.046 0.045 0.031 0.031 0.003   --  
  700:    1.00    0.875    0.173 0.008 0.267 0.170 0.010 0.010    0.027 0.055 0.044 0.027 0.027 0.044 0.031 0.003 0.003 0.059 0.045 0.045 0.031 0.031 0.003   --  
  800:    1.00    0.809    0.174 0.008 0.263 0.167 0.010 0.010    0.026 0.055 0.044 0.026 0.027 0.043 0.030 0.003 0.003 0.058 0.044 0.044 0.031 0.031 0.003   --  
  900:    1.00    0.788    0.173 0.008 0.265 0.164 0.010 0.010    0.027 0.056 0.044 0.027 0.027 0.044 0.030 0.003 0.003 0.059 0.044 0.044 0.030 0.030 0.003   --  

--------------------------------------------
Proportion of membership of each pre-defined
 population in each of the 6 clusters

Given    Inferred Clusters                            Number of
 Pop       1      2      3      4      5      6      Individuals

  1:     0.076  0.253  0.091  0.070  0.251  0.258       54
  2:     0.075  0.284  0.099  0.059  0.209  0.274       30
  3:     0.689  0.035  0.065  0.066  0.059  0.085       30
  4:     0.807  0.016  0.042  0.070  0.056  0.008       20
  5:     0.735  0.012  0.036  0.090  0.114  0.013       30
  6:     0.069  0.295  0.084  0.071  0.220  0.261       43
  7:     0.065  0.291  0.084  0.068  0.249  0.243       44
  8:     0.038  0.225  0.100  0.072  0.230  0.336        4
  9:     0.028  0.264  0.092  0.065  0.214  0.337       22
 10:     0.032  0.277  0.088  0.066  0.176  0.362       24
 11:     0.065  0.293  0.081  0.072  0.227  0.261       54
 12:     0.055  0.276  0.089  0.065  0.263  0.252       37
 13:     0.072  0.239  0.087  0.071  0.248  0.283       42
 14:     0.063  0.234  0.093  0.063  0.274  0.272       42
 15:     0.074  0.258  0.089  0.068  0.254  0.257       49
 16:     0.076  0.300  0.084  0.072  0.220  0.248      124
 17:     0.066  0.285  0.090  0.069  0.218  0.273       24
 18:     0.055  0.313  0.097  0.065  0.230  0.240       34
 19:     0.068  0.287  0.088  0.067  0.229  0.261       52
 20:     0.029  0.236  0.088  0.090  0.218  0.340        1
 21:     0.013  0.431  0.119  0.089  0.240  0.109        1
 22:     0.061  0.477  0.124  0.021  0.135  0.181        1
 23:     0.070  0.574  0.096  0.105  0.012  0.143        1
 24:     0.051  0.458  0.098  0.067  0.021  0.304        1
 25:     0.112  0.097  0.076  0.125  0.273  0.316        1
 26:     0.078  0.306  0.106  0.092  0.151  0.266        1
 27:     0.083  0.129  0.083  0.098  0.425  0.182        1
 28:     0.045  0.216  0.071  0.082  0.165  0.421        1
 29:     0.035  0.247  0.098  0.061  0.086  0.473        1
 30:     0.094  0.283  0.069  0.098  0.377  0.079        1
 31:     0.214  0.186  0.118  0.050  0.251  0.181        1
 32:     0.060  0.345  0.076  0.088  0.130  0.302        1
 33:     0.117  0.379  0.107  0.064  0.259  0.075        1
 34:     0.009  0.234  0.117  0.078  0.155  0.407        1
 35:     0.084  0.126  0.078  0.056  0.294  0.362        1
 36:     0.092  0.128  0.062  0.095  0.297  0.325        1
 37:     0.106  0.375  0.069  0.085  0.328  0.037        1
 38:     0.085  0.223  0.068  0.147  0.276  0.201        1
 39:     0.059  0.194  0.140  0.087  0.328  0.191        1
 40:     0.090  0.009  0.113  0.110  0.535  0.143        1
 41:     0.019  0.300  0.106  0.126  0.163  0.286        1
 42:     0.083  0.207  0.113  0.058  0.265  0.273        1
 43:     0.063  0.195  0.093  0.104  0.132  0.413        1
 44:     0.110  0.189  0.122  0.057  0.365  0.158        1
 45:     0.031  0.366  0.126  0.078  0.139  0.260        1
 46:     0.027  0.462  0.068  0.136  0.059  0.248        1
 47:     0.046  0.029  0.054  0.088  0.002  0.782        1
 48:     0.039  0.028  0.060  0.095  0.003  0.774        1
 49:     0.032  0.361  0.081  0.057  0.036  0.433        1
 50:     0.354  0.002  0.070  0.099  0.306  0.169        1
 51:     0.215  0.165  0.087  0.091  0.411  0.031        1
 52:     0.083  0.269  0.096  0.089  0.248  0.215        1
 53:     0.052  0.313  0.078  0.080  0.441  0.036        1
 54:     0.007  0.000  0.980  0.003  0.004  0.005        1
 55:     0.002  0.000  0.990  0.001  0.002  0.005        1
 56:     0.016  0.006  0.850  0.014  0.008  0.106        1
 57:     0.002  0.008  0.948  0.009  0.013  0.020        1
 58:     0.016  0.026  0.903  0.014  0.000  0.041        1
 59:     0.054  0.010  0.860  0.025  0.042  0.009        1
 60:     0.000  0.004  0.995  0.000  0.000  0.000        1
 61:     0.001  0.001  0.995  0.002  0.000  0.001        1
 62:     0.396  0.065  0.009  0.081  0.415  0.034        1
 63:     0.046  0.003  0.941  0.009  0.001  0.000        1
 64:     0.001  0.000  0.995  0.001  0.002  0.001        1
 65:     0.000  0.001  0.997  0.001  0.000  0.000        1
 66:     0.007  0.006  0.961  0.016  0.004  0.006        1
 67:     0.068  0.010  0.604  0.116  0.156  0.046        1
 68:     0.014  0.025  0.926  0.011  0.006  0.018        1
 69:     0.003  0.001  0.988  0.008  0.000  0.000        1
 70:     0.037  0.064  0.802  0.041  0.021  0.034        1
 71:     0.002  0.000  0.993  0.001  0.004  0.000        1
 72:     0.002  0.000  0.993  0.003  0.001  0.001        1
 73:     0.000  0.001  0.997  0.000  0.000  0.001        1
 74:     0.039  0.030  0.785  0.002  0.041  0.103        1
 75:     0.000  0.000  0.997  0.001  0.001  0.001        1
 76:     0.535  0.011  0.018  0.141  0.271  0.025        1
 77:     0.002  0.001  0.994  0.001  0.002  0.000        1
 78:     0.085  0.006  0.777  0.028  0.003  0.101        1
 79:     0.004  0.003  0.991  0.001  0.000  0.001        1
 80:     0.013  0.004  0.979  0.000  0.001  0.003        1
 81:     0.001  0.000  0.996  0.001  0.001  0.000        1
 82:     0.055  0.178  0.510  0.176  0.072  0.009        1
 83:     0.003  0.002  0.993  0.001  0.001  0.000        1
 84:     0.029  0.015  0.005  0.940  0.005  0.007        1
 85:     0.071  0.001  0.009  0.916  0.001  0.002        1
 86:     0.012  0.006  0.051  0.844  0.033  0.054        1
 87:     0.022  0.007  0.001  0.948  0.017  0.005        1
 88:     0.000  0.014  0.009  0.975  0.001  0.001        1
 89:     0.000  0.023  0.004  0.929  0.009  0.034        1
 90:     0.029  0.000  0.006  0.964  0.000  0.000        1
 91:     0.002  0.002  0.010  0.963  0.009  0.014        1
 92:     0.012  0.103  0.001  0.803  0.014  0.066        1
 93:     0.069  0.001  0.000  0.925  0.005  0.000        1
 94:     0.018  0.005  0.000  0.909  0.001  0.067        1
 95:     0.051  0.014  0.005  0.901  0.000  0.028        1
 96:     0.003  0.000  0.001  0.994  0.002  0.000        1
 97:     0.035  0.001  0.028  0.934  0.002  0.000        1
 98:     0.013  0.015  0.012  0.949  0.002  0.009        1
 99:     0.001  0.000  0.009  0.990  0.000  0.000        1
100:     0.000  0.001  0.008  0.988  0.002  0.000        1
101:     0.023  0.115  0.023  0.761  0.066  0.013        1
102:     0.020  0.084  0.012  0.814  0.012  0.058        1
103:     0.020  0.004  0.004  0.963  0.002  0.006        1
104:     0.003  0.035  0.012  0.944  0.006  0.000        1
105:     0.045  0.001  0.034  0.896  0.017  0.007        1
106:     0.001  0.028  0.048  0.778  0.079  0.065        1
107:     0.035  0.006  0.010  0.944  0.000  0.004        1
108:     0.055  0.060  0.002  0.855  0.019  0.009        1
109:     0.083  0.122  0.016  0.753  0.020  0.007        1
110:     0.017  0.022  0.055  0.752  0.025  0.129        1
111:     0.006  0.011  0.000  0.977  0.005  0.001        1
112:     0.007  0.008  0.009  0.971  0.002  0.002        1
113:     0.053  0.001  0.001  0.942  0.002  0.001        1
114:     0.002  0.004  0.019  0.966  0.005  0.004        1
115:     0.001  0.029  0.037  0.916  0.013  0.005        1
116:     0.004  0.001  0.007  0.976  0.004  0.009        1
117:     0.072  0.004  0.002  0.920  0.001  0.001        1
118:     0.048  0.000  0.011  0.936  0.004  0.000        1
119:     0.003  0.030  0.026  0.867  0.056  0.018        1
120:     0.003  0.005  0.035  0.944  0.009  0.004        1
121:     0.043  0.014  0.001  0.928  0.000  0.014        1
122:     0.003  0.007  0.010  0.906  0.000  0.074        1
123:     0.010  0.003  0.000  0.986  0.001  0.000        1
124:     0.108  0.003  0.020  0.824  0.031  0.014        1
125:     0.001  0.000  0.014  0.962  0.002  0.020        1
126:     0.012  0.034  0.049  0.869  0.022  0.014        1
127:     0.048  0.006  0.024  0.915  0.005  0.002        1
128:     0.020  0.003  0.029  0.936  0.005  0.008        1
129:     0.004  0.000  0.005  0.990  0.001  0.000        1
130:     0.046  0.000  0.028  0.883  0.041  0.000        1
131:     0.001  0.001  0.007  0.986  0.004  0.001        1
132:     0.094  0.003  0.015  0.829  0.006  0.053        1
133:     0.085  0.005  0.008  0.881  0.010  0.011        1
134:     0.030  0.072  0.053  0.822  0.006  0.017        1
135:     0.043  0.039  0.005  0.820  0.043  0.051        1
136:     0.002  0.000  0.008  0.989  0.000  0.000        1
137:     0.009  0.003  0.012  0.967  0.007  0.003        1
138:     0.009  0.002  0.017  0.969  0.003  0.000        1
139:     0.074  0.001  0.012  0.901  0.010  0.002        1
140:     0.058  0.003  0.027  0.899  0.007  0.006        1
141:     0.004  0.004  0.003  0.983  0.006  0.000        1
142:     0.008  0.023  0.003  0.895  0.003  0.068        1
143:     0.068  0.000  0.007  0.906  0.006  0.013        1
144:     0.028  0.009  0.003  0.951  0.009  0.001        1
145:     0.008  0.015  0.001  0.957  0.003  0.017        1
146:     0.022  0.008  0.017  0.941  0.005  0.008        1
147:     0.026  0.004  0.000  0.970  0.000  0.000        1
148:     0.144  0.383  0.121  0.159  0.186  0.007        1
149:     0.183  0.128  0.100  0.101  0.406  0.082        1
150:     0.037  0.366  0.093  0.092  0.314  0.097        1
151:     0.021  0.140  0.117  0.073  0.242  0.406        1
152:     0.084  0.140  0.068  0.059  0.372  0.278        1
153:     0.077  0.396  0.060  0.067  0.263  0.138        1
154:     0.042  0.287  0.087  0.064  0.435  0.085        1
155:     0.036  0.186  0.071  0.089  0.373  0.245        1
156:     0.061  0.138  0.098  0.091  0.412  0.200        1
157:     0.059  0.410  0.107  0.067  0.246  0.110        1
158:     0.055  0.447  0.086  0.098  0.046  0.267        1
159:     0.023  0.339  0.110  0.073  0.296  0.160        1
160:     0.080  0.318  0.114  0.038  0.312  0.137        1
161:     0.086  0.077  0.140  0.117  0.241  0.338        1
162:     0.047  0.305  0.096  0.065  0.365  0.122        1
163:     0.085  0.281  0.140  0.082  0.258  0.155        1
164:     0.081  0.252  0.109  0.078  0.328  0.152        1
165:     0.100  0.510  0.100  0.115  0.100  0.076        1
166:     0.074  0.270  0.065  0.060  0.476  0.055        1
167:     0.087  0.252  0.127  0.054  0.171  0.310        1
168:     0.016  0.421  0.086  0.065  0.227  0.185        1
169:     0.033  0.132  0.082  0.076  0.347  0.330        1
170:     0.012  0.295  0.104  0.102  0.140  0.347        1
171:     0.038  0.433  0.078  0.107  0.142  0.202        1
172:     0.050  0.332  0.131  0.099  0.111  0.276        1
173:     0.106  0.276  0.087  0.057  0.334  0.140        1
174:     0.066  0.295  0.130  0.064  0.024  0.421        1
175:     0.072  0.266  0.089  0.064  0.254  0.255       50
176:     0.058  0.303  0.087  0.066  0.194  0.292       49
177:     0.067  0.334  0.085  0.066  0.198  0.250       50
178:     0.071  0.273  0.086  0.064  0.229  0.276       49
179:     0.076  0.322  0.084  0.074  0.239  0.206       23
180:     0.058  0.283  0.092  0.062  0.245  0.261       49
181:     0.981  0.004  0.005  0.002  0.003  0.004       30
182:     0.947  0.014  0.013  0.007  0.008  0.011       30
183:     0.114  0.180  0.079  0.083  0.295  0.248       34
184:     0.066  0.267  0.088  0.058  0.261  0.259       36
185:     0.067  0.226  0.085  0.073  0.299  0.251       40
186:     0.052  0.264  0.089  0.063  0.233  0.299       39
187:     0.069  0.226  0.090  0.064  0.254  0.297       37
188:     0.074  0.253  0.083  0.076  0.254  0.261       40
189:     0.069  0.264  0.086  0.069  0.183  0.329       35
190:     0.077  0.295  0.088  0.063  0.175  0.301       28
191:     0.070  0.233  0.079  0.062  0.249  0.308       36
192:     0.067  0.244  0.087  0.057  0.232  0.312       32
--------------------------------------------

 Rep#:   Lambda   Alpha      F1    F2    F3    F4    F5    F6     D1,2  D1,3  D1,4  D1,5  D1,6  D2,3  D2,4  D2,5  D2,6  D3,4  D3,5  D3,6  D4,5  D4,6  D5,6    Ln Like 
 1000:    1.00    0.730    0.172 0.008 0.258 0.160 0.010 0.010    0.026 0.055 0.044 0.026 0.026 0.043 0.029 0.003 0.003 0.058 0.043 0.043 0.030 0.029 0.003   --  
 1100:    1.00    0.722    0.169 0.008 0.253 0.160 0.010 0.010    0.025 0.055 0.044 0.026 0.026 0.042 0.029 0.003 0.003 0.057 0.042 0.042 0.029 0.029 0.003   --  
 1200:    1.00    0.711    0.170 0.008 0.255 0.158 0.010 0.010    0.025 0.054 0.044 0.026 0.026 0.041 0.029 0.003 0.003 0.058 0.041 0.042 0.029 0.029 0.003   --  
 1300:    1.00    0.642    0.165 0.008 0.255 0.158 0.010 0.010    0.025 0.055 0.044 0.025 0.025 0.042 0.029 0.003 0.003 0.058 0.042 0.042 0.029 0.029 0.003   --  
 1400:    1.00    0.628    0.164 0.008 0.250 0.157 0.011 0.009    0.025 0.055 0.044 0.025 0.025 0.041 0.028 0.003 0.003 0.058 0.041 0.041 0.029 0.028 0.003   --  
 1500:    1.00    0.609    0.170 0.008 0.252 0.155 0.011 0.010    0.025 0.055 0.044 0.025 0.026 0.041 0.028 0.003 0.003 0.058 0.041 0.041 0.029 0.028 0.003   --  
 1600:    1.00    0.582    0.171 0.008 0.259 0.154 0.011 0.010    0.026 0.055 0.044 0.026 0.026 0.040 0.027 0.003 0.003 0.057 0.041 0.041 0.028 0.028 0.004   --  
 1700:    1.00    0.550    0.170 0.008 0.248 0.154 0.011 0.010    0.026 0.056 0.044 0.026 0.026 0.040 0.027 0.003 0.003 0.058 0.041 0.041 0.028 0.028 0.004   --  
 1800:    1.00    0.520    0.177 0.008 0.253 0.154 0.013 0.010    0.026 0.056 0.044 0.026 0.027 0.040 0.027 0.004 0.003 0.057 0.041 0.040 0.028 0.027 0.004   --  
 1900:    1.00    0.516    0.179 0.008 0.250 0.151 0.016 0.010    0.027 0.057 0.044 0.027 0.027 0.040 0.027 0.004 0.003 0.057 0.041 0.040 0.028 0.027 0.004   --  

--------------------------------------------
Proportion of membership of each pre-defined
 population in each of the 6 clusters

Given    Inferred Clusters                            Number of
 Pop       1      2      3      4      5      6      Individuals

  1:     0.057  0.318  0.049  0.038  0.247  0.290       54
  2:     0.055  0.366  0.050  0.037  0.213  0.279       30
  3:     0.654  0.026  0.054  0.059  0.090  0.118       30
  4:     0.610  0.003  0.007  0.030  0.350  0.001       20
  5:     0.571  0.002  0.007  0.025  0.393  0.001       30
  6:     0.048  0.327  0.043  0.044  0.234  0.304       43
  7:     0.045  0.348  0.044  0.036  0.240  0.287       44
  8:     0.025  0.274  0.043  0.036  0.205  0.417        4
  9:     0.013  0.300  0.053  0.040  0.133  0.462       22
 10:     0.017  0.282  0.052  0.047  0.142  0.459       24
 11:     0.042  0.343  0.044  0.046  0.242  0.283       54
 12:     0.039  0.329  0.049  0.038  0.250  0.296       37
 13:     0.059  0.284  0.047  0.043  0.247  0.321       42
 14:     0.051  0.297  0.047  0.035  0.267  0.303       42
 15:     0.049  0.276  0.049  0.040  0.285  0.303       49
 16:     0.056  0.348  0.045  0.043  0.226  0.282      124
 17:     0.046  0.351  0.048  0.045  0.213  0.297       24
 18:     0.031  0.396  0.054  0.042  0.221  0.257       34
 19:     0.050  0.358  0.047  0.038  0.222  0.285       52
 20:     0.063  0.456  0.040  0.043  0.036  0.362        1
 21:     0.006  0.454  0.059  0.135  0.229  0.117        1
 22:     0.022  0.535  0.072  0.020  0.197  0.154        1
 23:     0.037  0.434  0.050  0.115  0.001  0.363        1
 24:     0.041  0.485  0.042  0.063  0.036  0.333        1
 25:     0.058  0.000  0.016  0.086  0.357  0.482        1
 26:     0.034  0.482  0.054  0.089  0.005  0.336        1
 27:     0.065  0.180  0.035  0.066  0.451  0.203        1
 28:     0.060  0.316  0.080  0.070  0.027  0.446        1
 29:     0.004  0.308  0.064  0.016  0.370  0.237        1
 30:     0.089  0.206  0.068  0.058  0.415  0.164        1
 31:     0.179  0.082  0.040  0.044  0.347  0.307        1
 32:     0.028  0.289  0.041  0.052  0.187  0.402        1
 33:     0.070  0.337  0.095  0.060  0.412  0.026        1
 34:     0.005  0.377  0.082  0.032  0.043  0.462        1
 35:     0.003  0.228  0.034  0.056  0.180  0.498        1
 36:     0.038  0.120  0.065  0.105  0.304  0.368        1
 37:     0.016  0.421  0.032  0.060  0.393  0.077        1
 38:     0.088  0.278  0.041  0.134  0.335  0.123        1
 39:     0.053  0.138  0.091  0.036  0.475  0.207        1
 40:     0.066  0.099  0.066  0.060  0.454  0.256        1
 41:     0.009  0.320  0.034  0.060  0.171  0.407        1
 42:     0.044  0.318  0.053  0.072  0.225  0.288        1
 43:     0.026  0.325  0.060  0.034  0.427  0.128        1
 44:     0.078  0.202  0.070  0.016  0.330  0.304        1
 45:     0.031  0.518  0.101  0.060  0.058  0.232        1
 46:     0.028  0.391  0.064  0.116  0.056  0.344        1
 47:     0.034  0.004  0.041  0.038  0.015  0.869        1
 48:     0.006  0.003  0.029  0.039  0.000  0.923        1
 49:     0.051  0.360  0.090  0.074  0.002  0.423        1
 50:     0.267  0.009  0.066  0.066  0.591  0.001        1
 51:     0.207  0.281  0.054  0.084  0.281  0.093        1
 52:     0.071  0.364  0.035  0.086  0.173  0.271        1
 53:     0.062  0.268  0.062  0.076  0.431  0.101        1
 54:     0.001  0.001  0.993  0.004  0.001  0.001        1
 55:     0.005  0.003  0.990  0.000  0.000  0.001        1
 56:     0.001  0.017  0.826  0.031  0.047  0.078        1
 57:     0.001  0.002  0.935  0.007  0.000  0.055        1
 58:     0.002  0.001  0.899  0.000  0.004  0.095        1
 59:     0.012  0.013  0.848  0.001  0.120  0.005        1
 60:     0.000  0.000  0.975  0.000  0.001  0.023        1
 61:     0.005  0.000  0.989  0.004  0.001  0.000        1
 62:     0.361  0.008  0.001  0.058  0.559  0.013        1
 63:     0.038  0.000  0.940  0.006  0.001  0.015        1
 64:     0.000  0.000  0.999  0.000  0.000  0.000        1
 65:     0.000  0.000  0.997  0.001  0.000  0.002        1
 66:     0.018  0.010  0.936  0.027  0.006  0.004        1
 67:     0.075  0.006  0.606  0.054  0.070  0.190        1
 68:     0.004  0.002  0.931  0.000  0.014  0.050        1
 69:     0.000  0.000  0.981  0.007  0.000  0.011        1
 70:     0.010  0.147  0.793  0.035  0.000  0.017        1
 71:     0.005  0.000  0.992  0.002  0.000  0.000        1
 72:     0.000  0.000  0.998  0.001  0.000  0.000        1
 73:     0.000  0.000  0.999  0.000  0.000  0.000        1
 74:     0.060  0.027  0.757  0.000  0.122  0.034        1
 75:     0.000  0.000  0.998  0.001  0.000  0.000        1
 76:     0.490  0.000  0.002  0.084  0.424  0.000        1
 77:     0.000  0.002  0.997  0.000  0.000  0.000        1
 78:     0.061  0.016  0.830  0.009  0.001  0.083        1
 79:     0.001  0.002  0.990  0.005  0.002  0.001        1
 80:     0.003  0.007  0.968  0.005  0.018  0.001        1
 81:     0.000  0.000  0.997  0.000  0.002  0.000        1
 82:     0.054  0.170  0.510  0.143  0.096  0.028        1
 83:     0.002  0.000  0.992  0.000  0.002  0.003        1
 84:     0.036  0.002  0.016  0.943  0.000  0.004        1
 85:     0.051  0.010  0.001  0.925  0.012  0.001        1
 86:     0.006  0.046  0.025  0.851  0.056  0.016        1
 87:     0.006  0.009  0.000  0.976  0.003  0.005        1
 88:     0.003  0.009  0.005  0.979  0.004  0.001        1
 89:     0.000  0.001  0.001  0.958  0.003  0.036        1
 90:     0.003  0.005  0.000  0.990  0.001  0.001        1
 91:     0.000  0.000  0.001  0.977  0.022  0.000        1
 92:     0.000  0.109  0.007  0.852  0.031  0.001        1
 93:     0.068  0.003  0.000  0.925  0.003  0.000        1
 94:     0.005  0.001  0.004  0.911  0.005  0.074        1
 95:     0.031  0.041  0.007  0.851  0.067  0.002        1
 96:     0.000  0.001  0.000  0.997  0.001  0.000        1
 97:     0.003  0.005  0.029  0.961  0.003  0.000        1
 98:     0.034  0.004  0.003  0.938  0.000  0.021        1
 99:     0.001  0.001  0.000  0.997  0.000  0.001        1
100:     0.004  0.000  0.006  0.985  0.005  0.001        1
101:     0.023  0.139  0.006  0.774  0.054  0.004        1
102:     0.010  0.151  0.019  0.815  0.001  0.004        1
103:     0.002  0.004  0.001  0.987  0.006  0.000        1
104:     0.002  0.046  0.005  0.929  0.015  0.003        1
105:     0.056  0.004  0.050  0.888  0.001  0.001        1
106:     0.000  0.127  0.026  0.764  0.080  0.003        1
107:     0.024  0.003  0.013  0.942  0.002  0.016        1
108:     0.041  0.086  0.001  0.858  0.014  0.000        1
109:     0.048  0.000  0.012  0.742  0.196  0.002        1
110:     0.001  0.080  0.040  0.752  0.002  0.125        1
111:     0.024  0.006  0.005  0.947  0.015  0.003        1
112:     0.000  0.002  0.000  0.997  0.002  0.000        1
113:     0.007  0.026  0.000  0.929  0.028  0.009        1
114:     0.016  0.001  0.005  0.958  0.017  0.004        1
115:     0.003  0.048  0.009  0.914  0.011  0.014        1
116:     0.000  0.008  0.001  0.988  0.002  0.000        1
117:     0.047  0.003  0.001  0.940  0.005  0.004        1
118:     0.034  0.010  0.005  0.947  0.001  0.003        1
119:     0.006  0.090  0.001  0.858  0.030  0.015        1
120:     0.015  0.038  0.000  0.942  0.003  0.001        1
121:     0.001  0.013  0.001  0.965  0.021  0.000        1
122:     0.002  0.001  0.012  0.934  0.007  0.044        1
123:     0.000  0.000  0.005  0.994  0.000  0.000        1
124:     0.076  0.020  0.011  0.829  0.000  0.064        1
125:     0.000  0.001  0.000  0.980  0.014  0.005        1
126:     0.020  0.066  0.031  0.859  0.024  0.000        1
127:     0.031  0.020  0.007  0.926  0.017  0.000        1
128:     0.001  0.026  0.000  0.961  0.002  0.010        1
129:     0.001  0.000  0.003  0.995  0.001  0.000        1
130:     0.030  0.045  0.007  0.911  0.002  0.004        1
131:     0.000  0.000  0.007  0.992  0.001  0.000        1
132:     0.066  0.011  0.004  0.818  0.056  0.045        1
133:     0.096  0.011  0.000  0.872  0.004  0.017        1
134:     0.001  0.109  0.003  0.861  0.025  0.001        1
135:     0.020  0.051  0.000  0.811  0.065  0.053        1
136:     0.000  0.000  0.001  0.992  0.000  0.006        1
137:     0.000  0.003  0.015  0.976  0.004  0.003        1
138:     0.000  0.000  0.002  0.997  0.002  0.000        1
139:     0.064  0.023  0.002  0.891  0.006  0.013        1
140:     0.100  0.001  0.016  0.873  0.009  0.001        1
141:     0.006  0.001  0.001  0.989  0.003  0.000        1
142:     0.051  0.006  0.000  0.825  0.027  0.091        1
143:     0.068  0.004  0.000  0.920  0.002  0.006        1
144:     0.008  0.018  0.000  0.959  0.012  0.002        1
145:     0.010  0.001  0.012  0.974  0.002  0.000        1
146:     0.030  0.021  0.002  0.939  0.002  0.006        1
147:     0.005  0.000  0.004  0.988  0.000  0.002        1
148:     0.134  0.037  0.093  0.104  0.552  0.079        1
149:     0.166  0.168  0.018  0.118  0.282  0.248        1
150:     0.000  0.431  0.046  0.103  0.419  0.002        1
151:     0.033  0.195  0.072  0.033  0.158  0.509        1
152:     0.074  0.236  0.037  0.045  0.280  0.328        1
153:     0.039  0.343  0.050  0.022  0.139  0.407        1
154:     0.016  0.450  0.065  0.023  0.416  0.030        1
155:     0.028  0.187  0.044  0.052  0.308  0.382        1
156:     0.040  0.217  0.086  0.031  0.352  0.275        1
157:     0.030  0.479  0.037  0.081  0.348  0.024        1
158:     0.042  0.257  0.047  0.071  0.014  0.569        1
159:     0.018  0.267  0.026  0.072  0.220  0.398        1
160:     0.016  0.428  0.019  0.041  0.392  0.106        1
161:     0.069  0.160  0.069  0.101  0.066  0.535        1
162:     0.032  0.551  0.111  0.030  0.223  0.052        1
163:     0.047  0.660  0.082  0.045  0.073  0.093        1
164:     0.021  0.022  0.073  0.065  0.368  0.450        1
165:     0.100  0.627  0.055  0.092  0.039  0.086        1
166:     0.056  0.225  0.044  0.002  0.673  0.000        1
167:     0.052  0.252  0.050  0.036  0.204  0.406        1
168:     0.023  0.299  0.048  0.040  0.141  0.449        1
169:     0.027  0.099  0.091  0.063  0.424  0.295        1
170:     0.003  0.308  0.061  0.077  0.118  0.433        1
171:     0.015  0.527  0.049  0.059  0.104  0.246        1
172:     0.057  0.213  0.079  0.048  0.321  0.282        1
173:     0.052  0.621  0.040  0.038  0.230  0.019        1
174:     0.035  0.316  0.071  0.084  0.002  0.492        1
175:     0.052  0.339  0.046  0.037  0.210  0.316       50
176:     0.045  0.355  0.047  0.039  0.197  0.318       49
177:     0.050  0.387  0.042  0.038  0.198  0.284       50
178:     0.053  0.331  0.051  0.036  0.216  0.313       49
179:     0.050  0.390  0.044  0.046  0.224  0.246       23
180:     0.046  0.326  0.049  0.037  0.225  0.316       49
181:     0.981  0.006  0.004  0.002  0.001  0.005       30
182:     0.941  0.023  0.012  0.006  0.005  0.014       30
183:     0.101  0.168  0.037  0.058  0.337  0.299       34
184:     0.045  0.290  0.044  0.033  0.283  0.305       36
185:     0.054  0.213  0.046  0.045  0.282  0.359       40
186:     0.038  0.297  0.047  0.035  0.230  0.353       39
187:     0.052  0.234  0.052  0.035  0.277  0.349       37
188:     0.053  0.264  0.045  0.046  0.254  0.338       40
189:     0.055  0.239  0.048  0.044  0.190  0.424       35
190:     0.064  0.304  0.044  0.036  0.262  0.289       28
191:     0.052  0.213  0.041  0.043  0.278  0.374       36
192:     0.052  0.232  0.045  0.040  0.229  0.403       32
--------------------------------------------

