

----------------------------------------------------
STRUCTURE by Pritchard, Stephens and Donnelly (2000)
     and Falush, Stephens and Pritchard (2003)
       Code by Pritchard, Falush and Hubisz
             Version 2.3.4 (Jul 2012)
----------------------------------------------------


Reading file "/workdir/yc2644/CV_CT_array/structure/threader_input/mainparams".
Reading file "/workdir/yc2644/CV_CT_array/structure/threader_input/extraparams".
Reading file "/workdir/yc2644/CV_CT_array/structure/threader_input/n1601.recode.strct_in".


Data file "/workdir/yc2644/CV_CT_array/structure/threader_input/n1601.recode.strct_in" (truncated) --

Ind:   Label Pop : Genotype_data . . . .
  1:  001s    1  :  2   1   2   2   2   1   2  . . . .   2
  1:  001s    1  :  2   2   2   2   2   2   2  . . . .   2
  2:  002s    1  :  2   2   2   2   1   1   2  . . . .   2
  2:  002s    1  :  2   2   2   2   2   2   2  . . . .   2
  3:  003s    1  :  1   2   1   2   2   2   2  . . . .   1
  3:  003s    1  :  2   2   1   2   2   2   2  . . . .   2
  4:  004s    1  :  1   1   2   2   1   2   2  . . . .   1
  4:  004s    1  :  2   1   2   2   2   2   2  . . . .   2

      *******   

1600:    49  192  :  2   2   2   2   2   1   2  . . . .   1
1600:    49  192  :  2   2   2   2   2   2   2  . . . .   2
1601:    50  192  :  2   1   2   2   1   2   2  . . . .   1
1601:    50  192  :  2   2   2   2   2   2   2  . . . .   2

Number of alleles per locus: min= 2; ave=2.0; max= 2


--------------------------------------

Finished initialization; starting MCMC 
100000 iterations + 10000 burnin


--------------------------------------------
Proportion of membership of each pre-defined
 population in each of the 6 clusters

Given    Inferred Clusters                            Number of
 Pop       1      2      3      4      5      6      Individuals

  1:     0.147  0.192  0.252  0.138  0.184  0.087       54
  2:     0.182  0.201  0.258  0.105  0.171  0.083       30
  3:     0.398  0.067  0.053  0.204  0.078  0.201       30
  4:     0.356  0.046  0.031  0.088  0.048  0.431       20
  5:     0.246  0.048  0.055  0.138  0.101  0.412       30
  6:     0.129  0.245  0.213  0.141  0.192  0.081       43
  7:     0.139  0.213  0.252  0.143  0.166  0.086       44
  8:     0.179  0.240  0.246  0.130  0.120  0.085        4
  9:     0.150  0.242  0.229  0.104  0.205  0.071       22
 10:     0.133  0.239  0.228  0.145  0.170  0.086       24
 11:     0.140  0.205  0.204  0.150  0.214  0.087       54
 12:     0.128  0.163  0.242  0.153  0.230  0.083       37
 13:     0.147  0.179  0.213  0.161  0.207  0.092       42
 14:     0.139  0.215  0.220  0.145  0.192  0.089       42
 15:     0.143  0.189  0.226  0.160  0.199  0.082       49
 16:     0.143  0.195  0.225  0.158  0.190  0.089      124
 17:     0.132  0.218  0.263  0.106  0.188  0.092       24
 18:     0.138  0.208  0.238  0.156  0.175  0.085       34
 19:     0.143  0.199  0.217  0.146  0.207  0.088       52
 20:     0.143  0.193  0.457  0.004  0.103  0.100        1
 21:     0.155  0.161  0.190  0.175  0.185  0.134        1
 22:     0.109  0.189  0.185  0.063  0.305  0.148        1
 23:     0.081  0.062  0.228  0.028  0.427  0.174        1
 24:     0.081  0.332  0.192  0.066  0.206  0.123        1
 25:     0.148  0.228  0.108  0.161  0.185  0.170        1
 26:     0.054  0.007  0.547  0.056  0.233  0.104        1
 27:     0.170  0.132  0.216  0.156  0.170  0.156        1
 28:     0.105  0.156  0.273  0.173  0.197  0.095        1
 29:     0.153  0.149  0.214  0.244  0.211  0.029        1
 30:     0.170  0.247  0.178  0.127  0.151  0.127        1
 31:     0.128  0.004  0.232  0.258  0.200  0.178        1
 32:     0.094  0.142  0.318  0.336  0.027  0.084        1
 33:     0.171  0.113  0.223  0.147  0.236  0.111        1
 34:     0.093  0.072  0.524  0.177  0.064  0.070        1
 35:     0.108  0.455  0.158  0.153  0.074  0.051        1
 36:     0.079  0.069  0.285  0.148  0.294  0.125        1
 37:     0.091  0.242  0.189  0.037  0.353  0.088        1
 38:     0.059  0.139  0.464  0.077  0.070  0.190        1
 39:     0.139  0.166  0.268  0.131  0.193  0.103        1
 40:     0.143  0.209  0.113  0.201  0.190  0.145        1
 41:     0.162  0.183  0.187  0.172  0.176  0.121        1
 42:     0.163  0.098  0.390  0.154  0.097  0.098        1
 43:     0.131  0.145  0.268  0.172  0.159  0.125        1
 44:     0.110  0.059  0.238  0.023  0.488  0.081        1
 45:     0.107  0.350  0.309  0.040  0.117  0.077        1
 46:     0.150  0.225  0.190  0.103  0.190  0.143        1
 47:     0.144  0.134  0.242  0.219  0.164  0.097        1
 48:     0.033  0.183  0.163  0.319  0.247  0.054        1
 49:     0.070  0.440  0.173  0.037  0.223  0.057        1
 50:     0.342  0.039  0.101  0.314  0.061  0.143        1
 51:     0.503  0.113  0.030  0.042  0.117  0.195        1
 52:     0.224  0.341  0.194  0.119  0.027  0.095        1
 53:     0.171  0.106  0.244  0.313  0.099  0.067        1
 54:     0.114  0.022  0.104  0.164  0.431  0.165        1
 55:     0.373  0.154  0.081  0.037  0.095  0.260        1
 56:     0.109  0.010  0.387  0.028  0.283  0.182        1
 57:     0.174  0.070  0.385  0.059  0.129  0.183        1
 58:     0.265  0.018  0.422  0.070  0.020  0.205        1
 59:     0.428  0.082  0.099  0.022  0.237  0.133        1
 60:     0.535  0.030  0.091  0.060  0.090  0.193        1
 61:     0.070  0.110  0.034  0.084  0.328  0.374        1
 62:     0.531  0.023  0.027  0.118  0.205  0.095        1
 63:     0.104  0.139  0.404  0.096  0.013  0.244        1
 64:     0.425  0.064  0.216  0.062  0.088  0.145        1
 65:     0.244  0.063  0.337  0.043  0.022  0.292        1
 66:     0.228  0.131  0.197  0.105  0.129  0.209        1
 67:     0.147  0.102  0.300  0.071  0.107  0.273        1
 68:     0.345  0.047  0.287  0.080  0.068  0.172        1
 69:     0.035  0.015  0.379  0.006  0.258  0.307        1
 70:     0.059  0.060  0.322  0.061  0.258  0.238        1
 71:     0.278  0.161  0.149  0.069  0.083  0.259        1
 72:     0.143  0.076  0.305  0.065  0.187  0.224        1
 73:     0.267  0.095  0.244  0.082  0.116  0.195        1
 74:     0.363  0.036  0.245  0.075  0.105  0.176        1
 75:     0.195  0.120  0.160  0.123  0.195  0.208        1
 76:     0.223  0.135  0.048  0.325  0.014  0.256        1
 77:     0.193  0.042  0.352  0.083  0.086  0.245        1
 78:     0.349  0.107  0.118  0.077  0.182  0.168        1
 79:     0.369  0.031  0.094  0.081  0.200  0.225        1
 80:     0.186  0.077  0.313  0.035  0.160  0.228        1
 81:     0.254  0.001  0.166  0.019  0.246  0.315        1
 82:     0.018  0.151  0.006  0.138  0.472  0.213        1
 83:     0.328  0.116  0.140  0.070  0.191  0.155        1
 84:     0.012  0.038  0.081  0.049  0.042  0.777        1
 85:     0.056  0.057  0.079  0.050  0.038  0.720        1
 86:     0.076  0.031  0.050  0.089  0.046  0.708        1
 87:     0.042  0.061  0.002  0.089  0.014  0.792        1
 88:     0.007  0.058  0.040  0.050  0.056  0.788        1
 89:     0.061  0.055  0.109  0.056  0.068  0.651        1
 90:     0.030  0.001  0.073  0.061  0.045  0.790        1
 91:     0.022  0.033  0.077  0.052  0.099  0.716        1
 92:     0.006  0.083  0.193  0.021  0.031  0.665        1
 93:     0.061  0.049  0.050  0.012  0.050  0.777        1
 94:     0.079  0.102  0.064  0.050  0.052  0.653        1
 95:     0.068  0.056  0.079  0.050  0.083  0.665        1
 96:     0.086  0.029  0.085  0.074  0.006  0.719        1
 97:     0.087  0.017  0.089  0.002  0.014  0.792        1
 98:     0.057  0.081  0.062  0.038  0.057  0.705        1
 99:     0.013  0.037  0.093  0.006  0.039  0.812        1
100:     0.005  0.077  0.064  0.003  0.013  0.838        1
101:     0.107  0.084  0.080  0.123  0.011  0.595        1
102:     0.019  0.109  0.097  0.131  0.032  0.613        1
103:     0.020  0.091  0.076  0.032  0.054  0.726        1
104:     0.054  0.049  0.038  0.037  0.008  0.815        1
105:     0.022  0.002  0.141  0.050  0.003  0.783        1
106:     0.203  0.128  0.014  0.001  0.000  0.654        1
107:     0.003  0.042  0.112  0.031  0.073  0.739        1
108:     0.016  0.023  0.112  0.047  0.112  0.689        1
109:     0.045  0.179  0.049  0.101  0.009  0.617        1
110:     0.047  0.044  0.171  0.057  0.026  0.655        1
111:     0.015  0.057  0.094  0.023  0.021  0.791        1
112:     0.013  0.104  0.050  0.029  0.023  0.781        1
113:     0.022  0.096  0.039  0.001  0.048  0.793        1
114:     0.028  0.039  0.026  0.046  0.087  0.774        1
115:     0.052  0.079  0.074  0.061  0.061  0.673        1
116:     0.003  0.011  0.069  0.066  0.034  0.816        1
117:     0.040  0.095  0.115  0.019  0.005  0.727        1
118:     0.042  0.090  0.048  0.066  0.009  0.745        1
119:     0.021  0.160  0.119  0.016  0.009  0.675        1
120:     0.058  0.088  0.075  0.051  0.074  0.654        1
121:     0.007  0.026  0.063  0.103  0.016  0.785        1
122:     0.023  0.062  0.103  0.076  0.060  0.675        1
123:     0.038  0.026  0.074  0.013  0.091  0.758        1
124:     0.039  0.024  0.149  0.066  0.017  0.706        1
125:     0.019  0.018  0.087  0.005  0.032  0.839        1
126:     0.129  0.023  0.032  0.049  0.084  0.683        1
127:     0.094  0.114  0.011  0.038  0.027  0.715        1
128:     0.020  0.046  0.166  0.034  0.007  0.726        1
129:     0.009  0.031  0.082  0.024  0.030  0.823        1
130:     0.045  0.019  0.083  0.046  0.106  0.700        1
131:     0.030  0.036  0.144  0.022  0.030  0.739        1
132:     0.034  0.055  0.132  0.016  0.057  0.705        1
133:     0.071  0.053  0.063  0.048  0.064  0.701        1
134:     0.042  0.112  0.135  0.054  0.031  0.628        1
135:     0.034  0.149  0.106  0.034  0.049  0.627        1
136:     0.029  0.067  0.061  0.045  0.019  0.779        1
137:     0.008  0.105  0.021  0.072  0.053  0.741        1
138:     0.017  0.005  0.125  0.067  0.031  0.755        1
139:     0.034  0.001  0.024  0.124  0.058  0.759        1
140:     0.051  0.033  0.072  0.012  0.021  0.812        1
141:     0.021  0.039  0.182  0.018  0.055  0.686        1
142:     0.056  0.035  0.081  0.068  0.085  0.675        1
143:     0.037  0.098  0.076  0.011  0.052  0.725        1
144:     0.002  0.055  0.102  0.036  0.043  0.762        1
145:     0.062  0.001  0.091  0.092  0.004  0.751        1
146:     0.058  0.046  0.055  0.081  0.074  0.686        1
147:     0.035  0.045  0.054  0.021  0.008  0.837        1
148:     0.039  0.213  0.108  0.187  0.252  0.202        1
149:     0.105  0.130  0.058  0.388  0.139  0.180        1
150:     0.041  0.481  0.032  0.052  0.246  0.148        1
151:     0.132  0.365  0.261  0.135  0.088  0.019        1
152:     0.008  0.081  0.106  0.103  0.596  0.105        1
153:     0.020  0.137  0.437  0.109  0.209  0.088        1
154:     0.051  0.165  0.164  0.062  0.469  0.089        1
155:     0.118  0.180  0.296  0.161  0.127  0.118        1
156:     0.147  0.119  0.259  0.137  0.202  0.136        1
157:     0.165  0.196  0.247  0.080  0.204  0.108        1
158:     0.098  0.275  0.253  0.087  0.211  0.076        1
159:     0.110  0.007  0.176  0.117  0.527  0.063        1
160:     0.034  0.387  0.163  0.276  0.046  0.094        1
161:     0.119  0.203  0.203  0.109  0.181  0.184        1
162:     0.141  0.396  0.088  0.029  0.257  0.089        1
163:     0.083  0.204  0.223  0.081  0.305  0.103        1
164:     0.067  0.200  0.298  0.024  0.312  0.098        1
165:     0.149  0.187  0.126  0.185  0.185  0.168        1
166:     0.034  0.110  0.449  0.218  0.096  0.093        1
167:     0.190  0.113  0.216  0.175  0.205  0.101        1
168:     0.201  0.081  0.468  0.103  0.076  0.071        1
169:     0.136  0.263  0.177  0.091  0.183  0.151        1
170:     0.046  0.337  0.183  0.027  0.292  0.115        1
171:     0.171  0.178  0.306  0.116  0.147  0.082        1
172:     0.300  0.050  0.346  0.062  0.160  0.083        1
173:     0.172  0.246  0.235  0.024  0.197  0.127        1
174:     0.228  0.184  0.269  0.100  0.162  0.056        1
175:     0.126  0.203  0.246  0.136  0.193  0.095       50
176:     0.139  0.217  0.218  0.132  0.206  0.088       49
177:     0.142  0.175  0.228  0.153  0.217  0.084       50
178:     0.128  0.220  0.212  0.135  0.214  0.091       49
179:     0.120  0.205  0.245  0.134  0.198  0.097       23
180:     0.133  0.236  0.217  0.153  0.175  0.086       49
181:     0.275  0.046  0.022  0.532  0.051  0.075       30
182:     0.423  0.075  0.020  0.249  0.046  0.187       30
183:     0.141  0.184  0.200  0.173  0.197  0.106       34
184:     0.127  0.237  0.195  0.153  0.208  0.079       36
185:     0.124  0.234  0.234  0.138  0.182  0.088       40
186:     0.119  0.212  0.193  0.164  0.230  0.082       39
187:     0.143  0.180  0.198  0.181  0.211  0.088       37
188:     0.136  0.175  0.224  0.160  0.210  0.093       40
189:     0.139  0.205  0.202  0.161  0.213  0.080       35
190:     0.121  0.201  0.184  0.161  0.247  0.084       28
191:     0.131  0.228  0.193  0.172  0.188  0.087       36
192:     0.134  0.218  0.215  0.136  0.213  0.083       32
--------------------------------------------

 Rep#:   Lambda   Alpha      F1    F2    F3    F4    F5    F6     D1,2  D1,3  D1,4  D1,5  D1,6  D2,3  D2,4  D2,5  D2,6  D3,4  D3,5  D3,6  D4,5  D4,6  D5,6    Ln Like 
  100:    1.00    1.605    0.006 0.023 0.046 0.015 0.010 0.189    0.006 0.012 0.004 0.005 0.034 0.007 0.008 0.004 0.037 0.015 0.007 0.042 0.007 0.036 0.036   --  
  200:    1.00    1.233    0.238 0.025 0.058 0.343 0.011 0.192    0.041 0.050 0.057 0.038 0.059 0.013 0.057 0.005 0.038 0.068 0.011 0.043 0.053 0.067 0.035   --  
  300:    1.00    1.073    0.227 0.026 0.163 0.377 0.011 0.178    0.042 0.051 0.062 0.037 0.053 0.039 0.065 0.005 0.038 0.071 0.033 0.049 0.060 0.069 0.034   --  
  400:    1.00    0.964    0.220 0.031 0.256 0.377 0.011 0.175    0.042 0.055 0.062 0.036 0.050 0.056 0.065 0.005 0.039 0.075 0.048 0.056 0.059 0.068 0.034   --  
  500:    1.00    0.882    0.207 0.031 0.274 0.373 0.011 0.176    0.040 0.057 0.062 0.035 0.049 0.056 0.063 0.005 0.037 0.075 0.049 0.057 0.057 0.068 0.033   --  
  600:    1.00    0.865    0.205 0.031 0.271 0.347 0.011 0.170    0.038 0.057 0.061 0.033 0.048 0.053 0.060 0.005 0.036 0.075 0.047 0.057 0.054 0.067 0.031   --  
  700:    1.00    0.790    0.203 0.030 0.264 0.339 0.012 0.166    0.037 0.057 0.060 0.033 0.049 0.052 0.058 0.005 0.035 0.075 0.046 0.057 0.053 0.066 0.031   --  
  800:    1.00    0.767    0.203 0.030 0.263 0.332 0.012 0.164    0.037 0.057 0.060 0.032 0.048 0.051 0.056 0.005 0.034 0.075 0.046 0.058 0.051 0.066 0.031   --  
  900:    1.00    0.713    0.200 0.030 0.264 0.328 0.012 0.160    0.036 0.057 0.059 0.031 0.048 0.050 0.055 0.005 0.033 0.074 0.045 0.058 0.050 0.065 0.030   --  

--------------------------------------------
Proportion of membership of each pre-defined
 population in each of the 6 clusters

Given    Inferred Clusters                            Number of
 Pop       1      2      3      4      5      6      Individuals

  1:     0.074  0.329  0.133  0.064  0.347  0.053       54
  2:     0.077  0.377  0.142  0.062  0.288  0.054       30
  3:     0.400  0.024  0.063  0.347  0.110  0.056       30
  4:     0.965  0.003  0.003  0.019  0.003  0.007       20
  5:     0.891  0.016  0.014  0.043  0.015  0.021       30
  6:     0.071  0.376  0.136  0.063  0.299  0.055       43
  7:     0.073  0.384  0.134  0.061  0.293  0.055       44
  8:     0.047  0.453  0.134  0.054  0.254  0.058        4
  9:     0.041  0.415  0.137  0.051  0.305  0.052       22
 10:     0.039  0.450  0.145  0.059  0.255  0.052       24
 11:     0.064  0.337  0.130  0.065  0.352  0.052       54
 12:     0.067  0.362  0.133  0.057  0.331  0.051       37
 13:     0.075  0.354  0.132  0.066  0.319  0.055       42
 14:     0.074  0.385  0.137  0.062  0.294  0.049       42
 15:     0.071  0.352  0.134  0.066  0.324  0.053       49
 16:     0.075  0.355  0.131  0.066  0.317  0.056      124
 17:     0.061  0.371  0.139  0.061  0.314  0.055       24
 18:     0.058  0.380  0.136  0.062  0.313  0.051       34
 19:     0.065  0.374  0.135  0.068  0.307  0.051       52
 20:     0.038  0.377  0.133  0.062  0.336  0.054        1
 21:     0.052  0.199  0.135  0.013  0.454  0.147        1
 22:     0.101  0.344  0.161  0.016  0.344  0.034        1
 23:     0.099  0.380  0.122  0.099  0.191  0.109        1
 24:     0.020  0.527  0.151  0.075  0.166  0.060        1
 25:     0.098  0.331  0.098  0.078  0.352  0.044        1
 26:     0.101  0.301  0.117  0.045  0.342  0.094        1
 27:     0.062  0.426  0.136  0.077  0.219  0.080        1
 28:     0.042  0.481  0.142  0.069  0.223  0.043        1
 29:     0.027  0.344  0.152  0.073  0.312  0.092        1
 30:     0.170  0.479  0.098  0.059  0.132  0.063        1
 31:     0.205  0.023  0.137  0.077  0.532  0.026        1
 32:     0.058  0.378  0.098  0.043  0.332  0.091        1
 33:     0.108  0.312  0.150  0.047  0.344  0.039        1
 34:     0.061  0.480  0.147  0.034  0.200  0.079        1
 35:     0.063  0.492  0.151  0.078  0.151  0.065        1
 36:     0.051  0.295  0.148  0.100  0.325  0.082        1
 37:     0.067  0.337  0.080  0.043  0.411  0.062        1
 38:     0.117  0.249  0.095  0.054  0.376  0.110        1
 39:     0.022  0.405  0.182  0.052  0.282  0.056        1
 40:     0.091  0.387  0.174  0.053  0.196  0.099        1
 41:     0.023  0.409  0.184  0.060  0.221  0.102        1
 42:     0.078  0.295  0.135  0.031  0.399  0.063        1
 43:     0.071  0.314  0.125  0.057  0.358  0.075        1
 44:     0.115  0.101  0.137  0.062  0.578  0.007        1
 45:     0.070  0.487  0.184  0.039  0.135  0.085        1
 46:     0.019  0.465  0.137  0.084  0.188  0.107        1
 47:     0.015  0.212  0.117  0.061  0.531  0.064        1
 48:     0.025  0.223  0.129  0.070  0.521  0.031        1
 49:     0.032  0.503  0.167  0.066  0.174  0.058        1
 50:     0.328  0.070  0.080  0.076  0.352  0.094        1
 51:     0.223  0.311  0.116  0.081  0.205  0.063        1
 52:     0.081  0.436  0.167  0.090  0.119  0.107        1
 53:     0.107  0.331  0.132  0.064  0.303  0.063        1
 54:     0.002  0.002  0.992  0.001  0.002  0.001        1
 55:     0.003  0.001  0.992  0.004  0.000  0.001        1
 56:     0.002  0.046  0.858  0.028  0.017  0.048        1
 57:     0.001  0.000  0.972  0.023  0.003  0.002        1
 58:     0.003  0.009  0.916  0.027  0.008  0.037        1
 59:     0.070  0.001  0.868  0.007  0.054  0.000        1
 60:     0.008  0.000  0.990  0.001  0.000  0.001        1
 61:     0.001  0.000  0.995  0.002  0.001  0.002        1
 62:     0.307  0.006  0.024  0.177  0.437  0.049        1
 63:     0.049  0.002  0.927  0.006  0.003  0.014        1
 64:     0.001  0.003  0.995  0.002  0.000  0.000        1
 65:     0.001  0.001  0.998  0.000  0.000  0.000        1
 66:     0.010  0.002  0.968  0.006  0.001  0.013        1
 67:     0.071  0.069  0.643  0.021  0.068  0.128        1
 68:     0.005  0.010  0.935  0.029  0.002  0.019        1
 69:     0.001  0.007  0.983  0.005  0.003  0.002        1
 70:     0.050  0.017  0.824  0.039  0.053  0.017        1
 71:     0.001  0.001  0.988  0.002  0.007  0.001        1
 72:     0.000  0.001  0.995  0.002  0.001  0.001        1
 73:     0.001  0.001  0.997  0.001  0.000  0.000        1
 74:     0.070  0.013  0.820  0.052  0.012  0.034        1
 75:     0.000  0.000  0.998  0.000  0.000  0.001        1
 76:     0.303  0.047  0.005  0.334  0.191  0.120        1
 77:     0.000  0.000  0.995  0.004  0.000  0.000        1
 78:     0.071  0.006  0.837  0.064  0.007  0.014        1
 79:     0.000  0.001  0.998  0.000  0.000  0.000        1
 80:     0.001  0.000  0.988  0.010  0.000  0.001        1
 81:     0.000  0.000  0.991  0.002  0.002  0.005        1
 82:     0.052  0.024  0.543  0.059  0.190  0.132        1
 83:     0.001  0.000  0.993  0.001  0.001  0.003        1
 84:     0.035  0.001  0.019  0.019  0.002  0.924        1
 85:     0.058  0.002  0.002  0.008  0.023  0.908        1
 86:     0.014  0.032  0.055  0.022  0.001  0.875        1
 87:     0.003  0.001  0.005  0.001  0.016  0.973        1
 88:     0.006  0.001  0.013  0.010  0.004  0.966        1
 89:     0.001  0.000  0.002  0.008  0.048  0.941        1
 90:     0.009  0.000  0.008  0.002  0.000  0.981        1
 91:     0.005  0.009  0.014  0.001  0.001  0.969        1
 92:     0.006  0.060  0.044  0.025  0.026  0.839        1
 93:     0.014  0.002  0.001  0.077  0.009  0.896        1
 94:     0.002  0.004  0.001  0.065  0.034  0.894        1
 95:     0.075  0.056  0.001  0.006  0.008  0.855        1
 96:     0.001  0.001  0.002  0.015  0.001  0.979        1
 97:     0.045  0.003  0.041  0.003  0.001  0.907        1
 98:     0.030  0.000  0.037  0.007  0.002  0.924        1
 99:     0.001  0.002  0.003  0.000  0.003  0.991        1
100:     0.057  0.001  0.000  0.000  0.000  0.942        1
101:     0.014  0.134  0.038  0.034  0.034  0.745        1
102:     0.006  0.115  0.036  0.013  0.031  0.800        1
103:     0.022  0.013  0.000  0.003  0.009  0.954        1
104:     0.010  0.001  0.021  0.015  0.005  0.948        1
105:     0.071  0.003  0.063  0.009  0.000  0.854        1
106:     0.002  0.084  0.094  0.002  0.038  0.779        1
107:     0.000  0.007  0.029  0.049  0.011  0.905        1
108:     0.050  0.061  0.006  0.003  0.045  0.836        1
109:     0.060  0.026  0.039  0.046  0.087  0.742        1
110:     0.000  0.064  0.059  0.001  0.107  0.769        1
111:     0.034  0.005  0.000  0.033  0.005  0.923        1
112:     0.006  0.001  0.018  0.002  0.003  0.970        1
113:     0.053  0.002  0.018  0.013  0.000  0.913        1
114:     0.004  0.009  0.025  0.007  0.000  0.955        1
115:     0.006  0.001  0.015  0.000  0.055  0.923        1
116:     0.002  0.000  0.006  0.000  0.001  0.990        1
117:     0.039  0.008  0.000  0.049  0.006  0.897        1
118:     0.008  0.001  0.023  0.027  0.002  0.940        1
119:     0.005  0.119  0.031  0.026  0.001  0.818        1
120:     0.002  0.020  0.040  0.001  0.004  0.934        1
121:     0.004  0.003  0.019  0.024  0.000  0.949        1
122:     0.022  0.009  0.028  0.006  0.018  0.917        1
123:     0.002  0.003  0.002  0.009  0.000  0.984        1
124:     0.090  0.036  0.023  0.016  0.003  0.832        1
125:     0.009  0.001  0.013  0.004  0.001  0.973        1
126:     0.014  0.021  0.061  0.018  0.007  0.880        1
127:     0.066  0.001  0.022  0.008  0.031  0.872        1
128:     0.002  0.002  0.072  0.005  0.012  0.907        1
129:     0.001  0.000  0.005  0.005  0.001  0.989        1
130:     0.046  0.044  0.005  0.021  0.001  0.883        1
131:     0.002  0.007  0.010  0.003  0.001  0.977        1
132:     0.094  0.043  0.013  0.021  0.057  0.772        1
133:     0.117  0.008  0.004  0.005  0.005  0.860        1
134:     0.018  0.038  0.051  0.040  0.051  0.803        1
135:     0.042  0.063  0.016  0.027  0.040  0.812        1
136:     0.000  0.003  0.001  0.001  0.001  0.994        1
137:     0.008  0.008  0.031  0.031  0.013  0.910        1
138:     0.001  0.003  0.025  0.002  0.000  0.968        1
139:     0.074  0.001  0.010  0.027  0.005  0.882        1
140:     0.151  0.000  0.005  0.005  0.006  0.832        1
141:     0.001  0.002  0.000  0.025  0.001  0.971        1
142:     0.037  0.056  0.013  0.034  0.029  0.831        1
143:     0.048  0.004  0.001  0.021  0.000  0.925        1
144:     0.045  0.000  0.001  0.000  0.009  0.944        1
145:     0.002  0.000  0.011  0.000  0.001  0.985        1
146:     0.011  0.002  0.007  0.055  0.008  0.918        1
147:     0.067  0.009  0.000  0.003  0.008  0.913        1
148:     0.112  0.179  0.095  0.083  0.400  0.131        1
149:     0.136  0.318  0.110  0.117  0.218  0.101        1
150:     0.058  0.272  0.113  0.011  0.448  0.098        1
151:     0.019  0.516  0.153  0.090  0.156  0.066        1
152:     0.093  0.215  0.116  0.097  0.438  0.041        1
153:     0.012  0.368  0.112  0.079  0.382  0.047        1
154:     0.116  0.143  0.120  0.013  0.566  0.043        1
155:     0.084  0.523  0.143  0.034  0.142  0.074        1
156:     0.091  0.371  0.162  0.050  0.258  0.068        1
157:     0.057  0.381  0.151  0.043  0.272  0.096        1
158:     0.017  0.374  0.128  0.068  0.308  0.105        1
159:     0.019  0.324  0.137  0.051  0.400  0.068        1
160:     0.073  0.391  0.142  0.022  0.327  0.046        1
161:     0.074  0.274  0.134  0.061  0.352  0.106        1
162:     0.042  0.579  0.188  0.068  0.046  0.078        1
163:     0.092  0.321  0.158  0.048  0.316  0.066        1
164:     0.103  0.424  0.123  0.073  0.250  0.027        1
165:     0.092  0.413  0.150  0.074  0.173  0.099        1
166:     0.072  0.105  0.127  0.040  0.620  0.036        1
167:     0.052  0.341  0.143  0.096  0.286  0.082        1
168:     0.003  0.402  0.132  0.075  0.339  0.049        1
169:     0.069  0.344  0.116  0.078  0.286  0.107        1
170:     0.036  0.363  0.156  0.040  0.323  0.083        1
171:     0.018  0.458  0.123  0.074  0.261  0.066        1
172:     0.109  0.476  0.164  0.084  0.113  0.053        1
173:     0.049  0.305  0.120  0.073  0.384  0.069        1
174:     0.079  0.528  0.136  0.049  0.144  0.064        1
175:     0.074  0.381  0.130  0.068  0.296  0.052       50
176:     0.057  0.377  0.133  0.067  0.317  0.049       49
177:     0.064  0.370  0.129  0.066  0.322  0.049       50
178:     0.070  0.363  0.136  0.069  0.316  0.045       49
179:     0.080  0.351  0.135  0.060  0.315  0.058       23
180:     0.066  0.386  0.135  0.065  0.298  0.050       49
181:     0.052  0.002  0.004  0.935  0.003  0.004       30
182:     0.541  0.010  0.012  0.423  0.007  0.007       30
183:     0.090  0.266  0.118  0.083  0.375  0.068       34
184:     0.066  0.372  0.132  0.067  0.319  0.043       36
185:     0.075  0.394  0.130  0.067  0.279  0.054       40
186:     0.057  0.386  0.137  0.063  0.307  0.050       39
187:     0.071  0.368  0.133  0.068  0.310  0.050       37
188:     0.071  0.331  0.132  0.066  0.347  0.053       40
189:     0.070  0.353  0.135  0.071  0.318  0.053       35
190:     0.074  0.313  0.139  0.070  0.357  0.047       28
191:     0.070  0.366  0.130  0.063  0.318  0.053       36
192:     0.065  0.384  0.136  0.073  0.299  0.043       32
--------------------------------------------

 Rep#:   Lambda   Alpha      F1    F2    F3    F4    F5    F6     D1,2  D1,3  D1,4  D1,5  D1,6  D2,3  D2,4  D2,5  D2,6  D3,4  D3,5  D3,6  D4,5  D4,6  D5,6    Ln Like 
 1000:    1.00    0.700    0.197 0.030 0.259 0.325 0.013 0.156    0.035 0.058 0.059 0.031 0.048 0.049 0.054 0.006 0.033 0.075 0.045 0.058 0.050 0.065 0.030   --  
 1100:    1.00    0.662    0.197 0.030 0.259 0.320 0.013 0.153    0.035 0.058 0.058 0.031 0.047 0.049 0.052 0.006 0.032 0.075 0.045 0.058 0.048 0.063 0.029   --  
 1200:    1.00    0.654    0.194 0.030 0.264 0.312 0.013 0.155    0.035 0.058 0.058 0.031 0.047 0.048 0.051 0.006 0.032 0.073 0.044 0.058 0.046 0.063 0.029   --  
 1300:    1.00    0.618    0.194 0.030 0.263 0.308 0.013 0.151    0.034 0.058 0.058 0.030 0.047 0.047 0.050 0.006 0.031 0.073 0.043 0.057 0.046 0.062 0.028   --  
 1400:    1.00    0.588    0.196 0.030 0.252 0.306 0.013 0.150    0.034 0.058 0.057 0.030 0.047 0.047 0.049 0.006 0.031 0.074 0.043 0.057 0.045 0.062 0.028   --  
 1500:    1.00    0.555    0.196 0.027 0.260 0.300 0.013 0.148    0.034 0.059 0.057 0.030 0.047 0.046 0.048 0.006 0.030 0.073 0.043 0.058 0.045 0.062 0.028   --  
 1600:    1.00    0.540    0.189 0.027 0.259 0.300 0.013 0.151    0.033 0.059 0.057 0.030 0.047 0.045 0.048 0.006 0.030 0.072 0.042 0.058 0.045 0.062 0.028   --  
 1700:    1.00    0.515    0.189 0.026 0.255 0.295 0.013 0.148    0.033 0.059 0.057 0.029 0.048 0.046 0.047 0.006 0.029 0.074 0.042 0.058 0.044 0.062 0.028   --  
 1800:    1.00    0.488    0.191 0.026 0.252 0.299 0.013 0.148    0.032 0.059 0.057 0.029 0.047 0.045 0.047 0.006 0.030 0.073 0.042 0.058 0.044 0.062 0.028   --  
 1900:    1.00    0.472    0.191 0.025 0.253 0.290 0.013 0.147    0.032 0.059 0.056 0.029 0.047 0.045 0.046 0.006 0.029 0.073 0.042 0.058 0.043 0.062 0.028   --  

--------------------------------------------
Proportion of membership of each pre-defined
 population in each of the 6 clusters

Given    Inferred Clusters                            Number of
 Pop       1      2      3      4      5      6      Individuals

  1:     0.056  0.446  0.077  0.038  0.350  0.034       54
  2:     0.056  0.496  0.089  0.039  0.288  0.032       30
  3:     0.363  0.012  0.053  0.356  0.174  0.042       30
  4:     0.973  0.001  0.003  0.017  0.002  0.004       20
  5:     0.897  0.029  0.008  0.041  0.012  0.014       30
  6:     0.059  0.511  0.072  0.039  0.288  0.032       43
  7:     0.051  0.479  0.069  0.034  0.337  0.030       44
  8:     0.031  0.532  0.082  0.028  0.275  0.052        4
  9:     0.019  0.613  0.087  0.023  0.224  0.034       22
 10:     0.018  0.604  0.085  0.033  0.229  0.031       24
 11:     0.049  0.444  0.074  0.037  0.363  0.034       54
 12:     0.044  0.493  0.082  0.036  0.314  0.032       37
 13:     0.057  0.471  0.076  0.036  0.321  0.038       42
 14:     0.053  0.465  0.076  0.037  0.339  0.030       42
 15:     0.053  0.450  0.076  0.036  0.349  0.036       49
 16:     0.055  0.452  0.075  0.039  0.343  0.036      124
 17:     0.051  0.492  0.083  0.036  0.301  0.038       24
 18:     0.035  0.459  0.082  0.037  0.351  0.036       34
 19:     0.047  0.468  0.077  0.041  0.335  0.032       52
 20:     0.038  0.483  0.073  0.037  0.363  0.006        1
 21:     0.008  0.433  0.124  0.015  0.290  0.131        1
 22:     0.053  0.483  0.094  0.019  0.309  0.042        1
 23:     0.062  0.552  0.029  0.048  0.196  0.112        1
 24:     0.053  0.537  0.103  0.022  0.244  0.040        1
 25:     0.090  0.439  0.055  0.056  0.300  0.059        1
 26:     0.069  0.485  0.081  0.000  0.302  0.062        1
 27:     0.064  0.525  0.076  0.026  0.247  0.062        1
 28:     0.015  0.535  0.108  0.040  0.260  0.042        1
 29:     0.014  0.577  0.123  0.046  0.216  0.023        1
 30:     0.137  0.456  0.088  0.060  0.202  0.057        1
 31:     0.198  0.400  0.090  0.062  0.224  0.027        1
 32:     0.055  0.448  0.091  0.032  0.309  0.065        1
 33:     0.071  0.192  0.121  0.025  0.579  0.012        1
 34:     0.018  0.540  0.118  0.048  0.239  0.038        1
 35:     0.033  0.658  0.101  0.012  0.160  0.037        1
 36:     0.010  0.445  0.083  0.065  0.308  0.089        1
 37:     0.024  0.402  0.082  0.011  0.436  0.045        1
 38:     0.143  0.350  0.035  0.014  0.348  0.111        1
 39:     0.029  0.555  0.097  0.005  0.239  0.075        1
 40:     0.076  0.526  0.108  0.043  0.177  0.071        1
 41:     0.006  0.656  0.110  0.015  0.153  0.059        1
 42:     0.112  0.491  0.064  0.025  0.261  0.046        1
 43:     0.029  0.268  0.060  0.035  0.576  0.032        1
 44:     0.091  0.389  0.092  0.033  0.395  0.000        1
 45:     0.032  0.591  0.122  0.029  0.172  0.053        1
 46:     0.026  0.520  0.091  0.071  0.159  0.132        1
 47:     0.012  0.265  0.065  0.036  0.586  0.035        1
 48:     0.002  0.265  0.071  0.020  0.633  0.009        1
 49:     0.036  0.479  0.095  0.040  0.274  0.076        1
 50:     0.246  0.040  0.050  0.056  0.581  0.027        1
 51:     0.206  0.446  0.056  0.080  0.162  0.050        1
 52:     0.065  0.577  0.130  0.027  0.127  0.073        1
 53:     0.049  0.386  0.059  0.018  0.449  0.038        1
 54:     0.001  0.002  0.992  0.004  0.000  0.001        1
 55:     0.002  0.000  0.996  0.000  0.000  0.001        1
 56:     0.001  0.001  0.837  0.002  0.127  0.032        1
 57:     0.000  0.001  0.949  0.008  0.042  0.000        1
 58:     0.035  0.012  0.910  0.004  0.030  0.010        1
 59:     0.013  0.000  0.861  0.000  0.121  0.004        1
 60:     0.000  0.001  0.996  0.000  0.000  0.002        1
 61:     0.001  0.000  0.999  0.000  0.000  0.000        1
 62:     0.221  0.009  0.025  0.181  0.529  0.035        1
 63:     0.033  0.011  0.942  0.003  0.004  0.008        1
 64:     0.001  0.000  0.999  0.000  0.000  0.000        1
 65:     0.000  0.001  0.997  0.000  0.001  0.001        1
 66:     0.006  0.000  0.963  0.006  0.005  0.020        1
 67:     0.035  0.037  0.628  0.013  0.206  0.081        1
 68:     0.004  0.005  0.964  0.017  0.000  0.010        1
 69:     0.001  0.002  0.990  0.002  0.000  0.005        1
 70:     0.006  0.026  0.797  0.024  0.103  0.043        1
 71:     0.000  0.000  0.999  0.001  0.000  0.000        1
 72:     0.000  0.000  0.998  0.000  0.000  0.002        1
 73:     0.000  0.001  0.999  0.000  0.000  0.000        1
 74:     0.029  0.001  0.775  0.012  0.178  0.005        1
 75:     0.000  0.000  1.000  0.000  0.000  0.000        1
 76:     0.273  0.005  0.000  0.264  0.402  0.055        1
 77:     0.000  0.002  0.996  0.000  0.001  0.001        1
 78:     0.055  0.045  0.829  0.020  0.050  0.001        1
 79:     0.000  0.000  0.995  0.003  0.000  0.001        1
 80:     0.003  0.023  0.962  0.007  0.002  0.003        1
 81:     0.003  0.005  0.990  0.000  0.000  0.002        1
 82:     0.061  0.042  0.509  0.014  0.243  0.131        1
 83:     0.001  0.000  0.998  0.000  0.000  0.000        1
 84:     0.043  0.004  0.000  0.001  0.001  0.950        1
 85:     0.072  0.002  0.000  0.003  0.002  0.921        1
 86:     0.009  0.035  0.032  0.038  0.043  0.843        1
 87:     0.011  0.000  0.003  0.000  0.001  0.986        1
 88:     0.002  0.000  0.002  0.001  0.001  0.994        1
 89:     0.015  0.000  0.001  0.000  0.020  0.964        1
 90:     0.014  0.002  0.006  0.000  0.002  0.975        1
 91:     0.003  0.004  0.001  0.001  0.016  0.975        1
 92:     0.000  0.089  0.003  0.010  0.070  0.829        1
 93:     0.038  0.004  0.014  0.043  0.006  0.894        1
 94:     0.001  0.001  0.000  0.044  0.027  0.927        1
 95:     0.054  0.014  0.003  0.007  0.055  0.868        1
 96:     0.001  0.000  0.001  0.007  0.000  0.991        1
 97:     0.035  0.004  0.003  0.001  0.000  0.957        1
 98:     0.012  0.000  0.014  0.018  0.009  0.946        1
 99:     0.000  0.001  0.002  0.009  0.001  0.988        1
100:     0.018  0.000  0.007  0.000  0.000  0.975        1
101:     0.013  0.021  0.009  0.033  0.179  0.746        1
102:     0.003  0.163  0.030  0.011  0.004  0.788        1
103:     0.018  0.005  0.000  0.001  0.000  0.975        1
104:     0.015  0.001  0.030  0.001  0.009  0.945        1
105:     0.046  0.003  0.043  0.018  0.000  0.890        1
106:     0.010  0.134  0.013  0.006  0.038  0.799        1
107:     0.003  0.000  0.000  0.036  0.002  0.958        1
108:     0.053  0.052  0.003  0.001  0.063  0.828        1
109:     0.036  0.048  0.015  0.034  0.088  0.780        1
110:     0.000  0.004  0.039  0.011  0.193  0.754        1
111:     0.010  0.003  0.001  0.024  0.002  0.960        1
112:     0.000  0.001  0.002  0.000  0.000  0.996        1
113:     0.025  0.003  0.005  0.009  0.010  0.948        1
114:     0.012  0.000  0.019  0.001  0.009  0.959        1
115:     0.004  0.079  0.001  0.000  0.001  0.915        1
116:     0.001  0.005  0.001  0.014  0.005  0.975        1
117:     0.049  0.001  0.003  0.042  0.000  0.904        1
118:     0.000  0.001  0.013  0.044  0.001  0.941        1
119:     0.001  0.117  0.001  0.009  0.001  0.871        1
120:     0.001  0.049  0.037  0.002  0.001  0.910        1
121:     0.005  0.009  0.014  0.017  0.003  0.951        1
122:     0.002  0.005  0.002  0.004  0.057  0.931        1
123:     0.000  0.000  0.000  0.000  0.000  1.000        1
124:     0.092  0.055  0.004  0.010  0.032  0.807        1
125:     0.002  0.002  0.000  0.004  0.002  0.989        1
126:     0.008  0.005  0.007  0.000  0.107  0.873        1
127:     0.037  0.045  0.011  0.001  0.025  0.881        1
128:     0.008  0.009  0.026  0.000  0.002  0.955        1
129:     0.000  0.000  0.000  0.000  0.002  0.997        1
130:     0.073  0.002  0.001  0.004  0.015  0.906        1
131:     0.001  0.000  0.002  0.003  0.000  0.994        1
132:     0.075  0.028  0.000  0.026  0.031  0.841        1
133:     0.115  0.002  0.004  0.039  0.000  0.839        1
134:     0.002  0.061  0.001  0.037  0.050  0.848        1
135:     0.032  0.052  0.005  0.016  0.082  0.814        1
136:     0.000  0.002  0.000  0.000  0.000  0.997        1
137:     0.008  0.003  0.035  0.008  0.001  0.946        1
138:     0.000  0.000  0.017  0.005  0.000  0.977        1
139:     0.070  0.000  0.003  0.023  0.000  0.903        1
140:     0.125  0.016  0.006  0.012  0.001  0.841        1
141:     0.012  0.018  0.000  0.000  0.001  0.969        1
142:     0.001  0.059  0.002  0.042  0.026  0.870        1
143:     0.042  0.001  0.010  0.020  0.009  0.918        1
144:     0.022  0.001  0.007  0.003  0.021  0.947        1
145:     0.000  0.001  0.002  0.005  0.001  0.991        1
146:     0.007  0.003  0.001  0.040  0.012  0.937        1
147:     0.030  0.003  0.003  0.001  0.003  0.961        1
148:     0.101  0.368  0.082  0.044  0.291  0.115        1
149:     0.155  0.434  0.078  0.105  0.122  0.107        1
150:     0.033  0.273  0.070  0.000  0.544  0.079        1
151:     0.000  0.636  0.107  0.067  0.131  0.060        1
152:     0.038  0.446  0.085  0.063  0.350  0.018        1
153:     0.004  0.316  0.084  0.055  0.503  0.037        1
154:     0.037  0.122  0.050  0.018  0.723  0.049        1
155:     0.084  0.684  0.097  0.012  0.063  0.060        1
156:     0.082  0.449  0.079  0.039  0.298  0.052        1
157:     0.064  0.384  0.064  0.022  0.417  0.048        1
158:     0.009  0.571  0.067  0.059  0.224  0.071        1
159:     0.001  0.542  0.103  0.056  0.258  0.040        1
160:     0.068  0.534  0.058  0.019  0.291  0.030        1
161:     0.026  0.480  0.069  0.057  0.261  0.107        1
162:     0.021  0.584  0.141  0.045  0.179  0.031        1
163:     0.071  0.478  0.101  0.000  0.294  0.056        1
164:     0.057  0.505  0.092  0.052  0.262  0.031        1
165:     0.102  0.410  0.091  0.014  0.276  0.106        1
166:     0.048  0.202  0.039  0.008  0.688  0.014        1
167:     0.042  0.464  0.093  0.063  0.321  0.016        1
168:     0.019  0.530  0.064  0.022  0.355  0.011        1
169:     0.026  0.365  0.050  0.038  0.452  0.069        1
170:     0.000  0.372  0.103  0.026  0.438  0.061        1
171:     0.002  0.546  0.113  0.037  0.254  0.049        1
172:     0.056  0.559  0.142  0.055  0.149  0.039        1
173:     0.002  0.360  0.059  0.054  0.484  0.040        1
174:     0.072  0.638  0.090  0.026  0.092  0.082        1
175:     0.051  0.478  0.078  0.042  0.320  0.032       50
176:     0.042  0.498  0.079  0.042  0.307  0.032       49
177:     0.052  0.462  0.072  0.038  0.344  0.033       50
178:     0.050  0.443  0.082  0.038  0.356  0.031       49
179:     0.056  0.454  0.073  0.033  0.346  0.038       23
180:     0.047  0.469  0.076  0.037  0.339  0.030       49
181:     0.048  0.003  0.003  0.939  0.005  0.001       30
182:     0.485  0.005  0.010  0.485  0.010  0.005       30
183:     0.066  0.281  0.059  0.059  0.489  0.044       34
184:     0.041  0.402  0.069  0.036  0.424  0.028       36
185:     0.050  0.438  0.074  0.040  0.360  0.037       40
186:     0.037  0.454  0.083  0.035  0.362  0.030       39
187:     0.049  0.432  0.079  0.037  0.371  0.031       37
188:     0.058  0.420  0.073  0.037  0.376  0.036       40
189:     0.045  0.438  0.076  0.046  0.360  0.035       35
190:     0.058  0.378  0.077  0.037  0.418  0.032       28
191:     0.045  0.442  0.072  0.044  0.362  0.036       36
192:     0.044  0.435  0.080  0.041  0.375  0.025       32
--------------------------------------------

