

----------------------------------------------------
STRUCTURE by Pritchard, Stephens and Donnelly (2000)
     and Falush, Stephens and Pritchard (2003)
       Code by Pritchard, Falush and Hubisz
             Version 2.3.4 (Jul 2012)
----------------------------------------------------


Reading file "/workdir/yc2644/CV_CT_array/structure/threader_input/mainparams".
Reading file "/workdir/yc2644/CV_CT_array/structure/threader_input/extraparams".
Reading file "/workdir/yc2644/CV_CT_array/structure/threader_input/n1601.recode.strct_in".


Data file "/workdir/yc2644/CV_CT_array/structure/threader_input/n1601.recode.strct_in" (truncated) --

Ind:   Label Pop : Genotype_data . . . .
  1:  001s    1  :  2   1   2   2   2   1   2  . . . .   2
  1:  001s    1  :  2   2   2   2   2   2   2  . . . .   2
  2:  002s    1  :  2   2   2   2   1   1   2  . . . .   2
  2:  002s    1  :  2   2   2   2   2   2   2  . . . .   2
  3:  003s    1  :  1   2   1   2   2   2   2  . . . .   1
  3:  003s    1  :  2   2   1   2   2   2   2  . . . .   2
  4:  004s    1  :  1   1   2   2   1   2   2  . . . .   1
  4:  004s    1  :  2   1   2   2   2   2   2  . . . .   2

      *******   

1600:    49  192  :  2   2   2   2   2   1   2  . . . .   1
1600:    49  192  :  2   2   2   2   2   2   2  . . . .   2
1601:    50  192  :  2   1   2   2   1   2   2  . . . .   1
1601:    50  192  :  2   2   2   2   2   2   2  . . . .   2

Number of alleles per locus: min= 2; ave=2.0; max= 2


--------------------------------------

Finished initialization; starting MCMC 
100000 iterations + 10000 burnin


--------------------------------------------
Proportion of membership of each pre-defined
 population in each of the 6 clusters

Given    Inferred Clusters                            Number of
 Pop       1      2      3      4      5      6      Individuals

  1:     0.097  0.125  0.215  0.185  0.194  0.183       54
  2:     0.095  0.124  0.236  0.180  0.168  0.197       30
  3:     0.453  0.280  0.070  0.076  0.049  0.072       30
  4:     0.263  0.628  0.038  0.021  0.022  0.028       20
  5:     0.233  0.634  0.030  0.044  0.023  0.036       30
  6:     0.091  0.123  0.208  0.205  0.201  0.172       43
  7:     0.083  0.126  0.213  0.194  0.194  0.189       44
  8:     0.074  0.115  0.134  0.221  0.229  0.227        4
  9:     0.073  0.089  0.222  0.171  0.217  0.227       22
 10:     0.072  0.092  0.237  0.200  0.216  0.184       24
 11:     0.087  0.123  0.220  0.184  0.171  0.215       54
 12:     0.084  0.131  0.207  0.162  0.218  0.198       37
 13:     0.088  0.137  0.204  0.164  0.207  0.199       42
 14:     0.081  0.129  0.207  0.196  0.178  0.209       42
 15:     0.092  0.135  0.205  0.199  0.174  0.195       49
 16:     0.091  0.135  0.213  0.185  0.203  0.173      124
 17:     0.084  0.138  0.237  0.188  0.165  0.188       24
 18:     0.079  0.117  0.238  0.208  0.198  0.160       34
 19:     0.084  0.128  0.195  0.200  0.193  0.200       52
 20:     0.079  0.059  0.342  0.298  0.013  0.209        1
 21:     0.118  0.133  0.291  0.178  0.126  0.154        1
 22:     0.110  0.074  0.231  0.206  0.215  0.164        1
 23:     0.138  0.062  0.303  0.055  0.336  0.106        1
 24:     0.125  0.076  0.281  0.031  0.076  0.412        1
 25:     0.129  0.127  0.132  0.188  0.218  0.206        1
 26:     0.103  0.110  0.209  0.079  0.199  0.299        1
 27:     0.129  0.118  0.210  0.160  0.176  0.207        1
 28:     0.113  0.105  0.253  0.233  0.155  0.140        1
 29:     0.075  0.079  0.260  0.154  0.286  0.147        1
 30:     0.131  0.182  0.156  0.230  0.104  0.197        1
 31:     0.047  0.349  0.342  0.111  0.083  0.068        1
 32:     0.073  0.130  0.131  0.004  0.348  0.314        1
 33:     0.087  0.206  0.172  0.255  0.214  0.065        1
 34:     0.059  0.117  0.154  0.176  0.041  0.454        1
 35:     0.017  0.219  0.268  0.232  0.249  0.015        1
 36:     0.140  0.124  0.279  0.275  0.052  0.129        1
 37:     0.100  0.126  0.252  0.143  0.208  0.171        1
 38:     0.148  0.129  0.093  0.178  0.034  0.419        1
 39:     0.094  0.120  0.117  0.288  0.236  0.145        1
 40:     0.124  0.135  0.197  0.195  0.167  0.182        1
 41:     0.067  0.072  0.154  0.301  0.168  0.237        1
 42:     0.095  0.186  0.133  0.103  0.189  0.295        1
 43:     0.134  0.057  0.471  0.139  0.075  0.124        1
 44:     0.096  0.217  0.150  0.160  0.184  0.193        1
 45:     0.109  0.086  0.179  0.369  0.098  0.159        1
 46:     0.177  0.059  0.115  0.283  0.183  0.183        1
 47:     0.065  0.116  0.353  0.127  0.134  0.204        1
 48:     0.065  0.166  0.139  0.200  0.216  0.214        1
 49:     0.094  0.085  0.220  0.293  0.137  0.171        1
 50:     0.208  0.294  0.210  0.124  0.010  0.155        1
 51:     0.139  0.271  0.230  0.106  0.154  0.101        1
 52:     0.122  0.129  0.157  0.179  0.227  0.186        1
 53:     0.144  0.071  0.178  0.224  0.116  0.267        1
 54:     0.145  0.329  0.059  0.404  0.023  0.039        1
 55:     0.137  0.423  0.288  0.102  0.035  0.015        1
 56:     0.135  0.174  0.075  0.417  0.196  0.002        1
 57:     0.028  0.333  0.288  0.225  0.061  0.065        1
 58:     0.105  0.279  0.246  0.203  0.019  0.148        1
 59:     0.121  0.381  0.326  0.010  0.139  0.023        1
 60:     0.073  0.332  0.208  0.220  0.052  0.115        1
 61:     0.193  0.148  0.253  0.301  0.083  0.020        1
 62:     0.282  0.243  0.141  0.027  0.060  0.247        1
 63:     0.104  0.305  0.352  0.170  0.044  0.025        1
 64:     0.116  0.318  0.112  0.323  0.040  0.091        1
 65:     0.128  0.214  0.030  0.602  0.017  0.009        1
 66:     0.044  0.351  0.202  0.193  0.158  0.051        1
 67:     0.169  0.132  0.342  0.210  0.082  0.066        1
 68:     0.119  0.123  0.409  0.270  0.026  0.053        1
 69:     0.137  0.165  0.317  0.330  0.004  0.047        1
 70:     0.155  0.189  0.132  0.386  0.002  0.136        1
 71:     0.149  0.172  0.093  0.491  0.033  0.062        1
 72:     0.126  0.290  0.170  0.220  0.063  0.130        1
 73:     0.136  0.182  0.113  0.528  0.025  0.015        1
 74:     0.097  0.224  0.128  0.455  0.019  0.077        1
 75:     0.106  0.379  0.097  0.278  0.051  0.089        1
 76:     0.515  0.045  0.278  0.014  0.127  0.021        1
 77:     0.163  0.261  0.340  0.091  0.061  0.084        1
 78:     0.146  0.162  0.297  0.281  0.108  0.005        1
 79:     0.105  0.413  0.296  0.049  0.073  0.064        1
 80:     0.075  0.410  0.077  0.234  0.122  0.082        1
 81:     0.135  0.347  0.115  0.219  0.046  0.138        1
 82:     0.185  0.216  0.088  0.035  0.329  0.148        1
 83:     0.069  0.286  0.352  0.218  0.031  0.043        1
 84:     0.521  0.022  0.207  0.065  0.138  0.047        1
 85:     0.440  0.036  0.046  0.048  0.342  0.089        1
 86:     0.409  0.003  0.010  0.006  0.249  0.322        1
 87:     0.393  0.017  0.220  0.013  0.146  0.211        1
 88:     0.483  0.027  0.103  0.015  0.315  0.056        1
 89:     0.410  0.043  0.079  0.235  0.130  0.103        1
 90:     0.504  0.039  0.004  0.075  0.214  0.165        1
 91:     0.404  0.006  0.089  0.081  0.379  0.041        1
 92:     0.399  0.063  0.034  0.061  0.390  0.054        1
 93:     0.567  0.019  0.078  0.028  0.232  0.075        1
 94:     0.433  0.023  0.134  0.084  0.274  0.052        1
 95:     0.420  0.019  0.043  0.015  0.435  0.067        1
 96:     0.500  0.016  0.154  0.133  0.127  0.071        1
 97:     0.458  0.015  0.004  0.108  0.328  0.087        1
 98:     0.417  0.039  0.071  0.094  0.222  0.157        1
 99:     0.483  0.032  0.111  0.039  0.188  0.147        1
100:     0.527  0.086  0.086  0.036  0.136  0.129        1
101:     0.364  0.050  0.056  0.032  0.438  0.059        1
102:     0.384  0.051  0.064  0.043  0.408  0.050        1
103:     0.420  0.013  0.016  0.032  0.463  0.056        1
104:     0.439  0.013  0.149  0.056  0.293  0.051        1
105:     0.504  0.018  0.052  0.009  0.323  0.095        1
106:     0.357  0.038  0.037  0.099  0.433  0.036        1
107:     0.434  0.048  0.074  0.082  0.229  0.132        1
108:     0.388  0.015  0.096  0.056  0.380  0.065        1
109:     0.427  0.021  0.038  0.027  0.215  0.272        1
110:     0.333  0.029  0.026  0.186  0.258  0.169        1
111:     0.464  0.051  0.110  0.069  0.205  0.101        1
112:     0.434  0.034  0.129  0.097  0.219  0.087        1
113:     0.432  0.028  0.163  0.040  0.245  0.092        1
114:     0.489  0.015  0.057  0.016  0.085  0.337        1
115:     0.429  0.034  0.090  0.206  0.220  0.021        1
116:     0.513  0.008  0.068  0.049  0.221  0.141        1
117:     0.507  0.009  0.233  0.020  0.208  0.023        1
118:     0.480  0.024  0.006  0.001  0.438  0.050        1
119:     0.414  0.019  0.168  0.119  0.274  0.006        1
120:     0.441  0.013  0.088  0.066  0.110  0.282        1
121:     0.467  0.026  0.103  0.037  0.238  0.129        1
122:     0.341  0.033  0.284  0.021  0.302  0.019        1
123:     0.456  0.035  0.025  0.016  0.344  0.124        1
124:     0.449  0.042  0.055  0.050  0.371  0.034        1
125:     0.446  0.046  0.062  0.026  0.265  0.155        1
126:     0.423  0.008  0.203  0.049  0.179  0.137        1
127:     0.454  0.033  0.058  0.108  0.259  0.087        1
128:     0.374  0.028  0.133  0.057  0.240  0.169        1
129:     0.532  0.004  0.197  0.096  0.164  0.008        1
130:     0.515  0.018  0.098  0.094  0.081  0.194        1
131:     0.467  0.012  0.011  0.088  0.123  0.299        1
132:     0.424  0.021  0.127  0.128  0.297  0.003        1
133:     0.473  0.015  0.019  0.044  0.260  0.189        1
134:     0.405  0.006  0.128  0.111  0.043  0.307        1
135:     0.367  0.057  0.115  0.090  0.211  0.161        1
136:     0.432  0.029  0.081  0.089  0.247  0.123        1
137:     0.444  0.037  0.171  0.064  0.128  0.155        1
138:     0.496  0.015  0.159  0.094  0.126  0.110        1
139:     0.506  0.030  0.057  0.038  0.221  0.147        1
140:     0.464  0.039  0.163  0.039  0.249  0.047        1
141:     0.475  0.008  0.045  0.035  0.413  0.024        1
142:     0.399  0.044  0.126  0.100  0.211  0.120        1
143:     0.491  0.014  0.013  0.096  0.320  0.065        1
144:     0.441  0.025  0.031  0.022  0.309  0.172        1
145:     0.426  0.026  0.089  0.059  0.246  0.154        1
146:     0.470  0.004  0.135  0.039  0.272  0.079        1
147:     0.494  0.053  0.028  0.200  0.036  0.189        1
148:     0.208  0.047  0.112  0.117  0.334  0.183        1
149:     0.198  0.256  0.125  0.005  0.312  0.105        1
150:     0.100  0.039  0.218  0.070  0.368  0.206        1
151:     0.085  0.147  0.075  0.215  0.350  0.128        1
152:     0.130  0.136  0.042  0.190  0.206  0.297        1
153:     0.103  0.111  0.193  0.181  0.220  0.191        1
154:     0.080  0.124  0.160  0.263  0.215  0.158        1
155:     0.055  0.169  0.101  0.265  0.293  0.117        1
156:     0.080  0.096  0.148  0.428  0.210  0.038        1
157:     0.099  0.142  0.206  0.106  0.354  0.093        1
158:     0.101  0.131  0.537  0.013  0.058  0.161        1
159:     0.016  0.158  0.242  0.061  0.434  0.090        1
160:     0.049  0.205  0.094  0.205  0.244  0.204        1
161:     0.140  0.129  0.180  0.131  0.186  0.234        1
162:     0.090  0.135  0.093  0.264  0.130  0.287        1
163:     0.086  0.106  0.097  0.328  0.169  0.214        1
164:     0.092  0.155  0.432  0.150  0.058  0.112        1
165:     0.082  0.125  0.315  0.124  0.155  0.200        1
166:     0.033  0.213  0.113  0.147  0.435  0.057        1
167:     0.118  0.130  0.134  0.184  0.248  0.185        1
168:     0.064  0.116  0.219  0.080  0.468  0.052        1
169:     0.122  0.130  0.095  0.237  0.371  0.044        1
170:     0.135  0.056  0.312  0.087  0.358  0.051        1
171:     0.086  0.090  0.111  0.010  0.400  0.303        1
172:     0.099  0.163  0.196  0.239  0.147  0.156        1
173:     0.075  0.057  0.198  0.093  0.167  0.410        1
174:     0.049  0.148  0.063  0.240  0.277  0.224        1
175:     0.085  0.123  0.203  0.197  0.174  0.217       50
176:     0.083  0.120  0.199  0.211  0.221  0.166       49
177:     0.084  0.127  0.171  0.218  0.207  0.193       50
178:     0.086  0.120  0.207  0.203  0.199  0.185       49
179:     0.095  0.137  0.186  0.204  0.202  0.177       23
180:     0.076  0.125  0.198  0.204  0.210  0.187       49
181:     0.814  0.080  0.026  0.027  0.019  0.034       30
182:     0.530  0.286  0.023  0.101  0.022  0.038       30
183:     0.120  0.138  0.199  0.199  0.177  0.167       34
184:     0.090  0.116  0.199  0.199  0.204  0.192       36
185:     0.091  0.129  0.215  0.182  0.182  0.200       40
186:     0.082  0.107  0.223  0.194  0.197  0.197       39
187:     0.097  0.129  0.215  0.189  0.214  0.157       37
188:     0.095  0.132  0.200  0.196  0.210  0.167       40
189:     0.093  0.130  0.203  0.176  0.194  0.203       35
190:     0.085  0.139  0.203  0.204  0.185  0.184       28
191:     0.086  0.131  0.211  0.187  0.186  0.198       36
192:     0.087  0.124  0.186  0.195  0.218  0.191       32
--------------------------------------------

 Rep#:   Lambda   Alpha      F1    F2    F3    F4    F5    F6     D1,2  D1,3  D1,4  D1,5  D1,6  D2,3  D2,4  D2,5  D2,6  D3,4  D3,5  D3,6  D4,5  D4,6  D5,6    Ln Like 
  100:    1.00    1.662    0.256 0.213 0.010 0.010 0.011 0.010    0.051 0.045 0.044 0.046 0.044 0.035 0.035 0.038 0.035 0.003 0.004 0.003 0.004 0.003 0.003   --  
  200:    1.00    1.254    0.294 0.255 0.010 0.028 0.150 0.010    0.062 0.047 0.049 0.070 0.047 0.041 0.044 0.056 0.041 0.006 0.031 0.003 0.036 0.007 0.031   --  
  300:    1.00    1.049    0.310 0.255 0.011 0.171 0.201 0.012    0.061 0.050 0.061 0.069 0.050 0.042 0.053 0.053 0.043 0.033 0.040 0.003 0.051 0.034 0.041   --  
  400:    1.00    1.016    0.307 0.243 0.012 0.263 0.195 0.013    0.060 0.050 0.068 0.066 0.050 0.041 0.059 0.051 0.041 0.048 0.039 0.003 0.057 0.049 0.039   --  
  500:    1.00    0.957    0.309 0.233 0.013 0.270 0.186 0.013    0.059 0.049 0.071 0.064 0.049 0.039 0.060 0.050 0.040 0.048 0.036 0.003 0.058 0.049 0.037   --  
  600:    1.00    0.867    0.307 0.228 0.013 0.270 0.178 0.014    0.058 0.048 0.072 0.063 0.049 0.038 0.060 0.050 0.038 0.048 0.035 0.003 0.058 0.049 0.035   --  
  700:    1.00    0.811    0.305 0.219 0.013 0.269 0.174 0.014    0.058 0.048 0.072 0.063 0.048 0.036 0.060 0.049 0.036 0.047 0.033 0.003 0.059 0.048 0.034   --  
  800:    1.00    0.784    0.307 0.216 0.013 0.266 0.167 0.014    0.058 0.048 0.072 0.062 0.048 0.035 0.059 0.048 0.035 0.046 0.032 0.003 0.057 0.046 0.033   --  
  900:    1.00    0.723    0.300 0.209 0.013 0.263 0.165 0.014    0.057 0.046 0.072 0.062 0.047 0.034 0.059 0.049 0.034 0.045 0.032 0.004 0.058 0.046 0.032   --  

--------------------------------------------
Proportion of membership of each pre-defined
 population in each of the 6 clusters

Given    Inferred Clusters                            Number of
 Pop       1      2      3      4      5      6      Individuals

  1:     0.052  0.082  0.352  0.109  0.081  0.323       54
  2:     0.048  0.083  0.366  0.115  0.080  0.309       30
  3:     0.373  0.387  0.074  0.065  0.062  0.039       30
  4:     0.017  0.967  0.002  0.003  0.009  0.002       20
  5:     0.053  0.883  0.016  0.009  0.022  0.016       30
  6:     0.042  0.080  0.371  0.108  0.085  0.313       43
  7:     0.042  0.079  0.349  0.104  0.080  0.345       44
  8:     0.033  0.042  0.349  0.119  0.088  0.369        4
  9:     0.032  0.041  0.411  0.115  0.079  0.321       22
 10:     0.039  0.041  0.393  0.110  0.088  0.328       24
 11:     0.046  0.076  0.328  0.100  0.086  0.364       54
 12:     0.044  0.071  0.385  0.109  0.085  0.305       37
 13:     0.049  0.085  0.356  0.102  0.081  0.328       42
 14:     0.048  0.073  0.356  0.112  0.078  0.333       42
 15:     0.049  0.077  0.331  0.105  0.084  0.354       49
 16:     0.047  0.080  0.373  0.108  0.084  0.308      124
 17:     0.048  0.073  0.377  0.115  0.075  0.312       24
 18:     0.045  0.063  0.385  0.114  0.079  0.315       34
 19:     0.053  0.070  0.343  0.107  0.078  0.349       52
 20:     0.065  0.064  0.559  0.110  0.068  0.134        1
 21:     0.037  0.054  0.511  0.136  0.120  0.142        1
 22:     0.010  0.079  0.535  0.115  0.089  0.171        1
 23:     0.075  0.092  0.552  0.097  0.109  0.075        1
 24:     0.027  0.062  0.428  0.111  0.083  0.288        1
 25:     0.072  0.131  0.232  0.043  0.109  0.413        1
 26:     0.030  0.089  0.352  0.101  0.109  0.319        1
 27:     0.049  0.093  0.385  0.092  0.113  0.267        1
 28:     0.052  0.038  0.544  0.131  0.075  0.160        1
 29:     0.039  0.003  0.251  0.117  0.106  0.484        1
 30:     0.066  0.159  0.214  0.099  0.103  0.358        1
 31:     0.073  0.277  0.342  0.075  0.058  0.175        1
 32:     0.013  0.087  0.191  0.084  0.066  0.559        1
 33:     0.066  0.124  0.163  0.118  0.077  0.451        1
 34:     0.025  0.028  0.207  0.131  0.143  0.466        1
 35:     0.029  0.122  0.611  0.102  0.064  0.073        1
 36:     0.085  0.053  0.499  0.119  0.118  0.126        1
 37:     0.024  0.114  0.397  0.066  0.101  0.299        1
 38:     0.041  0.122  0.261  0.079  0.182  0.315        1
 39:     0.031  0.031  0.286  0.171  0.093  0.389        1
 40:     0.033  0.088  0.343  0.131  0.128  0.277        1
 41:     0.068  0.023  0.437  0.125  0.078  0.270        1
 42:     0.066  0.096  0.498  0.094  0.075  0.171        1
 43:     0.036  0.072  0.427  0.120  0.111  0.234        1
 44:     0.083  0.139  0.388  0.098  0.071  0.221        1
 45:     0.017  0.061  0.379  0.149  0.104  0.290        1
 46:     0.077  0.031  0.163  0.107  0.137  0.485        1
 47:     0.040  0.029  0.593  0.108  0.093  0.138        1
 48:     0.018  0.030  0.556  0.117  0.071  0.208        1
 49:     0.029  0.047  0.368  0.097  0.093  0.367        1
 50:     0.051  0.349  0.275  0.067  0.094  0.165        1
 51:     0.092  0.257  0.146  0.094  0.077  0.335        1
 52:     0.041  0.071  0.382  0.098  0.153  0.256        1
 53:     0.061  0.069  0.282  0.120  0.104  0.364        1
 54:     0.004  0.001  0.000  0.988  0.001  0.006        1
 55:     0.003  0.006  0.000  0.987  0.003  0.001        1
 56:     0.017  0.007  0.037  0.858  0.024  0.058        1
 57:     0.003  0.002  0.016  0.971  0.006  0.002        1
 58:     0.019  0.004  0.031  0.902  0.033  0.011        1
 59:     0.028  0.037  0.026  0.878  0.031  0.000        1
 60:     0.003  0.000  0.001  0.989  0.001  0.006        1
 61:     0.001  0.003  0.001  0.992  0.003  0.001        1
 62:     0.186  0.325  0.288  0.046  0.025  0.130        1
 63:     0.006  0.043  0.006  0.914  0.022  0.009        1
 64:     0.000  0.001  0.000  0.998  0.000  0.001        1
 65:     0.000  0.000  0.000  0.996  0.001  0.002        1
 66:     0.001  0.006  0.005  0.944  0.022  0.021        1
 67:     0.039  0.032  0.133  0.651  0.140  0.006        1
 68:     0.037  0.017  0.000  0.914  0.017  0.014        1
 69:     0.010  0.007  0.003  0.973  0.006  0.001        1
 70:     0.040  0.042  0.046  0.795  0.073  0.004        1
 71:     0.000  0.006  0.000  0.991  0.002  0.001        1
 72:     0.000  0.001  0.000  0.998  0.001  0.000        1
 73:     0.000  0.000  0.000  0.998  0.002  0.000        1
 74:     0.008  0.066  0.039  0.829  0.042  0.015        1
 75:     0.000  0.000  0.000  0.999  0.001  0.000        1
 76:     0.316  0.341  0.204  0.020  0.094  0.025        1
 77:     0.000  0.000  0.000  0.998  0.000  0.001        1
 78:     0.033  0.070  0.003  0.831  0.050  0.013        1
 79:     0.002  0.000  0.000  0.996  0.001  0.001        1
 80:     0.001  0.004  0.000  0.981  0.009  0.004        1
 81:     0.000  0.006  0.001  0.990  0.002  0.000        1
 82:     0.030  0.070  0.102  0.552  0.164  0.082        1
 83:     0.000  0.000  0.001  0.997  0.001  0.001        1
 84:     0.030  0.005  0.000  0.022  0.941  0.002        1
 85:     0.013  0.077  0.004  0.015  0.891  0.000        1
 86:     0.029  0.020  0.023  0.043  0.867  0.018        1
 87:     0.000  0.016  0.021  0.009  0.952  0.002        1
 88:     0.004  0.008  0.001  0.016  0.969  0.002        1
 89:     0.001  0.021  0.008  0.017  0.952  0.000        1
 90:     0.004  0.022  0.000  0.022  0.948  0.004        1
 91:     0.012  0.010  0.011  0.003  0.948  0.016        1
 92:     0.024  0.004  0.024  0.019  0.811  0.117        1
 93:     0.067  0.013  0.001  0.011  0.908  0.001        1
 94:     0.060  0.007  0.001  0.001  0.908  0.024        1
 95:     0.004  0.101  0.009  0.005  0.875  0.006        1
 96:     0.007  0.001  0.000  0.003  0.988  0.001        1
 97:     0.004  0.042  0.005  0.058  0.887  0.004        1
 98:     0.030  0.021  0.002  0.015  0.931  0.001        1
 99:     0.001  0.000  0.002  0.004  0.993  0.000        1
100:     0.000  0.042  0.000  0.005  0.950  0.002        1
101:     0.020  0.034  0.029  0.050  0.776  0.091        1
102:     0.010  0.008  0.104  0.046  0.810  0.021        1
103:     0.002  0.024  0.002  0.001  0.969  0.003        1
104:     0.010  0.002  0.000  0.037  0.951  0.000        1
105:     0.003  0.071  0.001  0.058  0.865  0.002        1
106:     0.003  0.006  0.016  0.026  0.805  0.143        1
107:     0.035  0.031  0.001  0.001  0.931  0.001        1
108:     0.014  0.092  0.041  0.007  0.838  0.008        1
109:     0.047  0.106  0.005  0.053  0.744  0.045        1
110:     0.023  0.000  0.029  0.065  0.749  0.134        1
111:     0.023  0.022  0.001  0.006  0.947  0.001        1
112:     0.007  0.011  0.003  0.003  0.976  0.000        1
113:     0.001  0.054  0.009  0.000  0.934  0.001        1
114:     0.003  0.002  0.000  0.025  0.966  0.005        1
115:     0.001  0.007  0.017  0.030  0.916  0.029        1
116:     0.014  0.008  0.001  0.000  0.976  0.001        1
117:     0.042  0.025  0.009  0.001  0.918  0.005        1
118:     0.046  0.001  0.004  0.020  0.929  0.001        1
119:     0.004  0.007  0.021  0.018  0.860  0.090        1
120:     0.002  0.011  0.004  0.058  0.922  0.003        1
121:     0.029  0.006  0.001  0.018  0.946  0.000        1
122:     0.001  0.009  0.030  0.028  0.929  0.003        1
123:     0.001  0.001  0.002  0.000  0.993  0.004        1
124:     0.039  0.115  0.011  0.021  0.814  0.000        1
125:     0.001  0.001  0.002  0.002  0.994  0.001        1
126:     0.040  0.024  0.016  0.043  0.846  0.031        1
127:     0.027  0.035  0.002  0.016  0.914  0.005        1
128:     0.021  0.000  0.001  0.038  0.939  0.002        1
129:     0.002  0.001  0.004  0.004  0.988  0.002        1
130:     0.018  0.040  0.010  0.012  0.919  0.001        1
131:     0.007  0.002  0.000  0.012  0.978  0.000        1
132:     0.035  0.101  0.018  0.009  0.814  0.023        1
133:     0.030  0.129  0.003  0.003  0.834  0.001        1
134:     0.035  0.002  0.036  0.031  0.842  0.053        1
135:     0.025  0.055  0.063  0.010  0.814  0.033        1
136:     0.000  0.001  0.006  0.001  0.991  0.000        1
137:     0.019  0.003  0.004  0.025  0.933  0.016        1
138:     0.001  0.002  0.000  0.020  0.973  0.004        1
139:     0.022  0.076  0.002  0.016  0.883  0.000        1
140:     0.002  0.144  0.000  0.007  0.838  0.010        1
141:     0.011  0.003  0.000  0.002  0.983  0.001        1
142:     0.041  0.009  0.021  0.012  0.861  0.056        1
143:     0.025  0.048  0.005  0.004  0.908  0.009        1
144:     0.010  0.030  0.012  0.008  0.939  0.002        1
145:     0.002  0.001  0.004  0.008  0.976  0.008        1
146:     0.042  0.036  0.001  0.018  0.889  0.016        1
147:     0.000  0.052  0.006  0.004  0.935  0.002        1
148:     0.090  0.126  0.153  0.071  0.158  0.401        1
149:     0.124  0.136  0.421  0.066  0.144  0.109        1
150:     0.035  0.058  0.274  0.083  0.125  0.425        1
151:     0.062  0.020  0.346  0.154  0.087  0.331        1
152:     0.067  0.112  0.240  0.097  0.069  0.415        1
153:     0.082  0.063  0.384  0.105  0.090  0.276        1
154:     0.017  0.093  0.169  0.099  0.086  0.536        1
155:     0.021  0.074  0.542  0.111  0.078  0.174        1
156:     0.050  0.111  0.316  0.120  0.065  0.338        1
157:     0.035  0.086  0.388  0.097  0.104  0.289        1
158:     0.071  0.007  0.410  0.108  0.115  0.289        1
159:     0.039  0.049  0.376  0.140  0.111  0.286        1
160:     0.008  0.118  0.256  0.114  0.059  0.445        1
161:     0.063  0.106  0.292  0.115  0.129  0.295        1
162:     0.062  0.037  0.349  0.126  0.103  0.322        1
163:     0.049  0.070  0.240  0.125  0.073  0.443        1
164:     0.049  0.080  0.471  0.124  0.111  0.164        1
165:     0.063  0.079  0.400  0.112  0.135  0.211        1
166:     0.044  0.097  0.103  0.088  0.039  0.629        1
167:     0.054  0.079  0.370  0.099  0.099  0.298        1
168:     0.014  0.047  0.417  0.115  0.064  0.343        1
169:     0.062  0.062  0.259  0.118  0.135  0.364        1
170:     0.020  0.044  0.435  0.155  0.114  0.231        1
171:     0.042  0.046  0.431  0.088  0.100  0.293        1
172:     0.056  0.116  0.499  0.107  0.097  0.125        1
173:     0.054  0.096  0.215  0.088  0.051  0.496        1
174:     0.039  0.100  0.187  0.107  0.078  0.490        1
175:     0.052  0.075  0.346  0.103  0.078  0.345       50
176:     0.050  0.067  0.390  0.110  0.076  0.307       49
177:     0.051  0.074  0.318  0.104  0.081  0.372       50
178:     0.052  0.073  0.382  0.113  0.077  0.302       49
179:     0.045  0.084  0.345  0.107  0.092  0.328       23
180:     0.048  0.074  0.376  0.108  0.081  0.313       49
181:     0.940  0.048  0.002  0.006  0.003  0.002       30
182:     0.494  0.472  0.008  0.015  0.003  0.008       30
183:     0.075  0.096  0.306  0.096  0.098  0.329       34
184:     0.051  0.075  0.336  0.100  0.073  0.365       36
185:     0.048  0.079  0.336  0.106  0.083  0.347       40
186:     0.044  0.064  0.347  0.113  0.078  0.354       39
187:     0.050  0.073  0.369  0.103  0.084  0.321       37
188:     0.048  0.080  0.355  0.110  0.083  0.324       40
189:     0.053  0.070  0.318  0.112  0.086  0.360       35
190:     0.055  0.083  0.311  0.111  0.076  0.364       28
191:     0.049  0.078  0.314  0.104  0.085  0.371       36
192:     0.047  0.073  0.336  0.108  0.076  0.360       32
--------------------------------------------

 Rep#:   Lambda   Alpha      F1    F2    F3    F4    F5    F6     D1,2  D1,3  D1,4  D1,5  D1,6  D2,3  D2,4  D2,5  D2,6  D3,4  D3,5  D3,6  D4,5  D4,6  D5,6    Ln Like 
 1000:    1.00    0.711    0.297 0.204 0.013 0.258 0.166 0.014    0.057 0.046 0.072 0.062 0.046 0.033 0.058 0.048 0.033 0.044 0.031 0.003 0.058 0.045 0.031   --  
 1100:    1.00    0.690    0.294 0.204 0.013 0.269 0.164 0.014    0.057 0.046 0.073 0.062 0.046 0.033 0.060 0.048 0.033 0.045 0.031 0.004 0.060 0.046 0.031   --  
 1200:    1.00    0.649    0.306 0.206 0.013 0.260 0.164 0.014    0.058 0.045 0.074 0.063 0.046 0.032 0.060 0.049 0.032 0.044 0.030 0.003 0.059 0.045 0.031   --  
 1300:    1.00    0.624    0.296 0.207 0.013 0.259 0.156 0.014    0.057 0.045 0.073 0.062 0.045 0.032 0.060 0.048 0.032 0.044 0.030 0.004 0.059 0.044 0.031   --  
 1400:    1.00    0.605    0.293 0.205 0.013 0.256 0.158 0.014    0.057 0.045 0.072 0.061 0.045 0.032 0.059 0.048 0.031 0.042 0.029 0.004 0.058 0.043 0.030   --  
 1500:    1.00    0.561    0.299 0.203 0.013 0.261 0.153 0.014    0.058 0.044 0.073 0.062 0.045 0.031 0.059 0.048 0.032 0.042 0.029 0.004 0.058 0.043 0.030   --  
 1600:    1.00    0.552    0.298 0.202 0.012 0.253 0.155 0.014    0.057 0.044 0.073 0.061 0.045 0.031 0.060 0.048 0.031 0.042 0.029 0.004 0.058 0.043 0.029   --  
 1700:    1.00    0.537    0.299 0.198 0.012 0.254 0.152 0.014    0.056 0.043 0.072 0.062 0.044 0.031 0.059 0.048 0.031 0.041 0.029 0.004 0.058 0.042 0.029   --  
 1800:    1.00    0.500    0.293 0.197 0.012 0.247 0.155 0.014    0.057 0.043 0.073 0.061 0.043 0.030 0.058 0.047 0.031 0.041 0.028 0.004 0.058 0.042 0.029   --  
 1900:    1.00    0.474    0.290 0.197 0.012 0.251 0.148 0.013    0.056 0.043 0.072 0.061 0.044 0.030 0.059 0.047 0.030 0.041 0.028 0.004 0.058 0.042 0.028   --  

--------------------------------------------
Proportion of membership of each pre-defined
 population in each of the 6 clusters

Given    Inferred Clusters                            Number of
 Pop       1      2      3      4      5      6      Individuals

  1:     0.033  0.060  0.447  0.061  0.048  0.351       54
  2:     0.032  0.058  0.439  0.064  0.044  0.364       30
  3:     0.365  0.382  0.118  0.053  0.055  0.027       30
  4:     0.016  0.972  0.003  0.002  0.004  0.003       20
  5:     0.040  0.906  0.017  0.009  0.013  0.015       30
  6:     0.027  0.058  0.479  0.058  0.042  0.335       43
  7:     0.030  0.055  0.393  0.051  0.041  0.431       44
  8:     0.011  0.047  0.417  0.055  0.053  0.417        4
  9:     0.018  0.024  0.554  0.065  0.038  0.301       22
 10:     0.023  0.019  0.507  0.064  0.036  0.350       24
 11:     0.030  0.055  0.449  0.058  0.045  0.363       54
 12:     0.026  0.046  0.483  0.060  0.037  0.347       37
 13:     0.033  0.060  0.434  0.057  0.042  0.375       42
 14:     0.029  0.049  0.456  0.061  0.042  0.361       42
 15:     0.030  0.061  0.439  0.058  0.047  0.365       49
 16:     0.034  0.060  0.437  0.059  0.048  0.362      124
 17:     0.032  0.046  0.441  0.065  0.043  0.372       24
 18:     0.029  0.044  0.452  0.064  0.048  0.364       34
 19:     0.030  0.056  0.425  0.063  0.042  0.383       52
 20:     0.039  0.041  0.613  0.074  0.064  0.168        1
 21:     0.003  0.035  0.598  0.119  0.113  0.133        1
 22:     0.007  0.085  0.619  0.068  0.043  0.178        1
 23:     0.018  0.076  0.528  0.052  0.111  0.215        1
 24:     0.009  0.035  0.495  0.070  0.046  0.345        1
 25:     0.061  0.066  0.228  0.020  0.065  0.560        1
 26:     0.003  0.071  0.372  0.104  0.062  0.387        1
 27:     0.037  0.075  0.471  0.035  0.074  0.308        1
 28:     0.014  0.015  0.498  0.091  0.045  0.338        1
 29:     0.033  0.000  0.407  0.087  0.096  0.378        1
 30:     0.012  0.122  0.370  0.054  0.062  0.381        1
 31:     0.052  0.184  0.507  0.055  0.047  0.155        1
 32:     0.001  0.034  0.329  0.076  0.068  0.492        1
 33:     0.022  0.139  0.083  0.100  0.004  0.651        1
 34:     0.006  0.019  0.457  0.093  0.073  0.352        1
 35:     0.003  0.031  0.546  0.078  0.063  0.279        1
 36:     0.060  0.075  0.554  0.047  0.074  0.189        1
 37:     0.015  0.051  0.431  0.019  0.051  0.433        1
 38:     0.011  0.084  0.426  0.048  0.123  0.307        1
 39:     0.020  0.038  0.290  0.108  0.067  0.477        1
 40:     0.007  0.081  0.205  0.080  0.120  0.506        1
 41:     0.034  0.001  0.247  0.100  0.098  0.521        1
 42:     0.008  0.095  0.489  0.042  0.049  0.318        1
 43:     0.030  0.061  0.349  0.049  0.060  0.451        1
 44:     0.055  0.128  0.593  0.081  0.021  0.121        1
 45:     0.013  0.037  0.540  0.095  0.051  0.265        1
 46:     0.053  0.009  0.247  0.070  0.112  0.509        1
 47:     0.016  0.005  0.694  0.067  0.059  0.159        1
 48:     0.002  0.042  0.744  0.052  0.065  0.095        1
 49:     0.025  0.000  0.530  0.066  0.036  0.343        1
 50:     0.042  0.338  0.184  0.057  0.063  0.316        1
 51:     0.064  0.208  0.283  0.092  0.050  0.304        1
 52:     0.022  0.056  0.638  0.085  0.076  0.123        1
 53:     0.042  0.069  0.319  0.057  0.050  0.463        1
 54:     0.003  0.003  0.000  0.993  0.000  0.000        1
 55:     0.000  0.002  0.000  0.997  0.000  0.000        1
 56:     0.001  0.002  0.064  0.836  0.029  0.068        1
 57:     0.008  0.002  0.017  0.954  0.002  0.017        1
 58:     0.037  0.010  0.020  0.906  0.000  0.027        1
 59:     0.002  0.058  0.026  0.860  0.011  0.043        1
 60:     0.001  0.001  0.001  0.993  0.004  0.000        1
 61:     0.000  0.000  0.001  0.998  0.000  0.001        1
 62:     0.150  0.299  0.018  0.000  0.035  0.498        1
 63:     0.001  0.038  0.018  0.934  0.004  0.004        1
 64:     0.000  0.000  0.001  0.997  0.000  0.001        1
 65:     0.000  0.000  0.001  0.999  0.000  0.000        1
 66:     0.007  0.005  0.002  0.955  0.024  0.007        1
 67:     0.009  0.039  0.192  0.623  0.109  0.029        1
 68:     0.028  0.011  0.007  0.944  0.006  0.003        1
 69:     0.000  0.000  0.001  0.989  0.010  0.000        1
 70:     0.057  0.011  0.128  0.792  0.003  0.009        1
 71:     0.000  0.000  0.000  0.995  0.004  0.000        1
 72:     0.001  0.000  0.000  0.998  0.000  0.001        1
 73:     0.000  0.000  0.001  0.998  0.001  0.000        1
 74:     0.039  0.020  0.139  0.798  0.000  0.004        1
 75:     0.000  0.000  0.000  0.999  0.000  0.000        1
 76:     0.254  0.310  0.011  0.000  0.105  0.320        1
 77:     0.000  0.003  0.001  0.996  0.000  0.001        1
 78:     0.010  0.033  0.119  0.826  0.010  0.002        1
 79:     0.000  0.001  0.001  0.998  0.000  0.000        1
 80:     0.012  0.005  0.003  0.980  0.000  0.000        1
 81:     0.000  0.003  0.002  0.993  0.000  0.001        1
 82:     0.017  0.027  0.055  0.528  0.160  0.213        1
 83:     0.000  0.001  0.001  0.996  0.001  0.001        1
 84:     0.000  0.038  0.015  0.001  0.943  0.002        1
 85:     0.001  0.082  0.010  0.002  0.902  0.003        1
 86:     0.018  0.000  0.076  0.008  0.898  0.000        1
 87:     0.002  0.004  0.004  0.000  0.985  0.004        1
 88:     0.000  0.001  0.004  0.000  0.984  0.010        1
 89:     0.000  0.000  0.003  0.003  0.971  0.023        1
 90:     0.004  0.012  0.000  0.002  0.981  0.000        1
 91:     0.008  0.010  0.001  0.005  0.963  0.014        1
 92:     0.024  0.020  0.014  0.011  0.826  0.106        1
 93:     0.023  0.027  0.000  0.011  0.933  0.007        1
 94:     0.045  0.000  0.037  0.001  0.917  0.000        1
 95:     0.020  0.066  0.003  0.002  0.881  0.027        1
 96:     0.000  0.000  0.000  0.000  0.999  0.000        1
 97:     0.009  0.058  0.003  0.010  0.920  0.000        1
 98:     0.002  0.026  0.007  0.003  0.949  0.012        1
 99:     0.001  0.001  0.000  0.004  0.992  0.002        1
100:     0.000  0.019  0.001  0.001  0.978  0.001        1
101:     0.051  0.000  0.004  0.013  0.758  0.174        1
102:     0.007  0.008  0.149  0.002  0.807  0.027        1
103:     0.004  0.020  0.009  0.000  0.965  0.001        1
104:     0.003  0.017  0.004  0.010  0.959  0.007        1
105:     0.001  0.083  0.002  0.010  0.904  0.000        1
106:     0.002  0.004  0.050  0.003  0.820  0.122        1
107:     0.035  0.004  0.000  0.005  0.944  0.013        1
108:     0.018  0.071  0.003  0.003  0.868  0.039        1
109:     0.037  0.063  0.031  0.002  0.751  0.117        1
110:     0.004  0.002  0.112  0.035  0.747  0.100        1
111:     0.006  0.002  0.003  0.016  0.971  0.002        1
112:     0.001  0.001  0.001  0.002  0.994  0.001        1
113:     0.011  0.034  0.002  0.001  0.950  0.001        1
114:     0.008  0.006  0.016  0.004  0.967  0.000        1
115:     0.013  0.001  0.069  0.000  0.906  0.011        1
116:     0.001  0.005  0.001  0.000  0.993  0.000        1
117:     0.033  0.030  0.018  0.002  0.915  0.001        1
118:     0.022  0.010  0.004  0.001  0.962  0.001        1
119:     0.010  0.002  0.042  0.015  0.885  0.046        1
120:     0.006  0.000  0.031  0.016  0.947  0.000        1
121:     0.023  0.003  0.000  0.014  0.954  0.005        1
122:     0.005  0.009  0.061  0.005  0.904  0.017        1
123:     0.001  0.000  0.001  0.002  0.995  0.002        1
124:     0.022  0.105  0.018  0.032  0.822  0.000        1
125:     0.001  0.000  0.003  0.004  0.992  0.000        1
126:     0.002  0.005  0.010  0.025  0.848  0.110        1
127:     0.002  0.034  0.007  0.029  0.908  0.021        1
128:     0.014  0.020  0.006  0.005  0.953  0.001        1
129:     0.001  0.000  0.002  0.000  0.994  0.003        1
130:     0.004  0.051  0.000  0.011  0.929  0.005        1
131:     0.002  0.000  0.002  0.001  0.994  0.001        1
132:     0.000  0.108  0.013  0.001  0.788  0.090        1
133:     0.005  0.122  0.001  0.004  0.869  0.000        1
134:     0.030  0.003  0.013  0.017  0.839  0.098        1
135:     0.022  0.054  0.045  0.008  0.831  0.039        1
136:     0.002  0.001  0.000  0.000  0.996  0.000        1
137:     0.007  0.003  0.000  0.022  0.964  0.003        1
138:     0.004  0.001  0.000  0.002  0.991  0.003        1
139:     0.013  0.101  0.007  0.004  0.875  0.000        1
140:     0.007  0.119  0.002  0.027  0.841  0.004        1
141:     0.000  0.005  0.001  0.000  0.993  0.000        1
142:     0.021  0.001  0.094  0.000  0.883  0.001        1
143:     0.026  0.035  0.000  0.000  0.934  0.005        1
144:     0.000  0.020  0.001  0.008  0.968  0.003        1
145:     0.000  0.012  0.000  0.003  0.980  0.004        1
146:     0.032  0.016  0.016  0.003  0.934  0.000        1
147:     0.002  0.049  0.000  0.001  0.945  0.003        1
148:     0.043  0.168  0.190  0.055  0.129  0.414        1
149:     0.092  0.129  0.493  0.067  0.080  0.139        1
150:     0.001  0.055  0.222  0.079  0.070  0.574        1
151:     0.022  0.001  0.664  0.090  0.046  0.178        1
152:     0.060  0.094  0.501  0.050  0.065  0.232        1
153:     0.054  0.008  0.524  0.078  0.038  0.298        1
154:     0.006  0.061  0.067  0.049  0.067  0.750        1
155:     0.012  0.033  0.633  0.052  0.075  0.195        1
156:     0.041  0.065  0.416  0.070  0.043  0.364        1
157:     0.006  0.056  0.207  0.069  0.083  0.580        1
158:     0.060  0.012  0.524  0.080  0.061  0.263        1
159:     0.043  0.003  0.434  0.090  0.075  0.356        1
160:     0.006  0.090  0.384  0.043  0.039  0.438        1
161:     0.072  0.051  0.618  0.065  0.114  0.081        1
162:     0.014  0.016  0.467  0.119  0.071  0.313        1
163:     0.013  0.086  0.345  0.063  0.088  0.405        1
164:     0.033  0.060  0.497  0.086  0.088  0.236        1
165:     0.021  0.103  0.497  0.081  0.109  0.189        1
166:     0.005  0.057  0.011  0.043  0.025  0.858        1
167:     0.076  0.081  0.481  0.042  0.052  0.269        1
168:     0.000  0.036  0.604  0.054  0.031  0.274        1
169:     0.015  0.016  0.357  0.085  0.097  0.431        1
170:     0.030  0.004  0.513  0.070  0.089  0.294        1
171:     0.056  0.006  0.499  0.079  0.064  0.295        1
172:     0.018  0.076  0.626  0.073  0.056  0.151        1
173:     0.016  0.063  0.280  0.026  0.054  0.560        1
174:     0.042  0.033  0.437  0.063  0.061  0.364        1
175:     0.035  0.055  0.428  0.060  0.039  0.384       50
176:     0.031  0.048  0.490  0.062  0.035  0.334       49
177:     0.031  0.042  0.398  0.063  0.039  0.426       50
178:     0.036  0.055  0.477  0.061  0.040  0.332       49
179:     0.029  0.059  0.400  0.062  0.048  0.402       23
180:     0.029  0.046  0.435  0.061  0.041  0.387       49
181:     0.940  0.049  0.004  0.003  0.002  0.002       30
182:     0.495  0.478  0.007  0.009  0.003  0.008       30
183:     0.062  0.078  0.272  0.047  0.062  0.479       34
184:     0.034  0.048  0.373  0.051  0.038  0.455       36
185:     0.036  0.057  0.404  0.056  0.046  0.401       40
186:     0.028  0.041  0.399  0.064  0.040  0.428       39
187:     0.036  0.049  0.380  0.062  0.045  0.428       37
188:     0.033  0.059  0.390  0.058  0.045  0.416       40
189:     0.037  0.057  0.381  0.061  0.039  0.426       35
190:     0.043  0.065  0.331  0.060  0.040  0.462       28
191:     0.034  0.053  0.344  0.054  0.046  0.468       36
192:     0.032  0.059  0.398  0.059  0.037  0.416       32
--------------------------------------------

