

----------------------------------------------------
STRUCTURE by Pritchard, Stephens and Donnelly (2000)
     and Falush, Stephens and Pritchard (2003)
       Code by Pritchard, Falush and Hubisz
             Version 2.3.4 (Jul 2012)
----------------------------------------------------


Reading file "/workdir/yc2644/CV_CT_array/structure/threader_input/mainparams".
Reading file "/workdir/yc2644/CV_CT_array/structure/threader_input/extraparams".
Reading file "/workdir/yc2644/CV_CT_array/structure/threader_input/n1601.recode.strct_in".


Data file "/workdir/yc2644/CV_CT_array/structure/threader_input/n1601.recode.strct_in" (truncated) --

Ind:   Label Pop : Genotype_data . . . .
  1:  001s    1  :  2   1   2   2   2   1   2  . . . .   2
  1:  001s    1  :  2   2   2   2   2   2   2  . . . .   2
  2:  002s    1  :  2   2   2   2   1   1   2  . . . .   2
  2:  002s    1  :  2   2   2   2   2   2   2  . . . .   2
  3:  003s    1  :  1   2   1   2   2   2   2  . . . .   1
  3:  003s    1  :  2   2   1   2   2   2   2  . . . .   2
  4:  004s    1  :  1   1   2   2   1   2   2  . . . .   1
  4:  004s    1  :  2   1   2   2   2   2   2  . . . .   2

      *******   

1600:    49  192  :  2   2   2   2   2   1   2  . . . .   1
1600:    49  192  :  2   2   2   2   2   2   2  . . . .   2
1601:    50  192  :  2   1   2   2   1   2   2  . . . .   1
1601:    50  192  :  2   2   2   2   2   2   2  . . . .   2

Number of alleles per locus: min= 2; ave=2.0; max= 2


--------------------------------------

Finished initialization; starting MCMC 
100000 iterations + 10000 burnin


--------------------------------------------
Proportion of membership of each pre-defined
 population in each of the 6 clusters

Given    Inferred Clusters                            Number of
 Pop       1      2      3      4      5      6      Individuals

  1:     0.196  0.178  0.154  0.209  0.168  0.095       54
  2:     0.219  0.155  0.150  0.203  0.173  0.100       30
  3:     0.121  0.086  0.063  0.068  0.096  0.565       30
  4:     0.133  0.059  0.075  0.031  0.062  0.639       20
  5:     0.114  0.096  0.078  0.044  0.071  0.597       30
  6:     0.212  0.163  0.132  0.229  0.171  0.092       43
  7:     0.204  0.156  0.133  0.220  0.208  0.080       44
  8:     0.196  0.081  0.098  0.217  0.332  0.076        4
  9:     0.200  0.190  0.138  0.264  0.140  0.069       22
 10:     0.191  0.190  0.129  0.253  0.174  0.063       24
 11:     0.201  0.179  0.146  0.227  0.165  0.082       54
 12:     0.182  0.206  0.136  0.247  0.149  0.080       37
 13:     0.202  0.179  0.148  0.209  0.169  0.093       42
 14:     0.217  0.158  0.165  0.221  0.157  0.082       42
 15:     0.219  0.189  0.148  0.212  0.146  0.086       49
 16:     0.206  0.169  0.145  0.226  0.162  0.092      124
 17:     0.214  0.184  0.154  0.191  0.173  0.084       24
 18:     0.200  0.185  0.141  0.215  0.176  0.082       34
 19:     0.203  0.191  0.154  0.208  0.153  0.091       52
 20:     0.186  0.168  0.133  0.251  0.165  0.097        1
 21:     0.118  0.416  0.234  0.074  0.090  0.068        1
 22:     0.248  0.090  0.179  0.268  0.165  0.049        1
 23:     0.081  0.130  0.158  0.171  0.341  0.119        1
 24:     0.082  0.129  0.127  0.264  0.343  0.056        1
 25:     0.141  0.137  0.200  0.224  0.175  0.124        1
 26:     0.213  0.119  0.109  0.285  0.194  0.079        1
 27:     0.266  0.133  0.251  0.176  0.047  0.127        1
 28:     0.002  0.405  0.036  0.386  0.108  0.064        1
 29:     0.296  0.094  0.218  0.250  0.103  0.040        1
 30:     0.150  0.162  0.202  0.324  0.023  0.139        1
 31:     0.329  0.035  0.241  0.187  0.013  0.196        1
 32:     0.195  0.171  0.143  0.261  0.202  0.028        1
 33:     0.166  0.163  0.198  0.134  0.205  0.134        1
 34:     0.177  0.029  0.178  0.273  0.288  0.054        1
 35:     0.477  0.137  0.124  0.074  0.124  0.064        1
 36:     0.054  0.009  0.218  0.287  0.308  0.124        1
 37:     0.132  0.152  0.180  0.292  0.149  0.096        1
 38:     0.153  0.228  0.205  0.157  0.118  0.139        1
 39:     0.151  0.265  0.089  0.142  0.310  0.043        1
 40:     0.086  0.174  0.222  0.309  0.086  0.123        1
 41:     0.194  0.334  0.121  0.074  0.268  0.009        1
 42:     0.061  0.149  0.295  0.179  0.209  0.108        1
 43:     0.413  0.114  0.257  0.047  0.099  0.069        1
 44:     0.328  0.177  0.154  0.156  0.088  0.097        1
 45:     0.272  0.169  0.183  0.213  0.109  0.054        1
 46:     0.260  0.090  0.204  0.146  0.258  0.042        1
 47:     0.468  0.041  0.147  0.270  0.019  0.055        1
 48:     0.249  0.128  0.224  0.064  0.249  0.086        1
 49:     0.457  0.162  0.149  0.057  0.110  0.064        1
 50:     0.282  0.070  0.036  0.116  0.204  0.292        1
 51:     0.274  0.217  0.150  0.075  0.069  0.215        1
 52:     0.105  0.113  0.203  0.221  0.231  0.126        1
 53:     0.122  0.086  0.234  0.249  0.214  0.096        1
 54:     0.055  0.401  0.276  0.011  0.115  0.142        1
 55:     0.274  0.087  0.390  0.000  0.053  0.196        1
 56:     0.091  0.271  0.432  0.079  0.033  0.094        1
 57:     0.224  0.221  0.222  0.093  0.117  0.122        1
 58:     0.047  0.370  0.319  0.045  0.082  0.137        1
 59:     0.225  0.220  0.268  0.104  0.038  0.143        1
 60:     0.154  0.107  0.362  0.145  0.027  0.204        1
 61:     0.307  0.199  0.290  0.010  0.040  0.154        1
 62:     0.164  0.086  0.117  0.180  0.133  0.320        1
 63:     0.038  0.505  0.177  0.069  0.094  0.118        1
 64:     0.137  0.265  0.234  0.065  0.133  0.165        1
 65:     0.240  0.435  0.092  0.055  0.043  0.135        1
 66:     0.295  0.320  0.110  0.045  0.051  0.179        1
 67:     0.184  0.443  0.147  0.040  0.063  0.123        1
 68:     0.068  0.526  0.139  0.044  0.102  0.120        1
 69:     0.094  0.135  0.474  0.082  0.060  0.156        1
 70:     0.055  0.446  0.227  0.077  0.115  0.079        1
 71:     0.205  0.424  0.186  0.034  0.043  0.108        1
 72:     0.128  0.189  0.338  0.118  0.069  0.158        1
 73:     0.281  0.220  0.221  0.066  0.097  0.116        1
 74:     0.111  0.422  0.234  0.079  0.024  0.131        1
 75:     0.169  0.138  0.234  0.097  0.164  0.198        1
 76:     0.132  0.062  0.069  0.113  0.161  0.463        1
 77:     0.212  0.381  0.097  0.036  0.086  0.188        1
 78:     0.129  0.190  0.484  0.015  0.033  0.149        1
 79:     0.028  0.323  0.292  0.095  0.079  0.182        1
 80:     0.165  0.372  0.231  0.102  0.042  0.088        1
 81:     0.204  0.337  0.212  0.067  0.088  0.092        1
 82:     0.113  0.189  0.377  0.089  0.065  0.168        1
 83:     0.052  0.402  0.206  0.124  0.087  0.128        1
 84:     0.018  0.206  0.580  0.033  0.114  0.049        1
 85:     0.004  0.226  0.203  0.093  0.383  0.091        1
 86:     0.028  0.022  0.758  0.093  0.014  0.084        1
 87:     0.038  0.101  0.572  0.050  0.170  0.069        1
 88:     0.028  0.149  0.736  0.010  0.049  0.027        1
 89:     0.004  0.113  0.626  0.065  0.163  0.029        1
 90:     0.005  0.010  0.615  0.019  0.215  0.136        1
 91:     0.054  0.049  0.570  0.018  0.238  0.070        1
 92:     0.039  0.003  0.706  0.012  0.146  0.094        1
 93:     0.003  0.069  0.733  0.015  0.064  0.116        1
 94:     0.007  0.112  0.525  0.073  0.273  0.010        1
 95:     0.038  0.034  0.573  0.055  0.210  0.090        1
 96:     0.001  0.321  0.169  0.024  0.399  0.086        1
 97:     0.005  0.061  0.756  0.016  0.129  0.034        1
 98:     0.033  0.127  0.665  0.085  0.053  0.037        1
 99:     0.030  0.070  0.638  0.044  0.139  0.079        1
100:     0.008  0.108  0.457  0.018  0.266  0.143        1
101:     0.018  0.050  0.677  0.043  0.162  0.051        1
102:     0.078  0.133  0.487  0.058  0.149  0.096        1
103:     0.016  0.161  0.602  0.005  0.122  0.095        1
104:     0.012  0.042  0.740  0.015  0.106  0.085        1
105:     0.028  0.106  0.568  0.049  0.140  0.108        1
106:     0.029  0.044  0.679  0.077  0.098  0.073        1
107:     0.050  0.178  0.635  0.034  0.011  0.091        1
108:     0.043  0.210  0.381  0.029  0.230  0.106        1
109:     0.045  0.146  0.451  0.081  0.120  0.158        1
110:     0.179  0.024  0.454  0.088  0.195  0.061        1
111:     0.040  0.158  0.600  0.023  0.082  0.097        1
112:     0.031  0.133  0.587  0.040  0.124  0.084        1
113:     0.010  0.035  0.641  0.093  0.135  0.086        1
114:     0.018  0.051  0.552  0.025  0.290  0.065        1
115:     0.013  0.048  0.576  0.009  0.282  0.071        1
116:     0.038  0.036  0.779  0.043  0.044  0.060        1
117:     0.053  0.148  0.506  0.034  0.134  0.125        1
118:     0.028  0.111  0.617  0.050  0.089  0.105        1
119:     0.012  0.114  0.629  0.060  0.124  0.063        1
120:     0.036  0.030  0.771  0.006  0.123  0.033        1
121:     0.019  0.057  0.751  0.112  0.023  0.038        1
122:     0.007  0.131  0.737  0.051  0.019  0.055        1
123:     0.043  0.116  0.556  0.033  0.170  0.082        1
124:     0.041  0.085  0.537  0.085  0.101  0.151        1
125:     0.011  0.025  0.803  0.006  0.112  0.044        1
126:     0.020  0.088  0.723  0.055  0.049  0.066        1
127:     0.065  0.033  0.712  0.055  0.046  0.090        1
128:     0.026  0.018  0.815  0.034  0.082  0.025        1
129:     0.042  0.028  0.723  0.018  0.152  0.038        1
130:     0.013  0.104  0.544  0.102  0.128  0.109        1
131:     0.016  0.023  0.754  0.077  0.128  0.002        1
132:     0.102  0.198  0.457  0.038  0.143  0.061        1
133:     0.020  0.084  0.618  0.085  0.032  0.160        1
134:     0.010  0.056  0.643  0.010  0.208  0.072        1
135:     0.076  0.208  0.379  0.092  0.166  0.078        1
136:     0.036  0.196  0.639  0.016  0.045  0.068        1
137:     0.010  0.183  0.699  0.026  0.030  0.052        1
138:     0.030  0.182  0.628  0.035  0.081  0.045        1
139:     0.001  0.249  0.476  0.003  0.105  0.166        1
140:     0.005  0.056  0.520  0.014  0.250  0.155        1
141:     0.003  0.244  0.570  0.042  0.095  0.047        1
142:     0.013  0.088  0.578  0.027  0.199  0.096        1
143:     0.024  0.003  0.668  0.014  0.157  0.133        1
144:     0.012  0.222  0.438  0.017  0.219  0.092        1
145:     0.026  0.069  0.533  0.014  0.299  0.059        1
146:     0.006  0.160  0.582  0.003  0.201  0.048        1
147:     0.035  0.158  0.730  0.011  0.020  0.046        1
148:     0.023  0.271  0.080  0.108  0.363  0.155        1
149:     0.184  0.157  0.168  0.119  0.197  0.175        1
150:     0.038  0.158  0.423  0.085  0.242  0.054        1
151:     0.269  0.128  0.191  0.195  0.186  0.031        1
152:     0.220  0.109  0.232  0.193  0.140  0.105        1
153:     0.054  0.133  0.125  0.489  0.098  0.100        1
154:     0.163  0.180  0.102  0.346  0.100  0.109        1
155:     0.287  0.257  0.171  0.168  0.032  0.085        1
156:     0.057  0.120  0.237  0.226  0.258  0.103        1
157:     0.176  0.099  0.225  0.247  0.165  0.088        1
158:     0.098  0.215  0.148  0.285  0.181  0.073        1
159:     0.163  0.315  0.113  0.312  0.039  0.058        1
160:     0.140  0.125  0.129  0.384  0.177  0.045        1
161:     0.198  0.160  0.159  0.199  0.162  0.122        1
162:     0.129  0.226  0.063  0.308  0.166  0.108        1
163:     0.083  0.116  0.154  0.233  0.342  0.072        1
164:     0.173  0.240  0.157  0.254  0.120  0.057        1
165:     0.071  0.268  0.182  0.203  0.176  0.100        1
166:     0.281  0.374  0.054  0.104  0.107  0.079        1
167:     0.314  0.024  0.273  0.239  0.044  0.106        1
168:     0.092  0.136  0.054  0.352  0.285  0.081        1
169:     0.187  0.189  0.191  0.213  0.121  0.099        1
170:     0.271  0.151  0.175  0.151  0.174  0.078        1
171:     0.021  0.109  0.118  0.605  0.067  0.080        1
172:     0.160  0.203  0.078  0.314  0.136  0.108        1
173:     0.140  0.248  0.165  0.154  0.198  0.094        1
174:     0.292  0.184  0.206  0.103  0.148  0.068        1
175:     0.191  0.157  0.153  0.251  0.152  0.096       50
176:     0.187  0.153  0.140  0.269  0.163  0.088       49
177:     0.171  0.177  0.135  0.245  0.182  0.090       50
178:     0.175  0.175  0.160  0.233  0.163  0.094       49
179:     0.177  0.170  0.161  0.218  0.178  0.095       23
180:     0.185  0.173  0.148  0.226  0.174  0.094       49
181:     0.033  0.022  0.022  0.022  0.034  0.867       30
182:     0.074  0.054  0.024  0.041  0.117  0.690       30
183:     0.172  0.189  0.129  0.198  0.183  0.129       34
184:     0.180  0.175  0.132  0.262  0.159  0.093       36
185:     0.194  0.162  0.135  0.232  0.184  0.093       40
186:     0.206  0.177  0.146  0.257  0.138  0.076       39
187:     0.183  0.168  0.150  0.230  0.176  0.094       37
188:     0.171  0.190  0.163  0.202  0.177  0.097       40
189:     0.187  0.178  0.154  0.221  0.159  0.101       35
190:     0.207  0.178  0.131  0.230  0.161  0.093       28
191:     0.181  0.170  0.137  0.236  0.183  0.092       36
192:     0.213  0.204  0.144  0.206  0.141  0.092       32
--------------------------------------------

 Rep#:   Lambda   Alpha      F1    F2    F3    F4    F5    F6     D1,2  D1,3  D1,4  D1,5  D1,6  D2,3  D2,4  D2,5  D2,6  D3,4  D3,5  D3,6  D4,5  D4,6  D5,6    Ln Like 
  100:    1.00    1.619    0.011 0.010 0.072 0.019 0.010 0.268    0.003 0.020 0.005 0.004 0.040 0.017 0.005 0.003 0.040 0.023 0.017 0.050 0.005 0.043 0.039   --  
  200:    1.00    1.253    0.011 0.062 0.201 0.020 0.010 0.216    0.016 0.036 0.005 0.003 0.033 0.044 0.018 0.015 0.040 0.038 0.035 0.051 0.005 0.035 0.032   --  
  300:    1.00    1.089    0.011 0.235 0.188 0.021 0.010 0.193    0.042 0.035 0.005 0.003 0.031 0.057 0.045 0.041 0.053 0.037 0.034 0.047 0.004 0.033 0.030   --  
  400:    1.00    1.016    0.011 0.264 0.178 0.021 0.010 0.191    0.045 0.033 0.005 0.003 0.030 0.058 0.047 0.044 0.055 0.036 0.032 0.046 0.004 0.032 0.029   --  
  500:    1.00    0.941    0.012 0.265 0.172 0.021 0.010 0.184    0.045 0.032 0.005 0.003 0.029 0.058 0.047 0.045 0.055 0.034 0.032 0.046 0.004 0.031 0.029   --  
  600:    1.00    0.903    0.012 0.269 0.167 0.021 0.010 0.184    0.046 0.032 0.005 0.004 0.029 0.060 0.048 0.045 0.057 0.033 0.031 0.046 0.005 0.031 0.029   --  
  700:    1.00    0.845    0.012 0.261 0.161 0.023 0.010 0.188    0.044 0.031 0.006 0.004 0.029 0.059 0.047 0.044 0.057 0.033 0.030 0.046 0.005 0.032 0.029   --  
  800:    1.00    0.838    0.024 0.259 0.159 0.023 0.010 0.200    0.046 0.032 0.009 0.006 0.032 0.058 0.047 0.043 0.058 0.033 0.030 0.047 0.005 0.034 0.031   --  
  900:    1.00    0.797    0.140 0.259 0.157 0.031 0.010 0.224    0.056 0.043 0.033 0.024 0.043 0.059 0.049 0.043 0.060 0.035 0.030 0.050 0.005 0.039 0.034   --  

--------------------------------------------
Proportion of membership of each pre-defined
 population in each of the 6 clusters

Given    Inferred Clusters                            Number of
 Pop       1      2      3      4      5      6      Individuals

  1:     0.177  0.093  0.070  0.317  0.281  0.062       54
  2:     0.172  0.098  0.069  0.315  0.285  0.062       30
  3:     0.201  0.067  0.063  0.019  0.084  0.567       30
  4:     0.869  0.001  0.003  0.001  0.000  0.125       20
  5:     0.790  0.005  0.010  0.001  0.002  0.192       30
  6:     0.180  0.094  0.077  0.361  0.229  0.059       43
  7:     0.180  0.091  0.063  0.339  0.271  0.056       44
  8:     0.143  0.089  0.085  0.363  0.285  0.035        4
  9:     0.170  0.101  0.068  0.476  0.149  0.036       22
 10:     0.158  0.101  0.077  0.438  0.187  0.038       24
 11:     0.180  0.089  0.070  0.351  0.250  0.060       54
 12:     0.180  0.093  0.070  0.346  0.258  0.053       37
 13:     0.182  0.096  0.071  0.348  0.237  0.067       42
 14:     0.178  0.092  0.069  0.342  0.264  0.055       42
 15:     0.180  0.095  0.068  0.354  0.243  0.059       49
 16:     0.181  0.093  0.071  0.349  0.243  0.063      124
 17:     0.177  0.098  0.065  0.348  0.253  0.060       24
 18:     0.167  0.102  0.071  0.357  0.252  0.051       34
 19:     0.174  0.095  0.070  0.351  0.245  0.064       52
 20:     0.096  0.091  0.117  0.310  0.301  0.086        1
 21:     0.122  0.133  0.128  0.353  0.217  0.046        1
 22:     0.189  0.124  0.082  0.490  0.066  0.049        1
 23:     0.138  0.080  0.132  0.261  0.331  0.058        1
 24:     0.158  0.103  0.049  0.244  0.412  0.033        1
 25:     0.188  0.048  0.090  0.305  0.300  0.069        1
 26:     0.205  0.103  0.103  0.512  0.037  0.040        1
 27:     0.186  0.102  0.105  0.388  0.128  0.091        1
 28:     0.141  0.111  0.084  0.425  0.196  0.042        1
 29:     0.124  0.122  0.102  0.470  0.141  0.041        1
 30:     0.225  0.076  0.078  0.245  0.283  0.094        1
 31:     0.317  0.091  0.050  0.399  0.009  0.133        1
 32:     0.187  0.087  0.093  0.460  0.162  0.011        1
 33:     0.174  0.130  0.029  0.061  0.543  0.064        1
 34:     0.184  0.121  0.097  0.371  0.219  0.008        1
 35:     0.193  0.132  0.064  0.370  0.201  0.041        1
 36:     0.181  0.069  0.129  0.402  0.112  0.106        1
 37:     0.140  0.069  0.092  0.474  0.169  0.055        1
 38:     0.234  0.056  0.146  0.408  0.109  0.046        1
 39:     0.164  0.145  0.072  0.140  0.447  0.032        1
 40:     0.147  0.098  0.132  0.226  0.334  0.062        1
 41:     0.158  0.113  0.088  0.443  0.187  0.010        1
 42:     0.185  0.111  0.084  0.356  0.215  0.050        1
 43:     0.181  0.117  0.078  0.244  0.321  0.059        1
 44:     0.221  0.088  0.062  0.280  0.257  0.093        1
 45:     0.171  0.165  0.104  0.485  0.057  0.019        1
 46:     0.130  0.090  0.133  0.385  0.207  0.055        1
 47:     0.174  0.092  0.099  0.455  0.139  0.042        1
 48:     0.166  0.089  0.072  0.418  0.222  0.033        1
 49:     0.155  0.090  0.088  0.387  0.256  0.024        1
 50:     0.353  0.070  0.076  0.115  0.222  0.164        1
 51:     0.260  0.117  0.111  0.330  0.054  0.129        1
 52:     0.167  0.080  0.146  0.450  0.072  0.085        1
 53:     0.187  0.072  0.092  0.340  0.251  0.058        1
 54:     0.001  0.985  0.005  0.002  0.000  0.007        1
 55:     0.005  0.989  0.000  0.000  0.001  0.004        1
 56:     0.039  0.828  0.028  0.081  0.018  0.007        1
 57:     0.015  0.954  0.005  0.002  0.020  0.004        1
 58:     0.026  0.926  0.012  0.030  0.001  0.005        1
 59:     0.065  0.848  0.037  0.001  0.012  0.035        1
 60:     0.007  0.989  0.000  0.001  0.003  0.000        1
 61:     0.000  0.997  0.000  0.000  0.002  0.000        1
 62:     0.296  0.041  0.046  0.019  0.340  0.258        1
 63:     0.012  0.917  0.030  0.004  0.004  0.034        1
 64:     0.001  0.998  0.000  0.000  0.000  0.000        1
 65:     0.001  0.996  0.000  0.001  0.000  0.001        1
 66:     0.013  0.940  0.012  0.004  0.000  0.030        1
 67:     0.056  0.624  0.100  0.089  0.044  0.087        1
 68:     0.013  0.914  0.023  0.010  0.007  0.032        1
 69:     0.019  0.969  0.003  0.003  0.001  0.005        1
 70:     0.071  0.818  0.020  0.038  0.028  0.025        1
 71:     0.000  0.996  0.003  0.001  0.000  0.000        1
 72:     0.000  0.995  0.001  0.000  0.000  0.003        1
 73:     0.001  0.996  0.001  0.002  0.000  0.000        1
 74:     0.106  0.787  0.026  0.004  0.044  0.032        1
 75:     0.001  0.999  0.000  0.001  0.000  0.000        1
 76:     0.302  0.033  0.157  0.049  0.100  0.360        1
 77:     0.001  0.996  0.001  0.002  0.000  0.000        1
 78:     0.042  0.802  0.011  0.068  0.004  0.074        1
 79:     0.003  0.994  0.001  0.000  0.002  0.000        1
 80:     0.002  0.980  0.001  0.001  0.002  0.014        1
 81:     0.005  0.991  0.001  0.001  0.000  0.002        1
 82:     0.107  0.532  0.169  0.017  0.119  0.056        1
 83:     0.001  0.988  0.000  0.003  0.003  0.004        1
 84:     0.016  0.013  0.924  0.009  0.001  0.038        1
 85:     0.018  0.016  0.907  0.001  0.003  0.056        1
 86:     0.003  0.060  0.854  0.018  0.014  0.052        1
 87:     0.001  0.004  0.985  0.002  0.001  0.006        1
 88:     0.005  0.010  0.981  0.003  0.000  0.001        1
 89:     0.017  0.010  0.957  0.002  0.009  0.004        1
 90:     0.004  0.001  0.976  0.002  0.002  0.015        1
 91:     0.034  0.000  0.940  0.009  0.009  0.008        1
 92:     0.042  0.014  0.856  0.001  0.072  0.015        1
 93:     0.003  0.008  0.920  0.011  0.002  0.056        1
 94:     0.001  0.005  0.910  0.024  0.006  0.054        1
 95:     0.032  0.007  0.878  0.010  0.035  0.038        1
 96:     0.005  0.010  0.978  0.001  0.000  0.006        1
 97:     0.022  0.015  0.921  0.002  0.012  0.028        1
 98:     0.003  0.007  0.962  0.006  0.008  0.012        1
 99:     0.000  0.000  0.996  0.000  0.000  0.004        1
100:     0.001  0.002  0.989  0.004  0.000  0.004        1
101:     0.061  0.051  0.760  0.007  0.088  0.033        1
102:     0.030  0.044  0.803  0.017  0.096  0.010        1
103:     0.010  0.008  0.964  0.006  0.008  0.005        1
104:     0.012  0.025  0.928  0.015  0.011  0.008        1
105:     0.000  0.036  0.892  0.006  0.005  0.060        1
106:     0.013  0.036  0.759  0.052  0.114  0.026        1
107:     0.003  0.017  0.934  0.005  0.012  0.029        1
108:     0.060  0.002  0.825  0.032  0.021  0.061        1
109:     0.027  0.035  0.759  0.011  0.096  0.072        1
110:     0.001  0.084  0.767  0.093  0.043  0.013        1
111:     0.023  0.002  0.936  0.002  0.011  0.027        1
112:     0.002  0.006  0.990  0.001  0.001  0.000        1
113:     0.006  0.005  0.918  0.005  0.007  0.060        1
114:     0.000  0.007  0.960  0.005  0.021  0.007        1
115:     0.002  0.010  0.898  0.053  0.011  0.026        1
116:     0.002  0.002  0.983  0.002  0.000  0.011        1
117:     0.016  0.008  0.894  0.005  0.002  0.074        1
118:     0.000  0.024  0.920  0.002  0.001  0.053        1
119:     0.039  0.039  0.866  0.030  0.007  0.020        1
120:     0.001  0.054  0.924  0.013  0.004  0.003        1
121:     0.000  0.028  0.950  0.002  0.005  0.015        1
122:     0.002  0.026  0.924  0.019  0.004  0.026        1
123:     0.001  0.002  0.993  0.002  0.002  0.000        1
124:     0.064  0.002  0.837  0.019  0.024  0.055        1
125:     0.002  0.003  0.981  0.002  0.009  0.003        1
126:     0.006  0.030  0.882  0.010  0.049  0.024        1
127:     0.031  0.042  0.888  0.003  0.005  0.031        1
128:     0.016  0.015  0.951  0.002  0.005  0.011        1
129:     0.000  0.003  0.992  0.002  0.001  0.002        1
130:     0.001  0.028  0.928  0.003  0.003  0.038        1
131:     0.008  0.005  0.969  0.006  0.005  0.008        1
132:     0.080  0.008  0.802  0.025  0.024  0.060        1
133:     0.028  0.012  0.856  0.009  0.016  0.079        1
134:     0.006  0.064  0.801  0.043  0.064  0.021        1
135:     0.050  0.021  0.799  0.004  0.066  0.060        1
136:     0.001  0.000  0.993  0.006  0.000  0.000        1
137:     0.003  0.031  0.963  0.001  0.000  0.002        1
138:     0.001  0.005  0.985  0.005  0.001  0.004        1
139:     0.056  0.014  0.888  0.001  0.000  0.040        1
140:     0.059  0.020  0.860  0.017  0.012  0.032        1
141:     0.007  0.000  0.976  0.003  0.005  0.010        1
142:     0.037  0.008  0.851  0.000  0.060  0.044        1
143:     0.000  0.020  0.920  0.002  0.003  0.054        1
144:     0.013  0.000  0.948  0.015  0.011  0.013        1
145:     0.006  0.004  0.979  0.008  0.002  0.001        1
146:     0.014  0.011  0.913  0.004  0.001  0.057        1
147:     0.046  0.000  0.942  0.002  0.004  0.006        1
148:     0.149  0.074  0.157  0.054  0.463  0.103        1
149:     0.183  0.053  0.121  0.117  0.380  0.146        1
150:     0.132  0.122  0.108  0.365  0.204  0.069        1
151:     0.140  0.112  0.068  0.416  0.214  0.050        1
152:     0.171  0.086  0.056  0.119  0.490  0.079        1
153:     0.177  0.079  0.082  0.446  0.115  0.101        1
154:     0.171  0.089  0.092  0.342  0.272  0.033        1
155:     0.231  0.119  0.090  0.479  0.055  0.025        1
156:     0.197  0.103  0.088  0.329  0.247  0.037        1
157:     0.158  0.090  0.138  0.304  0.259  0.052        1
158:     0.091  0.148  0.102  0.354  0.259  0.045        1
159:     0.158  0.118  0.099  0.421  0.144  0.060        1
160:     0.157  0.069  0.092  0.352  0.277  0.054        1
161:     0.211  0.120  0.090  0.327  0.178  0.074        1
162:     0.128  0.168  0.075  0.334  0.231  0.064        1
163:     0.164  0.121  0.139  0.328  0.198  0.050        1
164:     0.195  0.083  0.073  0.276  0.297  0.077        1
165:     0.173  0.097  0.119  0.391  0.136  0.084        1
166:     0.230  0.065  0.029  0.230  0.402  0.044        1
167:     0.169  0.101  0.047  0.387  0.211  0.085        1
168:     0.138  0.062  0.058  0.317  0.412  0.013        1
169:     0.182  0.064  0.144  0.395  0.188  0.026        1
170:     0.123  0.133  0.138  0.413  0.156  0.037        1
171:     0.118  0.124  0.123  0.442  0.139  0.053        1
172:     0.187  0.151  0.073  0.423  0.116  0.051        1
173:     0.163  0.078  0.094  0.230  0.381  0.053        1
174:     0.176  0.097  0.087  0.131  0.483  0.026        1
175:     0.177  0.094  0.072  0.354  0.241  0.063       50
176:     0.169  0.095  0.071  0.384  0.217  0.063       49
177:     0.164  0.094  0.066  0.351  0.261  0.064       50
178:     0.172  0.098  0.071  0.370  0.223  0.066       49
179:     0.181  0.094  0.070  0.335  0.264  0.056       23
180:     0.177  0.097  0.064  0.345  0.263  0.053       49
181:     0.006  0.006  0.003  0.007  0.004  0.973       30
182:     0.030  0.015  0.008  0.010  0.026  0.911       30
183:     0.154  0.083  0.071  0.241  0.345  0.105       34
184:     0.165  0.096  0.062  0.329  0.285  0.063       36
185:     0.174  0.086  0.070  0.313  0.296  0.061       40
186:     0.167  0.100  0.072  0.389  0.218  0.053       39
187:     0.165  0.093  0.066  0.332  0.281  0.064       37
188:     0.177  0.089  0.071  0.363  0.232  0.068       40
189:     0.163  0.096  0.071  0.347  0.253  0.071       35
190:     0.167  0.093  0.059  0.288  0.320  0.074       28
191:     0.166  0.086  0.060  0.295  0.332  0.060       36
192:     0.176  0.096  0.062  0.363  0.243  0.061       32
--------------------------------------------

 Rep#:   Lambda   Alpha      F1    F2    F3    F4    F5    F6     D1,2  D1,3  D1,4  D1,5  D1,6  D2,3  D2,4  D2,5  D2,6  D3,4  D3,5  D3,6  D4,5  D4,6  D5,6    Ln Like 
 1000:    1.00    0.742    0.244 0.261 0.163 0.036 0.010 0.225    0.062 0.050 0.050 0.040 0.045 0.058 0.050 0.043 0.061 0.036 0.030 0.050 0.006 0.041 0.035   --  
 1100:    1.00    0.716    0.246 0.258 0.155 0.036 0.010 0.226    0.061 0.049 0.047 0.039 0.043 0.058 0.049 0.043 0.062 0.035 0.029 0.051 0.006 0.040 0.035   --  
 1200:    1.00    0.693    0.244 0.255 0.159 0.034 0.010 0.223    0.062 0.049 0.045 0.038 0.044 0.058 0.048 0.042 0.062 0.034 0.029 0.051 0.006 0.040 0.035   --  
 1300:    1.00    0.665    0.235 0.259 0.152 0.033 0.010 0.227    0.060 0.049 0.042 0.036 0.043 0.058 0.048 0.042 0.063 0.033 0.028 0.052 0.006 0.040 0.035   --  
 1400:    1.00    0.637    0.223 0.252 0.153 0.032 0.010 0.227    0.060 0.049 0.041 0.035 0.044 0.058 0.047 0.042 0.063 0.033 0.028 0.052 0.006 0.039 0.034   --  
 1500:    1.00    0.628    0.221 0.257 0.151 0.031 0.010 0.232    0.060 0.048 0.041 0.034 0.043 0.058 0.047 0.042 0.063 0.032 0.028 0.052 0.006 0.039 0.034   --  
 1600:    1.00    0.594    0.217 0.256 0.151 0.031 0.010 0.236    0.061 0.048 0.039 0.033 0.044 0.058 0.046 0.041 0.064 0.032 0.028 0.053 0.006 0.039 0.034   --  
 1700:    1.00    0.568    0.212 0.253 0.151 0.030 0.010 0.228    0.060 0.048 0.039 0.033 0.045 0.057 0.045 0.040 0.064 0.031 0.028 0.052 0.006 0.038 0.034   --  
 1800:    1.00    0.540    0.212 0.243 0.151 0.029 0.010 0.231    0.060 0.048 0.038 0.032 0.045 0.057 0.043 0.039 0.064 0.031 0.027 0.053 0.005 0.038 0.034   --  
 1900:    1.00    0.518    0.213 0.244 0.151 0.029 0.010 0.233    0.060 0.048 0.037 0.032 0.045 0.057 0.043 0.039 0.064 0.030 0.027 0.053 0.005 0.038 0.034   --  

--------------------------------------------
Proportion of membership of each pre-defined
 population in each of the 6 clusters

Given    Inferred Clusters                            Number of
 Pop       1      2      3      4      5      6      Individuals

  1:     0.100  0.060  0.036  0.463  0.301  0.041       54
  2:     0.098  0.064  0.033  0.466  0.301  0.038       30
  3:     0.289  0.047  0.045  0.010  0.175  0.434       30
  4:     0.973  0.002  0.004  0.002  0.001  0.018       20
  5:     0.887  0.009  0.011  0.015  0.012  0.066       30
  6:     0.100  0.054  0.039  0.520  0.254  0.034       43
  7:     0.100  0.053  0.040  0.470  0.306  0.032       44
  8:     0.084  0.054  0.051  0.585  0.206  0.019        4
  9:     0.071  0.070  0.040  0.643  0.157  0.020       22
 10:     0.068  0.063  0.044  0.603  0.198  0.024       24
 11:     0.094  0.055  0.034  0.484  0.301  0.032       54
 12:     0.096  0.060  0.034  0.498  0.278  0.034       37
 13:     0.100  0.057  0.043  0.480  0.282  0.037       42
 14:     0.100  0.056  0.034  0.485  0.292  0.033       42
 15:     0.094  0.056  0.037  0.470  0.304  0.038       49
 16:     0.099  0.058  0.042  0.484  0.279  0.038      124
 17:     0.099  0.060  0.036  0.497  0.276  0.032       24
 18:     0.086  0.063  0.041  0.467  0.309  0.034       34
 19:     0.096  0.058  0.040  0.486  0.280  0.041       52
 20:     0.038  0.034  0.043  0.497  0.334  0.054        1
 21:     0.104  0.106  0.080  0.422  0.287  0.001        1
 22:     0.078  0.091  0.077  0.561  0.139  0.053        1
 23:     0.115  0.047  0.092  0.441  0.259  0.046        1
 24:     0.044  0.047  0.079  0.334  0.494  0.001        1
 25:     0.135  0.032  0.048  0.422  0.315  0.048        1
 26:     0.122  0.088  0.082  0.509  0.194  0.005        1
 27:     0.120  0.047  0.058  0.447  0.273  0.055        1
 28:     0.069  0.096  0.010  0.508  0.297  0.019        1
 29:     0.016  0.086  0.059  0.601  0.196  0.042        1
 30:     0.144  0.029  0.049  0.367  0.367  0.044        1
 31:     0.265  0.081  0.013  0.521  0.048  0.071        1
 32:     0.098  0.046  0.034  0.539  0.269  0.013        1
 33:     0.102  0.111  0.003  0.255  0.490  0.039        1
 34:     0.052  0.099  0.065  0.486  0.292  0.005        1
 35:     0.094  0.063  0.087  0.597  0.145  0.015        1
 36:     0.107  0.065  0.100  0.629  0.020  0.078        1
 37:     0.114  0.058  0.033  0.500  0.279  0.016        1
 38:     0.204  0.022  0.120  0.509  0.125  0.020        1
 39:     0.073  0.103  0.041  0.403  0.380  0.000        1
 40:     0.125  0.085  0.070  0.308  0.411  0.000        1
 41:     0.095  0.074  0.071  0.569  0.176  0.014        1
 42:     0.121  0.063  0.076  0.532  0.168  0.040        1
 43:     0.094  0.049  0.063  0.424  0.367  0.003        1
 44:     0.163  0.055  0.022  0.446  0.298  0.016        1
 45:     0.102  0.111  0.070  0.628  0.064  0.025        1
 46:     0.019  0.037  0.159  0.396  0.328  0.061        1
 47:     0.061  0.042  0.029  0.525  0.332  0.011        1
 48:     0.063  0.053  0.054  0.448  0.340  0.043        1
 49:     0.052  0.080  0.047  0.560  0.255  0.006        1
 50:     0.269  0.054  0.036  0.064  0.494  0.083        1
 51:     0.217  0.073  0.052  0.414  0.174  0.070        1
 52:     0.087  0.082  0.098  0.505  0.148  0.081        1
 53:     0.063  0.076  0.064  0.346  0.379  0.072        1
 54:     0.000  0.997  0.001  0.000  0.001  0.000        1
 55:     0.000  0.997  0.000  0.001  0.001  0.000        1
 56:     0.017  0.824  0.006  0.087  0.053  0.013        1
 57:     0.007  0.954  0.009  0.025  0.000  0.005        1
 58:     0.000  0.905  0.001  0.073  0.004  0.016        1
 59:     0.045  0.875  0.000  0.020  0.040  0.019        1
 60:     0.009  0.987  0.001  0.003  0.000  0.000        1
 61:     0.002  0.993  0.001  0.001  0.001  0.001        1
 62:     0.269  0.011  0.008  0.025  0.496  0.191        1
 63:     0.041  0.937  0.000  0.000  0.004  0.017        1
 64:     0.000  0.999  0.000  0.000  0.000  0.000        1
 65:     0.002  0.994  0.000  0.000  0.001  0.003        1
 66:     0.012  0.963  0.011  0.001  0.001  0.012        1
 67:     0.022  0.629  0.117  0.107  0.086  0.039        1
 68:     0.002  0.925  0.016  0.048  0.001  0.008        1
 69:     0.001  0.987  0.000  0.002  0.000  0.010        1
 70:     0.031  0.782  0.004  0.001  0.168  0.015        1
 71:     0.001  0.993  0.000  0.000  0.003  0.002        1
 72:     0.000  0.999  0.000  0.000  0.000  0.000        1
 73:     0.001  0.999  0.000  0.000  0.000  0.000        1
 74:     0.040  0.771  0.003  0.027  0.143  0.016        1
 75:     0.000  0.999  0.000  0.000  0.000  0.000        1
 76:     0.307  0.002  0.064  0.023  0.283  0.321        1
 77:     0.000  0.996  0.003  0.000  0.000  0.000        1
 78:     0.035  0.807  0.005  0.071  0.008  0.074        1
 79:     0.001  0.997  0.001  0.000  0.000  0.001        1
 80:     0.012  0.976  0.001  0.000  0.010  0.001        1
 81:     0.001  0.995  0.000  0.000  0.000  0.004        1
 82:     0.059  0.525  0.147  0.147  0.108  0.014        1
 83:     0.000  0.996  0.001  0.001  0.001  0.001        1
 84:     0.039  0.001  0.934  0.012  0.000  0.014        1
 85:     0.080  0.004  0.901  0.002  0.000  0.013        1
 86:     0.028  0.032  0.873  0.042  0.001  0.025        1
 87:     0.022  0.006  0.967  0.000  0.004  0.001        1
 88:     0.005  0.006  0.980  0.000  0.005  0.002        1
 89:     0.011  0.003  0.942  0.022  0.021  0.000        1
 90:     0.028  0.000  0.971  0.000  0.000  0.000        1
 91:     0.016  0.002  0.941  0.015  0.027  0.000        1
 92:     0.005  0.007  0.803  0.017  0.144  0.025        1
 93:     0.008  0.001  0.912  0.001  0.011  0.067        1
 94:     0.009  0.001  0.889  0.027  0.043  0.031        1
 95:     0.075  0.002  0.881  0.013  0.023  0.006        1
 96:     0.003  0.001  0.992  0.002  0.000  0.002        1
 97:     0.049  0.007  0.932  0.001  0.007  0.005        1
 98:     0.014  0.005  0.947  0.000  0.019  0.015        1
 99:     0.000  0.000  0.997  0.000  0.002  0.000        1
100:     0.043  0.001  0.956  0.000  0.000  0.000        1
101:     0.039  0.017  0.728  0.001  0.194  0.020        1
102:     0.002  0.020  0.757  0.009  0.212  0.000        1
103:     0.012  0.002  0.981  0.003  0.001  0.001        1
104:     0.000  0.015  0.962  0.010  0.012  0.000        1
105:     0.065  0.029  0.894  0.000  0.007  0.005        1
106:     0.026  0.006  0.823  0.133  0.012  0.001        1
107:     0.001  0.002  0.960  0.005  0.000  0.031        1
108:     0.065  0.000  0.824  0.056  0.047  0.007        1
109:     0.055  0.022  0.745  0.000  0.149  0.029        1
110:     0.000  0.045  0.782  0.110  0.058  0.005        1
111:     0.010  0.000  0.980  0.002  0.006  0.002        1
112:     0.004  0.001  0.986  0.000  0.005  0.004        1
113:     0.027  0.003  0.941  0.000  0.007  0.023        1
114:     0.007  0.015  0.956  0.000  0.015  0.007        1
115:     0.011  0.002  0.916  0.056  0.015  0.000        1
116:     0.003  0.001  0.989  0.001  0.000  0.005        1
117:     0.013  0.000  0.920  0.004  0.000  0.062        1
118:     0.001  0.008  0.951  0.000  0.003  0.038        1
119:     0.041  0.015  0.848  0.082  0.013  0.001        1
120:     0.001  0.023  0.947  0.020  0.004  0.004        1
121:     0.016  0.012  0.940  0.008  0.014  0.010        1
122:     0.004  0.014  0.900  0.080  0.000  0.002        1
123:     0.007  0.011  0.974  0.001  0.007  0.000        1
124:     0.075  0.001  0.819  0.000  0.098  0.006        1
125:     0.003  0.001  0.979  0.011  0.006  0.000        1
126:     0.023  0.024  0.851  0.065  0.027  0.010        1
127:     0.085  0.006  0.898  0.003  0.008  0.000        1
128:     0.009  0.009  0.962  0.000  0.014  0.006        1
129:     0.000  0.002  0.993  0.000  0.000  0.005        1
130:     0.056  0.020  0.906  0.007  0.005  0.006        1
131:     0.003  0.001  0.995  0.000  0.001  0.000        1
132:     0.100  0.000  0.812  0.048  0.010  0.031        1
133:     0.125  0.000  0.830  0.009  0.001  0.036        1
134:     0.016  0.001  0.799  0.000  0.146  0.038        1
135:     0.035  0.000  0.801  0.001  0.119  0.044        1
136:     0.000  0.000  0.998  0.000  0.001  0.000        1
137:     0.000  0.001  0.978  0.008  0.001  0.012        1
138:     0.000  0.003  0.991  0.000  0.001  0.005        1
139:     0.099  0.008  0.890  0.000  0.000  0.002        1
140:     0.103  0.005  0.868  0.008  0.005  0.011        1
141:     0.001  0.004  0.984  0.008  0.000  0.002        1
142:     0.031  0.009  0.855  0.000  0.088  0.018        1
143:     0.033  0.001  0.925  0.001  0.002  0.037        1
144:     0.030  0.005  0.959  0.000  0.003  0.002        1
145:     0.007  0.004  0.983  0.006  0.001  0.000        1
146:     0.020  0.008  0.906  0.009  0.019  0.037        1
147:     0.036  0.000  0.944  0.016  0.003  0.000        1
148:     0.122  0.072  0.130  0.175  0.440  0.061        1
149:     0.143  0.022  0.054  0.256  0.434  0.091        1
150:     0.082  0.044  0.100  0.471  0.297  0.007        1
151:     0.052  0.093  0.054  0.648  0.114  0.039        1
152:     0.140  0.043  0.060  0.560  0.141  0.055        1
153:     0.116  0.041  0.043  0.561  0.230  0.009        1
154:     0.061  0.091  0.044  0.155  0.647  0.002        1
155:     0.160  0.082  0.056  0.643  0.059  0.001        1
156:     0.087  0.070  0.072  0.523  0.216  0.032        1
157:     0.160  0.061  0.041  0.452  0.281  0.005        1
158:     0.077  0.044  0.106  0.699  0.024  0.049        1
159:     0.061  0.082  0.068  0.503  0.250  0.035        1
160:     0.082  0.074  0.027  0.460  0.351  0.006        1
161:     0.068  0.077  0.100  0.498  0.208  0.050        1
162:     0.084  0.106  0.044  0.512  0.218  0.036        1
163:     0.089  0.115  0.067  0.502  0.219  0.008        1
164:     0.113  0.065  0.024  0.529  0.200  0.069        1
165:     0.140  0.080  0.087  0.551  0.112  0.030        1
166:     0.119  0.058  0.000  0.243  0.574  0.006        1
167:     0.085  0.096  0.051  0.338  0.401  0.029        1
168:     0.058  0.026  0.045  0.496  0.345  0.029        1
169:     0.133  0.050  0.083  0.430  0.302  0.003        1
170:     0.051  0.078  0.058  0.532  0.246  0.035        1
171:     0.045  0.068  0.057  0.443  0.350  0.039        1
172:     0.138  0.068  0.069  0.569  0.146  0.011        1
173:     0.110  0.066  0.011  0.360  0.431  0.021        1
174:     0.098  0.077  0.079  0.386  0.347  0.013        1
175:     0.097  0.056  0.035  0.500  0.272  0.040       50
176:     0.086  0.060  0.039  0.543  0.230  0.043       49
177:     0.093  0.055  0.035  0.501  0.276  0.040       50
178:     0.101  0.063  0.032  0.520  0.242  0.043       49
179:     0.102  0.058  0.039  0.512  0.252  0.038       23
180:     0.091  0.060  0.038  0.499  0.277  0.035       49
181:     0.032  0.003  0.002  0.002  0.001  0.960       30
182:     0.240  0.010  0.004  0.003  0.018  0.726       30
183:     0.090  0.048  0.041  0.301  0.455  0.064       34
184:     0.086  0.050  0.029  0.441  0.355  0.039       36
185:     0.097  0.048  0.039  0.410  0.374  0.032       40
186:     0.086  0.059  0.033  0.495  0.291  0.035       39
187:     0.083  0.056  0.031  0.412  0.378  0.039       37
188:     0.093  0.059  0.036  0.445  0.326  0.039       40
189:     0.091  0.061  0.036  0.460  0.309  0.044       35
190:     0.091  0.064  0.030  0.386  0.382  0.048       28
191:     0.090  0.054  0.035  0.423  0.365  0.033       36
192:     0.089  0.060  0.032  0.468  0.312  0.039       32
--------------------------------------------

