

----------------------------------------------------
STRUCTURE by Pritchard, Stephens and Donnelly (2000)
     and Falush, Stephens and Pritchard (2003)
       Code by Pritchard, Falush and Hubisz
             Version 2.3.4 (Jul 2012)
----------------------------------------------------


Reading file "/workdir/yc2644/CV_CT_array/structure/threader_input/mainparams".
Reading file "/workdir/yc2644/CV_CT_array/structure/threader_input/extraparams".
Reading file "/workdir/yc2644/CV_CT_array/structure/threader_input/n1601.recode.strct_in".


Data file "/workdir/yc2644/CV_CT_array/structure/threader_input/n1601.recode.strct_in" (truncated) --

Ind:   Label Pop : Genotype_data . . . .
  1:  001s    1  :  2   1   2   2   2   1   2  . . . .   2
  1:  001s    1  :  2   2   2   2   2   2   2  . . . .   2
  2:  002s    1  :  2   2   2   2   1   1   2  . . . .   2
  2:  002s    1  :  2   2   2   2   2   2   2  . . . .   2
  3:  003s    1  :  1   2   1   2   2   2   2  . . . .   1
  3:  003s    1  :  2   2   1   2   2   2   2  . . . .   2
  4:  004s    1  :  1   1   2   2   1   2   2  . . . .   1
  4:  004s    1  :  2   1   2   2   2   2   2  . . . .   2

      *******   

1600:    49  192  :  2   2   2   2   2   1   2  . . . .   1
1600:    49  192  :  2   2   2   2   2   2   2  . . . .   2
1601:    50  192  :  2   1   2   2   1   2   2  . . . .   1
1601:    50  192  :  2   2   2   2   2   2   2  . . . .   2

Number of alleles per locus: min= 2; ave=2.0; max= 2


--------------------------------------

Finished initialization; starting MCMC 
100000 iterations + 10000 burnin


--------------------------------------------
Proportion of membership of each pre-defined
 population in each of the 6 clusters

Given    Inferred Clusters                            Number of
 Pop       1      2      3      4      5      6      Individuals

  1:     0.202  0.156  0.245  0.114  0.184  0.100       54
  2:     0.221  0.168  0.241  0.106  0.161  0.103       30
  3:     0.034  0.186  0.041  0.493  0.071  0.175       30
  4:     0.024  0.133  0.023  0.610  0.084  0.125       20
  5:     0.028  0.117  0.034  0.575  0.113  0.132       30
  6:     0.215  0.151  0.230  0.118  0.185  0.101       43
  7:     0.209  0.164  0.247  0.117  0.172  0.092       44
  8:     0.210  0.114  0.225  0.070  0.288  0.094        4
  9:     0.253  0.135  0.237  0.075  0.206  0.096       22
 10:     0.249  0.131  0.267  0.082  0.173  0.099       24
 11:     0.228  0.140  0.224  0.114  0.198  0.096       54
 12:     0.213  0.164  0.262  0.110  0.157  0.094       37
 13:     0.180  0.145  0.243  0.118  0.215  0.099       42
 14:     0.211  0.162  0.241  0.109  0.187  0.090       42
 15:     0.220  0.135  0.219  0.122  0.209  0.095       49
 16:     0.214  0.145  0.221  0.117  0.200  0.103      124
 17:     0.247  0.145  0.243  0.108  0.162  0.095       24
 18:     0.224  0.135  0.264  0.103  0.175  0.100       34
 19:     0.242  0.142  0.213  0.112  0.195  0.095       52
 20:     0.327  0.123  0.219  0.135  0.099  0.098        1
 21:     0.295  0.107  0.175  0.140  0.175  0.108        1
 22:     0.232  0.331  0.166  0.033  0.166  0.072        1
 23:     0.188  0.197  0.137  0.124  0.206  0.147        1
 24:     0.029  0.306  0.336  0.045  0.144  0.140        1
 25:     0.361  0.319  0.054  0.053  0.080  0.133        1
 26:     0.101  0.139  0.410  0.100  0.206  0.045        1
 27:     0.181  0.172  0.186  0.147  0.192  0.122        1
 28:     0.336  0.201  0.186  0.112  0.084  0.081        1
 29:     0.372  0.181  0.090  0.051  0.168  0.138        1
 30:     0.162  0.135  0.213  0.167  0.192  0.132        1
 31:     0.159  0.154  0.140  0.219  0.240  0.088        1
 32:     0.192  0.159  0.237  0.106  0.197  0.109        1
 33:     0.261  0.086  0.187  0.167  0.181  0.119        1
 34:     0.368  0.164  0.165  0.118  0.076  0.108        1
 35:     0.358  0.024  0.236  0.131  0.213  0.040        1
 36:     0.220  0.264  0.229  0.101  0.062  0.124        1
 37:     0.244  0.082  0.177  0.111  0.300  0.086        1
 38:     0.042  0.184  0.190  0.117  0.334  0.133        1
 39:     0.233  0.208  0.353  0.025  0.122  0.059        1
 40:     0.291  0.197  0.102  0.023  0.217  0.171        1
 41:     0.107  0.096  0.526  0.046  0.063  0.162        1
 42:     0.281  0.154  0.052  0.171  0.245  0.096        1
 43:     0.228  0.247  0.236  0.080  0.116  0.092        1
 44:     0.092  0.059  0.361  0.225  0.163  0.100        1
 45:     0.192  0.297  0.166  0.045  0.201  0.099        1
 46:     0.203  0.140  0.272  0.099  0.096  0.190        1
 47:     0.260  0.293  0.202  0.040  0.134  0.070        1
 48:     0.379  0.138  0.220  0.078  0.090  0.095        1
 49:     0.486  0.007  0.174  0.177  0.059  0.097        1
 50:     0.070  0.392  0.080  0.270  0.093  0.096        1
 51:     0.048  0.169  0.368  0.217  0.149  0.049        1
 52:     0.171  0.252  0.227  0.069  0.110  0.171        1
 53:     0.148  0.212  0.273  0.059  0.202  0.107        1
 54:     0.006  0.775  0.047  0.059  0.069  0.044        1
 55:     0.109  0.615  0.034  0.070  0.071  0.101        1
 56:     0.012  0.649  0.125  0.032  0.099  0.083        1
 57:     0.142  0.682  0.055  0.060  0.049  0.013        1
 58:     0.167  0.586  0.076  0.024  0.061  0.086        1
 59:     0.211  0.592  0.004  0.053  0.071  0.070        1
 60:     0.216  0.562  0.059  0.085  0.009  0.070        1
 61:     0.060  0.774  0.004  0.030  0.067  0.065        1
 62:     0.041  0.193  0.129  0.334  0.173  0.131        1
 63:     0.091  0.634  0.027  0.076  0.087  0.084        1
 64:     0.110  0.793  0.057  0.007  0.002  0.031        1
 65:     0.132  0.762  0.030  0.018  0.009  0.049        1
 66:     0.193  0.454  0.051  0.082  0.119  0.101        1
 67:     0.221  0.529  0.067  0.069  0.079  0.035        1
 68:     0.239  0.587  0.016  0.093  0.029  0.035        1
 69:     0.064  0.806  0.034  0.021  0.003  0.072        1
 70:     0.088  0.752  0.037  0.031  0.033  0.060        1
 71:     0.056  0.810  0.076  0.025  0.010  0.023        1
 72:     0.074  0.640  0.047  0.068  0.089  0.082        1
 73:     0.122  0.721  0.045  0.055  0.022  0.035        1
 74:     0.160  0.674  0.016  0.026  0.085  0.040        1
 75:     0.154  0.573  0.050  0.080  0.064  0.078        1
 76:     0.050  0.121  0.079  0.402  0.145  0.202        1
 77:     0.080  0.723  0.007  0.110  0.062  0.018        1
 78:     0.033  0.689  0.003  0.062  0.127  0.087        1
 79:     0.114  0.641  0.050  0.062  0.055  0.078        1
 80:     0.186  0.599  0.021  0.058  0.032  0.104        1
 81:     0.120  0.674  0.013  0.109  0.014  0.071        1
 82:     0.178  0.252  0.061  0.138  0.183  0.188        1
 83:     0.113  0.633  0.060  0.073  0.050  0.069        1
 84:     0.018  0.052  0.028  0.033  0.013  0.857        1
 85:     0.007  0.030  0.047  0.025  0.057  0.835        1
 86:     0.013  0.001  0.168  0.018  0.044  0.755        1
 87:     0.050  0.033  0.020  0.019  0.080  0.799        1
 88:     0.012  0.017  0.023  0.024  0.148  0.777        1
 89:     0.049  0.066  0.025  0.000  0.044  0.816        1
 90:     0.025  0.051  0.034  0.029  0.012  0.850        1
 91:     0.056  0.039  0.044  0.026  0.088  0.747        1
 92:     0.041  0.044  0.067  0.001  0.070  0.776        1
 93:     0.041  0.055  0.040  0.057  0.034  0.773        1
 94:     0.109  0.012  0.029  0.069  0.014  0.768        1
 95:     0.056  0.043  0.069  0.020  0.083  0.730        1
 96:     0.041  0.024  0.040  0.020  0.042  0.832        1
 97:     0.034  0.002  0.075  0.022  0.111  0.756        1
 98:     0.067  0.044  0.062  0.018  0.028  0.780        1
 99:     0.071  0.005  0.015  0.018  0.017  0.873        1
100:     0.039  0.031  0.026  0.026  0.031  0.847        1
101:     0.072  0.087  0.080  0.065  0.054  0.642        1
102:     0.138  0.062  0.008  0.032  0.051  0.709        1
103:     0.020  0.012  0.077  0.014  0.033  0.844        1
104:     0.048  0.067  0.060  0.024  0.056  0.745        1
105:     0.002  0.029  0.087  0.038  0.030  0.814        1
106:     0.024  0.046  0.050  0.019  0.148  0.713        1
107:     0.020  0.094  0.025  0.039  0.005  0.817        1
108:     0.021  0.098  0.075  0.011  0.054  0.741        1
109:     0.016  0.088  0.073  0.052  0.142  0.629        1
110:     0.051  0.082  0.047  0.055  0.130  0.637        1
111:     0.062  0.017  0.019  0.018  0.023  0.860        1
112:     0.015  0.102  0.027  0.009  0.054  0.792        1
113:     0.052  0.021  0.116  0.018  0.035  0.758        1
114:     0.013  0.037  0.007  0.020  0.066  0.856        1
115:     0.083  0.052  0.045  0.023  0.091  0.705        1
116:     0.001  0.007  0.073  0.017  0.029  0.873        1
117:     0.055  0.066  0.013  0.042  0.048  0.776        1
118:     0.002  0.020  0.012  0.024  0.113  0.829        1
119:     0.118  0.008  0.092  0.031  0.030  0.720        1
120:     0.078  0.082  0.055  0.045  0.050  0.691        1
121:     0.067  0.011  0.016  0.019  0.140  0.748        1
122:     0.085  0.095  0.006  0.022  0.071  0.720        1
123:     0.066  0.036  0.044  0.021  0.069  0.764        1
124:     0.063  0.057  0.073  0.062  0.065  0.680        1
125:     0.002  0.023  0.129  0.030  0.003  0.813        1
126:     0.057  0.066  0.071  0.020  0.084  0.702        1
127:     0.035  0.041  0.042  0.035  0.054  0.792        1
128:     0.128  0.025  0.060  0.024  0.007  0.756        1
129:     0.022  0.015  0.011  0.008  0.035  0.909        1
130:     0.070  0.025  0.035  0.046  0.085  0.738        1
131:     0.037  0.040  0.048  0.027  0.052  0.796        1
132:     0.035  0.047  0.031  0.052  0.180  0.655        1
133:     0.023  0.096  0.003  0.017  0.056  0.806        1
134:     0.019  0.023  0.101  0.047  0.079  0.732        1
135:     0.033  0.147  0.107  0.024  0.030  0.659        1
136:     0.063  0.002  0.020  0.009  0.076  0.830        1
137:     0.051  0.045  0.038  0.021  0.091  0.755        1
138:     0.040  0.010  0.064  0.055  0.037  0.793        1
139:     0.045  0.055  0.034  0.059  0.059  0.748        1
140:     0.065  0.012  0.074  0.033  0.045  0.772        1
141:     0.032  0.016  0.025  0.013  0.026  0.888        1
142:     0.047  0.036  0.054  0.019  0.158  0.686        1
143:     0.010  0.099  0.034  0.020  0.021  0.815        1
144:     0.005  0.012  0.127  0.007  0.030  0.820        1
145:     0.012  0.048  0.069  0.005  0.052  0.815        1
146:     0.016  0.014  0.070  0.028  0.110  0.762        1
147:     0.082  0.056  0.019  0.002  0.064  0.777        1
148:     0.184  0.086  0.209  0.131  0.176  0.214        1
149:     0.147  0.167  0.146  0.162  0.188  0.190        1
150:     0.331  0.168  0.152  0.123  0.104  0.123        1
151:     0.359  0.261  0.165  0.090  0.082  0.043        1
152:     0.364  0.042  0.225  0.197  0.074  0.097        1
153:     0.128  0.160  0.385  0.110  0.107  0.110        1
154:     0.245  0.051  0.273  0.046  0.259  0.126        1
155:     0.361  0.161  0.205  0.119  0.052  0.101        1
156:     0.209  0.054  0.251  0.152  0.268  0.067        1
157:     0.173  0.075  0.275  0.053  0.302  0.122        1
158:     0.308  0.073  0.366  0.018  0.080  0.156        1
159:     0.282  0.232  0.101  0.005  0.302  0.078        1
160:     0.246  0.194  0.189  0.112  0.149  0.111        1
161:     0.288  0.056  0.144  0.148  0.201  0.163        1
162:     0.062  0.195  0.240  0.063  0.351  0.089        1
163:     0.072  0.254  0.453  0.143  0.028  0.050        1
164:     0.183  0.184  0.180  0.110  0.202  0.141        1
165:     0.220  0.153  0.156  0.115  0.211  0.144        1
166:     0.168  0.145  0.268  0.111  0.214  0.095        1
167:     0.251  0.068  0.265  0.121  0.188  0.108        1
168:     0.218  0.157  0.244  0.137  0.159  0.086        1
169:     0.213  0.193  0.203  0.122  0.169  0.100        1
170:     0.275  0.111  0.184  0.064  0.223  0.144        1
171:     0.188  0.171  0.222  0.108  0.185  0.127        1
172:     0.088  0.235  0.113  0.113  0.367  0.083        1
173:     0.092  0.126  0.272  0.092  0.295  0.123        1
174:     0.425  0.051  0.109  0.104  0.170  0.142        1
175:     0.247  0.159  0.222  0.114  0.159  0.100       50
176:     0.216  0.150  0.264  0.105  0.172  0.092       49
177:     0.248  0.139  0.241  0.110  0.164  0.098       50
178:     0.228  0.168  0.227  0.115  0.168  0.095       49
179:     0.242  0.136  0.203  0.125  0.191  0.103       23
180:     0.238  0.155  0.246  0.110  0.161  0.088       49
181:     0.013  0.051  0.010  0.793  0.035  0.098       30
182:     0.016  0.139  0.021  0.592  0.070  0.161       30
183:     0.181  0.145  0.245  0.140  0.172  0.117       34
184:     0.217  0.149  0.253  0.122  0.174  0.085       36
185:     0.218  0.147  0.239  0.116  0.179  0.102       40
186:     0.245  0.136  0.253  0.104  0.170  0.092       39
187:     0.228  0.130  0.244  0.114  0.188  0.096       37
188:     0.229  0.145  0.225  0.111  0.185  0.104       40
189:     0.200  0.138  0.264  0.122  0.179  0.097       35
190:     0.199  0.125  0.250  0.128  0.201  0.097       28
191:     0.265  0.141  0.206  0.126  0.167  0.095       36
192:     0.242  0.130  0.240  0.116  0.175  0.097       32
--------------------------------------------

 Rep#:   Lambda   Alpha      F1    F2    F3    F4    F5    F6     D1,2  D1,3  D1,4  D1,5  D1,6  D2,3  D2,4  D2,5  D2,6  D3,4  D3,5  D3,6  D4,5  D4,6  D5,6    Ln Like 
  100:    1.00    1.616    0.028 0.040 0.020 0.244 0.010 0.211    0.012 0.006 0.050 0.006 0.042 0.012 0.041 0.009 0.041 0.046 0.005 0.040 0.040 0.063 0.037   --  
  200:    1.00    1.283    0.026 0.240 0.020 0.228 0.010 0.185    0.044 0.006 0.039 0.005 0.038 0.042 0.059 0.040 0.058 0.036 0.005 0.036 0.034 0.053 0.034   --  
  300:    1.00    1.117    0.026 0.263 0.020 0.204 0.010 0.173    0.047 0.006 0.034 0.005 0.035 0.046 0.059 0.044 0.059 0.033 0.004 0.034 0.031 0.048 0.032   --  
  400:    1.00    1.050    0.025 0.265 0.020 0.188 0.010 0.173    0.047 0.006 0.033 0.005 0.034 0.046 0.058 0.044 0.058 0.032 0.005 0.033 0.029 0.047 0.031   --  
  500:    1.00    0.986    0.025 0.261 0.019 0.183 0.010 0.167    0.047 0.006 0.031 0.005 0.033 0.046 0.057 0.043 0.059 0.030 0.004 0.032 0.028 0.046 0.031   --  
  600:    1.00    0.964    0.025 0.266 0.019 0.180 0.011 0.164    0.047 0.006 0.031 0.006 0.033 0.045 0.057 0.044 0.059 0.030 0.005 0.032 0.028 0.045 0.030   --  
  700:    1.00    0.939    0.025 0.262 0.019 0.186 0.011 0.161    0.047 0.006 0.031 0.006 0.033 0.045 0.057 0.043 0.059 0.030 0.005 0.032 0.028 0.046 0.030   --  
  800:    1.00    0.870    0.027 0.261 0.019 0.187 0.012 0.163    0.046 0.007 0.032 0.007 0.033 0.044 0.056 0.043 0.059 0.031 0.006 0.032 0.029 0.046 0.030   --  
  900:    1.00    0.836    0.029 0.257 0.019 0.193 0.033 0.155    0.046 0.007 0.034 0.010 0.033 0.044 0.058 0.045 0.058 0.033 0.008 0.031 0.032 0.047 0.031   --  

--------------------------------------------
Proportion of membership of each pre-defined
 population in each of the 6 clusters

Given    Inferred Clusters                            Number of
 Pop       1      2      3      4      5      6      Individuals

  1:     0.312  0.083  0.272  0.082  0.187  0.064       54
  2:     0.313  0.089  0.284  0.086  0.171  0.057       30
  3:     0.044  0.064  0.037  0.610  0.178  0.067       30
  4:     0.001  0.003  0.001  0.239  0.750  0.006       20
  5:     0.001  0.006  0.001  0.276  0.705  0.011       30
  6:     0.321  0.077  0.271  0.077  0.187  0.066       43
  7:     0.293  0.076  0.310  0.074  0.189  0.058       44
  8:     0.381  0.077  0.255  0.058  0.156  0.073        4
  9:     0.387  0.088  0.271  0.051  0.147  0.057       22
 10:     0.418  0.085  0.252  0.053  0.122  0.069       24
 11:     0.337  0.075  0.267  0.077  0.184  0.060       54
 12:     0.329  0.089  0.291  0.069  0.164  0.059       37
 13:     0.306  0.082  0.270  0.078  0.193  0.070       42
 14:     0.302  0.083  0.293  0.073  0.187  0.063       42
 15:     0.312  0.083  0.273  0.074  0.196  0.062       49
 16:     0.312  0.082  0.270  0.080  0.191  0.065      124
 17:     0.343  0.088  0.260  0.079  0.168  0.062       24
 18:     0.282  0.089  0.331  0.067  0.168  0.063       34
 19:     0.303  0.084  0.296  0.077  0.178  0.062       52
 20:     0.523  0.089  0.073  0.121  0.135  0.060        1
 21:     0.453  0.106  0.083  0.030  0.206  0.123        1
 22:     0.315  0.119  0.295  0.068  0.134  0.069        1
 23:     0.410  0.069  0.111  0.109  0.200  0.101        1
 24:     0.470  0.127  0.095  0.068  0.169  0.071        1
 25:     0.458  0.038  0.119  0.115  0.196  0.074        1
 26:     0.303  0.135  0.164  0.021  0.257  0.120        1
 27:     0.278  0.088  0.278  0.076  0.209  0.071        1
 28:     0.353  0.105  0.322  0.069  0.091  0.061        1
 29:     0.590  0.099  0.069  0.052  0.091  0.100        1
 30:     0.246  0.047  0.279  0.111  0.238  0.081        1
 31:     0.162  0.117  0.198  0.138  0.328  0.058        1
 32:     0.390  0.098  0.201  0.058  0.188  0.066        1
 33:     0.089  0.106  0.517  0.092  0.110  0.084        1
 34:     0.401  0.104  0.186  0.031  0.172  0.106        1
 35:     0.342  0.083  0.278  0.044  0.168  0.085        1
 36:     0.333  0.092  0.250  0.067  0.189  0.068        1
 37:     0.389  0.034  0.238  0.018  0.224  0.098        1
 38:     0.273  0.085  0.226  0.080  0.222  0.113        1
 39:     0.265  0.106  0.322  0.028  0.207  0.072        1
 40:     0.350  0.098  0.129  0.070  0.235  0.118        1
 41:     0.253  0.136  0.421  0.055  0.073  0.061        1
 42:     0.439  0.118  0.084  0.083  0.181  0.094        1
 43:     0.149  0.067  0.436  0.058  0.235  0.054        1
 44:     0.311  0.086  0.203  0.094  0.261  0.046        1
 45:     0.349  0.112  0.213  0.021  0.226  0.079        1
 46:     0.300  0.036  0.313  0.083  0.120  0.149        1
 47:     0.589  0.076  0.061  0.074  0.133  0.066        1
 48:     0.631  0.085  0.002  0.044  0.170  0.069        1
 49:     0.344  0.095  0.331  0.053  0.044  0.134        1
 50:     0.024  0.086  0.266  0.220  0.370  0.034        1
 51:     0.010  0.059  0.438  0.191  0.244  0.058        1
 52:     0.304  0.104  0.252  0.083  0.155  0.102        1
 53:     0.341  0.078  0.233  0.065  0.179  0.104        1
 54:     0.000  0.983  0.003  0.002  0.011  0.001        1
 55:     0.002  0.993  0.000  0.001  0.001  0.002        1
 56:     0.041  0.817  0.052  0.013  0.042  0.035        1
 57:     0.018  0.947  0.029  0.004  0.001  0.002        1
 58:     0.015  0.912  0.050  0.002  0.015  0.005        1
 59:     0.049  0.873  0.008  0.042  0.018  0.011        1
 60:     0.012  0.973  0.008  0.003  0.004  0.000        1
 61:     0.000  0.992  0.000  0.005  0.001  0.000        1
 62:     0.002  0.044  0.092  0.329  0.490  0.043        1
 63:     0.002  0.943  0.007  0.006  0.014  0.028        1
 64:     0.000  0.997  0.000  0.001  0.000  0.002        1
 65:     0.000  0.996  0.002  0.002  0.000  0.000        1
 66:     0.009  0.961  0.005  0.004  0.000  0.021        1
 67:     0.120  0.613  0.014  0.067  0.064  0.121        1
 68:     0.012  0.947  0.014  0.005  0.001  0.021        1
 69:     0.001  0.975  0.002  0.003  0.005  0.014        1
 70:     0.036  0.809  0.059  0.049  0.024  0.023        1
 71:     0.000  0.994  0.003  0.000  0.000  0.002        1
 72:     0.001  0.993  0.000  0.003  0.002  0.001        1
 73:     0.001  0.997  0.000  0.001  0.000  0.001        1
 74:     0.101  0.801  0.011  0.044  0.041  0.002        1
 75:     0.000  0.998  0.000  0.000  0.000  0.001        1
 76:     0.012  0.018  0.059  0.424  0.380  0.107        1
 77:     0.000  0.995  0.003  0.001  0.000  0.001        1
 78:     0.058  0.812  0.000  0.078  0.038  0.014        1
 79:     0.000  0.999  0.000  0.000  0.000  0.000        1
 80:     0.000  0.964  0.011  0.023  0.000  0.002        1
 81:     0.000  0.992  0.000  0.004  0.000  0.003        1
 82:     0.117  0.524  0.037  0.078  0.095  0.149        1
 83:     0.000  0.989  0.000  0.008  0.001  0.001        1
 84:     0.000  0.016  0.001  0.051  0.000  0.932        1
 85:     0.020  0.027  0.025  0.050  0.001  0.878        1
 86:     0.041  0.016  0.035  0.008  0.038  0.862        1
 87:     0.015  0.000  0.000  0.000  0.014  0.970        1
 88:     0.000  0.006  0.004  0.003  0.001  0.986        1
 89:     0.023  0.001  0.013  0.007  0.023  0.933        1
 90:     0.001  0.016  0.001  0.008  0.005  0.970        1
 91:     0.005  0.007  0.000  0.001  0.004  0.983        1
 92:     0.037  0.028  0.032  0.028  0.050  0.825        1
 93:     0.008  0.003  0.007  0.050  0.004  0.927        1
 94:     0.031  0.005  0.004  0.013  0.021  0.926        1
 95:     0.013  0.006  0.023  0.020  0.066  0.872        1
 96:     0.004  0.002  0.000  0.006  0.003  0.985        1
 97:     0.006  0.034  0.000  0.034  0.001  0.925        1
 98:     0.007  0.023  0.022  0.017  0.007  0.924        1
 99:     0.000  0.002  0.003  0.004  0.001  0.990        1
100:     0.001  0.007  0.002  0.007  0.003  0.980        1
101:     0.045  0.019  0.056  0.070  0.056  0.754        1
102:     0.118  0.004  0.046  0.008  0.037  0.788        1
103:     0.009  0.008  0.002  0.013  0.009  0.959        1
104:     0.003  0.023  0.007  0.012  0.001  0.954        1
105:     0.004  0.042  0.000  0.035  0.015  0.904        1
106:     0.010  0.027  0.102  0.004  0.088  0.769        1
107:     0.011  0.009  0.001  0.012  0.011  0.956        1
108:     0.025  0.004  0.053  0.007  0.058  0.853        1
109:     0.031  0.028  0.014  0.085  0.101  0.740        1
110:     0.053  0.046  0.050  0.001  0.085  0.765        1
111:     0.003  0.013  0.000  0.019  0.012  0.953        1
112:     0.000  0.003  0.009  0.002  0.009  0.977        1
113:     0.006  0.009  0.006  0.035  0.001  0.944        1
114:     0.002  0.000  0.004  0.005  0.007  0.982        1
115:     0.041  0.013  0.001  0.004  0.036  0.907        1
116:     0.003  0.000  0.006  0.015  0.002  0.973        1
117:     0.028  0.000  0.004  0.066  0.002  0.901        1
118:     0.009  0.007  0.000  0.025  0.005  0.953        1
119:     0.035  0.001  0.035  0.007  0.057  0.864        1
120:     0.003  0.050  0.010  0.000  0.005  0.932        1
121:     0.000  0.012  0.020  0.004  0.014  0.950        1
122:     0.010  0.009  0.058  0.016  0.017  0.889        1
123:     0.008  0.001  0.002  0.003  0.012  0.974        1
124:     0.015  0.014  0.036  0.079  0.026  0.829        1
125:     0.000  0.003  0.001  0.012  0.006  0.978        1
126:     0.016  0.045  0.063  0.020  0.008  0.848        1
127:     0.013  0.021  0.008  0.034  0.016  0.909        1
128:     0.008  0.034  0.014  0.000  0.018  0.926        1
129:     0.000  0.003  0.000  0.005  0.001  0.990        1
130:     0.001  0.016  0.001  0.031  0.047  0.904        1
131:     0.001  0.018  0.001  0.000  0.000  0.981        1
132:     0.022  0.002  0.011  0.076  0.081  0.807        1
133:     0.001  0.003  0.022  0.072  0.023  0.879        1
134:     0.080  0.030  0.013  0.027  0.000  0.850        1
135:     0.046  0.020  0.087  0.063  0.005  0.779        1
136:     0.004  0.002  0.000  0.002  0.004  0.987        1
137:     0.004  0.007  0.000  0.007  0.001  0.981        1
138:     0.000  0.027  0.003  0.002  0.005  0.963        1
139:     0.002  0.003  0.004  0.071  0.011  0.908        1
140:     0.017  0.031  0.005  0.073  0.000  0.873        1
141:     0.005  0.002  0.002  0.007  0.005  0.980        1
142:     0.036  0.005  0.040  0.040  0.042  0.837        1
143:     0.005  0.010  0.014  0.072  0.012  0.887        1
144:     0.011  0.009  0.003  0.004  0.015  0.958        1
145:     0.019  0.004  0.004  0.002  0.000  0.971        1
146:     0.011  0.022  0.001  0.051  0.008  0.907        1
147:     0.003  0.011  0.005  0.001  0.013  0.967        1
148:     0.282  0.074  0.175  0.124  0.201  0.144        1
149:     0.410  0.069  0.019  0.151  0.238  0.113        1
150:     0.286  0.085  0.320  0.044  0.157  0.109        1
151:     0.409  0.109  0.301  0.049  0.078  0.054        1
152:     0.291  0.083  0.343  0.118  0.129  0.036        1
153:     0.425  0.085  0.224  0.075  0.125  0.065        1
154:     0.242  0.105  0.344  0.046  0.224  0.039        1
155:     0.381  0.077  0.236  0.028  0.202  0.078        1
156:     0.292  0.097  0.210  0.050  0.253  0.098        1
157:     0.207  0.064  0.385  0.062  0.207  0.075        1
158:     0.475  0.102  0.117  0.100  0.139  0.067        1
159:     0.465  0.099  0.232  0.038  0.074  0.093        1
160:     0.397  0.097  0.166  0.089  0.202  0.048        1
161:     0.384  0.094  0.161  0.047  0.193  0.120        1
162:     0.121  0.136  0.458  0.072  0.162  0.050        1
163:     0.270  0.121  0.364  0.064  0.087  0.094        1
164:     0.277  0.117  0.243  0.072  0.224  0.068        1
165:     0.412  0.096  0.163  0.103  0.119  0.107        1
166:     0.299  0.059  0.259  0.088  0.276  0.019        1
167:     0.369  0.086  0.165  0.115  0.207  0.058        1
168:     0.459  0.080  0.228  0.010  0.177  0.046        1
169:     0.265  0.088  0.282  0.039  0.222  0.104        1
170:     0.364  0.114  0.263  0.025  0.136  0.098        1
171:     0.407  0.103  0.188  0.071  0.151  0.081        1
172:     0.243  0.123  0.292  0.113  0.157  0.072        1
173:     0.153  0.057  0.474  0.100  0.184  0.033        1
174:     0.493  0.056  0.135  0.085  0.143  0.088        1
175:     0.340  0.083  0.262  0.078  0.168  0.068       50
176:     0.327  0.082  0.295  0.079  0.161  0.055       49
177:     0.313  0.078  0.305  0.080  0.159  0.065       50
178:     0.341  0.086  0.272  0.083  0.158  0.061       49
179:     0.299  0.078  0.274  0.078  0.197  0.074       23
180:     0.314  0.082  0.308  0.076  0.156  0.064       49
181:     0.008  0.007  0.003  0.974  0.004  0.005       30
182:     0.019  0.016  0.016  0.930  0.010  0.009       30
183:     0.182  0.075  0.405  0.129  0.136  0.074       34
184:     0.261  0.081  0.369  0.079  0.154  0.057       36
185:     0.244  0.079  0.368  0.083  0.159  0.066       40
186:     0.252  0.083  0.386  0.071  0.150  0.058       39
187:     0.259  0.083  0.358  0.081  0.161  0.058       37
188:     0.250  0.076  0.350  0.082  0.175  0.066       40
189:     0.244  0.084  0.370  0.087  0.154  0.061       35
190:     0.245  0.077  0.360  0.091  0.173  0.055       28
191:     0.275  0.078  0.339  0.084  0.164  0.059       36
192:     0.236  0.081  0.381  0.081  0.159  0.062       32
--------------------------------------------

 Rep#:   Lambda   Alpha      F1    F2    F3    F4    F5    F6     D1,2  D1,3  D1,4  D1,5  D1,6  D2,3  D2,4  D2,5  D2,6  D3,4  D3,5  D3,6  D4,5  D4,6  D5,6    Ln Like 
 1000:    1.00    0.793    0.032 0.256 0.020 0.221 0.160 0.158    0.047 0.007 0.038 0.037 0.034 0.044 0.061 0.058 0.058 0.037 0.033 0.031 0.043 0.049 0.044   --  
 1100:    1.00    0.761    0.032 0.254 0.027 0.225 0.245 0.152    0.047 0.007 0.039 0.046 0.034 0.046 0.061 0.062 0.058 0.038 0.044 0.032 0.045 0.050 0.050   --  
 1200:    1.00    0.743    0.032 0.257 0.028 0.220 0.239 0.153    0.046 0.007 0.039 0.043 0.033 0.045 0.062 0.062 0.058 0.038 0.042 0.032 0.044 0.051 0.049   --  
 1300:    1.00    0.694    0.032 0.256 0.028 0.227 0.230 0.152    0.046 0.007 0.038 0.042 0.032 0.044 0.063 0.061 0.058 0.038 0.040 0.031 0.044 0.051 0.048   --  
 1400:    1.00    0.675    0.031 0.251 0.028 0.227 0.223 0.154    0.045 0.007 0.039 0.040 0.032 0.044 0.063 0.060 0.058 0.038 0.039 0.031 0.043 0.052 0.048   --  
 1500:    1.00    0.662    0.031 0.251 0.028 0.231 0.217 0.151    0.044 0.007 0.038 0.039 0.031 0.043 0.063 0.060 0.058 0.038 0.038 0.030 0.044 0.052 0.049   --  
 1600:    1.00    0.627    0.031 0.254 0.029 0.226 0.222 0.149    0.044 0.007 0.037 0.038 0.031 0.043 0.063 0.061 0.058 0.037 0.037 0.031 0.043 0.052 0.048   --  
 1700:    1.00    0.590    0.030 0.248 0.029 0.228 0.215 0.156    0.043 0.007 0.037 0.037 0.031 0.043 0.063 0.060 0.058 0.037 0.036 0.030 0.044 0.052 0.048   --  
 1800:    1.00    0.576    0.030 0.246 0.028 0.232 0.213 0.149    0.043 0.007 0.037 0.037 0.030 0.042 0.064 0.060 0.058 0.037 0.036 0.030 0.044 0.052 0.048   --  
 1900:    1.00    0.537    0.028 0.249 0.028 0.225 0.216 0.146    0.043 0.007 0.037 0.037 0.030 0.042 0.064 0.060 0.058 0.036 0.036 0.030 0.044 0.052 0.048   --  

--------------------------------------------
Proportion of membership of each pre-defined
 population in each of the 6 clusters

Given    Inferred Clusters                            Number of
 Pop       1      2      3      4      5      6      Individuals

  1:     0.425  0.054  0.335  0.047  0.098  0.041       54
  2:     0.418  0.064  0.338  0.043  0.099  0.038       30
  3:     0.079  0.050  0.064  0.460  0.295  0.052       30
  4:     0.002  0.001  0.002  0.019  0.971  0.004       20
  5:     0.015  0.009  0.011  0.066  0.884  0.015       30
  6:     0.439  0.052  0.333  0.042  0.094  0.040       43
  7:     0.401  0.043  0.379  0.040  0.098  0.039       44
  8:     0.500  0.055  0.281  0.030  0.082  0.051        4
  9:     0.526  0.053  0.297  0.023  0.067  0.034       22
 10:     0.543  0.056  0.269  0.036  0.059  0.037       24
 11:     0.426  0.047  0.352  0.040  0.092  0.043       54
 12:     0.457  0.054  0.327  0.041  0.090  0.033       37
 13:     0.430  0.050  0.323  0.050  0.101  0.045       42
 14:     0.404  0.054  0.374  0.044  0.090  0.034       42
 15:     0.434  0.055  0.320  0.049  0.099  0.043       49
 16:     0.407  0.052  0.353  0.047  0.098  0.044      124
 17:     0.466  0.056  0.298  0.050  0.092  0.039       24
 18:     0.399  0.062  0.381  0.042  0.077  0.040       34
 19:     0.416  0.051  0.354  0.053  0.088  0.038       52
 20:     0.447  0.074  0.290  0.065  0.076  0.049        1
 21:     0.491  0.060  0.247  0.018  0.071  0.113        1
 22:     0.409  0.079  0.359  0.032  0.073  0.049        1
 23:     0.303  0.075  0.364  0.047  0.105  0.106        1
 24:     0.518  0.056  0.280  0.009  0.107  0.030        1
 25:     0.453  0.048  0.217  0.084  0.116  0.081        1
 26:     0.432  0.030  0.318  0.015  0.122  0.083        1
 27:     0.603  0.073  0.141  0.037  0.120  0.026        1
 28:     0.467  0.060  0.328  0.048  0.056  0.040        1
 29:     0.569  0.065  0.255  0.017  0.039  0.055        1
 30:     0.335  0.047  0.380  0.017  0.176  0.045        1
 31:     0.458  0.067  0.143  0.059  0.241  0.031        1
 32:     0.469  0.038  0.341  0.018  0.091  0.042        1
 33:     0.169  0.104  0.526  0.040  0.149  0.012        1
 34:     0.464  0.083  0.298  0.017  0.065  0.074        1
 35:     0.490  0.056  0.301  0.031  0.073  0.049        1
 36:     0.379  0.095  0.320  0.070  0.085  0.051        1
 37:     0.481  0.023  0.314  0.039  0.107  0.037        1
 38:     0.386  0.035  0.301  0.018  0.138  0.122        1
 39:     0.425  0.089  0.290  0.004  0.102  0.089        1
 40:     0.380  0.084  0.306  0.024  0.113  0.094        1
 41:     0.385  0.070  0.408  0.027  0.055  0.056        1
 42:     0.365  0.048  0.388  0.074  0.102  0.023        1
 43:     0.150  0.051  0.649  0.038  0.111  0.001        1
 44:     0.531  0.063  0.161  0.022  0.196  0.026        1
 45:     0.409  0.079  0.396  0.017  0.038  0.061        1
 46:     0.422  0.037  0.332  0.055  0.031  0.123        1
 47:     0.538  0.063  0.237  0.027  0.086  0.049        1
 48:     0.555  0.026  0.254  0.053  0.071  0.041        1
 49:     0.599  0.064  0.215  0.002  0.069  0.052        1
 50:     0.008  0.050  0.490  0.084  0.342  0.026        1
 51:     0.288  0.041  0.318  0.045  0.252  0.056        1
 52:     0.447  0.071  0.253  0.038  0.086  0.104        1
 53:     0.384  0.069  0.356  0.053  0.086  0.052        1
 54:     0.000  0.989  0.006  0.003  0.002  0.000        1
 55:     0.001  0.988  0.000  0.002  0.009  0.000        1
 56:     0.015  0.825  0.119  0.011  0.009  0.020        1
 57:     0.031  0.928  0.018  0.009  0.014  0.000        1
 58:     0.034  0.894  0.032  0.037  0.000  0.003        1
 59:     0.031  0.814  0.034  0.032  0.079  0.009        1
 60:     0.001  0.989  0.002  0.005  0.002  0.002        1
 61:     0.000  0.996  0.001  0.002  0.000  0.000        1
 62:     0.001  0.001  0.497  0.186  0.272  0.043        1
 63:     0.002  0.944  0.002  0.001  0.020  0.031        1
 64:     0.001  0.999  0.000  0.000  0.000  0.000        1
 65:     0.000  0.999  0.000  0.000  0.000  0.000        1
 66:     0.015  0.957  0.004  0.022  0.000  0.003        1
 67:     0.130  0.627  0.097  0.033  0.057  0.057        1
 68:     0.028  0.915  0.020  0.030  0.000  0.008        1
 69:     0.001  0.970  0.002  0.002  0.003  0.023        1
 70:     0.077  0.808  0.048  0.021  0.031  0.016        1
 71:     0.000  0.991  0.004  0.001  0.001  0.004        1
 72:     0.000  0.997  0.000  0.002  0.000  0.000        1
 73:     0.000  1.000  0.000  0.000  0.000  0.000        1
 74:     0.097  0.772  0.006  0.042  0.084  0.000        1
 75:     0.000  0.998  0.000  0.001  0.001  0.000        1
 76:     0.000  0.005  0.355  0.301  0.291  0.047        1
 77:     0.000  0.999  0.000  0.000  0.000  0.000        1
 78:     0.070  0.801  0.016  0.071  0.038  0.004        1
 79:     0.000  0.998  0.000  0.000  0.000  0.001        1
 80:     0.000  0.980  0.002  0.006  0.012  0.000        1
 81:     0.001  0.996  0.000  0.002  0.001  0.001        1
 82:     0.081  0.515  0.125  0.027  0.096  0.156        1
 83:     0.000  0.998  0.000  0.000  0.001  0.001        1
 84:     0.008  0.001  0.010  0.014  0.032  0.935        1
 85:     0.003  0.010  0.000  0.001  0.043  0.943        1
 86:     0.045  0.009  0.047  0.005  0.000  0.894        1
 87:     0.004  0.004  0.002  0.001  0.008  0.982        1
 88:     0.002  0.005  0.003  0.006  0.003  0.981        1
 89:     0.001  0.018  0.043  0.008  0.005  0.926        1
 90:     0.000  0.001  0.000  0.000  0.043  0.955        1
 91:     0.004  0.003  0.000  0.004  0.048  0.942        1
 92:     0.077  0.015  0.052  0.011  0.010  0.835        1
 93:     0.000  0.003  0.000  0.065  0.005  0.927        1
 94:     0.027  0.004  0.035  0.033  0.005  0.898        1
 95:     0.023  0.000  0.013  0.003  0.089  0.872        1
 96:     0.005  0.005  0.004  0.002  0.002  0.982        1
 97:     0.001  0.014  0.000  0.007  0.038  0.939        1
 98:     0.000  0.002  0.022  0.007  0.019  0.951        1
 99:     0.002  0.000  0.001  0.002  0.002  0.993        1
100:     0.000  0.001  0.000  0.005  0.005  0.989        1
101:     0.106  0.001  0.067  0.021  0.037  0.769        1
102:     0.040  0.024  0.121  0.010  0.004  0.801        1
103:     0.001  0.000  0.004  0.001  0.020  0.974        1
104:     0.016  0.016  0.005  0.016  0.004  0.942        1
105:     0.006  0.021  0.001  0.008  0.063  0.901        1
106:     0.080  0.028  0.079  0.003  0.024  0.786        1
107:     0.004  0.002  0.005  0.031  0.014  0.944        1
108:     0.008  0.004  0.088  0.000  0.092  0.808        1
109:     0.037  0.005  0.097  0.033  0.077  0.751        1
110:     0.109  0.016  0.090  0.001  0.021  0.763        1
111:     0.003  0.000  0.001  0.021  0.016  0.958        1
112:     0.000  0.000  0.000  0.007  0.000  0.992        1
113:     0.002  0.011  0.003  0.017  0.022  0.945        1
114:     0.000  0.016  0.000  0.001  0.000  0.983        1
115:     0.020  0.017  0.008  0.004  0.011  0.941        1
116:     0.000  0.001  0.001  0.010  0.005  0.984        1
117:     0.000  0.002  0.000  0.035  0.015  0.948        1
118:     0.006  0.000  0.000  0.038  0.005  0.950        1
119:     0.047  0.003  0.051  0.009  0.027  0.862        1
120:     0.045  0.012  0.004  0.000  0.008  0.930        1
121:     0.000  0.002  0.022  0.002  0.027  0.948        1
122:     0.016  0.003  0.030  0.004  0.000  0.947        1
123:     0.002  0.003  0.001  0.001  0.010  0.982        1
124:     0.002  0.010  0.048  0.032  0.087  0.820        1
125:     0.006  0.005  0.000  0.004  0.003  0.983        1
126:     0.004  0.024  0.104  0.022  0.005  0.841        1
127:     0.018  0.006  0.037  0.011  0.029  0.899        1
128:     0.007  0.000  0.000  0.016  0.005  0.971        1
129:     0.000  0.003  0.000  0.001  0.004  0.992        1
130:     0.000  0.003  0.001  0.012  0.069  0.915        1
131:     0.001  0.007  0.001  0.002  0.004  0.985        1
132:     0.021  0.000  0.107  0.029  0.073  0.769        1
133:     0.000  0.008  0.002  0.005  0.121  0.865        1
134:     0.021  0.026  0.076  0.054  0.005  0.819        1
135:     0.130  0.012  0.011  0.017  0.032  0.798        1
136:     0.001  0.000  0.006  0.001  0.002  0.991        1
137:     0.005  0.003  0.007  0.007  0.001  0.977        1
138:     0.010  0.010  0.000  0.000  0.001  0.978        1
139:     0.000  0.005  0.000  0.010  0.075  0.910        1
140:     0.006  0.004  0.003  0.001  0.123  0.863        1
141:     0.003  0.002  0.000  0.005  0.005  0.985        1
142:     0.003  0.001  0.111  0.022  0.015  0.847        1
143:     0.003  0.000  0.006  0.023  0.043  0.925        1
144:     0.018  0.001  0.010  0.000  0.017  0.955        1
145:     0.001  0.001  0.006  0.002  0.001  0.989        1
146:     0.006  0.009  0.011  0.042  0.013  0.919        1
147:     0.007  0.001  0.000  0.000  0.046  0.946        1
148:     0.470  0.089  0.122  0.044  0.144  0.131        1
149:     0.369  0.067  0.217  0.115  0.125  0.108        1
150:     0.152  0.019  0.631  0.007  0.108  0.082        1
151:     0.521  0.081  0.265  0.042  0.067  0.024        1
152:     0.474  0.050  0.264  0.052  0.119  0.041        1
153:     0.563  0.057  0.223  0.058  0.057  0.041        1
154:     0.168  0.081  0.623  0.000  0.113  0.015        1
155:     0.540  0.061  0.189  0.024  0.136  0.050        1
156:     0.562  0.064  0.162  0.061  0.100  0.052        1
157:     0.185  0.022  0.573  0.007  0.119  0.095        1
158:     0.504  0.052  0.287  0.057  0.031  0.069        1
159:     0.525  0.059  0.283  0.048  0.049  0.036        1
160:     0.412  0.022  0.385  0.048  0.090  0.044        1
161:     0.525  0.050  0.158  0.095  0.080  0.091        1
162:     0.358  0.134  0.353  0.049  0.067  0.039        1
163:     0.392  0.042  0.353  0.001  0.097  0.115        1
164:     0.477  0.053  0.322  0.005  0.108  0.035        1
165:     0.452  0.049  0.265  0.029  0.134  0.071        1
166:     0.104  0.039  0.675  0.044  0.127  0.011        1
167:     0.379  0.061  0.330  0.062  0.117  0.050        1
168:     0.567  0.050  0.265  0.016  0.071  0.030        1
169:     0.472  0.052  0.260  0.021  0.108  0.087        1
170:     0.376  0.073  0.438  0.013  0.061  0.039        1
171:     0.396  0.048  0.400  0.078  0.041  0.037        1
172:     0.509  0.085  0.214  0.048  0.115  0.028        1
173:     0.245  0.049  0.547  0.033  0.093  0.033        1
174:     0.539  0.086  0.169  0.042  0.087  0.077        1
175:     0.418  0.049  0.351  0.046  0.095  0.040       50
176:     0.441  0.050  0.351  0.047  0.078  0.033       49
177:     0.396  0.048  0.388  0.051  0.086  0.031       50
178:     0.425  0.052  0.344  0.048  0.095  0.036       49
179:     0.380  0.049  0.385  0.038  0.103  0.046       23
180:     0.409  0.051  0.373  0.044  0.087  0.036       49
181:     0.003  0.005  0.002  0.956  0.033  0.002       30
182:     0.004  0.010  0.011  0.790  0.180  0.005       30
183:     0.264  0.046  0.456  0.076  0.108  0.051       34
184:     0.347  0.044  0.443  0.050  0.087  0.030       36
185:     0.355  0.045  0.412  0.046  0.095  0.046       40
186:     0.333  0.052  0.457  0.044  0.081  0.034       39
187:     0.326  0.053  0.447  0.047  0.091  0.037       37
188:     0.349  0.051  0.421  0.046  0.095  0.037       40
189:     0.353  0.053  0.416  0.050  0.087  0.041       35
190:     0.288  0.062  0.459  0.057  0.094  0.040       28
191:     0.367  0.047  0.404  0.044  0.095  0.044       36
192:     0.344  0.059  0.436  0.049  0.083  0.029       32
--------------------------------------------

