

----------------------------------------------------
STRUCTURE by Pritchard, Stephens and Donnelly (2000)
     and Falush, Stephens and Pritchard (2003)
       Code by Pritchard, Falush and Hubisz
             Version 2.3.4 (Jul 2012)
----------------------------------------------------


Reading file "/workdir/yc2644/CV_CT_array/structure/threader_input/mainparams".
Reading file "/workdir/yc2644/CV_CT_array/structure/threader_input/extraparams".
Reading file "/workdir/yc2644/CV_CT_array/structure/threader_input/n1601.recode.strct_in".


Data file "/workdir/yc2644/CV_CT_array/structure/threader_input/n1601.recode.strct_in" (truncated) --

Ind:   Label Pop : Genotype_data . . . .
  1:  001s    1  :  2   1   2   2   2   1   2  . . . .   2
  1:  001s    1  :  2   2   2   2   2   2   2  . . . .   2
  2:  002s    1  :  2   2   2   2   1   1   2  . . . .   2
  2:  002s    1  :  2   2   2   2   2   2   2  . . . .   2
  3:  003s    1  :  1   2   1   2   2   2   2  . . . .   1
  3:  003s    1  :  2   2   1   2   2   2   2  . . . .   2
  4:  004s    1  :  1   1   2   2   1   2   2  . . . .   1
  4:  004s    1  :  2   1   2   2   2   2   2  . . . .   2

      *******   

1600:    49  192  :  2   2   2   2   2   1   2  . . . .   1
1600:    49  192  :  2   2   2   2   2   2   2  . . . .   2
1601:    50  192  :  2   1   2   2   1   2   2  . . . .   1
1601:    50  192  :  2   2   2   2   2   2   2  . . . .   2

Number of alleles per locus: min= 2; ave=2.0; max= 2


--------------------------------------

Finished initialization; starting MCMC 
100000 iterations + 10000 burnin


--------------------------------------------
Proportion of membership of each pre-defined
 population in each of the 6 clusters

Given    Inferred Clusters                            Number of
 Pop       1      2      3      4      5      6      Individuals

  1:     0.178  0.093  0.211  0.194  0.206  0.118       54
  2:     0.195  0.094  0.186  0.193  0.215  0.118       30
  3:     0.089  0.197  0.063  0.076  0.056  0.521       30
  4:     0.060  0.309  0.042  0.045  0.043  0.502       20
  5:     0.074  0.297  0.044  0.059  0.049  0.477       30
  6:     0.188  0.102  0.211  0.179  0.206  0.114       43
  7:     0.206  0.086  0.206  0.203  0.188  0.111       44
  8:     0.175  0.089  0.210  0.234  0.196  0.097        4
  9:     0.183  0.082  0.205  0.237  0.213  0.080       22
 10:     0.190  0.070  0.229  0.215  0.213  0.083       24
 11:     0.193  0.086  0.189  0.205  0.218  0.109       54
 12:     0.199  0.084  0.194  0.221  0.203  0.098       37
 13:     0.192  0.087  0.207  0.184  0.214  0.115       42
 14:     0.200  0.092  0.214  0.203  0.185  0.106       42
 15:     0.195  0.095  0.185  0.208  0.213  0.103       49
 16:     0.191  0.096  0.199  0.192  0.207  0.115      124
 17:     0.167  0.097  0.190  0.213  0.220  0.113       24
 18:     0.203  0.091  0.203  0.213  0.187  0.103       34
 19:     0.186  0.094  0.193  0.201  0.219  0.107       52
 20:     0.252  0.086  0.132  0.123  0.288  0.118        1
 21:     0.113  0.141  0.292  0.241  0.140  0.072        1
 22:     0.146  0.075  0.552  0.025  0.096  0.105        1
 23:     0.220  0.145  0.159  0.230  0.114  0.132        1
 24:     0.248  0.048  0.022  0.200  0.405  0.077        1
 25:     0.181  0.148  0.177  0.227  0.127  0.141        1
 26:     0.251  0.094  0.202  0.143  0.199  0.112        1
 27:     0.057  0.128  0.155  0.034  0.475  0.151        1
 28:     0.326  0.063  0.164  0.112  0.293  0.043        1
 29:     0.043  0.037  0.276  0.246  0.300  0.099        1
 30:     0.183  0.147  0.045  0.218  0.238  0.169        1
 31:     0.178  0.133  0.176  0.199  0.148  0.166        1
 32:     0.210  0.109  0.170  0.173  0.220  0.118        1
 33:     0.176  0.065  0.216  0.235  0.151  0.156        1
 34:     0.145  0.120  0.239  0.211  0.210  0.076        1
 35:     0.122  0.079  0.389  0.127  0.162  0.122        1
 36:     0.074  0.137  0.157  0.226  0.257  0.147        1
 37:     0.120  0.041  0.061  0.215  0.453  0.110        1
 38:     0.178  0.151  0.179  0.262  0.136  0.094        1
 39:     0.140  0.067  0.438  0.089  0.214  0.052        1
 40:     0.056  0.112  0.231  0.227  0.265  0.109        1
 41:     0.166  0.126  0.312  0.089  0.286  0.021        1
 42:     0.202  0.118  0.176  0.181  0.198  0.126        1
 43:     0.200  0.064  0.653  0.043  0.019  0.022        1
 44:     0.210  0.140  0.128  0.208  0.156  0.158        1
 45:     0.117  0.114  0.173  0.265  0.231  0.100        1
 46:     0.248  0.144  0.051  0.236  0.286  0.035        1
 47:     0.103  0.097  0.397  0.133  0.232  0.038        1
 48:     0.108  0.051  0.299  0.269  0.148  0.125        1
 49:     0.217  0.086  0.062  0.231  0.344  0.059        1
 50:     0.242  0.225  0.070  0.126  0.108  0.229        1
 51:     0.258  0.154  0.193  0.146  0.080  0.170        1
 52:     0.181  0.123  0.174  0.226  0.178  0.117        1
 53:     0.137  0.112  0.151  0.253  0.204  0.143        1
 54:     0.150  0.154  0.171  0.093  0.347  0.085        1
 55:     0.088  0.199  0.145  0.062  0.409  0.097        1
 56:     0.106  0.143  0.175  0.143  0.359  0.073        1
 57:     0.089  0.115  0.097  0.008  0.605  0.086        1
 58:     0.126  0.144  0.155  0.075  0.423  0.077        1
 59:     0.047  0.151  0.060  0.066  0.567  0.108        1
 60:     0.025  0.160  0.011  0.049  0.672  0.083        1
 61:     0.034  0.217  0.097  0.010  0.553  0.089        1
 62:     0.146  0.170  0.121  0.128  0.130  0.305        1
 63:     0.045  0.165  0.216  0.057  0.466  0.050        1
 64:     0.075  0.109  0.006  0.065  0.714  0.031        1
 65:     0.026  0.152  0.140  0.080  0.521  0.081        1
 66:     0.142  0.141  0.186  0.064  0.384  0.083        1
 67:     0.085  0.225  0.199  0.074  0.399  0.017        1
 68:     0.098  0.112  0.128  0.038  0.520  0.104        1
 69:     0.093  0.179  0.191  0.066  0.382  0.089        1
 70:     0.042  0.158  0.321  0.077  0.342  0.059        1
 71:     0.025  0.162  0.280  0.015  0.493  0.025        1
 72:     0.095  0.196  0.190  0.089  0.347  0.082        1
 73:     0.049  0.163  0.211  0.108  0.396  0.072        1
 74:     0.081  0.114  0.142  0.132  0.463  0.068        1
 75:     0.075  0.203  0.181  0.144  0.312  0.085        1
 76:     0.043  0.281  0.112  0.085  0.099  0.381        1
 77:     0.084  0.088  0.118  0.090  0.580  0.040        1
 78:     0.047  0.170  0.276  0.043  0.357  0.107        1
 79:     0.060  0.169  0.097  0.010  0.653  0.011        1
 80:     0.131  0.240  0.294  0.120  0.190  0.025        1
 81:     0.084  0.198  0.038  0.016  0.588  0.076        1
 82:     0.157  0.233  0.132  0.144  0.210  0.124        1
 83:     0.143  0.131  0.173  0.094  0.351  0.109        1
 84:     0.074  0.808  0.026  0.044  0.030  0.018        1
 85:     0.028  0.774  0.031  0.057  0.068  0.042        1
 86:     0.008  0.780  0.025  0.053  0.121  0.013        1
 87:     0.049  0.766  0.011  0.143  0.018  0.013        1
 88:     0.042  0.799  0.074  0.021  0.051  0.013        1
 89:     0.081  0.724  0.072  0.062  0.051  0.010        1
 90:     0.025  0.844  0.044  0.023  0.045  0.018        1
 91:     0.002  0.750  0.048  0.056  0.117  0.027        1
 92:     0.011  0.650  0.171  0.002  0.148  0.017        1
 93:     0.046  0.797  0.104  0.029  0.013  0.010        1
 94:     0.104  0.720  0.076  0.030  0.049  0.020        1
 95:     0.085  0.702  0.051  0.088  0.039  0.035        1
 96:     0.004  0.837  0.036  0.038  0.084  0.002        1
 97:     0.030  0.785  0.032  0.085  0.054  0.014        1
 98:     0.042  0.730  0.046  0.091  0.065  0.026        1
 99:     0.009  0.904  0.024  0.020  0.020  0.023        1
100:     0.031  0.852  0.037  0.024  0.047  0.009        1
101:     0.013  0.679  0.076  0.075  0.136  0.022        1
102:     0.046  0.670  0.086  0.111  0.060  0.027        1
103:     0.040  0.785  0.044  0.055  0.069  0.007        1
104:     0.079  0.796  0.066  0.028  0.001  0.031        1
105:     0.090  0.755  0.044  0.090  0.017  0.004        1
106:     0.061  0.621  0.084  0.114  0.085  0.035        1
107:     0.039  0.776  0.036  0.040  0.087  0.022        1
108:     0.030  0.690  0.087  0.112  0.066  0.014        1
109:     0.004  0.657  0.139  0.038  0.106  0.055        1
110:     0.106  0.648  0.104  0.097  0.019  0.025        1
111:     0.041  0.799  0.045  0.036  0.055  0.024        1
112:     0.025  0.799  0.053  0.013  0.106  0.005        1
113:     0.037  0.808  0.054  0.042  0.040  0.019        1
114:     0.019  0.776  0.072  0.050  0.056  0.027        1
115:     0.060  0.734  0.053  0.057  0.073  0.023        1
116:     0.033  0.844  0.063  0.037  0.011  0.013        1
117:     0.122  0.776  0.024  0.015  0.044  0.019        1
118:     0.091  0.841  0.033  0.030  0.003  0.002        1
119:     0.016  0.693  0.018  0.180  0.069  0.024        1
120:     0.134  0.715  0.049  0.036  0.052  0.014        1
121:     0.114  0.768  0.032  0.082  0.002  0.002        1
122:     0.049  0.773  0.038  0.046  0.076  0.018        1
123:     0.010  0.804  0.117  0.027  0.037  0.005        1
124:     0.055  0.739  0.073  0.061  0.031  0.042        1
125:     0.038  0.851  0.053  0.043  0.007  0.008        1
126:     0.038  0.747  0.118  0.024  0.053  0.019        1
127:     0.055  0.760  0.021  0.038  0.101  0.025        1
128:     0.048  0.748  0.055  0.057  0.073  0.017        1
129:     0.046  0.920  0.011  0.015  0.009  0.000        1
130:     0.040  0.790  0.021  0.043  0.096  0.011        1
131:     0.037  0.844  0.032  0.014  0.062  0.012        1
132:     0.028  0.724  0.144  0.064  0.014  0.026        1
133:     0.030  0.767  0.105  0.005  0.035  0.057        1
134:     0.082  0.711  0.042  0.024  0.127  0.014        1
135:     0.066  0.625  0.088  0.121  0.064  0.035        1
136:     0.039  0.799  0.032  0.045  0.065  0.020        1
137:     0.030  0.797  0.038  0.044  0.060  0.031        1
138:     0.020  0.831  0.094  0.012  0.042  0.001        1
139:     0.038  0.801  0.102  0.015  0.017  0.028        1
140:     0.030  0.715  0.064  0.024  0.143  0.023        1
141:     0.033  0.844  0.042  0.038  0.034  0.009        1
142:     0.059  0.711  0.140  0.017  0.036  0.037        1
143:     0.017  0.814  0.016  0.019  0.125  0.008        1
144:     0.004  0.840  0.034  0.052  0.067  0.002        1
145:     0.034  0.788  0.064  0.032  0.066  0.017        1
146:     0.050  0.793  0.019  0.003  0.105  0.030        1
147:     0.050  0.832  0.033  0.044  0.014  0.027        1
148:     0.211  0.204  0.093  0.188  0.196  0.107        1
149:     0.017  0.190  0.226  0.176  0.142  0.249        1
150:     0.057  0.119  0.220  0.113  0.426  0.063        1
151:     0.450  0.096  0.091  0.036  0.225  0.102        1
152:     0.218  0.099  0.263  0.141  0.112  0.167        1
153:     0.073  0.069  0.435  0.082  0.209  0.133        1
154:     0.190  0.083  0.243  0.145  0.223  0.115        1
155:     0.329  0.089  0.024  0.249  0.205  0.105        1
156:     0.097  0.120  0.064  0.200  0.443  0.076        1
157:     0.090  0.081  0.165  0.272  0.358  0.034        1
158:     0.079  0.089  0.126  0.268  0.335  0.102        1
159:     0.290  0.112  0.202  0.265  0.089  0.042        1
160:     0.106  0.096  0.256  0.164  0.261  0.117        1
161:     0.225  0.175  0.218  0.199  0.106  0.077        1
162:     0.218  0.115  0.089  0.217  0.197  0.164        1
163:     0.381  0.136  0.184  0.080  0.145  0.074        1
164:     0.245  0.130  0.364  0.004  0.233  0.023        1
165:     0.179  0.148  0.144  0.184  0.188  0.156        1
166:     0.055  0.069  0.266  0.131  0.366  0.113        1
167:     0.046  0.109  0.130  0.144  0.452  0.119        1
168:     0.214  0.067  0.116  0.323  0.232  0.049        1
169:     0.069  0.140  0.186  0.309  0.211  0.085        1
170:     0.202  0.078  0.029  0.177  0.473  0.041        1
171:     0.225  0.099  0.210  0.240  0.102  0.124        1
172:     0.230  0.096  0.310  0.131  0.088  0.145        1
173:     0.183  0.095  0.232  0.157  0.208  0.125        1
174:     0.192  0.097  0.154  0.058  0.376  0.123        1
175:     0.182  0.093  0.197  0.200  0.221  0.107       50
176:     0.178  0.085  0.199  0.208  0.225  0.105       49
177:     0.184  0.086  0.186  0.226  0.213  0.105       50
178:     0.190  0.087  0.179  0.197  0.233  0.113       49
179:     0.196  0.103  0.182  0.204  0.204  0.110       23
180:     0.206  0.087  0.204  0.225  0.175  0.102       49
181:     0.046  0.133  0.026  0.021  0.018  0.757       30
182:     0.025  0.079  0.026  0.028  0.025  0.818       30
183:     0.172  0.105  0.190  0.180  0.194  0.157       34
184:     0.192  0.080  0.219  0.184  0.220  0.106       36
185:     0.191  0.094  0.179  0.235  0.197  0.105       40
186:     0.192  0.084  0.196  0.208  0.212  0.108       39
187:     0.231  0.088  0.159  0.200  0.212  0.111       37
188:     0.169  0.092  0.215  0.207  0.209  0.108       40
189:     0.210  0.092  0.183  0.194  0.209  0.111       35
190:     0.169  0.092  0.227  0.199  0.199  0.114       28
191:     0.206  0.086  0.193  0.225  0.187  0.103       36
192:     0.182  0.084  0.183  0.253  0.195  0.104       32
--------------------------------------------

 Rep#:   Lambda   Alpha      F1    F2    F3    F4    F5    F6     D1,2  D1,3  D1,4  D1,5  D1,6  D2,3  D2,4  D2,5  D2,6  D3,4  D3,5  D3,6  D4,5  D4,6  D5,6    Ln Like 
  100:    1.00    1.586    0.010 0.206 0.010 0.010 0.012 0.254    0.038 0.003 0.003 0.004 0.041 0.038 0.038 0.038 0.064 0.003 0.004 0.042 0.004 0.042 0.043   --  
  200:    1.00    1.244    0.010 0.188 0.010 0.010 0.133 0.220    0.034 0.003 0.003 0.024 0.034 0.034 0.034 0.045 0.053 0.003 0.023 0.034 0.024 0.034 0.043   --  
  300:    1.00    1.073    0.010 0.177 0.010 0.010 0.259 0.200    0.033 0.003 0.003 0.046 0.031 0.033 0.033 0.056 0.048 0.003 0.045 0.032 0.046 0.032 0.052   --  
  400:    1.00    1.004    0.010 0.167 0.010 0.010 0.269 0.189    0.032 0.003 0.003 0.046 0.030 0.032 0.032 0.058 0.047 0.003 0.046 0.030 0.046 0.030 0.054   --  
  500:    1.00    0.934    0.010 0.168 0.010 0.010 0.269 0.177    0.031 0.003 0.003 0.046 0.028 0.031 0.031 0.058 0.046 0.003 0.046 0.028 0.046 0.029 0.054   --  
  600:    1.00    0.912    0.010 0.166 0.010 0.010 0.265 0.177    0.030 0.003 0.003 0.045 0.027 0.030 0.031 0.058 0.045 0.003 0.046 0.028 0.045 0.027 0.054   --  
  700:    1.00    0.823    0.010 0.161 0.010 0.010 0.266 0.176    0.030 0.003 0.003 0.045 0.027 0.030 0.030 0.058 0.044 0.003 0.045 0.027 0.045 0.027 0.054   --  
  800:    1.00    0.814    0.010 0.164 0.010 0.010 0.271 0.168    0.030 0.003 0.003 0.046 0.026 0.030 0.030 0.059 0.045 0.003 0.045 0.026 0.046 0.026 0.055   --  
  900:    1.00    0.789    0.010 0.162 0.010 0.010 0.265 0.163    0.029 0.003 0.003 0.044 0.026 0.029 0.029 0.058 0.044 0.003 0.044 0.026 0.044 0.026 0.054   --  

--------------------------------------------
Proportion of membership of each pre-defined
 population in each of the 6 clusters

Given    Inferred Clusters                            Number of
 Pop       1      2      3      4      5      6      Individuals

  1:     0.214  0.061  0.279  0.265  0.094  0.087       54
  2:     0.276  0.056  0.270  0.218  0.104  0.077       30
  3:     0.096  0.069  0.019  0.053  0.060  0.702       30
  4:     0.021  0.106  0.016  0.016  0.023  0.818       20
  5:     0.035  0.098  0.033  0.024  0.035  0.775       30
  6:     0.286  0.059  0.267  0.217  0.097  0.075       43
  7:     0.246  0.045  0.284  0.253  0.099  0.072       44
  8:     0.260  0.057  0.233  0.307  0.093  0.049        4
  9:     0.265  0.054  0.273  0.268  0.101  0.039       22
 10:     0.263  0.053  0.272  0.272  0.099  0.041       24
 11:     0.258  0.057  0.245  0.270  0.092  0.078       54
 12:     0.227  0.043  0.255  0.308  0.103  0.066       37
 13:     0.244  0.056  0.261  0.257  0.098  0.084       42
 14:     0.229  0.052  0.262  0.280  0.101  0.077       42
 15:     0.278  0.054  0.241  0.245  0.100  0.083       49
 16:     0.242  0.059  0.242  0.275  0.099  0.082      124
 17:     0.248  0.059  0.272  0.244  0.101  0.076       24
 18:     0.251  0.062  0.275  0.244  0.109  0.059       34
 19:     0.256  0.051  0.250  0.267  0.099  0.077       52
 20:     0.251  0.061  0.256  0.256  0.107  0.069        1
 21:     0.152  0.109  0.444  0.164  0.107  0.024        1
 22:     0.238  0.030  0.463  0.101  0.104  0.064        1
 23:     0.191  0.133  0.297  0.200  0.079  0.100        1
 24:     0.452  0.056  0.027  0.300  0.120  0.046        1
 25:     0.243  0.045  0.337  0.168  0.077  0.130        1
 26:     0.123  0.049  0.266  0.373  0.144  0.046        1
 27:     0.419  0.045  0.229  0.113  0.104  0.089        1
 28:     0.335  0.052  0.312  0.169  0.125  0.007        1
 29:     0.297  0.067  0.223  0.231  0.156  0.026        1
 30:     0.297  0.066  0.020  0.382  0.089  0.145        1
 31:     0.439  0.042  0.208  0.031  0.078  0.202        1
 32:     0.350  0.045  0.220  0.243  0.093  0.048        1
 33:     0.163  0.031  0.196  0.372  0.124  0.114        1
 34:     0.349  0.085  0.177  0.217  0.127  0.044        1
 35:     0.384  0.057  0.405  0.013  0.078  0.063        1
 36:     0.131  0.060  0.193  0.386  0.110  0.121        1
 37:     0.269  0.079  0.241  0.270  0.057  0.084        1
 38:     0.191  0.140  0.246  0.249  0.107  0.068        1
 39:     0.227  0.061  0.325  0.201  0.152  0.034        1
 40:     0.168  0.073  0.421  0.083  0.152  0.103        1
 41:     0.184  0.068  0.411  0.198  0.117  0.022        1
 42:     0.308  0.086  0.217  0.201  0.097  0.091        1
 43:     0.142  0.070  0.630  0.001  0.094  0.063        1
 44:     0.329  0.066  0.149  0.219  0.087  0.151        1
 45:     0.160  0.041  0.204  0.386  0.142  0.067        1
 46:     0.346  0.130  0.110  0.293  0.078  0.042        1
 47:     0.077  0.039  0.519  0.242  0.063  0.061        1
 48:     0.128  0.060  0.490  0.207  0.087  0.029        1
 49:     0.423  0.058  0.090  0.289  0.116  0.023        1
 50:     0.315  0.077  0.073  0.095  0.091  0.349        1
 51:     0.139  0.073  0.425  0.072  0.076  0.214        1
 52:     0.242  0.105  0.097  0.344  0.132  0.079        1
 53:     0.386  0.064  0.136  0.213  0.095  0.106        1
 54:     0.001  0.002  0.001  0.000  0.996  0.001        1
 55:     0.001  0.000  0.006  0.000  0.981  0.011        1
 56:     0.019  0.043  0.032  0.059  0.836  0.011        1
 57:     0.016  0.001  0.011  0.012  0.955  0.005        1
 58:     0.058  0.019  0.001  0.002  0.902  0.017        1
 59:     0.023  0.028  0.016  0.034  0.858  0.041        1
 60:     0.009  0.002  0.003  0.000  0.985  0.000        1
 61:     0.000  0.001  0.001  0.001  0.996  0.002        1
 62:     0.074  0.075  0.130  0.257  0.054  0.410        1
 63:     0.002  0.034  0.000  0.007  0.928  0.028        1
 64:     0.000  0.001  0.002  0.000  0.997  0.000        1
 65:     0.000  0.003  0.002  0.000  0.994  0.000        1
 66:     0.004  0.020  0.001  0.006  0.947  0.022        1
 67:     0.009  0.112  0.039  0.109  0.636  0.095        1
 68:     0.003  0.014  0.034  0.000  0.904  0.045        1
 69:     0.000  0.012  0.000  0.000  0.976  0.011        1
 70:     0.010  0.051  0.123  0.007  0.782  0.027        1
 71:     0.001  0.002  0.002  0.006  0.986  0.002        1
 72:     0.000  0.002  0.002  0.000  0.995  0.001        1
 73:     0.000  0.001  0.001  0.000  0.998  0.000        1
 74:     0.024  0.008  0.124  0.020  0.777  0.047        1
 75:     0.000  0.000  0.000  0.001  0.996  0.002        1
 76:     0.104  0.116  0.145  0.042  0.023  0.571        1
 77:     0.000  0.000  0.000  0.003  0.996  0.000        1
 78:     0.041  0.034  0.025  0.009  0.793  0.099        1
 79:     0.000  0.001  0.000  0.001  0.997  0.001        1
 80:     0.010  0.009  0.009  0.001  0.970  0.001        1
 81:     0.003  0.001  0.002  0.000  0.994  0.001        1
 82:     0.033  0.172  0.183  0.004  0.538  0.069        1
 83:     0.000  0.001  0.001  0.000  0.996  0.001        1
 84:     0.001  0.922  0.000  0.004  0.019  0.055        1
 85:     0.002  0.941  0.005  0.009  0.006  0.037        1
 86:     0.034  0.839  0.045  0.017  0.042  0.023        1
 87:     0.010  0.969  0.002  0.006  0.011  0.001        1
 88:     0.007  0.974  0.000  0.005  0.008  0.005        1
 89:     0.011  0.943  0.027  0.001  0.013  0.004        1
 90:     0.001  0.958  0.009  0.000  0.004  0.028        1
 91:     0.005  0.976  0.000  0.005  0.002  0.012        1
 92:     0.022  0.825  0.076  0.039  0.006  0.032        1
 93:     0.001  0.922  0.006  0.001  0.000  0.069        1
 94:     0.016  0.865  0.044  0.032  0.018  0.026        1
 95:     0.029  0.882  0.013  0.023  0.001  0.052        1
 96:     0.001  0.987  0.006  0.000  0.005  0.001        1
 97:     0.002  0.941  0.000  0.000  0.014  0.043        1
 98:     0.003  0.954  0.001  0.003  0.033  0.006        1
 99:     0.002  0.991  0.006  0.000  0.001  0.001        1
100:     0.005  0.976  0.001  0.001  0.003  0.014        1
101:     0.064  0.781  0.034  0.075  0.027  0.018        1
102:     0.038  0.787  0.051  0.087  0.038  0.000        1
103:     0.013  0.973  0.012  0.001  0.001  0.001        1
104:     0.028  0.925  0.008  0.008  0.031  0.000        1
105:     0.000  0.895  0.000  0.005  0.043  0.057        1
106:     0.003  0.816  0.118  0.001  0.059  0.004        1
107:     0.001  0.949  0.001  0.000  0.003  0.046        1
108:     0.009  0.846  0.010  0.070  0.011  0.054        1
109:     0.027  0.762  0.007  0.094  0.033  0.076        1
110:     0.156  0.752  0.026  0.004  0.054  0.008        1
111:     0.003  0.956  0.004  0.008  0.011  0.017        1
112:     0.000  0.989  0.006  0.001  0.002  0.001        1
113:     0.005  0.924  0.012  0.012  0.008  0.038        1
114:     0.007  0.939  0.004  0.005  0.038  0.007        1
115:     0.020  0.900  0.068  0.003  0.009  0.001        1
116:     0.000  0.981  0.004  0.003  0.010  0.002        1
117:     0.010  0.908  0.006  0.022  0.000  0.054        1
118:     0.005  0.939  0.003  0.002  0.027  0.024        1
119:     0.019  0.818  0.036  0.102  0.024  0.001        1
120:     0.006  0.943  0.004  0.000  0.039  0.009        1
121:     0.026  0.926  0.003  0.001  0.038  0.006        1
122:     0.012  0.940  0.026  0.013  0.009  0.000        1
123:     0.000  0.991  0.000  0.004  0.001  0.002        1
124:     0.015  0.833  0.030  0.015  0.036  0.071        1
125:     0.019  0.970  0.007  0.000  0.000  0.004        1
126:     0.056  0.867  0.012  0.004  0.027  0.035        1
127:     0.003  0.915  0.008  0.030  0.006  0.038        1
128:     0.002  0.967  0.008  0.006  0.017  0.000        1
129:     0.000  0.984  0.004  0.004  0.006  0.001        1
130:     0.023  0.899  0.000  0.008  0.024  0.045        1
131:     0.001  0.983  0.000  0.003  0.011  0.002        1
132:     0.017  0.800  0.064  0.040  0.001  0.078        1
133:     0.002  0.904  0.001  0.008  0.002  0.082        1
134:     0.077  0.834  0.022  0.021  0.028  0.017        1
135:     0.060  0.801  0.051  0.029  0.027  0.031        1
136:     0.001  0.995  0.000  0.000  0.000  0.003        1
137:     0.025  0.946  0.007  0.004  0.009  0.009        1
138:     0.005  0.990  0.001  0.000  0.003  0.001        1
139:     0.005  0.927  0.001  0.003  0.018  0.045        1
140:     0.011  0.872  0.032  0.006  0.026  0.053        1
141:     0.000  0.991  0.001  0.002  0.001  0.005        1
142:     0.044  0.844  0.043  0.029  0.000  0.040        1
143:     0.010  0.915  0.001  0.009  0.008  0.058        1
144:     0.022  0.947  0.004  0.010  0.015  0.003        1
145:     0.001  0.973  0.006  0.016  0.000  0.003        1
146:     0.017  0.923  0.000  0.002  0.017  0.041        1
147:     0.002  0.970  0.011  0.000  0.003  0.014        1
148:     0.337  0.137  0.184  0.056  0.128  0.157        1
149:     0.096  0.087  0.177  0.315  0.095  0.230        1
150:     0.396  0.108  0.257  0.109  0.098  0.032        1
151:     0.503  0.072  0.107  0.157  0.140  0.021        1
152:     0.475  0.033  0.163  0.116  0.082  0.132        1
153:     0.244  0.054  0.446  0.084  0.082  0.090        1
154:     0.252  0.075  0.499  0.034  0.111  0.029        1
155:     0.369  0.090  0.186  0.223  0.091  0.041        1
156:     0.271  0.042  0.191  0.320  0.114  0.063        1
157:     0.126  0.051  0.257  0.415  0.075  0.075        1
158:     0.063  0.106  0.394  0.318  0.088  0.031        1
159:     0.222  0.076  0.303  0.230  0.108  0.061        1
160:     0.169  0.054  0.243  0.366  0.082  0.086        1
161:     0.198  0.095  0.309  0.189  0.104  0.105        1
162:     0.515  0.056  0.087  0.132  0.155  0.056        1
163:     0.179  0.049  0.433  0.147  0.117  0.075        1
164:     0.201  0.045  0.410  0.161  0.107  0.077        1
165:     0.163  0.107  0.221  0.290  0.090  0.129        1
166:     0.241  0.031  0.366  0.153  0.108  0.100        1
167:     0.306  0.069  0.291  0.117  0.107  0.110        1
168:     0.220  0.075  0.098  0.490  0.106  0.011        1
169:     0.040  0.127  0.459  0.217  0.093  0.063        1
170:     0.247  0.054  0.094  0.459  0.124  0.022        1
171:     0.117  0.076  0.535  0.137  0.093  0.043        1
172:     0.251  0.072  0.184  0.283  0.121  0.089        1
173:     0.161  0.044  0.276  0.344  0.088  0.087        1
174:     0.078  0.091  0.537  0.153  0.089  0.053        1
175:     0.224  0.051  0.277  0.268  0.101  0.080       50
176:     0.227  0.049  0.275  0.276  0.097  0.075       49
177:     0.225  0.052  0.268  0.287  0.093  0.074       50
178:     0.257  0.049  0.264  0.248  0.104  0.079       49
179:     0.224  0.055  0.308  0.229  0.106  0.078       23
180:     0.253  0.053  0.279  0.245  0.106  0.065       49
181:     0.003  0.004  0.004  0.003  0.005  0.981       30
182:     0.009  0.013  0.011  0.006  0.012  0.949       30
183:     0.232  0.076  0.190  0.284  0.091  0.128       34
184:     0.245  0.047  0.248  0.295  0.093  0.072       36
185:     0.295  0.053  0.207  0.273  0.094  0.078       40
186:     0.294  0.054  0.237  0.245  0.104  0.066       39
187:     0.310  0.053  0.205  0.257  0.094  0.080       37
188:     0.238  0.060  0.240  0.285  0.089  0.089       40
189:     0.267  0.054  0.224  0.266  0.102  0.087       35
190:     0.242  0.049  0.248  0.273  0.101  0.087       28
191:     0.288  0.052  0.198  0.288  0.097  0.077       36
192:     0.262  0.049  0.221  0.286  0.100  0.081       32
--------------------------------------------

 Rep#:   Lambda   Alpha      F1    F2    F3    F4    F5    F6     D1,2  D1,3  D1,4  D1,5  D1,6  D2,3  D2,4  D2,5  D2,6  D3,4  D3,5  D3,6  D4,5  D4,6  D5,6    Ln Like 
 1000:    1.00    0.787    0.010 0.161 0.010 0.010 0.268 0.170    0.029 0.003 0.003 0.044 0.026 0.029 0.029 0.058 0.044 0.003 0.044 0.026 0.044 0.026 0.054   --  
 1100:    1.00    0.728    0.010 0.157 0.009 0.010 0.260 0.167    0.029 0.003 0.003 0.043 0.026 0.029 0.029 0.058 0.044 0.003 0.043 0.026 0.043 0.025 0.054   --  
 1200:    1.00    0.688    0.010 0.157 0.009 0.010 0.264 0.163    0.029 0.003 0.003 0.043 0.025 0.029 0.029 0.059 0.044 0.003 0.043 0.025 0.043 0.025 0.054   --  
 1300:    1.00    0.698    0.009 0.159 0.009 0.009 0.261 0.162    0.028 0.003 0.003 0.043 0.025 0.028 0.028 0.058 0.043 0.003 0.043 0.025 0.043 0.025 0.054   --  
 1400:    1.00    0.654    0.009 0.154 0.009 0.009 0.256 0.163    0.028 0.003 0.003 0.042 0.025 0.028 0.028 0.057 0.043 0.003 0.042 0.025 0.042 0.025 0.054   --  
 1500:    1.00    0.650    0.009 0.155 0.009 0.009 0.263 0.162    0.028 0.003 0.003 0.042 0.025 0.028 0.028 0.058 0.044 0.003 0.042 0.025 0.042 0.025 0.054   --  
 1600:    1.00    0.614    0.009 0.155 0.009 0.009 0.253 0.163    0.028 0.003 0.003 0.042 0.025 0.028 0.028 0.058 0.044 0.003 0.042 0.025 0.042 0.025 0.055   --  
 1700:    1.00    0.596    0.009 0.154 0.009 0.009 0.253 0.160    0.028 0.003 0.003 0.041 0.024 0.028 0.028 0.058 0.044 0.003 0.041 0.024 0.041 0.024 0.054   --  
 1800:    1.00    0.563    0.009 0.148 0.009 0.009 0.257 0.158    0.027 0.003 0.003 0.041 0.024 0.027 0.027 0.057 0.043 0.003 0.041 0.024 0.041 0.024 0.054   --  
 1900:    1.00    0.550    0.009 0.152 0.009 0.009 0.256 0.156    0.027 0.003 0.003 0.041 0.024 0.027 0.027 0.057 0.043 0.003 0.040 0.024 0.041 0.024 0.054   --  

--------------------------------------------
Proportion of membership of each pre-defined
 population in each of the 6 clusters

Given    Inferred Clusters                            Number of
 Pop       1      2      3      4      5      6      Individuals

  1:     0.211  0.037  0.317  0.311  0.057  0.067       54
  2:     0.292  0.038  0.304  0.240  0.065  0.060       30
  3:     0.147  0.056  0.010  0.038  0.054  0.695       30
  4:     0.016  0.077  0.029  0.010  0.023  0.844       20
  5:     0.043  0.089  0.052  0.013  0.033  0.769       30
  6:     0.300  0.038  0.285  0.259  0.055  0.064       43
  7:     0.259  0.032  0.321  0.280  0.054  0.054       44
  8:     0.271  0.033  0.290  0.324  0.058  0.024        4
  9:     0.303  0.030  0.312  0.272  0.062  0.021       22
 10:     0.229  0.030  0.345  0.313  0.060  0.023       24
 11:     0.258  0.039  0.304  0.294  0.048  0.056       54
 12:     0.234  0.030  0.286  0.340  0.061  0.049       37
 13:     0.258  0.035  0.269  0.310  0.059  0.069       42
 14:     0.257  0.028  0.297  0.302  0.057  0.058       42
 15:     0.318  0.035  0.265  0.257  0.061  0.063       49
 16:     0.250  0.039  0.286  0.301  0.058  0.065      124
 17:     0.231  0.039  0.351  0.263  0.060  0.058       24
 18:     0.239  0.038  0.339  0.273  0.065  0.046       34
 19:     0.244  0.038  0.288  0.318  0.060  0.052       52
 20:     0.060  0.042  0.317  0.490  0.066  0.025        1
 21:     0.156  0.110  0.453  0.156  0.086  0.039        1
 22:     0.177  0.009  0.393  0.279  0.067  0.075        1
 23:     0.211  0.124  0.272  0.229  0.051  0.114        1
 24:     0.386  0.060  0.146  0.311  0.061  0.036        1
 25:     0.464  0.048  0.324  0.016  0.024  0.124        1
 26:     0.164  0.066  0.357  0.292  0.092  0.029        1
 27:     0.317  0.054  0.445  0.046  0.051  0.088        1
 28:     0.309  0.054  0.500  0.050  0.063  0.024        1
 29:     0.174  0.032  0.381  0.308  0.081  0.024        1
 30:     0.215  0.072  0.115  0.415  0.058  0.125        1
 31:     0.479  0.015  0.233  0.013  0.042  0.219        1
 32:     0.514  0.074  0.165  0.140  0.061  0.047        1
 33:     0.114  0.022  0.115  0.539  0.086  0.123        1
 34:     0.305  0.071  0.302  0.246  0.072  0.003        1
 35:     0.469  0.033  0.402  0.037  0.053  0.007        1
 36:     0.446  0.059  0.266  0.101  0.066  0.061        1
 37:     0.058  0.060  0.414  0.390  0.015  0.063        1
 38:     0.300  0.085  0.149  0.267  0.088  0.112        1
 39:     0.152  0.005  0.391  0.264  0.127  0.060        1
 40:     0.276  0.080  0.457  0.026  0.083  0.078        1
 41:     0.152  0.052  0.417  0.308  0.058  0.013        1
 42:     0.259  0.029  0.231  0.300  0.090  0.091        1
 43:     0.199  0.044  0.620  0.012  0.082  0.044        1
 44:     0.246  0.026  0.268  0.261  0.082  0.117        1
 45:     0.140  0.053  0.368  0.315  0.090  0.033        1
 46:     0.239  0.117  0.344  0.249  0.031  0.021        1
 47:     0.059  0.058  0.682  0.134  0.049  0.018        1
 48:     0.079  0.051  0.722  0.062  0.048  0.038        1
 49:     0.290  0.032  0.168  0.406  0.086  0.018        1
 50:     0.323  0.053  0.176  0.067  0.050  0.332        1
 51:     0.221  0.054  0.375  0.106  0.036  0.208        1
 52:     0.185  0.074  0.214  0.385  0.087  0.054        1
 53:     0.452  0.052  0.218  0.117  0.065  0.096        1
 54:     0.005  0.002  0.004  0.000  0.983  0.007        1
 55:     0.003  0.000  0.000  0.000  0.995  0.001        1
 56:     0.002  0.025  0.144  0.007  0.821  0.000        1
 57:     0.034  0.002  0.000  0.023  0.940  0.000        1
 58:     0.085  0.004  0.004  0.006  0.898  0.003        1
 59:     0.005  0.011  0.042  0.076  0.842  0.024        1
 60:     0.001  0.001  0.006  0.000  0.992  0.000        1
 61:     0.000  0.001  0.004  0.000  0.994  0.000        1
 62:     0.136  0.065  0.388  0.010  0.003  0.398        1
 63:     0.002  0.012  0.003  0.010  0.948  0.025        1
 64:     0.000  0.000  0.000  0.000  0.999  0.000        1
 65:     0.001  0.001  0.000  0.000  0.998  0.000        1
 66:     0.010  0.000  0.007  0.013  0.969  0.000        1
 67:     0.124  0.099  0.024  0.096  0.619  0.037        1
 68:     0.001  0.006  0.011  0.025  0.909  0.047        1
 69:     0.002  0.002  0.001  0.006  0.974  0.014        1
 70:     0.002  0.002  0.159  0.044  0.770  0.024        1
 71:     0.002  0.000  0.001  0.000  0.997  0.000        1
 72:     0.002  0.000  0.001  0.000  0.997  0.000        1
 73:     0.001  0.002  0.002  0.000  0.995  0.000        1
 74:     0.038  0.001  0.038  0.135  0.762  0.026        1
 75:     0.000  0.002  0.001  0.002  0.994  0.000        1
 76:     0.072  0.151  0.188  0.041  0.013  0.535        1
 77:     0.001  0.006  0.000  0.006  0.988  0.000        1
 78:     0.029  0.008  0.009  0.075  0.836  0.044        1
 79:     0.000  0.000  0.000  0.002  0.998  0.000        1
 80:     0.005  0.001  0.005  0.014  0.974  0.001        1
 81:     0.000  0.001  0.002  0.002  0.993  0.002        1
 82:     0.004  0.187  0.238  0.002  0.526  0.043        1
 83:     0.002  0.002  0.000  0.001  0.995  0.000        1
 84:     0.001  0.984  0.001  0.010  0.001  0.002        1
 85:     0.016  0.934  0.010  0.029  0.002  0.010        1
 86:     0.049  0.873  0.006  0.031  0.040  0.001        1
 87:     0.000  0.939  0.037  0.002  0.022  0.000        1
 88:     0.008  0.980  0.001  0.000  0.011  0.001        1
 89:     0.042  0.925  0.004  0.009  0.006  0.013        1
 90:     0.001  0.979  0.008  0.000  0.005  0.006        1
 91:     0.018  0.970  0.000  0.000  0.000  0.011        1
 92:     0.005  0.796  0.009  0.166  0.013  0.011        1
 93:     0.002  0.910  0.002  0.003  0.017  0.066        1
 94:     0.027  0.926  0.001  0.034  0.001  0.011        1
 95:     0.021  0.877  0.033  0.005  0.001  0.063        1
 96:     0.000  0.988  0.002  0.002  0.004  0.004        1
 97:     0.004  0.971  0.003  0.001  0.020  0.001        1
 98:     0.009  0.957  0.001  0.020  0.006  0.007        1
 99:     0.006  0.991  0.002  0.000  0.001  0.000        1
100:     0.002  0.986  0.002  0.001  0.008  0.000        1
101:     0.138  0.773  0.009  0.065  0.002  0.014        1
102:     0.000  0.791  0.003  0.183  0.007  0.016        1
103:     0.009  0.984  0.001  0.002  0.002  0.002        1
104:     0.011  0.951  0.003  0.004  0.024  0.008        1
105:     0.002  0.921  0.000  0.000  0.024  0.052        1
106:     0.012  0.786  0.159  0.018  0.025  0.001        1
107:     0.004  0.952  0.020  0.005  0.000  0.019        1
108:     0.004  0.853  0.013  0.098  0.002  0.031        1
109:     0.106  0.752  0.001  0.049  0.025  0.067        1
110:     0.177  0.737  0.003  0.015  0.057  0.011        1
111:     0.002  0.959  0.020  0.000  0.000  0.019        1
112:     0.001  0.992  0.000  0.000  0.003  0.004        1
113:     0.000  0.956  0.001  0.010  0.001  0.032        1
114:     0.004  0.985  0.002  0.004  0.001  0.004        1
115:     0.020  0.923  0.033  0.000  0.009  0.015        1
116:     0.002  0.981  0.003  0.002  0.000  0.012        1
117:     0.004  0.958  0.001  0.003  0.004  0.029        1
118:     0.000  0.953  0.001  0.005  0.008  0.034        1
119:     0.070  0.852  0.028  0.019  0.030  0.002        1
120:     0.015  0.930  0.007  0.042  0.006  0.001        1
121:     0.007  0.974  0.000  0.000  0.010  0.009        1
122:     0.012  0.883  0.048  0.009  0.040  0.008        1
123:     0.000  0.994  0.000  0.000  0.005  0.000        1
124:     0.010  0.816  0.038  0.044  0.002  0.089        1
125:     0.001  0.978  0.000  0.014  0.005  0.001        1
126:     0.050  0.830  0.038  0.011  0.050  0.020        1
127:     0.002  0.913  0.025  0.002  0.020  0.038        1
128:     0.015  0.954  0.001  0.003  0.023  0.005        1
129:     0.000  0.995  0.000  0.001  0.003  0.000        1
130:     0.012  0.919  0.024  0.013  0.012  0.021        1
131:     0.001  0.995  0.002  0.001  0.000  0.000        1
132:     0.022  0.781  0.055  0.053  0.001  0.088        1
133:     0.001  0.875  0.007  0.006  0.010  0.100        1
134:     0.070  0.850  0.013  0.053  0.008  0.007        1
135:     0.052  0.813  0.102  0.000  0.013  0.020        1
136:     0.000  0.997  0.002  0.001  0.000  0.001        1
137:     0.000  0.973  0.002  0.004  0.011  0.010        1
138:     0.002  0.994  0.004  0.000  0.000  0.001        1
139:     0.001  0.906  0.002  0.014  0.005  0.072        1
140:     0.013  0.880  0.009  0.004  0.022  0.073        1
141:     0.005  0.970  0.013  0.005  0.000  0.007        1
142:     0.007  0.866  0.001  0.112  0.001  0.013        1
143:     0.000  0.924  0.006  0.006  0.011  0.053        1
144:     0.004  0.960  0.004  0.004  0.013  0.015        1
145:     0.001  0.980  0.000  0.006  0.012  0.000        1
146:     0.001  0.915  0.013  0.008  0.004  0.060        1
147:     0.009  0.988  0.002  0.000  0.000  0.001        1
148:     0.183  0.152  0.309  0.120  0.064  0.171        1
149:     0.003  0.108  0.225  0.379  0.071  0.216        1
150:     0.326  0.072  0.504  0.026  0.065  0.007        1
151:     0.509  0.038  0.089  0.263  0.086  0.015        1
152:     0.431  0.039  0.368  0.017  0.033  0.111        1
153:     0.120  0.010  0.362  0.398  0.045  0.065        1
154:     0.193  0.033  0.603  0.105  0.057  0.010        1
155:     0.441  0.066  0.185  0.204  0.070  0.035        1
156:     0.280  0.059  0.196  0.329  0.075  0.061        1
157:     0.265  0.048  0.169  0.385  0.075  0.057        1
158:     0.175  0.050  0.312  0.373  0.049  0.040        1
159:     0.277  0.049  0.249  0.367  0.047  0.011        1
160:     0.062  0.018  0.540  0.283  0.054  0.043        1
161:     0.128  0.054  0.430  0.209  0.091  0.089        1
162:     0.427  0.052  0.260  0.150  0.085  0.026        1
163:     0.113  0.061  0.458  0.257  0.084  0.027        1
164:     0.226  0.049  0.460  0.170  0.061  0.034        1
165:     0.228  0.102  0.129  0.361  0.082  0.098        1
166:     0.388  0.036  0.333  0.134  0.076  0.033        1
167:     0.368  0.015  0.401  0.052  0.100  0.065        1
168:     0.240  0.044  0.335  0.303  0.052  0.024        1
169:     0.239  0.097  0.340  0.241  0.044  0.039        1
170:     0.152  0.053  0.187  0.521  0.087  0.000        1
171:     0.095  0.052  0.771  0.001  0.075  0.006        1
172:     0.211  0.049  0.264  0.289  0.086  0.101        1
173:     0.057  0.029  0.473  0.335  0.039  0.066        1
174:     0.171  0.056  0.369  0.267  0.067  0.070        1
175:     0.242  0.031  0.319  0.289  0.059  0.060       50
176:     0.217  0.034  0.332  0.306  0.061  0.049       49
177:     0.213  0.034  0.325  0.315  0.054  0.058       50
178:     0.237  0.033  0.307  0.303  0.056  0.064       49
179:     0.208  0.044  0.359  0.277  0.049  0.063       23
180:     0.255  0.035  0.312  0.288  0.057  0.053       49
181:     0.004  0.001  0.003  0.003  0.004  0.985       30
182:     0.004  0.005  0.011  0.013  0.012  0.955       30
183:     0.240  0.056  0.139  0.408  0.046  0.110       34
184:     0.321  0.028  0.234  0.312  0.054  0.051       36
185:     0.361  0.042  0.204  0.274  0.056  0.064       40
186:     0.408  0.033  0.196  0.258  0.059  0.046       39
187:     0.385  0.040  0.202  0.255  0.055  0.063       37
188:     0.291  0.041  0.216  0.336  0.053  0.062       40
189:     0.310  0.034  0.212  0.323  0.057  0.064       35
190:     0.309  0.036  0.238  0.289  0.060  0.067       28
191:     0.358  0.032  0.177  0.316  0.058  0.059       36
192:     0.308  0.026  0.212  0.335  0.063  0.055       32
--------------------------------------------

