

----------------------------------------------------
STRUCTURE by Pritchard, Stephens and Donnelly (2000)
     and Falush, Stephens and Pritchard (2003)
       Code by Pritchard, Falush and Hubisz
             Version 2.3.4 (Jul 2012)
----------------------------------------------------


Reading file "/workdir/yc2644/CV_CT_array/structure/threader_input/mainparams".
Reading file "/workdir/yc2644/CV_CT_array/structure/threader_input/extraparams".
Reading file "/workdir/yc2644/CV_CT_array/structure/threader_input/n1601.recode.strct_in".


Data file "/workdir/yc2644/CV_CT_array/structure/threader_input/n1601.recode.strct_in" (truncated) --

Ind:   Label Pop : Genotype_data . . . .
  1:  001s    1  :  2   1   2   2   2   1   2  . . . .   2
  1:  001s    1  :  2   2   2   2   2   2   2  . . . .   2
  2:  002s    1  :  2   2   2   2   1   1   2  . . . .   2
  2:  002s    1  :  2   2   2   2   2   2   2  . . . .   2
  3:  003s    1  :  1   2   1   2   2   2   2  . . . .   1
  3:  003s    1  :  2   2   1   2   2   2   2  . . . .   2
  4:  004s    1  :  1   1   2   2   1   2   2  . . . .   1
  4:  004s    1  :  2   1   2   2   2   2   2  . . . .   2

      *******   

1600:    49  192  :  2   2   2   2   2   1   2  . . . .   1
1600:    49  192  :  2   2   2   2   2   2   2  . . . .   2
1601:    50  192  :  2   1   2   2   1   2   2  . . . .   1
1601:    50  192  :  2   2   2   2   2   2   2  . . . .   2

Number of alleles per locus: min= 2; ave=2.0; max= 2


--------------------------------------

Finished initialization; starting MCMC 
100000 iterations + 10000 burnin


--------------------------------------------
Proportion of membership of each pre-defined
 population in each of the 6 clusters

Given    Inferred Clusters                            Number of
 Pop       1      2      3      4      5      6      Individuals

  1:     0.108  0.202  0.182  0.182  0.173  0.153       54
  2:     0.104  0.193  0.168  0.180  0.136  0.219       30
  3:     0.560  0.076  0.097  0.093  0.072  0.101       30
  4:     0.630  0.079  0.078  0.074  0.048  0.091       20
  5:     0.596  0.075  0.090  0.084  0.054  0.101       30
  6:     0.097  0.201  0.175  0.185  0.149  0.193       43
  7:     0.098  0.191  0.184  0.186  0.148  0.193       44
  8:     0.089  0.179  0.141  0.191  0.189  0.210        4
  9:     0.071  0.191  0.160  0.221  0.151  0.205       22
 10:     0.072  0.176  0.171  0.222  0.175  0.185       24
 11:     0.095  0.163  0.182  0.191  0.172  0.197       54
 12:     0.094  0.202  0.204  0.167  0.164  0.169       37
 13:     0.105  0.205  0.175  0.189  0.163  0.163       42
 14:     0.095  0.192  0.206  0.187  0.150  0.171       42
 15:     0.104  0.196  0.178  0.193  0.160  0.169       49
 16:     0.106  0.195  0.187  0.186  0.151  0.175      124
 17:     0.103  0.187  0.168  0.184  0.165  0.194       24
 18:     0.090  0.191  0.199  0.182  0.153  0.185       34
 19:     0.095  0.203  0.164  0.207  0.154  0.178       52
 20:     0.096  0.137  0.153  0.194  0.197  0.222        1
 21:     0.098  0.192  0.413  0.094  0.144  0.060        1
 22:     0.107  0.174  0.096  0.311  0.138  0.174        1
 23:     0.122  0.109  0.136  0.247  0.225  0.162        1
 24:     0.083  0.319  0.113  0.085  0.023  0.377        1
 25:     0.145  0.183  0.078  0.180  0.131  0.282        1
 26:     0.100  0.243  0.163  0.121  0.185  0.188        1
 27:     0.106  0.170  0.165  0.207  0.175  0.177        1
 28:     0.059  0.163  0.167  0.080  0.195  0.337        1
 29:     0.052  0.186  0.165  0.337  0.175  0.084        1
 30:     0.154  0.178  0.177  0.162  0.231  0.098        1
 31:     0.191  0.133  0.129  0.300  0.144  0.102        1
 32:     0.105  0.260  0.253  0.123  0.083  0.177        1
 33:     0.156  0.179  0.203  0.169  0.110  0.183        1
 34:     0.058  0.098  0.390  0.246  0.150  0.059        1
 35:     0.106  0.120  0.143  0.168  0.086  0.377        1
 36:     0.124  0.066  0.274  0.031  0.159  0.346        1
 37:     0.067  0.064  0.037  0.448  0.240  0.144        1
 38:     0.138  0.036  0.054  0.290  0.198  0.282        1
 39:     0.058  0.030  0.423  0.094  0.103  0.291        1
 40:     0.144  0.431  0.042  0.094  0.141  0.148        1
 41:     0.070  0.149  0.276  0.219  0.155  0.130        1
 42:     0.069  0.307  0.204  0.197  0.211  0.012        1
 43:     0.095  0.341  0.206  0.051  0.138  0.168        1
 44:     0.135  0.139  0.116  0.091  0.141  0.377        1
 45:     0.071  0.263  0.255  0.258  0.059  0.094        1
 46:     0.093  0.072  0.076  0.273  0.313  0.172        1
 47:     0.089  0.126  0.253  0.234  0.163  0.135        1
 48:     0.098  0.449  0.111  0.136  0.083  0.123        1
 49:     0.074  0.157  0.275  0.061  0.237  0.196        1
 50:     0.298  0.104  0.090  0.101  0.050  0.358        1
 51:     0.234  0.104  0.063  0.364  0.131  0.104        1
 52:     0.126  0.158  0.145  0.145  0.195  0.230        1
 53:     0.138  0.068  0.228  0.203  0.245  0.117        1
 54:     0.042  0.314  0.020  0.119  0.024  0.482        1
 55:     0.073  0.014  0.096  0.085  0.027  0.705        1
 56:     0.047  0.160  0.084  0.054  0.054  0.600        1
 57:     0.013  0.094  0.239  0.014  0.013  0.628        1
 58:     0.032  0.252  0.015  0.155  0.024  0.522        1
 59:     0.099  0.130  0.135  0.199  0.036  0.401        1
 60:     0.041  0.049  0.150  0.158  0.040  0.562        1
 61:     0.076  0.156  0.207  0.078  0.005  0.478        1
 62:     0.350  0.032  0.176  0.101  0.069  0.272        1
 63:     0.058  0.141  0.043  0.105  0.028  0.626        1
 64:     0.079  0.009  0.223  0.164  0.088  0.437        1
 65:     0.095  0.070  0.056  0.036  0.028  0.716        1
 66:     0.064  0.030  0.030  0.345  0.038  0.493        1
 67:     0.129  0.060  0.105  0.121  0.066  0.519        1
 68:     0.020  0.138  0.136  0.057  0.031  0.618        1
 69:     0.015  0.051  0.144  0.284  0.084  0.423        1
 70:     0.098  0.151  0.106  0.112  0.077  0.457        1
 71:     0.034  0.046  0.001  0.214  0.067  0.638        1
 72:     0.017  0.180  0.060  0.182  0.098  0.463        1
 73:     0.051  0.122  0.086  0.062  0.073  0.607        1
 74:     0.074  0.125  0.269  0.164  0.074  0.294        1
 75:     0.050  0.204  0.037  0.080  0.019  0.608        1
 76:     0.455  0.016  0.317  0.030  0.037  0.144        1
 77:     0.090  0.042  0.014  0.109  0.030  0.715        1
 78:     0.065  0.284  0.029  0.111  0.037  0.474        1
 79:     0.027  0.044  0.153  0.194  0.020  0.562        1
 80:     0.084  0.144  0.071  0.208  0.102  0.391        1
 81:     0.076  0.171  0.008  0.195  0.045  0.507        1
 82:     0.094  0.279  0.098  0.064  0.117  0.348        1
 83:     0.054  0.123  0.156  0.012  0.084  0.572        1
 84:     0.092  0.098  0.009  0.134  0.584  0.082        1
 85:     0.025  0.074  0.028  0.048  0.811  0.014        1
 86:     0.049  0.044  0.091  0.026  0.747  0.043        1
 87:     0.046  0.051  0.042  0.131  0.686  0.045        1
 88:     0.042  0.035  0.060  0.061  0.754  0.048        1
 89:     0.043  0.089  0.022  0.047  0.723  0.075        1
 90:     0.086  0.081  0.050  0.088  0.641  0.054        1
 91:     0.062  0.069  0.095  0.049  0.711  0.014        1
 92:     0.062  0.053  0.009  0.087  0.715  0.074        1
 93:     0.151  0.041  0.102  0.068  0.632  0.007        1
 94:     0.013  0.173  0.005  0.058  0.713  0.039        1
 95:     0.055  0.016  0.031  0.096  0.750  0.053        1
 96:     0.018  0.206  0.047  0.139  0.568  0.021        1
 97:     0.066  0.082  0.047  0.204  0.557  0.043        1
 98:     0.068  0.154  0.050  0.028  0.661  0.040        1
 99:     0.030  0.070  0.246  0.102  0.522  0.029        1
100:     0.087  0.079  0.056  0.005  0.709  0.065        1
101:     0.064  0.150  0.148  0.094  0.461  0.083        1
102:     0.044  0.124  0.189  0.047  0.527  0.068        1
103:     0.025  0.034  0.191  0.046  0.648  0.056        1
104:     0.101  0.250  0.090  0.067  0.381  0.110        1
105:     0.124  0.046  0.071  0.095  0.658  0.006        1
106:     0.031  0.133  0.026  0.185  0.585  0.040        1
107:     0.079  0.192  0.093  0.090  0.536  0.011        1
108:     0.092  0.049  0.020  0.214  0.559  0.066        1
109:     0.047  0.019  0.015  0.058  0.631  0.230        1
110:     0.049  0.016  0.037  0.041  0.735  0.121        1
111:     0.088  0.044  0.058  0.055  0.740  0.015        1
112:     0.055  0.054  0.089  0.043  0.713  0.046        1
113:     0.044  0.140  0.053  0.025  0.689  0.050        1
114:     0.065  0.111  0.302  0.044  0.443  0.035        1
115:     0.065  0.051  0.092  0.077  0.698  0.017        1
116:     0.083  0.056  0.029  0.077  0.675  0.080        1
117:     0.011  0.029  0.125  0.094  0.738  0.002        1
118:     0.037  0.045  0.018  0.120  0.765  0.015        1
119:     0.045  0.092  0.041  0.228  0.561  0.033        1
120:     0.044  0.160  0.110  0.025  0.567  0.094        1
121:     0.047  0.171  0.152  0.049  0.530  0.051        1
122:     0.036  0.057  0.068  0.070  0.716  0.053        1
123:     0.061  0.198  0.038  0.030  0.587  0.086        1
124:     0.105  0.083  0.018  0.068  0.698  0.029        1
125:     0.080  0.069  0.075  0.060  0.577  0.138        1
126:     0.071  0.146  0.098  0.071  0.570  0.044        1
127:     0.049  0.110  0.045  0.050  0.604  0.142        1
128:     0.057  0.101  0.032  0.122  0.676  0.011        1
129:     0.041  0.129  0.005  0.067  0.673  0.085        1
130:     0.096  0.006  0.195  0.032  0.652  0.020        1
131:     0.057  0.074  0.038  0.029  0.742  0.059        1
132:     0.107  0.139  0.067  0.089  0.478  0.120        1
133:     0.064  0.027  0.065  0.160  0.669  0.014        1
134:     0.052  0.275  0.321  0.034  0.314  0.004        1
135:     0.045  0.066  0.047  0.053  0.780  0.008        1
136:     0.026  0.152  0.115  0.063  0.616  0.028        1
137:     0.036  0.085  0.013  0.004  0.840  0.021        1
138:     0.064  0.057  0.163  0.011  0.601  0.103        1
139:     0.101  0.092  0.029  0.176  0.595  0.007        1
140:     0.122  0.158  0.078  0.065  0.553  0.025        1
141:     0.045  0.312  0.005  0.087  0.537  0.014        1
142:     0.005  0.096  0.247  0.005  0.560  0.088        1
143:     0.132  0.073  0.122  0.087  0.502  0.084        1
144:     0.085  0.031  0.037  0.119  0.700  0.028        1
145:     0.082  0.178  0.095  0.031  0.605  0.010        1
146:     0.063  0.046  0.080  0.114  0.657  0.040        1
147:     0.052  0.070  0.035  0.008  0.826  0.011        1
148:     0.162  0.165  0.170  0.086  0.223  0.195        1
149:     0.203  0.160  0.141  0.079  0.222  0.195        1
150:     0.113  0.182  0.119  0.094  0.145  0.347        1
151:     0.073  0.146  0.380  0.160  0.071  0.170        1
152:     0.118  0.098  0.253  0.300  0.184  0.048        1
153:     0.111  0.234  0.182  0.228  0.119  0.127        1
154:     0.094  0.228  0.139  0.199  0.183  0.157        1
155:     0.084  0.343  0.203  0.077  0.109  0.184        1
156:     0.079  0.218  0.139  0.385  0.028  0.151        1
157:     0.122  0.135  0.193  0.203  0.107  0.240        1
158:     0.043  0.220  0.261  0.037  0.113  0.326        1
159:     0.040  0.262  0.188  0.347  0.050  0.113        1
160:     0.082  0.311  0.181  0.204  0.123  0.099        1
161:     0.131  0.200  0.156  0.300  0.154  0.059        1
162:     0.105  0.156  0.096  0.091  0.197  0.356        1
163:     0.110  0.130  0.078  0.102  0.223  0.357        1
164:     0.121  0.171  0.177  0.157  0.134  0.241        1
165:     0.118  0.161  0.234  0.162  0.193  0.131        1
166:     0.087  0.185  0.506  0.049  0.032  0.140        1
167:     0.121  0.183  0.189  0.095  0.219  0.193        1
168:     0.064  0.291  0.267  0.122  0.115  0.142        1
169:     0.057  0.249  0.230  0.139  0.270  0.056        1
170:     0.063  0.174  0.255  0.186  0.094  0.227        1
171:     0.110  0.336  0.159  0.018  0.158  0.219        1
172:     0.117  0.181  0.196  0.130  0.151  0.226        1
173:     0.075  0.387  0.123  0.182  0.131  0.101        1
174:     0.107  0.348  0.245  0.070  0.206  0.025        1
175:     0.097  0.191  0.181  0.193  0.159  0.179       50
176:     0.093  0.195  0.189  0.190  0.140  0.194       49
177:     0.097  0.193  0.190  0.183  0.158  0.179       50
178:     0.105  0.181  0.177  0.171  0.160  0.206       49
179:     0.101  0.170  0.203  0.197  0.158  0.172       23
180:     0.094  0.166  0.201  0.206  0.142  0.191       49
181:     0.813  0.032  0.061  0.039  0.023  0.032       30
182:     0.759  0.041  0.037  0.069  0.029  0.065       30
183:     0.143  0.186  0.169  0.200  0.144  0.157       34
184:     0.097  0.172  0.203  0.197  0.137  0.194       36
185:     0.102  0.190  0.191  0.174  0.151  0.191       40
186:     0.091  0.191  0.188  0.169  0.149  0.212       39
187:     0.098  0.194  0.182  0.207  0.148  0.170       37
188:     0.109  0.166  0.167  0.213  0.168  0.177       40
189:     0.096  0.197  0.203  0.172  0.138  0.194       35
190:     0.103  0.187  0.189  0.204  0.146  0.170       28
191:     0.101  0.178  0.185  0.178  0.164  0.193       36
192:     0.095  0.202  0.152  0.210  0.153  0.187       32
--------------------------------------------

 Rep#:   Lambda   Alpha      F1    F2    F3    F4    F5    F6     D1,2  D1,3  D1,4  D1,5  D1,6  D2,3  D2,4  D2,5  D2,6  D3,4  D3,5  D3,6  D4,5  D4,6  D5,6    Ln Like 
  100:    1.00    1.778    0.266 0.010 0.010 0.009 0.073 0.009    0.041 0.041 0.041 0.050 0.041 0.003 0.003 0.017 0.003 0.003 0.017 0.004 0.017 0.003 0.018   --  
  200:    1.00    1.318    0.213 0.010 0.010 0.009 0.188 0.205    0.034 0.034 0.034 0.049 0.051 0.003 0.003 0.036 0.036 0.003 0.036 0.036 0.036 0.036 0.053   --  
  300:    1.00    1.147    0.192 0.010 0.010 0.009 0.187 0.270    0.031 0.031 0.031 0.047 0.055 0.003 0.003 0.035 0.046 0.003 0.035 0.046 0.035 0.046 0.058   --  
  400:    1.00    1.064    0.186 0.010 0.010 0.009 0.176 0.275    0.029 0.030 0.029 0.045 0.056 0.003 0.003 0.033 0.046 0.003 0.033 0.046 0.033 0.046 0.058   --  
  500:    1.00    0.970    0.179 0.010 0.010 0.009 0.172 0.273    0.028 0.028 0.028 0.045 0.056 0.003 0.003 0.032 0.046 0.003 0.033 0.046 0.032 0.046 0.058   --  
  600:    1.00    0.944    0.179 0.010 0.010 0.009 0.170 0.271    0.027 0.027 0.028 0.045 0.055 0.003 0.003 0.032 0.045 0.003 0.032 0.045 0.032 0.045 0.059   --  
  700:    1.00    0.901    0.174 0.010 0.010 0.009 0.170 0.265    0.027 0.027 0.027 0.045 0.056 0.003 0.003 0.031 0.045 0.003 0.032 0.045 0.031 0.045 0.059   --  
  800:    1.00    0.887    0.175 0.010 0.010 0.009 0.164 0.262    0.027 0.027 0.027 0.044 0.055 0.003 0.003 0.031 0.044 0.003 0.031 0.044 0.031 0.044 0.058   --  
  900:    1.00    0.845    0.170 0.010 0.010 0.009 0.164 0.265    0.026 0.026 0.026 0.044 0.055 0.003 0.003 0.030 0.043 0.003 0.030 0.044 0.030 0.043 0.058   --  

--------------------------------------------
Proportion of membership of each pre-defined
 population in each of the 6 clusters

Given    Inferred Clusters                            Number of
 Pop       1      2      3      4      5      6      Individuals

  1:     0.084  0.242  0.295  0.214  0.072  0.092       54
  2:     0.076  0.286  0.236  0.236  0.070  0.096       30
  3:     0.700  0.033  0.043  0.094  0.065  0.066       30
  4:     0.831  0.012  0.020  0.016  0.076  0.045       20
  5:     0.762  0.033  0.041  0.028  0.091  0.046       30
  6:     0.076  0.285  0.235  0.244  0.074  0.086       43
  7:     0.068  0.239  0.295  0.243  0.069  0.086       44
  8:     0.047  0.254  0.247  0.275  0.075  0.101        4
  9:     0.029  0.266  0.246  0.297  0.072  0.091       22
 10:     0.033  0.225  0.295  0.285  0.073  0.090       24
 11:     0.072  0.222  0.269  0.280  0.070  0.088       54
 12:     0.069  0.243  0.296  0.239  0.063  0.091       37
 13:     0.080  0.285  0.267  0.211  0.073  0.085       42
 14:     0.071  0.224  0.304  0.245  0.068  0.088       42
 15:     0.077  0.256  0.259  0.247  0.070  0.091       49
 16:     0.077  0.270  0.258  0.233  0.073  0.087      124
 17:     0.073  0.233  0.286  0.250  0.071  0.088       24
 18:     0.057  0.226  0.293  0.255  0.075  0.094       34
 19:     0.073  0.263  0.240  0.267  0.068  0.089       52
 20:     0.057  0.135  0.376  0.273  0.074  0.086        1
 21:     0.047  0.108  0.504  0.113  0.105  0.123        1
 22:     0.087  0.136  0.401  0.188  0.066  0.122        1
 23:     0.131  0.157  0.103  0.424  0.104  0.081        1
 24:     0.066  0.685  0.024  0.040  0.078  0.108        1
 25:     0.121  0.467  0.123  0.140  0.100  0.049        1
 26:     0.058  0.316  0.043  0.358  0.103  0.122        1
 27:     0.092  0.250  0.245  0.221  0.084  0.109        1
 28:     0.053  0.394  0.106  0.254  0.066  0.127        1
 29:     0.010  0.350  0.258  0.189  0.099  0.094        1
 30:     0.139  0.255  0.410  0.032  0.084  0.079        1
 31:     0.195  0.269  0.226  0.133  0.080  0.097        1
 32:     0.053  0.495  0.041  0.261  0.069  0.081        1
 33:     0.094  0.134  0.417  0.149  0.081  0.125        1
 34:     0.019  0.155  0.422  0.192  0.082  0.129        1
 35:     0.027  0.096  0.332  0.381  0.094  0.069        1
 36:     0.103  0.124  0.433  0.118  0.111  0.111        1
 37:     0.053  0.188  0.064  0.526  0.097  0.072        1
 38:     0.107  0.191  0.062  0.466  0.122  0.052        1
 39:     0.020  0.038  0.471  0.204  0.124  0.142        1
 40:     0.094  0.483  0.090  0.070  0.123  0.141        1
 41:     0.003  0.403  0.307  0.078  0.112  0.096        1
 42:     0.081  0.368  0.239  0.146  0.078  0.087        1
 43:     0.070  0.221  0.520  0.037  0.067  0.085        1
 44:     0.143  0.095  0.170  0.465  0.037  0.089        1
 45:     0.015  0.383  0.186  0.203  0.094  0.119        1
 46:     0.097  0.015  0.324  0.374  0.130  0.060        1
 47:     0.057  0.598  0.019  0.168  0.082  0.076        1
 48:     0.057  0.502  0.110  0.177  0.089  0.065        1
 49:     0.025  0.250  0.213  0.347  0.076  0.089        1
 50:     0.321  0.208  0.198  0.080  0.113  0.080        1
 51:     0.214  0.122  0.035  0.478  0.091  0.060        1
 52:     0.114  0.159  0.368  0.185  0.090  0.083        1
 53:     0.067  0.050  0.566  0.141  0.081  0.095        1
 54:     0.003  0.001  0.005  0.001  0.002  0.988        1
 55:     0.011  0.002  0.001  0.000  0.003  0.982        1
 56:     0.017  0.053  0.031  0.045  0.022  0.832        1
 57:     0.002  0.025  0.004  0.012  0.006  0.951        1
 58:     0.001  0.028  0.023  0.014  0.013  0.920        1
 59:     0.040  0.003  0.007  0.096  0.009  0.846        1
 60:     0.003  0.006  0.002  0.002  0.001  0.987        1
 61:     0.005  0.000  0.000  0.002  0.000  0.992        1
 62:     0.428  0.040  0.426  0.023  0.061  0.022        1
 63:     0.015  0.001  0.013  0.001  0.037  0.933        1
 64:     0.000  0.001  0.001  0.000  0.004  0.993        1
 65:     0.000  0.002  0.000  0.001  0.000  0.996        1
 66:     0.016  0.007  0.006  0.002  0.011  0.958        1
 67:     0.044  0.054  0.096  0.038  0.133  0.636        1
 68:     0.020  0.033  0.004  0.009  0.023  0.912        1
 69:     0.010  0.001  0.001  0.011  0.009  0.968        1
 70:     0.064  0.034  0.043  0.018  0.043  0.797        1
 71:     0.002  0.004  0.000  0.002  0.001  0.991        1
 72:     0.004  0.000  0.000  0.000  0.002  0.993        1
 73:     0.001  0.003  0.001  0.000  0.000  0.995        1
 74:     0.064  0.057  0.059  0.022  0.016  0.781        1
 75:     0.000  0.000  0.001  0.001  0.000  0.997        1
 76:     0.529  0.011  0.270  0.013  0.157  0.019        1
 77:     0.002  0.001  0.002  0.001  0.001  0.994        1
 78:     0.076  0.041  0.074  0.003  0.008  0.798        1
 79:     0.000  0.000  0.001  0.000  0.001  0.998        1
 80:     0.004  0.018  0.011  0.000  0.004  0.962        1
 81:     0.001  0.000  0.000  0.001  0.002  0.994        1
 82:     0.076  0.203  0.002  0.014  0.178  0.527        1
 83:     0.001  0.001  0.003  0.001  0.002  0.993        1
 84:     0.056  0.004  0.008  0.001  0.930  0.002        1
 85:     0.046  0.005  0.000  0.002  0.943  0.004        1
 86:     0.011  0.032  0.001  0.081  0.850  0.024        1
 87:     0.001  0.001  0.022  0.018  0.957  0.001        1
 88:     0.003  0.009  0.002  0.005  0.976  0.005        1
 89:     0.022  0.010  0.003  0.000  0.944  0.020        1
 90:     0.006  0.002  0.007  0.001  0.980  0.005        1
 91:     0.001  0.002  0.021  0.006  0.969  0.002        1
 92:     0.049  0.056  0.030  0.016  0.832  0.017        1
 93:     0.095  0.000  0.000  0.002  0.901  0.002        1
 94:     0.009  0.038  0.020  0.021  0.908  0.003        1
 95:     0.045  0.023  0.038  0.015  0.878  0.002        1
 96:     0.000  0.000  0.004  0.007  0.984  0.004        1
 97:     0.020  0.000  0.015  0.001  0.945  0.019        1
 98:     0.014  0.029  0.003  0.004  0.935  0.015        1
 99:     0.003  0.000  0.002  0.001  0.993  0.002        1
100:     0.007  0.001  0.000  0.002  0.989  0.001        1
101:     0.041  0.115  0.023  0.026  0.763  0.032        1
102:     0.025  0.009  0.105  0.028  0.787  0.046        1
103:     0.004  0.003  0.001  0.004  0.984  0.003        1
104:     0.003  0.039  0.015  0.000  0.931  0.012        1
105:     0.056  0.017  0.005  0.004  0.893  0.025        1
106:     0.004  0.075  0.060  0.019  0.794  0.048        1
107:     0.001  0.013  0.013  0.023  0.946  0.005        1
108:     0.053  0.003  0.001  0.086  0.841  0.017        1
109:     0.085  0.000  0.001  0.114  0.764  0.035        1
110:     0.006  0.018  0.125  0.035  0.749  0.067        1
111:     0.014  0.004  0.003  0.012  0.963  0.004        1
112:     0.003  0.004  0.004  0.004  0.978  0.007        1
113:     0.047  0.009  0.006  0.003  0.929  0.006        1
114:     0.001  0.003  0.001  0.017  0.964  0.015        1
115:     0.010  0.004  0.005  0.059  0.922  0.000        1
116:     0.011  0.001  0.001  0.000  0.984  0.003        1
117:     0.044  0.027  0.009  0.002  0.914  0.004        1
118:     0.010  0.001  0.002  0.005  0.975  0.006        1
119:     0.026  0.028  0.018  0.063  0.839  0.026        1
120:     0.008  0.033  0.015  0.010  0.899  0.035        1
121:     0.010  0.004  0.009  0.041  0.934  0.001        1
122:     0.002  0.009  0.026  0.008  0.928  0.028        1
123:     0.003  0.004  0.004  0.009  0.980  0.000        1
124:     0.087  0.001  0.037  0.025  0.832  0.019        1
125:     0.005  0.001  0.003  0.002  0.986  0.003        1
126:     0.028  0.058  0.030  0.008  0.840  0.035        1
127:     0.049  0.006  0.013  0.002  0.915  0.016        1
128:     0.005  0.001  0.018  0.003  0.944  0.029        1
129:     0.001  0.001  0.001  0.000  0.996  0.002        1
130:     0.063  0.012  0.011  0.004  0.892  0.018        1
131:     0.003  0.001  0.002  0.000  0.991  0.002        1
132:     0.083  0.044  0.042  0.010  0.819  0.003        1
133:     0.109  0.007  0.012  0.000  0.860  0.012        1
134:     0.010  0.029  0.040  0.028  0.854  0.039        1
135:     0.033  0.068  0.032  0.041  0.801  0.025        1
136:     0.001  0.005  0.001  0.001  0.990  0.001        1
137:     0.001  0.000  0.007  0.009  0.958  0.025        1
138:     0.001  0.003  0.000  0.000  0.976  0.020        1
139:     0.067  0.003  0.011  0.001  0.903  0.015        1
140:     0.073  0.005  0.010  0.010  0.892  0.010        1
141:     0.009  0.001  0.010  0.002  0.976  0.002        1
142:     0.031  0.067  0.017  0.020  0.850  0.015        1
143:     0.077  0.000  0.011  0.005  0.901  0.005        1
144:     0.009  0.018  0.007  0.005  0.961  0.000        1
145:     0.008  0.005  0.022  0.011  0.949  0.005        1
146:     0.045  0.005  0.001  0.000  0.943  0.006        1
147:     0.021  0.003  0.002  0.006  0.951  0.017        1
148:     0.141  0.240  0.208  0.130  0.152  0.129        1
149:     0.165  0.289  0.226  0.098  0.136  0.085        1
150:     0.033  0.211  0.384  0.147  0.139  0.086        1
151:     0.017  0.142  0.293  0.348  0.068  0.132        1
152:     0.104  0.137  0.347  0.222  0.081  0.109        1
153:     0.054  0.112  0.120  0.552  0.071  0.090        1
154:     0.049  0.431  0.296  0.044  0.071  0.109        1
155:     0.025  0.365  0.170  0.230  0.099  0.109        1
156:     0.099  0.113  0.301  0.311  0.070  0.106        1
157:     0.015  0.127  0.396  0.288  0.096  0.079        1
158:     0.103  0.166  0.139  0.427  0.081  0.084        1
159:     0.032  0.178  0.200  0.401  0.095  0.094        1
160:     0.056  0.243  0.400  0.155  0.075  0.071        1
161:     0.133  0.230  0.126  0.272  0.124  0.115        1
162:     0.038  0.125  0.171  0.468  0.064  0.134        1
163:     0.084  0.199  0.285  0.243  0.072  0.117        1
164:     0.085  0.286  0.138  0.321  0.072  0.098        1
165:     0.130  0.295  0.222  0.153  0.107  0.093        1
166:     0.072  0.344  0.415  0.060  0.043  0.066        1
167:     0.087  0.324  0.301  0.091  0.088  0.109        1
168:     0.043  0.177  0.294  0.340  0.057  0.089        1
169:     0.063  0.323  0.144  0.303  0.091  0.077        1
170:     0.014  0.225  0.260  0.274  0.115  0.112        1
171:     0.072  0.330  0.306  0.111  0.114  0.067        1
172:     0.088  0.340  0.127  0.256  0.070  0.119        1
173:     0.045  0.230  0.526  0.028  0.095  0.075        1
174:     0.078  0.120  0.346  0.306  0.050  0.099        1
175:     0.076  0.253  0.238  0.275  0.072  0.086       50
176:     0.071  0.257  0.271  0.246  0.066  0.090       49
177:     0.070  0.248  0.284  0.244  0.067  0.086       50
178:     0.075  0.224  0.292  0.249  0.076  0.084       49
179:     0.075  0.238  0.315  0.213  0.070  0.090       23
180:     0.067  0.244  0.274  0.261  0.066  0.088       49
181:     0.981  0.004  0.003  0.003  0.003  0.007       30
182:     0.952  0.008  0.006  0.011  0.010  0.013       30
183:     0.125  0.293  0.143  0.276  0.086  0.078       34
184:     0.071  0.223  0.222  0.337  0.065  0.081       36
185:     0.080  0.246  0.174  0.340  0.075  0.084       40
186:     0.061  0.310  0.199  0.273  0.067  0.090       39
187:     0.081  0.281  0.224  0.258  0.068  0.088       37
188:     0.077  0.217  0.216  0.329  0.075  0.085       40
189:     0.084  0.261  0.231  0.270  0.067  0.087       35
190:     0.091  0.289  0.235  0.231  0.067  0.088       28
191:     0.071  0.268  0.195  0.314  0.067  0.085       36
192:     0.068  0.245  0.208  0.321  0.070  0.088       32
--------------------------------------------

 Rep#:   Lambda   Alpha      F1    F2    F3    F4    F5    F6     D1,2  D1,3  D1,4  D1,5  D1,6  D2,3  D2,4  D2,5  D2,6  D3,4  D3,5  D3,6  D4,5  D4,6  D5,6    Ln Like 
 1000:    1.00    0.791    0.166 0.010 0.010 0.009 0.161 0.259    0.026 0.026 0.025 0.044 0.056 0.003 0.003 0.030 0.044 0.003 0.030 0.044 0.030 0.044 0.058   --  
 1100:    1.00    0.755    0.167 0.009 0.010 0.009 0.161 0.262    0.025 0.025 0.025 0.044 0.055 0.003 0.003 0.029 0.043 0.003 0.029 0.043 0.029 0.043 0.059   --  
 1200:    1.00    0.718    0.161 0.009 0.011 0.009 0.161 0.260    0.025 0.025 0.025 0.044 0.055 0.003 0.003 0.029 0.043 0.003 0.029 0.042 0.029 0.043 0.058   --  
 1300:    1.00    0.694    0.167 0.009 0.011 0.009 0.159 0.256    0.025 0.026 0.025 0.044 0.055 0.003 0.003 0.029 0.042 0.003 0.029 0.042 0.029 0.042 0.058   --  
 1400:    1.00    0.667    0.165 0.009 0.011 0.009 0.157 0.256    0.025 0.025 0.025 0.044 0.055 0.003 0.003 0.029 0.042 0.003 0.029 0.042 0.029 0.042 0.059   --  
 1500:    1.00    0.649    0.160 0.009 0.011 0.009 0.155 0.255    0.025 0.025 0.025 0.043 0.054 0.003 0.003 0.028 0.041 0.003 0.028 0.042 0.028 0.041 0.058   --  
 1600:    1.00    0.618    0.162 0.009 0.011 0.009 0.154 0.257    0.025 0.025 0.025 0.043 0.055 0.003 0.003 0.028 0.042 0.003 0.028 0.042 0.028 0.042 0.058   --  
 1700:    1.00    0.599    0.157 0.009 0.011 0.009 0.154 0.252    0.024 0.024 0.024 0.043 0.055 0.003 0.003 0.028 0.041 0.003 0.028 0.041 0.028 0.041 0.058   --  
 1800:    1.00    0.595    0.159 0.009 0.011 0.009 0.150 0.252    0.024 0.024 0.024 0.043 0.054 0.003 0.003 0.027 0.040 0.003 0.028 0.041 0.027 0.040 0.057   --  
 1900:    1.00    0.560    0.159 0.009 0.011 0.009 0.156 0.251    0.024 0.024 0.024 0.043 0.054 0.003 0.003 0.028 0.041 0.003 0.028 0.041 0.028 0.040 0.058   --  

--------------------------------------------
Proportion of membership of each pre-defined
 population in each of the 6 clusters

Given    Inferred Clusters                            Number of
 Pop       1      2      3      4      5      6      Individuals

  1:     0.065  0.237  0.345  0.256  0.042  0.055       54
  2:     0.054  0.339  0.259  0.249  0.039  0.060       30
  3:     0.701  0.029  0.019  0.143  0.057  0.051       30
  4:     0.819  0.016  0.069  0.003  0.070  0.023       20
  5:     0.767  0.039  0.062  0.023  0.081  0.027       30
  6:     0.052  0.325  0.243  0.285  0.045  0.048       43
  7:     0.053  0.258  0.374  0.227  0.041  0.047       44
  8:     0.030  0.332  0.265  0.275  0.043  0.055        4
  9:     0.020  0.341  0.233  0.317  0.036  0.054       22
 10:     0.019  0.257  0.259  0.369  0.037  0.059       24
 11:     0.052  0.253  0.321  0.279  0.043  0.052       54
 12:     0.047  0.267  0.295  0.295  0.041  0.055       37
 13:     0.058  0.268  0.308  0.269  0.046  0.051       42
 14:     0.045  0.245  0.361  0.257  0.038  0.053       42
 15:     0.054  0.285  0.264  0.299  0.043  0.054       49
 16:     0.061  0.295  0.299  0.249  0.044  0.053      124
 17:     0.060  0.264  0.302  0.274  0.041  0.059       24
 18:     0.039  0.239  0.372  0.248  0.045  0.057       34
 19:     0.054  0.289  0.278  0.282  0.045  0.052       52
 20:     0.059  0.146  0.453  0.207  0.050  0.084        1
 21:     0.039  0.109  0.560  0.089  0.113  0.091        1
 22:     0.033  0.084  0.367  0.387  0.067  0.062        1
 23:     0.090  0.299  0.123  0.327  0.101  0.059        1
 24:     0.023  0.681  0.004  0.170  0.051  0.070        1
 25:     0.124  0.559  0.075  0.148  0.083  0.010        1
 26:     0.050  0.447  0.225  0.126  0.066  0.085        1
 27:     0.088  0.370  0.268  0.164  0.046  0.064        1
 28:     0.020  0.550  0.118  0.181  0.043  0.088        1
 29:     0.000  0.378  0.397  0.106  0.063  0.055        1
 30:     0.092  0.063  0.645  0.060  0.072  0.068        1
 31:     0.205  0.400  0.018  0.319  0.051  0.006        1
 32:     0.002  0.660  0.044  0.183  0.084  0.027        1
 33:     0.134  0.085  0.614  0.067  0.022  0.078        1
 34:     0.009  0.110  0.447  0.282  0.051  0.101        1
 35:     0.098  0.046  0.355  0.376  0.068  0.057        1
 36:     0.074  0.270  0.443  0.099  0.057  0.057        1
 37:     0.022  0.171  0.348  0.358  0.087  0.013        1
 38:     0.056  0.125  0.138  0.499  0.123  0.058        1
 39:     0.034  0.318  0.333  0.176  0.057  0.082        1
 40:     0.048  0.481  0.102  0.248  0.053  0.068        1
 41:     0.032  0.345  0.396  0.114  0.055  0.058        1
 42:     0.040  0.457  0.209  0.188  0.057  0.049        1
 43:     0.030  0.001  0.807  0.035  0.062  0.065        1
 44:     0.119  0.168  0.177  0.434  0.012  0.091        1
 45:     0.001  0.592  0.140  0.112  0.055  0.100        1
 46:     0.083  0.017  0.367  0.388  0.088  0.057        1
 47:     0.062  0.787  0.002  0.069  0.038  0.042        1
 48:     0.001  0.859  0.004  0.059  0.018  0.059        1
 49:     0.002  0.279  0.102  0.506  0.024  0.087        1
 50:     0.306  0.094  0.185  0.298  0.066  0.051        1
 51:     0.198  0.110  0.026  0.549  0.066  0.052        1
 52:     0.052  0.140  0.216  0.439  0.086  0.066        1
 53:     0.092  0.090  0.646  0.004  0.100  0.069        1
 54:     0.002  0.005  0.000  0.002  0.006  0.986        1
 55:     0.001  0.000  0.002  0.003  0.005  0.989        1
 56:     0.000  0.035  0.000  0.125  0.023  0.817        1
 57:     0.006  0.032  0.009  0.021  0.000  0.933        1
 58:     0.003  0.047  0.002  0.030  0.009  0.909        1
 59:     0.031  0.055  0.009  0.032  0.016  0.856        1
 60:     0.000  0.001  0.000  0.001  0.001  0.998        1
 61:     0.001  0.001  0.000  0.000  0.001  0.996        1
 62:     0.395  0.006  0.562  0.001  0.036  0.000        1
 63:     0.013  0.016  0.013  0.002  0.013  0.942        1
 64:     0.000  0.001  0.000  0.001  0.000  0.998        1
 65:     0.006  0.001  0.000  0.000  0.000  0.993        1
 66:     0.016  0.006  0.018  0.013  0.004  0.942        1
 67:     0.066  0.081  0.100  0.033  0.096  0.623        1
 68:     0.016  0.024  0.007  0.002  0.023  0.929        1
 69:     0.004  0.003  0.000  0.003  0.015  0.975        1
 70:     0.036  0.065  0.000  0.069  0.018  0.812        1
 71:     0.002  0.000  0.000  0.010  0.000  0.988        1
 72:     0.000  0.000  0.000  0.001  0.000  0.998        1
 73:     0.000  0.001  0.000  0.000  0.000  0.999        1
 74:     0.041  0.151  0.016  0.014  0.000  0.778        1
 75:     0.000  0.001  0.000  0.000  0.003  0.996        1
 76:     0.540  0.007  0.351  0.003  0.098  0.002        1
 77:     0.000  0.001  0.000  0.001  0.001  0.997        1
 78:     0.060  0.130  0.000  0.001  0.019  0.790        1
 79:     0.000  0.000  0.001  0.000  0.003  0.996        1
 80:     0.005  0.020  0.001  0.007  0.003  0.965        1
 81:     0.000  0.001  0.001  0.001  0.000  0.998        1
 82:     0.072  0.237  0.022  0.003  0.158  0.507        1
 83:     0.003  0.000  0.001  0.002  0.000  0.993        1
 84:     0.019  0.006  0.006  0.001  0.947  0.021        1
 85:     0.047  0.006  0.008  0.003  0.926  0.009        1
 86:     0.004  0.007  0.001  0.082  0.868  0.039        1
 87:     0.005  0.007  0.016  0.010  0.961  0.001        1
 88:     0.000  0.004  0.000  0.006  0.985  0.004        1
 89:     0.004  0.006  0.019  0.007  0.964  0.000        1
 90:     0.004  0.000  0.004  0.000  0.991  0.002        1
 91:     0.000  0.002  0.021  0.010  0.964  0.003        1
 92:     0.009  0.044  0.037  0.063  0.835  0.013        1
 93:     0.070  0.000  0.004  0.000  0.925  0.001        1
 94:     0.032  0.001  0.016  0.012  0.939  0.000        1
 95:     0.028  0.001  0.046  0.029  0.892  0.004        1
 96:     0.000  0.005  0.000  0.006  0.987  0.002        1
 97:     0.016  0.004  0.001  0.000  0.965  0.013        1
 98:     0.004  0.011  0.004  0.002  0.952  0.028        1
 99:     0.003  0.002  0.000  0.000  0.995  0.000        1
100:     0.011  0.001  0.002  0.000  0.976  0.011        1
101:     0.001  0.090  0.151  0.001  0.757  0.000        1
102:     0.014  0.072  0.116  0.017  0.766  0.015        1
103:     0.008  0.004  0.000  0.023  0.965  0.000        1
104:     0.015  0.002  0.006  0.008  0.952  0.017        1
105:     0.053  0.000  0.001  0.010  0.918  0.018        1
106:     0.002  0.007  0.041  0.082  0.825  0.043        1
107:     0.022  0.007  0.002  0.000  0.968  0.000        1
108:     0.013  0.011  0.046  0.089  0.840  0.000        1
109:     0.081  0.002  0.001  0.167  0.723  0.027        1
110:     0.000  0.009  0.164  0.017  0.769  0.041        1
111:     0.022  0.014  0.000  0.006  0.959  0.000        1
112:     0.002  0.001  0.006  0.000  0.990  0.002        1
113:     0.024  0.010  0.013  0.016  0.936  0.000        1
114:     0.000  0.001  0.004  0.000  0.990  0.005        1
115:     0.004  0.006  0.044  0.016  0.929  0.000        1
116:     0.003  0.000  0.000  0.004  0.988  0.006        1
117:     0.061  0.009  0.000  0.000  0.929  0.000        1
118:     0.021  0.001  0.008  0.000  0.960  0.009        1
119:     0.024  0.003  0.002  0.109  0.836  0.026        1
120:     0.012  0.005  0.018  0.000  0.945  0.020        1
121:     0.000  0.008  0.001  0.029  0.962  0.000        1
122:     0.003  0.040  0.016  0.004  0.937  0.000        1
123:     0.002  0.003  0.002  0.001  0.992  0.000        1
124:     0.079  0.003  0.002  0.077  0.826  0.013        1
125:     0.004  0.005  0.000  0.000  0.981  0.010        1
126:     0.004  0.042  0.061  0.003  0.861  0.029        1
127:     0.000  0.068  0.000  0.017  0.894  0.021        1
128:     0.001  0.016  0.009  0.013  0.953  0.008        1
129:     0.000  0.000  0.001  0.000  0.998  0.000        1
130:     0.045  0.019  0.005  0.004  0.918  0.009        1
131:     0.000  0.001  0.000  0.001  0.998  0.001        1
132:     0.097  0.002  0.047  0.025  0.827  0.001        1
133:     0.097  0.003  0.011  0.009  0.869  0.011        1
134:     0.001  0.005  0.061  0.035  0.858  0.040        1
135:     0.064  0.030  0.007  0.103  0.787  0.009        1
136:     0.005  0.001  0.001  0.001  0.993  0.000        1
137:     0.005  0.008  0.002  0.010  0.957  0.019        1
138:     0.000  0.000  0.001  0.001  0.998  0.000        1
139:     0.088  0.007  0.001  0.001  0.896  0.006        1
140:     0.074  0.007  0.011  0.000  0.886  0.021        1
141:     0.000  0.000  0.001  0.017  0.979  0.003        1
142:     0.017  0.002  0.101  0.012  0.867  0.001        1
143:     0.029  0.003  0.010  0.017  0.938  0.004        1
144:     0.000  0.003  0.027  0.010  0.959  0.000        1
145:     0.001  0.001  0.006  0.012  0.977  0.004        1
146:     0.007  0.000  0.003  0.033  0.942  0.015        1
147:     0.015  0.003  0.002  0.002  0.978  0.001        1
148:     0.111  0.136  0.317  0.236  0.116  0.084        1
149:     0.200  0.301  0.109  0.239  0.119  0.032        1
150:     0.013  0.128  0.647  0.118  0.035  0.059        1
151:     0.003  0.232  0.292  0.392  0.031  0.051        1
152:     0.100  0.288  0.369  0.172  0.012  0.061        1
153:     0.066  0.051  0.257  0.582  0.032  0.011        1
154:     0.050  0.302  0.517  0.041  0.043  0.047        1
155:     0.022  0.508  0.218  0.138  0.068  0.047        1
156:     0.037  0.018  0.392  0.426  0.065  0.061        1
157:     0.058  0.170  0.536  0.122  0.088  0.026        1
158:     0.030  0.286  0.212  0.330  0.070  0.072        1
159:     0.006  0.101  0.473  0.289  0.071  0.060        1
160:     0.051  0.102  0.525  0.229  0.055  0.039        1
161:     0.084  0.222  0.114  0.372  0.132  0.077        1
162:     0.002  0.318  0.091  0.459  0.031  0.100        1
163:     0.025  0.309  0.414  0.097  0.056  0.101        1
164:     0.028  0.210  0.362  0.301  0.029  0.071        1
165:     0.121  0.288  0.242  0.185  0.092  0.072        1
166:     0.020  0.176  0.682  0.061  0.002  0.060        1
167:     0.069  0.329  0.258  0.242  0.007  0.094        1
168:     0.002  0.141  0.150  0.608  0.030  0.068        1
169:     0.046  0.233  0.136  0.431  0.097  0.056        1
170:     0.002  0.236  0.414  0.204  0.058  0.085        1
171:     0.024  0.487  0.306  0.078  0.044  0.061        1
172:     0.059  0.136  0.263  0.435  0.008  0.099        1
173:     0.059  0.361  0.524  0.002  0.016  0.039        1
174:     0.023  0.239  0.350  0.282  0.061  0.045        1
175:     0.054  0.270  0.287  0.298  0.037  0.053       50
176:     0.052  0.271  0.287  0.293  0.042  0.055       49
177:     0.054  0.275  0.311  0.273  0.038  0.049       50
178:     0.057  0.233  0.338  0.276  0.039  0.056       49
179:     0.059  0.247  0.384  0.216  0.041  0.053       23
180:     0.046  0.245  0.312  0.306  0.039  0.051       49
181:     0.985  0.002  0.003  0.002  0.003  0.005       30
182:     0.953  0.008  0.005  0.014  0.008  0.011       30
183:     0.112  0.329  0.149  0.306  0.059  0.046       34
184:     0.050  0.264  0.225  0.385  0.033  0.043       36
185:     0.055  0.263  0.165  0.423  0.044  0.049       40
186:     0.044  0.306  0.209  0.342  0.043  0.056       39
187:     0.055  0.273  0.219  0.361  0.039  0.054       37
188:     0.056  0.236  0.226  0.392  0.043  0.048       40
189:     0.052  0.342  0.178  0.336  0.040  0.052       35
190:     0.072  0.283  0.244  0.310  0.034  0.057       28
191:     0.057  0.277  0.179  0.391  0.041  0.055       36
192:     0.060  0.244  0.192  0.414  0.039  0.052       32
--------------------------------------------

