

----------------------------------------------------
STRUCTURE by Pritchard, Stephens and Donnelly (2000)
     and Falush, Stephens and Pritchard (2003)
       Code by Pritchard, Falush and Hubisz
             Version 2.3.4 (Jul 2012)
----------------------------------------------------


Reading file "/workdir/yc2644/CV_CT_array/structure/threader_input/mainparams".
Reading file "/workdir/yc2644/CV_CT_array/structure/threader_input/extraparams".
Reading file "/workdir/yc2644/CV_CT_array/structure/threader_input/n1601.recode.strct_in".


Data file "/workdir/yc2644/CV_CT_array/structure/threader_input/n1601.recode.strct_in" (truncated) --

Ind:   Label Pop : Genotype_data . . . .
  1:  001s    1  :  2   1   2   2   2   1   2  . . . .   2
  1:  001s    1  :  2   2   2   2   2   2   2  . . . .   2
  2:  002s    1  :  2   2   2   2   1   1   2  . . . .   2
  2:  002s    1  :  2   2   2   2   2   2   2  . . . .   2
  3:  003s    1  :  1   2   1   2   2   2   2  . . . .   1
  3:  003s    1  :  2   2   1   2   2   2   2  . . . .   2
  4:  004s    1  :  1   1   2   2   1   2   2  . . . .   1
  4:  004s    1  :  2   1   2   2   2   2   2  . . . .   2

      *******   

1600:    49  192  :  2   2   2   2   2   1   2  . . . .   1
1600:    49  192  :  2   2   2   2   2   2   2  . . . .   2
1601:    50  192  :  2   1   2   2   1   2   2  . . . .   1
1601:    50  192  :  2   2   2   2   2   2   2  . . . .   2

Number of alleles per locus: min= 2; ave=2.0; max= 2


--------------------------------------

Finished initialization; starting MCMC 
100000 iterations + 10000 burnin


--------------------------------------------
Proportion of membership of each pre-defined
 population in each of the 7 clusters

Given    Inferred Clusters                                   Number of
 Pop       1      2      3      4      5      6      7      Individuals

  1:     0.184  0.145  0.161  0.082  0.155  0.119  0.154       54
  2:     0.205  0.091  0.192  0.080  0.160  0.130  0.142       30
  3:     0.059  0.070  0.079  0.535  0.096  0.057  0.104       30
  4:     0.043  0.060  0.050  0.622  0.058  0.034  0.132       20
  5:     0.059  0.092  0.044  0.570  0.096  0.044  0.095       30
  6:     0.188  0.149  0.175  0.073  0.152  0.126  0.137       43
  7:     0.200  0.149  0.169  0.076  0.137  0.112  0.156       44
  8:     0.174  0.209  0.199  0.069  0.062  0.168  0.120        4
  9:     0.160  0.173  0.188  0.048  0.157  0.100  0.173       22
 10:     0.150  0.163  0.205  0.053  0.181  0.126  0.121       24
 11:     0.173  0.159  0.163  0.072  0.162  0.105  0.167       54
 12:     0.190  0.154  0.175  0.068  0.146  0.128  0.140       37
 13:     0.185  0.130  0.155  0.087  0.188  0.119  0.137       42
 14:     0.187  0.140  0.189  0.075  0.160  0.117  0.132       42
 15:     0.178  0.150  0.166  0.076  0.158  0.116  0.156       49
 16:     0.169  0.142  0.190  0.081  0.163  0.111  0.145      124
 17:     0.209  0.114  0.159  0.076  0.136  0.130  0.177       24
 18:     0.182  0.161  0.162  0.068  0.149  0.127  0.149       34
 19:     0.191  0.144  0.177  0.077  0.162  0.105  0.145       52
 20:     0.179  0.143  0.202  0.085  0.118  0.154  0.118        1
 21:     0.135  0.163  0.071  0.042  0.211  0.189  0.188        1
 22:     0.186  0.162  0.255  0.033  0.127  0.072  0.165        1
 23:     0.125  0.322  0.104  0.070  0.272  0.088  0.019        1
 24:     0.469  0.166  0.049  0.065  0.082  0.152  0.018        1
 25:     0.299  0.073  0.146  0.116  0.109  0.072  0.185        1
 26:     0.163  0.052  0.143  0.062  0.216  0.155  0.208        1
 27:     0.056  0.213  0.042  0.093  0.082  0.215  0.298        1
 28:     0.207  0.182  0.243  0.061  0.047  0.138  0.123        1
 29:     0.436  0.051  0.263  0.046  0.032  0.076  0.096        1
 30:     0.112  0.200  0.131  0.110  0.196  0.106  0.146        1
 31:     0.427  0.082  0.010  0.183  0.051  0.152  0.094        1
 32:     0.157  0.121  0.246  0.007  0.056  0.198  0.215        1
 33:     0.099  0.255  0.139  0.121  0.025  0.073  0.287        1
 34:     0.093  0.328  0.153  0.014  0.148  0.180  0.084        1
 35:     0.328  0.053  0.291  0.083  0.058  0.050  0.136        1
 36:     0.163  0.202  0.144  0.072  0.113  0.064  0.243        1
 37:     0.043  0.175  0.124  0.060  0.322  0.126  0.152        1
 38:     0.276  0.232  0.146  0.066  0.052  0.046  0.181        1
 39:     0.145  0.176  0.171  0.067  0.149  0.142  0.151        1
 40:     0.051  0.177  0.040  0.067  0.178  0.131  0.355        1
 41:     0.144  0.055  0.285  0.042  0.246  0.065  0.163        1
 42:     0.379  0.011  0.080  0.106  0.191  0.126  0.107        1
 43:     0.154  0.117  0.250  0.083  0.154  0.099  0.143        1
 44:     0.197  0.098  0.151  0.095  0.201  0.083  0.175        1
 45:     0.071  0.238  0.135  0.060  0.234  0.200  0.062        1
 46:     0.085  0.048  0.018  0.026  0.285  0.069  0.469        1
 47:     0.032  0.199  0.296  0.016  0.043  0.140  0.274        1
 48:     0.070  0.052  0.401  0.053  0.025  0.171  0.229        1
 49:     0.129  0.237  0.205  0.110  0.142  0.128  0.050        1
 50:     0.084  0.178  0.107  0.285  0.205  0.042  0.099        1
 51:     0.200  0.089  0.154  0.179  0.132  0.113  0.133        1
 52:     0.107  0.016  0.280  0.074  0.110  0.180  0.232        1
 53:     0.161  0.159  0.180  0.099  0.137  0.135  0.129        1
 54:     0.000  0.723  0.109  0.044  0.031  0.064  0.030        1
 55:     0.122  0.645  0.048  0.096  0.012  0.069  0.008        1
 56:     0.038  0.548  0.056  0.051  0.010  0.124  0.173        1
 57:     0.055  0.431  0.035  0.050  0.064  0.223  0.143        1
 58:     0.125  0.458  0.128  0.037  0.005  0.146  0.101        1
 59:     0.041  0.504  0.056  0.091  0.053  0.126  0.130        1
 60:     0.025  0.334  0.066  0.117  0.139  0.206  0.114        1
 61:     0.032  0.647  0.026  0.118  0.050  0.042  0.085        1
 62:     0.344  0.124  0.106  0.325  0.022  0.027  0.052        1
 63:     0.050  0.627  0.014  0.064  0.023  0.197  0.025        1
 64:     0.084  0.468  0.101  0.076  0.091  0.103  0.076        1
 65:     0.091  0.439  0.067  0.084  0.080  0.105  0.134        1
 66:     0.078  0.469  0.091  0.051  0.072  0.125  0.114        1
 67:     0.256  0.309  0.146  0.052  0.096  0.096  0.046        1
 68:     0.079  0.452  0.127  0.079  0.098  0.113  0.052        1
 69:     0.072  0.476  0.016  0.094  0.070  0.186  0.085        1
 70:     0.106  0.373  0.204  0.075  0.023  0.105  0.113        1
 71:     0.048  0.491  0.076  0.059  0.137  0.151  0.039        1
 72:     0.054  0.574  0.087  0.066  0.131  0.030  0.058        1
 73:     0.123  0.700  0.004  0.074  0.012  0.062  0.025        1
 74:     0.024  0.615  0.105  0.065  0.038  0.062  0.090        1
 75:     0.006  0.641  0.092  0.086  0.042  0.068  0.065        1
 76:     0.035  0.026  0.055  0.418  0.288  0.073  0.105        1
 77:     0.086  0.591  0.052  0.099  0.070  0.060  0.042        1
 78:     0.046  0.690  0.025  0.078  0.078  0.075  0.007        1
 79:     0.024  0.609  0.066  0.067  0.038  0.121  0.075        1
 80:     0.038  0.622  0.040  0.060  0.054  0.122  0.063        1
 81:     0.114  0.442  0.070  0.114  0.080  0.115  0.065        1
 82:     0.021  0.604  0.118  0.046  0.041  0.133  0.038        1
 83:     0.025  0.557  0.076  0.046  0.173  0.106  0.017        1
 84:     0.052  0.031  0.082  0.061  0.149  0.622  0.003        1
 85:     0.026  0.066  0.047  0.087  0.038  0.712  0.025        1
 86:     0.050  0.058  0.003  0.002  0.061  0.818  0.007        1
 87:     0.051  0.078  0.042  0.044  0.065  0.660  0.060        1
 88:     0.045  0.091  0.049  0.063  0.059  0.641  0.052        1
 89:     0.079  0.019  0.006  0.029  0.046  0.800  0.021        1
 90:     0.023  0.014  0.041  0.081  0.051  0.746  0.045        1
 91:     0.048  0.069  0.061  0.064  0.099  0.607  0.051        1
 92:     0.043  0.034  0.053  0.023  0.081  0.684  0.082        1
 93:     0.054  0.058  0.006  0.112  0.004  0.726  0.041        1
 94:     0.066  0.049  0.010  0.072  0.133  0.650  0.019        1
 95:     0.066  0.094  0.029  0.101  0.030  0.652  0.028        1
 96:     0.021  0.025  0.041  0.003  0.052  0.808  0.051        1
 97:     0.027  0.040  0.010  0.074  0.112  0.666  0.071        1
 98:     0.028  0.037  0.027  0.029  0.054  0.809  0.015        1
 99:     0.008  0.007  0.033  0.051  0.046  0.853  0.003        1
100:     0.001  0.014  0.018  0.100  0.095  0.739  0.033        1
101:     0.054  0.075  0.134  0.086  0.004  0.606  0.042        1
102:     0.041  0.130  0.065  0.056  0.035  0.597  0.076        1
103:     0.021  0.007  0.009  0.058  0.153  0.677  0.076        1
104:     0.071  0.006  0.024  0.069  0.046  0.768  0.016        1
105:     0.029  0.091  0.040  0.061  0.047  0.703  0.029        1
106:     0.042  0.090  0.041  0.008  0.004  0.792  0.022        1
107:     0.036  0.135  0.060  0.081  0.015  0.645  0.028        1
108:     0.027  0.108  0.019  0.073  0.063  0.700  0.009        1
109:     0.058  0.104  0.051  0.103  0.138  0.534  0.012        1
110:     0.084  0.093  0.118  0.061  0.122  0.450  0.072        1
111:     0.071  0.037  0.014  0.067  0.063  0.727  0.021        1
112:     0.040  0.059  0.034  0.057  0.087  0.665  0.057        1
113:     0.053  0.066  0.013  0.071  0.028  0.747  0.023        1
114:     0.014  0.016  0.023  0.065  0.051  0.770  0.061        1
115:     0.069  0.015  0.078  0.044  0.052  0.713  0.029        1
116:     0.024  0.011  0.031  0.043  0.138  0.748  0.005        1
117:     0.041  0.059  0.033  0.119  0.067  0.623  0.059        1
118:     0.005  0.039  0.027  0.141  0.026  0.724  0.037        1
119:     0.134  0.042  0.007  0.054  0.051  0.631  0.081        1
120:     0.059  0.140  0.009  0.066  0.036  0.658  0.032        1
121:     0.033  0.079  0.057  0.086  0.053  0.644  0.047        1
122:     0.072  0.135  0.034  0.045  0.054  0.640  0.021        1
123:     0.020  0.084  0.060  0.055  0.117  0.654  0.010        1
124:     0.093  0.048  0.036  0.078  0.045  0.606  0.094        1
125:     0.071  0.026  0.030  0.042  0.055  0.740  0.036        1
126:     0.066  0.011  0.016  0.076  0.102  0.728  0.001        1
127:     0.054  0.019  0.050  0.055  0.130  0.680  0.011        1
128:     0.025  0.037  0.025  0.096  0.133  0.681  0.003        1
129:     0.026  0.039  0.008  0.048  0.027  0.842  0.009        1
130:     0.034  0.102  0.034  0.119  0.082  0.559  0.070        1
131:     0.000  0.025  0.022  0.077  0.039  0.803  0.033        1
132:     0.017  0.116  0.040  0.097  0.082  0.617  0.031        1
133:     0.024  0.059  0.053  0.140  0.032  0.681  0.011        1
134:     0.019  0.029  0.075  0.083  0.018  0.751  0.025        1
135:     0.047  0.131  0.003  0.054  0.050  0.601  0.114        1
136:     0.021  0.041  0.016  0.018  0.017  0.859  0.028        1
137:     0.009  0.040  0.037  0.067  0.192  0.645  0.010        1
138:     0.004  0.033  0.068  0.022  0.089  0.710  0.075        1
139:     0.031  0.080  0.052  0.156  0.027  0.613  0.040        1
140:     0.024  0.023  0.064  0.147  0.008  0.712  0.022        1
141:     0.024  0.061  0.009  0.033  0.099  0.743  0.030        1
142:     0.070  0.088  0.074  0.099  0.077  0.538  0.054        1
143:     0.013  0.041  0.037  0.100  0.069  0.679  0.061        1
144:     0.002  0.020  0.051  0.033  0.074  0.807  0.011        1
145:     0.059  0.052  0.027  0.038  0.048  0.743  0.032        1
146:     0.094  0.021  0.033  0.071  0.103  0.620  0.057        1
147:     0.013  0.096  0.034  0.046  0.034  0.740  0.037        1
148:     0.133  0.181  0.114  0.125  0.121  0.173  0.153        1
149:     0.086  0.342  0.062  0.168  0.059  0.146  0.135        1
150:     0.294  0.184  0.124  0.043  0.191  0.121  0.044        1
151:     0.304  0.162  0.200  0.066  0.149  0.049  0.071        1
152:     0.363  0.030  0.124  0.144  0.058  0.116  0.165        1
153:     0.120  0.184  0.059  0.027  0.202  0.105  0.303        1
154:     0.332  0.259  0.068  0.053  0.228  0.052  0.008        1
155:     0.178  0.184  0.143  0.071  0.132  0.159  0.133        1
156:     0.279  0.036  0.179  0.080  0.107  0.154  0.166        1
157:     0.065  0.337  0.199  0.084  0.119  0.086  0.110        1
158:     0.159  0.061  0.007  0.054  0.306  0.202  0.210        1
159:     0.312  0.103  0.132  0.093  0.109  0.129  0.121        1
160:     0.160  0.138  0.185  0.079  0.128  0.153  0.157        1
161:     0.067  0.056  0.335  0.084  0.192  0.100  0.167        1
162:     0.298  0.079  0.087  0.053  0.197  0.100  0.184        1
163:     0.192  0.099  0.133  0.099  0.161  0.191  0.127        1
164:     0.135  0.031  0.174  0.078  0.272  0.156  0.155        1
165:     0.050  0.208  0.211  0.089  0.194  0.129  0.119        1
166:     0.191  0.201  0.122  0.054  0.090  0.078  0.263        1
167:     0.203  0.185  0.118  0.088  0.141  0.126  0.139        1
168:     0.206  0.057  0.204  0.047  0.084  0.161  0.242        1
169:     0.102  0.087  0.312  0.047  0.168  0.069  0.215        1
170:     0.132  0.232  0.211  0.031  0.101  0.215  0.078        1
171:     0.274  0.111  0.225  0.034  0.162  0.022  0.172        1
172:     0.187  0.135  0.145  0.063  0.116  0.206  0.147        1
173:     0.315  0.279  0.059  0.111  0.145  0.051  0.041        1
174:     0.160  0.144  0.141  0.090  0.148  0.160  0.157        1
175:     0.169  0.149  0.181  0.080  0.154  0.110  0.157       50
176:     0.195  0.145  0.172  0.073  0.149  0.119  0.146       49
177:     0.169  0.154  0.155  0.077  0.170  0.114  0.161       50
178:     0.181  0.147  0.169  0.082  0.147  0.107  0.167       49
179:     0.187  0.131  0.181  0.077  0.120  0.121  0.183       23
180:     0.189  0.164  0.164  0.071  0.149  0.112  0.151       49
181:     0.029  0.029  0.029  0.813  0.041  0.023  0.036       30
182:     0.039  0.054  0.039  0.690  0.043  0.037  0.098       30
183:     0.185  0.119  0.158  0.123  0.164  0.104  0.147       34
184:     0.160  0.155  0.184  0.075  0.162  0.109  0.155       36
185:     0.178  0.130  0.179  0.079  0.166  0.117  0.151       40
186:     0.190  0.132  0.207  0.071  0.133  0.109  0.157       39
187:     0.170  0.130  0.159  0.078  0.168  0.118  0.178       37
188:     0.174  0.140  0.151  0.088  0.183  0.120  0.142       40
189:     0.174  0.145  0.153  0.079  0.173  0.113  0.163       35
190:     0.172  0.138  0.190  0.089  0.144  0.107  0.159       28
191:     0.166  0.167  0.150  0.073  0.171  0.111  0.163       36
192:     0.164  0.136  0.200  0.078  0.158  0.104  0.159       32
--------------------------------------------

 Rep#:   Lambda   Alpha      F1    F2    F3    F4    F5    F6    F7     D1,2  D1,3  D1,4  D1,5  D1,6  D1,7  D2,3  D2,4  D2,5  D2,6  D2,7  D3,4  D3,5  D3,6  D3,7  D4,5  D4,6  D4,7  D5,6  D5,7  D6,7    Ln Like 
  100:    1.00    1.559    0.010 0.020 0.010 0.277 0.010 0.151 0.011    0.005 0.003 0.043 0.003 0.034 0.003 0.005 0.044 0.005 0.034 0.005 0.043 0.003 0.033 0.003 0.042 0.062 0.042 0.032 0.003 0.033   --  
  200:    1.00    1.215    0.010 0.239 0.010 0.222 0.010 0.199 0.011    0.040 0.003 0.033 0.003 0.036 0.003 0.040 0.056 0.040 0.059 0.041 0.033 0.003 0.037 0.003 0.033 0.052 0.033 0.036 0.003 0.037   --  
  300:    1.00    1.036    0.010 0.262 0.010 0.192 0.010 0.187 0.011    0.044 0.003 0.030 0.003 0.034 0.003 0.044 0.056 0.044 0.060 0.045 0.030 0.003 0.034 0.003 0.030 0.048 0.030 0.034 0.003 0.034   --  
  400:    1.00    0.969    0.010 0.263 0.010 0.181 0.010 0.175 0.011    0.044 0.003 0.028 0.003 0.033 0.003 0.044 0.057 0.044 0.060 0.045 0.029 0.003 0.033 0.003 0.028 0.047 0.028 0.033 0.003 0.033   --  
  500:    1.00    0.922    0.010 0.264 0.010 0.177 0.010 0.170 0.011    0.045 0.003 0.027 0.003 0.032 0.003 0.045 0.057 0.044 0.060 0.045 0.028 0.003 0.031 0.003 0.027 0.046 0.027 0.031 0.003 0.032   --  
  600:    1.00    0.861    0.010 0.262 0.010 0.174 0.010 0.169 0.011    0.044 0.003 0.027 0.003 0.031 0.003 0.044 0.056 0.044 0.060 0.044 0.027 0.003 0.031 0.003 0.027 0.045 0.026 0.031 0.003 0.031   --  
  700:    1.00    0.830    0.010 0.267 0.010 0.171 0.010 0.170 0.011    0.043 0.003 0.027 0.003 0.031 0.003 0.043 0.056 0.043 0.059 0.043 0.027 0.003 0.031 0.003 0.026 0.045 0.027 0.030 0.003 0.031   --  
  800:    1.00    0.805    0.010 0.263 0.010 0.174 0.010 0.160 0.011    0.043 0.003 0.026 0.003 0.030 0.003 0.043 0.056 0.043 0.059 0.043 0.027 0.003 0.030 0.003 0.026 0.045 0.026 0.030 0.003 0.030   --  
  900:    1.00    0.765    0.010 0.260 0.011 0.173 0.010 0.159 0.011    0.042 0.003 0.026 0.003 0.029 0.003 0.043 0.056 0.042 0.058 0.042 0.026 0.003 0.030 0.004 0.026 0.045 0.027 0.029 0.003 0.030   --  

--------------------------------------------
Proportion of membership of each pre-defined
 population in each of the 7 clusters

Given    Inferred Clusters                                   Number of
 Pop       1      2      3      4      5      6      7      Individuals

  1:     0.248  0.072  0.176  0.062  0.191  0.062  0.188       54
  2:     0.258  0.077  0.189  0.065  0.172  0.059  0.182       30
  3:     0.017  0.058  0.042  0.685  0.042  0.065  0.090       30
  4:     0.006  0.030  0.006  0.788  0.013  0.060  0.097       20
  5:     0.015  0.028  0.008  0.739  0.072  0.077  0.061       30
  6:     0.231  0.068  0.223  0.059  0.191  0.060  0.167       43
  7:     0.209  0.070  0.221  0.052  0.201  0.058  0.189       44
  8:     0.164  0.074  0.215  0.024  0.256  0.067  0.201        4
  9:     0.273  0.076  0.232  0.021  0.205  0.052  0.141       22
 10:     0.253  0.069  0.253  0.029  0.201  0.054  0.141       24
 11:     0.181  0.068  0.193  0.053  0.215  0.062  0.229       54
 12:     0.234  0.074  0.224  0.051  0.181  0.056  0.181       37
 13:     0.240  0.071  0.191  0.064  0.173  0.062  0.199       42
 14:     0.246  0.074  0.191  0.060  0.182  0.053  0.194       42
 15:     0.208  0.074  0.227  0.059  0.172  0.062  0.199       49
 16:     0.215  0.071  0.205  0.067  0.211  0.058  0.172      124
 17:     0.232  0.071  0.206  0.057  0.159  0.062  0.213       24
 18:     0.252  0.077  0.166  0.041  0.189  0.063  0.212       34
 19:     0.210  0.073  0.206  0.057  0.192  0.060  0.202       52
 20:     0.431  0.083  0.240  0.054  0.073  0.061  0.058        1
 21:     0.162  0.085  0.208  0.021  0.282  0.137  0.106        1
 22:     0.096  0.075  0.188  0.025  0.414  0.062  0.140        1
 23:     0.296  0.063  0.104  0.104  0.224  0.111  0.098        1
 24:     0.559  0.087  0.057  0.044  0.145  0.087  0.021        1
 25:     0.196  0.032  0.161  0.098  0.088  0.068  0.356        1
 26:     0.101  0.063  0.175  0.017  0.318  0.112  0.213        1
 27:     0.157  0.076  0.114  0.099  0.041  0.059  0.454        1
 28:     0.328  0.070  0.183  0.021  0.153  0.072  0.172        1
 29:     0.361  0.087  0.316  0.019  0.071  0.061  0.084        1
 30:     0.114  0.079  0.063  0.115  0.203  0.051  0.376        1
 31:     0.428  0.073  0.101  0.196  0.096  0.064  0.041        1
 32:     0.245  0.075  0.381  0.036  0.091  0.061  0.110        1
 33:     0.133  0.124  0.182  0.082  0.052  0.080  0.347        1
 34:     0.292  0.095  0.294  0.014  0.116  0.106  0.082        1
 35:     0.046  0.073  0.437  0.041  0.140  0.059  0.204        1
 36:     0.086  0.087  0.293  0.070  0.183  0.083  0.198        1
 37:     0.318  0.100  0.284  0.047  0.070  0.074  0.108        1
 38:     0.052  0.050  0.050  0.068  0.130  0.140  0.510        1
 39:     0.009  0.104  0.385  0.015  0.233  0.072  0.183        1
 40:     0.005  0.105  0.204  0.062  0.264  0.064  0.295        1
 41:     0.453  0.052  0.079  0.029  0.201  0.093  0.093        1
 42:     0.249  0.075  0.254  0.074  0.207  0.052  0.089        1
 43:     0.202  0.093  0.063  0.065  0.116  0.070  0.390        1
 44:     0.063  0.088  0.217  0.129  0.300  0.038  0.165        1
 45:     0.086  0.114  0.146  0.038  0.264  0.085  0.267        1
 46:     0.516  0.034  0.124  0.053  0.107  0.125  0.042        1
 47:     0.009  0.063  0.401  0.015  0.000  0.063  0.448        1
 48:     0.021  0.090  0.504  0.006  0.004  0.057  0.318        1
 49:     0.279  0.072  0.069  0.018  0.278  0.075  0.209        1
 50:     0.120  0.055  0.028  0.302  0.174  0.082  0.239        1
 51:     0.145  0.108  0.114  0.206  0.260  0.058  0.110        1
 52:     0.492  0.083  0.180  0.051  0.062  0.107  0.025        1
 53:     0.252  0.057  0.213  0.060  0.175  0.078  0.165        1
 54:     0.002  0.978  0.003  0.000  0.000  0.005  0.011        1
 55:     0.002  0.997  0.000  0.000  0.000  0.000  0.000        1
 56:     0.001  0.826  0.065  0.012  0.027  0.036  0.033        1
 57:     0.013  0.933  0.015  0.001  0.019  0.003  0.016        1
 58:     0.039  0.881  0.014  0.003  0.017  0.025  0.020        1
 59:     0.016  0.827  0.043  0.059  0.044  0.010  0.002        1
 60:     0.003  0.986  0.004  0.005  0.001  0.000  0.001        1
 61:     0.001  0.992  0.000  0.001  0.001  0.001  0.004        1
 62:     0.097  0.015  0.014  0.392  0.047  0.062  0.373        1
 63:     0.002  0.923  0.011  0.034  0.009  0.014  0.007        1
 64:     0.000  0.999  0.000  0.000  0.000  0.000  0.000        1
 65:     0.000  0.996  0.002  0.001  0.001  0.000  0.001        1
 66:     0.010  0.931  0.011  0.007  0.026  0.014  0.002        1
 67:     0.067  0.646  0.049  0.065  0.009  0.104  0.060        1
 68:     0.000  0.930  0.007  0.017  0.008  0.008  0.030        1
 69:     0.002  0.971  0.000  0.008  0.009  0.007  0.003        1
 70:     0.107  0.785  0.013  0.041  0.013  0.019  0.023        1
 71:     0.001  0.998  0.000  0.000  0.000  0.000  0.000        1
 72:     0.001  0.995  0.001  0.000  0.000  0.001  0.001        1
 73:     0.000  0.996  0.000  0.002  0.000  0.000  0.001        1
 74:     0.050  0.795  0.025  0.035  0.034  0.010  0.051        1
 75:     0.000  0.995  0.000  0.003  0.000  0.001  0.001        1
 76:     0.002  0.019  0.002  0.549  0.118  0.117  0.194        1
 77:     0.000  0.990  0.003  0.005  0.000  0.002  0.000        1
 78:     0.086  0.817  0.020  0.060  0.008  0.008  0.001        1
 79:     0.000  0.990  0.001  0.001  0.005  0.003  0.000        1
 80:     0.003  0.974  0.006  0.003  0.008  0.002  0.005        1
 81:     0.002  0.985  0.001  0.001  0.002  0.003  0.007        1
 82:     0.000  0.533  0.077  0.070  0.033  0.134  0.153        1
 83:     0.001  0.994  0.001  0.001  0.000  0.001  0.002        1
 84:     0.019  0.021  0.012  0.027  0.002  0.913  0.007        1
 85:     0.008  0.016  0.000  0.036  0.006  0.933  0.000        1
 86:     0.039  0.032  0.004  0.030  0.045  0.846  0.003        1
 87:     0.001  0.002  0.003  0.002  0.015  0.952  0.025        1
 88:     0.002  0.014  0.008  0.002  0.002  0.965  0.007        1
 89:     0.017  0.000  0.021  0.005  0.004  0.948  0.005        1
 90:     0.008  0.010  0.000  0.011  0.000  0.968  0.003        1
 91:     0.001  0.003  0.000  0.010  0.010  0.967  0.009        1
 92:     0.056  0.001  0.028  0.041  0.029  0.819  0.027        1
 93:     0.015  0.004  0.001  0.051  0.000  0.917  0.012        1
 94:     0.029  0.003  0.037  0.056  0.001  0.868  0.006        1
 95:     0.014  0.012  0.034  0.047  0.006  0.874  0.014        1
 96:     0.003  0.000  0.004  0.004  0.004  0.978  0.007        1
 97:     0.000  0.022  0.004  0.021  0.004  0.947  0.001        1
 98:     0.004  0.045  0.000  0.026  0.002  0.917  0.004        1
 99:     0.005  0.003  0.001  0.004  0.000  0.987  0.001        1
100:     0.000  0.007  0.002  0.011  0.001  0.978  0.001        1
101:     0.028  0.006  0.058  0.052  0.031  0.758  0.068        1
102:     0.025  0.033  0.068  0.007  0.067  0.791  0.010        1
103:     0.004  0.003  0.000  0.015  0.001  0.973  0.004        1
104:     0.001  0.027  0.001  0.001  0.011  0.959  0.000        1
105:     0.009  0.045  0.004  0.065  0.002  0.874  0.001        1
106:     0.022  0.005  0.062  0.001  0.052  0.795  0.065        1
107:     0.003  0.001  0.009  0.015  0.012  0.961  0.000        1
108:     0.004  0.017  0.016  0.048  0.050  0.845  0.020        1
109:     0.014  0.023  0.026  0.083  0.035  0.747  0.073        1
110:     0.014  0.046  0.131  0.019  0.021  0.759  0.010        1
111:     0.018  0.008  0.005  0.012  0.002  0.953  0.003        1
112:     0.004  0.001  0.013  0.003  0.004  0.976  0.000        1
113:     0.001  0.016  0.001  0.045  0.000  0.933  0.003        1
114:     0.000  0.014  0.001  0.001  0.015  0.967  0.003        1
115:     0.041  0.002  0.006  0.007  0.029  0.912  0.002        1
116:     0.004  0.003  0.000  0.002  0.005  0.983  0.003        1
117:     0.004  0.002  0.007  0.045  0.012  0.924  0.006        1
118:     0.002  0.019  0.003  0.032  0.002  0.941  0.000        1
119:     0.065  0.022  0.013  0.018  0.000  0.850  0.033        1
120:     0.037  0.019  0.006  0.003  0.006  0.914  0.015        1
121:     0.017  0.017  0.002  0.003  0.002  0.959  0.001        1
122:     0.002  0.017  0.015  0.006  0.034  0.909  0.016        1
123:     0.006  0.001  0.003  0.010  0.002  0.977  0.000        1
124:     0.008  0.018  0.037  0.098  0.034  0.791  0.015        1
125:     0.013  0.000  0.007  0.004  0.001  0.966  0.009        1
126:     0.004  0.028  0.011  0.008  0.029  0.872  0.047        1
127:     0.003  0.011  0.004  0.029  0.026  0.882  0.046        1
128:     0.002  0.019  0.008  0.006  0.006  0.918  0.041        1
129:     0.001  0.000  0.001  0.000  0.002  0.997  0.000        1
130:     0.007  0.009  0.007  0.048  0.001  0.904  0.024        1
131:     0.002  0.001  0.002  0.003  0.001  0.988  0.003        1
132:     0.053  0.001  0.000  0.083  0.038  0.800  0.024        1
133:     0.012  0.016  0.005  0.093  0.003  0.871  0.000        1
134:     0.001  0.026  0.079  0.032  0.001  0.834  0.028        1
135:     0.047  0.014  0.032  0.038  0.018  0.789  0.061        1
136:     0.005  0.001  0.002  0.002  0.001  0.989  0.000        1
137:     0.007  0.017  0.000  0.000  0.007  0.964  0.005        1
138:     0.006  0.000  0.001  0.000  0.001  0.991  0.000        1
139:     0.004  0.012  0.022  0.063  0.000  0.898  0.000        1
140:     0.001  0.011  0.000  0.078  0.010  0.899  0.001        1
141:     0.010  0.004  0.000  0.006  0.002  0.975  0.004        1
142:     0.020  0.002  0.013  0.021  0.079  0.859  0.007        1
143:     0.003  0.003  0.017  0.051  0.003  0.919  0.004        1
144:     0.004  0.006  0.002  0.003  0.013  0.968  0.004        1
145:     0.003  0.005  0.003  0.003  0.017  0.955  0.015        1
146:     0.002  0.004  0.000  0.046  0.007  0.917  0.024        1
147:     0.001  0.008  0.004  0.021  0.004  0.959  0.004        1
148:     0.174  0.081  0.189  0.131  0.133  0.147  0.145        1
149:     0.195  0.074  0.077  0.177  0.127  0.131  0.219        1
150:     0.217  0.086  0.284  0.004  0.065  0.104  0.240        1
151:     0.511  0.102  0.197  0.015  0.102  0.052  0.022        1
152:     0.060  0.071  0.309  0.062  0.024  0.081  0.392        1
153:     0.296  0.050  0.065  0.054  0.210  0.056  0.269        1
154:     0.152  0.081  0.064  0.042  0.567  0.071  0.023        1
155:     0.166  0.072  0.403  0.049  0.229  0.079  0.003        1
156:     0.527  0.113  0.116  0.028  0.100  0.073  0.044        1
157:     0.024  0.069  0.182  0.071  0.181  0.103  0.370        1
158:     0.225  0.089  0.069  0.076  0.268  0.112  0.161        1
159:     0.220  0.089  0.152  0.010  0.108  0.095  0.327        1
160:     0.307  0.062  0.047  0.049  0.427  0.010  0.098        1
161:     0.075  0.074  0.302  0.066  0.242  0.097  0.144        1
162:     0.221  0.148  0.137  0.037  0.189  0.047  0.221        1
163:     0.007  0.118  0.425  0.071  0.137  0.100  0.142        1
164:     0.292  0.085  0.272  0.025  0.182  0.052  0.091        1
165:     0.060  0.086  0.171  0.079  0.176  0.116  0.311        1
166:     0.077  0.045  0.043  0.052  0.246  0.031  0.507        1
167:     0.314  0.071  0.307  0.077  0.089  0.052  0.089        1
168:     0.222  0.065  0.414  0.009  0.122  0.053  0.115        1
169:     0.069  0.049  0.106  0.071  0.596  0.037  0.072        1
170:     0.132  0.093  0.544  0.034  0.106  0.058  0.033        1
171:     0.379  0.073  0.038  0.016  0.347  0.074  0.073        1
172:     0.190  0.090  0.224  0.089  0.184  0.065  0.157        1
173:     0.312  0.061  0.165  0.054  0.302  0.037  0.070        1
174:     0.209  0.054  0.066  0.080  0.263  0.092  0.236        1
175:     0.232  0.072  0.232  0.060  0.171  0.058  0.175       50
176:     0.278  0.067  0.204  0.050  0.172  0.057  0.172       49
177:     0.209  0.068  0.174  0.059  0.241  0.052  0.198       50
178:     0.207  0.075  0.227  0.062  0.148  0.051  0.230       49
179:     0.231  0.072  0.191  0.058  0.159  0.067  0.222       23
180:     0.214  0.073  0.215  0.052  0.206  0.056  0.183       49
181:     0.005  0.004  0.003  0.979  0.003  0.003  0.002       30
182:     0.010  0.014  0.007  0.944  0.008  0.008  0.010       30
183:     0.193  0.062  0.244  0.109  0.184  0.077  0.130       34
184:     0.167  0.066  0.235  0.061  0.229  0.051  0.192       36
185:     0.188  0.066  0.232  0.062  0.232  0.064  0.157       40
186:     0.207  0.074  0.254  0.050  0.191  0.056  0.169       39
187:     0.191  0.073  0.217  0.066  0.208  0.055  0.190       37
188:     0.206  0.068  0.179  0.065  0.236  0.062  0.183       40
189:     0.218  0.073  0.215  0.068  0.201  0.054  0.170       35
190:     0.188  0.068  0.261  0.068  0.199  0.054  0.162       28
191:     0.210  0.067  0.221  0.062  0.222  0.055  0.163       36
192:     0.203  0.075  0.279  0.057  0.184  0.048  0.154       32
--------------------------------------------

 Rep#:   Lambda   Alpha      F1    F2    F3    F4    F5    F6    F7     D1,2  D1,3  D1,4  D1,5  D1,6  D1,7  D2,3  D2,4  D2,5  D2,6  D2,7  D3,4  D3,5  D3,6  D3,7  D4,5  D4,6  D4,7  D5,6  D5,7  D6,7    Ln Like 
 1000:    1.00    0.713    0.010 0.266 0.011 0.167 0.010 0.161 0.011    0.042 0.003 0.025 0.003 0.029 0.003 0.043 0.056 0.042 0.059 0.043 0.026 0.003 0.030 0.004 0.025 0.044 0.026 0.029 0.003 0.030   --  
 1100:    1.00    0.680    0.010 0.264 0.011 0.167 0.010 0.162 0.012    0.042 0.003 0.026 0.003 0.029 0.004 0.042 0.056 0.042 0.059 0.043 0.026 0.003 0.029 0.004 0.026 0.044 0.026 0.029 0.004 0.029   --  
 1200:    1.00    0.673    0.010 0.255 0.011 0.168 0.010 0.160 0.014    0.042 0.003 0.026 0.003 0.029 0.004 0.042 0.056 0.041 0.059 0.043 0.026 0.003 0.029 0.004 0.026 0.044 0.026 0.029 0.004 0.030   --  
 1300:    1.00    0.652    0.010 0.248 0.011 0.172 0.009 0.155 0.016    0.041 0.003 0.026 0.003 0.028 0.004 0.041 0.056 0.040 0.058 0.042 0.026 0.003 0.029 0.005 0.026 0.045 0.027 0.028 0.004 0.029   --  
 1400:    1.00    0.618    0.010 0.260 0.011 0.175 0.009 0.157 0.021    0.041 0.003 0.026 0.003 0.029 0.005 0.042 0.057 0.041 0.059 0.043 0.027 0.003 0.029 0.005 0.026 0.045 0.028 0.028 0.005 0.030   --  
 1500:    1.00    0.583    0.010 0.251 0.011 0.179 0.009 0.154 0.026    0.040 0.003 0.027 0.003 0.028 0.006 0.041 0.057 0.041 0.058 0.043 0.028 0.003 0.028 0.007 0.027 0.045 0.029 0.028 0.006 0.031   --  
 1600:    1.00    0.571    0.010 0.250 0.012 0.202 0.009 0.150 0.053    0.040 0.003 0.030 0.003 0.028 0.011 0.041 0.059 0.041 0.058 0.047 0.030 0.003 0.028 0.012 0.030 0.047 0.034 0.028 0.011 0.034   --  
 1700:    1.00    0.541    0.010 0.258 0.012 0.216 0.009 0.154 0.190    0.041 0.003 0.032 0.003 0.029 0.032 0.041 0.061 0.041 0.058 0.059 0.032 0.003 0.029 0.033 0.032 0.049 0.044 0.028 0.032 0.046   --  
 1800:    1.00    0.547    0.010 0.255 0.012 0.214 0.009 0.154 0.239    0.040 0.003 0.032 0.003 0.028 0.038 0.041 0.061 0.041 0.058 0.062 0.033 0.003 0.029 0.038 0.033 0.049 0.044 0.028 0.037 0.049   --  
 1900:    1.00    0.538    0.009 0.253 0.011 0.220 0.009 0.155 0.234    0.040 0.003 0.033 0.003 0.029 0.036 0.041 0.062 0.040 0.058 0.061 0.033 0.003 0.029 0.037 0.033 0.051 0.044 0.028 0.036 0.049   --  

--------------------------------------------
Proportion of membership of each pre-defined
 population in each of the 7 clusters

Given    Inferred Clusters                                   Number of
 Pop       1      2      3      4      5      6      7      Individuals

  1:     0.331  0.040  0.198  0.041  0.250  0.038  0.102       54
  2:     0.325  0.049  0.231  0.039  0.212  0.040  0.103       30
  3:     0.032  0.055  0.063  0.499  0.051  0.050  0.251       30
  4:     0.001  0.001  0.001  0.038  0.002  0.002  0.954       20
  5:     0.006  0.006  0.004  0.112  0.008  0.014  0.850       30
  6:     0.292  0.038  0.271  0.036  0.219  0.040  0.104       43
  7:     0.259  0.037  0.257  0.033  0.275  0.036  0.103       44
  8:     0.301  0.063  0.295  0.020  0.205  0.039  0.078        4
  9:     0.366  0.039  0.292  0.019  0.181  0.032  0.071       22
 10:     0.364  0.043  0.267  0.022  0.206  0.032  0.065       24
 11:     0.259  0.035  0.248  0.037  0.283  0.038  0.099       54
 12:     0.334  0.043  0.258  0.030  0.205  0.030  0.100       37
 13:     0.316  0.044  0.233  0.040  0.222  0.042  0.103       42
 14:     0.281  0.041  0.236  0.038  0.270  0.030  0.103       42
 15:     0.296  0.041  0.251  0.042  0.233  0.039  0.099       49
 16:     0.276  0.039  0.227  0.041  0.273  0.038  0.105      124
 17:     0.353  0.040  0.227  0.037  0.204  0.039  0.100       24
 18:     0.342  0.048  0.225  0.029  0.229  0.038  0.089       34
 19:     0.296  0.041  0.249  0.040  0.239  0.035  0.099       52
 20:     0.338  0.026  0.282  0.069  0.186  0.052  0.046        1
 21:     0.075  0.081  0.215  0.019  0.435  0.082  0.093        1
 22:     0.000  0.049  0.341  0.035  0.474  0.008  0.093        1
 23:     0.467  0.069  0.066  0.021  0.177  0.110  0.090        1
 24:     0.627  0.073  0.036  0.000  0.132  0.034  0.098        1
 25:     0.242  0.014  0.388  0.051  0.099  0.046  0.160        1
 26:     0.181  0.040  0.306  0.001  0.246  0.093  0.133        1
 27:     0.177  0.053  0.433  0.044  0.119  0.067  0.107        1
 28:     0.284  0.085  0.215  0.020  0.256  0.039  0.100        1
 29:     0.562  0.063  0.217  0.014  0.025  0.072  0.047        1
 30:     0.411  0.052  0.104  0.018  0.160  0.068  0.187        1
 31:     0.468  0.072  0.060  0.091  0.017  0.049  0.243        1
 32:     0.249  0.050  0.534  0.011  0.030  0.055  0.071        1
 33:     0.075  0.067  0.345  0.048  0.297  0.034  0.133        1
 34:     0.266  0.080  0.316  0.021  0.195  0.068  0.053        1
 35:     0.266  0.038  0.420  0.020  0.105  0.074  0.077        1
 36:     0.157  0.044  0.434  0.054  0.133  0.067  0.110        1
 37:     0.503  0.014  0.208  0.039  0.071  0.076  0.089        1
 38:     0.021  0.039  0.559  0.010  0.135  0.096  0.141        1
 39:     0.098  0.083  0.214  0.005  0.453  0.048  0.099        1
 40:     0.051  0.077  0.212  0.055  0.396  0.097  0.111        1
 41:     0.545  0.056  0.057  0.015  0.172  0.085  0.071        1
 42:     0.235  0.065  0.209  0.069  0.272  0.037  0.114        1
 43:     0.373  0.052  0.059  0.003  0.356  0.020  0.136        1
 44:     0.130  0.051  0.340  0.043  0.249  0.013  0.173        1
 45:     0.282  0.109  0.194  0.006  0.312  0.020  0.078        1
 46:     0.497  0.028  0.167  0.069  0.095  0.106  0.038        1
 47:     0.007  0.043  0.777  0.023  0.017  0.061  0.072        1
 48:     0.014  0.041  0.825  0.025  0.008  0.027  0.060        1
 49:     0.604  0.069  0.059  0.011  0.190  0.030  0.037        1
 50:     0.289  0.047  0.013  0.099  0.162  0.038  0.351        1
 51:     0.158  0.042  0.100  0.077  0.360  0.039  0.225        1
 52:     0.494  0.068  0.190  0.043  0.075  0.068  0.063        1
 53:     0.495  0.068  0.200  0.069  0.027  0.063  0.079        1
 54:     0.003  0.988  0.001  0.006  0.000  0.001  0.001        1
 55:     0.001  0.994  0.001  0.001  0.000  0.003  0.000        1
 56:     0.012  0.834  0.052  0.002  0.081  0.010  0.008        1
 57:     0.017  0.957  0.019  0.000  0.003  0.003  0.001        1
 58:     0.010  0.894  0.044  0.000  0.036  0.015  0.001        1
 59:     0.018  0.852  0.000  0.036  0.024  0.030  0.041        1
 60:     0.001  0.977  0.001  0.004  0.002  0.000  0.015        1
 61:     0.001  0.996  0.000  0.000  0.001  0.002  0.000        1
 62:     0.090  0.011  0.152  0.261  0.182  0.039  0.265        1
 63:     0.017  0.902  0.000  0.018  0.000  0.020  0.043        1
 64:     0.000  0.999  0.000  0.001  0.000  0.000  0.000        1
 65:     0.000  0.999  0.000  0.000  0.000  0.000  0.001        1
 66:     0.000  0.960  0.016  0.009  0.004  0.002  0.008        1
 67:     0.064  0.595  0.062  0.059  0.058  0.125  0.037        1
 68:     0.036  0.913  0.001  0.030  0.004  0.015  0.002        1
 69:     0.006  0.968  0.005  0.007  0.000  0.010  0.004        1
 70:     0.141  0.766  0.041  0.000  0.001  0.019  0.030        1
 71:     0.000  0.998  0.001  0.000  0.000  0.000  0.000        1
 72:     0.000  0.989  0.000  0.006  0.002  0.001  0.001        1
 73:     0.000  0.997  0.001  0.000  0.001  0.000  0.000        1
 74:     0.091  0.751  0.029  0.021  0.011  0.032  0.066        1
 75:     0.000  0.993  0.002  0.002  0.002  0.000  0.001        1
 76:     0.019  0.007  0.028  0.346  0.179  0.118  0.302        1
 77:     0.000  0.993  0.000  0.004  0.002  0.000  0.000        1
 78:     0.035  0.811  0.040  0.065  0.017  0.018  0.014        1
 79:     0.003  0.994  0.000  0.000  0.000  0.000  0.002        1
 80:     0.008  0.970  0.004  0.001  0.001  0.004  0.012        1
 81:     0.003  0.992  0.003  0.000  0.001  0.000  0.001        1
 82:     0.038  0.493  0.052  0.025  0.176  0.159  0.057        1
 83:     0.001  0.995  0.002  0.000  0.001  0.000  0.000        1
 84:     0.000  0.014  0.001  0.035  0.009  0.939  0.002        1
 85:     0.001  0.002  0.000  0.048  0.001  0.946  0.002        1
 86:     0.035  0.003  0.001  0.015  0.083  0.846  0.017        1
 87:     0.000  0.003  0.017  0.009  0.000  0.966  0.005        1
 88:     0.009  0.007  0.000  0.000  0.000  0.984  0.000        1
 89:     0.055  0.000  0.002  0.009  0.003  0.931  0.000        1
 90:     0.001  0.005  0.001  0.001  0.002  0.985  0.006        1
 91:     0.016  0.006  0.000  0.002  0.000  0.954  0.022        1
 92:     0.061  0.010  0.018  0.020  0.087  0.804  0.001        1
 93:     0.000  0.024  0.000  0.045  0.001  0.909  0.021        1
 94:     0.070  0.001  0.006  0.015  0.008  0.895  0.006        1
 95:     0.001  0.003  0.019  0.030  0.018  0.886  0.043        1
 96:     0.008  0.002  0.003  0.002  0.000  0.984  0.000        1
 97:     0.006  0.022  0.000  0.012  0.011  0.946  0.005        1
 98:     0.005  0.018  0.003  0.014  0.000  0.955  0.006        1
 99:     0.000  0.000  0.001  0.000  0.000  0.997  0.001        1
100:     0.000  0.000  0.000  0.000  0.000  0.972  0.027        1
101:     0.102  0.009  0.002  0.031  0.034  0.772  0.049        1
102:     0.012  0.022  0.046  0.013  0.123  0.784  0.001        1
103:     0.001  0.000  0.016  0.006  0.000  0.976  0.002        1
104:     0.007  0.001  0.011  0.001  0.001  0.949  0.030        1
105:     0.000  0.020  0.004  0.040  0.006  0.910  0.019        1
106:     0.025  0.031  0.075  0.001  0.039  0.814  0.014        1
107:     0.001  0.020  0.000  0.005  0.000  0.973  0.001        1
108:     0.059  0.011  0.025  0.002  0.020  0.828  0.055        1
109:     0.000  0.019  0.061  0.049  0.053  0.773  0.044        1
110:     0.026  0.032  0.159  0.001  0.005  0.758  0.019        1
111:     0.006  0.014  0.006  0.000  0.004  0.963  0.008        1
112:     0.001  0.003  0.001  0.001  0.001  0.994  0.000        1
113:     0.001  0.000  0.004  0.027  0.003  0.964  0.001        1
114:     0.008  0.036  0.001  0.001  0.000  0.953  0.001        1
115:     0.012  0.010  0.000  0.000  0.000  0.960  0.017        1
116:     0.000  0.000  0.001  0.011  0.001  0.986  0.000        1
117:     0.002  0.003  0.021  0.054  0.007  0.913  0.001        1
118:     0.000  0.001  0.005  0.024  0.003  0.966  0.002        1
