

----------------------------------------------------
STRUCTURE by Pritchard, Stephens and Donnelly (2000)
     and Falush, Stephens and Pritchard (2003)
       Code by Pritchard, Falush and Hubisz
             Version 2.3.4 (Jul 2012)
----------------------------------------------------


Reading file "/workdir/yc2644/CV_CT_array/structure/threader_input/mainparams".
Reading file "/workdir/yc2644/CV_CT_array/structure/threader_input/extraparams".
Reading file "/workdir/yc2644/CV_CT_array/structure/threader_input/n1601.recode.strct_in".


Data file "/workdir/yc2644/CV_CT_array/structure/threader_input/n1601.recode.strct_in" (truncated) --

Ind:   Label Pop : Genotype_data . . . .
  1:  001s    1  :  2   1   2   2   2   1   2  . . . .   2
  1:  001s    1  :  2   2   2   2   2   2   2  . . . .   2
  2:  002s    1  :  2   2   2   2   1   1   2  . . . .   2
  2:  002s    1  :  2   2   2   2   2   2   2  . . . .   2
  3:  003s    1  :  1   2   1   2   2   2   2  . . . .   1
  3:  003s    1  :  2   2   1   2   2   2   2  . . . .   2
  4:  004s    1  :  1   1   2   2   1   2   2  . . . .   1
  4:  004s    1  :  2   1   2   2   2   2   2  . . . .   2

      *******   

1600:    49  192  :  2   2   2   2   2   1   2  . . . .   1
1600:    49  192  :  2   2   2   2   2   2   2  . . . .   2
1601:    50  192  :  2   1   2   2   1   2   2  . . . .   1
1601:    50  192  :  2   2   2   2   2   2   2  . . . .   2

Number of alleles per locus: min= 2; ave=2.0; max= 2


--------------------------------------

Finished initialization; starting MCMC 
100000 iterations + 10000 burnin


--------------------------------------------
Proportion of membership of each pre-defined
 population in each of the 7 clusters

Given    Inferred Clusters                                   Number of
 Pop       1      2      3      4      5      6      7      Individuals

  1:     0.159  0.180  0.159  0.100  0.156  0.162  0.083       54
  2:     0.194  0.163  0.148  0.095  0.171  0.150  0.079       30
  3:     0.064  0.055  0.099  0.091  0.087  0.071  0.534       30
  4:     0.063  0.045  0.066  0.067  0.075  0.044  0.640       20
  5:     0.081  0.046  0.082  0.058  0.076  0.066  0.592       30
  6:     0.148  0.187  0.147  0.105  0.178  0.157  0.078       43
  7:     0.174  0.180  0.152  0.093  0.149  0.181  0.072       44
  8:     0.136  0.138  0.165  0.072  0.224  0.221  0.044        4
  9:     0.195  0.213  0.118  0.091  0.146  0.183  0.054       22
 10:     0.176  0.225  0.149  0.105  0.164  0.124  0.055       24
 11:     0.152  0.190  0.178  0.090  0.172  0.141  0.077       54
 12:     0.177  0.171  0.170  0.094  0.149  0.168  0.073       37
 13:     0.145  0.181  0.161  0.108  0.171  0.147  0.088       42
 14:     0.161  0.202  0.143  0.098  0.167  0.152  0.076       42
 15:     0.141  0.173  0.181  0.100  0.192  0.137  0.077       49
 16:     0.153  0.186  0.165  0.093  0.167  0.151  0.084      124
 17:     0.166  0.189  0.155  0.091  0.179  0.143  0.077       24
 18:     0.163  0.185  0.183  0.104  0.167  0.131  0.066       34
 19:     0.144  0.166  0.182  0.094  0.152  0.182  0.079       52
 20:     0.050  0.098  0.277  0.145  0.180  0.203  0.048        1
 21:     0.124  0.135  0.080  0.143  0.147  0.331  0.040        1
 22:     0.060  0.106  0.128  0.038  0.401  0.225  0.042        1
 23:     0.120  0.193  0.167  0.158  0.100  0.151  0.111        1
 24:     0.054  0.305  0.178  0.142  0.104  0.154  0.063        1
 25:     0.126  0.171  0.141  0.114  0.156  0.168  0.123        1
 26:     0.080  0.232  0.257  0.121  0.117  0.062  0.132        1
 27:     0.222  0.110  0.080  0.139  0.236  0.115  0.098        1
 28:     0.081  0.038  0.196  0.123  0.300  0.236  0.026        1
 29:     0.173  0.033  0.348  0.074  0.114  0.229  0.028        1
 30:     0.135  0.150  0.129  0.134  0.147  0.175  0.131        1
 31:     0.113  0.112  0.263  0.065  0.057  0.188  0.200        1
 32:     0.169  0.112  0.180  0.113  0.108  0.251  0.067        1
 33:     0.143  0.259  0.113  0.117  0.154  0.106  0.109        1
 34:     0.382  0.227  0.064  0.096  0.061  0.102  0.068        1
 35:     0.063  0.368  0.241  0.055  0.006  0.197  0.069        1
 36:     0.003  0.221  0.076  0.152  0.195  0.250  0.104        1
 37:     0.177  0.198  0.124  0.087  0.249  0.067  0.098        1
 38:     0.127  0.159  0.183  0.106  0.177  0.137  0.111        1
 39:     0.101  0.119  0.164  0.078  0.222  0.264  0.052        1
 40:     0.145  0.338  0.126  0.093  0.064  0.138  0.095        1
 41:     0.064  0.151  0.257  0.179  0.226  0.095  0.027        1
 42:     0.190  0.149  0.101  0.135  0.134  0.217  0.073        1
 43:     0.072  0.250  0.117  0.139  0.173  0.177  0.073        1
 44:     0.279  0.078  0.184  0.029  0.152  0.148  0.130        1
 45:     0.226  0.098  0.181  0.053  0.117  0.259  0.066        1
 46:     0.178  0.166  0.118  0.134  0.119  0.192  0.093        1
 47:     0.167  0.173  0.190  0.128  0.209  0.071  0.062        1
 48:     0.157  0.146  0.146  0.117  0.228  0.139  0.067        1
 49:     0.385  0.040  0.141  0.121  0.130  0.147  0.034        1
 50:     0.267  0.184  0.073  0.100  0.110  0.007  0.258        1
 51:     0.077  0.108  0.168  0.134  0.291  0.046  0.177        1
 52:     0.146  0.140  0.182  0.125  0.121  0.199  0.087        1
 53:     0.039  0.203  0.329  0.147  0.073  0.123  0.087        1
 54:     0.067  0.015  0.134  0.491  0.199  0.066  0.028        1
 55:     0.148  0.064  0.025  0.538  0.033  0.169  0.022        1
 56:     0.130  0.149  0.042  0.405  0.180  0.057  0.037        1
 57:     0.066  0.112  0.150  0.451  0.063  0.095  0.064        1
 58:     0.000  0.062  0.023  0.435  0.021  0.408  0.052        1
 59:     0.065  0.160  0.113  0.455  0.034  0.081  0.091        1
 60:     0.096  0.022  0.040  0.563  0.039  0.127  0.113        1
 61:     0.048  0.056  0.112  0.507  0.048  0.185  0.044        1
 62:     0.194  0.016  0.205  0.053  0.090  0.099  0.344        1
 63:     0.003  0.005  0.017  0.654  0.017  0.209  0.096        1
 64:     0.012  0.026  0.021  0.631  0.017  0.226  0.068        1
 65:     0.092  0.018  0.109  0.543  0.046  0.160  0.031        1
 66:     0.037  0.038  0.114  0.467  0.025  0.248  0.071        1
 67:     0.106  0.019  0.038  0.456  0.112  0.215  0.054        1
 68:     0.110  0.022  0.003  0.454  0.104  0.251  0.056        1
 69:     0.112  0.012  0.186  0.578  0.047  0.040  0.026        1
 70:     0.029  0.136  0.184  0.500  0.101  0.023  0.027        1
 71:     0.007  0.034  0.056  0.376  0.032  0.425  0.070        1
 72:     0.034  0.128  0.056  0.490  0.048  0.179  0.065        1
 73:     0.025  0.015  0.100  0.601  0.014  0.213  0.032        1
 74:     0.111  0.073  0.111  0.337  0.133  0.153  0.081        1
 75:     0.125  0.060  0.024  0.628  0.010  0.088  0.065        1
 76:     0.025  0.039  0.116  0.066  0.076  0.222  0.457        1
 77:     0.069  0.003  0.131  0.531  0.087  0.130  0.047        1
 78:     0.022  0.062  0.041  0.391  0.172  0.175  0.137        1
 79:     0.043  0.098  0.029  0.588  0.025  0.124  0.092        1
 80:     0.103  0.069  0.112  0.461  0.095  0.098  0.061        1
 81:     0.017  0.074  0.091  0.597  0.018  0.161  0.042        1
 82:     0.091  0.092  0.020  0.365  0.111  0.257  0.064        1
 83:     0.022  0.053  0.081  0.512  0.069  0.220  0.042        1
 84:     0.026  0.021  0.036  0.718  0.005  0.074  0.120        1
 85:     0.036  0.007  0.019  0.692  0.074  0.077  0.095        1
 86:     0.074  0.046  0.078  0.631  0.034  0.071  0.066        1
 87:     0.073  0.018  0.060  0.690  0.069  0.054  0.037        1
 88:     0.009  0.049  0.041  0.600  0.025  0.225  0.050        1
 89:     0.022  0.048  0.020  0.651  0.089  0.131  0.039        1
 90:     0.039  0.059  0.031  0.649  0.014  0.090  0.118        1
 91:     0.065  0.028  0.049  0.620  0.067  0.109  0.061        1
 92:     0.073  0.056  0.080  0.572  0.041  0.109  0.069        1
 93:     0.082  0.014  0.057  0.625  0.066  0.043  0.113        1
 94:     0.071  0.005  0.050  0.545  0.101  0.158  0.069        1
 95:     0.074  0.029  0.026  0.648  0.010  0.158  0.056        1
 96:     0.018  0.054  0.013  0.809  0.011  0.059  0.037        1
 97:     0.081  0.009  0.004  0.721  0.075  0.033  0.076        1
 98:     0.020  0.008  0.020  0.630  0.032  0.238  0.053        1
 99:     0.011  0.024  0.054  0.725  0.012  0.100  0.075        1
100:     0.005  0.032  0.011  0.786  0.017  0.025  0.124        1
101:     0.106  0.065  0.013  0.575  0.044  0.133  0.065        1
102:     0.008  0.162  0.030  0.562  0.052  0.107  0.078        1
103:     0.088  0.046  0.036  0.625  0.091  0.057  0.057        1
104:     0.006  0.001  0.016  0.761  0.026  0.152  0.038        1
105:     0.114  0.015  0.010  0.678  0.011  0.049  0.124        1
106:     0.124  0.082  0.061  0.526  0.052  0.091  0.065        1
107:     0.075  0.027  0.062  0.623  0.039  0.102  0.072        1
108:     0.025  0.014  0.043  0.701  0.080  0.036  0.102        1
109:     0.012  0.026  0.112  0.620  0.060  0.153  0.018        1
110:     0.146  0.076  0.040  0.482  0.069  0.104  0.083        1
111:     0.121  0.022  0.058  0.605  0.045  0.093  0.055        1
112:     0.058  0.024  0.033  0.647  0.047  0.132  0.059        1
113:     0.067  0.042  0.048  0.662  0.050  0.046  0.085        1
114:     0.054  0.051  0.034  0.670  0.046  0.089  0.055        1
115:     0.049  0.024  0.077  0.664  0.012  0.132  0.042        1
116:     0.008  0.012  0.066  0.780  0.052  0.044  0.039        1
117:     0.076  0.059  0.056  0.611  0.028  0.072  0.097        1
118:     0.023  0.062  0.022  0.694  0.027  0.073  0.099        1
119:     0.276  0.004  0.010  0.621  0.038  0.042  0.009        1
120:     0.017  0.027  0.048  0.702  0.007  0.120  0.079        1
121:     0.020  0.009  0.057  0.673  0.032  0.180  0.029        1
122:     0.048  0.073  0.088  0.679  0.027  0.041  0.044        1
123:     0.034  0.022  0.037  0.652  0.025  0.164  0.065        1
124:     0.052  0.017  0.022  0.565  0.075  0.137  0.132        1
125:     0.014  0.029  0.024  0.793  0.058  0.029  0.053        1
126:     0.100  0.005  0.004  0.625  0.022  0.171  0.074        1
127:     0.034  0.009  0.053  0.738  0.030  0.084  0.051        1
128:     0.032  0.018  0.142  0.694  0.033  0.018  0.062        1
129:     0.034  0.014  0.027  0.767  0.018  0.090  0.051        1
130:     0.095  0.014  0.017  0.683  0.057  0.016  0.118        1
131:     0.001  0.056  0.016  0.719  0.028  0.153  0.028        1
132:     0.038  0.014  0.008  0.621  0.145  0.084  0.089        1
133:     0.011  0.024  0.036  0.624  0.126  0.014  0.165        1
134:     0.020  0.053  0.144  0.672  0.027  0.036  0.047        1
135:     0.144  0.019  0.019  0.515  0.096  0.171  0.036        1
136:     0.052  0.017  0.021  0.758  0.006  0.110  0.036        1
137:     0.034  0.069  0.036  0.698  0.055  0.033  0.075        1
138:     0.009  0.068  0.083  0.765  0.002  0.018  0.055        1
139:     0.043  0.005  0.055  0.672  0.025  0.095  0.106        1
140:     0.109  0.039  0.059  0.619  0.056  0.015  0.103        1
141:     0.043  0.003  0.025  0.731  0.043  0.079  0.077        1
142:     0.018  0.022  0.078  0.704  0.017  0.059  0.102        1
143:     0.047  0.002  0.044  0.595  0.077  0.124  0.111        1
144:     0.100  0.029  0.009  0.715  0.046  0.038  0.064        1
145:     0.002  0.072  0.002  0.738  0.004  0.114  0.069        1
146:     0.007  0.012  0.024  0.634  0.052  0.191  0.079        1
147:     0.043  0.060  0.042  0.632  0.063  0.064  0.095        1
148:     0.100  0.080  0.034  0.098  0.145  0.381  0.163        1
149:     0.116  0.124  0.117  0.134  0.173  0.173  0.164        1
150:     0.122  0.190  0.137  0.137  0.137  0.196  0.082        1
151:     0.170  0.130  0.189  0.154  0.173  0.121  0.062        1
152:     0.182  0.219  0.114  0.073  0.028  0.234  0.151        1
153:     0.139  0.229  0.194  0.115  0.158  0.088  0.078        1
154:     0.178  0.141  0.012  0.080  0.277  0.248  0.063        1
155:     0.100  0.122  0.247  0.115  0.189  0.165  0.061        1
156:     0.214  0.115  0.166  0.143  0.142  0.144  0.078        1
157:     0.095  0.058  0.287  0.132  0.087  0.260  0.081        1
158:     0.064  0.351  0.059  0.126  0.077  0.250  0.073        1
159:     0.068  0.218  0.255  0.114  0.105  0.223  0.019        1
160:     0.090  0.201  0.225  0.059  0.161  0.174  0.089        1
161:     0.135  0.166  0.051  0.171  0.127  0.274  0.077        1
162:     0.073  0.217  0.279  0.109  0.069  0.171  0.082        1
163:     0.134  0.135  0.159  0.108  0.136  0.217  0.110        1
164:     0.236  0.064  0.192  0.125  0.134  0.171  0.077        1
165:     0.124  0.145  0.157  0.162  0.157  0.172  0.083        1
166:     0.148  0.258  0.056  0.072  0.181  0.215  0.069        1
167:     0.100  0.146  0.150  0.136  0.181  0.194  0.094        1
168:     0.185  0.032  0.124  0.111  0.084  0.424  0.040        1
169:     0.133  0.283  0.093  0.090  0.237  0.106  0.058        1
170:     0.202  0.163  0.056  0.140  0.064  0.318  0.057        1
171:     0.136  0.235  0.221  0.104  0.062  0.227  0.015        1
172:     0.141  0.161  0.119  0.113  0.183  0.196  0.087        1
173:     0.185  0.173  0.189  0.028  0.295  0.087  0.042        1
174:     0.114  0.184  0.142  0.134  0.156  0.172  0.097        1
175:     0.158  0.189  0.160  0.101  0.152  0.153  0.087       50
176:     0.165  0.175  0.162  0.090  0.166  0.168  0.074       49
177:     0.161  0.196  0.150  0.104  0.156  0.161  0.073       50
178:     0.200  0.200  0.147  0.100  0.143  0.132  0.078       49
179:     0.185  0.135  0.156  0.095  0.202  0.151  0.076       23
180:     0.157  0.187  0.169  0.092  0.173  0.154  0.068       49
181:     0.035  0.031  0.038  0.043  0.030  0.025  0.799       30
182:     0.051  0.042  0.043  0.057  0.074  0.037  0.696       30
183:     0.156  0.166  0.152  0.089  0.170  0.149  0.117       34
184:     0.150  0.208  0.193  0.084  0.141  0.136  0.086       36
185:     0.175  0.179  0.170  0.091  0.154  0.144  0.086       40
186:     0.149  0.211  0.157  0.092  0.188  0.138  0.066       39
187:     0.127  0.201  0.176  0.109  0.150  0.156  0.082       37
188:     0.173  0.186  0.180  0.096  0.158  0.128  0.080       40
189:     0.117  0.184  0.165  0.099  0.177  0.167  0.091       35
190:     0.143  0.184  0.166  0.098  0.183  0.137  0.089       28
191:     0.168  0.149  0.187  0.091  0.171  0.158  0.076       36
192:     0.165  0.193  0.179  0.092  0.147  0.149  0.075       32
--------------------------------------------

 Rep#:   Lambda   Alpha      F1    F2    F3    F4    F5    F6    F7     D1,2  D1,3  D1,4  D1,5  D1,6  D1,7  D2,3  D2,4  D2,5  D2,6  D2,7  D3,4  D3,5  D3,6  D3,7  D4,5  D4,6  D4,7  D5,6  D5,7  D6,7    Ln Like 
  100:    1.00    1.525    0.009 0.008 0.010 0.199 0.010 0.011 0.268    0.003 0.003 0.037 0.003 0.003 0.043 0.003 0.038 0.003 0.003 0.042 0.038 0.003 0.003 0.042 0.037 0.036 0.065 0.003 0.042 0.043   --  
  200:    1.00    1.245    0.009 0.008 0.010 0.197 0.009 0.030 0.205    0.003 0.003 0.035 0.003 0.007 0.031 0.003 0.035 0.003 0.007 0.031 0.036 0.003 0.007 0.031 0.035 0.039 0.053 0.007 0.031 0.034   --  
  300:    1.00    1.051    0.009 0.008 0.010 0.184 0.009 0.246 0.186    0.003 0.003 0.034 0.003 0.040 0.030 0.003 0.033 0.003 0.040 0.029 0.033 0.003 0.040 0.030 0.033 0.057 0.048 0.040 0.029 0.052   --  
  400:    1.00    0.959    0.009 0.008 0.010 0.178 0.009 0.264 0.179    0.003 0.003 0.032 0.003 0.044 0.028 0.003 0.032 0.003 0.043 0.028 0.033 0.003 0.044 0.028 0.033 0.059 0.047 0.044 0.028 0.055   --  
  500:    1.00    0.895    0.009 0.008 0.010 0.174 0.009 0.267 0.175    0.003 0.003 0.031 0.003 0.044 0.027 0.003 0.031 0.003 0.044 0.027 0.032 0.003 0.044 0.027 0.031 0.059 0.045 0.044 0.027 0.055   --  
  600:    1.00    0.842    0.009 0.008 0.010 0.167 0.009 0.266 0.169    0.003 0.003 0.031 0.003 0.044 0.026 0.003 0.031 0.003 0.044 0.026 0.031 0.003 0.044 0.026 0.031 0.060 0.045 0.044 0.026 0.056   --  
  700:    1.00    0.819    0.009 0.008 0.010 0.163 0.009 0.267 0.170    0.003 0.003 0.030 0.003 0.044 0.026 0.003 0.030 0.003 0.044 0.026 0.030 0.003 0.044 0.026 0.030 0.060 0.044 0.044 0.026 0.056   --  
  800:    1.00    0.773    0.008 0.008 0.010 0.163 0.009 0.265 0.170    0.003 0.003 0.030 0.003 0.043 0.026 0.003 0.030 0.003 0.043 0.026 0.030 0.003 0.043 0.026 0.030 0.059 0.044 0.043 0.026 0.055   --  
  900:    1.00    0.744    0.008 0.008 0.010 0.163 0.009 0.262 0.167    0.003 0.003 0.030 0.003 0.043 0.026 0.003 0.029 0.003 0.042 0.025 0.030 0.003 0.043 0.026 0.030 0.059 0.044 0.043 0.025 0.055   --  

--------------------------------------------
Proportion of membership of each pre-defined
 population in each of the 7 clusters

Given    Inferred Clusters                                   Number of
 Pop       1      2      3      4      5      6      7      Individuals

  1:     0.204  0.192  0.202  0.059  0.195  0.076  0.072       54
  2:     0.231  0.176  0.185  0.055  0.197  0.087  0.069       30
  3:     0.027  0.025  0.111  0.060  0.028  0.057  0.692       30
  4:     0.021  0.011  0.016  0.081  0.018  0.030  0.823       20
  5:     0.042  0.015  0.039  0.087  0.034  0.032  0.751       30
  6:     0.192  0.220  0.203  0.061  0.189  0.073  0.062       43
  7:     0.213  0.182  0.178  0.055  0.244  0.071  0.057       44
  8:     0.152  0.153  0.253  0.046  0.281  0.088  0.027        4
  9:     0.268  0.267  0.156  0.048  0.164  0.079  0.019       22
 10:     0.185  0.274  0.179  0.052  0.207  0.073  0.031       24
 11:     0.185  0.235  0.185  0.057  0.206  0.070  0.061       54
 12:     0.179  0.216  0.212  0.050  0.213  0.076  0.055       37
 13:     0.187  0.230  0.196  0.057  0.180  0.073  0.077       42
 14:     0.206  0.226  0.169  0.047  0.213  0.077  0.061       42
 15:     0.187  0.200  0.206  0.057  0.214  0.071  0.066       49
 16:     0.189  0.213  0.178  0.057  0.219  0.073  0.070      124
 17:     0.229  0.186  0.209  0.057  0.178  0.077  0.065       24
 18:     0.170  0.207  0.207  0.055  0.230  0.083  0.047       34
 19:     0.204  0.217  0.189  0.053  0.192  0.076  0.068       52
 20:     0.094  0.093  0.273  0.066  0.356  0.078  0.041        1
 21:     0.189  0.316  0.067  0.125  0.217  0.054  0.033        1
 22:     0.189  0.179  0.032  0.034  0.434  0.080  0.051        1
 23:     0.264  0.093  0.201  0.066  0.249  0.064  0.064        1
 24:     0.013  0.401  0.182  0.052  0.209  0.094  0.049        1
 25:     0.302  0.182  0.137  0.111  0.128  0.027  0.114        1
 26:     0.086  0.370  0.298  0.074  0.012  0.099  0.061        1
 27:     0.244  0.125  0.073  0.070  0.380  0.069  0.039        1
 28:     0.133  0.002  0.299  0.063  0.389  0.091  0.023        1
 29:     0.084  0.113  0.357  0.063  0.282  0.084  0.017        1
 30:     0.217  0.118  0.310  0.074  0.087  0.075  0.118        1
 31:     0.036  0.200  0.418  0.046  0.057  0.031  0.211        1
 32:     0.207  0.301  0.261  0.044  0.056  0.070  0.060        1
 33:     0.139  0.342  0.160  0.032  0.101  0.105  0.122        1
 34:     0.238  0.099  0.003  0.075  0.444  0.122  0.020        1
 35:     0.081  0.520  0.149  0.080  0.112  0.042  0.016        1
 36:     0.010  0.209  0.159  0.077  0.378  0.084  0.082        1
 37:     0.372  0.085  0.307  0.079  0.097  0.048  0.013        1
 38:     0.263  0.105  0.196  0.123  0.180  0.060  0.073        1
 39:     0.139  0.183  0.310  0.074  0.124  0.129  0.041        1
 40:     0.192  0.225  0.151  0.081  0.189  0.090  0.073        1
 41:     0.140  0.370  0.248  0.042  0.112  0.083  0.005        1
 42:     0.216  0.101  0.160  0.080  0.295  0.068  0.080        1
 43:     0.081  0.544  0.069  0.044  0.116  0.081  0.066        1
 44:     0.248  0.021  0.218  0.019  0.264  0.087  0.142        1
 45:     0.277  0.160  0.134  0.042  0.271  0.099  0.017        1
 46:     0.214  0.134  0.250  0.119  0.136  0.093  0.055        1
 47:     0.444  0.159  0.061  0.041  0.197  0.062  0.037        1
 48:     0.322  0.275  0.076  0.068  0.191  0.064  0.004        1
 49:     0.179  0.311  0.154  0.066  0.184  0.067  0.039        1
 50:     0.237  0.034  0.202  0.080  0.030  0.091  0.326        1
 51:     0.201  0.257  0.005  0.067  0.176  0.088  0.205        1
 52:     0.152  0.341  0.168  0.104  0.070  0.099  0.065        1
 53:     0.008  0.455  0.230  0.079  0.106  0.052  0.069        1
 54:     0.000  0.003  0.000  0.006  0.000  0.988  0.001        1
 55:     0.001  0.002  0.000  0.003  0.004  0.989  0.000        1
 56:     0.025  0.009  0.027  0.024  0.057  0.829  0.029        1
 57:     0.010  0.013  0.029  0.000  0.005  0.943  0.000        1
 58:     0.012  0.047  0.010  0.003  0.005  0.901  0.020        1
 59:     0.026  0.063  0.003  0.002  0.005  0.862  0.039        1
 60:     0.002  0.000  0.001  0.001  0.003  0.978  0.015        1
 61:     0.002  0.001  0.003  0.001  0.001  0.986  0.007        1
 62:     0.107  0.107  0.130  0.058  0.137  0.015  0.446        1
 63:     0.002  0.000  0.002  0.017  0.039  0.921  0.018        1
 64:     0.000  0.000  0.000  0.000  0.003  0.996  0.000        1
 65:     0.001  0.001  0.000  0.000  0.000  0.997  0.002        1
 66:     0.005  0.000  0.007  0.005  0.001  0.961  0.020        1
 67:     0.011  0.073  0.138  0.091  0.004  0.612  0.071        1
 68:     0.001  0.005  0.001  0.008  0.008  0.932  0.044        1
 69:     0.007  0.002  0.002  0.005  0.004  0.972  0.009        1
 70:     0.072  0.023  0.023  0.021  0.040  0.793  0.028        1
 71:     0.000  0.000  0.003  0.000  0.000  0.995  0.002        1
 72:     0.001  0.002  0.000  0.000  0.000  0.996  0.001        1
 73:     0.004  0.000  0.000  0.001  0.000  0.993  0.000        1
 74:     0.042  0.116  0.008  0.003  0.012  0.781  0.038        1
 75:     0.001  0.000  0.000  0.001  0.001  0.994  0.003        1
 76:     0.152  0.058  0.028  0.139  0.033  0.005  0.584        1
 77:     0.001  0.002  0.002  0.001  0.000  0.991  0.004        1
 78:     0.008  0.034  0.043  0.011  0.013  0.819  0.072        1
 79:     0.001  0.000  0.003  0.000  0.000  0.995  0.000        1
 80:     0.004  0.010  0.003  0.000  0.005  0.958  0.019        1
 81:     0.004  0.000  0.000  0.001  0.001  0.993  0.000        1
 82:     0.015  0.190  0.025  0.131  0.036  0.530  0.073        1
 83:     0.002  0.005  0.001  0.000  0.002  0.988  0.002        1
 84:     0.007  0.014  0.013  0.934  0.010  0.015  0.008        1
 85:     0.010  0.016  0.002  0.919  0.014  0.002  0.037        1
 86:     0.058  0.048  0.019  0.826  0.023  0.017  0.009        1
 87:     0.005  0.000  0.000  0.966  0.006  0.006  0.016        1
 88:     0.005  0.004  0.005  0.947  0.025  0.014  0.000        1
 89:     0.001  0.000  0.047  0.924  0.005  0.013  0.009        1
 90:     0.004  0.005  0.002  0.964  0.001  0.009  0.015        1
 91:     0.025  0.000  0.001  0.930  0.027  0.011  0.007        1
 92:     0.004  0.001  0.029  0.801  0.137  0.009  0.019        1
 93:     0.003  0.001  0.005  0.916  0.003  0.002  0.070        1
 94:     0.029  0.019  0.000  0.891  0.024  0.009  0.027        1
 95:     0.031  0.006  0.014  0.897  0.010  0.009  0.033        1
 96:     0.002  0.001  0.001  0.971  0.004  0.002  0.018        1
 97:     0.003  0.003  0.000  0.915  0.004  0.036  0.038        1
 98:     0.007  0.006  0.027  0.913  0.008  0.016  0.022        1
 99:     0.003  0.002  0.000  0.992  0.000  0.002  0.000        1
100:     0.000  0.001  0.000  0.985  0.001  0.009  0.004        1
101:     0.011  0.058  0.027  0.735  0.107  0.030  0.032        1
102:     0.059  0.055  0.009  0.763  0.054  0.053  0.008        1
103:     0.019  0.011  0.003  0.951  0.002  0.006  0.007        1
104:     0.004  0.000  0.018  0.938  0.006  0.033  0.002        1
105:     0.004  0.001  0.000  0.869  0.011  0.059  0.055        1
106:     0.095  0.034  0.023  0.778  0.041  0.020  0.009        1
107:     0.017  0.012  0.009  0.938  0.003  0.013  0.007        1
108:     0.022  0.006  0.030  0.833  0.090  0.005  0.014        1
109:     0.031  0.013  0.072  0.722  0.028  0.027  0.107        1
110:     0.116  0.029  0.037  0.737  0.036  0.035  0.010        1
111:     0.025  0.029  0.003  0.934  0.004  0.000  0.005        1
112:     0.000  0.000  0.005  0.982  0.005  0.004  0.004        1
113:     0.008  0.000  0.000  0.939  0.002  0.008  0.044        1
114:     0.001  0.007  0.011  0.940  0.018  0.022  0.001        1
115:     0.031  0.008  0.031  0.894  0.028  0.004  0.004        1
116:     0.002  0.005  0.017  0.961  0.001  0.005  0.009        1
117:     0.011  0.014  0.001  0.924  0.001  0.001  0.048        1
118:     0.002  0.015  0.005  0.934  0.008  0.034  0.003        1
119:     0.025  0.000  0.031  0.862  0.048  0.028  0.005        1
120:     0.022  0.008  0.009  0.925  0.004  0.028  0.003        1
121:     0.001  0.023  0.014  0.936  0.016  0.002  0.007        1
122:     0.000  0.005  0.025  0.924  0.022  0.021  0.002        1
123:     0.000  0.000  0.005  0.975  0.007  0.010  0.003        1
124:     0.029  0.001  0.019  0.809  0.027  0.013  0.102        1
125:     0.005  0.016  0.004  0.964  0.002  0.000  0.009        1
126:     0.016  0.005  0.001  0.866  0.084  0.021  0.008        1
127:     0.023  0.016  0.014  0.891  0.000  0.040  0.015        1
128:     0.001  0.005  0.037  0.943  0.002  0.007  0.005        1
129:     0.001  0.000  0.001  0.995  0.000  0.002  0.001        1
130:     0.032  0.000  0.014  0.874  0.000  0.014  0.066        1
131:     0.001  0.001  0.000  0.977  0.000  0.018  0.003        1
132:     0.005  0.003  0.051  0.781  0.063  0.013  0.085        1
133:     0.014  0.004  0.017  0.873  0.005  0.001  0.086        1
134:     0.034  0.026  0.016  0.785  0.079  0.035  0.024        1
135:     0.077  0.008  0.004  0.786  0.059  0.014  0.052        1
136:     0.001  0.001  0.000  0.990  0.001  0.004  0.003        1
137:     0.001  0.004  0.003  0.973  0.000  0.017  0.001        1
138:     0.001  0.003  0.002  0.970  0.000  0.022  0.003        1
139:     0.002  0.008  0.005  0.886  0.010  0.027  0.063        1
140:     0.025  0.014  0.018  0.851  0.016  0.033  0.044        1
141:     0.008  0.003  0.007  0.959  0.001  0.007  0.015        1
142:     0.018  0.117  0.000  0.820  0.005  0.018  0.023        1
143:     0.001  0.015  0.004  0.927  0.002  0.013  0.038        1
144:     0.005  0.007  0.001  0.956  0.023  0.000  0.007        1
145:     0.005  0.004  0.008  0.973  0.000  0.004  0.005        1
146:     0.002  0.005  0.009  0.910  0.043  0.004  0.026        1
147:     0.001  0.000  0.005  0.980  0.001  0.001  0.013        1
148:     0.075  0.172  0.001  0.137  0.412  0.082  0.122        1
149:     0.074  0.205  0.269  0.124  0.113  0.054  0.161        1
150:     0.240  0.410  0.000  0.116  0.153  0.069  0.012        1
151:     0.055  0.407  0.203  0.047  0.160  0.090  0.037        1
152:     0.394  0.057  0.054  0.076  0.244  0.069  0.106        1
153:     0.248  0.214  0.226  0.053  0.103  0.096  0.061        1
154:     0.382  0.115  0.054  0.071  0.249  0.098  0.031        1
155:     0.293  0.110  0.241  0.071  0.162  0.083  0.040        1
156:     0.510  0.125  0.005  0.032  0.164  0.075  0.088        1
157:     0.547  0.014  0.023  0.047  0.252  0.059  0.058        1
158:     0.187  0.275  0.288  0.068  0.024  0.109  0.050        1
159:     0.346  0.185  0.157  0.063  0.153  0.094  0.003        1
160:     0.109  0.338  0.075  0.036  0.277  0.069  0.096        1
161:     0.297  0.149  0.051  0.092  0.234  0.098  0.080        1
162:     0.035  0.418  0.187  0.025  0.167  0.126  0.042        1
163:     0.171  0.343  0.100  0.105  0.062  0.113  0.107        1
164:     0.290  0.081  0.324  0.092  0.063  0.070  0.080        1
165:     0.183  0.148  0.222  0.121  0.112  0.107  0.107        1
166:     0.181  0.329  0.035  0.010  0.266  0.077  0.101        1
167:     0.356  0.194  0.161  0.026  0.076  0.116  0.070        1
168:     0.031  0.281  0.457  0.055  0.077  0.083  0.015        1
169:     0.289  0.168  0.065  0.095  0.244  0.091  0.048        1
170:     0.258  0.412  0.028  0.057  0.125  0.091  0.027        1
171:     0.473  0.156  0.063  0.064  0.117  0.099  0.027        1
172:     0.345  0.126  0.067  0.042  0.229  0.094  0.097        1
173:     0.204  0.351  0.023  0.075  0.240  0.060  0.048        1
174:     0.145  0.242  0.091  0.100  0.294  0.074  0.053        1
175:     0.218  0.217  0.212  0.053  0.161  0.073  0.066       50
176:     0.202  0.213  0.206  0.052  0.196  0.076  0.055       49
177:     0.188  0.234  0.186  0.051  0.207  0.074  0.060       50
178:     0.228  0.239  0.178  0.048  0.166  0.074  0.067       49
179:     0.247  0.194  0.138  0.054  0.223  0.075  0.069       23
180:     0.208  0.201  0.188  0.055  0.219  0.072  0.057       49
181:     0.004  0.005  0.003  0.002  0.003  0.004  0.980       30
182:     0.005  0.009  0.013  0.008  0.008  0.011  0.946       30
183:     0.257  0.138  0.188  0.075  0.165  0.063  0.114       34
184:     0.142  0.242  0.289  0.052  0.143  0.069  0.063       36
185:     0.165  0.200  0.258  0.061  0.182  0.067  0.066       40
186:     0.174  0.238  0.229  0.049  0.183  0.076  0.050       39
187:     0.169  0.231  0.232  0.058  0.167  0.080  0.063       37
188:     0.180  0.205  0.246  0.049  0.171  0.073  0.076       40
189:     0.145  0.213  0.251  0.051  0.199  0.073  0.067       35
190:     0.160  0.191  0.230  0.048  0.221  0.074  0.076       28
191:     0.140  0.214  0.274  0.051  0.185  0.075  0.062       36
192:     0.184  0.232  0.246  0.043  0.156  0.077  0.061       32
--------------------------------------------

 Rep#:   Lambda   Alpha      F1    F2    F3    F4    F5    F6    F7     D1,2  D1,3  D1,4  D1,5  D1,6  D1,7  D2,3  D2,4  D2,5  D2,6  D2,7  D3,4  D3,5  D3,6  D3,7  D4,5  D4,6  D4,7  D5,6  D5,7  D6,7    Ln Like 
 1000:    1.00    0.728    0.009 0.008 0.010 0.162 0.009 0.258 0.163    0.003 0.003 0.030 0.003 0.043 0.025 0.003 0.029 0.003 0.042 0.025 0.030 0.003 0.043 0.026 0.030 0.059 0.044 0.043 0.025 0.055   --  
 1100:    1.00    0.687    0.009 0.008 0.011 0.162 0.010 0.255 0.164    0.003 0.003 0.029 0.003 0.042 0.025 0.003 0.029 0.003 0.042 0.025 0.029 0.003 0.042 0.026 0.029 0.059 0.044 0.042 0.025 0.055   --  
 1200:    1.00    0.670    0.009 0.008 0.011 0.162 0.010 0.260 0.166    0.003 0.003 0.029 0.003 0.041 0.025 0.003 0.029 0.003 0.041 0.025 0.029 0.003 0.042 0.025 0.029 0.059 0.044 0.042 0.025 0.055   --  
 1300:    1.00    0.646    0.009 0.008 0.011 0.160 0.010 0.256 0.163    0.003 0.003 0.029 0.003 0.041 0.025 0.003 0.028 0.003 0.041 0.024 0.029 0.003 0.041 0.025 0.028 0.058 0.044 0.041 0.025 0.055   --  
 1400:    1.00    0.619    0.009 0.008 0.011 0.158 0.009 0.256 0.162    0.003 0.003 0.028 0.003 0.041 0.025 0.003 0.028 0.003 0.041 0.024 0.029 0.003 0.042 0.025 0.029 0.059 0.044 0.041 0.025 0.055   --  
 1500:    1.00    0.590    0.009 0.008 0.011 0.160 0.009 0.256 0.157    0.003 0.003 0.028 0.003 0.041 0.025 0.003 0.028 0.003 0.041 0.024 0.029 0.003 0.042 0.025 0.028 0.059 0.044 0.041 0.025 0.055   --  
 1600:    1.00    0.569    0.009 0.008 0.011 0.159 0.009 0.257 0.160    0.003 0.003 0.028 0.003 0.040 0.024 0.003 0.028 0.003 0.040 0.024 0.028 0.003 0.041 0.025 0.028 0.058 0.044 0.041 0.024 0.055   --  
 1700:    1.00    0.549    0.009 0.008 0.011 0.153 0.009 0.254 0.162    0.003 0.003 0.028 0.003 0.041 0.024 0.003 0.027 0.003 0.040 0.024 0.028 0.003 0.041 0.025 0.028 0.059 0.044 0.041 0.025 0.055   --  
 1800:    1.00    0.530    0.009 0.008 0.012 0.155 0.010 0.254 0.161    0.003 0.003 0.028 0.003 0.040 0.024 0.003 0.027 0.003 0.040 0.024 0.028 0.003 0.041 0.025 0.028 0.059 0.044 0.040 0.024 0.055   --  
 1900:    1.00    0.524    0.009 0.008 0.012 0.153 0.010 0.251 0.162    0.003 0.003 0.028 0.003 0.040 0.024 0.003 0.027 0.003 0.040 0.024 0.028 0.003 0.040 0.025 0.028 0.059 0.044 0.040 0.024 0.055   --  

--------------------------------------------
Proportion of membership of each pre-defined
 population in each of the 7 clusters

Given    Inferred Clusters                                   Number of
 Pop       1      2      3      4      5      6      7      Individuals

  1:     0.236  0.210  0.196  0.032  0.225  0.043  0.059       54
  2:     0.248  0.230  0.191  0.034  0.193  0.053  0.051       30
  3:     0.013  0.021  0.142  0.055  0.030  0.048  0.691       30
  4:     0.024  0.010  0.010  0.084  0.034  0.022  0.817       20
  5:     0.053  0.009  0.025  0.080  0.054  0.021  0.758       30
  6:     0.211  0.216  0.232  0.038  0.212  0.040  0.051       43
  7:     0.241  0.201  0.174  0.029  0.271  0.040  0.045       44
  8:     0.200  0.249  0.274  0.037  0.165  0.051  0.024        4
  9:     0.232  0.356  0.173  0.030  0.161  0.039  0.010       22
 10:     0.231  0.319  0.191  0.027  0.167  0.046  0.020       24
 11:     0.202  0.271  0.190  0.035  0.220  0.035  0.046       54
 12:     0.196  0.242  0.224  0.027  0.226  0.044  0.041       37
 13:     0.200  0.271  0.210  0.034  0.185  0.046  0.053       42
 14:     0.237  0.260  0.171  0.028  0.218  0.039  0.047       42
 15:     0.207  0.228  0.217  0.032  0.220  0.045  0.050       49
 16:     0.206  0.244  0.173  0.034  0.246  0.041  0.055      124
 17:     0.253  0.189  0.232  0.037  0.197  0.046  0.047       24
 18:     0.187  0.222  0.192  0.034  0.278  0.049  0.037       34
 19:     0.239  0.225  0.189  0.031  0.222  0.044  0.049       52
 20:     0.116  0.250  0.214  0.064  0.280  0.052  0.024        1
 21:     0.067  0.198  0.009  0.097  0.582  0.047  0.001        1
 22:     0.313  0.195  0.061  0.034  0.327  0.053  0.018        1
 23:     0.246  0.031  0.301  0.100  0.182  0.048  0.091        1
 24:     0.020  0.263  0.134  0.020  0.487  0.073  0.002        1
 25:     0.129  0.250  0.290  0.039  0.181  0.037  0.074        1
 26:     0.024  0.428  0.350  0.070  0.008  0.084  0.035        1
 27:     0.129  0.086  0.293  0.051  0.336  0.052  0.054        1
 28:     0.151  0.003  0.307  0.038  0.393  0.067  0.041        1
 29:     0.226  0.018  0.385  0.052  0.253  0.065  0.001        1
 30:     0.501  0.081  0.031  0.061  0.208  0.049  0.071        1
 31:     0.096  0.227  0.302  0.062  0.066  0.065  0.182        1
 32:     0.382  0.227  0.302  0.039  0.009  0.031  0.009        1
 33:     0.245  0.318  0.084  0.020  0.178  0.079  0.077        1
 34:     0.402  0.078  0.001  0.039  0.372  0.077  0.031        1
 35:     0.114  0.568  0.094  0.036  0.118  0.055  0.016        1
 36:     0.001  0.471  0.142  0.072  0.229  0.035  0.049        1
 37:     0.308  0.063  0.389  0.044  0.149  0.024  0.023        1
 38:     0.236  0.051  0.249  0.039  0.307  0.049  0.069        1
 39:     0.019  0.296  0.345  0.074  0.177  0.083  0.005        1
 40:     0.054  0.262  0.220  0.114  0.184  0.083  0.083        1
 41:     0.179  0.305  0.225  0.033  0.186  0.064  0.008        1
 42:     0.321  0.157  0.116  0.033  0.227  0.064  0.083        1
 43:     0.004  0.702  0.006  0.045  0.201  0.038  0.003        1
 44:     0.017  0.122  0.292  0.050  0.385  0.032  0.103        1
 45:     0.345  0.023  0.283  0.026  0.172  0.113  0.039        1
 46:     0.312  0.099  0.151  0.101  0.295  0.017  0.025        1
 47:     0.484  0.274  0.030  0.048  0.099  0.047  0.019        1
 48:     0.596  0.309  0.000  0.003  0.018  0.056  0.019        1
 49:     0.049  0.468  0.306  0.027  0.091  0.032  0.027        1
 50:     0.340  0.064  0.064  0.056  0.077  0.049  0.351        1
 51:     0.271  0.201  0.040  0.071  0.173  0.069  0.175        1
 52:     0.259  0.250  0.207  0.068  0.102  0.074  0.041        1
 53:     0.049  0.289  0.069  0.072  0.385  0.037  0.098        1
 54:     0.004  0.003  0.012  0.000  0.000  0.978  0.002        1
 55:     0.004  0.000  0.004  0.000  0.000  0.992  0.000        1
 56:     0.057  0.016  0.000  0.004  0.089  0.829  0.003        1
 57:     0.017  0.019  0.007  0.000  0.023  0.932  0.002        1
 58:     0.005  0.080  0.003  0.009  0.000  0.901  0.002        1
 59:     0.014  0.079  0.000  0.017  0.000  0.861  0.029        1
 60:     0.000  0.003  0.000  0.000  0.005  0.988  0.004        1
 61:     0.002  0.000  0.000  0.000  0.000  0.996  0.001        1
 62:     0.468  0.037  0.004  0.059  0.030  0.003  0.399        1
 63:     0.000  0.015  0.000  0.035  0.053  0.893  0.004        1
 64:     0.000  0.000  0.000  0.000  0.001  0.999  0.000        1
 65:     0.000  0.000  0.001  0.000  0.000  0.998  0.000        1
 66:     0.004  0.000  0.014  0.003  0.025  0.946  0.008        1
 67:     0.059  0.145  0.089  0.106  0.008  0.587  0.004        1
 68:     0.019  0.008  0.038  0.005  0.003  0.919  0.007        1
 69:     0.003  0.009  0.000  0.016  0.000  0.959  0.012        1
 70:     0.007  0.078  0.023  0.005  0.110  0.773  0.005        1
 71:     0.001  0.000  0.003  0.000  0.000  0.995  0.000        1
 72:     0.001  0.001  0.000  0.000  0.002  0.996  0.000        1
 73:     0.002  0.001  0.000  0.000  0.003  0.994  0.000        1
 74:     0.020  0.133  0.023  0.009  0.044  0.748  0.024        1
 75:     0.000  0.000  0.000  0.000  0.000  0.999  0.000        1
 76:     0.277  0.050  0.000  0.115  0.016  0.000  0.541        1
 77:     0.000  0.004  0.001  0.000  0.000  0.994  0.000        1
 78:     0.005  0.030  0.122  0.002  0.002  0.786  0.053        1
 79:     0.000  0.000  0.001  0.003  0.000  0.995  0.001        1
 80:     0.036  0.001  0.001  0.003  0.001  0.955  0.003        1
 81:     0.000  0.000  0.001  0.000  0.001  0.998  0.000        1
 82:     0.016  0.207  0.009  0.146  0.081  0.476  0.065        1
 83:     0.000  0.001  0.002  0.003  0.000  0.992  0.003        1
 84:     0.017  0.000  0.000  0.942  0.000  0.013  0.028        1
 85:     0.000  0.038  0.003  0.917  0.002  0.003  0.036        1
 86:     0.015  0.105  0.008  0.827  0.013  0.011  0.021        1
 87:     0.006  0.005  0.009  0.959  0.015  0.000  0.005        1
 88:     0.001  0.005  0.000  0.979  0.001  0.012  0.001        1
 89:     0.019  0.001  0.039  0.934  0.003  0.003  0.000        1
 90:     0.002  0.005  0.000  0.964  0.001  0.000  0.028        1
 91:     0.013  0.013  0.001  0.942  0.024  0.003  0.004        1
 92:     0.134  0.031  0.011  0.790  0.020  0.006  0.008        1
 93:     0.000  0.000  0.003  0.921  0.000  0.009  0.067        1
 94:     0.009  0.006  0.026  0.909  0.009  0.004  0.037        1
 95:     0.008  0.004  0.000  0.876  0.026  0.022  0.064        1
 96:     0.012  0.000  0.003  0.983  0.002  0.000  0.000        1
 97:     0.007  0.001  0.005  0.940  0.000  0.008  0.038        1
 98:     0.014  0.013  0.001  0.957  0.001  0.002  0.013        1
 99:     0.004  0.001  0.002  0.992  0.000  0.001  0.001        1
100:     0.002  0.001  0.000  0.986  0.005  0.005  0.001        1
101:     0.012  0.022  0.020  0.788  0.094  0.032  0.032        1
102:     0.033  0.065  0.064  0.753  0.047  0.027  0.011        1
103:     0.009  0.022  0.013  0.948  0.000  0.005  0.003        1
104:     0.001  0.005  0.013  0.959  0.001  0.017  0.005        1
105:     0.001  0.012  0.003  0.869  0.001  0.055  0.059        1
106:     0.049  0.073  0.012  0.796  0.052  0.018  0.000        1
107:     0.032  0.001  0.003  0.960  0.004  0.000  0.000        1
108:     0.007  0.050  0.018  0.845  0.033  0.000  0.047        1
109:     0.044  0.000  0.098  0.732  0.030  0.010  0.087        1
110:     0.079  0.001  0.023  0.740  0.122  0.031  0.003        1
111:     0.004  0.001  0.009  0.949  0.006  0.008  0.023        1
112:     0.002  0.001  0.002  0.989  0.002  0.002  0.002        1
113:     0.007  0.007  0.004  0.945  0.003  0.004  0.030        1
114:     0.009  0.005  0.002  0.980  0.001  0.002  0.001        1
115:     0.025  0.023  0.027  0.920  0.001  0.004  0.000        1
116:     0.005  0.003  0.000  0.990  0.000  0.000  0.002        1
117:     0.013  0.016  0.001  0.904  0.000  0.000  0.066        1
118:     0.000  0.003  0.010  0.954  0.013  0.017  0.002        1
