

----------------------------------------------------
STRUCTURE by Pritchard, Stephens and Donnelly (2000)
     and Falush, Stephens and Pritchard (2003)
       Code by Pritchard, Falush and Hubisz
             Version 2.3.4 (Jul 2012)
----------------------------------------------------


Reading file "/workdir/yc2644/CV_CT_array/structure/threader_input/mainparams".
Reading file "/workdir/yc2644/CV_CT_array/structure/threader_input/extraparams".
Reading file "/workdir/yc2644/CV_CT_array/structure/threader_input/n1601.recode.strct_in".


Data file "/workdir/yc2644/CV_CT_array/structure/threader_input/n1601.recode.strct_in" (truncated) --

Ind:   Label Pop : Genotype_data . . . .
  1:  001s    1  :  2   1   2   2   2   1   2  . . . .   2
  1:  001s    1  :  2   2   2   2   2   2   2  . . . .   2
  2:  002s    1  :  2   2   2   2   1   1   2  . . . .   2
  2:  002s    1  :  2   2   2   2   2   2   2  . . . .   2
  3:  003s    1  :  1   2   1   2   2   2   2  . . . .   1
  3:  003s    1  :  2   2   1   2   2   2   2  . . . .   2
  4:  004s    1  :  1   1   2   2   1   2   2  . . . .   1
  4:  004s    1  :  2   1   2   2   2   2   2  . . . .   2

      *******   

1600:    49  192  :  2   2   2   2   2   1   2  . . . .   1
1600:    49  192  :  2   2   2   2   2   2   2  . . . .   2
1601:    50  192  :  2   1   2   2   1   2   2  . . . .   1
1601:    50  192  :  2   2   2   2   2   2   2  . . . .   2

Number of alleles per locus: min= 2; ave=2.0; max= 2


--------------------------------------

Finished initialization; starting MCMC 
100000 iterations + 10000 burnin


--------------------------------------------
Proportion of membership of each pre-defined
 population in each of the 7 clusters

Given    Inferred Clusters                                   Number of
 Pop       1      2      3      4      5      6      7      Individuals

  1:     0.157  0.180  0.141  0.175  0.136  0.084  0.126       54
  2:     0.169  0.143  0.145  0.202  0.141  0.080  0.120       30
  3:     0.083  0.099  0.094  0.067  0.062  0.514  0.081       30
  4:     0.071  0.070  0.199  0.030  0.054  0.495  0.082       20
  5:     0.072  0.091  0.166  0.038  0.054  0.478  0.100       30
  6:     0.148  0.174  0.161  0.207  0.121  0.075  0.114       43
  7:     0.149  0.149  0.171  0.198  0.138  0.074  0.122       44
  8:     0.239  0.214  0.149  0.155  0.084  0.060  0.099        4
  9:     0.160  0.163  0.123  0.259  0.137  0.053  0.106       22
 10:     0.171  0.177  0.147  0.191  0.157  0.049  0.109       24
 11:     0.145  0.201  0.156  0.173  0.137  0.071  0.118       54
 12:     0.168  0.161  0.147  0.234  0.112  0.068  0.111       37
 13:     0.174  0.165  0.132  0.193  0.143  0.081  0.114       42
 14:     0.188  0.139  0.148  0.198  0.122  0.079  0.126       42
 15:     0.161  0.178  0.137  0.190  0.134  0.082  0.117       49
 16:     0.161  0.165  0.148  0.184  0.147  0.081  0.114      124
 17:     0.165  0.165  0.141  0.213  0.116  0.078  0.122       24
 18:     0.164  0.162  0.164  0.188  0.153  0.068  0.103       34
 19:     0.153  0.177  0.141  0.191  0.133  0.081  0.124       52
 20:     0.231  0.127  0.110  0.273  0.128  0.055  0.076        1
 21:     0.392  0.011  0.017  0.236  0.222  0.025  0.097        1
 22:     0.278  0.065  0.093  0.186  0.092  0.040  0.247        1
 23:     0.178  0.130  0.211  0.044  0.190  0.060  0.188        1
 24:     0.137  0.042  0.093  0.432  0.106  0.050  0.141        1
 25:     0.144  0.282  0.063  0.185  0.094  0.107  0.124        1
 26:     0.102  0.096  0.089  0.345  0.122  0.079  0.168        1
 27:     0.114  0.104  0.147  0.234  0.120  0.112  0.170        1
 28:     0.167  0.045  0.180  0.306  0.120  0.073  0.110        1
 29:     0.062  0.182  0.374  0.086  0.085  0.049  0.163        1
 30:     0.114  0.156  0.081  0.114  0.290  0.114  0.131        1
 31:     0.038  0.216  0.219  0.121  0.056  0.176  0.173        1
 32:     0.126  0.100  0.292  0.286  0.031  0.019  0.146        1
 33:     0.139  0.139  0.160  0.186  0.139  0.134  0.103        1
 34:     0.466  0.006  0.141  0.046  0.089  0.035  0.218        1
 35:     0.233  0.157  0.021  0.386  0.137  0.022  0.045        1
 36:     0.179  0.166  0.095  0.384  0.036  0.090  0.050        1
 37:     0.070  0.076  0.174  0.455  0.048  0.051  0.127        1
 38:     0.225  0.226  0.010  0.224  0.058  0.041  0.215        1
 39:     0.145  0.291  0.247  0.113  0.106  0.043  0.055        1
 40:     0.220  0.091  0.151  0.149  0.138  0.104  0.148        1
 41:     0.338  0.105  0.048  0.124  0.068  0.072  0.245        1
 42:     0.130  0.091  0.219  0.141  0.264  0.016  0.139        1
 43:     0.282  0.132  0.091  0.143  0.181  0.061  0.111        1
 44:     0.161  0.207  0.052  0.243  0.087  0.102  0.149        1
 45:     0.264  0.246  0.011  0.320  0.027  0.052  0.081        1
 46:     0.347  0.191  0.033  0.168  0.169  0.053  0.039        1
 47:     0.054  0.127  0.018  0.512  0.033  0.065  0.191        1
 48:     0.044  0.210  0.111  0.393  0.125  0.073  0.044        1
 49:     0.125  0.254  0.179  0.023  0.218  0.032  0.169        1
 50:     0.135  0.197  0.169  0.060  0.127  0.223  0.088        1
 51:     0.127  0.177  0.094  0.145  0.182  0.172  0.103        1
 52:     0.153  0.105  0.125  0.119  0.208  0.109  0.181        1
 53:     0.142  0.121  0.168  0.131  0.172  0.094  0.171        1
 54:     0.046  0.102  0.051  0.070  0.527  0.087  0.117        1
 55:     0.078  0.097  0.031  0.043  0.677  0.019  0.055        1
 56:     0.145  0.110  0.066  0.159  0.295  0.079  0.146        1
 57:     0.007  0.014  0.029  0.217  0.575  0.085  0.073        1
 58:     0.059  0.012  0.042  0.002  0.784  0.051  0.051        1
 59:     0.068  0.029  0.129  0.142  0.586  0.033  0.013        1
 60:     0.069  0.022  0.040  0.153  0.633  0.063  0.021        1
 61:     0.066  0.060  0.078  0.064  0.605  0.078  0.050        1
 62:     0.029  0.095  0.240  0.150  0.079  0.310  0.098        1
 63:     0.153  0.033  0.020  0.143  0.562  0.041  0.047        1
 64:     0.039  0.020  0.052  0.022  0.715  0.065  0.087        1
 65:     0.089  0.026  0.130  0.017  0.665  0.046  0.027        1
 66:     0.003  0.044  0.048  0.093  0.750  0.030  0.032        1
 67:     0.047  0.067  0.019  0.127  0.651  0.081  0.008        1
 68:     0.042  0.088  0.013  0.047  0.681  0.086  0.042        1
 69:     0.057  0.072  0.093  0.107  0.487  0.086  0.097        1
 70:     0.167  0.190  0.108  0.027  0.380  0.100  0.029        1
 71:     0.040  0.062  0.044  0.009  0.767  0.067  0.011        1
 72:     0.031  0.008  0.050  0.053  0.794  0.049  0.014        1
 73:     0.040  0.008  0.030  0.012  0.802  0.037  0.070        1
 74:     0.061  0.031  0.025  0.054  0.643  0.084  0.102        1
 75:     0.014  0.016  0.027  0.070  0.689  0.041  0.143        1
 76:     0.066  0.047  0.201  0.058  0.072  0.435  0.121        1
 77:     0.024  0.039  0.029  0.043  0.742  0.086  0.038        1
 78:     0.134  0.104  0.078  0.139  0.351  0.098  0.095        1
 79:     0.023  0.053  0.026  0.019  0.781  0.083  0.016        1
 80:     0.025  0.023  0.085  0.017  0.791  0.031  0.028        1
 81:     0.035  0.006  0.052  0.018  0.737  0.022  0.131        1
 82:     0.116  0.091  0.115  0.096  0.339  0.095  0.148        1
 83:     0.052  0.013  0.118  0.056  0.710  0.042  0.010        1
 84:     0.115  0.062  0.019  0.045  0.194  0.091  0.473        1
 85:     0.070  0.078  0.012  0.011  0.074  0.066  0.688        1
 86:     0.031  0.017  0.044  0.165  0.138  0.050  0.555        1
 87:     0.017  0.069  0.018  0.056  0.281  0.034  0.526        1
 88:     0.006  0.011  0.088  0.051  0.192  0.044  0.608        1
 89:     0.135  0.056  0.034  0.063  0.015  0.056  0.640        1
 90:     0.132  0.040  0.034  0.047  0.104  0.079  0.564        1
 91:     0.058  0.062  0.039  0.040  0.079  0.090  0.632        1
 92:     0.259  0.076  0.067  0.006  0.045  0.058  0.490        1
 93:     0.024  0.028  0.041  0.022  0.298  0.114  0.472        1
 94:     0.071  0.030  0.001  0.067  0.033  0.088  0.710        1
 95:     0.156  0.175  0.011  0.017  0.208  0.027  0.405        1
 96:     0.045  0.062  0.019  0.045  0.147  0.062  0.619        1
 97:     0.080  0.073  0.073  0.035  0.118  0.087  0.534        1
 98:     0.078  0.001  0.028  0.023  0.429  0.021  0.420        1
 99:     0.055  0.033  0.047  0.042  0.068  0.042  0.712        1
100:     0.005  0.061  0.009  0.025  0.047  0.110  0.743        1
101:     0.007  0.061  0.003  0.034  0.345  0.077  0.473        1
102:     0.045  0.053  0.044  0.013  0.321  0.077  0.447        1
103:     0.084  0.053  0.049  0.058  0.121  0.071  0.564        1
104:     0.156  0.007  0.006  0.037  0.124  0.056  0.614        1
105:     0.041  0.013  0.081  0.032  0.280  0.114  0.439        1
106:     0.048  0.068  0.122  0.011  0.140  0.087  0.523        1
107:     0.012  0.089  0.066  0.045  0.137  0.032  0.618        1
108:     0.012  0.057  0.121  0.012  0.295  0.087  0.416        1
109:     0.053  0.063  0.135  0.023  0.007  0.106  0.613        1
110:     0.076  0.075  0.081  0.010  0.197  0.029  0.533        1
111:     0.079  0.013  0.084  0.016  0.213  0.067  0.528        1
112:     0.008  0.007  0.059  0.036  0.193  0.080  0.617        1
113:     0.112  0.041  0.064  0.021  0.164  0.073  0.525        1
114:     0.048  0.071  0.073  0.048  0.273  0.030  0.458        1
115:     0.073  0.016  0.017  0.034  0.244  0.045  0.571        1
116:     0.052  0.004  0.030  0.030  0.145  0.070  0.669        1
117:     0.041  0.032  0.053  0.009  0.194  0.085  0.586        1
118:     0.029  0.018  0.004  0.018  0.235  0.119  0.578        1
119:     0.099  0.045  0.024  0.035  0.241  0.038  0.517        1
120:     0.032  0.000  0.071  0.008  0.301  0.055  0.533        1
121:     0.065  0.011  0.118  0.017  0.048  0.066  0.674        1
122:     0.104  0.079  0.090  0.045  0.232  0.051  0.398        1
123:     0.137  0.028  0.016  0.008  0.168  0.072  0.571        1
124:     0.093  0.067  0.077  0.053  0.125  0.086  0.499        1
125:     0.015  0.029  0.055  0.053  0.020  0.079  0.749        1
126:     0.020  0.011  0.078  0.047  0.104  0.079  0.662        1
127:     0.007  0.034  0.059  0.006  0.239  0.017  0.637        1
128:     0.096  0.057  0.122  0.016  0.184  0.012  0.514        1
129:     0.011  0.001  0.080  0.020  0.254  0.085  0.549        1
130:     0.010  0.030  0.098  0.035  0.041  0.111  0.676        1
131:     0.182  0.096  0.076  0.013  0.127  0.026  0.480        1
132:     0.124  0.052  0.132  0.039  0.154  0.095  0.404        1
133:     0.085  0.050  0.073  0.022  0.065  0.099  0.606        1
134:     0.023  0.044  0.041  0.017  0.099  0.042  0.734        1
135:     0.133  0.089  0.088  0.086  0.119  0.075  0.409        1
136:     0.114  0.006  0.026  0.028  0.393  0.084  0.349        1
137:     0.005  0.163  0.000  0.006  0.373  0.075  0.377        1
138:     0.051  0.011  0.116  0.017  0.072  0.108  0.624        1
139:     0.020  0.055  0.060  0.071  0.069  0.141  0.585        1
140:     0.100  0.046  0.080  0.062  0.110  0.055  0.547        1
141:     0.049  0.080  0.012  0.005  0.127  0.048  0.680        1
142:     0.171  0.020  0.040  0.033  0.050  0.080  0.606        1
143:     0.052  0.078  0.061  0.013  0.142  0.037  0.618        1
144:     0.028  0.018  0.085  0.053  0.071  0.075  0.670        1
145:     0.054  0.039  0.074  0.047  0.125  0.049  0.613        1
146:     0.050  0.044  0.024  0.023  0.006  0.080  0.771        1
147:     0.022  0.080  0.018  0.014  0.097  0.042  0.728        1
148:     0.178  0.182  0.116  0.092  0.146  0.117  0.169        1
149:     0.238  0.159  0.078  0.076  0.103  0.168  0.177        1
150:     0.375  0.231  0.005  0.113  0.116  0.033  0.127        1
151:     0.255  0.145  0.081  0.211  0.029  0.036  0.243        1
152:     0.270  0.164  0.040  0.223  0.046  0.119  0.137        1
153:     0.126  0.150  0.125  0.165  0.113  0.136  0.183        1
154:     0.278  0.067  0.154  0.177  0.224  0.080  0.020        1
155:     0.008  0.150  0.275  0.148  0.324  0.035  0.061        1
156:     0.327  0.228  0.047  0.222  0.053  0.087  0.037        1
157:     0.178  0.083  0.109  0.338  0.122  0.047  0.123        1
158:     0.163  0.239  0.251  0.068  0.089  0.093  0.098        1
159:     0.079  0.231  0.006  0.201  0.208  0.036  0.239        1
160:     0.196  0.147  0.160  0.159  0.140  0.094  0.105        1
161:     0.023  0.167  0.059  0.228  0.338  0.098  0.086        1
162:     0.153  0.011  0.061  0.224  0.346  0.055  0.151        1
163:     0.156  0.020  0.125  0.250  0.199  0.104  0.147        1
164:     0.110  0.204  0.265  0.169  0.131  0.084  0.037        1
165:     0.116  0.249  0.042  0.113  0.164  0.079  0.237        1
166:     0.004  0.179  0.119  0.436  0.168  0.049  0.045        1
167:     0.130  0.197  0.150  0.188  0.135  0.101  0.099        1
168:     0.109  0.193  0.087  0.237  0.134  0.077  0.163        1
169:     0.153  0.137  0.038  0.224  0.293  0.051  0.104        1
170:     0.103  0.144  0.130  0.198  0.204  0.079  0.143        1
171:     0.218  0.123  0.097  0.176  0.211  0.060  0.116        1
172:     0.185  0.121  0.215  0.157  0.205  0.054  0.063        1
173:     0.155  0.167  0.095  0.162  0.182  0.070  0.168        1
174:     0.072  0.115  0.136  0.247  0.097  0.090  0.244        1
175:     0.160  0.173  0.145  0.207  0.115  0.077  0.124       50
176:     0.186  0.151  0.132  0.212  0.123  0.077  0.119       49
177:     0.150  0.175  0.163  0.196  0.127  0.081  0.108       50
178:     0.167  0.166  0.140  0.210  0.136  0.077  0.104       49
179:     0.138  0.170  0.156  0.201  0.112  0.089  0.134       23
180:     0.177  0.171  0.130  0.210  0.112  0.072  0.127       49
181:     0.030  0.018  0.028  0.021  0.020  0.858  0.025       30
182:     0.071  0.118  0.081  0.031  0.044  0.629  0.024       30
183:     0.144  0.150  0.134  0.190  0.150  0.116  0.116       34
184:     0.170  0.142  0.144  0.206  0.168  0.077  0.094       36
185:     0.165  0.154  0.140  0.203  0.137  0.082  0.120       40
186:     0.200  0.159  0.119  0.188  0.140  0.072  0.122       39
187:     0.161  0.161  0.148  0.191  0.134  0.079  0.126       37
188:     0.209  0.167  0.154  0.155  0.124  0.073  0.118       40
189:     0.179  0.146  0.137  0.202  0.136  0.081  0.119       35
190:     0.181  0.155  0.142  0.183  0.127  0.086  0.126       28
191:     0.158  0.167  0.142  0.223  0.137  0.079  0.093       36
192:     0.147  0.170  0.151  0.201  0.145  0.082  0.104       32
--------------------------------------------

 Rep#:   Lambda   Alpha      F1    F2    F3    F4    F5    F6    F7     D1,2  D1,3  D1,4  D1,5  D1,6  D1,7  D2,3  D2,4  D2,5  D2,6  D2,7  D3,4  D3,5  D3,6  D3,7  D4,5  D4,6  D4,7  D5,6  D5,7  D6,7    Ln Like 
  100:    1.00    1.545    0.006 0.010 0.010 0.010 0.041 0.301 0.116    0.003 0.003 0.003 0.007 0.045 0.023 0.003 0.003 0.008 0.046 0.025 0.003 0.008 0.045 0.024 0.008 0.048 0.026 0.049 0.025 0.060   --  
  200:    1.00    1.170    0.006 0.011 0.010 0.010 0.246 0.238 0.204    0.003 0.003 0.003 0.041 0.035 0.036 0.003 0.003 0.042 0.036 0.037 0.004 0.042 0.036 0.037 0.042 0.037 0.037 0.059 0.062 0.056   --  
  300:    1.00    1.051    0.006 0.011 0.010 0.010 0.261 0.214 0.189    0.003 0.003 0.002 0.044 0.032 0.034 0.004 0.003 0.045 0.033 0.034 0.004 0.044 0.032 0.034 0.044 0.033 0.034 0.058 0.062 0.050   --  
  400:    1.00    0.947    0.006 0.011 0.060 0.010 0.267 0.213 0.177    0.003 0.013 0.003 0.043 0.033 0.032 0.014 0.003 0.044 0.034 0.033 0.014 0.051 0.039 0.040 0.044 0.034 0.033 0.060 0.061 0.050   --  
  500:    1.00    0.861    0.006 0.011 0.279 0.010 0.273 0.236 0.173    0.003 0.043 0.002 0.044 0.035 0.032 0.045 0.003 0.045 0.037 0.033 0.045 0.066 0.052 0.055 0.046 0.036 0.033 0.062 0.060 0.052   --  
  600:    1.00    0.848    0.006 0.011 0.273 0.010 0.262 0.235 0.168    0.003 0.043 0.002 0.044 0.035 0.031 0.043 0.003 0.045 0.036 0.033 0.044 0.065 0.050 0.054 0.045 0.036 0.032 0.063 0.060 0.052   --  
  700:    1.00    0.786    0.006 0.011 0.250 0.010 0.263 0.233 0.166    0.003 0.039 0.002 0.043 0.035 0.030 0.040 0.003 0.044 0.036 0.031 0.040 0.063 0.046 0.051 0.044 0.036 0.031 0.063 0.059 0.051   --  
  800:    1.00    0.736    0.006 0.011 0.244 0.010 0.260 0.240 0.159    0.003 0.037 0.002 0.042 0.035 0.030 0.038 0.003 0.043 0.036 0.030 0.038 0.062 0.045 0.050 0.043 0.036 0.030 0.063 0.058 0.052   --  
  900:    1.00    0.690    0.006 0.011 0.239 0.011 0.258 0.240 0.165    0.003 0.036 0.002 0.042 0.035 0.030 0.037 0.003 0.043 0.036 0.031 0.037 0.062 0.045 0.050 0.043 0.036 0.030 0.064 0.060 0.053   --  

--------------------------------------------
Proportion of membership of each pre-defined
 population in each of the 7 clusters

Given    Inferred Clusters                                   Number of
 Pop       1      2      3      4      5      6      7      Individuals

  1:     0.228  0.241  0.094  0.268  0.064  0.051  0.053       54
  2:     0.185  0.236  0.090  0.316  0.069  0.052  0.051       30
  3:     0.033  0.076  0.273  0.033  0.055  0.475  0.055       30
  4:     0.002  0.003  0.961  0.001  0.002  0.027  0.004       20
  5:     0.011  0.008  0.864  0.006  0.008  0.088  0.014       30
  6:     0.212  0.261  0.093  0.265  0.064  0.049  0.056       43
  7:     0.237  0.201  0.094  0.312  0.061  0.045  0.050       44
  8:     0.209  0.208  0.067  0.343  0.059  0.058  0.056        4
  9:     0.254  0.196  0.062  0.345  0.066  0.029  0.048       22
 10:     0.220  0.273  0.055  0.299  0.071  0.030  0.053       24
 11:     0.186  0.292  0.088  0.274  0.057  0.047  0.055       54
 12:     0.241  0.230  0.085  0.283  0.070  0.044  0.046       37
 13:     0.244  0.259  0.099  0.229  0.064  0.050  0.056       42
 14:     0.216  0.228  0.098  0.310  0.062  0.040  0.045       42
 15:     0.216  0.268  0.093  0.256  0.065  0.054  0.049       49
 16:     0.238  0.229  0.095  0.270  0.062  0.050  0.057      124
 17:     0.247  0.228  0.086  0.271  0.064  0.046  0.058       24
 18:     0.221  0.245  0.083  0.283  0.069  0.043  0.057       34
 19:     0.213  0.251  0.082  0.279  0.065  0.055  0.054       52
 20:     0.254  0.182  0.068  0.325  0.055  0.059  0.057        1
 21:     0.519  0.085  0.095  0.131  0.081  0.009  0.080        1
 22:     0.323  0.383  0.082  0.023  0.097  0.030  0.062        1
 23:     0.281  0.131  0.109  0.218  0.064  0.074  0.122        1
 24:     0.223  0.175  0.096  0.346  0.085  0.050  0.024        1
 25:     0.061  0.367  0.129  0.276  0.030  0.055  0.082        1
 26:     0.213  0.147  0.084  0.389  0.071  0.027  0.070        1
 27:     0.108  0.097  0.101  0.505  0.066  0.033  0.090        1
 28:     0.225  0.329  0.054  0.228  0.074  0.036  0.054        1
 29:     0.062  0.361  0.042  0.303  0.124  0.056  0.052        1
 30:     0.229  0.277  0.143  0.206  0.039  0.047  0.059        1
 31:     0.116  0.175  0.252  0.267  0.057  0.067  0.067        1
 32:     0.167  0.061  0.072  0.561  0.053  0.014  0.072        1
 33:     0.308  0.055  0.134  0.296  0.091  0.052  0.065        1
 34:     0.407  0.024  0.061  0.317  0.077  0.027  0.088        1
 35:     0.095  0.010  0.081  0.605  0.064  0.036  0.109        1
 36:     0.007  0.104  0.065  0.625  0.100  0.052  0.046        1
 37:     0.142  0.273  0.129  0.305  0.038  0.026  0.087        1
 38:     0.230  0.141  0.147  0.244  0.071  0.050  0.117        1
 39:     0.118  0.337  0.072  0.282  0.118  0.003  0.070        1
 40:     0.236  0.284  0.082  0.148  0.096  0.044  0.111        1
 41:     0.146  0.226  0.083  0.392  0.066  0.005  0.082        1
 42:     0.165  0.117  0.069  0.412  0.103  0.061  0.073        1
 43:     0.337  0.011  0.093  0.420  0.058  0.037  0.044        1
 44:     0.091  0.365  0.158  0.214  0.060  0.081  0.031        1
 45:     0.258  0.302  0.061  0.131  0.121  0.048  0.078        1
 46:     0.453  0.160  0.018  0.087  0.060  0.081  0.141        1
 47:     0.001  0.045  0.053  0.735  0.048  0.057  0.061        1
 48:     0.017  0.006  0.043  0.755  0.046  0.059  0.074        1
 49:     0.183  0.402  0.058  0.201  0.062  0.020  0.074        1
 50:     0.065  0.246  0.317  0.157  0.064  0.108  0.042        1
 51:     0.347  0.132  0.242  0.110  0.035  0.088  0.045        1
 52:     0.169  0.351  0.093  0.129  0.082  0.085  0.090        1
 53:     0.223  0.328  0.087  0.182  0.069  0.050  0.062        1
 54:     0.000  0.003  0.001  0.002  0.992  0.002  0.000        1
 55:     0.000  0.000  0.003  0.003  0.985  0.005  0.004        1
 56:     0.007  0.080  0.027  0.016  0.835  0.003  0.031        1
 57:     0.005  0.036  0.002  0.032  0.921  0.001  0.003        1
 58:     0.006  0.031  0.007  0.026  0.916  0.006  0.009        1
 59:     0.019  0.047  0.034  0.004  0.851  0.030  0.014        1
 60:     0.002  0.006  0.015  0.004  0.956  0.000  0.017        1
 61:     0.000  0.000  0.002  0.001  0.988  0.008  0.001        1
 62:     0.048  0.018  0.268  0.368  0.026  0.235  0.038        1
 63:     0.010  0.008  0.034  0.004  0.904  0.002  0.038        1
 64:     0.000  0.000  0.001  0.000  0.998  0.000  0.000        1
 65:     0.000  0.000  0.001  0.001  0.997  0.000  0.001        1
 66:     0.009  0.022  0.002  0.014  0.942  0.009  0.002        1
 67:     0.005  0.020  0.043  0.113  0.626  0.074  0.118        1
 68:     0.003  0.025  0.002  0.003  0.924  0.042  0.001        1
 69:     0.003  0.003  0.001  0.001  0.975  0.008  0.009        1
 70:     0.001  0.098  0.044  0.003  0.822  0.022  0.010        1
 71:     0.000  0.001  0.000  0.003  0.995  0.000  0.000        1
 72:     0.001  0.001  0.000  0.002  0.996  0.000  0.001        1
 73:     0.000  0.000  0.001  0.001  0.998  0.001  0.000        1
 74:     0.018  0.084  0.053  0.020  0.759  0.050  0.016        1
 75:     0.001  0.000  0.000  0.001  0.997  0.000  0.000        1
 76:     0.100  0.011  0.297  0.140  0.010  0.345  0.098        1
 77:     0.001  0.001  0.000  0.000  0.996  0.000  0.001        1
 78:     0.001  0.044  0.061  0.063  0.791  0.040  0.000        1
 79:     0.000  0.000  0.001  0.002  0.996  0.000  0.001        1
 80:     0.000  0.010  0.021  0.001  0.964  0.001  0.002        1
 81:     0.000  0.000  0.003  0.006  0.988  0.002  0.001        1
 82:     0.053  0.063  0.010  0.133  0.512  0.070  0.158        1
 83:     0.000  0.004  0.001  0.002  0.991  0.002  0.000        1
 84:     0.014  0.003  0.009  0.007  0.005  0.050  0.912        1
 85:     0.000  0.010  0.003  0.000  0.017  0.036  0.933        1
 86:     0.004  0.061  0.014  0.029  0.037  0.004  0.852        1
 87:     0.009  0.004  0.012  0.005  0.001  0.000  0.969        1
 88:     0.000  0.010  0.007  0.000  0.008  0.000  0.975        1
 89:     0.002  0.012  0.008  0.036  0.004  0.011  0.927        1
 90:     0.001  0.002  0.007  0.000  0.000  0.032  0.958        1
 91:     0.022  0.002  0.036  0.002  0.011  0.000  0.926        1
 92:     0.109  0.005  0.025  0.000  0.002  0.031  0.828        1
 93:     0.001  0.000  0.032  0.008  0.015  0.053  0.891        1
 94:     0.006  0.033  0.008  0.017  0.017  0.031  0.888        1
 95:     0.009  0.059  0.059  0.004  0.003  0.009  0.857        1
 96:     0.000  0.000  0.006  0.006  0.002  0.001  0.986        1
 97:     0.003  0.000  0.047  0.000  0.018  0.011  0.921        1
 98:     0.002  0.004  0.016  0.006  0.019  0.012  0.940        1
 99:     0.000  0.000  0.000  0.002  0.001  0.001  0.995        1
100:     0.000  0.001  0.025  0.003  0.007  0.000  0.964        1
101:     0.045  0.081  0.055  0.050  0.023  0.021  0.726        1
102:     0.001  0.121  0.004  0.006  0.031  0.035  0.802        1
103:     0.001  0.004  0.002  0.017  0.002  0.004  0.970        1
104:     0.003  0.002  0.016  0.005  0.025  0.017  0.931        1
105:     0.002  0.000  0.048  0.003  0.039  0.024  0.884        1
106:     0.070  0.084  0.020  0.006  0.042  0.001  0.776        1
107:     0.006  0.005  0.024  0.002  0.005  0.040  0.918        1
108:     0.051  0.005  0.087  0.014  0.002  0.005  0.836        1
109:     0.006  0.091  0.068  0.018  0.015  0.058  0.744        1
110:     0.124  0.059  0.004  0.001  0.043  0.002  0.767        1
111:     0.001  0.006  0.014  0.000  0.003  0.018  0.959        1
112:     0.000  0.007  0.000  0.004  0.000  0.003  0.986        1
113:     0.002  0.007  0.008  0.004  0.001  0.044  0.933        1
114:     0.008  0.001  0.002  0.000  0.024  0.008  0.957        1
115:     0.009  0.026  0.010  0.045  0.000  0.009  0.901        1
116:     0.004  0.002  0.007  0.001  0.010  0.003  0.973        1
117:     0.000  0.012  0.006  0.000  0.003  0.059  0.918        1
118:     0.000  0.001  0.009  0.000  0.022  0.045  0.923        1
119:     0.070  0.009  0.044  0.012  0.033  0.000  0.832        1
120:     0.001  0.022  0.003  0.024  0.055  0.006  0.890        1
121:     0.000  0.001  0.021  0.005  0.020  0.027  0.928        1
122:     0.056  0.004  0.015  0.003  0.005  0.002  0.915        1
123:     0.001  0.009  0.001  0.004  0.001  0.011  0.973        1
124:     0.049  0.001  0.094  0.009  0.000  0.056  0.791        1
125:     0.004  0.000  0.001  0.004  0.012  0.003  0.976        1
126:     0.038  0.059  0.001  0.006  0.031  0.022  0.842        1
127:     0.002  0.015  0.050  0.011  0.013  0.025  0.885        1
128:     0.002  0.001  0.006  0.000  0.027  0.026  0.938        1
129:     0.002  0.001  0.000  0.001  0.000  0.000  0.996        1
130:     0.003  0.019  0.064  0.000  0.016  0.009  0.888        1
131:     0.000  0.000  0.003  0.003  0.008  0.003  0.982        1
132:     0.007  0.002  0.090  0.055  0.000  0.023  0.823        1
133:     0.018  0.016  0.075  0.000  0.009  0.060  0.822        1
134:     0.054  0.051  0.001  0.032  0.045  0.015  0.804        1
135:     0.016  0.066  0.041  0.047  0.010  0.047  0.773        1
136:     0.002  0.001  0.006  0.001  0.001  0.002  0.986        1
137:     0.004  0.001  0.001  0.003  0.015  0.010  0.967        1
138:     0.004  0.001  0.000  0.001  0.019  0.000  0.974        1
139:     0.000  0.008  0.079  0.003  0.023  0.003  0.884        1
140:     0.004  0.023  0.124  0.000  0.001  0.002  0.845        1
141:     0.007  0.000  0.010  0.001  0.000  0.024  0.958        1
142:     0.076  0.002  0.023  0.024  0.002  0.033  0.840        1
143:     0.008  0.000  0.023  0.004  0.014  0.051  0.900        1
144:     0.011  0.004  0.019  0.006  0.000  0.002  0.957        1
145:     0.009  0.002  0.001  0.002  0.004  0.009  0.973        1
146:     0.002  0.001  0.001  0.012  0.008  0.056  0.921        1
147:     0.000  0.000  0.070  0.001  0.001  0.003  0.926        1
148:     0.084  0.335  0.132  0.180  0.079  0.069  0.120        1
149:     0.140  0.214  0.145  0.226  0.043  0.114  0.118        1
150:     0.555  0.030  0.065  0.195  0.050  0.019  0.086        1
151:     0.222  0.118  0.046  0.415  0.076  0.048  0.074        1
152:     0.114  0.368  0.134  0.213  0.061  0.084  0.027        1
153:     0.203  0.235  0.096  0.310  0.082  0.017  0.057        1
154:     0.357  0.017  0.102  0.413  0.069  0.002  0.040        1
155:     0.253  0.283  0.099  0.217  0.081  0.008  0.059        1
156:     0.439  0.270  0.111  0.042  0.070  0.040  0.028        1
157:     0.178  0.113  0.089  0.460  0.086  0.014  0.059        1
158:     0.336  0.375  0.041  0.062  0.050  0.054  0.082        1
159:     0.055  0.305  0.071  0.412  0.081  0.020  0.055        1
160:     0.334  0.157  0.093  0.242  0.083  0.037  0.054        1
161:     0.075  0.389  0.082  0.166  0.086  0.102  0.100        1
162:     0.159  0.041  0.041  0.515  0.126  0.065  0.053        1
163:     0.269  0.066  0.120  0.376  0.082  0.007  0.079        1
164:     0.077  0.272  0.098  0.368  0.059  0.062  0.063        1
165:     0.309  0.292  0.130  0.077  0.066  0.053  0.072        1
166:     0.084  0.170  0.131  0.506  0.061  0.023  0.024        1
167:     0.132  0.314  0.091  0.279  0.075  0.069  0.041        1
168:     0.359  0.297  0.037  0.148  0.058  0.034  0.066        1
169:     0.178  0.329  0.094  0.219  0.051  0.056  0.074        1
170:     0.133  0.293  0.032  0.306  0.092  0.055  0.089        1
171:     0.243  0.320  0.040  0.207  0.039  0.070  0.080        1
172:     0.255  0.235  0.107  0.163  0.116  0.053  0.071        1
173:     0.286  0.230  0.126  0.225  0.046  0.033  0.054        1
174:     0.228  0.315  0.066  0.173  0.065  0.076  0.078        1
175:     0.196  0.235  0.093  0.310  0.066  0.049  0.051       50
176:     0.222  0.238  0.084  0.296  0.065  0.049  0.047       49
177:     0.214  0.264  0.084  0.277  0.062  0.049  0.050       50
178:     0.231  0.254  0.084  0.264  0.066  0.051  0.050       49
179:     0.249  0.247  0.103  0.249  0.057  0.044  0.051       23
180:     0.223  0.247  0.087  0.286  0.063  0.042  0.053       49
181:     0.003  0.002  0.027  0.003  0.005  0.957  0.003       30
182:     0.005  0.010  0.151  0.006  0.010  0.811  0.006       30
183:     0.162  0.179  0.098  0.351  0.056  0.087  0.067       34
184:     0.276  0.198  0.083  0.287  0.062  0.050  0.044       36
185:     0.248  0.253  0.093  0.244  0.064  0.046  0.052       40
186:     0.340  0.177  0.075  0.251  0.065  0.040  0.051       39
187:     0.285  0.212  0.091  0.249  0.064  0.052  0.047       37
188:     0.298  0.213  0.092  0.230  0.062  0.053  0.053       40
189:     0.257  0.233  0.084  0.260  0.066  0.051  0.048       35
190:     0.242  0.233  0.090  0.257  0.070  0.056  0.050       28
191:     0.289  0.222  0.088  0.240  0.058  0.052  0.050       36
192:     0.237  0.234  0.084  0.286  0.066  0.051  0.043       32
--------------------------------------------

 Rep#:   Lambda   Alpha      F1    F2    F3    F4    F5    F6    F7     D1,2  D1,3  D1,4  D1,5  D1,6  D1,7  D2,3  D2,4  D2,5  D2,6  D2,7  D3,4  D3,5  D3,6  D3,7  D4,5  D4,6  D4,7  D5,6  D5,7  D6,7    Ln Like 
 1000:    1.00    0.658    0.006 0.011 0.227 0.011 0.251 0.240 0.162    0.003 0.035 0.002 0.041 0.035 0.029 0.036 0.003 0.042 0.036 0.030 0.036 0.061 0.045 0.050 0.042 0.036 0.030 0.064 0.059 0.053   --  
 1100:    1.00    0.625    0.006 0.011 0.221 0.011 0.255 0.242 0.162    0.003 0.034 0.002 0.041 0.035 0.029 0.035 0.003 0.042 0.036 0.030 0.035 0.062 0.045 0.050 0.042 0.036 0.030 0.065 0.059 0.053   --  
 1200:    1.00    0.585    0.006 0.011 0.224 0.011 0.251 0.238 0.157    0.003 0.033 0.002 0.040 0.035 0.028 0.034 0.003 0.041 0.035 0.030 0.034 0.061 0.045 0.050 0.041 0.035 0.029 0.064 0.058 0.053   --  
 1300:    1.00    0.576    0.006 0.011 0.221 0.011 0.253 0.241 0.159    0.003 0.033 0.002 0.040 0.034 0.028 0.034 0.003 0.041 0.035 0.029 0.034 0.061 0.046 0.049 0.041 0.036 0.029 0.064 0.059 0.053   --  
 1400:    1.00    0.553    0.006 0.011 0.215 0.011 0.258 0.244 0.158    0.003 0.032 0.002 0.040 0.035 0.028 0.033 0.003 0.041 0.035 0.029 0.033 0.061 0.046 0.049 0.041 0.036 0.029 0.065 0.059 0.054   --  
 1500:    1.00    0.518    0.006 0.011 0.211 0.011 0.248 0.238 0.160    0.003 0.032 0.002 0.040 0.035 0.028 0.033 0.003 0.041 0.036 0.029 0.033 0.061 0.048 0.049 0.041 0.036 0.028 0.065 0.058 0.054   --  
 1600:    1.00    0.503    0.006 0.011 0.217 0.011 0.254 0.250 0.154    0.003 0.032 0.003 0.040 0.036 0.027 0.033 0.003 0.041 0.037 0.029 0.033 0.061 0.049 0.049 0.041 0.037 0.029 0.067 0.058 0.055   --  
 1700:    1.00    0.490    0.006 0.011 0.208 0.011 0.249 0.261 0.156    0.003 0.031 0.002 0.039 0.037 0.028 0.032 0.003 0.040 0.038 0.029 0.032 0.060 0.051 0.049 0.040 0.038 0.029 0.067 0.059 0.057   --  
 1800:    1.00    0.458    0.006 0.011 0.210 0.010 0.250 0.265 0.155    0.002 0.031 0.002 0.039 0.038 0.027 0.032 0.003 0.040 0.039 0.028 0.031 0.061 0.053 0.049 0.040 0.039 0.028 0.070 0.059 0.058   --  
 1900:    1.00    0.447    0.006 0.011 0.208 0.010 0.248 0.269 0.155    0.003 0.030 0.002 0.039 0.039 0.027 0.031 0.003 0.040 0.039 0.028 0.031 0.059 0.054 0.048 0.039 0.040 0.028 0.070 0.058 0.058   --  

--------------------------------------------
Proportion of membership of each pre-defined
 population in each of the 7 clusters

Given    Inferred Clusters                                   Number of
 Pop       1      2      3      4      5      6      7      Individuals

  1:     0.249  0.312  0.061  0.277  0.038  0.031  0.032       54
  2:     0.237  0.258  0.054  0.347  0.041  0.027  0.036       30
  3:     0.020  0.130  0.340  0.027  0.047  0.391  0.046       30
  4:     0.002  0.001  0.971  0.002  0.002  0.018  0.004       20
  5:     0.015  0.007  0.890  0.010  0.010  0.056  0.013       30
  6:     0.244  0.292  0.058  0.311  0.031  0.028  0.035       43
  7:     0.267  0.247  0.056  0.344  0.033  0.023  0.030       44
  8:     0.199  0.274  0.029  0.403  0.040  0.019  0.035        4
  9:     0.266  0.260  0.018  0.381  0.031  0.011  0.032       22
 10:     0.242  0.305  0.020  0.342  0.038  0.019  0.033       24
 11:     0.226  0.342  0.054  0.295  0.026  0.024  0.033       54
 12:     0.259  0.311  0.049  0.296  0.035  0.025  0.025       37
 13:     0.272  0.328  0.057  0.245  0.035  0.031  0.032       42
 14:     0.220  0.285  0.054  0.345  0.038  0.027  0.030       42
 15:     0.235  0.326  0.057  0.287  0.037  0.025  0.033       49
 16:     0.257  0.280  0.059  0.304  0.034  0.030  0.037      124
 17:     0.239  0.286  0.052  0.314  0.040  0.029  0.040       24
 18:     0.239  0.284  0.038  0.337  0.036  0.031  0.035       34
 19:     0.232  0.296  0.056  0.316  0.036  0.030  0.033       52
 20:     0.241  0.266  0.030  0.338  0.046  0.054  0.024        1
 21:     0.442  0.090  0.064  0.227  0.057  0.016  0.104        1
 22:     0.406  0.331  0.081  0.093  0.064  0.009  0.015        1
 23:     0.214  0.151  0.109  0.380  0.033  0.016  0.097        1
 24:     0.193  0.374  0.022  0.351  0.021  0.002  0.036        1
 25:     0.002  0.294  0.111  0.462  0.000  0.052  0.078        1
 26:     0.271  0.008  0.063  0.534  0.052  0.000  0.073        1
 27:     0.057  0.294  0.111  0.400  0.055  0.035  0.048        1
 28:     0.077  0.549  0.047  0.234  0.061  0.032  0.000        1
 29:     0.081  0.531  0.009  0.253  0.058  0.023  0.045        1
 30:     0.155  0.328  0.110  0.248  0.053  0.033  0.075        1
 31:     0.036  0.427  0.203  0.198  0.078  0.043  0.016        1
 32:     0.316  0.029  0.044  0.534  0.019  0.001  0.057        1
 33:     0.409  0.151  0.102  0.190  0.075  0.045  0.028        1
 34:     0.507  0.027  0.006  0.332  0.056  0.021  0.049        1
 35:     0.145  0.038  0.010  0.648  0.052  0.040  0.068        1
 36:     0.005  0.286  0.008  0.559  0.048  0.048  0.047        1
 37:     0.037  0.367  0.076  0.420  0.010  0.028  0.064        1
 38:     0.340  0.309  0.140  0.091  0.016  0.006  0.098        1
 39:     0.074  0.485  0.016  0.279  0.076  0.021  0.049        1
 40:     0.362  0.186  0.093  0.185  0.040  0.023  0.112        1
 41:     0.045  0.312  0.014  0.511  0.091  0.001  0.025        1
 42:     0.118  0.080  0.096  0.616  0.048  0.022  0.020        1
 43:     0.239  0.036  0.064  0.553  0.047  0.005  0.056        1
 44:     0.002  0.659  0.119  0.119  0.048  0.044  0.010        1
 45:     0.322  0.059  0.055  0.424  0.078  0.012  0.050        1
 46:     0.453  0.231  0.043  0.083  0.030  0.078  0.082        1
 47:     0.000  0.008  0.002  0.883  0.050  0.022  0.036        1
 48:     0.000  0.007  0.003  0.942  0.032  0.016  0.000        1
 49:     0.267  0.415  0.007  0.200  0.056  0.012  0.043        1
 50:     0.136  0.264  0.294  0.148  0.056  0.089  0.013        1
 51:     0.104  0.464  0.179  0.089  0.056  0.057  0.051        1
 52:     0.042  0.631  0.062  0.134  0.034  0.014  0.083        1
 53:     0.219  0.239  0.063  0.304  0.048  0.053  0.073        1
 54:     0.002  0.000  0.000  0.002  0.983  0.012  0.000        1
 55:     0.002  0.003  0.004  0.001  0.989  0.001  0.001        1
 56:     0.000  0.099  0.007  0.043  0.847  0.000  0.004        1
 57:     0.017  0.000  0.001  0.027  0.943  0.012  0.000        1
 58:     0.000  0.078  0.004  0.009  0.909  0.001  0.000        1
 59:     0.018  0.086  0.030  0.000  0.861  0.004  0.000        1
 60:     0.001  0.000  0.008  0.000  0.984  0.002  0.005        1
 61:     0.000  0.003  0.000  0.000  0.996  0.000  0.001        1
 62:     0.010  0.001  0.283  0.477  0.002  0.193  0.034        1
 63:     0.004  0.001  0.019  0.006  0.942  0.015  0.015        1
 64:     0.000  0.001  0.001  0.000  0.998  0.000  0.000        1
 65:     0.000  0.001  0.000  0.000  0.998  0.000  0.001        1
 66:     0.000  0.000  0.002  0.030  0.948  0.007  0.013        1
 67:     0.085  0.002  0.003  0.178  0.605  0.019  0.108        1
 68:     0.025  0.010  0.000  0.010  0.922  0.033  0.000        1
 69:     0.003  0.000  0.001  0.001  0.980  0.012  0.003        1
 70:     0.031  0.141  0.015  0.000  0.806  0.000  0.007        1
 71:     0.001  0.003  0.005  0.000  0.990  0.000  0.001        1
 72:     0.000  0.000  0.001  0.000  0.998  0.001  0.000        1
 73:     0.000  0.001  0.000  0.000  0.998  0.000  0.000        1
 74:     0.034  0.130  0.047  0.028  0.753  0.007  0.000        1
 75:     0.000  0.000  0.000  0.000  0.998  0.000  0.001        1
 76:     0.028  0.003  0.256  0.317  0.001  0.293  0.101        1
 77:     0.000  0.000  0.000  0.001  0.996  0.000  0.003        1
 78:     0.000  0.066  0.003  0.035  0.805  0.089  0.002        1
 79:     0.000  0.000  0.001  0.000  0.999  0.000  0.000        1
 80:     0.000  0.004  0.017  0.001  0.968  0.005  0.004        1
 81:     0.000  0.001  0.000  0.000  0.998  0.000  0.000        1
 82:     0.045  0.211  0.042  0.005  0.495  0.035  0.168        1
 83:     0.004  0.000  0.001  0.000  0.994  0.000  0.001        1
 84:     0.003  0.001  0.071  0.003  0.006  0.005  0.910        1
 85:     0.008  0.000  0.026  0.002  0.014  0.005  0.945        1
 86:     0.011  0.023  0.001  0.052  0.032  0.002  0.879        1
 87:     0.000  0.001  0.001  0.002  0.001  0.000  0.995        1
 88:     0.024  0.003  0.000  0.000  0.002  0.001  0.970        1
 89:     0.017  0.020  0.008  0.020  0.003  0.000  0.933        1
 90:     0.001  0.000  0.010  0.000  0.002  0.003  0.984        1
 91:     0.000  0.001  0.010  0.007  0.006  0.004  0.971        1
 92:     0.095  0.034  0.005  0.009  0.009  0.021  0.826        1
 93:     0.006  0.000  0.018  0.000  0.001  0.067  0.907        1
 94:     0.022  0.031  0.000  0.002  0.004  0.050  0.891        1
 95:     0.070  0.000  0.061  0.002  0.001  0.006  0.860        1
 96:     0.003  0.000  0.004  0.000  0.003  0.002  0.988        1
 97:     0.002  0.004  0.054  0.000  0.019  0.000  0.921        1
 98:     0.000  0.015  0.001  0.026  0.017  0.003  0.937        1
 99:     0.000  0.001  0.006  0.000  0.000  0.000  0.993        1
100:     0.000  0.002  0.026  0.000  0.008  0.000  0.963        1
101:     0.093  0.021  0.025  0.050  0.030  0.024  0.758        1
102:     0.009  0.181  0.000  0.028  0.003  0.002  0.776        1
103:     0.003  0.000  0.016  0.000  0.006  0.000  0.974        1
104:     0.000  0.006  0.013  0.030  0.010  0.002  0.939        1
105:     0.000  0.007  0.026  0.006  0.042  0.014  0.906        1
106:     0.059  0.116  0.002  0.000  0.011  0.000  0.811        1
107:     0.004  0.007  0.003  0.005  0.000  0.019  0.962        1
108:     0.105  0.006  0.051  0.000  0.005  0.000  0.833        1
109:     0.011  0.105  0.071  0.011  0.010  0.015  0.778        1
110:     0.047  0.092  0.014  0.045  0.045  0.000  0.757        1
111:     0.001  0.006  0.005  0.004  0.000  0.025  0.960        1
112:     0.000  0.002  0.020  0.002  0.003  0.001  0.973        1
113:     0.000  0.006  0.047  0.000  0.004  0.000  0.943        1
114:     0.000  0.021  0.019  0.014  0.011  0.000  0.935        1
115:     0.054  0.002  0.003  0.026  0.002  0.012  0.902        1
116:     0.001  0.001  0.003  0.001  0.007  0.003  0.984        1
117:     0.001  0.000  0.013  0.019  0.002  0.033  0.930        1
118:     0.006  0.000  0.000  0.004  0.010  0.030  0.949        1
