

----------------------------------------------------
STRUCTURE by Pritchard, Stephens and Donnelly (2000)
     and Falush, Stephens and Pritchard (2003)
       Code by Pritchard, Falush and Hubisz
             Version 2.3.4 (Jul 2012)
----------------------------------------------------


Reading file "/workdir/yc2644/CV_CT_array/structure/threader_input/mainparams".
Reading file "/workdir/yc2644/CV_CT_array/structure/threader_input/extraparams".
Reading file "/workdir/yc2644/CV_CT_array/structure/threader_input/n1601.recode.strct_in".


Data file "/workdir/yc2644/CV_CT_array/structure/threader_input/n1601.recode.strct_in" (truncated) --

Ind:   Label Pop : Genotype_data . . . .
  1:  001s    1  :  2   1   2   2   2   1   2  . . . .   2
  1:  001s    1  :  2   2   2   2   2   2   2  . . . .   2
  2:  002s    1  :  2   2   2   2   1   1   2  . . . .   2
  2:  002s    1  :  2   2   2   2   2   2   2  . . . .   2
  3:  003s    1  :  1   2   1   2   2   2   2  . . . .   1
  3:  003s    1  :  2   2   1   2   2   2   2  . . . .   2
  4:  004s    1  :  1   1   2   2   1   2   2  . . . .   1
  4:  004s    1  :  2   1   2   2   2   2   2  . . . .   2

      *******   

1600:    49  192  :  2   2   2   2   2   1   2  . . . .   1
1600:    49  192  :  2   2   2   2   2   2   2  . . . .   2
1601:    50  192  :  2   1   2   2   1   2   2  . . . .   1
1601:    50  192  :  2   2   2   2   2   2   2  . . . .   2

Number of alleles per locus: min= 2; ave=2.0; max= 2


--------------------------------------

Finished initialization; starting MCMC 
100000 iterations + 10000 burnin


--------------------------------------------
Proportion of membership of each pre-defined
 population in each of the 7 clusters

Given    Inferred Clusters                                   Number of
 Pop       1      2      3      4      5      6      7      Individuals

  1:     0.168  0.160  0.109  0.155  0.151  0.078  0.179       54
  2:     0.182  0.140  0.106  0.153  0.181  0.090  0.149       30
  3:     0.067  0.059  0.135  0.107  0.069  0.507  0.054       30
  4:     0.044  0.036  0.159  0.124  0.031  0.546  0.059       20
  5:     0.060  0.051  0.187  0.111  0.035  0.501  0.053       30
  6:     0.158  0.146  0.095  0.152  0.208  0.078  0.164       43
  7:     0.175  0.155  0.111  0.126  0.196  0.072  0.165       44
  8:     0.177  0.127  0.078  0.168  0.196  0.060  0.193        4
  9:     0.162  0.154  0.079  0.119  0.232  0.050  0.205       22
 10:     0.152  0.151  0.092  0.164  0.151  0.057  0.233       24
 11:     0.172  0.150  0.108  0.142  0.193  0.077  0.158       54
 12:     0.162  0.149  0.102  0.147  0.200  0.070  0.171       37
 13:     0.151  0.153  0.103  0.162  0.151  0.081  0.199       42
 14:     0.158  0.140  0.102  0.141  0.184  0.078  0.196       42
 15:     0.155  0.142  0.098  0.167  0.199  0.079  0.160       49
 16:     0.167  0.145  0.102  0.155  0.163  0.082  0.185      124
 17:     0.159  0.164  0.101  0.166  0.177  0.077  0.156       24
 18:     0.150  0.150  0.116  0.147  0.185  0.072  0.180       34
 19:     0.155  0.181  0.103  0.157  0.171  0.080  0.154       52
 20:     0.105  0.205  0.155  0.027  0.267  0.073  0.167        1
 21:     0.268  0.172  0.082  0.067  0.256  0.072  0.083        1
 22:     0.158  0.140  0.155  0.107  0.105  0.086  0.248        1
 23:     0.401  0.104  0.140  0.058  0.080  0.101  0.115        1
 24:     0.248  0.157  0.101  0.107  0.197  0.062  0.128        1
 25:     0.156  0.125  0.118  0.157  0.145  0.127  0.172        1
 26:     0.203  0.104  0.134  0.165  0.170  0.105  0.120        1
 27:     0.091  0.251  0.187  0.129  0.232  0.093  0.016        1
 28:     0.115  0.243  0.096  0.079  0.174  0.014  0.279        1
 29:     0.145  0.055  0.189  0.053  0.239  0.019  0.300        1
 30:     0.143  0.134  0.197  0.087  0.135  0.150  0.155        1
 31:     0.113  0.241  0.082  0.181  0.108  0.195  0.080        1
 32:     0.087  0.141  0.056  0.221  0.311  0.064  0.121        1
 33:     0.060  0.027  0.049  0.208  0.268  0.108  0.280        1
 34:     0.199  0.085  0.136  0.161  0.276  0.059  0.084        1
 35:     0.107  0.164  0.085  0.309  0.179  0.069  0.086        1
 36:     0.234  0.071  0.120  0.185  0.115  0.057  0.218        1
 37:     0.145  0.086  0.047  0.166  0.239  0.066  0.250        1
 38:     0.184  0.066  0.208  0.111  0.196  0.121  0.115        1
 39:     0.072  0.295  0.191  0.012  0.245  0.060  0.126        1
 40:     0.174  0.206  0.092  0.128  0.167  0.089  0.144        1
 41:     0.222  0.231  0.174  0.033  0.015  0.014  0.310        1
 42:     0.094  0.189  0.137  0.137  0.203  0.078  0.161        1
 43:     0.024  0.359  0.188  0.024  0.042  0.043  0.321        1
 44:     0.137  0.122  0.049  0.400  0.213  0.050  0.029        1
 45:     0.155  0.050  0.179  0.064  0.365  0.063  0.123        1
 46:     0.197  0.044  0.165  0.041  0.158  0.099  0.296        1
 47:     0.021  0.365  0.070  0.048  0.118  0.071  0.308        1
 48:     0.068  0.288  0.016  0.089  0.144  0.053  0.342        1
 49:     0.091  0.216  0.107  0.127  0.210  0.076  0.172        1
 50:     0.025  0.205  0.042  0.144  0.146  0.268  0.170        1
 51:     0.167  0.147  0.147  0.116  0.131  0.170  0.121        1
 52:     0.124  0.156  0.125  0.111  0.185  0.112  0.188        1
 53:     0.019  0.089  0.229  0.059  0.304  0.099  0.201        1
 54:     0.222  0.154  0.042  0.053  0.262  0.084  0.181        1
 55:     0.318  0.163  0.056  0.147  0.159  0.076  0.080        1
 56:     0.440  0.114  0.012  0.090  0.223  0.036  0.086        1
 57:     0.431  0.127  0.008  0.005  0.245  0.001  0.182        1
 58:     0.317  0.157  0.127  0.100  0.051  0.092  0.156        1
 59:     0.661  0.134  0.105  0.038  0.002  0.014  0.047        1
 60:     0.637  0.117  0.049  0.090  0.014  0.052  0.041        1
 61:     0.504  0.027  0.104  0.002  0.161  0.101  0.102        1
 62:     0.228  0.017  0.119  0.168  0.059  0.333  0.077        1
 63:     0.702  0.043  0.083  0.031  0.018  0.063  0.060        1
 64:     0.605  0.110  0.069  0.014  0.054  0.063  0.085        1
 65:     0.581  0.069  0.116  0.093  0.067  0.016  0.058        1
 66:     0.493  0.044  0.185  0.028  0.122  0.077  0.051        1
 67:     0.540  0.106  0.181  0.035  0.026  0.061  0.052        1
 68:     0.436  0.230  0.034  0.087  0.009  0.057  0.146        1
 69:     0.688  0.176  0.019  0.018  0.011  0.079  0.008        1
 70:     0.574  0.066  0.064  0.038  0.161  0.032  0.065        1
 71:     0.620  0.056  0.142  0.033  0.023  0.048  0.078        1
 72:     0.590  0.095  0.015  0.090  0.113  0.051  0.046        1
 73:     0.628  0.022  0.054  0.019  0.099  0.065  0.113        1
 74:     0.380  0.112  0.125  0.083  0.086  0.102  0.113        1
 75:     0.425  0.104  0.097  0.053  0.114  0.083  0.124        1
 76:     0.144  0.052  0.094  0.118  0.008  0.444  0.140        1
 77:     0.705  0.048  0.044  0.011  0.025  0.099  0.068        1
 78:     0.616  0.016  0.088  0.135  0.067  0.015  0.062        1
 79:     0.310  0.333  0.069  0.009  0.152  0.085  0.041        1
 80:     0.548  0.069  0.151  0.009  0.111  0.056  0.057        1
 81:     0.609  0.184  0.027  0.022  0.028  0.093  0.037        1
 82:     0.424  0.093  0.078  0.088  0.176  0.109  0.032        1
 83:     0.508  0.260  0.089  0.023  0.024  0.071  0.025        1
 84:     0.021  0.049  0.685  0.017  0.095  0.107  0.026        1
 85:     0.039  0.145  0.548  0.038  0.063  0.089  0.078        1
 86:     0.045  0.286  0.366  0.031  0.018  0.082  0.172        1
 87:     0.056  0.198  0.451  0.066  0.057  0.068  0.104        1
 88:     0.045  0.231  0.567  0.024  0.057  0.046  0.030        1
 89:     0.093  0.340  0.297  0.022  0.048  0.064  0.136        1
 90:     0.013  0.206  0.555  0.067  0.004  0.121  0.034        1
 91:     0.021  0.037  0.690  0.082  0.043  0.053  0.074        1
 92:     0.041  0.477  0.275  0.018  0.011  0.085  0.093        1
 93:     0.029  0.194  0.489  0.037  0.053  0.134  0.064        1
 94:     0.050  0.230  0.498  0.002  0.114  0.083  0.023        1
 95:     0.053  0.198  0.432  0.055  0.053  0.117  0.093        1
 96:     0.008  0.521  0.159  0.052  0.034  0.119  0.107        1
 97:     0.021  0.068  0.831  0.019  0.002  0.037  0.022        1
 98:     0.018  0.270  0.442  0.104  0.050  0.077  0.038        1
 99:     0.002  0.349  0.555  0.009  0.017  0.049  0.020        1
100:     0.023  0.153  0.572  0.051  0.043  0.119  0.039        1
101:     0.016  0.069  0.292  0.202  0.249  0.015  0.157        1
102:     0.035  0.519  0.269  0.022  0.042  0.069  0.044        1
103:     0.006  0.363  0.514  0.012  0.005  0.061  0.040        1
104:     0.023  0.029  0.828  0.032  0.028  0.030  0.030        1
105:     0.076  0.162  0.447  0.030  0.098  0.115  0.072        1
106:     0.074  0.265  0.351  0.052  0.108  0.062  0.088        1
107:     0.007  0.056  0.684  0.028  0.013  0.076  0.137        1
108:     0.005  0.028  0.676  0.017  0.150  0.054  0.070        1
109:     0.035  0.172  0.490  0.104  0.024  0.131  0.044        1
110:     0.011  0.100  0.569  0.070  0.125  0.060  0.065        1
111:     0.088  0.247  0.505  0.020  0.039  0.098  0.004        1
112:     0.048  0.179  0.525  0.036  0.051  0.073  0.088        1
113:     0.040  0.141  0.570  0.011  0.029  0.105  0.103        1
114:     0.050  0.125  0.647  0.008  0.096  0.058  0.017        1
115:     0.016  0.293  0.401  0.055  0.032  0.070  0.133        1
116:     0.086  0.025  0.638  0.044  0.094  0.026  0.086        1
117:     0.026  0.171  0.514  0.002  0.131  0.062  0.094        1
118:     0.039  0.044  0.711  0.020  0.010  0.078  0.098        1
119:     0.002  0.647  0.107  0.008  0.088  0.069  0.077        1
120:     0.085  0.351  0.255  0.139  0.033  0.055  0.083        1
121:     0.008  0.221  0.528  0.033  0.096  0.070  0.044        1
122:     0.150  0.090  0.582  0.060  0.035  0.043  0.041        1
123:     0.012  0.125  0.590  0.044  0.149  0.047  0.034        1
124:     0.027  0.207  0.556  0.021  0.072  0.099  0.018        1
125:     0.052  0.382  0.294  0.029  0.084  0.116  0.043        1
126:     0.057  0.069  0.615  0.022  0.098  0.086  0.052        1
127:     0.033  0.173  0.672  0.032  0.023  0.052  0.016        1
128:     0.002  0.062  0.802  0.035  0.017  0.009  0.073        1
129:     0.068  0.364  0.368  0.040  0.033  0.107  0.020        1
130:     0.002  0.306  0.429  0.050  0.025  0.125  0.062        1
131:     0.070  0.132  0.547  0.042  0.081  0.081  0.046        1
132:     0.073  0.091  0.609  0.036  0.023  0.116  0.052        1
133:     0.034  0.074  0.561  0.086  0.070  0.148  0.028        1
134:     0.033  0.184  0.575  0.015  0.020  0.051  0.123        1
135:     0.035  0.023  0.669  0.074  0.038  0.082  0.078        1
136:     0.101  0.159  0.633  0.025  0.011  0.035  0.037        1
137:     0.089  0.028  0.694  0.004  0.033  0.083  0.070        1
138:     0.029  0.139  0.699  0.002  0.041  0.075  0.013        1
139:     0.024  0.128  0.717  0.004  0.018  0.080  0.030        1
140:     0.011  0.134  0.713  0.016  0.046  0.068  0.011        1
141:     0.011  0.154  0.634  0.058  0.012  0.075  0.055        1
142:     0.041  0.369  0.448  0.029  0.027  0.070  0.016        1
143:     0.002  0.316  0.454  0.007  0.007  0.130  0.083        1
144:     0.053  0.081  0.745  0.009  0.039  0.021  0.052        1
145:     0.036  0.164  0.543  0.080  0.045  0.062  0.069        1
146:     0.047  0.110  0.552  0.057  0.045  0.092  0.098        1
147:     0.017  0.150  0.783  0.006  0.000  0.035  0.008        1
148:     0.140  0.058  0.213  0.035  0.196  0.130  0.227        1
149:     0.176  0.111  0.198  0.027  0.093  0.220  0.174        1
150:     0.063  0.165  0.176  0.205  0.114  0.033  0.245        1
151:     0.207  0.084  0.021  0.080  0.322  0.065  0.222        1
152:     0.011  0.188  0.015  0.301  0.286  0.100  0.099        1
153:     0.284  0.195  0.072  0.381  0.018  0.020  0.030        1
154:     0.082  0.087  0.278  0.361  0.098  0.010  0.083        1
155:     0.089  0.122  0.131  0.203  0.157  0.044  0.255        1
156:     0.096  0.239  0.180  0.107  0.220  0.018  0.140        1
157:     0.142  0.204  0.101  0.145  0.130  0.115  0.165        1
158:     0.315  0.278  0.034  0.110  0.076  0.071  0.116        1
159:     0.239  0.046  0.098  0.185  0.209  0.032  0.190        1
160:     0.126  0.189  0.178  0.129  0.179  0.075  0.124        1
161:     0.077  0.168  0.232  0.070  0.113  0.098  0.243        1
162:     0.232  0.075  0.145  0.070  0.182  0.083  0.213        1
163:     0.267  0.037  0.092  0.164  0.134  0.072  0.235        1
164:     0.179  0.333  0.061  0.010  0.123  0.066  0.229        1
165:     0.223  0.115  0.211  0.066  0.070  0.109  0.206        1
166:     0.045  0.273  0.048  0.250  0.107  0.074  0.203        1
167:     0.144  0.153  0.129  0.156  0.127  0.112  0.179        1
168:     0.128  0.192  0.074  0.306  0.126  0.031  0.145        1
169:     0.038  0.224  0.120  0.141  0.268  0.077  0.133        1
170:     0.043  0.101  0.160  0.117  0.263  0.035  0.281        1
171:     0.122  0.190  0.043  0.178  0.299  0.084  0.084        1
172:     0.134  0.164  0.006  0.165  0.255  0.105  0.170        1
173:     0.025  0.230  0.092  0.235  0.347  0.050  0.021        1
174:     0.139  0.141  0.133  0.176  0.139  0.115  0.156        1
175:     0.168  0.154  0.087  0.171  0.177  0.082  0.162       50
176:     0.154  0.165  0.092  0.129  0.179  0.077  0.203       49
177:     0.165  0.127  0.098  0.161  0.175  0.079  0.193       50
178:     0.168  0.170  0.095  0.167  0.175  0.075  0.149       49
179:     0.138  0.167  0.116  0.138  0.169  0.085  0.187       23
180:     0.134  0.155  0.103  0.158  0.191  0.074  0.186       49
181:     0.036  0.026  0.059  0.063  0.021  0.767  0.028       30
182:     0.040  0.034  0.052  0.070  0.040  0.734  0.030       30
183:     0.126  0.149  0.126  0.177  0.183  0.115  0.125       34
184:     0.130  0.156  0.098  0.166  0.203  0.078  0.169       36
185:     0.149  0.150  0.118  0.144  0.184  0.087  0.168       40
186:     0.154  0.135  0.111  0.139  0.190  0.073  0.198       39
187:     0.159  0.143  0.116  0.152  0.173  0.076  0.180       37
188:     0.149  0.145  0.114  0.158  0.169  0.080  0.184       40
189:     0.123  0.153  0.115  0.164  0.194  0.080  0.171       35
190:     0.135  0.156  0.099  0.216  0.156  0.088  0.150       28
191:     0.152  0.122  0.099  0.195  0.180  0.082  0.169       36
192:     0.158  0.154  0.092  0.168  0.179  0.082  0.168       32
--------------------------------------------

 Rep#:   Lambda   Alpha      F1    F2    F3    F4    F5    F6    F7     D1,2  D1,3  D1,4  D1,5  D1,6  D1,7  D2,3  D2,4  D2,5  D2,6  D2,7  D3,4  D3,5  D3,6  D3,7  D4,5  D4,6  D4,7  D5,6  D5,7  D6,7    Ln Like 
  100:    1.00    1.563    0.016 0.012 0.103 0.010 0.011 0.300 0.011    0.006 0.028 0.005 0.005 0.047 0.005 0.022 0.004 0.004 0.046 0.004 0.026 0.027 0.060 0.026 0.003 0.044 0.003 0.046 0.003 0.046   --  
  200:    1.00    1.251    0.229 0.012 0.200 0.010 0.012 0.223 0.011    0.040 0.058 0.041 0.041 0.055 0.040 0.036 0.003 0.004 0.034 0.003 0.037 0.037 0.055 0.037 0.003 0.034 0.003 0.034 0.003 0.034   --  
  300:    1.00    1.048    0.263 0.012 0.179 0.010 0.012 0.200 0.011    0.045 0.060 0.045 0.045 0.057 0.045 0.033 0.004 0.004 0.031 0.004 0.033 0.033 0.049 0.033 0.003 0.030 0.003 0.031 0.003 0.031   --  
  400:    1.00    0.976    0.270 0.012 0.174 0.012 0.012 0.185 0.011    0.045 0.060 0.045 0.045 0.056 0.045 0.032 0.004 0.004 0.029 0.004 0.032 0.032 0.047 0.032 0.004 0.029 0.004 0.029 0.003 0.029   --  
  500:    1.00    0.910    0.268 0.012 0.168 0.012 0.012 0.183 0.011    0.045 0.059 0.045 0.045 0.056 0.044 0.031 0.004 0.004 0.028 0.003 0.031 0.031 0.046 0.031 0.004 0.028 0.004 0.028 0.003 0.028   --  
  600:    1.00    0.843    0.258 0.012 0.168 0.012 0.012 0.177 0.011    0.044 0.059 0.044 0.044 0.055 0.043 0.031 0.004 0.004 0.027 0.004 0.031 0.031 0.046 0.030 0.004 0.027 0.004 0.028 0.003 0.027   --  
  700:    1.00    0.802    0.269 0.012 0.163 0.012 0.013 0.177 0.011    0.044 0.059 0.044 0.044 0.056 0.044 0.030 0.004 0.004 0.027 0.004 0.031 0.031 0.045 0.030 0.004 0.027 0.004 0.028 0.004 0.027   --  
  800:    1.00    0.775    0.259 0.013 0.168 0.014 0.013 0.172 0.011    0.043 0.059 0.043 0.043 0.056 0.043 0.030 0.005 0.004 0.027 0.004 0.031 0.030 0.046 0.030 0.004 0.027 0.004 0.028 0.004 0.027   --  
  900:    1.00    0.748    0.259 0.013 0.159 0.020 0.013 0.175 0.011    0.043 0.059 0.044 0.043 0.056 0.042 0.030 0.006 0.004 0.028 0.004 0.031 0.030 0.046 0.030 0.005 0.029 0.005 0.028 0.004 0.027   --  

--------------------------------------------
Proportion of membership of each pre-defined
 population in each of the 7 clusters

Given    Inferred Clusters                                   Number of
 Pop       1      2      3      4      5      6      7      Individuals

  1:     0.076  0.162  0.055  0.201  0.167  0.070  0.269       54
  2:     0.081  0.190  0.050  0.185  0.196  0.063  0.234       30
  3:     0.054  0.021  0.059  0.156  0.034  0.657  0.019       30
  4:     0.016  0.005  0.050  0.255  0.004  0.659  0.012       20
  5:     0.019  0.004  0.045  0.295  0.006  0.610  0.022       30
  6:     0.075  0.190  0.051  0.167  0.263  0.049  0.204       43
  7:     0.071  0.217  0.054  0.174  0.221  0.056  0.208       44
  8:     0.075  0.209  0.065  0.174  0.224  0.037  0.216        4
  9:     0.072  0.244  0.048  0.109  0.357  0.028  0.142       22
 10:     0.073  0.233  0.047  0.117  0.183  0.031  0.318       24
 11:     0.072  0.201  0.055  0.180  0.257  0.058  0.177       54
 12:     0.076  0.207  0.048  0.170  0.216  0.048  0.236       37
 13:     0.069  0.206  0.059  0.163  0.199  0.069  0.236       42
 14:     0.070  0.205  0.047  0.185  0.218  0.058  0.217       42
 15:     0.078  0.183  0.052  0.199  0.231  0.061  0.196       49
 16:     0.073  0.179  0.053  0.182  0.198  0.070  0.246      124
 17:     0.078  0.217  0.047  0.194  0.196  0.061  0.206       24
 18:     0.083  0.247  0.054  0.160  0.213  0.049  0.194       34
 19:     0.076  0.228  0.048  0.186  0.191  0.058  0.214       52
 20:     0.053  0.411  0.072  0.035  0.173  0.016  0.241        1
 21:     0.101  0.157  0.094  0.043  0.447  0.042  0.118        1
 22:     0.098  0.171  0.066  0.064  0.271  0.039  0.290        1
 23:     0.063  0.302  0.138  0.238  0.006  0.066  0.187        1
 24:     0.098  0.044  0.096  0.101  0.207  0.055  0.398        1
 25:     0.078  0.092  0.083  0.276  0.165  0.102  0.204        1
 26:     0.096  0.054  0.089  0.260  0.154  0.072  0.274        1
 27:     0.094  0.295  0.124  0.271  0.118  0.082  0.016        1
 28:     0.102  0.298  0.067  0.010  0.271  0.014  0.237        1
 29:     0.092  0.010  0.100  0.131  0.334  0.001  0.332        1
 30:     0.081  0.318  0.083  0.300  0.073  0.078  0.066        1
 31:     0.072  0.263  0.060  0.067  0.145  0.191  0.201        1
 32:     0.083  0.260  0.083  0.212  0.315  0.037  0.011        1
 33:     0.123  0.026  0.005  0.429  0.135  0.101  0.181        1
 34:     0.112  0.307  0.080  0.229  0.104  0.038  0.129        1
 35:     0.059  0.038  0.060  0.272  0.332  0.041  0.198        1
 36:     0.085  0.508  0.061  0.180  0.004  0.088  0.074        1
 37:     0.056  0.174  0.060  0.210  0.343  0.058  0.099        1
 38:     0.061  0.149  0.127  0.400  0.182  0.078  0.003        1
 39:     0.131  0.110  0.052  0.249  0.221  0.001  0.236        1
 40:     0.084  0.134  0.099  0.159  0.328  0.101  0.095        1
 41:     0.065  0.316  0.092  0.028  0.118  0.007  0.375        1
 42:     0.071  0.253  0.049  0.172  0.161  0.087  0.207        1
 43:     0.080  0.136  0.014  0.307  0.014  0.053  0.397        1
 44:     0.075  0.247  0.031  0.427  0.065  0.131  0.024        1
 45:     0.120  0.089  0.066  0.143  0.234  0.049  0.299        1
 46:     0.048  0.105  0.122  0.103  0.143  0.061  0.418        1
 47:     0.076  0.510  0.073  0.094  0.094  0.009  0.144        1
 48:     0.081  0.526  0.076  0.084  0.044  0.006  0.183        1
 49:     0.083  0.281  0.026  0.093  0.341  0.018  0.158        1
 50:     0.087  0.080  0.063  0.443  0.020  0.279  0.028        1
 51:     0.051  0.077  0.094  0.340  0.214  0.175  0.049        1
 52:     0.133  0.091  0.104  0.176  0.232  0.116  0.148        1
 53:     0.076  0.222  0.076  0.184  0.085  0.083  0.274        1
 54:     0.982  0.000  0.000  0.001  0.010  0.007  0.000        1
 55:     0.986  0.000  0.002  0.003  0.001  0.007  0.001        1
 56:     0.824  0.001  0.022  0.054  0.083  0.014  0.002        1
 57:     0.954  0.022  0.000  0.001  0.004  0.002  0.016        1
 58:     0.904  0.052  0.001  0.025  0.002  0.016  0.001        1
 59:     0.854  0.032  0.002  0.060  0.012  0.027  0.012        1
 60:     0.981  0.001  0.000  0.009  0.000  0.008  0.001        1
 61:     0.995  0.002  0.000  0.001  0.002  0.000  0.001        1
 62:     0.015  0.002  0.052  0.438  0.004  0.345  0.144        1
 63:     0.939  0.000  0.024  0.002  0.000  0.026  0.009        1
 64:     0.998  0.001  0.000  0.000  0.001  0.000  0.000        1
 65:     0.996  0.002  0.001  0.000  0.001  0.000  0.000        1
 66:     0.923  0.007  0.029  0.000  0.003  0.033  0.005        1
 67:     0.614  0.219  0.053  0.011  0.012  0.063  0.029        1
 68:     0.927  0.004  0.025  0.000  0.010  0.013  0.020        1
 69:     0.971  0.001  0.004  0.003  0.004  0.018  0.000        1
 70:     0.810  0.002  0.029  0.002  0.000  0.005  0.151        1
 71:     0.993  0.000  0.003  0.001  0.002  0.001  0.000        1
 72:     0.991  0.001  0.002  0.004  0.001  0.001  0.001        1
 73:     0.995  0.002  0.001  0.000  0.001  0.000  0.001        1
 74:     0.756  0.038  0.013  0.120  0.043  0.028  0.002        1
 75:     0.996  0.000  0.003  0.000  0.000  0.000  0.001        1
 76:     0.008  0.002  0.114  0.355  0.002  0.468  0.051        1
 77:     0.993  0.002  0.001  0.002  0.001  0.001  0.000        1
 78:     0.841  0.019  0.005  0.006  0.050  0.064  0.016        1
 79:     0.994  0.002  0.001  0.000  0.001  0.000  0.002        1
 80:     0.975  0.000  0.002  0.003  0.000  0.013  0.007        1
 81:     0.996  0.000  0.002  0.000  0.000  0.002  0.000        1
 82:     0.502  0.067  0.179  0.163  0.015  0.044  0.031        1
 83:     0.998  0.000  0.000  0.001  0.000  0.000  0.000        1
 84:     0.011  0.003  0.937  0.003  0.002  0.039  0.005        1
 85:     0.002  0.001  0.936  0.001  0.000  0.043  0.017        1
 86:     0.054  0.050  0.858  0.005  0.008  0.016  0.009        1
 87:     0.005  0.021  0.950  0.011  0.013  0.000  0.001        1
 88:     0.000  0.008  0.981  0.002  0.002  0.006  0.001        1
 89:     0.014  0.032  0.913  0.010  0.029  0.000  0.002        1
 90:     0.014  0.000  0.961  0.000  0.000  0.023  0.001        1
 91:     0.000  0.025  0.920  0.016  0.004  0.035  0.001        1
 92:     0.004  0.123  0.817  0.002  0.016  0.005  0.032        1
 93:     0.014  0.001  0.899  0.002  0.002  0.074  0.009        1
 94:     0.006  0.080  0.867  0.003  0.002  0.038  0.005        1
 95:     0.019  0.013  0.864  0.031  0.019  0.031  0.024        1
 96:     0.010  0.012  0.970  0.001  0.005  0.000  0.001        1
 97:     0.000  0.005  0.956  0.001  0.000  0.032  0.006        1
 98:     0.030  0.013  0.917  0.001  0.018  0.005  0.015        1
 99:     0.003  0.000  0.988  0.001  0.000  0.005  0.002        1
100:     0.022  0.004  0.973  0.001  0.000  0.000  0.001        1
101:     0.031  0.001  0.742  0.014  0.108  0.035  0.068        1
102:     0.028  0.102  0.793  0.000  0.000  0.013  0.063        1
103:     0.002  0.001  0.964  0.002  0.009  0.019  0.003        1
104:     0.002  0.011  0.958  0.003  0.009  0.010  0.007        1
105:     0.036  0.001  0.888  0.005  0.018  0.052  0.000        1
106:     0.002  0.027  0.787  0.011  0.107  0.004  0.061        1
107:     0.000  0.001  0.951  0.011  0.001  0.025  0.012        1
108:     0.005  0.043  0.824  0.033  0.007  0.054  0.033        1
109:     0.025  0.010  0.725  0.081  0.022  0.087  0.050        1
110:     0.052  0.039  0.769  0.089  0.036  0.003  0.011        1
111:     0.012  0.000  0.965  0.002  0.003  0.016  0.003        1
112:     0.005  0.002  0.973  0.000  0.016  0.005  0.000        1
113:     0.002  0.001  0.928  0.007  0.005  0.049  0.008        1
114:     0.001  0.009  0.967  0.009  0.005  0.009  0.000        1
115:     0.021  0.010  0.904  0.033  0.010  0.001  0.021        1
116:     0.004  0.001  0.988  0.000  0.006  0.002  0.000        1
117:     0.004  0.004  0.915  0.000  0.000  0.064  0.012        1
118:     0.038  0.001  0.927  0.007  0.003  0.017  0.006        1
119:     0.021  0.018  0.844  0.047  0.037  0.029  0.004        1
120:     0.046  0.002  0.933  0.004  0.011  0.000  0.004        1
121:     0.011  0.000  0.916  0.011  0.038  0.022  0.001        1
122:     0.020  0.070  0.893  0.003  0.008  0.004  0.002        1
123:     0.011  0.001  0.981  0.001  0.002  0.003  0.002        1
124:     0.011  0.008  0.807  0.000  0.016  0.118  0.040        1
125:     0.004  0.001  0.986  0.000  0.001  0.000  0.008        1
126:     0.014  0.024  0.854  0.046  0.046  0.011  0.005        1
127:     0.002  0.011  0.908  0.011  0.007  0.032  0.029        1
128:     0.042  0.003  0.919  0.009  0.023  0.000  0.004        1
129:     0.000  0.001  0.993  0.001  0.005  0.000  0.000        1
130:     0.001  0.010  0.889  0.004  0.001  0.046  0.048        1
131:     0.000  0.002  0.995  0.001  0.001  0.001  0.000        1
132:     0.003  0.105  0.800  0.007  0.002  0.081  0.002        1
133:     0.005  0.028  0.861  0.004  0.002  0.081  0.018        1
134:     0.034  0.074  0.817  0.004  0.004  0.036  0.029        1
135:     0.003  0.058  0.810  0.024  0.024  0.026  0.056        1
136:     0.003  0.000  0.989  0.001  0.000  0.002  0.004        1
137:     0.021  0.002  0.939  0.003  0.006  0.023  0.006        1
138:     0.024  0.001  0.969  0.001  0.002  0.002  0.001        1
139:     0.030  0.003  0.878  0.006  0.017  0.066  0.000        1
140:     0.021  0.006  0.883  0.002  0.009  0.071  0.008        1
141:     0.001  0.012  0.961  0.000  0.010  0.006  0.010        1
142:     0.015  0.044  0.812  0.062  0.031  0.014  0.022        1
143:     0.002  0.009  0.906  0.005  0.002  0.063  0.012        1
144:     0.006  0.015  0.960  0.003  0.006  0.000  0.009        1
145:     0.015  0.005  0.971  0.003  0.000  0.005  0.001        1
146:     0.007  0.005  0.892  0.008  0.007  0.072  0.009        1
147:     0.002  0.007  0.946  0.001  0.005  0.028  0.011        1
148:     0.081  0.041  0.129  0.334  0.108  0.119  0.188        1
149:     0.064  0.018  0.108  0.056  0.162  0.158  0.435        1
150:     0.088  0.035  0.094  0.125  0.162  0.021  0.475        1
151:     0.112  0.148  0.060  0.057  0.228  0.015  0.380        1
152:     0.093  0.110  0.061  0.066  0.333  0.083  0.254        1
153:     0.081  0.349  0.037  0.385  0.081  0.043  0.024        1
154:     0.061  0.062  0.072  0.590  0.041  0.055  0.119        1
155:     0.120  0.152  0.063  0.052  0.333  0.018  0.262        1
156:     0.094  0.103  0.068  0.215  0.097  0.049  0.374        1
157:     0.061  0.010  0.103  0.249  0.192  0.056  0.329        1
158:     0.061  0.263  0.057  0.039  0.361  0.025  0.193        1
159:     0.092  0.081  0.067  0.143  0.421  0.004  0.192        1
160:     0.054  0.264  0.062  0.244  0.137  0.050  0.189        1
161:     0.057  0.138  0.073  0.106  0.214  0.115  0.296        1
162:     0.101  0.342  0.057  0.106  0.183  0.053  0.158        1
163:     0.109  0.273  0.088  0.088  0.127  0.050  0.265        1
164:     0.062  0.276  0.098  0.122  0.107  0.063  0.270        1
165:     0.080  0.075  0.106  0.184  0.152  0.099  0.304        1
166:     0.064  0.049  0.032  0.529  0.044  0.050  0.231        1
167:     0.098  0.237  0.054  0.268  0.108  0.074  0.161        1
168:     0.069  0.239  0.057  0.151  0.297  0.009  0.178        1
169:     0.067  0.326  0.089  0.303  0.090  0.040  0.085        1
170:     0.091  0.389  0.062  0.106  0.156  0.022  0.174        1
171:     0.067  0.224  0.080  0.091  0.266  0.063  0.209        1
172:     0.109  0.424  0.064  0.098  0.026  0.051  0.227        1
173:     0.086  0.329  0.055  0.248  0.235  0.038  0.007        1
174:     0.063  0.120  0.043  0.121  0.153  0.086  0.414        1
175:     0.075  0.191  0.050  0.171  0.215  0.064  0.233       50
176:     0.075  0.214  0.050  0.144  0.238  0.057  0.223       49
177:     0.068  0.195  0.049  0.194  0.223  0.056  0.214       50
178:     0.077  0.245  0.047  0.175  0.214  0.065  0.177       49
179:     0.068  0.216  0.056  0.214  0.180  0.057  0.209       23
180:     0.078  0.201  0.051  0.160  0.228  0.050  0.231       49
181:     0.005  0.006  0.003  0.002  0.004  0.977  0.002       30
182:     0.011  0.009  0.010  0.009  0.016  0.936  0.009       30
183:     0.069  0.181  0.071  0.251  0.204  0.113  0.112       34
184:     0.067  0.200  0.044  0.235  0.244  0.056  0.153       36
185:     0.067  0.198  0.054  0.170  0.244  0.072  0.196       40
186:     0.073  0.202  0.049  0.168  0.237  0.051  0.220       39
187:     0.074  0.163  0.052  0.212  0.254  0.065  0.180       37
188:     0.073  0.172  0.057  0.201  0.241  0.068  0.186       40
189:     0.074  0.187  0.050  0.187  0.249  0.071  0.181       35
190:     0.073  0.188  0.049  0.224  0.216  0.072  0.177       28
191:     0.069  0.169  0.051  0.214  0.239  0.059  0.199       36
192:     0.075  0.178  0.046  0.194  0.256  0.061  0.190       32
--------------------------------------------

 Rep#:   Lambda   Alpha      F1    F2    F3    F4    F5    F6    F7     D1,2  D1,3  D1,4  D1,5  D1,6  D1,7  D2,3  D2,4  D2,5  D2,6  D2,7  D3,4  D3,5  D3,6  D3,7  D4,5  D4,6  D4,7  D5,6  D5,7  D6,7    Ln Like 
 1000:    1.00    0.705    0.261 0.013 0.160 0.031 0.013 0.186 0.011    0.042 0.059 0.046 0.043 0.057 0.042 0.030 0.008 0.004 0.029 0.004 0.033 0.030 0.046 0.030 0.008 0.031 0.007 0.029 0.004 0.029   --  
 1100:    1.00    0.687    0.260 0.013 0.159 0.120 0.013 0.217 0.011    0.042 0.059 0.054 0.043 0.061 0.043 0.030 0.023 0.004 0.033 0.004 0.041 0.030 0.050 0.030 0.023 0.042 0.022 0.033 0.004 0.033   --  
 1200:    1.00    0.662    0.260 0.012 0.161 0.250 0.013 0.221 0.011    0.043 0.058 0.063 0.044 0.062 0.043 0.030 0.040 0.004 0.034 0.004 0.050 0.030 0.050 0.030 0.041 0.046 0.040 0.034 0.003 0.034   --  
 1300:    1.00    0.647    0.256 0.012 0.160 0.253 0.013 0.222 0.012    0.043 0.059 0.062 0.043 0.062 0.043 0.030 0.040 0.004 0.034 0.004 0.050 0.030 0.051 0.030 0.040 0.045 0.040 0.034 0.004 0.034   --  
 1400:    1.00    0.630    0.256 0.012 0.159 0.242 0.012 0.231 0.012    0.042 0.058 0.062 0.042 0.062 0.042 0.029 0.038 0.004 0.034 0.004 0.050 0.030 0.051 0.030 0.039 0.044 0.038 0.035 0.004 0.034   --  
 1500:    1.00    0.584    0.254 0.012 0.156 0.238 0.012 0.228 0.012    0.042 0.059 0.062 0.042 0.063 0.042 0.030 0.037 0.004 0.034 0.004 0.049 0.029 0.052 0.029 0.037 0.044 0.037 0.035 0.003 0.034   --  
 1600:    1.00    0.582    0.253 0.012 0.158 0.223 0.012 0.232 0.012    0.041 0.059 0.061 0.042 0.064 0.042 0.029 0.036 0.003 0.035 0.004 0.049 0.029 0.052 0.029 0.036 0.044 0.035 0.035 0.004 0.035   --  
 1700:    1.00    0.557    0.252 0.012 0.155 0.218 0.012 0.234 0.012    0.041 0.058 0.061 0.041 0.063 0.041 0.029 0.035 0.003 0.035 0.004 0.049 0.029 0.052 0.029 0.034 0.043 0.034 0.035 0.003 0.035   --  
 1800:    1.00    0.525    0.247 0.012 0.154 0.221 0.012 0.231 0.012    0.040 0.058 0.060 0.040 0.064 0.041 0.028 0.034 0.003 0.034 0.004 0.049 0.028 0.052 0.028 0.035 0.044 0.034 0.035 0.004 0.035   --  
 1900:    1.00    0.510    0.253 0.012 0.159 0.222 0.012 0.233 0.012    0.041 0.058 0.061 0.041 0.065 0.041 0.028 0.034 0.003 0.034 0.004 0.049 0.028 0.053 0.028 0.034 0.045 0.034 0.035 0.004 0.034   --  

--------------------------------------------
Proportion of membership of each pre-defined
 population in each of the 7 clusters

Given    Inferred Clusters                                   Number of
 Pop       1      2      3      4      5      6      7      Individuals

  1:     0.042  0.229  0.034  0.085  0.219  0.038  0.353       54
  2:     0.048  0.281  0.028  0.080  0.240  0.034  0.288       30
  3:     0.048  0.047  0.051  0.286  0.065  0.465  0.038       30
  4:     0.002  0.002  0.002  0.968  0.002  0.023  0.002       20
  5:     0.008  0.010  0.011  0.882  0.011  0.067  0.011       30
  6:     0.041  0.255  0.038  0.079  0.284  0.036  0.267       43
  7:     0.034  0.257  0.030  0.084  0.269  0.027  0.298       44
  8:     0.033  0.351  0.047  0.065  0.254  0.022  0.228        4
  9:     0.043  0.307  0.031  0.052  0.395  0.013  0.159       22
 10:     0.037  0.307  0.034  0.051  0.258  0.021  0.292       24
 11:     0.041  0.267  0.036  0.078  0.303  0.033  0.243       54
 12:     0.046  0.288  0.030  0.077  0.272  0.024  0.263       37
 13:     0.039  0.290  0.039  0.083  0.248  0.035  0.267       42
 14:     0.042  0.270  0.028  0.082  0.240  0.036  0.303       42
 15:     0.039  0.295  0.032  0.088  0.266  0.037  0.242       49
 16:     0.042  0.246  0.038  0.083  0.244  0.037  0.310      124
 17:     0.041  0.297  0.038  0.077  0.251  0.035  0.262       24
 18:     0.047  0.276  0.035  0.066  0.239  0.030  0.308       34
 19:     0.045  0.281  0.029  0.076  0.244  0.040  0.285       52
 20:     0.043  0.319  0.050  0.027  0.382  0.024  0.155        1
 21:     0.058  0.244  0.104  0.079  0.394  0.000  0.120        1
 22:     0.070  0.248  0.001  0.066  0.297  0.012  0.306        1
 23:     0.030  0.407  0.097  0.101  0.097  0.049  0.218        1
 24:     0.038  0.293  0.061  0.046  0.156  0.042  0.365        1
 25:     0.016  0.299  0.053  0.132  0.104  0.082  0.314        1
 26:     0.046  0.095  0.090  0.128  0.238  0.007  0.396        1
 27:     0.067  0.601  0.090  0.066  0.007  0.024  0.145        1
 28:     0.052  0.166  0.045  0.064  0.313  0.008  0.351        1
 29:     0.083  0.136  0.073  0.016  0.427  0.029  0.236        1
 30:     0.038  0.561  0.074  0.155  0.031  0.056  0.086        1
 31:     0.077  0.171  0.041  0.223  0.268  0.021  0.199        1
 32:     0.059  0.529  0.021  0.064  0.276  0.033  0.019        1
 33:     0.082  0.018  0.000  0.151  0.204  0.049  0.497        1
 34:     0.095  0.444  0.048  0.068  0.267  0.010  0.067        1
 35:     0.033  0.256  0.033  0.087  0.301  0.042  0.247        1
 36:     0.026  0.623  0.075  0.063  0.083  0.063  0.068        1
 37:     0.005  0.262  0.027  0.107  0.379  0.000  0.220        1
 38:     0.032  0.248  0.093  0.123  0.481  0.016  0.007        1
 39:     0.070  0.217  0.069  0.053  0.295  0.002  0.295        1
 40:     0.076  0.237  0.078  0.139  0.429  0.040  0.002        1
 41:     0.035  0.158  0.074  0.031  0.114  0.006  0.581        1
 42:     0.056  0.304  0.024  0.121  0.252  0.017  0.225        1
 43:     0.055  0.068  0.037  0.051  0.049  0.045  0.696        1
 44:     0.064  0.478  0.001  0.163  0.131  0.022  0.141        1
 45:     0.078  0.163  0.057  0.088  0.388  0.034  0.192        1
 46:     0.000  0.164  0.132  0.025  0.284  0.017  0.379        1
 47:     0.034  0.774  0.033  0.031  0.013  0.029  0.085        1
 48:     0.036  0.855  0.026  0.034  0.015  0.017  0.017        1
 49:     0.055  0.352  0.036  0.051  0.366  0.042  0.098        1
 50:     0.034  0.147  0.061  0.297  0.068  0.081  0.311        1
 51:     0.061  0.119  0.038  0.199  0.457  0.061  0.066        1
 52:     0.069  0.204  0.081  0.091  0.380  0.041  0.134        1
 53:     0.044  0.193  0.059  0.086  0.032  0.069  0.516        1
 54:     0.993  0.000  0.002  0.003  0.000  0.001  0.000        1
 55:     0.991  0.001  0.001  0.006  0.000  0.000  0.000        1
 56:     0.820  0.019  0.041  0.011  0.084  0.007  0.018        1
 57:     0.935  0.000  0.001  0.001  0.038  0.014  0.012        1
 58:     0.910  0.030  0.001  0.000  0.031  0.013  0.014        1
 59:     0.851  0.046  0.012  0.028  0.010  0.028  0.025        1
 60:     0.969  0.008  0.004  0.007  0.001  0.003  0.008        1
 61:     0.998  0.001  0.000  0.001  0.000  0.000  0.000        1
 62:     0.001  0.005  0.015  0.284  0.003  0.193  0.499        1
 63:     0.921  0.026  0.000  0.017  0.000  0.034  0.001        1
 64:     0.997  0.000  0.000  0.001  0.000  0.001  0.000        1
 65:     0.996  0.000  0.003  0.001  0.000  0.000  0.000        1
 66:     0.942  0.002  0.028  0.006  0.000  0.022  0.000        1
 67:     0.614  0.157  0.085  0.069  0.043  0.021  0.010        1
 68:     0.919  0.013  0.007  0.005  0.033  0.017  0.007        1
 69:     0.961  0.004  0.005  0.019  0.010  0.001  0.000        1
 70:     0.777  0.059  0.001  0.043  0.034  0.019  0.067        1
 71:     0.986  0.002  0.001  0.003  0.000  0.000  0.008        1
 72:     0.998  0.000  0.000  0.000  0.000  0.002  0.000        1
 73:     0.998  0.000  0.000  0.000  0.000  0.000  0.001        1
 74:     0.743  0.002  0.013  0.058  0.134  0.041  0.009        1
 75:     0.998  0.000  0.000  0.000  0.000  0.000  0.001        1
 76:     0.005  0.000  0.076  0.286  0.000  0.285  0.348        1
 77:     0.997  0.001  0.001  0.000  0.000  0.000  0.000        1
 78:     0.790  0.004  0.001  0.054  0.072  0.026  0.054        1
 79:     1.000  0.000  0.000  0.000  0.000  0.000  0.000        1
 80:     0.972  0.001  0.000  0.000  0.002  0.005  0.020        1
 81:     0.989  0.000  0.000  0.009  0.000  0.000  0.001        1
 82:     0.494  0.168  0.147  0.044  0.053  0.037  0.057        1
 83:     0.994  0.001  0.000  0.001  0.003  0.001  0.000        1
 84:     0.009  0.003  0.923  0.047  0.002  0.016  0.001        1
 85:     0.006  0.003  0.918  0.060  0.000  0.011  0.002        1
 86:     0.012  0.064  0.870  0.018  0.024  0.009  0.004        1
 87:     0.000  0.000  0.958  0.021  0.001  0.009  0.011        1
 88:     0.001  0.002  0.992  0.001  0.000  0.003  0.002        1
 89:     0.002  0.000  0.929  0.000  0.001  0.007  0.061        1
 90:     0.000  0.000  0.958  0.041  0.000  0.001  0.000        1
 91:     0.008  0.001  0.960  0.015  0.010  0.006  0.001        1
 92:     0.007  0.024  0.830  0.010  0.003  0.012  0.114        1
 93:     0.000  0.000  0.907  0.039  0.010  0.043  0.001        1
 94:     0.005  0.069  0.898  0.006  0.004  0.012  0.006        1
 95:     0.000  0.026  0.845  0.077  0.038  0.002  0.011        1
 96:     0.001  0.006  0.980  0.002  0.003  0.001  0.006        1
 97:     0.009  0.006  0.931  0.044  0.002  0.009  0.000        1
 98:     0.010  0.030  0.941  0.012  0.001  0.004  0.002        1
 99:     0.000  0.000  0.991  0.001  0.004  0.003  0.000        1
100:     0.000  0.000  0.960  0.036  0.003  0.001  0.000        1
101:     0.006  0.008  0.754  0.041  0.137  0.017  0.036        1
102:     0.019  0.054  0.780  0.003  0.030  0.037  0.077        1
103:     0.004  0.002  0.973  0.009  0.002  0.007  0.003        1
104:     0.029  0.002  0.950  0.002  0.000  0.000  0.017        1
105:     0.012  0.002  0.909  0.048  0.011  0.011  0.007        1
106:     0.002  0.011  0.796  0.027  0.079  0.003  0.081        1
107:     0.000  0.003  0.959  0.001  0.008  0.020  0.009        1
108:     0.009  0.035  0.785  0.095  0.006  0.000  0.070        1
109:     0.031  0.043  0.754  0.090  0.003  0.048  0.030        1
110:     0.034  0.072  0.760  0.012  0.027  0.006  0.089        1
111:     0.011  0.000  0.959  0.015  0.000  0.014  0.000        1
112:     0.003  0.001  0.976  0.012  0.004  0.003  0.001        1
113:     0.001  0.000  0.929  0.051  0.004  0.009  0.006        1
114:     0.002  0.000  0.980  0.000  0.014  0.004  0.000        1
115:     0.008  0.010  0.927  0.004  0.016  0.001  0.035        1
116:     0.004  0.001  0.991  0.000  0.000  0.002  0.000        1
117:     0.002  0.003  0.927  0.005  0.000  0.063  0.000        1
118:     0.001  0.001  0.942  0.004  0.012  0.041  0.000        1
