

----------------------------------------------------
STRUCTURE by Pritchard, Stephens and Donnelly (2000)
     and Falush, Stephens and Pritchard (2003)
       Code by Pritchard, Falush and Hubisz
             Version 2.3.4 (Jul 2012)
----------------------------------------------------


Reading file "/workdir/yc2644/CV_CT_array/structure/threader_input/mainparams".
Reading file "/workdir/yc2644/CV_CT_array/structure/threader_input/extraparams".
Reading file "/workdir/yc2644/CV_CT_array/structure/threader_input/n1601.recode.strct_in".


Data file "/workdir/yc2644/CV_CT_array/structure/threader_input/n1601.recode.strct_in" (truncated) --

Ind:   Label Pop : Genotype_data . . . .
  1:  001s    1  :  2   1   2   2   2   1   2  . . . .   2
  1:  001s    1  :  2   2   2   2   2   2   2  . . . .   2
  2:  002s    1  :  2   2   2   2   1   1   2  . . . .   2
  2:  002s    1  :  2   2   2   2   2   2   2  . . . .   2
  3:  003s    1  :  1   2   1   2   2   2   2  . . . .   1
  3:  003s    1  :  2   2   1   2   2   2   2  . . . .   2
  4:  004s    1  :  1   1   2   2   1   2   2  . . . .   1
  4:  004s    1  :  2   1   2   2   2   2   2  . . . .   2

      *******   

1600:    49  192  :  2   2   2   2   2   1   2  . . . .   1
1600:    49  192  :  2   2   2   2   2   2   2  . . . .   2
1601:    50  192  :  2   1   2   2   1   2   2  . . . .   1
1601:    50  192  :  2   2   2   2   2   2   2  . . . .   2

Number of alleles per locus: min= 2; ave=2.0; max= 2


--------------------------------------

Finished initialization; starting MCMC 
100000 iterations + 10000 burnin


--------------------------------------------
Proportion of membership of each pre-defined
 population in each of the 7 clusters

Given    Inferred Clusters                                   Number of
 Pop       1      2      3      4      5      6      7      Individuals

  1:     0.160  0.159  0.090  0.105  0.153  0.178  0.156       54
  2:     0.172  0.154  0.081  0.127  0.127  0.150  0.189       30
  3:     0.076  0.071  0.550  0.086  0.098  0.067  0.052       30
  4:     0.061  0.065  0.660  0.052  0.060  0.072  0.031       20
  5:     0.070  0.052  0.614  0.067  0.077  0.071  0.049       30
  6:     0.130  0.165  0.082  0.111  0.181  0.162  0.169       43
  7:     0.138  0.139  0.073  0.105  0.175  0.187  0.183       44
  8:     0.135  0.158  0.065  0.163  0.101  0.240  0.137        4
  9:     0.151  0.152  0.050  0.100  0.117  0.198  0.232       22
 10:     0.164  0.188  0.056  0.101  0.140  0.167  0.184       24
 11:     0.155  0.157  0.074  0.119  0.159  0.172  0.164       54
 12:     0.172  0.147  0.073  0.120  0.142  0.170  0.177       37
 13:     0.142  0.157  0.084  0.116  0.131  0.173  0.197       42
 14:     0.164  0.141  0.070  0.119  0.138  0.162  0.206       42
 15:     0.179  0.135  0.084  0.112  0.163  0.163  0.165       49
 16:     0.150  0.155  0.084  0.107  0.146  0.181  0.177      124
 17:     0.171  0.152  0.077  0.105  0.146  0.172  0.177       24
 18:     0.143  0.156  0.059  0.117  0.160  0.183  0.181       34
 19:     0.154  0.164  0.079  0.111  0.149  0.169  0.175       52
 20:     0.106  0.139  0.033  0.246  0.182  0.173  0.121        1
 21:     0.046  0.186  0.034  0.096  0.473  0.100  0.066        1
 22:     0.164  0.282  0.049  0.097  0.080  0.094  0.232        1
 23:     0.033  0.128  0.086  0.135  0.209  0.245  0.164        1
 24:     0.252  0.144  0.046  0.115  0.144  0.131  0.168        1
 25:     0.153  0.149  0.117  0.151  0.155  0.158  0.116        1
 26:     0.152  0.134  0.052  0.224  0.249  0.017  0.172        1
 27:     0.032  0.421  0.105  0.206  0.039  0.059  0.138        1
 28:     0.049  0.393  0.067  0.132  0.193  0.118  0.048        1
 29:     0.213  0.113  0.040  0.123  0.301  0.101  0.109        1
 30:     0.100  0.041  0.118  0.141  0.256  0.014  0.330        1
 31:     0.283  0.140  0.178  0.151  0.149  0.046  0.054        1
 32:     0.110  0.331  0.046  0.211  0.162  0.122  0.017        1
 33:     0.386  0.032  0.093  0.114  0.300  0.045  0.030        1
 34:     0.163  0.407  0.052  0.070  0.042  0.064  0.201        1
 35:     0.059  0.285  0.065  0.030  0.237  0.109  0.216        1
 36:     0.104  0.129  0.086  0.297  0.113  0.198  0.073        1
 37:     0.185  0.268  0.021  0.056  0.396  0.039  0.035        1
 38:     0.183  0.170  0.111  0.149  0.124  0.139  0.126        1
 39:     0.311  0.187  0.031  0.218  0.120  0.120  0.013        1
 40:     0.084  0.155  0.079  0.203  0.165  0.145  0.169        1
 41:     0.176  0.125  0.083  0.197  0.032  0.220  0.166        1
 42:     0.154  0.136  0.058  0.096  0.066  0.142  0.350        1
 43:     0.031  0.049  0.049  0.216  0.069  0.300  0.285        1
 44:     0.259  0.048  0.113  0.147  0.186  0.035  0.212        1
 45:     0.297  0.073  0.063  0.022  0.090  0.315  0.141        1
 46:     0.122  0.078  0.062  0.201  0.074  0.190  0.273        1
 47:     0.169  0.132  0.066  0.153  0.247  0.126  0.107        1
 48:     0.145  0.230  0.080  0.119  0.129  0.156  0.140        1
 49:     0.351  0.060  0.054  0.131  0.166  0.236  0.001        1
 50:     0.008  0.111  0.297  0.131  0.109  0.216  0.128        1
 51:     0.264  0.048  0.219  0.192  0.077  0.138  0.061        1
 52:     0.275  0.098  0.105  0.099  0.233  0.022  0.169        1
 53:     0.143  0.106  0.097  0.070  0.343  0.062  0.179        1
 54:     0.117  0.163  0.098  0.496  0.009  0.037  0.080        1
 55:     0.108  0.156  0.028  0.506  0.033  0.163  0.006        1
 56:     0.196  0.018  0.084  0.240  0.007  0.196  0.259        1
 57:     0.196  0.185  0.085  0.166  0.080  0.141  0.146        1
 58:     0.462  0.274  0.012  0.140  0.012  0.037  0.064        1
 59:     0.395  0.234  0.085  0.068  0.088  0.110  0.020        1
 60:     0.377  0.114  0.076  0.214  0.050  0.119  0.050        1
 61:     0.184  0.099  0.027  0.512  0.071  0.078  0.028        1
 62:     0.089  0.275  0.327  0.079  0.028  0.124  0.077        1
 63:     0.224  0.151  0.114  0.240  0.095  0.097  0.079        1
 64:     0.225  0.116  0.067  0.453  0.076  0.021  0.042        1
 65:     0.324  0.124  0.037  0.451  0.006  0.036  0.023        1
 66:     0.160  0.181  0.100  0.283  0.100  0.065  0.110        1
 67:     0.265  0.222  0.056  0.214  0.054  0.135  0.055        1
 68:     0.256  0.068  0.087  0.135  0.057  0.020  0.377        1
 69:     0.038  0.186  0.109  0.352  0.187  0.082  0.046        1
 70:     0.123  0.072  0.034  0.393  0.063  0.049  0.268        1
 71:     0.246  0.096  0.079  0.387  0.054  0.076  0.061        1
 72:     0.469  0.149  0.078  0.147  0.040  0.062  0.054        1
 73:     0.298  0.238  0.052  0.265  0.036  0.028  0.083        1
 74:     0.402  0.057  0.132  0.286  0.058  0.044  0.021        1
 75:     0.604  0.072  0.008  0.116  0.007  0.049  0.145        1
 76:     0.040  0.131  0.433  0.087  0.228  0.011  0.069        1
 77:     0.409  0.026  0.050  0.322  0.010  0.035  0.148        1
 78:     0.271  0.130  0.073  0.301  0.093  0.066  0.067        1
 79:     0.526  0.075  0.081  0.172  0.059  0.033  0.054        1
 80:     0.219  0.225  0.082  0.198  0.066  0.103  0.107        1
 81:     0.193  0.267  0.101  0.228  0.052  0.047  0.112        1
 82:     0.361  0.047  0.066  0.349  0.073  0.038  0.065        1
 83:     0.082  0.143  0.086  0.418  0.067  0.135  0.070        1
 84:     0.011  0.060  0.095  0.471  0.300  0.037  0.025        1
 85:     0.004  0.188  0.120  0.399  0.192  0.036  0.062        1
 86:     0.018  0.202  0.076  0.611  0.050  0.013  0.029        1
 87:     0.048  0.021  0.058  0.351  0.187  0.007  0.328        1
 88:     0.050  0.146  0.096  0.391  0.182  0.063  0.072        1
 89:     0.086  0.138  0.037  0.357  0.335  0.010  0.038        1
 90:     0.032  0.234  0.124  0.494  0.069  0.011  0.035        1
 91:     0.039  0.020  0.066  0.699  0.078  0.038  0.061        1
 92:     0.082  0.262  0.030  0.314  0.145  0.014  0.152        1
 93:     0.138  0.174  0.055  0.471  0.088  0.047  0.027        1
 94:     0.107  0.400  0.094  0.203  0.130  0.063  0.004        1
 95:     0.058  0.131  0.106  0.414  0.134  0.058  0.098        1
 96:     0.047  0.140  0.031  0.605  0.117  0.016  0.045        1
 97:     0.049  0.142  0.057  0.658  0.070  0.021  0.003        1
 98:     0.016  0.006  0.048  0.657  0.055  0.043  0.175        1
 99:     0.023  0.174  0.098  0.508  0.033  0.037  0.127        1
100:     0.043  0.147  0.154  0.396  0.148  0.009  0.103        1
101:     0.014  0.034  0.095  0.413  0.237  0.006  0.201        1
102:     0.014  0.174  0.077  0.510  0.083  0.044  0.099        1
103:     0.062  0.120  0.105  0.522  0.129  0.020  0.042        1
104:     0.065  0.029  0.090  0.320  0.454  0.036  0.005        1
105:     0.091  0.147  0.160  0.343  0.133  0.034  0.092        1
106:     0.064  0.062  0.034  0.498  0.242  0.047  0.054        1
107:     0.068  0.003  0.134  0.517  0.172  0.027  0.079        1
108:     0.024  0.202  0.079  0.439  0.148  0.071  0.037        1
109:     0.074  0.127  0.126  0.501  0.141  0.028  0.003        1
110:     0.115  0.124  0.043  0.453  0.061  0.080  0.124        1
111:     0.007  0.185  0.119  0.481  0.018  0.022  0.169        1
112:     0.037  0.096  0.021  0.723  0.035  0.012  0.076        1
113:     0.099  0.208  0.078  0.542  0.011  0.039  0.024        1
114:     0.020  0.120  0.050  0.564  0.186  0.025  0.035        1
115:     0.016  0.151  0.036  0.650  0.038  0.033  0.076        1
116:     0.010  0.095  0.095  0.615  0.175  0.005  0.006        1
117:     0.038  0.231  0.051  0.551  0.096  0.024  0.009        1
118:     0.048  0.108  0.087  0.543  0.133  0.025  0.055        1
119:     0.032  0.019  0.056  0.692  0.108  0.057  0.037        1
120:     0.052  0.187  0.060  0.527  0.081  0.045  0.049        1
121:     0.143  0.172  0.066  0.522  0.040  0.009  0.048        1
122:     0.062  0.015  0.043  0.742  0.020  0.051  0.066        1
123:     0.052  0.118  0.084  0.392  0.154  0.082  0.118        1
124:     0.020  0.049  0.112  0.666  0.063  0.033  0.056        1
125:     0.048  0.285  0.084  0.347  0.143  0.044  0.050        1
126:     0.024  0.096  0.087  0.366  0.262  0.069  0.096        1
127:     0.053  0.149  0.098  0.417  0.106  0.084  0.093        1
128:     0.052  0.136  0.083  0.425  0.225  0.008  0.071        1
129:     0.016  0.229  0.124  0.304  0.160  0.011  0.156        1
130:     0.025  0.007  0.151  0.547  0.153  0.085  0.032        1
131:     0.083  0.168  0.078  0.379  0.187  0.027  0.078        1
132:     0.059  0.088  0.134  0.430  0.022  0.122  0.144        1
133:     0.056  0.243  0.173  0.160  0.358  0.004  0.006        1
134:     0.113  0.094  0.090  0.513  0.110  0.050  0.030        1
135:     0.068  0.117  0.064  0.403  0.146  0.104  0.098        1
136:     0.023  0.063  0.029  0.698  0.052  0.030  0.106        1
137:     0.007  0.050  0.076  0.464  0.191  0.075  0.137        1
138:     0.002  0.249  0.029  0.392  0.191  0.069  0.069        1
139:     0.026  0.013  0.183  0.564  0.066  0.110  0.038        1
140:     0.008  0.044  0.144  0.543  0.215  0.014  0.031        1
141:     0.013  0.010  0.130  0.522  0.264  0.019  0.042        1
142:     0.242  0.017  0.082  0.470  0.086  0.097  0.007        1
143:     0.043  0.179  0.163  0.452  0.017  0.076  0.069        1
144:     0.007  0.067  0.112  0.497  0.236  0.029  0.051        1
145:     0.043  0.076  0.055  0.653  0.112  0.056  0.006        1
146:     0.071  0.151  0.120  0.362  0.150  0.055  0.092        1
147:     0.028  0.299  0.070  0.377  0.193  0.013  0.021        1
148:     0.059  0.360  0.150  0.132  0.105  0.034  0.160        1
149:     0.126  0.155  0.153  0.190  0.091  0.148  0.136        1
150:     0.244  0.061  0.065  0.075  0.341  0.126  0.089        1
151:     0.120  0.358  0.038  0.213  0.034  0.034  0.203        1
152:     0.154  0.162  0.149  0.109  0.131  0.146  0.148        1
153:     0.190  0.173  0.102  0.072  0.188  0.133  0.141        1
154:     0.029  0.049  0.088  0.143  0.254  0.223  0.214        1
155:     0.362  0.086  0.067  0.047  0.121  0.230  0.089        1
156:     0.029  0.039  0.045  0.349  0.088  0.280  0.170        1
157:     0.203  0.107  0.067  0.164  0.196  0.187  0.076        1
158:     0.155  0.092  0.061  0.072  0.174  0.109  0.337        1
159:     0.255  0.259  0.036  0.044  0.031  0.162  0.213        1
160:     0.110  0.122  0.060  0.113  0.177  0.300  0.117        1
161:     0.057  0.082  0.104  0.282  0.238  0.188  0.049        1
162:     0.166  0.137  0.088  0.145  0.215  0.150  0.100        1
163:     0.033  0.475  0.072  0.078  0.032  0.147  0.162        1
164:     0.378  0.032  0.065  0.019  0.123  0.064  0.320        1
165:     0.182  0.164  0.110  0.123  0.174  0.143  0.103        1
166:     0.128  0.233  0.099  0.099  0.194  0.125  0.122        1
167:     0.141  0.183  0.121  0.114  0.112  0.184  0.144        1
168:     0.212  0.087  0.084  0.210  0.066  0.076  0.265        1
169:     0.011  0.321  0.066  0.122  0.158  0.103  0.219        1
170:     0.356  0.157  0.073  0.148  0.075  0.118  0.073        1
171:     0.386  0.103  0.047  0.147  0.064  0.111  0.142        1
172:     0.278  0.067  0.088  0.164  0.078  0.248  0.076        1
173:     0.130  0.151  0.069  0.190  0.024  0.373  0.062        1
174:     0.113  0.262  0.073  0.123  0.244  0.172  0.011        1
175:     0.167  0.150  0.082  0.117  0.136  0.183  0.166       50
176:     0.168  0.134  0.075  0.141  0.144  0.152  0.187       49
177:     0.175  0.154  0.071  0.104  0.145  0.172  0.179       50
178:     0.139  0.152  0.078  0.109  0.173  0.174  0.175       49
179:     0.219  0.110  0.084  0.100  0.132  0.148  0.207       23
180:     0.139  0.167  0.070  0.126  0.142  0.174  0.182       49
181:     0.024  0.045  0.771  0.068  0.028  0.042  0.022       30
182:     0.050  0.053  0.741  0.031  0.039  0.046  0.041       30
183:     0.142  0.205  0.113  0.120  0.120  0.131  0.169       34
184:     0.168  0.168  0.078  0.098  0.121  0.174  0.193       36
185:     0.147  0.205  0.077  0.089  0.142  0.166  0.174       40
186:     0.165  0.160  0.068  0.132  0.149  0.157  0.168       39
187:     0.170  0.161  0.076  0.119  0.153  0.143  0.178       37
188:     0.146  0.186  0.079  0.117  0.131  0.164  0.177       40
189:     0.133  0.197  0.084  0.101  0.149  0.168  0.167       35
190:     0.154  0.207  0.087  0.098  0.136  0.155  0.164       28
191:     0.168  0.165  0.074  0.098  0.155  0.162  0.179       36
192:     0.177  0.165  0.074  0.125  0.105  0.183  0.171       32
--------------------------------------------

 Rep#:   Lambda   Alpha      F1    F2    F3    F4    F5    F6    F7     D1,2  D1,3  D1,4  D1,5  D1,6  D1,7  D2,3  D2,4  D2,5  D2,6  D2,7  D3,4  D3,5  D3,6  D3,7  D4,5  D4,6  D4,7  D5,6  D5,7  D6,7    Ln Like 
  100:    1.00    1.538    0.011 0.002 0.258 0.082 0.010 0.012 0.011    0.002 0.040 0.019 0.004 0.004 0.004 0.038 0.016 0.002 0.002 0.002 0.051 0.040 0.041 0.041 0.017 0.020 0.019 0.004 0.003 0.003   --  
  200:    1.00    1.250    0.039 0.002 0.207 0.205 0.010 0.012 0.011    0.010 0.037 0.044 0.012 0.012 0.012 0.030 0.035 0.002 0.002 0.002 0.054 0.032 0.032 0.032 0.037 0.037 0.037 0.003 0.003 0.003   --  
  300:    1.00    1.022    0.245 0.002 0.188 0.191 0.010 0.012 0.011    0.039 0.053 0.057 0.041 0.041 0.041 0.028 0.032 0.002 0.002 0.002 0.048 0.030 0.030 0.030 0.034 0.034 0.034 0.003 0.003 0.003   --  
  400:    1.00    0.951    0.260 0.002 0.179 0.177 0.010 0.012 0.011    0.043 0.056 0.060 0.044 0.045 0.045 0.026 0.031 0.002 0.002 0.002 0.047 0.028 0.028 0.028 0.033 0.033 0.033 0.003 0.003 0.003   --  
  500:    1.00    0.869    0.265 0.002 0.174 0.170 0.010 0.012 0.011    0.042 0.055 0.059 0.044 0.044 0.044 0.026 0.030 0.002 0.002 0.002 0.046 0.027 0.027 0.027 0.032 0.032 0.032 0.003 0.003 0.004   --  
  600:    1.00    0.829    0.259 0.002 0.172 0.168 0.010 0.012 0.011    0.042 0.055 0.059 0.043 0.043 0.043 0.025 0.029 0.002 0.002 0.002 0.045 0.026 0.027 0.026 0.031 0.031 0.031 0.003 0.003 0.003   --  
  700:    1.00    0.786    0.263 0.002 0.171 0.165 0.010 0.011 0.011    0.041 0.055 0.059 0.043 0.043 0.043 0.025 0.029 0.002 0.002 0.002 0.045 0.026 0.026 0.026 0.030 0.030 0.031 0.003 0.003 0.003   --  
  800:    1.00    0.760    0.261 0.002 0.166 0.167 0.010 0.011 0.011    0.041 0.055 0.058 0.043 0.043 0.043 0.024 0.028 0.002 0.002 0.002 0.044 0.026 0.026 0.026 0.030 0.030 0.030 0.003 0.003 0.003   --  
  900:    1.00    0.718    0.259 0.002 0.166 0.161 0.010 0.011 0.011    0.041 0.055 0.059 0.043 0.043 0.043 0.024 0.028 0.002 0.002 0.002 0.044 0.026 0.026 0.026 0.030 0.030 0.030 0.003 0.003 0.003   --  

--------------------------------------------
Proportion of membership of each pre-defined
 population in each of the 7 clusters

Given    Inferred Clusters                                   Number of
 Pop       1      2      3      4      5      6      7      Individuals

  1:     0.078  0.197  0.064  0.055  0.204  0.207  0.195       54
  2:     0.088  0.235  0.064  0.051  0.147  0.199  0.216       30
  3:     0.063  0.048  0.690  0.058  0.066  0.050  0.025       30
  4:     0.035  0.020  0.806  0.081  0.027  0.028  0.003       20
  5:     0.032  0.040  0.748  0.087  0.056  0.027  0.010       30
  6:     0.077  0.204  0.060  0.048  0.189  0.179  0.244       43
  7:     0.073  0.199  0.058  0.052  0.209  0.225  0.184       44
  8:     0.090  0.111  0.038  0.059  0.127  0.282  0.293        4
  9:     0.077  0.186  0.023  0.050  0.143  0.250  0.270       22
 10:     0.076  0.234  0.021  0.048  0.126  0.197  0.297       24
 11:     0.069  0.208  0.058  0.051  0.224  0.220  0.169       54
 12:     0.076  0.186  0.057  0.046  0.198  0.208  0.228       37
 13:     0.075  0.194  0.063  0.055  0.178  0.223  0.210       42
 14:     0.076  0.150  0.060  0.048  0.202  0.229  0.235       42
 15:     0.078  0.207  0.065  0.053  0.217  0.193  0.185       49
 16:     0.076  0.180  0.068  0.052  0.203  0.211  0.209      124
 17:     0.085  0.180  0.065  0.054  0.204  0.191  0.221       24
 18:     0.084  0.159  0.049  0.053  0.192  0.237  0.224       34
 19:     0.078  0.190  0.061  0.050  0.170  0.230  0.221       52
 20:     0.063  0.240  0.055  0.056  0.216  0.124  0.245        1
 21:     0.088  0.236  0.019  0.119  0.402  0.111  0.024        1
 22:     0.094  0.180  0.070  0.034  0.057  0.127  0.439        1
 23:     0.055  0.244  0.105  0.102  0.060  0.296  0.139        1
 24:     0.061  0.156  0.030  0.053  0.326  0.172  0.201        1
 25:     0.045  0.026  0.152  0.077  0.293  0.076  0.332        1
 26:     0.065  0.210  0.047  0.081  0.395  0.072  0.131        1
 27:     0.061  0.513  0.095  0.082  0.003  0.036  0.210        1
 28:     0.092  0.436  0.031  0.037  0.070  0.042  0.293        1
 29:     0.084  0.088  0.013  0.059  0.385  0.254  0.116        1
 30:     0.087  0.161  0.121  0.068  0.332  0.054  0.178        1
 31:     0.083  0.411  0.175  0.059  0.139  0.078  0.056        1
 32:     0.100  0.220  0.031  0.048  0.153  0.296  0.153        1
 33:     0.129  0.039  0.131  0.037  0.185  0.326  0.152        1
 34:     0.094  0.445  0.029  0.056  0.029  0.083  0.264        1
 35:     0.094  0.424  0.041  0.038  0.137  0.015  0.251        1
 36:     0.088  0.405  0.065  0.075  0.046  0.136  0.185        1
 37:     0.061  0.184  0.022  0.072  0.571  0.074  0.015        1
 38:     0.088  0.098  0.083  0.125  0.319  0.102  0.184        1
 39:     0.126  0.434  0.014  0.077  0.054  0.191  0.105        1
 40:     0.094  0.113  0.085  0.101  0.413  0.019  0.174        1
 41:     0.085  0.206  0.014  0.082  0.072  0.143  0.398        1
 42:     0.058  0.222  0.045  0.099  0.173  0.134  0.269        1
 43:     0.073  0.127  0.044  0.083  0.231  0.277  0.166        1
 44:     0.111  0.163  0.091  0.021  0.103  0.025  0.485        1
 45:     0.131  0.368  0.000  0.063  0.082  0.196  0.160        1
 46:     0.069  0.213  0.049  0.093  0.113  0.097  0.367        1
 47:     0.044  0.111  0.036  0.091  0.084  0.434  0.200        1
 48:     0.068  0.068  0.048  0.061  0.163  0.369  0.223        1
 49:     0.091  0.015  0.045  0.042  0.426  0.036  0.345        1
 50:     0.055  0.180  0.359  0.067  0.030  0.195  0.114        1
 51:     0.087  0.046  0.235  0.090  0.233  0.249  0.060        1
 52:     0.078  0.170  0.055  0.103  0.497  0.024  0.073        1
 53:     0.052  0.143  0.088  0.077  0.325  0.184  0.130        1
 54:     0.982  0.000  0.005  0.004  0.004  0.001  0.004        1
 55:     0.990  0.004  0.001  0.003  0.002  0.000  0.001        1
 56:     0.824  0.030  0.008  0.018  0.010  0.083  0.027        1
 57:     0.919  0.017  0.012  0.010  0.006  0.014  0.021        1
 58:     0.903  0.047  0.015  0.015  0.002  0.016  0.002        1
 59:     0.864  0.042  0.046  0.010  0.010  0.018  0.009        1
 60:     0.989  0.000  0.001  0.002  0.005  0.000  0.003        1
 61:     0.992  0.000  0.000  0.002  0.003  0.002  0.000        1
 62:     0.024  0.058  0.419  0.044  0.147  0.272  0.036        1
 63:     0.936  0.002  0.030  0.028  0.000  0.002  0.001        1
 64:     0.994  0.000  0.003  0.000  0.000  0.002  0.000        1
 65:     0.998  0.000  0.000  0.000  0.000  0.000  0.000        1
 66:     0.951  0.024  0.001  0.001  0.014  0.007  0.001        1
 67:     0.619  0.080  0.063  0.076  0.018  0.034  0.111        1
 68:     0.896  0.021  0.014  0.046  0.001  0.020  0.002        1
 69:     0.977  0.010  0.001  0.008  0.002  0.002  0.000        1
 70:     0.786  0.059  0.035  0.036  0.027  0.038  0.019        1
 71:     0.992  0.001  0.000  0.003  0.001  0.003  0.000        1
 72:     0.995  0.000  0.000  0.002  0.001  0.002  0.000        1
 73:     0.995  0.000  0.001  0.000  0.000  0.001  0.003        1
 74:     0.787  0.010  0.063  0.015  0.024  0.060  0.041        1
 75:     0.998  0.001  0.000  0.000  0.001  0.000  0.000        1
 76:     0.020  0.028  0.578  0.115  0.204  0.036  0.018        1
 77:     0.998  0.000  0.000  0.000  0.000  0.000  0.001        1
 78:     0.817  0.002  0.089  0.001  0.002  0.079  0.009        1
 79:     0.996  0.001  0.000  0.001  0.000  0.000  0.001        1
 80:     0.968  0.000  0.009  0.003  0.001  0.002  0.015        1
 81:     0.988  0.002  0.000  0.006  0.001  0.002  0.001        1
 82:     0.493  0.069  0.078  0.153  0.012  0.057  0.139        1
 83:     0.996  0.002  0.000  0.001  0.000  0.000  0.000        1
 84:     0.001  0.001  0.084  0.909  0.001  0.000  0.004        1
 85:     0.002  0.001  0.035  0.920  0.020  0.019  0.003        1
 86:     0.032  0.076  0.022  0.833  0.030  0.003  0.003        1
 87:     0.002  0.013  0.009  0.931  0.010  0.010  0.025        1
 88:     0.009  0.017  0.001  0.966  0.003  0.003  0.002        1
 89:     0.004  0.020  0.009  0.937  0.010  0.005  0.015        1
 90:     0.001  0.006  0.042  0.940  0.001  0.005  0.004        1
 91:     0.005  0.014  0.002  0.937  0.024  0.012  0.007        1
 92:     0.005  0.133  0.029  0.774  0.036  0.001  0.021        1
 93:     0.005  0.002  0.056  0.916  0.006  0.002  0.012        1
 94:     0.001  0.001  0.018  0.907  0.007  0.043  0.022        1
 95:     0.009  0.035  0.021  0.860  0.030  0.013  0.032        1
 96:     0.009  0.003  0.002  0.983  0.001  0.000  0.002        1
 97:     0.005  0.001  0.026  0.946  0.002  0.011  0.010        1
 98:     0.028  0.006  0.002  0.941  0.003  0.001  0.019        1
 99:     0.000  0.001  0.003  0.989  0.000  0.006  0.001        1
100:     0.005  0.001  0.000  0.987  0.001  0.001  0.004        1
101:     0.020  0.017  0.064  0.748  0.066  0.000  0.086        1
102:     0.044  0.047  0.006  0.793  0.009  0.025  0.076        1
103:     0.008  0.004  0.003  0.971  0.000  0.014  0.001        1
104:     0.037  0.001  0.001  0.908  0.044  0.002  0.006        1
105:     0.050  0.003  0.048  0.884  0.002  0.005  0.007        1
106:     0.024  0.037  0.003  0.789  0.059  0.062  0.025        1
107:     0.005  0.004  0.012  0.959  0.005  0.000  0.013        1
108:     0.004  0.054  0.029  0.807  0.003  0.032  0.071        1
109:     0.029  0.052  0.093  0.729  0.028  0.030  0.039        1
110:     0.041  0.151  0.011  0.748  0.013  0.009  0.028        1
111:     0.001  0.011  0.012  0.957  0.003  0.014  0.001        1
112:     0.006  0.001  0.000  0.982  0.003  0.001  0.008        1
113:     0.000  0.010  0.027  0.941  0.015  0.001  0.006        1
114:     0.034  0.002  0.010  0.933  0.003  0.006  0.013        1
115:     0.008  0.030  0.002  0.896  0.004  0.043  0.016        1
116:     0.000  0.006  0.001  0.989  0.003  0.000  0.000        1
117:     0.000  0.016  0.049  0.917  0.008  0.009  0.000        1
118:     0.015  0.001  0.028  0.937  0.005  0.005  0.009        1
119:     0.029  0.035  0.002  0.860  0.017  0.013  0.044        1
120:     0.041  0.009  0.012  0.894  0.006  0.024  0.015        1
121:     0.004  0.003  0.022  0.952  0.001  0.010  0.007        1
122:     0.020  0.000  0.003  0.908  0.045  0.011  0.012        1
123:     0.006  0.004  0.000  0.974  0.008  0.007  0.001        1
124:     0.011  0.029  0.103  0.806  0.046  0.003  0.002        1
125:     0.003  0.004  0.000  0.974  0.008  0.002  0.009        1
126:     0.027  0.087  0.006  0.824  0.005  0.006  0.045        1
127:     0.014  0.025  0.024  0.915  0.010  0.000  0.013        1
128:     0.019  0.004  0.020  0.926  0.020  0.007  0.004        1
129:     0.002  0.000  0.000  0.990  0.001  0.005  0.002        1
130:     0.006  0.008  0.031  0.901  0.043  0.002  0.010        1
131:     0.006  0.001  0.001  0.989  0.001  0.001  0.001        1
132:     0.002  0.001  0.043  0.818  0.026  0.056  0.054        1
133:     0.000  0.001  0.111  0.857  0.017  0.010  0.004        1
134:     0.026  0.068  0.001  0.823  0.042  0.014  0.025        1
135:     0.001  0.038  0.035  0.788  0.009  0.037  0.092        1
136:     0.005  0.001  0.001  0.984  0.003  0.003  0.003        1
137:     0.018  0.009  0.002  0.953  0.001  0.004  0.012        1
138:     0.013  0.003  0.000  0.968  0.009  0.000  0.007        1
139:     0.017  0.001  0.066  0.897  0.009  0.009  0.002        1
140:     0.041  0.026  0.060  0.867  0.000  0.006  0.001        1
141:     0.004  0.000  0.021  0.965  0.006  0.000  0.003        1
142:     0.016  0.020  0.035  0.818  0.037  0.009  0.065        1
143:     0.000  0.001  0.045  0.917  0.020  0.001  0.015        1
144:     0.001  0.000  0.043  0.948  0.000  0.000  0.007        1
145:     0.002  0.002  0.005  0.965  0.022  0.000  0.004        1
146:     0.019  0.005  0.047  0.896  0.008  0.009  0.016        1
147:     0.009  0.005  0.019  0.954  0.009  0.003  0.000        1
148:     0.104  0.389  0.174  0.100  0.029  0.024  0.181        1
149:     0.058  0.186  0.202  0.149  0.078  0.132  0.194        1
150:     0.068  0.106  0.026  0.114  0.140  0.513  0.033        1
151:     0.078  0.588  0.020  0.060  0.005  0.035  0.214        1
152:     0.078  0.125  0.103  0.031  0.250  0.132  0.280        1
153:     0.080  0.047  0.037  0.061  0.423  0.228  0.125        1
154:     0.077  0.120  0.046  0.029  0.396  0.280  0.052        1
155:     0.091  0.038  0.050  0.073  0.090  0.439  0.218        1
156:     0.103  0.173  0.060  0.096  0.128  0.355  0.084        1
157:     0.099  0.238  0.042  0.078  0.298  0.141  0.104        1
158:     0.069  0.134  0.026  0.077  0.115  0.296  0.283        1
159:     0.123  0.206  0.006  0.056  0.190  0.172  0.247        1
160:     0.074  0.241  0.041  0.059  0.152  0.329  0.104        1
161:     0.119  0.295  0.078  0.106  0.165  0.137  0.099        1
162:     0.116  0.301  0.015  0.069  0.208  0.118  0.173        1
163:     0.102  0.302  0.055  0.022  0.144  0.272  0.103        1
164:     0.084  0.173  0.031  0.086  0.073  0.198  0.355        1
165:     0.056  0.293  0.089  0.131  0.335  0.061  0.036        1
166:     0.093  0.111  0.064  0.041  0.330  0.241  0.120        1
167:     0.097  0.181  0.088  0.047  0.291  0.125  0.170        1
168:     0.070  0.038  0.033  0.036  0.174  0.286  0.363        1
169:     0.085  0.022  0.059  0.092  0.431  0.080  0.231        1
170:     0.103  0.018  0.002  0.119  0.180  0.446  0.132        1
171:     0.099  0.072  0.037  0.051  0.313  0.131  0.298        1
172:     0.098  0.213  0.108  0.062  0.209  0.185  0.125        1
173:     0.062  0.211  0.053  0.059  0.167  0.397  0.052        1
174:     0.079  0.374  0.097  0.055  0.281  0.061  0.053        1
175:     0.078  0.215  0.065  0.046  0.181  0.204  0.211       50
176:     0.077  0.178  0.056  0.046  0.174  0.220  0.249       49
177:     0.071  0.186  0.059  0.051  0.175  0.213  0.244       50
178:     0.078  0.166  0.066  0.050  0.227  0.189  0.224       49
179:     0.071  0.182  0.065  0.057  0.243  0.186  0.196       23
180:     0.078  0.206  0.051  0.048  0.208  0.216  0.192       49
181:     0.004  0.004  0.980  0.003  0.002  0.004  0.002       30
182:     0.012  0.014  0.941  0.010  0.006  0.008  0.009       30
183:     0.065  0.272  0.112  0.068  0.164  0.126  0.193       34
184:     0.072  0.194  0.062  0.045  0.188  0.192  0.247       36
185:     0.069  0.221  0.068  0.054  0.177  0.172  0.239       40
186:     0.077  0.190  0.051  0.046  0.198  0.172  0.266       39
187:     0.080  0.185  0.067  0.050  0.210  0.161  0.247       37
188:     0.077  0.215  0.069  0.049  0.149  0.205  0.236       40
189:     0.078  0.290  0.066  0.051  0.132  0.166  0.217       35
190:     0.079  0.267  0.076  0.047  0.154  0.206  0.171       28
191:     0.074  0.200  0.066  0.045  0.207  0.162  0.246       36
192:     0.082  0.213  0.063  0.047  0.131  0.232  0.232       32
--------------------------------------------

 Rep#:   Lambda   Alpha      F1    F2    F3    F4    F5    F6    F7     D1,2  D1,3  D1,4  D1,5  D1,6  D1,7  D2,3  D2,4  D2,5  D2,6  D2,7  D3,4  D3,5  D3,6  D3,7  D4,5  D4,6  D4,7  D5,6  D5,7  D6,7    Ln Like 
 1000:    1.00    0.715    0.261 0.002 0.170 0.165 0.011 0.011 0.011    0.041 0.056 0.059 0.043 0.043 0.043 0.024 0.028 0.002 0.002 0.002 0.045 0.026 0.025 0.026 0.029 0.029 0.030 0.003 0.004 0.004   --  
 1100:    1.00    0.679    0.260 0.002 0.170 0.157 0.011 0.011 0.011    0.041 0.056 0.059 0.042 0.042 0.043 0.024 0.028 0.002 0.002 0.002 0.044 0.025 0.025 0.026 0.029 0.029 0.029 0.003 0.003 0.003   --  
 1200:    1.00    0.646    0.256 0.002 0.166 0.164 0.011 0.011 0.012    0.040 0.056 0.059 0.042 0.042 0.042 0.024 0.028 0.002 0.002 0.002 0.044 0.025 0.025 0.026 0.029 0.029 0.029 0.003 0.004 0.003   --  
 1300:    1.00    0.625    0.258 0.002 0.166 0.154 0.011 0.010 0.011    0.041 0.056 0.059 0.043 0.042 0.042 0.024 0.027 0.002 0.002 0.002 0.044 0.025 0.025 0.025 0.029 0.028 0.029 0.003 0.004 0.003   --  
 1400:    1.00    0.610    0.261 0.002 0.164 0.154 0.011 0.011 0.011    0.040 0.055 0.058 0.041 0.041 0.042 0.024 0.027 0.002 0.002 0.002 0.044 0.025 0.025 0.025 0.029 0.028 0.029 0.003 0.003 0.003   --  
 1500:    1.00    0.570    0.253 0.002 0.165 0.154 0.011 0.011 0.011    0.039 0.055 0.059 0.041 0.041 0.041 0.023 0.026 0.002 0.002 0.002 0.044 0.025 0.025 0.025 0.028 0.028 0.028 0.003 0.004 0.004   --  
 1600:    1.00    0.552    0.257 0.002 0.161 0.158 0.011 0.011 0.011    0.039 0.055 0.058 0.040 0.040 0.040 0.023 0.026 0.002 0.002 0.002 0.044 0.025 0.025 0.025 0.028 0.028 0.029 0.003 0.004 0.003   --  
 1700:    1.00    0.556    0.256 0.002 0.162 0.156 0.011 0.011 0.011    0.039 0.055 0.059 0.041 0.041 0.041 0.023 0.027 0.002 0.002 0.002 0.044 0.025 0.025 0.025 0.028 0.028 0.028 0.003 0.004 0.003   --  
 1800:    1.00    0.523    0.250 0.002 0.163 0.155 0.011 0.011 0.011    0.038 0.054 0.058 0.040 0.040 0.040 0.023 0.027 0.002 0.002 0.002 0.044 0.024 0.024 0.025 0.028 0.028 0.029 0.003 0.004 0.004   --  
 1900:    1.00    0.512    0.246 0.002 0.162 0.150 0.012 0.011 0.011    0.038 0.055 0.058 0.040 0.040 0.040 0.023 0.026 0.002 0.002 0.002 0.043 0.025 0.025 0.025 0.028 0.028 0.028 0.004 0.004 0.004   --  

--------------------------------------------
Proportion of membership of each pre-defined
 population in each of the 7 clusters

Given    Inferred Clusters                                   Number of
 Pop       1      2      3      4      5      6      7      Individuals

  1:     0.045  0.232  0.053  0.036  0.196  0.237  0.201       54
  2:     0.047  0.239  0.055  0.032  0.193  0.211  0.223       30
  3:     0.047  0.039  0.677  0.052  0.129  0.024  0.032       30
  4:     0.023  0.014  0.807  0.069  0.056  0.024  0.007       20
  5:     0.016  0.044  0.735  0.073  0.103  0.015  0.014       30
  6:     0.044  0.210  0.045  0.035  0.173  0.203  0.289       43
  7:     0.043  0.195  0.043  0.030  0.236  0.253  0.200       44
  8:     0.046  0.129  0.024  0.035  0.088  0.240  0.439        4
  9:     0.044  0.170  0.017  0.028  0.137  0.223  0.382       22
 10:     0.048  0.231  0.017  0.032  0.096  0.212  0.365       24
 11:     0.037  0.232  0.043  0.035  0.226  0.257  0.171       54
 12:     0.041  0.231  0.040  0.029  0.199  0.208  0.253       37
 13:     0.040  0.178  0.057  0.037  0.221  0.238  0.228       42
 14:     0.046  0.162  0.047  0.034  0.240  0.261  0.210       42
 15:     0.045  0.231  0.055  0.032  0.242  0.189  0.205       49
 16:     0.045  0.205  0.054  0.035  0.210  0.233  0.218      124
 17:     0.045  0.193  0.046  0.037  0.229  0.191  0.259       24
 18:     0.051  0.196  0.037  0.035  0.210  0.215  0.255       34
 19:     0.047  0.179  0.053  0.037  0.184  0.264  0.236       52
 20:     0.070  0.144  0.013  0.037  0.231  0.168  0.337        1
 21:     0.062  0.087  0.015  0.100  0.570  0.157  0.008        1
 22:     0.046  0.415  0.029  0.035  0.064  0.032  0.379        1
 23:     0.032  0.358  0.099  0.075  0.072  0.245  0.121        1
 24:     0.079  0.108  0.040  0.037  0.344  0.015  0.377        1
 25:     0.045  0.028  0.129  0.040  0.325  0.018  0.416        1
 26:     0.051  0.242  0.015  0.070  0.426  0.075  0.121        1
 27:     0.046  0.200  0.025  0.041  0.175  0.046  0.468        1
 28:     0.076  0.360  0.020  0.064  0.055  0.000  0.423        1
 29:     0.070  0.222  0.005  0.060  0.165  0.293  0.185        1
 30:     0.054  0.084  0.098  0.022  0.508  0.001  0.234        1
 31:     0.077  0.392  0.181  0.044  0.207  0.039  0.060        1
 32:     0.063  0.132  0.005  0.053  0.216  0.172  0.359        1
 33:     0.098  0.035  0.088  0.027  0.358  0.094  0.300        1
 34:     0.064  0.472  0.004  0.029  0.004  0.058  0.369        1
 35:     0.022  0.255  0.034  0.054  0.357  0.205  0.072        1
 36:     0.041  0.408  0.065  0.053  0.102  0.160  0.171        1
 37:     0.028  0.157  0.003  0.080  0.388  0.341  0.003        1
 38:     0.038  0.006  0.051  0.117  0.663  0.001  0.124        1
 39:     0.105  0.329  0.026  0.037  0.060  0.059  0.383        1
 40:     0.066  0.146  0.075  0.073  0.461  0.018  0.161        1
 41:     0.057  0.381  0.001  0.029  0.212  0.048  0.273        1
 42:     0.053  0.059  0.043  0.058  0.139  0.240  0.408        1
 43:     0.022  0.143  0.050  0.060  0.130  0.509  0.086        1
 44:     0.038  0.498  0.123  0.014  0.000  0.069  0.258        1
 45:     0.070  0.646  0.023  0.037  0.064  0.123  0.037        1
 46:     0.043  0.060  0.025  0.078  0.146  0.000  0.648        1
 47:     0.045  0.031  0.003  0.046  0.031  0.679  0.165        1
 48:     0.021  0.001  0.012  0.051  0.009  0.829  0.076        1
 49:     0.081  0.008  0.007  0.026  0.454  0.004  0.420        1
 50:     0.035  0.041  0.295  0.070  0.149  0.343  0.066        1
 51:     0.046  0.167  0.172  0.052  0.303  0.164  0.096        1
 52:     0.082  0.257  0.033  0.079  0.363  0.085  0.100        1
 53:     0.036  0.178  0.056  0.064  0.484  0.089  0.093        1
 54:     0.991  0.000  0.004  0.002  0.002  0.001  0.001        1
 55:     0.995  0.000  0.000  0.000  0.000  0.004  0.001        1
 56:     0.831  0.085  0.016  0.004  0.017  0.025  0.022        1
 57:     0.931  0.001  0.004  0.011  0.018  0.032  0.005        1
 58:     0.909  0.028  0.010  0.002  0.029  0.000  0.023        1
 59:     0.850  0.017  0.006  0.013  0.114  0.000  0.001        1
 60:     0.982  0.001  0.003  0.006  0.004  0.004  0.000        1
 61:     0.995  0.001  0.002  0.002  0.000  0.000  0.000        1
 62:     0.002  0.043  0.375  0.019  0.135  0.404  0.023        1
 63:     0.943  0.007  0.023  0.010  0.000  0.010  0.007        1
 64:     0.998  0.000  0.001  0.000  0.000  0.000  0.000        1
 65:     0.996  0.000  0.001  0.001  0.000  0.000  0.001        1
 66:     0.954  0.002  0.009  0.032  0.000  0.002  0.000        1
 67:     0.606  0.000  0.045  0.099  0.043  0.125  0.082        1
 68:     0.915  0.026  0.005  0.017  0.015  0.021  0.000        1
 69:     0.986  0.000  0.003  0.006  0.000  0.001  0.003        1
 70:     0.775  0.146  0.036  0.010  0.026  0.005  0.002        1
 71:     0.994  0.003  0.001  0.001  0.000  0.001  0.000        1
 72:     0.995  0.001  0.001  0.000  0.000  0.003  0.000        1
 73:     0.996  0.000  0.000  0.000  0.003  0.000  0.000        1
 74:     0.740  0.003  0.050  0.000  0.136  0.021  0.050        1
 75:     0.998  0.000  0.001  0.000  0.000  0.001  0.001        1
 76:     0.006  0.009  0.562  0.118  0.154  0.150  0.000        1
 77:     0.996  0.002  0.001  0.000  0.000  0.000  0.000        1
 78:     0.818  0.046  0.069  0.000  0.016  0.050  0.001        1
 79:     0.992  0.001  0.002  0.000  0.002  0.001  0.001        1
 80:     0.972  0.013  0.012  0.000  0.001  0.001  0.000        1
 81:     0.997  0.000  0.001  0.000  0.001  0.000  0.001        1
 82:     0.500  0.148  0.058  0.168  0.031  0.031  0.064        1
 83:     0.993  0.001  0.003  0.000  0.003  0.001  0.000        1
 84:     0.015  0.000  0.032  0.941  0.008  0.002  0.001        1
 85:     0.008  0.004  0.045  0.924  0.001  0.012  0.007        1
 86:     0.028  0.040  0.010  0.853  0.005  0.061  0.003        1
 87:     0.003  0.013  0.004  0.964  0.008  0.004  0.004        1
 88:     0.000  0.011  0.001  0.987  0.000  0.001  0.000        1
 89:     0.000  0.003  0.007  0.967  0.013  0.005  0.004        1
 90:     0.002  0.000  0.009  0.986  0.001  0.000  0.001        1
 91:     0.005  0.003  0.001  0.970  0.013  0.005  0.004        1
 92:     0.000  0.137  0.005  0.802  0.018  0.003  0.034        1
 93:     0.005  0.006  0.058  0.928  0.001  0.001  0.000        1
 94:     0.002  0.022  0.013  0.893  0.033  0.000  0.037        1
 95:     0.001  0.021  0.017  0.912  0.015  0.006  0.026        1
 96:     0.000  0.002  0.000  0.993  0.001  0.000  0.004        1
 97:     0.024  0.003  0.001  0.937  0.004  0.029  0.002        1
 98:     0.016  0.014  0.014  0.954  0.001  0.000  0.001        1
 99:     0.000  0.000  0.001  0.994  0.000  0.003  0.001        1
100:     0.004  0.001  0.013  0.982  0.000  0.000  0.000        1
101:     0.003  0.000  0.000  0.776  0.100  0.011  0.109        1
102:     0.014  0.128  0.008  0.773  0.022  0.012  0.043        1
103:     0.000  0.002  0.000  0.976  0.001  0.002  0.017        1
104:     0.032  0.000  0.007  0.945  0.009  0.000  0.005        1
105:     0.020  0.005  0.047  0.922  0.000  0.000  0.006        1
106:     0.032  0.002  0.000  0.772  0.092  0.017  0.084        1
107:     0.000  0.000  0.026  0.962  0.005  0.000  0.007        1
108:     0.002  0.000  0.001  0.846  0.125  0.015  0.012        1
109:     0.029  0.025  0.080  0.748  0.023  0.029  0.066        1
110:     0.053  0.135  0.001  0.750  0.000  0.015  0.046        1
111:     0.005  0.006  0.000  0.984  0.001  0.000  0.004        1
112:     0.003  0.002  0.006  0.982  0.000  0.007  0.000        1
113:     0.001  0.006  0.013  0.966  0.004  0.001  0.008        1
114:     0.002  0.002  0.013  0.973  0.004  0.006  0.001        1
115:     0.004  0.013  0.000  0.877  0.002  0.046  0.058        1
116:     0.000  0.001  0.006  0.991  0.001  0.001  0.000        1
117:     0.003  0.010  0.029  0.944  0.009  0.001  0.004        1
118:     0.024  0.002  0.018  0.952  0.000  0.003  0.001        1
