

----------------------------------------------------
STRUCTURE by Pritchard, Stephens and Donnelly (2000)
     and Falush, Stephens and Pritchard (2003)
       Code by Pritchard, Falush and Hubisz
             Version 2.3.4 (Jul 2012)
----------------------------------------------------


Reading file "/workdir/yc2644/CV_CT_array/structure/threader_input/mainparams".
Reading file "/workdir/yc2644/CV_CT_array/structure/threader_input/extraparams".
Reading file "/workdir/yc2644/CV_CT_array/structure/threader_input/n1601.recode.strct_in".


Data file "/workdir/yc2644/CV_CT_array/structure/threader_input/n1601.recode.strct_in" (truncated) --

Ind:   Label Pop : Genotype_data . . . .
  1:  001s    1  :  2   1   2   2   2   1   2  . . . .   2
  1:  001s    1  :  2   2   2   2   2   2   2  . . . .   2
  2:  002s    1  :  2   2   2   2   1   1   2  . . . .   2
  2:  002s    1  :  2   2   2   2   2   2   2  . . . .   2
  3:  003s    1  :  1   2   1   2   2   2   2  . . . .   1
  3:  003s    1  :  2   2   1   2   2   2   2  . . . .   2
  4:  004s    1  :  1   1   2   2   1   2   2  . . . .   1
  4:  004s    1  :  2   1   2   2   2   2   2  . . . .   2

      *******   

1600:    49  192  :  2   2   2   2   2   1   2  . . . .   1
1600:    49  192  :  2   2   2   2   2   2   2  . . . .   2
1601:    50  192  :  2   1   2   2   1   2   2  . . . .   1
1601:    50  192  :  2   2   2   2   2   2   2  . . . .   2

Number of alleles per locus: min= 2; ave=2.0; max= 2


--------------------------------------

Finished initialization; starting MCMC 
100000 iterations + 10000 burnin


--------------------------------------------
Proportion of membership of each pre-defined
 population in each of the 7 clusters

Given    Inferred Clusters                                   Number of
 Pop       1      2      3      4      5      6      7      Individuals

  1:     0.199  0.124  0.152  0.141  0.170  0.077  0.136       54
  2:     0.172  0.109  0.153  0.150  0.197  0.081  0.138       30
  3:     0.050  0.062  0.081  0.134  0.043  0.494  0.135       30
  4:     0.052  0.034  0.066  0.054  0.043  0.507  0.243       20
  5:     0.043  0.036  0.068  0.104  0.039  0.484  0.225       30
  6:     0.224  0.123  0.148  0.149  0.153  0.069  0.134       43
  7:     0.194  0.123  0.144  0.156  0.185  0.068  0.130       44
  8:     0.123  0.151  0.160  0.135  0.218  0.053  0.161        4
  9:     0.194  0.129  0.129  0.192  0.187  0.050  0.119       22
 10:     0.232  0.144  0.174  0.117  0.182  0.051  0.100       24
 11:     0.177  0.117  0.155  0.161  0.191  0.068  0.131       54
 12:     0.234  0.110  0.154  0.139  0.150  0.062  0.151       37
 13:     0.197  0.116  0.144  0.153  0.179  0.075  0.137       42
 14:     0.220  0.119  0.146  0.144  0.177  0.074  0.120       42
 15:     0.195  0.123  0.152  0.155  0.185  0.071  0.119       49
 16:     0.188  0.124  0.152  0.151  0.170  0.079  0.135      124
 17:     0.201  0.107  0.173  0.120  0.187  0.067  0.146       24
 18:     0.201  0.116  0.167  0.142  0.161  0.061  0.152       34
 19:     0.188  0.123  0.161  0.153  0.184  0.069  0.122       52
 20:     0.210  0.123  0.159  0.161  0.257  0.061  0.029        1
 21:     0.152  0.038  0.286  0.133  0.171  0.095  0.125        1
 22:     0.279  0.108  0.253  0.081  0.196  0.060  0.023        1
 23:     0.135  0.186  0.130  0.135  0.268  0.101  0.045        1
 24:     0.059  0.078  0.025  0.184  0.341  0.089  0.224        1
 25:     0.124  0.096  0.146  0.118  0.282  0.125  0.109        1
 26:     0.219  0.159  0.115  0.101  0.278  0.064  0.065        1
 27:     0.159  0.090  0.166  0.063  0.388  0.053  0.081        1
 28:     0.198  0.221  0.000  0.182  0.163  0.094  0.142        1
 29:     0.235  0.126  0.260  0.235  0.088  0.022  0.034        1
 30:     0.090  0.138  0.015  0.059  0.464  0.136  0.097        1
 31:     0.163  0.021  0.147  0.041  0.046  0.180  0.403        1
 32:     0.353  0.199  0.016  0.200  0.132  0.077  0.024        1
 33:     0.155  0.088  0.170  0.218  0.143  0.089  0.136        1
 34:     0.131  0.088  0.210  0.059  0.357  0.043  0.112        1
 35:     0.264  0.138  0.054  0.256  0.020  0.080  0.189        1
 36:     0.180  0.098  0.140  0.161  0.203  0.095  0.123        1
 37:     0.131  0.105  0.205  0.103  0.239  0.042  0.175        1
 38:     0.430  0.156  0.087  0.023  0.099  0.129  0.076        1
 39:     0.230  0.188  0.121  0.235  0.178  0.037  0.010        1
 40:     0.127  0.051  0.477  0.088  0.095  0.080  0.082        1
 41:     0.131  0.195  0.350  0.092  0.100  0.038  0.094        1
 42:     0.335  0.048  0.036  0.226  0.146  0.070  0.139        1
 43:     0.189  0.097  0.192  0.083  0.184  0.120  0.135        1
 44:     0.140  0.109  0.233  0.189  0.067  0.108  0.155        1
 45:     0.483  0.108  0.048  0.135  0.152  0.057  0.016        1
 46:     0.162  0.180  0.201  0.105  0.173  0.078  0.100        1
 47:     0.226  0.093  0.220  0.361  0.004  0.068  0.027        1
 48:     0.341  0.097  0.099  0.319  0.059  0.020  0.065        1
 49:     0.157  0.258  0.103  0.304  0.029  0.033  0.117        1
 50:     0.203  0.116  0.106  0.035  0.014  0.219  0.306        1
 51:     0.140  0.102  0.026  0.096  0.142  0.155  0.340        1
 52:     0.191  0.221  0.062  0.187  0.023  0.058  0.258        1
 53:     0.062  0.125  0.131  0.183  0.237  0.063  0.199        1
 54:     0.233  0.112  0.032  0.417  0.102  0.039  0.065        1
 55:     0.065  0.065  0.073  0.496  0.091  0.101  0.109        1
 56:     0.024  0.145  0.136  0.328  0.253  0.020  0.094        1
 57:     0.069  0.156  0.040  0.454  0.078  0.095  0.110        1
 58:     0.230  0.065  0.109  0.441  0.043  0.076  0.036        1
 59:     0.147  0.176  0.001  0.623  0.004  0.011  0.039        1
 60:     0.118  0.139  0.132  0.327  0.118  0.137  0.029        1
 61:     0.080  0.152  0.115  0.271  0.138  0.126  0.118        1
 62:     0.053  0.027  0.192  0.090  0.055  0.187  0.396        1
 63:     0.133  0.231  0.252  0.218  0.056  0.092  0.019        1
 64:     0.095  0.114  0.070  0.539  0.042  0.033  0.106        1
 65:     0.056  0.047  0.096  0.514  0.125  0.097  0.064        1
 66:     0.048  0.141  0.044  0.513  0.068  0.091  0.095        1
 67:     0.212  0.152  0.220  0.193  0.041  0.092  0.090        1
 68:     0.104  0.037  0.044  0.538  0.082  0.112  0.082        1
 69:     0.104  0.230  0.045  0.482  0.020  0.103  0.017        1
 70:     0.041  0.005  0.091  0.554  0.149  0.092  0.067        1
 71:     0.083  0.127  0.207  0.387  0.063  0.050  0.082        1
 72:     0.157  0.111  0.022  0.434  0.105  0.052  0.119        1
 73:     0.066  0.031  0.191  0.589  0.030  0.071  0.023        1
 74:     0.073  0.131  0.082  0.379  0.133  0.086  0.116        1
 75:     0.029  0.105  0.093  0.476  0.052  0.093  0.152        1
 76:     0.015  0.118  0.196  0.179  0.062  0.415  0.014        1
 77:     0.191  0.078  0.065  0.401  0.057  0.109  0.099        1
 78:     0.162  0.091  0.047  0.341  0.115  0.123  0.120        1
 79:     0.054  0.100  0.032  0.448  0.180  0.112  0.076        1
 80:     0.070  0.174  0.013  0.344  0.188  0.112  0.099        1
 81:     0.048  0.188  0.155  0.406  0.052  0.105  0.045        1
 82:     0.099  0.050  0.049  0.469  0.143  0.104  0.088        1
 83:     0.108  0.111  0.146  0.362  0.091  0.060  0.123        1
 84:     0.034  0.514  0.099  0.087  0.033  0.169  0.065        1
 85:     0.043  0.645  0.066  0.023  0.055  0.156  0.012        1
 86:     0.017  0.638  0.032  0.046  0.030  0.184  0.053        1
 87:     0.028  0.548  0.092  0.054  0.075  0.119  0.084        1
 88:     0.042  0.514  0.095  0.091  0.075  0.118  0.067        1
 89:     0.012  0.601  0.102  0.077  0.058  0.057  0.092        1
 90:     0.032  0.581  0.060  0.020  0.031  0.206  0.071        1
 91:     0.052  0.484  0.013  0.198  0.059  0.182  0.012        1
 92:     0.028  0.529  0.169  0.034  0.093  0.109  0.038        1
 93:     0.031  0.664  0.017  0.036  0.016  0.195  0.041        1
 94:     0.003  0.728  0.056  0.018  0.072  0.100  0.024        1
 95:     0.018  0.566  0.071  0.101  0.052  0.170  0.022        1
 96:     0.015  0.738  0.031  0.106  0.018  0.055  0.038        1
 97:     0.007  0.578  0.132  0.027  0.027  0.120  0.110        1
 98:     0.013  0.709  0.041  0.050  0.057  0.119  0.010        1
 99:     0.007  0.660  0.028  0.074  0.045  0.173  0.013        1
100:     0.013  0.645  0.076  0.014  0.006  0.186  0.061        1
101:     0.028  0.588  0.067  0.083  0.078  0.124  0.031        1
102:     0.028  0.609  0.068  0.051  0.021  0.147  0.077        1
103:     0.031  0.713  0.037  0.017  0.004  0.156  0.042        1
104:     0.030  0.481  0.202  0.003  0.063  0.151  0.072        1
105:     0.010  0.480  0.062  0.005  0.112  0.217  0.113        1
106:     0.045  0.435  0.147  0.074  0.087  0.122  0.089        1
107:     0.023  0.722  0.050  0.020  0.032  0.143  0.011        1
108:     0.004  0.577  0.191  0.093  0.026  0.103  0.004        1
109:     0.078  0.497  0.069  0.033  0.068  0.173  0.083        1
110:     0.090  0.483  0.067  0.071  0.083  0.147  0.058        1
111:     0.001  0.641  0.126  0.042  0.022  0.123  0.044        1
112:     0.009  0.693  0.026  0.086  0.034  0.098  0.053        1
113:     0.028  0.648  0.028  0.033  0.028  0.198  0.037        1
114:     0.011  0.741  0.061  0.054  0.023  0.104  0.006        1
115:     0.035  0.507  0.089  0.044  0.095  0.142  0.088        1
116:     0.003  0.626  0.070  0.081  0.019  0.120  0.080        1
117:     0.008  0.550  0.017  0.055  0.106  0.209  0.055        1
118:     0.010  0.532  0.062  0.029  0.011  0.128  0.227        1
119:     0.003  0.758  0.010  0.033  0.033  0.116  0.047        1
120:     0.028  0.683  0.020  0.085  0.018  0.141  0.024        1
121:     0.053  0.586  0.036  0.056  0.078  0.138  0.054        1
122:     0.047  0.540  0.085  0.063  0.090  0.144  0.032        1
123:     0.006  0.653  0.066  0.039  0.031  0.127  0.078        1
124:     0.007  0.616  0.093  0.053  0.047  0.170  0.014        1
125:     0.012  0.559  0.044  0.036  0.022  0.164  0.163        1
126:     0.039  0.567  0.021  0.035  0.177  0.153  0.008        1
127:     0.038  0.478  0.093  0.108  0.050  0.148  0.084        1
128:     0.002  0.501  0.077  0.066  0.172  0.157  0.025        1
129:     0.015  0.846  0.015  0.018  0.018  0.067  0.022        1
130:     0.040  0.472  0.077  0.097  0.085  0.182  0.046        1
131:     0.013  0.754  0.008  0.014  0.011  0.141  0.059        1
132:     0.010  0.748  0.053  0.011  0.009  0.139  0.029        1
133:     0.029  0.510  0.061  0.083  0.019  0.226  0.072        1
134:     0.046  0.678  0.034  0.020  0.020  0.145  0.057        1
135:     0.004  0.687  0.091  0.019  0.036  0.089  0.074        1
136:     0.039  0.601  0.085  0.036  0.035  0.136  0.066        1
137:     0.009  0.556  0.118  0.048  0.002  0.186  0.080        1
138:     0.004  0.754  0.020  0.017  0.067  0.090  0.049        1
139:     0.024  0.636  0.026  0.061  0.033  0.186  0.033        1
140:     0.020  0.561  0.138  0.023  0.024  0.195  0.039        1
141:     0.023  0.564  0.085  0.056  0.069  0.142  0.062        1
142:     0.040  0.662  0.021  0.070  0.031  0.158  0.018        1
143:     0.007  0.523  0.191  0.006  0.068  0.182  0.023        1
144:     0.022  0.447  0.090  0.004  0.157  0.186  0.094        1
145:     0.029  0.679  0.022  0.028  0.084  0.134  0.025        1
146:     0.026  0.563  0.058  0.104  0.030  0.178  0.040        1
147:     0.040  0.599  0.077  0.005  0.042  0.218  0.020        1
148:     0.209  0.253  0.144  0.035  0.119  0.160  0.081        1
149:     0.068  0.213  0.277  0.087  0.187  0.156  0.012        1
150:     0.346  0.215  0.054  0.055  0.136  0.050  0.144        1
151:     0.410  0.160  0.040  0.049  0.161  0.089  0.091        1
152:     0.202  0.074  0.230  0.156  0.207  0.103  0.028        1
153:     0.257  0.077  0.171  0.145  0.173  0.053  0.124        1
154:     0.169  0.095  0.236  0.286  0.142  0.053  0.018        1
155:     0.207  0.143  0.179  0.175  0.176  0.096  0.024        1
156:     0.360  0.022  0.063  0.071  0.064  0.038  0.382        1
157:     0.115  0.151  0.112  0.139  0.230  0.090  0.164        1
158:     0.237  0.124  0.053  0.090  0.262  0.081  0.153        1
159:     0.027  0.093  0.237  0.028  0.408  0.060  0.146        1
160:     0.223  0.164  0.069  0.147  0.104  0.037  0.256        1
161:     0.191  0.129  0.052  0.288  0.178  0.093  0.070        1
162:     0.113  0.107  0.364  0.227  0.055  0.036  0.098        1
163:     0.132  0.308  0.152  0.051  0.190  0.097  0.070        1
164:     0.163  0.126  0.070  0.231  0.229  0.102  0.078        1
165:     0.144  0.138  0.145  0.165  0.148  0.104  0.157        1
166:     0.179  0.149  0.133  0.165  0.113  0.114  0.147        1
167:     0.134  0.138  0.176  0.163  0.166  0.089  0.135        1
168:     0.179  0.075  0.069  0.315  0.117  0.021  0.223        1
169:     0.141  0.258  0.021  0.048  0.344  0.113  0.074        1
170:     0.081  0.105  0.072  0.119  0.457  0.023  0.143        1
171:     0.175  0.191  0.140  0.117  0.320  0.036  0.022        1
172:     0.238  0.084  0.126  0.139  0.325  0.072  0.015        1
173:     0.160  0.168  0.131  0.098  0.154  0.080  0.209        1
174:     0.061  0.147  0.239  0.015  0.218  0.063  0.259        1
175:     0.180  0.122  0.157  0.151  0.194  0.070  0.126       50
176:     0.199  0.109  0.140  0.138  0.195  0.072  0.147       49
177:     0.207  0.106  0.165  0.155  0.184  0.069  0.114       50
178:     0.178  0.126  0.144  0.150  0.190  0.077  0.134       49
179:     0.202  0.120  0.128  0.147  0.186  0.072  0.146       23
180:     0.209  0.113  0.149  0.130  0.202  0.066  0.131       49
181:     0.023  0.026  0.042  0.044  0.034  0.788  0.043       30
182:     0.026  0.026  0.062  0.072  0.031  0.637  0.145       30
183:     0.207  0.110  0.158  0.129  0.160  0.113  0.123       34
184:     0.231  0.107  0.164  0.127  0.193  0.072  0.107       36
185:     0.222  0.133  0.155  0.130  0.138  0.078  0.145       40
186:     0.206  0.124  0.149  0.162  0.191  0.062  0.108       39
187:     0.196  0.122  0.137  0.136  0.216  0.072  0.122       37
188:     0.195  0.120  0.150  0.139  0.182  0.077  0.138       40
189:     0.221  0.113  0.112  0.153  0.179  0.080  0.142       35
190:     0.202  0.125  0.171  0.121  0.179  0.075  0.127       28
191:     0.207  0.105  0.151  0.131  0.206  0.074  0.125       36
192:     0.226  0.103  0.139  0.155  0.180  0.073  0.124       32
--------------------------------------------

 Rep#:   Lambda   Alpha      F1    F2    F3    F4    F5    F6    F7     D1,2  D1,3  D1,4  D1,5  D1,6  D1,7  D2,3  D2,4  D2,5  D2,6  D2,7  D3,4  D3,5  D3,6  D3,7  D4,5  D4,6  D4,7  D5,6  D5,7  D6,7    Ln Like 
  100:    1.00    1.560    0.014 0.068 0.004 0.011 0.010 0.300 0.017    0.026 0.003 0.005 0.004 0.050 0.006 0.022 0.024 0.024 0.065 0.026 0.003 0.002 0.046 0.004 0.004 0.047 0.005 0.048 0.005 0.045   --  
  200:    1.00    1.120    0.015 0.206 0.004 0.202 0.010 0.263 0.163    0.039 0.003 0.035 0.004 0.042 0.031 0.036 0.055 0.038 0.060 0.054 0.032 0.002 0.039 0.027 0.034 0.058 0.053 0.041 0.030 0.056   --  
  300:    1.00    0.961    0.016 0.191 0.004 0.257 0.010 0.252 0.281    0.037 0.003 0.045 0.004 0.040 0.047 0.034 0.059 0.035 0.056 0.057 0.043 0.002 0.037 0.043 0.045 0.063 0.066 0.039 0.045 0.056   --  
  400:    1.00    0.887    0.016 0.177 0.004 0.263 0.010 0.245 0.255    0.035 0.003 0.046 0.004 0.039 0.042 0.032 0.060 0.033 0.055 0.054 0.043 0.002 0.036 0.039 0.045 0.064 0.064 0.038 0.041 0.051   --  
  500:    1.00    0.862    0.016 0.169 0.004 0.266 0.010 0.247 0.242    0.034 0.003 0.046 0.004 0.039 0.039 0.031 0.060 0.033 0.054 0.052 0.043 0.002 0.036 0.036 0.045 0.064 0.063 0.037 0.038 0.048   --  
  600:    1.00    0.820    0.016 0.167 0.004 0.269 0.010 0.247 0.232    0.032 0.003 0.046 0.004 0.038 0.038 0.030 0.059 0.031 0.054 0.050 0.043 0.002 0.035 0.035 0.045 0.065 0.062 0.037 0.037 0.047   --  
  700:    1.00    0.754    0.016 0.167 0.004 0.262 0.010 0.237 0.226    0.032 0.003 0.045 0.004 0.038 0.037 0.030 0.059 0.031 0.055 0.050 0.042 0.002 0.036 0.034 0.043 0.065 0.061 0.037 0.036 0.047   --  
  800:    1.00    0.711    0.015 0.166 0.004 0.259 0.010 0.242 0.221    0.032 0.003 0.044 0.004 0.038 0.036 0.029 0.059 0.030 0.054 0.050 0.042 0.002 0.036 0.033 0.043 0.065 0.061 0.037 0.035 0.047   --  
  900:    1.00    0.689    0.015 0.162 0.004 0.257 0.010 0.251 0.222    0.031 0.003 0.043 0.004 0.038 0.035 0.029 0.059 0.030 0.055 0.049 0.041 0.002 0.036 0.033 0.042 0.066 0.061 0.037 0.034 0.048   --  

--------------------------------------------
Proportion of membership of each pre-defined
 population in each of the 7 clusters

Given    Inferred Clusters                                   Number of
 Pop       1      2      3      4      5      6      7      Individuals

  1:     0.263  0.056  0.246  0.069  0.246  0.047  0.072       54
  2:     0.251  0.052  0.182  0.077  0.327  0.043  0.068       30
  3:     0.021  0.052  0.105  0.052  0.027  0.449  0.294       30
  4:     0.002  0.004  0.003  0.003  0.002  0.025  0.962       20
  5:     0.012  0.013  0.014  0.010  0.009  0.072  0.870       30
  6:     0.321  0.055  0.205  0.068  0.239  0.041  0.070       43
  7:     0.262  0.052  0.246  0.066  0.267  0.039  0.067       44
  8:     0.231  0.054  0.302  0.073  0.255  0.045  0.041        4
  9:     0.380  0.055  0.216  0.078  0.206  0.025  0.039       22
 10:     0.369  0.057  0.214  0.074  0.221  0.029  0.036       24
 11:     0.275  0.056  0.236  0.067  0.259  0.042  0.065       54
 12:     0.335  0.048  0.227  0.070  0.219  0.037  0.064       37
 13:     0.271  0.059  0.205  0.067  0.278  0.048  0.073       42
 14:     0.283  0.045  0.252  0.071  0.239  0.038  0.072       42
 15:     0.268  0.053  0.237  0.070  0.253  0.048  0.072       49
 16:     0.289  0.054  0.211  0.070  0.257  0.048  0.071      124
 17:     0.268  0.056  0.219  0.076  0.269  0.047  0.066       24
 18:     0.285  0.061  0.246  0.076  0.233  0.044  0.055       34
 19:     0.272  0.056  0.236  0.075  0.247  0.052  0.062       52
 20:     0.315  0.083  0.202  0.059  0.253  0.067  0.022        1
 21:     0.119  0.131  0.401  0.081  0.211  0.016  0.042        1
 22:     0.448  0.077  0.154  0.083  0.143  0.015  0.080        1
 23:     0.106  0.116  0.088  0.051  0.489  0.045  0.105        1
 24:     0.295  0.083  0.164  0.046  0.331  0.001  0.080        1
 25:     0.250  0.098  0.228  0.033  0.234  0.068  0.089        1
 26:     0.319  0.101  0.155  0.108  0.200  0.019  0.098        1
 27:     0.201  0.049  0.124  0.094  0.430  0.045  0.057        1
 28:     0.401  0.077  0.011  0.086  0.364  0.034  0.027        1
 29:     0.150  0.082  0.357  0.090  0.268  0.018  0.036        1
 30:     0.062  0.055  0.097  0.076  0.496  0.051  0.163        1
 31:     0.330  0.016  0.262  0.072  0.012  0.058  0.248        1
 32:     0.293  0.044  0.181  0.094  0.328  0.008  0.052        1
 33:     0.317  0.042  0.118  0.101  0.259  0.055  0.108        1
 34:     0.289  0.095  0.253  0.107  0.197  0.032  0.026        1
 35:     0.475  0.044  0.297  0.056  0.063  0.027  0.037        1
 36:     0.257  0.098  0.084  0.099  0.380  0.061  0.022        1
 37:     0.451  0.073  0.179  0.064  0.125  0.027  0.081        1
 38:     0.290  0.140  0.230  0.050  0.122  0.035  0.132        1
 39:     0.370  0.104  0.038  0.090  0.328  0.022  0.048        1
 40:     0.108  0.107  0.397  0.064  0.211  0.058  0.055        1
 41:     0.211  0.070  0.530  0.083  0.065  0.011  0.030        1
 42:     0.140  0.089  0.246  0.069  0.310  0.053  0.092        1
 43:     0.116  0.038  0.163  0.093  0.470  0.057  0.063        1
 44:     0.367  0.037  0.250  0.071  0.110  0.046  0.120        1
 45:     0.507  0.066  0.080  0.101  0.215  0.003  0.027        1
 46:     0.022  0.169  0.341  0.041  0.357  0.044  0.026        1
 47:     0.641  0.055  0.152  0.065  0.010  0.042  0.034        1
 48:     0.699  0.055  0.061  0.055  0.029  0.044  0.059        1
 49:     0.328  0.073  0.056  0.084  0.377  0.029  0.053        1
 50:     0.124  0.076  0.301  0.050  0.015  0.104  0.330        1
 51:     0.352  0.043  0.242  0.055  0.027  0.078  0.203        1
 52:     0.368  0.106  0.265  0.074  0.021  0.078  0.087        1
 53:     0.022  0.086  0.285  0.077  0.451  0.041  0.038        1
 54:     0.002  0.001  0.003  0.983  0.002  0.009  0.000        1
 55:     0.002  0.002  0.000  0.988  0.001  0.001  0.006        1
 56:     0.069  0.012  0.037  0.811  0.068  0.002  0.000        1
 57:     0.000  0.012  0.025  0.947  0.013  0.000  0.003        1
 58:     0.028  0.018  0.001  0.918  0.022  0.007  0.006        1
 59:     0.010  0.013  0.005  0.852  0.083  0.003  0.034        1
 60:     0.004  0.002  0.024  0.960  0.007  0.000  0.002        1
 61:     0.000  0.000  0.000  0.995  0.001  0.003  0.001        1
 62:     0.004  0.031  0.472  0.018  0.025  0.201  0.250        1
 63:     0.008  0.007  0.000  0.931  0.010  0.001  0.043        1
 64:     0.001  0.003  0.004  0.987  0.002  0.002  0.000        1
 65:     0.001  0.001  0.000  0.995  0.000  0.002  0.001        1
 66:     0.005  0.028  0.001  0.953  0.000  0.006  0.007        1
 67:     0.116  0.137  0.052  0.601  0.015  0.035  0.043        1
 68:     0.002  0.013  0.004  0.940  0.018  0.019  0.004        1
 69:     0.004  0.001  0.005  0.981  0.002  0.006  0.002        1
 70:     0.000  0.030  0.067  0.810  0.054  0.026  0.012        1
 71:     0.001  0.002  0.007  0.988  0.000  0.000  0.002        1
 72:     0.000  0.000  0.000  0.999  0.000  0.000  0.000        1
 73:     0.000  0.000  0.001  0.998  0.000  0.000  0.000        1
 74:     0.016  0.012  0.092  0.800  0.037  0.018  0.026        1
 75:     0.001  0.000  0.000  0.996  0.000  0.001  0.001        1
 76:     0.001  0.094  0.217  0.006  0.091  0.318  0.273        1
 77:     0.007  0.001  0.002  0.990  0.000  0.000  0.000        1
 78:     0.017  0.012  0.085  0.800  0.010  0.032  0.044        1
 79:     0.000  0.002  0.000  0.992  0.004  0.001  0.001        1
 80:     0.002  0.002  0.000  0.989  0.000  0.004  0.003        1
 81:     0.000  0.000  0.000  0.993  0.006  0.000  0.001        1
 82:     0.131  0.155  0.000  0.508  0.083  0.068  0.055        1
 83:     0.000  0.001  0.004  0.994  0.001  0.000  0.001        1
 84:     0.002  0.960  0.000  0.003  0.000  0.013  0.022        1
 85:     0.006  0.907  0.001  0.009  0.001  0.022  0.054        1
 86:     0.007  0.836  0.016  0.034  0.066  0.031  0.009        1
 87:     0.017  0.965  0.002  0.001  0.006  0.003  0.005        1
 88:     0.000  0.976  0.002  0.012  0.000  0.000  0.009        1
 89:     0.035  0.951  0.004  0.002  0.001  0.000  0.007        1
 90:     0.000  0.983  0.000  0.008  0.001  0.003  0.005        1
 91:     0.000  0.960  0.003  0.003  0.002  0.009  0.023        1
 92:     0.003  0.819  0.135  0.002  0.002  0.034  0.006        1
 93:     0.002  0.912  0.000  0.015  0.000  0.069  0.003        1
 94:     0.012  0.904  0.014  0.009  0.016  0.028  0.017        1
 95:     0.035  0.858  0.004  0.020  0.003  0.038  0.041        1
 96:     0.000  0.988  0.001  0.004  0.001  0.006  0.000        1
 97:     0.001  0.905  0.001  0.021  0.000  0.008  0.064        1
 98:     0.000  0.928  0.008  0.028  0.032  0.000  0.003        1
 99:     0.001  0.996  0.001  0.000  0.001  0.001  0.000        1
100:     0.000  0.960  0.004  0.003  0.001  0.003  0.029        1
101:     0.040  0.740  0.077  0.007  0.081  0.029  0.025        1
102:     0.002  0.767  0.048  0.038  0.123  0.017  0.005        1
103:     0.001  0.947  0.001  0.016  0.003  0.010  0.022        1
104:     0.000  0.919  0.007  0.019  0.007  0.011  0.037        1
105:     0.002  0.890  0.005  0.042  0.001  0.009  0.052        1
106:     0.073  0.767  0.099  0.010  0.028  0.000  0.023        1
107:     0.001  0.967  0.002  0.000  0.000  0.017  0.012        1
108:     0.004  0.832  0.017  0.035  0.069  0.004  0.038        1
109:     0.022  0.740  0.069  0.020  0.001  0.050  0.098        1
110:     0.023  0.779  0.123  0.028  0.030  0.003  0.014        1
111:     0.006  0.952  0.009  0.002  0.006  0.021  0.004        1
112:     0.000  0.983  0.003  0.006  0.008  0.000  0.001        1
113:     0.000  0.952  0.000  0.002  0.002  0.027  0.017        1
114:     0.001  0.957  0.004  0.017  0.001  0.007  0.013        1
115:     0.004  0.910  0.033  0.000  0.044  0.001  0.008        1
116:     0.001  0.974  0.000  0.000  0.002  0.011  0.011        1
117:     0.011  0.897  0.006  0.002  0.000  0.056  0.029        1
118:     0.007  0.923  0.000  0.000  0.014  0.052  0.003        1
119:     0.063  0.826  0.027  0.033  0.033  0.005  0.014        1
120:     0.007  0.910  0.001  0.051  0.016  0.013  0.003        1
121:     0.012  0.932  0.008  0.001  0.004  0.008  0.034        1
122:     0.019  0.894  0.003  0.041  0.033  0.009  0.002        1
123:     0.000  0.987  0.003  0.003  0.000  0.005  0.000        1
124:     0.035  0.794  0.020  0.017  0.004  0.028  0.102        1
125:     0.005  0.966  0.009  0.008  0.003  0.003  0.005        1
126:     0.076  0.811  0.029  0.040  0.004  0.031  0.009        1
127:     0.026  0.877  0.007  0.019  0.005  0.005  0.061        1
128:     0.002  0.939  0.015  0.033  0.002  0.004  0.005        1
129:     0.001  0.994  0.000  0.000  0.000  0.002  0.003        1
130:     0.006  0.889  0.011  0.022  0.027  0.039  0.005        1
131:     0.002  0.987  0.001  0.005  0.001  0.004  0.000        1
132:     0.000  0.776  0.094  0.002  0.016  0.019  0.093        1
133:     0.009  0.849  0.003  0.004  0.005  0.021  0.110        1
134:     0.014  0.829  0.014  0.044  0.058  0.036  0.006        1
135:     0.040  0.793  0.026  0.019  0.034  0.057  0.031        1
136:     0.000  0.995  0.003  0.000  0.001  0.000  0.000        1
137:     0.013  0.930  0.001  0.034  0.000  0.021  0.001        1
138:     0.002  0.985  0.003  0.008  0.000  0.000  0.001        1
139:     0.000  0.883  0.003  0.027  0.019  0.001  0.067        1
140:     0.001  0.826  0.017  0.011  0.003  0.001  0.142        1
141:     0.000  0.967  0.000  0.003  0.005  0.021  0.003        1
142:     0.001  0.836  0.039  0.014  0.060  0.033  0.018        1
143:     0.001  0.911  0.000  0.009  0.000  0.057  0.023        1
144:     0.002  0.927  0.000  0.012  0.024  0.000  0.036        1
145:     0.009  0.948  0.019  0.007  0.018  0.000  0.000        1
146:     0.009  0.921  0.021  0.012  0.010  0.025  0.001        1
147:     0.003  0.954  0.001  0.003  0.001  0.006  0.031        1
148:     0.225  0.165  0.204  0.088  0.169  0.049  0.100        1
149:     0.037  0.088  0.294  0.063  0.268  0.145  0.105        1
150:     0.213  0.105  0.045  0.075  0.480  0.010  0.072        1
151:     0.495  0.069  0.058  0.100  0.216  0.024  0.038        1
152:     0.197  0.045  0.243  0.068  0.265  0.058  0.124        1
153:     0.449  0.022  0.130  0.078  0.210  0.040  0.072        1
154:     0.220  0.054  0.322  0.095  0.219  0.017  0.073        1
155:     0.328  0.079  0.243  0.066  0.170  0.001  0.113        1
156:     0.350  0.074  0.221  0.105  0.123  0.040  0.087        1
157:     0.117  0.094  0.330  0.060  0.292  0.023  0.084        1
158:     0.310  0.103  0.036  0.083  0.358  0.069  0.040        1
159:     0.063  0.062  0.288  0.080  0.439  0.027  0.041        1
160:     0.388  0.070  0.218  0.053  0.200  0.029  0.043        1
161:     0.194  0.097  0.071  0.097  0.406  0.048  0.087        1
162:     0.245  0.048  0.299  0.151  0.183  0.045  0.028        1
163:     0.279  0.083  0.149  0.086  0.335  0.013  0.055        1
164:     0.192  0.062  0.331  0.058  0.264  0.014  0.079        1
165:     0.348  0.104  0.209  0.085  0.130  0.042  0.081        1
166:     0.299  0.013  0.303  0.076  0.201  0.000  0.108        1
167:     0.202  0.029  0.337  0.108  0.202  0.080  0.041        1
168:     0.543  0.048  0.189  0.070  0.106  0.019  0.024        1
169:     0.185  0.102  0.443  0.057  0.143  0.022  0.048        1
170:     0.383  0.089  0.144  0.117  0.224  0.026  0.017        1
171:     0.237  0.074  0.262  0.072  0.310  0.030  0.015        1
172:     0.151  0.013  0.362  0.081  0.267  0.032  0.095        1
173:     0.017  0.042  0.478  0.066  0.313  0.043  0.042        1
174:     0.373  0.061  0.195  0.097  0.193  0.026  0.055        1
175:     0.284  0.050  0.242  0.074  0.240  0.044  0.067       50
176:     0.298  0.049  0.206  0.070  0.269  0.050  0.057       49
177:     0.291  0.050  0.239  0.067  0.245  0.047  0.061       50
178:     0.258  0.052  0.237  0.073  0.270  0.046  0.063       49
179:     0.289  0.061  0.177  0.065  0.290  0.040  0.079       23
180:     0.268  0.047  0.240  0.070  0.267  0.043  0.065       49
181:     0.003  0.003  0.004  0.004  0.001  0.951  0.034       30
182:     0.005  0.006  0.012  0.013  0.010  0.708  0.246       30
183:     0.377  0.072  0.158  0.058  0.173  0.083  0.079       34
184:     0.312  0.052  0.228  0.064  0.235  0.045  0.065       36
185:     0.313  0.062  0.227  0.062  0.222  0.051  0.063       40
186:     0.293  0.052  0.195  0.072  0.288  0.041  0.058       39
187:     0.256  0.049  0.177  0.071  0.328  0.049  0.069       37
188:     0.301  0.054  0.203  0.067  0.253  0.051  0.072       40
189:     0.333  0.050  0.183  0.072  0.242  0.049  0.071       35
190:     0.292  0.049  0.198  0.075  0.266  0.048  0.072       28
191:     0.301  0.051  0.207  0.071  0.257  0.047  0.067       36
192:     0.293  0.043  0.236  0.074  0.242  0.046  0.066       32
--------------------------------------------

 Rep#:   Lambda   Alpha      F1    F2    F3    F4    F5    F6    F7     D1,2  D1,3  D1,4  D1,5  D1,6  D1,7  D2,3  D2,4  D2,5  D2,6  D2,7  D3,4  D3,5  D3,6  D3,7  D4,5  D4,6  D4,7  D5,6  D5,7  D6,7    Ln Like 
 1000:    1.00    0.641    0.015 0.161 0.004 0.254 0.010 0.250 0.223    0.031 0.003 0.043 0.004 0.039 0.035 0.028 0.059 0.030 0.056 0.050 0.041 0.002 0.037 0.033 0.042 0.066 0.061 0.038 0.034 0.050   --  
 1100:    1.00    0.621    0.015 0.158 0.004 0.255 0.010 0.259 0.217    0.030 0.003 0.043 0.004 0.040 0.034 0.028 0.059 0.029 0.057 0.049 0.041 0.002 0.038 0.032 0.042 0.068 0.061 0.039 0.033 0.051   --  
 1200:    1.00    0.584    0.015 0.156 0.004 0.252 0.010 0.268 0.215    0.030 0.003 0.042 0.004 0.040 0.033 0.028 0.058 0.029 0.058 0.049 0.040 0.002 0.038 0.031 0.042 0.068 0.060 0.040 0.032 0.052   --  
 1300:    1.00    0.553    0.015 0.157 0.004 0.249 0.010 0.272 0.210    0.029 0.003 0.042 0.004 0.041 0.033 0.027 0.059 0.029 0.059 0.049 0.040 0.002 0.039 0.031 0.041 0.070 0.060 0.041 0.032 0.053   --  
 1400:    1.00    0.533    0.015 0.159 0.004 0.259 0.010 0.285 0.208    0.029 0.003 0.042 0.004 0.042 0.032 0.027 0.059 0.029 0.059 0.049 0.040 0.002 0.040 0.030 0.041 0.072 0.061 0.042 0.032 0.055   --  
 1500:    1.00    0.518    0.015 0.155 0.004 0.258 0.010 0.281 0.206    0.029 0.003 0.041 0.004 0.043 0.032 0.027 0.059 0.028 0.061 0.048 0.039 0.002 0.040 0.030 0.040 0.072 0.060 0.041 0.031 0.056   --  
 1600:    1.00    0.490    0.015 0.151 0.004 0.256 0.010 0.290 0.206    0.029 0.003 0.041 0.004 0.043 0.032 0.027 0.058 0.028 0.061 0.049 0.039 0.002 0.041 0.030 0.041 0.073 0.060 0.042 0.031 0.056   --  
 1700:    1.00    0.474    0.015 0.154 0.004 0.254 0.010 0.281 0.206    0.029 0.003 0.041 0.004 0.043 0.032 0.027 0.059 0.028 0.061 0.049 0.040 0.002 0.041 0.029 0.041 0.072 0.061 0.042 0.031 0.056   --  
 1800:    1.00    0.454    0.016 0.153 0.004 0.246 0.010 0.291 0.203    0.028 0.003 0.040 0.004 0.043 0.031 0.027 0.059 0.028 0.061 0.048 0.038 0.002 0.041 0.029 0.040 0.073 0.059 0.042 0.030 0.056   --  
 1900:    1.00    0.421    0.015 0.157 0.004 0.255 0.010 0.285 0.199    0.029 0.003 0.040 0.004 0.043 0.031 0.027 0.059 0.028 0.061 0.048 0.038 0.002 0.040 0.028 0.039 0.072 0.060 0.042 0.030 0.056   --  

--------------------------------------------
Proportion of membership of each pre-defined
 population in each of the 7 clusters

Given    Inferred Clusters                                   Number of
 Pop       1      2      3      4      5      6      7      Individuals

  1:     0.275  0.033  0.277  0.037  0.298  0.028  0.053       54
  2:     0.295  0.028  0.236  0.045  0.315  0.028  0.052       30
  3:     0.015  0.042  0.152  0.049  0.019  0.365  0.359       30
  4:     0.001  0.004  0.001  0.002  0.003  0.015  0.974       20
  5:     0.018  0.013  0.015  0.009  0.009  0.042  0.895       30
  6:     0.361  0.035  0.256  0.036  0.243  0.024  0.045       43
  7:     0.298  0.028  0.248  0.035  0.326  0.021  0.044       44
  8:     0.292  0.053  0.309  0.041  0.255  0.024  0.026        4
  9:     0.461  0.030  0.203  0.037  0.238  0.012  0.019       22
 10:     0.433  0.032  0.267  0.040  0.196  0.018  0.014       24
 11:     0.295  0.039  0.273  0.033  0.294  0.021  0.043       54
 12:     0.371  0.028  0.265  0.041  0.236  0.021  0.038       37
 13:     0.312  0.039  0.230  0.034  0.302  0.030  0.053       42
 14:     0.290  0.026  0.309  0.035  0.275  0.023  0.042       42
 15:     0.286  0.032  0.291  0.040  0.283  0.025  0.043       49
 16:     0.319  0.036  0.255  0.037  0.276  0.027  0.050      124
 17:     0.316  0.034  0.244  0.040  0.300  0.025  0.041       24
 18:     0.301  0.034  0.277  0.046  0.286  0.021  0.034       34
 19:     0.308  0.031  0.279  0.039  0.274  0.027  0.042       52
 20:     0.568  0.058  0.031  0.031  0.249  0.055  0.008        1
 21:     0.110  0.098  0.220  0.076  0.478  0.006  0.012        1
 22:     0.378  0.041  0.050  0.051  0.454  0.013  0.013        1
 23:     0.180  0.110  0.053  0.033  0.498  0.021  0.106        1
 24:     0.366  0.041  0.363  0.030  0.149  0.034  0.017        1
 25:     0.233  0.062  0.223  0.028  0.322  0.062  0.070        1
 26:     0.442  0.078  0.021  0.042  0.361  0.000  0.056        1
 27:     0.322  0.033  0.181  0.048  0.340  0.026  0.051        1
 28:     0.456  0.041  0.001  0.060  0.419  0.008  0.015        1
 29:     0.198  0.046  0.217  0.055  0.456  0.027  0.000        1
 30:     0.052  0.050  0.224  0.061  0.487  0.011  0.115        1
 31:     0.378  0.030  0.280  0.042  0.008  0.045  0.216        1
 32:     0.457  0.046  0.117  0.021  0.323  0.021  0.015        1
 33:     0.120  0.018  0.149  0.099  0.511  0.025  0.077        1
 34:     0.447  0.041  0.424  0.075  0.009  0.000  0.003        1
 35:     0.474  0.033  0.361  0.050  0.000  0.009  0.073        1
 36:     0.462  0.059  0.125  0.064  0.226  0.028  0.036        1
 37:     0.467  0.048  0.278  0.022  0.133  0.000  0.051        1
 38:     0.347  0.081  0.130  0.046  0.274  0.009  0.114        1
 39:     0.345  0.054  0.022  0.071  0.478  0.014  0.016        1
 40:     0.120  0.070  0.434  0.058  0.263  0.012  0.043        1
 41:     0.264  0.073  0.583  0.026  0.044  0.002  0.008        1
 42:     0.306  0.040  0.385  0.044  0.163  0.012  0.051        1
 43:     0.060  0.006  0.360  0.049  0.477  0.004  0.045        1
 44:     0.154  0.004  0.542  0.043  0.133  0.014  0.110        1
 45:     0.564  0.056  0.004  0.093  0.250  0.004  0.031        1
 46:     0.105  0.135  0.456  0.034  0.214  0.041  0.016        1
 47:     0.692  0.088  0.164  0.046  0.000  0.009  0.000        1
 48:     0.795  0.056  0.034  0.053  0.000  0.036  0.026        1
 49:     0.495  0.047  0.134  0.044  0.231  0.020  0.028        1
 50:     0.045  0.006  0.514  0.051  0.007  0.086  0.291        1
 51:     0.365  0.045  0.235  0.056  0.079  0.049  0.171        1
 52:     0.389  0.080  0.362  0.067  0.058  0.022  0.021        1
 53:     0.117  0.064  0.382  0.021  0.335  0.043  0.038        1
 54:     0.011  0.000  0.002  0.986  0.000  0.000  0.001        1
 55:     0.000  0.001  0.000  0.993  0.000  0.000  0.006        1
 56:     0.000  0.004  0.021  0.840  0.132  0.003  0.000        1
 57:     0.004  0.000  0.000  0.940  0.053  0.000  0.003        1
 58:     0.035  0.009  0.037  0.913  0.001  0.005  0.000        1
 59:     0.058  0.000  0.009  0.854  0.036  0.017  0.026        1
 60:     0.000  0.007  0.001  0.989  0.003  0.000  0.001        1
 61:     0.000  0.001  0.000  0.995  0.000  0.001  0.003        1
 62:     0.001  0.013  0.398  0.019  0.173  0.164  0.233        1
 63:     0.001  0.029  0.011  0.948  0.004  0.002  0.004        1
 64:     0.000  0.000  0.001  0.998  0.000  0.000  0.000        1
 65:     0.000  0.000  0.000  1.000  0.000  0.000  0.000        1
 66:     0.005  0.011  0.002  0.965  0.001  0.009  0.009        1
 67:     0.116  0.125  0.005  0.618  0.075  0.046  0.015        1
 68:     0.021  0.024  0.004  0.943  0.000  0.009  0.001        1
 69:     0.003  0.001  0.002  0.978  0.000  0.003  0.013        1
 70:     0.040  0.009  0.084  0.787  0.030  0.019  0.031        1
 71:     0.000  0.000  0.000  0.999  0.000  0.000  0.000        1
 72:     0.000  0.000  0.000  0.999  0.000  0.001  0.000        1
 73:     0.002  0.000  0.000  0.997  0.001  0.000  0.000        1
 74:     0.020  0.008  0.180  0.755  0.007  0.003  0.028        1
 75:     0.001  0.000  0.001  0.997  0.001  0.000  0.000        1
 76:     0.008  0.093  0.087  0.001  0.269  0.263  0.278        1
 77:     0.000  0.001  0.000  0.999  0.000  0.000  0.000        1
 78:     0.052  0.001  0.013  0.807  0.043  0.067  0.018        1
 79:     0.002  0.000  0.000  0.995  0.003  0.000  0.000        1
 80:     0.004  0.001  0.034  0.945  0.004  0.000  0.013        1
 81:     0.001  0.000  0.000  0.998  0.000  0.000  0.000        1
 82:     0.179  0.148  0.021  0.511  0.073  0.030  0.038        1
 83:     0.001  0.000  0.000  0.997  0.001  0.000  0.000        1
 84:     0.003  0.934  0.000  0.020  0.003  0.008  0.031        1
 85:     0.019  0.901  0.000  0.004  0.002  0.020  0.054        1
 86:     0.008  0.867  0.065  0.028  0.025  0.001  0.005        1
 87:     0.027  0.958  0.000  0.007  0.004  0.002  0.001        1
 88:     0.024  0.966  0.001  0.003  0.005  0.001  0.001        1
 89:     0.021  0.940  0.022  0.002  0.000  0.004  0.011        1
 90:     0.002  0.965  0.003  0.002  0.000  0.004  0.025        1
 91:     0.006  0.947  0.000  0.001  0.012  0.000  0.034        1
 92:     0.024  0.826  0.088  0.000  0.060  0.000  0.001        1
 93:     0.000  0.910  0.000  0.001  0.002  0.076  0.011        1
 94:     0.045  0.900  0.000  0.005  0.028  0.016  0.006        1
 95:     0.051  0.885  0.005  0.003  0.000  0.002  0.054        1
 96:     0.000  0.997  0.000  0.000  0.003  0.000  0.000        1
 97:     0.005  0.924  0.012  0.014  0.002  0.002  0.040        1
 98:     0.029  0.938  0.001  0.003  0.002  0.020  0.007        1
 99:     0.000  0.994  0.000  0.000  0.001  0.005  0.000        1
100:     0.002  0.989  0.000  0.000  0.003  0.001  0.004        1
101:     0.007  0.739  0.194  0.005  0.012  0.023  0.021        1
102:     0.000  0.794  0.078  0.019  0.108  0.000  0.000        1
103:     0.001  0.966  0.013  0.001  0.000  0.001  0.019        1
104:     0.000  0.957  0.002  0.025  0.001  0.004  0.010        1
105:     0.000  0.878  0.006  0.038  0.013  0.001  0.062        1
106:     0.048  0.765  0.118  0.027  0.033  0.008  0.001        1
107:     0.005  0.944  0.027  0.001  0.004  0.019  0.001        1
108:     0.001  0.835  0.038  0.000  0.104  0.001  0.022        1
109:     0.013  0.763  0.139  0.022  0.005  0.014  0.044        1
110:     0.001  0.764  0.172  0.050  0.001  0.006  0.005        1
111:     0.001  0.967  0.000  0.006  0.000  0.009  0.017        1
112:     0.006  0.991  0.000  0.000  0.000  0.001  0.001        1
113:     0.004  0.937  0.015  0.004  0.007  0.001  0.033        1
114:     0.007  0.979  0.000  0.009  0.002  0.002  0.001        1
115:     0.000  0.912  0.015  0.003  0.053  0.016  0.001        1
116:     0.003  0.992  0.002  0.000  0.002  0.001  0.000        1
117:     0.000  0.928  0.027  0.003  0.000  0.042  0.000        1
118:     0.004  0.948  0.016  0.001  0.000  0.031  0.001        1
