

----------------------------------------------------
STRUCTURE by Pritchard, Stephens and Donnelly (2000)
     and Falush, Stephens and Pritchard (2003)
       Code by Pritchard, Falush and Hubisz
             Version 2.3.4 (Jul 2012)
----------------------------------------------------


Reading file "/workdir/yc2644/CV_CT_array/structure/threader_input/mainparams".
Reading file "/workdir/yc2644/CV_CT_array/structure/threader_input/extraparams".
Reading file "/workdir/yc2644/CV_CT_array/structure/threader_input/n1601.recode.strct_in".


Data file "/workdir/yc2644/CV_CT_array/structure/threader_input/n1601.recode.strct_in" (truncated) --

Ind:   Label Pop : Genotype_data . . . .
  1:  001s    1  :  2   1   2   2   2   1   2  . . . .   2
  1:  001s    1  :  2   2   2   2   2   2   2  . . . .   2
  2:  002s    1  :  2   2   2   2   1   1   2  . . . .   2
  2:  002s    1  :  2   2   2   2   2   2   2  . . . .   2
  3:  003s    1  :  1   2   1   2   2   2   2  . . . .   1
  3:  003s    1  :  2   2   1   2   2   2   2  . . . .   2
  4:  004s    1  :  1   1   2   2   1   2   2  . . . .   1
  4:  004s    1  :  2   1   2   2   2   2   2  . . . .   2

      *******   

1600:    49  192  :  2   2   2   2   2   1   2  . . . .   1
1600:    49  192  :  2   2   2   2   2   2   2  . . . .   2
1601:    50  192  :  2   1   2   2   1   2   2  . . . .   1
1601:    50  192  :  2   2   2   2   2   2   2  . . . .   2

Number of alleles per locus: min= 2; ave=2.0; max= 2


--------------------------------------

Finished initialization; starting MCMC 
100000 iterations + 10000 burnin


--------------------------------------------
Proportion of membership of each pre-defined
 population in each of the 7 clusters

Given    Inferred Clusters                                   Number of
 Pop       1      2      3      4      5      6      7      Individuals

  1:     0.133  0.175  0.219  0.082  0.110  0.166  0.116       54
  2:     0.126  0.157  0.265  0.090  0.114  0.140  0.108       30
  3:     0.204  0.046  0.039  0.425  0.160  0.061  0.064       30
  4:     0.187  0.038  0.026  0.481  0.188  0.047  0.033       20
  5:     0.220  0.049  0.021  0.435  0.186  0.050  0.038       30
  6:     0.124  0.164  0.203  0.080  0.121  0.181  0.127       43
  7:     0.118  0.187  0.224  0.077  0.106  0.167  0.120       44
  8:     0.138  0.222  0.234  0.089  0.066  0.142  0.108        4
  9:     0.142  0.151  0.282  0.067  0.090  0.144  0.123       22
 10:     0.096  0.178  0.274  0.068  0.112  0.167  0.105       24
 11:     0.142  0.171  0.230  0.076  0.102  0.158  0.119       54
 12:     0.137  0.181  0.228  0.082  0.092  0.155  0.126       37
 13:     0.130  0.143  0.227  0.076  0.137  0.155  0.132       42
 14:     0.137  0.160  0.221  0.086  0.101  0.191  0.105       42
 15:     0.144  0.174  0.210  0.084  0.115  0.170  0.103       49
 16:     0.140  0.148  0.232  0.085  0.110  0.168  0.117      124
 17:     0.114  0.198  0.207  0.080  0.112  0.175  0.114       24
 18:     0.104  0.197  0.195  0.071  0.127  0.190  0.116       34
 19:     0.149  0.164  0.221  0.073  0.122  0.157  0.114       52
 20:     0.138  0.275  0.238  0.065  0.014  0.193  0.077        1
 21:     0.134  0.102  0.325  0.095  0.154  0.049  0.142        1
 22:     0.111  0.134  0.219  0.097  0.103  0.158  0.178        1
 23:     0.131  0.086  0.296  0.148  0.098  0.082  0.159        1
 24:     0.059  0.188  0.141  0.059  0.136  0.238  0.180        1
 25:     0.177  0.106  0.207  0.136  0.096  0.155  0.123        1
 26:     0.183  0.222  0.122  0.027  0.068  0.281  0.097        1
 27:     0.313  0.171  0.162  0.091  0.075  0.080  0.109        1
 28:     0.140  0.133  0.126  0.010  0.189  0.294  0.107        1
 29:     0.250  0.070  0.192  0.071  0.056  0.096  0.264        1
 30:     0.069  0.218  0.138  0.120  0.183  0.145  0.127        1
 31:     0.202  0.153  0.091  0.174  0.166  0.124  0.091        1
 32:     0.099  0.062  0.276  0.063  0.230  0.063  0.208        1
 33:     0.151  0.137  0.253  0.119  0.140  0.070  0.130        1
 34:     0.143  0.141  0.210  0.077  0.151  0.146  0.132        1
 35:     0.008  0.233  0.204  0.136  0.035  0.187  0.197        1
 36:     0.271  0.078  0.233  0.008  0.073  0.147  0.189        1
 37:     0.290  0.307  0.109  0.003  0.104  0.091  0.097        1
 38:     0.154  0.090  0.269  0.077  0.130  0.080  0.200        1
 39:     0.161  0.173  0.110  0.071  0.113  0.180  0.192        1
 40:     0.167  0.256  0.219  0.071  0.157  0.053  0.078        1
 41:     0.127  0.184  0.256  0.069  0.060  0.173  0.131        1
 42:     0.009  0.249  0.181  0.158  0.048  0.207  0.148        1
 43:     0.122  0.114  0.132  0.123  0.102  0.258  0.149        1
 44:     0.195  0.139  0.160  0.114  0.116  0.159  0.118        1
 45:     0.227  0.253  0.123  0.020  0.031  0.223  0.123        1
 46:     0.106  0.149  0.217  0.053  0.122  0.187  0.166        1
 47:     0.106  0.176  0.124  0.021  0.019  0.320  0.235        1
 48:     0.019  0.176  0.254  0.007  0.162  0.061  0.321        1
 49:     0.089  0.197  0.326  0.051  0.098  0.128  0.110        1
 50:     0.074  0.185  0.047  0.266  0.236  0.189  0.004        1
 51:     0.137  0.152  0.134  0.197  0.124  0.157  0.099        1
 52:     0.148  0.187  0.149  0.062  0.157  0.137  0.160        1
 53:     0.151  0.088  0.263  0.080  0.116  0.215  0.086        1
 54:     0.054  0.396  0.164  0.061  0.140  0.097  0.087        1
 55:     0.034  0.508  0.012  0.042  0.220  0.098  0.086        1
 56:     0.110  0.483  0.065  0.016  0.195  0.046  0.085        1
 57:     0.076  0.459  0.113  0.073  0.102  0.080  0.097        1
 58:     0.075  0.397  0.066  0.071  0.172  0.145  0.075        1
 59:     0.131  0.630  0.075  0.019  0.078  0.008  0.060        1
 60:     0.104  0.379  0.093  0.096  0.157  0.070  0.101        1
 61:     0.080  0.362  0.102  0.116  0.098  0.128  0.115        1
 62:     0.071  0.225  0.013  0.346  0.059  0.182  0.105        1
 63:     0.289  0.562  0.047  0.041  0.011  0.037  0.012        1
 64:     0.062  0.614  0.100  0.028  0.119  0.040  0.038        1
 65:     0.001  0.634  0.027  0.036  0.175  0.018  0.109        1
 66:     0.018  0.527  0.197  0.087  0.074  0.063  0.035        1
 67:     0.006  0.620  0.006  0.082  0.043  0.177  0.066        1
 68:     0.026  0.487  0.193  0.019  0.060  0.138  0.076        1
 69:     0.122  0.486  0.069  0.075  0.105  0.022  0.121        1
 70:     0.128  0.620  0.042  0.068  0.071  0.050  0.021        1
 71:     0.003  0.600  0.063  0.067  0.177  0.004  0.087        1
 72:     0.038  0.547  0.048  0.042  0.174  0.037  0.114        1
 73:     0.002  0.480  0.197  0.135  0.077  0.038  0.071        1
 74:     0.022  0.532  0.031  0.085  0.172  0.089  0.069        1
 75:     0.047  0.489  0.099  0.038  0.261  0.048  0.018        1
 76:     0.062  0.098  0.020  0.351  0.190  0.107  0.173        1
 77:     0.112  0.468  0.108  0.063  0.110  0.069  0.069        1
 78:     0.115  0.429  0.037  0.055  0.197  0.041  0.125        1
 79:     0.019  0.722  0.036  0.148  0.052  0.002  0.020        1
 80:     0.090  0.349  0.146  0.082  0.140  0.074  0.120        1
 81:     0.003  0.334  0.211  0.107  0.233  0.034  0.077        1
 82:     0.121  0.453  0.005  0.116  0.050  0.020  0.235        1
 83:     0.185  0.505  0.026  0.025  0.141  0.038  0.080        1
 84:     0.044  0.016  0.010  0.091  0.241  0.009  0.589        1
 85:     0.022  0.120  0.003  0.088  0.220  0.050  0.497        1
 86:     0.076  0.071  0.044  0.099  0.081  0.068  0.560        1
 87:     0.011  0.055  0.009  0.024  0.111  0.107  0.683        1
 88:     0.008  0.157  0.010  0.049  0.152  0.117  0.508        1
 89:     0.041  0.114  0.014  0.030  0.064  0.008  0.729        1
 90:     0.042  0.032  0.005  0.160  0.022  0.019  0.720        1
 91:     0.039  0.084  0.007  0.029  0.066  0.034  0.741        1
 92:     0.039  0.024  0.009  0.162  0.024  0.053  0.689        1
 93:     0.015  0.059  0.017  0.086  0.043  0.049  0.731        1
 94:     0.113  0.130  0.013  0.071  0.024  0.016  0.634        1
 95:     0.118  0.026  0.021  0.052  0.066  0.011  0.707        1
 96:     0.019  0.019  0.013  0.059  0.079  0.047  0.764        1
 97:     0.043  0.057  0.025  0.084  0.126  0.050  0.616        1
 98:     0.024  0.085  0.007  0.043  0.223  0.026  0.591        1
 99:     0.038  0.018  0.014  0.038  0.156  0.009  0.727        1
100:     0.057  0.045  0.019  0.073  0.093  0.044  0.669        1
101:     0.047  0.069  0.020  0.088  0.193  0.038  0.544        1
102:     0.004  0.008  0.017  0.105  0.149  0.097  0.619        1
103:     0.010  0.009  0.015  0.078  0.038  0.041  0.809        1
104:     0.016  0.193  0.006  0.096  0.055  0.049  0.585        1
105:     0.063  0.046  0.028  0.088  0.066  0.047  0.662        1
106:     0.041  0.025  0.021  0.058  0.161  0.107  0.588        1
107:     0.023  0.109  0.004  0.059  0.025  0.013  0.767        1
108:     0.036  0.020  0.033  0.044  0.246  0.078  0.543        1
109:     0.104  0.070  0.005  0.071  0.078  0.012  0.660        1
110:     0.052  0.041  0.031  0.067  0.063  0.112  0.635        1
111:     0.009  0.009  0.012  0.090  0.058  0.095  0.727        1
112:     0.008  0.065  0.002  0.035  0.187  0.007  0.696        1
113:     0.050  0.050  0.010  0.026  0.078  0.045  0.740        1
114:     0.006  0.016  0.009  0.043  0.048  0.125  0.753        1
115:     0.036  0.064  0.024  0.085  0.023  0.005  0.763        1
116:     0.035  0.005  0.000  0.044  0.132  0.037  0.745        1
117:     0.103  0.020  0.001  0.036  0.299  0.090  0.450        1
118:     0.004  0.103  0.003  0.116  0.007  0.108  0.657        1
119:     0.113  0.028  0.001  0.051  0.116  0.064  0.627        1
120:     0.071  0.006  0.011  0.021  0.084  0.206  0.602        1
121:     0.065  0.053  0.017  0.075  0.063  0.037  0.690        1
122:     0.019  0.072  0.013  0.060  0.019  0.102  0.715        1
123:     0.072  0.097  0.001  0.099  0.158  0.000  0.572        1
124:     0.020  0.088  0.004  0.036  0.211  0.059  0.583        1
125:     0.078  0.023  0.012  0.005  0.266  0.012  0.603        1
126:     0.023  0.075  0.024  0.122  0.024  0.068  0.664        1
127:     0.063  0.088  0.009  0.081  0.145  0.011  0.604        1
128:     0.024  0.059  0.051  0.023  0.110  0.031  0.701        1
129:     0.004  0.012  0.013  0.043  0.023  0.021  0.884        1
130:     0.062  0.059  0.011  0.077  0.071  0.041  0.679        1
131:     0.051  0.072  0.014  0.075  0.045  0.033  0.710        1
132:     0.057  0.111  0.040  0.099  0.153  0.041  0.499        1
133:     0.027  0.034  0.020  0.126  0.178  0.073  0.543        1
134:     0.083  0.067  0.029  0.072  0.102  0.029  0.618        1
135:     0.036  0.045  0.037  0.035  0.111  0.046  0.690        1
136:     0.008  0.013  0.010  0.062  0.095  0.014  0.798        1
137:     0.038  0.027  0.017  0.073  0.068  0.056  0.720        1
138:     0.054  0.045  0.029  0.058  0.097  0.054  0.663        1
139:     0.004  0.027  0.007  0.039  0.253  0.001  0.669        1
140:     0.045  0.070  0.041  0.096  0.167  0.075  0.506        1
141:     0.051  0.039  0.007  0.084  0.106  0.057  0.658        1
142:     0.013  0.002  0.050  0.086  0.109  0.134  0.605        1
143:     0.021  0.078  0.012  0.099  0.037  0.019  0.734        1
144:     0.043  0.004  0.032  0.085  0.049  0.034  0.752        1
145:     0.001  0.089  0.004  0.038  0.026  0.037  0.805        1
146:     0.046  0.081  0.041  0.071  0.109  0.045  0.607        1
147:     0.029  0.044  0.001  0.112  0.096  0.084  0.633        1
148:     0.099  0.191  0.217  0.152  0.137  0.056  0.147        1
149:     0.135  0.089  0.133  0.167  0.099  0.244  0.133        1
150:     0.111  0.105  0.277  0.075  0.013  0.266  0.154        1
151:     0.027  0.378  0.179  0.016  0.123  0.271  0.005        1
152:     0.306  0.071  0.060  0.025  0.068  0.352  0.118        1
153:     0.189  0.115  0.228  0.051  0.101  0.125  0.191        1
154:     0.071  0.099  0.356  0.083  0.233  0.113  0.046        1
155:     0.029  0.082  0.206  0.091  0.050  0.318  0.223        1
156:     0.067  0.341  0.300  0.050  0.147  0.039  0.055        1
157:     0.034  0.356  0.120  0.035  0.222  0.182  0.051        1
158:     0.140  0.134  0.221  0.093  0.106  0.157  0.149        1
159:     0.084  0.112  0.341  0.035  0.058  0.228  0.142        1
160:     0.194  0.148  0.255  0.016  0.038  0.289  0.061        1
161:     0.089  0.106  0.263  0.182  0.060  0.102  0.198        1
162:     0.165  0.062  0.233  0.052  0.145  0.177  0.166        1
163:     0.119  0.249  0.205  0.095  0.123  0.130  0.078        1
164:     0.168  0.011  0.377  0.070  0.086  0.156  0.132        1
165:     0.132  0.174  0.150  0.144  0.151  0.116  0.133        1
166:     0.083  0.198  0.224  0.104  0.091  0.157  0.143        1
167:     0.022  0.085  0.314  0.165  0.062  0.142  0.209        1
168:     0.107  0.504  0.089  0.010  0.013  0.136  0.140        1
169:     0.082  0.291  0.258  0.075  0.034  0.140  0.119        1
170:     0.122  0.274  0.140  0.012  0.142  0.190  0.120        1
171:     0.027  0.157  0.268  0.121  0.050  0.221  0.155        1
172:     0.181  0.137  0.244  0.077  0.104  0.132  0.124        1
173:     0.059  0.080  0.278  0.051  0.235  0.256  0.040        1
174:     0.115  0.177  0.223  0.059  0.030  0.306  0.090        1
175:     0.157  0.159  0.194  0.069  0.120  0.179  0.122       50
176:     0.135  0.169  0.233  0.081  0.097  0.168  0.118       49
177:     0.121  0.177  0.224  0.078  0.117  0.164  0.119       50
178:     0.111  0.178  0.229  0.084  0.116  0.169  0.113       49
179:     0.140  0.154  0.246  0.093  0.110  0.128  0.129       23
180:     0.130  0.170  0.235  0.075  0.104  0.172  0.114       49
181:     0.171  0.029  0.011  0.555  0.160  0.037  0.038       30
182:     0.080  0.037  0.013  0.709  0.106  0.028  0.026       30
183:     0.120  0.145  0.196  0.123  0.117  0.181  0.119       34
184:     0.127  0.153  0.233  0.078  0.126  0.186  0.097       36
185:     0.110  0.176  0.227  0.083  0.115  0.159  0.128       40
186:     0.127  0.166  0.254  0.076  0.095  0.186  0.096       39
187:     0.128  0.144  0.237  0.095  0.113  0.172  0.109       37
188:     0.138  0.161  0.216  0.082  0.118  0.164  0.121       40
189:     0.132  0.175  0.220  0.085  0.115  0.166  0.107       35
190:     0.131  0.143  0.214  0.087  0.126  0.187  0.113       28
191:     0.116  0.170  0.231  0.079  0.093  0.195  0.117       36
192:     0.120  0.161  0.247  0.094  0.076  0.204  0.099       32
--------------------------------------------

 Rep#:   Lambda   Alpha      F1    F2    F3    F4    F5    F6    F7     D1,2  D1,3  D1,4  D1,5  D1,6  D1,7  D2,3  D2,4  D2,5  D2,6  D2,7  D3,4  D3,5  D3,6  D3,7  D4,5  D4,6  D4,7  D5,6  D5,7  D6,7    Ln Like 
  100:    1.00    1.430    0.008 0.029 0.053 0.236 0.011 0.013 0.171    0.006 0.012 0.036 0.003 0.004 0.032 0.012 0.046 0.007 0.006 0.034 0.062 0.014 0.010 0.045 0.036 0.042 0.069 0.004 0.031 0.033   --  
  200:    1.00    1.172    0.008 0.206 0.097 0.241 0.012 0.017 0.192    0.035 0.018 0.035 0.003 0.004 0.034 0.052 0.057 0.036 0.036 0.055 0.054 0.021 0.015 0.050 0.035 0.036 0.057 0.006 0.035 0.035   --  
  300:    1.00    1.008    0.009 0.240 0.157 0.226 0.181 0.031 0.166    0.040 0.029 0.033 0.025 0.006 0.030 0.068 0.061 0.062 0.043 0.058 0.059 0.070 0.025 0.054 0.050 0.036 0.054 0.032 0.054 0.033   --  
  400:    1.00    0.907    0.009 0.245 0.149 0.221 0.212 0.033 0.160    0.040 0.026 0.032 0.029 0.007 0.030 0.067 0.062 0.062 0.044 0.058 0.057 0.066 0.026 0.052 0.047 0.036 0.053 0.034 0.053 0.033   --  
  500:    1.00    0.861    0.009 0.257 0.149 0.218 0.212 0.034 0.158    0.041 0.026 0.031 0.029 0.007 0.029 0.066 0.063 0.062 0.045 0.058 0.057 0.062 0.027 0.050 0.045 0.036 0.053 0.034 0.051 0.032   --  
  600:    1.00    0.808    0.010 0.257 0.154 0.219 0.201 0.036 0.155    0.042 0.028 0.031 0.028 0.008 0.028 0.066 0.064 0.062 0.045 0.058 0.056 0.059 0.027 0.049 0.043 0.036 0.053 0.033 0.050 0.031   --  
  700:    1.00    0.778    0.012 0.249 0.156 0.216 0.196 0.038 0.150    0.041 0.029 0.031 0.028 0.008 0.029 0.065 0.065 0.061 0.044 0.058 0.057 0.057 0.028 0.049 0.044 0.036 0.053 0.033 0.050 0.032   --  
  800:    1.00    0.749    0.021 0.249 0.145 0.217 0.193 0.039 0.148    0.043 0.031 0.032 0.029 0.010 0.031 0.063 0.064 0.061 0.044 0.058 0.056 0.056 0.028 0.047 0.044 0.036 0.053 0.032 0.049 0.032   --  
  900:    1.00    0.727    0.039 0.248 0.139 0.216 0.189 0.041 0.149    0.047 0.034 0.035 0.030 0.013 0.034 0.063 0.066 0.061 0.045 0.058 0.056 0.054 0.027 0.046 0.045 0.037 0.054 0.032 0.049 0.031   --  

--------------------------------------------
Proportion of membership of each pre-defined
 population in each of the 7 clusters

Given    Inferred Clusters                                   Number of
 Pop       1      2      3      4      5      6      7      Individuals

  1:     0.131  0.104  0.367  0.050  0.067  0.212  0.068       54
  2:     0.126  0.112  0.374  0.047  0.066  0.208  0.065       30
  3:     0.462  0.039  0.003  0.327  0.120  0.012  0.036       30
  4:     0.003  0.002  0.002  0.017  0.966  0.007  0.003       20
  5:     0.046  0.007  0.009  0.054  0.862  0.014  0.009       30
  6:     0.134  0.101  0.382  0.049  0.066  0.197  0.071       43
  7:     0.119  0.098  0.364  0.046  0.067  0.242  0.064       44
  8:     0.156  0.098  0.416  0.035  0.052  0.164  0.079        4
  9:     0.121  0.119  0.445  0.038  0.057  0.139  0.081       22
 10:     0.128  0.112  0.434  0.043  0.046  0.166  0.070       24
 11:     0.138  0.098  0.379  0.046  0.060  0.208  0.071       54
 12:     0.146  0.103  0.383  0.041  0.060  0.200  0.067       37
 13:     0.128  0.104  0.379  0.050  0.072  0.192  0.075       42
 14:     0.129  0.100  0.373  0.045  0.065  0.223  0.065       42
 15:     0.142  0.103  0.374  0.044  0.066  0.206  0.065       49
 16:     0.136  0.100  0.366  0.051  0.068  0.206  0.072      124
 17:     0.118  0.108  0.381  0.052  0.068  0.205  0.068       24
 18:     0.111  0.106  0.370  0.043  0.053  0.248  0.070       34
 19:     0.132  0.103  0.373  0.052  0.058  0.213  0.069       52
 20:     0.189  0.100  0.353  0.044  0.015  0.225  0.073        1
 21:     0.157  0.114  0.324  0.011  0.032  0.251  0.112        1
 22:     0.079  0.110  0.389  0.054  0.064  0.267  0.037        1
 23:     0.060  0.131  0.449  0.069  0.156  0.000  0.135        1
 24:     0.177  0.125  0.405  0.042  0.014  0.177  0.060        1
 25:     0.145  0.043  0.384  0.059  0.109  0.170  0.090        1
 26:     0.061  0.133  0.382  0.030  0.129  0.162  0.102        1
 27:     0.224  0.114  0.386  0.047  0.076  0.046  0.106        1
 28:     0.070  0.120  0.380  0.071  0.043  0.269  0.047        1
 29:     0.116  0.155  0.412  0.043  0.047  0.156  0.071        1
 30:     0.006  0.075  0.340  0.073  0.140  0.262  0.104        1
 31:     0.137  0.112  0.321  0.052  0.225  0.107  0.046        1
 32:     0.115  0.092  0.373  0.061  0.035  0.239  0.085        1
 33:     0.150  0.162  0.286  0.051  0.088  0.219  0.044        1
 34:     0.172  0.125  0.444  0.029  0.063  0.056  0.111        1
 35:     0.122  0.116  0.437  0.029  0.065  0.153  0.078        1
 36:     0.202  0.113  0.373  0.055  0.032  0.157  0.068        1
 37:     0.219  0.062  0.408  0.038  0.059  0.127  0.088        1
 38:     0.235  0.083  0.391  0.010  0.120  0.017  0.143        1
 39:     0.158  0.148  0.433  0.007  0.066  0.115  0.073        1
 40:     0.178  0.145  0.350  0.057  0.061  0.089  0.121        1
 41:     0.116  0.130  0.391  0.038  0.035  0.213  0.077        1
 42:     0.086  0.117  0.367  0.049  0.063  0.246  0.072        1
 43:     0.136  0.096  0.238  0.013  0.018  0.455  0.043        1
 44:     0.217  0.093  0.358  0.047  0.111  0.156  0.019        1
 45:     0.246  0.186  0.378  0.010  0.019  0.103  0.059        1
 46:     0.167  0.090  0.390  0.065  0.028  0.109  0.151        1
 47:     0.153  0.115  0.310  0.019  0.008  0.330  0.064        1
 48:     0.161  0.074  0.317  0.045  0.008  0.313  0.083        1
 49:     0.112  0.132  0.400  0.042  0.041  0.216  0.057        1
 50:     0.262  0.036  0.076  0.055  0.211  0.292  0.068        1
 51:     0.201  0.083  0.292  0.044  0.242  0.052  0.086        1
 52:     0.164  0.108  0.408  0.046  0.050  0.074  0.149        1
 53:     0.141  0.105  0.281  0.067  0.030  0.296  0.079        1
 54:     0.001  0.986  0.009  0.001  0.000  0.002  0.001        1
 55:     0.003  0.989  0.002  0.001  0.003  0.001  0.000        1
 56:     0.003  0.878  0.048  0.001  0.019  0.038  0.013        1
 57:     0.015  0.951  0.026  0.002  0.001  0.002  0.005        1
 58:     0.014  0.923  0.041  0.000  0.002  0.003  0.016        1
 59:     0.067  0.857  0.017  0.012  0.018  0.016  0.013        1
 60:     0.000  0.987  0.001  0.002  0.004  0.000  0.006        1
 61:     0.000  0.992  0.000  0.004  0.002  0.001  0.000        1
 62:     0.069  0.016  0.001  0.118  0.153  0.623  0.020        1
 63:     0.019  0.930  0.000  0.003  0.038  0.006  0.004        1
 64:     0.000  0.997  0.000  0.001  0.002  0.000  0.000        1
 65:     0.000  0.994  0.001  0.001  0.001  0.000  0.003        1
 66:     0.001  0.934  0.000  0.024  0.020  0.015  0.005        1
 67:     0.009  0.623  0.082  0.040  0.042  0.103  0.101        1
 68:     0.001  0.930  0.005  0.041  0.003  0.008  0.013        1
 69:     0.000  0.967  0.007  0.011  0.005  0.004  0.007        1
 70:     0.002  0.778  0.061  0.042  0.059  0.025  0.033        1
 71:     0.003  0.989  0.000  0.001  0.003  0.000  0.004        1
 72:     0.002  0.995  0.001  0.000  0.000  0.000  0.002        1
 73:     0.002  0.995  0.001  0.000  0.001  0.000  0.000        1
 74:     0.162  0.794  0.012  0.012  0.006  0.004  0.011        1
 75:     0.000  0.992  0.000  0.000  0.004  0.000  0.003        1
 76:     0.000  0.011  0.001  0.234  0.218  0.524  0.012        1
 77:     0.000  0.995  0.000  0.000  0.000  0.002  0.002        1
 78:     0.095  0.811  0.023  0.032  0.029  0.004  0.005        1
 79:     0.004  0.992  0.000  0.000  0.000  0.001  0.002        1
 80:     0.002  0.965  0.014  0.000  0.015  0.004  0.000        1
 81:     0.001  0.995  0.000  0.000  0.001  0.001  0.002        1
 82:     0.078  0.533  0.033  0.019  0.024  0.140  0.173        1
 83:     0.005  0.987  0.001  0.003  0.001  0.002  0.001        1
 84:     0.001  0.006  0.000  0.020  0.026  0.008  0.938        1
 85:     0.005  0.011  0.010  0.003  0.052  0.003  0.914        1
 86:     0.053  0.035  0.040  0.024  0.007  0.001  0.839        1
 87:     0.009  0.001  0.001  0.000  0.010  0.012  0.966        1
 88:     0.005  0.002  0.008  0.002  0.004  0.012  0.968        1
 89:     0.000  0.005  0.000  0.007  0.004  0.045  0.938        1
 90:     0.002  0.001  0.001  0.002  0.044  0.000  0.949        1
 91:     0.015  0.016  0.003  0.001  0.003  0.021  0.940        1
 92:     0.060  0.002  0.056  0.012  0.023  0.026  0.820        1
 93:     0.003  0.002  0.004  0.035  0.030  0.006  0.920        1
 94:     0.015  0.006  0.051  0.043  0.003  0.020  0.862        1
 95:     0.019  0.009  0.020  0.002  0.081  0.007  0.863        1
 96:     0.005  0.001  0.001  0.010  0.001  0.001  0.982        1
 97:     0.008  0.004  0.000  0.020  0.033  0.005  0.930        1
 98:     0.010  0.001  0.001  0.001  0.018  0.019  0.950        1
 99:     0.001  0.005  0.001  0.000  0.000  0.001  0.992        1
100:     0.001  0.000  0.000  0.001  0.062  0.001  0.935        1
101:     0.059  0.032  0.036  0.008  0.006  0.128  0.730        1
102:     0.004  0.024  0.050  0.007  0.009  0.111  0.794        1
103:     0.007  0.004  0.028  0.006  0.016  0.001  0.939        1
104:     0.024  0.013  0.001  0.007  0.007  0.002  0.945        1
105:     0.005  0.026  0.002  0.003  0.052  0.002  0.910        1
106:     0.018  0.020  0.104  0.001  0.003  0.030  0.824        1
107:     0.002  0.009  0.002  0.014  0.005  0.012  0.956        1
108:     0.000  0.010  0.018  0.013  0.080  0.038  0.840        1
109:     0.153  0.014  0.019  0.001  0.062  0.012  0.740        1
110:     0.002  0.049  0.112  0.011  0.020  0.060  0.746        1
111:     0.001  0.006  0.015  0.010  0.001  0.023  0.944        1
112:     0.002  0.005  0.001  0.000  0.006  0.003  0.983        1
113:     0.005  0.001  0.001  0.003  0.050  0.002  0.937        1
114:     0.005  0.000  0.015  0.011  0.002  0.007  0.960        1
115:     0.018  0.011  0.028  0.005  0.002  0.020  0.916        1
116:     0.001  0.002  0.000  0.005  0.005  0.006  0.981        1
117:     0.003  0.001  0.010  0.034  0.027  0.017  0.909        1
118:     0.010  0.027  0.003  0.034  0.001  0.000  0.925        1
119:     0.029  0.020  0.047  0.013  0.020  0.010  0.861        1
120:     0.013  0.038  0.013  0.000  0.001  0.007  0.928        1
121:     0.032  0.016  0.000  0.006  0.004  0.010  0.933        1
122:     0.008  0.028  0.032  0.001  0.001  0.025  0.905        1
123:     0.003  0.006  0.002  0.002  0.009  0.002  0.977        1
124:     0.036  0.015  0.019  0.010  0.094  0.020  0.806        1
125:     0.000  0.000  0.002  0.004  0.002  0.000  0.991        1
126:     0.001  0.031  0.028  0.025  0.006  0.066  0.844        1
127:     0.011  0.006  0.015  0.008  0.041  0.005  0.914        1
128:     0.002  0.013  0.000  0.020  0.005  0.036  0.924        1
129:     0.001  0.000  0.001  0.000  0.000  0.003  0.994        1
130:     0.001  0.014  0.028  0.010  0.055  0.002  0.889        1
131:     0.000  0.004  0.001  0.001  0.001  0.005  0.988        1
132:     0.111  0.002  0.023  0.007  0.055  0.029  0.774        1
133:     0.000  0.003  0.021  0.011  0.106  0.007  0.851        1
134:     0.020  0.049  0.053  0.048  0.004  0.020  0.806        1
135:     0.096  0.003  0.076  0.012  0.037  0.016  0.760        1
136:     0.000  0.005  0.005  0.001  0.002  0.000  0.987        1
137:     0.005  0.001  0.008  0.015  0.002  0.007  0.961        1
138:     0.007  0.011  0.001  0.000  0.006  0.000  0.975        1
139:     0.003  0.001  0.001  0.019  0.096  0.009  0.871        1
140:     0.012  0.026  0.005  0.001  0.126  0.006  0.825        1
141:     0.000  0.006  0.001  0.012  0.002  0.004  0.975        1
142:     0.040  0.014  0.027  0.005  0.013  0.048  0.852        1
143:     0.017  0.002  0.004  0.033  0.009  0.013  0.921        1
144:     0.007  0.005  0.003  0.008  0.033  0.017  0.928        1
145:     0.000  0.001  0.011  0.008  0.010  0.002  0.967        1
146:     0.007  0.002  0.001  0.046  0.008  0.017  0.918        1
147:     0.013  0.001  0.004  0.002  0.038  0.001  0.941        1
148:     0.235  0.106  0.273  0.049  0.127  0.093  0.119        1
149:     0.146  0.076  0.290  0.134  0.114  0.129  0.111        1
150:     0.038  0.092  0.298  0.000  0.053  0.415  0.104        1
151:     0.089  0.119  0.409  0.045  0.047  0.200  0.089        1
152:     0.159  0.114  0.353  0.065  0.087  0.198  0.024        1
153:     0.193  0.119  0.374  0.044  0.018  0.211  0.040        1
154:     0.040  0.078  0.284  0.017  0.033  0.500  0.048        1
155:     0.154  0.128  0.401  0.019  0.086  0.109  0.104        1
156:     0.236  0.118  0.393  0.016  0.066  0.089  0.083        1
157:     0.067  0.086  0.345  0.017  0.096  0.321  0.068        1
158:     0.075  0.115  0.412  0.078  0.026  0.164  0.130        1
159:     0.121  0.139  0.385  0.047  0.019  0.195  0.094        1
160:     0.176  0.086  0.373  0.017  0.057  0.226  0.065        1
161:     0.201  0.124  0.342  0.056  0.057  0.112  0.108        1
162:     0.077  0.172  0.374  0.073  0.080  0.127  0.097        1
163:     0.047  0.104  0.326  0.052  0.092  0.265  0.114        1
164:     0.116  0.094  0.387  0.077  0.058  0.187  0.081        1
165:     0.065  0.104  0.329  0.067  0.105  0.208  0.122        1
166:     0.078  0.089  0.267  0.031  0.078  0.443  0.013        1
167:     0.111  0.102  0.382  0.074  0.037  0.239  0.055        1
168:     0.117  0.070  0.440  0.057  0.086  0.180  0.050        1
169:     0.206  0.115  0.387  0.003  0.098  0.092  0.098        1
170:     0.058  0.115  0.361  0.062  0.024  0.282  0.097        1
171:     0.075  0.098  0.355  0.053  0.053  0.258  0.107        1
172:     0.112  0.152  0.412  0.080  0.094  0.061  0.088        1
173:     0.092  0.080  0.322  0.065  0.048  0.358  0.034        1
174:     0.046  0.093  0.422  0.037  0.092  0.188  0.123        1
175:     0.130  0.102  0.376  0.050  0.065  0.208  0.069       50
176:     0.135  0.103  0.384  0.056  0.057  0.202  0.061       49
177:     0.122  0.101  0.388  0.054  0.058  0.208  0.069       50
178:     0.127  0.105  0.377  0.055  0.060  0.205  0.071       49
179:     0.123  0.097  0.366  0.037  0.068  0.233  0.076       23
180:     0.126  0.102  0.369  0.043  0.064  0.228  0.068       49
181:     0.019  0.004  0.002  0.943  0.020  0.008  0.003       30
182:     0.111  0.011  0.003  0.722  0.141  0.010  0.002       30
183:     0.145  0.087  0.329  0.075  0.061  0.230  0.073       34
184:     0.150  0.101  0.380  0.048  0.063  0.203  0.057       36
185:     0.155  0.096  0.381  0.051  0.069  0.172  0.076       40
186:     0.115  0.106  0.391  0.048  0.052  0.216  0.071       39
187:     0.125  0.102  0.376  0.046  0.070  0.208  0.073       37
188:     0.131  0.095  0.378  0.056  0.065  0.196  0.079       40
189:     0.122  0.103  0.382  0.065  0.068  0.193  0.067       35
190:     0.118  0.096  0.349  0.053  0.066  0.256  0.061       28
191:     0.130  0.101  0.388  0.051  0.062  0.195  0.074       36
192:     0.118  0.105  0.384  0.054  0.066  0.210  0.064       32
--------------------------------------------

 Rep#:   Lambda   Alpha      F1    F2    F3    F4    F5    F6    F7     D1,2  D1,3  D1,4  D1,5  D1,6  D1,7  D2,3  D2,4  D2,5  D2,6  D2,7  D3,4  D3,5  D3,6  D3,7  D4,5  D4,6  D4,7  D5,6  D5,7  D6,7    Ln Like 
 1000:    1.00    0.709    0.077 0.246 0.135 0.226 0.189 0.039 0.144    0.051 0.040 0.039 0.034 0.017 0.039 0.060 0.065 0.061 0.043 0.058 0.056 0.053 0.026 0.044 0.046 0.038 0.054 0.032 0.049 0.031   --  
 1100:    1.00    0.687    0.121 0.246 0.130 0.234 0.186 0.039 0.145    0.055 0.045 0.043 0.036 0.022 0.043 0.058 0.067 0.060 0.043 0.057 0.056 0.052 0.025 0.043 0.048 0.039 0.056 0.032 0.049 0.030   --  
 1200:    1.00    0.650    0.145 0.247 0.127 0.261 0.192 0.039 0.141    0.060 0.049 0.051 0.039 0.025 0.047 0.058 0.070 0.061 0.043 0.058 0.058 0.050 0.023 0.042 0.051 0.043 0.060 0.032 0.049 0.030   --  
 1300:    1.00    0.643    0.187 0.248 0.112 0.340 0.187 0.039 0.143    0.065 0.055 0.069 0.043 0.032 0.053 0.056 0.079 0.061 0.043 0.058 0.065 0.048 0.021 0.040 0.059 0.052 0.067 0.032 0.048 0.029   --  
 1400:    1.00    0.588    0.249 0.248 0.105 0.344 0.184 0.038 0.140    0.070 0.061 0.070 0.047 0.038 0.059 0.054 0.080 0.060 0.042 0.057 0.064 0.045 0.020 0.038 0.060 0.052 0.068 0.031 0.048 0.029   --  
 1500:    1.00    0.595    0.270 0.249 0.097 0.347 0.192 0.037 0.140    0.072 0.061 0.066 0.049 0.041 0.060 0.053 0.079 0.060 0.041 0.057 0.064 0.044 0.018 0.037 0.059 0.051 0.068 0.031 0.048 0.029   --  
 1600:    1.00    0.579    0.273 0.244 0.087 0.350 0.190 0.033 0.142    0.072 0.060 0.067 0.051 0.043 0.061 0.051 0.079 0.059 0.041 0.057 0.063 0.042 0.016 0.036 0.061 0.051 0.068 0.031 0.047 0.028   --  
 1700:    1.00    0.548    0.291 0.243 0.081 0.343 0.192 0.032 0.136    0.073 0.059 0.066 0.052 0.044 0.062 0.050 0.080 0.060 0.041 0.057 0.062 0.041 0.016 0.035 0.061 0.051 0.068 0.031 0.048 0.028   --  
 1800:    1.00    0.542    0.296 0.243 0.072 0.346 0.193 0.031 0.142    0.074 0.058 0.067 0.053 0.045 0.062 0.049 0.080 0.060 0.041 0.057 0.061 0.040 0.015 0.034 0.061 0.051 0.068 0.031 0.048 0.028   --  
 1900:    1.00    0.504    0.302 0.238 0.070 0.344 0.189 0.029 0.142    0.074 0.057 0.068 0.053 0.045 0.063 0.048 0.079 0.059 0.040 0.056 0.059 0.039 0.014 0.033 0.061 0.051 0.068 0.030 0.048 0.028   --  

--------------------------------------------
Proportion of membership of each pre-defined
 population in each of the 7 clusters

Given    Inferred Clusters                                   Number of
 Pop       1      2      3      4      5      6      7      Individuals

  1:     0.070  0.071  0.509  0.031  0.053  0.220  0.046       54
  2:     0.070  0.078  0.506  0.025  0.052  0.225  0.044       30
  3:     0.292  0.050  0.072  0.221  0.239  0.082  0.045       30
  4:     0.004  0.002  0.002  0.021  0.967  0.002  0.002       20
  5:     0.049  0.007  0.020  0.029  0.870  0.014  0.011       30
  6:     0.073  0.072  0.538  0.027  0.051  0.190  0.050       43
  7:     0.065  0.067  0.503  0.024  0.047  0.247  0.047       44
  8:     0.077  0.090  0.590  0.009  0.057  0.118  0.059        4
  9:     0.068  0.083  0.608  0.027  0.031  0.131  0.052       22
 10:     0.079  0.075  0.581  0.023  0.024  0.173  0.045       24
 11:     0.070  0.069  0.515  0.028  0.044  0.224  0.049       54
 12:     0.072  0.078  0.540  0.027  0.042  0.199  0.044       37
 13:     0.075  0.072  0.518  0.030  0.052  0.204  0.050       42
 14:     0.065  0.073  0.507  0.027  0.044  0.241  0.041       42
 15:     0.071  0.075  0.521  0.029  0.052  0.204  0.048       49
 16:     0.071  0.072  0.511  0.029  0.052  0.217  0.048      124
 17:     0.073  0.077  0.545  0.033  0.042  0.185  0.045       24
 18:     0.066  0.074  0.510  0.030  0.034  0.243  0.043       34
 19:     0.075  0.076  0.511  0.029  0.041  0.221  0.047       52
 20:     0.101  0.084  0.456  0.019  0.001  0.292  0.048        1
 21:     0.072  0.096  0.493  0.001  0.026  0.190  0.122        1
 22:     0.105  0.105  0.489  0.001  0.015  0.252  0.033        1
 23:     0.047  0.097  0.554  0.056  0.095  0.060  0.092        1
 24:     0.071  0.119  0.538  0.060  0.041  0.124  0.047        1
 25:     0.087  0.046  0.586  0.038  0.100  0.046  0.097        1
 26:     0.041  0.101  0.519  0.010  0.073  0.167  0.088        1
 27:     0.077  0.097  0.610  0.049  0.084  0.016  0.068        1
 28:     0.086  0.090  0.569  0.047  0.015  0.140  0.053        1
 29:     0.039  0.091  0.587  0.049  0.004  0.137  0.094        1
 30:     0.031  0.067  0.462  0.015  0.140  0.241  0.044        1
 31:     0.073  0.081  0.509  0.002  0.206  0.061  0.069        1
 32:     0.053  0.089  0.567  0.006  0.057  0.177  0.050        1
 33:     0.061  0.120  0.406  0.004  0.052  0.340  0.017        1
 34:     0.041  0.125  0.569  0.030  0.053  0.093  0.089        1
 35:     0.059  0.054  0.571  0.013  0.012  0.217  0.074        1
 36:     0.065  0.088  0.551  0.038  0.027  0.163  0.069        1
 37:     0.071  0.026  0.532  0.012  0.051  0.245  0.062        1
 38:     0.085  0.086  0.560  0.009  0.123  0.001  0.136        1
 39:     0.052  0.125  0.547  0.011  0.028  0.183  0.055        1
 40:     0.048  0.095  0.525  0.031  0.085  0.116  0.099        1
 41:     0.021  0.097  0.480  0.014  0.000  0.309  0.079        1
 42:     0.081  0.096  0.494  0.004  0.047  0.225  0.054        1
 43:     0.024  0.066  0.251  0.009  0.014  0.609  0.026        1
 44:     0.074  0.076  0.533  0.038  0.111  0.130  0.038        1
 45:     0.066  0.125  0.547  0.017  0.019  0.170  0.056        1
 46:     0.086  0.074  0.527  0.043  0.009  0.129  0.133        1
 47:     0.049  0.037  0.473  0.045  0.001  0.338  0.058        1
 48:     0.085  0.067  0.529  0.025  0.001  0.272  0.021        1
 49:     0.065  0.080  0.594  0.015  0.006  0.164  0.076        1
 50:     0.073  0.015  0.130  0.025  0.271  0.448  0.038        1
 51:     0.090  0.072  0.498  0.054  0.170  0.045  0.071        1
 52:     0.075  0.099  0.515  0.051  0.054  0.103  0.103        1
 53:     0.116  0.058  0.448  0.010  0.005  0.316  0.048        1
 54:     0.000  0.996  0.000  0.000  0.000  0.003  0.000        1
 55:     0.002  0.989  0.004  0.003  0.001  0.000  0.000        1
 56:     0.002  0.838  0.099  0.001  0.007  0.033  0.020        1
 57:     0.005  0.936  0.053  0.003  0.000  0.001  0.003        1
 58:     0.004  0.910  0.061  0.013  0.000  0.010  0.002        1
 59:     0.022  0.885  0.064  0.019  0.003  0.003  0.003        1
 60:     0.002  0.991  0.001  0.001  0.002  0.003  0.000        1
 61:     0.000  0.999  0.001  0.000  0.000  0.000  0.000        1
 62:     0.034  0.003  0.001  0.104  0.110  0.747  0.001        1
 63:     0.015  0.934  0.012  0.008  0.022  0.004  0.006        1
 64:     0.000  0.999  0.000  0.000  0.000  0.000  0.000        1
 65:     0.000  0.998  0.000  0.000  0.001  0.000  0.000        1
 66:     0.000  0.952  0.018  0.006  0.001  0.015  0.009        1
 67:     0.035  0.600  0.139  0.000  0.038  0.085  0.103        1
 68:     0.012  0.932  0.022  0.023  0.002  0.003  0.006        1
 69:     0.003  0.965  0.003  0.013  0.000  0.003  0.013        1
 70:     0.028  0.809  0.090  0.019  0.023  0.004  0.026        1
 71:     0.001  0.998  0.000  0.001  0.000  0.000  0.000        1
 72:     0.000  0.993  0.000  0.002  0.002  0.000  0.003        1
 73:     0.000  0.998  0.001  0.001  0.000  0.000  0.000        1
 74:     0.028  0.757  0.084  0.018  0.001  0.110  0.001        1
 75:     0.000  0.998  0.000  0.001  0.000  0.000  0.000        1
 76:     0.008  0.005  0.005  0.248  0.193  0.522  0.020        1
 77:     0.000  0.997  0.001  0.001  0.000  0.000  0.000        1
 78:     0.015  0.784  0.119  0.021  0.037  0.021  0.002        1
 79:     0.001  0.998  0.000  0.000  0.001  0.000  0.000        1
 80:     0.001  0.972  0.003  0.015  0.002  0.001  0.007        1
 81:     0.003  0.994  0.000  0.000  0.001  0.001  0.000        1
 82:     0.062  0.494  0.204  0.010  0.062  0.024  0.145        1
 83:     0.000  0.998  0.002  0.000  0.000  0.000  0.001        1
 84:     0.001  0.026  0.006  0.001  0.036  0.022  0.908        1
 85:     0.000  0.006  0.002  0.012  0.052  0.000  0.929        1
 86:     0.005  0.051  0.054  0.010  0.020  0.034  0.826        1
 87:     0.004  0.006  0.005  0.003  0.000  0.000  0.981        1
 88:     0.001  0.002  0.002  0.003  0.017  0.000  0.975        1
 89:     0.000  0.002  0.005  0.001  0.005  0.078  0.910        1
 90:     0.003  0.000  0.000  0.005  0.018  0.000  0.973        1
 91:     0.004  0.000  0.001  0.003  0.038  0.000  0.954        1
 92:     0.018  0.000  0.108  0.006  0.000  0.042  0.827        1
 93:     0.016  0.001  0.000  0.038  0.027  0.005  0.912        1
 94:     0.007  0.009  0.033  0.035  0.005  0.017  0.893        1
 95:     0.004  0.006  0.042  0.000  0.039  0.014  0.896        1
 96:     0.000  0.005  0.000  0.001  0.001  0.000  0.993        1
 97:     0.000  0.024  0.001  0.002  0.024  0.002  0.947        1
 98:     0.013  0.012  0.014  0.001  0.007  0.002  0.950        1
 99:     0.000  0.000  0.000  0.000  0.000  0.001  0.998        1
100:     0.010  0.001  0.000  0.000  0.023  0.001  0.964        1
101:     0.018  0.002  0.102  0.021  0.049  0.010  0.797        1
102:     0.003  0.005  0.091  0.004  0.012  0.116  0.769        1
103:     0.002  0.001  0.012  0.000  0.007  0.000  0.978        1
104:     0.002  0.004  0.024  0.004  0.011  0.015  0.941        1
105:     0.004  0.021  0.000  0.007  0.053  0.001  0.913        1
106:     0.001  0.048  0.111  0.006  0.018  0.028  0.789        1
107:     0.006  0.005  0.000  0.041  0.001  0.002  0.944        1
108:     0.005  0.007  0.068  0.000  0.061  0.003  0.857        1
109:     0.032  0.030  0.061  0.029  0.080  0.024  0.745        1
110:     0.012  0.038  0.084  0.010  0.002  0.088  0.766        1
111:     0.001  0.005  0.006  0.020  0.022  0.005  0.941        1
112:     0.001  0.001  0.004  0.001  0.006  0.000  0.987        1
113:     0.006  0.003  0.001  0.000  0.014  0.014  0.961        1
114:     0.004  0.013  0.003  0.003  0.007  0.000  0.969        1
115:     0.000  0.000  0.035  0.001  0.002  0.050  0.912        1
116:     0.001  0.001  0.004  0.014  0.002  0.000  0.978        1
117:     0.000  0.010  0.000  0.039  0.015  0.013  0.923        1
118:     0.028  0.001  0.002  0.009  0.002  0.012  0.946        1
