

----------------------------------------------------
STRUCTURE by Pritchard, Stephens and Donnelly (2000)
     and Falush, Stephens and Pritchard (2003)
       Code by Pritchard, Falush and Hubisz
             Version 2.3.4 (Jul 2012)
----------------------------------------------------


Reading file "/workdir/yc2644/CV_CT_array/structure/threader_input/mainparams".
Reading file "/workdir/yc2644/CV_CT_array/structure/threader_input/extraparams".
Reading file "/workdir/yc2644/CV_CT_array/structure/threader_input/n1601.recode.strct_in".


Data file "/workdir/yc2644/CV_CT_array/structure/threader_input/n1601.recode.strct_in" (truncated) --

Ind:   Label Pop : Genotype_data . . . .
  1:  001s    1  :  2   1   2   2   2   1   2  . . . .   2
  1:  001s    1  :  2   2   2   2   2   2   2  . . . .   2
  2:  002s    1  :  2   2   2   2   1   1   2  . . . .   2
  2:  002s    1  :  2   2   2   2   2   2   2  . . . .   2
  3:  003s    1  :  1   2   1   2   2   2   2  . . . .   1
  3:  003s    1  :  2   2   1   2   2   2   2  . . . .   2
  4:  004s    1  :  1   1   2   2   1   2   2  . . . .   1
  4:  004s    1  :  2   1   2   2   2   2   2  . . . .   2

      *******   

1600:    49  192  :  2   2   2   2   2   1   2  . . . .   1
1600:    49  192  :  2   2   2   2   2   2   2  . . . .   2
1601:    50  192  :  2   1   2   2   1   2   2  . . . .   1
1601:    50  192  :  2   2   2   2   2   2   2  . . . .   2

Number of alleles per locus: min= 2; ave=2.0; max= 2


--------------------------------------

Finished initialization; starting MCMC 
100000 iterations + 10000 burnin


--------------------------------------------
Proportion of membership of each pre-defined
 population in each of the 7 clusters

Given    Inferred Clusters                                   Number of
 Pop       1      2      3      4      5      6      7      Individuals

  1:     0.176  0.116  0.151  0.191  0.166  0.119  0.082       54
  2:     0.154  0.133  0.159  0.150  0.182  0.144  0.078       30
  3:     0.080  0.110  0.075  0.065  0.065  0.073  0.531       30
  4:     0.071  0.084  0.038  0.064  0.060  0.055  0.628       20
  5:     0.083  0.074  0.057  0.074  0.067  0.080  0.566       30
  6:     0.162  0.119  0.203  0.144  0.163  0.133  0.076       43
  7:     0.160  0.123  0.172  0.150  0.179  0.141  0.075       44
  8:     0.070  0.062  0.174  0.214  0.300  0.114  0.066        4
  9:     0.146  0.136  0.168  0.159  0.186  0.153  0.053       22
 10:     0.194  0.140  0.142  0.173  0.150  0.150  0.051       24
 11:     0.184  0.128  0.158  0.155  0.169  0.135  0.072       54
 12:     0.151  0.119  0.170  0.178  0.177  0.134  0.069       37
 13:     0.150  0.129  0.167  0.161  0.176  0.137  0.081       42
 14:     0.154  0.132  0.173  0.170  0.162  0.140  0.069       42
 15:     0.168  0.121  0.170  0.150  0.194  0.122  0.075       49
 16:     0.175  0.120  0.162  0.156  0.169  0.138  0.079      124
 17:     0.140  0.115  0.180  0.210  0.172  0.109  0.073       24
 18:     0.153  0.140  0.183  0.168  0.183  0.111  0.063       34
 19:     0.142  0.122  0.169  0.166  0.183  0.138  0.079       52
 20:     0.366  0.088  0.095  0.053  0.180  0.149  0.070        1
 21:     0.029  0.380  0.150  0.070  0.207  0.100  0.065        1
 22:     0.201  0.090  0.050  0.248  0.039  0.318  0.054        1
 23:     0.016  0.247  0.362  0.129  0.071  0.096  0.078        1
 24:     0.003  0.031  0.126  0.061  0.189  0.531  0.059        1
 25:     0.130  0.268  0.194  0.204  0.046  0.052  0.106        1
 26:     0.359  0.073  0.081  0.172  0.082  0.140  0.094        1
 27:     0.161  0.159  0.072  0.223  0.201  0.061  0.123        1
 28:     0.152  0.141  0.168  0.186  0.136  0.144  0.072        1
 29:     0.157  0.177  0.150  0.135  0.190  0.142  0.050        1
 30:     0.131  0.143  0.115  0.214  0.143  0.144  0.109        1
 31:     0.199  0.107  0.110  0.176  0.108  0.115  0.185        1
 32:     0.084  0.058  0.169  0.325  0.255  0.028  0.081        1
 33:     0.074  0.086  0.249  0.107  0.230  0.159  0.095        1
 34:     0.180  0.153  0.144  0.122  0.208  0.105  0.088        1
 35:     0.121  0.130  0.221  0.124  0.285  0.051  0.070        1
 36:     0.068  0.162  0.281  0.141  0.131  0.136  0.081        1
 37:     0.099  0.219  0.090  0.020  0.367  0.123  0.082        1
 38:     0.041  0.276  0.153  0.118  0.088  0.261  0.062        1
 39:     0.054  0.368  0.126  0.117  0.209  0.111  0.014        1
 40:     0.304  0.226  0.049  0.190  0.148  0.020  0.063        1
 41:     0.049  0.188  0.129  0.444  0.038  0.088  0.063        1
 42:     0.113  0.153  0.187  0.136  0.194  0.126  0.092        1
 43:     0.173  0.223  0.176  0.179  0.097  0.101  0.052        1
 44:     0.103  0.036  0.158  0.431  0.168  0.033  0.071        1
 45:     0.105  0.089  0.056  0.160  0.130  0.423  0.037        1
 46:     0.026  0.194  0.224  0.225  0.109  0.119  0.103        1
 47:     0.080  0.145  0.033  0.257  0.191  0.267  0.028        1
 48:     0.107  0.170  0.030  0.182  0.401  0.055  0.056        1
 49:     0.391  0.025  0.090  0.293  0.121  0.051  0.028        1
 50:     0.049  0.189  0.105  0.146  0.112  0.142  0.256        1
 51:     0.135  0.094  0.098  0.260  0.187  0.033  0.193        1
 52:     0.027  0.205  0.338  0.224  0.055  0.079  0.071        1
 53:     0.045  0.155  0.024  0.403  0.103  0.166  0.104        1
 54:     0.094  0.024  0.176  0.466  0.178  0.015  0.048        1
 55:     0.095  0.145  0.074  0.557  0.023  0.087  0.020        1
 56:     0.057  0.097  0.112  0.441  0.255  0.016  0.021        1
 57:     0.182  0.059  0.038  0.481  0.108  0.051  0.081        1
 58:     0.089  0.208  0.112  0.475  0.050  0.056  0.009        1
 59:     0.130  0.113  0.128  0.342  0.117  0.070  0.100        1
 60:     0.073  0.248  0.113  0.392  0.026  0.063  0.084        1
 61:     0.112  0.209  0.045  0.450  0.016  0.066  0.102        1
 62:     0.108  0.138  0.026  0.076  0.266  0.066  0.320        1
 63:     0.123  0.214  0.019  0.433  0.082  0.030  0.098        1
 64:     0.089  0.068  0.147  0.518  0.135  0.041  0.003        1
 65:     0.253  0.052  0.142  0.431  0.050  0.032  0.041        1
 66:     0.189  0.033  0.072  0.482  0.061  0.085  0.080        1
 67:     0.250  0.069  0.008  0.444  0.157  0.047  0.024        1
 68:     0.060  0.089  0.019  0.615  0.097  0.029  0.091        1
 69:     0.092  0.020  0.126  0.614  0.037  0.033  0.078        1
 70:     0.217  0.169  0.123  0.343  0.021  0.064  0.063        1
 71:     0.357  0.005  0.046  0.392  0.083  0.058  0.058        1
 72:     0.075  0.095  0.026  0.554  0.112  0.027  0.110        1
 73:     0.176  0.038  0.025  0.632  0.012  0.056  0.061        1
 74:     0.130  0.157  0.062  0.420  0.122  0.021  0.087        1
 75:     0.076  0.078  0.029  0.544  0.101  0.052  0.119        1
 76:     0.188  0.053  0.009  0.028  0.022  0.280  0.419        1
 77:     0.253  0.075  0.129  0.272  0.114  0.070  0.086        1
 78:     0.111  0.115  0.074  0.345  0.182  0.053  0.120        1
 79:     0.008  0.068  0.045  0.762  0.001  0.031  0.085        1
 80:     0.040  0.031  0.028  0.572  0.031  0.209  0.090        1
 81:     0.160  0.126  0.089  0.316  0.121  0.104  0.085        1
 82:     0.248  0.241  0.100  0.129  0.044  0.160  0.078        1
 83:     0.174  0.062  0.127  0.334  0.117  0.111  0.074        1
 84:     0.053  0.150  0.100  0.122  0.007  0.439  0.130        1
 85:     0.141  0.307  0.028  0.002  0.068  0.372  0.081        1
 86:     0.070  0.736  0.010  0.008  0.015  0.116  0.045        1
 87:     0.052  0.588  0.015  0.031  0.007  0.257  0.050        1
 88:     0.051  0.434  0.029  0.038  0.025  0.340  0.084        1
 89:     0.061  0.731  0.020  0.038  0.014  0.084  0.050        1
 90:     0.032  0.581  0.140  0.008  0.013  0.090  0.137        1
 91:     0.057  0.577  0.029  0.028  0.019  0.237  0.053        1
 92:     0.076  0.487  0.046  0.084  0.087  0.156  0.063        1
 93:     0.077  0.423  0.025  0.055  0.010  0.286  0.125        1
 94:     0.122  0.387  0.029  0.024  0.012  0.363  0.064        1
 95:     0.206  0.333  0.011  0.012  0.015  0.358  0.065        1
 96:     0.025  0.783  0.041  0.047  0.041  0.043  0.021        1
 97:     0.111  0.433  0.067  0.035  0.045  0.184  0.125        1
 98:     0.092  0.682  0.047  0.026  0.019  0.090  0.044        1
 99:     0.073  0.468  0.055  0.016  0.029  0.266  0.094        1
100:     0.048  0.788  0.004  0.038  0.045  0.031  0.046        1
101:     0.111  0.514  0.059  0.006  0.038  0.232  0.040        1
102:     0.033  0.142  0.022  0.072  0.008  0.693  0.030        1
103:     0.097  0.568  0.021  0.043  0.056  0.127  0.089        1
104:     0.123  0.385  0.049  0.054  0.089  0.226  0.075        1
105:     0.145  0.402  0.049  0.055  0.043  0.166  0.139        1
106:     0.243  0.414  0.002  0.006  0.001  0.273  0.061        1
107:     0.077  0.592  0.041  0.037  0.027  0.170  0.056        1
108:     0.197  0.225  0.006  0.006  0.029  0.413  0.123        1
109:     0.068  0.450  0.078  0.094  0.054  0.133  0.123        1
110:     0.051  0.676  0.039  0.023  0.012  0.169  0.029        1
111:     0.062  0.179  0.024  0.002  0.041  0.628  0.064        1
112:     0.098  0.701  0.032  0.032  0.019  0.062  0.056        1
113:     0.059  0.472  0.057  0.087  0.001  0.223  0.100        1
114:     0.113  0.486  0.016  0.028  0.026  0.228  0.102        1
115:     0.196  0.105  0.015  0.104  0.040  0.468  0.072        1
116:     0.053  0.440  0.014  0.016  0.019  0.443  0.015        1
117:     0.155  0.588  0.022  0.059  0.025  0.060  0.092        1
118:     0.043  0.563  0.033  0.103  0.038  0.111  0.110        1
119:     0.058  0.222  0.044  0.053  0.046  0.507  0.071        1
120:     0.070  0.306  0.033  0.032  0.025  0.488  0.046        1
121:     0.056  0.583  0.019  0.021  0.050  0.224  0.048        1
122:     0.063  0.748  0.018  0.040  0.029  0.037  0.064        1
123:     0.124  0.321  0.072  0.073  0.030  0.280  0.099        1
124:     0.066  0.517  0.012  0.033  0.025  0.249  0.098        1
125:     0.124  0.571  0.039  0.052  0.028  0.181  0.005        1
126:     0.008  0.467  0.108  0.045  0.010  0.317  0.045        1
127:     0.057  0.598  0.032  0.027  0.047  0.152  0.088        1
128:     0.054  0.448  0.063  0.078  0.047  0.223  0.088        1
129:     0.087  0.439  0.027  0.058  0.048  0.260  0.081        1
130:     0.006  0.624  0.011  0.001  0.058  0.172  0.129        1
131:     0.045  0.700  0.044  0.006  0.086  0.043  0.076        1
132:     0.093  0.374  0.070  0.049  0.090  0.210  0.114        1
133:     0.063  0.481  0.035  0.031  0.068  0.209  0.113        1
134:     0.028  0.569  0.049  0.028  0.037  0.200  0.089        1
135:     0.055  0.344  0.017  0.061  0.071  0.403  0.049        1
136:     0.039  0.430  0.091  0.019  0.022  0.343  0.056        1
137:     0.034  0.193  0.033  0.093  0.048  0.508  0.090        1
138:     0.106  0.330  0.076  0.122  0.058  0.225  0.082        1
139:     0.151  0.609  0.010  0.017  0.021  0.051  0.140        1
140:     0.095  0.601  0.028  0.028  0.053  0.045  0.149        1
141:     0.103  0.403  0.052  0.039  0.060  0.267  0.075        1
142:     0.080  0.344  0.068  0.089  0.065  0.259  0.095        1
143:     0.161  0.478  0.043  0.031  0.028  0.143  0.115        1
144:     0.111  0.629  0.017  0.031  0.006  0.103  0.103        1
145:     0.087  0.288  0.049  0.040  0.125  0.334  0.078        1
146:     0.116  0.604  0.000  0.033  0.093  0.039  0.114        1
147:     0.020  0.556  0.071  0.002  0.101  0.182  0.067        1
148:     0.212  0.238  0.068  0.096  0.127  0.160  0.098        1
149:     0.132  0.174  0.170  0.148  0.148  0.085  0.143        1
150:     0.143  0.190  0.158  0.076  0.164  0.189  0.080        1
151:     0.155  0.074  0.020  0.339  0.212  0.165  0.034        1
152:     0.091  0.082  0.229  0.288  0.169  0.041  0.100        1
153:     0.194  0.099  0.194  0.169  0.140  0.125  0.080        1
154:     0.327  0.137  0.200  0.208  0.024  0.029  0.075        1
155:     0.312  0.109  0.089  0.232  0.184  0.041  0.034        1
156:     0.131  0.110  0.177  0.162  0.147  0.183  0.090        1
157:     0.123  0.035  0.441  0.089  0.059  0.225  0.028        1
158:     0.132  0.190  0.169  0.106  0.141  0.204  0.058        1
159:     0.174  0.063  0.055  0.300  0.205  0.149  0.053        1
160:     0.242  0.083  0.384  0.146  0.069  0.031  0.045        1
161:     0.189  0.177  0.221  0.037  0.173  0.099  0.104        1
162:     0.040  0.089  0.388  0.197  0.108  0.104  0.075        1
163:     0.067  0.127  0.091  0.066  0.428  0.149  0.073        1
164:     0.019  0.214  0.332  0.214  0.093  0.037  0.091        1
165:     0.105  0.392  0.149  0.147  0.062  0.039  0.107        1
166:     0.109  0.041  0.241  0.327  0.079  0.108  0.095        1
167:     0.167  0.107  0.200  0.263  0.045  0.154  0.063        1
168:     0.005  0.098  0.441  0.185  0.146  0.045  0.081        1
169:     0.397  0.121  0.090  0.095  0.069  0.150  0.077        1
170:     0.149  0.123  0.162  0.186  0.175  0.132  0.073        1
171:     0.160  0.106  0.203  0.318  0.099  0.044  0.069        1
172:     0.358  0.075  0.051  0.157  0.121  0.175  0.064        1
173:     0.144  0.073  0.264  0.092  0.174  0.173  0.080        1
174:     0.296  0.111  0.067  0.362  0.076  0.009  0.079        1
175:     0.185  0.103  0.159  0.158  0.168  0.150  0.077       50
176:     0.145  0.114  0.189  0.166  0.190  0.122  0.075       49
177:     0.163  0.111  0.161  0.189  0.167  0.135  0.073       50
178:     0.140  0.115  0.197  0.154  0.191  0.126  0.078       49
179:     0.149  0.128  0.187  0.151  0.179  0.132  0.074       23
180:     0.179  0.098  0.204  0.152  0.173  0.125  0.070       49
181:     0.043  0.035  0.032  0.019  0.026  0.052  0.793       30
182:     0.070  0.045  0.057  0.037  0.038  0.046  0.708       30
183:     0.131  0.134  0.130  0.154  0.162  0.168  0.121       34
184:     0.156  0.115  0.173  0.159  0.196  0.130  0.071       36
185:     0.185  0.107  0.170  0.135  0.199  0.121  0.083       40
186:     0.140  0.137  0.185  0.161  0.186  0.127  0.064       39
187:     0.157  0.110  0.163  0.183  0.184  0.123  0.080       37
188:     0.168  0.107  0.174  0.140  0.204  0.125  0.082       40
189:     0.157  0.123  0.175  0.151  0.180  0.135  0.079       35
190:     0.138  0.129  0.183  0.130  0.187  0.146  0.087       28
191:     0.167  0.109  0.163  0.167  0.171  0.145  0.077       36
192:     0.170  0.110  0.189  0.154  0.175  0.138  0.064       32
--------------------------------------------

 Rep#:   Lambda   Alpha      F1    F2    F3    F4    F5    F6    F7     D1,2  D1,3  D1,4  D1,5  D1,6  D1,7  D2,3  D2,4  D2,5  D2,6  D2,7  D3,4  D3,5  D3,6  D3,7  D4,5  D4,6  D4,7  D5,6  D5,7  D6,7    Ln Like 
  100:    1.00    1.522    0.003 0.035 0.011 0.013 0.015 0.010 0.274    0.009 0.002 0.003 0.003 0.002 0.041 0.012 0.013 0.013 0.008 0.047 0.004 0.004 0.004 0.042 0.005 0.005 0.043 0.005 0.043 0.042   --  
  200:    1.00    1.179    0.003 0.201 0.011 0.182 0.015 0.010 0.220    0.035 0.002 0.032 0.003 0.002 0.031 0.038 0.054 0.038 0.036 0.053 0.035 0.004 0.003 0.033 0.035 0.034 0.051 0.004 0.034 0.032   --  
  300:    1.00    1.025    0.003 0.188 0.011 0.257 0.015 0.010 0.189    0.033 0.002 0.043 0.003 0.002 0.028 0.035 0.060 0.036 0.034 0.049 0.044 0.004 0.003 0.030 0.045 0.044 0.056 0.004 0.030 0.029   --  
  400:    1.00    0.966    0.003 0.181 0.011 0.266 0.015 0.010 0.182    0.031 0.002 0.043 0.003 0.002 0.027 0.033 0.060 0.034 0.033 0.047 0.045 0.004 0.003 0.028 0.046 0.045 0.056 0.004 0.029 0.028   --  
  500:    1.00    0.886    0.003 0.172 0.011 0.270 0.015 0.010 0.170    0.030 0.002 0.043 0.003 0.002 0.026 0.031 0.059 0.032 0.031 0.045 0.045 0.004 0.003 0.027 0.045 0.044 0.056 0.004 0.028 0.027   --  
  600:    1.00    0.843    0.003 0.166 0.011 0.269 0.015 0.010 0.173    0.029 0.002 0.043 0.003 0.002 0.025 0.031 0.059 0.032 0.031 0.045 0.044 0.004 0.003 0.027 0.045 0.044 0.055 0.004 0.027 0.027   --  
  700:    1.00    0.801    0.003 0.166 0.011 0.259 0.015 0.010 0.170    0.029 0.002 0.042 0.003 0.002 0.025 0.031 0.060 0.032 0.030 0.046 0.044 0.004 0.003 0.026 0.045 0.044 0.056 0.004 0.027 0.026   --  
  800:    1.00    0.759    0.003 0.164 0.011 0.265 0.015 0.010 0.167    0.028 0.002 0.042 0.003 0.002 0.025 0.030 0.059 0.031 0.030 0.045 0.043 0.004 0.003 0.026 0.044 0.043 0.056 0.004 0.027 0.025   --  
  900:    1.00    0.744    0.003 0.164 0.011 0.255 0.015 0.010 0.169    0.028 0.002 0.041 0.003 0.002 0.024 0.030 0.058 0.030 0.029 0.044 0.042 0.004 0.003 0.026 0.043 0.042 0.055 0.004 0.026 0.026   --  

--------------------------------------------
Proportion of membership of each pre-defined
 population in each of the 7 clusters

Given    Inferred Clusters                                   Number of
 Pop       1      2      3      4      5      6      7      Individuals

  1:     0.219  0.054  0.204  0.079  0.202  0.172  0.070       54
  2:     0.180  0.055  0.202  0.084  0.226  0.192  0.062       30
  3:     0.061  0.062  0.040  0.062  0.021  0.059  0.694       30
  4:     0.027  0.086  0.019  0.032  0.015  0.011  0.811       20
  5:     0.030  0.083  0.025  0.033  0.037  0.040  0.752       30
  6:     0.211  0.058  0.203  0.071  0.214  0.183  0.061       43
  7:     0.199  0.049  0.182  0.071  0.269  0.169  0.061       44
  8:     0.217  0.058  0.213  0.087  0.270  0.131  0.024        4
  9:     0.179  0.046  0.212  0.084  0.237  0.219  0.023       22
 10:     0.226  0.054  0.149  0.080  0.247  0.216  0.028       24
 11:     0.221  0.055  0.217  0.070  0.215  0.159  0.061       54
 12:     0.213  0.049  0.241  0.077  0.182  0.184  0.054       37
 13:     0.207  0.053  0.200  0.076  0.204  0.186  0.074       42
 14:     0.215  0.050  0.215  0.079  0.193  0.186  0.063       42
 15:     0.230  0.054  0.246  0.078  0.182  0.145  0.065       49
 16:     0.223  0.056  0.202  0.076  0.200  0.175  0.067      124
 17:     0.234  0.060  0.219  0.077  0.210  0.144  0.055       24
 18:     0.176  0.055  0.252  0.084  0.207  0.176  0.050       34
 19:     0.201  0.051  0.211  0.078  0.215  0.178  0.066       52
 20:     0.478  0.050  0.003  0.087  0.249  0.102  0.031        1
 21:     0.358  0.125  0.053  0.079  0.180  0.186  0.019        1
 22:     0.209  0.037  0.285  0.100  0.000  0.285  0.084        1
 23:     0.215  0.115  0.254  0.088  0.075  0.149  0.104        1
 24:     0.066  0.062  0.276  0.075  0.060  0.400  0.061        1
 25:     0.037  0.100  0.044  0.053  0.491  0.159  0.116        1
 26:     0.386  0.078  0.080  0.096  0.134  0.175  0.051        1
 27:     0.253  0.096  0.162  0.099  0.265  0.033  0.091        1
 28:     0.147  0.062  0.242  0.108  0.162  0.251  0.028        1
 29:     0.056  0.062  0.365  0.105  0.002  0.399  0.010        1
 30:     0.264  0.093  0.208  0.064  0.248  0.031  0.091        1
 31:     0.305  0.050  0.208  0.097  0.014  0.133  0.193        1
 32:     0.109  0.062  0.233  0.094  0.442  0.015  0.044        1
 33:     0.069  0.048  0.198  0.122  0.262  0.188  0.112        1
 34:     0.255  0.086  0.164  0.061  0.391  0.017  0.026        1
 35:     0.090  0.082  0.184  0.063  0.482  0.059  0.040        1
 36:     0.157  0.084  0.339  0.115  0.044  0.196  0.065        1
 37:     0.284  0.080  0.098  0.054  0.300  0.144  0.039        1
 38:     0.043  0.168  0.010  0.103  0.368  0.269  0.040        1
 39:     0.007  0.085  0.256  0.119  0.376  0.122  0.035        1
 40:     0.355  0.083  0.039  0.107  0.349  0.003  0.064        1
 41:     0.014  0.069  0.368  0.077  0.090  0.351  0.032        1
 42:     0.126  0.100  0.191  0.099  0.317  0.122  0.044        1
 43:     0.011  0.075  0.248  0.096  0.337  0.140  0.093        1
 44:     0.364  0.058  0.187  0.076  0.120  0.090  0.104        1
 45:     0.128  0.082  0.085  0.121  0.236  0.336  0.012        1
 46:     0.171  0.125  0.372  0.061  0.192  0.013  0.066        1
 47:     0.007  0.066  0.001  0.069  0.792  0.052  0.014        1
 48:     0.053  0.034  0.004  0.081  0.786  0.006  0.037        1
 49:     0.319  0.040  0.229  0.080  0.103  0.211  0.019        1
 50:     0.007  0.091  0.000  0.072  0.314  0.183  0.332        1
 51:     0.270  0.068  0.005  0.081  0.200  0.132  0.244        1
 52:     0.121  0.134  0.336  0.099  0.147  0.070  0.092        1
 53:     0.039  0.053  0.126  0.096  0.231  0.397  0.058        1
 54:     0.005  0.004  0.000  0.984  0.003  0.003  0.001        1
 55:     0.000  0.001  0.000  0.995  0.002  0.000  0.001        1
 56:     0.061  0.045  0.006  0.828  0.007  0.050  0.003        1
 57:     0.012  0.000  0.017  0.966  0.003  0.000  0.000        1
 58:     0.006  0.004  0.019  0.918  0.038  0.010  0.005        1
 59:     0.017  0.013  0.023  0.873  0.013  0.005  0.057        1
 60:     0.005  0.001  0.001  0.986  0.001  0.000  0.005        1
 61:     0.001  0.005  0.000  0.994  0.000  0.000  0.000        1
 62:     0.120  0.051  0.058  0.013  0.168  0.185  0.405        1
 63:     0.030  0.013  0.001  0.944  0.002  0.002  0.009        1
 64:     0.001  0.000  0.000  0.998  0.000  0.000  0.000        1
 65:     0.000  0.000  0.001  0.994  0.000  0.002  0.002        1
 66:     0.000  0.029  0.002  0.947  0.009  0.002  0.009        1
 67:     0.151  0.077  0.004  0.599  0.067  0.023  0.079        1
 68:     0.011  0.019  0.000  0.930  0.018  0.000  0.021        1
 69:     0.002  0.004  0.006  0.983  0.000  0.003  0.002        1
 70:     0.022  0.015  0.081  0.810  0.041  0.001  0.030        1
 71:     0.002  0.000  0.001  0.994  0.001  0.000  0.001        1
 72:     0.001  0.000  0.001  0.996  0.001  0.001  0.000        1
 73:     0.000  0.001  0.000  0.998  0.000  0.000  0.001        1
 74:     0.021  0.012  0.148  0.772  0.002  0.010  0.035        1
 75:     0.000  0.000  0.000  0.998  0.001  0.000  0.000        1
 76:     0.055  0.137  0.010  0.001  0.084  0.168  0.545        1
 77:     0.000  0.002  0.000  0.995  0.000  0.002  0.000        1
 78:     0.009  0.005  0.058  0.852  0.015  0.003  0.058        1
 79:     0.000  0.002  0.001  0.996  0.000  0.001  0.000        1
 80:     0.005  0.006  0.000  0.981  0.007  0.002  0.000        1
 81:     0.001  0.002  0.000  0.992  0.001  0.000  0.004        1
 82:     0.029  0.167  0.064  0.542  0.070  0.072  0.055        1
 83:     0.002  0.001  0.000  0.992  0.005  0.000  0.000        1
 84:     0.006  0.907  0.000  0.009  0.000  0.029  0.049        1
 85:     0.023  0.910  0.002  0.007  0.009  0.018  0.031        1
 86:     0.030  0.804  0.019  0.051  0.025  0.070  0.000        1
 87:     0.003  0.985  0.001  0.003  0.000  0.007  0.001        1
 88:     0.018  0.961  0.002  0.009  0.001  0.009  0.000        1
 89:     0.024  0.941  0.003  0.001  0.001  0.027  0.003        1
 90:     0.009  0.986  0.001  0.001  0.001  0.002  0.000        1
 91:     0.008  0.935  0.002  0.023  0.014  0.000  0.017        1
 92:     0.014  0.828  0.072  0.004  0.008  0.056  0.019        1
 93:     0.000  0.918  0.003  0.005  0.003  0.003  0.067        1
 94:     0.044  0.854  0.027  0.016  0.028  0.016  0.015        1
 95:     0.004  0.881  0.012  0.007  0.007  0.051  0.038        1
 96:     0.001  0.983  0.008  0.003  0.001  0.002  0.002        1
 97:     0.001  0.936  0.001  0.023  0.001  0.001  0.037        1
 98:     0.001  0.953  0.000  0.018  0.008  0.020  0.000        1
 99:     0.000  0.997  0.000  0.000  0.001  0.001  0.001        1
100:     0.001  0.989  0.001  0.003  0.000  0.000  0.005        1
101:     0.008  0.747  0.058  0.030  0.051  0.080  0.026        1
102:     0.024  0.807  0.010  0.046  0.001  0.112  0.001        1
103:     0.001  0.976  0.001  0.004  0.004  0.010  0.005        1
104:     0.010  0.929  0.011  0.008  0.005  0.030  0.006        1
105:     0.001  0.904  0.002  0.034  0.002  0.020  0.037        1
106:     0.096  0.809  0.009  0.015  0.017  0.053  0.000        1
107:     0.002  0.967  0.000  0.000  0.012  0.003  0.016        1
108:     0.065  0.855  0.025  0.002  0.031  0.000  0.022        1
109:     0.066  0.733  0.001  0.048  0.000  0.058  0.095        1
110:     0.086  0.778  0.001  0.026  0.019  0.084  0.006        1
111:     0.005  0.957  0.008  0.000  0.000  0.003  0.027        1
112:     0.002  0.981  0.003  0.007  0.007  0.000  0.000        1
113:     0.004  0.943  0.000  0.000  0.018  0.002  0.033        1
114:     0.016  0.959  0.004  0.005  0.009  0.000  0.007        1
115:     0.012  0.917  0.009  0.008  0.030  0.019  0.004        1
116:     0.016  0.969  0.000  0.006  0.000  0.007  0.002        1
117:     0.005  0.923  0.025  0.009  0.004  0.007  0.027        1
118:     0.001  0.931  0.003  0.020  0.008  0.005  0.032        1
119:     0.011  0.858  0.008  0.004  0.012  0.105  0.002        1
120:     0.016  0.882  0.037  0.006  0.029  0.020  0.009        1
121:     0.000  0.950  0.000  0.014  0.003  0.005  0.028        1
122:     0.015  0.911  0.049  0.006  0.001  0.012  0.007        1
123:     0.001  0.981  0.001  0.007  0.006  0.004  0.001        1
124:     0.009  0.824  0.011  0.049  0.017  0.003  0.087        1
125:     0.019  0.960  0.001  0.007  0.001  0.008  0.005        1
126:     0.008  0.875  0.000  0.035  0.003  0.072  0.006        1
127:     0.004  0.905  0.011  0.006  0.035  0.005  0.035        1
128:     0.027  0.931  0.001  0.022  0.002  0.003  0.013        1
129:     0.001  0.993  0.001  0.001  0.000  0.001  0.004        1
130:     0.011  0.903  0.007  0.034  0.000  0.013  0.032        1
131:     0.002  0.980  0.006  0.002  0.001  0.004  0.004        1
132:     0.015  0.831  0.025  0.011  0.007  0.042  0.070        1
133:     0.007  0.858  0.000  0.012  0.015  0.009  0.099        1
134:     0.043  0.829  0.037  0.012  0.013  0.041  0.026        1
135:     0.025  0.793  0.000  0.009  0.031  0.110  0.033        1
136:     0.005  0.984  0.006  0.002  0.000  0.003  0.001        1
137:     0.001  0.955  0.029  0.012  0.001  0.000  0.003        1
138:     0.004  0.951  0.002  0.040  0.000  0.002  0.000        1
139:     0.004  0.884  0.001  0.005  0.006  0.002  0.100        1
140:     0.003  0.911  0.002  0.021  0.000  0.003  0.061        1
141:     0.001  0.988  0.002  0.002  0.000  0.006  0.001        1
142:     0.028  0.818  0.000  0.006  0.033  0.082  0.032        1
143:     0.009  0.920  0.001  0.007  0.000  0.014  0.049        1
144:     0.002  0.932  0.024  0.006  0.004  0.009  0.024        1
145:     0.007  0.981  0.005  0.002  0.000  0.005  0.000        1
146:     0.010  0.900  0.027  0.017  0.002  0.005  0.038        1
147:     0.014  0.950  0.001  0.003  0.000  0.012  0.021        1
148:     0.366  0.141  0.024  0.074  0.022  0.238  0.135        1
149:     0.201  0.127  0.146  0.052  0.234  0.065  0.175        1
150:     0.185  0.087  0.111  0.076  0.327  0.192  0.022        1
151:     0.406  0.031  0.205  0.100  0.155  0.098  0.006        1
152:     0.366  0.061  0.039  0.062  0.263  0.114  0.096        1
153:     0.278  0.057  0.078  0.066  0.351  0.124  0.046        1
154:     0.514  0.050  0.130  0.085  0.053  0.097  0.071        1
155:     0.300  0.113  0.180  0.049  0.180  0.159  0.020        1
156:     0.222  0.042  0.307  0.095  0.137  0.084  0.112        1
157:     0.140  0.052  0.260  0.094  0.374  0.016  0.064        1
158:     0.287  0.131  0.263  0.060  0.098  0.138  0.023        1
159:     0.178  0.050  0.203  0.064  0.344  0.129  0.032        1
160:     0.367  0.016  0.380  0.080  0.096  0.001  0.060        1
161:     0.346  0.110  0.281  0.077  0.071  0.013  0.101        1
162:     0.125  0.067  0.403  0.113  0.156  0.123  0.012        1
163:     0.177  0.066  0.181  0.116  0.325  0.104  0.031        1
164:     0.080  0.066  0.466  0.083  0.168  0.070  0.067        1
165:     0.247  0.119  0.077  0.095  0.174  0.190  0.099        1
166:     0.066  0.034  0.378  0.094  0.304  0.056  0.068        1
167:     0.337  0.029  0.231  0.079  0.096  0.119  0.109        1
168:     0.572  0.027  0.217  0.066  0.000  0.106  0.011        1
169:     0.284  0.091  0.177  0.060  0.162  0.179  0.047        1
170:     0.174  0.078  0.300  0.081  0.192  0.147  0.028        1
171:     0.378  0.065  0.221  0.040  0.217  0.048  0.031        1
172:     0.517  0.076  0.029  0.093  0.126  0.078  0.080        1
173:     0.005  0.043  0.484  0.097  0.227  0.067  0.077        1
174:     0.414  0.091  0.161  0.080  0.104  0.106  0.043        1
175:     0.185  0.050  0.201  0.076  0.210  0.212  0.067       50
176:     0.202  0.049  0.221  0.076  0.217  0.179  0.057       49
177:     0.207  0.051  0.194  0.073  0.224  0.191  0.060       50
178:     0.174  0.052  0.223  0.076  0.238  0.171  0.067       49
179:     0.154  0.056  0.229  0.073  0.212  0.207  0.067       23
180:     0.184  0.052  0.257  0.077  0.212  0.159  0.059       49
181:     0.003  0.002  0.003  0.006  0.003  0.003  0.980       30
182:     0.011  0.007  0.011  0.014  0.005  0.004  0.948       30
183:     0.148  0.064  0.094  0.067  0.189  0.322  0.116       34
184:     0.167  0.041  0.195  0.077  0.278  0.179  0.063       36
185:     0.238  0.055  0.194  0.076  0.232  0.140  0.065       40
186:     0.172  0.050  0.231  0.079  0.274  0.145  0.048       39
187:     0.150  0.053  0.212  0.077  0.259  0.183  0.067       37
188:     0.222  0.057  0.187  0.077  0.240  0.148  0.069       40
189:     0.201  0.050  0.168  0.076  0.247  0.185  0.073       35
190:     0.176  0.049  0.225  0.078  0.232  0.162  0.077       28
191:     0.172  0.050  0.211  0.075  0.243  0.184  0.065       36
192:     0.223  0.047  0.166  0.079  0.250  0.170  0.064       32
--------------------------------------------

 Rep#:   Lambda   Alpha      F1    F2    F3    F4    F5    F6    F7     D1,2  D1,3  D1,4  D1,5  D1,6  D1,7  D2,3  D2,4  D2,5  D2,6  D2,7  D3,4  D3,5  D3,6  D3,7  D4,5  D4,6  D4,7  D5,6  D5,7  D6,7    Ln Like 
 1000:    1.00    0.708    0.003 0.161 0.010 0.255 0.015 0.010 0.169    0.028 0.002 0.040 0.003 0.002 0.024 0.029 0.058 0.030 0.029 0.044 0.042 0.004 0.003 0.026 0.043 0.042 0.055 0.004 0.026 0.026   --  
 1100:    1.00    0.684    0.003 0.159 0.010 0.256 0.015 0.010 0.169    0.028 0.002 0.040 0.003 0.002 0.024 0.029 0.058 0.030 0.029 0.044 0.042 0.004 0.003 0.025 0.043 0.041 0.055 0.004 0.026 0.025   --  
 1200:    1.00    0.677    0.003 0.159 0.010 0.251 0.015 0.010 0.166    0.027 0.002 0.040 0.003 0.002 0.024 0.029 0.058 0.030 0.029 0.044 0.041 0.004 0.003 0.025 0.043 0.041 0.055 0.004 0.026 0.025   --  
 1300:    1.00    0.627    0.003 0.159 0.010 0.255 0.015 0.010 0.159    0.027 0.002 0.040 0.003 0.002 0.024 0.028 0.059 0.029 0.028 0.044 0.041 0.004 0.003 0.025 0.042 0.041 0.055 0.004 0.026 0.024   --  
 1400:    1.00    0.620    0.003 0.156 0.010 0.257 0.015 0.010 0.162    0.027 0.002 0.040 0.003 0.002 0.024 0.028 0.059 0.029 0.028 0.044 0.042 0.004 0.003 0.025 0.043 0.041 0.056 0.004 0.026 0.025   --  
 1500:    1.00    0.589    0.003 0.158 0.010 0.254 0.015 0.009 0.162    0.027 0.002 0.040 0.003 0.002 0.023 0.028 0.058 0.030 0.028 0.044 0.041 0.004 0.003 0.024 0.042 0.041 0.055 0.004 0.026 0.024   --  
 1600:    1.00    0.561    0.003 0.158 0.010 0.251 0.015 0.009 0.164    0.027 0.002 0.040 0.003 0.002 0.023 0.028 0.059 0.029 0.028 0.044 0.041 0.004 0.003 0.025 0.042 0.040 0.055 0.004 0.026 0.025   --  
 1700:    1.00    0.565    0.003 0.156 0.010 0.251 0.015 0.009 0.163    0.027 0.002 0.039 0.003 0.002 0.023 0.028 0.059 0.029 0.028 0.044 0.041 0.004 0.003 0.024 0.041 0.040 0.055 0.004 0.025 0.024   --  
 1800:    1.00    0.546    0.003 0.156 0.010 0.249 0.015 0.009 0.157    0.027 0.002 0.039 0.003 0.002 0.023 0.028 0.058 0.029 0.027 0.044 0.040 0.004 0.003 0.024 0.041 0.040 0.055 0.004 0.025 0.024   --  
 1900:    1.00    0.521    0.003 0.154 0.010 0.251 0.015 0.009 0.159    0.027 0.002 0.039 0.003 0.002 0.023 0.028 0.059 0.029 0.028 0.044 0.040 0.004 0.003 0.024 0.041 0.040 0.055 0.004 0.025 0.024   --  

--------------------------------------------
Proportion of membership of each pre-defined
 population in each of the 7 clusters

Given    Inferred Clusters                                   Number of
 Pop       1      2      3      4      5      6      7      Individuals

  1:     0.244  0.037  0.233  0.042  0.183  0.203  0.057       54
  2:     0.198  0.034  0.226  0.045  0.250  0.185  0.061       30
  3:     0.062  0.052  0.044  0.050  0.019  0.068  0.704       30
  4:     0.016  0.078  0.013  0.025  0.033  0.013  0.823       20
  5:     0.026  0.085  0.025  0.021  0.025  0.051  0.767       30
  6:     0.251  0.034  0.228  0.041  0.201  0.195  0.050       43
  7:     0.213  0.032  0.219  0.039  0.266  0.183  0.048       44
  8:     0.241  0.031  0.184  0.044  0.220  0.260  0.020        4
  9:     0.223  0.028  0.230  0.040  0.220  0.245  0.014       22
 10:     0.262  0.032  0.152  0.047  0.208  0.290  0.009       24
 11:     0.251  0.034  0.239  0.039  0.242  0.152  0.043       54
 12:     0.251  0.032  0.256  0.046  0.203  0.171  0.041       37
 13:     0.229  0.035  0.239  0.042  0.219  0.181  0.056       42
 14:     0.273  0.032  0.228  0.043  0.171  0.204  0.049       42
 15:     0.254  0.035  0.271  0.044  0.183  0.160  0.052       49
 16:     0.247  0.036  0.235  0.044  0.203  0.177  0.057      124
 17:     0.222  0.036  0.261  0.047  0.204  0.182  0.048       24
 18:     0.225  0.036  0.270  0.050  0.228  0.151  0.040       34
 19:     0.181  0.035  0.247  0.043  0.250  0.195  0.049       52
 20:     0.391  0.062  0.014  0.043  0.445  0.014  0.033        1
 21:     0.378  0.110  0.076  0.096  0.236  0.092  0.011        1
 22:     0.187  0.028  0.290  0.044  0.030  0.398  0.024        1
 23:     0.154  0.089  0.209  0.070  0.297  0.104  0.078        1
 24:     0.029  0.053  0.566  0.083  0.043  0.214  0.011        1
 25:     0.004  0.049  0.433  0.003  0.302  0.084  0.125        1
 26:     0.481  0.050  0.043  0.047  0.210  0.134  0.034        1
 27:     0.401  0.025  0.207  0.040  0.275  0.001  0.051        1
 28:     0.121  0.058  0.295  0.068  0.212  0.239  0.007        1
 29:     0.036  0.077  0.269  0.049  0.001  0.566  0.002        1
 30:     0.339  0.044  0.113  0.050  0.293  0.052  0.109        1
 31:     0.182  0.017  0.337  0.043  0.074  0.155  0.192        1
 32:     0.049  0.051  0.314  0.028  0.533  0.002  0.023        1
 33:     0.247  0.027  0.078  0.058  0.159  0.327  0.105        1
 34:     0.129  0.049  0.295  0.062  0.400  0.050  0.015        1
 35:     0.126  0.022  0.229  0.050  0.520  0.018  0.034        1
 36:     0.127  0.073  0.330  0.042  0.189  0.201  0.039        1
 37:     0.428  0.074  0.099  0.028  0.167  0.204  0.002        1
 38:     0.223  0.115  0.033  0.041  0.264  0.222  0.103        1
 39:     0.005  0.037  0.398  0.082  0.219  0.253  0.005        1
 40:     0.441  0.085  0.120  0.054  0.109  0.121  0.070        1
 41:     0.001  0.060  0.126  0.040  0.205  0.549  0.020        1
 42:     0.045  0.024  0.115  0.085  0.289  0.382  0.059        1
 43:     0.000  0.039  0.143  0.013  0.750  0.019  0.037        1
 44:     0.301  0.012  0.312  0.067  0.096  0.104  0.109        1
 45:     0.000  0.042  0.112  0.102  0.155  0.572  0.017        1
 46:     0.131  0.131  0.391  0.028  0.291  0.002  0.025        1
 47:     0.030  0.025  0.018  0.017  0.898  0.002  0.009        1
 48:     0.004  0.055  0.012  0.008  0.884  0.007  0.030        1
 49:     0.225  0.079  0.462  0.054  0.070  0.105  0.005        1
 50:     0.025  0.040  0.030  0.027  0.417  0.116  0.345        1
 51:     0.292  0.066  0.012  0.069  0.065  0.291  0.204        1
 52:     0.154  0.056  0.504  0.081  0.023  0.113  0.069        1
 53:     0.006  0.077  0.176  0.043  0.320  0.282  0.096        1
 54:     0.000  0.001  0.004  0.982  0.001  0.005  0.007        1
 55:     0.001  0.000  0.008  0.989  0.000  0.001  0.001        1
 56:     0.004  0.026  0.063  0.819  0.041  0.043  0.004        1
 57:     0.003  0.002  0.006  0.949  0.019  0.019  0.003        1
 58:     0.015  0.026  0.000  0.899  0.056  0.003  0.002        1
 59:     0.011  0.001  0.080  0.876  0.000  0.013  0.019        1
 60:     0.004  0.001  0.006  0.985  0.000  0.003  0.000        1
 61:     0.000  0.000  0.000  0.997  0.000  0.000  0.001        1
 62:     0.008  0.020  0.003  0.016  0.541  0.023  0.390        1
 63:     0.013  0.022  0.004  0.938  0.014  0.000  0.008        1
 64:     0.001  0.000  0.002  0.996  0.001  0.000  0.000        1
 65:     0.000  0.001  0.000  0.996  0.001  0.002  0.000        1
 66:     0.021  0.009  0.015  0.931  0.005  0.007  0.012        1
 67:     0.051  0.102  0.024  0.567  0.120  0.105  0.031        1
 68:     0.004  0.001  0.019  0.919  0.007  0.027  0.023        1
 69:     0.000  0.000  0.001  0.992  0.000  0.003  0.003        1
 70:     0.017  0.032  0.064  0.769  0.016  0.053  0.049        1
 71:     0.000  0.000  0.000  0.995  0.000  0.004  0.000        1
 72:     0.001  0.001  0.000  0.991  0.001  0.005  0.001        1
 73:     0.003  0.000  0.000  0.995  0.000  0.001  0.000        1
 74:     0.046  0.002  0.128  0.794  0.001  0.008  0.022        1
 75:     0.000  0.000  0.000  0.999  0.000  0.000  0.000        1
 76:     0.000  0.107  0.000  0.006  0.353  0.005  0.528        1
 77:     0.001  0.000  0.001  0.997  0.001  0.000  0.000        1
 78:     0.016  0.005  0.028  0.800  0.036  0.052  0.063        1
 79:     0.000  0.000  0.001  0.998  0.001  0.000  0.000        1
 80:     0.003  0.001  0.000  0.978  0.001  0.004  0.014        1
 81:     0.001  0.000  0.001  0.997  0.000  0.002  0.000        1
 82:     0.001  0.145  0.133  0.474  0.029  0.180  0.038        1
 83:     0.000  0.000  0.000  0.997  0.000  0.002  0.000        1
 84:     0.008  0.931  0.007  0.001  0.008  0.033  0.012        1
 85:     0.001  0.957  0.010  0.005  0.000  0.000  0.028        1
 86:     0.009  0.878  0.000  0.051  0.004  0.058  0.000        1
 87:     0.004  0.970  0.010  0.001  0.001  0.004  0.011        1
 88:     0.012  0.981  0.003  0.002  0.000  0.001  0.000        1
 89:     0.008  0.949  0.011  0.000  0.018  0.003  0.011        1
 90:     0.002  0.965  0.001  0.020  0.000  0.001  0.011        1
 91:     0.008  0.971  0.014  0.000  0.001  0.005  0.001        1
 92:     0.020  0.816  0.066  0.000  0.006  0.091  0.000        1
 93:     0.000  0.915  0.000  0.001  0.002  0.000  0.082        1
 94:     0.003  0.894  0.004  0.010  0.004  0.074  0.011        1
 95:     0.009  0.865  0.020  0.011  0.030  0.065  0.000        1
 96:     0.000  0.998  0.000  0.000  0.000  0.001  0.001        1
 97:     0.001  0.948  0.002  0.012  0.020  0.001  0.016        1
 98:     0.001  0.954  0.005  0.030  0.002  0.000  0.008        1
 99:     0.001  0.988  0.010  0.001  0.000  0.000  0.000        1
100:     0.000  0.988  0.007  0.001  0.001  0.001  0.003        1
101:     0.069  0.725  0.009  0.015  0.045  0.103  0.033        1
102:     0.005  0.760  0.017  0.019  0.103  0.078  0.018        1
103:     0.000  0.983  0.000  0.001  0.002  0.012  0.002        1
104:     0.034  0.951  0.011  0.003  0.000  0.000  0.000        1
105:     0.009  0.897  0.002  0.031  0.014  0.002  0.045        1
106:     0.117  0.772  0.016  0.016  0.042  0.036  0.000        1
107:     0.000  0.943  0.009  0.000  0.001  0.012  0.034        1
108:     0.087  0.838  0.028  0.000  0.000  0.029  0.018        1
109:     0.148  0.731  0.016  0.020  0.001  0.014  0.070        1
110:     0.026  0.759  0.001  0.038  0.027  0.142  0.007        1
111:     0.014  0.958  0.004  0.001  0.000  0.003  0.020        1
112:     0.006  0.990  0.002  0.000  0.000  0.001  0.001        1
113:     0.019  0.947  0.005  0.015  0.000  0.001  0.013        1
114:     0.006  0.980  0.007  0.005  0.000  0.001  0.000        1
115:     0.017  0.896  0.016  0.014  0.005  0.051  0.001        1
116:     0.006  0.976  0.008  0.001  0.001  0.000  0.009        1
117:     0.010  0.908  0.007  0.002  0.004  0.004  0.065        1
118:     0.004  0.941  0.008  0.034  0.001  0.009  0.003        1
