

----------------------------------------------------
STRUCTURE by Pritchard, Stephens and Donnelly (2000)
     and Falush, Stephens and Pritchard (2003)
       Code by Pritchard, Falush and Hubisz
             Version 2.3.4 (Jul 2012)
----------------------------------------------------


Reading file "/workdir/yc2644/CV_CT_array/structure/threader_input/mainparams".
Reading file "/workdir/yc2644/CV_CT_array/structure/threader_input/extraparams".
Reading file "/workdir/yc2644/CV_CT_array/structure/threader_input/n1601.recode.strct_in".


Data file "/workdir/yc2644/CV_CT_array/structure/threader_input/n1601.recode.strct_in" (truncated) --

Ind:   Label Pop : Genotype_data . . . .
  1:  001s    1  :  2   1   2   2   2   1   2  . . . .   2
  1:  001s    1  :  2   2   2   2   2   2   2  . . . .   2
  2:  002s    1  :  2   2   2   2   1   1   2  . . . .   2
  2:  002s    1  :  2   2   2   2   2   2   2  . . . .   2
  3:  003s    1  :  1   2   1   2   2   2   2  . . . .   1
  3:  003s    1  :  2   2   1   2   2   2   2  . . . .   2
  4:  004s    1  :  1   1   2   2   1   2   2  . . . .   1
  4:  004s    1  :  2   1   2   2   2   2   2  . . . .   2

      *******   

1600:    49  192  :  2   2   2   2   2   1   2  . . . .   1
1600:    49  192  :  2   2   2   2   2   2   2  . . . .   2
1601:    50  192  :  2   1   2   2   1   2   2  . . . .   1
1601:    50  192  :  2   2   2   2   2   2   2  . . . .   2

Number of alleles per locus: min= 2; ave=2.0; max= 2


--------------------------------------

Finished initialization; starting MCMC 
100000 iterations + 10000 burnin


--------------------------------------------
Proportion of membership of each pre-defined
 population in each of the 7 clusters

Given    Inferred Clusters                                   Number of
 Pop       1      2      3      4      5      6      7      Individuals

  1:     0.135  0.198  0.121  0.150  0.081  0.162  0.153       54
  2:     0.152  0.148  0.116  0.196  0.081  0.161  0.147       30
  3:     0.061  0.063  0.068  0.078  0.526  0.124  0.080       30
  4:     0.059  0.041  0.044  0.046  0.632  0.111  0.067       20
  5:     0.046  0.049  0.059  0.074  0.592  0.111  0.069       30
  6:     0.160  0.167  0.111  0.177  0.074  0.140  0.171       43
  7:     0.156  0.203  0.107  0.175  0.069  0.155  0.135       44
  8:     0.187  0.083  0.119  0.220  0.057  0.166  0.169        4
  9:     0.113  0.213  0.131  0.117  0.050  0.160  0.217       22
 10:     0.199  0.187  0.127  0.172  0.057  0.126  0.132       24
 11:     0.153  0.168  0.114  0.173  0.067  0.162  0.163       54
 12:     0.127  0.190  0.145  0.149  0.064  0.154  0.172       37
 13:     0.157  0.175  0.105  0.163  0.082  0.159  0.160       42
 14:     0.120  0.177  0.120  0.150  0.071  0.176  0.186       42
 15:     0.148  0.170  0.109  0.173  0.077  0.167  0.156       49
 16:     0.141  0.192  0.116  0.160  0.078  0.161  0.152      124
 17:     0.118  0.176  0.131  0.190  0.075  0.166  0.144       24
 18:     0.158  0.166  0.119  0.178  0.061  0.172  0.146       34
 19:     0.124  0.196  0.116  0.163  0.071  0.160  0.169       52
 20:     0.082  0.176  0.153  0.178  0.080  0.184  0.146        1
 21:     0.086  0.275  0.180  0.293  0.085  0.053  0.027        1
 22:     0.026  0.090  0.163  0.233  0.064  0.330  0.093        1
 23:     0.281  0.060  0.144  0.246  0.106  0.090  0.073        1
 24:     0.058  0.192  0.147  0.224  0.035  0.202  0.143        1
 25:     0.118  0.144  0.158  0.155  0.119  0.162  0.144        1
 26:     0.190  0.065  0.112  0.120  0.068  0.216  0.229        1
 27:     0.101  0.212  0.181  0.139  0.118  0.117  0.132        1
 28:     0.135  0.146  0.169  0.108  0.071  0.165  0.204        1
 29:     0.217  0.106  0.063  0.152  0.035  0.034  0.393        1
 30:     0.114  0.146  0.139  0.258  0.143  0.078  0.121        1
 31:     0.089  0.209  0.138  0.138  0.218  0.011  0.197        1
 32:     0.148  0.238  0.156  0.112  0.039  0.200  0.107        1
 33:     0.273  0.197  0.024  0.159  0.091  0.187  0.069        1
 34:     0.111  0.337  0.102  0.130  0.027  0.191  0.102        1
 35:     0.365  0.094  0.034  0.058  0.038  0.257  0.154        1
 36:     0.132  0.233  0.061  0.188  0.056  0.292  0.038        1
 37:     0.174  0.032  0.152  0.201  0.039  0.124  0.277        1
 38:     0.135  0.119  0.197  0.090  0.111  0.164  0.184        1
 39:     0.159  0.018  0.078  0.446  0.009  0.190  0.099        1
 40:     0.146  0.387  0.105  0.098  0.065  0.014  0.186        1
 41:     0.358  0.088  0.184  0.175  0.026  0.154  0.016        1
 42:     0.147  0.127  0.168  0.181  0.057  0.212  0.108        1
 43:     0.003  0.181  0.180  0.499  0.013  0.034  0.089        1
 44:     0.195  0.067  0.060  0.094  0.139  0.133  0.312        1
 45:     0.146  0.240  0.124  0.150  0.068  0.152  0.120        1
 46:     0.056  0.057  0.180  0.147  0.087  0.173  0.299        1
 47:     0.232  0.253  0.053  0.200  0.021  0.231  0.010        1
 48:     0.157  0.154  0.091  0.129  0.068  0.175  0.225        1
 49:     0.046  0.053  0.173  0.470  0.039  0.031  0.188        1
 50:     0.111  0.072  0.090  0.066  0.256  0.380  0.026        1
 51:     0.090  0.067  0.226  0.135  0.193  0.150  0.140        1
 52:     0.164  0.101  0.141  0.250  0.087  0.027  0.230        1
 53:     0.144  0.028  0.228  0.020  0.087  0.228  0.264        1
 54:     0.169  0.083  0.066  0.022  0.149  0.086  0.425        1
 55:     0.313  0.022  0.059  0.161  0.190  0.056  0.199        1
 56:     0.213  0.020  0.133  0.059  0.146  0.014  0.415        1
 57:     0.063  0.129  0.072  0.122  0.103  0.082  0.430        1
 58:     0.063  0.073  0.065  0.009  0.081  0.043  0.666        1
 59:     0.185  0.188  0.061  0.073  0.160  0.092  0.241        1
 60:     0.150  0.067  0.114  0.037  0.036  0.157  0.439        1
 61:     0.138  0.114  0.078  0.118  0.155  0.111  0.285        1
 62:     0.083  0.110  0.055  0.036  0.307  0.394  0.015        1
 63:     0.021  0.169  0.129  0.018  0.098  0.060  0.505        1
 64:     0.156  0.092  0.039  0.072  0.156  0.076  0.409        1
 65:     0.175  0.165  0.080  0.108  0.136  0.115  0.221        1
 66:     0.074  0.062  0.055  0.090  0.151  0.139  0.429        1
 67:     0.122  0.168  0.159  0.122  0.115  0.114  0.199        1
 68:     0.212  0.170  0.129  0.134  0.112  0.099  0.145        1
 69:     0.222  0.076  0.122  0.138  0.141  0.103  0.197        1
 70:     0.019  0.150  0.170  0.129  0.143  0.037  0.353        1
 71:     0.134  0.094  0.054  0.032  0.139  0.046  0.502        1
 72:     0.166  0.112  0.093  0.037  0.114  0.075  0.403        1
 73:     0.124  0.045  0.039  0.210  0.145  0.076  0.362        1
 74:     0.347  0.146  0.058  0.062  0.096  0.049  0.242        1
 75:     0.126  0.127  0.042  0.009  0.143  0.066  0.486        1
 76:     0.060  0.040  0.054  0.047  0.408  0.244  0.146        1
 77:     0.143  0.067  0.138  0.011  0.165  0.043  0.434        1
 78:     0.311  0.230  0.049  0.033  0.134  0.047  0.196        1
 79:     0.044  0.160  0.102  0.189  0.124  0.044  0.338        1
 80:     0.147  0.237  0.042  0.076  0.170  0.040  0.287        1
 81:     0.142  0.110  0.148  0.100  0.191  0.017  0.292        1
 82:     0.174  0.131  0.099  0.180  0.127  0.019  0.269        1
 83:     0.045  0.078  0.089  0.111  0.112  0.070  0.495        1
 84:     0.231  0.021  0.563  0.036  0.121  0.004  0.024        1
 85:     0.078  0.033  0.734  0.041  0.097  0.002  0.014        1
 86:     0.032  0.018  0.772  0.035  0.071  0.055  0.017        1
 87:     0.197  0.057  0.477  0.078  0.109  0.019  0.062        1
 88:     0.138  0.043  0.597  0.057  0.081  0.039  0.044        1
 89:     0.098  0.096  0.642  0.042  0.066  0.039  0.017        1
 90:     0.196  0.039  0.565  0.008  0.160  0.023  0.009        1
 91:     0.107  0.027  0.624  0.062  0.116  0.050  0.015        1
 92:     0.346  0.005  0.494  0.053  0.080  0.008  0.015        1
 93:     0.041  0.042  0.694  0.033  0.159  0.006  0.025        1
 94:     0.168  0.053  0.597  0.031  0.074  0.052  0.025        1
 95:     0.212  0.005  0.615  0.092  0.014  0.029  0.034        1
 96:     0.160  0.011  0.658  0.035  0.087  0.029  0.021        1
 97:     0.114  0.055  0.542  0.031  0.159  0.054  0.046        1
 98:     0.281  0.008  0.423  0.167  0.046  0.053  0.022        1
 99:     0.252  0.042  0.313  0.218  0.118  0.021  0.037        1
100:     0.070  0.026  0.593  0.024  0.145  0.088  0.053        1
101:     0.131  0.014  0.543  0.127  0.103  0.014  0.068        1
102:     0.018  0.015  0.500  0.282  0.104  0.038  0.043        1
103:     0.032  0.017  0.695  0.116  0.092  0.044  0.004        1
104:     0.048  0.040  0.687  0.020  0.100  0.060  0.043        1
105:     0.088  0.142  0.472  0.035  0.174  0.013  0.076        1
106:     0.148  0.089  0.513  0.108  0.053  0.075  0.015        1
107:     0.334  0.009  0.479  0.021  0.086  0.050  0.021        1
108:     0.232  0.130  0.438  0.046  0.133  0.008  0.013        1
109:     0.136  0.009  0.565  0.051  0.133  0.073  0.032        1
110:     0.205  0.100  0.487  0.060  0.101  0.033  0.014        1
111:     0.265  0.001  0.464  0.123  0.114  0.031  0.002        1
112:     0.063  0.022  0.617  0.141  0.103  0.024  0.029        1
113:     0.085  0.067  0.669  0.031  0.133  0.001  0.015        1
114:     0.097  0.058  0.688  0.044  0.073  0.005  0.037        1
115:     0.106  0.010  0.646  0.060  0.056  0.019  0.103        1
116:     0.264  0.029  0.477  0.045  0.130  0.047  0.008        1
117:     0.377  0.015  0.310  0.015  0.170  0.013  0.099        1
118:     0.035  0.018  0.741  0.081  0.114  0.010  0.002        1
119:     0.138  0.008  0.629  0.008  0.071  0.058  0.088        1
120:     0.170  0.003  0.696  0.032  0.093  0.004  0.001        1
121:     0.085  0.009  0.664  0.015  0.130  0.020  0.076        1
122:     0.102  0.092  0.591  0.072  0.079  0.049  0.014        1
123:     0.098  0.050  0.672  0.043  0.079  0.015  0.043        1
124:     0.213  0.023  0.530  0.049  0.155  0.007  0.022        1
125:     0.047  0.014  0.773  0.009  0.105  0.045  0.006        1
126:     0.158  0.019  0.585  0.037  0.074  0.073  0.053        1
127:     0.098  0.073  0.547  0.076  0.114  0.033  0.059        1
128:     0.322  0.030  0.449  0.040  0.075  0.033  0.052        1
129:     0.025  0.011  0.891  0.009  0.056  0.006  0.002        1
130:     0.063  0.004  0.603  0.080  0.150  0.070  0.030        1
131:     0.053  0.033  0.639  0.092  0.112  0.053  0.019        1
132:     0.113  0.011  0.586  0.129  0.113  0.007  0.041        1
133:     0.260  0.036  0.455  0.022  0.199  0.011  0.017        1
134:     0.095  0.031  0.749  0.026  0.005  0.061  0.034        1
135:     0.184  0.011  0.532  0.113  0.075  0.051  0.035        1
136:     0.209  0.035  0.559  0.062  0.088  0.032  0.015        1
137:     0.317  0.057  0.455  0.031  0.046  0.088  0.006        1
138:     0.201  0.034  0.453  0.061  0.136  0.059  0.055        1
139:     0.044  0.010  0.638  0.048  0.210  0.044  0.005        1
140:     0.103  0.003  0.606  0.058  0.173  0.037  0.020        1
141:     0.397  0.053  0.254  0.106  0.141  0.031  0.017        1
142:     0.074  0.030  0.622  0.122  0.131  0.006  0.015        1
143:     0.141  0.027  0.581  0.114  0.110  0.024  0.003        1
144:     0.079  0.055  0.683  0.056  0.086  0.023  0.017        1
145:     0.127  0.005  0.525  0.180  0.077  0.021  0.064        1
146:     0.122  0.025  0.527  0.100  0.171  0.028  0.026        1
147:     0.273  0.010  0.563  0.025  0.092  0.026  0.011        1
148:     0.126  0.119  0.136  0.178  0.178  0.191  0.072        1
149:     0.059  0.086  0.112  0.258  0.148  0.151  0.186        1
150:     0.262  0.055  0.137  0.214  0.094  0.085  0.153        1
151:     0.144  0.107  0.191  0.175  0.019  0.019  0.344        1
152:     0.097  0.129  0.189  0.158  0.130  0.172  0.125        1
153:     0.068  0.052  0.234  0.279  0.046  0.275  0.045        1
154:     0.179  0.342  0.061  0.206  0.060  0.068  0.084        1
155:     0.107  0.149  0.114  0.334  0.044  0.180  0.071        1
156:     0.018  0.165  0.087  0.491  0.072  0.108  0.059        1
157:     0.084  0.154  0.128  0.220  0.087  0.145  0.182        1
158:     0.021  0.333  0.163  0.079  0.060  0.091  0.254        1
159:     0.183  0.176  0.194  0.148  0.063  0.063  0.173        1
160:     0.065  0.179  0.247  0.147  0.074  0.051  0.237        1
161:     0.187  0.162  0.143  0.127  0.114  0.156  0.112        1
162:     0.075  0.131  0.184  0.071  0.063  0.185  0.292        1
163:     0.134  0.230  0.080  0.056  0.061  0.192  0.246        1
164:     0.170  0.167  0.112  0.182  0.083  0.150  0.136        1
165:     0.132  0.062  0.321  0.050  0.114  0.091  0.230        1
166:     0.070  0.149  0.079  0.483  0.037  0.171  0.011        1
167:     0.120  0.175  0.043  0.238  0.081  0.093  0.250        1
168:     0.370  0.056  0.135  0.157  0.041  0.071  0.170        1
169:     0.365  0.135  0.108  0.210  0.086  0.026  0.072        1
170:     0.275  0.239  0.228  0.023  0.056  0.041  0.138        1
171:     0.094  0.132  0.146  0.202  0.073  0.232  0.121        1
172:     0.165  0.131  0.026  0.363  0.058  0.102  0.155        1
173:     0.049  0.190  0.108  0.342  0.074  0.088  0.150        1
174:     0.192  0.157  0.135  0.117  0.079  0.153  0.167        1
175:     0.138  0.170  0.121  0.148  0.072  0.154  0.195       50
176:     0.126  0.194  0.124  0.155  0.066  0.174  0.161       49
177:     0.136  0.188  0.139  0.143  0.070  0.176  0.147       50
178:     0.150  0.164  0.126  0.172  0.074  0.162  0.152       49
179:     0.120  0.174  0.144  0.188  0.082  0.153  0.138       23
180:     0.147  0.177  0.112  0.175  0.063  0.163  0.163       49
181:     0.046  0.033  0.022  0.034  0.766  0.072  0.026       30
182:     0.050  0.049  0.027  0.045  0.695  0.075  0.059       30
183:     0.125  0.153  0.140  0.148  0.111  0.171  0.153       34
184:     0.142  0.174  0.126  0.158  0.070  0.171  0.159       36
185:     0.146  0.159  0.111  0.161  0.070  0.202  0.150       40
186:     0.136  0.197  0.117  0.165  0.065  0.169  0.152       39
187:     0.152  0.174  0.095  0.181  0.075  0.141  0.182       37
188:     0.141  0.172  0.116  0.162  0.070  0.154  0.183       40
189:     0.112  0.198  0.126  0.169  0.077  0.151  0.167       35
190:     0.124  0.162  0.095  0.194  0.085  0.159  0.181       28
191:     0.133  0.179  0.119  0.173  0.072  0.157  0.168       36
192:     0.158  0.167  0.111  0.157  0.072  0.175  0.159       32
--------------------------------------------

 Rep#:   Lambda   Alpha      F1    F2    F3    F4    F5    F6    F7     D1,2  D1,3  D1,4  D1,5  D1,6  D1,7  D2,3  D2,4  D2,5  D2,6  D2,7  D3,4  D3,5  D3,6  D3,7  D4,5  D4,6  D4,7  D5,6  D5,7  D6,7    Ln Like 
  100:    1.00    1.554    0.011 0.011 0.117 0.005 0.289 0.012 0.012    0.004 0.023 0.003 0.043 0.004 0.004 0.027 0.002 0.043 0.004 0.004 0.024 0.060 0.027 0.027 0.042 0.003 0.003 0.043 0.044 0.004   --  
  200:    1.00    1.197    0.011 0.010 0.208 0.005 0.219 0.014 0.131    0.003 0.037 0.002 0.033 0.004 0.025 0.038 0.002 0.033 0.004 0.026 0.036 0.054 0.038 0.050 0.032 0.003 0.025 0.033 0.047 0.027   --  
  300:    1.00    1.044    0.011 0.010 0.184 0.005 0.192 0.014 0.248    0.003 0.035 0.002 0.030 0.004 0.043 0.035 0.002 0.030 0.004 0.043 0.034 0.049 0.035 0.058 0.029 0.003 0.042 0.030 0.055 0.044   --  
  400:    1.00    0.959    0.011 0.010 0.183 0.005 0.183 0.014 0.260    0.003 0.033 0.002 0.029 0.004 0.044 0.033 0.002 0.028 0.004 0.044 0.032 0.047 0.034 0.059 0.028 0.003 0.043 0.029 0.055 0.045   --  
  500:    1.00    0.898    0.011 0.011 0.176 0.005 0.182 0.014 0.264    0.003 0.032 0.002 0.028 0.004 0.045 0.032 0.002 0.028 0.004 0.045 0.031 0.046 0.033 0.059 0.027 0.003 0.044 0.028 0.056 0.045   --  
  600:    1.00    0.841    0.011 0.011 0.169 0.005 0.175 0.014 0.269    0.003 0.031 0.002 0.028 0.004 0.045 0.032 0.002 0.028 0.004 0.045 0.030 0.045 0.031 0.059 0.027 0.003 0.044 0.028 0.056 0.045   --  
  700:    1.00    0.799    0.010 0.011 0.167 0.005 0.180 0.014 0.267    0.003 0.031 0.002 0.028 0.004 0.044 0.031 0.002 0.028 0.004 0.044 0.030 0.045 0.031 0.060 0.027 0.003 0.043 0.028 0.056 0.045   --  
  800:    1.00    0.774    0.010 0.011 0.166 0.005 0.183 0.021 0.253    0.003 0.030 0.002 0.029 0.006 0.042 0.031 0.002 0.029 0.006 0.043 0.029 0.046 0.032 0.059 0.027 0.005 0.041 0.030 0.056 0.044   --  
  900:    1.00    0.740    0.010 0.011 0.165 0.005 0.207 0.073 0.264    0.003 0.030 0.002 0.032 0.016 0.042 0.031 0.002 0.033 0.016 0.043 0.029 0.049 0.038 0.059 0.031 0.015 0.041 0.039 0.059 0.051   --  

--------------------------------------------
Proportion of membership of each pre-defined
 population in each of the 7 clusters

Given    Inferred Clusters                                   Number of
 Pop       1      2      3      4      5      6      7      Individuals

  1:     0.208  0.233  0.061  0.212  0.061  0.149  0.076       54
  2:     0.237  0.216  0.053  0.216  0.059  0.143  0.076       30
  3:     0.035  0.031  0.061  0.021  0.584  0.208  0.060       30
  4:     0.001  0.001  0.004  0.001  0.175  0.816  0.003       20
  5:     0.002  0.001  0.011  0.002  0.231  0.747  0.006       30
  6:     0.228  0.246  0.059  0.196  0.055  0.142  0.074       43
  7:     0.205  0.227  0.056  0.240  0.055  0.146  0.071       44
  8:     0.359  0.087  0.062  0.270  0.035  0.106  0.080        4
  9:     0.227  0.296  0.059  0.191  0.029  0.115  0.082       22
 10:     0.262  0.262  0.061  0.207  0.036  0.095  0.077       24
 11:     0.196  0.226  0.056  0.252  0.054  0.147  0.068       54
 12:     0.200  0.257  0.056  0.219  0.054  0.141  0.073       37
 13:     0.187  0.248  0.060  0.227  0.063  0.142  0.074       42
 14:     0.177  0.225  0.055  0.269  0.051  0.147  0.076       42
 15:     0.221  0.236  0.055  0.206  0.055  0.151  0.074       49
 16:     0.176  0.252  0.061  0.228  0.059  0.149  0.075      124
 17:     0.213  0.224  0.060  0.229  0.053  0.140  0.080       24
 18:     0.210  0.232  0.063  0.231  0.041  0.141  0.082       34
 19:     0.176  0.261  0.053  0.240  0.061  0.132  0.077       52
 20:     0.102  0.366  0.063  0.243  0.089  0.038  0.100        1
 21:     0.068  0.208  0.124  0.326  0.033  0.147  0.094        1
 22:     0.134  0.134  0.042  0.391  0.047  0.161  0.092        1
 23:     0.492  0.056  0.124  0.040  0.063  0.121  0.104        1
 24:     0.227  0.097  0.076  0.374  0.026  0.147  0.054        1
 25:     0.236  0.204  0.096  0.179  0.088  0.147  0.050        1
 26:     0.228  0.097  0.069  0.283  0.078  0.150  0.096        1
 27:     0.215  0.154  0.092  0.236  0.068  0.164  0.071        1
 28:     0.390  0.210  0.064  0.107  0.053  0.063  0.112        1
 29:     0.368  0.186  0.084  0.183  0.013  0.058  0.108        1
 30:     0.121  0.191  0.077  0.295  0.084  0.168  0.064        1
 31:     0.256  0.062  0.049  0.142  0.126  0.294  0.073        1
 32:     0.286  0.255  0.075  0.139  0.011  0.172  0.061        1
 33:     0.264  0.303  0.029  0.021  0.073  0.182  0.128        1
 34:     0.126  0.453  0.090  0.041  0.003  0.174  0.113        1
 35:     0.214  0.223  0.056  0.227  0.033  0.167  0.080        1
 36:     0.336  0.170  0.094  0.090  0.055  0.156  0.099        1
 37:     0.264  0.155  0.065  0.302  0.028  0.155  0.030        1
 38:     0.144  0.248  0.080  0.163  0.083  0.215  0.068        1
 39:     0.268  0.057  0.078  0.347  0.010  0.131  0.108        1
 40:     0.110  0.305  0.126  0.177  0.056  0.117  0.109        1
 41:     0.440  0.192  0.089  0.060  0.011  0.073  0.135        1
 42:     0.144  0.219  0.086  0.259  0.058  0.162  0.073        1
 43:     0.010  0.019  0.055  0.633  0.067  0.143  0.073        1
 44:     0.212  0.260  0.023  0.126  0.078  0.200  0.101        1
 45:     0.260  0.181  0.055  0.218  0.024  0.127  0.135        1
 46:     0.218  0.233  0.132  0.226  0.058  0.090  0.044        1
 47:     0.538  0.013  0.033  0.234  0.042  0.079  0.062        1
 48:     0.574  0.089  0.068  0.044  0.003  0.137  0.085        1
 49:     0.009  0.232  0.076  0.445  0.035  0.125  0.077        1
 50:     0.170  0.063  0.083  0.027  0.208  0.373  0.077        1
 51:     0.240  0.101  0.052  0.148  0.141  0.248  0.070        1
 52:     0.259  0.269  0.087  0.080  0.074  0.114  0.117        1
 53:     0.368  0.206  0.069  0.048  0.086  0.154  0.068        1
 54:     0.000  0.004  0.000  0.002  0.002  0.002  0.990        1
 55:     0.001  0.002  0.000  0.000  0.008  0.009  0.980        1
 56:     0.013  0.094  0.013  0.001  0.011  0.025  0.845        1
 57:     0.027  0.012  0.000  0.002  0.001  0.021  0.937        1
 58:     0.047  0.007  0.015  0.028  0.007  0.001  0.894        1
 59:     0.040  0.000  0.033  0.001  0.026  0.029  0.870        1
 60:     0.003  0.003  0.007  0.000  0.000  0.019  0.967        1
 61:     0.001  0.001  0.001  0.001  0.002  0.001  0.993        1
 62:     0.012  0.022  0.064  0.194  0.327  0.374  0.007        1
 63:     0.002  0.003  0.022  0.000  0.017  0.027  0.931        1
 64:     0.001  0.001  0.001  0.001  0.000  0.000  0.997        1
 65:     0.000  0.002  0.001  0.000  0.001  0.001  0.995        1
 66:     0.000  0.000  0.008  0.029  0.008  0.019  0.936        1
 67:     0.006  0.066  0.135  0.004  0.075  0.106  0.608        1
 68:     0.002  0.000  0.002  0.030  0.024  0.000  0.941        1
 69:     0.001  0.000  0.001  0.002  0.018  0.004  0.973        1
 70:     0.027  0.032  0.019  0.030  0.058  0.040  0.793        1
 71:     0.001  0.000  0.000  0.001  0.001  0.002  0.995        1
 72:     0.001  0.001  0.000  0.001  0.000  0.001  0.996        1
 73:     0.000  0.001  0.000  0.000  0.002  0.002  0.994        1
 74:     0.040  0.038  0.001  0.007  0.048  0.089  0.777        1
 75:     0.000  0.000  0.001  0.002  0.003  0.005  0.990        1
 76:     0.023  0.011  0.148  0.013  0.465  0.339  0.002        1
 77:     0.000  0.001  0.001  0.001  0.001  0.005  0.992        1
 78:     0.091  0.034  0.006  0.005  0.010  0.039  0.816        1
 79:     0.000  0.000  0.001  0.000  0.000  0.003  0.996        1
 80:     0.002  0.001  0.010  0.008  0.009  0.002  0.968        1
 81:     0.001  0.001  0.000  0.000  0.010  0.000  0.988        1
 82:     0.016  0.099  0.171  0.078  0.045  0.050  0.542        1
 83:     0.001  0.003  0.002  0.001  0.001  0.001  0.991        1
 84:     0.003  0.003  0.940  0.007  0.042  0.001  0.003        1
 85:     0.012  0.001  0.915  0.005  0.053  0.003  0.011        1
 86:     0.032  0.000  0.876  0.029  0.022  0.015  0.027        1
 87:     0.020  0.000  0.953  0.003  0.006  0.016  0.002        1
 88:     0.000  0.014  0.960  0.006  0.004  0.002  0.014        1
 89:     0.003  0.028  0.944  0.020  0.001  0.000  0.004        1
 90:     0.001  0.003  0.961  0.000  0.019  0.015  0.001        1
 91:     0.009  0.001  0.944  0.001  0.000  0.044  0.001        1
 92:     0.159  0.002  0.822  0.000  0.012  0.002  0.003        1
 93:     0.004  0.001  0.909  0.006  0.075  0.005  0.001        1
 94:     0.000  0.013  0.899  0.014  0.070  0.003  0.000        1
 95:     0.043  0.012  0.870  0.006  0.022  0.025  0.021        1
 96:     0.006  0.003  0.978  0.001  0.002  0.002  0.009        1
 97:     0.003  0.001  0.933  0.013  0.030  0.002  0.019        1
 98:     0.030  0.000  0.940  0.005  0.002  0.001  0.022        1
 99:     0.000  0.003  0.991  0.000  0.001  0.000  0.004        1
100:     0.000  0.000  0.963  0.002  0.000  0.025  0.009        1
101:     0.046  0.026  0.775  0.075  0.045  0.010  0.023        1
102:     0.011  0.053  0.785  0.107  0.001  0.007  0.036        1
103:     0.028  0.006  0.947  0.012  0.008  0.000  0.000        1
104:     0.007  0.006  0.924  0.010  0.004  0.009  0.040        1
105:     0.000  0.012  0.865  0.002  0.083  0.008  0.029        1
106:     0.068  0.076  0.772  0.055  0.001  0.002  0.025        1
107:     0.014  0.000  0.948  0.003  0.022  0.004  0.010        1
108:     0.021  0.080  0.849  0.008  0.007  0.033  0.002        1
109:     0.090  0.007  0.746  0.016  0.082  0.001  0.057        1
110:     0.069  0.001  0.755  0.081  0.042  0.010  0.044        1
111:     0.005  0.002  0.944  0.000  0.035  0.014  0.001        1
112:     0.001  0.004  0.988  0.003  0.001  0.003  0.000        1
113:     0.002  0.005  0.951  0.012  0.021  0.003  0.006        1
114:     0.001  0.005  0.952  0.000  0.009  0.002  0.031        1
115:     0.029  0.003  0.920  0.011  0.007  0.019  0.011        1
116:     0.010  0.000  0.967  0.003  0.005  0.005  0.009        1
117:     0.005  0.027  0.895  0.007  0.063  0.004  0.000        1
118:     0.000  0.001  0.943  0.000  0.026  0.008  0.022        1
119:     0.089  0.012  0.828  0.019  0.022  0.004  0.026        1
120:     0.016  0.010  0.906  0.007  0.010  0.008  0.043        1
121:     0.011  0.002  0.917  0.008  0.022  0.008  0.032        1
122:     0.003  0.040  0.914  0.019  0.003  0.000  0.020        1
123:     0.004  0.001  0.978  0.000  0.004  0.008  0.004        1
124:     0.003  0.001  0.791  0.081  0.103  0.006  0.016        1
125:     0.004  0.006  0.977  0.000  0.006  0.003  0.004        1
126:     0.053  0.005  0.871  0.003  0.010  0.011  0.047        1
127:     0.009  0.007  0.890  0.011  0.025  0.041  0.016        1
128:     0.001  0.004  0.919  0.008  0.010  0.032  0.026        1
129:     0.000  0.000  0.984  0.002  0.008  0.004  0.002        1
130:     0.026  0.002  0.898  0.027  0.025  0.002  0.020        1
131:     0.004  0.000  0.972  0.005  0.000  0.012  0.007        1
132:     0.029  0.039  0.809  0.013  0.071  0.039  0.000        1
133:     0.007  0.006  0.863  0.003  0.058  0.053  0.009        1
134:     0.035  0.021  0.816  0.049  0.027  0.013  0.039        1
135:     0.095  0.036  0.772  0.001  0.038  0.051  0.007        1
136:     0.005  0.003  0.984  0.006  0.000  0.001  0.001        1
137:     0.000  0.029  0.957  0.011  0.002  0.000  0.001        1
138:     0.002  0.003  0.971  0.000  0.001  0.009  0.015        1
139:     0.014  0.004  0.913  0.008  0.047  0.007  0.007        1
140:     0.005  0.000  0.871  0.013  0.061  0.039  0.011        1
141:     0.005  0.004  0.969  0.003  0.017  0.002  0.001        1
142:     0.052  0.007  0.831  0.042  0.019  0.040  0.011        1
143:     0.018  0.002  0.923  0.005  0.037  0.015  0.000        1
144:     0.000  0.017  0.951  0.015  0.002  0.003  0.012        1
145:     0.002  0.005  0.967  0.008  0.000  0.000  0.018        1
146:     0.004  0.003  0.933  0.003  0.055  0.001  0.002        1
147:     0.002  0.003  0.963  0.005  0.014  0.007  0.007        1
148:     0.300  0.078  0.152  0.161  0.096  0.137  0.077        1
149:     0.252  0.179  0.154  0.028  0.143  0.168  0.077        1
150:     0.263  0.025  0.139  0.365  0.045  0.113  0.050        1
151:     0.089  0.376  0.072  0.242  0.012  0.113  0.096        1
152:     0.347  0.001  0.055  0.266  0.091  0.180  0.061        1
153:     0.341  0.058  0.059  0.259  0.059  0.147  0.077        1
154:     0.201  0.109  0.060  0.318  0.028  0.176  0.107        1
155:     0.277  0.075  0.084  0.286  0.027  0.179  0.072        1
156:     0.303  0.006  0.071  0.361  0.047  0.111  0.100        1
157:     0.015  0.059  0.079  0.579  0.015  0.170  0.082        1
158:     0.093  0.466  0.066  0.162  0.057  0.111  0.045        1
159:     0.298  0.376  0.078  0.041  0.024  0.071  0.113        1
160:     0.221  0.279  0.058  0.185  0.049  0.131  0.076        1
161:     0.372  0.147  0.125  0.038  0.070  0.163  0.086        1
162:     0.299  0.152  0.087  0.196  0.039  0.075  0.151        1
163:     0.128  0.284  0.115  0.207  0.065  0.116  0.085        1
164:     0.282  0.149  0.045  0.247  0.130  0.036  0.111        1
165:     0.120  0.112  0.123  0.311  0.093  0.159  0.082        1
166:     0.221  0.113  0.035  0.327  0.039  0.231  0.034        1
167:     0.237  0.021  0.056  0.374  0.073  0.163  0.076        1
168:     0.193  0.306  0.041  0.250  0.020  0.116  0.075        1
169:     0.229  0.086  0.102  0.382  0.010  0.153  0.038        1
170:     0.275  0.306  0.092  0.108  0.004  0.087  0.128        1
171:     0.341  0.096  0.076  0.309  0.087  0.030  0.062        1
172:     0.095  0.081  0.038  0.513  0.111  0.073  0.088        1
173:     0.001  0.182  0.088  0.463  0.039  0.187  0.040        1
174:     0.148  0.146  0.058  0.362  0.054  0.137  0.095        1
175:     0.233  0.208  0.054  0.227  0.057  0.146  0.075       50
176:     0.191  0.264  0.052  0.227  0.057  0.134  0.074       49
177:     0.200  0.230  0.053  0.251  0.056  0.135  0.076       50
178:     0.217  0.213  0.054  0.236  0.059  0.145  0.077       49
179:     0.185  0.184  0.058  0.284  0.061  0.153  0.075       23
180:     0.213  0.228  0.055  0.235  0.045  0.149  0.075       49
181:     0.003  0.006  0.004  0.003  0.973  0.006  0.005       30
182:     0.009  0.013  0.009  0.014  0.916  0.024  0.014       30
183:     0.152  0.207  0.075  0.267  0.097  0.136  0.066       34
184:     0.192  0.251  0.053  0.242  0.051  0.141  0.071       36
185:     0.207  0.252  0.063  0.204  0.057  0.148  0.069       40
186:     0.164  0.287  0.058  0.240  0.050  0.125  0.076       39
187:     0.215  0.226  0.059  0.228  0.059  0.133  0.079       37
188:     0.183  0.259  0.064  0.214  0.063  0.146  0.072       40
189:     0.162  0.273  0.056  0.230  0.066  0.140  0.072       35
190:     0.180  0.243  0.056  0.235  0.062  0.146  0.078       28
191:     0.196  0.243  0.058  0.242  0.056  0.132  0.072       36
192:     0.187  0.296  0.051  0.190  0.063  0.134  0.078       32
--------------------------------------------

 Rep#:   Lambda   Alpha      F1    F2    F3    F4    F5    F6    F7     D1,2  D1,3  D1,4  D1,5  D1,6  D1,7  D2,3  D2,4  D2,5  D2,6  D2,7  D3,4  D3,5  D3,6  D3,7  D4,5  D4,6  D4,7  D5,6  D5,7  D6,7    Ln Like 
 1000:    1.00    0.728    0.010 0.012 0.172 0.005 0.223 0.247 0.262    0.003 0.031 0.002 0.034 0.040 0.044 0.032 0.002 0.035 0.041 0.044 0.030 0.050 0.050 0.059 0.034 0.039 0.042 0.048 0.061 0.063   --  
 1100:    1.00    0.683    0.010 0.012 0.164 0.005 0.225 0.252 0.262    0.003 0.030 0.002 0.035 0.041 0.044 0.031 0.002 0.035 0.041 0.044 0.030 0.050 0.051 0.059 0.034 0.040 0.042 0.046 0.062 0.064   --  
 1200:    1.00    0.659    0.010 0.010 0.164 0.005 0.232 0.251 0.259    0.003 0.030 0.002 0.035 0.039 0.042 0.031 0.002 0.035 0.039 0.043 0.029 0.052 0.051 0.059 0.034 0.038 0.042 0.046 0.062 0.062   --  
 1300:    1.00    0.640    0.010 0.010 0.165 0.005 0.231 0.236 0.267    0.003 0.030 0.002 0.035 0.037 0.043 0.031 0.002 0.035 0.038 0.043 0.029 0.053 0.051 0.060 0.034 0.036 0.042 0.045 0.063 0.062   --  
 1400:    1.00    0.616    0.010 0.010 0.163 0.005 0.238 0.234 0.259    0.003 0.030 0.002 0.035 0.036 0.042 0.030 0.002 0.035 0.036 0.042 0.029 0.053 0.050 0.059 0.034 0.035 0.041 0.045 0.064 0.061   --  
 1500:    1.00    0.575    0.010 0.010 0.163 0.005 0.237 0.222 0.255    0.003 0.029 0.002 0.035 0.035 0.042 0.029 0.002 0.035 0.035 0.041 0.028 0.053 0.050 0.059 0.034 0.034 0.040 0.045 0.064 0.062   --  
 1600:    1.00    0.558    0.010 0.010 0.163 0.005 0.237 0.217 0.253    0.003 0.029 0.002 0.035 0.034 0.041 0.029 0.002 0.035 0.034 0.041 0.029 0.053 0.049 0.059 0.034 0.033 0.040 0.045 0.064 0.061   --  
 1700:    1.00    0.522    0.010 0.010 0.164 0.005 0.240 0.220 0.253    0.003 0.029 0.002 0.035 0.034 0.041 0.029 0.002 0.035 0.034 0.041 0.028 0.054 0.050 0.059 0.034 0.033 0.040 0.046 0.065 0.061   --  
 1800:    1.00    0.515    0.010 0.010 0.157 0.005 0.245 0.220 0.259    0.003 0.029 0.002 0.036 0.034 0.041 0.029 0.002 0.036 0.033 0.041 0.028 0.055 0.049 0.059 0.036 0.033 0.040 0.049 0.066 0.062   --  
 1900:    1.00    0.482    0.010 0.010 0.155 0.005 0.246 0.215 0.254    0.003 0.028 0.002 0.037 0.033 0.041 0.029 0.002 0.038 0.033 0.040 0.028 0.056 0.049 0.059 0.037 0.032 0.040 0.051 0.068 0.061   --  

--------------------------------------------
Proportion of membership of each pre-defined
 population in each of the 7 clusters

Given    Inferred Clusters                                   Number of
 Pop       1      2      3      4      5      6      7      Individuals

  1:     0.244  0.293  0.038  0.273  0.036  0.075  0.041       54
  2:     0.305  0.270  0.037  0.240  0.030  0.074  0.044       30
  3:     0.048  0.079  0.050  0.026  0.419  0.327  0.051       30
  4:     0.001  0.004  0.003  0.001  0.017  0.972  0.002       20
  5:     0.011  0.006  0.015  0.014  0.062  0.883  0.009       30
  6:     0.319  0.295  0.040  0.206  0.028  0.070  0.043       43
  7:     0.236  0.283  0.035  0.314  0.030  0.068  0.034       44
  8:     0.417  0.143  0.032  0.279  0.030  0.054  0.044        4
  9:     0.322  0.356  0.030  0.192  0.014  0.040  0.046       22
 10:     0.387  0.267  0.035  0.203  0.024  0.034  0.049       24
 11:     0.286  0.256  0.035  0.292  0.028  0.067  0.036       54
 12:     0.247  0.281  0.030  0.312  0.027  0.064  0.039       37
 13:     0.253  0.292  0.034  0.271  0.033  0.076  0.040       42
 14:     0.239  0.270  0.025  0.323  0.028  0.072  0.042       42
 15:     0.258  0.296  0.034  0.264  0.033  0.073  0.041       49
 16:     0.232  0.310  0.037  0.272  0.034  0.075  0.041      124
 17:     0.307  0.281  0.031  0.231  0.036  0.068  0.046       24
 18:     0.278  0.246  0.035  0.307  0.026  0.061  0.046       34
 19:     0.221  0.290  0.036  0.313  0.038  0.064  0.038       52
 20:     0.206  0.427  0.052  0.202  0.038  0.036  0.039        1
 21:     0.139  0.157  0.093  0.449  0.021  0.067  0.074        1
 22:     0.380  0.037  0.025  0.429  0.022  0.044  0.064        1
 23:     0.418  0.204  0.059  0.120  0.028  0.115  0.056        1
 24:     0.475  0.178  0.033  0.187  0.013  0.067  0.046        1
 25:     0.143  0.474  0.039  0.141  0.079  0.097  0.027        1
 26:     0.335  0.080  0.073  0.365  0.006  0.106  0.035        1
 27:     0.445  0.159  0.063  0.168  0.028  0.103  0.035        1
 28:     0.516  0.179  0.042  0.094  0.051  0.050  0.068        1
 29:     0.210  0.133  0.035  0.501  0.015  0.003  0.103        1
 30:     0.270  0.038  0.020  0.435  0.013  0.158  0.066        1
 31:     0.457  0.117  0.018  0.095  0.044  0.195  0.074        1
 32:     0.505  0.061  0.038  0.289  0.012  0.079  0.016        1
 33:     0.118  0.417  0.015  0.245  0.032  0.104  0.070        1
 34:     0.326  0.503  0.046  0.008  0.004  0.032  0.080        1
 35:     0.343  0.340  0.036  0.180  0.006  0.073  0.022        1
 36:     0.424  0.188  0.052  0.139  0.047  0.079  0.069        1
 37:     0.230  0.085  0.035  0.569  0.019  0.059  0.004        1
 38:     0.131  0.384  0.082  0.213  0.005  0.154  0.031        1
 39:     0.389  0.056  0.056  0.369  0.003  0.047  0.080        1
 40:     0.397  0.195  0.079  0.099  0.067  0.091  0.072        1
 41:     0.501  0.127  0.062  0.227  0.014  0.031  0.038        1
 42:     0.226  0.227  0.080  0.330  0.030  0.074  0.033        1
 43:     0.014  0.017  0.019  0.794  0.010  0.089  0.056        1
 44:     0.343  0.335  0.010  0.095  0.043  0.118  0.056        1
 45:     0.402  0.204  0.038  0.199  0.008  0.047  0.103        1
 46:     0.277  0.262  0.118  0.261  0.037  0.001  0.045        1
 47:     0.794  0.040  0.039  0.045  0.015  0.021  0.046        1
 48:     0.835  0.029  0.029  0.040  0.012  0.037  0.018        1
 49:     0.146  0.552  0.049  0.131  0.013  0.031  0.078        1
 50:     0.179  0.036  0.032  0.312  0.064  0.339  0.037        1
 51:     0.348  0.161  0.013  0.153  0.065  0.218  0.043        1
 52:     0.212  0.438  0.061  0.102  0.056  0.063  0.068        1
 53:     0.242  0.205  0.050  0.375  0.044  0.038  0.046        1
 54:     0.000  0.000  0.000  0.001  0.011  0.000  0.987        1
 55:     0.000  0.000  0.002  0.001  0.003  0.001  0.993        1
 56:     0.006  0.087  0.026  0.058  0.012  0.012  0.800        1
 57:     0.021  0.006  0.000  0.023  0.000  0.001  0.949        1
 58:     0.049  0.001  0.003  0.011  0.013  0.003  0.920        1
 59:     0.066  0.010  0.000  0.002  0.030  0.030  0.863        1
 60:     0.010  0.001  0.000  0.001  0.007  0.003  0.977        1
 61:     0.002  0.001  0.002  0.000  0.000  0.003  0.992        1
 62:     0.003  0.002  0.015  0.545  0.167  0.263  0.005        1
 63:     0.000  0.008  0.012  0.001  0.000  0.056  0.922        1
 64:     0.000  0.000  0.000  0.000  0.000  0.000  0.999        1
 65:     0.000  0.002  0.000  0.000  0.000  0.001  0.997        1
 66:     0.012  0.001  0.001  0.006  0.017  0.011  0.953        1
 67:     0.026  0.140  0.085  0.086  0.027  0.035  0.601        1
 68:     0.033  0.001  0.019  0.000  0.009  0.000  0.937        1
 69:     0.002  0.001  0.014  0.001  0.006  0.005  0.973        1
 70:     0.000  0.032  0.027  0.118  0.014  0.042  0.768        1
 71:     0.002  0.001  0.000  0.003  0.000  0.001  0.993        1
 72:     0.001  0.001  0.001  0.000  0.000  0.000  0.996        1
 73:     0.000  0.001  0.000  0.000  0.000  0.000  0.998        1
 74:     0.127  0.001  0.009  0.019  0.032  0.063  0.749        1
 75:     0.000  0.000  0.001  0.001  0.001  0.000  0.997        1
 76:     0.006  0.008  0.072  0.320  0.305  0.289  0.000        1
 77:     0.000  0.000  0.000  0.001  0.000  0.000  0.999        1
 78:     0.132  0.008  0.000  0.000  0.027  0.040  0.793        1
 79:     0.000  0.000  0.001  0.000  0.001  0.000  0.996        1
 80:     0.006  0.000  0.000  0.019  0.000  0.010  0.964        1
 81:     0.000  0.001  0.000  0.001  0.000  0.011  0.986        1
 82:     0.063  0.144  0.120  0.064  0.060  0.038  0.512        1
 83:     0.001  0.004  0.000  0.000  0.005  0.001  0.988        1
 84:     0.004  0.002  0.921  0.000  0.018  0.052  0.004        1
 85:     0.000  0.002  0.906  0.017  0.010  0.060  0.006        1
 86:     0.001  0.026  0.843  0.064  0.030  0.008  0.029        1
 87:     0.000  0.000  0.973  0.000  0.001  0.015  0.011        1
 88:     0.000  0.024  0.947  0.015  0.009  0.000  0.005        1
 89:     0.010  0.050  0.919  0.012  0.005  0.002  0.002        1
 90:     0.001  0.001  0.964  0.000  0.001  0.030  0.004        1
 91:     0.000  0.001  0.956  0.000  0.001  0.039  0.003        1
 92:     0.080  0.002  0.839  0.049  0.029  0.000  0.000        1
 93:     0.001  0.006  0.901  0.001  0.053  0.037  0.001        1
 94:     0.040  0.032  0.909  0.000  0.015  0.000  0.003        1
 95:     0.046  0.011  0.872  0.005  0.003  0.063  0.000        1
 96:     0.001  0.000  0.989  0.003  0.000  0.004  0.002        1
 97:     0.000  0.000  0.934  0.001  0.003  0.040  0.021        1
 98:     0.008  0.001  0.931  0.024  0.006  0.014  0.017        1
 99:     0.000  0.000  0.998  0.000  0.000  0.000  0.001        1
100:     0.000  0.000  0.974  0.001  0.001  0.023  0.001        1
101:     0.148  0.033  0.703  0.074  0.024  0.013  0.004        1
102:     0.001  0.001  0.804  0.132  0.026  0.019  0.016        1
103:     0.000  0.002  0.966  0.003  0.003  0.024  0.001        1
104:     0.002  0.011  0.954  0.000  0.013  0.016  0.004        1
105:     0.001  0.000  0.896  0.001  0.008  0.045  0.049        1
106:     0.110  0.075  0.780  0.009  0.001  0.017  0.009        1
107:     0.000  0.013  0.922  0.010  0.025  0.022  0.008        1
108:     0.022  0.009  0.823  0.076  0.000  0.060  0.010        1
109:     0.097  0.004  0.717  0.120  0.006  0.052  0.004        1
110:     0.018  0.009  0.719  0.199  0.019  0.006  0.031        1
111:     0.002  0.004  0.942  0.003  0.000  0.033  0.015        1
112:     0.004  0.001  0.984  0.001  0.000  0.010  0.000        1
113:     0.000  0.001  0.930  0.000  0.006  0.061  0.002        1
114:     0.004  0.004  0.974  0.001  0.001  0.009  0.006        1
115:     0.080  0.010  0.899  0.001  0.007  0.001  0.002        1
116:     0.001  0.000  0.992  0.002  0.001  0.003  0.001        1
117:     0.015  0.003  0.916  0.012  0.030  0.022  0.002        1
118:     0.006  0.000  0.938  0.000  0.036  0.001  0.020        1
