

----------------------------------------------------
STRUCTURE by Pritchard, Stephens and Donnelly (2000)
     and Falush, Stephens and Pritchard (2003)
       Code by Pritchard, Falush and Hubisz
             Version 2.3.4 (Jul 2012)
----------------------------------------------------


Reading file "/workdir/yc2644/CV_CT_array/structure/threader_input/mainparams".
Reading file "/workdir/yc2644/CV_CT_array/structure/threader_input/extraparams".
Reading file "/workdir/yc2644/CV_CT_array/structure/threader_input/n1601.recode.strct_in".


Data file "/workdir/yc2644/CV_CT_array/structure/threader_input/n1601.recode.strct_in" (truncated) --

Ind:   Label Pop : Genotype_data . . . .
  1:  001s    1  :  2   1   2   2   2   1   2  . . . .   2
  1:  001s    1  :  2   2   2   2   2   2   2  . . . .   2
  2:  002s    1  :  2   2   2   2   1   1   2  . . . .   2
  2:  002s    1  :  2   2   2   2   2   2   2  . . . .   2
  3:  003s    1  :  1   2   1   2   2   2   2  . . . .   1
  3:  003s    1  :  2   2   1   2   2   2   2  . . . .   2
  4:  004s    1  :  1   1   2   2   1   2   2  . . . .   1
  4:  004s    1  :  2   1   2   2   2   2   2  . . . .   2

      *******   

1600:    49  192  :  2   2   2   2   2   1   2  . . . .   1
1600:    49  192  :  2   2   2   2   2   2   2  . . . .   2
1601:    50  192  :  2   1   2   2   1   2   2  . . . .   1
1601:    50  192  :  2   2   2   2   2   2   2  . . . .   2

Number of alleles per locus: min= 2; ave=2.0; max= 2


--------------------------------------

Finished initialization; starting MCMC 
100000 iterations + 10000 burnin


--------------------------------------------
Proportion of membership of each pre-defined
 population in each of the 7 clusters

Given    Inferred Clusters                                   Number of
 Pop       1      2      3      4      5      6      7      Individuals

  1:     0.162  0.149  0.093  0.184  0.098  0.195  0.120       54
  2:     0.163  0.166  0.094  0.172  0.096  0.195  0.115       30
  3:     0.052  0.110  0.085  0.068  0.508  0.055  0.121       30
  4:     0.048  0.062  0.108  0.040  0.389  0.028  0.325       20
  5:     0.052  0.072  0.134  0.059  0.334  0.025  0.325       30
  6:     0.182  0.144  0.097  0.179  0.098  0.190  0.110       43
  7:     0.182  0.162  0.090  0.166  0.084  0.202  0.113       44
  8:     0.239  0.076  0.095  0.248  0.051  0.164  0.128        4
  9:     0.213  0.128  0.084  0.187  0.067  0.235  0.085       22
 10:     0.176  0.135  0.083  0.195  0.068  0.230  0.113       24
 11:     0.205  0.145  0.099  0.155  0.093  0.187  0.115       54
 12:     0.214  0.153  0.082  0.160  0.081  0.188  0.122       37
 13:     0.190  0.147  0.092  0.173  0.093  0.177  0.127       42
 14:     0.197  0.139  0.089  0.187  0.095  0.170  0.124       42
 15:     0.171  0.151  0.089  0.181  0.107  0.190  0.111       49
 16:     0.177  0.150  0.098  0.182  0.099  0.177  0.117      124
 17:     0.144  0.162  0.094  0.175  0.094  0.207  0.122       24
 18:     0.167  0.136  0.080  0.178  0.086  0.233  0.120       34
 19:     0.209  0.135  0.094  0.186  0.086  0.174  0.116       52
 20:     0.327  0.030  0.110  0.066  0.104  0.291  0.072        1
 21:     0.132  0.165  0.121  0.176  0.073  0.215  0.118        1
 22:     0.132  0.016  0.130  0.374  0.048  0.139  0.162        1
 23:     0.060  0.297  0.183  0.098  0.083  0.159  0.119        1
 24:     0.266  0.249  0.108  0.115  0.076  0.170  0.015        1
 25:     0.155  0.103  0.108  0.165  0.136  0.222  0.111        1
 26:     0.287  0.200  0.124  0.042  0.124  0.220  0.002        1
 27:     0.073  0.180  0.133  0.361  0.021  0.122  0.111        1
 28:     0.158  0.122  0.063  0.332  0.050  0.047  0.228        1
 29:     0.246  0.237  0.017  0.221  0.099  0.079  0.101        1
 30:     0.219  0.043  0.084  0.174  0.213  0.172  0.095        1
 31:     0.267  0.073  0.130  0.222  0.156  0.117  0.036        1
 32:     0.121  0.023  0.059  0.266  0.077  0.176  0.279        1
 33:     0.209  0.221  0.095  0.150  0.112  0.111  0.102        1
 34:     0.201  0.104  0.066  0.098  0.097  0.328  0.106        1
 35:     0.180  0.020  0.109  0.138  0.024  0.320  0.209        1
 36:     0.409  0.178  0.184  0.029  0.072  0.102  0.027        1
 37:     0.069  0.332  0.178  0.039  0.023  0.335  0.025        1
 38:     0.177  0.136  0.165  0.133  0.097  0.137  0.155        1
 39:     0.035  0.375  0.110  0.084  0.037  0.233  0.126        1
 40:     0.118  0.241  0.039  0.020  0.126  0.350  0.106        1
 41:     0.178  0.141  0.116  0.145  0.081  0.192  0.147        1
 42:     0.276  0.130  0.089  0.185  0.052  0.156  0.112        1
 43:     0.132  0.130  0.149  0.146  0.130  0.230  0.082        1
 44:     0.149  0.164  0.120  0.240  0.101  0.105  0.121        1
 45:     0.134  0.152  0.119  0.173  0.095  0.203  0.123        1
 46:     0.299  0.033  0.062  0.109  0.068  0.211  0.217        1
 47:     0.411  0.120  0.076  0.078  0.002  0.051  0.262        1
 48:     0.370  0.406  0.032  0.021  0.015  0.004  0.152        1
 49:     0.219  0.042  0.064  0.379  0.051  0.131  0.114        1
 50:     0.027  0.361  0.086  0.121  0.324  0.028  0.053        1
 51:     0.127  0.168  0.104  0.160  0.152  0.133  0.157        1
 52:     0.318  0.079  0.116  0.065  0.142  0.081  0.198        1
 53:     0.161  0.168  0.122  0.148  0.131  0.168  0.101        1
 54:     0.063  0.026  0.082  0.057  0.146  0.054  0.572        1
 55:     0.078  0.092  0.061  0.051  0.066  0.097  0.555        1
 56:     0.164  0.019  0.068  0.163  0.079  0.045  0.463        1
 57:     0.089  0.196  0.020  0.050  0.143  0.156  0.345        1
 58:     0.138  0.031  0.077  0.032  0.049  0.077  0.595        1
 59:     0.061  0.258  0.041  0.024  0.014  0.031  0.570        1
 60:     0.115  0.169  0.033  0.058  0.086  0.177  0.362        1
 61:     0.165  0.059  0.025  0.007  0.052  0.035  0.658        1
 62:     0.108  0.365  0.178  0.024  0.249  0.011  0.065        1
 63:     0.108  0.128  0.113  0.096  0.113  0.071  0.370        1
 64:     0.084  0.221  0.027  0.017  0.110  0.252  0.288        1
 65:     0.034  0.112  0.049  0.016  0.038  0.050  0.702        1
 66:     0.103  0.110  0.091  0.089  0.100  0.100  0.406        1
 67:     0.154  0.142  0.143  0.009  0.092  0.117  0.343        1
 68:     0.049  0.105  0.089  0.015  0.027  0.167  0.547        1
 69:     0.022  0.124  0.076  0.024  0.104  0.111  0.539        1
 70:     0.151  0.214  0.092  0.071  0.090  0.027  0.355        1
 71:     0.027  0.129  0.120  0.040  0.035  0.156  0.494        1
 72:     0.261  0.003  0.159  0.037  0.130  0.032  0.378        1
 73:     0.037  0.034  0.068  0.009  0.048  0.084  0.719        1
 74:     0.017  0.067  0.044  0.014  0.075  0.032  0.751        1
 75:     0.035  0.133  0.019  0.014  0.075  0.052  0.672        1
 76:     0.011  0.176  0.212  0.068  0.345  0.049  0.139        1
 77:     0.028  0.145  0.094  0.020  0.043  0.026  0.644        1
 78:     0.042  0.099  0.022  0.143  0.036  0.071  0.587        1
 79:     0.092  0.048  0.048  0.014  0.056  0.069  0.674        1
 80:     0.189  0.046  0.073  0.053  0.067  0.013  0.558        1
 81:     0.103  0.059  0.069  0.003  0.117  0.091  0.557        1
 82:     0.078  0.057  0.102  0.013  0.035  0.125  0.590        1
 83:     0.029  0.125  0.010  0.007  0.075  0.193  0.561        1
 84:     0.032  0.009  0.814  0.002  0.003  0.005  0.135        1
 85:     0.008  0.017  0.818  0.006  0.025  0.065  0.061        1
 86:     0.042  0.034  0.706  0.027  0.049  0.082  0.059        1
 87:     0.075  0.015  0.714  0.039  0.034  0.063  0.059        1
 88:     0.060  0.029  0.718  0.035  0.032  0.014  0.112        1
 89:     0.063  0.102  0.731  0.037  0.025  0.013  0.028        1
 90:     0.016  0.038  0.792  0.029  0.047  0.048  0.031        1
 91:     0.009  0.016  0.763  0.039  0.026  0.068  0.079        1
 92:     0.023  0.094  0.640  0.030  0.037  0.075  0.100        1
 93:     0.023  0.061  0.772  0.036  0.013  0.049  0.045        1
 94:     0.028  0.026  0.703  0.027  0.031  0.102  0.083        1
 95:     0.002  0.030  0.700  0.057  0.064  0.083  0.064        1
 96:     0.044  0.055  0.740  0.046  0.035  0.042  0.038        1
 97:     0.013  0.031  0.713  0.009  0.015  0.065  0.155        1
 98:     0.031  0.066  0.621  0.058  0.050  0.062  0.113        1
 99:     0.018  0.002  0.805  0.042  0.046  0.062  0.024        1
100:     0.023  0.048  0.739  0.026  0.052  0.040  0.072        1
101:     0.057  0.132  0.614  0.087  0.023  0.045  0.042        1
102:     0.039  0.116  0.637  0.023  0.018  0.094  0.073        1
103:     0.110  0.050  0.743  0.017  0.004  0.002  0.074        1
104:     0.043  0.120  0.757  0.008  0.031  0.015  0.026        1
105:     0.021  0.047  0.655  0.067  0.069  0.059  0.081        1
106:     0.078  0.070  0.508  0.101  0.044  0.096  0.102        1
107:     0.025  0.036  0.725  0.099  0.021  0.008  0.086        1
108:     0.027  0.004  0.694  0.016  0.138  0.020  0.101        1
109:     0.013  0.023  0.591  0.075  0.047  0.074  0.177        1
110:     0.104  0.014  0.608  0.032  0.078  0.022  0.142        1
111:     0.016  0.091  0.795  0.017  0.049  0.011  0.021        1
112:     0.052  0.026  0.709  0.066  0.028  0.039  0.080        1
113:     0.030  0.039  0.696  0.054  0.061  0.061  0.058        1
114:     0.010  0.011  0.741  0.035  0.073  0.046  0.083        1
115:     0.011  0.039  0.786  0.122  0.021  0.014  0.008        1
116:     0.022  0.017  0.790  0.060  0.019  0.023  0.068        1
117:     0.055  0.044  0.653  0.063  0.048  0.040  0.097        1
118:     0.032  0.006  0.694  0.026  0.055  0.016  0.171        1
119:     0.010  0.141  0.534  0.032  0.064  0.087  0.132        1
120:     0.067  0.064  0.679  0.043  0.044  0.016  0.087        1
121:     0.012  0.014  0.746  0.140  0.009  0.014  0.064        1
122:     0.059  0.010  0.746  0.033  0.047  0.039  0.067        1
123:     0.005  0.124  0.673  0.015  0.018  0.063  0.103        1
124:     0.003  0.094  0.675  0.027  0.112  0.052  0.039        1
125:     0.024  0.046  0.728  0.035  0.060  0.048  0.060        1
126:     0.012  0.022  0.685  0.069  0.040  0.119  0.052        1
127:     0.040  0.036  0.819  0.066  0.004  0.023  0.012        1
128:     0.020  0.062  0.740  0.019  0.047  0.016  0.096        1
129:     0.018  0.003  0.815  0.055  0.020  0.047  0.041        1
130:     0.049  0.060  0.696  0.098  0.020  0.021  0.058        1
131:     0.039  0.018  0.792  0.031  0.023  0.058  0.040        1
132:     0.020  0.066  0.651  0.022  0.099  0.049  0.093        1
133:     0.019  0.083  0.664  0.015  0.058  0.009  0.152        1
134:     0.016  0.074  0.692  0.088  0.028  0.054  0.049        1
135:     0.068  0.043  0.557  0.088  0.062  0.033  0.149        1
136:     0.045  0.073  0.758  0.068  0.014  0.029  0.014        1
137:     0.058  0.005  0.725  0.055  0.056  0.042  0.059        1
138:     0.046  0.015  0.760  0.050  0.010  0.040  0.079        1
139:     0.017  0.025  0.765  0.048  0.071  0.059  0.015        1
140:     0.049  0.070  0.678  0.050  0.034  0.041  0.077        1
141:     0.024  0.042  0.729  0.048  0.052  0.052  0.053        1
142:     0.109  0.070  0.653  0.049  0.010  0.028  0.081        1
143:     0.071  0.025  0.638  0.027  0.090  0.039  0.110        1
144:     0.025  0.070  0.669  0.038  0.058  0.084  0.056        1
145:     0.010  0.046  0.739  0.067  0.040  0.006  0.092        1
146:     0.011  0.066  0.727  0.061  0.030  0.060  0.045        1
147:     0.036  0.041  0.710  0.052  0.059  0.030  0.072        1
148:     0.126  0.151  0.142  0.110  0.142  0.189  0.141        1
149:     0.174  0.143  0.125  0.291  0.176  0.037  0.054        1
150:     0.131  0.095  0.133  0.140  0.128  0.264  0.110        1
151:     0.070  0.176  0.068  0.069  0.040  0.327  0.249        1
152:     0.123  0.142  0.134  0.141  0.145  0.149  0.166        1
153:     0.217  0.196  0.125  0.127  0.102  0.097  0.136        1
154:     0.055  0.258  0.065  0.277  0.044  0.197  0.104        1
155:     0.197  0.271  0.114  0.058  0.079  0.250  0.031        1
156:     0.145  0.089  0.132  0.186  0.098  0.178  0.172        1
157:     0.212  0.094  0.094  0.177  0.100  0.192  0.131        1
158:     0.136  0.032  0.061  0.110  0.056  0.463  0.143        1
159:     0.058  0.067  0.193  0.010  0.079  0.482  0.111        1
160:     0.207  0.180  0.080  0.175  0.076  0.169  0.113        1
161:     0.241  0.037  0.192  0.073  0.071  0.186  0.199        1
162:     0.163  0.127  0.153  0.175  0.084  0.151  0.148        1
163:     0.264  0.088  0.172  0.086  0.091  0.130  0.168        1
164:     0.150  0.166  0.096  0.158  0.121  0.162  0.147        1
165:     0.150  0.120  0.149  0.101  0.129  0.188  0.164        1
166:     0.128  0.140  0.115  0.149  0.143  0.187  0.138        1
167:     0.183  0.334  0.145  0.177  0.070  0.021  0.070        1
168:     0.096  0.038  0.171  0.239  0.096  0.279  0.080        1
169:     0.262  0.106  0.138  0.282  0.064  0.126  0.022        1
170:     0.298  0.129  0.168  0.145  0.074  0.153  0.034        1
171:     0.090  0.072  0.128  0.066  0.048  0.574  0.022        1
172:     0.325  0.036  0.084  0.287  0.138  0.108  0.021        1
173:     0.083  0.346  0.055  0.151  0.093  0.165  0.107        1
174:     0.157  0.157  0.127  0.291  0.065  0.065  0.138        1
175:     0.204  0.153  0.096  0.179  0.085  0.157  0.125       50
176:     0.186  0.132  0.085  0.201  0.086  0.179  0.131       49
177:     0.178  0.152  0.092  0.202  0.095  0.178  0.102       50
178:     0.185  0.135  0.100  0.190  0.093  0.177  0.119       49
179:     0.160  0.167  0.103  0.172  0.099  0.201  0.097       23
180:     0.174  0.134  0.094  0.185  0.084  0.194  0.135       49
181:     0.037  0.088  0.070  0.047  0.676  0.020  0.061       30
182:     0.030  0.057  0.039  0.035  0.711  0.021  0.106       30
183:     0.176  0.121  0.110  0.155  0.127  0.199  0.113       34
184:     0.217  0.156  0.082  0.155  0.091  0.181  0.117       36
185:     0.206  0.135  0.099  0.171  0.091  0.187  0.110       40
186:     0.174  0.140  0.088  0.195  0.090  0.206  0.107       39
187:     0.176  0.132  0.092  0.187  0.096  0.203  0.114       37
188:     0.176  0.132  0.094  0.198  0.096  0.172  0.132       40
189:     0.162  0.148  0.094  0.177  0.098  0.198  0.123       35
190:     0.209  0.124  0.101  0.177  0.106  0.171  0.112       28
191:     0.182  0.123  0.099  0.200  0.091  0.173  0.132       36
192:     0.188  0.128  0.084  0.184  0.104  0.212  0.101       32
--------------------------------------------

 Rep#:   Lambda   Alpha      F1    F2    F3    F4    F5    F6    F7     D1,2  D1,3  D1,4  D1,5  D1,6  D1,7  D2,3  D2,4  D2,5  D2,6  D2,7  D3,4  D3,5  D3,6  D3,7  D4,5  D4,6  D4,7  D5,6  D5,7  D6,7    Ln Like 
  100:    1.00    1.637    0.018 0.010 0.149 0.010 0.273 0.032 0.074    0.005 0.039 0.004 0.048 0.007 0.016 0.036 0.003 0.043 0.007 0.013 0.037 0.069 0.042 0.043 0.046 0.006 0.015 0.055 0.043 0.020   --  
  200:    1.00    1.239    0.018 0.010 0.194 0.010 0.253 0.028 0.215    0.004 0.037 0.004 0.039 0.006 0.037 0.035 0.003 0.037 0.006 0.035 0.035 0.056 0.039 0.056 0.037 0.006 0.036 0.042 0.061 0.040   --  
  300:    1.00    1.087    0.018 0.010 0.184 0.010 0.230 0.026 0.218    0.004 0.033 0.004 0.035 0.006 0.038 0.033 0.003 0.034 0.006 0.036 0.033 0.051 0.036 0.055 0.034 0.005 0.037 0.037 0.060 0.040   --  
  400:    1.00    0.958    0.018 0.010 0.175 0.010 0.210 0.023 0.222    0.004 0.032 0.004 0.033 0.006 0.038 0.031 0.003 0.031 0.005 0.037 0.031 0.048 0.034 0.055 0.031 0.005 0.037 0.034 0.060 0.040   --  
  500:    1.00    0.895    0.016 0.010 0.169 0.010 0.201 0.023 0.231    0.004 0.032 0.004 0.031 0.006 0.039 0.031 0.003 0.030 0.005 0.037 0.030 0.048 0.033 0.055 0.030 0.005 0.038 0.032 0.060 0.040   --  
  600:    1.00    0.900    0.015 0.010 0.167 0.010 0.191 0.023 0.241    0.004 0.031 0.004 0.030 0.006 0.039 0.030 0.003 0.028 0.005 0.039 0.030 0.047 0.033 0.056 0.028 0.005 0.038 0.031 0.059 0.041   --  
  700:    1.00    0.836    0.015 0.010 0.167 0.010 0.188 0.023 0.237    0.004 0.031 0.004 0.028 0.006 0.040 0.030 0.003 0.028 0.005 0.039 0.030 0.046 0.032 0.057 0.028 0.005 0.039 0.030 0.059 0.042   --  
  800:    1.00    0.804    0.015 0.010 0.165 0.010 0.180 0.023 0.241    0.004 0.030 0.004 0.028 0.006 0.041 0.029 0.003 0.027 0.005 0.040 0.029 0.045 0.032 0.058 0.027 0.005 0.040 0.029 0.058 0.043   --  
  900:    1.00    0.759    0.015 0.010 0.161 0.010 0.167 0.023 0.249    0.004 0.030 0.004 0.027 0.006 0.041 0.029 0.003 0.026 0.005 0.040 0.029 0.044 0.031 0.057 0.026 0.005 0.040 0.028 0.058 0.043   --  

--------------------------------------------
Proportion of membership of each pre-defined
 population in each of the 7 clusters

Given    Inferred Clusters                                   Number of
 Pop       1      2      3      4      5      6      7      Individuals

  1:     0.188  0.206  0.056  0.199  0.078  0.210  0.063       54
  2:     0.197  0.174  0.046  0.207  0.075  0.228  0.072       30
  3:     0.026  0.125  0.054  0.039  0.673  0.012  0.070       30
  4:     0.008  0.008  0.045  0.007  0.793  0.011  0.128       20
  5:     0.018  0.023  0.055  0.035  0.736  0.013  0.120       30
  6:     0.208  0.181  0.051  0.227  0.064  0.207  0.062       43
  7:     0.207  0.216  0.050  0.211  0.061  0.196  0.060       44
  8:     0.226  0.136  0.062  0.260  0.035  0.212  0.069        4
  9:     0.172  0.163  0.048  0.244  0.028  0.281  0.064       22
 10:     0.179  0.135  0.044  0.273  0.032  0.274  0.063       24
 11:     0.225  0.193  0.050  0.191  0.068  0.218  0.055       54
 12:     0.223  0.234  0.046  0.191  0.057  0.187  0.062       37
 13:     0.214  0.172  0.052  0.202  0.077  0.219  0.063       42
 14:     0.224  0.199  0.049  0.192  0.064  0.206  0.065       42
 15:     0.196  0.225  0.052  0.186  0.068  0.210  0.064       49
 16:     0.215  0.190  0.054  0.204  0.072  0.201  0.063      124
 17:     0.147  0.199  0.048  0.218  0.067  0.254  0.066       24
 18:     0.230  0.176  0.057  0.194  0.049  0.226  0.069       34
 19:     0.232  0.159  0.050  0.186  0.075  0.235  0.063       52
 20:     0.296  0.248  0.052  0.084  0.037  0.227  0.057        1
 21:     0.003  0.180  0.115  0.463  0.029  0.125  0.086        1
 22:     0.128  0.004  0.094  0.546  0.058  0.064  0.106        1
 23:     0.030  0.336  0.100  0.001  0.089  0.380  0.064        1
 24:     0.038  0.375  0.033  0.226  0.054  0.235  0.039        1
 25:     0.269  0.098  0.091  0.127  0.100  0.277  0.038        1
 26:     0.305  0.080  0.048  0.013  0.080  0.382  0.092        1
 27:     0.046  0.037  0.072  0.450  0.105  0.240  0.051        1
 28:     0.228  0.168  0.062  0.382  0.022  0.109  0.029        1
 29:     0.358  0.393  0.042  0.090  0.030  0.025  0.062        1
 30:     0.221  0.074  0.069  0.272  0.157  0.120  0.088        1
 31:     0.338  0.029  0.055  0.249  0.207  0.031  0.091        1
 32:     0.234  0.052  0.058  0.234  0.043  0.308  0.071        1
 33:     0.368  0.130  0.047  0.041  0.108  0.189  0.116        1
 34:     0.348  0.105  0.077  0.084  0.004  0.259  0.122        1
 35:     0.209  0.261  0.061  0.149  0.050  0.212  0.059        1
 36:     0.394  0.237  0.080  0.033  0.061  0.112  0.082        1
 37:     0.069  0.703  0.058  0.063  0.029  0.059  0.019        1
 38:     0.175  0.086  0.106  0.076  0.084  0.406  0.067        1
 39:     0.005  0.234  0.072  0.194  0.028  0.366  0.101        1
 40:     0.080  0.360  0.087  0.035  0.087  0.250  0.102        1
 41:     0.325  0.178  0.061  0.143  0.042  0.171  0.081        1
 42:     0.199  0.155  0.079  0.005  0.080  0.403  0.078        1
 43:     0.351  0.158  0.078  0.107  0.056  0.196  0.053        1
 44:     0.078  0.198  0.021  0.239  0.154  0.241  0.070        1
 45:     0.105  0.245  0.040  0.254  0.023  0.220  0.114        1
 46:     0.130  0.161  0.107  0.215  0.077  0.255  0.055        1
 47:     0.526  0.349  0.053  0.013  0.008  0.000  0.051        1
 48:     0.522  0.331  0.056  0.003  0.023  0.012  0.053        1
 49:     0.338  0.072  0.059  0.351  0.010  0.094  0.076        1
 50:     0.009  0.312  0.062  0.154  0.317  0.051  0.096        1
 51:     0.194  0.306  0.060  0.078  0.186  0.077  0.099        1
 52:     0.233  0.405  0.097  0.045  0.090  0.074  0.055        1
 53:     0.353  0.293  0.074  0.083  0.042  0.116  0.039        1
 54:     0.002  0.005  0.000  0.001  0.001  0.000  0.991        1
 55:     0.003  0.000  0.001  0.002  0.002  0.001  0.991        1
 56:     0.100  0.004  0.014  0.048  0.001  0.025  0.808        1
 57:     0.001  0.002  0.000  0.008  0.003  0.042  0.943        1
 58:     0.000  0.010  0.004  0.039  0.003  0.062  0.882        1
 59:     0.013  0.074  0.019  0.003  0.019  0.027  0.845        1
 60:     0.000  0.000  0.006  0.003  0.005  0.001  0.986        1
 61:     0.001  0.001  0.001  0.000  0.002  0.001  0.994        1
 62:     0.073  0.383  0.038  0.058  0.395  0.005  0.047        1
 63:     0.002  0.004  0.002  0.067  0.006  0.001  0.918        1
 64:     0.000  0.000  0.000  0.000  0.000  0.001  0.998        1
 65:     0.001  0.000  0.001  0.001  0.000  0.000  0.997        1
 66:     0.007  0.025  0.012  0.001  0.010  0.000  0.944        1
 67:     0.159  0.092  0.075  0.007  0.055  0.007  0.606        1
 68:     0.022  0.020  0.005  0.030  0.000  0.005  0.918        1
 69:     0.001  0.007  0.005  0.001  0.000  0.003  0.983        1
 70:     0.037  0.098  0.019  0.006  0.009  0.044  0.787        1
 71:     0.002  0.000  0.001  0.001  0.000  0.002  0.993        1
 72:     0.001  0.001  0.002  0.002  0.000  0.001  0.993        1
 73:     0.001  0.000  0.001  0.000  0.000  0.000  0.997        1
 74:     0.000  0.030  0.010  0.026  0.031  0.130  0.772        1
 75:     0.000  0.002  0.000  0.001  0.000  0.000  0.997        1
 76:     0.070  0.138  0.137  0.070  0.545  0.008  0.032        1
 77:     0.003  0.001  0.001  0.001  0.000  0.004  0.989        1
 78:     0.026  0.003  0.022  0.078  0.049  0.008  0.815        1
 79:     0.002  0.000  0.000  0.000  0.000  0.000  0.997        1
 80:     0.003  0.017  0.002  0.000  0.002  0.008  0.969        1
 81:     0.002  0.000  0.000  0.001  0.003  0.001  0.994        1
 82:     0.003  0.199  0.138  0.013  0.086  0.064  0.497        1
 83:     0.003  0.001  0.000  0.000  0.001  0.001  0.994        1
 84:     0.011  0.005  0.926  0.000  0.041  0.001  0.016        1
 85:     0.003  0.005  0.915  0.015  0.030  0.008  0.024        1
 86:     0.024  0.050  0.843  0.034  0.001  0.022  0.025        1
 87:     0.000  0.008  0.962  0.001  0.000  0.028  0.000        1
 88:     0.000  0.001  0.986  0.000  0.001  0.000  0.012        1
 89:     0.013  0.006  0.911  0.056  0.003  0.005  0.005        1
 90:     0.006  0.003  0.975  0.001  0.000  0.008  0.007        1
 91:     0.004  0.030  0.935  0.002  0.022  0.002  0.006        1
 92:     0.021  0.000  0.836  0.034  0.029  0.055  0.025        1
 93:     0.001  0.001  0.930  0.001  0.052  0.001  0.014        1
 94:     0.006  0.011  0.879  0.004  0.032  0.059  0.009        1
 95:     0.000  0.031  0.906  0.013  0.037  0.009  0.004        1
 96:     0.001  0.017  0.971  0.002  0.003  0.003  0.003        1
 97:     0.008  0.000  0.943  0.002  0.020  0.002  0.024        1
 98:     0.008  0.002  0.936  0.006  0.019  0.000  0.030        1
 99:     0.005  0.000  0.989  0.002  0.001  0.001  0.001        1
100:     0.001  0.000  0.988  0.000  0.001  0.001  0.008        1
101:     0.030  0.109  0.728  0.066  0.027  0.015  0.025        1
102:     0.014  0.059  0.772  0.014  0.006  0.112  0.023        1
103:     0.028  0.000  0.963  0.007  0.001  0.000  0.001        1
104:     0.000  0.001  0.909  0.048  0.001  0.011  0.029        1
105:     0.000  0.003  0.900  0.007  0.051  0.001  0.039        1
106:     0.068  0.038  0.769  0.025  0.003  0.074  0.023        1
107:     0.000  0.033  0.915  0.033  0.011  0.004  0.004        1
108:     0.076  0.019  0.821  0.015  0.058  0.000  0.011        1
109:     0.004  0.025  0.748  0.078  0.101  0.015  0.029        1
110:     0.047  0.036  0.756  0.033  0.011  0.081  0.037        1
111:     0.015  0.010  0.942  0.006  0.015  0.001  0.011        1
112:     0.004  0.000  0.988  0.004  0.001  0.003  0.001        1
113:     0.001  0.006  0.958  0.000  0.017  0.002  0.016        1
114:     0.001  0.000  0.973  0.008  0.013  0.000  0.005        1
115:     0.010  0.027  0.939  0.022  0.000  0.000  0.002        1
116:     0.008  0.001  0.982  0.001  0.004  0.001  0.005        1
117:     0.012  0.002  0.930  0.001  0.051  0.002  0.001        1
118:     0.011  0.001  0.944  0.000  0.035  0.000  0.008        1
119:     0.007  0.033  0.838  0.020  0.005  0.086  0.011        1
120:     0.018  0.007  0.934  0.012  0.001  0.006  0.022        1
121:     0.008  0.002  0.946  0.013  0.024  0.002  0.004        1
122:     0.003  0.002  0.928  0.016  0.001  0.029  0.022        1
123:     0.000  0.004  0.974  0.005  0.004  0.005  0.008        1
124:     0.018  0.045  0.818  0.010  0.094  0.001  0.015        1
125:     0.001  0.001  0.981  0.010  0.000  0.003  0.004        1
126:     0.016  0.010  0.865  0.004  0.016  0.065  0.024        1
127:     0.010  0.008  0.887  0.002  0.045  0.028  0.021        1
128:     0.001  0.003  0.930  0.025  0.013  0.016  0.012        1
129:     0.000  0.007  0.990  0.000  0.000  0.001  0.001        1
130:     0.012  0.018  0.872  0.011  0.070  0.007  0.009        1
131:     0.000  0.002  0.988  0.002  0.005  0.002  0.000        1
132:     0.015  0.028  0.806  0.057  0.085  0.007  0.001        1
133:     0.005  0.014  0.882  0.030  0.055  0.008  0.004        1
134:     0.003  0.147  0.792  0.003  0.025  0.001  0.030        1
135:     0.001  0.136  0.773  0.001  0.041  0.047  0.002        1
136:     0.001  0.002  0.992  0.001  0.002  0.000  0.003        1
137:     0.010  0.004  0.966  0.002  0.002  0.001  0.014        1
138:     0.007  0.000  0.985  0.002  0.000  0.000  0.006        1
139:     0.001  0.006  0.875  0.003  0.095  0.003  0.018        1
140:     0.003  0.000  0.901  0.001  0.061  0.000  0.034        1
141:     0.000  0.003  0.984  0.008  0.003  0.000  0.001        1
142:     0.032  0.041  0.864  0.006  0.022  0.030  0.005        1
143:     0.003  0.011  0.926  0.020  0.020  0.017  0.003        1
144:     0.008  0.005  0.966  0.004  0.002  0.009  0.005        1
145:     0.004  0.018  0.970  0.000  0.002  0.000  0.006        1
146:     0.001  0.001  0.918  0.009  0.051  0.007  0.013        1
147:     0.014  0.000  0.971  0.002  0.010  0.001  0.001        1
148:     0.085  0.071  0.140  0.043  0.144  0.419  0.099        1
149:     0.258  0.110  0.120  0.245  0.176  0.037  0.054        1
150:     0.097  0.099  0.113  0.237  0.025  0.366  0.063        1
151:     0.138  0.285  0.068  0.174  0.038  0.225  0.070        1
152:     0.144  0.264  0.028  0.322  0.104  0.075  0.063        1
153:     0.391  0.292  0.054  0.152  0.040  0.009  0.062        1
154:     0.132  0.187  0.047  0.351  0.043  0.171  0.070        1
155:     0.071  0.226  0.064  0.104  0.031  0.420  0.084        1
156:     0.154  0.033  0.037  0.439  0.078  0.180  0.079        1
157:     0.112  0.155  0.062  0.264  0.050  0.275  0.081        1
158:     0.191  0.027  0.095  0.100  0.060  0.461  0.066        1
159:     0.162  0.221  0.044  0.150  0.020  0.329  0.075        1
160:     0.432  0.313  0.023  0.086  0.033  0.069  0.044        1
161:     0.176  0.015  0.107  0.341  0.093  0.166  0.101        1
162:     0.161  0.173  0.048  0.097  0.031  0.359  0.132        1
163:     0.217  0.142  0.103  0.027  0.017  0.393  0.101        1
164:     0.244  0.207  0.061  0.070  0.071  0.260  0.087        1
165:     0.073  0.167  0.089  0.236  0.078  0.271  0.086        1
166:     0.337  0.176  0.009  0.263  0.095  0.053  0.066        1
167:     0.124  0.443  0.044  0.147  0.044  0.120  0.078        1
168:     0.012  0.256  0.037  0.239  0.007  0.401  0.048        1
169:     0.239  0.202  0.047  0.239  0.087  0.105  0.082        1
170:     0.155  0.150  0.111  0.288  0.001  0.196  0.099        1
171:     0.214  0.236  0.083  0.049  0.025  0.327  0.066        1
172:     0.257  0.034  0.040  0.374  0.070  0.110  0.115        1
173:     0.185  0.058  0.034  0.271  0.080  0.301  0.069        1
174:     0.185  0.259  0.055  0.268  0.060  0.099  0.074        1
175:     0.231  0.177  0.053  0.201  0.069  0.208  0.061       50
176:     0.198  0.176  0.049  0.256  0.060  0.201  0.061       49
177:     0.184  0.182  0.050  0.243  0.065  0.217  0.059       50
178:     0.220  0.177  0.045  0.248  0.066  0.182  0.062       49
179:     0.189  0.194  0.053  0.195  0.077  0.227  0.066       23
180:     0.222  0.192  0.045  0.220  0.055  0.200  0.066       49
181:     0.004  0.002  0.003  0.003  0.978  0.003  0.006       30
182:     0.008  0.014  0.006  0.008  0.940  0.007  0.016       30
183:     0.243  0.132  0.069  0.141  0.119  0.243  0.054       34
184:     0.271  0.153  0.043  0.176  0.071  0.226  0.060       36
185:     0.247  0.153  0.054  0.221  0.066  0.199  0.061       40
186:     0.243  0.142  0.049  0.227  0.059  0.215  0.065       39
187:     0.262  0.148  0.059  0.168  0.072  0.226  0.065       37
188:     0.245  0.138  0.055  0.219  0.074  0.205  0.063       40
189:     0.228  0.154  0.053  0.191  0.072  0.241  0.061       35
190:     0.284  0.118  0.048  0.183  0.081  0.220  0.067       28
191:     0.248  0.145  0.048  0.215  0.074  0.212  0.057       36
192:     0.222  0.135  0.045  0.204  0.073  0.257  0.064       32
--------------------------------------------

 Rep#:   Lambda   Alpha      F1    F2    F3    F4    F5    F6    F7     D1,2  D1,3  D1,4  D1,5  D1,6  D1,7  D2,3  D2,4  D2,5  D2,6  D2,7  D3,4  D3,5  D3,6  D3,7  D4,5  D4,6  D4,7  D5,6  D5,7  D6,7    Ln Like 
 1000:    1.00    0.741    0.015 0.010 0.156 0.010 0.169 0.023 0.247    0.004 0.029 0.004 0.026 0.006 0.041 0.028 0.003 0.026 0.005 0.040 0.028 0.044 0.031 0.058 0.026 0.005 0.040 0.028 0.057 0.043   --  
 1100:    1.00    0.713    0.015 0.010 0.155 0.010 0.165 0.022 0.253    0.004 0.029 0.004 0.026 0.006 0.042 0.028 0.003 0.026 0.005 0.041 0.028 0.044 0.031 0.058 0.025 0.005 0.040 0.028 0.057 0.043   --  
 1200:    1.00    0.698    0.015 0.010 0.156 0.010 0.166 0.023 0.252    0.004 0.029 0.004 0.026 0.006 0.041 0.028 0.003 0.025 0.005 0.040 0.028 0.044 0.031 0.058 0.025 0.005 0.040 0.028 0.057 0.042   --  
 1300:    1.00    0.647    0.014 0.012 0.153 0.010 0.164 0.023 0.253    0.004 0.029 0.004 0.026 0.006 0.041 0.028 0.003 0.025 0.005 0.040 0.028 0.043 0.030 0.058 0.025 0.005 0.040 0.027 0.056 0.042   --  
 1400:    1.00    0.627    0.014 0.012 0.157 0.010 0.162 0.022 0.251    0.004 0.029 0.004 0.026 0.006 0.041 0.028 0.003 0.025 0.005 0.040 0.028 0.044 0.031 0.058 0.025 0.005 0.040 0.027 0.056 0.042   --  
 1500:    1.00    0.616    0.014 0.012 0.154 0.010 0.161 0.022 0.255    0.004 0.029 0.004 0.026 0.006 0.041 0.028 0.003 0.025 0.005 0.040 0.028 0.044 0.030 0.059 0.025 0.005 0.040 0.027 0.056 0.042   --  
 1600:    1.00    0.584    0.015 0.012 0.153 0.009 0.159 0.021 0.254    0.004 0.029 0.004 0.025 0.006 0.041 0.028 0.003 0.024 0.005 0.040 0.028 0.044 0.030 0.058 0.024 0.005 0.040 0.026 0.056 0.042   --  
 1700:    1.00    0.568    0.015 0.012 0.155 0.009 0.159 0.018 0.250    0.004 0.029 0.004 0.025 0.005 0.041 0.028 0.003 0.024 0.005 0.040 0.028 0.044 0.030 0.058 0.024 0.004 0.039 0.026 0.056 0.041   --  
 1800:    1.00    0.540    0.015 0.012 0.152 0.009 0.161 0.018 0.247    0.004 0.029 0.004 0.025 0.005 0.040 0.028 0.003 0.024 0.005 0.039 0.027 0.044 0.029 0.058 0.024 0.004 0.039 0.026 0.055 0.040   --  
 1900:    1.00    0.528    0.015 0.012 0.152 0.009 0.164 0.017 0.254    0.004 0.028 0.004 0.025 0.005 0.041 0.028 0.003 0.024 0.005 0.039 0.027 0.043 0.029 0.058 0.024 0.004 0.039 0.026 0.056 0.041   --  

--------------------------------------------
Proportion of membership of each pre-defined
 population in each of the 7 clusters

Given    Inferred Clusters                                   Number of
 Pop       1      2      3      4      5      6      7      Individuals

  1:     0.195  0.247  0.037  0.219  0.062  0.205  0.034       54
  2:     0.195  0.205  0.035  0.236  0.057  0.228  0.043       30
  3:     0.014  0.188  0.046  0.018  0.679  0.007  0.049       30
  4:     0.028  0.025  0.067  0.011  0.816  0.009  0.044       20
  5:     0.025  0.029  0.069  0.058  0.745  0.024  0.050       30
  6:     0.183  0.210  0.038  0.263  0.055  0.215  0.035       43
  7:     0.244  0.244  0.032  0.177  0.049  0.222  0.032       44
  8:     0.220  0.190  0.030  0.282  0.013  0.228  0.037        4
  9:     0.128  0.171  0.030  0.294  0.010  0.332  0.034       22
 10:     0.126  0.175  0.027  0.320  0.014  0.299  0.039       24
 11:     0.222  0.214  0.037  0.210  0.051  0.235  0.030       54
 12:     0.221  0.246  0.033  0.226  0.039  0.200  0.035       37
 13:     0.220  0.226  0.038  0.223  0.056  0.206  0.033       42
 14:     0.230  0.220  0.031  0.221  0.050  0.212  0.036       42
 15:     0.205  0.250  0.034  0.187  0.055  0.234  0.034       49
 16:     0.225  0.212  0.038  0.214  0.058  0.218  0.035      124
 17:     0.139  0.209  0.035  0.218  0.050  0.314  0.035       24
 18:     0.255  0.205  0.036  0.221  0.038  0.201  0.044       34
 19:     0.237  0.190  0.034  0.214  0.056  0.231  0.038       52
 20:     0.118  0.358  0.037  0.193  0.073  0.188  0.033        1
 21:     0.002  0.235  0.070  0.515  0.020  0.078  0.079        1
 22:     0.054  0.062  0.001  0.650  0.048  0.123  0.061        1
 23:     0.019  0.195  0.061  0.022  0.037  0.602  0.064        1
 24:     0.013  0.425  0.036  0.416  0.035  0.043  0.033        1
 25:     0.182  0.202  0.050  0.275  0.109  0.179  0.003        1
 26:     0.274  0.096  0.066  0.010  0.037  0.462  0.056        1
 27:     0.008  0.084  0.060  0.474  0.079  0.229  0.066        1
 28:     0.095  0.002  0.023  0.440  0.008  0.382  0.050        1
 29:     0.247  0.513  0.059  0.001  0.009  0.124  0.047        1
 30:     0.178  0.193  0.077  0.187  0.113  0.200  0.052        1
 31:     0.081  0.146  0.047  0.448  0.208  0.023  0.047        1
 32:     0.232  0.214  0.040  0.266  0.033  0.194  0.022        1
 33:     0.340  0.045  0.041  0.042  0.107  0.355  0.069        1
 34:     0.165  0.132  0.039  0.270  0.007  0.313  0.073        1
 35:     0.246  0.220  0.045  0.179  0.047  0.255  0.008        1
 36:     0.222  0.287  0.071  0.038  0.054  0.317  0.012        1
 37:     0.252  0.546  0.051  0.117  0.012  0.005  0.017        1
 38:     0.142  0.266  0.123  0.033  0.069  0.335  0.032        1
 39:     0.106  0.244  0.031  0.286  0.000  0.256  0.077        1
 40:     0.001  0.311  0.082  0.339  0.062  0.135  0.070        1
 41:     0.535  0.227  0.064  0.034  0.016  0.087  0.037        1
 42:     0.319  0.094  0.042  0.002  0.089  0.403  0.051        1
 43:     0.575  0.046  0.037  0.102  0.067  0.110  0.063        1
 44:     0.040  0.328  0.048  0.077  0.118  0.336  0.054        1
 45:     0.098  0.102  0.036  0.248  0.032  0.367  0.118        1
 46:     0.064  0.281  0.105  0.326  0.007  0.209  0.008        1
 47:     0.406  0.506  0.038  0.005  0.010  0.002  0.032        1
 48:     0.337  0.523  0.031  0.044  0.013  0.013  0.037        1
 49:     0.217  0.160  0.049  0.353  0.037  0.132  0.052        1
 50:     0.049  0.376  0.042  0.124  0.286  0.057  0.067        1
 51:     0.117  0.474  0.064  0.028  0.192  0.078  0.047        1
 52:     0.088  0.601  0.094  0.033  0.030  0.095  0.061        1
 53:     0.487  0.228  0.047  0.086  0.050  0.068  0.034        1
 54:     0.001  0.002  0.000  0.014  0.015  0.000  0.968        1
 55:     0.000  0.007  0.003  0.002  0.009  0.002  0.978        1
 56:     0.130  0.007  0.012  0.000  0.012  0.029  0.810        1
 57:     0.002  0.003  0.004  0.060  0.000  0.009  0.921        1
 58:     0.002  0.019  0.000  0.007  0.000  0.084  0.887        1
 59:     0.007  0.050  0.002  0.001  0.029  0.068  0.842        1
 60:     0.000  0.009  0.004  0.000  0.001  0.005  0.980        1
 61:     0.003  0.000  0.001  0.000  0.000  0.000  0.996        1
 62:     0.508  0.054  0.037  0.001  0.397  0.002  0.002        1
 63:     0.001  0.000  0.037  0.000  0.015  0.001  0.946        1
 64:     0.000  0.000  0.000  0.000  0.000  0.001  0.998        1
 65:     0.000  0.000  0.000  0.000  0.000  0.000  0.999        1
 66:     0.004  0.039  0.011  0.000  0.000  0.008  0.939        1
 67:     0.162  0.047  0.090  0.073  0.055  0.001  0.572        1
 68:     0.000  0.008  0.008  0.079  0.003  0.001  0.901        1
 69:     0.000  0.000  0.000  0.002  0.012  0.001  0.984        1
 70:     0.133  0.018  0.027  0.033  0.025  0.001  0.762        1
 71:     0.001  0.000  0.001  0.003  0.000  0.000  0.994        1
 72:     0.000  0.000  0.001  0.001  0.000  0.000  0.997        1
 73:     0.000  0.000  0.001  0.000  0.000  0.000  0.998        1
 74:     0.020  0.023  0.017  0.061  0.045  0.094  0.741        1
 75:     0.001  0.001  0.000  0.001  0.000  0.000  0.997        1
 76:     0.385  0.000  0.080  0.003  0.513  0.002  0.017        1
 77:     0.000  0.000  0.001  0.000  0.002  0.000  0.997        1
 78:     0.048  0.002  0.000  0.112  0.033  0.014  0.791        1
 79:     0.000  0.001  0.000  0.000  0.000  0.000  0.998        1
 80:     0.001  0.001  0.012  0.004  0.010  0.000  0.972        1
 81:     0.001  0.001  0.001  0.002  0.000  0.004  0.991        1
 82:     0.001  0.086  0.140  0.011  0.078  0.165  0.519        1
 83:     0.002  0.000  0.000  0.003  0.000  0.001  0.993        1
 84:     0.003  0.004  0.940  0.002  0.036  0.005  0.009        1
 85:     0.001  0.000  0.923  0.008  0.057  0.001  0.010        1
 86:     0.001  0.064  0.836  0.002  0.003  0.077  0.018        1
 87:     0.006  0.016  0.964  0.000  0.005  0.009  0.000        1
 88:     0.001  0.004  0.983  0.002  0.002  0.003  0.005        1
 89:     0.000  0.034  0.941  0.021  0.000  0.003  0.001        1
 90:     0.001  0.000  0.989  0.003  0.007  0.001  0.000        1
 91:     0.003  0.012  0.950  0.024  0.000  0.002  0.009        1
 92:     0.001  0.023  0.803  0.116  0.020  0.037  0.000        1
 93:     0.002  0.010  0.924  0.002  0.061  0.000  0.000        1
 94:     0.001  0.042  0.871  0.013  0.048  0.026  0.000        1
 95:     0.009  0.004  0.889  0.040  0.019  0.038  0.001        1
 96:     0.001  0.000  0.990  0.004  0.001  0.003  0.002        1
 97:     0.001  0.000  0.953  0.000  0.036  0.003  0.006        1
 98:     0.002  0.012  0.934  0.009  0.019  0.011  0.014        1
 99:     0.002  0.000  0.996  0.000  0.001  0.000  0.001        1
100:     0.000  0.006  0.992  0.001  0.000  0.000  0.000        1
101:     0.054  0.108  0.761  0.001  0.035  0.029  0.013        1
102:     0.026  0.028  0.789  0.000  0.000  0.157  0.000        1
103:     0.005  0.006  0.969  0.009  0.009  0.001  0.000        1
104:     0.011  0.038  0.936  0.005  0.001  0.003  0.007        1
105:     0.000  0.012  0.891  0.000  0.045  0.005  0.046        1
106:     0.003  0.088  0.765  0.005  0.000  0.114  0.025        1
107:     0.003  0.007  0.969  0.006  0.005  0.009  0.001        1
108:     0.019  0.008  0.840  0.084  0.029  0.019  0.000        1
109:     0.001  0.055  0.757  0.027  0.123  0.021  0.016        1
110:     0.084  0.036  0.770  0.045  0.004  0.029  0.032        1
111:     0.003  0.000  0.969  0.005  0.009  0.014  0.001        1
112:     0.001  0.009  0.968  0.005  0.000  0.015  0.001        1
113:     0.000  0.006  0.953  0.006  0.027  0.000  0.007        1
114:     0.000  0.003  0.975  0.002  0.011  0.004  0.004        1
115:     0.010  0.002  0.924  0.026  0.013  0.026  0.001        1
116:     0.001  0.000  0.982  0.000  0.004  0.003  0.010        1
117:     0.019  0.007  0.917  0.002  0.054  0.001  0.000        1
118:     0.006  0.014  0.949  0.000  0.018  0.001  0.012        1
