

----------------------------------------------------
STRUCTURE by Pritchard, Stephens and Donnelly (2000)
     and Falush, Stephens and Pritchard (2003)
       Code by Pritchard, Falush and Hubisz
             Version 2.3.4 (Jul 2012)
----------------------------------------------------


Reading file "/workdir/yc2644/CV_CT_array/structure/threader_input/mainparams".
Reading file "/workdir/yc2644/CV_CT_array/structure/threader_input/extraparams".
Reading file "/workdir/yc2644/CV_CT_array/structure/threader_input/n1601.recode.strct_in".


Data file "/workdir/yc2644/CV_CT_array/structure/threader_input/n1601.recode.strct_in" (truncated) --

Ind:   Label Pop : Genotype_data . . . .
  1:  001s    1  :  2   1   2   2   2   1   2  . . . .   2
  1:  001s    1  :  2   2   2   2   2   2   2  . . . .   2
  2:  002s    1  :  2   2   2   2   1   1   2  . . . .   2
  2:  002s    1  :  2   2   2   2   2   2   2  . . . .   2
  3:  003s    1  :  1   2   1   2   2   2   2  . . . .   1
  3:  003s    1  :  2   2   1   2   2   2   2  . . . .   2
  4:  004s    1  :  1   1   2   2   1   2   2  . . . .   1
  4:  004s    1  :  2   1   2   2   2   2   2  . . . .   2

      *******   

1600:    49  192  :  2   2   2   2   2   1   2  . . . .   1
1600:    49  192  :  2   2   2   2   2   2   2  . . . .   2
1601:    50  192  :  2   1   2   2   1   2   2  . . . .   1
1601:    50  192  :  2   2   2   2   2   2   2  . . . .   2

Number of alleles per locus: min= 2; ave=2.0; max= 2


--------------------------------------

Finished initialization; starting MCMC 
100000 iterations + 10000 burnin


--------------------------------------------
Proportion of membership of each pre-defined
 population in each of the 8 clusters

Given    Inferred Clusters                                          Number of
 Pop       1      2      3      4      5      6      7      8      Individuals

  1:     0.103  0.142  0.067  0.153  0.158  0.120  0.128  0.129       54
  2:     0.098  0.135  0.063  0.130  0.179  0.123  0.136  0.137       30
  3:     0.073  0.064  0.439  0.063  0.054  0.161  0.061  0.084       30
  4:     0.044  0.045  0.624  0.053  0.038  0.059  0.064  0.074       20
  5:     0.039  0.050  0.574  0.050  0.034  0.076  0.099  0.077       30
  6:     0.106  0.142  0.067  0.164  0.167  0.103  0.127  0.124       43
  7:     0.105  0.133  0.057  0.176  0.165  0.113  0.129  0.123       44
  8:     0.124  0.195  0.053  0.141  0.211  0.064  0.144  0.069        4
  9:     0.120  0.109  0.044  0.147  0.180  0.112  0.147  0.143       22
 10:     0.119  0.157  0.043  0.140  0.207  0.092  0.116  0.125       24
 11:     0.110  0.147  0.062  0.130  0.167  0.126  0.114  0.146       54
 12:     0.095  0.142  0.060  0.154  0.184  0.118  0.118  0.129       37
 13:     0.088  0.160  0.065  0.145  0.168  0.108  0.120  0.146       42
 14:     0.088  0.149  0.058  0.141  0.147  0.121  0.129  0.167       42
 15:     0.097  0.130  0.069  0.168  0.163  0.109  0.136  0.128       49
 16:     0.104  0.143  0.068  0.162  0.161  0.113  0.116  0.132      124
 17:     0.112  0.100  0.056  0.175  0.164  0.107  0.137  0.148       24
 18:     0.104  0.151  0.059  0.136  0.196  0.092  0.124  0.138       34
 19:     0.095  0.135  0.062  0.150  0.188  0.104  0.118  0.149       52
 20:     0.085  0.137  0.036  0.231  0.060  0.178  0.101  0.172        1
 21:     0.184  0.105  0.078  0.145  0.008  0.276  0.100  0.104        1
 22:     0.080  0.012  0.023  0.331  0.218  0.230  0.029  0.076        1
 23:     0.153  0.095  0.099  0.114  0.140  0.133  0.095  0.169        1
 24:     0.172  0.162  0.105  0.209  0.159  0.075  0.059  0.059        1
 25:     0.015  0.049  0.133  0.154  0.241  0.206  0.056  0.146        1
 26:     0.126  0.125  0.024  0.089  0.016  0.040  0.311  0.269        1
 27:     0.170  0.146  0.116  0.058  0.146  0.141  0.098  0.125        1
 28:     0.136  0.035  0.026  0.165  0.158  0.070  0.307  0.104        1
 29:     0.158  0.045  0.054  0.016  0.417  0.118  0.118  0.074        1
 30:     0.108  0.170  0.115  0.103  0.178  0.092  0.128  0.107        1
 31:     0.096  0.220  0.139  0.170  0.057  0.064  0.089  0.164        1
 32:     0.081  0.035  0.030  0.242  0.186  0.101  0.144  0.181        1
 33:     0.103  0.202  0.058  0.064  0.103  0.223  0.063  0.183        1
 34:     0.024  0.116  0.040  0.049  0.335  0.066  0.106  0.265        1
 35:     0.096  0.061  0.066  0.181  0.237  0.137  0.175  0.048        1
 36:     0.125  0.153  0.068  0.058  0.264  0.070  0.152  0.110        1
 37:     0.151  0.189  0.077  0.124  0.118  0.116  0.125  0.101        1
 38:     0.207  0.036  0.086  0.111  0.209  0.050  0.166  0.134        1
 39:     0.178  0.145  0.015  0.112  0.074  0.184  0.077  0.213        1
 40:     0.208  0.206  0.108  0.058  0.175  0.051  0.124  0.070        1
 41:     0.100  0.144  0.061  0.194  0.144  0.111  0.142  0.102        1
 42:     0.130  0.096  0.096  0.131  0.149  0.095  0.203  0.099        1
 43:     0.229  0.136  0.069  0.121  0.216  0.124  0.095  0.010        1
 44:     0.129  0.238  0.105  0.116  0.024  0.137  0.039  0.213        1
 45:     0.208  0.046  0.045  0.087  0.149  0.113  0.066  0.285        1
 46:     0.081  0.067  0.064  0.053  0.184  0.116  0.195  0.242        1
 47:     0.088  0.141  0.076  0.074  0.340  0.068  0.115  0.098        1
 48:     0.110  0.114  0.059  0.110  0.230  0.159  0.103  0.113        1
 49:     0.149  0.028  0.044  0.212  0.228  0.174  0.006  0.159        1
 50:     0.041  0.246  0.248  0.036  0.018  0.211  0.132  0.069        1
 51:     0.154  0.095  0.170  0.217  0.061  0.158  0.059  0.086        1
 52:     0.252  0.126  0.065  0.008  0.004  0.182  0.029  0.336        1
 53:     0.017  0.040  0.053  0.262  0.183  0.249  0.068  0.127        1
 54:     0.090  0.152  0.091  0.007  0.041  0.448  0.119  0.053        1
 55:     0.219  0.067  0.040  0.035  0.088  0.220  0.294  0.036        1
 56:     0.233  0.040  0.025  0.011  0.056  0.290  0.310  0.035        1
 57:     0.134  0.089  0.030  0.017  0.023  0.410  0.282  0.016        1
 58:     0.171  0.176  0.051  0.004  0.172  0.050  0.358  0.019        1
 59:     0.146  0.023  0.067  0.117  0.011  0.149  0.391  0.095        1
 60:     0.135  0.110  0.113  0.084  0.099  0.194  0.200  0.064        1
 61:     0.139  0.005  0.108  0.084  0.068  0.387  0.106  0.101        1
 62:     0.102  0.132  0.293  0.052  0.036  0.184  0.042  0.159        1
 63:     0.165  0.053  0.116  0.037  0.152  0.065  0.364  0.047        1
 64:     0.141  0.120  0.087  0.001  0.007  0.311  0.328  0.005        1
 65:     0.087  0.087  0.126  0.011  0.078  0.177  0.428  0.006        1
 66:     0.088  0.163  0.045  0.081  0.064  0.282  0.257  0.020        1
 67:     0.240  0.014  0.085  0.078  0.036  0.303  0.243  0.001        1
 68:     0.124  0.097  0.094  0.004  0.049  0.154  0.367  0.111        1
 69:     0.149  0.007  0.114  0.031  0.180  0.421  0.093  0.006        1
 70:     0.191  0.172  0.021  0.011  0.058  0.105  0.252  0.191        1
 71:     0.101  0.044  0.066  0.023  0.009  0.336  0.404  0.017        1
 72:     0.218  0.060  0.093  0.031  0.086  0.025  0.461  0.026        1
 73:     0.113  0.037  0.078  0.060  0.020  0.354  0.318  0.020        1
 74:     0.127  0.029  0.096  0.068  0.181  0.368  0.125  0.006        1
 75:     0.100  0.079  0.077  0.111  0.056  0.205  0.339  0.034        1
 76:     0.169  0.006  0.426  0.027  0.123  0.037  0.177  0.034        1
 77:     0.099  0.075  0.043  0.011  0.099  0.197  0.419  0.056        1
 78:     0.048  0.236  0.112  0.011  0.068  0.307  0.187  0.032        1
 79:     0.191  0.086  0.076  0.097  0.086  0.421  0.031  0.012        1
 80:     0.075  0.140  0.057  0.026  0.051  0.132  0.481  0.038        1
 81:     0.242  0.049  0.093  0.010  0.130  0.067  0.386  0.023        1
 82:     0.305  0.064  0.096  0.058  0.052  0.227  0.136  0.062        1
 83:     0.304  0.101  0.069  0.048  0.150  0.266  0.049  0.012        1
 84:     0.617  0.163  0.129  0.036  0.020  0.009  0.013  0.013        1
 85:     0.541  0.026  0.114  0.025  0.140  0.095  0.033  0.026        1
 86:     0.440  0.115  0.128  0.057  0.057  0.047  0.105  0.050        1
 87:     0.691  0.035  0.112  0.069  0.027  0.006  0.059  0.001        1
 88:     0.520  0.078  0.138  0.102  0.047  0.022  0.028  0.066        1
 89:     0.685  0.067  0.116  0.014  0.031  0.024  0.047  0.014        1
 90:     0.579  0.039  0.162  0.007  0.013  0.062  0.127  0.011        1
 91:     0.515  0.065  0.145  0.018  0.019  0.057  0.049  0.133        1
 92:     0.366  0.033  0.062  0.078  0.101  0.056  0.273  0.031        1
 93:     0.661  0.002  0.175  0.005  0.009  0.064  0.056  0.027        1
 94:     0.638  0.046  0.033  0.031  0.042  0.111  0.016  0.082        1
 95:     0.614  0.055  0.170  0.041  0.020  0.050  0.039  0.010        1
 96:     0.533  0.081  0.121  0.046  0.037  0.041  0.090  0.051        1
 97:     0.524  0.099  0.146  0.030  0.036  0.051  0.081  0.033        1
 98:     0.674  0.069  0.107  0.030  0.053  0.007  0.020  0.040        1
 99:     0.763  0.023  0.053  0.046  0.002  0.019  0.069  0.025        1
100:     0.779  0.010  0.057  0.051  0.010  0.010  0.069  0.014        1
101:     0.482  0.059  0.069  0.029  0.058  0.043  0.237  0.023        1
102:     0.588  0.108  0.091  0.067  0.020  0.059  0.050  0.017        1
103:     0.536  0.080  0.143  0.063  0.025  0.073  0.045  0.035        1
104:     0.518  0.150  0.132  0.007  0.049  0.048  0.054  0.042        1
105:     0.445  0.073  0.167  0.062  0.035  0.042  0.118  0.058        1
106:     0.546  0.096  0.092  0.036  0.021  0.028  0.180  0.001        1
107:     0.504  0.034  0.136  0.009  0.052  0.008  0.141  0.116        1
108:     0.654  0.091  0.094  0.015  0.020  0.033  0.087  0.005        1
109:     0.654  0.043  0.111  0.062  0.003  0.051  0.055  0.021        1
110:     0.468  0.072  0.083  0.057  0.058  0.061  0.116  0.086        1
111:     0.633  0.115  0.047  0.014  0.055  0.014  0.111  0.011        1
112:     0.697  0.053  0.074  0.071  0.020  0.013  0.038  0.034        1
113:     0.543  0.115  0.126  0.036  0.046  0.048  0.049  0.037        1
114:     0.635  0.070  0.083  0.040  0.037  0.089  0.025  0.022        1
115:     0.687  0.069  0.083  0.090  0.012  0.047  0.001  0.012        1
116:     0.695  0.044  0.126  0.028  0.013  0.008  0.016  0.069        1
117:     0.524  0.177  0.139  0.005  0.078  0.022  0.052  0.004        1
118:     0.679  0.024  0.141  0.019  0.018  0.031  0.045  0.043        1
119:     0.677  0.069  0.094  0.032  0.053  0.008  0.026  0.042        1
120:     0.618  0.036  0.007  0.010  0.045  0.065  0.175  0.044        1
121:     0.701  0.086  0.064  0.002  0.018  0.007  0.096  0.026        1
122:     0.498  0.094  0.076  0.107  0.052  0.085  0.013  0.076        1
123:     0.640  0.031  0.102  0.004  0.025  0.076  0.047  0.074        1
124:     0.596  0.057  0.152  0.018  0.060  0.057  0.051  0.009        1
125:     0.790  0.045  0.050  0.020  0.033  0.008  0.049  0.005        1
126:     0.564  0.005  0.130  0.158  0.077  0.039  0.021  0.005        1
127:     0.545  0.185  0.093  0.037  0.014  0.010  0.109  0.007        1
128:     0.630  0.081  0.078  0.046  0.008  0.080  0.066  0.013        1
129:     0.580  0.068  0.129  0.055  0.043  0.048  0.058  0.020        1
130:     0.387  0.073  0.156  0.001  0.025  0.072  0.246  0.040        1
131:     0.681  0.009  0.131  0.002  0.010  0.015  0.102  0.051        1
132:     0.536  0.013  0.093  0.061  0.077  0.050  0.090  0.080        1
133:     0.452  0.050  0.224  0.071  0.065  0.043  0.051  0.045        1
134:     0.467  0.296  0.081  0.005  0.021  0.040  0.086  0.004        1
135:     0.550  0.101  0.034  0.016  0.020  0.079  0.148  0.052        1
136:     0.605  0.108  0.094  0.018  0.084  0.047  0.028  0.015        1
137:     0.456  0.090  0.120  0.071  0.061  0.041  0.119  0.043        1
138:     0.516  0.086  0.103  0.081  0.029  0.048  0.102  0.035        1
139:     0.648  0.099  0.088  0.016  0.015  0.026  0.056  0.051        1
140:     0.604  0.009  0.177  0.014  0.061  0.047  0.044  0.043        1
141:     0.355  0.055  0.150  0.137  0.122  0.048  0.074  0.060        1
142:     0.464  0.134  0.123  0.030  0.060  0.052  0.098  0.038        1
143:     0.511  0.073  0.130  0.048  0.027  0.043  0.107  0.061        1
144:     0.675  0.030  0.095  0.086  0.024  0.055  0.017  0.018        1
145:     0.627  0.079  0.097  0.018  0.016  0.031  0.071  0.061        1
146:     0.467  0.148  0.176  0.114  0.025  0.026  0.038  0.006        1
147:     0.681  0.000  0.159  0.040  0.052  0.038  0.013  0.017        1
148:     0.108  0.192  0.163  0.198  0.179  0.002  0.018  0.140        1
149:     0.164  0.049  0.179  0.284  0.120  0.029  0.118  0.056        1
150:     0.194  0.062  0.030  0.150  0.328  0.091  0.073  0.070        1
151:     0.141  0.106  0.073  0.140  0.179  0.096  0.128  0.137        1
152:     0.031  0.107  0.029  0.144  0.233  0.292  0.150  0.013        1
153:     0.142  0.021  0.020  0.352  0.192  0.056  0.193  0.024        1
154:     0.073  0.071  0.048  0.265  0.235  0.138  0.064  0.106        1
155:     0.114  0.098  0.049  0.042  0.310  0.020  0.066  0.301        1
156:     0.158  0.150  0.073  0.067  0.295  0.253  0.003  0.000        1
157:     0.078  0.106  0.036  0.230  0.050  0.199  0.115  0.186        1
158:     0.079  0.160  0.045  0.148  0.147  0.181  0.103  0.138        1
159:     0.124  0.225  0.016  0.065  0.168  0.086  0.193  0.124        1
160:     0.029  0.121  0.062  0.467  0.029  0.045  0.177  0.070        1
161:     0.146  0.135  0.107  0.147  0.098  0.089  0.153  0.125        1
162:     0.106  0.166  0.080  0.152  0.109  0.111  0.207  0.069        1
163:     0.113  0.102  0.063  0.170  0.289  0.060  0.045  0.159        1
164:     0.110  0.173  0.063  0.060  0.244  0.191  0.081  0.077        1
165:     0.170  0.140  0.088  0.125  0.175  0.071  0.096  0.135        1
166:     0.082  0.145  0.101  0.197  0.032  0.028  0.139  0.276        1
167:     0.110  0.369  0.006  0.302  0.018  0.086  0.051  0.058        1
168:     0.067  0.066  0.055  0.105  0.357  0.173  0.087  0.090        1
169:     0.172  0.082  0.024  0.103  0.237  0.166  0.053  0.162        1
170:     0.168  0.297  0.029  0.157  0.055  0.026  0.050  0.218        1
171:     0.112  0.122  0.023  0.090  0.186  0.228  0.100  0.139        1
172:     0.042  0.125  0.037  0.032  0.109  0.519  0.024  0.111        1
173:     0.102  0.196  0.021  0.081  0.185  0.070  0.155  0.190        1
174:     0.095  0.158  0.050  0.215  0.079  0.084  0.261  0.057        1
175:     0.098  0.147  0.058  0.157  0.149  0.111  0.129  0.150       50
176:     0.101  0.150  0.054  0.145  0.154  0.116  0.116  0.164       49
177:     0.095  0.145  0.055  0.169  0.156  0.119  0.114  0.147       50
178:     0.097  0.154  0.064  0.143  0.152  0.116  0.125  0.148       49
179:     0.091  0.140  0.066  0.142  0.160  0.098  0.134  0.168       23
180:     0.105  0.146  0.062  0.143  0.179  0.105  0.124  0.136       49
181:     0.035  0.034  0.667  0.029  0.029  0.129  0.040  0.037       30
182:     0.032  0.043  0.532  0.060  0.032  0.189  0.035  0.077       30
183:     0.108  0.136  0.106  0.139  0.182  0.115  0.097  0.116       34
184:     0.102  0.117  0.064  0.174  0.191  0.124  0.117  0.111       36
185:     0.112  0.123  0.069  0.181  0.172  0.119  0.106  0.118       40
186:     0.090  0.176  0.057  0.152  0.145  0.112  0.116  0.152       39
187:     0.100  0.123  0.067  0.140  0.184  0.102  0.129  0.156       37
188:     0.107  0.125  0.067  0.147  0.156  0.127  0.141  0.131       40
189:     0.100  0.144  0.066  0.149  0.159  0.110  0.123  0.148       35
190:     0.096  0.131  0.069  0.161  0.160  0.107  0.143  0.133       28
191:     0.081  0.124  0.062  0.161  0.188  0.114  0.120  0.149       36
192:     0.107  0.158  0.061  0.158  0.164  0.106  0.114  0.131       32
--------------------------------------------

 Rep#:   Lambda   Alpha      F1    F2    F3    F4    F5    F6    F7    F8     D1,2  D1,3  D1,4  D1,5  D1,6  D1,7  D1,8  D2,3  D2,4  D2,5  D2,6  D2,7  D2,8  D3,4  D3,5  D3,6  D3,7  D3,8  D4,5  D4,6  D4,7  D4,8  D5,6  D5,7  D5,8  D6,7  D6,8  D7,8    Ln Like 
  100:    1.00    1.571    0.140 0.011 0.305 0.011 0.012 0.029 0.010 0.009    0.029 0.070 0.030 0.031 0.034 0.029 0.030 0.051 0.003 0.004 0.007 0.003 0.003 0.051 0.052 0.048 0.051 0.050 0.003 0.007 0.004 0.003 0.007 0.004 0.003 0.007 0.007 0.003   --  
  200:    1.00    1.230    0.218 0.011 0.253 0.011 0.012 0.242 0.010 0.009    0.038 0.059 0.038 0.039 0.063 0.038 0.038 0.036 0.003 0.003 0.039 0.003 0.003 0.036 0.036 0.063 0.035 0.035 0.003 0.040 0.003 0.003 0.040 0.003 0.003 0.039 0.039 0.003   --  
  300:    1.00    1.064    0.194 0.011 0.201 0.011 0.011 0.259 0.010 0.009    0.035 0.051 0.035 0.035 0.062 0.035 0.035 0.030 0.003 0.003 0.043 0.003 0.003 0.031 0.031 0.060 0.030 0.030 0.003 0.043 0.003 0.003 0.043 0.004 0.003 0.042 0.042 0.003   --  
  400:    1.00    0.965    0.182 0.011 0.182 0.011 0.011 0.263 0.011 0.009    0.033 0.048 0.033 0.033 0.061 0.033 0.033 0.029 0.003 0.003 0.043 0.004 0.003 0.029 0.029 0.058 0.029 0.028 0.003 0.043 0.004 0.003 0.043 0.004 0.003 0.043 0.043 0.003   --  
  500:    1.00    0.870    0.172 0.011 0.183 0.011 0.011 0.259 0.012 0.009    0.032 0.047 0.032 0.032 0.061 0.032 0.031 0.028 0.003 0.003 0.043 0.004 0.003 0.028 0.028 0.058 0.029 0.028 0.003 0.043 0.004 0.003 0.043 0.004 0.003 0.043 0.043 0.003   --  
  600:    1.00    0.810    0.166 0.011 0.191 0.011 0.011 0.260 0.022 0.009    0.031 0.047 0.031 0.031 0.060 0.032 0.030 0.029 0.003 0.003 0.043 0.006 0.003 0.029 0.029 0.059 0.031 0.029 0.004 0.043 0.006 0.003 0.043 0.006 0.003 0.045 0.042 0.006   --  
  700:    1.00    0.753    0.171 0.011 0.219 0.011 0.012 0.255 0.205 0.009    0.031 0.050 0.031 0.031 0.059 0.052 0.031 0.033 0.003 0.003 0.042 0.038 0.003 0.033 0.034 0.061 0.051 0.033 0.003 0.042 0.038 0.003 0.043 0.039 0.003 0.064 0.042 0.038   --  
  800:    1.00    0.718    0.165 0.011 0.224 0.011 0.012 0.259 0.269 0.009    0.031 0.050 0.031 0.031 0.059 0.053 0.030 0.034 0.003 0.003 0.042 0.041 0.003 0.034 0.034 0.062 0.048 0.033 0.004 0.042 0.041 0.003 0.043 0.042 0.003 0.065 0.042 0.041   --  
  900:    1.00    0.693    0.164 0.011 0.226 0.011 0.012 0.250 0.250 0.009    0.030 0.051 0.030 0.031 0.058 0.052 0.030 0.034 0.003 0.003 0.041 0.039 0.003 0.034 0.034 0.062 0.046 0.034 0.003 0.041 0.039 0.003 0.042 0.039 0.003 0.063 0.041 0.038   --  

--------------------------------------------
Proportion of membership of each pre-defined
 population in each of the 8 clusters

Given    Inferred Clusters                                          Number of
 Pop       1      2      3      4      5      6      7      8      Individuals

  1:     0.056  0.202  0.050  0.179  0.171  0.054  0.088  0.199       54
  2:     0.044  0.174  0.047  0.193  0.218  0.064  0.089  0.172       30
  3:     0.057  0.030  0.513  0.028  0.024  0.053  0.220  0.075       30
  4:     0.005  0.001  0.054  0.001  0.002  0.001  0.934  0.002       20
  5:     0.014  0.006  0.123  0.006  0.005  0.009  0.828  0.009       30
  6:     0.052  0.211  0.044  0.197  0.170  0.053  0.084  0.188       43
  7:     0.048  0.182  0.042  0.215  0.209  0.046  0.090  0.168       44
  8:     0.048  0.181  0.013  0.131  0.267  0.060  0.076  0.223        4
  9:     0.048  0.170  0.019  0.208  0.191  0.055  0.068  0.242       22
 10:     0.055  0.208  0.024  0.161  0.267  0.055  0.060  0.171       24
 11:     0.055  0.204  0.041  0.181  0.207  0.050  0.087  0.175       54
 12:     0.044  0.203  0.041  0.184  0.226  0.055  0.083  0.164       37
 13:     0.051  0.180  0.050  0.165  0.200  0.054  0.090  0.211       42
 14:     0.049  0.182  0.040  0.188  0.215  0.053  0.086  0.187       42
 15:     0.056  0.159  0.045  0.199  0.220  0.053  0.085  0.185       49
 16:     0.056  0.179  0.049  0.202  0.181  0.052  0.086  0.197      124
 17:     0.050  0.139  0.043  0.210  0.202  0.061  0.085  0.210       24
 18:     0.052  0.187  0.038  0.172  0.244  0.062  0.077  0.168       34
 19:     0.051  0.168  0.047  0.192  0.238  0.056  0.082  0.166       52
 20:     0.038  0.148  0.056  0.093  0.420  0.029  0.064  0.152        1
 21:     0.131  0.193  0.019  0.217  0.023  0.091  0.059  0.267        1
 22:     0.056  0.004  0.048  0.323  0.202  0.081  0.102  0.183        1
 23:     0.080  0.232  0.058  0.214  0.049  0.074  0.133  0.160        1
 24:     0.059  0.195  0.035  0.262  0.194  0.049  0.055  0.152        1
 25:     0.068  0.166  0.089  0.308  0.059  0.019  0.125  0.166        1
 26:     0.083  0.122  0.032  0.139  0.025  0.078  0.077  0.444        1
 27:     0.062  0.181  0.059  0.031  0.363  0.074  0.106  0.124        1
 28:     0.061  0.088  0.045  0.338  0.003  0.085  0.033  0.347        1
 29:     0.058  0.114  0.031  0.082  0.270  0.102  0.021  0.322        1
 30:     0.063  0.091  0.067  0.326  0.128  0.016  0.151  0.156        1
 31:     0.047  0.143  0.073  0.202  0.024  0.067  0.215  0.230        1
 32:     0.083  0.112  0.051  0.151  0.326  0.042  0.071  0.163        1
 33:     0.015  0.402  0.042  0.035  0.111  0.087  0.141  0.166        1
 34:     0.067  0.242  0.014  0.104  0.427  0.093  0.042  0.012        1
 35:     0.076  0.394  0.046  0.064  0.015  0.071  0.051  0.283        1
 36:     0.094  0.268  0.065  0.073  0.258  0.071  0.076  0.094        1
 37:     0.078  0.461  0.042  0.099  0.148  0.027  0.090  0.055        1
 38:     0.117  0.282  0.026  0.068  0.188  0.039  0.146  0.134        1
 39:     0.083  0.314  0.018  0.091  0.161  0.084  0.077  0.171        1
 40:     0.116  0.209  0.029  0.109  0.147  0.099  0.096  0.196        1
 41:     0.049  0.290  0.022  0.213  0.176  0.065  0.051  0.133        1
 42:     0.085  0.136  0.046  0.401  0.152  0.060  0.070  0.050        1
 43:     0.075  0.090  0.041  0.183  0.348  0.053  0.085  0.124        1
 44:     0.024  0.253  0.063  0.283  0.010  0.056  0.169  0.143        1
 45:     0.065  0.076  0.019  0.155  0.361  0.087  0.071  0.167        1
 46:     0.119  0.087  0.058  0.119  0.182  0.060  0.026  0.351        1
 47:     0.093  0.105  0.032  0.035  0.607  0.035  0.032  0.061        1
 48:     0.096  0.067  0.024  0.044  0.560  0.042  0.054  0.113        1
 49:     0.052  0.064  0.037  0.224  0.368  0.078  0.011  0.165        1
 50:     0.055  0.274  0.161  0.001  0.050  0.029  0.301  0.128        1
 51:     0.110  0.186  0.083  0.048  0.203  0.038  0.226  0.107        1
 52:     0.069  0.169  0.062  0.201  0.007  0.061  0.089  0.342        1
 53:     0.094  0.130  0.065  0.169  0.254  0.081  0.062  0.145        1
 54:     0.002  0.000  0.010  0.000  0.000  0.976  0.009  0.003        1
 55:     0.001  0.000  0.011  0.002  0.001  0.970  0.015  0.000        1
 56:     0.034  0.061  0.013  0.007  0.022  0.838  0.017  0.008        1
 57:     0.000  0.009  0.001  0.005  0.028  0.924  0.005  0.027        1
 58:     0.009  0.002  0.002  0.004  0.067  0.896  0.007  0.013        1
 59:     0.012  0.001  0.040  0.005  0.009  0.835  0.029  0.069        1
 60:     0.003  0.000  0.001  0.006  0.004  0.977  0.007  0.002        1
 61:     0.003  0.002  0.002  0.001  0.000  0.990  0.001  0.001        1
 62:     0.048  0.014  0.233  0.334  0.060  0.016  0.285  0.011        1
 63:     0.026  0.001  0.002  0.003  0.003  0.903  0.060  0.003        1
 64:     0.002  0.000  0.000  0.000  0.001  0.996  0.000  0.000        1
 65:     0.001  0.001  0.000  0.002  0.000  0.996  0.000  0.001        1
 66:     0.010  0.011  0.009  0.001  0.001  0.941  0.010  0.016        1
 67:     0.094  0.008  0.032  0.022  0.061  0.598  0.079  0.107        1
 68:     0.044  0.004  0.023  0.002  0.001  0.913  0.010  0.003        1
 69:     0.000  0.000  0.004  0.011  0.004  0.968  0.012  0.001        1
 70:     0.007  0.057  0.033  0.012  0.011  0.782  0.022  0.077        1
 71:     0.002  0.000  0.001  0.006  0.002  0.989  0.000  0.000        1
 72:     0.001  0.000  0.002  0.001  0.000  0.995  0.002  0.000        1
 73:     0.001  0.000  0.001  0.000  0.000  0.997  0.000  0.000        1
 74:     0.000  0.021  0.014  0.008  0.022  0.751  0.107  0.077        1
 75:     0.001  0.003  0.000  0.001  0.000  0.995  0.000  0.001        1
 76:     0.090  0.015  0.367  0.094  0.122  0.007  0.287  0.018        1
 77:     0.000  0.000  0.001  0.002  0.002  0.994  0.000  0.000        1
 78:     0.002  0.106  0.030  0.013  0.001  0.792  0.039  0.017        1
 79:     0.000  0.000  0.001  0.000  0.002  0.995  0.000  0.000        1
 80:     0.007  0.000  0.007  0.010  0.000  0.965  0.005  0.006        1
 81:     0.001  0.000  0.000  0.002  0.003  0.991  0.001  0.001        1
 82:     0.152  0.076  0.040  0.060  0.094  0.517  0.057  0.005        1
 83:     0.001  0.000  0.000  0.001  0.000  0.996  0.000  0.001        1
 84:     0.908  0.000  0.029  0.003  0.003  0.035  0.001  0.021        1
 85:     0.910  0.001  0.028  0.002  0.000  0.013  0.046  0.001        1
 86:     0.825  0.001  0.025  0.005  0.062  0.043  0.002  0.038        1
 87:     0.947  0.014  0.003  0.010  0.013  0.005  0.007  0.001        1
 88:     0.972  0.001  0.000  0.000  0.008  0.009  0.008  0.002        1
 89:     0.936  0.004  0.002  0.019  0.033  0.001  0.000  0.005        1
 90:     0.954  0.004  0.007  0.000  0.003  0.006  0.025  0.002        1
 91:     0.940  0.018  0.006  0.007  0.009  0.010  0.009  0.000        1
 92:     0.843  0.066  0.031  0.000  0.025  0.010  0.017  0.009        1
 93:     0.893  0.004  0.062  0.002  0.002  0.011  0.021  0.005        1
 94:     0.879  0.027  0.034  0.020  0.025  0.006  0.003  0.005        1
 95:     0.870  0.039  0.011  0.003  0.001  0.002  0.048  0.025        1
 96:     0.981  0.002  0.000  0.001  0.008  0.006  0.000  0.000        1
 97:     0.932  0.000  0.016  0.003  0.001  0.005  0.042  0.000        1
 98:     0.936  0.012  0.020  0.000  0.003  0.025  0.002  0.002        1
 99:     0.996  0.001  0.000  0.001  0.001  0.000  0.001  0.001        1
100:     0.964  0.000  0.006  0.000  0.001  0.005  0.024  0.001        1
101:     0.744  0.072  0.016  0.024  0.043  0.027  0.059  0.014        1
102:     0.758  0.106  0.042  0.000  0.003  0.024  0.001  0.066        1
103:     0.966  0.001  0.003  0.000  0.010  0.001  0.011  0.007        1
104:     0.929  0.010  0.012  0.006  0.014  0.027  0.001  0.001        1
105:     0.872  0.010  0.063  0.000  0.001  0.025  0.024  0.004        1
106:     0.771  0.016  0.006  0.078  0.015  0.035  0.048  0.032        1
107:     0.939  0.004  0.045  0.008  0.001  0.000  0.001  0.000        1
108:     0.800  0.078  0.000  0.001  0.018  0.011  0.065  0.027        1
109:     0.750  0.003  0.046  0.006  0.100  0.013  0.064  0.018        1
110:     0.750  0.120  0.000  0.026  0.051  0.026  0.015  0.011        1
111:     0.954  0.000  0.024  0.003  0.001  0.001  0.008  0.008        1
112:     0.976  0.004  0.003  0.005  0.001  0.005  0.005  0.000        1
113:     0.946  0.008  0.024  0.003  0.002  0.003  0.004  0.011        1
114:     0.956  0.000  0.001  0.001  0.019  0.018  0.005  0.000        1
115:     0.905  0.000  0.003  0.061  0.021  0.002  0.004  0.003        1
116:     0.969  0.006  0.000  0.000  0.003  0.001  0.008  0.012        1
117:     0.924  0.000  0.044  0.002  0.003  0.000  0.023  0.004        1
118:     0.910  0.008  0.066  0.000  0.002  0.009  0.001  0.004        1
119:     0.841  0.018  0.000  0.029  0.042  0.021  0.034  0.015        1
120:     0.931  0.010  0.013  0.001  0.000  0.032  0.000  0.013        1
121:     0.926  0.006  0.029  0.031  0.004  0.001  0.002  0.000        1
122:     0.930  0.021  0.001  0.010  0.012  0.006  0.015  0.005        1
123:     0.973  0.000  0.009  0.003  0.002  0.004  0.007  0.002        1
124:     0.790  0.002  0.032  0.004  0.011  0.005  0.088  0.067        1
125:     0.967  0.002  0.000  0.004  0.014  0.001  0.004  0.008        1
126:     0.845  0.019  0.020  0.051  0.021  0.036  0.007  0.000        1
127:     0.918  0.019  0.024  0.002  0.012  0.001  0.010  0.014        1
128:     0.924  0.015  0.003  0.012  0.026  0.008  0.011  0.001        1
129:     0.985  0.002  0.000  0.002  0.004  0.001  0.004  0.001        1
130:     0.894  0.002  0.016  0.000  0.001  0.005  0.071  0.011        1
131:     0.992  0.004  0.000  0.000  0.001  0.003  0.000  0.000        1
132:     0.787  0.018  0.057  0.009  0.034  0.007  0.055  0.033        1
133:     0.823  0.002  0.054  0.006  0.011  0.014  0.085  0.005        1
134:     0.801  0.047  0.025  0.070  0.020  0.018  0.009  0.010        1
135:     0.751  0.070  0.010  0.058  0.014  0.000  0.052  0.045        1
136:     0.990  0.002  0.001  0.000  0.006  0.001  0.000  0.000        1
137:     0.930  0.000  0.034  0.004  0.010  0.018  0.003  0.001        1
138:     0.983  0.001  0.009  0.001  0.001  0.000  0.005  0.000        1
139:     0.872  0.001  0.045  0.000  0.005  0.018  0.050  0.010        1
140:     0.835  0.000  0.003  0.001  0.005  0.004  0.149  0.003        1
141:     0.973  0.004  0.015  0.002  0.001  0.000  0.003  0.002        1
142:     0.842  0.037  0.028  0.020  0.007  0.021  0.027  0.018        1
143:     0.925  0.001  0.035  0.003  0.001  0.000  0.028  0.007        1
144:     0.931  0.003  0.012  0.011  0.000  0.002  0.032  0.009        1
145:     0.966  0.009  0.005  0.004  0.000  0.008  0.005  0.003        1
146:     0.897  0.015  0.048  0.006  0.009  0.003  0.002  0.020        1
147:     0.966  0.002  0.013  0.004  0.007  0.000  0.008  0.000        1
148:     0.128  0.169  0.081  0.019  0.171  0.094  0.077  0.261        1
149:     0.115  0.088  0.134  0.140  0.120  0.034  0.096  0.272        1
150:     0.085  0.024  0.026  0.328  0.327  0.086  0.061  0.062        1
151:     0.074  0.030  0.040  0.177  0.291  0.049  0.076  0.263        1
152:     0.056  0.277  0.077  0.066  0.044  0.049  0.106  0.326        1
153:     0.039  0.037  0.052  0.315  0.345  0.075  0.079  0.058        1
154:     0.027  0.096  0.016  0.332  0.234  0.067  0.112  0.116        1
155:     0.060  0.403  0.008  0.092  0.183  0.057  0.140  0.058        1
156:     0.056  0.431  0.068  0.040  0.188  0.073  0.091  0.053        1
157:     0.050  0.138  0.032  0.381  0.116  0.058  0.107  0.118        1
158:     0.088  0.238  0.050  0.290  0.138  0.058  0.061  0.078        1
159:     0.084  0.386  0.016  0.127  0.143  0.060  0.054  0.131        1
160:     0.033  0.081  0.042  0.527  0.170  0.030  0.067  0.050        1
161:     0.114  0.093  0.053  0.144  0.042  0.053  0.107  0.393        1
162:     0.052  0.146  0.054  0.407  0.037  0.090  0.063  0.151        1
163:     0.089  0.074  0.048  0.146  0.351  0.096  0.102  0.095        1
164:     0.057  0.278  0.051  0.085  0.336  0.079  0.075  0.040        1
165:     0.126  0.405  0.045  0.037  0.128  0.057  0.107  0.095        1
166:     0.002  0.090  0.042  0.361  0.153  0.063  0.135  0.153        1
167:     0.070  0.332  0.072  0.244  0.034  0.060  0.062  0.126        1
168:     0.021  0.027  0.016  0.372  0.393  0.051  0.077  0.043        1
169:     0.112  0.122  0.023  0.103  0.484  0.045  0.092  0.017        1
170:     0.108  0.229  0.015  0.280  0.011  0.065  0.042  0.250        1
171:     0.087  0.054  0.000  0.268  0.328  0.056  0.052  0.155        1
172:     0.023  0.100  0.047  0.004  0.194  0.096  0.101  0.435        1
173:     0.026  0.329  0.004  0.061  0.207  0.045  0.103  0.226        1
174:     0.074  0.187  0.036  0.275  0.037  0.079  0.043  0.269        1
175:     0.051  0.169  0.048  0.209  0.179  0.055  0.086  0.202       50
176:     0.047  0.172  0.050  0.198  0.194  0.053  0.076  0.210       49
177:     0.051  0.167  0.045  0.233  0.190  0.051  0.076  0.188       50
178:     0.049  0.174  0.050  0.189  0.175  0.059  0.082  0.223       49
179:     0.053  0.162  0.035  0.175  0.228  0.054  0.097  0.196       23
180:     0.048  0.199  0.043  0.196  0.182  0.056  0.083  0.193       49
181:     0.003  0.003  0.963  0.003  0.004  0.006  0.016  0.002       30
182:     0.010  0.007  0.860  0.005  0.006  0.015  0.087  0.009       30
183:     0.069  0.137  0.091  0.134  0.318  0.043  0.087  0.120       34
184:     0.046  0.150  0.044  0.187  0.288  0.051  0.079  0.154       36
185:     0.057  0.145  0.049  0.211  0.258  0.051  0.087  0.141       40
186:     0.050  0.170  0.039  0.200  0.225  0.057  0.080  0.179       39
187:     0.051  0.146  0.052  0.190  0.251  0.055  0.088  0.167       37
188:     0.056  0.134  0.049  0.174  0.294  0.052  0.092  0.149       40
189:     0.044  0.143  0.053  0.174  0.241  0.052  0.088  0.206       35
190:     0.050  0.165  0.057  0.214  0.219  0.057  0.087  0.152       28
191:     0.050  0.152  0.049  0.181  0.250  0.048  0.083  0.186       36
192:     0.047  0.147  0.046  0.172  0.255  0.055  0.087  0.191       32
--------------------------------------------

 Rep#:   Lambda   Alpha      F1    F2    F3    F4    F5    F6    F7    F8     D1,2  D1,3  D1,4  D1,5  D1,6  D1,7  D1,8  D2,3  D2,4  D2,5  D2,6  D2,7  D2,8  D3,4  D3,5  D3,6  D3,7  D3,8  D4,5  D4,6  D4,7  D4,8  D5,6  D5,7  D5,8  D6,7  D6,8  D7,8    Ln Like 
 1000:    1.00    0.681    0.167 0.011 0.227 0.011 0.012 0.257 0.239 0.009    0.030 0.052 0.030 0.031 0.060 0.051 0.030 0.034 0.003 0.003 0.042 0.037 0.003 0.034 0.034 0.064 0.045 0.033 0.003 0.042 0.037 0.003 0.043 0.037 0.003 0.063 0.042 0.036   --  
 1100:    1.00    0.638    0.166 0.011 0.233 0.010 0.012 0.252 0.232 0.009    0.030 0.053 0.030 0.031 0.059 0.051 0.030 0.034 0.003 0.003 0.041 0.036 0.003 0.034 0.035 0.063 0.045 0.034 0.003 0.041 0.036 0.003 0.042 0.036 0.003 0.062 0.041 0.035   --  
 1200:    1.00    0.626    0.163 0.011 0.233 0.010 0.012 0.255 0.224 0.009    0.029 0.052 0.029 0.030 0.059 0.050 0.029 0.034 0.003 0.003 0.042 0.035 0.003 0.034 0.034 0.064 0.044 0.034 0.003 0.041 0.034 0.003 0.042 0.035 0.003 0.063 0.041 0.034   --  
 1300:    1.00    0.581    0.165 0.011 0.233 0.010 0.012 0.251 0.220 0.009    0.029 0.053 0.029 0.030 0.059 0.049 0.029 0.034 0.003 0.003 0.041 0.033 0.003 0.034 0.035 0.064 0.045 0.034 0.003 0.041 0.033 0.003 0.041 0.034 0.003 0.062 0.040 0.033   --  
 1400:    1.00    0.556    0.160 0.011 0.231 0.010 0.012 0.251 0.216 0.009    0.029 0.053 0.029 0.029 0.059 0.049 0.028 0.034 0.003 0.003 0.040 0.034 0.003 0.034 0.035 0.064 0.045 0.034 0.003 0.040 0.033 0.003 0.040 0.034 0.003 0.062 0.040 0.033   --  
 1500:    1.00    0.520    0.155 0.010 0.238 0.010 0.012 0.251 0.220 0.009    0.028 0.054 0.028 0.029 0.059 0.049 0.028 0.035 0.003 0.003 0.040 0.033 0.003 0.035 0.035 0.065 0.045 0.035 0.003 0.041 0.033 0.003 0.041 0.033 0.003 0.061 0.040 0.033   --  
 1600:    1.00    0.521    0.159 0.010 0.236 0.010 0.012 0.247 0.219 0.009    0.028 0.054 0.028 0.029 0.059 0.049 0.028 0.035 0.003 0.003 0.040 0.033 0.003 0.035 0.035 0.065 0.046 0.034 0.003 0.040 0.033 0.003 0.040 0.033 0.003 0.061 0.039 0.033   --  
 1700:    1.00    0.494    0.156 0.010 0.241 0.010 0.012 0.247 0.209 0.009    0.028 0.054 0.028 0.029 0.059 0.049 0.028 0.035 0.003 0.003 0.040 0.032 0.003 0.035 0.035 0.065 0.046 0.034 0.003 0.039 0.032 0.003 0.040 0.033 0.003 0.060 0.039 0.032   --  
 1800:    1.00    0.464    0.156 0.010 0.240 0.010 0.012 0.248 0.216 0.009    0.028 0.054 0.028 0.028 0.058 0.049 0.027 0.035 0.003 0.003 0.039 0.032 0.003 0.035 0.036 0.065 0.047 0.035 0.003 0.039 0.032 0.003 0.040 0.033 0.003 0.061 0.039 0.032   --  
 1900:    1.00    0.447    0.152 0.010 0.241 0.010 0.012 0.249 0.209 0.009    0.028 0.055 0.028 0.028 0.059 0.049 0.027 0.036 0.003 0.003 0.040 0.032 0.003 0.036 0.036 0.067 0.048 0.035 0.004 0.040 0.032 0.003 0.040 0.032 0.003 0.062 0.040 0.031   --  

--------------------------------------------
Proportion of membership of each pre-defined
 population in each of the 8 clusters

Given    Inferred Clusters                                          Number of
 Pop       1      2      3      4      5      6      7      8      Individuals

  1:     0.033  0.247  0.033  0.215  0.168  0.030  0.054  0.221       54
  2:     0.030  0.210  0.028  0.218  0.180  0.032  0.052  0.251       30
  3:     0.044  0.031  0.432  0.025  0.006  0.044  0.300  0.118       30
  4:     0.003  0.002  0.019  0.003  0.001  0.001  0.970  0.001       20
  5:     0.009  0.007  0.061  0.013  0.014  0.007  0.879  0.010       30
  6:     0.032  0.270  0.028  0.198  0.174  0.029  0.049  0.220       43
  7:     0.029  0.209  0.026  0.262  0.201  0.024  0.051  0.198       44
  8:     0.038  0.192  0.015  0.115  0.225  0.032  0.024  0.358        4
  9:     0.023  0.224  0.008  0.226  0.176  0.026  0.021  0.296       22
 10:     0.024  0.274  0.014  0.185  0.219  0.032  0.024  0.228       24
 11:     0.032  0.224  0.025  0.229  0.201  0.026  0.055  0.208       54
 12:     0.024  0.250  0.027  0.233  0.192  0.030  0.043  0.202       37
 13:     0.033  0.234  0.027  0.192  0.195  0.032  0.056  0.231       42
 14:     0.025  0.209  0.028  0.221  0.203  0.028  0.057  0.229       42
 15:     0.033  0.197  0.029  0.190  0.236  0.030  0.057  0.228       49
 16:     0.030  0.235  0.033  0.223  0.164  0.030  0.057  0.228      124
 17:     0.040  0.173  0.025  0.225  0.195  0.031  0.047  0.264       24
 18:     0.029  0.213  0.023  0.224  0.260  0.033  0.042  0.176       34
 19:     0.028  0.199  0.029  0.237  0.229  0.032  0.049  0.199       52
 20:     0.037  0.368  0.057  0.139  0.284  0.050  0.025  0.039        1
 21:     0.105  0.259  0.001  0.197  0.033  0.050  0.000  0.355        1
 22:     0.025  0.003  0.008  0.318  0.187  0.054  0.051  0.355        1
 23:     0.095  0.349  0.011  0.385  0.008  0.039  0.103  0.009        1
 24:     0.042  0.381  0.000  0.218  0.001  0.042  0.053  0.263        1
 25:     0.063  0.380  0.024  0.277  0.043  0.000  0.093  0.120        1
 26:     0.035  0.257  0.013  0.115  0.094  0.037  0.053  0.397        1
 27:     0.081  0.148  0.069  0.069  0.467  0.019  0.075  0.073        1
 28:     0.046  0.114  0.064  0.360  0.022  0.049  0.002  0.344        1
 29:     0.046  0.390  0.032  0.065  0.201  0.041  0.004  0.220        1
 30:     0.046  0.137  0.043  0.416  0.145  0.049  0.115  0.049        1
 31:     0.026  0.398  0.062  0.003  0.001  0.028  0.197  0.283        1
 32:     0.056  0.197  0.030  0.240  0.180  0.030  0.021  0.247        1
 33:     0.005  0.293  0.021  0.031  0.404  0.091  0.117  0.039        1
 34:     0.012  0.263  0.030  0.109  0.414  0.070  0.042  0.059        1
 35:     0.009  0.231  0.015  0.143  0.079  0.045  0.048  0.430        1
 36:     0.060  0.192  0.030  0.261  0.050  0.072  0.042  0.292        1
 37:     0.065  0.609  0.011  0.114  0.148  0.001  0.045  0.007        1
 38:     0.125  0.221  0.006  0.122  0.203  0.030  0.089  0.204        1
 39:     0.051  0.399  0.019  0.017  0.307  0.080  0.026  0.100        1
 40:     0.099  0.292  0.030  0.283  0.088  0.030  0.055  0.123        1
 41:     0.077  0.567  0.002  0.092  0.099  0.060  0.023  0.080        1
 42:     0.031  0.183  0.033  0.310  0.189  0.031  0.057  0.166        1
 43:     0.039  0.045  0.013  0.600  0.217  0.034  0.040  0.012        1
 44:     0.000  0.362  0.023  0.244  0.047  0.035  0.143  0.146        1
 45:     0.052  0.157  0.004  0.148  0.170  0.073  0.048  0.348        1
 46:     0.109  0.108  0.033  0.191  0.158  0.031  0.022  0.347        1
 47:     0.032  0.018  0.000  0.018  0.879  0.034  0.018  0.000        1
 48:     0.024  0.000  0.026  0.000  0.859  0.030  0.001  0.060        1
 49:     0.063  0.157  0.007  0.195  0.238  0.031  0.027  0.283        1
 50:     0.035  0.423  0.069  0.001  0.034  0.008  0.320  0.110        1
 51:     0.044  0.178  0.061  0.123  0.225  0.041  0.178  0.150        1
 52:     0.095  0.241  0.036  0.059  0.007  0.053  0.033  0.475        1
 53:     0.021  0.141  0.037  0.242  0.334  0.028  0.074  0.125        1
 54:     0.001  0.005  0.012  0.000  0.001  0.977  0.003  0.001        1
 55:     0.000  0.001  0.001  0.003  0.001  0.992  0.001  0.001        1
 56:     0.016  0.054  0.002  0.002  0.004  0.827  0.005  0.091        1
