

----------------------------------------------------
STRUCTURE by Pritchard, Stephens and Donnelly (2000)
     and Falush, Stephens and Pritchard (2003)
       Code by Pritchard, Falush and Hubisz
             Version 2.3.4 (Jul 2012)
----------------------------------------------------


Reading file "/workdir/yc2644/CV_CT_array/structure/threader_input/mainparams".
Reading file "/workdir/yc2644/CV_CT_array/structure/threader_input/extraparams".
Reading file "/workdir/yc2644/CV_CT_array/structure/threader_input/n1601.recode.strct_in".


Data file "/workdir/yc2644/CV_CT_array/structure/threader_input/n1601.recode.strct_in" (truncated) --

Ind:   Label Pop : Genotype_data . . . .
  1:  001s    1  :  2   1   2   2   2   1   2  . . . .   2
  1:  001s    1  :  2   2   2   2   2   2   2  . . . .   2
  2:  002s    1  :  2   2   2   2   1   1   2  . . . .   2
  2:  002s    1  :  2   2   2   2   2   2   2  . . . .   2
  3:  003s    1  :  1   2   1   2   2   2   2  . . . .   1
  3:  003s    1  :  2   2   1   2   2   2   2  . . . .   2
  4:  004s    1  :  1   1   2   2   1   2   2  . . . .   1
  4:  004s    1  :  2   1   2   2   2   2   2  . . . .   2

      *******   

1600:    49  192  :  2   2   2   2   2   1   2  . . . .   1
1600:    49  192  :  2   2   2   2   2   2   2  . . . .   2
1601:    50  192  :  2   1   2   2   1   2   2  . . . .   1
1601:    50  192  :  2   2   2   2   2   2   2  . . . .   2

Number of alleles per locus: min= 2; ave=2.0; max= 2


--------------------------------------

Finished initialization; starting MCMC 
100000 iterations + 10000 burnin


--------------------------------------------
Proportion of membership of each pre-defined
 population in each of the 8 clusters

Given    Inferred Clusters                                          Number of
 Pop       1      2      3      4      5      6      7      8      Individuals

  1:     0.139  0.108  0.169  0.108  0.115  0.128  0.072  0.159       54
  2:     0.120  0.103  0.152  0.120  0.136  0.129  0.077  0.164       30
  3:     0.066  0.126  0.045  0.069  0.091  0.060  0.478  0.065       30
  4:     0.094  0.113  0.033  0.055  0.099  0.070  0.465  0.072       20
  5:     0.067  0.145  0.039  0.050  0.117  0.079  0.439  0.064       30
  6:     0.128  0.130  0.167  0.106  0.095  0.159  0.064  0.151       43
  7:     0.136  0.111  0.201  0.113  0.120  0.120  0.063  0.137       44
  8:     0.179  0.090  0.221  0.121  0.123  0.113  0.041  0.111        4
  9:     0.121  0.121  0.173  0.108  0.118  0.138  0.059  0.163       22
 10:     0.139  0.097  0.187  0.116  0.130  0.136  0.048  0.146       24
 11:     0.134  0.110  0.170  0.112  0.121  0.146  0.065  0.142       54
 12:     0.128  0.115  0.165  0.125  0.115  0.138  0.068  0.147       37
 13:     0.132  0.125  0.174  0.105  0.129  0.131  0.076  0.128       42
 14:     0.131  0.102  0.205  0.109  0.100  0.116  0.068  0.169       42
 15:     0.118  0.132  0.166  0.108  0.113  0.125  0.070  0.168       49
 16:     0.148  0.128  0.167  0.102  0.118  0.122  0.071  0.145      124
 17:     0.124  0.110  0.173  0.100  0.121  0.157  0.068  0.146       24
 18:     0.155  0.099  0.156  0.108  0.125  0.139  0.064  0.154       34
 19:     0.126  0.126  0.203  0.106  0.124  0.109  0.074  0.132       52
 20:     0.184  0.220  0.087  0.107  0.019  0.138  0.035  0.210        1
 21:     0.045  0.114  0.131  0.255  0.265  0.012  0.067  0.110        1
 22:     0.105  0.063  0.200  0.054  0.113  0.295  0.042  0.127        1
 23:     0.307  0.135  0.066  0.047  0.051  0.138  0.123  0.135        1
 24:     0.096  0.328  0.212  0.117  0.121  0.059  0.027  0.039        1
 25:     0.042  0.037  0.200  0.044  0.157  0.166  0.100  0.253        1
 26:     0.155  0.050  0.099  0.130  0.104  0.280  0.057  0.125        1
 27:     0.177  0.286  0.075  0.068  0.037  0.110  0.093  0.155        1
 28:     0.096  0.128  0.139  0.184  0.123  0.138  0.053  0.140        1
 29:     0.125  0.064  0.367  0.146  0.119  0.116  0.031  0.031        1
 30:     0.077  0.092  0.161  0.163  0.140  0.109  0.101  0.156        1
 31:     0.107  0.142  0.135  0.103  0.175  0.120  0.128  0.090        1
 32:     0.167  0.115  0.283  0.109  0.139  0.025  0.022  0.139        1
 33:     0.144  0.013  0.121  0.140  0.365  0.029  0.088  0.099        1
 34:     0.043  0.060  0.246  0.110  0.253  0.188  0.066  0.033        1
 35:     0.111  0.039  0.144  0.134  0.143  0.151  0.020  0.258        1
 36:     0.042  0.158  0.273  0.200  0.018  0.045  0.083  0.182        1
 37:     0.210  0.125  0.149  0.028  0.157  0.067  0.066  0.198        1
 38:     0.117  0.138  0.162  0.158  0.109  0.142  0.085  0.089        1
 39:     0.131  0.028  0.132  0.228  0.188  0.257  0.008  0.028        1
 40:     0.122  0.135  0.139  0.147  0.114  0.139  0.077  0.126        1
 41:     0.206  0.069  0.160  0.136  0.060  0.130  0.057  0.182        1
 42:     0.110  0.160  0.109  0.119  0.073  0.131  0.083  0.216        1
 43:     0.105  0.236  0.101  0.004  0.258  0.186  0.030  0.080        1
 44:     0.101  0.183  0.147  0.144  0.141  0.121  0.067  0.096        1
 45:     0.038  0.046  0.276  0.034  0.030  0.354  0.093  0.132        1
 46:     0.269  0.021  0.040  0.088  0.132  0.124  0.092  0.233        1
 47:     0.024  0.093  0.296  0.043  0.135  0.148  0.071  0.189        1
 48:     0.019  0.090  0.260  0.022  0.171  0.232  0.039  0.168        1
 49:     0.191  0.245  0.075  0.042  0.321  0.041  0.034  0.051        1
 50:     0.130  0.124  0.200  0.075  0.071  0.079  0.215  0.105        1
 51:     0.269  0.056  0.111  0.127  0.128  0.001  0.200  0.108        1
 52:     0.133  0.211  0.013  0.174  0.269  0.081  0.062  0.057        1
 53:     0.242  0.028  0.290  0.087  0.094  0.073  0.107  0.080        1
 54:     0.058  0.031  0.104  0.245  0.119  0.195  0.108  0.141        1
 55:     0.099  0.108  0.050  0.357  0.092  0.123  0.122  0.049        1
 56:     0.028  0.037  0.046  0.357  0.071  0.175  0.091  0.196        1
 57:     0.016  0.033  0.120  0.420  0.119  0.218  0.068  0.006        1
 58:     0.190  0.054  0.028  0.427  0.003  0.167  0.083  0.047        1
 59:     0.035  0.017  0.051  0.613  0.041  0.022  0.068  0.152        1
 60:     0.074  0.069  0.102  0.334  0.097  0.104  0.105  0.114        1
 61:     0.053  0.072  0.059  0.540  0.088  0.037  0.100  0.049        1
 62:     0.089  0.187  0.027  0.034  0.033  0.091  0.311  0.229        1
 63:     0.072  0.047  0.045  0.429  0.194  0.085  0.114  0.014        1
 64:     0.050  0.008  0.017  0.403  0.223  0.099  0.091  0.110        1
 65:     0.136  0.027  0.002  0.562  0.048  0.120  0.038  0.067        1
 66:     0.083  0.035  0.087  0.317  0.112  0.173  0.090  0.103        1
 67:     0.052  0.049  0.149  0.293  0.234  0.078  0.102  0.042        1
 68:     0.013  0.079  0.071  0.549  0.063  0.077  0.056  0.093        1
 69:     0.050  0.064  0.049  0.403  0.344  0.008  0.055  0.026        1
 70:     0.034  0.131  0.098  0.383  0.132  0.058  0.077  0.087        1
 71:     0.101  0.099  0.038  0.463  0.061  0.034  0.091  0.112        1
 72:     0.012  0.022  0.023  0.386  0.103  0.159  0.106  0.187        1
 73:     0.003  0.059  0.062  0.628  0.015  0.119  0.104  0.009        1
 74:     0.042  0.013  0.064  0.527  0.052  0.100  0.114  0.087        1
 75:     0.096  0.082  0.084  0.358  0.079  0.121  0.109  0.071        1
 76:     0.060  0.221  0.021  0.038  0.209  0.016  0.378  0.057        1
 77:     0.083  0.068  0.079  0.404  0.095  0.063  0.121  0.087        1
 78:     0.005  0.004  0.021  0.462  0.367  0.068  0.051  0.023        1
 79:     0.014  0.017  0.051  0.440  0.003  0.355  0.102  0.018        1
 80:     0.056  0.068  0.037  0.368  0.050  0.297  0.062  0.063        1
 81:     0.070  0.089  0.077  0.342  0.167  0.112  0.083  0.059        1
 82:     0.045  0.105  0.142  0.012  0.276  0.326  0.078  0.016        1
 83:     0.032  0.002  0.091  0.563  0.159  0.120  0.019  0.014        1
 84:     0.168  0.023  0.016  0.361  0.241  0.068  0.062  0.060        1
 85:     0.014  0.050  0.129  0.344  0.147  0.201  0.062  0.054        1
 86:     0.099  0.127  0.066  0.246  0.138  0.119  0.061  0.144        1
 87:     0.039  0.061  0.054  0.248  0.098  0.423  0.041  0.035        1
 88:     0.069  0.015  0.038  0.711  0.047  0.056  0.044  0.021        1
 89:     0.000  0.115  0.032  0.267  0.179  0.282  0.043  0.082        1
 90:     0.150  0.088  0.013  0.368  0.046  0.166  0.088  0.081        1
 91:     0.119  0.025  0.023  0.625  0.090  0.004  0.040  0.072        1
 92:     0.014  0.067  0.050  0.373  0.155  0.221  0.086  0.034        1
 93:     0.019  0.038  0.054  0.493  0.239  0.039  0.074  0.043        1
 94:     0.009  0.016  0.122  0.506  0.161  0.086  0.065  0.035        1
 95:     0.048  0.117  0.008  0.123  0.412  0.152  0.033  0.107        1
 96:     0.066  0.093  0.005  0.532  0.043  0.172  0.036  0.053        1
 97:     0.172  0.013  0.019  0.256  0.214  0.193  0.015  0.119        1
 98:     0.007  0.180  0.045  0.117  0.178  0.388  0.031  0.052        1
 99:     0.048  0.071  0.169  0.347  0.166  0.142  0.046  0.011        1
100:     0.064  0.012  0.066  0.386  0.283  0.156  0.021  0.011        1
101:     0.094  0.070  0.066  0.494  0.141  0.025  0.029  0.080        1
102:     0.018  0.164  0.056  0.425  0.200  0.092  0.004  0.040        1
103:     0.082  0.076  0.047  0.294  0.183  0.178  0.046  0.093        1
104:     0.092  0.033  0.107  0.300  0.163  0.164  0.021  0.119        1
105:     0.077  0.085  0.014  0.352  0.122  0.169  0.102  0.079        1
106:     0.064  0.121  0.023  0.446  0.140  0.017  0.041  0.149        1
107:     0.073  0.144  0.022  0.390  0.328  0.030  0.011  0.002        1
108:     0.120  0.133  0.088  0.257  0.132  0.101  0.064  0.106        1
109:     0.055  0.251  0.030  0.451  0.062  0.076  0.043  0.032        1
110:     0.082  0.082  0.010  0.370  0.015  0.250  0.006  0.184        1
111:     0.084  0.055  0.020  0.238  0.170  0.357  0.002  0.072        1
112:     0.070  0.036  0.006  0.494  0.068  0.202  0.000  0.123        1
113:     0.119  0.085  0.027  0.383  0.021  0.290  0.020  0.055        1
114:     0.134  0.046  0.061  0.424  0.116  0.114  0.091  0.014        1
115:     0.084  0.087  0.007  0.409  0.239  0.151  0.015  0.008        1
116:     0.001  0.060  0.090  0.570  0.152  0.049  0.035  0.043        1
117:     0.098  0.058  0.012  0.531  0.241  0.016  0.022  0.022        1
118:     0.082  0.065  0.021  0.343  0.357  0.051  0.041  0.040        1
119:     0.059  0.021  0.134  0.528  0.055  0.068  0.039  0.097        1
120:     0.114  0.018  0.054  0.552  0.172  0.022  0.030  0.038        1
121:     0.021  0.032  0.114  0.385  0.134  0.198  0.051  0.064        1
122:     0.024  0.023  0.014  0.329  0.041  0.425  0.021  0.123        1
123:     0.087  0.102  0.029  0.546  0.034  0.108  0.039  0.054        1
124:     0.107  0.106  0.015  0.250  0.041  0.347  0.057  0.077        1
125:     0.083  0.089  0.068  0.521  0.056  0.041  0.080  0.062        1
126:     0.116  0.065  0.036  0.588  0.070  0.028  0.008  0.090        1
127:     0.112  0.019  0.044  0.487  0.063  0.168  0.042  0.065        1
128:     0.028  0.097  0.121  0.344  0.117  0.149  0.033  0.111        1
129:     0.047  0.094  0.028  0.568  0.214  0.024  0.018  0.007        1
130:     0.028  0.024  0.039  0.196  0.195  0.404  0.083  0.031        1
131:     0.041  0.038  0.031  0.606  0.170  0.012  0.014  0.088        1
132:     0.040  0.122  0.027  0.391  0.034  0.238  0.019  0.129        1
133:     0.098  0.010  0.005  0.241  0.341  0.154  0.030  0.121        1
134:     0.071  0.041  0.071  0.059  0.517  0.115  0.038  0.088        1
135:     0.161  0.152  0.041  0.460  0.074  0.017  0.019  0.076        1
136:     0.040  0.025  0.099  0.244  0.427  0.115  0.030  0.019        1
137:     0.110  0.058  0.043  0.337  0.193  0.184  0.025  0.049        1
138:     0.036  0.063  0.081  0.490  0.083  0.122  0.035  0.090        1
139:     0.078  0.010  0.047  0.244  0.018  0.299  0.114  0.190        1
140:     0.045  0.045  0.046  0.273  0.367  0.182  0.026  0.016        1
141:     0.092  0.145  0.004  0.303  0.250  0.063  0.054  0.088        1
142:     0.017  0.125  0.134  0.451  0.156  0.027  0.054  0.036        1
143:     0.073  0.073  0.088  0.533  0.056  0.017  0.064  0.096        1
144:     0.010  0.107  0.055  0.264  0.187  0.269  0.070  0.036        1
145:     0.009  0.060  0.096  0.236  0.344  0.109  0.079  0.067        1
146:     0.034  0.121  0.148  0.324  0.121  0.071  0.054  0.126        1
147:     0.059  0.133  0.058  0.324  0.136  0.161  0.056  0.074        1
148:     0.152  0.094  0.165  0.066  0.237  0.071  0.113  0.102        1
149:     0.134  0.228  0.017  0.115  0.133  0.049  0.179  0.145        1
150:     0.284  0.005  0.206  0.090  0.111  0.142  0.049  0.112        1
151:     0.076  0.160  0.215  0.128  0.069  0.109  0.073  0.171        1
152:     0.083  0.237  0.178  0.008  0.130  0.183  0.059  0.122        1
153:     0.155  0.028  0.104  0.060  0.252  0.137  0.045  0.218        1
154:     0.122  0.083  0.297  0.080  0.160  0.131  0.053  0.073        1
155:     0.113  0.050  0.059  0.118  0.131  0.443  0.042  0.044        1
156:     0.147  0.201  0.181  0.015  0.054  0.135  0.086  0.182        1
157:     0.256  0.100  0.061  0.081  0.088  0.166  0.039  0.210        1
158:     0.094  0.100  0.236  0.053  0.292  0.049  0.063  0.114        1
159:     0.384  0.068  0.016  0.066  0.069  0.254  0.009  0.134        1
160:     0.075  0.027  0.266  0.105  0.184  0.057  0.084  0.202        1
161:     0.100  0.112  0.100  0.164  0.037  0.225  0.079  0.184        1
162:     0.098  0.009  0.104  0.167  0.023  0.289  0.098  0.211        1
163:     0.086  0.126  0.116  0.158  0.108  0.195  0.066  0.145        1
164:     0.052  0.123  0.136  0.201  0.049  0.174  0.070  0.196        1
165:     0.063  0.212  0.095  0.144  0.206  0.205  0.036  0.039        1
166:     0.256  0.220  0.192  0.040  0.048  0.046  0.025  0.174        1
167:     0.121  0.129  0.159  0.114  0.097  0.153  0.075  0.154        1
168:     0.059  0.076  0.060  0.148  0.143  0.158  0.014  0.342        1
169:     0.173  0.080  0.146  0.094  0.209  0.141  0.069  0.087        1
170:     0.261  0.243  0.149  0.188  0.001  0.044  0.038  0.077        1
171:     0.021  0.043  0.172  0.127  0.323  0.213  0.063  0.038        1
172:     0.115  0.022  0.105  0.094  0.138  0.271  0.053  0.201        1
173:     0.067  0.088  0.223  0.047  0.249  0.111  0.072  0.143        1
174:     0.242  0.227  0.086  0.043  0.156  0.185  0.049  0.012        1
175:     0.148  0.131  0.147  0.094  0.130  0.135  0.070  0.145       50
176:     0.154  0.121  0.171  0.112  0.124  0.111  0.064  0.142       49
177:     0.133  0.114  0.185  0.116  0.119  0.130  0.068  0.137       50
178:     0.106  0.118  0.175  0.112  0.135  0.118  0.073  0.163       49
179:     0.130  0.116  0.192  0.108  0.141  0.109  0.068  0.137       23
180:     0.151  0.128  0.176  0.099  0.118  0.121  0.062  0.144       49
181:     0.046  0.053  0.016  0.041  0.052  0.017  0.751  0.024       30
182:     0.056  0.052  0.027  0.042  0.060  0.025  0.701  0.037       30
183:     0.116  0.122  0.165  0.113  0.130  0.117  0.105  0.132       34
184:     0.137  0.137  0.199  0.098  0.108  0.128  0.063  0.129       36
185:     0.137  0.092  0.167  0.106  0.110  0.129  0.084  0.176       40
186:     0.120  0.122  0.197  0.090  0.099  0.125  0.066  0.180       39
187:     0.137  0.126  0.164  0.104  0.114  0.110  0.075  0.171       37
188:     0.128  0.112  0.171  0.098  0.143  0.134  0.071  0.143       40
189:     0.153  0.124  0.189  0.092  0.110  0.125  0.072  0.133       35
190:     0.120  0.114  0.160  0.103  0.118  0.157  0.082  0.146       28
191:     0.122  0.106  0.190  0.094  0.132  0.131  0.074  0.150       36
192:     0.130  0.123  0.185  0.106  0.100  0.131  0.066  0.158       32
--------------------------------------------

 Rep#:   Lambda   Alpha      F1    F2    F3    F4    F5    F6    F7    F8     D1,2  D1,3  D1,4  D1,5  D1,6  D1,7  D1,8  D2,3  D2,4  D2,5  D2,6  D2,7  D2,8  D3,4  D3,5  D3,6  D3,7  D3,8  D4,5  D4,6  D4,7  D4,8  D5,6  D5,7  D5,8  D6,7  D6,8  D7,8    Ln Like 
  100:    1.00    1.592    0.010 0.010 0.013 0.044 0.004 0.010 0.306 0.010    0.003 0.004 0.010 0.002 0.003 0.048 0.003 0.004 0.010 0.002 0.003 0.047 0.003 0.012 0.003 0.004 0.051 0.004 0.008 0.009 0.053 0.010 0.002 0.047 0.002 0.048 0.003 0.049   --  
  200:    1.00    1.213    0.010 0.010 0.013 0.207 0.004 0.010 0.235 0.011    0.003 0.004 0.037 0.002 0.003 0.034 0.003 0.004 0.036 0.002 0.003 0.034 0.003 0.038 0.003 0.004 0.035 0.004 0.036 0.037 0.056 0.037 0.002 0.033 0.002 0.034 0.003 0.035   --  
  300:    1.00    1.058    0.010 0.010 0.013 0.188 0.004 0.044 0.196 0.011    0.003 0.004 0.034 0.002 0.013 0.030 0.003 0.004 0.034 0.002 0.013 0.030 0.004 0.035 0.003 0.013 0.031 0.004 0.033 0.041 0.050 0.034 0.011 0.029 0.002 0.037 0.013 0.030   --  
  400:    1.00    0.931    0.010 0.010 0.013 0.178 0.004 0.246 0.194 0.012    0.003 0.004 0.033 0.002 0.041 0.029 0.003 0.004 0.033 0.002 0.041 0.029 0.004 0.034 0.003 0.041 0.030 0.004 0.031 0.058 0.048 0.033 0.039 0.028 0.002 0.054 0.040 0.030   --  
  500:    1.00    0.850    0.011 0.010 0.014 0.175 0.004 0.257 0.188 0.012    0.004 0.004 0.032 0.002 0.042 0.029 0.004 0.004 0.032 0.002 0.043 0.029 0.004 0.033 0.003 0.043 0.030 0.004 0.031 0.060 0.047 0.032 0.041 0.028 0.002 0.056 0.043 0.029   --  
  600:    1.00    0.819    0.011 0.021 0.014 0.167 0.004 0.264 0.192 0.013    0.005 0.004 0.030 0.002 0.043 0.029 0.004 0.006 0.031 0.004 0.044 0.030 0.005 0.031 0.003 0.043 0.030 0.004 0.029 0.059 0.047 0.031 0.041 0.028 0.003 0.058 0.043 0.030   --  
  700:    1.00    0.732    0.011 0.217 0.014 0.167 0.004 0.253 0.215 0.013    0.035 0.004 0.031 0.002 0.043 0.034 0.004 0.037 0.051 0.034 0.062 0.050 0.036 0.032 0.003 0.044 0.035 0.004 0.029 0.059 0.050 0.031 0.041 0.032 0.003 0.061 0.043 0.034   --  
  800:    1.00    0.721    0.011 0.257 0.014 0.163 0.004 0.260 0.222 0.013    0.040 0.004 0.031 0.002 0.043 0.033 0.004 0.041 0.053 0.038 0.064 0.047 0.040 0.031 0.003 0.044 0.034 0.004 0.029 0.059 0.051 0.031 0.042 0.032 0.003 0.062 0.044 0.034   --  
  900:    1.00    0.699    0.011 0.242 0.014 0.167 0.004 0.258 0.227 0.013    0.038 0.004 0.030 0.002 0.043 0.034 0.004 0.039 0.052 0.037 0.063 0.046 0.038 0.031 0.003 0.044 0.035 0.004 0.029 0.060 0.052 0.030 0.041 0.033 0.003 0.063 0.043 0.035   --  

--------------------------------------------
Proportion of membership of each pre-defined
 population in each of the 8 clusters

Given    Inferred Clusters                                          Number of
 Pop       1      2      3      4      5      6      7      8      Individuals

  1:     0.200  0.083  0.204  0.053  0.190  0.066  0.047  0.157       54
  2:     0.158  0.085  0.239  0.051  0.136  0.074  0.049  0.208       30
  3:     0.040  0.235  0.020  0.056  0.069  0.052  0.506  0.023       30
  4:     0.001  0.946  0.002  0.003  0.002  0.003  0.042  0.002       20
  5:     0.009  0.833  0.005  0.011  0.008  0.007  0.122  0.006       30
  6:     0.168  0.085  0.206  0.049  0.188  0.066  0.045  0.195       43
  7:     0.152  0.084  0.260  0.045  0.191  0.056  0.045  0.168       44
  8:     0.240  0.061  0.180  0.051  0.181  0.059  0.033  0.195        4
  9:     0.125  0.057  0.275  0.039  0.176  0.066  0.025  0.237       22
 10:     0.159  0.055  0.266  0.045  0.164  0.069  0.031  0.210       24
 11:     0.159  0.079  0.216  0.047  0.185  0.062  0.044  0.208       54
 12:     0.139  0.081  0.224  0.041  0.202  0.066  0.040  0.206       37
 13:     0.186  0.086  0.226  0.049  0.155  0.060  0.048  0.190       42
 14:     0.211  0.079  0.221  0.047  0.158  0.060  0.041  0.184       42
 15:     0.159  0.083  0.206  0.048  0.176  0.067  0.047  0.213       49
 16:     0.188  0.084  0.213  0.049  0.170  0.061  0.049  0.187      124
 17:     0.127  0.080  0.276  0.045  0.175  0.064  0.044  0.189       24
 18:     0.167  0.065  0.225  0.053  0.168  0.073  0.040  0.210       34
 19:     0.178  0.076  0.231  0.047  0.198  0.067  0.052  0.151       52
 20:     0.261  0.025  0.086  0.064  0.081  0.062  0.060  0.361        1
 21:     0.024  0.076  0.242  0.135  0.078  0.083  0.017  0.345        1
 22:     0.135  0.069  0.203  0.053  0.162  0.107  0.046  0.225        1
 23:     0.083  0.127  0.298  0.117  0.078  0.052  0.013  0.231        1
 24:     0.108  0.089  0.168  0.032  0.433  0.067  0.040  0.064        1
 25:     0.008  0.109  0.197  0.040  0.263  0.050  0.078  0.254        1
 26:     0.259  0.122  0.159  0.062  0.031  0.079  0.010  0.278        1
 27:     0.420  0.116  0.155  0.091  0.005  0.044  0.050  0.119        1
 28:     0.049  0.035  0.206  0.056  0.168  0.074  0.040  0.372        1
 29:     0.150  0.017  0.344  0.054  0.272  0.094  0.033  0.036        1
 30:     0.113  0.176  0.244  0.049  0.130  0.034  0.020  0.234        1
 31:     0.055  0.223  0.158  0.028  0.276  0.061  0.074  0.126        1
 32:     0.054  0.060  0.507  0.074  0.084  0.042  0.036  0.143        1
 33:     0.161  0.105  0.194  0.012  0.298  0.105  0.080  0.044        1
 34:     0.064  0.042  0.292  0.045  0.401  0.109  0.029  0.018        1
 35:     0.171  0.087  0.124  0.057  0.444  0.061  0.025  0.030        1
 36:     0.113  0.056  0.357  0.075  0.156  0.088  0.062  0.094        1
 37:     0.438  0.088  0.081  0.074  0.084  0.040  0.021  0.173        1
 38:     0.106  0.106  0.150  0.138  0.323  0.044  0.026  0.106        1
 39:     0.510  0.040  0.249  0.056  0.022  0.108  0.013  0.002        1
 40:     0.169  0.104  0.358  0.112  0.102  0.076  0.063  0.017        1
 41:     0.203  0.057  0.380  0.056  0.143  0.084  0.005  0.072        1
 42:     0.143  0.100  0.178  0.073  0.110  0.064  0.042  0.290        1
 43:     0.565  0.083  0.171  0.036  0.017  0.074  0.018  0.036        1
 44:     0.157  0.167  0.228  0.039  0.253  0.065  0.052  0.039        1
 45:     0.274  0.063  0.382  0.051  0.101  0.092  0.032  0.005        1
 46:     0.257  0.028  0.017  0.095  0.191  0.035  0.052  0.325        1
 47:     0.010  0.051  0.278  0.064  0.014  0.056  0.039  0.490        1
 48:     0.019  0.045  0.312  0.033  0.165  0.070  0.019  0.338        1
 49:     0.296  0.101  0.133  0.067  0.313  0.069  0.003  0.020        1
 50:     0.055  0.311  0.016  0.063  0.062  0.050  0.150  0.293        1
 51:     0.370  0.218  0.061  0.086  0.028  0.056  0.100  0.080        1
 52:     0.120  0.072  0.002  0.100  0.259  0.076  0.052  0.318        1
 53:     0.391  0.068  0.284  0.048  0.005  0.053  0.085  0.065        1
 54:     0.010  0.001  0.001  0.001  0.001  0.980  0.005  0.001        1
 55:     0.003  0.004  0.000  0.001  0.000  0.983  0.001  0.008        1
 56:     0.042  0.008  0.002  0.027  0.036  0.828  0.002  0.055        1
 57:     0.022  0.007  0.000  0.001  0.013  0.951  0.001  0.004        1
 58:     0.010  0.001  0.012  0.017  0.023  0.916  0.020  0.000        1
 59:     0.032  0.025  0.010  0.021  0.019  0.857  0.028  0.008        1
 60:     0.002  0.009  0.006  0.000  0.000  0.979  0.001  0.002        1
 61:     0.002  0.000  0.000  0.004  0.000  0.992  0.001  0.000        1
 62:     0.351  0.269  0.039  0.004  0.005  0.038  0.235  0.058        1
 63:     0.000  0.011  0.000  0.019  0.005  0.933  0.031  0.000        1
 64:     0.000  0.000  0.000  0.000  0.001  0.994  0.000  0.003        1
 65:     0.002  0.002  0.000  0.000  0.000  0.994  0.000  0.001        1
 66:     0.000  0.004  0.000  0.001  0.014  0.967  0.002  0.011        1
 67:     0.062  0.038  0.024  0.105  0.105  0.603  0.054  0.008        1
 68:     0.006  0.001  0.000  0.004  0.019  0.925  0.043  0.002        1
 69:     0.002  0.001  0.001  0.002  0.000  0.970  0.013  0.011        1
 70:     0.007  0.022  0.013  0.033  0.110  0.794  0.020  0.001        1
 71:     0.002  0.000  0.000  0.002  0.000  0.989  0.005  0.000        1
 72:     0.001  0.002  0.000  0.000  0.001  0.996  0.000  0.000        1
 73:     0.000  0.001  0.000  0.000  0.001  0.997  0.000  0.000        1
 74:     0.062  0.051  0.029  0.025  0.045  0.754  0.011  0.023        1
 75:     0.000  0.000  0.003  0.003  0.000  0.993  0.000  0.000        1
 76:     0.107  0.326  0.035  0.105  0.068  0.008  0.333  0.019        1
 77:     0.001  0.001  0.000  0.000  0.000  0.993  0.003  0.000        1
 78:     0.014  0.022  0.000  0.010  0.060  0.828  0.054  0.012        1
 79:     0.000  0.001  0.000  0.001  0.002  0.995  0.001  0.001        1
 80:     0.003  0.010  0.000  0.002  0.000  0.971  0.006  0.008        1
 81:     0.000  0.005  0.000  0.000  0.003  0.991  0.000  0.001        1
 82:     0.096  0.065  0.033  0.153  0.017  0.520  0.059  0.057        1
 83:     0.001  0.001  0.001  0.001  0.002  0.993  0.000  0.001        1
 84:     0.004  0.013  0.001  0.964  0.003  0.009  0.005  0.000        1
 85:     0.001  0.042  0.000  0.907  0.017  0.001  0.024  0.008        1
 86:     0.016  0.023  0.010  0.837  0.003  0.039  0.012  0.060        1
 87:     0.002  0.004  0.020  0.956  0.001  0.000  0.013  0.002        1
 88:     0.001  0.006  0.006  0.962  0.005  0.010  0.001  0.009        1
 89:     0.049  0.005  0.004  0.915  0.022  0.003  0.000  0.003        1
 90:     0.002  0.011  0.009  0.969  0.001  0.001  0.008  0.000        1
 91:     0.004  0.004  0.006  0.948  0.002  0.005  0.010  0.020        1
 92:     0.010  0.020  0.024  0.817  0.066  0.001  0.013  0.049        1
 93:     0.000  0.016  0.000  0.893  0.007  0.004  0.076  0.004        1
 94:     0.007  0.006  0.026  0.876  0.003  0.000  0.053  0.029        1
 95:     0.020  0.049  0.014  0.876  0.001  0.020  0.010  0.009        1
 96:     0.005  0.001  0.002  0.985  0.002  0.000  0.003  0.000        1
 97:     0.001  0.057  0.007  0.906  0.002  0.006  0.017  0.005        1
 98:     0.010  0.004  0.030  0.935  0.003  0.006  0.006  0.007        1
 99:     0.002  0.001  0.000  0.992  0.001  0.004  0.000  0.000        1
100:     0.002  0.001  0.000  0.985  0.001  0.004  0.007  0.001        1
101:     0.024  0.012  0.025  0.728  0.100  0.030  0.038  0.044        1
102:     0.003  0.018  0.011  0.801  0.079  0.020  0.016  0.052        1
103:     0.002  0.000  0.000  0.965  0.021  0.005  0.000  0.006        1
104:     0.002  0.007  0.010  0.919  0.005  0.027  0.004  0.024        1
105:     0.003  0.045  0.002  0.874  0.000  0.042  0.033  0.000        1
106:     0.022  0.021  0.014  0.775  0.134  0.027  0.002  0.005        1
107:     0.004  0.003  0.001  0.939  0.004  0.003  0.034  0.012        1
108:     0.019  0.059  0.015  0.819  0.002  0.013  0.007  0.067        1
109:     0.013  0.042  0.001  0.771  0.046  0.017  0.086  0.025        1
110:     0.010  0.015  0.063  0.744  0.048  0.055  0.014  0.051        1
111:     0.000  0.016  0.000  0.949  0.007  0.003  0.024  0.001        1
112:     0.000  0.012  0.002  0.977  0.005  0.003  0.000  0.001        1
113:     0.015  0.021  0.015  0.922  0.003  0.001  0.015  0.008        1
114:     0.003  0.006  0.002  0.959  0.002  0.021  0.001  0.006        1
115:     0.034  0.005  0.001  0.911  0.004  0.004  0.000  0.042        1
116:     0.000  0.000  0.003  0.980  0.001  0.006  0.008  0.002        1
117:     0.003  0.000  0.007  0.896  0.024  0.002  0.048  0.019        1
118:     0.001  0.000  0.000  0.946  0.005  0.001  0.035  0.012        1
119:     0.018  0.041  0.004  0.834  0.010  0.006  0.006  0.080        1
120:     0.000  0.000  0.028  0.880  0.013  0.043  0.017  0.019        1
121:     0.001  0.008  0.000  0.928  0.004  0.022  0.008  0.029        1
122:     0.011  0.004  0.017  0.918  0.026  0.007  0.000  0.017        1
123:     0.002  0.021  0.003  0.969  0.000  0.000  0.000  0.005        1
124:     0.008  0.022  0.001  0.832  0.014  0.019  0.074  0.029        1
125:     0.000  0.000  0.000  0.986  0.000  0.001  0.009  0.003        1
126:     0.018  0.005  0.013  0.825  0.002  0.025  0.034  0.078        1
127:     0.000  0.041  0.015  0.907  0.006  0.015  0.010  0.004        1
128:     0.001  0.020  0.001  0.916  0.013  0.048  0.000  0.001        1
129:     0.000  0.000  0.004  0.988  0.001  0.005  0.001  0.000        1
130:     0.002  0.035  0.001  0.895  0.013  0.014  0.040  0.000        1
131:     0.005  0.000  0.001  0.973  0.007  0.010  0.003  0.002        1
132:     0.037  0.062  0.020  0.795  0.013  0.001  0.037  0.036        1
133:     0.005  0.082  0.001  0.836  0.023  0.003  0.050  0.000        1
134:     0.002  0.010  0.020  0.781  0.036  0.036  0.060  0.055        1
135:     0.055  0.007  0.018  0.790  0.053  0.018  0.054  0.006        1
136:     0.002  0.010  0.001  0.980  0.006  0.001  0.001  0.000        1
137:     0.001  0.002  0.001  0.948  0.000  0.041  0.001  0.006        1
138:     0.000  0.001  0.005  0.971  0.002  0.014  0.004  0.003        1
139:     0.001  0.075  0.003  0.876  0.003  0.020  0.021  0.001        1
140:     0.000  0.122  0.001  0.842  0.000  0.012  0.022  0.001        1
141:     0.000  0.015  0.010  0.966  0.002  0.006  0.001  0.000        1
142:     0.022  0.002  0.016  0.851  0.003  0.021  0.045  0.040        1
143:     0.001  0.029  0.000  0.898  0.001  0.004  0.055  0.012        1
144:     0.021  0.012  0.005  0.937  0.003  0.006  0.011  0.005        1
145:     0.012  0.000  0.003  0.961  0.002  0.007  0.008  0.007        1
146:     0.010  0.012  0.006  0.899  0.005  0.008  0.059  0.001        1
147:     0.001  0.039  0.001  0.914  0.027  0.002  0.015  0.000        1
148:     0.079  0.127  0.075  0.122  0.231  0.071  0.109  0.186        1
149:     0.106  0.095  0.000  0.116  0.068  0.045  0.138  0.432        1
150:     0.293  0.082  0.210  0.111  0.219  0.067  0.013  0.004        1
151:     0.067  0.037  0.327  0.081  0.008  0.080  0.030  0.369        1
152:     0.042  0.124  0.261  0.033  0.017  0.067  0.086  0.370        1
153:     0.017  0.117  0.065  0.053  0.547  0.067  0.051  0.085        1
154:     0.496  0.088  0.033  0.085  0.096  0.063  0.015  0.124        1
155:     0.248  0.117  0.131  0.067  0.327  0.048  0.009  0.052        1
156:     0.302  0.101  0.034  0.029  0.177  0.090  0.062  0.205        1
157:     0.342  0.115  0.211  0.072  0.070  0.063  0.001  0.127        1
158:     0.148  0.033  0.367  0.057  0.151  0.082  0.054  0.108        1
159:     0.368  0.048  0.021  0.059  0.108  0.063  0.048  0.285        1
160:     0.120  0.070  0.198  0.036  0.296  0.058  0.051  0.170        1
161:     0.162  0.060  0.077  0.083  0.138  0.087  0.084  0.310        1
162:     0.121  0.048  0.158  0.022  0.113  0.124  0.055  0.358        1
163:     0.147  0.103  0.206  0.080  0.104  0.084  0.038  0.239        1
164:     0.058  0.073  0.102  0.079  0.363  0.083  0.059  0.182        1
165:     0.109  0.150  0.182  0.120  0.281  0.058  0.048  0.051        1
166:     0.393  0.112  0.277  0.014  0.005  0.062  0.049  0.088        1
167:     0.058  0.072  0.263  0.084  0.269  0.061  0.062  0.130        1
168:     0.057  0.045  0.126  0.018  0.225  0.052  0.031  0.445        1
169:     0.075  0.032  0.023  0.031  0.715  0.072  0.016  0.036        1
170:     0.184  0.058  0.200  0.070  0.120  0.116  0.003  0.249        1
171:     0.069  0.049  0.438  0.061  0.213  0.092  0.027  0.051        1
172:     0.070  0.118  0.360  0.038  0.118  0.052  0.059  0.185        1
173:     0.365  0.123  0.164  0.015  0.175  0.049  0.041  0.069        1
174:     0.144  0.090  0.207  0.087  0.390  0.044  0.029  0.011        1
175:     0.192  0.086  0.200  0.045  0.178  0.062  0.044  0.194       50
176:     0.199  0.069  0.202  0.042  0.197  0.066  0.046  0.178       49
177:     0.211  0.077  0.236  0.044  0.180  0.058  0.043  0.151       50
178:     0.157  0.076  0.234  0.041  0.183  0.068  0.050  0.192       49
179:     0.242  0.094  0.204  0.054  0.134  0.055  0.041  0.176       23
180:     0.178  0.079  0.211  0.048  0.182  0.067  0.037  0.197       49
181:     0.003  0.019  0.005  0.004  0.002  0.006  0.960  0.002       30
182:     0.008  0.100  0.008  0.006  0.011  0.011  0.847  0.008       30
183:     0.144  0.082  0.205  0.066  0.143  0.058  0.087  0.214       34
184:     0.186  0.077  0.253  0.043  0.172  0.057  0.050  0.162       36
185:     0.134  0.079  0.167  0.051  0.203  0.059  0.051  0.256       40
186:     0.177  0.069  0.200  0.047  0.123  0.065  0.036  0.281       39
187:     0.180  0.077  0.216  0.047  0.154  0.062  0.047  0.216       37
188:     0.141  0.082  0.222  0.057  0.188  0.062  0.050  0.198       40
189:     0.165  0.087  0.264  0.042  0.154  0.062  0.054  0.173       35
190:     0.181  0.085  0.226  0.046  0.117  0.066  0.058  0.222       28
191:     0.150  0.077  0.240  0.044  0.169  0.064  0.049  0.207       36
192:     0.168  0.078  0.207  0.044  0.164  0.062  0.049  0.228       32
--------------------------------------------

 Rep#:   Lambda   Alpha      F1    F2    F3    F4    F5    F6    F7    F8     D1,2  D1,3  D1,4  D1,5  D1,6  D1,7  D1,8  D2,3  D2,4  D2,5  D2,6  D2,7  D2,8  D3,4  D3,5  D3,6  D3,7  D3,8  D4,5  D4,6  D4,7  D4,8  D5,6  D5,7  D5,8  D6,7  D6,8  D7,8    Ln Like 
 1000:    1.00    0.649    0.011 0.238 0.014 0.162 0.004 0.258 0.232 0.013    0.036 0.004 0.030 0.002 0.042 0.034 0.004 0.037 0.050 0.035 0.062 0.045 0.037 0.030 0.003 0.043 0.035 0.004 0.028 0.058 0.051 0.030 0.041 0.033 0.003 0.062 0.042 0.034   --  
 1100:    1.00    0.634    0.011 0.227 0.013 0.163 0.004 0.259 0.234 0.013    0.035 0.004 0.030 0.002 0.042 0.034 0.004 0.036 0.051 0.034 0.061 0.045 0.036 0.031 0.003 0.042 0.035 0.004 0.029 0.059 0.053 0.030 0.040 0.033 0.003 0.063 0.042 0.035   --  
 1200:    1.00    0.617    0.011 0.229 0.013 0.161 0.004 0.253 0.233 0.013    0.035 0.004 0.029 0.002 0.041 0.035 0.004 0.035 0.050 0.033 0.061 0.045 0.035 0.030 0.003 0.042 0.035 0.004 0.028 0.060 0.053 0.030 0.040 0.033 0.002 0.064 0.042 0.035   --  
 1300:    1.00    0.579    0.011 0.220 0.013 0.163 0.004 0.261 0.238 0.013    0.033 0.004 0.029 0.002 0.042 0.035 0.004 0.034 0.050 0.032 0.061 0.044 0.034 0.030 0.003 0.042 0.035 0.004 0.028 0.059 0.053 0.030 0.040 0.033 0.003 0.065 0.042 0.035   --  
 1400:    1.00    0.551    0.011 0.218 0.013 0.162 0.004 0.256 0.234 0.013    0.034 0.004 0.029 0.002 0.042 0.034 0.004 0.034 0.050 0.032 0.062 0.045 0.034 0.030 0.003 0.042 0.035 0.004 0.028 0.060 0.053 0.030 0.040 0.033 0.003 0.065 0.042 0.035   --  
 1500:    1.00    0.545    0.011 0.216 0.013 0.162 0.004 0.252 0.240 0.013    0.033 0.004 0.029 0.002 0.041 0.034 0.004 0.034 0.050 0.032 0.060 0.046 0.034 0.029 0.003 0.041 0.035 0.004 0.027 0.059 0.053 0.029 0.039 0.033 0.003 0.065 0.041 0.035   --  
 1600:    1.00    0.504    0.011 0.211 0.013 0.158 0.004 0.250 0.232 0.013    0.032 0.004 0.028 0.002 0.040 0.034 0.004 0.033 0.049 0.031 0.061 0.046 0.033 0.029 0.002 0.040 0.035 0.004 0.027 0.059 0.053 0.029 0.039 0.033 0.003 0.064 0.040 0.035   --  
 1700:    1.00    0.484    0.012 0.214 0.013 0.153 0.004 0.253 0.241 0.013    0.032 0.004 0.028 0.003 0.040 0.035 0.004 0.033 0.050 0.031 0.061 0.047 0.033 0.029 0.003 0.040 0.035 0.004 0.027 0.058 0.054 0.029 0.038 0.034 0.003 0.065 0.040 0.036   --  
 1800:    1.00    0.467    0.012 0.216 0.013 0.153 0.004 0.252 0.239 0.013    0.032 0.004 0.028 0.003 0.040 0.035 0.004 0.033 0.049 0.031 0.061 0.047 0.032 0.028 0.003 0.040 0.036 0.004 0.027 0.059 0.054 0.028 0.038 0.034 0.002 0.065 0.040 0.035   --  
 1900:    1.00    0.447    0.012 0.213 0.013 0.154 0.004 0.251 0.240 0.013    0.032 0.004 0.028 0.003 0.040 0.035 0.004 0.033 0.049 0.031 0.062 0.048 0.032 0.028 0.003 0.040 0.036 0.004 0.026 0.059 0.054 0.028 0.039 0.034 0.002 0.066 0.040 0.035   --  

--------------------------------------------
Proportion of membership of each pre-defined
 population in each of the 8 clusters

Given    Inferred Clusters                                          Number of
 Pop       1      2      3      4      5      6      7      8      Individuals

  1:     0.208  0.056  0.237  0.026  0.227  0.034  0.036  0.178       54
  2:     0.198  0.053  0.250  0.028  0.196  0.040  0.030  0.204       30
  3:     0.066  0.300  0.012  0.049  0.080  0.047  0.428  0.019       30
  4:     0.000  0.976  0.001  0.003  0.001  0.001  0.016  0.001       20
  5:     0.007  0.881  0.012  0.009  0.011  0.007  0.062  0.011       30
  6:     0.161  0.050  0.245  0.029  0.225  0.027  0.027  0.235       43
  7:     0.191  0.054  0.289  0.026  0.221  0.027  0.025  0.166       44
  8:     0.127  0.028  0.200  0.033  0.379  0.022  0.006  0.205        4
  9:     0.121  0.022  0.314  0.022  0.204  0.029  0.008  0.279       22
 10:     0.134  0.018  0.322  0.026  0.192  0.034  0.016  0.257       24
 11:     0.181  0.051  0.249  0.028  0.222  0.029  0.026  0.214       54
 12:     0.152  0.045  0.231  0.026  0.246  0.034  0.025  0.242       37
 13:     0.210  0.054  0.228  0.029  0.179  0.032  0.030  0.238       42
 14:     0.257  0.046  0.224  0.026  0.194  0.030  0.028  0.195       42
 15:     0.167  0.050  0.244  0.028  0.229  0.029  0.028  0.224       49
 16:     0.216  0.058  0.229  0.033  0.204  0.028  0.032  0.200      124
 17:     0.101  0.047  0.342  0.031  0.238  0.027  0.034  0.181       24
 18:     0.227  0.041  0.240  0.031  0.208  0.034  0.025  0.193       34
 19:     0.202  0.047  0.251  0.029  0.228  0.032  0.034  0.177       52
 20:     0.306  0.011  0.113  0.036  0.123  0.031  0.045  0.335        1
 21:     0.329  0.023  0.245  0.096  0.032  0.082  0.006  0.187        1
 22:     0.017  0.030  0.160  0.007  0.378  0.058  0.001  0.350        1
 23:     0.069  0.060  0.421  0.086  0.065  0.024  0.029  0.246        1
 24:     0.157  0.030  0.122  0.032  0.484  0.022  0.007  0.145        1
 25:     0.084  0.108  0.273  0.022  0.401  0.007  0.045  0.059        1
 26:     0.270  0.056  0.294  0.056  0.014  0.046  0.000  0.263        1
 27:     0.268  0.055  0.275  0.044  0.066  0.042  0.015  0.236        1
 28:     0.046  0.003  0.380  0.021  0.227  0.079  0.014  0.228        1
 29:     0.190  0.002  0.298  0.011  0.181  0.072  0.002  0.243        1
 30:     0.246  0.121  0.191  0.077  0.132  0.025  0.032  0.177        1
 31:     0.028  0.167  0.054  0.020  0.382  0.033  0.046  0.269        1
 32:     0.000  0.045  0.549  0.000  0.091  0.050  0.024  0.240        1
 33:     0.139  0.079  0.436  0.000  0.185  0.087  0.044  0.030        1
 34:     0.020  0.029  0.086  0.035  0.718  0.047  0.027  0.038        1
 35:     0.137  0.037  0.150  0.031  0.559  0.029  0.010  0.047        1
 36:     0.091  0.041  0.343  0.050  0.201  0.035  0.062  0.178        1
 37:     0.354  0.028  0.201  0.058  0.053  0.024  0.043  0.239        1
 38:     0.070  0.111  0.067  0.099  0.486  0.016  0.000  0.150        1
 39:     0.382  0.020  0.428  0.040  0.047  0.066  0.013  0.003        1
 40:     0.368  0.025  0.314  0.065  0.047  0.083  0.040  0.058        1
 41:     0.230  0.026  0.361  0.018  0.241  0.047  0.010  0.067        1
 42:     0.229  0.049  0.303  0.032  0.000  0.043  0.044  0.299        1
 43:     0.803  0.018  0.066  0.021  0.009  0.048  0.025  0.011        1
 44:     0.230  0.111  0.055  0.020  0.307  0.065  0.082  0.130        1
 45:     0.114  0.013  0.405  0.031  0.239  0.083  0.021  0.094        1
 46:     0.107  0.004  0.026  0.104  0.237  0.016  0.065  0.441        1
 47:     0.013  0.000  0.061  0.045  0.000  0.054  0.013  0.813        1
 48:     0.076  0.001  0.069  0.030  0.086  0.034  0.012  0.691        1
 49:     0.000  0.026  0.028  0.000  0.452  0.035  0.003  0.455        1
 50:     0.357  0.306  0.034  0.027  0.018  0.029  0.065  0.163        1
 51:     0.188  0.218  0.019  0.049  0.175  0.014  0.073  0.265        1
 52:     0.213  0.074  0.005  0.057  0.378  0.061  0.031  0.181        1
 53:     0.474  0.066  0.173  0.033  0.040  0.020  0.060  0.134        1
 54:     0.002  0.002  0.002  0.001  0.000  0.986  0.007  0.001        1
 55:     0.000  0.008  0.001  0.003  0.003  0.985  0.000  0.000        1
 56:     0.027  0.005  0.002  0.000  0.071  0.816  0.000  0.080        1
