

----------------------------------------------------
STRUCTURE by Pritchard, Stephens and Donnelly (2000)
     and Falush, Stephens and Pritchard (2003)
       Code by Pritchard, Falush and Hubisz
             Version 2.3.4 (Jul 2012)
----------------------------------------------------


Reading file "/workdir/yc2644/CV_CT_array/structure/threader_input/mainparams".
Reading file "/workdir/yc2644/CV_CT_array/structure/threader_input/extraparams".
Reading file "/workdir/yc2644/CV_CT_array/structure/threader_input/n1601.recode.strct_in".


Data file "/workdir/yc2644/CV_CT_array/structure/threader_input/n1601.recode.strct_in" (truncated) --

Ind:   Label Pop : Genotype_data . . . .
  1:  001s    1  :  2   1   2   2   2   1   2  . . . .   2
  1:  001s    1  :  2   2   2   2   2   2   2  . . . .   2
  2:  002s    1  :  2   2   2   2   1   1   2  . . . .   2
  2:  002s    1  :  2   2   2   2   2   2   2  . . . .   2
  3:  003s    1  :  1   2   1   2   2   2   2  . . . .   1
  3:  003s    1  :  2   2   1   2   2   2   2  . . . .   2
  4:  004s    1  :  1   1   2   2   1   2   2  . . . .   1
  4:  004s    1  :  2   1   2   2   2   2   2  . . . .   2

      *******   

1600:    49  192  :  2   2   2   2   2   1   2  . . . .   1
1600:    49  192  :  2   2   2   2   2   2   2  . . . .   2
1601:    50  192  :  2   1   2   2   1   2   2  . . . .   1
1601:    50  192  :  2   2   2   2   2   2   2  . . . .   2

Number of alleles per locus: min= 2; ave=2.0; max= 2


--------------------------------------

Finished initialization; starting MCMC 
100000 iterations + 10000 burnin


--------------------------------------------
Proportion of membership of each pre-defined
 population in each of the 8 clusters

Given    Inferred Clusters                                          Number of
 Pop       1      2      3      4      5      6      7      8      Individuals

  1:     0.076  0.118  0.137  0.161  0.132  0.125  0.112  0.138       54
  2:     0.069  0.161  0.153  0.133  0.120  0.131  0.115  0.117       30
  3:     0.508  0.062  0.080  0.058  0.087  0.069  0.078  0.059       30
  4:     0.618  0.051  0.061  0.051  0.076  0.043  0.061  0.039       20
  5:     0.559  0.046  0.054  0.057  0.107  0.059  0.060  0.058       30
  6:     0.070  0.149  0.142  0.129  0.125  0.108  0.109  0.168       43
  7:     0.068  0.153  0.140  0.148  0.121  0.140  0.117  0.112       44
  8:     0.055  0.153  0.146  0.182  0.159  0.179  0.042  0.084        4
  9:     0.045  0.143  0.161  0.188  0.126  0.113  0.095  0.130       22
 10:     0.043  0.125  0.169  0.158  0.117  0.115  0.117  0.155       24
 11:     0.064  0.131  0.150  0.154  0.121  0.120  0.105  0.154       54
 12:     0.055  0.157  0.145  0.156  0.125  0.139  0.087  0.136       37
 13:     0.073  0.145  0.162  0.136  0.114  0.115  0.109  0.146       42
 14:     0.068  0.137  0.163  0.119  0.133  0.147  0.110  0.122       42
 15:     0.066  0.159  0.142  0.150  0.113  0.107  0.106  0.157       49
 16:     0.072  0.136  0.144  0.155  0.129  0.130  0.102  0.133      124
 17:     0.069  0.134  0.159  0.124  0.120  0.133  0.098  0.164       24
 18:     0.056  0.153  0.135  0.164  0.126  0.119  0.100  0.146       34
 19:     0.073  0.145  0.145  0.142  0.110  0.129  0.084  0.172       52
 20:     0.097  0.093  0.122  0.159  0.117  0.138  0.141  0.133        1
 21:     0.051  0.140  0.162  0.109  0.143  0.124  0.125  0.146        1
 22:     0.050  0.144  0.288  0.083  0.200  0.051  0.148  0.036        1
 23:     0.120  0.084  0.284  0.165  0.188  0.047  0.079  0.033        1
 24:     0.024  0.376  0.056  0.070  0.134  0.082  0.102  0.157        1
 25:     0.109  0.136  0.105  0.127  0.122  0.141  0.108  0.151        1
 26:     0.073  0.270  0.127  0.105  0.108  0.126  0.062  0.129        1
 27:     0.069  0.132  0.131  0.110  0.176  0.094  0.137  0.150        1
 28:     0.039  0.168  0.084  0.227  0.100  0.054  0.208  0.120        1
 29:     0.032  0.077  0.014  0.198  0.328  0.109  0.124  0.117        1
 30:     0.124  0.220  0.128  0.105  0.110  0.114  0.110  0.089        1
 31:     0.179  0.219  0.242  0.022  0.050  0.229  0.024  0.035        1
 32:     0.029  0.378  0.080  0.176  0.050  0.052  0.026  0.209        1
 33:     0.116  0.104  0.131  0.159  0.152  0.093  0.120  0.126        1
 34:     0.046  0.208  0.170  0.103  0.091  0.071  0.041  0.270        1
 35:     0.036  0.211  0.201  0.200  0.134  0.024  0.063  0.131        1
 36:     0.084  0.088  0.095  0.039  0.229  0.192  0.054  0.218        1
 37:     0.067  0.052  0.117  0.207  0.271  0.018  0.104  0.163        1
 38:     0.097  0.160  0.139  0.090  0.107  0.151  0.104  0.154        1
 39:     0.049  0.204  0.205  0.211  0.005  0.036  0.159  0.131        1
 40:     0.079  0.185  0.115  0.105  0.131  0.123  0.076  0.186        1
 41:     0.020  0.028  0.361  0.088  0.064  0.181  0.094  0.163        1
 42:     0.082  0.194  0.177  0.048  0.118  0.124  0.146  0.112        1
 43:     0.055  0.065  0.145  0.065  0.231  0.081  0.043  0.316        1
 44:     0.120  0.040  0.202  0.299  0.039  0.120  0.061  0.120        1
 45:     0.065  0.151  0.222  0.117  0.139  0.063  0.045  0.199        1
 46:     0.090  0.048  0.113  0.059  0.059  0.290  0.033  0.309        1
 47:     0.068  0.298  0.201  0.017  0.299  0.053  0.003  0.061        1
 48:     0.057  0.188  0.293  0.014  0.303  0.034  0.051  0.059        1
 49:     0.065  0.171  0.146  0.152  0.101  0.069  0.150  0.146        1
 50:     0.241  0.065  0.138  0.248  0.047  0.014  0.202  0.045        1
 51:     0.179  0.130  0.068  0.102  0.123  0.144  0.123  0.130        1
 52:     0.056  0.029  0.024  0.143  0.192  0.213  0.201  0.141        1
 53:     0.047  0.188  0.158  0.146  0.147  0.020  0.096  0.198        1
 54:     0.109  0.144  0.221  0.013  0.233  0.119  0.082  0.078        1
 55:     0.121  0.026  0.169  0.045  0.098  0.431  0.078  0.032        1
 56:     0.025  0.083  0.312  0.100  0.287  0.120  0.027  0.047        1
 57:     0.079  0.017  0.458  0.101  0.000  0.035  0.055  0.254        1
 58:     0.064  0.056  0.247  0.094  0.052  0.278  0.072  0.138        1
 59:     0.125  0.026  0.249  0.110  0.047  0.174  0.082  0.187        1
 60:     0.088  0.066  0.263  0.100  0.089  0.224  0.083  0.088        1
 61:     0.111  0.072  0.424  0.009  0.089  0.195  0.056  0.044        1
 62:     0.284  0.112  0.063  0.092  0.152  0.124  0.115  0.058        1
 63:     0.085  0.045  0.308  0.131  0.126  0.147  0.106  0.052        1
 64:     0.059  0.061  0.288  0.043  0.177  0.299  0.012  0.061        1
 65:     0.099  0.088  0.219  0.136  0.142  0.095  0.030  0.190        1
 66:     0.108  0.078  0.202  0.085  0.272  0.020  0.009  0.226        1
 67:     0.109  0.078  0.146  0.038  0.127  0.316  0.122  0.064        1
 68:     0.065  0.009  0.401  0.007  0.159  0.178  0.039  0.142        1
 69:     0.077  0.012  0.357  0.010  0.115  0.266  0.093  0.069        1
 70:     0.088  0.020  0.188  0.093  0.212  0.116  0.146  0.138        1
 71:     0.101  0.038  0.424  0.023  0.020  0.174  0.078  0.142        1
 72:     0.061  0.077  0.414  0.002  0.061  0.256  0.054  0.075        1
 73:     0.021  0.095  0.368  0.092  0.034  0.057  0.095  0.238        1
 74:     0.035  0.030  0.212  0.082  0.101  0.116  0.074  0.349        1
 75:     0.083  0.010  0.226  0.012  0.186  0.344  0.056  0.084        1
 76:     0.424  0.064  0.008  0.067  0.217  0.027  0.151  0.042        1
 77:     0.092  0.085  0.161  0.103  0.113  0.192  0.118  0.136        1
 78:     0.103  0.028  0.260  0.020  0.118  0.365  0.076  0.029        1
 79:     0.120  0.098  0.343  0.012  0.037  0.104  0.041  0.245        1
 80:     0.102  0.003  0.446  0.093  0.183  0.125  0.006  0.041        1
 81:     0.099  0.016  0.275  0.028  0.096  0.382  0.039  0.064        1
 82:     0.120  0.036  0.204  0.069  0.055  0.227  0.173  0.117        1
 83:     0.096  0.064  0.195  0.048  0.114  0.337  0.043  0.102        1
 84:     0.067  0.082  0.010  0.014  0.038  0.328  0.366  0.095        1
 85:     0.019  0.240  0.036  0.031  0.030  0.126  0.417  0.101        1
 86:     0.066  0.086  0.008  0.110  0.061  0.059  0.594  0.016        1
 87:     0.042  0.046  0.039  0.040  0.149  0.162  0.372  0.150        1
 88:     0.011  0.150  0.024  0.033  0.029  0.089  0.420  0.243        1
 89:     0.022  0.046  0.080  0.015  0.017  0.242  0.545  0.033        1
 90:     0.107  0.119  0.041  0.061  0.113  0.098  0.405  0.056        1
 91:     0.039  0.072  0.041  0.027  0.031  0.119  0.629  0.042        1
 92:     0.042  0.046  0.018  0.030  0.126  0.011  0.706  0.020        1
 93:     0.057  0.113  0.058  0.028  0.021  0.195  0.510  0.017        1
 94:     0.083  0.087  0.088  0.073  0.119  0.129  0.293  0.128        1
 95:     0.028  0.085  0.008  0.003  0.263  0.064  0.540  0.009        1
 96:     0.017  0.116  0.024  0.059  0.022  0.059  0.571  0.132        1
 97:     0.080  0.022  0.004  0.087  0.069  0.165  0.459  0.115        1
 98:     0.065  0.041  0.021  0.019  0.072  0.476  0.299  0.008        1
 99:     0.021  0.245  0.051  0.037  0.099  0.197  0.338  0.012        1
100:     0.044  0.065  0.018  0.026  0.077  0.059  0.682  0.029        1
101:     0.029  0.074  0.077  0.066  0.070  0.277  0.380  0.026        1
102:     0.071  0.015  0.056  0.071  0.141  0.259  0.364  0.023        1
103:     0.055  0.048  0.030  0.028  0.085  0.459  0.289  0.007        1
104:     0.064  0.164  0.027  0.009  0.068  0.074  0.446  0.148        1
105:     0.101  0.035  0.029  0.042  0.103  0.294  0.383  0.014        1
106:     0.008  0.015  0.017  0.102  0.373  0.221  0.233  0.030        1
107:     0.022  0.170  0.021  0.006  0.098  0.163  0.468  0.051        1
108:     0.074  0.097  0.080  0.033  0.024  0.310  0.274  0.108        1
109:     0.061  0.030  0.012  0.020  0.187  0.081  0.595  0.014        1
110:     0.058  0.028  0.058  0.049  0.073  0.137  0.475  0.123        1
111:     0.050  0.067  0.004  0.028  0.110  0.208  0.263  0.270        1
112:     0.027  0.021  0.031  0.024  0.041  0.080  0.452  0.325        1
113:     0.059  0.137  0.067  0.029  0.202  0.089  0.414  0.003        1
114:     0.058  0.059  0.079  0.080  0.035  0.062  0.483  0.145        1
115:     0.034  0.040  0.032  0.049  0.034  0.154  0.569  0.087        1
116:     0.033  0.197  0.008  0.017  0.090  0.074  0.479  0.103        1
117:     0.061  0.064  0.061  0.014  0.021  0.405  0.367  0.006        1
118:     0.056  0.005  0.003  0.017  0.059  0.226  0.572  0.061        1
119:     0.005  0.098  0.009  0.131  0.054  0.073  0.623  0.008        1
120:     0.052  0.179  0.017  0.033  0.043  0.262  0.339  0.076        1
121:     0.029  0.066  0.069  0.108  0.047  0.076  0.549  0.055        1
122:     0.030  0.051  0.008  0.040  0.351  0.246  0.243  0.032        1
123:     0.054  0.072  0.004  0.046  0.114  0.144  0.529  0.037        1
124:     0.064  0.102  0.075  0.039  0.181  0.043  0.478  0.018        1
125:     0.005  0.080  0.026  0.018  0.107  0.167  0.401  0.197        1
126:     0.068  0.196  0.009  0.015  0.156  0.146  0.373  0.037        1
127:     0.030  0.054  0.008  0.005  0.092  0.082  0.545  0.183        1
128:     0.067  0.086  0.097  0.084  0.055  0.149  0.364  0.099        1
129:     0.045  0.065  0.017  0.027  0.103  0.096  0.506  0.141        1
130:     0.060  0.055  0.068  0.012  0.183  0.061  0.454  0.107        1
131:     0.024  0.138  0.054  0.033  0.062  0.011  0.571  0.107        1
132:     0.115  0.051  0.081  0.058  0.013  0.006  0.586  0.091        1
133:     0.111  0.001  0.042  0.072  0.078  0.028  0.520  0.147        1
134:     0.028  0.050  0.025  0.030  0.252  0.338  0.194  0.082        1
135:     0.053  0.063  0.095  0.105  0.009  0.098  0.497  0.080        1
136:     0.042  0.239  0.009  0.046  0.226  0.120  0.245  0.073        1
137:     0.049  0.053  0.065  0.089  0.035  0.181  0.520  0.009        1
138:     0.076  0.083  0.019  0.028  0.164  0.165  0.324  0.141        1
139:     0.084  0.119  0.064  0.022  0.142  0.151  0.378  0.041        1
140:     0.073  0.034  0.068  0.011  0.245  0.078  0.475  0.015        1
141:     0.044  0.034  0.007  0.001  0.143  0.177  0.556  0.038        1
142:     0.061  0.135  0.019  0.056  0.171  0.114  0.239  0.205        1
143:     0.034  0.057  0.036  0.064  0.110  0.104  0.470  0.125        1
144:     0.027  0.158  0.084  0.029  0.065  0.085  0.372  0.181        1
145:     0.050  0.065  0.081  0.070  0.084  0.133  0.436  0.082        1
146:     0.091  0.087  0.118  0.038  0.096  0.095  0.339  0.136        1
147:     0.061  0.070  0.019  0.022  0.379  0.157  0.201  0.090        1
148:     0.112  0.124  0.117  0.124  0.188  0.127  0.115  0.092        1
149:     0.134  0.089  0.097  0.135  0.138  0.158  0.140  0.110        1
150:     0.067  0.134  0.295  0.152  0.012  0.134  0.043  0.164        1
151:     0.056  0.229  0.140  0.089  0.112  0.129  0.148  0.096        1
152:     0.123  0.189  0.097  0.114  0.111  0.143  0.149  0.074        1
153:     0.063  0.109  0.102  0.467  0.117  0.083  0.016  0.044        1
154:     0.081  0.212  0.094  0.274  0.103  0.158  0.038  0.039        1
155:     0.018  0.171  0.252  0.084  0.109  0.041  0.075  0.251        1
156:     0.047  0.110  0.145  0.148  0.029  0.332  0.104  0.086        1
157:     0.068  0.098  0.101  0.280  0.076  0.011  0.126  0.239        1
158:     0.041  0.178  0.170  0.229  0.119  0.092  0.132  0.039        1
159:     0.036  0.357  0.058  0.081  0.049  0.026  0.094  0.298        1
160:     0.042  0.058  0.162  0.265  0.032  0.156  0.030  0.256        1
161:     0.079  0.169  0.097  0.241  0.078  0.038  0.222  0.076        1
162:     0.054  0.261  0.208  0.171  0.095  0.030  0.019  0.162        1
163:     0.074  0.026  0.221  0.152  0.194  0.080  0.153  0.101        1
164:     0.066  0.277  0.083  0.295  0.157  0.003  0.086  0.033        1
165:     0.082  0.104  0.098  0.171  0.066  0.057  0.237  0.185        1
166:     0.043  0.169  0.071  0.053  0.271  0.205  0.133  0.056        1
167:     0.100  0.158  0.136  0.127  0.110  0.103  0.124  0.141        1
168:     0.020  0.198  0.110  0.333  0.087  0.191  0.026  0.034        1
169:     0.079  0.161  0.117  0.148  0.158  0.105  0.092  0.140        1
170:     0.046  0.156  0.074  0.355  0.123  0.109  0.008  0.129        1
171:     0.066  0.053  0.316  0.208  0.002  0.246  0.013  0.096        1
172:     0.104  0.291  0.010  0.218  0.067  0.039  0.099  0.172        1
173:     0.038  0.117  0.194  0.106  0.236  0.257  0.036  0.016        1
174:     0.093  0.210  0.140  0.154  0.060  0.137  0.134  0.072        1
175:     0.072  0.157  0.145  0.140  0.119  0.118  0.096  0.153       50
176:     0.063  0.142  0.164  0.147  0.119  0.111  0.121  0.133       49
177:     0.060  0.130  0.155  0.149  0.116  0.143  0.103  0.144       50
178:     0.078  0.134  0.147  0.164  0.121  0.143  0.095  0.118       49
179:     0.072  0.132  0.135  0.154  0.130  0.138  0.111  0.128       23
180:     0.059  0.152  0.160  0.145  0.113  0.128  0.109  0.133       49
181:     0.752  0.051  0.026  0.029  0.029  0.035  0.045  0.032       30
182:     0.671  0.029  0.041  0.041  0.060  0.049  0.074  0.035       30
183:     0.112  0.125  0.135  0.140  0.126  0.119  0.129  0.114       34
184:     0.068  0.135  0.132  0.192  0.133  0.101  0.100  0.139       36
185:     0.074  0.121  0.158  0.170  0.113  0.129  0.109  0.127       40
186:     0.063  0.152  0.148  0.148  0.109  0.118  0.106  0.157       39
187:     0.070  0.136  0.135  0.139  0.115  0.153  0.112  0.142       37
188:     0.076  0.142  0.127  0.156  0.107  0.134  0.124  0.135       40
189:     0.073  0.128  0.149  0.160  0.134  0.107  0.119  0.131       35
190:     0.079  0.131  0.146  0.157  0.129  0.124  0.088  0.147       28
191:     0.071  0.124  0.163  0.185  0.104  0.114  0.112  0.127       36
192:     0.069  0.128  0.169  0.155  0.121  0.100  0.110  0.149       32
--------------------------------------------

 Rep#:   Lambda   Alpha      F1    F2    F3    F4    F5    F6    F7    F8     D1,2  D1,3  D1,4  D1,5  D1,6  D1,7  D1,8  D2,3  D2,4  D2,5  D2,6  D2,7  D2,8  D3,4  D3,5  D3,6  D3,7  D3,8  D4,5  D4,6  D4,7  D4,8  D5,6  D5,7  D5,8  D6,7  D6,8  D7,8    Ln Like 
  100:    1.00    1.602    0.289 0.010 0.010 0.010 0.010 0.010 0.079 0.010    0.045 0.045 0.045 0.044 0.045 0.049 0.045 0.003 0.003 0.003 0.003 0.010 0.003 0.003 0.003 0.004 0.011 0.003 0.003 0.004 0.011 0.003 0.003 0.010 0.003 0.009 0.003 0.010   --  
  200:    1.00    1.238    0.215 0.011 0.078 0.010 0.010 0.011 0.208 0.010    0.032 0.041 0.033 0.032 0.032 0.055 0.033 0.016 0.003 0.003 0.003 0.037 0.003 0.016 0.015 0.015 0.045 0.016 0.003 0.003 0.038 0.003 0.003 0.037 0.003 0.037 0.003 0.038   --  
  300:    1.00    1.047    0.191 0.011 0.248 0.010 0.010 0.011 0.186 0.010    0.030 0.055 0.030 0.030 0.030 0.050 0.030 0.043 0.003 0.003 0.003 0.034 0.003 0.042 0.042 0.042 0.059 0.042 0.003 0.003 0.034 0.003 0.003 0.034 0.003 0.034 0.003 0.034   --  
  400:    1.00    0.945    0.185 0.011 0.270 0.010 0.010 0.011 0.182 0.010    0.028 0.056 0.028 0.028 0.028 0.047 0.028 0.044 0.003 0.003 0.003 0.033 0.003 0.044 0.044 0.044 0.060 0.044 0.003 0.003 0.033 0.003 0.003 0.032 0.003 0.033 0.003 0.032   --  
  500:    1.00    0.888    0.175 0.011 0.264 0.010 0.010 0.011 0.174 0.010    0.027 0.055 0.027 0.027 0.027 0.046 0.027 0.044 0.003 0.003 0.003 0.031 0.003 0.044 0.044 0.044 0.060 0.044 0.003 0.003 0.032 0.003 0.003 0.031 0.003 0.031 0.003 0.031   --  
  600:    1.00    0.833    0.174 0.011 0.271 0.010 0.010 0.011 0.170 0.010    0.027 0.056 0.027 0.027 0.027 0.046 0.027 0.044 0.003 0.003 0.003 0.031 0.003 0.044 0.044 0.044 0.060 0.044 0.003 0.003 0.031 0.003 0.003 0.031 0.003 0.031 0.003 0.031   --  
  700:    1.00    0.793    0.171 0.011 0.267 0.010 0.010 0.011 0.167 0.010    0.026 0.056 0.026 0.026 0.026 0.045 0.026 0.044 0.003 0.003 0.003 0.030 0.003 0.044 0.044 0.044 0.060 0.044 0.003 0.003 0.030 0.003 0.003 0.030 0.003 0.030 0.003 0.030   --  
  800:    1.00    0.763    0.171 0.011 0.263 0.010 0.010 0.011 0.168 0.010    0.026 0.055 0.026 0.026 0.026 0.045 0.026 0.043 0.003 0.003 0.003 0.030 0.003 0.043 0.043 0.043 0.059 0.043 0.003 0.003 0.030 0.003 0.003 0.030 0.003 0.030 0.003 0.030   --  
  900:    1.00    0.739    0.170 0.011 0.265 0.010 0.011 0.011 0.160 0.010    0.026 0.055 0.026 0.026 0.026 0.045 0.026 0.042 0.003 0.003 0.003 0.029 0.003 0.043 0.042 0.043 0.059 0.042 0.003 0.003 0.030 0.003 0.003 0.030 0.003 0.030 0.003 0.029   --  

--------------------------------------------
Proportion of membership of each pre-defined
 population in each of the 8 clusters

Given    Inferred Clusters                                          Number of
 Pop       1      2      3      4      5      6      7      8      Individuals

  1:     0.065  0.138  0.073  0.162  0.162  0.178  0.049  0.173       54
  2:     0.059  0.195  0.080  0.188  0.121  0.140  0.047  0.171       30
  3:     0.679  0.037  0.053  0.036  0.073  0.024  0.054  0.043       30
  4:     0.796  0.018  0.027  0.009  0.061  0.015  0.063  0.011       20
  5:     0.725  0.014  0.022  0.018  0.117  0.023  0.071  0.010       30
  6:     0.051  0.170  0.069  0.169  0.168  0.123  0.049  0.202       43
  7:     0.054  0.201  0.069  0.166  0.146  0.177  0.045  0.142       44
  8:     0.026  0.135  0.076  0.188  0.191  0.240  0.041  0.103        4
  9:     0.017  0.200  0.075  0.226  0.155  0.105  0.043  0.178       22
 10:     0.023  0.178  0.077  0.213  0.135  0.144  0.047  0.183       24
 11:     0.048  0.170  0.070  0.158  0.167  0.141  0.047  0.198       54
 12:     0.050  0.218  0.069  0.217  0.143  0.113  0.045  0.146       37
 13:     0.068  0.188  0.073  0.181  0.136  0.135  0.048  0.171       42
 14:     0.053  0.141  0.072  0.166  0.182  0.179  0.043  0.163       42
 15:     0.057  0.188  0.073  0.176  0.164  0.118  0.047  0.178       49
 16:     0.062  0.157  0.071  0.183  0.176  0.144  0.049  0.157      124
 17:     0.056  0.187  0.073  0.136  0.172  0.150  0.050  0.176       24
 18:     0.042  0.167  0.076  0.183  0.195  0.144  0.051  0.143       34
 19:     0.057  0.176  0.075  0.181  0.142  0.140  0.047  0.182       52
 20:     0.058  0.231  0.078  0.178  0.312  0.055  0.030  0.059        1
 21:     0.028  0.208  0.089  0.160  0.182  0.086  0.142  0.106        1
 22:     0.054  0.140  0.086  0.107  0.407  0.017  0.039  0.149        1
 23:     0.094  0.203  0.089  0.253  0.088  0.153  0.095  0.025        1
 24:     0.043  0.178  0.072  0.118  0.082  0.231  0.056  0.219        1
 25:     0.127  0.061  0.034  0.326  0.003  0.189  0.053  0.207        1
 26:     0.037  0.068  0.094  0.096  0.112  0.347  0.064  0.181        1
 27:     0.072  0.062  0.086  0.021  0.120  0.064  0.054  0.521        1
 28:     0.026  0.447  0.090  0.050  0.116  0.049  0.041  0.181        1
 29:     0.008  0.223  0.102  0.050  0.096  0.019  0.046  0.455        1
 30:     0.103  0.248  0.072  0.078  0.361  0.007  0.081  0.050        1
 31:     0.189  0.352  0.060  0.113  0.012  0.219  0.045  0.009        1
 32:     0.002  0.193  0.082  0.156  0.056  0.145  0.045  0.320        1
 33:     0.117  0.063  0.098  0.038  0.406  0.102  0.034  0.142        1
 34:     0.019  0.164  0.105  0.024  0.180  0.002  0.063  0.442        1
 35:     0.016  0.293  0.085  0.129  0.112  0.101  0.091  0.174        1
 36:     0.075  0.198  0.060  0.004  0.209  0.266  0.074  0.114        1
 37:     0.025  0.102  0.044  0.087  0.425  0.031  0.044  0.243        1
 38:     0.061  0.125  0.071  0.127  0.046  0.427  0.103  0.042        1
 39:     0.009  0.210  0.087  0.031  0.086  0.294  0.060  0.223        1
 40:     0.058  0.039  0.094  0.063  0.314  0.044  0.106  0.283        1
 41:     0.022  0.188  0.078  0.213  0.060  0.149  0.069  0.220        1
 42:     0.075  0.029  0.081  0.265  0.196  0.131  0.096  0.127        1
 43:     0.063  0.159  0.060  0.017  0.217  0.171  0.073  0.239        1
 44:     0.125  0.100  0.072  0.305  0.161  0.100  0.031  0.106        1
 45:     0.044  0.124  0.072  0.041  0.045  0.301  0.083  0.290        1
 46:     0.040  0.007  0.041  0.011  0.216  0.156  0.109  0.421        1
 47:     0.056  0.540  0.057  0.046  0.160  0.002  0.050  0.090        1
 48:     0.002  0.452  0.077  0.060  0.145  0.011  0.080  0.174        1
 49:     0.032  0.303  0.074  0.133  0.001  0.222  0.075  0.161        1
 50:     0.306  0.167  0.076  0.282  0.025  0.023  0.105  0.015        1
 51:     0.195  0.076  0.063  0.046  0.400  0.126  0.030  0.063        1
 52:     0.042  0.031  0.093  0.318  0.109  0.287  0.111  0.011        1
 53:     0.078  0.131  0.073  0.236  0.172  0.005  0.069  0.236        1
 54:     0.002  0.001  0.993  0.000  0.001  0.000  0.001  0.001        1
 55:     0.004  0.000  0.990  0.001  0.002  0.000  0.000  0.003        1
 56:     0.006  0.016  0.823  0.017  0.016  0.067  0.017  0.037        1
 57:     0.003  0.034  0.931  0.005  0.003  0.001  0.007  0.016        1
 58:     0.005  0.008  0.895  0.052  0.005  0.031  0.002  0.002        1
 59:     0.039  0.000  0.829  0.027  0.002  0.006  0.004  0.093        1
 60:     0.001  0.001  0.975  0.013  0.006  0.000  0.003  0.002        1
 61:     0.001  0.000  0.993  0.000  0.001  0.002  0.002  0.001        1
 62:     0.392  0.003  0.006  0.000  0.442  0.116  0.034  0.007        1
 63:     0.035  0.001  0.928  0.001  0.006  0.007  0.021  0.001        1
 64:     0.001  0.001  0.994  0.001  0.001  0.001  0.000  0.000        1
 65:     0.000  0.001  0.994  0.003  0.000  0.000  0.000  0.002        1
 66:     0.006  0.016  0.952  0.000  0.020  0.006  0.000  0.000        1
 67:     0.062  0.033  0.626  0.004  0.027  0.068  0.122  0.057        1
 68:     0.017  0.009  0.919  0.001  0.007  0.000  0.025  0.021        1
 69:     0.003  0.006  0.984  0.001  0.001  0.000  0.001  0.002        1
 70:     0.053  0.092  0.750  0.005  0.017  0.058  0.021  0.003        1
 71:     0.002  0.005  0.989  0.001  0.000  0.000  0.002  0.001        1
 72:     0.001  0.000  0.996  0.000  0.000  0.000  0.001  0.001        1
 73:     0.000  0.001  0.996  0.000  0.000  0.000  0.001  0.001        1
 74:     0.016  0.095  0.761  0.081  0.002  0.042  0.002  0.003        1
 75:     0.001  0.000  0.995  0.001  0.003  0.000  0.000  0.000        1
 76:     0.502  0.022  0.001  0.025  0.276  0.010  0.123  0.041        1
 77:     0.001  0.000  0.996  0.000  0.000  0.000  0.002  0.000        1
 78:     0.065  0.032  0.773  0.029  0.063  0.029  0.002  0.007        1
 79:     0.002  0.000  0.995  0.001  0.001  0.000  0.001  0.000        1
 80:     0.002  0.012  0.958  0.000  0.012  0.005  0.007  0.005        1
 81:     0.002  0.001  0.992  0.001  0.002  0.002  0.001  0.000        1
 82:     0.054  0.007  0.512  0.022  0.091  0.005  0.163  0.146        1
 83:     0.003  0.000  0.991  0.003  0.000  0.000  0.001  0.001        1
 84:     0.027  0.000  0.005  0.007  0.010  0.009  0.937  0.005        1
 85:     0.061  0.007  0.004  0.002  0.001  0.000  0.918  0.006        1
 86:     0.016  0.022  0.040  0.030  0.003  0.025  0.861  0.003        1
 87:     0.002  0.000  0.014  0.005  0.002  0.007  0.957  0.012        1
 88:     0.003  0.011  0.009  0.003  0.003  0.001  0.965  0.005        1
 89:     0.001  0.048  0.005  0.013  0.012  0.007  0.915  0.000        1
 90:     0.015  0.000  0.006  0.002  0.004  0.002  0.970  0.001        1
 91:     0.004  0.000  0.005  0.001  0.024  0.019  0.944  0.003        1
 92:     0.018  0.048  0.000  0.014  0.057  0.061  0.788  0.013        1
 93:     0.071  0.011  0.004  0.001  0.002  0.000  0.899  0.011        1
 94:     0.028  0.054  0.003  0.002  0.010  0.015  0.848  0.040        1
 95:     0.021  0.029  0.000  0.029  0.002  0.004  0.875  0.038        1
 96:     0.000  0.002  0.006  0.000  0.002  0.000  0.985  0.005        1
 97:     0.015  0.002  0.015  0.008  0.005  0.006  0.949  0.001        1
 98:     0.009  0.007  0.008  0.009  0.024  0.004  0.931  0.007        1
 99:     0.001  0.001  0.002  0.000  0.002  0.001  0.991  0.002        1
100:     0.019  0.001  0.003  0.000  0.001  0.001  0.969  0.006        1
101:     0.030  0.002  0.003  0.022  0.094  0.052  0.775  0.022        1
102:     0.008  0.021  0.024  0.082  0.006  0.074  0.740  0.045        1
103:     0.000  0.001  0.003  0.004  0.009  0.020  0.955  0.008        1
104:     0.001  0.001  0.009  0.000  0.002  0.022  0.940  0.024        1
105:     0.029  0.009  0.031  0.000  0.015  0.004  0.899  0.014        1
106:     0.023  0.045  0.008  0.016  0.002  0.044  0.777  0.085        1
107:     0.012  0.001  0.012  0.010  0.002  0.004  0.947  0.011        1
108:     0.025  0.018  0.018  0.004  0.014  0.057  0.834  0.028        1
109:     0.093  0.000  0.027  0.006  0.008  0.093  0.754  0.020        1
110:     0.004  0.007  0.035  0.021  0.029  0.108  0.726  0.070        1
111:     0.014  0.000  0.008  0.001  0.000  0.001  0.971  0.004        1
112:     0.004  0.001  0.002  0.006  0.000  0.000  0.986  0.001        1
113:     0.028  0.000  0.003  0.001  0.000  0.018  0.923  0.027        1
114:     0.001  0.002  0.012  0.022  0.002  0.000  0.954  0.008        1
115:     0.009  0.021  0.003  0.001  0.038  0.002  0.924  0.003        1
116:     0.001  0.004  0.001  0.007  0.000  0.003  0.983  0.000        1
117:     0.051  0.007  0.000  0.003  0.006  0.001  0.913  0.018        1
118:     0.030  0.006  0.003  0.004  0.014  0.000  0.940  0.002        1
119:     0.009  0.089  0.009  0.000  0.035  0.010  0.846  0.002        1
120:     0.018  0.021  0.027  0.004  0.019  0.000  0.911  0.001        1
121:     0.016  0.008  0.014  0.001  0.011  0.012  0.935  0.002        1
122:     0.000  0.002  0.008  0.008  0.009  0.016  0.910  0.046        1
123:     0.001  0.005  0.001  0.006  0.002  0.005  0.975  0.004        1
124:     0.091  0.001  0.007  0.008  0.019  0.057  0.803  0.014        1
125:     0.009  0.007  0.007  0.000  0.015  0.001  0.957  0.003        1
126:     0.004  0.018  0.015  0.000  0.020  0.047  0.848  0.046        1
127:     0.036  0.008  0.003  0.003  0.017  0.014  0.888  0.031        1
128:     0.000  0.000  0.023  0.008  0.004  0.000  0.965  0.000        1
129:     0.000  0.001  0.001  0.001  0.000  0.001  0.996  0.000        1
130:     0.035  0.021  0.021  0.008  0.008  0.003  0.898  0.005        1
131:     0.002  0.003  0.001  0.004  0.006  0.002  0.981  0.001        1
132:     0.061  0.014  0.003  0.021  0.064  0.018  0.769  0.050        1
133:     0.104  0.000  0.003  0.010  0.009  0.010  0.862  0.001        1
134:     0.009  0.024  0.025  0.031  0.014  0.057  0.788  0.052        1
135:     0.036  0.006  0.007  0.048  0.013  0.009  0.763  0.117        1
136:     0.000  0.001  0.000  0.001  0.000  0.001  0.995  0.001        1
137:     0.002  0.001  0.011  0.000  0.010  0.009  0.964  0.003        1
138:     0.000  0.011  0.011  0.011  0.001  0.004  0.962  0.000        1
139:     0.094  0.000  0.006  0.001  0.001  0.000  0.896  0.002        1
140:     0.058  0.015  0.022  0.001  0.001  0.015  0.875  0.012        1
141:     0.016  0.000  0.001  0.001  0.009  0.001  0.966  0.005        1
142:     0.042  0.006  0.001  0.042  0.033  0.006  0.842  0.028        1
143:     0.043  0.033  0.005  0.011  0.003  0.001  0.903  0.001        1
144:     0.002  0.004  0.007  0.029  0.017  0.015  0.919  0.007        1
145:     0.010  0.012  0.006  0.001  0.000  0.024  0.946  0.001        1
146:     0.022  0.004  0.000  0.002  0.041  0.009  0.909  0.013        1
147:     0.001  0.008  0.001  0.007  0.001  0.011  0.970  0.001        1
148:     0.138  0.023  0.064  0.088  0.234  0.203  0.116  0.134        1
149:     0.176  0.105  0.035  0.024  0.115  0.229  0.123  0.193        1
150:     0.047  0.004  0.070  0.070  0.285  0.377  0.093  0.056        1
151:     0.017  0.232  0.099  0.210  0.066  0.048  0.059  0.269        1
152:     0.095  0.065  0.057  0.042  0.438  0.208  0.042  0.054        1
153:     0.059  0.014  0.091  0.476  0.197  0.046  0.046  0.070        1
154:     0.007  0.077  0.082  0.210  0.141  0.338  0.084  0.061        1
155:     0.011  0.446  0.057  0.159  0.115  0.064  0.063  0.084        1
156:     0.056  0.050  0.103  0.164  0.059  0.511  0.056  0.000        1
157:     0.042  0.084  0.077  0.370  0.112  0.013  0.071  0.231        1
158:     0.048  0.208  0.063  0.282  0.207  0.121  0.045  0.026        1
159:     0.006  0.344  0.091  0.047  0.075  0.086  0.054  0.295        1
160:     0.030  0.055  0.049  0.136  0.394  0.105  0.071  0.160        1
161:     0.101  0.079  0.087  0.005  0.294  0.163  0.085  0.186        1
162:     0.024  0.011  0.155  0.255  0.083  0.011  0.044  0.418        1
163:     0.027  0.042  0.094  0.145  0.190  0.244  0.076  0.183        1
164:     0.063  0.065  0.085  0.441  0.093  0.127  0.069  0.058        1
165:     0.059  0.070  0.085  0.091  0.085  0.070  0.117  0.423        1
166:     0.047  0.098  0.073  0.106  0.297  0.296  0.022  0.061        1
167:     0.064  0.109  0.092  0.222  0.157  0.259  0.079  0.017        1
168:     0.017  0.077  0.060  0.619  0.059  0.133  0.029  0.005        1
169:     0.067  0.136  0.080  0.032  0.099  0.197  0.044  0.346        1
170:     0.010  0.199  0.083  0.253  0.093  0.286  0.048  0.028        1
171:     0.017  0.004  0.040  0.153  0.002  0.196  0.090  0.498        1
172:     0.066  0.094  0.101  0.424  0.090  0.173  0.026  0.025        1
173:     0.063  0.319  0.055  0.113  0.182  0.159  0.047  0.062        1
174:     0.020  0.123  0.082  0.072  0.106  0.407  0.066  0.125        1
175:     0.058  0.205  0.069  0.180  0.145  0.148  0.047  0.147       50
176:     0.053  0.174  0.073  0.147  0.152  0.172  0.047  0.182       49
177:     0.053  0.167  0.065  0.176  0.137  0.189  0.046  0.167       50
178:     0.062  0.147  0.075  0.177  0.175  0.167  0.046  0.152       49
179:     0.065  0.168  0.070  0.139  0.174  0.144  0.053  0.185       23
180:     0.046  0.182  0.069  0.169  0.150  0.171  0.045  0.168       49
181:     0.976  0.003  0.006  0.003  0.004  0.003  0.002  0.003       30
182:     0.940  0.007  0.014  0.011  0.006  0.008  0.007  0.008       30
183:     0.109  0.204  0.063  0.180  0.113  0.168  0.071  0.092       34
184:     0.056  0.159  0.069  0.233  0.125  0.135  0.041  0.181       36
185:     0.057  0.138  0.066  0.199  0.149  0.151  0.050  0.189       40
186:     0.051  0.166  0.072  0.195  0.149  0.144  0.047  0.176       39
187:     0.062  0.177  0.074  0.171  0.121  0.190  0.046  0.160       37
188:     0.060  0.196  0.071  0.209  0.117  0.155  0.052  0.139       40
189:     0.060  0.169  0.071  0.190  0.124  0.145  0.042  0.198       35
190:     0.076  0.148  0.070  0.185  0.154  0.137  0.043  0.186       28
191:     0.055  0.167  0.067  0.230  0.136  0.145  0.045  0.154       36
192:     0.054  0.144  0.070  0.205  0.152  0.135  0.040  0.200       32
--------------------------------------------

 Rep#:   Lambda   Alpha      F1    F2    F3    F4    F5    F6    F7    F8     D1,2  D1,3  D1,4  D1,5  D1,6  D1,7  D1,8  D2,3  D2,4  D2,5  D2,6  D2,7  D2,8  D3,4  D3,5  D3,6  D3,7  D3,8  D4,5  D4,6  D4,7  D4,8  D5,6  D5,7  D5,8  D6,7  D6,8  D7,8    Ln Like 
 1000:    1.00    0.702    0.171 0.011 0.264 0.010 0.011 0.011 0.164 0.010    0.026 0.056 0.026 0.026 0.026 0.045 0.026 0.043 0.003 0.003 0.003 0.029 0.003 0.042 0.043 0.043 0.059 0.043 0.003 0.003 0.029 0.003 0.003 0.029 0.003 0.030 0.003 0.029   --  
 1100:    1.00    0.674    0.169 0.011 0.258 0.010 0.012 0.011 0.163 0.010    0.026 0.055 0.026 0.026 0.026 0.045 0.026 0.042 0.003 0.004 0.003 0.029 0.003 0.042 0.042 0.042 0.059 0.042 0.004 0.003 0.029 0.003 0.004 0.029 0.004 0.029 0.003 0.029   --  
 1200:    1.00    0.657    0.170 0.011 0.256 0.010 0.013 0.011 0.156 0.010    0.026 0.056 0.026 0.026 0.026 0.045 0.026 0.042 0.003 0.004 0.003 0.029 0.003 0.042 0.042 0.042 0.058 0.042 0.004 0.003 0.028 0.003 0.004 0.029 0.004 0.028 0.003 0.028   --  
 1300:    1.00    0.616    0.172 0.011 0.254 0.011 0.016 0.011 0.154 0.010    0.026 0.056 0.026 0.027 0.027 0.045 0.026 0.041 0.003 0.004 0.003 0.028 0.003 0.041 0.042 0.041 0.059 0.041 0.004 0.003 0.028 0.003 0.004 0.029 0.004 0.028 0.003 0.028   --  
 1400:    1.00    0.591    0.177 0.011 0.256 0.011 0.035 0.011 0.156 0.010    0.028 0.058 0.028 0.031 0.028 0.046 0.028 0.041 0.003 0.008 0.003 0.028 0.003 0.041 0.045 0.041 0.058 0.042 0.008 0.003 0.028 0.003 0.008 0.032 0.008 0.029 0.003 0.028   --  
 1500:    1.00    0.577    0.210 0.011 0.251 0.011 0.182 0.011 0.153 0.010    0.032 0.061 0.032 0.045 0.032 0.049 0.032 0.041 0.003 0.029 0.003 0.029 0.003 0.041 0.058 0.041 0.059 0.041 0.030 0.003 0.029 0.003 0.030 0.045 0.029 0.029 0.003 0.029   --  
 1600:    1.00    0.558    0.214 0.011 0.256 0.011 0.248 0.011 0.157 0.010    0.032 0.062 0.032 0.045 0.033 0.049 0.032 0.042 0.003 0.038 0.003 0.029 0.003 0.042 0.064 0.042 0.059 0.042 0.038 0.003 0.029 0.003 0.038 0.050 0.037 0.029 0.003 0.029   --  
 1700:    1.00    0.549    0.216 0.010 0.256 0.011 0.238 0.011 0.157 0.010    0.032 0.062 0.032 0.043 0.033 0.050 0.033 0.040 0.003 0.036 0.003 0.028 0.003 0.040 0.062 0.041 0.058 0.041 0.036 0.003 0.029 0.003 0.036 0.050 0.036 0.029 0.003 0.028   --  
 1800:    1.00    0.533    0.219 0.010 0.250 0.011 0.226 0.011 0.153 0.009    0.033 0.063 0.033 0.043 0.033 0.051 0.033 0.040 0.003 0.034 0.003 0.028 0.003 0.040 0.061 0.040 0.058 0.040 0.034 0.003 0.028 0.003 0.035 0.049 0.034 0.029 0.003 0.028   --  
 1900:    1.00    0.510    0.222 0.010 0.257 0.011 0.223 0.011 0.156 0.009    0.033 0.064 0.033 0.043 0.033 0.051 0.033 0.041 0.003 0.034 0.003 0.028 0.003 0.040 0.062 0.041 0.059 0.041 0.034 0.003 0.029 0.003 0.034 0.050 0.034 0.029 0.003 0.028   --  

--------------------------------------------
Proportion of membership of each pre-defined
 population in each of the 8 clusters

Given    Inferred Clusters                                          Number of
 Pop       1      2      3      4      5      6      7      8      Individuals

  1:     0.042  0.207  0.043  0.188  0.073  0.203  0.029  0.215       54
  2:     0.036  0.224  0.043  0.217  0.074  0.164  0.030  0.212       30
  3:     0.490  0.032  0.058  0.037  0.248  0.027  0.053  0.056       30
  4:     0.024  0.002  0.001  0.002  0.965  0.002  0.003  0.002       20
  5:     0.088  0.007  0.009  0.008  0.860  0.009  0.011  0.007       30
  6:     0.034  0.160  0.038  0.213  0.073  0.180  0.033  0.269       43
  7:     0.031  0.214  0.038  0.203  0.070  0.220  0.032  0.192       44
  8:     0.015  0.270  0.039  0.286  0.064  0.162  0.032  0.132        4
  9:     0.017  0.255  0.040  0.257  0.050  0.133  0.025  0.223       22
 10:     0.018  0.219  0.044  0.279  0.040  0.141  0.033  0.226       24
 11:     0.034  0.202  0.035  0.189  0.076  0.202  0.032  0.230       54
 12:     0.032  0.231  0.041  0.249  0.071  0.160  0.025  0.192       37
 13:     0.043  0.203  0.038  0.218  0.074  0.184  0.033  0.207       42
 14:     0.030  0.172  0.039  0.227  0.079  0.229  0.026  0.197       42
 15:     0.037  0.207  0.040  0.208  0.070  0.184  0.025  0.229       49
 16:     0.037  0.175  0.039  0.224  0.075  0.208  0.034  0.209      124
 17:     0.035  0.206  0.037  0.177  0.078  0.225  0.036  0.207       24
 18:     0.035  0.194  0.044  0.216  0.065  0.227  0.029  0.192       34
 19:     0.041  0.156  0.039  0.244  0.069  0.195  0.035  0.220       52
 20:     0.056  0.438  0.040  0.175  0.041  0.052  0.036  0.162        1
 21:     0.019  0.284  0.055  0.244  0.036  0.068  0.091  0.204        1
 22:     0.037  0.247  0.067  0.342  0.092  0.052  0.015  0.148        1
 23:     0.022  0.368  0.049  0.122  0.090  0.229  0.103  0.017        1
 24:     0.050  0.127  0.023  0.145  0.041  0.339  0.049  0.226        1
 25:     0.088  0.039  0.017  0.327  0.081  0.131  0.066  0.252        1
 26:     0.008  0.005  0.049  0.150  0.088  0.540  0.062  0.098        1
 27:     0.024  0.006  0.042  0.034  0.102  0.010  0.059  0.723        1
 28:     0.038  0.562  0.045  0.085  0.033  0.060  0.039  0.138        1
 29:     0.041  0.315  0.056  0.149  0.014  0.140  0.084  0.200        1
 30:     0.033  0.411  0.010  0.078  0.172  0.255  0.041  0.000        1
 31:     0.063  0.385  0.058  0.079  0.204  0.137  0.008  0.067        1
 32:     0.011  0.148  0.030  0.137  0.038  0.408  0.071  0.156        1
 33:     0.025  0.131  0.068  0.171  0.125  0.316  0.011  0.154        1
 34:     0.018  0.099  0.048  0.074  0.078  0.015  0.059  0.609        1
 35:     0.023  0.317  0.044  0.221  0.075  0.018  0.002  0.299        1
 36:     0.109  0.126  0.045  0.016  0.062  0.345  0.061  0.236        1
 37:     0.001  0.321  0.010  0.017  0.069  0.210  0.042  0.330        1
 38:     0.026  0.230  0.039  0.190  0.140  0.202  0.141  0.031        1
 39:     0.025  0.188  0.105  0.000  0.044  0.527  0.057  0.055        1
 40:     0.027  0.225  0.031  0.131  0.130  0.069  0.066  0.321        1
 41:     0.007  0.077  0.039  0.164  0.062  0.259  0.029  0.364        1
 42:     0.063  0.142  0.036  0.118  0.060  0.175  0.057  0.349        1
 43:     0.033  0.167  0.066  0.080  0.073  0.148  0.016  0.416        1
 44:     0.069  0.063  0.049  0.335  0.122  0.033  0.028  0.301        1
 45:     0.009  0.118  0.080  0.072  0.034  0.296  0.045  0.346        1
 46:     0.045  0.023  0.023  0.001  0.021  0.017  0.114  0.756        1
 47:     0.020  0.841  0.063  0.009  0.040  0.000  0.004  0.022        1
 48:     0.010  0.855  0.065  0.016  0.041  0.000  0.011  0.002        1
 49:     0.010  0.188  0.052  0.130  0.037  0.339  0.051  0.193        1
 50:     0.123  0.045  0.027  0.280  0.302  0.048  0.042  0.134        1
 51:     0.054  0.052  0.047  0.298  0.211  0.255  0.028  0.054        1
 52:     0.050  0.001  0.107  0.481  0.087  0.189  0.085  0.000        1
 53:     0.065  0.315  0.062  0.382  0.062  0.013  0.022  0.080        1
 54:     0.004  0.001  0.985  0.007  0.000  0.000  0.002  0.001        1
 55:     0.001  0.000  0.989  0.005  0.000  0.002  0.002  0.001        1
 56:     0.000  0.000  0.824  0.063  0.007  0.076  0.001  0.028        1
