

----------------------------------------------------
STRUCTURE by Pritchard, Stephens and Donnelly (2000)
     and Falush, Stephens and Pritchard (2003)
       Code by Pritchard, Falush and Hubisz
             Version 2.3.4 (Jul 2012)
----------------------------------------------------


Reading file "/workdir/yc2644/CV_CT_array/structure/threader_input/mainparams".
Reading file "/workdir/yc2644/CV_CT_array/structure/threader_input/extraparams".
Reading file "/workdir/yc2644/CV_CT_array/structure/threader_input/n1601.recode.strct_in".


Data file "/workdir/yc2644/CV_CT_array/structure/threader_input/n1601.recode.strct_in" (truncated) --

Ind:   Label Pop : Genotype_data . . . .
  1:  001s    1  :  2   1   2   2   2   1   2  . . . .   2
  1:  001s    1  :  2   2   2   2   2   2   2  . . . .   2
  2:  002s    1  :  2   2   2   2   1   1   2  . . . .   2
  2:  002s    1  :  2   2   2   2   2   2   2  . . . .   2
  3:  003s    1  :  1   2   1   2   2   2   2  . . . .   1
  3:  003s    1  :  2   2   1   2   2   2   2  . . . .   2
  4:  004s    1  :  1   1   2   2   1   2   2  . . . .   1
  4:  004s    1  :  2   1   2   2   2   2   2  . . . .   2

      *******   

1600:    49  192  :  2   2   2   2   2   1   2  . . . .   1
1600:    49  192  :  2   2   2   2   2   2   2  . . . .   2
1601:    50  192  :  2   1   2   2   1   2   2  . . . .   1
1601:    50  192  :  2   2   2   2   2   2   2  . . . .   2

Number of alleles per locus: min= 2; ave=2.0; max= 2


--------------------------------------

Finished initialization; starting MCMC 
100000 iterations + 10000 burnin


--------------------------------------------
Proportion of membership of each pre-defined
 population in each of the 8 clusters

Given    Inferred Clusters                                          Number of
 Pop       1      2      3      4      5      6      7      8      Individuals

  1:     0.091  0.127  0.151  0.143  0.160  0.158  0.099  0.071       54
  2:     0.096  0.158  0.197  0.142  0.140  0.123  0.077  0.067       30
  3:     0.227  0.065  0.061  0.048  0.072  0.048  0.048  0.432       30
  4:     0.209  0.051  0.039  0.056  0.041  0.045  0.060  0.498       20
  5:     0.169  0.065  0.042  0.053  0.064  0.045  0.080  0.482       30
  6:     0.087  0.165  0.149  0.155  0.142  0.148  0.086  0.069       43
  7:     0.092  0.145  0.155  0.154  0.133  0.165  0.093  0.062       44
  8:     0.064  0.191  0.126  0.155  0.143  0.146  0.114  0.059        4
  9:     0.075  0.137  0.181  0.149  0.158  0.157  0.101  0.043       22
 10:     0.101  0.138  0.164  0.154  0.122  0.157  0.118  0.045       24
 11:     0.099  0.158  0.148  0.153  0.135  0.153  0.093  0.061       54
 12:     0.101  0.132  0.195  0.150  0.120  0.157  0.089  0.057       37
 13:     0.087  0.164  0.159  0.150  0.113  0.167  0.083  0.077       42
 14:     0.100  0.149  0.167  0.137  0.146  0.149  0.091  0.061       42
 15:     0.105  0.146  0.169  0.145  0.120  0.160  0.089  0.065       49
 16:     0.099  0.156  0.158  0.144  0.142  0.141  0.093  0.066      124
 17:     0.071  0.122  0.150  0.166  0.163  0.154  0.102  0.072       24
 18:     0.100  0.125  0.185  0.153  0.152  0.150  0.083  0.053       34
 19:     0.093  0.135  0.151  0.134  0.154  0.175  0.092  0.065       52
 20:     0.058  0.155  0.062  0.171  0.154  0.164  0.157  0.078        1
 21:     0.123  0.195  0.117  0.158  0.097  0.166  0.077  0.066        1
 22:     0.167  0.079  0.240  0.071  0.184  0.116  0.094  0.050        1
 23:     0.029  0.377  0.138  0.006  0.147  0.115  0.130  0.058        1
 24:     0.098  0.290  0.182  0.149  0.017  0.145  0.046  0.073        1
 25:     0.115  0.005  0.228  0.077  0.232  0.217  0.031  0.095        1
 26:     0.040  0.110  0.233  0.186  0.253  0.017  0.093  0.068        1
 27:     0.092  0.069  0.230  0.130  0.089  0.165  0.135  0.089        1
 28:     0.058  0.117  0.290  0.241  0.044  0.133  0.056  0.061        1
 29:     0.025  0.095  0.101  0.068  0.217  0.188  0.262  0.043        1
 30:     0.150  0.079  0.115  0.147  0.161  0.173  0.092  0.084        1
 31:     0.141  0.151  0.162  0.121  0.110  0.055  0.115  0.144        1
 32:     0.177  0.075  0.146  0.194  0.214  0.065  0.084  0.046        1
 33:     0.037  0.026  0.169  0.194  0.196  0.170  0.115  0.092        1
 34:     0.123  0.111  0.166  0.128  0.182  0.139  0.095  0.055        1
 35:     0.060  0.362  0.019  0.021  0.081  0.324  0.111  0.022        1
 36:     0.049  0.127  0.224  0.360  0.057  0.060  0.059  0.063        1
 37:     0.052  0.161  0.282  0.117  0.092  0.091  0.122  0.084        1
 38:     0.112  0.080  0.293  0.126  0.039  0.124  0.176  0.049        1
 39:     0.079  0.214  0.128  0.079  0.033  0.293  0.154  0.020        1
 40:     0.037  0.082  0.180  0.158  0.116  0.198  0.132  0.098        1
 41:     0.028  0.190  0.123  0.220  0.140  0.026  0.240  0.034        1
 42:     0.112  0.117  0.121  0.157  0.152  0.158  0.131  0.051        1
 43:     0.105  0.123  0.227  0.091  0.209  0.087  0.116  0.043        1
 44:     0.120  0.023  0.326  0.027  0.193  0.173  0.017  0.122        1
 45:     0.052  0.304  0.065  0.125  0.152  0.096  0.168  0.038        1
 46:     0.074  0.128  0.107  0.191  0.135  0.100  0.182  0.083        1
 47:     0.126  0.242  0.181  0.094  0.207  0.122  0.018  0.010        1
 48:     0.140  0.151  0.058  0.149  0.298  0.082  0.047  0.076        1
 49:     0.003  0.238  0.107  0.177  0.034  0.203  0.201  0.036        1
 50:     0.178  0.104  0.148  0.058  0.073  0.102  0.101  0.236        1
 51:     0.340  0.210  0.126  0.029  0.122  0.023  0.082  0.069        1
 52:     0.086  0.150  0.050  0.226  0.150  0.193  0.053  0.092        1
 53:     0.113  0.128  0.208  0.139  0.118  0.150  0.083  0.062        1
 54:     0.006  0.253  0.070  0.170  0.075  0.103  0.188  0.135        1
 55:     0.022  0.028  0.074  0.074  0.340  0.080  0.217  0.167        1
 56:     0.047  0.155  0.122  0.089  0.201  0.153  0.159  0.074        1
 57:     0.045  0.084  0.151  0.040  0.333  0.091  0.192  0.064        1
 58:     0.038  0.033  0.025  0.052  0.270  0.185  0.281  0.116        1
 59:     0.081  0.038  0.086  0.100  0.177  0.020  0.359  0.140        1
 60:     0.076  0.115  0.141  0.020  0.418  0.085  0.037  0.107        1
 61:     0.096  0.174  0.036  0.002  0.405  0.155  0.077  0.054        1
 62:     0.106  0.067  0.029  0.074  0.135  0.259  0.029  0.301        1
 63:     0.031  0.078  0.154  0.058  0.173  0.006  0.352  0.148        1
 64:     0.027  0.218  0.041  0.056  0.247  0.102  0.218  0.091        1
 65:     0.034  0.262  0.026  0.018  0.490  0.040  0.036  0.095        1
 66:     0.008  0.005  0.219  0.072  0.380  0.060  0.145  0.112        1
 67:     0.052  0.108  0.091  0.058  0.280  0.111  0.218  0.082        1
 68:     0.037  0.099  0.115  0.100  0.347  0.062  0.130  0.110        1
 69:     0.023  0.144  0.094  0.053  0.398  0.093  0.134  0.062        1
 70:     0.038  0.271  0.067  0.072  0.217  0.109  0.110  0.117        1
 71:     0.017  0.173  0.064  0.031  0.353  0.144  0.150  0.069        1
 72:     0.059  0.078  0.105  0.082  0.390  0.062  0.088  0.135        1
 73:     0.075  0.095  0.066  0.035  0.538  0.059  0.063  0.069        1
 74:     0.112  0.106  0.075  0.019  0.080  0.185  0.345  0.077        1
 75:     0.034  0.170  0.017  0.053  0.290  0.084  0.191  0.161        1
 76:     0.086  0.031  0.172  0.110  0.063  0.053  0.082  0.404        1
 77:     0.048  0.159  0.029  0.115  0.253  0.039  0.237  0.119        1
 78:     0.109  0.096  0.084  0.030  0.266  0.114  0.163  0.138        1
 79:     0.022  0.028  0.064  0.009  0.285  0.100  0.333  0.160        1
 80:     0.026  0.120  0.214  0.023  0.399  0.034  0.099  0.083        1
 81:     0.035  0.093  0.057  0.094  0.228  0.067  0.310  0.116        1
 82:     0.012  0.027  0.020  0.094  0.271  0.145  0.316  0.115        1
 83:     0.061  0.175  0.042  0.005  0.396  0.063  0.149  0.110        1
 84:     0.116  0.072  0.021  0.047  0.050  0.045  0.583  0.066        1
 85:     0.147  0.014  0.046  0.017  0.021  0.022  0.704  0.029        1
 86:     0.134  0.093  0.041  0.047  0.056  0.078  0.505  0.046        1
 87:     0.068  0.068  0.010  0.059  0.008  0.023  0.692  0.073        1
 88:     0.185  0.111  0.004  0.040  0.013  0.057  0.584  0.006        1
 89:     0.155  0.017  0.024  0.031  0.006  0.073  0.675  0.019        1
 90:     0.161  0.066  0.024  0.032  0.029  0.042  0.568  0.078        1
 91:     0.097  0.080  0.039  0.033  0.057  0.041  0.578  0.075        1
 92:     0.082  0.128  0.058  0.019  0.018  0.023  0.645  0.028        1
 93:     0.174  0.008  0.005  0.014  0.044  0.037  0.635  0.083        1
 94:     0.140  0.088  0.039  0.043  0.028  0.045  0.558  0.058        1
 95:     0.216  0.044  0.011  0.105  0.039  0.036  0.513  0.034        1
 96:     0.014  0.024  0.001  0.066  0.030  0.043  0.792  0.030        1
 97:     0.135  0.074  0.001  0.056  0.038  0.053  0.617  0.027        1
 98:     0.008  0.108  0.022  0.020  0.025  0.021  0.735  0.061        1
 99:     0.082  0.010  0.010  0.020  0.015  0.049  0.761  0.054        1
100:     0.147  0.042  0.036  0.035  0.055  0.027  0.578  0.079        1
101:     0.110  0.086  0.052  0.058  0.040  0.118  0.474  0.063        1
102:     0.035  0.035  0.041  0.063  0.039  0.016  0.684  0.086        1
103:     0.085  0.090  0.044  0.067  0.059  0.039  0.549  0.067        1
104:     0.042  0.057  0.048  0.022  0.021  0.033  0.729  0.049        1
105:     0.097  0.110  0.008  0.025  0.016  0.054  0.599  0.093        1
106:     0.246  0.053  0.023  0.147  0.037  0.017  0.462  0.015        1
107:     0.034  0.049  0.024  0.020  0.066  0.018  0.720  0.069        1
108:     0.106  0.101  0.009  0.057  0.019  0.086  0.604  0.018        1
109:     0.204  0.243  0.026  0.039  0.012  0.030  0.335  0.110        1
110:     0.198  0.031  0.029  0.124  0.038  0.001  0.536  0.045        1
111:     0.099  0.078  0.036  0.046  0.018  0.056  0.595  0.072        1
112:     0.076  0.055  0.028  0.017  0.029  0.049  0.694  0.053        1
113:     0.138  0.091  0.042  0.032  0.044  0.054  0.519  0.080        1
114:     0.124  0.027  0.026  0.034  0.020  0.032  0.668  0.068        1
115:     0.045  0.063  0.035  0.016  0.076  0.016  0.657  0.092        1
116:     0.028  0.131  0.003  0.011  0.014  0.008  0.734  0.071        1
117:     0.114  0.077  0.039  0.060  0.101  0.055  0.461  0.093        1
118:     0.112  0.046  0.016  0.026  0.102  0.034  0.575  0.089        1
119:     0.048  0.016  0.076  0.054  0.019  0.040  0.724  0.022        1
120:     0.175  0.073  0.087  0.051  0.017  0.003  0.546  0.048        1
121:     0.054  0.203  0.005  0.038  0.012  0.033  0.568  0.087        1
122:     0.045  0.028  0.026  0.045  0.058  0.027  0.750  0.020        1
123:     0.142  0.043  0.016  0.022  0.024  0.013  0.697  0.042        1
124:     0.077  0.091  0.033  0.169  0.031  0.024  0.479  0.096        1
125:     0.002  0.044  0.006  0.072  0.014  0.010  0.812  0.040        1
126:     0.083  0.036  0.042  0.057  0.040  0.013  0.717  0.011        1
127:     0.042  0.093  0.008  0.048  0.027  0.020  0.686  0.077        1
128:     0.069  0.144  0.012  0.038  0.036  0.027  0.609  0.067        1
129:     0.099  0.038  0.017  0.060  0.047  0.006  0.702  0.031        1
130:     0.104  0.091  0.057  0.032  0.028  0.016  0.594  0.078        1
131:     0.156  0.021  0.010  0.013  0.042  0.052  0.666  0.039        1
132:     0.104  0.070  0.077  0.062  0.054  0.037  0.500  0.096        1
133:     0.162  0.028  0.040  0.066  0.020  0.035  0.542  0.106        1
134:     0.214  0.051  0.020  0.004  0.086  0.017  0.561  0.047        1
135:     0.211  0.142  0.044  0.076  0.012  0.003  0.478  0.034        1
136:     0.072  0.082  0.052  0.049  0.019  0.029  0.689  0.008        1
137:     0.141  0.029  0.019  0.037  0.015  0.024  0.671  0.063        1
138:     0.182  0.029  0.002  0.074  0.031  0.011  0.627  0.045        1
139:     0.235  0.051  0.014  0.029  0.012  0.042  0.545  0.072        1
140:     0.104  0.060  0.028  0.092  0.003  0.028  0.560  0.124        1
141:     0.109  0.056  0.032  0.036  0.035  0.035  0.619  0.077        1
142:     0.080  0.045  0.045  0.082  0.042  0.042  0.592  0.073        1
143:     0.236  0.065  0.038  0.058  0.008  0.031  0.499  0.065        1
144:     0.028  0.047  0.019  0.044  0.039  0.012  0.774  0.038        1
145:     0.094  0.035  0.026  0.007  0.014  0.047  0.749  0.028        1
146:     0.100  0.025  0.063  0.062  0.044  0.009  0.651  0.045        1
147:     0.111  0.107  0.005  0.072  0.013  0.036  0.576  0.080        1
148:     0.101  0.108  0.135  0.100  0.123  0.136  0.166  0.131        1
149:     0.181  0.093  0.097  0.043  0.130  0.133  0.183  0.141        1
150:     0.050  0.253  0.251  0.156  0.008  0.016  0.219  0.047        1
151:     0.060  0.289  0.165  0.068  0.060  0.240  0.057  0.061        1
152:     0.108  0.082  0.165  0.160  0.164  0.104  0.104  0.113        1
153:     0.124  0.119  0.287  0.001  0.053  0.260  0.102  0.055        1
154:     0.115  0.122  0.135  0.192  0.162  0.127  0.100  0.048        1
155:     0.158  0.148  0.217  0.230  0.042  0.033  0.161  0.010        1
156:     0.127  0.127  0.069  0.285  0.038  0.162  0.120  0.072        1
157:     0.130  0.188  0.154  0.122  0.284  0.027  0.027  0.068        1
158:     0.019  0.100  0.300  0.140  0.194  0.108  0.055  0.084        1
159:     0.061  0.207  0.160  0.265  0.057  0.151  0.090  0.009        1
160:     0.084  0.224  0.364  0.045  0.094  0.065  0.034  0.091        1
161:     0.264  0.092  0.115  0.067  0.121  0.226  0.079  0.037        1
162:     0.120  0.094  0.134  0.152  0.150  0.215  0.074  0.062        1
163:     0.067  0.027  0.340  0.050  0.142  0.149  0.161  0.063        1
164:     0.097  0.138  0.170  0.108  0.153  0.154  0.102  0.078        1
165:     0.192  0.073  0.131  0.112  0.105  0.181  0.143  0.063        1
166:     0.066  0.240  0.372  0.012  0.069  0.046  0.085  0.109        1
167:     0.036  0.346  0.079  0.145  0.086  0.004  0.199  0.105        1
168:     0.050  0.173  0.157  0.108  0.340  0.098  0.071  0.003        1
169:     0.109  0.218  0.188  0.187  0.116  0.087  0.026  0.070        1
170:     0.113  0.115  0.142  0.173  0.218  0.083  0.102  0.054        1
171:     0.068  0.207  0.119  0.031  0.215  0.149  0.151  0.059        1
172:     0.144  0.106  0.129  0.132  0.150  0.164  0.087  0.087        1
173:     0.072  0.107  0.069  0.347  0.018  0.212  0.093  0.082        1
174:     0.048  0.174  0.162  0.050  0.112  0.267  0.132  0.056        1
175:     0.092  0.126  0.156  0.145  0.131  0.166  0.110  0.074       50
176:     0.093  0.130  0.161  0.188  0.125  0.155  0.087  0.059       49
177:     0.087  0.153  0.158  0.159  0.135  0.149  0.094  0.065       50
178:     0.097  0.123  0.159  0.156  0.139  0.163  0.094  0.070       49
179:     0.106  0.136  0.158  0.141  0.132  0.154  0.104  0.070       23
180:     0.092  0.140  0.178  0.137  0.145  0.158  0.091  0.059       49
181:     0.070  0.030  0.021  0.028  0.016  0.028  0.024  0.783       30
182:     0.205  0.041  0.033  0.041  0.051  0.029  0.024  0.576       30
183:     0.115  0.157  0.125  0.152  0.138  0.128  0.097  0.088       34
184:     0.100  0.119  0.154  0.154  0.140  0.192  0.072  0.069       36
185:     0.105  0.128  0.157  0.131  0.132  0.173  0.100  0.075       40
186:     0.080  0.127  0.178  0.146  0.151  0.153  0.106  0.060       39
187:     0.088  0.156  0.137  0.141  0.161  0.146  0.094  0.077       37
188:     0.096  0.127  0.159  0.156  0.148  0.154  0.088  0.072       40
189:     0.106  0.129  0.159  0.123  0.131  0.182  0.099  0.071       35
190:     0.113  0.127  0.166  0.163  0.115  0.156  0.090  0.069       28
191:     0.098  0.157  0.143  0.136  0.141  0.154  0.107  0.064       36
192:     0.099  0.119  0.148  0.161  0.172  0.141  0.094  0.066       32
--------------------------------------------

 Rep#:   Lambda   Alpha      F1    F2    F3    F4    F5    F6    F7    F8     D1,2  D1,3  D1,4  D1,5  D1,6  D1,7  D1,8  D2,3  D2,4  D2,5  D2,6  D2,7  D2,8  D3,4  D3,5  D3,6  D3,7  D3,8  D4,5  D4,6  D4,7  D4,8  D5,6  D5,7  D5,8  D6,7  D6,8  D7,8    Ln Like 
  100:    1.00    1.515    0.086 0.005 0.013 0.010 0.010 0.010 0.150 0.319    0.016 0.018 0.017 0.017 0.017 0.036 0.046 0.003 0.002 0.002 0.002 0.029 0.049 0.004 0.004 0.004 0.033 0.052 0.004 0.003 0.031 0.051 0.003 0.031 0.051 0.032 0.051 0.071   --  
  200:    1.00    1.135    0.289 0.005 0.014 0.010 0.149 0.010 0.204 0.337    0.050 0.052 0.051 0.067 0.051 0.073 0.094 0.003 0.002 0.027 0.002 0.036 0.049 0.004 0.029 0.004 0.037 0.051 0.028 0.003 0.037 0.050 0.028 0.053 0.065 0.037 0.051 0.070   --  
  300:    1.00    0.986    0.275 0.005 0.014 0.010 0.252 0.010 0.195 0.349    0.042 0.044 0.043 0.067 0.044 0.061 0.082 0.003 0.002 0.042 0.002 0.034 0.051 0.004 0.044 0.004 0.036 0.053 0.042 0.003 0.035 0.052 0.043 0.060 0.074 0.035 0.052 0.070   --  
  400:    1.00    0.882    0.245 0.005 0.014 0.010 0.268 0.010 0.178 0.340    0.037 0.039 0.038 0.063 0.038 0.055 0.072 0.003 0.002 0.043 0.002 0.032 0.050 0.004 0.045 0.004 0.034 0.051 0.044 0.003 0.033 0.050 0.044 0.060 0.076 0.033 0.051 0.068   --  
  500:    1.00    0.838    0.227 0.005 0.014 0.010 0.263 0.010 0.174 0.325    0.034 0.036 0.035 0.061 0.035 0.052 0.065 0.003 0.002 0.043 0.002 0.031 0.048 0.004 0.045 0.004 0.033 0.050 0.044 0.003 0.032 0.049 0.044 0.060 0.075 0.032 0.050 0.067   --  
  600:    1.00    0.800    0.215 0.005 0.014 0.010 0.266 0.010 0.170 0.329    0.033 0.035 0.034 0.061 0.034 0.051 0.064 0.003 0.002 0.042 0.002 0.031 0.048 0.004 0.045 0.003 0.032 0.050 0.043 0.003 0.031 0.049 0.043 0.060 0.077 0.031 0.049 0.067   --  
  700:    1.00    0.757    0.214 0.005 0.014 0.010 0.261 0.010 0.169 0.323    0.032 0.033 0.032 0.060 0.033 0.050 0.062 0.003 0.002 0.042 0.002 0.029 0.048 0.004 0.044 0.004 0.031 0.049 0.043 0.003 0.030 0.048 0.043 0.060 0.076 0.030 0.049 0.066   --  
  800:    1.00    0.695    0.213 0.005 0.014 0.009 0.266 0.010 0.166 0.320    0.031 0.033 0.032 0.060 0.032 0.049 0.060 0.003 0.002 0.042 0.002 0.030 0.046 0.003 0.044 0.003 0.031 0.049 0.042 0.003 0.030 0.047 0.043 0.060 0.076 0.030 0.048 0.065   --  
  900:    1.00    0.659    0.207 0.005 0.013 0.009 0.261 0.010 0.165 0.313    0.031 0.032 0.031 0.060 0.032 0.049 0.060 0.003 0.002 0.042 0.002 0.029 0.046 0.003 0.043 0.003 0.030 0.047 0.042 0.003 0.030 0.046 0.043 0.060 0.076 0.030 0.047 0.065   --  

--------------------------------------------
Proportion of membership of each pre-defined
 population in each of the 8 clusters

Given    Inferred Clusters                                          Number of
 Pop       1      2      3      4      5      6      7      8      Individuals

  1:     0.063  0.193  0.211  0.150  0.066  0.224  0.047  0.046       54
  2:     0.059  0.204  0.222  0.177  0.075  0.176  0.047  0.039       30
  3:     0.384  0.060  0.029  0.032  0.052  0.037  0.053  0.354       30
  4:     0.963  0.003  0.003  0.003  0.003  0.003  0.007  0.016       20
  5:     0.884  0.012  0.011  0.010  0.011  0.015  0.014  0.044       30
  6:     0.063  0.224  0.207  0.166  0.063  0.189  0.054  0.035       43
  7:     0.062  0.197  0.214  0.188  0.063  0.198  0.044  0.035       44
  8:     0.043  0.197  0.177  0.162  0.069  0.272  0.060  0.021        4
  9:     0.035  0.176  0.245  0.173  0.065  0.242  0.045  0.020       22
 10:     0.031  0.163  0.213  0.181  0.070  0.281  0.035  0.027       24
 11:     0.059  0.199  0.191  0.182  0.059  0.224  0.045  0.041       54
 12:     0.055  0.186  0.206  0.184  0.069  0.232  0.035  0.033       37
 13:     0.067  0.202  0.189  0.186  0.063  0.206  0.047  0.040       42
 14:     0.058  0.236  0.242  0.153  0.066  0.167  0.042  0.036       42
 15:     0.061  0.211  0.210  0.176  0.068  0.189  0.045  0.040       49
 16:     0.064  0.208  0.215  0.190  0.066  0.171  0.047  0.039      124
 17:     0.060  0.207  0.167  0.210  0.069  0.205  0.047  0.035       24
 18:     0.053  0.166  0.243  0.211  0.069  0.177  0.047  0.034       34
 19:     0.059  0.186  0.215  0.197  0.068  0.191  0.045  0.041       52
 20:     0.002  0.152  0.206  0.203  0.074  0.289  0.033  0.041        1
 21:     0.040  0.471  0.041  0.105  0.079  0.125  0.133  0.006        1
 22:     0.044  0.449  0.093  0.155  0.079  0.130  0.026  0.024        1
 23:     0.088  0.245  0.212  0.089  0.092  0.150  0.096  0.028        1
 24:     0.055  0.415  0.196  0.092  0.072  0.083  0.037  0.051        1
 25:     0.081  0.375  0.242  0.069  0.028  0.066  0.062  0.075        1
 26:     0.019  0.135  0.166  0.467  0.086  0.000  0.070  0.057        1
 27:     0.050  0.037  0.204  0.011  0.071  0.485  0.090  0.052        1
 28:     0.046  0.276  0.014  0.373  0.078  0.128  0.040  0.045        1
 29:     0.000  0.028  0.037  0.513  0.081  0.235  0.070  0.035        1
 30:     0.144  0.149  0.005  0.370  0.061  0.195  0.040  0.035        1
 31:     0.236  0.001  0.266  0.348  0.026  0.018  0.049  0.058        1
 32:     0.037  0.082  0.276  0.283  0.058  0.197  0.052  0.017        1
 33:     0.119  0.026  0.229  0.262  0.096  0.200  0.034  0.035        1
 34:     0.007  0.102  0.142  0.346  0.084  0.236  0.057  0.026        1
 35:     0.078  0.584  0.024  0.013  0.093  0.149  0.045  0.013        1
 36:     0.027  0.196  0.252  0.244  0.073  0.077  0.074  0.056        1
 37:     0.022  0.198  0.616  0.055  0.029  0.019  0.043  0.019        1
 38:     0.114  0.113  0.267  0.150  0.068  0.155  0.122  0.010        1
 39:     0.014  0.305  0.270  0.052  0.133  0.172  0.049  0.005        1
 40:     0.093  0.156  0.206  0.174  0.088  0.157  0.064  0.062        1
 41:     0.003  0.132  0.261  0.385  0.123  0.003  0.048  0.045        1
 42:     0.058  0.142  0.174  0.221  0.077  0.250  0.032  0.047        1
 43:     0.060  0.167  0.519  0.043  0.066  0.029  0.063  0.053        1
 44:     0.103  0.067  0.269  0.029  0.075  0.378  0.031  0.048        1
 45:     0.045  0.393  0.195  0.117  0.093  0.038  0.080  0.039        1
 46:     0.023  0.048  0.245  0.326  0.028  0.147  0.108  0.076        1
 47:     0.012  0.531  0.104  0.134  0.060  0.080  0.041  0.038        1
 48:     0.003  0.877  0.002  0.001  0.059  0.016  0.032  0.010        1
 49:     0.019  0.303  0.150  0.154  0.097  0.229  0.031  0.017        1
 50:     0.285  0.010  0.155  0.234  0.042  0.167  0.049  0.058        1
 51:     0.204  0.338  0.070  0.078  0.076  0.094  0.057  0.083        1
 52:     0.039  0.260  0.083  0.285  0.085  0.108  0.086  0.054        1
 53:     0.071  0.141  0.259  0.116  0.052  0.233  0.073  0.055        1
 54:     0.000  0.004  0.000  0.002  0.983  0.001  0.000  0.010        1
 55:     0.000  0.004  0.001  0.000  0.985  0.000  0.004  0.006        1
 56:     0.009  0.013  0.005  0.004  0.849  0.077  0.031  0.012        1
 57:     0.007  0.017  0.013  0.000  0.953  0.000  0.004  0.005        1
 58:     0.000  0.029  0.020  0.004  0.909  0.004  0.015  0.020        1
 59:     0.043  0.007  0.018  0.020  0.879  0.000  0.015  0.019        1
 60:     0.017  0.001  0.005  0.001  0.971  0.002  0.003  0.001        1
 61:     0.005  0.000  0.001  0.004  0.989  0.001  0.000  0.001        1
 62:     0.308  0.107  0.256  0.071  0.009  0.063  0.035  0.151        1
 63:     0.036  0.002  0.003  0.003  0.934  0.007  0.003  0.011        1
 64:     0.003  0.002  0.000  0.000  0.994  0.000  0.000  0.000        1
 65:     0.000  0.001  0.000  0.000  0.997  0.000  0.000  0.001        1
 66:     0.015  0.011  0.003  0.010  0.947  0.003  0.008  0.003        1
 67:     0.062  0.059  0.002  0.071  0.605  0.082  0.074  0.045        1
 68:     0.008  0.006  0.002  0.043  0.920  0.001  0.005  0.016        1
 69:     0.003  0.003  0.000  0.002  0.981  0.002  0.005  0.004        1
 70:     0.029  0.051  0.024  0.068  0.789  0.001  0.018  0.019        1
 71:     0.002  0.001  0.000  0.001  0.994  0.000  0.001  0.000        1
 72:     0.000  0.000  0.001  0.000  0.998  0.001  0.000  0.000        1
 73:     0.000  0.000  0.000  0.001  0.996  0.001  0.001  0.001        1
 74:     0.047  0.121  0.029  0.002  0.773  0.017  0.001  0.010        1
 75:     0.000  0.000  0.000  0.001  0.998  0.000  0.000  0.000        1
 76:     0.324  0.041  0.215  0.022  0.000  0.012  0.125  0.262        1
 77:     0.001  0.000  0.001  0.000  0.996  0.000  0.001  0.001        1
 78:     0.047  0.051  0.020  0.002  0.821  0.036  0.002  0.022        1
 79:     0.001  0.000  0.003  0.000  0.995  0.000  0.000  0.000        1
 80:     0.002  0.001  0.001  0.001  0.990  0.000  0.001  0.004        1
 81:     0.002  0.000  0.003  0.001  0.992  0.001  0.000  0.001        1
 82:     0.038  0.039  0.020  0.082  0.527  0.120  0.146  0.028        1
 83:     0.000  0.001  0.001  0.001  0.993  0.002  0.001  0.002        1
 84:     0.054  0.001  0.008  0.000  0.021  0.001  0.914  0.001        1
 85:     0.056  0.003  0.010  0.002  0.000  0.005  0.922  0.002        1
 86:     0.031  0.013  0.061  0.013  0.033  0.014  0.809  0.027        1
 87:     0.009  0.018  0.002  0.008  0.003  0.001  0.959  0.001        1
 88:     0.005  0.000  0.002  0.001  0.001  0.010  0.979  0.001        1
 89:     0.000  0.026  0.004  0.008  0.003  0.022  0.926  0.012        1
 90:     0.045  0.001  0.002  0.001  0.000  0.001  0.940  0.010        1
 91:     0.016  0.012  0.008  0.000  0.006  0.021  0.931  0.006        1
 92:     0.003  0.121  0.059  0.004  0.001  0.016  0.770  0.027        1
 93:     0.032  0.002  0.000  0.003  0.003  0.003  0.910  0.046        1
 94:     0.001  0.000  0.070  0.008  0.011  0.007  0.862  0.041        1
 95:     0.102  0.003  0.012  0.000  0.002  0.007  0.865  0.008        1
 96:     0.000  0.000  0.007  0.000  0.014  0.000  0.975  0.003        1
 97:     0.053  0.000  0.000  0.000  0.009  0.005  0.925  0.007        1
 98:     0.015  0.010  0.003  0.011  0.031  0.004  0.900  0.027        1
 99:     0.001  0.002  0.000  0.002  0.001  0.000  0.993  0.001        1
100:     0.044  0.007  0.000  0.001  0.009  0.000  0.939  0.000        1
101:     0.001  0.011  0.033  0.117  0.038  0.035  0.745  0.021        1
102:     0.008  0.125  0.017  0.042  0.031  0.003  0.756  0.019        1
103:     0.049  0.001  0.003  0.002  0.001  0.002  0.942  0.000        1
104:     0.008  0.017  0.007  0.000  0.010  0.021  0.925  0.012        1
105:     0.065  0.021  0.003  0.011  0.043  0.002  0.855  0.000        1
106:     0.023  0.025  0.013  0.041  0.050  0.051  0.796  0.002        1
107:     0.011  0.004  0.000  0.010  0.010  0.004  0.937  0.024        1
108:     0.067  0.005  0.023  0.062  0.013  0.000  0.823  0.006        1
109:     0.070  0.112  0.001  0.002  0.023  0.001  0.729  0.064        1
110:     0.013  0.028  0.069  0.066  0.040  0.050  0.713  0.022        1
111:     0.025  0.000  0.000  0.004  0.004  0.005  0.933  0.029        1
112:     0.000  0.002  0.001  0.005  0.013  0.001  0.972  0.005        1
113:     0.046  0.002  0.002  0.008  0.004  0.002  0.929  0.006        1
114:     0.000  0.002  0.000  0.001  0.025  0.014  0.945  0.013        1
115:     0.008  0.020  0.032  0.009  0.027  0.001  0.903  0.000        1
116:     0.000  0.000  0.001  0.000  0.002  0.000  0.989  0.007        1
117:     0.036  0.003  0.002  0.004  0.006  0.008  0.891  0.051        1
118:     0.005  0.000  0.005  0.003  0.019  0.001  0.900  0.065        1
119:     0.021  0.027  0.015  0.039  0.007  0.054  0.836  0.001        1
120:     0.007  0.000  0.069  0.010  0.015  0.003  0.894  0.002        1
121:     0.021  0.020  0.014  0.000  0.007  0.001  0.928  0.007        1
122:     0.000  0.020  0.002  0.042  0.018  0.009  0.904  0.004        1
123:     0.000  0.000  0.012  0.001  0.001  0.000  0.978  0.007        1
124:     0.078  0.051  0.019  0.004  0.014  0.021  0.798  0.017        1
125:     0.015  0.000  0.000  0.005  0.001  0.007  0.967  0.004        1
126:     0.008  0.044  0.033  0.007  0.045  0.025  0.816  0.021        1
127:     0.027  0.000  0.028  0.003  0.045  0.012  0.885  0.001        1
128:     0.009  0.001  0.015  0.025  0.022  0.001  0.921  0.007        1
129:     0.002  0.000  0.001  0.003  0.001  0.000  0.992  0.000        1
130:     0.048  0.020  0.003  0.009  0.001  0.033  0.861  0.024        1
131:     0.002  0.004  0.000  0.006  0.012  0.000  0.969  0.007        1
132:     0.095  0.023  0.057  0.003  0.013  0.008  0.782  0.019        1
133:     0.141  0.002  0.001  0.003  0.002  0.000  0.822  0.029        1
134:     0.006  0.057  0.006  0.006  0.024  0.067  0.802  0.031        1
135:     0.056  0.124  0.003  0.005  0.018  0.012  0.763  0.018        1
136:     0.001  0.000  0.015  0.000  0.000  0.004  0.979  0.001        1
137:     0.001  0.000  0.001  0.000  0.021  0.010  0.961  0.005        1
138:     0.001  0.001  0.003  0.000  0.016  0.005  0.973  0.001        1
139:     0.091  0.000  0.006  0.007  0.000  0.002  0.884  0.011        1
140:     0.130  0.015  0.002  0.001  0.024  0.003  0.826  0.001        1
141:     0.030  0.000  0.001  0.001  0.002  0.000  0.954  0.011        1
142:     0.006  0.076  0.022  0.028  0.007  0.002  0.831  0.028        1
143:     0.043  0.003  0.006  0.023  0.032  0.000  0.889  0.004        1
144:     0.041  0.012  0.011  0.007  0.007  0.015  0.906  0.001        1
145:     0.009  0.004  0.000  0.009  0.008  0.010  0.957  0.003        1
146:     0.005  0.000  0.000  0.027  0.027  0.002  0.910  0.029        1
147:     0.051  0.002  0.004  0.004  0.005  0.002  0.929  0.003        1
148:     0.156  0.103  0.051  0.166  0.073  0.300  0.112  0.039        1
149:     0.146  0.192  0.033  0.153  0.076  0.249  0.068  0.084        1
150:     0.034  0.012  0.334  0.213  0.074  0.209  0.109  0.014        1
151:     0.000  0.258  0.248  0.083  0.117  0.208  0.039  0.047        1
152:     0.124  0.124  0.302  0.140  0.049  0.155  0.030  0.076        1
153:     0.056  0.115  0.296  0.022  0.043  0.385  0.051  0.032        1
154:     0.079  0.314  0.108  0.227  0.078  0.162  0.021  0.011        1
155:     0.081  0.119  0.325  0.321  0.034  0.039  0.071  0.010        1
156:     0.097  0.126  0.294  0.228  0.077  0.069  0.057  0.053        1
157:     0.064  0.207  0.265  0.273  0.077  0.032  0.058  0.024        1
158:     0.003  0.057  0.367  0.187  0.095  0.163  0.071  0.058        1
159:     0.021  0.314  0.093  0.292  0.071  0.106  0.061  0.043        1
160:     0.087  0.400  0.273  0.055  0.061  0.064  0.030  0.030        1
161:     0.057  0.086  0.211  0.116  0.119  0.244  0.124  0.043        1
162:     0.012  0.237  0.109  0.066  0.100  0.398  0.055  0.023        1
163:     0.083  0.001  0.600  0.101  0.091  0.041  0.074  0.009        1
164:     0.054  0.165  0.156  0.230  0.088  0.213  0.039  0.055        1
165:     0.099  0.158  0.051  0.185  0.101  0.251  0.099  0.056        1
166:     0.092  0.225  0.459  0.034  0.077  0.071  0.035  0.007        1
167:     0.054  0.642  0.025  0.074  0.076  0.025  0.030  0.074        1
168:     0.018  0.237  0.230  0.171  0.035  0.260  0.038  0.011        1
169:     0.045  0.132  0.292  0.154  0.087  0.205  0.050  0.033        1
170:     0.026  0.179  0.195  0.269  0.090  0.173  0.067  0.000        1
171:     0.005  0.235  0.089  0.253  0.068  0.266  0.052  0.031        1
172:     0.067  0.147  0.167  0.125  0.111  0.316  0.031  0.037        1
173:     0.054  0.045  0.095  0.315  0.071  0.331  0.026  0.063        1
174:     0.063  0.304  0.117  0.020  0.083  0.333  0.045  0.035        1
175:     0.064  0.184  0.208  0.215  0.069  0.184  0.040  0.035       50
176:     0.049  0.183  0.219  0.232  0.066  0.166  0.042  0.042       49
177:     0.050  0.206  0.187  0.213  0.066  0.200  0.036  0.042       50
178:     0.057  0.173  0.226  0.190  0.069  0.203  0.040  0.041       49
179:     0.073  0.208  0.166  0.210  0.064  0.199  0.048  0.032       23
180:     0.052  0.192  0.190  0.210  0.067  0.212  0.041  0.036       49
181:     0.050  0.003  0.003  0.003  0.004  0.002  0.003  0.932       30
182:     0.504  0.005  0.010  0.005  0.010  0.005  0.007  0.455       30
183:     0.081  0.198  0.151  0.258  0.056  0.136  0.059  0.061       34
184:     0.056  0.157  0.198  0.184  0.058  0.260  0.046  0.042       36
185:     0.063  0.168  0.220  0.171  0.063  0.230  0.049  0.036       40
186:     0.046  0.181  0.207  0.224  0.070  0.204  0.038  0.031       39
187:     0.059  0.204  0.226  0.196  0.067  0.166  0.042  0.040       37
188:     0.068  0.146  0.206  0.193  0.065  0.228  0.050  0.043       40
189:     0.058  0.144  0.224  0.167  0.065  0.252  0.043  0.046       35
190:     0.071  0.147  0.220  0.223  0.066  0.200  0.035  0.039       28
191:     0.051  0.190  0.203  0.158  0.065  0.243  0.047  0.042       36
192:     0.056  0.128  0.228  0.221  0.065  0.224  0.039  0.039       32
--------------------------------------------

 Rep#:   Lambda   Alpha      F1    F2    F3    F4    F5    F6    F7    F8     D1,2  D1,3  D1,4  D1,5  D1,6  D1,7  D1,8  D2,3  D2,4  D2,5  D2,6  D2,7  D2,8  D3,4  D3,5  D3,6  D3,7  D3,8  D4,5  D4,6  D4,7  D4,8  D5,6  D5,7  D5,8  D6,7  D6,8  D7,8    Ln Like 
 1000:    1.00    0.642    0.208 0.005 0.013 0.009 0.261 0.010 0.167 0.314    0.031 0.032 0.031 0.060 0.032 0.049 0.059 0.003 0.002 0.041 0.002 0.029 0.045 0.003 0.043 0.003 0.031 0.046 0.042 0.003 0.030 0.046 0.042 0.060 0.074 0.030 0.046 0.064   --  
 1100:    1.00    0.607    0.205 0.005 0.013 0.009 0.261 0.010 0.163 0.311    0.030 0.032 0.031 0.060 0.031 0.049 0.058 0.003 0.002 0.041 0.002 0.029 0.044 0.003 0.042 0.003 0.030 0.046 0.041 0.003 0.029 0.045 0.042 0.060 0.075 0.030 0.045 0.064   --  
 1200:    1.00    0.584    0.206 0.005 0.013 0.009 0.256 0.010 0.159 0.307    0.030 0.032 0.031 0.060 0.031 0.049 0.059 0.003 0.002 0.040 0.002 0.028 0.044 0.003 0.041 0.003 0.030 0.045 0.041 0.003 0.029 0.045 0.041 0.059 0.074 0.029 0.045 0.063   --  
 1300:    1.00    0.559    0.201 0.005 0.013 0.009 0.259 0.010 0.160 0.302    0.030 0.031 0.030 0.060 0.031 0.049 0.058 0.003 0.002 0.040 0.002 0.028 0.043 0.003 0.042 0.003 0.029 0.045 0.041 0.003 0.029 0.044 0.041 0.059 0.074 0.029 0.044 0.063   --  
 1400:    1.00    0.540    0.203 0.005 0.013 0.009 0.249 0.010 0.159 0.310    0.029 0.031 0.030 0.059 0.030 0.049 0.059 0.003 0.002 0.039 0.002 0.028 0.043 0.003 0.041 0.003 0.030 0.045 0.040 0.003 0.029 0.044 0.040 0.059 0.074 0.029 0.044 0.063   --  
 1500:    1.00    0.510    0.207 0.005 0.013 0.009 0.258 0.010 0.158 0.304    0.029 0.031 0.030 0.060 0.030 0.048 0.058 0.003 0.002 0.040 0.002 0.028 0.044 0.003 0.041 0.003 0.029 0.045 0.041 0.003 0.029 0.044 0.041 0.059 0.074 0.029 0.044 0.063   --  
 1600:    1.00    0.474    0.199 0.005 0.013 0.009 0.248 0.010 0.159 0.296    0.029 0.030 0.030 0.059 0.030 0.048 0.058 0.003 0.002 0.039 0.002 0.028 0.043 0.003 0.040 0.003 0.029 0.045 0.040 0.003 0.028 0.044 0.040 0.059 0.074 0.028 0.044 0.063   --  
 1700:    1.00    0.470    0.201 0.005 0.012 0.009 0.250 0.010 0.153 0.301    0.029 0.030 0.030 0.060 0.030 0.048 0.058 0.003 0.002 0.039 0.002 0.027 0.043 0.003 0.040 0.003 0.028 0.044 0.040 0.003 0.028 0.043 0.040 0.059 0.074 0.028 0.044 0.063   --  
 1800:    1.00    0.442    0.194 0.005 0.012 0.009 0.249 0.010 0.155 0.305    0.028 0.029 0.029 0.059 0.029 0.047 0.058 0.003 0.002 0.038 0.002 0.027 0.043 0.003 0.040 0.003 0.028 0.044 0.039 0.003 0.028 0.044 0.039 0.058 0.074 0.028 0.044 0.063   --  
 1900:    1.00    0.431    0.199 0.005 0.012 0.009 0.252 0.010 0.155 0.306    0.028 0.030 0.029 0.060 0.029 0.047 0.057 0.003 0.002 0.039 0.002 0.027 0.043 0.003 0.040 0.003 0.028 0.044 0.039 0.003 0.027 0.043 0.040 0.059 0.074 0.028 0.044 0.063   --  

--------------------------------------------
Proportion of membership of each pre-defined
 population in each of the 8 clusters

Given    Inferred Clusters                                          Number of
 Pop       1      2      3      4      5      6      7      8      Individuals

  1:     0.050  0.216  0.218  0.181  0.035  0.244  0.027  0.029       54
  2:     0.048  0.256  0.211  0.204  0.041  0.193  0.023  0.022       30
  3:     0.384  0.065  0.041  0.020  0.043  0.046  0.044  0.357       30
  4:     0.971  0.001  0.001  0.001  0.002  0.003  0.003  0.018       20
  5:     0.896  0.018  0.010  0.007  0.005  0.015  0.010  0.039       30
  6:     0.050  0.252  0.228  0.195  0.030  0.194  0.027  0.023       43
  7:     0.046  0.246  0.210  0.198  0.034  0.216  0.027  0.023       44
  8:     0.026  0.228  0.259  0.255  0.023  0.166  0.035  0.007        4
  9:     0.021  0.185  0.267  0.153  0.032  0.307  0.023  0.011       22
 10:     0.014  0.219  0.235  0.144  0.035  0.309  0.028  0.017       24
 11:     0.047  0.194  0.215  0.197  0.027  0.271  0.029  0.020       54
 12:     0.036  0.203  0.210  0.184  0.034  0.288  0.025  0.019       37
 13:     0.042  0.243  0.182  0.208  0.032  0.228  0.037  0.027       42
 14:     0.042  0.269  0.260  0.165  0.029  0.184  0.025  0.027       42
 15:     0.041  0.231  0.225  0.200  0.035  0.215  0.029  0.024       49
 16:     0.052  0.239  0.229  0.206  0.032  0.185  0.032  0.026      124
 17:     0.051  0.248  0.175  0.209  0.034  0.230  0.032  0.020       24
 18:     0.028  0.188  0.262  0.222  0.043  0.210  0.028  0.019       34
 19:     0.043  0.220  0.226  0.203  0.034  0.216  0.026  0.032       52
 20:     0.000  0.226  0.226  0.273  0.025  0.162  0.050  0.038        1
 21:     0.018  0.688  0.007  0.136  0.051  0.042  0.056  0.001        1
 22:     0.030  0.328  0.113  0.283  0.056  0.176  0.011  0.003        1
 23:     0.057  0.254  0.287  0.160  0.036  0.096  0.103  0.008        1
 24:     0.019  0.327  0.423  0.047  0.059  0.088  0.019  0.018        1
 25:     0.054  0.393  0.283  0.106  0.000  0.059  0.050  0.055        1
 26:     0.073  0.224  0.243  0.275  0.060  0.048  0.076  0.002        1
 27:     0.036  0.044  0.255  0.000  0.033  0.489  0.088  0.054        1
 28:     0.001  0.223  0.046  0.278  0.060  0.319  0.035  0.038        1
 29:     0.001  0.066  0.099  0.308  0.078  0.388  0.031  0.030        1
 30:     0.119  0.346  0.083  0.259  0.015  0.117  0.047  0.015        1
 31:     0.206  0.046  0.431  0.204  0.049  0.000  0.030  0.034        1
 32:     0.017  0.080  0.376  0.441  0.034  0.028  0.023  0.000        1
 33:     0.101  0.022  0.123  0.337  0.074  0.307  0.009  0.026        1
 34:     0.011  0.122  0.087  0.264  0.075  0.395  0.046  0.000        1
 35:     0.025  0.286  0.118  0.222  0.046  0.277  0.025  0.001        1
 36:     0.001  0.099  0.403  0.161  0.034  0.186  0.071  0.045        1
 37:     0.071  0.121  0.714  0.025  0.028  0.006  0.031  0.004        1
 38:     0.091  0.183  0.126  0.056  0.051  0.381  0.112  0.000        1
 39:     0.058  0.366  0.236  0.100  0.041  0.148  0.050  0.001        1
 40:     0.091  0.183  0.310  0.190  0.072  0.060  0.071  0.022        1
 41:     0.000  0.076  0.174  0.601  0.042  0.042  0.063  0.001        1
 42:     0.069  0.255  0.210  0.122  0.047  0.230  0.031  0.036        1
 43:     0.086  0.142  0.627  0.007  0.035  0.024  0.045  0.033        1
 44:     0.120  0.002  0.265  0.014  0.023  0.526  0.023  0.026        1
 45:     0.051  0.333  0.318  0.124  0.107  0.015  0.052  0.000        1
 46:     0.025  0.091  0.455  0.249  0.030  0.025  0.093  0.031        1
 47:     0.002  0.928  0.000  0.002  0.014  0.008  0.042  0.004        1
 48:     0.002  0.911  0.002  0.000  0.024  0.017  0.019  0.026        1
 49:     0.015  0.501  0.142  0.152  0.055  0.080  0.044  0.011        1
 50:     0.323  0.033  0.165  0.338  0.030  0.043  0.016  0.052        1
 51:     0.177  0.474  0.040  0.066  0.030  0.128  0.049  0.035        1
 52:     0.052  0.326  0.175  0.218  0.056  0.061  0.088  0.024        1
 53:     0.026  0.213  0.457  0.087  0.043  0.123  0.024  0.027        1
 54:     0.000  0.000  0.002  0.004  0.994  0.000  0.000  0.000        1
 55:     0.001  0.000  0.000  0.000  0.989  0.009  0.000  0.001        1
 56:     0.006  0.001  0.003  0.069  0.826  0.068  0.018  0.009        1
