

----------------------------------------------------
STRUCTURE by Pritchard, Stephens and Donnelly (2000)
     and Falush, Stephens and Pritchard (2003)
       Code by Pritchard, Falush and Hubisz
             Version 2.3.4 (Jul 2012)
----------------------------------------------------


Reading file "/workdir/yc2644/CV_CT_array/structure/threader_input/mainparams".
Reading file "/workdir/yc2644/CV_CT_array/structure/threader_input/extraparams".
Reading file "/workdir/yc2644/CV_CT_array/structure/threader_input/n1601.recode.strct_in".


Data file "/workdir/yc2644/CV_CT_array/structure/threader_input/n1601.recode.strct_in" (truncated) --

Ind:   Label Pop : Genotype_data . . . .
  1:  001s    1  :  2   1   2   2   2   1   2  . . . .   2
  1:  001s    1  :  2   2   2   2   2   2   2  . . . .   2
  2:  002s    1  :  2   2   2   2   1   1   2  . . . .   2
  2:  002s    1  :  2   2   2   2   2   2   2  . . . .   2
  3:  003s    1  :  1   2   1   2   2   2   2  . . . .   1
  3:  003s    1  :  2   2   1   2   2   2   2  . . . .   2
  4:  004s    1  :  1   1   2   2   1   2   2  . . . .   1
  4:  004s    1  :  2   1   2   2   2   2   2  . . . .   2

      *******   

1600:    49  192  :  2   2   2   2   2   1   2  . . . .   1
1600:    49  192  :  2   2   2   2   2   2   2  . . . .   2
1601:    50  192  :  2   1   2   2   1   2   2  . . . .   1
1601:    50  192  :  2   2   2   2   2   2   2  . . . .   2

Number of alleles per locus: min= 2; ave=2.0; max= 2


--------------------------------------

Finished initialization; starting MCMC 
100000 iterations + 10000 burnin


--------------------------------------------
Proportion of membership of each pre-defined
 population in each of the 8 clusters

Given    Inferred Clusters                                          Number of
 Pop       1      2      3      4      5      6      7      8      Individuals

  1:     0.109  0.160  0.134  0.189  0.089  0.121  0.121  0.078       54
  2:     0.101  0.159  0.128  0.177  0.087  0.131  0.142  0.076       30
  3:     0.081  0.041  0.108  0.019  0.434  0.080  0.083  0.153       30
  4:     0.106  0.043  0.075  0.009  0.270  0.094  0.090  0.312       20
  5:     0.100  0.040  0.082  0.018  0.253  0.072  0.101  0.333       30
  6:     0.117  0.155  0.116  0.196  0.079  0.144  0.114  0.078       43
  7:     0.135  0.136  0.125  0.201  0.079  0.134  0.114  0.076       44
  8:     0.031  0.185  0.210  0.217  0.064  0.159  0.083  0.051        4
  9:     0.120  0.173  0.175  0.212  0.049  0.087  0.121  0.064       22
 10:     0.110  0.175  0.155  0.201  0.067  0.123  0.108  0.061       24
 11:     0.120  0.172  0.129  0.186  0.079  0.113  0.129  0.072       54
 12:     0.123  0.155  0.115  0.227  0.093  0.107  0.107  0.073       37
 13:     0.136  0.160  0.120  0.195  0.087  0.118  0.104  0.081       42
 14:     0.132  0.128  0.145  0.197  0.082  0.135  0.112  0.070       42
 15:     0.126  0.150  0.132  0.184  0.084  0.126  0.129  0.069       49
 16:     0.138  0.152  0.143  0.179  0.085  0.106  0.122  0.074      124
 17:     0.118  0.163  0.143  0.178  0.075  0.121  0.132  0.070       24
 18:     0.123  0.139  0.100  0.228  0.084  0.131  0.125  0.070       34
 19:     0.115  0.144  0.143  0.200  0.082  0.130  0.114  0.072       52
 20:     0.068  0.282  0.202  0.175  0.098  0.086  0.072  0.017        1
 21:     0.252  0.069  0.100  0.236  0.071  0.084  0.086  0.102        1
 22:     0.141  0.165  0.088  0.224  0.106  0.102  0.100  0.074        1
 23:     0.109  0.131  0.143  0.196  0.091  0.144  0.082  0.103        1
 24:     0.082  0.372  0.016  0.180  0.128  0.048  0.164  0.009        1
 25:     0.129  0.172  0.104  0.091  0.118  0.135  0.180  0.071        1
 26:     0.039  0.274  0.064  0.242  0.113  0.087  0.049  0.133        1
 27:     0.084  0.341  0.093  0.144  0.045  0.081  0.106  0.107        1
 28:     0.023  0.169  0.122  0.256  0.089  0.097  0.169  0.076        1
 29:     0.069  0.124  0.147  0.231  0.027  0.248  0.042  0.112        1
 30:     0.125  0.257  0.033  0.142  0.076  0.132  0.126  0.109        1
 31:     0.140  0.114  0.181  0.105  0.085  0.128  0.119  0.129        1
 32:     0.136  0.270  0.103  0.208  0.050  0.107  0.077  0.049        1
 33:     0.157  0.100  0.168  0.146  0.073  0.110  0.143  0.104        1
 34:     0.087  0.160  0.093  0.252  0.084  0.098  0.154  0.073        1
 35:     0.310  0.175  0.050  0.241  0.102  0.021  0.025  0.076        1
 36:     0.097  0.145  0.182  0.124  0.089  0.154  0.123  0.087        1
 37:     0.131  0.145  0.093  0.186  0.113  0.097  0.138  0.097        1
 38:     0.114  0.149  0.146  0.112  0.086  0.082  0.195  0.116        1
 39:     0.084  0.210  0.044  0.172  0.049  0.153  0.253  0.034        1
 40:     0.132  0.084  0.184  0.123  0.075  0.159  0.168  0.074        1
 41:     0.091  0.170  0.224  0.143  0.059  0.127  0.113  0.073        1
 42:     0.134  0.199  0.221  0.107  0.066  0.107  0.102  0.065        1
 43:     0.090  0.178  0.329  0.097  0.011  0.123  0.142  0.030        1
 44:     0.170  0.050  0.299  0.113  0.065  0.126  0.095  0.082        1
 45:     0.275  0.226  0.022  0.020  0.002  0.246  0.189  0.020        1
 46:     0.116  0.182  0.141  0.154  0.091  0.113  0.094  0.110        1
 47:     0.154  0.147  0.117  0.165  0.070  0.110  0.223  0.015        1
 48:     0.301  0.146  0.161  0.156  0.020  0.127  0.048  0.040        1
 49:     0.135  0.242  0.093  0.227  0.084  0.063  0.041  0.115        1
 50:     0.208  0.004  0.155  0.122  0.214  0.102  0.094  0.101        1
 51:     0.155  0.149  0.110  0.087  0.146  0.093  0.163  0.096        1
 52:     0.191  0.217  0.075  0.095  0.044  0.118  0.132  0.128        1
 53:     0.087  0.108  0.186  0.187  0.093  0.108  0.137  0.094        1
 54:     0.020  0.145  0.070  0.023  0.040  0.474  0.214  0.014        1
 55:     0.008  0.018  0.132  0.070  0.080  0.304  0.319  0.069        1
 56:     0.069  0.181  0.010  0.052  0.051  0.411  0.197  0.028        1
 57:     0.073  0.121  0.052  0.136  0.050  0.359  0.158  0.049        1
 58:     0.083  0.028  0.037  0.074  0.016  0.526  0.184  0.052        1
 59:     0.092  0.025  0.073  0.059  0.085  0.508  0.054  0.103        1
 60:     0.036  0.056  0.275  0.025  0.023  0.463  0.011  0.111        1
 61:     0.036  0.050  0.008  0.101  0.073  0.670  0.051  0.011        1
 62:     0.149  0.102  0.125  0.036  0.240  0.083  0.162  0.102        1
 63:     0.040  0.087  0.160  0.037  0.053  0.397  0.157  0.070        1
 64:     0.081  0.077  0.125  0.080  0.098  0.453  0.059  0.027        1
 65:     0.146  0.055  0.017  0.054  0.091  0.521  0.038  0.078        1
 66:     0.002  0.092  0.105  0.093  0.018  0.482  0.174  0.035        1
 67:     0.025  0.008  0.163  0.073  0.060  0.457  0.145  0.069        1
 68:     0.074  0.072  0.219  0.034  0.052  0.364  0.134  0.051        1
 69:     0.052  0.134  0.118  0.080  0.059  0.353  0.143  0.061        1
 70:     0.090  0.036  0.084  0.045  0.015  0.414  0.223  0.094        1
 71:     0.029  0.084  0.024  0.035  0.032  0.598  0.162  0.036        1
 72:     0.027  0.081  0.271  0.048  0.026  0.391  0.037  0.118        1
 73:     0.036  0.012  0.023  0.024  0.084  0.701  0.101  0.018        1
 74:     0.036  0.020  0.222  0.082  0.008  0.435  0.100  0.097        1
 75:     0.056  0.109  0.060  0.015  0.067  0.619  0.009  0.064        1
 76:     0.044  0.088  0.017  0.013  0.345  0.044  0.331  0.118        1
 77:     0.221  0.046  0.053  0.036  0.048  0.532  0.060  0.005        1
 78:     0.092  0.016  0.255  0.004  0.059  0.509  0.013  0.052        1
 79:     0.078  0.035  0.155  0.040  0.078  0.586  0.023  0.005        1
 80:     0.163  0.113  0.139  0.079  0.056  0.263  0.114  0.071        1
 81:     0.092  0.072  0.061  0.005  0.050  0.560  0.118  0.043        1
 82:     0.047  0.127  0.007  0.018  0.091  0.220  0.420  0.070        1
 83:     0.170  0.145  0.015  0.051  0.077  0.404  0.119  0.021        1
 84:     0.055  0.010  0.058  0.016  0.028  0.037  0.042  0.754        1
 85:     0.088  0.018  0.106  0.057  0.043  0.004  0.002  0.682        1
 86:     0.069  0.055  0.074  0.050  0.025  0.066  0.066  0.594        1
 87:     0.058  0.024  0.007  0.055  0.011  0.006  0.123  0.717        1
 88:     0.036  0.050  0.013  0.003  0.005  0.072  0.118  0.703        1
 89:     0.026  0.049  0.022  0.046  0.039  0.029  0.154  0.635        1
 90:     0.023  0.031  0.033  0.035  0.045  0.050  0.064  0.719        1
 91:     0.046  0.048  0.054  0.044  0.045  0.055  0.071  0.636        1
 92:     0.011  0.026  0.055  0.019  0.010  0.125  0.155  0.599        1
 93:     0.037  0.080  0.024  0.001  0.048  0.057  0.008  0.745        1
 94:     0.054  0.121  0.056  0.014  0.005  0.083  0.025  0.642        1
 95:     0.062  0.039  0.001  0.023  0.013  0.112  0.111  0.640        1
 96:     0.033  0.045  0.027  0.010  0.026  0.106  0.034  0.718        1
 97:     0.004  0.052  0.029  0.011  0.026  0.003  0.178  0.696        1
 98:     0.043  0.043  0.003  0.034  0.020  0.053  0.134  0.671        1
 99:     0.036  0.019  0.040  0.005  0.019  0.010  0.109  0.762        1
100:     0.020  0.018  0.040  0.012  0.004  0.065  0.081  0.760        1
101:     0.096  0.188  0.016  0.053  0.028  0.059  0.025  0.533        1
102:     0.022  0.030  0.070  0.036  0.065  0.176  0.136  0.465        1
103:     0.013  0.021  0.047  0.020  0.017  0.203  0.014  0.664        1
104:     0.042  0.074  0.056  0.028  0.011  0.071  0.008  0.710        1
105:     0.008  0.071  0.078  0.023  0.047  0.073  0.025  0.675        1
106:     0.062  0.074  0.067  0.005  0.036  0.009  0.204  0.543        1
107:     0.044  0.025  0.034  0.050  0.033  0.040  0.107  0.668        1
108:     0.068  0.071  0.066  0.059  0.034  0.110  0.083  0.509        1
109:     0.027  0.030  0.050  0.046  0.031  0.036  0.264  0.516        1
110:     0.092  0.058  0.056  0.040  0.027  0.077  0.122  0.528        1
111:     0.049  0.044  0.045  0.046  0.012  0.046  0.074  0.683        1
112:     0.036  0.077  0.045  0.014  0.009  0.052  0.072  0.694        1
113:     0.056  0.041  0.039  0.029  0.048  0.065  0.082  0.641        1
114:     0.075  0.045  0.051  0.044  0.022  0.043  0.062  0.657        1
115:     0.007  0.043  0.033  0.070  0.025  0.082  0.125  0.615        1
116:     0.008  0.147  0.039  0.022  0.018  0.059  0.059  0.647        1
117:     0.012  0.075  0.005  0.026  0.022  0.010  0.189  0.661        1
118:     0.026  0.087  0.062  0.004  0.025  0.060  0.036  0.701        1
119:     0.074  0.040  0.008  0.089  0.006  0.095  0.060  0.628        1
120:     0.054  0.047  0.089  0.052  0.020  0.091  0.100  0.548        1
121:     0.030  0.027  0.071  0.021  0.020  0.116  0.162  0.552        1
122:     0.039  0.098  0.145  0.003  0.017  0.051  0.149  0.498        1
123:     0.033  0.056  0.017  0.016  0.009  0.000  0.190  0.679        1
124:     0.086  0.017  0.068  0.036  0.049  0.017  0.067  0.660        1
125:     0.009  0.008  0.003  0.010  0.021  0.044  0.185  0.720        1
126:     0.016  0.071  0.065  0.051  0.013  0.078  0.138  0.568        1
127:     0.033  0.034  0.025  0.051  0.020  0.053  0.121  0.664        1
128:     0.056  0.020  0.044  0.036  0.049  0.095  0.116  0.583        1
129:     0.022  0.045  0.033  0.004  0.008  0.011  0.019  0.858        1
130:     0.037  0.020  0.052  0.058  0.048  0.088  0.045  0.651        1
131:     0.012  0.003  0.081  0.041  0.011  0.108  0.015  0.728        1
132:     0.072  0.013  0.035  0.032  0.063  0.039  0.128  0.618        1
133:     0.058  0.039  0.050  0.040  0.045  0.052  0.081  0.635        1
134:     0.121  0.007  0.059  0.004  0.058  0.035  0.204  0.512        1
135:     0.151  0.040  0.035  0.098  0.014  0.036  0.018  0.609        1
136:     0.039  0.019  0.071  0.052  0.026  0.046  0.107  0.640        1
137:     0.032  0.032  0.039  0.045  0.017  0.077  0.091  0.668        1
138:     0.010  0.066  0.073  0.004  0.030  0.103  0.002  0.710        1
139:     0.065  0.074  0.039  0.020  0.012  0.025  0.085  0.680        1
140:     0.024  0.017  0.038  0.007  0.005  0.038  0.276  0.595        1
141:     0.014  0.017  0.038  0.074  0.041  0.099  0.040  0.677        1
142:     0.007  0.123  0.021  0.023  0.013  0.174  0.037  0.602        1
143:     0.104  0.002  0.076  0.023  0.004  0.028  0.072  0.691        1
144:     0.102  0.011  0.029  0.033  0.035  0.090  0.033  0.668        1
145:     0.011  0.023  0.085  0.023  0.009  0.008  0.205  0.637        1
146:     0.064  0.047  0.034  0.019  0.026  0.086  0.010  0.713        1
147:     0.006  0.046  0.042  0.054  0.041  0.045  0.051  0.714        1
148:     0.107  0.133  0.147  0.114  0.105  0.137  0.119  0.139        1
149:     0.124  0.150  0.160  0.107  0.113  0.143  0.088  0.115        1
150:     0.168  0.338  0.027  0.176  0.105  0.161  0.002  0.023        1
151:     0.043  0.352  0.153  0.218  0.025  0.109  0.017  0.083        1
152:     0.131  0.180  0.035  0.084  0.095  0.361  0.087  0.027        1
153:     0.090  0.155  0.083  0.209  0.081  0.033  0.316  0.033        1
154:     0.173  0.304  0.174  0.186  0.047  0.021  0.015  0.080        1
155:     0.035  0.112  0.207  0.229  0.042  0.150  0.126  0.099        1
156:     0.077  0.219  0.035  0.244  0.056  0.058  0.210  0.100        1
157:     0.103  0.264  0.199  0.024  0.009  0.157  0.188  0.056        1
158:     0.280  0.317  0.055  0.112  0.020  0.049  0.100  0.067        1
159:     0.136  0.151  0.097  0.221  0.090  0.109  0.134  0.063        1
160:     0.156  0.183  0.175  0.060  0.093  0.089  0.209  0.036        1
161:     0.076  0.121  0.175  0.089  0.106  0.263  0.133  0.037        1
162:     0.068  0.259  0.177  0.235  0.081  0.080  0.009  0.090        1
163:     0.274  0.072  0.213  0.219  0.031  0.004  0.088  0.100        1
164:     0.141  0.147  0.083  0.146  0.106  0.119  0.175  0.084        1
165:     0.022  0.131  0.152  0.229  0.060  0.201  0.011  0.193        1
166:     0.109  0.136  0.300  0.145  0.080  0.116  0.070  0.045        1
167:     0.174  0.163  0.102  0.168  0.104  0.079  0.118  0.092        1
168:     0.114  0.160  0.180  0.171  0.023  0.166  0.156  0.030        1
169:     0.072  0.147  0.102  0.212  0.089  0.105  0.191  0.081        1
170:     0.120  0.086  0.068  0.296  0.044  0.193  0.153  0.039        1
171:     0.263  0.040  0.018  0.324  0.132  0.064  0.106  0.052        1
172:     0.180  0.047  0.190  0.065  0.035  0.099  0.372  0.011        1
173:     0.066  0.399  0.162  0.055  0.082  0.059  0.130  0.047        1
174:     0.099  0.131  0.141  0.171  0.115  0.158  0.094  0.091        1
175:     0.126  0.148  0.121  0.190  0.087  0.131  0.127  0.071       50
176:     0.146  0.155  0.137  0.188  0.078  0.107  0.120  0.068       49
177:     0.110  0.177  0.115  0.191  0.081  0.132  0.127  0.066       50
178:     0.119  0.147  0.144  0.190  0.085  0.119  0.126  0.069       49
179:     0.125  0.135  0.139  0.196  0.083  0.094  0.136  0.091       23
180:     0.109  0.166  0.139  0.187  0.086  0.130  0.119  0.065       49
181:     0.070  0.020  0.046  0.006  0.683  0.045  0.086  0.046       30
182:     0.078  0.020  0.055  0.011  0.672  0.033  0.055  0.077       30
183:     0.146  0.142  0.106  0.167  0.112  0.106  0.127  0.094       34
184:     0.118  0.150  0.130  0.197  0.093  0.129  0.124  0.059       36
185:     0.115  0.150  0.141  0.187  0.087  0.117  0.128  0.075       40
186:     0.133  0.167  0.137  0.202  0.083  0.106  0.108  0.064       39
187:     0.124  0.168  0.143  0.175  0.092  0.103  0.135  0.061       37
188:     0.123  0.162  0.143  0.183  0.091  0.127  0.100  0.071       40
189:     0.117  0.188  0.117  0.181  0.084  0.119  0.122  0.073       35
190:     0.134  0.145  0.115  0.198  0.087  0.125  0.122  0.075       28
191:     0.122  0.174  0.120  0.186  0.093  0.128  0.111  0.067       36
192:     0.132  0.142  0.126  0.204  0.086  0.127  0.122  0.061       32
--------------------------------------------

 Rep#:   Lambda   Alpha      F1    F2    F3    F4    F5    F6    F7    F8     D1,2  D1,3  D1,4  D1,5  D1,6  D1,7  D1,8  D2,3  D2,4  D2,5  D2,6  D2,7  D2,8  D3,4  D3,5  D3,6  D3,7  D3,8  D4,5  D4,6  D4,7  D4,8  D5,6  D5,7  D5,8  D6,7  D6,8  D7,8    Ln Like 
  100:    1.00    1.485    0.010 0.028 0.005 0.089 0.247 0.012 0.008 0.217    0.006 0.002 0.015 0.042 0.004 0.003 0.040 0.005 0.014 0.051 0.007 0.006 0.044 0.014 0.042 0.003 0.002 0.039 0.073 0.017 0.015 0.059 0.045 0.042 0.071 0.004 0.041 0.039   --  
  200:    1.00    1.195    0.010 0.028 0.005 0.088 0.240 0.224 0.008 0.194    0.006 0.002 0.016 0.035 0.037 0.003 0.035 0.005 0.016 0.038 0.041 0.005 0.038 0.015 0.034 0.036 0.002 0.034 0.054 0.057 0.016 0.048 0.062 0.034 0.059 0.037 0.061 0.034   --  
  300:    1.00    1.065    0.010 0.026 0.005 0.103 0.206 0.250 0.008 0.184    0.006 0.002 0.019 0.031 0.041 0.003 0.032 0.005 0.019 0.034 0.044 0.005 0.035 0.017 0.030 0.040 0.002 0.031 0.049 0.060 0.018 0.046 0.060 0.031 0.052 0.040 0.060 0.032   --  
  400:    1.00    0.961    0.010 0.027 0.005 0.129 0.204 0.254 0.008 0.172    0.007 0.003 0.026 0.031 0.042 0.003 0.031 0.005 0.023 0.034 0.044 0.006 0.034 0.023 0.030 0.041 0.002 0.030 0.052 0.062 0.023 0.048 0.060 0.031 0.050 0.041 0.060 0.030   --  
  500:    1.00    0.872    0.149 0.028 0.005 0.169 0.213 0.256 0.008 0.166    0.027 0.022 0.072 0.046 0.061 0.022 0.049 0.005 0.031 0.036 0.044 0.006 0.033 0.030 0.031 0.040 0.002 0.029 0.060 0.069 0.031 0.055 0.062 0.032 0.052 0.041 0.060 0.030   --  
  600:    1.00    0.814    0.224 0.028 0.005 0.158 0.215 0.245 0.008 0.159    0.035 0.031 0.073 0.046 0.063 0.031 0.052 0.005 0.029 0.036 0.043 0.006 0.032 0.027 0.031 0.039 0.002 0.028 0.058 0.066 0.027 0.052 0.062 0.032 0.051 0.040 0.059 0.029   --  
  700:    1.00    0.786    0.219 0.028 0.005 0.156 0.216 0.248 0.008 0.157    0.035 0.031 0.067 0.044 0.063 0.031 0.050 0.005 0.028 0.036 0.043 0.005 0.032 0.026 0.032 0.039 0.002 0.027 0.057 0.065 0.027 0.050 0.063 0.032 0.051 0.040 0.059 0.028   --  
  800:    1.00    0.773    0.216 0.028 0.005 0.150 0.220 0.250 0.008 0.156    0.035 0.030 0.062 0.044 0.062 0.031 0.051 0.005 0.027 0.036 0.043 0.005 0.031 0.025 0.032 0.039 0.002 0.027 0.057 0.064 0.025 0.050 0.063 0.032 0.052 0.039 0.059 0.028   --  
  900:    1.00    0.719    0.212 0.027 0.005 0.137 0.228 0.248 0.008 0.155    0.035 0.030 0.058 0.044 0.062 0.030 0.050 0.005 0.026 0.036 0.043 0.005 0.031 0.023 0.032 0.039 0.002 0.027 0.055 0.062 0.024 0.047 0.064 0.033 0.052 0.040 0.059 0.027   --  

--------------------------------------------
Proportion of membership of each pre-defined
 population in each of the 8 clusters

Given    Inferred Clusters                                          Number of
 Pop       1      2      3      4      5      6      7      8      Individuals

  1:     0.071  0.170  0.165  0.265  0.056  0.071  0.156  0.047       54
  2:     0.076  0.179  0.146  0.275  0.050  0.083  0.140  0.051       30
  3:     0.198  0.013  0.145  0.003  0.448  0.038  0.115  0.039       30
  4:     0.965  0.002  0.002  0.001  0.022  0.002  0.002  0.003       20
  5:     0.851  0.015  0.009  0.006  0.083  0.006  0.016  0.014       30
  6:     0.078  0.167  0.147  0.293  0.051  0.069  0.145  0.050       43
  7:     0.078  0.179  0.157  0.282  0.047  0.067  0.145  0.045       44
  8:     0.068  0.142  0.249  0.295  0.027  0.072  0.093  0.054        4
  9:     0.063  0.131  0.148  0.354  0.031  0.082  0.142  0.049       22
 10:     0.050  0.153  0.164  0.340  0.043  0.081  0.115  0.054       24
 11:     0.069  0.179  0.163  0.267  0.046  0.064  0.166  0.046       54
 12:     0.072  0.175  0.178  0.287  0.045  0.068  0.134  0.041       37
 13:     0.075  0.171  0.160  0.277  0.053  0.067  0.145  0.051       42
 14:     0.073  0.170  0.182  0.267  0.043  0.068  0.157  0.041       42
 15:     0.074  0.185  0.134  0.278  0.050  0.065  0.162  0.052       49
 16:     0.076  0.175  0.165  0.273  0.053  0.068  0.143  0.048      124
 17:     0.070  0.151  0.147  0.302  0.057  0.076  0.144  0.052       24
 18:     0.056  0.210  0.149  0.276  0.045  0.076  0.138  0.048       34
 19:     0.070  0.163  0.156  0.279  0.055  0.072  0.159  0.046       52
 20:     0.066  0.235  0.136  0.335  0.039  0.101  0.007  0.081        1
 21:     0.037  0.054  0.251  0.265  0.032  0.081  0.166  0.114        1
 22:     0.056  0.043  0.090  0.373  0.066  0.110  0.207  0.054        1
 23:     0.132  0.107  0.076  0.406  0.077  0.063  0.024  0.115        1
 24:     0.047  0.120  0.102  0.277  0.008  0.077  0.311  0.056        1
 25:     0.099  0.174  0.216  0.238  0.063  0.031  0.098  0.080        1
 26:     0.113  0.202  0.055  0.331  0.058  0.072  0.085  0.084        1
 27:     0.080  0.269  0.060  0.279  0.068  0.076  0.092  0.076        1
 28:     0.030  0.399  0.099  0.275  0.040  0.084  0.041  0.032        1
 29:     0.008  0.196  0.127  0.360  0.052  0.098  0.065  0.095        1
 30:     0.141  0.263  0.046  0.278  0.042  0.076  0.080  0.073        1
 31:     0.203  0.076  0.236  0.205  0.054  0.040  0.145  0.040        1
 32:     0.047  0.288  0.151  0.256  0.055  0.065  0.066  0.071        1
 33:     0.058  0.250  0.150  0.182  0.042  0.129  0.165  0.023        1
 34:     0.051  0.057  0.213  0.334  0.035  0.131  0.097  0.083        1
 35:     0.059  0.269  0.027  0.323  0.035  0.066  0.148  0.073        1
 36:     0.057  0.178  0.231  0.244  0.050  0.067  0.107  0.066        1
 37:     0.064  0.244  0.051  0.273  0.029  0.031  0.239  0.071        1
 38:     0.145  0.082  0.203  0.273  0.018  0.046  0.130  0.104        1
 39:     0.064  0.084  0.170  0.307  0.020  0.114  0.155  0.086        1
 40:     0.098  0.141  0.193  0.269  0.061  0.101  0.044  0.092        1
 41:     0.029  0.171  0.343  0.221  0.029  0.066  0.076  0.065        1
 42:     0.102  0.181  0.160  0.301  0.013  0.054  0.126  0.062        1
 43:     0.015  0.292  0.201  0.162  0.017  0.076  0.186  0.051        1
 44:     0.102  0.017  0.419  0.218  0.053  0.073  0.115  0.005        1
 45:     0.042  0.186  0.104  0.215  0.023  0.105  0.272  0.053        1
 46:     0.020  0.068  0.200  0.327  0.091  0.084  0.057  0.155        1
 47:     0.035  0.344  0.095  0.188  0.013  0.064  0.223  0.038        1
 48:     0.012  0.351  0.191  0.155  0.044  0.061  0.106  0.080        1
 49:     0.049  0.323  0.100  0.307  0.028  0.113  0.017  0.062        1
 50:     0.219  0.006  0.380  0.008  0.085  0.054  0.202  0.046        1
 51:     0.192  0.105  0.104  0.135  0.039  0.059  0.312  0.055        1
 52:     0.047  0.163  0.186  0.281  0.047  0.117  0.087  0.072        1
 53:     0.030  0.285  0.283  0.208  0.033  0.063  0.037  0.062        1
 54:     0.000  0.002  0.002  0.004  0.008  0.979  0.001  0.005        1
 55:     0.010  0.000  0.000  0.002  0.004  0.980  0.002  0.001        1
 56:     0.009  0.032  0.047  0.041  0.003  0.807  0.044  0.017        1
 57:     0.004  0.014  0.017  0.008  0.003  0.933  0.019  0.002        1
 58:     0.008  0.031  0.000  0.031  0.002  0.906  0.005  0.017        1
 59:     0.026  0.039  0.029  0.016  0.030  0.848  0.008  0.005        1
 60:     0.005  0.004  0.001  0.001  0.001  0.986  0.001  0.000        1
 61:     0.001  0.001  0.000  0.000  0.003  0.990  0.000  0.005        1
 62:     0.172  0.022  0.079  0.001  0.137  0.004  0.571  0.014        1
 63:     0.032  0.000  0.039  0.000  0.000  0.918  0.010  0.000        1
 64:     0.000  0.000  0.000  0.000  0.003  0.996  0.000  0.000        1
 65:     0.000  0.001  0.001  0.000  0.001  0.997  0.000  0.000        1
 66:     0.000  0.000  0.014  0.011  0.041  0.916  0.009  0.008        1
 67:     0.009  0.043  0.064  0.038  0.026  0.597  0.120  0.104        1
 68:     0.001  0.013  0.031  0.017  0.011  0.920  0.007  0.001        1
 69:     0.001  0.004  0.001  0.000  0.000  0.972  0.001  0.021        1
 70:     0.019  0.023  0.021  0.056  0.001  0.801  0.079  0.001        1
 71:     0.000  0.000  0.003  0.001  0.003  0.991  0.001  0.000        1
 72:     0.000  0.001  0.000  0.000  0.002  0.996  0.001  0.000        1
 73:     0.000  0.001  0.000  0.000  0.002  0.996  0.001  0.000        1
 74:     0.020  0.001  0.030  0.007  0.015  0.810  0.098  0.018        1
 75:     0.000  0.001  0.002  0.000  0.000  0.996  0.000  0.000        1
 76:     0.221  0.174  0.000  0.002  0.323  0.001  0.224  0.055        1
 77:     0.000  0.000  0.000  0.000  0.003  0.994  0.001  0.001        1
 78:     0.021  0.001  0.088  0.046  0.026  0.800  0.010  0.009        1
 79:     0.002  0.000  0.001  0.000  0.000  0.995  0.000  0.002        1
 80:     0.029  0.005  0.001  0.000  0.004  0.948  0.005  0.008        1
 81:     0.004  0.002  0.001  0.000  0.004  0.989  0.000  0.000        1
 82:     0.044  0.116  0.017  0.019  0.029  0.518  0.113  0.145        1
 83:     0.004  0.009  0.002  0.000  0.001  0.983  0.001  0.001        1
 84:     0.011  0.012  0.005  0.000  0.024  0.038  0.008  0.901        1
 85:     0.051  0.001  0.002  0.006  0.015  0.000  0.029  0.897        1
 86:     0.002  0.008  0.020  0.055  0.001  0.050  0.008  0.856        1
 87:     0.007  0.007  0.008  0.014  0.002  0.004  0.031  0.926        1
 88:     0.001  0.003  0.000  0.001  0.007  0.008  0.006  0.973        1
 89:     0.006  0.048  0.001  0.020  0.000  0.004  0.003  0.918        1
 90:     0.001  0.007  0.002  0.004  0.005  0.011  0.001  0.969        1
 91:     0.033  0.009  0.007  0.001  0.001  0.008  0.028  0.914        1
 92:     0.014  0.050  0.048  0.046  0.010  0.017  0.011  0.805        1
 93:     0.032  0.002  0.004  0.003  0.034  0.010  0.003  0.913        1
 94:     0.001  0.013  0.004  0.048  0.043  0.000  0.004  0.886        1
 95:     0.068  0.000  0.031  0.033  0.000  0.000  0.012  0.856        1
 96:     0.001  0.001  0.000  0.001  0.000  0.001  0.017  0.980        1
 97:     0.009  0.002  0.011  0.001  0.006  0.015  0.014  0.943        1
 98:     0.010  0.010  0.009  0.026  0.007  0.016  0.008  0.914        1
 99:     0.000  0.000  0.000  0.000  0.000  0.001  0.009  0.989        1
100:     0.011  0.000  0.010  0.001  0.004  0.007  0.001  0.966        1
101:     0.030  0.064  0.066  0.041  0.021  0.009  0.001  0.768        1
102:     0.017  0.060  0.011  0.060  0.004  0.013  0.065  0.770        1
103:     0.012  0.001  0.010  0.012  0.000  0.002  0.006  0.957        1
104:     0.001  0.009  0.021  0.010  0.006  0.006  0.014  0.933        1
105:     0.037  0.005  0.002  0.000  0.001  0.034  0.033  0.890        1
106:     0.034  0.017  0.059  0.064  0.002  0.053  0.002  0.769        1
107:     0.012  0.015  0.012  0.002  0.008  0.002  0.006  0.944        1
108:     0.051  0.018  0.030  0.056  0.004  0.018  0.030  0.792        1
109:     0.047  0.003  0.003  0.003  0.033  0.019  0.214  0.679        1
110:     0.011  0.001  0.011  0.076  0.010  0.025  0.132  0.733        1
111:     0.011  0.013  0.023  0.002  0.003  0.008  0.009  0.932        1
112:     0.004  0.000  0.010  0.003  0.003  0.011  0.004  0.964        1
113:     0.021  0.006  0.002  0.003  0.020  0.002  0.005  0.941        1
114:     0.002  0.002  0.002  0.001  0.029  0.010  0.007  0.947        1
115:     0.005  0.000  0.024  0.029  0.002  0.001  0.022  0.917        1
116:     0.003  0.002  0.001  0.000  0.015  0.003  0.004  0.970        1
117:     0.004  0.005  0.002  0.000  0.036  0.011  0.014  0.927        1
118:     0.006  0.004  0.002  0.007  0.030  0.002  0.003  0.947        1
119:     0.026  0.034  0.008  0.069  0.012  0.003  0.001  0.845        1
120:     0.005  0.011  0.000  0.016  0.007  0.032  0.007  0.921        1
121:     0.031  0.004  0.004  0.030  0.007  0.002  0.000  0.922        1
122:     0.002  0.006  0.006  0.028  0.000  0.032  0.040  0.886        1
123:     0.005  0.001  0.008  0.000  0.004  0.007  0.004  0.972        1
124:     0.115  0.022  0.026  0.019  0.005  0.002  0.027  0.785        1
125:     0.000  0.000  0.007  0.002  0.012  0.015  0.001  0.963        1
126:     0.002  0.052  0.005  0.015  0.019  0.027  0.013  0.867        1
127:     0.037  0.001  0.004  0.061  0.013  0.021  0.000  0.862        1
128:     0.000  0.005  0.002  0.000  0.005  0.034  0.038  0.916        1
129:     0.008  0.002  0.004  0.003  0.001  0.000  0.000  0.981        1
130:     0.073  0.000  0.013  0.008  0.019  0.004  0.004  0.879        1
131:     0.001  0.001  0.003  0.006  0.000  0.000  0.006  0.983        1
132:     0.042  0.024  0.056  0.010  0.025  0.004  0.039  0.800        1
133:     0.116  0.004  0.000  0.007  0.011  0.017  0.015  0.829        1
134:     0.002  0.002  0.014  0.067  0.038  0.042  0.001  0.834        1
135:     0.014  0.075  0.021  0.039  0.001  0.009  0.064  0.777        1
136:     0.000  0.002  0.004  0.004  0.000  0.000  0.008  0.982        1
137:     0.001  0.010  0.018  0.001  0.009  0.002  0.001  0.958        1
138:     0.003  0.004  0.003  0.000  0.001  0.018  0.004  0.967        1
139:     0.062  0.002  0.000  0.000  0.030  0.017  0.003  0.886        1
140:     0.122  0.010  0.001  0.004  0.013  0.008  0.013  0.829        1
141:     0.002  0.006  0.009  0.000  0.000  0.002  0.002  0.978        1
142:     0.032  0.064  0.016  0.033  0.003  0.002  0.002  0.848        1
143:     0.013  0.014  0.020  0.000  0.045  0.004  0.000  0.902        1
144:     0.025  0.012  0.003  0.003  0.007  0.008  0.007  0.935        1
145:     0.006  0.000  0.015  0.026  0.005  0.003  0.009  0.936        1
146:     0.003  0.001  0.000  0.005  0.042  0.005  0.008  0.936        1
147:     0.043  0.000  0.001  0.001  0.011  0.002  0.001  0.940        1
148:     0.109  0.176  0.051  0.206  0.066  0.088  0.161  0.143        1
149:     0.121  0.224  0.067  0.168  0.136  0.037  0.153  0.095        1
150:     0.038  0.519  0.008  0.211  0.036  0.071  0.003  0.113        1
151:     0.046  0.151  0.183  0.355  0.036  0.081  0.089  0.059        1
152:     0.123  0.318  0.164  0.207  0.047  0.037  0.073  0.031        1
153:     0.048  0.175  0.188  0.217  0.002  0.079  0.251  0.039        1
154:     0.034  0.466  0.157  0.202  0.036  0.069  0.000  0.037        1
155:     0.099  0.056  0.356  0.281  0.022  0.053  0.061  0.071        1
156:     0.069  0.130  0.047  0.273  0.032  0.077  0.292  0.080        1
157:     0.081  0.185  0.285  0.257  0.020  0.065  0.058  0.050        1
158:     0.036  0.210  0.065  0.347  0.045  0.048  0.167  0.083        1
159:     0.018  0.023  0.130  0.322  0.042  0.057  0.364  0.044        1
160:     0.079  0.217  0.177  0.304  0.027  0.041  0.142  0.014        1
161:     0.078  0.088  0.107  0.336  0.062  0.124  0.135  0.070        1
162:     0.035  0.302  0.202  0.256  0.024  0.125  0.007  0.049        1
163:     0.085  0.078  0.238  0.293  0.037  0.101  0.067  0.100        1
164:     0.098  0.198  0.193  0.303  0.041  0.064  0.060  0.043        1
165:     0.123  0.184  0.191  0.247  0.066  0.076  0.017  0.095        1
166:     0.072  0.229  0.254  0.209  0.021  0.046  0.152  0.018        1
167:     0.065  0.300  0.188  0.196  0.053  0.073  0.064  0.062        1
168:     0.030  0.020  0.070  0.413  0.038  0.096  0.275  0.056        1
169:     0.068  0.024  0.080  0.301  0.038  0.086  0.340  0.062        1
170:     0.041  0.235  0.010  0.322  0.065  0.120  0.145  0.062        1
171:     0.047  0.061  0.051  0.351  0.076  0.076  0.245  0.093        1
172:     0.076  0.094  0.063  0.316  0.073  0.105  0.195  0.078        1
173:     0.043  0.365  0.229  0.160  0.040  0.041  0.067  0.055        1
174:     0.087  0.015  0.323  0.331  0.039  0.091  0.039  0.075        1
175:     0.076  0.176  0.162  0.279  0.046  0.069  0.148  0.044       50
176:     0.063  0.162  0.162  0.289  0.054  0.069  0.154  0.048       49
177:     0.066  0.199  0.139  0.286  0.057  0.063  0.141  0.048       50
178:     0.069  0.175  0.148  0.282  0.051  0.073  0.155  0.046       49
179:     0.084  0.169  0.157  0.275  0.050  0.063  0.148  0.054       23
180:     0.069  0.208  0.149  0.273  0.045  0.069  0.137  0.049       49
181:     0.024  0.002  0.004  0.004  0.953  0.004  0.005  0.004       30
182:     0.110  0.005  0.017  0.003  0.815  0.011  0.033  0.005       30
183:     0.075  0.218  0.129  0.230  0.090  0.057  0.140  0.061       34
184:     0.060  0.215  0.149  0.256  0.050  0.064  0.166  0.040       36
185:     0.069  0.195  0.146  0.261  0.056  0.063  0.158  0.052       40
186:     0.065  0.221  0.152  0.284  0.046  0.073  0.109  0.050       39
187:     0.072  0.203  0.148  0.268  0.052  0.065  0.151  0.042       37
188:     0.070  0.206  0.172  0.265  0.055  0.068  0.113  0.051       40
189:     0.069  0.209  0.147  0.275  0.057  0.068  0.124  0.050       35
190:     0.070  0.244  0.143  0.241  0.054  0.064  0.143  0.041       28
191:     0.072  0.226  0.134  0.274  0.056  0.063  0.129  0.046       36
192:     0.072  0.193  0.154  0.279  0.060  0.067  0.139  0.035       32
--------------------------------------------

 Rep#:   Lambda   Alpha      F1    F2    F3    F4    F5    F6    F7    F8     D1,2  D1,3  D1,4  D1,5  D1,6  D1,7  D1,8  D2,3  D2,4  D2,5  D2,6  D2,7  D2,8  D3,4  D3,5  D3,6  D3,7  D3,8  D4,5  D4,6  D4,7  D4,8  D5,6  D5,7  D5,8  D6,7  D6,8  D7,8    Ln Like 
 1000:    1.00    0.706    0.207 0.027 0.005 0.134 0.226 0.249 0.008 0.152    0.034 0.030 0.056 0.044 0.062 0.030 0.050 0.005 0.025 0.036 0.043 0.005 0.031 0.023 0.032 0.039 0.002 0.027 0.055 0.062 0.023 0.046 0.064 0.032 0.053 0.040 0.059 0.028   --  
 1100:    1.00    0.686    0.205 0.027 0.005 0.135 0.227 0.253 0.008 0.156    0.033 0.029 0.055 0.044 0.062 0.030 0.050 0.005 0.025 0.036 0.043 0.005 0.031 0.023 0.032 0.040 0.002 0.027 0.055 0.061 0.023 0.046 0.064 0.032 0.053 0.040 0.060 0.028   --  
 1200:    1.00    0.655    0.203 0.026 0.005 0.128 0.224 0.253 0.008 0.154    0.033 0.029 0.053 0.044 0.061 0.030 0.050 0.005 0.024 0.036 0.042 0.005 0.030 0.022 0.032 0.039 0.002 0.027 0.053 0.059 0.022 0.045 0.064 0.032 0.053 0.039 0.059 0.027   --  
 1300:    1.00    0.623    0.200 0.026 0.005 0.127 0.232 0.252 0.008 0.149    0.033 0.029 0.052 0.044 0.061 0.030 0.049 0.005 0.023 0.036 0.042 0.005 0.030 0.021 0.031 0.038 0.002 0.026 0.053 0.058 0.021 0.044 0.064 0.032 0.053 0.039 0.058 0.027   --  
 1400:    1.00    0.613    0.198 0.026 0.005 0.113 0.230 0.245 0.008 0.149    0.033 0.029 0.050 0.044 0.061 0.029 0.049 0.005 0.022 0.036 0.043 0.005 0.030 0.020 0.032 0.039 0.002 0.026 0.052 0.057 0.020 0.043 0.065 0.032 0.053 0.039 0.059 0.027   --  
 1500:    1.00    0.569    0.201 0.026 0.005 0.106 0.226 0.250 0.008 0.148    0.032 0.029 0.049 0.045 0.062 0.029 0.049 0.005 0.020 0.036 0.043 0.005 0.030 0.018 0.032 0.039 0.002 0.026 0.050 0.055 0.018 0.041 0.065 0.032 0.053 0.039 0.059 0.027   --  
 1600:    1.00    0.576    0.199 0.027 0.005 0.096 0.231 0.249 0.008 0.151    0.032 0.028 0.047 0.045 0.061 0.029 0.049 0.005 0.019 0.036 0.042 0.005 0.030 0.017 0.032 0.039 0.002 0.026 0.049 0.054 0.018 0.041 0.065 0.032 0.054 0.039 0.059 0.027   --  
 1700:    1.00    0.552    0.206 0.027 0.005 0.096 0.228 0.250 0.008 0.152    0.032 0.029 0.047 0.046 0.062 0.029 0.049 0.005 0.018 0.036 0.042 0.005 0.030 0.016 0.032 0.039 0.002 0.026 0.048 0.053 0.017 0.040 0.065 0.033 0.054 0.039 0.059 0.027   --  
 1800:    1.00    0.535    0.202 0.027 0.005 0.088 0.231 0.245 0.008 0.150    0.032 0.029 0.045 0.046 0.062 0.029 0.050 0.005 0.018 0.036 0.043 0.005 0.030 0.015 0.032 0.039 0.002 0.027 0.048 0.052 0.016 0.039 0.067 0.033 0.054 0.040 0.060 0.027   --  
 1900:    1.00    0.510    0.201 0.026 0.005 0.086 0.234 0.251 0.008 0.148    0.032 0.028 0.044 0.047 0.061 0.029 0.049 0.005 0.017 0.036 0.042 0.005 0.030 0.015 0.032 0.038 0.002 0.026 0.047 0.051 0.015 0.037 0.066 0.033 0.054 0.039 0.059 0.027   --  

--------------------------------------------
Proportion of membership of each pre-defined
 population in each of the 8 clusters

Given    Inferred Clusters                                          Number of
 Pop       1      2      3      4      5      6      7      8      Individuals

  1:     0.050  0.158  0.164  0.314  0.035  0.044  0.198  0.037       54
  2:     0.052  0.155  0.204  0.327  0.037  0.051  0.139  0.035       30
  3:     0.251  0.007  0.138  0.002  0.409  0.042  0.114  0.036       30
  4:     0.972  0.001  0.004  0.002  0.014  0.001  0.003  0.003       20
  5:     0.884  0.013  0.009  0.013  0.053  0.007  0.013  0.008       30
  6:     0.051  0.154  0.175  0.351  0.035  0.044  0.152  0.037       43
  7:     0.049  0.194  0.181  0.320  0.030  0.040  0.152  0.033       44
  8:     0.023  0.112  0.244  0.378  0.012  0.055  0.137  0.038        4
  9:     0.029  0.077  0.205  0.422  0.022  0.054  0.148  0.042       22
 10:     0.026  0.116  0.182  0.413  0.024  0.056  0.146  0.036       24
 11:     0.047  0.170  0.171  0.322  0.031  0.039  0.183  0.037       54
 12:     0.042  0.163  0.169  0.346  0.029  0.047  0.172  0.032       37
 13:     0.053  0.161  0.165  0.339  0.036  0.041  0.164  0.041       42
 14:     0.048  0.162  0.200  0.314  0.029  0.043  0.174  0.029       42
 15:     0.052  0.168  0.149  0.327  0.033  0.045  0.191  0.035       49
 16:     0.053  0.166  0.178  0.316  0.032  0.040  0.181  0.033      124
 17:     0.047  0.164  0.124  0.357  0.036  0.052  0.184  0.036       24
 18:     0.037  0.215  0.144  0.327  0.026  0.050  0.163  0.039       34
 19:     0.045  0.159  0.160  0.323  0.032  0.046  0.202  0.034       52
 20:     0.022  0.148  0.209  0.431  0.066  0.058  0.050  0.016        1
 21:     0.026  0.034  0.209  0.265  0.008  0.072  0.273  0.112        1
 22:     0.029  0.095  0.057  0.348  0.017  0.063  0.341  0.049        1
 23:     0.087  0.135  0.051  0.482  0.073  0.055  0.027  0.091        1
 24:     0.015  0.031  0.081  0.429  0.061  0.048  0.273  0.062        1
 25:     0.118  0.206  0.073  0.331  0.027  0.035  0.152  0.059        1
 26:     0.097  0.245  0.059  0.414  0.012  0.063  0.015  0.094        1
 27:     0.090  0.104  0.104  0.466  0.073  0.068  0.030  0.065        1
 28:     0.013  0.165  0.185  0.386  0.025  0.063  0.113  0.050        1
 29:     0.002  0.284  0.111  0.338  0.052  0.067  0.102  0.044        1
 30:     0.122  0.144  0.059  0.382  0.033  0.043  0.125  0.093        1
 31:     0.217  0.072  0.176  0.402  0.063  0.041  0.029  0.000        1
 32:     0.033  0.429  0.026  0.375  0.041  0.041  0.030  0.025        1
 33:     0.066  0.218  0.247  0.133  0.041  0.074  0.217  0.004        1
 34:     0.002  0.046  0.337  0.368  0.004  0.070  0.126  0.047        1
 35:     0.042  0.090  0.292  0.319  0.014  0.044  0.137  0.062        1
 36:     0.025  0.140  0.165  0.371  0.046  0.056  0.121  0.075        1
 37:     0.056  0.245  0.049  0.335  0.014  0.028  0.228  0.046        1
 38:     0.079  0.028  0.186  0.288  0.043  0.035  0.263  0.077        1
 39:     0.022  0.111  0.142  0.379  0.000  0.089  0.203  0.053        1
 40:     0.046  0.238  0.091  0.287  0.003  0.052  0.163  0.119        1
 41:     0.000  0.039  0.531  0.305  0.025  0.053  0.003  0.044        1
 42:     0.077  0.256  0.091  0.289  0.021  0.076  0.115  0.076        1
 43:     0.008  0.540  0.104  0.148  0.013  0.031  0.107  0.049        1
 44:     0.092  0.016  0.245  0.226  0.040  0.085  0.293  0.004        1
 45:     0.023  0.286  0.001  0.372  0.001  0.128  0.142  0.047        1
 46:     0.000  0.039  0.218  0.369  0.079  0.043  0.157  0.094        1
 47:     0.007  0.566  0.102  0.191  0.004  0.047  0.033  0.052        1
 48:     0.009  0.608  0.063  0.165  0.004  0.023  0.083  0.044        1
 49:     0.021  0.090  0.220  0.388  0.016  0.075  0.147  0.044        1
 50:     0.230  0.004  0.340  0.001  0.030  0.011  0.378  0.006        1
 51:     0.183  0.020  0.018  0.198  0.084  0.001  0.431  0.065        1
 52:     0.032  0.026  0.179  0.321  0.048  0.056  0.269  0.069        1
 53:     0.003  0.238  0.322  0.215  0.038  0.062  0.068  0.054        1
 54:     0.001  0.000  0.000  0.000  0.013  0.985  0.000  0.000        1
 55:     0.002  0.000  0.000  0.001  0.000  0.995  0.000  0.001        1
 56:     0.003  0.005  0.009  0.086  0.000  0.810  0.079  0.008        1
