

----------------------------------------------------
STRUCTURE by Pritchard, Stephens and Donnelly (2000)
     and Falush, Stephens and Pritchard (2003)
       Code by Pritchard, Falush and Hubisz
             Version 2.3.4 (Jul 2012)
----------------------------------------------------


Reading file "/workdir/yc2644/CV_CT_array/structure/threader_input/mainparams".
Reading file "/workdir/yc2644/CV_CT_array/structure/threader_input/extraparams".
Reading file "/workdir/yc2644/CV_CT_array/structure/threader_input/n1601.recode.strct_in".


Data file "/workdir/yc2644/CV_CT_array/structure/threader_input/n1601.recode.strct_in" (truncated) --

Ind:   Label Pop : Genotype_data . . . .
  1:  001s    1  :  2   1   2   2   2   1   2  . . . .   2
  1:  001s    1  :  2   2   2   2   2   2   2  . . . .   2
  2:  002s    1  :  2   2   2   2   1   1   2  . . . .   2
  2:  002s    1  :  2   2   2   2   2   2   2  . . . .   2
  3:  003s    1  :  1   2   1   2   2   2   2  . . . .   1
  3:  003s    1  :  2   2   1   2   2   2   2  . . . .   2
  4:  004s    1  :  1   1   2   2   1   2   2  . . . .   1
  4:  004s    1  :  2   1   2   2   2   2   2  . . . .   2

      *******   

1600:    49  192  :  2   2   2   2   2   1   2  . . . .   1
1600:    49  192  :  2   2   2   2   2   2   2  . . . .   2
1601:    50  192  :  2   1   2   2   1   2   2  . . . .   1
1601:    50  192  :  2   2   2   2   2   2   2  . . . .   2

Number of alleles per locus: min= 2; ave=2.0; max= 2


--------------------------------------

Finished initialization; starting MCMC 
100000 iterations + 10000 burnin


--------------------------------------------
Proportion of membership of each pre-defined
 population in each of the 8 clusters

Given    Inferred Clusters                                          Number of
 Pop       1      2      3      4      5      6      7      8      Individuals

  1:     0.097  0.137  0.122  0.072  0.163  0.136  0.150  0.123       54
  2:     0.089  0.155  0.122  0.082  0.182  0.108  0.148  0.115       30
  3:     0.118  0.064  0.062  0.491  0.048  0.092  0.054  0.072       30
  4:     0.589  0.033  0.026  0.217  0.023  0.047  0.026  0.039       20
  5:     0.631  0.041  0.023  0.184  0.022  0.037  0.030  0.031       30
  6:     0.098  0.143  0.122  0.059  0.157  0.140  0.160  0.120       43
  7:     0.104  0.132  0.114  0.061  0.163  0.132  0.162  0.133       44
  8:     0.062  0.176  0.096  0.064  0.198  0.184  0.104  0.115        4
  9:     0.083  0.166  0.120  0.056  0.155  0.127  0.185  0.109       22
 10:     0.094  0.139  0.118  0.044  0.163  0.154  0.167  0.122       24
 11:     0.090  0.158  0.132  0.067  0.169  0.134  0.155  0.095       54
 12:     0.088  0.155  0.123  0.069  0.182  0.134  0.146  0.104       37
 13:     0.092  0.175  0.118  0.074  0.124  0.133  0.159  0.126       42
 14:     0.091  0.128  0.104  0.065  0.156  0.149  0.201  0.107       42
 15:     0.096  0.144  0.132  0.064  0.140  0.116  0.178  0.131       49
 16:     0.101  0.154  0.120  0.069  0.168  0.133  0.140  0.115      124
 17:     0.095  0.145  0.106  0.072  0.174  0.107  0.169  0.132       24
 18:     0.094  0.168  0.102  0.064  0.160  0.129  0.151  0.131       34
 19:     0.086  0.153  0.109  0.071  0.161  0.150  0.142  0.129       52
 20:     0.096  0.265  0.071  0.033  0.190  0.200  0.008  0.137        1
 21:     0.066  0.010  0.187  0.108  0.100  0.056  0.409  0.065        1
 22:     0.014  0.147  0.181  0.061  0.256  0.035  0.164  0.143        1
 23:     0.081  0.118  0.100  0.082  0.187  0.139  0.154  0.139        1
 24:     0.076  0.244  0.192  0.081  0.175  0.081  0.044  0.108        1
 25:     0.110  0.043  0.163  0.103  0.022  0.101  0.377  0.081        1
 26:     0.086  0.114  0.035  0.087  0.149  0.115  0.278  0.135        1
 27:     0.085  0.066  0.124  0.088  0.129  0.138  0.285  0.084        1
 28:     0.053  0.088  0.070  0.045  0.078  0.106  0.353  0.206        1
 29:     0.018  0.207  0.185  0.051  0.118  0.139  0.198  0.085        1
 30:     0.034  0.144  0.033  0.150  0.361  0.084  0.175  0.019        1
 31:     0.308  0.130  0.031  0.034  0.070  0.295  0.104  0.029        1
 32:     0.043  0.129  0.159  0.075  0.235  0.109  0.152  0.098        1
 33:     0.098  0.119  0.005  0.101  0.213  0.201  0.250  0.012        1
 34:     0.116  0.102  0.044  0.052  0.138  0.079  0.351  0.118        1
 35:     0.068  0.251  0.182  0.065  0.216  0.023  0.059  0.136        1
 36:     0.097  0.159  0.135  0.099  0.148  0.092  0.113  0.157        1
 37:     0.126  0.312  0.116  0.072  0.086  0.056  0.159  0.074        1
 38:     0.093  0.120  0.209  0.052  0.194  0.132  0.004  0.196        1
 39:     0.160  0.246  0.035  0.036  0.085  0.087  0.244  0.107        1
 40:     0.114  0.108  0.156  0.040  0.168  0.333  0.040  0.042        1
 41:     0.140  0.075  0.367  0.005  0.066  0.020  0.184  0.144        1
 42:     0.113  0.139  0.099  0.090  0.281  0.029  0.170  0.080        1
 43:     0.134  0.018  0.113  0.012  0.177  0.191  0.105  0.250        1
 44:     0.102  0.209  0.049  0.109  0.117  0.046  0.109  0.260        1
 45:     0.041  0.093  0.101  0.056  0.112  0.192  0.129  0.276        1
 46:     0.060  0.304  0.075  0.078  0.047  0.101  0.254  0.079        1
 47:     0.117  0.152  0.108  0.075  0.164  0.114  0.151  0.120        1
 48:     0.107  0.087  0.176  0.068  0.203  0.100  0.127  0.132        1
 49:     0.068  0.132  0.239  0.041  0.308  0.078  0.116  0.017        1
 50:     0.233  0.134  0.034  0.141  0.044  0.174  0.091  0.149        1
 51:     0.123  0.060  0.286  0.175  0.056  0.154  0.087  0.059        1
 52:     0.184  0.259  0.063  0.046  0.147  0.092  0.016  0.193        1
 53:     0.114  0.060  0.055  0.045  0.258  0.068  0.255  0.145        1
 54:     0.228  0.242  0.087  0.063  0.109  0.009  0.059  0.202        1
 55:     0.185  0.115  0.138  0.083  0.067  0.019  0.136  0.257        1
 56:     0.110  0.111  0.053  0.059  0.261  0.085  0.074  0.247        1
 57:     0.145  0.238  0.025  0.027  0.027  0.045  0.152  0.341        1
 58:     0.081  0.179  0.156  0.096  0.090  0.041  0.136  0.220        1
 59:     0.044  0.148  0.125  0.118  0.158  0.044  0.044  0.318        1
 60:     0.021  0.088  0.073  0.135  0.049  0.006  0.099  0.529        1
 61:     0.211  0.089  0.067  0.015  0.074  0.037  0.011  0.494        1
 62:     0.076  0.068  0.033  0.289  0.009  0.134  0.054  0.337        1
 63:     0.056  0.048  0.118  0.122  0.065  0.047  0.047  0.498        1
 64:     0.103  0.009  0.009  0.091  0.088  0.036  0.138  0.526        1
 65:     0.202  0.125  0.105  0.038  0.016  0.046  0.031  0.437        1
 66:     0.192  0.128  0.068  0.024  0.048  0.112  0.074  0.355        1
 67:     0.135  0.128  0.133  0.097  0.037  0.087  0.156  0.228        1
 68:     0.080  0.155  0.202  0.037  0.091  0.015  0.191  0.229        1
 69:     0.107  0.220  0.023  0.099  0.123  0.012  0.182  0.235        1
 70:     0.136  0.154  0.138  0.082  0.122  0.107  0.112  0.149        1
 71:     0.069  0.150  0.009  0.135  0.031  0.049  0.276  0.281        1
 72:     0.153  0.089  0.160  0.078  0.101  0.072  0.083  0.263        1
 73:     0.117  0.123  0.034  0.022  0.190  0.035  0.157  0.322        1
 74:     0.128  0.171  0.113  0.046  0.135  0.146  0.036  0.224        1
 75:     0.084  0.168  0.090  0.095  0.145  0.024  0.171  0.223        1
 76:     0.142  0.126  0.027  0.340  0.095  0.170  0.035  0.064        1
 77:     0.038  0.109  0.018  0.128  0.152  0.030  0.010  0.514        1
 78:     0.102  0.227  0.102  0.084  0.010  0.040  0.098  0.337        1
 79:     0.208  0.110  0.058  0.042  0.013  0.169  0.046  0.355        1
 80:     0.138  0.363  0.069  0.084  0.030  0.074  0.012  0.230        1
 81:     0.193  0.068  0.141  0.060  0.090  0.021  0.107  0.321        1
 82:     0.141  0.087  0.091  0.080  0.020  0.133  0.080  0.369        1
 83:     0.054  0.225  0.001  0.082  0.093  0.114  0.108  0.323        1
 84:     0.112  0.208  0.496  0.070  0.032  0.038  0.033  0.011        1
 85:     0.030  0.073  0.643  0.068  0.019  0.031  0.045  0.090        1
 86:     0.071  0.093  0.374  0.106  0.056  0.064  0.067  0.170        1
 87:     0.109  0.047  0.652  0.024  0.030  0.004  0.056  0.077        1
 88:     0.036  0.314  0.322  0.101  0.027  0.004  0.026  0.170        1
 89:     0.072  0.115  0.492  0.070  0.060  0.050  0.054  0.089        1
 90:     0.023  0.061  0.377  0.170  0.020  0.027  0.081  0.241        1
 91:     0.091  0.154  0.431  0.128  0.017  0.032  0.026  0.121        1
 92:     0.018  0.024  0.711  0.078  0.015  0.027  0.068  0.059        1
 93:     0.088  0.038  0.430  0.184  0.073  0.007  0.014  0.167        1
 94:     0.095  0.072  0.550  0.052  0.009  0.007  0.077  0.138        1
 95:     0.091  0.100  0.443  0.115  0.036  0.046  0.031  0.138        1
 96:     0.013  0.145  0.598  0.083  0.019  0.060  0.008  0.074        1
 97:     0.064  0.085  0.566  0.041  0.013  0.041  0.025  0.166        1
 98:     0.029  0.055  0.703  0.021  0.001  0.023  0.028  0.140        1
 99:     0.026  0.006  0.784  0.038  0.001  0.022  0.057  0.065        1
100:     0.139  0.041  0.711  0.006  0.013  0.021  0.026  0.043        1
101:     0.045  0.059  0.593  0.085  0.001  0.146  0.016  0.055        1
102:     0.141  0.102  0.601  0.073  0.009  0.049  0.016  0.008        1
103:     0.038  0.083  0.651  0.090  0.026  0.019  0.055  0.038        1
104:     0.121  0.014  0.401  0.047  0.032  0.066  0.025  0.294        1
105:     0.206  0.156  0.422  0.095  0.009  0.041  0.035  0.036        1
106:     0.042  0.087  0.556  0.054  0.030  0.027  0.075  0.127        1
107:     0.049  0.070  0.668  0.029  0.009  0.082  0.067  0.025        1
108:     0.015  0.108  0.451  0.147  0.039  0.037  0.067  0.137        1
109:     0.032  0.105  0.560  0.147  0.006  0.032  0.002  0.117        1
110:     0.005  0.038  0.450  0.135  0.050  0.109  0.045  0.168        1
111:     0.028  0.157  0.630  0.069  0.009  0.029  0.059  0.019        1
112:     0.031  0.155  0.503  0.127  0.020  0.098  0.009  0.058        1
113:     0.085  0.106  0.595  0.043  0.008  0.056  0.011  0.098        1
114:     0.063  0.052  0.532  0.090  0.074  0.089  0.016  0.085        1
115:     0.083  0.131  0.480  0.082  0.001  0.041  0.034  0.147        1
116:     0.022  0.053  0.577  0.094  0.023  0.041  0.041  0.149        1
117:     0.019  0.036  0.587  0.137  0.032  0.026  0.019  0.144        1
118:     0.070  0.119  0.397  0.134  0.049  0.077  0.022  0.132        1
119:     0.015  0.108  0.637  0.081  0.014  0.037  0.012  0.096        1
120:     0.054  0.007  0.378  0.089  0.021  0.033  0.086  0.332        1
121:     0.129  0.161  0.446  0.045  0.003  0.077  0.011  0.128        1
122:     0.082  0.132  0.449  0.093  0.054  0.039  0.071  0.080        1
123:     0.023  0.020  0.505  0.100  0.022  0.004  0.035  0.291        1
124:     0.106  0.087  0.426  0.112  0.083  0.038  0.037  0.110        1
125:     0.040  0.004  0.754  0.029  0.048  0.030  0.028  0.066        1
126:     0.053  0.110  0.439  0.091  0.052  0.095  0.034  0.127        1
127:     0.044  0.075  0.628  0.090  0.051  0.013  0.014  0.086        1
128:     0.028  0.119  0.340  0.067  0.071  0.021  0.028  0.325        1
129:     0.090  0.078  0.590  0.073  0.012  0.028  0.016  0.113        1
130:     0.016  0.063  0.669  0.131  0.021  0.054  0.021  0.025        1
131:     0.085  0.188  0.252  0.092  0.003  0.126  0.071  0.183        1
132:     0.073  0.089  0.576  0.067  0.011  0.016  0.015  0.152        1
133:     0.049  0.043  0.571  0.178  0.032  0.073  0.038  0.016        1
134:     0.058  0.015  0.576  0.093  0.107  0.018  0.020  0.114        1
135:     0.008  0.006  0.349  0.143  0.065  0.064  0.142  0.223        1
136:     0.122  0.044  0.448  0.081  0.028  0.098  0.042  0.137        1
137:     0.066  0.070  0.542  0.116  0.006  0.010  0.018  0.173        1
138:     0.086  0.095  0.414  0.085  0.061  0.050  0.028  0.182        1
139:     0.126  0.008  0.490  0.154  0.048  0.021  0.055  0.097        1
140:     0.218  0.027  0.189  0.139  0.021  0.035  0.005  0.365        1
141:     0.046  0.069  0.497  0.110  0.043  0.077  0.031  0.127        1
142:     0.133  0.151  0.465  0.028  0.018  0.035  0.050  0.122        1
143:     0.080  0.111  0.424  0.126  0.036  0.066  0.074  0.083        1
144:     0.023  0.057  0.544  0.127  0.017  0.070  0.108  0.055        1
145:     0.078  0.011  0.490  0.082  0.018  0.026  0.047  0.248        1
146:     0.067  0.007  0.523  0.121  0.003  0.007  0.068  0.204        1
147:     0.072  0.026  0.536  0.072  0.082  0.063  0.035  0.115        1
148:     0.151  0.104  0.117  0.062  0.216  0.322  0.004  0.025        1
149:     0.028  0.066  0.196  0.185  0.051  0.117  0.133  0.226        1
150:     0.052  0.137  0.174  0.102  0.161  0.092  0.119  0.163        1
151:     0.055  0.287  0.122  0.027  0.157  0.156  0.040  0.155        1
152:     0.112  0.142  0.135  0.095  0.081  0.186  0.097  0.151        1
153:     0.072  0.208  0.064  0.079  0.160  0.132  0.167  0.118        1
154:     0.073  0.065  0.214  0.047  0.200  0.091  0.032  0.279        1
155:     0.109  0.063  0.199  0.068  0.277  0.145  0.120  0.019        1
156:     0.149  0.028  0.014  0.037  0.100  0.123  0.260  0.289        1
157:     0.079  0.176  0.126  0.093  0.116  0.060  0.217  0.133        1
158:     0.010  0.158  0.118  0.075  0.058  0.337  0.085  0.158        1
159:     0.091  0.101  0.172  0.083  0.128  0.098  0.116  0.210        1
160:     0.130  0.231  0.032  0.092  0.167  0.080  0.150  0.118        1
161:     0.043  0.042  0.195  0.112  0.100  0.112  0.161  0.235        1
162:     0.080  0.157  0.123  0.083  0.167  0.123  0.107  0.159        1
163:     0.105  0.145  0.105  0.089  0.011  0.073  0.238  0.234        1
164:     0.171  0.092  0.082  0.053  0.229  0.034  0.144  0.195        1
165:     0.121  0.084  0.131  0.080  0.110  0.154  0.112  0.207        1
166:     0.054  0.053  0.078  0.022  0.244  0.236  0.099  0.215        1
167:     0.092  0.096  0.084  0.112  0.141  0.112  0.077  0.285        1
168:     0.104  0.105  0.321  0.014  0.045  0.060  0.156  0.195        1
169:     0.044  0.035  0.086  0.072  0.127  0.159  0.078  0.399        1
170:     0.149  0.292  0.155  0.022  0.214  0.042  0.068  0.058        1
171:     0.066  0.082  0.010  0.075  0.190  0.123  0.300  0.154        1
172:     0.033  0.176  0.018  0.085  0.070  0.017  0.420  0.182        1
173:     0.047  0.038  0.056  0.103  0.281  0.143  0.312  0.020        1
174:     0.092  0.077  0.030  0.038  0.250  0.084  0.227  0.203        1
175:     0.091  0.124  0.102  0.071  0.169  0.145  0.173  0.125       50
176:     0.097  0.142  0.133  0.066  0.158  0.123  0.175  0.106       49
177:     0.084  0.121  0.112  0.065  0.163  0.141  0.194  0.120       50
178:     0.091  0.166  0.109  0.070  0.142  0.140  0.163  0.118       49
179:     0.103  0.130  0.109  0.077  0.182  0.150  0.133  0.116       23
180:     0.090  0.158  0.123  0.066  0.164  0.137  0.141  0.121       49
181:     0.042  0.021  0.032  0.800  0.017  0.046  0.015  0.028       30
182:     0.060  0.026  0.023  0.686  0.030  0.095  0.035  0.046       30
183:     0.084  0.113  0.112  0.106  0.152  0.144  0.149  0.140       34
184:     0.098  0.143  0.119  0.064  0.148  0.145  0.163  0.120       36
185:     0.101  0.128  0.114  0.074  0.155  0.141  0.155  0.132       40
186:     0.081  0.136  0.120  0.062  0.177  0.135  0.161  0.129       39
187:     0.089  0.146  0.122  0.075  0.165  0.123  0.156  0.124       37
188:     0.092  0.149  0.105  0.074  0.183  0.131  0.140  0.126       40
189:     0.092  0.114  0.109  0.076  0.169  0.134  0.176  0.131       35
190:     0.093  0.107  0.092  0.073  0.169  0.173  0.170  0.122       28
191:     0.079  0.146  0.113  0.063  0.167  0.146  0.169  0.116       36
192:     0.097  0.132  0.120  0.064  0.146  0.134  0.165  0.143       32
--------------------------------------------

 Rep#:   Lambda   Alpha      F1    F2    F3    F4    F5    F6    F7    F8     D1,2  D1,3  D1,4  D1,5  D1,6  D1,7  D1,8  D2,3  D2,4  D2,5  D2,6  D2,7  D2,8  D3,4  D3,5  D3,6  D3,7  D3,8  D4,5  D4,6  D4,7  D4,8  D5,6  D5,7  D5,8  D6,7  D6,8  D7,8    Ln Like 
  100:    1.00    1.476    0.214 0.010 0.081 0.310 0.014 0.012 0.011 0.010    0.038 0.049 0.055 0.039 0.037 0.038 0.037 0.016 0.049 0.004 0.003 0.003 0.003 0.059 0.019 0.018 0.018 0.016 0.051 0.048 0.050 0.049 0.004 0.004 0.004 0.004 0.004 0.004   --  
  200:    1.00    1.086    0.261 0.010 0.211 0.270 0.016 0.012 0.011 0.204    0.041 0.060 0.052 0.043 0.041 0.042 0.059 0.038 0.040 0.004 0.003 0.003 0.033 0.061 0.039 0.038 0.038 0.058 0.042 0.040 0.041 0.059 0.004 0.004 0.036 0.003 0.034 0.034   --  
  300:    1.00    0.942    0.245 0.010 0.184 0.252 0.016 0.012 0.011 0.255    0.038 0.054 0.048 0.039 0.038 0.038 0.062 0.034 0.038 0.004 0.003 0.003 0.043 0.057 0.036 0.035 0.035 0.061 0.040 0.038 0.039 0.064 0.004 0.004 0.044 0.003 0.043 0.043   --  
  400:    1.00    0.878    0.242 0.010 0.178 0.248 0.016 0.012 0.011 0.259    0.036 0.052 0.047 0.038 0.037 0.037 0.062 0.032 0.037 0.004 0.003 0.003 0.043 0.055 0.034 0.033 0.033 0.060 0.039 0.037 0.037 0.064 0.004 0.004 0.045 0.003 0.044 0.044   --  
  500:    1.00    0.802    0.227 0.010 0.170 0.248 0.016 0.012 0.011 0.265    0.036 0.051 0.048 0.037 0.036 0.036 0.063 0.031 0.037 0.004 0.003 0.003 0.044 0.055 0.032 0.032 0.032 0.060 0.039 0.037 0.038 0.066 0.004 0.004 0.045 0.003 0.044 0.044   --  
  600:    1.00    0.774    0.226 0.010 0.171 0.250 0.016 0.012 0.011 0.271    0.035 0.051 0.049 0.036 0.035 0.035 0.063 0.031 0.038 0.004 0.003 0.003 0.044 0.055 0.032 0.031 0.031 0.060 0.039 0.038 0.038 0.066 0.004 0.004 0.045 0.003 0.044 0.044   --  
  700:    1.00    0.738    0.220 0.010 0.165 0.264 0.016 0.012 0.011 0.260    0.034 0.051 0.051 0.035 0.034 0.034 0.061 0.031 0.039 0.004 0.003 0.003 0.043 0.057 0.032 0.031 0.031 0.060 0.040 0.039 0.039 0.067 0.004 0.004 0.044 0.003 0.043 0.043   --  
  800:    1.00    0.702    0.219 0.010 0.166 0.267 0.016 0.012 0.011 0.261    0.033 0.050 0.052 0.034 0.034 0.034 0.062 0.030 0.039 0.004 0.003 0.003 0.042 0.058 0.031 0.031 0.031 0.060 0.041 0.040 0.040 0.069 0.004 0.004 0.043 0.003 0.043 0.043   --  
  900:    1.00    0.672    0.214 0.010 0.165 0.276 0.016 0.012 0.011 0.256    0.032 0.050 0.053 0.033 0.033 0.033 0.060 0.030 0.041 0.004 0.003 0.003 0.041 0.059 0.031 0.030 0.030 0.059 0.042 0.041 0.041 0.070 0.004 0.004 0.043 0.003 0.042 0.041   --  

--------------------------------------------
Proportion of membership of each pre-defined
 population in each of the 8 clusters

Given    Inferred Clusters                                          Number of
 Pop       1      2      3      4      5      6      7      8      Individuals

  1:     0.059  0.188  0.058  0.044  0.219  0.178  0.192  0.063       54
  2:     0.059  0.209  0.048  0.040  0.201  0.160  0.212  0.072       30
  3:     0.329  0.067  0.052  0.401  0.019  0.057  0.022  0.055       30
  4:     0.962  0.002  0.004  0.024  0.002  0.002  0.002  0.001       20
  5:     0.874  0.014  0.016  0.053  0.012  0.011  0.010  0.009       30
  6:     0.060  0.243  0.056  0.035  0.188  0.161  0.199  0.058       43
  7:     0.059  0.169  0.049  0.041  0.244  0.162  0.218  0.057       44
  8:     0.023  0.230  0.059  0.022  0.291  0.233  0.092  0.051        4
  9:     0.029  0.217  0.050  0.023  0.198  0.181  0.237  0.064       22
 10:     0.026  0.194  0.049  0.033  0.198  0.199  0.237  0.063       24
 11:     0.052  0.235  0.053  0.036  0.203  0.168  0.192  0.061       54
 12:     0.049  0.215  0.044  0.036  0.201  0.169  0.220  0.067       37
 13:     0.061  0.240  0.051  0.042  0.179  0.152  0.217  0.057       42
 14:     0.055  0.181  0.046  0.038  0.215  0.176  0.228  0.061       42
 15:     0.058  0.197  0.049  0.040  0.183  0.152  0.258  0.062       49
 16:     0.059  0.203  0.053  0.042  0.212  0.184  0.186  0.062      124
 17:     0.055  0.233  0.049  0.042  0.168  0.167  0.226  0.062       24
 18:     0.044  0.223  0.053  0.036  0.239  0.163  0.170  0.072       34
 19:     0.054  0.209  0.051  0.041  0.232  0.172  0.179  0.061       52
 20:     0.042  0.276  0.058  0.032  0.070  0.179  0.324  0.019        1
 21:     0.018  0.048  0.110  0.030  0.196  0.040  0.447  0.111        1
 22:     0.045  0.288  0.026  0.039  0.145  0.230  0.154  0.072        1
 23:     0.068  0.125  0.090  0.053  0.115  0.035  0.433  0.082        1
 24:     0.034  0.482  0.048  0.028  0.194  0.046  0.079  0.089        1
 25:     0.094  0.046  0.065  0.047  0.141  0.074  0.520  0.013        1
 26:     0.081  0.117  0.076  0.038  0.195  0.046  0.358  0.088        1
 27:     0.091  0.028  0.067  0.051  0.043  0.286  0.391  0.043        1
 28:     0.013  0.115  0.065  0.014  0.136  0.250  0.320  0.089        1
 29:     0.000  0.174  0.053  0.037  0.024  0.260  0.354  0.098        1
 30:     0.115  0.497  0.073  0.044  0.133  0.015  0.069  0.054        1
 31:     0.169  0.174  0.064  0.048  0.014  0.348  0.136  0.047        1
 32:     0.044  0.223  0.064  0.006  0.292  0.023  0.281  0.068        1
 33:     0.098  0.093  0.047  0.056  0.316  0.257  0.047  0.087        1
 34:     0.030  0.155  0.072  0.019  0.052  0.157  0.433  0.081        1
 35:     0.048  0.259  0.064  0.003  0.376  0.069  0.155  0.027        1
 36:     0.029  0.114  0.074  0.075  0.216  0.105  0.320  0.067        1
 37:     0.043  0.157  0.061  0.002  0.153  0.287  0.241  0.056        1
 38:     0.111  0.226  0.124  0.048  0.168  0.278  0.004  0.042        1
 39:     0.029  0.213  0.066  0.040  0.067  0.353  0.119  0.112        1
 40:     0.099  0.049  0.110  0.027  0.326  0.294  0.015  0.079        1
 41:     0.009  0.053  0.086  0.044  0.243  0.190  0.304  0.071        1
 42:     0.072  0.256  0.086  0.024  0.007  0.115  0.358  0.083        1
 43:     0.020  0.211  0.079  0.039  0.381  0.030  0.167  0.072        1
 44:     0.119  0.375  0.037  0.036  0.062  0.030  0.264  0.077        1
 45:     0.014  0.072  0.085  0.012  0.057  0.434  0.196  0.128        1
 46:     0.009  0.139  0.119  0.060  0.124  0.421  0.064  0.065        1
 47:     0.016  0.123  0.056  0.057  0.466  0.085  0.137  0.061        1
 48:     0.012  0.045  0.064  0.031  0.501  0.136  0.152  0.059        1
 49:     0.011  0.197  0.054  0.055  0.158  0.114  0.330  0.080        1
 50:     0.320  0.139  0.053  0.119  0.061  0.118  0.110  0.080        1
 51:     0.202  0.075  0.053  0.089  0.040  0.203  0.292  0.045        1
 52:     0.055  0.287  0.080  0.046  0.215  0.068  0.160  0.089        1
 53:     0.064  0.000  0.097  0.046  0.395  0.117  0.254  0.027        1
 54:     0.000  0.000  0.000  0.006  0.004  0.000  0.000  0.989        1
 55:     0.006  0.000  0.000  0.003  0.003  0.000  0.001  0.986        1
 56:     0.003  0.031  0.026  0.004  0.110  0.001  0.007  0.817        1
 57:     0.003  0.014  0.008  0.008  0.010  0.007  0.022  0.928        1
 58:     0.000  0.009  0.025  0.010  0.022  0.009  0.049  0.876        1
 59:     0.059  0.013  0.008  0.027  0.014  0.007  0.023  0.848        1
 60:     0.001  0.001  0.002  0.000  0.003  0.015  0.002  0.978        1
 61:     0.000  0.000  0.001  0.004  0.001  0.001  0.003  0.990        1
 62:     0.226  0.028  0.044  0.188  0.454  0.029  0.025  0.006        1
 63:     0.003  0.000  0.024  0.000  0.002  0.019  0.004  0.948        1
 64:     0.000  0.000  0.001  0.000  0.001  0.000  0.001  0.996        1
 65:     0.001  0.000  0.001  0.001  0.001  0.000  0.000  0.996        1
 66:     0.015  0.004  0.010  0.004  0.018  0.000  0.008  0.941        1
 67:     0.021  0.044  0.115  0.039  0.028  0.009  0.122  0.621        1
 68:     0.013  0.004  0.005  0.037  0.010  0.011  0.013  0.907        1
 69:     0.002  0.000  0.002  0.016  0.003  0.002  0.010  0.966        1
 70:     0.050  0.046  0.035  0.015  0.067  0.007  0.002  0.779        1
 71:     0.000  0.002  0.000  0.001  0.003  0.001  0.000  0.992        1
 72:     0.004  0.002  0.000  0.000  0.001  0.001  0.001  0.991        1
 73:     0.000  0.001  0.002  0.000  0.000  0.002  0.002  0.993        1
 74:     0.061  0.097  0.007  0.025  0.007  0.012  0.039  0.753        1
 75:     0.000  0.000  0.000  0.002  0.000  0.001  0.000  0.996        1
 76:     0.294  0.003  0.095  0.299  0.252  0.032  0.024  0.001        1
 77:     0.000  0.001  0.001  0.005  0.002  0.000  0.000  0.991        1
 78:     0.065  0.013  0.010  0.039  0.062  0.003  0.008  0.800        1
 79:     0.000  0.002  0.002  0.001  0.000  0.000  0.001  0.995        1
 80:     0.007  0.012  0.006  0.007  0.004  0.004  0.001  0.961        1
 81:     0.001  0.003  0.002  0.001  0.000  0.004  0.000  0.988        1
 82:     0.046  0.144  0.147  0.024  0.064  0.017  0.050  0.506        1
 83:     0.000  0.002  0.001  0.001  0.001  0.000  0.003  0.992        1
 84:     0.031  0.009  0.923  0.009  0.006  0.005  0.009  0.010        1
 85:     0.046  0.001  0.918  0.010  0.004  0.000  0.005  0.014        1
 86:     0.002  0.032  0.864  0.006  0.044  0.007  0.006  0.038        1
 87:     0.012  0.010  0.964  0.001  0.004  0.000  0.007  0.001        1
 88:     0.000  0.005  0.982  0.001  0.002  0.002  0.002  0.008        1
 89:     0.002  0.031  0.938  0.011  0.000  0.006  0.010  0.001        1
 90:     0.018  0.000  0.978  0.000  0.000  0.001  0.001  0.001        1
 91:     0.014  0.040  0.937  0.002  0.002  0.002  0.002  0.002        1
 92:     0.011  0.023  0.815  0.011  0.000  0.085  0.051  0.004        1
 93:     0.029  0.000  0.903  0.054  0.004  0.000  0.002  0.008        1
 94:     0.000  0.004  0.901  0.036  0.001  0.001  0.054  0.003        1
 95:     0.083  0.042  0.836  0.010  0.009  0.018  0.001  0.001        1
 96:     0.004  0.001  0.970  0.017  0.001  0.007  0.000  0.000        1
 97:     0.038  0.004  0.929  0.001  0.011  0.000  0.003  0.014        1
 98:     0.008  0.029  0.942  0.004  0.002  0.008  0.002  0.006        1
 99:     0.001  0.001  0.991  0.000  0.001  0.000  0.002  0.003        1
100:     0.050  0.000  0.946  0.001  0.001  0.002  0.000  0.000        1
101:     0.039  0.054  0.753  0.014  0.000  0.004  0.098  0.037        1
102:     0.004  0.019  0.787  0.015  0.011  0.071  0.084  0.008        1
103:     0.027  0.002  0.944  0.003  0.004  0.005  0.013  0.002        1
104:     0.006  0.000  0.925  0.001  0.022  0.003  0.018  0.025        1
105:     0.064  0.001  0.890  0.007  0.001  0.000  0.004  0.034        1
106:     0.006  0.157  0.794  0.002  0.001  0.004  0.005  0.032        1
107:     0.017  0.006  0.934  0.016  0.017  0.006  0.003  0.000        1
108:     0.072  0.001  0.833  0.001  0.009  0.073  0.003  0.008        1
109:     0.075  0.033  0.746  0.037  0.028  0.061  0.006  0.013        1
110:     0.003  0.005  0.771  0.001  0.093  0.104  0.001  0.022        1
111:     0.009  0.004  0.948  0.026  0.003  0.007  0.003  0.000        1
112:     0.007  0.006  0.979  0.000  0.002  0.000  0.004  0.001        1
113:     0.043  0.003  0.929  0.000  0.001  0.003  0.010  0.012        1
114:     0.002  0.001  0.953  0.003  0.005  0.011  0.003  0.022        1
115:     0.000  0.043  0.904  0.009  0.005  0.024  0.002  0.013        1
116:     0.001  0.003  0.991  0.002  0.000  0.000  0.001  0.001        1
117:     0.021  0.001  0.930  0.034  0.002  0.000  0.011  0.001        1
118:     0.000  0.001  0.917  0.032  0.003  0.005  0.009  0.033        1
119:     0.045  0.054  0.850  0.002  0.011  0.014  0.009  0.014        1
120:     0.002  0.004  0.942  0.008  0.005  0.002  0.004  0.032        1
121:     0.011  0.012  0.908  0.016  0.012  0.005  0.014  0.022        1
122:     0.002  0.018  0.924  0.002  0.001  0.011  0.017  0.024        1
123:     0.001  0.005  0.968  0.003  0.012  0.002  0.009  0.000        1
124:     0.089  0.004  0.822  0.010  0.005  0.032  0.034  0.004        1
125:     0.002  0.010  0.963  0.016  0.004  0.002  0.001  0.002        1
126:     0.006  0.007  0.827  0.030  0.042  0.049  0.014  0.026        1
127:     0.049  0.000  0.880  0.004  0.024  0.004  0.012  0.028        1
128:     0.000  0.004  0.951  0.010  0.004  0.001  0.009  0.020        1
129:     0.000  0.002  0.993  0.000  0.000  0.002  0.001  0.002        1
130:     0.036  0.004  0.900  0.018  0.001  0.002  0.016  0.023        1
131:     0.002  0.000  0.992  0.003  0.002  0.000  0.000  0.001        1
132:     0.104  0.055  0.812  0.000  0.022  0.004  0.001  0.001        1
133:     0.134  0.000  0.831  0.013  0.006  0.010  0.003  0.003        1
134:     0.001  0.000  0.857  0.020  0.084  0.009  0.013  0.016        1
135:     0.037  0.006  0.802  0.008  0.012  0.071  0.062  0.002        1
136:     0.005  0.002  0.981  0.000  0.000  0.010  0.000  0.001        1
137:     0.000  0.003  0.975  0.000  0.001  0.005  0.002  0.014        1
138:     0.003  0.002  0.985  0.009  0.000  0.000  0.000  0.000        1
139:     0.069  0.000  0.899  0.002  0.004  0.007  0.004  0.016        1
140:     0.129  0.000  0.836  0.003  0.002  0.001  0.002  0.027        1
141:     0.006  0.001  0.976  0.005  0.001  0.009  0.000  0.003        1
142:     0.013  0.007  0.854  0.024  0.017  0.081  0.001  0.003        1
143:     0.023  0.010  0.910  0.032  0.000  0.025  0.000  0.000        1
144:     0.022  0.001  0.947  0.001  0.006  0.003  0.016  0.002        1
145:     0.002  0.001  0.972  0.003  0.000  0.001  0.004  0.018        1
146:     0.020  0.000  0.916  0.037  0.005  0.009  0.013  0.000        1
147:     0.068  0.006  0.922  0.002  0.000  0.002  0.000  0.000        1
148:     0.130  0.152  0.139  0.045  0.267  0.193  0.021  0.053        1
149:     0.099  0.245  0.114  0.130  0.238  0.049  0.048  0.076        1
150:     0.042  0.166  0.094  0.005  0.253  0.243  0.121  0.076        1
151:     0.008  0.493  0.020  0.057  0.206  0.072  0.029  0.114        1
152:     0.081  0.099  0.054  0.061  0.218  0.331  0.097  0.059        1
153:     0.035  0.215  0.068  0.058  0.229  0.142  0.186  0.067        1
154:     0.036  0.064  0.053  0.007  0.400  0.323  0.056  0.060        1
155:     0.046  0.104  0.079  0.014  0.345  0.366  0.003  0.043        1
156:     0.069  0.070  0.077  0.026  0.288  0.259  0.148  0.061        1
157:     0.070  0.075  0.084  0.020  0.150  0.190  0.367  0.043        1
158:     0.007  0.187  0.042  0.063  0.159  0.382  0.094  0.065        1
159:     0.000  0.064  0.062  0.035  0.219  0.221  0.303  0.095        1
160:     0.043  0.112  0.051  0.019  0.383  0.166  0.150  0.076        1
161:     0.061  0.312  0.100  0.076  0.188  0.163  0.040  0.061        1
162:     0.031  0.094  0.049  0.032  0.206  0.076  0.382  0.130        1
163:     0.081  0.227  0.057  0.006  0.009  0.220  0.289  0.111        1
164:     0.064  0.257  0.055  0.031  0.103  0.000  0.423  0.066        1
165:     0.057  0.171  0.102  0.052  0.091  0.436  0.012  0.079        1
166:     0.104  0.055  0.044  0.023  0.377  0.246  0.114  0.036        1
167:     0.062  0.363  0.042  0.068  0.115  0.073  0.210  0.066        1
168:     0.032  0.401  0.045  0.002  0.011  0.351  0.088  0.070        1
169:     0.039  0.186  0.077  0.014  0.249  0.108  0.276  0.052        1
170:     0.012  0.186  0.092  0.004  0.418  0.052  0.143  0.092        1
171:     0.026  0.018  0.079  0.048  0.373  0.111  0.287  0.058        1
172:     0.077  0.138  0.059  0.024  0.140  0.020  0.462  0.081        1
173:     0.018  0.228  0.052  0.065  0.278  0.297  0.012  0.049        1
174:     0.066  0.168  0.058  0.039  0.231  0.096  0.274  0.068        1
175:     0.056  0.154  0.051  0.042  0.227  0.202  0.204  0.063       50
176:     0.043  0.208  0.050  0.042  0.187  0.190  0.217  0.062       49
177:     0.053  0.165  0.054  0.041  0.223  0.205  0.199  0.060       50
178:     0.055  0.209  0.051  0.044  0.196  0.189  0.190  0.065       49
179:     0.068  0.190  0.059  0.039  0.278  0.166  0.138  0.062       23
180:     0.050  0.202  0.045  0.039  0.218  0.188  0.188  0.070       49
181:     0.041  0.002  0.002  0.943  0.003  0.002  0.002  0.004       30
182:     0.379  0.007  0.005  0.577  0.004  0.013  0.003  0.011       30
183:     0.075  0.123  0.065  0.073  0.240  0.194  0.175  0.055       34
184:     0.051  0.175  0.039  0.045  0.196  0.201  0.234  0.059       36
185:     0.058  0.151  0.052  0.043  0.193  0.221  0.225  0.057       40
186:     0.046  0.151  0.049  0.036  0.212  0.193  0.249  0.064       39
187:     0.052  0.189  0.047  0.048  0.198  0.144  0.257  0.065       37
188:     0.057  0.194  0.054  0.045  0.187  0.186  0.214  0.063       40
189:     0.055  0.149  0.052  0.046  0.225  0.170  0.240  0.063       35
190:     0.069  0.139  0.044  0.040  0.188  0.238  0.218  0.064       28
191:     0.059  0.141  0.053  0.040  0.175  0.230  0.245  0.057       36
192:     0.051  0.180  0.042  0.041  0.196  0.181  0.245  0.064       32
--------------------------------------------

 Rep#:   Lambda   Alpha      F1    F2    F3    F4    F5    F6    F7    F8     D1,2  D1,3  D1,4  D1,5  D1,6  D1,7  D1,8  D2,3  D2,4  D2,5  D2,6  D2,7  D2,8  D3,4  D3,5  D3,6  D3,7  D3,8  D4,5  D4,6  D4,7  D4,8  D5,6  D5,7  D5,8  D6,7  D6,8  D7,8    Ln Like 
 1000:    1.00    0.649    0.213 0.010 0.162 0.286 0.016 0.012 0.011 0.259    0.032 0.050 0.055 0.033 0.032 0.033 0.062 0.029 0.042 0.004 0.003 0.003 0.042 0.059 0.030 0.030 0.029 0.059 0.043 0.042 0.042 0.072 0.004 0.004 0.044 0.003 0.042 0.043   --  
 1100:    1.00    0.606    0.212 0.010 0.161 0.288 0.016 0.012 0.011 0.255    0.032 0.049 0.056 0.033 0.032 0.032 0.061 0.029 0.042 0.004 0.003 0.003 0.041 0.060 0.030 0.029 0.029 0.059 0.044 0.042 0.042 0.072 0.004 0.004 0.043 0.003 0.041 0.041   --  
 1200:    1.00    0.598    0.203 0.010 0.161 0.293 0.017 0.012 0.011 0.257    0.031 0.049 0.057 0.032 0.031 0.032 0.061 0.029 0.043 0.004 0.003 0.003 0.042 0.061 0.031 0.029 0.030 0.060 0.044 0.043 0.043 0.073 0.004 0.004 0.043 0.003 0.042 0.042   --  
 1300:    1.00    0.563    0.206 0.010 0.159 0.292 0.017 0.011 0.011 0.256    0.031 0.049 0.057 0.032 0.031 0.031 0.061 0.028 0.043 0.004 0.003 0.003 0.040 0.062 0.030 0.029 0.029 0.059 0.044 0.042 0.043 0.073 0.004 0.004 0.042 0.003 0.041 0.041   --  
 1400:    1.00    0.531    0.205 0.010 0.158 0.294 0.017 0.011 0.011 0.252    0.031 0.049 0.057 0.032 0.031 0.031 0.061 0.029 0.043 0.004 0.003 0.003 0.040 0.062 0.030 0.029 0.029 0.059 0.045 0.043 0.044 0.073 0.005 0.004 0.042 0.003 0.041 0.041   --  
 1500:    1.00    0.530    0.204 0.010 0.157 0.296 0.019 0.011 0.011 0.252    0.031 0.048 0.057 0.032 0.030 0.031 0.061 0.028 0.043 0.005 0.003 0.003 0.040 0.062 0.030 0.028 0.028 0.059 0.044 0.043 0.043 0.074 0.005 0.005 0.042 0.003 0.041 0.041   --  
 1600:    1.00    0.505    0.202 0.010 0.155 0.292 0.020 0.011 0.011 0.252    0.030 0.049 0.057 0.032 0.031 0.031 0.061 0.028 0.043 0.005 0.003 0.003 0.040 0.062 0.030 0.028 0.028 0.059 0.045 0.043 0.043 0.073 0.005 0.005 0.042 0.003 0.041 0.040   --  
 1700:    1.00    0.485    0.200 0.010 0.155 0.298 0.020 0.011 0.011 0.253    0.030 0.048 0.057 0.032 0.030 0.030 0.060 0.028 0.043 0.005 0.003 0.003 0.039 0.062 0.029 0.028 0.028 0.059 0.045 0.043 0.043 0.074 0.005 0.005 0.041 0.003 0.040 0.040   --  
 1800:    1.00    0.466    0.198 0.010 0.156 0.294 0.020 0.011 0.011 0.255    0.030 0.049 0.057 0.032 0.030 0.030 0.061 0.028 0.043 0.005 0.003 0.003 0.040 0.062 0.030 0.028 0.028 0.059 0.044 0.043 0.043 0.074 0.005 0.005 0.042 0.003 0.041 0.041   --  
 1900:    1.00    0.445    0.200 0.009 0.157 0.296 0.020 0.011 0.011 0.254    0.030 0.048 0.058 0.031 0.030 0.030 0.060 0.028 0.043 0.005 0.003 0.003 0.039 0.063 0.029 0.028 0.028 0.059 0.045 0.043 0.043 0.074 0.005 0.005 0.041 0.003 0.040 0.040   --  

--------------------------------------------
Proportion of membership of each pre-defined
 population in each of the 8 clusters

Given    Inferred Clusters                                          Number of
 Pop       1      2      3      4      5      6      7      8      Individuals

  1:     0.049  0.241  0.035  0.027  0.232  0.191  0.190  0.035       54
  2:     0.044  0.256  0.027  0.028  0.222  0.171  0.214  0.038       30
  3:     0.374  0.078  0.046  0.352  0.015  0.065  0.023  0.047       30
  4:     0.972  0.002  0.004  0.013  0.004  0.002  0.002  0.001       20
  5:     0.891  0.013  0.015  0.039  0.010  0.021  0.005  0.006       30
  6:     0.046  0.263  0.030  0.021  0.201  0.199  0.207  0.032       43
  7:     0.043  0.172  0.024  0.024  0.308  0.173  0.223  0.032       44
  8:     0.023  0.263  0.024  0.021  0.267  0.242  0.120  0.040        4
  9:     0.015  0.253  0.020  0.012  0.172  0.199  0.297  0.033       22
 10:     0.014  0.261  0.029  0.018  0.177  0.206  0.262  0.034       24
 11:     0.041  0.278  0.033  0.023  0.234  0.165  0.197  0.028       54
 12:     0.039  0.245  0.028  0.024  0.217  0.201  0.214  0.032       37
 13:     0.045  0.281  0.028  0.028  0.203  0.167  0.220  0.029       42
 14:     0.043  0.238  0.026  0.025  0.251  0.157  0.223  0.037       42
 15:     0.044  0.226  0.028  0.027  0.199  0.168  0.276  0.033       49
 16:     0.051  0.247  0.031  0.026  0.232  0.191  0.191  0.031      124
 17:     0.040  0.252  0.032  0.024  0.217  0.192  0.209  0.034       24
 18:     0.032  0.252  0.031  0.025  0.279  0.160  0.184  0.038       34
 19:     0.035  0.249  0.031  0.026  0.254  0.189  0.182  0.034       52
 20:     0.000  0.226  0.062  0.001  0.161  0.194  0.342  0.016        1
 21:     0.016  0.329  0.110  0.016  0.094  0.059  0.311  0.065        1
 22:     0.049  0.375  0.001  0.021  0.194  0.173  0.116  0.071        1
 23:     0.074  0.061  0.108  0.036  0.161  0.078  0.446  0.035        1
 24:     0.036  0.693  0.004  0.004  0.098  0.050  0.082  0.032        1
 25:     0.061  0.050  0.056  0.016  0.000  0.059  0.727  0.030        1
 26:     0.052  0.034  0.054  0.015  0.207  0.112  0.478  0.048        1
 27:     0.046  0.007  0.058  0.029  0.020  0.430  0.354  0.057        1
 28:     0.000  0.132  0.051  0.055  0.124  0.133  0.450  0.055        1
 29:     0.000  0.161  0.059  0.033  0.181  0.140  0.362  0.064        1
 30:     0.120  0.364  0.056  0.008  0.203  0.034  0.181  0.034        1
 31:     0.205  0.179  0.033  0.034  0.118  0.375  0.036  0.020        1
 32:     0.034  0.234  0.020  0.020  0.281  0.017  0.366  0.028        1
 33:     0.076  0.129  0.008  0.012  0.513  0.161  0.007  0.095        1
 34:     0.003  0.134  0.059  0.012  0.053  0.406  0.248  0.083        1
 35:     0.041  0.449  0.083  0.011  0.228  0.015  0.142  0.030        1
 36:     0.023  0.300  0.073  0.062  0.137  0.156  0.199  0.049        1
 37:     0.056  0.168  0.086  0.004  0.165  0.472  0.041  0.007        1
 38:     0.107  0.273  0.085  0.013  0.020  0.453  0.006  0.043        1
 39:     0.000  0.124  0.056  0.000  0.167  0.469  0.078  0.106        1
 40:     0.084  0.071  0.076  0.025  0.253  0.398  0.074  0.020        1
 41:     0.005  0.061  0.060  0.038  0.379  0.086  0.338  0.032        1
 42:     0.034  0.186  0.071  0.031  0.172  0.047  0.433  0.026        1
 43:     0.010  0.027  0.032  0.005  0.700  0.001  0.162  0.063        1
 44:     0.103  0.498  0.036  0.061  0.001  0.000  0.252  0.048        1
 45:     0.001  0.042  0.025  0.002  0.238  0.474  0.115  0.103        1
 46:     0.024  0.098  0.123  0.029  0.135  0.528  0.055  0.008        1
 47:     0.001  0.084  0.012  0.028  0.213  0.112  0.535  0.015        1
 48:     0.006  0.085  0.022  0.012  0.251  0.073  0.507  0.043        1
 49:     0.021  0.239  0.029  0.022  0.070  0.201  0.386  0.032        1
 50:     0.304  0.000  0.069  0.051  0.250  0.138  0.146  0.042        1
 51:     0.187  0.198  0.061  0.059  0.037  0.051  0.333  0.074        1
 52:     0.059  0.408  0.061  0.019  0.140  0.129  0.123  0.060        1
 53:     0.059  0.013  0.080  0.051  0.254  0.153  0.359  0.031        1
 54:     0.000  0.001  0.002  0.000  0.000  0.002  0.005  0.988        1
 55:     0.000  0.002  0.000  0.004  0.001  0.001  0.001  0.992        1
 56:     0.013  0.000  0.004  0.001  0.117  0.020  0.008  0.837        1
