

----------------------------------------------------
STRUCTURE by Pritchard, Stephens and Donnelly (2000)
     and Falush, Stephens and Pritchard (2003)
       Code by Pritchard, Falush and Hubisz
             Version 2.3.4 (Jul 2012)
----------------------------------------------------


Reading file "/workdir/yc2644/CV_CT_array/structure/threader_input/mainparams".
Reading file "/workdir/yc2644/CV_CT_array/structure/threader_input/extraparams".
Reading file "/workdir/yc2644/CV_CT_array/structure/threader_input/n1601.recode.strct_in".


Data file "/workdir/yc2644/CV_CT_array/structure/threader_input/n1601.recode.strct_in" (truncated) --

Ind:   Label Pop : Genotype_data . . . .
  1:  001s    1  :  2   1   2   2   2   1   2  . . . .   2
  1:  001s    1  :  2   2   2   2   2   2   2  . . . .   2
  2:  002s    1  :  2   2   2   2   1   1   2  . . . .   2
  2:  002s    1  :  2   2   2   2   2   2   2  . . . .   2
  3:  003s    1  :  1   2   1   2   2   2   2  . . . .   1
  3:  003s    1  :  2   2   1   2   2   2   2  . . . .   2
  4:  004s    1  :  1   1   2   2   1   2   2  . . . .   1
  4:  004s    1  :  2   1   2   2   2   2   2  . . . .   2

      *******   

1600:    49  192  :  2   2   2   2   2   1   2  . . . .   1
1600:    49  192  :  2   2   2   2   2   2   2  . . . .   2
1601:    50  192  :  2   1   2   2   1   2   2  . . . .   1
1601:    50  192  :  2   2   2   2   2   2   2  . . . .   2

Number of alleles per locus: min= 2; ave=2.0; max= 2


--------------------------------------

Finished initialization; starting MCMC 
100000 iterations + 10000 burnin


--------------------------------------------
Proportion of membership of each pre-defined
 population in each of the 8 clusters

Given    Inferred Clusters                                          Number of
 Pop       1      2      3      4      5      6      7      8      Individuals

  1:     0.128  0.145  0.139  0.104  0.145  0.146  0.065  0.128       54
  2:     0.108  0.136  0.167  0.132  0.113  0.162  0.053  0.130       30
  3:     0.190  0.040  0.055  0.072  0.093  0.063  0.433  0.053       30
  4:     0.062  0.030  0.044  0.139  0.074  0.075  0.519  0.057       20
  5:     0.060  0.035  0.045  0.201  0.070  0.055  0.471  0.063       30
  6:     0.113  0.165  0.130  0.129  0.134  0.114  0.055  0.159       43
  7:     0.103  0.144  0.132  0.124  0.148  0.130  0.055  0.164       44
  8:     0.140  0.168  0.218  0.053  0.172  0.097  0.032  0.120        4
  9:     0.105  0.177  0.125  0.096  0.155  0.158  0.034  0.150       22
 10:     0.090  0.201  0.122  0.109  0.132  0.163  0.041  0.142       24
 11:     0.125  0.139  0.143  0.124  0.153  0.133  0.051  0.131       54
 12:     0.100  0.170  0.121  0.114  0.156  0.166  0.050  0.123       37
 13:     0.114  0.139  0.161  0.101  0.133  0.159  0.064  0.129       42
 14:     0.136  0.128  0.142  0.107  0.132  0.179  0.053  0.123       42
 15:     0.119  0.138  0.137  0.139  0.133  0.140  0.055  0.139       49
 16:     0.111  0.151  0.142  0.131  0.135  0.142  0.060  0.128      124
 17:     0.132  0.173  0.130  0.109  0.132  0.139  0.060  0.126       24
 18:     0.106  0.169  0.127  0.133  0.142  0.139  0.054  0.130       34
 19:     0.115  0.127  0.129  0.124  0.154  0.143  0.054  0.155       52
 20:     0.055  0.080  0.083  0.054  0.453  0.104  0.072  0.099        1
 21:     0.147  0.128  0.001  0.208  0.220  0.054  0.092  0.150        1
 22:     0.054  0.133  0.062  0.111  0.200  0.228  0.057  0.155        1
 23:     0.066  0.123  0.313  0.060  0.037  0.157  0.081  0.162        1
 24:     0.123  0.136  0.109  0.119  0.105  0.120  0.069  0.220        1
 25:     0.144  0.086  0.128  0.109  0.150  0.172  0.110  0.100        1
 26:     0.074  0.113  0.172  0.098  0.214  0.073  0.100  0.157        1
 27:     0.125  0.115  0.193  0.150  0.106  0.134  0.067  0.110        1
 28:     0.094  0.066  0.237  0.024  0.273  0.188  0.042  0.075        1
 29:     0.204  0.235  0.059  0.127  0.027  0.090  0.012  0.246        1
 30:     0.096  0.020  0.136  0.049  0.218  0.307  0.076  0.097        1
 31:     0.030  0.202  0.112  0.229  0.134  0.089  0.147  0.057        1
 32:     0.228  0.122  0.057  0.108  0.264  0.104  0.011  0.106        1
 33:     0.096  0.150  0.133  0.175  0.152  0.093  0.063  0.139        1
 34:     0.035  0.086  0.175  0.039  0.258  0.251  0.041  0.116        1
 35:     0.091  0.021  0.066  0.030  0.321  0.206  0.063  0.203        1
 36:     0.133  0.254  0.203  0.086  0.070  0.177  0.069  0.008        1
 37:     0.266  0.058  0.105  0.019  0.030  0.284  0.054  0.185        1
 38:     0.101  0.072  0.018  0.042  0.097  0.297  0.090  0.284        1
 39:     0.033  0.316  0.188  0.044  0.185  0.179  0.024  0.031        1
 40:     0.097  0.032  0.131  0.370  0.031  0.127  0.075  0.138        1
 41:     0.087  0.242  0.081  0.130  0.116  0.138  0.062  0.143        1
 42:     0.166  0.005  0.352  0.043  0.056  0.293  0.029  0.056        1
 43:     0.092  0.086  0.091  0.353  0.067  0.147  0.042  0.123        1
 44:     0.149  0.096  0.135  0.076  0.128  0.204  0.088  0.124        1
 45:     0.101  0.094  0.156  0.173  0.063  0.060  0.023  0.328        1
 46:     0.130  0.201  0.096  0.003  0.118  0.168  0.049  0.234        1
 47:     0.180  0.141  0.132  0.095  0.120  0.108  0.081  0.143        1
 48:     0.197  0.196  0.117  0.012  0.055  0.257  0.053  0.113        1
 49:     0.210  0.056  0.094  0.062  0.263  0.097  0.028  0.189        1
 50:     0.210  0.010  0.063  0.313  0.050  0.136  0.196  0.022        1
 51:     0.146  0.064  0.103  0.129  0.168  0.138  0.156  0.096        1
 52:     0.079  0.075  0.105  0.207  0.208  0.117  0.077  0.133        1
 53:     0.082  0.135  0.082  0.202  0.153  0.237  0.050  0.060        1
 54:     0.065  0.039  0.015  0.166  0.135  0.164  0.111  0.306        1
 55:     0.021  0.026  0.196  0.261  0.092  0.065  0.187  0.152        1
 56:     0.042  0.067  0.279  0.199  0.212  0.082  0.082  0.038        1
 57:     0.018  0.093  0.077  0.274  0.066  0.186  0.065  0.221        1
 58:     0.068  0.102  0.226  0.253  0.102  0.035  0.111  0.105        1
 59:     0.066  0.110  0.227  0.227  0.022  0.075  0.091  0.181        1
 60:     0.046  0.166  0.244  0.127  0.071  0.053  0.166  0.126        1
 61:     0.086  0.036  0.026  0.241  0.113  0.059  0.130  0.310        1
 62:     0.064  0.063  0.054  0.240  0.083  0.049  0.269  0.178        1
 63:     0.005  0.107  0.292  0.190  0.043  0.081  0.129  0.152        1
 64:     0.005  0.067  0.222  0.118  0.250  0.027  0.147  0.165        1
 65:     0.001  0.073  0.144  0.157  0.145  0.148  0.082  0.251        1
 66:     0.049  0.081  0.262  0.193  0.072  0.145  0.154  0.044        1
 67:     0.033  0.155  0.317  0.027  0.060  0.160  0.171  0.075        1
 68:     0.022  0.051  0.428  0.100  0.011  0.218  0.085  0.085        1
 69:     0.021  0.057  0.517  0.063  0.125  0.041  0.132  0.044        1
 70:     0.032  0.172  0.240  0.130  0.095  0.119  0.138  0.075        1
 71:     0.061  0.016  0.343  0.238  0.131  0.044  0.086  0.081        1
 72:     0.085  0.053  0.256  0.181  0.138  0.007  0.129  0.151        1
 73:     0.012  0.102  0.163  0.095  0.063  0.090  0.081  0.392        1
 74:     0.023  0.154  0.150  0.245  0.057  0.020  0.045  0.306        1
 75:     0.008  0.074  0.162  0.091  0.041  0.094  0.169  0.361        1
 76:     0.352  0.031  0.074  0.078  0.066  0.071  0.293  0.035        1
 77:     0.001  0.032  0.272  0.138  0.188  0.021  0.187  0.161        1
 78:     0.016  0.050  0.278  0.177  0.036  0.116  0.143  0.184        1
 79:     0.010  0.091  0.130  0.388  0.025  0.072  0.144  0.141        1
 80:     0.060  0.113  0.161  0.157  0.140  0.104  0.147  0.118        1
 81:     0.028  0.056  0.309  0.226  0.043  0.064  0.152  0.121        1
 82:     0.073  0.110  0.165  0.122  0.093  0.084  0.137  0.216        1
 83:     0.114  0.177  0.021  0.261  0.003  0.073  0.094  0.258        1
 84:     0.019  0.117  0.212  0.116  0.046  0.008  0.419  0.065        1
 85:     0.054  0.198  0.020  0.023  0.074  0.087  0.393  0.149        1
 86:     0.005  0.159  0.147  0.068  0.137  0.031  0.350  0.102        1
 87:     0.021  0.040  0.076  0.239  0.096  0.095  0.376  0.057        1
 88:     0.041  0.070  0.110  0.089  0.081  0.102  0.372  0.136        1
 89:     0.041  0.097  0.298  0.023  0.044  0.088  0.335  0.074        1
 90:     0.053  0.070  0.099  0.071  0.110  0.083  0.433  0.081        1
 91:     0.029  0.055  0.211  0.078  0.018  0.186  0.391  0.031        1
 92:     0.107  0.311  0.054  0.023  0.024  0.016  0.330  0.136        1
 93:     0.068  0.085  0.076  0.090  0.083  0.087  0.431  0.080        1
 94:     0.072  0.135  0.178  0.038  0.102  0.039  0.339  0.097        1
 95:     0.004  0.094  0.061  0.101  0.015  0.143  0.351  0.231        1
 96:     0.126  0.154  0.088  0.116  0.059  0.015  0.393  0.049        1
 97:     0.051  0.156  0.170  0.014  0.149  0.033  0.425  0.001        1
 98:     0.049  0.120  0.097  0.114  0.124  0.069  0.340  0.087        1
 99:     0.024  0.082  0.168  0.090  0.040  0.044  0.436  0.115        1
100:     0.052  0.129  0.104  0.010  0.043  0.143  0.489  0.030        1
101:     0.009  0.059  0.157  0.071  0.191  0.034  0.308  0.171        1
102:     0.038  0.074  0.132  0.004  0.143  0.088  0.346  0.175        1
103:     0.025  0.266  0.126  0.059  0.008  0.036  0.397  0.082        1
104:     0.038  0.064  0.084  0.144  0.068  0.068  0.373  0.161        1
105:     0.176  0.006  0.039  0.104  0.076  0.078  0.422  0.100        1
106:     0.070  0.076  0.009  0.351  0.015  0.093  0.278  0.109        1
107:     0.092  0.146  0.012  0.067  0.108  0.018  0.415  0.143        1
108:     0.082  0.178  0.092  0.008  0.099  0.107  0.366  0.069        1
109:     0.052  0.153  0.008  0.084  0.099  0.219  0.342  0.043        1
110:     0.063  0.093  0.295  0.036  0.140  0.039  0.290  0.044        1
111:     0.100  0.084  0.067  0.058  0.117  0.027  0.426  0.120        1
112:     0.039  0.105  0.047  0.171  0.064  0.052  0.357  0.164        1
113:     0.065  0.072  0.279  0.044  0.050  0.035  0.411  0.044        1
114:     0.050  0.062  0.064  0.076  0.108  0.049  0.393  0.199        1
115:     0.036  0.050  0.038  0.120  0.183  0.186  0.349  0.039        1
116:     0.079  0.037  0.220  0.072  0.054  0.075  0.456  0.007        1
117:     0.090  0.148  0.038  0.036  0.112  0.147  0.391  0.038        1
118:     0.040  0.070  0.227  0.131  0.022  0.042  0.437  0.031        1
119:     0.025  0.128  0.059  0.052  0.139  0.092  0.325  0.180        1
120:     0.048  0.073  0.211  0.025  0.069  0.164  0.280  0.131        1
121:     0.031  0.143  0.100  0.053  0.001  0.079  0.403  0.191        1
122:     0.079  0.062  0.020  0.031  0.119  0.021  0.352  0.316        1
123:     0.045  0.101  0.020  0.112  0.160  0.077  0.388  0.096        1
124:     0.027  0.084  0.002  0.019  0.079  0.034  0.412  0.344        1
125:     0.070  0.074  0.100  0.079  0.093  0.112  0.404  0.070        1
126:     0.062  0.125  0.102  0.131  0.118  0.061  0.295  0.106        1
127:     0.046  0.194  0.036  0.111  0.076  0.096  0.370  0.071        1
128:     0.012  0.092  0.160  0.229  0.049  0.083  0.347  0.028        1
129:     0.076  0.157  0.074  0.049  0.033  0.052  0.420  0.140        1
130:     0.097  0.081  0.082  0.111  0.116  0.020  0.419  0.074        1
131:     0.070  0.263  0.030  0.095  0.025  0.000  0.411  0.106        1
132:     0.147  0.024  0.108  0.125  0.114  0.049  0.380  0.052        1
133:     0.073  0.169  0.083  0.009  0.133  0.069  0.412  0.050        1
134:     0.088  0.098  0.088  0.065  0.074  0.142  0.314  0.131        1
135:     0.105  0.240  0.052  0.018  0.019  0.141  0.340  0.085        1
136:     0.059  0.179  0.109  0.149  0.066  0.036  0.365  0.036        1
137:     0.057  0.227  0.094  0.030  0.048  0.135  0.365  0.045        1
138:     0.003  0.125  0.184  0.095  0.071  0.052  0.386  0.084        1
139:     0.157  0.047  0.152  0.054  0.025  0.082  0.460  0.023        1
140:     0.019  0.056  0.124  0.258  0.028  0.005  0.347  0.161        1
141:     0.069  0.106  0.122  0.054  0.050  0.110  0.375  0.113        1
142:     0.095  0.126  0.087  0.027  0.084  0.094  0.365  0.122        1
143:     0.006  0.035  0.159  0.120  0.211  0.013  0.404  0.051        1
144:     0.025  0.070  0.173  0.019  0.136  0.102  0.361  0.115        1
145:     0.052  0.039  0.093  0.072  0.094  0.093  0.378  0.180        1
146:     0.063  0.137  0.074  0.066  0.054  0.186  0.411  0.008        1
147:     0.040  0.041  0.099  0.122  0.064  0.014  0.416  0.204        1
148:     0.054  0.118  0.129  0.225  0.024  0.149  0.154  0.148        1
149:     0.170  0.098  0.104  0.113  0.081  0.110  0.177  0.149        1
150:     0.011  0.032  0.163  0.054  0.358  0.166  0.048  0.167        1
151:     0.121  0.091  0.116  0.133  0.134  0.166  0.076  0.164        1
152:     0.089  0.041  0.124  0.076  0.342  0.185  0.107  0.037        1
153:     0.055  0.094  0.337  0.077  0.115  0.063  0.067  0.192        1
154:     0.074  0.049  0.203  0.090  0.211  0.233  0.076  0.063        1
155:     0.116  0.276  0.329  0.051  0.063  0.080  0.053  0.031        1
156:     0.153  0.027  0.150  0.154  0.041  0.229  0.057  0.189        1
157:     0.203  0.131  0.096  0.018  0.093  0.135  0.084  0.240        1
158:     0.174  0.174  0.103  0.140  0.052  0.254  0.034  0.070        1
159:     0.109  0.077  0.147  0.191  0.086  0.176  0.016  0.198        1
160:     0.163  0.117  0.135  0.146  0.164  0.099  0.059  0.117        1
161:     0.066  0.192  0.137  0.101  0.112  0.148  0.109  0.134        1
162:     0.119  0.117  0.366  0.074  0.022  0.224  0.039  0.039        1
163:     0.105  0.175  0.081  0.056  0.179  0.073  0.041  0.291        1
164:     0.215  0.086  0.107  0.118  0.173  0.093  0.060  0.148        1
165:     0.079  0.224  0.220  0.016  0.234  0.092  0.117  0.017        1
166:     0.118  0.139  0.182  0.110  0.149  0.160  0.065  0.076        1
167:     0.083  0.079  0.274  0.144  0.280  0.052  0.082  0.004        1
168:     0.201  0.070  0.127  0.099  0.307  0.092  0.033  0.070        1
169:     0.054  0.096  0.158  0.050  0.130  0.218  0.089  0.205        1
170:     0.137  0.402  0.100  0.145  0.020  0.058  0.040  0.097        1
171:     0.079  0.179  0.195  0.182  0.024  0.188  0.051  0.102        1
172:     0.089  0.166  0.125  0.160  0.156  0.119  0.098  0.087        1
173:     0.241  0.209  0.154  0.158  0.025  0.081  0.056  0.076        1
174:     0.178  0.212  0.019  0.132  0.192  0.025  0.034  0.208        1
175:     0.122  0.149  0.147  0.122  0.145  0.134  0.053  0.128       50
176:     0.109  0.166  0.152  0.111  0.142  0.119  0.054  0.146       49
177:     0.111  0.163  0.147  0.102  0.151  0.147  0.052  0.127       50
178:     0.107  0.144  0.165  0.108  0.152  0.126  0.058  0.139       49
179:     0.092  0.128  0.123  0.105  0.170  0.169  0.064  0.149       23
180:     0.091  0.177  0.141  0.111  0.131  0.138  0.051  0.161       49
181:     0.226  0.025  0.030  0.029  0.034  0.027  0.597  0.031       30
182:     0.172  0.043  0.050  0.057  0.053  0.049  0.519  0.056       30
183:     0.126  0.138  0.159  0.110  0.104  0.134  0.090  0.138       34
184:     0.132  0.164  0.135  0.106  0.141  0.134  0.055  0.132       36
185:     0.107  0.132  0.146  0.125  0.146  0.143  0.062  0.140       40
186:     0.114  0.167  0.149  0.097  0.142  0.149  0.050  0.132       39
187:     0.106  0.151  0.138  0.140  0.156  0.126  0.058  0.126       37
188:     0.090  0.146  0.146  0.137  0.166  0.123  0.059  0.134       40
189:     0.131  0.171  0.147  0.104  0.120  0.137  0.061  0.128       35
190:     0.128  0.163  0.124  0.122  0.150  0.143  0.060  0.110       28
191:     0.124  0.159  0.127  0.117  0.144  0.156  0.056  0.117       36
192:     0.104  0.153  0.145  0.123  0.149  0.129  0.050  0.146       32
--------------------------------------------

 Rep#:   Lambda   Alpha      F1    F2    F3    F4    F5    F6    F7    F8     D1,2  D1,3  D1,4  D1,5  D1,6  D1,7  D1,8  D2,3  D2,4  D2,5  D2,6  D2,7  D2,8  D3,4  D3,5  D3,6  D3,7  D3,8  D4,5  D4,6  D4,7  D4,8  D5,6  D5,7  D5,8  D6,7  D6,8  D7,8    Ln Like 
  100:    1.00    1.446    0.029 0.011 0.003 0.010 0.004 0.010 0.283 0.010    0.008 0.007 0.008 0.006 0.007 0.048 0.008 0.002 0.004 0.002 0.003 0.052 0.003 0.002 0.001 0.002 0.050 0.002 0.002 0.003 0.050 0.003 0.002 0.050 0.002 0.051 0.003 0.051   --  
  200:    1.00    1.187    0.330 0.011 0.003 0.063 0.004 0.010 0.307 0.010    0.057 0.054 0.064 0.054 0.055 0.085 0.056 0.003 0.014 0.003 0.004 0.050 0.004 0.011 0.001 0.002 0.048 0.002 0.011 0.012 0.054 0.012 0.002 0.048 0.002 0.049 0.003 0.049   --  
  300:    1.00    0.981    0.372 0.090 0.003 0.247 0.004 0.011 0.278 0.010    0.074 0.057 0.075 0.057 0.059 0.075 0.058 0.022 0.056 0.023 0.025 0.058 0.023 0.039 0.001 0.002 0.042 0.002 0.039 0.041 0.070 0.040 0.002 0.042 0.002 0.044 0.003 0.043   --  
  400:    1.00    0.881    0.345 0.205 0.003 0.259 0.004 0.011 0.244 0.010    0.068 0.054 0.074 0.054 0.056 0.064 0.056 0.036 0.060 0.036 0.038 0.058 0.037 0.042 0.001 0.002 0.036 0.002 0.042 0.044 0.064 0.044 0.002 0.036 0.002 0.037 0.003 0.037   --  
  500:    1.00    0.821    0.333 0.184 0.003 0.269 0.004 0.011 0.219 0.010    0.064 0.050 0.075 0.050 0.052 0.060 0.051 0.033 0.060 0.033 0.035 0.054 0.035 0.043 0.001 0.002 0.033 0.002 0.043 0.045 0.062 0.045 0.002 0.033 0.002 0.035 0.003 0.034   --  
  600:    1.00    0.774    0.319 0.180 0.003 0.266 0.004 0.011 0.221 0.010    0.063 0.049 0.074 0.049 0.050 0.059 0.050 0.032 0.060 0.032 0.034 0.052 0.034 0.043 0.001 0.002 0.033 0.002 0.043 0.044 0.062 0.044 0.002 0.033 0.002 0.034 0.003 0.034   --  
  700:    1.00    0.728    0.322 0.177 0.003 0.265 0.004 0.011 0.210 0.010    0.063 0.047 0.074 0.048 0.050 0.058 0.049 0.031 0.059 0.031 0.033 0.050 0.032 0.042 0.001 0.002 0.031 0.002 0.042 0.043 0.060 0.043 0.002 0.032 0.002 0.033 0.003 0.033   --  
  800:    1.00    0.689    0.313 0.173 0.003 0.259 0.004 0.011 0.212 0.010    0.063 0.047 0.074 0.047 0.048 0.059 0.048 0.030 0.059 0.030 0.032 0.050 0.032 0.041 0.001 0.002 0.031 0.002 0.041 0.043 0.061 0.042 0.002 0.031 0.002 0.033 0.003 0.033   --  
  900:    1.00    0.678    0.312 0.167 0.003 0.258 0.004 0.011 0.211 0.011    0.061 0.046 0.074 0.046 0.047 0.057 0.047 0.029 0.059 0.029 0.031 0.049 0.031 0.041 0.001 0.002 0.031 0.002 0.041 0.042 0.061 0.043 0.002 0.031 0.002 0.032 0.003 0.032   --  

--------------------------------------------
Proportion of membership of each pre-defined
 population in each of the 8 clusters

Given    Inferred Clusters                                          Number of
 Pop       1      2      3      4      5      6      7      8      Individuals

  1:     0.064  0.057  0.171  0.059  0.217  0.192  0.054  0.186       54
  2:     0.063  0.056  0.223  0.065  0.151  0.219  0.047  0.176       30
  3:     0.381  0.053  0.035  0.053  0.037  0.042  0.367  0.033       30
  4:     0.021  0.005  0.003  0.003  0.002  0.002  0.961  0.003       20
  5:     0.051  0.016  0.012  0.008  0.015  0.010  0.875  0.012       30
  6:     0.062  0.061  0.194  0.056  0.191  0.159  0.050  0.226       43
  7:     0.061  0.052  0.152  0.053  0.223  0.218  0.049  0.191       44
  8:     0.057  0.066  0.237  0.048  0.225  0.181  0.025  0.161        4
  9:     0.045  0.058  0.170  0.057  0.261  0.190  0.018  0.201       22
 10:     0.053  0.058  0.203  0.058  0.189  0.239  0.013  0.185       24
 11:     0.057  0.060  0.202  0.051  0.197  0.188  0.052  0.194       54
 12:     0.056  0.053  0.172  0.060  0.216  0.210  0.044  0.189       37
 13:     0.064  0.067  0.198  0.055  0.186  0.216  0.046  0.168       42
 14:     0.063  0.053  0.221  0.056  0.216  0.218  0.044  0.128       42
 15:     0.065  0.058  0.184  0.056  0.205  0.183  0.048  0.201       49
 16:     0.064  0.061  0.178  0.059  0.186  0.225  0.051  0.177      124
 17:     0.063  0.055  0.222  0.058  0.187  0.186  0.044  0.186       24
 18:     0.064  0.055  0.186  0.063  0.205  0.201  0.036  0.189       34
 19:     0.067  0.054  0.168  0.059  0.234  0.201  0.046  0.172       52
 20:     0.038  0.072  0.070  0.064  0.439  0.035  0.001  0.281        1
 21:     0.035  0.097  0.112  0.102  0.137  0.116  0.043  0.358        1
 22:     0.060  0.025  0.054  0.071  0.453  0.120  0.055  0.163        1
 23:     0.063  0.096  0.370  0.039  0.133  0.154  0.071  0.076        1
 24:     0.056  0.057  0.368  0.047  0.113  0.018  0.021  0.319        1
 25:     0.091  0.064  0.034  0.049  0.037  0.171  0.077  0.477        1
 26:     0.037  0.134  0.210  0.062  0.102  0.205  0.039  0.210        1
 27:     0.063  0.065  0.026  0.086  0.062  0.206  0.070  0.423        1
 28:     0.051  0.091  0.147  0.055  0.061  0.369  0.002  0.225        1
 29:     0.051  0.067  0.194  0.085  0.077  0.053  0.001  0.472        1
 30:     0.084  0.056  0.102  0.069  0.063  0.383  0.127  0.116        1
 31:     0.097  0.055  0.164  0.061  0.058  0.166  0.197  0.202        1
 32:     0.036  0.025  0.031  0.085  0.405  0.098  0.043  0.277        1
 33:     0.064  0.024  0.319  0.101  0.229  0.196  0.056  0.011        1
 34:     0.060  0.081  0.490  0.095  0.120  0.096  0.021  0.038        1
 35:     0.035  0.064  0.017  0.055  0.404  0.257  0.030  0.138        1
 36:     0.103  0.101  0.120  0.053  0.547  0.031  0.022  0.025        1
 37:     0.040  0.063  0.250  0.018  0.121  0.334  0.071  0.104        1
 38:     0.029  0.116  0.027  0.061  0.102  0.181  0.120  0.365        1
 39:     0.033  0.053  0.177  0.093  0.138  0.439  0.053  0.014        1
 40:     0.058  0.077  0.204  0.087  0.061  0.382  0.091  0.041        1
 41:     0.021  0.074  0.095  0.091  0.188  0.188  0.008  0.335        1
 42:     0.082  0.051  0.319  0.058  0.068  0.355  0.030  0.036        1
 43:     0.043  0.060  0.176  0.047  0.111  0.451  0.056  0.057        1
 44:     0.066  0.040  0.085  0.069  0.282  0.190  0.101  0.165        1
 45:     0.006  0.077  0.091  0.120  0.137  0.168  0.041  0.360        1
 46:     0.078  0.124  0.082  0.054  0.029  0.166  0.009  0.458        1
 47:     0.066  0.078  0.224  0.052  0.030  0.191  0.017  0.343        1
 48:     0.093  0.063  0.130  0.035  0.070  0.308  0.007  0.294        1
 49:     0.057  0.093  0.031  0.041  0.357  0.240  0.019  0.161        1
 50:     0.086  0.077  0.077  0.053  0.101  0.257  0.303  0.045        1
 51:     0.093  0.066  0.120  0.046  0.306  0.100  0.190  0.079        1
 52:     0.077  0.105  0.070  0.082  0.287  0.153  0.050  0.175        1
 53:     0.077  0.112  0.064  0.057  0.296  0.165  0.033  0.196        1
 54:     0.002  0.008  0.002  0.983  0.001  0.000  0.000  0.005        1
 55:     0.004  0.001  0.001  0.985  0.002  0.002  0.006  0.000        1
 56:     0.004  0.024  0.023  0.811  0.111  0.021  0.000  0.006        1
 57:     0.029  0.000  0.000  0.929  0.005  0.029  0.000  0.007        1
 58:     0.005  0.024  0.002  0.902  0.002  0.016  0.000  0.049        1
 59:     0.018  0.010  0.006  0.840  0.007  0.011  0.034  0.074        1
 60:     0.000  0.001  0.002  0.975  0.011  0.004  0.005  0.002        1
 61:     0.000  0.001  0.000  0.996  0.000  0.000  0.002  0.000        1
 62:     0.191  0.057  0.092  0.015  0.012  0.327  0.304  0.001        1
 63:     0.019  0.012  0.006  0.914  0.001  0.000  0.036  0.011        1
 64:     0.002  0.000  0.000  0.995  0.000  0.001  0.000  0.002        1
 65:     0.000  0.001  0.001  0.996  0.000  0.000  0.002  0.000        1
 66:     0.018  0.002  0.017  0.933  0.017  0.002  0.005  0.007        1
 67:     0.030  0.107  0.057  0.646  0.074  0.036  0.050  0.000        1
 68:     0.038  0.008  0.001  0.916  0.008  0.019  0.008  0.001        1
 69:     0.007  0.007  0.002  0.974  0.005  0.001  0.002  0.000        1
 70:     0.034  0.029  0.009  0.790  0.037  0.023  0.012  0.066        1
 71:     0.002  0.002  0.000  0.992  0.001  0.001  0.000  0.002        1
 72:     0.000  0.000  0.000  0.996  0.000  0.000  0.002  0.002        1
 73:     0.000  0.000  0.000  0.996  0.002  0.000  0.001  0.000        1
 74:     0.047  0.001  0.089  0.755  0.002  0.004  0.041  0.060        1
 75:     0.002  0.003  0.001  0.993  0.000  0.000  0.000  0.000        1
 76:     0.305  0.092  0.008  0.001  0.007  0.274  0.312  0.001        1
 77:     0.003  0.000  0.000  0.991  0.000  0.001  0.000  0.004        1
 78:     0.049  0.018  0.062  0.795  0.035  0.005  0.011  0.024        1
 79:     0.001  0.001  0.000  0.991  0.000  0.001  0.005  0.000        1
 80:     0.000  0.000  0.027  0.929  0.014  0.003  0.021  0.005        1
 81:     0.002  0.001  0.002  0.990  0.001  0.000  0.003  0.001        1
 82:     0.042  0.203  0.071  0.495  0.000  0.009  0.027  0.153        1
 83:     0.000  0.001  0.004  0.989  0.003  0.002  0.001  0.000        1
 84:     0.000  0.891  0.010  0.002  0.022  0.017  0.057  0.001        1
 85:     0.008  0.932  0.006  0.001  0.001  0.004  0.042  0.007        1
 86:     0.026  0.837  0.064  0.020  0.008  0.010  0.005  0.030        1
 87:     0.001  0.950  0.006  0.001  0.000  0.033  0.009  0.000        1
 88:     0.000  0.965  0.007  0.011  0.003  0.003  0.009  0.003        1
 89:     0.004  0.942  0.024  0.000  0.013  0.001  0.008  0.008        1
 90:     0.001  0.935  0.001  0.001  0.000  0.012  0.050  0.000        1
 91:     0.006  0.946  0.000  0.008  0.011  0.000  0.020  0.010        1
 92:     0.023  0.815  0.000  0.006  0.011  0.007  0.032  0.107        1
 93:     0.053  0.896  0.002  0.013  0.001  0.002  0.033  0.000        1
 94:     0.048  0.864  0.012  0.002  0.005  0.019  0.006  0.045        1
 95:     0.001  0.860  0.013  0.004  0.019  0.001  0.101  0.003        1
 96:     0.004  0.977  0.014  0.000  0.001  0.000  0.003  0.000        1
 97:     0.012  0.915  0.002  0.013  0.002  0.008  0.046  0.002        1
 98:     0.010  0.952  0.003  0.006  0.003  0.002  0.014  0.010        1
 99:     0.000  0.993  0.000  0.004  0.001  0.000  0.001  0.000        1
100:     0.009  0.951  0.004  0.005  0.000  0.001  0.030  0.000        1
101:     0.038  0.792  0.061  0.018  0.039  0.000  0.023  0.029        1
102:     0.014  0.789  0.063  0.039  0.034  0.035  0.018  0.008        1
103:     0.006  0.964  0.000  0.000  0.019  0.000  0.007  0.004        1
104:     0.002  0.962  0.000  0.015  0.002  0.002  0.003  0.015        1
105:     0.000  0.885  0.001  0.031  0.003  0.001  0.075  0.004        1
106:     0.001  0.746  0.029  0.040  0.033  0.002  0.011  0.139        1
107:     0.025  0.919  0.000  0.020  0.002  0.029  0.000  0.005        1
108:     0.005  0.850  0.035  0.001  0.031  0.015  0.056  0.007        1
109:     0.055  0.783  0.000  0.006  0.011  0.053  0.079  0.013        1
110:     0.000  0.749  0.096  0.057  0.003  0.041  0.045  0.009        1
111:     0.024  0.932  0.010  0.006  0.013  0.001  0.012  0.003        1
112:     0.002  0.978  0.008  0.000  0.000  0.002  0.009  0.000        1
113:     0.008  0.908  0.006  0.013  0.007  0.011  0.047  0.001        1
114:     0.003  0.958  0.001  0.000  0.005  0.001  0.027  0.006        1
115:     0.006  0.915  0.002  0.007  0.024  0.028  0.005  0.013        1
116:     0.011  0.976  0.001  0.000  0.000  0.003  0.004  0.004        1
117:     0.042  0.923  0.004  0.002  0.004  0.013  0.010  0.002        1
118:     0.037  0.927  0.004  0.019  0.000  0.001  0.001  0.010        1
119:     0.001  0.870  0.020  0.021  0.002  0.014  0.028  0.044        1
120:     0.006  0.928  0.027  0.013  0.002  0.015  0.004  0.005        1
121:     0.004  0.937  0.022  0.006  0.003  0.003  0.019  0.006        1
122:     0.009  0.891  0.000  0.016  0.027  0.007  0.003  0.047        1
123:     0.000  0.971  0.003  0.008  0.012  0.001  0.004  0.000        1
124:     0.026  0.775  0.047  0.012  0.034  0.023  0.081  0.001        1
125:     0.003  0.983  0.001  0.003  0.001  0.001  0.007  0.002        1
126:     0.008  0.843  0.006  0.035  0.026  0.040  0.016  0.025        1
127:     0.008  0.882  0.011  0.010  0.010  0.017  0.043  0.018        1
128:     0.009  0.936  0.000  0.008  0.016  0.000  0.025  0.005        1
129:     0.000  0.998  0.001  0.000  0.001  0.000  0.001  0.000        1
130:     0.020  0.911  0.012  0.013  0.003  0.016  0.020  0.005        1
131:     0.003  0.987  0.001  0.002  0.001  0.002  0.002  0.003        1
132:     0.005  0.792  0.027  0.000  0.007  0.053  0.113  0.003        1
133:     0.022  0.833  0.004  0.017  0.005  0.001  0.104  0.014        1
134:     0.020  0.846  0.046  0.019  0.045  0.006  0.004  0.015        1
135:     0.043  0.778  0.049  0.020  0.002  0.022  0.048  0.039        1
136:     0.005  0.987  0.001  0.000  0.001  0.003  0.000  0.003        1
137:     0.001  0.976  0.003  0.000  0.001  0.011  0.006  0.002        1
138:     0.000  0.983  0.002  0.000  0.001  0.004  0.009  0.002        1
139:     0.014  0.873  0.004  0.006  0.001  0.005  0.095  0.002        1
140:     0.003  0.857  0.002  0.002  0.001  0.000  0.134  0.002        1
141:     0.000  0.963  0.000  0.001  0.015  0.001  0.016  0.004        1
142:     0.013  0.854  0.023  0.006  0.043  0.014  0.040  0.006        1
143:     0.027  0.883  0.001  0.001  0.010  0.008  0.070  0.000        1
144:     0.000  0.938  0.018  0.001  0.004  0.007  0.023  0.008        1
145:     0.005  0.944  0.002  0.022  0.011  0.001  0.004  0.011        1
146:     0.034  0.923  0.014  0.009  0.000  0.001  0.018  0.000        1
147:     0.001  0.906  0.008  0.009  0.010  0.003  0.059  0.004        1
148:     0.059  0.137  0.213  0.045  0.041  0.124  0.096  0.286        1
149:     0.140  0.090  0.275  0.034  0.045  0.165  0.117  0.135        1
150:     0.011  0.097  0.166  0.040  0.424  0.147  0.040  0.075        1
151:     0.060  0.092  0.031  0.077  0.113  0.344  0.022  0.261        1
152:     0.088  0.041  0.199  0.055  0.482  0.048  0.049  0.038        1
153:     0.077  0.036  0.431  0.042  0.056  0.155  0.028  0.174        1
154:     0.030  0.055  0.169  0.073  0.108  0.465  0.035  0.063        1
155:     0.040  0.070  0.515  0.072  0.125  0.095  0.018  0.064        1
156:     0.047  0.047  0.028  0.067  0.004  0.499  0.075  0.233        1
157:     0.043  0.079  0.174  0.072  0.112  0.232  0.053  0.234        1
158:     0.087  0.087  0.165  0.047  0.053  0.330  0.018  0.213        1
159:     0.059  0.055  0.234  0.061  0.287  0.206  0.015  0.083        1
160:     0.060  0.064  0.558  0.033  0.102  0.114  0.063  0.005        1
161:     0.079  0.129  0.104  0.098  0.000  0.233  0.052  0.304        1
162:     0.067  0.038  0.505  0.113  0.071  0.059  0.023  0.125        1
163:     0.032  0.054  0.037  0.092  0.145  0.117  0.043  0.480        1
164:     0.086  0.044  0.319  0.073  0.296  0.080  0.036  0.067        1
165:     0.072  0.116  0.030  0.071  0.346  0.143  0.052  0.170        1
166:     0.061  0.036  0.016  0.059  0.001  0.708  0.064  0.055        1
167:     0.107  0.028  0.192  0.051  0.318  0.055  0.029  0.220        1
168:     0.050  0.017  0.171  0.066  0.576  0.047  0.020  0.052        1
169:     0.061  0.081  0.004  0.069  0.248  0.249  0.040  0.248        1
170:     0.037  0.095  0.245  0.099  0.095  0.284  0.000  0.145        1
171:     0.050  0.087  0.173  0.065  0.093  0.239  0.007  0.286        1
172:     0.061  0.028  0.144  0.099  0.302  0.227  0.063  0.078        1
173:     0.072  0.021  0.350  0.034  0.056  0.292  0.050  0.124        1
174:     0.064  0.094  0.191  0.060  0.336  0.100  0.029  0.125        1
175:     0.066  0.055  0.199  0.056  0.204  0.193  0.044  0.182       50
176:     0.065  0.056  0.184  0.058  0.213  0.168  0.040  0.216       49
177:     0.067  0.054  0.167  0.054  0.236  0.191  0.041  0.191       50
178:     0.068  0.052  0.199  0.062  0.225  0.188  0.045  0.161       49
179:     0.062  0.058  0.145  0.055  0.218  0.227  0.056  0.180       23
180:     0.058  0.053  0.194  0.057  0.222  0.182  0.043  0.191       49
181:     0.941  0.003  0.002  0.003  0.001  0.002  0.046  0.002       30
182:     0.506  0.006  0.008  0.013  0.009  0.005  0.449  0.004       30
183:     0.086  0.072  0.208  0.052  0.148  0.185  0.068  0.181       34
184:     0.067  0.047  0.242  0.055  0.166  0.197  0.044  0.183       36
185:     0.062  0.061  0.207  0.052  0.142  0.209  0.055  0.212       40
186:     0.057  0.061  0.166  0.062  0.224  0.223  0.037  0.170       39
187:     0.065  0.056  0.207  0.063  0.198  0.206  0.047  0.159       37
188:     0.061  0.059  0.216  0.056  0.205  0.161  0.053  0.189       40
189:     0.070  0.059  0.196  0.054  0.179  0.212  0.048  0.182       35
190:     0.067  0.057  0.151  0.060  0.185  0.266  0.050  0.164       28
191:     0.061  0.063  0.163  0.053  0.224  0.225  0.042  0.170       36
192:     0.069  0.053  0.215  0.059  0.182  0.175  0.043  0.204       32
--------------------------------------------

 Rep#:   Lambda   Alpha      F1    F2    F3    F4    F5    F6    F7    F8     D1,2  D1,3  D1,4  D1,5  D1,6  D1,7  D1,8  D2,3  D2,4  D2,5  D2,6  D2,7  D2,8  D3,4  D3,5  D3,6  D3,7  D3,8  D4,5  D4,6  D4,7  D4,8  D5,6  D5,7  D5,8  D6,7  D6,8  D7,8    Ln Like 
 1000:    1.00    0.647    0.299 0.166 0.003 0.259 0.004 0.011 0.211 0.011    0.061 0.045 0.073 0.045 0.046 0.057 0.046 0.029 0.060 0.029 0.031 0.050 0.031 0.041 0.001 0.002 0.031 0.002 0.041 0.042 0.062 0.043 0.002 0.031 0.002 0.032 0.003 0.032   --  
 1100:    1.00    0.626    0.303 0.165 0.003 0.256 0.004 0.011 0.211 0.011    0.062 0.045 0.074 0.045 0.046 0.058 0.046 0.028 0.059 0.029 0.030 0.050 0.030 0.041 0.001 0.002 0.031 0.002 0.041 0.042 0.062 0.042 0.002 0.031 0.002 0.032 0.004 0.032   --  
 1200:    1.00    0.577    0.307 0.159 0.003 0.259 0.004 0.011 0.210 0.011    0.061 0.044 0.073 0.045 0.046 0.058 0.046 0.028 0.059 0.028 0.030 0.049 0.029 0.041 0.001 0.002 0.031 0.002 0.041 0.042 0.061 0.042 0.002 0.031 0.002 0.032 0.003 0.032   --  
 1300:    1.00    0.557    0.303 0.159 0.003 0.256 0.004 0.011 0.211 0.011    0.061 0.043 0.073 0.044 0.045 0.058 0.045 0.028 0.059 0.029 0.030 0.049 0.030 0.040 0.001 0.002 0.030 0.002 0.040 0.041 0.060 0.041 0.002 0.030 0.002 0.032 0.004 0.032   --  
 1400:    1.00    0.520    0.298 0.157 0.003 0.256 0.004 0.011 0.201 0.011    0.062 0.044 0.073 0.044 0.045 0.057 0.045 0.028 0.059 0.028 0.030 0.049 0.029 0.039 0.001 0.002 0.030 0.002 0.039 0.041 0.060 0.041 0.002 0.030 0.002 0.031 0.004 0.031   --  
 1500:    1.00    0.501    0.301 0.162 0.003 0.260 0.004 0.012 0.203 0.011    0.062 0.043 0.073 0.043 0.045 0.057 0.044 0.028 0.059 0.028 0.029 0.049 0.029 0.039 0.001 0.002 0.030 0.002 0.039 0.041 0.060 0.040 0.003 0.030 0.002 0.031 0.004 0.031   --  
 1600:    1.00    0.492    0.297 0.154 0.003 0.253 0.004 0.013 0.202 0.011    0.062 0.043 0.073 0.043 0.044 0.057 0.044 0.027 0.058 0.027 0.029 0.048 0.029 0.039 0.001 0.003 0.030 0.002 0.039 0.041 0.060 0.040 0.003 0.030 0.002 0.031 0.004 0.030   --  
 1700:    1.00    0.466    0.295 0.155 0.003 0.247 0.004 0.013 0.201 0.011    0.061 0.042 0.073 0.042 0.044 0.057 0.044 0.027 0.059 0.027 0.029 0.048 0.029 0.039 0.001 0.003 0.029 0.002 0.039 0.041 0.060 0.040 0.003 0.029 0.002 0.031 0.004 0.030   --  
 1800:    1.00    0.451    0.297 0.155 0.003 0.246 0.004 0.013 0.206 0.011    0.061 0.042 0.073 0.042 0.043 0.057 0.043 0.027 0.059 0.027 0.029 0.048 0.028 0.038 0.001 0.003 0.029 0.002 0.039 0.040 0.060 0.040 0.003 0.030 0.002 0.031 0.004 0.031   --  
 1900:    1.00    0.423    0.286 0.154 0.003 0.250 0.004 0.013 0.199 0.011    0.061 0.042 0.073 0.042 0.043 0.056 0.043 0.027 0.059 0.027 0.028 0.048 0.028 0.038 0.001 0.003 0.029 0.002 0.039 0.041 0.060 0.040 0.003 0.029 0.002 0.030 0.004 0.030   --  

--------------------------------------------
Proportion of membership of each pre-defined
 population in each of the 8 clusters

Given    Inferred Clusters                                          Number of
 Pop       1      2      3      4      5      6      7      8      Individuals

  1:     0.037  0.036  0.198  0.031  0.243  0.208  0.042  0.206       54
  2:     0.030  0.037  0.246  0.036  0.189  0.240  0.039  0.184       30
  3:     0.373  0.051  0.052  0.046  0.031  0.029  0.364  0.054       30
  4:     0.014  0.006  0.001  0.002  0.002  0.003  0.971  0.001       20
  5:     0.047  0.013  0.007  0.005  0.020  0.013  0.885  0.011       30
  6:     0.033  0.032  0.193  0.027  0.254  0.185  0.044  0.232       43
  7:     0.031  0.031  0.128  0.028  0.267  0.278  0.038  0.199       44
  8:     0.028  0.023  0.349  0.025  0.189  0.155  0.031  0.200        4
  9:     0.012  0.025  0.205  0.030  0.338  0.151  0.012  0.226       22
 10:     0.025  0.031  0.292  0.032  0.206  0.188  0.011  0.214       24
 11:     0.032  0.034  0.230  0.027  0.244  0.188  0.038  0.205       54
 12:     0.029  0.028  0.156  0.031  0.303  0.213  0.032  0.207       37
 13:     0.036  0.037  0.235  0.032  0.198  0.233  0.040  0.187       42
 14:     0.034  0.028  0.258  0.030  0.240  0.223  0.035  0.151       42
 15:     0.033  0.033  0.187  0.035  0.257  0.195  0.040  0.220       49
 16:     0.035  0.035  0.216  0.031  0.213  0.229  0.042  0.197      124
 17:     0.029  0.035  0.190  0.040  0.260  0.203  0.042  0.201       24
 18:     0.028  0.037  0.221  0.039  0.200  0.265  0.028  0.183       34
 19:     0.037  0.028  0.201  0.036  0.250  0.229  0.037  0.183       52
 20:     0.032  0.033  0.060  0.055  0.572  0.057  0.031  0.160        1
 21:     0.001  0.137  0.073  0.070  0.122  0.233  0.009  0.355        1
 22:     0.012  0.052  0.055  0.037  0.650  0.064  0.057  0.073        1
 23:     0.019  0.075  0.557  0.019  0.119  0.003  0.084  0.125        1
 24:     0.023  0.032  0.426  0.061  0.047  0.013  0.047  0.351        1
 25:     0.063  0.068  0.037  0.020  0.001  0.115  0.081  0.615        1
 26:     0.004  0.041  0.175  0.047  0.122  0.170  0.080  0.361        1
 27:     0.050  0.051  0.053  0.032  0.020  0.160  0.068  0.565        1
 28:     0.051  0.048  0.203  0.059  0.500  0.136  0.000  0.003        1
 29:     0.029  0.057  0.528  0.028  0.119  0.009  0.001  0.230        1
 30:     0.010  0.054  0.084  0.023  0.320  0.401  0.088  0.019        1
 31:     0.034  0.051  0.322  0.041  0.055  0.071  0.183  0.243        1
 32:     0.020  0.042  0.009  0.015  0.533  0.056  0.004  0.320        1
 33:     0.012  0.006  0.293  0.054  0.062  0.467  0.078  0.028        1
 34:     0.017  0.047  0.516  0.065  0.277  0.000  0.003  0.077        1
 35:     0.017  0.047  0.018  0.026  0.290  0.272  0.035  0.295        1
 36:     0.054  0.065  0.349  0.070  0.303  0.041  0.018  0.100        1
 37:     0.007  0.038  0.417  0.005  0.023  0.345  0.044  0.121        1
 38:     0.002  0.109  0.056  0.012  0.166  0.017  0.119  0.520        1
 39:     0.007  0.035  0.417  0.091  0.060  0.379  0.009  0.000        1
 40:     0.024  0.061  0.439  0.067  0.000  0.179  0.057  0.172        1
 41:     0.060  0.065  0.208  0.045  0.126  0.186  0.005  0.305        1
 42:     0.045  0.029  0.134  0.056  0.330  0.341  0.034  0.030        1
 43:     0.045  0.053  0.159  0.030  0.049  0.645  0.016  0.003        1
 44:     0.053  0.003  0.000  0.039  0.332  0.204  0.085  0.284        1
 45:     0.009  0.084  0.146  0.090  0.351  0.078  0.002  0.240        1
 46:     0.048  0.119  0.297  0.051  0.026  0.104  0.002  0.353        1
 47:     0.039  0.028  0.219  0.046  0.024  0.158  0.000  0.487        1
 48:     0.033  0.017  0.129  0.032  0.039  0.172  0.006  0.572        1
 49:     0.001  0.018  0.177  0.029  0.599  0.117  0.005  0.054        1
 50:     0.081  0.045  0.007  0.021  0.032  0.327  0.318  0.169        1
 51:     0.056  0.041  0.081  0.049  0.512  0.001  0.205  0.055        1
 52:     0.044  0.072  0.001  0.092  0.369  0.200  0.027  0.195        1
 53:     0.060  0.079  0.043  0.018  0.215  0.147  0.044  0.394        1
 54:     0.000  0.000  0.002  0.981  0.014  0.002  0.000  0.001        1
 55:     0.000  0.000  0.004  0.990  0.000  0.000  0.005  0.000        1
 56:     0.003  0.012  0.107  0.799  0.072  0.007  0.000  0.000        1
