

----------------------------------------------------
STRUCTURE by Pritchard, Stephens and Donnelly (2000)
     and Falush, Stephens and Pritchard (2003)
       Code by Pritchard, Falush and Hubisz
             Version 2.3.4 (Jul 2012)
----------------------------------------------------


Reading file "/workdir/yc2644/CV_CT_array/structure/threader_input/mainparams".
Reading file "/workdir/yc2644/CV_CT_array/structure/threader_input/extraparams".
Reading file "/workdir/yc2644/CV_CT_array/structure/threader_input/n1601.recode.strct_in".


Data file "/workdir/yc2644/CV_CT_array/structure/threader_input/n1601.recode.strct_in" (truncated) --

Ind:   Label Pop : Genotype_data . . . .
  1:  001s    1  :  2   1   2   2   2   1   2  . . . .   2
  1:  001s    1  :  2   2   2   2   2   2   2  . . . .   2
  2:  002s    1  :  2   2   2   2   1   1   2  . . . .   2
  2:  002s    1  :  2   2   2   2   2   2   2  . . . .   2
  3:  003s    1  :  1   2   1   2   2   2   2  . . . .   1
  3:  003s    1  :  2   2   1   2   2   2   2  . . . .   2
  4:  004s    1  :  1   1   2   2   1   2   2  . . . .   1
  4:  004s    1  :  2   1   2   2   2   2   2  . . . .   2

      *******   

1600:    49  192  :  2   2   2   2   2   1   2  . . . .   1
1600:    49  192  :  2   2   2   2   2   2   2  . . . .   2
1601:    50  192  :  2   1   2   2   1   2   2  . . . .   1
1601:    50  192  :  2   2   2   2   2   2   2  . . . .   2

Number of alleles per locus: min= 2; ave=2.0; max= 2


--------------------------------------

Finished initialization; starting MCMC 
100000 iterations + 10000 burnin


--------------------------------------------
Proportion of membership of each pre-defined
 population in each of the 8 clusters

Given    Inferred Clusters                                          Number of
 Pop       1      2      3      4      5      6      7      8      Individuals

  1:     0.084  0.122  0.181  0.134  0.166  0.080  0.101  0.132       54
  2:     0.063  0.116  0.184  0.155  0.154  0.087  0.097  0.144       30
  3:     0.392  0.131  0.034  0.083  0.041  0.082  0.177  0.060       30
  4:     0.516  0.156  0.022  0.057  0.033  0.059  0.116  0.042       20
  5:     0.483  0.109  0.027  0.080  0.036  0.067  0.153  0.044       30
  6:     0.072  0.127  0.160  0.136  0.175  0.083  0.098  0.149       43
  7:     0.079  0.114  0.162  0.138  0.191  0.067  0.101  0.147       44
  8:     0.059  0.041  0.125  0.210  0.155  0.074  0.076  0.260        4
  9:     0.054  0.094  0.204  0.141  0.201  0.067  0.101  0.139       22
 10:     0.055  0.114  0.205  0.157  0.149  0.076  0.104  0.140       24
 11:     0.073  0.126  0.164  0.125  0.138  0.081  0.122  0.171       54
 12:     0.073  0.104  0.191  0.116  0.178  0.085  0.095  0.158       37
 13:     0.081  0.123  0.159  0.126  0.154  0.084  0.127  0.145       42
 14:     0.068  0.123  0.200  0.121  0.185  0.066  0.111  0.127       42
 15:     0.078  0.126  0.160  0.147  0.176  0.073  0.105  0.135       49
 16:     0.075  0.116  0.171  0.138  0.173  0.078  0.114  0.135      124
 17:     0.070  0.117  0.169  0.115  0.219  0.079  0.107  0.123       24
 18:     0.076  0.115  0.197  0.147  0.169  0.072  0.088  0.136       34
 19:     0.077  0.107  0.169  0.121  0.181  0.072  0.108  0.164       52
 20:     0.085  0.217  0.238  0.187  0.004  0.090  0.151  0.026        1
 21:     0.085  0.020  0.221  0.088  0.362  0.130  0.007  0.088        1
 22:     0.025  0.033  0.160  0.047  0.206  0.056  0.242  0.232        1
 23:     0.056  0.195  0.116  0.165  0.137  0.108  0.044  0.179        1
 24:     0.100  0.106  0.199  0.136  0.107  0.083  0.131  0.138        1
 25:     0.092  0.149  0.099  0.057  0.251  0.171  0.125  0.055        1
 26:     0.129  0.026  0.344  0.081  0.075  0.126  0.044  0.175        1
 27:     0.061  0.204  0.172  0.155  0.098  0.138  0.024  0.148        1
 28:     0.017  0.207  0.227  0.197  0.117  0.039  0.120  0.075        1
 29:     0.066  0.142  0.117  0.169  0.145  0.111  0.120  0.131        1
 30:     0.105  0.049  0.177  0.050  0.117  0.063  0.232  0.207        1
 31:     0.138  0.158  0.120  0.088  0.125  0.095  0.132  0.145        1
 32:     0.022  0.092  0.383  0.103  0.003  0.072  0.195  0.130        1
 33:     0.101  0.104  0.143  0.156  0.118  0.097  0.174  0.107        1
 34:     0.058  0.006  0.256  0.041  0.311  0.159  0.158  0.010        1
 35:     0.017  0.163  0.175  0.024  0.287  0.099  0.127  0.106        1
 36:     0.051  0.171  0.073  0.180  0.126  0.078  0.218  0.104        1
 37:     0.070  0.121  0.163  0.157  0.139  0.077  0.127  0.146        1
 38:     0.037  0.078  0.128  0.094  0.151  0.144  0.200  0.167        1
 39:     0.090  0.012  0.173  0.344  0.216  0.030  0.110  0.026        1
 40:     0.018  0.237  0.177  0.098  0.104  0.149  0.096  0.121        1
 41:     0.041  0.032  0.104  0.176  0.290  0.078  0.232  0.046        1
 42:     0.087  0.105  0.149  0.120  0.127  0.114  0.138  0.159        1
 43:     0.017  0.164  0.164  0.232  0.169  0.073  0.028  0.152        1
 44:     0.087  0.117  0.115  0.069  0.457  0.130  0.023  0.003        1
 45:     0.095  0.079  0.203  0.121  0.220  0.120  0.074  0.088        1
 46:     0.071  0.090  0.151  0.167  0.211  0.131  0.092  0.088        1
 47:     0.058  0.146  0.096  0.195  0.154  0.114  0.122  0.114        1
 48:     0.065  0.036  0.262  0.134  0.189  0.079  0.199  0.037        1
 49:     0.057  0.141  0.116  0.178  0.154  0.113  0.097  0.145        1
 50:     0.180  0.139  0.106  0.030  0.019  0.134  0.363  0.030        1
 51:     0.134  0.132  0.152  0.111  0.133  0.133  0.108  0.096        1
 52:     0.112  0.063  0.034  0.198  0.205  0.121  0.023  0.244        1
 53:     0.029  0.112  0.072  0.036  0.300  0.141  0.068  0.244        1
 54:     0.105  0.049  0.389  0.012  0.111  0.246  0.086  0.002        1
 55:     0.172  0.075  0.116  0.135  0.002  0.306  0.145  0.049        1
 56:     0.002  0.100  0.070  0.262  0.071  0.260  0.216  0.019        1
 57:     0.116  0.132  0.128  0.095  0.079  0.220  0.112  0.118        1
 58:     0.139  0.059  0.366  0.100  0.040  0.214  0.034  0.049        1
 59:     0.104  0.200  0.018  0.043  0.084  0.237  0.291  0.023        1
 60:     0.061  0.032  0.223  0.186  0.095  0.270  0.101  0.032        1
 61:     0.161  0.147  0.264  0.038  0.040  0.251  0.072  0.028        1
 62:     0.277  0.120  0.064  0.164  0.042  0.112  0.212  0.009        1
 63:     0.084  0.032  0.263  0.135  0.061  0.269  0.136  0.020        1
 64:     0.033  0.091  0.365  0.042  0.014  0.268  0.159  0.029        1
 65:     0.124  0.069  0.221  0.122  0.095  0.229  0.115  0.026        1
 66:     0.057  0.138  0.148  0.226  0.028  0.255  0.105  0.043        1
 67:     0.054  0.089  0.045  0.079  0.120  0.247  0.294  0.073        1
 68:     0.100  0.030  0.414  0.019  0.043  0.285  0.091  0.018        1
 69:     0.178  0.119  0.089  0.144  0.038  0.332  0.010  0.090        1
 70:     0.103  0.093  0.257  0.108  0.040  0.224  0.137  0.039        1
 71:     0.099  0.095  0.139  0.126  0.092  0.269  0.114  0.064        1
 72:     0.115  0.046  0.255  0.171  0.032  0.266  0.093  0.021        1
 73:     0.107  0.158  0.102  0.027  0.157  0.288  0.077  0.085        1
 74:     0.078  0.166  0.326  0.118  0.036  0.153  0.102  0.021        1
 75:     0.126  0.142  0.120  0.083  0.079  0.213  0.140  0.097        1
 76:     0.314  0.161  0.019  0.029  0.023  0.123  0.232  0.099        1
 77:     0.142  0.078  0.142  0.036  0.075  0.274  0.251  0.002        1
 78:     0.132  0.102  0.063  0.063  0.049  0.296  0.201  0.094        1
 79:     0.213  0.124  0.206  0.129  0.033  0.203  0.078  0.015        1
 80:     0.114  0.101  0.302  0.033  0.071  0.221  0.119  0.038        1
 81:     0.084  0.112  0.092  0.129  0.072  0.267  0.165  0.081        1
 82:     0.110  0.107  0.204  0.083  0.060  0.282  0.120  0.035        1
 83:     0.046  0.045  0.075  0.141  0.278  0.260  0.119  0.036        1
 84:     0.006  0.038  0.034  0.037  0.011  0.751  0.027  0.097        1
 85:     0.007  0.035  0.031  0.085  0.004  0.709  0.047  0.083        1
 86:     0.030  0.053  0.054  0.061  0.029  0.632  0.023  0.118        1
 87:     0.033  0.050  0.045  0.017  0.002  0.670  0.034  0.149        1
 88:     0.036  0.047  0.024  0.032  0.077  0.689  0.034  0.062        1
 89:     0.060  0.024  0.066  0.092  0.001  0.665  0.053  0.038        1
 90:     0.030  0.005  0.031  0.013  0.001  0.777  0.067  0.075        1
 91:     0.042  0.007  0.033  0.027  0.009  0.815  0.051  0.016        1
 92:     0.010  0.006  0.112  0.184  0.004  0.625  0.040  0.019        1
 93:     0.037  0.022  0.007  0.021  0.017  0.632  0.096  0.169        1
 94:     0.022  0.045  0.046  0.081  0.023  0.631  0.038  0.113        1
 95:     0.037  0.054  0.041  0.003  0.015  0.738  0.092  0.019        1
 96:     0.049  0.059  0.014  0.056  0.016  0.600  0.007  0.199        1
 97:     0.080  0.051  0.034  0.010  0.045  0.691  0.053  0.036        1
 98:     0.059  0.012  0.006  0.051  0.072  0.555  0.008  0.238        1
 99:     0.030  0.041  0.031  0.043  0.030  0.721  0.022  0.082        1
100:     0.032  0.061  0.013  0.041  0.004  0.758  0.032  0.058        1
101:     0.071  0.015  0.052  0.076  0.027  0.486  0.028  0.247        1
102:     0.082  0.003  0.071  0.029  0.030  0.614  0.011  0.161        1
103:     0.041  0.035  0.010  0.040  0.009  0.751  0.045  0.069        1
104:     0.012  0.017  0.026  0.001  0.031  0.713  0.016  0.186        1
105:     0.004  0.016  0.034  0.070  0.013  0.666  0.108  0.089        1
106:     0.002  0.012  0.036  0.061  0.027  0.582  0.184  0.095        1
107:     0.079  0.011  0.020  0.010  0.014  0.761  0.004  0.101        1
108:     0.004  0.008  0.146  0.031  0.012  0.565  0.084  0.149        1
109:     0.051  0.081  0.002  0.057  0.040  0.611  0.027  0.132        1
110:     0.016  0.013  0.050  0.048  0.042  0.627  0.094  0.109        1
111:     0.037  0.056  0.011  0.004  0.001  0.722  0.029  0.141        1
112:     0.036  0.032  0.013  0.025  0.050  0.816  0.012  0.016        1
113:     0.060  0.022  0.045  0.010  0.034  0.784  0.014  0.031        1
114:     0.014  0.012  0.006  0.054  0.108  0.677  0.084  0.045        1
115:     0.068  0.035  0.016  0.055  0.035  0.585  0.100  0.105        1
116:     0.037  0.023  0.009  0.063  0.022  0.767  0.013  0.066        1
117:     0.041  0.100  0.051  0.085  0.002  0.637  0.011  0.072        1
118:     0.023  0.031  0.005  0.069  0.008  0.745  0.049  0.071        1
119:     0.058  0.033  0.051  0.077  0.022  0.618  0.027  0.114        1
120:     0.027  0.067  0.051  0.057  0.038  0.596  0.047  0.117        1
121:     0.015  0.008  0.040  0.033  0.026  0.753  0.035  0.090        1
122:     0.001  0.086  0.038  0.072  0.020  0.542  0.041  0.200        1
123:     0.017  0.005  0.009  0.007  0.009  0.830  0.012  0.111        1
124:     0.072  0.026  0.001  0.152  0.067  0.602  0.055  0.025        1
125:     0.033  0.026  0.010  0.039  0.008  0.726  0.027  0.131        1
126:     0.015  0.060  0.025  0.066  0.092  0.651  0.048  0.043        1
127:     0.026  0.004  0.003  0.023  0.016  0.559  0.033  0.336        1
128:     0.020  0.038  0.016  0.025  0.028  0.742  0.061  0.069        1
129:     0.020  0.026  0.025  0.075  0.030  0.740  0.018  0.066        1
130:     0.042  0.076  0.017  0.054  0.015  0.723  0.043  0.029        1
131:     0.037  0.041  0.063  0.027  0.020  0.735  0.031  0.046        1
132:     0.034  0.093  0.016  0.111  0.009  0.641  0.038  0.057        1
133:     0.064  0.050  0.040  0.041  0.022  0.639  0.056  0.087        1
134:     0.021  0.031  0.070  0.075  0.002  0.634  0.000  0.166        1
135:     0.018  0.101  0.079  0.005  0.048  0.569  0.081  0.100        1
136:     0.004  0.026  0.018  0.004  0.045  0.751  0.033  0.120        1
137:     0.067  0.009  0.013  0.021  0.013  0.742  0.102  0.034        1
138:     0.012  0.114  0.015  0.077  0.051  0.676  0.042  0.012        1
139:     0.069  0.019  0.039  0.122  0.021  0.655  0.001  0.074        1
140:     0.047  0.021  0.023  0.041  0.022  0.706  0.053  0.087        1
141:     0.001  0.040  0.036  0.026  0.011  0.792  0.015  0.079        1
142:     0.051  0.048  0.043  0.037  0.028  0.553  0.077  0.163        1
143:     0.069  0.030  0.028  0.029  0.008  0.657  0.017  0.161        1
144:     0.032  0.031  0.001  0.005  0.014  0.685  0.011  0.221        1
145:     0.009  0.039  0.013  0.020  0.003  0.679  0.020  0.217        1
146:     0.058  0.006  0.033  0.001  0.011  0.768  0.055  0.067        1
147:     0.051  0.025  0.012  0.058  0.078  0.731  0.016  0.029        1
148:     0.102  0.163  0.159  0.075  0.093  0.157  0.119  0.132        1
149:     0.162  0.207  0.088  0.064  0.103  0.103  0.027  0.246        1
150:     0.083  0.106  0.063  0.137  0.287  0.075  0.014  0.235        1
151:     0.034  0.047  0.204  0.440  0.043  0.100  0.057  0.075        1
152:     0.098  0.130  0.114  0.198  0.128  0.109  0.112  0.110        1
153:     0.057  0.351  0.120  0.103  0.075  0.132  0.074  0.090        1
154:     0.103  0.134  0.202  0.097  0.119  0.094  0.124  0.127        1
155:     0.063  0.150  0.253  0.143  0.059  0.102  0.077  0.152        1
156:     0.177  0.111  0.152  0.064  0.340  0.064  0.023  0.068        1
157:     0.058  0.128  0.122  0.038  0.289  0.037  0.064  0.264        1
158:     0.035  0.023  0.191  0.124  0.060  0.134  0.155  0.277        1
159:     0.123  0.072  0.200  0.054  0.345  0.098  0.071  0.036        1
160:     0.077  0.133  0.121  0.183  0.147  0.079  0.125  0.134        1
161:     0.093  0.133  0.136  0.133  0.106  0.099  0.096  0.205        1
162:     0.015  0.073  0.222  0.207  0.246  0.150  0.015  0.072        1
163:     0.109  0.051  0.168  0.093  0.159  0.138  0.046  0.237        1
164:     0.084  0.186  0.097  0.063  0.289  0.083  0.128  0.070        1
165:     0.076  0.295  0.160  0.116  0.023  0.118  0.102  0.110        1
166:     0.004  0.100  0.060  0.068  0.216  0.035  0.080  0.437        1
167:     0.118  0.109  0.149  0.070  0.182  0.110  0.150  0.112        1
168:     0.007  0.231  0.113  0.139  0.113  0.120  0.169  0.107        1
169:     0.071  0.125  0.155  0.049  0.379  0.133  0.057  0.029        1
170:     0.011  0.010  0.212  0.230  0.038  0.089  0.196  0.214        1
171:     0.041  0.104  0.252  0.175  0.286  0.090  0.023  0.029        1
172:     0.083  0.062  0.113  0.214  0.080  0.089  0.268  0.091        1
173:     0.080  0.081  0.130  0.085  0.226  0.082  0.086  0.229        1
174:     0.042  0.121  0.190  0.104  0.202  0.091  0.182  0.069        1
175:     0.070  0.120  0.182  0.129  0.163  0.088  0.119  0.130       50
176:     0.071  0.124  0.196  0.141  0.156  0.073  0.093  0.146       49
177:     0.080  0.125  0.199  0.110  0.177  0.082  0.094  0.134       50
178:     0.082  0.127  0.189  0.116  0.174  0.091  0.096  0.125       49
179:     0.063  0.142  0.181  0.127  0.137  0.091  0.125  0.134       23
180:     0.069  0.118  0.197  0.137  0.160  0.082  0.106  0.130       49
181:     0.706  0.049  0.010  0.035  0.025  0.041  0.110  0.025       30
182:     0.348  0.162  0.019  0.075  0.022  0.055  0.278  0.040       30
183:     0.098  0.125  0.137  0.107  0.175  0.088  0.124  0.146       34
184:     0.063  0.117  0.194  0.116  0.160  0.083  0.131  0.135       36
185:     0.082  0.121  0.184  0.122  0.175  0.084  0.094  0.137       40
186:     0.061  0.137  0.186  0.119  0.185  0.089  0.099  0.124       39
187:     0.066  0.112  0.200  0.126  0.175  0.087  0.110  0.125       37
188:     0.083  0.119  0.209  0.118  0.169  0.072  0.109  0.121       40
189:     0.069  0.111  0.162  0.128  0.187  0.079  0.121  0.144       35
190:     0.086  0.112  0.178  0.140  0.154  0.088  0.116  0.126       28
191:     0.081  0.112  0.193  0.116  0.187  0.081  0.114  0.117       36
192:     0.077  0.124  0.191  0.116  0.142  0.072  0.103  0.176       32
--------------------------------------------

 Rep#:   Lambda   Alpha      F1    F2    F3    F4    F5    F6    F7    F8     D1,2  D1,3  D1,4  D1,5  D1,6  D1,7  D1,8  D2,3  D2,4  D2,5  D2,6  D2,7  D2,8  D3,4  D3,5  D3,6  D3,7  D3,8  D4,5  D4,6  D4,7  D4,8  D5,6  D5,7  D5,8  D6,7  D6,8  D7,8    Ln Like 
  100:    1.00    1.467    0.248 0.011 0.024 0.010 0.011 0.212 0.024 0.010    0.045 0.058 0.048 0.051 0.076 0.041 0.049 0.006 0.003 0.004 0.042 0.005 0.004 0.006 0.005 0.047 0.010 0.006 0.003 0.042 0.006 0.003 0.043 0.007 0.003 0.044 0.040 0.006   --  
  200:    1.00    1.170    0.280 0.011 0.049 0.010 0.011 0.210 0.249 0.010    0.042 0.049 0.043 0.043 0.062 0.063 0.043 0.010 0.003 0.004 0.036 0.043 0.003 0.010 0.010 0.043 0.052 0.010 0.003 0.036 0.044 0.003 0.037 0.045 0.003 0.068 0.037 0.044   --  
  300:    1.00    1.000    0.277 0.012 0.224 0.010 0.011 0.190 0.349 0.010    0.043 0.060 0.043 0.043 0.059 0.066 0.043 0.041 0.004 0.004 0.035 0.055 0.004 0.040 0.040 0.055 0.073 0.040 0.003 0.035 0.055 0.003 0.035 0.056 0.003 0.071 0.035 0.055   --  
  400:    1.00    0.927    0.276 0.014 0.267 0.010 0.012 0.180 0.342 0.010    0.044 0.065 0.043 0.044 0.059 0.066 0.043 0.047 0.004 0.004 0.034 0.054 0.004 0.046 0.047 0.059 0.076 0.047 0.003 0.033 0.053 0.003 0.034 0.054 0.003 0.069 0.033 0.053   --  
  500:    1.00    0.871    0.307 0.018 0.277 0.010 0.012 0.173 0.321 0.010    0.049 0.070 0.047 0.048 0.063 0.069 0.047 0.048 0.005 0.005 0.033 0.050 0.005 0.046 0.047 0.060 0.074 0.047 0.003 0.032 0.049 0.003 0.032 0.050 0.003 0.066 0.032 0.050   --  
  600:    1.00    0.813    0.343 0.108 0.269 0.010 0.012 0.169 0.317 0.010    0.064 0.077 0.052 0.053 0.068 0.070 0.052 0.056 0.019 0.020 0.041 0.057 0.019 0.046 0.046 0.060 0.074 0.046 0.003 0.032 0.050 0.003 0.032 0.051 0.003 0.065 0.032 0.050   --  
  700:    1.00    0.775    0.366 0.274 0.267 0.011 0.012 0.172 0.328 0.010    0.071 0.080 0.056 0.056 0.070 0.070 0.056 0.067 0.045 0.046 0.055 0.064 0.045 0.047 0.047 0.060 0.075 0.047 0.003 0.032 0.051 0.003 0.033 0.052 0.003 0.065 0.032 0.051   --  
  800:    1.00    0.716    0.371 0.272 0.271 0.011 0.012 0.172 0.327 0.010    0.068 0.081 0.056 0.056 0.070 0.070 0.056 0.065 0.042 0.043 0.054 0.060 0.042 0.046 0.046 0.060 0.076 0.046 0.003 0.031 0.050 0.003 0.032 0.050 0.003 0.065 0.031 0.050   --  
  900:    1.00    0.695    0.369 0.249 0.259 0.011 0.013 0.166 0.320 0.010    0.066 0.080 0.055 0.055 0.071 0.070 0.054 0.063 0.039 0.040 0.052 0.058 0.039 0.044 0.045 0.060 0.076 0.045 0.003 0.031 0.050 0.003 0.032 0.050 0.003 0.067 0.031 0.049   --  

--------------------------------------------
Proportion of membership of each pre-defined
 population in each of the 8 clusters

Given    Inferred Clusters                                          Number of
 Pop       1      2      3      4      5      6      7      8      Individuals

  1:     0.037  0.089  0.090  0.194  0.266  0.043  0.046  0.235       54
  2:     0.034  0.089  0.098  0.241  0.235  0.044  0.042  0.217       30
  3:     0.237  0.214  0.065  0.063  0.027  0.055  0.304  0.036       30
  4:     0.032  0.934  0.003  0.001  0.001  0.004  0.025  0.002       20
  5:     0.044  0.821  0.009  0.007  0.005  0.015  0.094  0.005       30
  6:     0.032  0.086  0.093  0.218  0.260  0.045  0.048  0.218       43
  7:     0.034  0.089  0.085  0.200  0.287  0.042  0.042  0.219       44
  8:     0.033  0.084  0.100  0.117  0.225  0.045  0.023  0.373        4
  9:     0.026  0.058  0.095  0.216  0.277  0.041  0.032  0.255       22
 10:     0.023  0.053  0.092  0.260  0.241  0.041  0.041  0.249       24
 11:     0.035  0.085  0.087  0.214  0.214  0.044  0.043  0.278       54
 12:     0.030  0.084  0.097  0.203  0.278  0.041  0.040  0.226       37
 13:     0.035  0.092  0.087  0.193  0.265  0.047  0.051  0.230       42
 14:     0.035  0.086  0.091  0.210  0.278  0.041  0.041  0.217       42
 15:     0.035  0.089  0.092  0.216  0.232  0.044  0.044  0.248       49
 16:     0.033  0.088  0.089  0.226  0.257  0.045  0.050  0.213      124
 17:     0.040  0.081  0.090  0.185  0.268  0.043  0.041  0.252       24
 18:     0.035  0.074  0.095  0.246  0.265  0.047  0.040  0.199       34
 19:     0.033  0.077  0.092  0.196  0.258  0.042  0.050  0.250       52
 20:     0.051  0.034  0.109  0.367  0.040  0.036  0.050  0.314        1
 21:     0.010  0.101  0.107  0.309  0.297  0.082  0.037  0.056        1
 22:     0.012  0.115  0.117  0.083  0.213  0.013  0.051  0.397        1
 23:     0.058  0.099  0.074  0.145  0.081  0.098  0.010  0.435        1
 24:     0.027  0.070  0.118  0.397  0.223  0.045  0.009  0.111        1
 25:     0.018  0.128  0.050  0.018  0.508  0.051  0.074  0.154        1
 26:     0.016  0.084  0.114  0.399  0.156  0.083  0.013  0.135        1
 27:     0.044  0.089  0.091  0.141  0.275  0.064  0.065  0.231        1
 28:     0.026  0.037  0.108  0.373  0.240  0.031  0.035  0.150        1
 29:     0.055  0.045  0.103  0.153  0.144  0.084  0.016  0.400        1
 30:     0.020  0.137  0.075  0.178  0.143  0.106  0.066  0.274        1
 31:     0.042  0.233  0.104  0.187  0.223  0.059  0.034  0.117        1
 32:     0.007  0.065  0.097  0.174  0.048  0.064  0.051  0.495        1
 33:     0.004  0.123  0.116  0.186  0.375  0.042  0.054  0.101        1
 34:     0.038  0.052  0.138  0.197  0.451  0.050  0.013  0.061        1
 35:     0.027  0.059  0.064  0.034  0.296  0.054  0.049  0.418        1
 36:     0.074  0.062  0.094  0.331  0.262  0.093  0.013  0.071        1
 37:     0.044  0.062  0.074  0.274  0.307  0.069  0.039  0.131        1
 38:     0.045  0.135  0.108  0.075  0.287  0.112  0.030  0.207        1
 39:     0.017  0.124  0.150  0.189  0.444  0.033  0.026  0.018        1
 40:     0.032  0.099  0.130  0.061  0.309  0.098  0.041  0.230        1
 41:     0.027  0.051  0.082  0.169  0.448  0.081  0.031  0.112        1
 42:     0.038  0.067  0.088  0.190  0.287  0.053  0.052  0.225        1
 43:     0.038  0.111  0.084  0.289  0.271  0.049  0.022  0.136        1
 44:     0.041  0.144  0.114  0.233  0.363  0.028  0.041  0.036        1
 45:     0.002  0.078  0.136  0.139  0.334  0.053  0.033  0.224        1
 46:     0.040  0.057  0.068  0.061  0.488  0.129  0.061  0.097        1
 47:     0.054  0.023  0.074  0.673  0.049  0.048  0.050  0.028        1
 48:     0.038  0.015  0.103  0.746  0.013  0.027  0.052  0.007        1
 49:     0.051  0.081  0.098  0.263  0.310  0.022  0.001  0.173        1
 50:     0.056  0.305  0.080  0.221  0.164  0.070  0.096  0.008        1
 51:     0.056  0.185  0.089  0.351  0.186  0.041  0.083  0.010        1
 52:     0.038  0.078  0.083  0.299  0.291  0.119  0.076  0.015        1
 53:     0.026  0.094  0.092  0.070  0.390  0.042  0.070  0.215        1
 54:     0.002  0.001  0.970  0.006  0.001  0.003  0.016  0.001        1
 55:     0.002  0.003  0.991  0.001  0.000  0.001  0.001  0.001        1
 56:     0.011  0.018  0.834  0.096  0.019  0.014  0.003  0.005        1
 57:     0.003  0.001  0.964  0.001  0.006  0.001  0.022  0.002        1
 58:     0.006  0.003  0.929  0.007  0.013  0.033  0.009  0.001        1
 59:     0.011  0.039  0.873  0.031  0.001  0.008  0.031  0.006        1
 60:     0.007  0.010  0.969  0.000  0.001  0.000  0.006  0.006        1
 61:     0.000  0.004  0.988  0.001  0.000  0.003  0.003  0.001        1
 62:     0.144  0.274  0.019  0.281  0.101  0.026  0.148  0.007        1
 63:     0.005  0.050  0.915  0.004  0.004  0.011  0.011  0.001        1
 64:     0.001  0.000  0.998  0.000  0.000  0.000  0.000  0.000        1
 65:     0.000  0.000  0.994  0.000  0.000  0.001  0.000  0.005        1
 66:     0.010  0.022  0.926  0.019  0.001  0.008  0.009  0.004        1
 67:     0.013  0.055  0.642  0.019  0.070  0.107  0.031  0.062        1
 68:     0.024  0.000  0.912  0.000  0.002  0.019  0.042  0.001        1
 69:     0.014  0.017  0.962  0.001  0.004  0.002  0.000  0.000        1
 70:     0.029  0.026  0.829  0.012  0.001  0.053  0.021  0.028        1
 71:     0.001  0.003  0.994  0.000  0.001  0.000  0.000  0.000        1
 72:     0.000  0.003  0.993  0.001  0.001  0.001  0.001  0.001        1
 73:     0.001  0.001  0.994  0.001  0.001  0.000  0.000  0.002        1
 74:     0.013  0.028  0.801  0.045  0.065  0.013  0.010  0.023        1
 75:     0.000  0.000  0.995  0.000  0.002  0.001  0.000  0.001        1
 76:     0.261  0.295  0.003  0.050  0.028  0.099  0.121  0.143        1
 77:     0.001  0.004  0.991  0.002  0.000  0.000  0.001  0.000        1
 78:     0.033  0.014  0.836  0.022  0.023  0.020  0.047  0.005        1
 79:     0.002  0.000  0.996  0.002  0.000  0.000  0.000  0.000        1
 80:     0.002  0.001  0.972  0.000  0.013  0.006  0.000  0.005        1
 81:     0.001  0.001  0.993  0.002  0.001  0.000  0.001  0.000        1
 82:     0.020  0.038  0.549  0.088  0.047  0.135  0.079  0.044        1
 83:     0.001  0.001  0.995  0.000  0.000  0.002  0.000  0.000        1
 84:     0.038  0.003  0.021  0.003  0.003  0.902  0.008  0.023        1
 85:     0.030  0.034  0.018  0.013  0.000  0.890  0.013  0.000        1
 86:     0.029  0.005  0.056  0.000  0.003  0.824  0.009  0.073        1
 87:     0.000  0.000  0.004  0.000  0.012  0.943  0.002  0.038        1
 88:     0.002  0.014  0.004  0.001  0.002  0.959  0.005  0.013        1
 89:     0.003  0.009  0.002  0.072  0.010  0.905  0.000  0.000        1
 90:     0.001  0.029  0.011  0.004  0.002  0.927  0.025  0.002        1
 91:     0.026  0.009  0.000  0.011  0.001  0.940  0.012  0.001        1
 92:     0.013  0.019  0.008  0.076  0.024  0.790  0.015  0.055        1
 93:     0.067  0.001  0.014  0.007  0.000  0.888  0.022  0.000        1
 94:     0.039  0.009  0.004  0.002  0.043  0.889  0.002  0.012        1
 95:     0.016  0.013  0.008  0.053  0.012  0.850  0.047  0.002        1
 96:     0.006  0.000  0.007  0.001  0.000  0.979  0.007  0.000        1
 97:     0.003  0.035  0.025  0.002  0.001  0.919  0.006  0.009        1
 98:     0.001  0.011  0.021  0.001  0.002  0.949  0.004  0.009        1
 99:     0.001  0.000  0.001  0.000  0.000  0.995  0.001  0.001        1
100:     0.001  0.004  0.005  0.000  0.001  0.971  0.018  0.000        1
101:     0.015  0.023  0.022  0.123  0.036  0.737  0.032  0.013        1
102:     0.004  0.007  0.019  0.018  0.067  0.778  0.025  0.082        1
103:     0.000  0.001  0.006  0.000  0.002  0.955  0.025  0.011        1
104:     0.001  0.012  0.034  0.004  0.019  0.922  0.004  0.004        1
105:     0.033  0.013  0.030  0.001  0.002  0.878  0.036  0.007        1
106:     0.008  0.029  0.051  0.004  0.033  0.760  0.014  0.100        1
107:     0.053  0.004  0.004  0.002  0.011  0.918  0.007  0.002        1
108:     0.022  0.016  0.019  0.095  0.014  0.810  0.018  0.007        1
109:     0.012  0.065  0.021  0.086  0.001  0.745  0.070  0.001        1
110:     0.005  0.032  0.076  0.026  0.019  0.737  0.007  0.099        1
111:     0.036  0.017  0.003  0.004  0.000  0.929  0.001  0.009        1
112:     0.000  0.002  0.001  0.008  0.000  0.985  0.000  0.003        1
113:     0.013  0.015  0.003  0.005  0.001  0.916  0.045  0.002        1
114:     0.007  0.000  0.015  0.000  0.003  0.946  0.009  0.019        1
115:     0.006  0.019  0.012  0.011  0.013  0.899  0.002  0.037        1
116:     0.027  0.001  0.005  0.001  0.003  0.954  0.006  0.005        1
117:     0.038  0.014  0.001  0.002  0.000  0.910  0.027  0.007        1
118:     0.025  0.003  0.015  0.009  0.000  0.921  0.026  0.000        1
119:     0.004  0.011  0.029  0.055  0.022  0.836  0.002  0.041        1
120:     0.000  0.004  0.058  0.008  0.007  0.911  0.010  0.003        1
121:     0.014  0.032  0.003  0.003  0.017  0.927  0.002  0.002        1
122:     0.004  0.008  0.043  0.037  0.008  0.897  0.002  0.001        1
123:     0.000  0.002  0.003  0.000  0.002  0.990  0.000  0.002        1
124:     0.029  0.071  0.011  0.023  0.012  0.793  0.048  0.013        1
125:     0.002  0.004  0.002  0.001  0.012  0.953  0.024  0.002        1
126:     0.018  0.001  0.003  0.008  0.064  0.857  0.035  0.015        1
127:     0.023  0.012  0.024  0.005  0.006  0.881  0.022  0.027        1
128:     0.005  0.023  0.042  0.000  0.019  0.906  0.001  0.004        1
129:     0.006  0.001  0.002  0.003  0.001  0.986  0.000  0.000        1
130:     0.034  0.042  0.027  0.009  0.001  0.882  0.004  0.001        1
131:     0.000  0.005  0.007  0.002  0.000  0.968  0.012  0.005        1
132:     0.003  0.055  0.017  0.018  0.050  0.794  0.041  0.022        1
133:     0.018  0.092  0.009  0.009  0.002  0.832  0.027  0.010        1
134:     0.022  0.001  0.048  0.009  0.117  0.797  0.003  0.003        1
135:     0.004  0.043  0.008  0.043  0.000  0.780  0.030  0.090        1
136:     0.002  0.002  0.000  0.003  0.001  0.980  0.007  0.004        1
137:     0.009  0.002  0.019  0.011  0.000  0.956  0.003  0.000        1
138:     0.001  0.000  0.015  0.000  0.002  0.981  0.000  0.001        1
139:     0.030  0.084  0.000  0.006  0.002  0.867  0.009  0.002        1
140:     0.000  0.111  0.032  0.000  0.000  0.826  0.030  0.000        1
141:     0.020  0.010  0.002  0.008  0.002  0.951  0.004  0.003        1
142:     0.033  0.022  0.008  0.005  0.035  0.845  0.001  0.050        1
143:     0.027  0.031  0.006  0.000  0.001  0.895  0.036  0.005        1
144:     0.005  0.036  0.000  0.002  0.011  0.924  0.014  0.007        1
145:     0.004  0.001  0.010  0.000  0.000  0.969  0.009  0.006        1
146:     0.024  0.001  0.019  0.003  0.002  0.902  0.014  0.036        1
147:     0.001  0.051  0.003  0.001  0.002  0.938  0.003  0.002        1
148:     0.045  0.101  0.126  0.129  0.209  0.130  0.069  0.191        1
149:     0.090  0.103  0.058  0.256  0.249  0.109  0.086  0.049        1
150:     0.004  0.070  0.095  0.341  0.226  0.068  0.061  0.134        1
151:     0.073  0.044  0.086  0.599  0.024  0.051  0.000  0.122        1
152:     0.054  0.106  0.058  0.242  0.196  0.050  0.031  0.262        1
153:     0.052  0.086  0.090  0.291  0.244  0.082  0.018  0.137        1
154:     0.016  0.106  0.100  0.286  0.114  0.010  0.021  0.347        1
155:     0.021  0.080  0.100  0.126  0.451  0.054  0.019  0.148        1
156:     0.042  0.105  0.124  0.116  0.432  0.034  0.052  0.095        1
157:     0.047  0.106  0.097  0.080  0.198  0.065  0.052  0.355        1
158:     0.079  0.034  0.116  0.038  0.303  0.056  0.024  0.350        1
159:     0.028  0.063  0.109  0.057  0.516  0.052  0.014  0.162        1
160:     0.015  0.052  0.089  0.460  0.206  0.035  0.070  0.072        1
161:     0.055  0.093  0.076  0.154  0.119  0.099  0.039  0.366        1
162:     0.015  0.051  0.132  0.259  0.266  0.061  0.060  0.156        1
163:     0.031  0.102  0.100  0.199  0.180  0.053  0.015  0.320        1
164:     0.033  0.076  0.095  0.208  0.394  0.048  0.061  0.085        1
165:     0.054  0.092  0.102  0.303  0.091  0.074  0.039  0.245        1
166:     0.029  0.130  0.111  0.042  0.430  0.029  0.045  0.183        1
167:     0.028  0.100  0.105  0.099  0.461  0.035  0.054  0.117        1
168:     0.003  0.032  0.094  0.327  0.230  0.029  0.075  0.209        1
169:     0.041  0.087  0.101  0.006  0.538  0.060  0.011  0.155        1
170:     0.007  0.034  0.095  0.326  0.004  0.081  0.061  0.392        1
171:     0.053  0.018  0.111  0.096  0.465  0.069  0.054  0.135        1
172:     0.015  0.120  0.110  0.027  0.229  0.075  0.027  0.397        1
173:     0.054  0.082  0.069  0.032  0.330  0.003  0.051  0.379        1
174:     0.039  0.093  0.101  0.117  0.474  0.060  0.054  0.061        1
175:     0.038  0.087  0.089  0.213  0.250  0.041  0.043  0.239       50
176:     0.037  0.073  0.087  0.260  0.242  0.046  0.049  0.206       49
177:     0.036  0.079  0.086  0.195  0.293  0.041  0.047  0.224       50
178:     0.038  0.082  0.090  0.227  0.261  0.042  0.045  0.213       49
179:     0.029  0.092  0.085  0.242  0.217  0.048  0.045  0.242       23
180:     0.031  0.082  0.093  0.241  0.266  0.039  0.042  0.207       49
181:     0.908  0.030  0.006  0.003  0.003  0.004  0.044  0.003       30
182:     0.082  0.060  0.009  0.002  0.002  0.005  0.835  0.005       30
183:     0.046  0.087  0.076  0.130  0.236  0.060  0.079  0.287       34
184:     0.036  0.080  0.087  0.189  0.278  0.036  0.044  0.250       36
185:     0.034  0.082  0.083  0.203  0.284  0.042  0.054  0.217       40
186:     0.026  0.077  0.095  0.202  0.281  0.042  0.050  0.227       39
187:     0.036  0.083  0.091  0.169  0.288  0.043  0.044  0.246       37
188:     0.035  0.086  0.087  0.205  0.249  0.052  0.048  0.238       40
189:     0.036  0.083  0.084  0.186  0.301  0.047  0.045  0.217       35
190:     0.036  0.083  0.097  0.214  0.296  0.040  0.059  0.175       28
191:     0.039  0.082  0.086  0.176  0.328  0.041  0.049  0.199       36
192:     0.034  0.081  0.095  0.157  0.247  0.036  0.046  0.304       32
--------------------------------------------

 Rep#:   Lambda   Alpha      F1    F2    F3    F4    F5    F6    F7    F8     D1,2  D1,3  D1,4  D1,5  D1,6  D1,7  D1,8  D2,3  D2,4  D2,5  D2,6  D2,7  D2,8  D3,4  D3,5  D3,6  D3,7  D3,8  D4,5  D4,6  D4,7  D4,8  D5,6  D5,7  D5,8  D6,7  D6,8  D7,8    Ln Like 
 1000:    1.00    0.661    0.372 0.242 0.260 0.011 0.012 0.163 0.331 0.010    0.065 0.082 0.055 0.055 0.071 0.071 0.055 0.062 0.038 0.038 0.051 0.058 0.038 0.044 0.044 0.059 0.076 0.044 0.003 0.030 0.050 0.003 0.031 0.050 0.003 0.066 0.030 0.050   --  
 1100:    1.00    0.623    0.366 0.233 0.261 0.011 0.012 0.161 0.332 0.010    0.064 0.082 0.054 0.055 0.071 0.070 0.054 0.063 0.036 0.037 0.051 0.057 0.036 0.044 0.045 0.060 0.077 0.044 0.003 0.030 0.049 0.003 0.031 0.050 0.003 0.067 0.030 0.049   --  
 1200:    1.00    0.588    0.369 0.227 0.253 0.011 0.012 0.167 0.333 0.010    0.063 0.081 0.053 0.054 0.071 0.071 0.054 0.061 0.035 0.036 0.051 0.058 0.035 0.042 0.043 0.059 0.078 0.042 0.003 0.030 0.049 0.003 0.030 0.050 0.003 0.068 0.030 0.049   --  
 1300:    1.00    0.565    0.360 0.223 0.258 0.011 0.012 0.162 0.334 0.010    0.062 0.080 0.053 0.053 0.070 0.071 0.053 0.061 0.035 0.035 0.050 0.057 0.035 0.042 0.042 0.059 0.077 0.042 0.003 0.029 0.048 0.003 0.030 0.049 0.003 0.067 0.029 0.049   --  
 1400:    1.00    0.529    0.371 0.219 0.260 0.011 0.012 0.162 0.325 0.010    0.062 0.082 0.053 0.054 0.070 0.071 0.053 0.061 0.034 0.034 0.050 0.057 0.034 0.042 0.043 0.059 0.077 0.042 0.003 0.029 0.048 0.003 0.029 0.049 0.003 0.067 0.029 0.048   --  
 1500:    1.00    0.507    0.364 0.217 0.258 0.011 0.011 0.159 0.327 0.010    0.062 0.081 0.053 0.053 0.070 0.071 0.053 0.061 0.033 0.034 0.050 0.057 0.033 0.042 0.042 0.058 0.077 0.041 0.003 0.028 0.048 0.003 0.029 0.049 0.003 0.067 0.028 0.048   --  
 1600:    1.00    0.474    0.366 0.211 0.250 0.011 0.011 0.157 0.332 0.010    0.062 0.081 0.052 0.052 0.070 0.071 0.052 0.061 0.033 0.033 0.050 0.058 0.033 0.041 0.042 0.058 0.078 0.041 0.003 0.028 0.048 0.003 0.029 0.049 0.003 0.068 0.028 0.049   --  
 1700:    1.00    0.454    0.360 0.215 0.256 0.011 0.011 0.153 0.332 0.010    0.061 0.082 0.052 0.052 0.070 0.071 0.051 0.061 0.032 0.032 0.049 0.056 0.032 0.041 0.042 0.059 0.079 0.041 0.003 0.029 0.048 0.003 0.029 0.049 0.003 0.067 0.028 0.048   --  
 1800:    1.00    0.432    0.359 0.213 0.253 0.010 0.011 0.153 0.322 0.010    0.062 0.081 0.051 0.051 0.069 0.071 0.051 0.061 0.032 0.033 0.049 0.057 0.032 0.041 0.041 0.058 0.078 0.041 0.003 0.028 0.048 0.003 0.028 0.049 0.003 0.067 0.028 0.048   --  
 1900:    1.00    0.417    0.369 0.210 0.253 0.010 0.011 0.153 0.326 0.010    0.062 0.082 0.052 0.052 0.070 0.071 0.051 0.062 0.032 0.032 0.050 0.056 0.032 0.041 0.041 0.059 0.078 0.041 0.003 0.028 0.047 0.003 0.028 0.048 0.003 0.068 0.028 0.048   --  

--------------------------------------------
Proportion of membership of each pre-defined
 population in each of the 8 clusters

Given    Inferred Clusters                                          Number of
 Pop       1      2      3      4      5      6      7      8      Individuals

  1:     0.022  0.054  0.049  0.235  0.327  0.027  0.024  0.262       54
  2:     0.024  0.054  0.051  0.292  0.290  0.026  0.024  0.239       30
  3:     0.226  0.252  0.047  0.109  0.035  0.046  0.268  0.016       30
  4:     0.019  0.967  0.001  0.001  0.001  0.003  0.006  0.001       20
  5:     0.034  0.862  0.006  0.009  0.014  0.010  0.054  0.010       30
  6:     0.016  0.048  0.045  0.251  0.313  0.032  0.026  0.269       43
  7:     0.019  0.048  0.046  0.260  0.334  0.022  0.021  0.250       44
  8:     0.015  0.027  0.055  0.215  0.264  0.034  0.024  0.365        4
  9:     0.010  0.019  0.050  0.258  0.303  0.019  0.009  0.332       22
 10:     0.016  0.014  0.047  0.305  0.263  0.023  0.021  0.312       24
 11:     0.022  0.048  0.039  0.263  0.276  0.029  0.023  0.299       54
 12:     0.019  0.039  0.045  0.265  0.332  0.023  0.024  0.254       37
 13:     0.020  0.052  0.046  0.234  0.347  0.027  0.027  0.248       42
 14:     0.020  0.046  0.046  0.309  0.272  0.025  0.022  0.259       42
 15:     0.019  0.048  0.046  0.248  0.284  0.027  0.026  0.301       49
 16:     0.021  0.054  0.046  0.279  0.281  0.029  0.027  0.262      124
 17:     0.019  0.046  0.051  0.212  0.293  0.034  0.019  0.327       24
 18:     0.021  0.033  0.056  0.312  0.280  0.031  0.019  0.248       34
 19:     0.021  0.044  0.048  0.266  0.298  0.025  0.023  0.275       52
 20:     0.015  0.000  0.070  0.529  0.125  0.030  0.029  0.203        1
 21:     0.001  0.028  0.076  0.374  0.363  0.129  0.026  0.003        1
 22:     0.005  0.029  0.064  0.138  0.271  0.004  0.027  0.460        1
 23:     0.013  0.104  0.018  0.134  0.159  0.100  0.000  0.473        1
 24:     0.008  0.041  0.061  0.490  0.279  0.043  0.001  0.076        1
 25:     0.024  0.098  0.008  0.032  0.571  0.047  0.052  0.168        1
 26:     0.008  0.125  0.045  0.257  0.206  0.041  0.004  0.315        1
 27:     0.047  0.058  0.062  0.028  0.441  0.061  0.003  0.299        1
 28:     0.017  0.000  0.087  0.375  0.237  0.024  0.042  0.218        1
 29:     0.000  0.005  0.087  0.141  0.343  0.056  0.000  0.367        1
 30:     0.018  0.126  0.019  0.259  0.282  0.048  0.045  0.202        1
 31:     0.013  0.211  0.040  0.218  0.176  0.002  0.038  0.303        1
 32:     0.001  0.026  0.029  0.134  0.127  0.025  0.042  0.616        1
 33:     0.015  0.077  0.102  0.110  0.598  0.056  0.026  0.016        1
 34:     0.012  0.025  0.097  0.262  0.328  0.073  0.002  0.202        1
 35:     0.000  0.028  0.065  0.286  0.383  0.011  0.040  0.187        1
 36:     0.032  0.062  0.048  0.292  0.213  0.046  0.021  0.287        1
 37:     0.029  0.066  0.013  0.269  0.477  0.028  0.000  0.117        1
 38:     0.002  0.114  0.030  0.140  0.519  0.115  0.026  0.054        1
 39:     0.019  0.045  0.064  0.226  0.613  0.032  0.000  0.001        1
 40:     0.043  0.104  0.067  0.001  0.341  0.088  0.012  0.345        1
 41:     0.014  0.010  0.065  0.437  0.404  0.055  0.004  0.011        1
 42:     0.010  0.030  0.088  0.197  0.394  0.034  0.036  0.211        1
 43:     0.027  0.063  0.064  0.423  0.320  0.028  0.021  0.054        1
 44:     0.025  0.128  0.064  0.314  0.441  0.012  0.012  0.004        1
 45:     0.005  0.002  0.093  0.324  0.329  0.045  0.022  0.181        1
 46:     0.053  0.000  0.033  0.108  0.455  0.127  0.020  0.204        1
 47:     0.033  0.002  0.017  0.901  0.023  0.023  0.001  0.000        1
 48:     0.031  0.000  0.044  0.884  0.010  0.003  0.024  0.004        1
 49:     0.000  0.033  0.039  0.222  0.284  0.028  0.015  0.378        1
 50:     0.038  0.300  0.046  0.188  0.218  0.024  0.066  0.121        1
 51:     0.060  0.153  0.044  0.426  0.118  0.007  0.045  0.147        1
 52:     0.035  0.062  0.074  0.306  0.343  0.091  0.035  0.055        1
 53:     0.014  0.070  0.070  0.091  0.494  0.041  0.042  0.178        1
 54:     0.000  0.003  0.980  0.001  0.010  0.003  0.003  0.000        1
 55:     0.005  0.001  0.991  0.003  0.000  0.000  0.000  0.000        1
 56:     0.018  0.000  0.834  0.127  0.010  0.005  0.004  0.003        1
