

----------------------------------------------------
STRUCTURE by Pritchard, Stephens and Donnelly (2000)
     and Falush, Stephens and Pritchard (2003)
       Code by Pritchard, Falush and Hubisz
             Version 2.3.4 (Jul 2012)
----------------------------------------------------


Reading file "/workdir/yc2644/CV_CT_array/structure/threader_input/mainparams".
Reading file "/workdir/yc2644/CV_CT_array/structure/threader_input/extraparams".
Reading file "/workdir/yc2644/CV_CT_array/structure/threader_input/n1601.recode.strct_in".


Data file "/workdir/yc2644/CV_CT_array/structure/threader_input/n1601.recode.strct_in" (truncated) --

Ind:   Label Pop : Genotype_data . . . .
  1:  001s    1  :  2   1   2   2   2   1   2  . . . .   2
  1:  001s    1  :  2   2   2   2   2   2   2  . . . .   2
  2:  002s    1  :  2   2   2   2   1   1   2  . . . .   2
  2:  002s    1  :  2   2   2   2   2   2   2  . . . .   2
  3:  003s    1  :  1   2   1   2   2   2   2  . . . .   1
  3:  003s    1  :  2   2   1   2   2   2   2  . . . .   2
  4:  004s    1  :  1   1   2   2   1   2   2  . . . .   1
  4:  004s    1  :  2   1   2   2   2   2   2  . . . .   2

      *******   

1600:    49  192  :  2   2   2   2   2   1   2  . . . .   1
1600:    49  192  :  2   2   2   2   2   2   2  . . . .   2
1601:    50  192  :  2   1   2   2   1   2   2  . . . .   1
1601:    50  192  :  2   2   2   2   2   2   2  . . . .   2

Number of alleles per locus: min= 2; ave=2.0; max= 2


--------------------------------------

Finished initialization; starting MCMC 
100000 iterations + 10000 burnin


--------------------------------------------
Proportion of membership of each pre-defined
 population in each of the 8 clusters

Given    Inferred Clusters                                          Number of
 Pop       1      2      3      4      5      6      7      8      Individuals

  1:     0.153  0.128  0.130  0.115  0.073  0.088  0.171  0.143       54
  2:     0.120  0.123  0.157  0.138  0.068  0.080  0.167  0.149       30
  3:     0.067  0.078  0.068  0.068  0.506  0.075  0.058  0.082       30
  4:     0.044  0.051  0.054  0.057  0.589  0.121  0.034  0.051       20
  5:     0.057  0.060  0.057  0.042  0.541  0.124  0.045  0.074       30
  6:     0.150  0.119  0.157  0.152  0.063  0.083  0.151  0.124       43
  7:     0.147  0.131  0.129  0.143  0.058  0.074  0.153  0.165       44
  8:     0.117  0.176  0.196  0.156  0.045  0.076  0.085  0.150        4
  9:     0.128  0.150  0.147  0.184  0.034  0.067  0.159  0.133       22
 10:     0.126  0.141  0.115  0.164  0.043  0.085  0.157  0.168       24
 11:     0.132  0.148  0.137  0.142  0.065  0.081  0.162  0.133       54
 12:     0.117  0.155  0.154  0.132  0.058  0.079  0.151  0.155       37
 13:     0.153  0.130  0.115  0.151  0.069  0.090  0.156  0.136       42
 14:     0.139  0.128  0.133  0.151  0.069  0.079  0.163  0.139       42
 15:     0.150  0.159  0.121  0.155  0.064  0.075  0.130  0.147       49
 16:     0.129  0.133  0.139  0.154  0.069  0.080  0.154  0.141      124
 17:     0.129  0.150  0.170  0.106  0.060  0.089  0.166  0.130       24
 18:     0.127  0.163  0.134  0.153  0.061  0.078  0.135  0.149       34
 19:     0.120  0.135  0.134  0.156  0.065  0.090  0.155  0.145       52
 20:     0.046  0.194  0.164  0.311  0.056  0.045  0.125  0.059        1
 21:     0.131  0.074  0.192  0.256  0.027  0.119  0.089  0.113        1
 22:     0.131  0.206  0.092  0.282  0.072  0.027  0.052  0.138        1
 23:     0.115  0.142  0.118  0.114  0.090  0.143  0.117  0.161        1
 24:     0.279  0.046  0.034  0.181  0.069  0.057  0.210  0.126        1
 25:     0.292  0.108  0.094  0.025  0.099  0.140  0.121  0.120        1
 26:     0.114  0.165  0.157  0.102  0.060  0.115  0.159  0.127        1
 27:     0.077  0.168  0.118  0.186  0.085  0.153  0.122  0.092        1
 28:     0.157  0.115  0.169  0.130  0.025  0.080  0.249  0.075        1
 29:     0.158  0.092  0.128  0.076  0.047  0.105  0.219  0.175        1
 30:     0.084  0.043  0.225  0.094  0.115  0.156  0.218  0.064        1
 31:     0.167  0.152  0.029  0.074  0.159  0.104  0.093  0.222        1
 32:     0.312  0.157  0.067  0.137  0.045  0.086  0.139  0.059        1
 33:     0.009  0.054  0.133  0.063  0.112  0.105  0.354  0.170        1
 34:     0.003  0.064  0.048  0.165  0.089  0.042  0.398  0.191        1
 35:     0.056  0.160  0.132  0.224  0.039  0.097  0.261  0.030        1
 36:     0.134  0.068  0.071  0.050  0.093  0.078  0.426  0.081        1
 37:     0.165  0.168  0.086  0.209  0.023  0.055  0.138  0.157        1
 38:     0.062  0.238  0.054  0.158  0.095  0.141  0.045  0.207        1
 39:     0.221  0.104  0.125  0.085  0.041  0.104  0.168  0.152        1
 40:     0.163  0.098  0.070  0.130  0.065  0.120  0.177  0.178        1
 41:     0.121  0.005  0.145  0.105  0.062  0.115  0.269  0.179        1
 42:     0.143  0.127  0.163  0.159  0.052  0.099  0.102  0.155        1
 43:     0.139  0.085  0.132  0.131  0.078  0.139  0.134  0.161        1
 44:     0.121  0.130  0.151  0.101  0.122  0.105  0.106  0.162        1
 45:     0.030  0.268  0.163  0.145  0.013  0.098  0.266  0.017        1
 46:     0.154  0.083  0.253  0.125  0.072  0.088  0.177  0.049        1
 47:     0.172  0.170  0.130  0.087  0.050  0.018  0.250  0.124        1
 48:     0.251  0.056  0.048  0.241  0.061  0.001  0.112  0.230        1
 49:     0.010  0.219  0.042  0.033  0.009  0.117  0.280  0.290        1
 50:     0.065  0.164  0.233  0.056  0.244  0.139  0.079  0.019        1
 51:     0.123  0.154  0.102  0.105  0.173  0.107  0.110  0.127        1
 52:     0.124  0.120  0.127  0.151  0.111  0.145  0.106  0.117        1
 53:     0.238  0.133  0.067  0.115  0.084  0.104  0.209  0.049        1
 54:     0.000  0.533  0.078  0.035  0.062  0.280  0.004  0.009        1
 55:     0.029  0.324  0.032  0.049  0.109  0.362  0.018  0.077        1
 56:     0.044  0.421  0.024  0.124  0.069  0.181  0.078  0.060        1
 57:     0.162  0.203  0.070  0.029  0.079  0.252  0.013  0.192        1
 58:     0.031  0.291  0.013  0.047  0.076  0.301  0.036  0.206        1
 59:     0.074  0.222  0.220  0.065  0.065  0.241  0.054  0.059        1
 60:     0.003  0.540  0.091  0.018  0.090  0.115  0.032  0.111        1
 61:     0.029  0.356  0.067  0.094  0.063  0.277  0.052  0.061        1
 62:     0.070  0.141  0.098  0.113  0.275  0.118  0.086  0.099        1
 63:     0.064  0.388  0.139  0.024  0.091  0.183  0.012  0.099        1
 64:     0.007  0.290  0.007  0.092  0.080  0.384  0.110  0.032        1
 65:     0.033  0.570  0.028  0.038  0.029  0.241  0.045  0.016        1
 66:     0.071  0.298  0.078  0.070  0.090  0.185  0.075  0.133        1
 67:     0.008  0.088  0.232  0.192  0.056  0.183  0.093  0.148        1
 68:     0.080  0.394  0.094  0.044  0.064  0.214  0.027  0.083        1
 69:     0.097  0.274  0.076  0.116  0.050  0.326  0.036  0.024        1
 70:     0.063  0.143  0.020  0.178  0.027  0.373  0.056  0.140        1
 71:     0.024  0.186  0.095  0.003  0.143  0.441  0.082  0.026        1
 72:     0.102  0.039  0.107  0.033  0.072  0.468  0.006  0.174        1
 73:     0.026  0.211  0.058  0.005  0.094  0.297  0.046  0.264        1
 74:     0.005  0.392  0.047  0.076  0.059  0.104  0.213  0.106        1
 75:     0.048  0.337  0.007  0.152  0.074  0.243  0.003  0.136        1
 76:     0.036  0.041  0.110  0.098  0.391  0.141  0.128  0.054        1
 77:     0.073  0.120  0.116  0.062  0.129  0.400  0.070  0.031        1
 78:     0.099  0.176  0.114  0.072  0.118  0.198  0.100  0.124        1
 79:     0.019  0.352  0.075  0.043  0.085  0.175  0.075  0.176        1
 80:     0.048  0.224  0.086  0.221  0.029  0.281  0.010  0.101        1
 81:     0.099  0.436  0.089  0.021  0.104  0.221  0.004  0.026        1
 82:     0.008  0.167  0.132  0.109  0.138  0.311  0.012  0.122        1
 83:     0.046  0.189  0.050  0.024  0.030  0.235  0.130  0.294        1
 84:     0.040  0.024  0.075  0.056  0.034  0.677  0.013  0.080        1
 85:     0.097  0.023  0.027  0.004  0.043  0.715  0.022  0.069        1
 86:     0.072  0.100  0.150  0.003  0.020  0.602  0.036  0.015        1
 87:     0.022  0.027  0.106  0.011  0.043  0.710  0.071  0.010        1
 88:     0.017  0.056  0.036  0.046  0.030  0.757  0.030  0.026        1
 89:     0.056  0.058  0.041  0.016  0.006  0.702  0.059  0.062        1
 90:     0.040  0.004  0.026  0.022  0.043  0.747  0.087  0.030        1
 91:     0.015  0.082  0.095  0.142  0.012  0.596  0.009  0.048        1
 92:     0.094  0.006  0.040  0.033  0.037  0.754  0.030  0.006        1
 93:     0.073  0.035  0.101  0.115  0.068  0.573  0.002  0.034        1
 94:     0.204  0.022  0.086  0.106  0.043  0.516  0.015  0.008        1
 95:     0.012  0.044  0.091  0.071  0.071  0.652  0.027  0.031        1
 96:     0.084  0.014  0.102  0.070  0.012  0.700  0.007  0.011        1
 97:     0.087  0.006  0.058  0.091  0.043  0.653  0.059  0.003        1
 98:     0.104  0.003  0.000  0.168  0.045  0.642  0.025  0.012        1
 99:     0.101  0.037  0.042  0.002  0.018  0.771  0.003  0.026        1
100:     0.040  0.029  0.049  0.057  0.067  0.693  0.037  0.027        1
101:     0.077  0.089  0.085  0.072  0.039  0.568  0.030  0.040        1
102:     0.087  0.091  0.046  0.088  0.054  0.492  0.101  0.040        1
103:     0.051  0.048  0.047  0.056  0.040  0.666  0.048  0.045        1
104:     0.045  0.016  0.004  0.080  0.018  0.788  0.044  0.006        1
105:     0.045  0.077  0.028  0.070  0.040  0.637  0.047  0.057        1
106:     0.050  0.032  0.047  0.176  0.009  0.514  0.020  0.152        1
107:     0.058  0.033  0.023  0.011  0.053  0.641  0.036  0.144        1
108:     0.042  0.035  0.074  0.097  0.065  0.674  0.007  0.006        1
109:     0.028  0.029  0.109  0.120  0.109  0.533  0.055  0.018        1
110:     0.120  0.016  0.158  0.029  0.060  0.551  0.021  0.046        1
111:     0.053  0.018  0.086  0.019  0.016  0.784  0.003  0.022        1
112:     0.002  0.011  0.029  0.047  0.028  0.734  0.091  0.057        1
113:     0.070  0.052  0.097  0.058  0.067  0.588  0.033  0.035        1
114:     0.058  0.032  0.064  0.034  0.021  0.705  0.043  0.043        1
115:     0.061  0.036  0.024  0.016  0.010  0.774  0.027  0.051        1
116:     0.089  0.006  0.005  0.048  0.049  0.750  0.032  0.021        1
117:     0.029  0.001  0.238  0.019  0.026  0.651  0.010  0.027        1
118:     0.074  0.025  0.102  0.019  0.065  0.629  0.072  0.013        1
119:     0.224  0.010  0.048  0.063  0.023  0.570  0.035  0.026        1
120:     0.155  0.039  0.071  0.017  0.002  0.635  0.051  0.030        1
121:     0.004  0.002  0.040  0.143  0.057  0.697  0.025  0.030        1
122:     0.049  0.041  0.023  0.007  0.027  0.769  0.083  0.001        1
123:     0.078  0.002  0.070  0.184  0.026  0.595  0.013  0.032        1
124:     0.016  0.023  0.163  0.014  0.065  0.657  0.054  0.009        1
125:     0.048  0.018  0.051  0.026  0.065  0.742  0.015  0.035        1
126:     0.079  0.028  0.093  0.077  0.054  0.549  0.051  0.069        1
127:     0.050  0.001  0.098  0.003  0.045  0.755  0.043  0.004        1
128:     0.083  0.018  0.062  0.016  0.043  0.682  0.049  0.047        1
129:     0.091  0.041  0.018  0.026  0.048  0.753  0.007  0.015        1
130:     0.050  0.046  0.062  0.138  0.042  0.643  0.012  0.008        1
131:     0.053  0.072  0.058  0.054  0.044  0.653  0.031  0.034        1
132:     0.044  0.012  0.072  0.056  0.110  0.572  0.083  0.051        1
133:     0.135  0.015  0.061  0.067  0.097  0.571  0.017  0.036        1
134:     0.071  0.044  0.074  0.087  0.045  0.567  0.063  0.050        1
135:     0.099  0.066  0.092  0.082  0.073  0.475  0.045  0.068        1
136:     0.114  0.046  0.041  0.071  0.012  0.692  0.014  0.011        1
137:     0.026  0.007  0.073  0.052  0.029  0.748  0.008  0.056        1
138:     0.144  0.031  0.033  0.011  0.018  0.740  0.003  0.020        1
139:     0.053  0.023  0.025  0.072  0.087  0.625  0.039  0.075        1
140:     0.091  0.012  0.120  0.026  0.054  0.620  0.065  0.012        1
141:     0.075  0.064  0.045  0.011  0.041  0.671  0.044  0.049        1
142:     0.089  0.021  0.119  0.007  0.066  0.633  0.054  0.010        1
143:     0.050  0.018  0.090  0.055  0.008  0.748  0.017  0.014        1
144:     0.065  0.016  0.120  0.116  0.015  0.616  0.022  0.031        1
145:     0.005  0.008  0.070  0.019  0.041  0.804  0.036  0.015        1
146:     0.008  0.042  0.084  0.080  0.047  0.675  0.046  0.018        1
147:     0.004  0.049  0.098  0.006  0.011  0.716  0.084  0.033        1
148:     0.013  0.136  0.307  0.135  0.091  0.120  0.033  0.166        1
149:     0.016  0.047  0.054  0.243  0.178  0.158  0.280  0.024        1
150:     0.064  0.131  0.223  0.167  0.055  0.081  0.024  0.256        1
151:     0.110  0.045  0.275  0.254  0.033  0.076  0.127  0.078        1
152:     0.161  0.150  0.066  0.126  0.110  0.076  0.176  0.135        1
153:     0.114  0.177  0.109  0.222  0.015  0.049  0.286  0.029        1
154:     0.151  0.110  0.001  0.251  0.032  0.123  0.245  0.087        1
155:     0.072  0.186  0.060  0.187  0.066  0.127  0.174  0.128        1
156:     0.269  0.104  0.144  0.124  0.060  0.090  0.022  0.187        1
157:     0.154  0.035  0.164  0.170  0.081  0.158  0.140  0.099        1
158:     0.199  0.056  0.322  0.205  0.011  0.031  0.089  0.086        1
159:     0.113  0.240  0.136  0.080  0.060  0.147  0.103  0.120        1
160:     0.174  0.079  0.137  0.165  0.080  0.119  0.129  0.116        1
161:     0.121  0.157  0.129  0.135  0.098  0.124  0.121  0.115        1
162:     0.067  0.041  0.118  0.315  0.089  0.020  0.277  0.072        1
163:     0.138  0.080  0.058  0.092  0.068  0.096  0.275  0.195        1
164:     0.081  0.057  0.254  0.174  0.062  0.089  0.215  0.068        1
165:     0.048  0.034  0.172  0.197  0.085  0.182  0.134  0.148        1
166:     0.118  0.061  0.128  0.230  0.034  0.045  0.061  0.323        1
167:     0.150  0.091  0.156  0.132  0.074  0.110  0.127  0.161        1
168:     0.043  0.560  0.010  0.176  0.054  0.067  0.041  0.050        1
169:     0.141  0.124  0.139  0.103  0.060  0.135  0.125  0.172        1
170:     0.073  0.007  0.255  0.127  0.059  0.102  0.356  0.021        1
171:     0.011  0.210  0.041  0.170  0.011  0.050  0.212  0.296        1
172:     0.131  0.137  0.075  0.177  0.084  0.101  0.173  0.122        1
173:     0.092  0.232  0.077  0.172  0.060  0.028  0.118  0.221        1
174:     0.147  0.024  0.176  0.030  0.081  0.112  0.093  0.337        1
175:     0.158  0.171  0.125  0.130  0.065  0.075  0.138  0.138       50
176:     0.148  0.152  0.134  0.133  0.062  0.074  0.144  0.152       49
177:     0.139  0.116  0.137  0.160  0.063  0.075  0.160  0.149       50
178:     0.140  0.145  0.122  0.150  0.067  0.081  0.140  0.156       49
179:     0.117  0.129  0.176  0.133  0.070  0.099  0.167  0.109       23
180:     0.152  0.161  0.126  0.141  0.055  0.077  0.142  0.146       49
181:     0.028  0.034  0.030  0.028  0.793  0.029  0.030  0.027       30
182:     0.033  0.040  0.046  0.039  0.677  0.040  0.038  0.087       30
183:     0.178  0.136  0.101  0.147  0.101  0.085  0.131  0.122       34
184:     0.181  0.111  0.128  0.157  0.067  0.065  0.142  0.148       36
185:     0.143  0.144  0.148  0.133  0.074  0.084  0.141  0.131       40
186:     0.125  0.153  0.144  0.147  0.054  0.084  0.165  0.127       39
187:     0.138  0.162  0.130  0.140  0.071  0.070  0.161  0.127       37
188:     0.141  0.131  0.129  0.160  0.074  0.083  0.154  0.128       40
189:     0.168  0.126  0.136  0.133  0.067  0.074  0.164  0.132       35
190:     0.156  0.136  0.118  0.150  0.071  0.079  0.134  0.155       28
191:     0.158  0.164  0.126  0.151  0.074  0.072  0.119  0.137       36
192:     0.157  0.144  0.138  0.146  0.071  0.079  0.143  0.122       32
--------------------------------------------

 Rep#:   Lambda   Alpha      F1    F2    F3    F4    F5    F6    F7    F8     D1,2  D1,3  D1,4  D1,5  D1,6  D1,7  D1,8  D2,3  D2,4  D2,5  D2,6  D2,7  D2,8  D3,4  D3,5  D3,6  D3,7  D3,8  D4,5  D4,6  D4,7  D4,8  D5,6  D5,7  D5,8  D6,7  D6,8  D7,8    Ln Like 
  100:    1.00    1.399    0.010 0.010 0.010 0.010 0.301 0.188 0.010 0.007    0.003 0.003 0.003 0.044 0.039 0.003 0.003 0.003 0.003 0.045 0.040 0.003 0.003 0.003 0.044 0.039 0.003 0.003 0.044 0.039 0.003 0.003 0.070 0.044 0.043 0.040 0.039 0.003   --  
  200:    1.00    1.105    0.010 0.142 0.010 0.010 0.219 0.203 0.010 0.007    0.027 0.003 0.003 0.033 0.036 0.003 0.003 0.026 0.026 0.048 0.052 0.027 0.025 0.003 0.033 0.036 0.003 0.003 0.033 0.036 0.003 0.003 0.056 0.033 0.032 0.037 0.036 0.003   --  
  300:    1.00    0.976    0.010 0.257 0.010 0.010 0.194 0.187 0.010 0.007    0.043 0.003 0.003 0.029 0.033 0.003 0.003 0.043 0.043 0.056 0.060 0.043 0.042 0.003 0.029 0.033 0.003 0.003 0.029 0.033 0.003 0.003 0.050 0.029 0.029 0.033 0.033 0.003   --  
  400:    1.00    0.894    0.010 0.265 0.010 0.010 0.183 0.175 0.010 0.007    0.044 0.003 0.003 0.028 0.032 0.003 0.003 0.044 0.044 0.057 0.060 0.044 0.043 0.003 0.028 0.032 0.003 0.003 0.028 0.032 0.003 0.003 0.048 0.028 0.027 0.032 0.032 0.003   --  
  500:    1.00    0.837    0.010 0.263 0.010 0.010 0.175 0.171 0.010 0.007    0.043 0.003 0.003 0.027 0.031 0.003 0.003 0.043 0.043 0.056 0.060 0.043 0.043 0.003 0.027 0.031 0.003 0.003 0.027 0.031 0.003 0.003 0.046 0.027 0.026 0.031 0.030 0.003   --  
  600:    1.00    0.799    0.010 0.266 0.010 0.010 0.172 0.164 0.010 0.007    0.043 0.003 0.003 0.026 0.030 0.003 0.003 0.043 0.043 0.056 0.059 0.044 0.043 0.003 0.026 0.030 0.003 0.003 0.026 0.030 0.003 0.003 0.045 0.026 0.026 0.030 0.030 0.003   --  
  700:    1.00    0.744    0.010 0.262 0.010 0.009 0.171 0.164 0.010 0.007    0.043 0.003 0.003 0.026 0.030 0.003 0.003 0.043 0.043 0.056 0.059 0.043 0.042 0.003 0.026 0.030 0.003 0.003 0.026 0.030 0.003 0.003 0.045 0.026 0.025 0.030 0.029 0.003   --  
  800:    1.00    0.721    0.010 0.270 0.010 0.009 0.171 0.163 0.010 0.007    0.043 0.003 0.003 0.026 0.029 0.003 0.003 0.043 0.043 0.056 0.060 0.043 0.043 0.003 0.025 0.029 0.003 0.003 0.025 0.029 0.003 0.003 0.045 0.026 0.025 0.030 0.029 0.003   --  
  900:    1.00    0.681    0.010 0.261 0.010 0.009 0.164 0.160 0.010 0.007    0.042 0.003 0.003 0.025 0.029 0.003 0.003 0.042 0.042 0.055 0.059 0.042 0.041 0.003 0.025 0.029 0.003 0.003 0.025 0.029 0.003 0.003 0.045 0.025 0.025 0.029 0.029 0.003   --  

--------------------------------------------
Proportion of membership of each pre-defined
 population in each of the 8 clusters

Given    Inferred Clusters                                          Number of
 Pop       1      2      3      4      5      6      7      8      Individuals

  1:     0.157  0.063  0.149  0.152  0.058  0.045  0.212  0.164       54
  2:     0.126  0.071  0.167  0.179  0.062  0.039  0.218  0.138       30
  3:     0.032  0.054  0.031  0.025  0.688  0.061  0.041  0.068       30
  4:     0.014  0.021  0.021  0.014  0.813  0.083  0.017  0.017       20
  5:     0.029  0.020  0.031  0.020  0.752  0.081  0.033  0.034       30
  6:     0.167  0.059  0.140  0.193  0.053  0.043  0.159  0.186       43
  7:     0.165  0.056  0.159  0.150  0.052  0.042  0.170  0.207       44
  8:     0.230  0.068  0.178  0.117  0.031  0.041  0.078  0.256        4
  9:     0.169  0.063  0.160  0.171  0.017  0.034  0.161  0.225       22
 10:     0.173  0.062  0.177  0.164  0.021  0.038  0.170  0.196       24
 11:     0.152  0.060  0.169  0.176  0.049  0.044  0.156  0.193       54
 12:     0.129  0.063  0.156  0.176  0.045  0.041  0.191  0.200       37
 13:     0.181  0.062  0.132  0.166  0.060  0.047  0.182  0.169       42
 14:     0.138  0.061  0.188  0.185  0.056  0.037  0.192  0.142       42
 15:     0.159  0.065  0.132  0.204  0.058  0.045  0.160  0.178       49
 16:     0.146  0.061  0.149  0.174  0.063  0.047  0.191  0.170      124
 17:     0.136  0.068  0.158  0.153  0.054  0.045  0.191  0.196       24
 18:     0.133  0.069  0.180  0.234  0.040  0.044  0.155  0.145       34
 19:     0.141  0.063  0.172  0.163  0.055  0.036  0.184  0.185       52
 20:     0.082  0.075  0.312  0.392  0.035  0.062  0.027  0.016        1
 21:     0.000  0.069  0.119  0.250  0.024  0.118  0.115  0.305        1
 22:     0.250  0.066  0.024  0.082  0.041  0.040  0.410  0.087        1
 23:     0.127  0.056  0.002  0.209  0.131  0.089  0.133  0.253        1
 24:     0.040  0.053  0.042  0.055  0.033  0.041  0.341  0.396        1
 25:     0.458  0.033  0.130  0.003  0.101  0.046  0.117  0.112        1
 26:     0.320  0.063  0.087  0.057  0.014  0.111  0.315  0.034        1
 27:     0.083  0.085  0.122  0.072  0.074  0.057  0.070  0.437        1
 28:     0.140  0.101  0.121  0.073  0.008  0.023  0.532  0.002        1
 29:     0.194  0.103  0.142  0.102  0.000  0.049  0.211  0.199        1
 30:     0.150  0.067  0.278  0.015  0.069  0.083  0.289  0.050        1
 31:     0.053  0.076  0.049  0.115  0.174  0.047  0.224  0.263        1
 32:     0.205  0.042  0.087  0.266  0.062  0.062  0.201  0.075        1
 33:     0.035  0.105  0.098  0.137  0.106  0.021  0.465  0.033        1
 34:     0.108  0.112  0.023  0.303  0.002  0.048  0.216  0.187        1
 35:     0.070  0.071  0.064  0.109  0.029  0.052  0.601  0.004        1
 36:     0.021  0.094  0.034  0.254  0.083  0.042  0.412  0.060        1
 37:     0.319  0.063  0.027  0.260  0.003  0.054  0.274  0.000        1
 38:     0.055  0.036  0.094  0.131  0.083  0.097  0.093  0.410        1
 39:     0.212  0.080  0.053  0.048  0.026  0.078  0.498  0.005        1
 40:     0.228  0.078  0.058  0.046  0.059  0.094  0.196  0.241        1
 41:     0.115  0.066  0.247  0.059  0.036  0.056  0.201  0.219        1
 42:     0.299  0.073  0.176  0.341  0.031  0.036  0.044  0.001        1
 43:     0.202  0.065  0.293  0.037  0.041  0.063  0.120  0.179        1
 44:     0.099  0.074  0.233  0.157  0.110  0.055  0.233  0.039        1
 45:     0.102  0.112  0.116  0.125  0.041  0.041  0.403  0.060        1
 46:     0.007  0.042  0.131  0.221  0.072  0.089  0.257  0.181        1
 47:     0.108  0.055  0.320  0.014  0.024  0.080  0.324  0.076        1
 48:     0.183  0.044  0.220  0.008  0.021  0.059  0.458  0.007        1
 49:     0.072  0.056  0.118  0.037  0.003  0.053  0.221  0.441        1
 50:     0.195  0.047  0.145  0.096  0.285  0.110  0.005  0.116        1
 51:     0.134  0.070  0.104  0.057  0.231  0.065  0.180  0.160        1
 52:     0.356  0.074  0.080  0.226  0.073  0.077  0.102  0.013        1
 53:     0.159  0.046  0.106  0.055  0.063  0.057  0.477  0.037        1
 54:     0.008  0.968  0.004  0.005  0.011  0.004  0.000  0.001        1
 55:     0.001  0.993  0.001  0.001  0.003  0.000  0.000  0.001        1
 56:     0.027  0.825  0.088  0.008  0.009  0.021  0.009  0.014        1
 57:     0.022  0.917  0.000  0.045  0.005  0.002  0.000  0.009        1
 58:     0.015  0.907  0.004  0.002  0.000  0.010  0.025  0.036        1
 59:     0.007  0.844  0.032  0.035  0.043  0.002  0.029  0.007        1
 60:     0.000  0.976  0.002  0.003  0.001  0.003  0.013  0.001        1
 61:     0.001  0.992  0.003  0.001  0.001  0.001  0.001  0.001        1
 62:     0.111  0.007  0.055  0.046  0.401  0.049  0.288  0.043        1
 63:     0.002  0.940  0.006  0.007  0.021  0.018  0.002  0.003        1
 64:     0.002  0.992  0.000  0.002  0.000  0.001  0.003  0.001        1
 65:     0.000  0.997  0.000  0.000  0.000  0.001  0.001  0.001        1
 66:     0.008  0.923  0.022  0.018  0.002  0.027  0.000  0.001        1
 67:     0.026  0.607  0.050  0.083  0.069  0.103  0.038  0.024        1
 68:     0.000  0.916  0.049  0.005  0.017  0.010  0.002  0.000        1
 69:     0.007  0.979  0.004  0.002  0.002  0.001  0.003  0.002        1
 70:     0.044  0.786  0.021  0.023  0.037  0.004  0.025  0.060        1
 71:     0.000  0.993  0.001  0.000  0.001  0.001  0.004  0.000        1
 72:     0.001  0.995  0.000  0.001  0.002  0.000  0.000  0.001        1
 73:     0.001  0.992  0.002  0.002  0.000  0.002  0.002  0.000        1
 74:     0.016  0.761  0.102  0.000  0.045  0.005  0.041  0.029        1
 75:     0.000  0.997  0.000  0.000  0.000  0.000  0.002  0.000        1
 76:     0.058  0.005  0.012  0.107  0.544  0.145  0.127  0.001        1
 77:     0.000  0.993  0.000  0.000  0.002  0.001  0.003  0.001        1
 78:     0.032  0.755  0.042  0.079  0.051  0.017  0.000  0.023        1
 79:     0.000  0.994  0.002  0.002  0.000  0.000  0.001  0.001        1
 80:     0.000  0.967  0.006  0.001  0.004  0.015  0.007  0.001        1
 81:     0.004  0.991  0.001  0.001  0.003  0.000  0.000  0.001        1
 82:     0.088  0.502  0.007  0.057  0.081  0.150  0.018  0.098        1
 83:     0.003  0.989  0.003  0.002  0.001  0.000  0.001  0.001        1
 84:     0.003  0.013  0.003  0.013  0.039  0.923  0.001  0.004        1
 85:     0.005  0.002  0.002  0.002  0.046  0.925  0.005  0.012        1
 86:     0.037  0.035  0.015  0.022  0.014  0.856  0.013  0.007        1
 87:     0.020  0.007  0.001  0.006  0.000  0.959  0.005  0.000        1
 88:     0.003  0.002  0.004  0.000  0.003  0.982  0.001  0.003        1
 89:     0.018  0.001  0.009  0.006  0.003  0.923  0.035  0.005        1
 90:     0.010  0.009  0.000  0.000  0.005  0.973  0.000  0.002        1
 91:     0.002  0.005  0.000  0.034  0.017  0.941  0.000  0.000        1
 92:     0.012  0.005  0.023  0.063  0.011  0.784  0.048  0.055        1
 93:     0.004  0.003  0.004  0.005  0.056  0.924  0.001  0.004        1
 94:     0.044  0.001  0.009  0.002  0.021  0.914  0.000  0.009        1
 95:     0.020  0.000  0.050  0.032  0.002  0.868  0.006  0.021        1
 96:     0.006  0.002  0.002  0.005  0.005  0.978  0.000  0.003        1
 97:     0.013  0.026  0.022  0.002  0.002  0.924  0.010  0.002        1
 98:     0.005  0.039  0.010  0.004  0.010  0.921  0.008  0.003        1
 99:     0.003  0.001  0.002  0.000  0.001  0.989  0.002  0.004        1
100:     0.000  0.002  0.000  0.000  0.004  0.989  0.001  0.003        1
101:     0.116  0.018  0.029  0.067  0.052  0.708  0.004  0.007        1
102:     0.043  0.022  0.050  0.068  0.008  0.742  0.057  0.010        1
103:     0.004  0.000  0.008  0.005  0.002  0.965  0.013  0.003        1
104:     0.003  0.031  0.020  0.002  0.006  0.928  0.006  0.003        1
105:     0.008  0.041  0.003  0.001  0.069  0.871  0.000  0.006        1
106:     0.051  0.010  0.001  0.049  0.003  0.786  0.003  0.096        1
107:     0.002  0.005  0.007  0.012  0.032  0.936  0.001  0.005        1
108:     0.044  0.001  0.046  0.009  0.047  0.818  0.020  0.015        1
109:     0.019  0.019  0.058  0.068  0.054  0.741  0.000  0.040        1
110:     0.081  0.042  0.026  0.055  0.013  0.752  0.024  0.007        1
111:     0.001  0.000  0.012  0.006  0.008  0.952  0.003  0.019        1
112:     0.003  0.000  0.001  0.001  0.001  0.990  0.003  0.002        1
113:     0.016  0.000  0.000  0.001  0.032  0.937  0.009  0.004        1
114:     0.001  0.017  0.000  0.000  0.017  0.966  0.000  0.000        1
115:     0.049  0.006  0.002  0.011  0.003  0.918  0.006  0.005        1
116:     0.000  0.000  0.002  0.001  0.011  0.984  0.002  0.000        1
117:     0.036  0.001  0.000  0.009  0.045  0.901  0.004  0.004        1
118:     0.020  0.010  0.001  0.001  0.000  0.949  0.009  0.009        1
119:     0.116  0.026  0.000  0.000  0.000  0.820  0.000  0.038        1
120:     0.015  0.031  0.013  0.000  0.003  0.887  0.046  0.003        1
121:     0.003  0.015  0.000  0.002  0.016  0.955  0.001  0.008        1
122:     0.004  0.006  0.009  0.000  0.000  0.918  0.011  0.052        1
123:     0.008  0.005  0.008  0.002  0.001  0.970  0.002  0.003        1
124:     0.038  0.007  0.000  0.034  0.089  0.804  0.015  0.013        1
125:     0.007  0.000  0.002  0.014  0.005  0.963  0.002  0.007        1
126:     0.008  0.013  0.030  0.008  0.009  0.868  0.036  0.028        1
127:     0.000  0.024  0.022  0.004  0.008  0.883  0.045  0.015        1
128:     0.000  0.019  0.001  0.015  0.033  0.925  0.007  0.001        1
129:     0.003  0.001  0.004  0.001  0.001  0.990  0.000  0.000        1
130:     0.008  0.009  0.005  0.000  0.064  0.883  0.026  0.004        1
131:     0.001  0.002  0.004  0.001  0.003  0.987  0.001  0.000        1
132:     0.004  0.002  0.000  0.108  0.075  0.808  0.003  0.001        1
133:     0.001  0.000  0.002  0.031  0.091  0.864  0.011  0.001        1
134:     0.055  0.026  0.028  0.014  0.027  0.822  0.020  0.007        1
135:     0.000  0.003  0.049  0.067  0.013  0.793  0.002  0.072        1
136:     0.001  0.001  0.002  0.001  0.001  0.993  0.001  0.000        1
137:     0.008  0.010  0.010  0.010  0.007  0.948  0.007  0.000        1
138:     0.001  0.006  0.006  0.000  0.000  0.978  0.006  0.003        1
139:     0.004  0.002  0.003  0.000  0.081  0.904  0.000  0.006        1
140:     0.012  0.003  0.003  0.000  0.074  0.875  0.024  0.009        1
141:     0.014  0.002  0.006  0.001  0.004  0.967  0.001  0.005        1
142:     0.004  0.008  0.076  0.012  0.014  0.866  0.010  0.011        1
143:     0.000  0.004  0.002  0.021  0.049  0.917  0.006  0.001        1
144:     0.020  0.003  0.003  0.002  0.000  0.948  0.009  0.013        1
145:     0.002  0.001  0.005  0.003  0.011  0.967  0.008  0.003        1
146:     0.002  0.014  0.004  0.012  0.025  0.906  0.029  0.007        1
147:     0.005  0.004  0.004  0.001  0.008  0.954  0.015  0.010        1
148:     0.030  0.080  0.170  0.201  0.163  0.152  0.001  0.202        1
149:     0.044  0.032  0.001  0.350  0.164  0.103  0.280  0.026        1
150:     0.012  0.059  0.307  0.287  0.050  0.086  0.007  0.192        1
151:     0.219  0.062  0.290  0.236  0.004  0.063  0.111  0.015        1
152:     0.312  0.043  0.096  0.061  0.074  0.060  0.343  0.009        1
153:     0.157  0.062  0.061  0.236  0.026  0.054  0.291  0.112        1
154:     0.055  0.081  0.070  0.458  0.043  0.020  0.263  0.010        1
155:     0.058  0.062  0.110  0.063  0.009  0.061  0.146  0.490        1
156:     0.433  0.076  0.045  0.048  0.077  0.047  0.154  0.120        1
157:     0.041  0.104  0.123  0.313  0.081  0.051  0.218  0.070        1
158:     0.071  0.059  0.382  0.189  0.006  0.075  0.180  0.038        1
159:     0.139  0.099  0.206  0.125  0.033  0.064  0.079  0.255        1
160:     0.172  0.046  0.032  0.440  0.020  0.033  0.255  0.002        1
161:     0.347  0.099  0.070  0.187  0.085  0.102  0.068  0.042        1
162:     0.009  0.123  0.189  0.236  0.018  0.021  0.310  0.093        1
163:     0.165  0.078  0.050  0.008  0.025  0.085  0.390  0.199        1
164:     0.195  0.082  0.015  0.071  0.049  0.050  0.481  0.056        1
165:     0.012  0.073  0.162  0.160  0.101  0.107  0.322  0.062        1
166:     0.090  0.049  0.014  0.156  0.056  0.015  0.391  0.229        1
167:     0.061  0.080  0.124  0.306  0.064  0.031  0.036  0.298        1
168:     0.043  0.070  0.060  0.479  0.003  0.046  0.051  0.249        1
169:     0.282  0.069  0.006  0.054  0.007  0.078  0.251  0.255        1
170:     0.289  0.086  0.023  0.082  0.029  0.050  0.437  0.005        1
171:     0.083  0.048  0.037  0.093  0.034  0.054  0.401  0.250        1
172:     0.126  0.082  0.144  0.093  0.067  0.058  0.198  0.233        1
173:     0.051  0.056  0.097  0.063  0.043  0.056  0.374  0.259        1
174:     0.287  0.076  0.059  0.040  0.027  0.067  0.076  0.368        1
175:     0.173  0.064  0.173  0.168  0.058  0.039  0.158  0.167       50
176:     0.156  0.065  0.138  0.166  0.057  0.039  0.196  0.184       49
177:     0.126  0.059  0.150  0.170  0.050  0.042  0.213  0.189       50
178:     0.167  0.066  0.114  0.203  0.058  0.041  0.170  0.181       49
179:     0.136  0.061  0.201  0.149  0.060  0.046  0.185  0.163       23
180:     0.156  0.060  0.157  0.171  0.049  0.046  0.186  0.176       49
181:     0.004  0.004  0.003  0.003  0.978  0.002  0.003  0.003       30
182:     0.007  0.012  0.009  0.006  0.941  0.005  0.010  0.011       30
183:     0.353  0.053  0.083  0.140  0.107  0.055  0.113  0.096       34
184:     0.218  0.058  0.166  0.156  0.057  0.034  0.160  0.151       36
185:     0.174  0.058  0.159  0.215  0.064  0.047  0.151  0.132       40
186:     0.221  0.060  0.156  0.161  0.045  0.044  0.203  0.111       39
187:     0.207  0.063  0.153  0.147  0.055  0.048  0.174  0.152       37
188:     0.190  0.059  0.146  0.153  0.064  0.051  0.174  0.164       40
189:     0.218  0.055  0.185  0.168  0.062  0.039  0.144  0.129       35
190:     0.212  0.066  0.150  0.136  0.072  0.040  0.152  0.172       28
191:     0.228  0.058  0.151  0.154  0.056  0.044  0.147  0.163       36
192:     0.218  0.064  0.148  0.152  0.054  0.042  0.180  0.142       32
--------------------------------------------

 Rep#:   Lambda   Alpha      F1    F2    F3    F4    F5    F6    F7    F8     D1,2  D1,3  D1,4  D1,5  D1,6  D1,7  D1,8  D2,3  D2,4  D2,5  D2,6  D2,7  D2,8  D3,4  D3,5  D3,6  D3,7  D3,8  D4,5  D4,6  D4,7  D4,8  D5,6  D5,7  D5,8  D6,7  D6,8  D7,8    Ln Like 
 1000:    1.00    0.652    0.010 0.253 0.010 0.009 0.162 0.160 0.010 0.007    0.042 0.003 0.003 0.025 0.029 0.003 0.003 0.042 0.042 0.055 0.059 0.042 0.041 0.003 0.025 0.029 0.003 0.003 0.025 0.029 0.003 0.003 0.045 0.025 0.024 0.029 0.028 0.003   --  
 1100:    1.00    0.628    0.010 0.255 0.010 0.009 0.166 0.160 0.010 0.007    0.042 0.003 0.003 0.025 0.029 0.003 0.003 0.042 0.041 0.055 0.059 0.041 0.041 0.003 0.025 0.029 0.003 0.003 0.025 0.028 0.003 0.003 0.044 0.025 0.024 0.028 0.028 0.003   --  
 1200:    1.00    0.612    0.010 0.260 0.010 0.009 0.160 0.158 0.010 0.007    0.041 0.003 0.003 0.025 0.028 0.003 0.003 0.041 0.041 0.056 0.059 0.041 0.041 0.003 0.025 0.029 0.003 0.003 0.025 0.028 0.003 0.003 0.045 0.025 0.024 0.029 0.028 0.003   --  
 1300:    1.00    0.579    0.010 0.254 0.010 0.009 0.162 0.156 0.010 0.007    0.041 0.003 0.003 0.025 0.028 0.003 0.003 0.040 0.040 0.055 0.058 0.041 0.040 0.003 0.024 0.028 0.003 0.003 0.024 0.028 0.003 0.003 0.044 0.025 0.024 0.028 0.028 0.003   --  
 1400:    1.00    0.557    0.011 0.260 0.010 0.009 0.162 0.158 0.010 0.007    0.041 0.003 0.003 0.025 0.028 0.003 0.003 0.041 0.040 0.055 0.059 0.041 0.040 0.003 0.024 0.028 0.003 0.003 0.024 0.028 0.003 0.003 0.044 0.025 0.024 0.028 0.028 0.003   --  
 1500:    1.00    0.538    0.011 0.253 0.010 0.009 0.159 0.155 0.010 0.007    0.040 0.003 0.003 0.024 0.028 0.003 0.003 0.040 0.040 0.055 0.058 0.040 0.040 0.003 0.024 0.028 0.003 0.003 0.024 0.027 0.003 0.003 0.044 0.024 0.024 0.028 0.027 0.003   --  
 1600:    1.00    0.522    0.011 0.254 0.010 0.009 0.157 0.153 0.010 0.007    0.040 0.003 0.003 0.025 0.027 0.003 0.003 0.040 0.040 0.055 0.058 0.040 0.039 0.003 0.024 0.027 0.003 0.003 0.024 0.027 0.003 0.003 0.044 0.024 0.024 0.027 0.027 0.003   --  
 1700:    1.00    0.499    0.011 0.255 0.010 0.010 0.157 0.151 0.011 0.007    0.040 0.003 0.003 0.024 0.028 0.003 0.003 0.040 0.040 0.055 0.058 0.040 0.039 0.003 0.024 0.028 0.003 0.003 0.024 0.027 0.003 0.003 0.044 0.024 0.024 0.028 0.027 0.003   --  
 1800:    1.00    0.487    0.011 0.255 0.009 0.010 0.158 0.154 0.011 0.008    0.040 0.003 0.003 0.024 0.028 0.003 0.003 0.039 0.039 0.055 0.058 0.040 0.039 0.003 0.024 0.028 0.003 0.003 0.024 0.028 0.003 0.003 0.043 0.024 0.023 0.028 0.027 0.003   --  
 1900:    1.00    0.469    0.011 0.243 0.009 0.009 0.160 0.151 0.011 0.008    0.040 0.003 0.003 0.024 0.028 0.004 0.003 0.039 0.039 0.055 0.058 0.040 0.039 0.003 0.024 0.028 0.003 0.003 0.024 0.028 0.003 0.003 0.044 0.024 0.024 0.028 0.027 0.003   --  

--------------------------------------------
Proportion of membership of each pre-defined
 population in each of the 8 clusters

Given    Inferred Clusters                                          Number of
 Pop       1      2      3      4      5      6      7      8      Individuals

  1:     0.109  0.034  0.146  0.191  0.054  0.028  0.241  0.196       54
  2:     0.126  0.034  0.147  0.201  0.048  0.030  0.234  0.181       30
  3:     0.015  0.051  0.022  0.031  0.691  0.054  0.026  0.112       30
  4:     0.015  0.016  0.017  0.013  0.822  0.076  0.033  0.008       20
  5:     0.025  0.020  0.013  0.015  0.758  0.075  0.054  0.040       30
  6:     0.157  0.032  0.134  0.217  0.046  0.032  0.180  0.201       43
  7:     0.122  0.024  0.180  0.190  0.048  0.026  0.206  0.205       44
  8:     0.230  0.022  0.178  0.075  0.023  0.026  0.132  0.314        4
  9:     0.112  0.029  0.210  0.220  0.011  0.021  0.152  0.245       22
 10:     0.155  0.032  0.188  0.210  0.011  0.032  0.148  0.224       24
 11:     0.136  0.027  0.193  0.176  0.039  0.029  0.181  0.219       54
 12:     0.105  0.035  0.139  0.207  0.042  0.023  0.213  0.236       37
 13:     0.141  0.029  0.140  0.206  0.054  0.034  0.198  0.197       42
 14:     0.118  0.031  0.185  0.208  0.042  0.027  0.216  0.173       42
 15:     0.160  0.032  0.144  0.185  0.044  0.027  0.186  0.221       49
 16:     0.120  0.032  0.153  0.209  0.050  0.031  0.220  0.185      124
 17:     0.101  0.027  0.141  0.223  0.039  0.034  0.177  0.258       24
 18:     0.115  0.038  0.208  0.240  0.035  0.032  0.176  0.155       34
 19:     0.141  0.034  0.174  0.187  0.045  0.029  0.198  0.192       52
 20:     0.014  0.040  0.291  0.508  0.046  0.004  0.018  0.079        1
 21:     0.011  0.082  0.044  0.137  0.000  0.095  0.184  0.447        1
 22:     0.022  0.055  0.027  0.302  0.036  0.054  0.386  0.118        1
 23:     0.026  0.031  0.019  0.324  0.045  0.085  0.242  0.227        1
 24:     0.013  0.031  0.095  0.189  0.002  0.059  0.177  0.435        1
 25:     0.539  0.004  0.175  0.000  0.074  0.075  0.128  0.005        1
 26:     0.308  0.037  0.154  0.039  0.023  0.043  0.252  0.144        1
 27:     0.042  0.039  0.054  0.194  0.075  0.068  0.075  0.454        1
 28:     0.199  0.052  0.071  0.079  0.018  0.024  0.537  0.019        1
 29:     0.273  0.065  0.136  0.075  0.000  0.020  0.288  0.143        1
 30:     0.264  0.022  0.285  0.005  0.120  0.057  0.150  0.097        1
 31:     0.036  0.071  0.058  0.178  0.199  0.005  0.097  0.356        1
 32:     0.308  0.020  0.060  0.141  0.008  0.028  0.202  0.233        1
 33:     0.148  0.064  0.000  0.162  0.079  0.034  0.507  0.005        1
 34:     0.166  0.038  0.059  0.123  0.004  0.043  0.231  0.336        1
 35:     0.060  0.020  0.228  0.197  0.010  0.020  0.466  0.001        1
 36:     0.000  0.039  0.058  0.250  0.064  0.047  0.098  0.445        1
 37:     0.231  0.007  0.022  0.305  0.024  0.062  0.348  0.002        1
 38:     0.161  0.026  0.041  0.082  0.081  0.117  0.202  0.290        1
 39:     0.246  0.070  0.071  0.000  0.005  0.046  0.483  0.079        1
 40:     0.276  0.054  0.124  0.072  0.040  0.104  0.223  0.106        1
 41:     0.072  0.033  0.171  0.094  0.017  0.034  0.316  0.263        1
 42:     0.179  0.059  0.190  0.374  0.013  0.047  0.137  0.001        1
 43:     0.228  0.053  0.319  0.086  0.042  0.049  0.140  0.081        1
 44:     0.135  0.056  0.371  0.150  0.129  0.003  0.107  0.049        1
 45:     0.111  0.049  0.104  0.104  0.028  0.051  0.549  0.004        1
 46:     0.002  0.029  0.224  0.225  0.017  0.084  0.359  0.060        1
 47:     0.107  0.026  0.071  0.010  0.001  0.032  0.744  0.008        1
 48:     0.074  0.030  0.127  0.004  0.025  0.045  0.657  0.038        1
 49:     0.205  0.027  0.000  0.000  0.024  0.024  0.213  0.508        1
 50:     0.136  0.034  0.093  0.187  0.311  0.051  0.009  0.179        1
 51:     0.198  0.042  0.093  0.006  0.179  0.039  0.194  0.249        1
 52:     0.001  0.069  0.080  0.187  0.036  0.084  0.192  0.352        1
 53:     0.148  0.040  0.069  0.069  0.079  0.014  0.454  0.127        1
 54:     0.001  0.988  0.001  0.004  0.000  0.000  0.000  0.004        1
 55:     0.003  0.989  0.001  0.004  0.002  0.000  0.000  0.002        1
 56:     0.059  0.807  0.109  0.000  0.001  0.011  0.006  0.006        1
