

----------------------------------------------------
STRUCTURE by Pritchard, Stephens and Donnelly (2000)
     and Falush, Stephens and Pritchard (2003)
       Code by Pritchard, Falush and Hubisz
             Version 2.3.4 (Jul 2012)
----------------------------------------------------


Reading file "/workdir/yc2644/CV_CT_array/structure/threader_input/mainparams".
Reading file "/workdir/yc2644/CV_CT_array/structure/threader_input/extraparams".
Reading file "/workdir/yc2644/CV_CT_array/structure/threader_input/n1601.recode.strct_in".


Data file "/workdir/yc2644/CV_CT_array/structure/threader_input/n1601.recode.strct_in" (truncated) --

Ind:   Label Pop : Genotype_data . . . .
  1:  001s    1  :  2   1   2   2   2   1   2  . . . .   2
  1:  001s    1  :  2   2   2   2   2   2   2  . . . .   2
  2:  002s    1  :  2   2   2   2   1   1   2  . . . .   2
  2:  002s    1  :  2   2   2   2   2   2   2  . . . .   2
  3:  003s    1  :  1   2   1   2   2   2   2  . . . .   1
  3:  003s    1  :  2   2   1   2   2   2   2  . . . .   2
  4:  004s    1  :  1   1   2   2   1   2   2  . . . .   1
  4:  004s    1  :  2   1   2   2   2   2   2  . . . .   2

      *******   

1600:    49  192  :  2   2   2   2   2   1   2  . . . .   1
1600:    49  192  :  2   2   2   2   2   2   2  . . . .   2
1601:    50  192  :  2   1   2   2   1   2   2  . . . .   1
1601:    50  192  :  2   2   2   2   2   2   2  . . . .   2

Number of alleles per locus: min= 2; ave=2.0; max= 2


--------------------------------------

Finished initialization; starting MCMC 
100000 iterations + 10000 burnin


--------------------------------------------
Proportion of membership of each pre-defined
 population in each of the 8 clusters

Given    Inferred Clusters                                          Number of
 Pop       1      2      3      4      5      6      7      8      Individuals

  1:     0.173  0.128  0.105  0.128  0.064  0.127  0.156  0.119       54
  2:     0.194  0.118  0.108  0.113  0.066  0.106  0.175  0.121       30
  3:     0.043  0.077  0.092  0.110  0.466  0.108  0.042  0.061       30
  4:     0.033  0.068  0.104  0.102  0.541  0.069  0.032  0.050       20
  5:     0.055  0.049  0.121  0.086  0.499  0.083  0.036  0.072       30
  6:     0.145  0.153  0.102  0.135  0.063  0.101  0.162  0.138       43
  7:     0.176  0.149  0.084  0.115  0.065  0.117  0.150  0.143       44
  8:     0.194  0.080  0.143  0.225  0.052  0.159  0.076  0.070        4
  9:     0.182  0.173  0.130  0.102  0.038  0.100  0.150  0.124       22
 10:     0.155  0.144  0.118  0.093  0.042  0.115  0.186  0.147       24
 11:     0.161  0.138  0.104  0.138  0.057  0.101  0.174  0.126       54
 12:     0.171  0.147  0.087  0.141  0.058  0.093  0.173  0.129       37
 13:     0.155  0.134  0.100  0.141  0.070  0.123  0.161  0.115       42
 14:     0.137  0.155  0.094  0.110  0.062  0.104  0.197  0.142       42
 15:     0.163  0.134  0.070  0.131  0.066  0.121  0.165  0.150       49
 16:     0.161  0.142  0.091  0.128  0.064  0.121  0.163  0.129      124
 17:     0.180  0.164  0.088  0.100  0.064  0.108  0.138  0.159       24
 18:     0.190  0.144  0.092  0.112  0.056  0.087  0.179  0.140       34
 19:     0.150  0.144  0.102  0.132  0.064  0.109  0.170  0.130       52
 20:     0.313  0.151  0.158  0.001  0.043  0.100  0.092  0.141        1
 21:     0.143  0.123  0.184  0.262  0.040  0.005  0.154  0.089        1
 22:     0.242  0.100  0.054  0.108  0.040  0.179  0.223  0.054        1
 23:     0.117  0.089  0.146  0.166  0.058  0.276  0.088  0.060        1
 24:     0.229  0.128  0.096  0.112  0.068  0.081  0.142  0.144        1
 25:     0.100  0.040  0.030  0.222  0.112  0.011  0.075  0.411        1
 26:     0.106  0.137  0.127  0.079  0.090  0.106  0.174  0.181        1
 27:     0.184  0.135  0.113  0.053  0.093  0.147  0.105  0.170        1
 28:     0.074  0.381  0.022  0.172  0.045  0.081  0.085  0.139        1
 29:     0.082  0.032  0.267  0.083  0.024  0.187  0.279  0.046        1
 30:     0.190  0.124  0.153  0.022  0.091  0.120  0.168  0.132        1
 31:     0.238  0.156  0.004  0.028  0.163  0.273  0.120  0.017        1
 32:     0.242  0.039  0.022  0.212  0.053  0.107  0.085  0.240        1
 33:     0.210  0.203  0.025  0.049  0.062  0.109  0.051  0.292        1
 34:     0.273  0.117  0.047  0.064  0.015  0.309  0.101  0.074        1
 35:     0.046  0.070  0.127  0.078  0.046  0.042  0.182  0.410        1
 36:     0.293  0.055  0.066  0.032  0.093  0.163  0.014  0.283        1
 37:     0.153  0.130  0.113  0.167  0.046  0.083  0.162  0.146        1
 38:     0.149  0.118  0.151  0.140  0.099  0.134  0.101  0.107        1
 39:     0.091  0.133  0.021  0.190  0.064  0.164  0.256  0.081        1
 40:     0.250  0.023  0.066  0.177  0.060  0.119  0.011  0.294        1
 41:     0.133  0.228  0.143  0.063  0.061  0.176  0.116  0.080        1
 42:     0.073  0.129  0.068  0.150  0.074  0.117  0.131  0.259        1
 43:     0.157  0.257  0.067  0.256  0.028  0.081  0.111  0.043        1
 44:     0.190  0.231  0.096  0.080  0.106  0.084  0.100  0.111        1
 45:     0.050  0.108  0.102  0.231  0.007  0.150  0.234  0.118        1
 46:     0.214  0.218  0.190  0.084  0.054  0.065  0.019  0.156        1
 47:     0.013  0.102  0.087  0.011  0.055  0.291  0.295  0.145        1
 48:     0.006  0.201  0.088  0.005  0.035  0.075  0.275  0.314        1
 49:     0.145  0.118  0.154  0.169  0.060  0.117  0.128  0.110        1
 50:     0.137  0.101  0.075  0.092  0.231  0.143  0.108  0.112        1
 51:     0.245  0.005  0.009  0.319  0.179  0.079  0.036  0.128        1
 52:     0.189  0.224  0.168  0.066  0.066  0.035  0.168  0.084        1
 53:     0.274  0.195  0.047  0.031  0.059  0.223  0.130  0.040        1
 54:     0.046  0.128  0.143  0.086  0.148  0.375  0.063  0.011        1
 55:     0.057  0.110  0.094  0.053  0.187  0.275  0.125  0.100        1
 56:     0.138  0.124  0.128  0.132  0.111  0.102  0.153  0.113        1
 57:     0.151  0.206  0.099  0.079  0.122  0.117  0.015  0.211        1
 58:     0.012  0.300  0.057  0.163  0.182  0.010  0.179  0.098        1
 59:     0.067  0.308  0.080  0.194  0.161  0.008  0.133  0.050        1
 60:     0.136  0.032  0.006  0.038  0.213  0.181  0.195  0.198        1
 61:     0.138  0.158  0.071  0.022  0.228  0.247  0.020  0.115        1
 62:     0.056  0.181  0.099  0.076  0.300  0.097  0.139  0.051        1
 63:     0.065  0.304  0.072  0.088  0.158  0.166  0.034  0.112        1
 64:     0.125  0.060  0.156  0.135  0.177  0.125  0.044  0.178        1
 65:     0.132  0.383  0.008  0.044  0.165  0.152  0.024  0.091        1
 66:     0.096  0.156  0.096  0.155  0.144  0.155  0.085  0.114        1
 67:     0.059  0.034  0.155  0.050  0.139  0.274  0.245  0.044        1
 68:     0.006  0.338  0.073  0.085  0.134  0.175  0.037  0.152        1
 69:     0.080  0.267  0.073  0.133  0.195  0.083  0.068  0.100        1
 70:     0.084  0.139  0.096  0.103  0.130  0.179  0.172  0.096        1
 71:     0.033  0.286  0.214  0.081  0.162  0.040  0.163  0.021        1
 72:     0.143  0.199  0.073  0.152  0.153  0.127  0.078  0.074        1
 73:     0.132  0.200  0.054  0.186  0.164  0.113  0.077  0.073        1
 74:     0.028  0.444  0.034  0.067  0.108  0.154  0.017  0.147        1
 75:     0.064  0.267  0.043  0.027  0.207  0.243  0.003  0.146        1
 76:     0.087  0.145  0.159  0.038  0.389  0.052  0.066  0.064        1
 77:     0.089  0.349  0.075  0.066  0.176  0.092  0.063  0.090        1
 78:     0.065  0.068  0.103  0.161  0.175  0.110  0.023  0.296        1
 79:     0.086  0.145  0.240  0.131  0.180  0.043  0.147  0.028        1
 80:     0.152  0.343  0.065  0.020  0.160  0.058  0.155  0.047        1
 81:     0.088  0.153  0.096  0.091  0.195  0.139  0.067  0.171        1
 82:     0.051  0.096  0.179  0.048  0.134  0.236  0.101  0.153        1
 83:     0.006  0.417  0.116  0.022  0.152  0.012  0.015  0.261        1
 84:     0.007  0.011  0.774  0.081  0.064  0.004  0.036  0.024        1
 85:     0.052  0.059  0.601  0.078  0.087  0.040  0.009  0.073        1
 86:     0.004  0.037  0.338  0.021  0.080  0.133  0.047  0.341        1
 87:     0.066  0.019  0.280  0.071  0.105  0.023  0.041  0.395        1
 88:     0.075  0.037  0.380  0.041  0.135  0.172  0.033  0.125        1
 89:     0.056  0.026  0.434  0.035  0.078  0.099  0.000  0.272        1
 90:     0.017  0.041  0.604  0.084  0.028  0.076  0.037  0.114        1
 91:     0.108  0.025  0.583  0.033  0.097  0.073  0.028  0.054        1
 92:     0.072  0.089  0.479  0.052  0.090  0.025  0.003  0.190        1
 93:     0.031  0.037  0.507  0.010  0.185  0.034  0.037  0.160        1
 94:     0.099  0.020  0.587  0.054  0.097  0.098  0.013  0.033        1
 95:     0.036  0.067  0.614  0.137  0.077  0.014  0.011  0.045        1
 96:     0.005  0.056  0.624  0.075  0.107  0.041  0.045  0.048        1
 97:     0.018  0.027  0.539  0.135  0.102  0.078  0.038  0.063        1
 98:     0.021  0.052  0.487  0.006  0.110  0.056  0.040  0.227        1
 99:     0.057  0.041  0.710  0.001  0.118  0.008  0.039  0.025        1
100:     0.161  0.054  0.374  0.057  0.068  0.028  0.134  0.124        1
101:     0.069  0.003  0.569  0.036  0.102  0.043  0.062  0.115        1
102:     0.006  0.007  0.460  0.107  0.028  0.151  0.037  0.206        1
103:     0.062  0.057  0.443  0.054  0.091  0.098  0.056  0.140        1
104:     0.019  0.004  0.695  0.048  0.072  0.048  0.101  0.013        1
105:     0.018  0.044  0.538  0.004  0.141  0.017  0.016  0.222        1
106:     0.141  0.042  0.454  0.037  0.078  0.069  0.002  0.177        1
107:     0.045  0.074  0.352  0.053  0.147  0.125  0.028  0.175        1
108:     0.101  0.139  0.138  0.036  0.150  0.090  0.060  0.287        1
109:     0.044  0.165  0.436  0.119  0.121  0.025  0.067  0.024        1
110:     0.026  0.031  0.583  0.059  0.012  0.139  0.103  0.047        1
111:     0.051  0.053  0.431  0.054  0.122  0.092  0.049  0.147        1
112:     0.078  0.008  0.723  0.027  0.047  0.045  0.006  0.065        1
113:     0.005  0.041  0.585  0.029  0.068  0.115  0.056  0.100        1
114:     0.003  0.089  0.553  0.014  0.088  0.149  0.061  0.042        1
115:     0.071  0.057  0.598  0.019  0.091  0.031  0.013  0.120        1
116:     0.032  0.019  0.524  0.073  0.074  0.053  0.019  0.205        1
117:     0.064  0.049  0.401  0.100  0.143  0.068  0.028  0.147        1
118:     0.028  0.009  0.593  0.015  0.142  0.104  0.051  0.057        1
119:     0.059  0.039  0.538  0.011  0.114  0.114  0.059  0.066        1
120:     0.003  0.051  0.262  0.016  0.041  0.529  0.006  0.092        1
121:     0.091  0.012  0.523  0.041  0.111  0.037  0.033  0.152        1
122:     0.083  0.009  0.414  0.118  0.114  0.069  0.020  0.173        1
123:     0.040  0.001  0.636  0.148  0.093  0.063  0.007  0.012        1
124:     0.017  0.039  0.643  0.033  0.110  0.010  0.035  0.114        1
125:     0.027  0.003  0.544  0.142  0.125  0.157  0.002  0.000        1
126:     0.073  0.063  0.617  0.062  0.071  0.030  0.025  0.059        1
127:     0.012  0.019  0.600  0.030  0.109  0.070  0.010  0.151        1
128:     0.088  0.094  0.477  0.049  0.095  0.093  0.011  0.092        1
129:     0.006  0.087  0.411  0.015  0.176  0.126  0.013  0.166        1
130:     0.008  0.055  0.288  0.034  0.160  0.084  0.031  0.340        1
131:     0.009  0.054  0.508  0.027  0.099  0.204  0.021  0.078        1
132:     0.004  0.004  0.226  0.150  0.163  0.024  0.015  0.413        1
133:     0.032  0.016  0.529  0.021  0.139  0.239  0.006  0.018        1
134:     0.042  0.028  0.344  0.118  0.101  0.038  0.036  0.294        1
135:     0.078  0.150  0.391  0.047  0.131  0.073  0.002  0.129        1
136:     0.027  0.060  0.231  0.064  0.076  0.145  0.027  0.369        1
137:     0.001  0.043  0.408  0.061  0.080  0.099  0.053  0.255        1
138:     0.017  0.007  0.748  0.053  0.083  0.080  0.009  0.004        1
139:     0.079  0.053  0.486  0.067  0.191  0.045  0.063  0.016        1
140:     0.005  0.029  0.602  0.076  0.055  0.138  0.019  0.077        1
141:     0.048  0.064  0.512  0.061  0.116  0.057  0.037  0.107        1
142:     0.089  0.078  0.524  0.015  0.084  0.086  0.021  0.104        1
143:     0.020  0.028  0.713  0.006  0.125  0.065  0.020  0.023        1
144:     0.055  0.074  0.396  0.077  0.139  0.172  0.005  0.082        1
145:     0.035  0.030  0.590  0.014  0.082  0.073  0.042  0.135        1
146:     0.015  0.026  0.394  0.035  0.096  0.253  0.070  0.110        1
147:     0.022  0.079  0.573  0.040  0.107  0.098  0.036  0.045        1
148:     0.029  0.218  0.040  0.080  0.135  0.196  0.061  0.242        1
149:     0.164  0.034  0.050  0.091  0.140  0.123  0.229  0.168        1
150:     0.095  0.425  0.014  0.162  0.045  0.063  0.018  0.179        1
151:     0.101  0.194  0.079  0.127  0.067  0.106  0.158  0.170        1
152:     0.131  0.131  0.086  0.122  0.081  0.158  0.157  0.135        1
153:     0.177  0.010  0.223  0.158  0.024  0.251  0.075  0.083        1
154:     0.130  0.089  0.160  0.126  0.057  0.124  0.183  0.130        1
155:     0.127  0.124  0.230  0.131  0.088  0.000  0.155  0.146        1
156:     0.132  0.131  0.089  0.179  0.099  0.040  0.182  0.149        1
157:     0.026  0.049  0.083  0.074  0.048  0.294  0.110  0.316        1
158:     0.410  0.073  0.083  0.246  0.052  0.078  0.032  0.026        1
159:     0.013  0.111  0.139  0.023  0.090  0.001  0.424  0.199        1
160:     0.227  0.006  0.028  0.078  0.067  0.188  0.307  0.099        1
161:     0.069  0.132  0.169  0.137  0.059  0.031  0.373  0.031        1
162:     0.115  0.075  0.113  0.081  0.052  0.187  0.149  0.227        1
163:     0.103  0.091  0.071  0.051  0.100  0.078  0.236  0.270        1
164:     0.065  0.213  0.059  0.100  0.053  0.016  0.232  0.262        1
165:     0.160  0.133  0.146  0.135  0.107  0.144  0.098  0.078        1
166:     0.202  0.243  0.017  0.115  0.085  0.079  0.188  0.070        1
167:     0.106  0.208  0.106  0.127  0.095  0.104  0.107  0.147        1
168:     0.183  0.098  0.103  0.055  0.032  0.172  0.342  0.016        1
169:     0.020  0.163  0.204  0.035  0.037  0.113  0.314  0.115        1
170:     0.042  0.033  0.180  0.031  0.033  0.142  0.161  0.377        1
171:     0.135  0.085  0.145  0.114  0.061  0.142  0.122  0.195        1
172:     0.107  0.150  0.111  0.116  0.104  0.156  0.138  0.117        1
173:     0.317  0.179  0.165  0.004  0.053  0.019  0.080  0.183        1
174:     0.136  0.137  0.107  0.080  0.067  0.111  0.175  0.186        1
175:     0.164  0.109  0.097  0.135  0.066  0.118  0.153  0.158       50
176:     0.178  0.127  0.098  0.115  0.062  0.119  0.178  0.122       49
177:     0.167  0.140  0.097  0.131  0.064  0.100  0.165  0.135       50
178:     0.156  0.125  0.090  0.130  0.061  0.124  0.177  0.137       49
179:     0.146  0.138  0.094  0.122  0.056  0.140  0.169  0.135       23
180:     0.171  0.144  0.097  0.123  0.063  0.107  0.164  0.130       49
181:     0.020  0.030  0.029  0.030  0.818  0.029  0.023  0.021       30
182:     0.026  0.040  0.054  0.067  0.525  0.241  0.017  0.031       30
183:     0.146  0.115  0.101  0.115  0.101  0.110  0.200  0.112       34
184:     0.171  0.159  0.091  0.119  0.060  0.113  0.158  0.129       36
185:     0.157  0.152  0.096  0.139  0.064  0.113  0.169  0.111       40
186:     0.195  0.115  0.098  0.129  0.056  0.102  0.155  0.150       39
187:     0.168  0.134  0.086  0.127  0.066  0.122  0.177  0.121       37
188:     0.162  0.171  0.106  0.134  0.062  0.116  0.130  0.119       40
189:     0.160  0.131  0.082  0.166  0.060  0.119  0.166  0.117       35
190:     0.173  0.134  0.102  0.139  0.063  0.121  0.163  0.105       28
191:     0.157  0.139  0.097  0.119  0.060  0.128  0.172  0.129       36
192:     0.165  0.132  0.093  0.125  0.067  0.129  0.161  0.128       32
--------------------------------------------

 Rep#:   Lambda   Alpha      F1    F2    F3    F4    F5    F6    F7    F8     D1,2  D1,3  D1,4  D1,5  D1,6  D1,7  D1,8  D2,3  D2,4  D2,5  D2,6  D2,7  D2,8  D3,4  D3,5  D3,6  D3,7  D3,8  D4,5  D4,6  D4,7  D4,8  D5,6  D5,7  D5,8  D6,7  D6,8  D7,8    Ln Like 
  100:    1.00    1.422    0.012 0.010 0.081 0.010 0.312 0.012 0.014 0.010    0.004 0.024 0.004 0.050 0.004 0.004 0.004 0.023 0.003 0.048 0.004 0.004 0.003 0.023 0.063 0.022 0.025 0.020 0.047 0.004 0.004 0.003 0.047 0.050 0.049 0.005 0.004 0.004   --  
  200:    1.00    1.134    0.012 0.011 0.210 0.010 0.238 0.013 0.015 0.010    0.006 0.038 0.004 0.036 0.004 0.004 0.004 0.038 0.005 0.036 0.006 0.006 0.005 0.037 0.059 0.038 0.038 0.037 0.035 0.004 0.004 0.003 0.035 0.036 0.035 0.005 0.004 0.004   --  
  300:    1.00    0.962    0.013 0.243 0.180 0.010 0.212 0.021 0.015 0.010    0.040 0.034 0.004 0.033 0.006 0.004 0.003 0.057 0.039 0.056 0.041 0.040 0.039 0.034 0.053 0.036 0.034 0.033 0.032 0.005 0.004 0.003 0.034 0.033 0.032 0.006 0.005 0.004   --  
  400:    1.00    0.878    0.012 0.254 0.170 0.011 0.218 0.064 0.015 0.011    0.043 0.032 0.004 0.034 0.012 0.004 0.004 0.058 0.042 0.059 0.050 0.043 0.042 0.032 0.051 0.039 0.032 0.032 0.033 0.012 0.004 0.003 0.038 0.034 0.033 0.013 0.012 0.004   --  
  500:    1.00    0.842    0.012 0.263 0.171 0.011 0.237 0.287 0.015 0.011    0.044 0.032 0.004 0.037 0.049 0.004 0.003 0.059 0.044 0.061 0.074 0.044 0.044 0.032 0.052 0.065 0.032 0.031 0.037 0.049 0.004 0.003 0.054 0.037 0.036 0.050 0.049 0.004   --  
  600:    1.00    0.830    0.012 0.264 0.168 0.011 0.222 0.342 0.015 0.011    0.045 0.032 0.004 0.035 0.054 0.004 0.003 0.060 0.044 0.061 0.078 0.045 0.044 0.032 0.051 0.068 0.032 0.032 0.035 0.053 0.004 0.004 0.052 0.035 0.034 0.054 0.053 0.004   --  
  700:    1.00    0.766    0.012 0.259 0.164 0.011 0.213 0.351 0.015 0.011    0.044 0.031 0.004 0.033 0.053 0.004 0.003 0.059 0.043 0.059 0.077 0.044 0.043 0.031 0.050 0.067 0.031 0.031 0.033 0.053 0.004 0.004 0.052 0.034 0.033 0.054 0.053 0.004   --  
  800:    1.00    0.732    0.012 0.260 0.164 0.012 0.206 0.334 0.015 0.011    0.044 0.031 0.004 0.032 0.052 0.004 0.003 0.060 0.044 0.060 0.078 0.044 0.043 0.030 0.049 0.067 0.031 0.030 0.032 0.051 0.004 0.004 0.050 0.033 0.032 0.052 0.051 0.004   --  
  900:    1.00    0.705    0.012 0.257 0.162 0.013 0.209 0.340 0.014 0.011    0.043 0.030 0.004 0.032 0.051 0.004 0.003 0.059 0.043 0.059 0.078 0.043 0.042 0.031 0.048 0.067 0.030 0.030 0.032 0.051 0.004 0.004 0.051 0.032 0.031 0.052 0.051 0.004   --  

--------------------------------------------
Proportion of membership of each pre-defined
 population in each of the 8 clusters

Given    Inferred Clusters                                          Number of
 Pop       1      2      3      4      5      6      7      8      Individuals

  1:     0.210  0.066  0.050  0.177  0.053  0.058  0.193  0.193       54
  2:     0.235  0.075  0.049  0.139  0.053  0.060  0.205  0.184       30
  3:     0.013  0.051  0.052  0.151  0.428  0.276  0.009  0.020       30
  4:     0.005  0.009  0.024  0.078  0.858  0.012  0.005  0.009       20
  5:     0.012  0.020  0.036  0.128  0.734  0.052  0.005  0.013       30
  6:     0.219  0.067  0.052  0.157  0.039  0.062  0.173  0.232       43
  7:     0.225  0.060  0.042  0.156  0.045  0.059  0.186  0.226       44
  8:     0.255  0.057  0.065  0.240  0.025  0.053  0.154  0.151        4
  9:     0.307  0.071  0.043  0.128  0.018  0.051  0.185  0.196       22
 10:     0.294  0.068  0.041  0.110  0.018  0.057  0.208  0.204       24
 11:     0.203  0.061  0.042  0.176  0.044  0.060  0.233  0.180       54
 12:     0.198  0.067  0.041  0.159  0.039  0.059  0.234  0.203       37
 13:     0.215  0.064  0.053  0.173  0.052  0.061  0.227  0.156       42
 14:     0.206  0.065  0.042  0.148  0.049  0.053  0.258  0.178       42
 15:     0.173  0.066  0.045  0.202  0.053  0.055  0.213  0.192       49
 16:     0.201  0.064  0.050  0.159  0.049  0.061  0.227  0.189      124
 17:     0.220  0.064  0.047  0.137  0.050  0.053  0.187  0.241       24
 18:     0.251  0.075  0.051  0.130  0.036  0.055  0.216  0.186       34
 19:     0.228  0.069  0.048  0.148  0.043  0.061  0.211  0.192       52
 20:     0.208  0.090  0.081  0.028  0.011  0.067  0.169  0.345        1
 21:     0.123  0.091  0.107  0.218  0.025  0.050  0.126  0.259        1
 22:     0.275  0.095  0.050  0.191  0.017  0.064  0.249  0.059        1
 23:     0.229  0.066  0.089  0.018  0.073  0.047  0.321  0.157        1
 24:     0.101  0.094  0.065  0.038  0.015  0.038  0.280  0.369        1
 25:     0.261  0.037  0.061  0.419  0.103  0.062  0.001  0.056        1
 26:     0.102  0.090  0.056  0.147  0.051  0.033  0.130  0.389        1
 27:     0.092  0.079  0.075  0.257  0.078  0.038  0.001  0.380        1
 28:     0.324  0.078  0.032  0.085  0.002  0.076  0.168  0.236        1
 29:     0.363  0.077  0.043  0.007  0.005  0.049  0.348  0.108        1
 30:     0.117  0.068  0.036  0.268  0.104  0.081  0.191  0.136        1
 31:     0.323  0.047  0.032  0.033  0.194  0.072  0.294  0.006        1
 32:     0.450  0.078  0.057  0.165  0.038  0.042  0.107  0.063        1
 33:     0.254  0.085  0.038  0.290  0.060  0.057  0.023  0.193        1
 34:     0.366  0.085  0.065  0.161  0.033  0.006  0.262  0.021        1
 35:     0.048  0.050  0.054  0.023  0.032  0.051  0.294  0.447        1
 36:     0.337  0.077  0.059  0.077  0.064  0.032  0.018  0.335        1
 37:     0.164  0.051  0.068  0.193  0.023  0.037  0.339  0.125        1
 38:     0.191  0.050  0.122  0.229  0.090  0.050  0.091  0.177        1
 39:     0.015  0.101  0.071  0.309  0.011  0.063  0.136  0.294        1
 40:     0.110  0.114  0.115  0.306  0.053  0.034  0.008  0.260        1
 41:     0.285  0.106  0.037  0.214  0.028  0.023  0.225  0.082        1
 42:     0.071  0.061  0.044  0.169  0.027  0.053  0.172  0.403        1
 43:     0.002  0.060  0.043  0.398  0.042  0.050  0.315  0.089        1
 44:     0.155  0.112  0.028  0.070  0.129  0.053  0.202  0.252        1
 45:     0.023  0.133  0.051  0.311  0.011  0.071  0.180  0.220        1
 46:     0.194  0.035  0.110  0.034  0.024  0.074  0.075  0.454        1
 47:     0.055  0.057  0.058  0.000  0.002  0.069  0.498  0.261        1
 48:     0.017  0.052  0.049  0.009  0.025  0.049  0.441  0.358        1
 49:     0.033  0.081  0.061  0.258  0.029  0.065  0.106  0.367        1
 50:     0.004  0.075  0.038  0.438  0.235  0.093  0.087  0.028        1
 51:     0.089  0.053  0.050  0.103  0.189  0.069  0.211  0.236        1
 52:     0.121  0.066  0.142  0.082  0.030  0.063  0.359  0.137        1
 53:     0.271  0.065  0.106  0.010  0.002  0.126  0.377  0.044        1
 54:     0.001  0.977  0.001  0.006  0.006  0.005  0.004  0.000        1
 55:     0.000  0.981  0.001  0.002  0.004  0.000  0.001  0.010        1
 56:     0.028  0.824  0.034  0.028  0.007  0.001  0.074  0.005        1
 57:     0.010  0.949  0.000  0.004  0.000  0.004  0.024  0.009        1
 58:     0.008  0.904  0.015  0.012  0.006  0.010  0.020  0.025        1
 59:     0.009  0.851  0.019  0.029  0.020  0.030  0.038  0.004        1
 60:     0.001  0.978  0.002  0.001  0.003  0.010  0.004  0.001        1
 61:     0.000  0.996  0.000  0.000  0.000  0.002  0.000  0.000        1
 62:     0.005  0.030  0.050  0.497  0.331  0.084  0.003  0.000        1
 63:     0.022  0.931  0.008  0.001  0.020  0.008  0.006  0.005        1
 64:     0.000  0.996  0.003  0.000  0.000  0.000  0.000  0.000        1
 65:     0.001  0.996  0.000  0.000  0.001  0.001  0.001  0.000        1
 66:     0.001  0.974  0.003  0.005  0.007  0.007  0.000  0.002        1
 67:     0.015  0.607  0.097  0.044  0.014  0.057  0.139  0.026        1
 68:     0.004  0.917  0.006  0.002  0.017  0.035  0.006  0.013        1
 69:     0.006  0.968  0.001  0.001  0.016  0.001  0.002  0.004        1
 70:     0.094  0.813  0.036  0.005  0.014  0.023  0.001  0.013        1
 71:     0.002  0.994  0.002  0.001  0.000  0.000  0.001  0.001        1
 72:     0.003  0.994  0.000  0.000  0.000  0.001  0.000  0.001        1
 73:     0.001  0.996  0.001  0.001  0.000  0.000  0.001  0.000        1
 74:     0.054  0.754  0.001  0.089  0.047  0.023  0.007  0.025        1
 75:     0.000  0.997  0.000  0.000  0.002  0.000  0.001  0.000        1
 76:     0.131  0.001  0.124  0.145  0.468  0.078  0.010  0.044        1
 77:     0.001  0.990  0.001  0.001  0.003  0.003  0.000  0.000        1
 78:     0.086  0.815  0.016  0.001  0.035  0.024  0.017  0.006        1
 79:     0.001  0.994  0.000  0.002  0.003  0.000  0.000  0.000        1
 80:     0.000  0.967  0.011  0.014  0.001  0.006  0.000  0.000        1
 81:     0.001  0.990  0.000  0.002  0.003  0.002  0.000  0.001        1
 82:     0.014  0.526  0.157  0.086  0.021  0.049  0.019  0.128        1
 83:     0.000  0.987  0.001  0.001  0.002  0.003  0.001  0.005        1
 84:     0.001  0.014  0.924  0.010  0.038  0.006  0.005  0.003        1
 85:     0.013  0.000  0.917  0.010  0.037  0.010  0.004  0.010        1
 86:     0.011  0.045  0.863  0.003  0.012  0.026  0.020  0.021        1
 87:     0.001  0.011  0.957  0.000  0.007  0.006  0.006  0.012        1
 88:     0.001  0.010  0.974  0.001  0.005  0.007  0.001  0.000        1
 89:     0.028  0.006  0.898  0.045  0.000  0.001  0.019  0.003        1
 90:     0.002  0.001  0.964  0.004  0.025  0.000  0.000  0.004        1
 91:     0.012  0.001  0.964  0.006  0.010  0.006  0.001  0.000        1
 92:     0.032  0.000  0.823  0.004  0.036  0.027  0.006  0.072        1
 93:     0.001  0.014  0.907  0.000  0.059  0.019  0.000  0.000        1
 94:     0.003  0.000  0.914  0.042  0.010  0.000  0.013  0.017        1
 95:     0.006  0.004  0.879  0.010  0.036  0.033  0.000  0.032        1
 96:     0.001  0.004  0.982  0.001  0.007  0.002  0.004  0.000        1
 97:     0.004  0.012  0.918  0.005  0.058  0.001  0.003  0.000        1
 98:     0.002  0.043  0.909  0.022  0.005  0.004  0.015  0.000        1
 99:     0.001  0.003  0.993  0.000  0.002  0.001  0.000  0.000        1
100:     0.000  0.003  0.983  0.000  0.008  0.005  0.001  0.000        1
101:     0.071  0.030  0.732  0.015  0.029  0.006  0.001  0.117        1
102:     0.051  0.028  0.778  0.034  0.008  0.043  0.037  0.021        1
103:     0.009  0.004  0.939  0.003  0.002  0.025  0.002  0.016        1
104:     0.004  0.005  0.932  0.026  0.002  0.022  0.004  0.005        1
105:     0.001  0.041  0.880  0.003  0.040  0.025  0.002  0.008        1
106:     0.008  0.014  0.788  0.042  0.003  0.004  0.022  0.119        1
107:     0.001  0.015  0.926  0.002  0.024  0.000  0.003  0.029        1
108:     0.065  0.005  0.834  0.007  0.016  0.010  0.064  0.000        1
109:     0.065  0.000  0.722  0.080  0.075  0.030  0.022  0.005        1
110:     0.028  0.036  0.766  0.001  0.012  0.006  0.103  0.049        1
111:     0.004  0.000  0.929  0.008  0.056  0.000  0.002  0.000        1
112:     0.000  0.001  0.974  0.002  0.002  0.001  0.017  0.004        1
113:     0.022  0.002  0.919  0.004  0.041  0.001  0.011  0.001        1
114:     0.013  0.009  0.941  0.005  0.022  0.005  0.006  0.001        1
115:     0.012  0.004  0.908  0.026  0.018  0.002  0.021  0.008        1
116:     0.000  0.004  0.991  0.001  0.001  0.001  0.000  0.001        1
117:     0.000  0.003  0.916  0.005  0.055  0.001  0.006  0.014        1
118:     0.002  0.016  0.920  0.001  0.014  0.035  0.009  0.002        1
119:     0.030  0.021  0.800  0.013  0.026  0.002  0.010  0.098        1
120:     0.007  0.032  0.926  0.000  0.003  0.007  0.014  0.010        1
121:     0.025  0.008  0.925  0.001  0.022  0.004  0.003  0.013        1
122:     0.012  0.012  0.906  0.028  0.002  0.004  0.015  0.021        1
123:     0.014  0.004  0.965  0.005  0.009  0.001  0.001  0.001        1
124:     0.003  0.005  0.795  0.026  0.083  0.012  0.014  0.061        1
125:     0.003  0.002  0.969  0.005  0.013  0.000  0.001  0.007        1
126:     0.040  0.017  0.844  0.011  0.006  0.022  0.003  0.058        1
127:     0.038  0.015  0.877  0.009  0.040  0.000  0.013  0.008        1
128:     0.000  0.022  0.931  0.007  0.008  0.009  0.016  0.006        1
129:     0.000  0.000  0.995  0.001  0.003  0.001  0.000  0.001        1
130:     0.002  0.006  0.896  0.005  0.070  0.000  0.007  0.015        1
131:     0.000  0.014  0.968  0.010  0.000  0.002  0.002  0.004        1
132:     0.024  0.002  0.783  0.029  0.054  0.027  0.026  0.055        1
133:     0.001  0.016  0.840  0.029  0.088  0.015  0.001  0.010        1
134:     0.027  0.052  0.790  0.016  0.005  0.027  0.036  0.047        1
135:     0.016  0.001  0.774  0.000  0.004  0.051  0.056  0.098        1
136:     0.000  0.001  0.988  0.006  0.000  0.001  0.003  0.000        1
137:     0.000  0.006  0.952  0.001  0.001  0.004  0.001  0.035        1
138:     0.002  0.028  0.963  0.001  0.000  0.001  0.002  0.002        1
139:     0.001  0.029  0.881  0.000  0.076  0.010  0.002  0.001        1
140:     0.007  0.012  0.874  0.001  0.067  0.027  0.002  0.010        1
141:     0.001  0.001  0.979  0.003  0.004  0.008  0.003  0.001        1
142:     0.020  0.018  0.838  0.030  0.034  0.008  0.027  0.025        1
143:     0.002  0.005  0.904  0.001  0.050  0.018  0.019  0.001        1
144:     0.006  0.000  0.913  0.004  0.051  0.001  0.016  0.009        1
145:     0.000  0.001  0.964  0.003  0.000  0.017  0.014  0.002        1
146:     0.003  0.016  0.927  0.002  0.014  0.024  0.000  0.012        1
147:     0.000  0.002  0.951  0.000  0.042  0.001  0.003  0.000        1
148:     0.025  0.070  0.123  0.179  0.084  0.067  0.094  0.358        1
149:     0.119  0.042  0.113  0.046  0.133  0.076  0.432  0.039        1
150:     0.019  0.074  0.098  0.495  0.000  0.060  0.053  0.199        1
151:     0.194  0.115  0.036  0.200  0.003  0.015  0.159  0.276        1
152:     0.152  0.051  0.025  0.252  0.123  0.049  0.092  0.255        1
153:     0.181  0.059  0.054  0.239  0.008  0.059  0.225  0.176        1
154:     0.280  0.065  0.056  0.351  0.004  0.067  0.122  0.055        1
155:     0.216  0.065  0.089  0.050  0.048  0.046  0.047  0.438        1
156:     0.115  0.075  0.056  0.112  0.066  0.056  0.039  0.482        1
157:     0.147  0.065  0.040  0.091  0.083  0.045  0.157  0.372        1
158:     0.429  0.059  0.093  0.200  0.044  0.050  0.098  0.027        1
159:     0.024  0.067  0.075  0.065  0.002  0.041  0.375  0.351        1
160:     0.211  0.081  0.042  0.447  0.029  0.054  0.046  0.090        1
161:     0.100  0.080  0.093  0.155  0.085  0.043  0.443  0.000        1
162:     0.206  0.089  0.032  0.056  0.031  0.091  0.112  0.383        1
163:     0.183  0.113  0.048  0.105  0.001  0.047  0.191  0.312        1
164:     0.088  0.098  0.041  0.227  0.039  0.086  0.162  0.258        1
165:     0.143  0.086  0.115  0.251  0.080  0.030  0.220  0.075        1
166:     0.122  0.050  0.021  0.295  0.036  0.076  0.360  0.041        1
167:     0.073  0.071  0.059  0.137  0.070  0.080  0.280  0.231        1
168:     0.332  0.066  0.055  0.102  0.008  0.052  0.303  0.081        1
169:     0.117  0.049  0.057  0.315  0.038  0.064  0.351  0.008        1
170:     0.159  0.062  0.068  0.277  0.008  0.075  0.026  0.324        1
171:     0.054  0.073  0.061  0.286  0.018  0.082  0.031  0.395        1
172:     0.146  0.089  0.082  0.052  0.054  0.047  0.464  0.066        1
173:     0.537  0.065  0.063  0.023  0.072  0.035  0.127  0.077        1
174:     0.016  0.075  0.050  0.151  0.020  0.082  0.265  0.341        1
175:     0.209  0.070  0.045  0.169  0.048  0.058  0.176  0.224       50
176:     0.253  0.067  0.039  0.169  0.039  0.061  0.193  0.178       49
177:     0.250  0.063  0.043  0.182  0.046  0.062  0.175  0.179       50
178:     0.203  0.066  0.044  0.188  0.051  0.061  0.186  0.200       49
179:     0.227  0.060  0.048  0.167  0.050  0.060  0.226  0.162       23
180:     0.219  0.066  0.044  0.165  0.044  0.054  0.208  0.200       49
181:     0.002  0.004  0.002  0.003  0.934  0.051  0.002  0.003       30
182:     0.005  0.006  0.003  0.002  0.161  0.817  0.003  0.003       30
183:     0.125  0.058  0.060  0.141  0.067  0.090  0.356  0.103       34
184:     0.203  0.060  0.041  0.195  0.045  0.060  0.229  0.167       36
185:     0.215  0.062  0.051  0.204  0.046  0.064  0.230  0.127       40
186:     0.226  0.069  0.046  0.168  0.037  0.064  0.237  0.152       39
187:     0.233  0.069  0.042  0.150  0.049  0.063  0.236  0.159       37
188:     0.253  0.063  0.056  0.180  0.048  0.066  0.173  0.161       40
189:     0.214  0.061  0.047  0.188  0.056  0.061  0.236  0.139       35
190:     0.266  0.066  0.042  0.201  0.048  0.074  0.177  0.125       28
191:     0.240  0.062  0.048  0.181  0.044  0.065  0.192  0.168       36
192:     0.248  0.069  0.037  0.182  0.042  0.064  0.223  0.136       32
--------------------------------------------

 Rep#:   Lambda   Alpha      F1    F2    F3    F4    F5    F6    F7    F8     D1,2  D1,3  D1,4  D1,5  D1,6  D1,7  D1,8  D2,3  D2,4  D2,5  D2,6  D2,7  D2,8  D3,4  D3,5  D3,6  D3,7  D3,8  D4,5  D4,6  D4,7  D4,8  D5,6  D5,7  D5,8  D6,7  D6,8  D7,8    Ln Like 
 1000:    1.00    0.664    0.012 0.259 0.160 0.014 0.203 0.333 0.013 0.011    0.042 0.030 0.004 0.031 0.051 0.004 0.003 0.059 0.042 0.059 0.077 0.042 0.042 0.030 0.048 0.066 0.030 0.030 0.031 0.050 0.004 0.004 0.051 0.031 0.031 0.051 0.050 0.004   --  
 1100:    1.00    0.631    0.012 0.259 0.160 0.015 0.204 0.332 0.013 0.011    0.042 0.030 0.004 0.031 0.050 0.004 0.003 0.059 0.043 0.060 0.078 0.043 0.042 0.030 0.048 0.066 0.030 0.029 0.031 0.050 0.004 0.004 0.051 0.032 0.031 0.050 0.049 0.004   --  
 1200:    1.00    0.611    0.012 0.250 0.160 0.015 0.202 0.330 0.013 0.011    0.042 0.029 0.004 0.031 0.050 0.004 0.003 0.059 0.043 0.060 0.077 0.042 0.042 0.030 0.048 0.067 0.029 0.029 0.031 0.050 0.005 0.004 0.051 0.031 0.031 0.050 0.049 0.004   --  
 1300:    1.00    0.580    0.012 0.250 0.159 0.015 0.203 0.327 0.013 0.011    0.041 0.029 0.005 0.032 0.049 0.004 0.003 0.059 0.042 0.060 0.078 0.042 0.041 0.030 0.049 0.066 0.029 0.029 0.032 0.050 0.005 0.004 0.051 0.032 0.031 0.049 0.049 0.004   --  
 1400:    1.00    0.553    0.011 0.254 0.158 0.015 0.218 0.327 0.013 0.011    0.041 0.029 0.005 0.033 0.048 0.004 0.003 0.059 0.042 0.061 0.077 0.041 0.041 0.030 0.050 0.066 0.029 0.029 0.033 0.049 0.005 0.005 0.052 0.033 0.033 0.049 0.048 0.004   --  
 1500:    1.00    0.527    0.011 0.250 0.157 0.024 0.240 0.320 0.013 0.011    0.041 0.028 0.007 0.036 0.048 0.004 0.003 0.059 0.043 0.064 0.077 0.041 0.041 0.030 0.052 0.066 0.029 0.028 0.037 0.049 0.007 0.006 0.054 0.036 0.035 0.048 0.047 0.004   --  
 1600:    1.00    0.514    0.011 0.257 0.155 0.110 0.289 0.327 0.013 0.011    0.040 0.028 0.021 0.046 0.049 0.003 0.003 0.058 0.053 0.074 0.077 0.041 0.040 0.039 0.062 0.066 0.029 0.028 0.059 0.053 0.022 0.020 0.066 0.046 0.046 0.049 0.048 0.004   --  
 1700:    1.00    0.491    0.011 0.248 0.150 0.226 0.348 0.321 0.013 0.011    0.041 0.028 0.035 0.051 0.049 0.003 0.003 0.058 0.060 0.080 0.076 0.041 0.041 0.047 0.067 0.064 0.029 0.028 0.068 0.053 0.037 0.035 0.071 0.051 0.051 0.049 0.048 0.004   --  
 1800:    1.00    0.479    0.011 0.251 0.155 0.227 0.358 0.318 0.013 0.011    0.041 0.028 0.036 0.052 0.048 0.003 0.003 0.058 0.061 0.081 0.076 0.041 0.041 0.049 0.068 0.064 0.029 0.028 0.065 0.053 0.037 0.036 0.071 0.052 0.051 0.048 0.047 0.003   --  
 1900:    1.00    0.467    0.011 0.257 0.152 0.226 0.360 0.320 0.013 0.011    0.041 0.028 0.035 0.052 0.048 0.003 0.003 0.059 0.062 0.081 0.078 0.041 0.041 0.048 0.069 0.065 0.029 0.028 0.064 0.054 0.036 0.035 0.071 0.053 0.052 0.048 0.048 0.003   --  

--------------------------------------------
Proportion of membership of each pre-defined
 population in each of the 8 clusters

Given    Inferred Clusters                                          Number of
 Pop       1      2      3      4      5      6      7      8      Individuals

  1:     0.269  0.037  0.033  0.092  0.024  0.029  0.244  0.272       54
  2:     0.299  0.047  0.031  0.094  0.022  0.030  0.213  0.265       30
  3:     0.029  0.050  0.053  0.237  0.238  0.288  0.048  0.056       30
  4:     0.001  0.001  0.004  0.957  0.032  0.004  0.001  0.001       20
  5:     0.007  0.005  0.010  0.867  0.056  0.041  0.006  0.008       30
  6:     0.308  0.035  0.031  0.091  0.022  0.028  0.203  0.283       43
  7:     0.272  0.036  0.030  0.093  0.021  0.030  0.218  0.301       44
  8:     0.319  0.047  0.027  0.054  0.015  0.028  0.192  0.319        4
  9:     0.400  0.039  0.026  0.060  0.011  0.024  0.199  0.242       22
 10:     0.376  0.036  0.029  0.051  0.013  0.035  0.207  0.254       24
 11:     0.263  0.033  0.031  0.090  0.023  0.028  0.303  0.229       54
 12:     0.249  0.038  0.025  0.088  0.018  0.026  0.252  0.302       37
 13:     0.284  0.039  0.032  0.088  0.023  0.037  0.286  0.211       42
 14:     0.288  0.040  0.028  0.087  0.025  0.022  0.282  0.227       42
 15:     0.223  0.036  0.024  0.093  0.025  0.030  0.297  0.272       49
 16:     0.283  0.039  0.032  0.093  0.023  0.033  0.265  0.231      124
 17:     0.274  0.045  0.034  0.089  0.026  0.027  0.199  0.307       24
 18:     0.288  0.042  0.032  0.082  0.025  0.022  0.255  0.254       34
 19:     0.312  0.040  0.029  0.089  0.022  0.032  0.255  0.222       52
 20:     0.212  0.057  0.044  0.047  0.015  0.042  0.195  0.388        1
 21:     0.387  0.066  0.128  0.084  0.000  0.015  0.123  0.196        1
 22:     0.346  0.039  0.012  0.071  0.016  0.072  0.310  0.133        1
 23:     0.138  0.022  0.087  0.083  0.050  0.010  0.214  0.397        1
 24:     0.110  0.058  0.057  0.097  0.007  0.013  0.208  0.450        1
 25:     0.195  0.008  0.054  0.118  0.058  0.030  0.261  0.276        1
 26:     0.035  0.047  0.053  0.115  0.013  0.015  0.311  0.412        1
 27:     0.114  0.038  0.089  0.121  0.036  0.016  0.046  0.540        1
 28:     0.651  0.069  0.031  0.050  0.002  0.037  0.049  0.112        1
 29:     0.267  0.076  0.036  0.040  0.038  0.035  0.354  0.153        1
 30:     0.319  0.050  0.030  0.162  0.012  0.014  0.193  0.220        1
 31:     0.362  0.045  0.034  0.234  0.065  0.034  0.225  0.000        1
 32:     0.386  0.041  0.041  0.103  0.002  0.025  0.303  0.099        1
 33:     0.360  0.101  0.007  0.116  0.030  0.006  0.235  0.144        1
 34:     0.378  0.041  0.061  0.090  0.048  0.001  0.364  0.016        1
 35:     0.081  0.030  0.062  0.061  0.003  0.045  0.234  0.484        1
 36:     0.487  0.022  0.087  0.077  0.055  0.003  0.026  0.244        1
 37:     0.197  0.019  0.039  0.100  0.015  0.019  0.402  0.209        1
 38:     0.250  0.031  0.081  0.154  0.039  0.020  0.218  0.207        1
 39:     0.007  0.089  0.054  0.076  0.000  0.026  0.277  0.470        1
 40:     0.075  0.059  0.077  0.124  0.019  0.005  0.024  0.618        1
 41:     0.375  0.073  0.042  0.063  0.003  0.012  0.309  0.123        1
 42:     0.178  0.064  0.035  0.105  0.010  0.001  0.233  0.375        1
 43:     0.141  0.022  0.051  0.091  0.041  0.034  0.595  0.024        1
 44:     0.174  0.090  0.000  0.141  0.055  0.029  0.257  0.255        1
 45:     0.074  0.081  0.033  0.079  0.001  0.010  0.349  0.373        1
 46:     0.503  0.010  0.105  0.015  0.020  0.075  0.093  0.179        1
 47:     0.003  0.039  0.058  0.061  0.007  0.020  0.419  0.393        1
 48:     0.051  0.014  0.037  0.067  0.009  0.042  0.322  0.457        1
 49:     0.113  0.053  0.055  0.049  0.003  0.018  0.203  0.506        1
 50:     0.142  0.050  0.071  0.309  0.046  0.058  0.301  0.023        1
 51:     0.220  0.048  0.047  0.214  0.038  0.043  0.259  0.131        1
 52:     0.169  0.056  0.059  0.100  0.012  0.063  0.408  0.134        1
 53:     0.272  0.042  0.023  0.102  0.017  0.058  0.476  0.010        1
 54:     0.001  0.978  0.001  0.005  0.012  0.001  0.001  0.001        1
 55:     0.000  0.985  0.001  0.000  0.011  0.000  0.002  0.001        1
 56:     0.005  0.836  0.032  0.010  0.000  0.009  0.056  0.051        1
