

----------------------------------------------------
STRUCTURE by Pritchard, Stephens and Donnelly (2000)
     and Falush, Stephens and Pritchard (2003)
       Code by Pritchard, Falush and Hubisz
             Version 2.3.4 (Jul 2012)
----------------------------------------------------


Reading file "/workdir/yc2644/CV_CT_array/structure/threader_input/mainparams".
Reading file "/workdir/yc2644/CV_CT_array/structure/threader_input/extraparams".
Reading file "/workdir/yc2644/CV_CT_array/structure/threader_input/n1601.recode.strct_in".


Data file "/workdir/yc2644/CV_CT_array/structure/threader_input/n1601.recode.strct_in" (truncated) --

Ind:   Label Pop : Genotype_data . . . .
  1:  001s    1  :  2   1   2   2   2   1   2  . . . .   2
  1:  001s    1  :  2   2   2   2   2   2   2  . . . .   2
  2:  002s    1  :  2   2   2   2   1   1   2  . . . .   2
  2:  002s    1  :  2   2   2   2   2   2   2  . . . .   2
  3:  003s    1  :  1   2   1   2   2   2   2  . . . .   1
  3:  003s    1  :  2   2   1   2   2   2   2  . . . .   2
  4:  004s    1  :  1   1   2   2   1   2   2  . . . .   1
  4:  004s    1  :  2   1   2   2   2   2   2  . . . .   2

      *******   

1600:    49  192  :  2   2   2   2   2   1   2  . . . .   1
1600:    49  192  :  2   2   2   2   2   2   2  . . . .   2
1601:    50  192  :  2   1   2   2   1   2   2  . . . .   1
1601:    50  192  :  2   2   2   2   2   2   2  . . . .   2

Number of alleles per locus: min= 2; ave=2.0; max= 2


--------------------------------------

Finished initialization; starting MCMC 
100000 iterations + 10000 burnin


--------------------------------------------
Proportion of membership of each pre-defined
 population in each of the 9 clusters

Given    Inferred Clusters                                                 Number of
 Pop       1      2      3      4      5      6      7      8      9      Individuals

  1:     0.124  0.110  0.121  0.118  0.067  0.146  0.136  0.104  0.072       54
  2:     0.130  0.123  0.087  0.144  0.067  0.148  0.128  0.103  0.069       30
  3:     0.042  0.071  0.056  0.057  0.481  0.052  0.065  0.091  0.085       30
  4:     0.044  0.041  0.045  0.040  0.580  0.034  0.047  0.058  0.112       20
  5:     0.039  0.056  0.083  0.043  0.504  0.034  0.057  0.062  0.122       30
  6:     0.129  0.114  0.147  0.129  0.061  0.122  0.122  0.107  0.069       43
  7:     0.145  0.105  0.139  0.109  0.055  0.142  0.127  0.116  0.062       44
  8:     0.095  0.131  0.137  0.103  0.050  0.136  0.172  0.075  0.100        4
  9:     0.180  0.113  0.089  0.107  0.036  0.180  0.125  0.102  0.066       22
 10:     0.116  0.113  0.139  0.107  0.039  0.152  0.153  0.119  0.062       24
 11:     0.126  0.121  0.124  0.123  0.065  0.139  0.133  0.106  0.064       54
 12:     0.129  0.110  0.132  0.100  0.060  0.150  0.155  0.099  0.066       37
 13:     0.111  0.120  0.117  0.127  0.067  0.139  0.130  0.117  0.071       42
 14:     0.119  0.111  0.131  0.137  0.062  0.127  0.139  0.104  0.070       42
 15:     0.133  0.135  0.116  0.126  0.070  0.117  0.128  0.107  0.068       49
 16:     0.132  0.122  0.122  0.123  0.065  0.128  0.134  0.107  0.066      124
 17:     0.124  0.103  0.087  0.140  0.063  0.153  0.139  0.120  0.071       24
 18:     0.136  0.120  0.113  0.117  0.058  0.123  0.149  0.107  0.078       34
 19:     0.131  0.099  0.114  0.123  0.064  0.141  0.143  0.113  0.071       52
 20:     0.107  0.044  0.210  0.178  0.060  0.140  0.094  0.049  0.117        1
 21:     0.262  0.162  0.038  0.009  0.007  0.226  0.146  0.041  0.110        1
 22:     0.070  0.276  0.140  0.297  0.057  0.029  0.076  0.019  0.035        1
 23:     0.122  0.062  0.153  0.110  0.077  0.144  0.119  0.095  0.117        1
 24:     0.036  0.143  0.209  0.020  0.059  0.061  0.273  0.163  0.036        1
 25:     0.079  0.108  0.051  0.044  0.101  0.327  0.171  0.025  0.094        1
 26:     0.100  0.182  0.077  0.176  0.070  0.121  0.107  0.069  0.098        1
 27:     0.087  0.032  0.008  0.159  0.102  0.283  0.119  0.115  0.097        1
 28:     0.072  0.257  0.037  0.113  0.005  0.197  0.110  0.131  0.078        1
 29:     0.162  0.083  0.241  0.353  0.004  0.032  0.069  0.035  0.021        1
 30:     0.045  0.113  0.113  0.244  0.075  0.008  0.305  0.018  0.079        1
 31:     0.024  0.115  0.394  0.022  0.154  0.094  0.047  0.092  0.057        1
 32:     0.232  0.112  0.078  0.190  0.032  0.023  0.127  0.097  0.109        1
 33:     0.014  0.206  0.180  0.140  0.074  0.108  0.223  0.007  0.048        1
 34:     0.243  0.287  0.022  0.112  0.048  0.059  0.052  0.121  0.056        1
 35:     0.067  0.212  0.072  0.149  0.057  0.169  0.102  0.101  0.071        1
 36:     0.326  0.070  0.048  0.029  0.093  0.113  0.143  0.060  0.118        1
 37:     0.183  0.081  0.124  0.128  0.074  0.093  0.130  0.088  0.100        1
 38:     0.158  0.141  0.076  0.143  0.068  0.182  0.023  0.050  0.158        1
 39:     0.124  0.203  0.109  0.111  0.051  0.156  0.077  0.092  0.076        1
 40:     0.124  0.120  0.177  0.054  0.055  0.136  0.103  0.114  0.117        1
 41:     0.126  0.157  0.094  0.198  0.057  0.103  0.111  0.077  0.076        1
 42:     0.040  0.203  0.045  0.174  0.077  0.137  0.113  0.138  0.073        1
 43:     0.038  0.278  0.066  0.131  0.023  0.066  0.190  0.085  0.121        1
 44:     0.198  0.243  0.033  0.093  0.096  0.082  0.092  0.101  0.062        1
 45:     0.173  0.242  0.042  0.119  0.027  0.112  0.162  0.023  0.100        1
 46:     0.164  0.047  0.100  0.065  0.046  0.291  0.007  0.153  0.126        1
 47:     0.321  0.056  0.109  0.099  0.035  0.180  0.106  0.023  0.071        1
 48:     0.401  0.040  0.101  0.005  0.050  0.061  0.164  0.094  0.084        1
 49:     0.109  0.162  0.136  0.177  0.015  0.121  0.156  0.100  0.022        1
 50:     0.190  0.047  0.085  0.035  0.211  0.014  0.244  0.064  0.111        1
 51:     0.135  0.160  0.061  0.044  0.172  0.010  0.137  0.166  0.116        1
 52:     0.095  0.145  0.170  0.102  0.056  0.112  0.109  0.125  0.086        1
 53:     0.062  0.084  0.099  0.080  0.103  0.154  0.115  0.258  0.046        1
 54:     0.067  0.114  0.026  0.539  0.069  0.067  0.051  0.047  0.021        1
 55:     0.028  0.232  0.075  0.207  0.087  0.022  0.090  0.097  0.163        1
 56:     0.088  0.155  0.039  0.341  0.038  0.047  0.101  0.022  0.169        1
 57:     0.008  0.100  0.007  0.662  0.041  0.007  0.028  0.076  0.072        1
 58:     0.032  0.106  0.048  0.376  0.073  0.064  0.086  0.114  0.101        1
 59:     0.090  0.134  0.054  0.252  0.084  0.066  0.071  0.126  0.123        1
 60:     0.095  0.014  0.030  0.535  0.076  0.013  0.099  0.094  0.043        1
 61:     0.013  0.015  0.116  0.444  0.053  0.033  0.057  0.092  0.177        1
 62:     0.084  0.075  0.095  0.096  0.274  0.095  0.077  0.120  0.084        1
 63:     0.057  0.023  0.073  0.115  0.076  0.089  0.167  0.281  0.119        1
 64:     0.022  0.050  0.002  0.597  0.079  0.064  0.003  0.044  0.138        1
 65:     0.040  0.113  0.055  0.471  0.047  0.043  0.006  0.102  0.124        1
 66:     0.063  0.127  0.063  0.431  0.098  0.015  0.013  0.059  0.131        1
 67:     0.015  0.105  0.023  0.398  0.064  0.050  0.011  0.126  0.208        1
 68:     0.018  0.081  0.091  0.435  0.028  0.133  0.005  0.066  0.144        1
 69:     0.078  0.249  0.041  0.241  0.018  0.054  0.083  0.005  0.231        1
 70:     0.108  0.135  0.095  0.187  0.087  0.098  0.089  0.081  0.119        1
 71:     0.038  0.034  0.038  0.609  0.032  0.047  0.026  0.038  0.136        1
 72:     0.060  0.013  0.083  0.570  0.018  0.013  0.059  0.050  0.133        1
 73:     0.016  0.315  0.042  0.379  0.027  0.002  0.092  0.039  0.089        1
 74:     0.052  0.180  0.012  0.272  0.082  0.087  0.147  0.087  0.081        1
 75:     0.113  0.082  0.008  0.485  0.014  0.035  0.047  0.068  0.149        1
 76:     0.037  0.057  0.112  0.065  0.348  0.061  0.080  0.118  0.122        1
 77:     0.198  0.041  0.084  0.325  0.058  0.029  0.041  0.108  0.114        1
 78:     0.076  0.149  0.077  0.202  0.092  0.088  0.089  0.112  0.114        1
 79:     0.009  0.059  0.062  0.442  0.058  0.061  0.083  0.074  0.152        1
 80:     0.078  0.068  0.074  0.336  0.006  0.033  0.050  0.217  0.137        1
 81:     0.088  0.086  0.100  0.395  0.046  0.091  0.029  0.025  0.140        1
 82:     0.022  0.072  0.037  0.345  0.044  0.142  0.082  0.048  0.208        1
 83:     0.050  0.081  0.074  0.538  0.046  0.002  0.014  0.090  0.105        1
 84:     0.008  0.103  0.014  0.033  0.029  0.030  0.019  0.034  0.731        1
 85:     0.006  0.138  0.042  0.073  0.028  0.008  0.018  0.011  0.678        1
 86:     0.084  0.098  0.013  0.030  0.051  0.014  0.042  0.067  0.600        1
 87:     0.004  0.057  0.055  0.019  0.029  0.047  0.003  0.056  0.731        1
 88:     0.015  0.106  0.056  0.011  0.030  0.046  0.007  0.035  0.694        1
 89:     0.027  0.030  0.013  0.064  0.012  0.080  0.044  0.024  0.706        1
 90:     0.038  0.061  0.033  0.023  0.037  0.019  0.017  0.043  0.729        1
 91:     0.013  0.048  0.033  0.044  0.036  0.033  0.035  0.095  0.662        1
 92:     0.029  0.131  0.013  0.018  0.035  0.032  0.106  0.034  0.603        1
 93:     0.013  0.037  0.027  0.002  0.042  0.054  0.007  0.079  0.738        1
 94:     0.042  0.149  0.058  0.009  0.057  0.055  0.017  0.011  0.601        1
 95:     0.073  0.036  0.069  0.010  0.039  0.036  0.009  0.054  0.674        1
 96:     0.018  0.058  0.052  0.059  0.007  0.054  0.017  0.002  0.735        1
 97:     0.060  0.063  0.027  0.076  0.035  0.053  0.011  0.032  0.643        1
 98:     0.065  0.079  0.034  0.009  0.035  0.038  0.014  0.040  0.685        1
 99:     0.005  0.103  0.029  0.022  0.004  0.020  0.011  0.013  0.792        1
100:     0.010  0.050  0.021  0.043  0.047  0.013  0.020  0.036  0.761        1
101:     0.003  0.117  0.024  0.026  0.073  0.115  0.004  0.070  0.567        1
102:     0.092  0.083  0.050  0.065  0.018  0.068  0.039  0.051  0.534        1
103:     0.025  0.068  0.002  0.082  0.001  0.102  0.007  0.004  0.710        1
104:     0.032  0.016  0.026  0.116  0.030  0.014  0.038  0.016  0.713        1
105:     0.000  0.001  0.020  0.117  0.045  0.029  0.008  0.072  0.709        1
106:     0.071  0.035  0.056  0.042  0.031  0.037  0.037  0.076  0.616        1
107:     0.044  0.042  0.015  0.036  0.043  0.050  0.046  0.040  0.684        1
108:     0.091  0.044  0.073  0.092  0.046  0.009  0.004  0.001  0.640        1
109:     0.099  0.062  0.018  0.044  0.046  0.052  0.056  0.055  0.568        1
110:     0.018  0.101  0.018  0.148  0.034  0.058  0.034  0.043  0.546        1
111:     0.039  0.037  0.018  0.083  0.039  0.010  0.021  0.027  0.726        1
112:     0.036  0.032  0.060  0.005  0.014  0.045  0.038  0.004  0.765        1
113:     0.026  0.047  0.061  0.015  0.017  0.066  0.037  0.010  0.721        1
114:     0.024  0.003  0.022  0.036  0.010  0.027  0.070  0.010  0.797        1
115:     0.074  0.043  0.014  0.041  0.025  0.025  0.016  0.045  0.717        1
116:     0.031  0.045  0.025  0.016  0.027  0.027  0.023  0.031  0.775        1
117:     0.013  0.024  0.024  0.050  0.020  0.044  0.020  0.092  0.714        1
118:     0.114  0.056  0.040  0.055  0.045  0.007  0.009  0.011  0.663        1
119:     0.017  0.134  0.021  0.052  0.040  0.033  0.020  0.015  0.669        1
120:     0.083  0.088  0.014  0.020  0.011  0.055  0.030  0.042  0.658        1
121:     0.022  0.044  0.041  0.006  0.034  0.076  0.010  0.049  0.718        1
122:     0.065  0.019  0.017  0.032  0.009  0.118  0.006  0.003  0.731        1
123:     0.032  0.082  0.033  0.011  0.026  0.064  0.001  0.027  0.724        1
124:     0.036  0.061  0.093  0.009  0.012  0.024  0.107  0.026  0.633        1
125:     0.030  0.033  0.009  0.015  0.048  0.041  0.026  0.011  0.785        1
126:     0.096  0.049  0.039  0.135  0.029  0.012  0.010  0.020  0.610        1
127:     0.044  0.061  0.130  0.051  0.026  0.019  0.015  0.026  0.629        1
128:     0.027  0.060  0.039  0.111  0.030  0.063  0.032  0.022  0.615        1
129:     0.015  0.021  0.015  0.010  0.026  0.031  0.004  0.027  0.851        1
130:     0.102  0.017  0.034  0.054  0.016  0.011  0.023  0.051  0.691        1
131:     0.071  0.005  0.027  0.032  0.027  0.037  0.011  0.004  0.786        1
132:     0.072  0.086  0.016  0.045  0.069  0.065  0.011  0.026  0.610        1
133:     0.044  0.073  0.017  0.037  0.083  0.061  0.022  0.014  0.649        1
134:     0.012  0.188  0.003  0.039  0.024  0.113  0.014  0.015  0.591        1
135:     0.119  0.112  0.051  0.012  0.046  0.002  0.017  0.076  0.565        1
136:     0.034  0.035  0.053  0.033  0.026  0.037  0.028  0.036  0.717        1
137:     0.032  0.053  0.040  0.048  0.029  0.047  0.019  0.056  0.676        1
138:     0.019  0.044  0.042  0.019  0.030  0.037  0.038  0.033  0.738        1
139:     0.056  0.097  0.033  0.053  0.024  0.018  0.004  0.003  0.712        1
140:     0.058  0.004  0.003  0.040  0.116  0.039  0.009  0.041  0.690        1
141:     0.043  0.057  0.035  0.034  0.029  0.032  0.032  0.050  0.688        1
142:     0.080  0.044  0.004  0.059  0.055  0.034  0.014  0.048  0.662        1
143:     0.033  0.046  0.031  0.043  0.066  0.053  0.021  0.035  0.673        1
144:     0.080  0.054  0.027  0.023  0.048  0.028  0.015  0.024  0.701        1
145:     0.021  0.062  0.030  0.055  0.023  0.037  0.030  0.050  0.692        1
146:     0.002  0.126  0.006  0.012  0.025  0.063  0.022  0.040  0.705        1
147:     0.030  0.064  0.061  0.051  0.027  0.016  0.032  0.033  0.686        1
148:     0.136  0.093  0.075  0.158  0.094  0.073  0.136  0.078  0.157        1
149:     0.114  0.065  0.086  0.122  0.159  0.071  0.029  0.270  0.085        1
150:     0.027  0.075  0.138  0.221  0.072  0.126  0.101  0.216  0.022        1
151:     0.196  0.122  0.049  0.129  0.049  0.052  0.181  0.152  0.071        1
152:     0.186  0.241  0.052  0.014  0.075  0.126  0.015  0.220  0.070        1
153:     0.137  0.051  0.120  0.146  0.049  0.051  0.341  0.004  0.101        1
154:     0.256  0.033  0.024  0.064  0.069  0.087  0.387  0.053  0.027        1
155:     0.127  0.037  0.075  0.031  0.049  0.247  0.202  0.128  0.105        1
156:     0.018  0.234  0.213  0.145  0.053  0.024  0.031  0.198  0.084        1
157:     0.012  0.088  0.045  0.092  0.059  0.218  0.170  0.205  0.110        1
158:     0.013  0.188  0.211  0.099  0.008  0.302  0.029  0.049  0.100        1
159:     0.202  0.019  0.278  0.047  0.005  0.009  0.212  0.147  0.081        1
160:     0.046  0.055  0.191  0.262  0.063  0.105  0.014  0.192  0.070        1
161:     0.074  0.084  0.227  0.083  0.086  0.162  0.095  0.112  0.076        1
162:     0.235  0.066  0.087  0.235  0.051  0.181  0.023  0.062  0.060        1
163:     0.153  0.107  0.109  0.167  0.091  0.135  0.053  0.124  0.061        1
164:     0.118  0.008  0.067  0.247  0.034  0.197  0.086  0.201  0.042        1
165:     0.142  0.208  0.079  0.048  0.084  0.075  0.176  0.078  0.111        1
166:     0.098  0.106  0.126  0.162  0.107  0.092  0.149  0.088  0.072        1
167:     0.097  0.184  0.209  0.104  0.063  0.053  0.128  0.130  0.033        1
168:     0.102  0.094  0.203  0.018  0.028  0.254  0.066  0.151  0.083        1
169:     0.038  0.081  0.110  0.123  0.038  0.235  0.129  0.164  0.083        1
170:     0.152  0.083  0.056  0.181  0.031  0.200  0.031  0.180  0.085        1
171:     0.066  0.073  0.201  0.020  0.059  0.225  0.071  0.233  0.052        1
172:     0.081  0.101  0.103  0.083  0.081  0.139  0.241  0.129  0.041        1
173:     0.121  0.025  0.225  0.207  0.085  0.121  0.128  0.016  0.071        1
174:     0.211  0.049  0.202  0.211  0.077  0.089  0.085  0.069  0.006        1
175:     0.122  0.114  0.129  0.112  0.067  0.136  0.145  0.108  0.067       50
176:     0.123  0.125  0.121  0.133  0.058  0.139  0.114  0.124  0.064       49
177:     0.126  0.134  0.127  0.118  0.060  0.134  0.126  0.109  0.066       50
178:     0.148  0.112  0.112  0.120  0.063  0.124  0.129  0.121  0.071       49
179:     0.118  0.103  0.146  0.119  0.069  0.153  0.133  0.097  0.062       23
180:     0.120  0.117  0.114  0.122  0.052  0.133  0.158  0.116  0.069       49
181:     0.037  0.023  0.029  0.026  0.664  0.032  0.027  0.130  0.032       30
182:     0.031  0.034  0.059  0.029  0.675  0.033  0.040  0.067  0.032       30
183:     0.129  0.103  0.116  0.148  0.101  0.121  0.111  0.087  0.084       34
184:     0.126  0.162  0.106  0.105  0.061  0.150  0.121  0.106  0.062       36
185:     0.137  0.117  0.115  0.113  0.061  0.130  0.136  0.120  0.071       40
186:     0.132  0.119  0.120  0.116  0.048  0.149  0.127  0.127  0.064       39
187:     0.120  0.125  0.137  0.120  0.065  0.129  0.136  0.108  0.061       37
188:     0.119  0.135  0.117  0.110  0.066  0.150  0.148  0.090  0.065       40
189:     0.127  0.123  0.119  0.126  0.070  0.131  0.125  0.111  0.068       35
190:     0.117  0.128  0.110  0.116  0.064  0.145  0.144  0.102  0.075       28
191:     0.126  0.136  0.107  0.110  0.064  0.155  0.128  0.109  0.065       36
192:     0.125  0.143  0.129  0.102  0.062  0.141  0.130  0.098  0.069       32
--------------------------------------------

 Rep#:   Lambda   Alpha      F1    F2    F3    F4    F5    F6    F7    F8    F9     D1,2  D1,3  D1,4  D1,5  D1,6  D1,7  D1,8  D1,9  D2,3  D2,4  D2,5  D2,6  D2,7  D2,8  D2,9  D3,4  D3,5  D3,6  D3,7  D3,8  D3,9  D4,5  D4,6  D4,7  D4,8  D4,9  D5,6  D5,7  D5,8  D5,9  D6,7  D6,8  D6,9  D7,8  D7,9  D8,9    Ln Like 
  100:    1.00    1.490    0.010 0.010 0.010 0.010 0.305 0.010 0.010 0.010 0.251    0.003 0.003 0.004 0.049 0.003 0.003 0.003 0.047 0.003 0.004 0.049 0.003 0.003 0.003 0.046 0.004 0.048 0.003 0.003 0.003 0.046 0.049 0.004 0.004 0.004 0.047 0.050 0.049 0.047 0.080 0.003 0.003 0.047 0.003 0.047 0.047   --  
  200:    1.00    1.147    0.010 0.010 0.010 0.243 0.228 0.010 0.010 0.010 0.209    0.003 0.003 0.041 0.034 0.003 0.003 0.003 0.037 0.003 0.041 0.033 0.003 0.003 0.003 0.037 0.041 0.034 0.003 0.003 0.003 0.037 0.059 0.041 0.041 0.041 0.064 0.034 0.034 0.033 0.057 0.003 0.003 0.037 0.003 0.037 0.037   --  
  300:    1.00    0.981    0.010 0.010 0.010 0.264 0.189 0.010 0.010 0.010 0.190    0.003 0.003 0.043 0.030 0.003 0.003 0.003 0.034 0.003 0.044 0.029 0.003 0.003 0.003 0.034 0.043 0.030 0.003 0.003 0.003 0.034 0.058 0.043 0.043 0.043 0.062 0.030 0.030 0.029 0.051 0.003 0.003 0.034 0.003 0.034 0.034   --  
  400:    1.00    0.915    0.010 0.010 0.010 0.271 0.184 0.010 0.010 0.010 0.174    0.003 0.003 0.044 0.028 0.003 0.003 0.003 0.032 0.003 0.044 0.028 0.003 0.003 0.003 0.032 0.044 0.028 0.003 0.003 0.003 0.032 0.057 0.044 0.044 0.044 0.062 0.028 0.028 0.028 0.048 0.003 0.003 0.032 0.003 0.032 0.032   --  
  500:    1.00    0.837    0.010 0.010 0.010 0.264 0.180 0.010 0.010 0.010 0.174    0.003 0.003 0.043 0.027 0.003 0.003 0.003 0.031 0.003 0.043 0.027 0.003 0.003 0.003 0.031 0.043 0.027 0.003 0.003 0.003 0.031 0.056 0.043 0.043 0.043 0.061 0.027 0.027 0.027 0.047 0.003 0.003 0.031 0.003 0.031 0.031   --  
  600:    1.00    0.791    0.010 0.010 0.010 0.257 0.173 0.010 0.010 0.010 0.172    0.003 0.003 0.043 0.026 0.003 0.003 0.003 0.030 0.003 0.042 0.026 0.003 0.003 0.003 0.031 0.042 0.026 0.003 0.003 0.003 0.031 0.056 0.043 0.043 0.042 0.060 0.026 0.026 0.026 0.046 0.003 0.003 0.031 0.003 0.031 0.031   --  
  700:    1.00    0.739    0.010 0.010 0.010 0.261 0.171 0.010 0.010 0.010 0.167    0.003 0.003 0.043 0.026 0.003 0.003 0.003 0.030 0.003 0.042 0.026 0.003 0.003 0.003 0.030 0.043 0.026 0.003 0.003 0.003 0.030 0.056 0.042 0.043 0.042 0.061 0.026 0.026 0.026 0.046 0.003 0.003 0.030 0.003 0.030 0.030   --  
  800:    1.00    0.722    0.010 0.010 0.010 0.263 0.169 0.010 0.010 0.010 0.163    0.003 0.003 0.042 0.026 0.003 0.003 0.003 0.029 0.003 0.042 0.025 0.003 0.003 0.003 0.030 0.042 0.026 0.003 0.003 0.003 0.030 0.056 0.042 0.042 0.042 0.060 0.026 0.026 0.026 0.045 0.003 0.003 0.030 0.003 0.029 0.030   --  
  900:    1.00    0.682    0.010 0.010 0.010 0.251 0.165 0.010 0.010 0.010 0.164    0.003 0.003 0.041 0.025 0.003 0.003 0.003 0.029 0.003 0.041 0.025 0.003 0.003 0.003 0.029 0.041 0.025 0.003 0.003 0.003 0.029 0.056 0.041 0.042 0.042 0.060 0.026 0.025 0.025 0.045 0.003 0.003 0.029 0.003 0.029 0.030   --  

--------------------------------------------
Proportion of membership of each pre-defined
 population in each of the 9 clusters

Given    Inferred Clusters                                                 Number of
 Pop       1      2      3      4      5      6      7      8      9      Individuals

  1:     0.137  0.126  0.123  0.053  0.065  0.172  0.146  0.139  0.040       54
  2:     0.124  0.148  0.105  0.058  0.055  0.168  0.151  0.150  0.041       30
  3:     0.024  0.030  0.020  0.051  0.679  0.017  0.024  0.102  0.053       30
  4:     0.004  0.016  0.024  0.027  0.805  0.009  0.039  0.006  0.069       20
  5:     0.014  0.022  0.080  0.023  0.743  0.013  0.024  0.015  0.067       30
  6:     0.139  0.107  0.174  0.050  0.054  0.133  0.153  0.148  0.042       43
  7:     0.157  0.104  0.163  0.050  0.050  0.135  0.164  0.134  0.043       44
  8:     0.024  0.106  0.239  0.051  0.024  0.163  0.176  0.163  0.053        4
  9:     0.207  0.107  0.122  0.055  0.014  0.171  0.114  0.172  0.036       22
 10:     0.133  0.148  0.143  0.056  0.024  0.186  0.116  0.158  0.034       24
 11:     0.140  0.131  0.154  0.048  0.050  0.155  0.152  0.125  0.044       54
 12:     0.127  0.155  0.136  0.053  0.043  0.157  0.168  0.121  0.040       37
 13:     0.130  0.104  0.128  0.054  0.060  0.152  0.163  0.163  0.046       42
 14:     0.173  0.119  0.122  0.052  0.055  0.135  0.190  0.117  0.037       42
 15:     0.153  0.143  0.142  0.055  0.056  0.138  0.109  0.160  0.044       49
 16:     0.153  0.128  0.134  0.051  0.058  0.143  0.155  0.131  0.047      124
 17:     0.170  0.125  0.118  0.053  0.054  0.168  0.131  0.139  0.041       24
 18:     0.152  0.120  0.110  0.059  0.042  0.156  0.172  0.145  0.044       34
 19:     0.142  0.088  0.142  0.055  0.058  0.165  0.174  0.136  0.040       52
 20:     0.355  0.227  0.003  0.061  0.036  0.196  0.027  0.063  0.032        1
 21:     0.185  0.150  0.048  0.097  0.027  0.265  0.085  0.025  0.118        1
 22:     0.030  0.118  0.011  0.090  0.049  0.398  0.109  0.187  0.008        1
 23:     0.210  0.030  0.294  0.039  0.081  0.182  0.055  0.008  0.102        1
 24:     0.085  0.013  0.181  0.050  0.021  0.259  0.017  0.317  0.058        1
 25:     0.106  0.071  0.056  0.027  0.089  0.238  0.122  0.211  0.080        1
 26:     0.133  0.102  0.160  0.080  0.022  0.259  0.139  0.025  0.082        1
 27:     0.028  0.173  0.103  0.056  0.071  0.275  0.169  0.080  0.046        1
 28:     0.155  0.168  0.090  0.086  0.029  0.175  0.176  0.088  0.033        1
 29:     0.075  0.163  0.258  0.100  0.010  0.157  0.070  0.107  0.060        1
 30:     0.038  0.019  0.157  0.061  0.115  0.040  0.474  0.027  0.069        1
 31:     0.047  0.149  0.443  0.057  0.197  0.045  0.015  0.013  0.034        1
 32:     0.375  0.030  0.094  0.052  0.039  0.066  0.165  0.119  0.060        1
 33:     0.035  0.152  0.107  0.090  0.103  0.151  0.321  0.014  0.027        1
 34:     0.106  0.254  0.007  0.091  0.026  0.109  0.109  0.209  0.090        1
 35:     0.020  0.217  0.069  0.051  0.027  0.112  0.155  0.295  0.053        1
 36:     0.298  0.001  0.194  0.069  0.083  0.136  0.134  0.008  0.078        1
 37:     0.148  0.026  0.269  0.007  0.068  0.118  0.130  0.163  0.071        1
 38:     0.193  0.271  0.044  0.046  0.097  0.112  0.076  0.047  0.114        1
 39:     0.340  0.127  0.169  0.113  0.022  0.085  0.009  0.056  0.078        1
 40:     0.199  0.115  0.121  0.083  0.087  0.151  0.062  0.079  0.103        1
 41:     0.089  0.233  0.205  0.062  0.003  0.144  0.156  0.046  0.062        1
 42:     0.159  0.227  0.107  0.091  0.064  0.025  0.142  0.114  0.071        1
 43:     0.016  0.064  0.001  0.026  0.056  0.174  0.373  0.223  0.067        1
 44:     0.059  0.256  0.048  0.073  0.111  0.237  0.159  0.012  0.046        1
 45:     0.243  0.090  0.325  0.121  0.002  0.009  0.118  0.050  0.042        1
 46:     0.175  0.168  0.084  0.052  0.069  0.217  0.010  0.127  0.098        1
 47:     0.829  0.000  0.023  0.006  0.007  0.014  0.021  0.029  0.070        1
 48:     0.861  0.008  0.002  0.013  0.001  0.003  0.064  0.014  0.034        1
 49:     0.127  0.068  0.363  0.060  0.047  0.185  0.110  0.017  0.023        1
 50:     0.075  0.211  0.042  0.046  0.296  0.024  0.086  0.147  0.073        1
 51:     0.136  0.188  0.038  0.064  0.202  0.010  0.196  0.126  0.040        1
 52:     0.111  0.051  0.266  0.086  0.089  0.012  0.242  0.075  0.068        1
 53:     0.118  0.072  0.014  0.075  0.069  0.319  0.124  0.166  0.042        1
 54:     0.001  0.000  0.000  0.989  0.005  0.000  0.001  0.001  0.004        1
 55:     0.001  0.001  0.002  0.988  0.002  0.001  0.000  0.004  0.002        1
 56:     0.052  0.050  0.005  0.823  0.003  0.022  0.030  0.002  0.013        1
 57:     0.000  0.001  0.008  0.947  0.000  0.013  0.032  0.000  0.000        1
 58:     0.003  0.015  0.041  0.884  0.000  0.010  0.005  0.040  0.002        1
 59:     0.002  0.020  0.002  0.853  0.055  0.030  0.021  0.013  0.004        1
 60:     0.013  0.000  0.000  0.977  0.004  0.001  0.000  0.002  0.003        1
 61:     0.002  0.000  0.001  0.995  0.000  0.001  0.000  0.000  0.000        1
 62:     0.007  0.033  0.193  0.032  0.394  0.107  0.155  0.068  0.011        1
 63:     0.011  0.003  0.011  0.917  0.002  0.012  0.013  0.015  0.017        1
 64:     0.001  0.000  0.003  0.993  0.001  0.000  0.000  0.000  0.001        1
 65:     0.002  0.001  0.001  0.993  0.000  0.000  0.001  0.000  0.001        1
 66:     0.015  0.002  0.000  0.958  0.009  0.005  0.003  0.003  0.005        1
 67:     0.000  0.088  0.045  0.592  0.049  0.039  0.003  0.067  0.116        1
 68:     0.001  0.007  0.003  0.900  0.036  0.022  0.006  0.008  0.017        1
 69:     0.002  0.000  0.001  0.978  0.000  0.001  0.003  0.001  0.015        1
 70:     0.008  0.054  0.008  0.780  0.044  0.011  0.008  0.072  0.015        1
 71:     0.000  0.003  0.001  0.988  0.001  0.002  0.000  0.002  0.003        1
 72:     0.002  0.000  0.000  0.995  0.001  0.000  0.000  0.000  0.002        1
 73:     0.000  0.000  0.000  0.996  0.001  0.002  0.001  0.000  0.000        1
 74:     0.059  0.000  0.015  0.780  0.021  0.012  0.103  0.010  0.000        1
 75:     0.000  0.000  0.000  0.997  0.001  0.000  0.000  0.000  0.000        1
 76:     0.000  0.024  0.105  0.025  0.501  0.104  0.061  0.055  0.125        1
 77:     0.000  0.000  0.001  0.997  0.000  0.000  0.000  0.001  0.001        1
 78:     0.036  0.054  0.000  0.769  0.044  0.000  0.055  0.023  0.018        1
 79:     0.005  0.001  0.001  0.987  0.002  0.000  0.000  0.003  0.001        1
 80:     0.002  0.001  0.003  0.965  0.020  0.000  0.007  0.002  0.001        1
 81:     0.001  0.005  0.002  0.985  0.001  0.001  0.001  0.000  0.004        1
 82:     0.026  0.074  0.048  0.508  0.055  0.042  0.089  0.018  0.139        1
 83:     0.001  0.003  0.004  0.980  0.002  0.007  0.003  0.000  0.000        1
 84:     0.002  0.035  0.001  0.012  0.032  0.010  0.001  0.000  0.908        1
 85:     0.005  0.017  0.007  0.005  0.055  0.002  0.020  0.002  0.888        1
 86:     0.008  0.003  0.004  0.029  0.014  0.029  0.055  0.015  0.844        1
 87:     0.000  0.019  0.010  0.005  0.007  0.003  0.004  0.001  0.950        1
 88:     0.000  0.002  0.001  0.007  0.001  0.000  0.003  0.002  0.984        1
 89:     0.001  0.012  0.004  0.004  0.003  0.036  0.013  0.014  0.913        1
 90:     0.006  0.002  0.009  0.006  0.008  0.002  0.010  0.002  0.955        1
 91:     0.003  0.002  0.014  0.014  0.027  0.015  0.003  0.009  0.914        1
 92:     0.003  0.150  0.002  0.005  0.016  0.014  0.010  0.012  0.788        1
 93:     0.001  0.000  0.009  0.004  0.059  0.001  0.002  0.007  0.917        1
 94:     0.039  0.013  0.020  0.001  0.004  0.001  0.052  0.001  0.870        1
 95:     0.023  0.001  0.046  0.002  0.051  0.012  0.016  0.000  0.849        1
 96:     0.001  0.000  0.003  0.001  0.001  0.001  0.005  0.002  0.986        1
 97:     0.000  0.001  0.002  0.010  0.044  0.001  0.011  0.010  0.920        1
 98:     0.002  0.000  0.006  0.035  0.006  0.015  0.003  0.000  0.933        1
 99:     0.000  0.001  0.003  0.000  0.002  0.000  0.002  0.000  0.992        1
100:     0.004  0.000  0.003  0.004  0.003  0.001  0.003  0.001  0.981        1
101:     0.012  0.011  0.069  0.014  0.032  0.095  0.025  0.001  0.741        1
102:     0.046  0.000  0.066  0.003  0.015  0.001  0.043  0.050  0.775        1
103:     0.018  0.006  0.004  0.003  0.004  0.006  0.001  0.001  0.958        1
104:     0.005  0.004  0.000  0.011  0.000  0.025  0.018  0.004  0.932        1
105:     0.000  0.000  0.010  0.028  0.058  0.001  0.012  0.008  0.881        1
106:     0.037  0.008  0.041  0.021  0.002  0.023  0.029  0.066  0.772        1
107:     0.009  0.001  0.002  0.000  0.007  0.000  0.017  0.004  0.960        1
108:     0.038  0.024  0.058  0.000  0.001  0.017  0.044  0.008  0.810        1
109:     0.131  0.018  0.002  0.006  0.118  0.000  0.002  0.002  0.722        1
110:     0.022  0.001  0.011  0.031  0.000  0.016  0.076  0.077  0.765        1
111:     0.004  0.000  0.006  0.009  0.013  0.008  0.009  0.000  0.950        1
112:     0.003  0.000  0.000  0.008  0.001  0.005  0.007  0.002  0.973        1
113:     0.028  0.001  0.003  0.004  0.023  0.005  0.000  0.007  0.930        1
114:     0.000  0.004  0.001  0.016  0.000  0.002  0.021  0.006  0.949        1
115:     0.015  0.011  0.000  0.002  0.002  0.040  0.003  0.031  0.896        1
116:     0.001  0.006  0.000  0.010  0.004  0.002  0.002  0.003  0.972        1
117:     0.021  0.017  0.002  0.003  0.033  0.000  0.006  0.021  0.898        1
118:     0.009  0.011  0.018  0.012  0.028  0.001  0.006  0.012  0.904        1
119:     0.003  0.136  0.000  0.003  0.015  0.005  0.008  0.011  0.820        1
120:     0.003  0.032  0.002  0.021  0.008  0.009  0.003  0.010  0.912        1
121:     0.005  0.004  0.004  0.014  0.006  0.017  0.001  0.020  0.931        1
122:     0.013  0.005  0.012  0.007  0.003  0.044  0.024  0.003  0.889        1
123:     0.001  0.010  0.007  0.000  0.002  0.009  0.000  0.003  0.968        1
124:     0.011  0.051  0.021  0.006  0.077  0.008  0.011  0.006  0.809        1
125:     0.029  0.015  0.001  0.000  0.001  0.000  0.001  0.002  0.950        1
126:     0.022  0.040  0.020  0.031  0.012  0.003  0.024  0.050  0.798        1
127:     0.034  0.011  0.021  0.009  0.007  0.020  0.002  0.020  0.875        1
128:     0.010  0.008  0.017  0.002  0.004  0.007  0.008  0.004  0.940        1
129:     0.000  0.003  0.001  0.002  0.000  0.001  0.000  0.003  0.989        1
130:     0.010  0.001  0.008  0.019  0.040  0.029  0.002  0.014  0.877        1
131:     0.001  0.000  0.001  0.000  0.001  0.001  0.003  0.003  0.990        1
132:     0.017  0.061  0.007  0.001  0.047  0.008  0.030  0.027  0.802        1
133:     0.002  0.002  0.003  0.007  0.121  0.001  0.003  0.003  0.859        1
134:     0.007  0.031  0.048  0.021  0.002  0.001  0.054  0.008  0.828        1
135:     0.023  0.051  0.003  0.025  0.027  0.007  0.017  0.065  0.782        1
136:     0.002  0.001  0.006  0.004  0.001  0.001  0.002  0.001  0.983        1
137:     0.004  0.015  0.001  0.016  0.004  0.003  0.001  0.013  0.943        1
138:     0.001  0.004  0.008  0.012  0.003  0.005  0.012  0.003  0.952        1
139:     0.002  0.004  0.000  0.019  0.041  0.001  0.006  0.008  0.919        1
140:     0.013  0.015  0.016  0.012  0.066  0.001  0.019  0.003  0.856        1
141:     0.002  0.009  0.000  0.002  0.004  0.008  0.011  0.001  0.963        1
142:     0.049  0.002  0.016  0.002  0.024  0.008  0.013  0.049  0.836        1
143:     0.009  0.001  0.008  0.001  0.043  0.003  0.025  0.003  0.907        1
144:     0.003  0.004  0.003  0.001  0.004  0.001  0.004  0.008  0.971        1
145:     0.002  0.019  0.006  0.000  0.004  0.010  0.001  0.004  0.953        1
146:     0.016  0.000  0.018  0.009  0.034  0.012  0.002  0.006  0.904        1
147:     0.004  0.000  0.007  0.003  0.012  0.003  0.017  0.001  0.954        1
148:     0.014  0.113  0.398  0.055  0.088  0.005  0.100  0.117  0.109        1
149:     0.134  0.108  0.106  0.030  0.152  0.033  0.075  0.250  0.113        1
150:     0.029  0.066  0.172  0.027  0.027  0.431  0.051  0.099  0.098        1
151:     0.129  0.197  0.184  0.051  0.013  0.058  0.239  0.085  0.044        1
152:     0.084  0.160  0.013  0.027  0.125  0.394  0.092  0.075  0.030        1
153:     0.103  0.308  0.028  0.049  0.040  0.105  0.258  0.052  0.057        1
154:     0.270  0.023  0.150  0.076  0.064  0.204  0.132  0.048  0.033        1
155:     0.084  0.003  0.266  0.081  0.032  0.111  0.168  0.179  0.075        1
156:     0.081  0.010  0.538  0.068  0.064  0.163  0.019  0.020  0.037        1
157:     0.043  0.081  0.088  0.048  0.013  0.191  0.349  0.130  0.058        1
158:     0.043  0.031  0.272  0.053  0.045  0.405  0.000  0.073  0.078        1
159:     0.090  0.017  0.166  0.061  0.033  0.086  0.249  0.237  0.060        1
160:     0.333  0.032  0.196  0.042  0.012  0.160  0.064  0.106  0.055        1
161:     0.067  0.123  0.138  0.090  0.090  0.147  0.095  0.152  0.098        1
162:     0.406  0.021  0.170  0.125  0.015  0.182  0.015  0.015  0.053        1
163:     0.168  0.018  0.225  0.080  0.048  0.230  0.084  0.085  0.064        1
164:     0.179  0.083  0.009  0.077  0.033  0.165  0.107  0.303  0.045        1
165:     0.111  0.032  0.117  0.061  0.134  0.025  0.286  0.136  0.098        1
166:     0.091  0.127  0.160  0.071  0.038  0.070  0.249  0.179  0.014        1
167:     0.186  0.289  0.053  0.083  0.068  0.115  0.032  0.125  0.049        1
168:     0.004  0.268  0.185  0.049  0.038  0.216  0.095  0.112  0.034        1
169:     0.030  0.026  0.240  0.010  0.036  0.081  0.125  0.371  0.082        1
170:     0.149  0.233  0.128  0.085  0.000  0.250  0.000  0.101  0.054        1
171:     0.144  0.003  0.106  0.065  0.014  0.375  0.000  0.242  0.052        1
172:     0.104  0.172  0.118  0.090  0.070  0.179  0.147  0.065  0.055        1
173:     0.230  0.104  0.357  0.035  0.052  0.009  0.051  0.136  0.026        1
174:     0.159  0.061  0.229  0.074  0.008  0.127  0.129  0.147  0.067        1
175:     0.125  0.139  0.139  0.049  0.059  0.170  0.163  0.115  0.040       50
176:     0.137  0.149  0.155  0.052  0.048  0.151  0.139  0.134  0.035       49
177:     0.168  0.150  0.146  0.048  0.050  0.158  0.118  0.126  0.037       50
178:     0.168  0.131  0.118  0.054  0.055  0.131  0.138  0.163  0.041       49
179:     0.130  0.142  0.134  0.057  0.060  0.183  0.119  0.127  0.048       23
180:     0.155  0.149  0.139  0.053  0.043  0.112  0.169  0.146  0.034       49
181:     0.003  0.003  0.003  0.003  0.977  0.004  0.002  0.002  0.003       30
182:     0.007  0.009  0.008  0.011  0.936  0.008  0.005  0.011  0.006       30
183:     0.192  0.117  0.151  0.045  0.105  0.136  0.104  0.086  0.063       34
184:     0.147  0.195  0.124  0.042  0.052  0.175  0.115  0.115  0.034       36
185:     0.153  0.139  0.119  0.047  0.057  0.150  0.175  0.112  0.048       40
186:     0.136  0.140  0.156  0.057  0.041  0.153  0.127  0.152  0.039       39
187:     0.150  0.146  0.136  0.050  0.055  0.155  0.149  0.116  0.043       37
188:     0.128  0.158  0.137  0.053  0.058  0.161  0.153  0.106  0.045       40
189:     0.150  0.169  0.126  0.050  0.058  0.151  0.124  0.126  0.046       35
190:     0.094  0.164  0.155  0.060  0.062  0.153  0.179  0.090  0.043       28
191:     0.123  0.169  0.113  0.049  0.052  0.163  0.186  0.104  0.041       36
192:     0.146  0.151  0.136  0.056  0.056  0.136  0.147  0.135  0.037       32
--------------------------------------------

 Rep#:   Lambda   Alpha      F1    F2    F3    F4    F5    F6    F7    F8    F9     D1,2  D1,3  D1,4  D1,5  D1,6  D1,7  D1,8  D1,9  D2,3  D2,4  D2,5  D2,6  D2,7  D2,8  D2,9  D3,4  D3,5  D3,6  D3,7  D3,8  D3,9  D4,5  D4,6  D4,7  D4,8  D4,9  D5,6  D5,7  D5,8  D5,9  D6,7  D6,8  D6,9  D7,8  D7,9  D8,9    Ln Like 
 1000:    1.00    0.638    0.010 0.009 0.010 0.257 0.165 0.010 0.010 0.010 0.164    0.003 0.003 0.041 0.025 0.003 0.003 0.003 0.029 0.003 0.041 0.025 0.003 0.003 0.003 0.029 0.041 0.025 0.003 0.003 0.003 0.029 0.056 0.041 0.041 0.041 0.060 0.025 0.025 0.025 0.045 0.003 0.003 0.029 0.003 0.029 0.029   --  
 1100:    1.00    0.619    0.010 0.009 0.010 0.257 0.164 0.010 0.010 0.010 0.161    0.003 0.003 0.041 0.025 0.003 0.003 0.003 0.029 0.003 0.041 0.025 0.003 0.003 0.003 0.028 0.041 0.025 0.003 0.003 0.003 0.029 0.056 0.041 0.041 0.041 0.059 0.025 0.025 0.025 0.044 0.003 0.003 0.029 0.003 0.029 0.029   --  
 1200:    1.00    0.589    0.010 0.009 0.010 0.250 0.171 0.010 0.010 0.010 0.159    0.003 0.003 0.040 0.025 0.003 0.003 0.003 0.029 0.003 0.040 0.025 0.003 0.003 0.003 0.029 0.040 0.025 0.003 0.003 0.003 0.029 0.056 0.040 0.040 0.041 0.059 0.025 0.025 0.025 0.045 0.003 0.003 0.029 0.003 0.029 0.029   --  
 1300:    1.00    0.577    0.010 0.009 0.010 0.250 0.163 0.010 0.010 0.010 0.159    0.003 0.003 0.040 0.025 0.003 0.003 0.003 0.029 0.003 0.040 0.025 0.003 0.003 0.003 0.028 0.040 0.025 0.003 0.003 0.003 0.029 0.055 0.040 0.040 0.040 0.059 0.025 0.025 0.025 0.045 0.003 0.003 0.028 0.003 0.029 0.029   --  
 1400:    1.00    0.548    0.010 0.009 0.010 0.251 0.169 0.010 0.010 0.011 0.158    0.003 0.003 0.040 0.025 0.003 0.003 0.003 0.028 0.003 0.040 0.025 0.003 0.003 0.003 0.028 0.040 0.025 0.003 0.003 0.003 0.028 0.056 0.040 0.040 0.040 0.059 0.025 0.025 0.025 0.045 0.003 0.003 0.028 0.003 0.028 0.028   --  
 1500:    1.00    0.523    0.010 0.009 0.010 0.258 0.162 0.010 0.010 0.011 0.157    0.003 0.003 0.041 0.025 0.003 0.003 0.003 0.028 0.003 0.040 0.025 0.003 0.003 0.003 0.028 0.041 0.025 0.003 0.003 0.004 0.028 0.057 0.041 0.041 0.040 0.059 0.025 0.025 0.025 0.045 0.003 0.003 0.028 0.004 0.028 0.028   --  
 1600:    1.00    0.525    0.010 0.009 0.011 0.255 0.169 0.010 0.010 0.012 0.155    0.003 0.003 0.040 0.025 0.003 0.003 0.003 0.028 0.003 0.040 0.025 0.003 0.003 0.003 0.028 0.040 0.025 0.003 0.003 0.004 0.028 0.057 0.040 0.041 0.040 0.059 0.025 0.025 0.025 0.045 0.003 0.003 0.028 0.004 0.028 0.028   --  
 1700:    1.00    0.503    0.010 0.009 0.012 0.260 0.164 0.010 0.010 0.012 0.156    0.003 0.003 0.040 0.025 0.003 0.003 0.004 0.028 0.003 0.040 0.025 0.003 0.003 0.003 0.028 0.041 0.025 0.003 0.004 0.004 0.028 0.057 0.040 0.040 0.040 0.059 0.025 0.025 0.025 0.044 0.003 0.003 0.028 0.004 0.028 0.028   --  
 1800:    1.00    0.471    0.010 0.010 0.012 0.252 0.169 0.010 0.010 0.012 0.156    0.003 0.004 0.040 0.025 0.003 0.003 0.004 0.028 0.004 0.040 0.025 0.003 0.003 0.004 0.028 0.040 0.026 0.004 0.004 0.004 0.028 0.056 0.040 0.040 0.040 0.059 0.025 0.025 0.025 0.044 0.003 0.003 0.027 0.004 0.028 0.028   --  
 1900:    1.00    0.466    0.010 0.010 0.012 0.248 0.173 0.010 0.011 0.013 0.156    0.003 0.004 0.040 0.026 0.003 0.004 0.004 0.028 0.004 0.040 0.026 0.003 0.003 0.004 0.027 0.040 0.026 0.004 0.004 0.004 0.028 0.057 0.040 0.040 0.040 0.059 0.026 0.026 0.026 0.044 0.003 0.004 0.027 0.004 0.028 0.028   --  

--------------------------------------------
Proportion of membership of each pre-defined
 population in each of the 9 clusters

Given    Inferred Clusters                                                 Number of
 Pop       1      2      3      4      5      6      7      8      9      Individuals

  1:     0.136  0.139  0.131  0.032  0.052  0.165  0.168  0.147  0.029       54
  2:     0.120  0.124  0.111  0.033  0.043  0.186  0.193  0.159  0.030       30
