

----------------------------------------------------
STRUCTURE by Pritchard, Stephens and Donnelly (2000)
     and Falush, Stephens and Pritchard (2003)
       Code by Pritchard, Falush and Hubisz
             Version 2.3.4 (Jul 2012)
----------------------------------------------------


Reading file "/workdir/yc2644/CV_CT_array/structure/threader_input/mainparams".
Reading file "/workdir/yc2644/CV_CT_array/structure/threader_input/extraparams".
Reading file "/workdir/yc2644/CV_CT_array/structure/threader_input/n1601.recode.strct_in".


Data file "/workdir/yc2644/CV_CT_array/structure/threader_input/n1601.recode.strct_in" (truncated) --

Ind:   Label Pop : Genotype_data . . . .
  1:  001s    1  :  2   1   2   2   2   1   2  . . . .   2
  1:  001s    1  :  2   2   2   2   2   2   2  . . . .   2
  2:  002s    1  :  2   2   2   2   1   1   2  . . . .   2
  2:  002s    1  :  2   2   2   2   2   2   2  . . . .   2
  3:  003s    1  :  1   2   1   2   2   2   2  . . . .   1
  3:  003s    1  :  2   2   1   2   2   2   2  . . . .   2
  4:  004s    1  :  1   1   2   2   1   2   2  . . . .   1
  4:  004s    1  :  2   1   2   2   2   2   2  . . . .   2

      *******   

1600:    49  192  :  2   2   2   2   2   1   2  . . . .   1
1600:    49  192  :  2   2   2   2   2   2   2  . . . .   2
1601:    50  192  :  2   1   2   2   1   2   2  . . . .   1
1601:    50  192  :  2   2   2   2   2   2   2  . . . .   2

Number of alleles per locus: min= 2; ave=2.0; max= 2


--------------------------------------

Finished initialization; starting MCMC 
100000 iterations + 10000 burnin


--------------------------------------------
Proportion of membership of each pre-defined
 population in each of the 9 clusters

Given    Inferred Clusters                                                 Number of
 Pop       1      2      3      4      5      6      7      8      9      Individuals

  1:     0.102  0.160  0.145  0.074  0.074  0.113  0.099  0.123  0.110       54
  2:     0.091  0.123  0.134  0.101  0.073  0.119  0.105  0.134  0.121       30
  3:     0.040  0.048  0.062  0.132  0.398  0.055  0.150  0.050  0.066       30
  4:     0.021  0.047  0.038  0.114  0.297  0.109  0.292  0.043  0.041       20
  5:     0.024  0.049  0.048  0.164  0.343  0.075  0.206  0.038  0.054       30
  6:     0.117  0.141  0.140  0.092  0.063  0.099  0.108  0.136  0.105       43
  7:     0.108  0.140  0.126  0.086  0.056  0.128  0.119  0.118  0.119       44
  8:     0.103  0.158  0.151  0.092  0.043  0.087  0.055  0.180  0.130        4
  9:     0.122  0.142  0.141  0.072  0.045  0.117  0.080  0.158  0.123       22
 10:     0.116  0.119  0.113  0.080  0.062  0.128  0.073  0.171  0.138       24
 11:     0.101  0.139  0.130  0.091  0.066  0.118  0.110  0.134  0.112       54
 12:     0.103  0.162  0.142  0.090  0.056  0.114  0.082  0.125  0.125       37
 13:     0.092  0.121  0.142  0.088  0.064  0.150  0.100  0.123  0.120       42
 14:     0.102  0.134  0.141  0.093  0.065  0.122  0.089  0.134  0.120       42
 15:     0.102  0.126  0.140  0.090  0.059  0.157  0.113  0.103  0.109       49
 16:     0.106  0.132  0.130  0.086  0.067  0.121  0.093  0.137  0.128      124
 17:     0.098  0.144  0.148  0.099  0.059  0.136  0.078  0.108  0.131       24
 18:     0.114  0.135  0.123  0.092  0.060  0.124  0.103  0.132  0.117       34
 19:     0.103  0.149  0.128  0.082  0.058  0.139  0.095  0.136  0.110       52
 20:     0.131  0.156  0.155  0.047  0.043  0.081  0.122  0.012  0.252        1
 21:     0.156  0.084  0.126  0.098  0.080  0.138  0.077  0.174  0.066        1
 22:     0.111  0.195  0.154  0.030  0.022  0.097  0.094  0.107  0.190        1
 23:     0.184  0.264  0.049  0.064  0.121  0.025  0.097  0.153  0.042        1
 24:     0.146  0.048  0.088  0.199  0.053  0.142  0.125  0.136  0.064        1
 25:     0.055  0.129  0.375  0.139  0.025  0.112  0.081  0.041  0.043        1
 26:     0.143  0.046  0.080  0.097  0.029  0.330  0.083  0.107  0.085        1
 27:     0.096  0.222  0.081  0.027  0.108  0.151  0.047  0.244  0.025        1
 28:     0.077  0.130  0.113  0.134  0.068  0.123  0.120  0.120  0.115        1
 29:     0.237  0.118  0.197  0.048  0.074  0.152  0.043  0.003  0.129        1
 30:     0.063  0.311  0.106  0.020  0.067  0.216  0.055  0.099  0.065        1
 31:     0.039  0.079  0.064  0.170  0.108  0.301  0.167  0.040  0.031        1
 32:     0.105  0.114  0.085  0.175  0.015  0.235  0.134  0.113  0.023        1
 33:     0.121  0.093  0.176  0.083  0.040  0.146  0.056  0.178  0.106        1
 34:     0.079  0.063  0.278  0.118  0.051  0.060  0.055  0.273  0.022        1
 35:     0.114  0.213  0.153  0.004  0.063  0.060  0.058  0.252  0.085        1
 36:     0.064  0.101  0.161  0.096  0.087  0.010  0.149  0.255  0.078        1
 37:     0.126  0.095  0.122  0.108  0.081  0.098  0.064  0.203  0.103        1
 38:     0.132  0.098  0.138  0.062  0.060  0.053  0.105  0.265  0.086        1
 39:     0.118  0.069  0.293  0.045  0.015  0.085  0.192  0.091  0.091        1
 40:     0.148  0.035  0.269  0.102  0.094  0.118  0.014  0.143  0.078        1
 41:     0.145  0.166  0.090  0.091  0.064  0.085  0.087  0.166  0.105        1
 42:     0.156  0.116  0.061  0.067  0.088  0.155  0.066  0.039  0.252        1
 43:     0.113  0.168  0.222  0.143  0.030  0.148  0.085  0.070  0.021        1
 44:     0.105  0.076  0.078  0.134  0.089  0.126  0.191  0.096  0.106        1
 45:     0.123  0.168  0.107  0.094  0.078  0.147  0.038  0.108  0.137        1
 46:     0.201  0.077  0.221  0.076  0.024  0.178  0.040  0.085  0.098        1
 47:     0.087  0.121  0.135  0.076  0.071  0.125  0.136  0.156  0.094        1
 48:     0.127  0.176  0.072  0.099  0.081  0.139  0.100  0.109  0.097        1
 49:     0.128  0.108  0.091  0.089  0.079  0.109  0.155  0.126  0.116        1
 50:     0.025  0.061  0.221  0.148  0.177  0.015  0.173  0.069  0.111        1
 51:     0.134  0.033  0.077  0.019  0.122  0.015  0.417  0.142  0.040        1
 52:     0.132  0.211  0.013  0.192  0.006  0.108  0.238  0.045  0.054        1
 53:     0.104  0.084  0.182  0.163  0.119  0.099  0.055  0.076  0.118        1
 54:     0.078  0.070  0.039  0.024  0.164  0.038  0.003  0.481  0.103        1
 55:     0.109  0.058  0.051  0.032  0.025  0.013  0.077  0.578  0.058        1
 56:     0.180  0.096  0.011  0.080  0.055  0.113  0.047  0.371  0.047        1
 57:     0.172  0.100  0.094  0.103  0.026  0.026  0.004  0.294  0.182        1
 58:     0.019  0.150  0.058  0.123  0.008  0.039  0.028  0.556  0.020        1
 59:     0.073  0.037  0.039  0.034  0.072  0.021  0.015  0.527  0.182        1
 60:     0.134  0.039  0.217  0.017  0.120  0.029  0.003  0.311  0.131        1
 61:     0.065  0.012  0.005  0.036  0.014  0.193  0.092  0.519  0.066        1
 62:     0.039  0.085  0.049  0.184  0.171  0.212  0.163  0.037  0.060        1
 63:     0.095  0.080  0.079  0.059  0.085  0.039  0.083  0.333  0.146        1
 64:     0.138  0.035  0.140  0.010  0.072  0.002  0.034  0.464  0.106        1
 65:     0.244  0.067  0.011  0.019  0.110  0.067  0.007  0.344  0.131        1
 66:     0.002  0.096  0.099  0.056  0.055  0.024  0.011  0.635  0.023        1
 67:     0.055  0.133  0.031  0.078  0.073  0.078  0.192  0.212  0.148        1
 68:     0.095  0.010  0.039  0.066  0.095  0.072  0.090  0.414  0.119        1
 69:     0.146  0.112  0.032  0.064  0.082  0.055  0.028  0.356  0.126        1
 70:     0.093  0.025  0.095  0.084  0.107  0.041  0.049  0.448  0.058        1
 71:     0.065  0.067  0.040  0.018  0.050  0.051  0.033  0.238  0.439        1
 72:     0.070  0.046  0.081  0.057  0.008  0.008  0.047  0.619  0.064        1
 73:     0.069  0.043  0.007  0.007  0.076  0.050  0.009  0.657  0.083        1
 74:     0.020  0.054  0.142  0.095  0.115  0.143  0.016  0.326  0.089        1
 75:     0.227  0.143  0.083  0.010  0.009  0.111  0.034  0.355  0.027        1
 76:     0.050  0.004  0.036  0.274  0.326  0.173  0.012  0.048  0.077        1
 77:     0.148  0.067  0.069  0.023  0.118  0.107  0.008  0.453  0.008        1
 78:     0.113  0.189  0.165  0.015  0.129  0.063  0.013  0.277  0.034        1
 79:     0.221  0.041  0.005  0.088  0.008  0.022  0.045  0.503  0.066        1
 80:     0.097  0.011  0.088  0.081  0.026  0.057  0.031  0.405  0.204        1
 81:     0.111  0.045  0.117  0.096  0.017  0.138  0.032  0.368  0.076        1
 82:     0.128  0.143  0.067  0.095  0.166  0.048  0.031  0.157  0.164        1
 83:     0.104  0.150  0.105  0.201  0.021  0.107  0.088  0.194  0.031        1
 84:     0.593  0.007  0.046  0.221  0.034  0.031  0.004  0.057  0.006        1
 85:     0.603  0.005  0.097  0.056  0.067  0.011  0.065  0.033  0.063        1
 86:     0.493  0.031  0.031  0.030  0.122  0.051  0.143  0.056  0.043        1
 87:     0.548  0.035  0.056  0.057  0.050  0.067  0.022  0.114  0.050        1
 88:     0.556  0.020  0.047  0.062  0.074  0.013  0.042  0.176  0.009        1
 89:     0.525  0.012  0.194  0.156  0.004  0.043  0.003  0.016  0.047        1
 90:     0.609  0.050  0.011  0.146  0.058  0.003  0.001  0.011  0.112        1
 91:     0.563  0.040  0.015  0.040  0.039  0.066  0.045  0.043  0.149        1
 92:     0.473  0.135  0.117  0.026  0.097  0.029  0.064  0.015  0.044        1
 93:     0.622  0.019  0.057  0.060  0.035  0.081  0.006  0.032  0.089        1
 94:     0.410  0.092  0.037  0.124  0.065  0.019  0.093  0.085  0.075        1
 95:     0.539  0.035  0.065  0.198  0.053  0.024  0.004  0.039  0.043        1
 96:     0.677  0.066  0.010  0.010  0.045  0.073  0.019  0.083  0.017        1
 97:     0.530  0.069  0.002  0.143  0.044  0.002  0.060  0.120  0.031        1
 98:     0.572  0.012  0.075  0.076  0.069  0.028  0.048  0.044  0.076        1
 99:     0.779  0.044  0.044  0.033  0.045  0.018  0.002  0.012  0.022        1
100:     0.538  0.047  0.052  0.116  0.060  0.032  0.067  0.047  0.042        1
101:     0.414  0.013  0.110  0.117  0.068  0.012  0.035  0.187  0.043        1
102:     0.422  0.077  0.097  0.106  0.050  0.101  0.002  0.073  0.073        1
103:     0.356  0.025  0.060  0.187  0.041  0.034  0.069  0.182  0.046        1
104:     0.553  0.045  0.010  0.149  0.011  0.041  0.096  0.017  0.078        1
105:     0.422  0.009  0.019  0.299  0.007  0.005  0.023  0.132  0.083        1
106:     0.498  0.043  0.034  0.051  0.013  0.205  0.066  0.041  0.048        1
107:     0.500  0.047  0.062  0.062  0.093  0.043  0.041  0.061  0.091        1
108:     0.558  0.014  0.006  0.136  0.085  0.016  0.074  0.002  0.111        1
109:     0.428  0.058  0.113  0.085  0.115  0.039  0.009  0.041  0.112        1
110:     0.372  0.069  0.057  0.121  0.062  0.077  0.036  0.135  0.073        1
111:     0.627  0.049  0.037  0.020  0.087  0.010  0.065  0.025  0.078        1
112:     0.641  0.035  0.028  0.036  0.019  0.036  0.104  0.052  0.048        1
113:     0.586  0.103  0.017  0.016  0.119  0.024  0.054  0.010  0.070        1
114:     0.756  0.015  0.029  0.056  0.007  0.058  0.009  0.012  0.058        1
115:     0.651  0.005  0.072  0.079  0.066  0.060  0.023  0.042  0.004        1
116:     0.693  0.050  0.004  0.063  0.019  0.032  0.055  0.052  0.032        1
117:     0.493  0.046  0.063  0.106  0.079  0.074  0.059  0.043  0.039        1
118:     0.637  0.004  0.035  0.098  0.085  0.090  0.003  0.016  0.031        1
119:     0.577  0.044  0.037  0.105  0.049  0.016  0.080  0.065  0.028        1
120:     0.401  0.043  0.038  0.176  0.012  0.022  0.035  0.085  0.187        1
121:     0.540  0.019  0.081  0.031  0.037  0.046  0.029  0.172  0.044        1
122:     0.571  0.045  0.068  0.096  0.040  0.053  0.027  0.099  0.001        1
123:     0.488  0.042  0.093  0.112  0.028  0.007  0.037  0.018  0.175        1
124:     0.614  0.042  0.074  0.131  0.034  0.008  0.031  0.036  0.029        1
125:     0.692  0.032  0.048  0.028  0.037  0.072  0.028  0.058  0.005        1
126:     0.370  0.046  0.069  0.172  0.049  0.059  0.078  0.070  0.086        1
127:     0.591  0.031  0.090  0.094  0.100  0.036  0.002  0.044  0.011        1
128:     0.361  0.013  0.048  0.335  0.024  0.077  0.009  0.076  0.057        1
129:     0.565  0.039  0.061  0.070  0.085  0.033  0.044  0.052  0.051        1
130:     0.502  0.043  0.034  0.114  0.085  0.069  0.040  0.073  0.040        1
131:     0.620  0.065  0.011  0.061  0.081  0.031  0.030  0.041  0.060        1
132:     0.483  0.099  0.042  0.025  0.073  0.052  0.020  0.020  0.186        1
133:     0.392  0.062  0.073  0.165  0.089  0.037  0.037  0.062  0.083        1
134:     0.445  0.054  0.045  0.130  0.061  0.060  0.066  0.060  0.080        1
135:     0.385  0.054  0.125  0.180  0.081  0.086  0.019  0.026  0.042        1
136:     0.535  0.044  0.061  0.122  0.042  0.031  0.006  0.032  0.127        1
137:     0.528  0.075  0.004  0.192  0.011  0.080  0.057  0.050  0.003        1
138:     0.673  0.005  0.003  0.152  0.077  0.020  0.018  0.018  0.034        1
139:     0.632  0.058  0.065  0.070  0.006  0.047  0.043  0.011  0.067        1
140:     0.513  0.023  0.074  0.120  0.092  0.014  0.015  0.039  0.109        1
141:     0.571  0.004  0.045  0.188  0.011  0.011  0.051  0.026  0.092        1
142:     0.529  0.029  0.080  0.083  0.074  0.024  0.011  0.110  0.061        1
143:     0.452  0.044  0.045  0.120  0.088  0.051  0.060  0.087  0.053        1
144:     0.404  0.121  0.003  0.242  0.162  0.008  0.002  0.024  0.035        1
145:     0.644  0.055  0.003  0.128  0.081  0.002  0.035  0.042  0.010        1
146:     0.484  0.016  0.018  0.160  0.085  0.042  0.051  0.112  0.030        1
147:     0.488  0.005  0.042  0.285  0.043  0.023  0.051  0.028  0.034        1
148:     0.037  0.022  0.078  0.460  0.011  0.140  0.044  0.095  0.114        1
149:     0.147  0.063  0.065  0.331  0.110  0.019  0.024  0.079  0.161        1
150:     0.206  0.302  0.058  0.021  0.086  0.127  0.077  0.112  0.013        1
151:     0.122  0.380  0.140  0.010  0.055  0.109  0.072  0.057  0.054        1
152:     0.050  0.229  0.105  0.085  0.054  0.102  0.145  0.054  0.176        1
153:     0.104  0.342  0.091  0.097  0.014  0.041  0.182  0.050  0.079        1
154:     0.102  0.160  0.096  0.081  0.079  0.045  0.058  0.150  0.230        1
155:     0.099  0.258  0.075  0.213  0.063  0.022  0.023  0.167  0.080        1
156:     0.058  0.075  0.100  0.141  0.005  0.130  0.082  0.206  0.203        1
157:     0.062  0.089  0.152  0.125  0.028  0.078  0.086  0.259  0.122        1
158:     0.127  0.204  0.200  0.032  0.074  0.156  0.047  0.145  0.016        1
159:     0.050  0.292  0.254  0.092  0.081  0.033  0.042  0.089  0.069        1
160:     0.112  0.055  0.067  0.025  0.006  0.197  0.048  0.225  0.266        1
161:     0.074  0.230  0.261  0.063  0.068  0.007  0.013  0.169  0.115        1
162:     0.072  0.036  0.198  0.002  0.073  0.249  0.024  0.274  0.071        1
163:     0.060  0.139  0.100  0.203  0.061  0.065  0.115  0.070  0.186        1
164:     0.111  0.174  0.100  0.109  0.072  0.073  0.159  0.195  0.009        1
165:     0.148  0.028  0.133  0.189  0.058  0.074  0.061  0.179  0.131        1
166:     0.117  0.090  0.122  0.084  0.097  0.138  0.108  0.096  0.147        1
167:     0.111  0.048  0.162  0.072  0.080  0.164  0.054  0.158  0.150        1
168:     0.155  0.066  0.400  0.013  0.064  0.171  0.063  0.061  0.007        1
169:     0.099  0.062  0.191  0.121  0.059  0.119  0.131  0.145  0.073        1
170:     0.108  0.126  0.103  0.126  0.058  0.145  0.051  0.172  0.112        1
171:     0.128  0.024  0.157  0.208  0.024  0.066  0.034  0.075  0.285        1
172:     0.048  0.205  0.124  0.097  0.088  0.296  0.072  0.036  0.033        1
173:     0.113  0.052  0.260  0.127  0.113  0.105  0.030  0.110  0.090        1
174:     0.163  0.133  0.176  0.135  0.010  0.016  0.098  0.157  0.111        1
175:     0.104  0.156  0.147  0.078  0.066  0.123  0.085  0.143  0.098       50
176:     0.095  0.142  0.147  0.080  0.061  0.126  0.108  0.133  0.109       49
177:     0.106  0.112  0.130  0.093  0.068  0.133  0.096  0.132  0.129       50
178:     0.091  0.139  0.130  0.091  0.067  0.134  0.109  0.132  0.107       49
179:     0.123  0.136  0.133  0.066  0.071  0.118  0.122  0.133  0.098       23
180:     0.104  0.137  0.135  0.081  0.057  0.119  0.106  0.136  0.124       49
181:     0.013  0.032  0.066  0.080  0.583  0.038  0.147  0.017  0.026       30
182:     0.011  0.049  0.031  0.166  0.448  0.054  0.117  0.022  0.102       30
183:     0.124  0.163  0.089  0.095  0.090  0.113  0.098  0.099  0.129       34
184:     0.105  0.116  0.137  0.077  0.063  0.131  0.112  0.111  0.148       36
185:     0.100  0.139  0.111  0.086  0.065  0.138  0.096  0.131  0.133       40
186:     0.105  0.123  0.124  0.084  0.062  0.131  0.091  0.141  0.139       39
187:     0.102  0.122  0.118  0.089  0.070  0.101  0.089  0.162  0.147       37
188:     0.103  0.124  0.135  0.103  0.069  0.137  0.085  0.134  0.109       40
189:     0.104  0.157  0.128  0.100  0.069  0.143  0.092  0.104  0.102       35
190:     0.092  0.133  0.126  0.079  0.064  0.113  0.106  0.130  0.158       28
191:     0.110  0.121  0.130  0.098  0.063  0.133  0.109  0.107  0.129       36
192:     0.093  0.135  0.131  0.080  0.067  0.136  0.116  0.126  0.118       32
--------------------------------------------

 Rep#:   Lambda   Alpha      F1    F2    F3    F4    F5    F6    F7    F8    F9     D1,2  D1,3  D1,4  D1,5  D1,6  D1,7  D1,8  D1,9  D2,3  D2,4  D2,5  D2,6  D2,7  D2,8  D2,9  D3,4  D3,5  D3,6  D3,7  D3,8  D3,9  D4,5  D4,6  D4,7  D4,8  D4,9  D5,6  D5,7  D5,8  D5,9  D6,7  D6,8  D6,9  D7,8  D7,9  D8,9    Ln Like 
  100:    1.00    1.593    0.129 0.012 0.010 0.014 0.222 0.010 0.018 0.015 0.010    0.032 0.031 0.031 0.077 0.032 0.035 0.032 0.031 0.003 0.005 0.049 0.003 0.006 0.005 0.003 0.005 0.047 0.003 0.005 0.005 0.003 0.040 0.004 0.005 0.007 0.004 0.046 0.039 0.051 0.046 0.005 0.005 0.003 0.008 0.005 0.005   --  
  200:    1.00    1.098    0.221 0.012 0.010 0.019 0.292 0.010 0.281 0.242 0.010    0.041 0.040 0.041 0.065 0.040 0.067 0.062 0.040 0.003 0.005 0.045 0.003 0.047 0.042 0.003 0.005 0.044 0.003 0.047 0.041 0.003 0.045 0.005 0.046 0.043 0.005 0.044 0.068 0.066 0.044 0.046 0.041 0.003 0.070 0.047 0.041   --  
  300:    1.00    0.943    0.193 0.013 0.010 0.021 0.271 0.010 0.288 0.266 0.010    0.036 0.035 0.037 0.059 0.035 0.059 0.062 0.035 0.003 0.005 0.040 0.003 0.045 0.045 0.003 0.005 0.040 0.003 0.044 0.045 0.003 0.041 0.005 0.045 0.046 0.005 0.040 0.058 0.066 0.040 0.044 0.045 0.003 0.068 0.044 0.045   --  
  400:    1.00    0.873    0.180 0.013 0.010 0.021 0.255 0.010 0.246 0.262 0.010    0.033 0.033 0.035 0.056 0.033 0.054 0.061 0.033 0.003 0.005 0.039 0.003 0.039 0.045 0.003 0.005 0.038 0.003 0.039 0.044 0.003 0.040 0.005 0.040 0.046 0.005 0.038 0.051 0.066 0.038 0.039 0.044 0.003 0.064 0.038 0.044   --  
  500:    1.00    0.803    0.176 0.013 0.010 0.021 0.248 0.010 0.236 0.269 0.010    0.032 0.032 0.034 0.056 0.032 0.052 0.060 0.032 0.004 0.006 0.038 0.004 0.037 0.045 0.004 0.005 0.037 0.003 0.037 0.044 0.003 0.039 0.005 0.038 0.046 0.005 0.037 0.049 0.066 0.037 0.037 0.045 0.003 0.063 0.036 0.044   --  
  600:    1.00    0.785    0.167 0.013 0.010 0.021 0.241 0.010 0.231 0.266 0.010    0.032 0.031 0.033 0.055 0.031 0.051 0.060 0.031 0.004 0.005 0.038 0.003 0.036 0.044 0.004 0.005 0.037 0.003 0.035 0.043 0.003 0.038 0.005 0.036 0.045 0.005 0.037 0.047 0.066 0.037 0.035 0.043 0.003 0.062 0.035 0.043   --  
  700:    1.00    0.723    0.169 0.013 0.010 0.022 0.248 0.010 0.229 0.263 0.010    0.031 0.031 0.033 0.056 0.031 0.051 0.060 0.031 0.004 0.006 0.037 0.004 0.036 0.044 0.004 0.005 0.037 0.003 0.035 0.043 0.003 0.038 0.005 0.036 0.045 0.005 0.037 0.048 0.066 0.037 0.035 0.043 0.003 0.062 0.035 0.043   --  
  800:    1.00    0.682    0.168 0.013 0.010 0.022 0.251 0.010 0.225 0.261 0.010    0.031 0.031 0.032 0.056 0.030 0.051 0.059 0.031 0.003 0.006 0.037 0.004 0.035 0.043 0.004 0.005 0.037 0.003 0.034 0.043 0.003 0.039 0.005 0.036 0.045 0.005 0.037 0.049 0.066 0.037 0.034 0.042 0.003 0.062 0.034 0.043   --  
  900:    1.00    0.651    0.167 0.013 0.010 0.022 0.256 0.010 0.224 0.264 0.010    0.030 0.030 0.032 0.056 0.030 0.051 0.060 0.030 0.004 0.006 0.039 0.003 0.035 0.042 0.004 0.005 0.038 0.003 0.034 0.042 0.003 0.039 0.005 0.035 0.044 0.005 0.037 0.050 0.067 0.038 0.034 0.042 0.003 0.062 0.034 0.042   --  

--------------------------------------------
Proportion of membership of each pre-defined
 population in each of the 9 clusters

Given    Inferred Clusters                                                 Number of
 Pop       1      2      3      4      5      6      7      8      9      Individuals

  1:     0.048  0.210  0.203  0.114  0.037  0.143  0.056  0.062  0.127       54
  2:     0.046  0.152  0.213  0.097  0.036  0.197  0.058  0.067  0.134       30
  3:     0.041  0.005  0.011  0.183  0.408  0.011  0.283  0.047  0.011       30
  4:     0.004  0.001  0.003  0.002  0.020  0.003  0.963  0.002  0.002       20
  5:     0.013  0.014  0.008  0.008  0.063  0.012  0.864  0.007  0.010       30
  6:     0.046  0.189  0.214  0.129  0.038  0.140  0.057  0.056  0.131       43
  7:     0.042  0.182  0.169  0.128  0.031  0.204  0.057  0.057  0.130       44
  8:     0.040  0.265  0.170  0.052  0.022  0.141  0.037  0.070  0.204        4
  9:     0.042  0.292  0.202  0.067  0.021  0.157  0.025  0.062  0.132       22
 10:     0.048  0.224  0.173  0.079  0.027  0.190  0.019  0.059  0.182       24
 11:     0.049  0.183  0.169  0.118  0.033  0.181  0.054  0.055  0.157       54
 12:     0.043  0.196  0.189  0.110  0.030  0.162  0.051  0.064  0.156       37
 13:     0.047  0.200  0.190  0.104  0.037  0.158  0.062  0.062  0.140       42
 14:     0.044  0.162  0.217  0.120  0.031  0.181  0.052  0.061  0.131       42
 15:     0.047  0.161  0.159  0.139  0.035  0.204  0.052  0.061  0.141       49
 16:     0.047  0.172  0.167  0.120  0.038  0.170  0.058  0.060  0.168      124
 17:     0.043  0.179  0.181  0.119  0.037  0.168  0.051  0.058  0.163       24
 18:     0.048  0.216  0.196  0.102  0.037  0.133  0.044  0.064  0.161       34
 19:     0.043  0.175  0.198  0.127  0.041  0.172  0.054  0.063  0.127       52
 20:     0.064  0.517  0.035  0.020  0.093  0.075  0.001  0.080  0.115        1
 21:     0.118  0.123  0.194  0.110  0.000  0.199  0.037  0.062  0.158        1
 22:     0.022  0.113  0.156  0.004  0.039  0.383  0.062  0.083  0.138        1
 23:     0.076  0.109  0.012  0.047  0.022  0.310  0.087  0.070  0.269        1
 24:     0.059  0.050  0.106  0.200  0.010  0.259  0.045  0.047  0.224        1
 25:     0.057  0.191  0.377  0.077  0.037  0.056  0.136  0.039  0.030        1
 26:     0.068  0.029  0.028  0.105  0.005  0.567  0.074  0.075  0.050        1
 27:     0.055  0.388  0.072  0.058  0.028  0.283  0.040  0.075  0.001        1
 28:     0.038  0.014  0.388  0.020  0.000  0.158  0.029  0.092  0.261        1
 29:     0.061  0.334  0.095  0.094  0.042  0.073  0.007  0.061  0.233        1
 30:     0.050  0.315  0.158  0.140  0.041  0.091  0.115  0.028  0.062        1
 31:     0.024  0.134  0.182  0.007  0.074  0.223  0.191  0.078  0.087        1
 32:     0.053  0.296  0.016  0.181  0.007  0.294  0.042  0.070  0.042        1
 33:     0.035  0.146  0.113  0.134  0.044  0.235  0.088  0.100  0.104        1
 34:     0.053  0.002  0.430  0.058  0.030  0.198  0.012  0.084  0.134        1
 35:     0.105  0.303  0.243  0.003  0.001  0.240  0.043  0.037  0.025        1
 36:     0.061  0.353  0.131  0.078  0.080  0.185  0.013  0.077  0.021        1
 37:     0.051  0.094  0.200  0.098  0.016  0.081  0.033  0.077  0.349        1
 38:     0.105  0.194  0.167  0.190  0.021  0.124  0.083  0.047  0.070        1
 39:     0.071  0.185  0.449  0.020  0.019  0.082  0.036  0.107  0.031        1
 40:     0.107  0.032  0.405  0.087  0.008  0.191  0.084  0.041  0.045        1
 41:     0.063  0.453  0.030  0.201  0.006  0.104  0.045  0.058  0.039        1
 42:     0.093  0.129  0.029  0.110  0.041  0.193  0.061  0.068  0.276        1
 43:     0.060  0.177  0.327  0.194  0.018  0.086  0.052  0.080  0.005        1
 44:     0.044  0.086  0.165  0.285  0.013  0.093  0.130  0.090  0.094        1
 45:     0.060  0.269  0.130  0.054  0.016  0.367  0.003  0.095  0.007        1
 46:     0.153  0.007  0.302  0.002  0.051  0.382  0.012  0.033  0.058        1
 47:     0.054  0.054  0.128  0.532  0.030  0.147  0.000  0.040  0.016        1
 48:     0.031  0.178  0.130  0.542  0.006  0.002  0.030  0.054  0.027        1
 49:     0.069  0.062  0.224  0.187  0.013  0.100  0.014  0.068  0.263        1
 50:     0.059  0.009  0.081  0.367  0.089  0.082  0.280  0.025  0.008        1
 51:     0.042  0.083  0.053  0.347  0.038  0.150  0.210  0.064  0.013        1
 52:     0.089  0.099  0.308  0.088  0.067  0.132  0.022  0.086  0.111        1
 53:     0.076  0.140  0.083  0.314  0.043  0.063  0.024  0.048  0.209        1
 54:     0.000  0.000  0.002  0.002  0.001  0.002  0.002  0.990  0.000        1
 55:     0.004  0.000  0.007  0.003  0.009  0.001  0.007  0.969  0.001        1
 56:     0.020  0.059  0.052  0.010  0.004  0.004  0.001  0.823  0.027        1
 57:     0.000  0.030  0.004  0.004  0.015  0.011  0.010  0.926  0.000        1
 58:     0.006  0.065  0.004  0.025  0.006  0.003  0.010  0.881  0.000        1
 59:     0.003  0.020  0.004  0.030  0.024  0.007  0.037  0.837  0.039        1
 60:     0.000  0.000  0.001  0.003  0.004  0.001  0.001  0.989  0.002        1
 61:     0.001  0.000  0.001  0.000  0.000  0.001  0.000  0.996  0.000        1
 62:     0.027  0.002  0.005  0.490  0.184  0.011  0.273  0.001  0.008        1
 63:     0.016  0.016  0.005  0.017  0.005  0.000  0.022  0.917  0.003        1
 64:     0.000  0.000  0.000  0.002  0.001  0.000  0.001  0.996  0.000        1
 65:     0.002  0.000  0.000  0.000  0.001  0.001  0.002  0.993  0.000        1
 66:     0.022  0.008  0.009  0.000  0.018  0.005  0.007  0.930  0.001        1
 67:     0.093  0.027  0.016  0.082  0.026  0.048  0.055  0.584  0.070        1
 68:     0.010  0.000  0.029  0.002  0.044  0.000  0.001  0.912  0.001        1
 69:     0.003  0.002  0.001  0.000  0.007  0.000  0.010  0.971  0.005        1
 70:     0.036  0.006  0.045  0.031  0.002  0.070  0.018  0.780  0.010        1
 71:     0.003  0.001  0.001  0.000  0.000  0.002  0.009  0.983  0.000        1
 72:     0.000  0.000  0.000  0.002  0.000  0.000  0.000  0.995  0.001        1
 73:     0.003  0.001  0.001  0.000  0.000  0.000  0.000  0.993  0.001        1
 74:     0.004  0.006  0.045  0.118  0.017  0.032  0.040  0.737  0.001        1
 75:     0.001  0.001  0.003  0.000  0.000  0.001  0.000  0.995  0.000        1
 76:     0.080  0.003  0.005  0.335  0.300  0.003  0.273  0.000  0.001        1
 77:     0.001  0.000  0.000  0.000  0.000  0.001  0.000  0.996  0.002        1
 78:     0.012  0.036  0.015  0.054  0.035  0.000  0.027  0.814  0.009        1
 79:     0.000  0.000  0.000  0.000  0.000  0.001  0.002  0.991  0.004        1
 80:     0.000  0.014  0.001  0.007  0.007  0.000  0.009  0.958  0.005        1
 81:     0.000  0.000  0.001  0.000  0.000  0.001  0.000  0.996  0.001        1
 82:     0.155  0.017  0.000  0.160  0.025  0.029  0.041  0.491  0.081        1
 83:     0.000  0.000  0.000  0.002  0.001  0.000  0.001  0.993  0.002        1
 84:     0.922  0.002  0.003  0.004  0.014  0.003  0.050  0.002  0.001        1
 85:     0.912  0.003  0.000  0.005  0.001  0.002  0.053  0.014  0.009        1
 86:     0.828  0.000  0.050  0.044  0.026  0.006  0.001  0.036  0.010        1
 87:     0.942  0.010  0.028  0.009  0.001  0.000  0.006  0.001  0.003        1
 88:     0.942  0.016  0.009  0.001  0.001  0.004  0.001  0.019  0.007        1
 89:     0.942  0.002  0.001  0.009  0.008  0.006  0.011  0.017  0.005        1
 90:     0.946  0.000  0.001  0.004  0.001  0.000  0.043  0.001  0.003        1
 91:     0.931  0.007  0.000  0.000  0.001  0.023  0.027  0.010  0.000        1
 92:     0.794  0.045  0.041  0.023  0.005  0.050  0.018  0.001  0.023        1
 93:     0.893  0.011  0.004  0.005  0.056  0.006  0.015  0.007  0.003        1
 94:     0.845  0.006  0.054  0.005  0.055  0.033  0.002  0.000  0.001        1
 95:     0.852  0.001  0.002  0.034  0.009  0.000  0.087  0.006  0.008        1
 96:     0.984  0.001  0.002  0.000  0.003  0.002  0.001  0.000  0.008        1
 97:     0.904  0.000  0.000  0.000  0.010  0.007  0.054  0.023  0.002        1
 98:     0.907  0.032  0.002  0.006  0.005  0.001  0.005  0.036  0.006        1
 99:     0.991  0.001  0.002  0.000  0.001  0.000  0.002  0.001  0.002        1
100:     0.943  0.001  0.000  0.000  0.000  0.001  0.054  0.001  0.000        1
101:     0.747  0.010  0.024  0.035  0.016  0.016  0.032  0.015  0.106        1
102:     0.781  0.060  0.015  0.004  0.017  0.058  0.012  0.025  0.029        1
103:     0.931  0.001  0.004  0.009  0.015  0.010  0.022  0.000  0.009        1
104:     0.937  0.008  0.002  0.019  0.010  0.004  0.008  0.005  0.006        1
105:     0.882  0.010  0.000  0.015  0.008  0.000  0.055  0.027  0.002        1
106:     0.750  0.039  0.001  0.043  0.000  0.118  0.006  0.024  0.019        1
107:     0.932  0.025  0.000  0.004  0.025  0.003  0.003  0.002  0.005        1
108:     0.817  0.029  0.034  0.031  0.005  0.004  0.063  0.003  0.015        1
109:     0.749  0.025  0.014  0.040  0.043  0.006  0.082  0.005  0.036        1
110:     0.721  0.008  0.033  0.131  0.002  0.003  0.002  0.043  0.056        1
111:     0.942  0.000  0.010  0.008  0.023  0.000  0.011  0.002  0.004        1
112:     0.981  0.004  0.003  0.000  0.000  0.001  0.007  0.001  0.003        1
113:     0.895  0.000  0.008  0.006  0.005  0.014  0.043  0.024  0.005        1
114:     0.953  0.000  0.012  0.000  0.003  0.002  0.001  0.026  0.001        1
115:     0.890  0.038  0.001  0.023  0.008  0.013  0.000  0.014  0.012        1
116:     0.971  0.010  0.000  0.002  0.002  0.000  0.010  0.001  0.003        1
117:     0.887  0.019  0.000  0.011  0.035  0.001  0.040  0.006  0.001        1
118:     0.920  0.002  0.002  0.003  0.047  0.000  0.002  0.021  0.003        1
119:     0.847  0.016  0.000  0.016  0.003  0.025  0.033  0.017  0.043        1
120:     0.927  0.007  0.001  0.021  0.001  0.020  0.000  0.011  0.011        1
121:     0.939  0.007  0.003  0.001  0.002  0.000  0.021  0.010  0.018        1
122:     0.913  0.011  0.055  0.010  0.000  0.004  0.000  0.006  0.000        1
123:     0.968  0.002  0.007  0.005  0.001  0.001  0.017  0.000  0.000        1
124:     0.811  0.001  0.026  0.011  0.026  0.003  0.071  0.013  0.038        1
125:     0.972  0.005  0.000  0.000  0.006  0.001  0.013  0.002  0.000        1
126:     0.848  0.052  0.014  0.023  0.004  0.002  0.026  0.021  0.008        1
127:     0.848  0.004  0.053  0.002  0.002  0.005  0.072  0.013  0.001        1
128:     0.915  0.005  0.003  0.011  0.024  0.006  0.027  0.007  0.003        1
129:     0.985  0.002  0.002  0.001  0.000  0.002  0.007  0.000  0.000        1
130:     0.882  0.001  0.011  0.004  0.018  0.021  0.042  0.018  0.004        1
131:     0.981  0.002  0.002  0.004  0.001  0.001  0.006  0.003  0.001        1
132:     0.787  0.006  0.064  0.041  0.014  0.006  0.057  0.003  0.021        1
133:     0.858  0.008  0.015  0.004  0.020  0.010  0.063  0.016  0.008        1
134:     0.802  0.023  0.057  0.038  0.010  0.017  0.002  0.039  0.012        1
135:     0.798  0.081  0.003  0.041  0.026  0.032  0.017  0.003  0.000        1
136:     0.975  0.014  0.004  0.000  0.000  0.003  0.001  0.003  0.000        1
137:     0.945  0.000  0.000  0.016  0.019  0.008  0.011  0.000  0.001        1
138:     0.962  0.004  0.001  0.000  0.000  0.007  0.006  0.016  0.003        1
139:     0.862  0.012  0.007  0.000  0.024  0.002  0.089  0.003  0.001        1
140:     0.841  0.002  0.010  0.004  0.003  0.000  0.129  0.007  0.003        1
141:     0.956  0.000  0.008  0.000  0.027  0.007  0.002  0.000  0.000        1
142:     0.842  0.001  0.063  0.015  0.006  0.018  0.029  0.000  0.027        1
143:     0.860  0.002  0.007  0.000  0.078  0.016  0.021  0.012  0.003        1
144:     0.910  0.000  0.016  0.018  0.000  0.002  0.041  0.001  0.011        1
145:     0.956  0.004  0.002  0.010  0.000  0.010  0.001  0.002  0.016        1
146:     0.899  0.020  0.022  0.001  0.030  0.003  0.004  0.000  0.020        1
147:     0.910  0.004  0.000  0.003  0.000  0.001  0.068  0.006  0.008        1
148:     0.088  0.179  0.161  0.085  0.077  0.056  0.125  0.062  0.166        1
149:     0.114  0.134  0.143  0.217  0.116  0.004  0.107  0.021  0.143        1
150:     0.102  0.377  0.024  0.091  0.011  0.266  0.060  0.063  0.006        1
151:     0.058  0.333  0.137  0.063  0.009  0.233  0.013  0.072  0.083        1
152:     0.037  0.255  0.244  0.051  0.051  0.169  0.099  0.033  0.060        1
153:     0.074  0.430  0.135  0.064  0.037  0.026  0.035  0.056  0.143        1
154:     0.039  0.089  0.057  0.419  0.004  0.077  0.049  0.075  0.191        1
155:     0.072  0.111  0.468  0.144  0.012  0.033  0.072  0.087  0.002        1
156:     0.039  0.025  0.364  0.118  0.015  0.258  0.045  0.070  0.066        1
157:     0.059  0.006  0.110  0.285  0.005  0.109  0.077  0.063  0.287        1
158:     0.075  0.021  0.427  0.123  0.054  0.051  0.004  0.064  0.180        1
159:     0.079  0.356  0.259  0.080  0.021  0.002  0.000  0.068  0.135        1
160:     0.028  0.329  0.004  0.128  0.034  0.271  0.048  0.068  0.089        1
161:     0.083  0.052  0.209  0.144  0.061  0.205  0.054  0.078  0.115        1
162:     0.066  0.082  0.395  0.041  0.061  0.218  0.008  0.114  0.016        1
163:     0.076  0.336  0.084  0.096  0.016  0.033  0.050  0.051  0.258        1
164:     0.060  0.119  0.207  0.101  0.042  0.215  0.056  0.088  0.112        1
165:     0.127  0.129  0.053  0.164  0.044  0.133  0.056  0.076  0.217        1
166:     0.028  0.085  0.180  0.129  0.013  0.094  0.077  0.051  0.343        1
167:     0.058  0.333  0.069  0.140  0.060  0.150  0.057  0.086  0.048        1
168:     0.038  0.337  0.315  0.010  0.010  0.092  0.022  0.084  0.093        1
169:     0.081  0.001  0.277  0.203  0.029  0.183  0.031  0.052  0.142        1
170:     0.070  0.347  0.156  0.096  0.019  0.128  0.010  0.085  0.088        1
171:     0.035  0.059  0.143  0.279  0.046  0.178  0.003  0.066  0.192        1
172:     0.036  0.095  0.164  0.099  0.036  0.361  0.083  0.104  0.020        1
173:     0.047  0.148  0.308  0.098  0.032  0.214  0.047  0.049  0.057        1
174:     0.072  0.423  0.087  0.250  0.015  0.002  0.073  0.066  0.012        1
175:     0.045  0.169  0.211  0.124  0.036  0.180  0.052  0.061  0.120       50
176:     0.049  0.186  0.202  0.119  0.039  0.177  0.042  0.055  0.130       49
177:     0.044  0.175  0.208  0.106  0.034  0.181  0.049  0.055  0.148       50
178:     0.043  0.196  0.209  0.116  0.042  0.144  0.047  0.059  0.143       49
179:     0.053  0.204  0.192  0.100  0.034  0.155  0.060  0.057  0.146       23
180:     0.044  0.180  0.162  0.130  0.032  0.179  0.052  0.061  0.160       49
181:     0.003  0.002  0.003  0.001  0.949  0.004  0.033  0.004  0.002       30
182:     0.003  0.005  0.006  0.019  0.660  0.004  0.287  0.011  0.005       30
183:     0.060  0.250  0.079  0.099  0.068  0.103  0.066  0.049  0.227       34
184:     0.042  0.122  0.174  0.142  0.040  0.167  0.047  0.057  0.210       36
185:     0.044  0.148  0.128  0.132  0.041  0.187  0.054  0.052  0.213       40
186:     0.044  0.150  0.144  0.119  0.031  0.191  0.042  0.063  0.216       39
187:     0.042  0.154  0.146  0.114  0.039  0.202  0.051  0.064  0.187       37
188:     0.049  0.138  0.148  0.133  0.037  0.175  0.057  0.056  0.208       40
189:     0.046  0.184  0.148  0.113  0.041  0.157  0.055  0.058  0.197       35
190:     0.040  0.136  0.148  0.131  0.041  0.184  0.060  0.061  0.197       28
191:     0.043  0.146  0.153  0.119  0.038  0.199  0.052  0.057  0.192       36
192:     0.039  0.148  0.153  0.128  0.038  0.209  0.049  0.060  0.177       32
--------------------------------------------

 Rep#:   Lambda   Alpha      F1    F2    F3    F4    F5    F6    F7    F8    F9     D1,2  D1,3  D1,4  D1,5  D1,6  D1,7  D1,8  D1,9  D2,3  D2,4  D2,5  D2,6  D2,7  D2,8  D2,9  D3,4  D3,5  D3,6  D3,7  D3,8  D3,9  D4,5  D4,6  D4,7  D4,8  D4,9  D5,6  D5,7  D5,8  D5,9  D6,7  D6,8  D6,9  D7,8  D7,9  D8,9    Ln Like 
 1000:    1.00    0.619    0.167 0.013 0.010 0.024 0.260 0.010 0.224 0.262 0.010    0.030 0.030 0.032 0.058 0.030 0.051 0.060 0.030 0.004 0.006 0.040 0.004 0.034 0.043 0.004 0.006 0.039 0.003 0.033 0.042 0.003 0.041 0.006 0.035 0.045 0.006 0.039 0.051 0.070 0.039 0.033 0.042 0.003 0.062 0.033 0.043   --  
 1100:    1.00    0.606    0.161 0.013 0.010 0.029 0.269 0.010 0.217 0.256 0.010    0.030 0.029 0.032 0.059 0.029 0.051 0.060 0.029 0.004 0.007 0.041 0.004 0.033 0.042 0.004 0.006 0.040 0.003 0.033 0.041 0.003 0.043 0.006 0.035 0.044 0.006 0.040 0.054 0.070 0.040 0.033 0.041 0.003 0.062 0.033 0.041   --  
 1200:    1.00    0.551    0.162 0.013 0.011 0.035 0.280 0.010 0.215 0.261 0.010    0.030 0.029 0.033 0.060 0.029 0.050 0.060 0.029 0.004 0.008 0.042 0.004 0.033 0.042 0.004 0.007 0.041 0.003 0.032 0.041 0.003 0.044 0.007 0.035 0.046 0.007 0.041 0.055 0.071 0.041 0.032 0.040 0.003 0.061 0.032 0.041   --  
 1300:    1.00    0.548    0.163 0.013 0.011 0.038 0.279 0.010 0.213 0.252 0.010    0.029 0.029 0.033 0.061 0.029 0.050 0.060 0.029 0.004 0.009 0.043 0.004 0.033 0.041 0.004 0.008 0.042 0.003 0.032 0.041 0.003 0.045 0.008 0.035 0.045 0.008 0.042 0.055 0.072 0.042 0.032 0.040 0.003 0.061 0.032 0.041   --  
 1400:    1.00    0.519    0.159 0.013 0.011 0.054 0.295 0.010 0.212 0.253 0.010    0.029 0.029 0.036 0.062 0.029 0.050 0.059 0.029 0.004 0.011 0.043 0.004 0.032 0.041 0.004 0.011 0.043 0.003 0.032 0.040 0.003 0.048 0.011 0.036 0.047 0.011 0.043 0.056 0.072 0.043 0.032 0.040 0.003 0.061 0.032 0.040   --  
 1500:    1.00    0.509    0.158 0.012 0.011 0.065 0.299 0.011 0.209 0.254 0.010    0.029 0.029 0.037 0.063 0.029 0.049 0.059 0.029 0.003 0.013 0.044 0.004 0.033 0.041 0.004 0.013 0.043 0.003 0.032 0.041 0.003 0.049 0.013 0.037 0.050 0.012 0.043 0.057 0.074 0.043 0.032 0.040 0.003 0.062 0.032 0.041   --  
 1600:    1.00    0.475    0.154 0.012 0.010 0.083 0.305 0.011 0.212 0.255 0.010    0.028 0.028 0.039 0.063 0.028 0.049 0.059 0.028 0.003 0.016 0.045 0.003 0.033 0.040 0.003 0.016 0.044 0.003 0.032 0.040 0.003 0.051 0.016 0.038 0.052 0.016 0.044 0.057 0.074 0.044 0.032 0.040 0.003 0.061 0.032 0.040   --  
 1700:    1.00    0.472    0.155 0.012 0.010 0.119 0.306 0.011 0.214 0.255 0.010    0.028 0.028 0.043 0.063 0.028 0.050 0.059 0.028 0.003 0.021 0.045 0.003 0.033 0.040 0.004 0.020 0.045 0.003 0.032 0.040 0.003 0.055 0.020 0.041 0.055 0.020 0.045 0.059 0.074 0.045 0.032 0.040 0.003 0.062 0.032 0.040   --  
 1800:    1.00    0.444    0.159 0.012 0.010 0.151 0.308 0.011 0.214 0.247 0.010    0.028 0.028 0.047 0.064 0.028 0.049 0.059 0.028 0.003 0.026 0.046 0.003 0.032 0.040 0.004 0.026 0.046 0.003 0.032 0.039 0.003 0.058 0.026 0.042 0.060 0.026 0.046 0.058 0.075 0.046 0.032 0.040 0.003 0.061 0.032 0.040   --  
 1900:    1.00    0.438    0.158 0.012 0.010 0.186 0.328 0.010 0.214 0.251 0.010    0.029 0.028 0.051 0.066 0.028 0.049 0.059 0.028 0.003 0.031 0.048 0.003 0.032 0.040 0.003 0.031 0.047 0.003 0.032 0.039 0.003 0.062 0.031 0.044 0.064 0.031 0.047 0.059 0.077 0.047 0.032 0.039 0.003 0.061 0.032 0.039   --  

--------------------------------------------
Proportion of membership of each pre-defined
 population in each of the 9 clusters

Given    Inferred Clusters                                                 Number of
 Pop       1      2      3      4      5      6      7      8      9      Individuals

  1:     0.031  0.247  0.239  0.075  0.026  0.170  0.040  0.030  0.142       54
  2:     0.024  0.160  0.266  0.067  0.027  0.234  0.043  0.034  0.145       30
