

----------------------------------------------------
STRUCTURE by Pritchard, Stephens and Donnelly (2000)
     and Falush, Stephens and Pritchard (2003)
       Code by Pritchard, Falush and Hubisz
             Version 2.3.4 (Jul 2012)
----------------------------------------------------


Reading file "/workdir/yc2644/CV_CT_array/structure/threader_input/mainparams".
Reading file "/workdir/yc2644/CV_CT_array/structure/threader_input/extraparams".
Reading file "/workdir/yc2644/CV_CT_array/structure/threader_input/n1601.recode.strct_in".


Data file "/workdir/yc2644/CV_CT_array/structure/threader_input/n1601.recode.strct_in" (truncated) --

Ind:   Label Pop : Genotype_data . . . .
  1:  001s    1  :  2   1   2   2   2   1   2  . . . .   2
  1:  001s    1  :  2   2   2   2   2   2   2  . . . .   2
  2:  002s    1  :  2   2   2   2   1   1   2  . . . .   2
  2:  002s    1  :  2   2   2   2   2   2   2  . . . .   2
  3:  003s    1  :  1   2   1   2   2   2   2  . . . .   1
  3:  003s    1  :  2   2   1   2   2   2   2  . . . .   2
  4:  004s    1  :  1   1   2   2   1   2   2  . . . .   1
  4:  004s    1  :  2   1   2   2   2   2   2  . . . .   2

      *******   

1600:    49  192  :  2   2   2   2   2   1   2  . . . .   1
1600:    49  192  :  2   2   2   2   2   2   2  . . . .   2
1601:    50  192  :  2   1   2   2   1   2   2  . . . .   1
1601:    50  192  :  2   2   2   2   2   2   2  . . . .   2

Number of alleles per locus: min= 2; ave=2.0; max= 2


--------------------------------------

Finished initialization; starting MCMC 
100000 iterations + 10000 burnin


--------------------------------------------
Proportion of membership of each pre-defined
 population in each of the 9 clusters

Given    Inferred Clusters                                                 Number of
 Pop       1      2      3      4      5      6      7      8      9      Individuals

  1:     0.136  0.111  0.138  0.129  0.111  0.100  0.077  0.067  0.132       54
  2:     0.156  0.123  0.119  0.101  0.148  0.102  0.078  0.060  0.114       30
  3:     0.064  0.064  0.085  0.054  0.064  0.121  0.067  0.427  0.052       30
  4:     0.044  0.043  0.084  0.036  0.044  0.128  0.060  0.510  0.050       20
  5:     0.055  0.059  0.063  0.051  0.047  0.162  0.058  0.465  0.040       30
  6:     0.124  0.133  0.122  0.118  0.155  0.093  0.061  0.057  0.135       43
  7:     0.119  0.121  0.143  0.132  0.105  0.114  0.076  0.054  0.134       44
  8:     0.145  0.139  0.147  0.075  0.169  0.101  0.056  0.044  0.124        4
  9:     0.148  0.122  0.118  0.113  0.119  0.080  0.081  0.047  0.172       22
 10:     0.124  0.152  0.104  0.161  0.119  0.084  0.082  0.042  0.132       24
 11:     0.138  0.136  0.115  0.129  0.121  0.102  0.079  0.055  0.125       54
 12:     0.127  0.112  0.143  0.133  0.113  0.120  0.084  0.053  0.116       37
 13:     0.134  0.150  0.111  0.123  0.126  0.106  0.074  0.060  0.116       42
 14:     0.121  0.118  0.127  0.126  0.125  0.113  0.088  0.052  0.131       42
 15:     0.127  0.109  0.111  0.127  0.124  0.134  0.077  0.061  0.130       49
 16:     0.131  0.124  0.104  0.134  0.130  0.106  0.080  0.063  0.128      124
 17:     0.129  0.120  0.127  0.125  0.141  0.116  0.080  0.057  0.104       24
 18:     0.140  0.130  0.099  0.145  0.129  0.093  0.087  0.054  0.122       34
 19:     0.132  0.132  0.101  0.127  0.119  0.107  0.076  0.061  0.146       52
 20:     0.068  0.110  0.013  0.227  0.135  0.072  0.059  0.063  0.253        1
 21:     0.025  0.112  0.282  0.178  0.003  0.156  0.080  0.046  0.118        1
 22:     0.351  0.116  0.034  0.083  0.176  0.091  0.093  0.053  0.001        1
 23:     0.071  0.055  0.100  0.280  0.083  0.089  0.090  0.104  0.127        1
 24:     0.335  0.079  0.015  0.024  0.216  0.060  0.156  0.043  0.072        1
 25:     0.115  0.146  0.138  0.133  0.098  0.082  0.112  0.105  0.071        1
 26:     0.088  0.092  0.123  0.125  0.116  0.152  0.107  0.065  0.132        1
 27:     0.176  0.237  0.018  0.027  0.222  0.049  0.138  0.051  0.082        1
 28:     0.027  0.066  0.065  0.406  0.094  0.083  0.059  0.011  0.190        1
 29:     0.005  0.043  0.087  0.227  0.298  0.194  0.011  0.014  0.120        1
 30:     0.110  0.081  0.153  0.085  0.134  0.143  0.108  0.066  0.119        1
 31:     0.032  0.233  0.025  0.007  0.078  0.277  0.054  0.165  0.129        1
 32:     0.025  0.229  0.221  0.166  0.064  0.128  0.053  0.020  0.093        1
 33:     0.076  0.063  0.146  0.166  0.200  0.094  0.071  0.087  0.096        1
 34:     0.076  0.150  0.116  0.111  0.122  0.132  0.097  0.046  0.151        1
 35:     0.155  0.382  0.033  0.113  0.022  0.025  0.111  0.016  0.145        1
 36:     0.202  0.093  0.161  0.048  0.229  0.102  0.048  0.035  0.082        1
 37:     0.211  0.169  0.192  0.017  0.029  0.025  0.121  0.026  0.210        1
 38:     0.099  0.236  0.309  0.077  0.010  0.066  0.097  0.090  0.017        1
 39:     0.250  0.106  0.026  0.150  0.153  0.089  0.032  0.045  0.148        1
 40:     0.199  0.170  0.264  0.070  0.014  0.041  0.071  0.038  0.132        1
 41:     0.015  0.130  0.163  0.306  0.114  0.044  0.102  0.029  0.097        1
 42:     0.175  0.046  0.234  0.164  0.078  0.094  0.055  0.068  0.087        1
 43:     0.058  0.092  0.131  0.297  0.028  0.256  0.030  0.011  0.096        1
 44:     0.127  0.122  0.101  0.122  0.149  0.079  0.060  0.108  0.133        1
 45:     0.124  0.133  0.145  0.108  0.078  0.149  0.107  0.076  0.079        1
 46:     0.334  0.057  0.040  0.075  0.099  0.078  0.183  0.044  0.090        1
 47:     0.387  0.034  0.247  0.017  0.144  0.048  0.081  0.017  0.026        1
 48:     0.374  0.030  0.086  0.212  0.085  0.070  0.096  0.011  0.035        1
 49:     0.131  0.249  0.095  0.093  0.067  0.089  0.053  0.026  0.197        1
 50:     0.081  0.115  0.118  0.013  0.028  0.133  0.233  0.202  0.078        1
 51:     0.019  0.066  0.050  0.220  0.097  0.057  0.134  0.142  0.215        1
 52:     0.241  0.201  0.007  0.048  0.150  0.149  0.131  0.061  0.012        1
 53:     0.157  0.044  0.360  0.005  0.164  0.112  0.046  0.094  0.019        1
 54:     0.044  0.128  0.139  0.044  0.364  0.015  0.091  0.065  0.109        1
 55:     0.051  0.314  0.076  0.085  0.193  0.054  0.064  0.107  0.055        1
 56:     0.130  0.066  0.089  0.128  0.220  0.052  0.098  0.085  0.131        1
 57:     0.037  0.051  0.321  0.083  0.329  0.012  0.038  0.066  0.064        1
 58:     0.177  0.155  0.255  0.011  0.154  0.037  0.073  0.130  0.007        1
 59:     0.138  0.050  0.040  0.172  0.283  0.066  0.047  0.159  0.046        1
 60:     0.031  0.088  0.281  0.013  0.331  0.026  0.097  0.124  0.010        1
 61:     0.055  0.357  0.002  0.071  0.364  0.020  0.056  0.006  0.067        1
 62:     0.022  0.124  0.166  0.163  0.011  0.164  0.074  0.253  0.023        1
 63:     0.077  0.113  0.212  0.077  0.224  0.138  0.054  0.082  0.025        1
 64:     0.114  0.117  0.053  0.103  0.385  0.058  0.068  0.065  0.036        1
 65:     0.061  0.110  0.025  0.139  0.473  0.025  0.033  0.123  0.012        1
 66:     0.045  0.099  0.095  0.220  0.327  0.022  0.080  0.057  0.055        1
 67:     0.096  0.051  0.090  0.170  0.194  0.076  0.124  0.128  0.071        1
 68:     0.089  0.194  0.020  0.066  0.306  0.069  0.116  0.102  0.039        1
 69:     0.104  0.129  0.156  0.109  0.165  0.054  0.111  0.125  0.049        1
 70:     0.201  0.039  0.177  0.158  0.126  0.060  0.120  0.084  0.035        1
 71:     0.046  0.158  0.204  0.108  0.257  0.017  0.068  0.111  0.032        1
 72:     0.016  0.057  0.129  0.014  0.481  0.041  0.012  0.082  0.168        1
 73:     0.028  0.139  0.105  0.197  0.318  0.015  0.082  0.094  0.022        1
 74:     0.078  0.175  0.208  0.042  0.205  0.028  0.046  0.151  0.068        1
 75:     0.024  0.134  0.089  0.079  0.367  0.027  0.086  0.182  0.013        1
 76:     0.150  0.077  0.156  0.005  0.058  0.128  0.027  0.334  0.064        1
 77:     0.038  0.060  0.088  0.033  0.567  0.062  0.051  0.094  0.008        1
 78:     0.110  0.077  0.125  0.130  0.165  0.103  0.065  0.116  0.109        1
 79:     0.109  0.104  0.157  0.115  0.209  0.060  0.048  0.122  0.077        1
 80:     0.069  0.166  0.074  0.183  0.313  0.048  0.037  0.045  0.066        1
 81:     0.066  0.054  0.129  0.012  0.390  0.136  0.046  0.129  0.039        1
 82:     0.079  0.049  0.074  0.106  0.262  0.135  0.147  0.083  0.064        1
 83:     0.130  0.154  0.086  0.044  0.357  0.031  0.110  0.064  0.024        1
 84:     0.014  0.114  0.067  0.031  0.036  0.010  0.658  0.051  0.018        1
 85:     0.021  0.047  0.034  0.086  0.067  0.020  0.630  0.055  0.041        1
 86:     0.092  0.070  0.010  0.070  0.048  0.035  0.604  0.031  0.040        1
 87:     0.065  0.089  0.033  0.028  0.029  0.034  0.679  0.033  0.010        1
 88:     0.014  0.100  0.083  0.050  0.039  0.002  0.699  0.002  0.011        1
 89:     0.054  0.041  0.034  0.054  0.046  0.053  0.656  0.022  0.040        1
 90:     0.046  0.031  0.043  0.023  0.034  0.048  0.670  0.061  0.044        1
 91:     0.026  0.044  0.002  0.034  0.008  0.131  0.678  0.043  0.034        1
 92:     0.069  0.012  0.056  0.123  0.004  0.023  0.703  0.002  0.007        1
 93:     0.057  0.013  0.065  0.063  0.032  0.008  0.609  0.108  0.045        1
 94:     0.068  0.015  0.042  0.045  0.067  0.015  0.647  0.019  0.080        1
 95:     0.048  0.122  0.012  0.010  0.040  0.019  0.642  0.008  0.098        1
 96:     0.019  0.030  0.003  0.078  0.032  0.007  0.800  0.022  0.010        1
 97:     0.070  0.020  0.110  0.000  0.073  0.013  0.667  0.033  0.016        1
 98:     0.036  0.044  0.018  0.038  0.007  0.052  0.719  0.019  0.066        1
 99:     0.012  0.036  0.082  0.022  0.020  0.010  0.790  0.023  0.004        1
100:     0.013  0.030  0.068  0.035  0.014  0.017  0.690  0.085  0.048        1
101:     0.014  0.021  0.079  0.019  0.144  0.037  0.548  0.072  0.065        1
102:     0.060  0.012  0.049  0.045  0.108  0.064  0.592  0.025  0.045        1
103:     0.016  0.038  0.017  0.058  0.027  0.018  0.723  0.073  0.029        1
104:     0.030  0.041  0.042  0.013  0.042  0.082  0.714  0.031  0.006        1
105:     0.099  0.006  0.012  0.130  0.071  0.044  0.534  0.086  0.018        1
106:     0.007  0.061  0.017  0.184  0.129  0.018  0.529  0.014  0.040        1
107:     0.020  0.055  0.063  0.019  0.017  0.076  0.716  0.020  0.014        1
108:     0.006  0.011  0.065  0.037  0.072  0.075  0.633  0.065  0.036        1
109:     0.074  0.036  0.034  0.085  0.038  0.043  0.514  0.086  0.090        1
110:     0.112  0.073  0.038  0.042  0.046  0.056  0.502  0.045  0.087        1
111:     0.025  0.040  0.044  0.038  0.051  0.055  0.667  0.056  0.023        1
112:     0.026  0.039  0.031  0.009  0.014  0.050  0.804  0.023  0.005        1
113:     0.022  0.075  0.017  0.057  0.005  0.095  0.639  0.077  0.013        1
114:     0.067  0.009  0.009  0.036  0.078  0.041  0.705  0.031  0.025        1
115:     0.054  0.106  0.039  0.063  0.004  0.003  0.707  0.014  0.010        1
116:     0.000  0.026  0.078  0.006  0.026  0.058  0.793  0.009  0.004        1
117:     0.036  0.077  0.059  0.077  0.048  0.006  0.605  0.011  0.080        1
118:     0.037  0.014  0.056  0.008  0.000  0.065  0.715  0.100  0.005        1
119:     0.050  0.031  0.049  0.083  0.085  0.023  0.594  0.064  0.021        1
120:     0.049  0.105  0.074  0.020  0.072  0.011  0.583  0.023  0.063        1
121:     0.022  0.033  0.060  0.136  0.059  0.080  0.559  0.025  0.026        1
122:     0.028  0.078  0.020  0.044  0.126  0.043  0.618  0.026  0.016        1
123:     0.027  0.005  0.091  0.030  0.057  0.078  0.697  0.002  0.013        1
124:     0.012  0.009  0.000  0.023  0.094  0.114  0.641  0.094  0.012        1
125:     0.041  0.021  0.083  0.023  0.041  0.126  0.608  0.043  0.013        1
126:     0.006  0.012  0.042  0.010  0.040  0.119  0.691  0.050  0.029        1
127:     0.018  0.046  0.012  0.013  0.039  0.037  0.717  0.083  0.034        1
128:     0.008  0.009  0.051  0.039  0.077  0.043  0.650  0.035  0.087        1
129:     0.051  0.041  0.024  0.043  0.011  0.019  0.783  0.024  0.005        1
130:     0.015  0.062  0.014  0.038  0.045  0.053  0.632  0.068  0.073        1
131:     0.030  0.035  0.043  0.026  0.016  0.115  0.696  0.038  0.001        1
132:     0.041  0.026  0.047  0.069  0.022  0.027  0.650  0.073  0.045        1
133:     0.011  0.078  0.042  0.078  0.017  0.035  0.666  0.056  0.017        1
134:     0.113  0.028  0.040  0.038  0.085  0.020  0.588  0.036  0.053        1
135:     0.074  0.064  0.102  0.019  0.040  0.064  0.560  0.036  0.042        1
136:     0.023  0.007  0.036  0.037  0.077  0.097  0.666  0.030  0.028        1
137:     0.013  0.035  0.012  0.108  0.038  0.013  0.719  0.059  0.002        1
138:     0.050  0.032  0.027  0.032  0.042  0.077  0.692  0.038  0.009        1
139:     0.025  0.052  0.078  0.050  0.050  0.048  0.582  0.089  0.026        1
140:     0.027  0.062  0.021  0.013  0.080  0.105  0.648  0.019  0.023        1
141:     0.018  0.064  0.020  0.056  0.050  0.014  0.723  0.037  0.018        1
142:     0.024  0.041  0.047  0.046  0.074  0.071  0.574  0.069  0.053        1
143:     0.085  0.040  0.076  0.035  0.011  0.052  0.609  0.066  0.025        1
144:     0.055  0.024  0.040  0.051  0.051  0.063  0.629  0.055  0.034        1
145:     0.012  0.049  0.087  0.067  0.034  0.009  0.688  0.045  0.009        1
146:     0.058  0.050  0.024  0.039  0.059  0.035  0.637  0.059  0.039        1
147:     0.027  0.046  0.074  0.015  0.017  0.090  0.661  0.028  0.042        1
148:     0.135  0.104  0.062  0.317  0.064  0.074  0.096  0.118  0.029        1
149:     0.094  0.108  0.119  0.079  0.138  0.120  0.130  0.116  0.097        1
150:     0.078  0.046  0.226  0.146  0.267  0.065  0.102  0.048  0.020        1
151:     0.067  0.058  0.116  0.131  0.458  0.071  0.035  0.041  0.024        1
152:     0.106  0.110  0.105  0.109  0.114  0.160  0.069  0.089  0.136        1
153:     0.059  0.142  0.037  0.208  0.287  0.024  0.082  0.106  0.055        1
154:     0.159  0.102  0.232  0.075  0.163  0.117  0.045  0.059  0.050        1
155:     0.186  0.105  0.167  0.031  0.117  0.127  0.059  0.053  0.156        1
156:     0.095  0.079  0.171  0.137  0.109  0.106  0.100  0.082  0.121        1
157:     0.195  0.211  0.109  0.105  0.067  0.047  0.050  0.077  0.139        1
158:     0.072  0.086  0.091  0.087  0.215  0.137  0.055  0.024  0.234        1
159:     0.140  0.086  0.016  0.247  0.025  0.065  0.067  0.034  0.320        1
160:     0.200  0.120  0.129  0.049  0.145  0.137  0.094  0.051  0.074        1
161:     0.218  0.083  0.094  0.062  0.081  0.005  0.082  0.076  0.297        1
162:     0.289  0.028  0.308  0.046  0.008  0.145  0.059  0.014  0.101        1
163:     0.124  0.283  0.022  0.196  0.051  0.026  0.100  0.055  0.142        1
164:     0.209  0.184  0.046  0.053  0.140  0.065  0.128  0.040  0.134        1
165:     0.084  0.109  0.124  0.066  0.153  0.090  0.112  0.114  0.148        1
166:     0.056  0.223  0.197  0.088  0.021  0.297  0.077  0.020  0.021        1
167:     0.102  0.108  0.154  0.110  0.118  0.139  0.076  0.070  0.123        1
168:     0.109  0.227  0.173  0.002  0.072  0.116  0.113  0.021  0.168        1
169:     0.050  0.103  0.276  0.096  0.082  0.090  0.070  0.063  0.169        1
170:     0.165  0.069  0.123  0.102  0.255  0.063  0.062  0.042  0.118        1
171:     0.120  0.101  0.044  0.178  0.144  0.064  0.070  0.045  0.234        1
172:     0.032  0.126  0.093  0.154  0.194  0.033  0.115  0.054  0.199        1
173:     0.060  0.025  0.057  0.032  0.207  0.229  0.146  0.045  0.200        1
174:     0.299  0.013  0.049  0.161  0.240  0.039  0.083  0.052  0.065        1
175:     0.141  0.124  0.108  0.122  0.131  0.108  0.081  0.061  0.125       50
176:     0.152  0.126  0.119  0.113  0.129  0.080  0.079  0.064  0.139       49
177:     0.142  0.115  0.119  0.116  0.126  0.110  0.081  0.058  0.132       50
178:     0.143  0.133  0.111  0.123  0.132  0.109  0.079  0.055  0.115       49
179:     0.162  0.117  0.119  0.117  0.138  0.110  0.078  0.057  0.101       23
180:     0.150  0.133  0.115  0.135  0.113  0.097  0.077  0.055  0.126       49
181:     0.028  0.034  0.045  0.032  0.029  0.082  0.038  0.645  0.066       30
182:     0.029  0.038  0.068  0.028  0.027  0.077  0.057  0.619  0.057       30
183:     0.136  0.135  0.103  0.122  0.093  0.102  0.092  0.096  0.120       34
184:     0.117  0.132  0.144  0.159  0.117  0.093  0.071  0.060  0.107       36
185:     0.119  0.148  0.117  0.132  0.110  0.104  0.089  0.053  0.128       40
186:     0.132  0.123  0.141  0.150  0.124  0.098  0.072  0.052  0.109       39
187:     0.144  0.129  0.112  0.131  0.107  0.097  0.082  0.063  0.136       37
188:     0.134  0.116  0.101  0.136  0.132  0.101  0.087  0.064  0.129       40
189:     0.152  0.126  0.107  0.135  0.120  0.102  0.068  0.063  0.127       35
190:     0.138  0.121  0.124  0.118  0.109  0.112  0.078  0.073  0.127       28
191:     0.166  0.120  0.125  0.126  0.103  0.107  0.071  0.053  0.129       36
192:     0.123  0.101  0.132  0.136  0.149  0.104  0.074  0.066  0.115       32
--------------------------------------------

 Rep#:   Lambda   Alpha      F1    F2    F3    F4    F5    F6    F7    F8    F9     D1,2  D1,3  D1,4  D1,5  D1,6  D1,7  D1,8  D1,9  D2,3  D2,4  D2,5  D2,6  D2,7  D2,8  D2,9  D3,4  D3,5  D3,6  D3,7  D3,8  D3,9  D4,5  D4,6  D4,7  D4,8  D4,9  D5,6  D5,7  D5,8  D5,9  D6,7  D6,8  D6,9  D7,8  D7,9  D8,9    Ln Like 
  100:    1.00    1.555    0.011 0.010 0.009 0.011 0.010 0.013 0.188 0.316 0.010    0.003 0.003 0.003 0.004 0.004 0.042 0.055 0.003 0.003 0.003 0.003 0.003 0.041 0.054 0.003 0.003 0.003 0.003 0.041 0.053 0.003 0.003 0.004 0.041 0.055 0.003 0.004 0.041 0.054 0.003 0.041 0.051 0.004 0.080 0.041 0.054   --  
  200:    1.00    1.173    0.011 0.010 0.009 0.011 0.165 0.013 0.213 0.237 0.010    0.003 0.003 0.003 0.034 0.004 0.038 0.036 0.003 0.003 0.003 0.033 0.004 0.037 0.036 0.003 0.003 0.033 0.004 0.037 0.036 0.003 0.034 0.004 0.038 0.036 0.003 0.035 0.059 0.057 0.034 0.038 0.036 0.004 0.059 0.037 0.036   --  
  300:    1.00    0.985    0.011 0.010 0.009 0.011 0.262 0.109 0.187 0.230 0.010    0.003 0.003 0.003 0.044 0.022 0.034 0.034 0.003 0.003 0.003 0.044 0.022 0.034 0.034 0.003 0.003 0.043 0.021 0.034 0.034 0.003 0.044 0.022 0.034 0.035 0.003 0.058 0.062 0.062 0.044 0.047 0.048 0.022 0.053 0.034 0.034   --  
  400:    1.00    0.861    0.011 0.010 0.009 0.010 0.266 0.282 0.178 0.239 0.010    0.003 0.003 0.003 0.045 0.044 0.033 0.036 0.003 0.003 0.003 0.044 0.044 0.032 0.035 0.003 0.003 0.044 0.044 0.032 0.035 0.003 0.044 0.044 0.032 0.036 0.003 0.069 0.061 0.064 0.044 0.058 0.056 0.044 0.053 0.032 0.035   --  
  500:    1.00    0.804    0.011 0.010 0.009 0.010 0.265 0.259 0.179 0.236 0.010    0.003 0.003 0.003 0.044 0.041 0.032 0.035 0.003 0.003 0.003 0.044 0.040 0.032 0.035 0.003 0.003 0.043 0.040 0.032 0.035 0.003 0.044 0.040 0.032 0.035 0.003 0.066 0.061 0.064 0.043 0.055 0.050 0.040 0.054 0.032 0.035   --  
  600:    1.00    0.770    0.011 0.010 0.009 0.010 0.260 0.245 0.172 0.236 0.010    0.003 0.003 0.003 0.043 0.037 0.031 0.035 0.003 0.003 0.003 0.043 0.037 0.032 0.035 0.003 0.003 0.043 0.037 0.031 0.035 0.003 0.043 0.038 0.031 0.035 0.003 0.064 0.060 0.063 0.042 0.053 0.048 0.037 0.054 0.031 0.035   --  
  700:    1.00    0.736    0.011 0.010 0.009 0.010 0.258 0.236 0.168 0.233 0.010    0.003 0.003 0.003 0.043 0.036 0.030 0.035 0.003 0.003 0.003 0.043 0.036 0.030 0.035 0.003 0.003 0.042 0.036 0.030 0.035 0.003 0.042 0.036 0.030 0.035 0.003 0.063 0.060 0.064 0.042 0.052 0.047 0.036 0.053 0.030 0.035   --  
  800:    1.00    0.676    0.011 0.010 0.010 0.010 0.258 0.229 0.170 0.240 0.010    0.003 0.003 0.003 0.043 0.035 0.030 0.035 0.003 0.003 0.003 0.042 0.035 0.030 0.035 0.003 0.003 0.042 0.034 0.030 0.034 0.003 0.042 0.035 0.030 0.035 0.003 0.062 0.060 0.064 0.042 0.051 0.046 0.035 0.053 0.030 0.034   --  
  900:    1.00    0.653    0.011 0.010 0.010 0.010 0.255 0.223 0.165 0.231 0.010    0.003 0.003 0.003 0.042 0.034 0.030 0.035 0.003 0.003 0.003 0.042 0.034 0.030 0.035 0.003 0.003 0.041 0.033 0.030 0.034 0.003 0.042 0.034 0.030 0.035 0.003 0.062 0.059 0.065 0.041 0.050 0.046 0.034 0.054 0.030 0.035   --  

--------------------------------------------
Proportion of membership of each pre-defined
 population in each of the 9 clusters

Given    Inferred Clusters                                                 Number of
 Pop       1      2      3      4      5      6      7      8      9      Individuals

  1:     0.158  0.133  0.170  0.175  0.052  0.063  0.044  0.044  0.161       54
  2:     0.176  0.165  0.180  0.117  0.058  0.066  0.044  0.038  0.157       30
  3:     0.032  0.048  0.049  0.018  0.051  0.268  0.048  0.464  0.023       30
  4:     0.001  0.002  0.002  0.002  0.003  0.959  0.005  0.024  0.002       20
  5:     0.008  0.011  0.010  0.013  0.008  0.854  0.012  0.078  0.006       30
  6:     0.165  0.190  0.144  0.130  0.048  0.060  0.046  0.040  0.178       43
  7:     0.151  0.156  0.173  0.158  0.050  0.062  0.036  0.033  0.180       44
  8:     0.159  0.219  0.105  0.178  0.052  0.050  0.033  0.018  0.187        4
  9:     0.172  0.164  0.120  0.155  0.057  0.029  0.041  0.016  0.246       22
 10:     0.141  0.181  0.131  0.215  0.058  0.026  0.044  0.027  0.176       24
 11:     0.173  0.171  0.160  0.151  0.049  0.059  0.044  0.033  0.161       54
 12:     0.191  0.167  0.142  0.175  0.051  0.057  0.038  0.032  0.145       37
 13:     0.165  0.181  0.160  0.156  0.054  0.062  0.040  0.040  0.141       42
 14:     0.140  0.187  0.175  0.149  0.051  0.064  0.044  0.037  0.154       42
 15:     0.176  0.145  0.146  0.152  0.053  0.062  0.043  0.035  0.188       49
 16:     0.167  0.168  0.132  0.166  0.051  0.065  0.043  0.042  0.166      124
 17:     0.167  0.199  0.127  0.149  0.057  0.058  0.045  0.043  0.156       24
 18:     0.145  0.178  0.133  0.180  0.057  0.047  0.046  0.035  0.178       34
 19:     0.179  0.164  0.122  0.158  0.055  0.054  0.038  0.044  0.185       52
 20:     0.334  0.060  0.004  0.376  0.033  0.033  0.031  0.041  0.087        1
 21:     0.153  0.149  0.296  0.053  0.076  0.047  0.111  0.017  0.098        1
 22:     0.322  0.124  0.122  0.258  0.045  0.061  0.037  0.028  0.002        1
 23:     0.167  0.110  0.010  0.256  0.038  0.076  0.093  0.051  0.200        1
 24:     0.204  0.371  0.000  0.043  0.077  0.052  0.055  0.030  0.167        1
 25:     0.223  0.176  0.126  0.202  0.001  0.116  0.083  0.029  0.045        1
 26:     0.029  0.209  0.155  0.296  0.041  0.094  0.077  0.006  0.093        1
 27:     0.272  0.146  0.069  0.155  0.069  0.083  0.080  0.044  0.082        1
 28:     0.009  0.146  0.070  0.341  0.071  0.025  0.069  0.025  0.244        1
 29:     0.139  0.151  0.122  0.163  0.087  0.005  0.071  0.039  0.223        1
 30:     0.057  0.110  0.038  0.228  0.026  0.113  0.064  0.040  0.325        1
 31:     0.072  0.152  0.000  0.054  0.062  0.195  0.031  0.050  0.383        1
 32:     0.075  0.065  0.207  0.337  0.047  0.050  0.076  0.015  0.127        1
 33:     0.081  0.303  0.109  0.179  0.081  0.066  0.014  0.053  0.114        1
 34:     0.177  0.081  0.050  0.029  0.110  0.012  0.059  0.029  0.454        1
 35:     0.303  0.170  0.101  0.162  0.051  0.060  0.057  0.035  0.061        1
 36:     0.300  0.015  0.302  0.084  0.047  0.051  0.086  0.053  0.064        1
 37:     0.562  0.133  0.072  0.004  0.050  0.053  0.079  0.003  0.043        1
 38:     0.333  0.150  0.159  0.080  0.041  0.091  0.091  0.023  0.032        1
 39:     0.248  0.075  0.011  0.314  0.083  0.050  0.062  0.003  0.154        1
 40:     0.142  0.111  0.143  0.173  0.092  0.093  0.065  0.057  0.124        1
 41:     0.012  0.311  0.063  0.310  0.051  0.050  0.072  0.013  0.118        1
 42:     0.114  0.012  0.358  0.191  0.050  0.088  0.055  0.021  0.112        1
 43:     0.192  0.038  0.463  0.058  0.057  0.086  0.052  0.025  0.028        1
 44:     0.230  0.077  0.035  0.300  0.063  0.152  0.024  0.037  0.083        1
 45:     0.238  0.249  0.129  0.132  0.100  0.049  0.042  0.014  0.047        1
 46:     0.433  0.068  0.117  0.069  0.035  0.031  0.125  0.067  0.056        1
 47:     0.798  0.002  0.066  0.003  0.050  0.006  0.032  0.041  0.002        1
 48:     0.787  0.005  0.017  0.022  0.040  0.015  0.067  0.038  0.009        1
 49:     0.171  0.177  0.054  0.140  0.068  0.023  0.055  0.049  0.263        1
 50:     0.068  0.151  0.198  0.005  0.080  0.300  0.058  0.096  0.044        1
 51:     0.117  0.045  0.062  0.123  0.033  0.185  0.061  0.079  0.293        1
 52:     0.373  0.212  0.003  0.110  0.070  0.050  0.089  0.052  0.040        1
 53:     0.172  0.112  0.332  0.001  0.049  0.043  0.048  0.105  0.138        1
 54:     0.001  0.002  0.000  0.001  0.986  0.001  0.001  0.007  0.000        1
 55:     0.002  0.001  0.003  0.000  0.979  0.009  0.001  0.005  0.000        1
 56:     0.104  0.004  0.000  0.002  0.830  0.019  0.017  0.011  0.013        1
 57:     0.000  0.001  0.048  0.004  0.928  0.013  0.001  0.001  0.004        1
 58:     0.042  0.001  0.009  0.036  0.891  0.002  0.006  0.009  0.005        1
 59:     0.005  0.009  0.027  0.005  0.875  0.036  0.003  0.035  0.004        1
 60:     0.001  0.005  0.004  0.000  0.973  0.014  0.001  0.001  0.002        1
 61:     0.000  0.002  0.000  0.000  0.988  0.000  0.005  0.002  0.001        1
 62:     0.047  0.057  0.376  0.011  0.001  0.280  0.031  0.190  0.009        1
 63:     0.002  0.001  0.001  0.000  0.920  0.023  0.024  0.011  0.018        1
 64:     0.000  0.000  0.000  0.001  0.998  0.000  0.000  0.000  0.001        1
 65:     0.000  0.000  0.000  0.000  0.995  0.001  0.000  0.002  0.001        1
 66:     0.005  0.003  0.014  0.005  0.968  0.004  0.000  0.001  0.000        1
 67:     0.047  0.073  0.083  0.022  0.615  0.019  0.104  0.037  0.000        1
 68:     0.000  0.013  0.002  0.001  0.899  0.014  0.002  0.033  0.036        1
 69:     0.009  0.000  0.007  0.002  0.971  0.005  0.002  0.004  0.000        1
 70:     0.001  0.038  0.041  0.038  0.790  0.028  0.022  0.017  0.025        1
 71:     0.002  0.001  0.001  0.006  0.986  0.002  0.000  0.001  0.000        1
 72:     0.001  0.000  0.001  0.000  0.988  0.002  0.000  0.003  0.005        1
 73:     0.000  0.000  0.001  0.000  0.998  0.001  0.000  0.000  0.000        1
 74:     0.035  0.025  0.128  0.016  0.747  0.012  0.011  0.023  0.003        1
 75:     0.001  0.002  0.000  0.001  0.995  0.001  0.000  0.001  0.000        1
 76:     0.033  0.021  0.158  0.018  0.020  0.289  0.104  0.326  0.032        1
 77:     0.001  0.000  0.001  0.001  0.990  0.001  0.007  0.000  0.000        1
 78:     0.006  0.032  0.002  0.111  0.798  0.002  0.007  0.040  0.001        1
 79:     0.001  0.001  0.000  0.001  0.992  0.002  0.003  0.000  0.000        1
 80:     0.014  0.016  0.007  0.008  0.943  0.001  0.001  0.008  0.001        1
 81:     0.001  0.000  0.000  0.000  0.995  0.001  0.001  0.002  0.000        1
 82:     0.209  0.037  0.044  0.006  0.475  0.057  0.145  0.026  0.001        1
 83:     0.001  0.003  0.000  0.000  0.992  0.001  0.001  0.001  0.001        1
 84:     0.000  0.000  0.001  0.006  0.022  0.045  0.918  0.007  0.000        1
 85:     0.001  0.007  0.000  0.010  0.003  0.026  0.939  0.011  0.003        1
 86:     0.002  0.024  0.000  0.057  0.022  0.004  0.847  0.037  0.008        1
 87:     0.003  0.009  0.011  0.020  0.002  0.012  0.942  0.000  0.002        1
 88:     0.011  0.004  0.001  0.003  0.006  0.002  0.965  0.005  0.003        1
 89:     0.006  0.006  0.002  0.035  0.000  0.002  0.929  0.019  0.000        1
 90:     0.003  0.003  0.000  0.002  0.008  0.023  0.948  0.011  0.003        1
 91:     0.006  0.001  0.004  0.006  0.000  0.024  0.942  0.007  0.008        1
 92:     0.055  0.044  0.004  0.060  0.004  0.000  0.807  0.015  0.011        1
 93:     0.004  0.003  0.002  0.003  0.001  0.000  0.920  0.067  0.000        1
 94:     0.008  0.021  0.008  0.000  0.008  0.000  0.891  0.023  0.041        1
 95:     0.037  0.036  0.004  0.001  0.002  0.055  0.859  0.005  0.001        1
 96:     0.000  0.001  0.000  0.000  0.006  0.001  0.989  0.003  0.001        1
 97:     0.000  0.003  0.004  0.003  0.009  0.036  0.926  0.015  0.002        1
 98:     0.004  0.011  0.005  0.006  0.008  0.036  0.926  0.004  0.000        1
 99:     0.000  0.002  0.005  0.001  0.000  0.001  0.988  0.001  0.003        1
100:     0.000  0.001  0.000  0.000  0.000  0.025  0.968  0.001  0.005        1
101:     0.038  0.026  0.050  0.007  0.019  0.030  0.783  0.046  0.001        1
102:     0.028  0.038  0.039  0.027  0.023  0.000  0.733  0.012  0.100        1
103:     0.009  0.011  0.001  0.001  0.001  0.007  0.962  0.005  0.003        1
104:     0.011  0.007  0.020  0.002  0.006  0.003  0.947  0.004  0.000        1
105:     0.005  0.000  0.000  0.001  0.034  0.047  0.891  0.016  0.006        1
106:     0.016  0.002  0.093  0.060  0.033  0.023  0.746  0.000  0.027        1
107:     0.002  0.012  0.001  0.005  0.009  0.003  0.931  0.035  0.003        1
108:     0.064  0.015  0.002  0.046  0.007  0.041  0.812  0.004  0.010        1
109:     0.014  0.001  0.009  0.063  0.039  0.032  0.765  0.064  0.012        1
110:     0.006  0.109  0.002  0.093  0.044  0.000  0.730  0.011  0.004        1
111:     0.000  0.000  0.021  0.001  0.000  0.035  0.931  0.012  0.000        1
112:     0.000  0.000  0.001  0.001  0.004  0.000  0.989  0.000  0.004        1
113:     0.012  0.004  0.002  0.000  0.000  0.035  0.944  0.001  0.002        1
114:     0.002  0.018  0.000  0.002  0.003  0.014  0.946  0.005  0.010        1
115:     0.001  0.013  0.006  0.074  0.002  0.004  0.898  0.001  0.001        1
116:     0.002  0.000  0.001  0.003  0.003  0.005  0.965  0.021  0.001        1
117:     0.004  0.007  0.006  0.015  0.002  0.023  0.895  0.047  0.002        1
118:     0.001  0.001  0.000  0.000  0.021  0.001  0.926  0.048  0.002        1
119:     0.032  0.052  0.015  0.011  0.009  0.003  0.850  0.010  0.019        1
120:     0.030  0.003  0.006  0.008  0.021  0.007  0.908  0.017  0.000        1
121:     0.030  0.001  0.013  0.018  0.000  0.014  0.919  0.006  0.000        1
122:     0.013  0.014  0.001  0.017  0.017  0.006  0.901  0.001  0.030        1
123:     0.003  0.000  0.005  0.001  0.000  0.018  0.967  0.001  0.004        1
124:     0.022  0.005  0.007  0.000  0.023  0.108  0.808  0.016  0.012        1
125:     0.001  0.000  0.008  0.012  0.005  0.001  0.969  0.003  0.000        1
126:     0.001  0.011  0.032  0.024  0.032  0.028  0.816  0.040  0.016        1
127:     0.003  0.018  0.009  0.006  0.000  0.068  0.870  0.012  0.012        1
128:     0.002  0.018  0.000  0.000  0.008  0.010  0.935  0.017  0.009        1
129:     0.000  0.001  0.001  0.000  0.002  0.001  0.995  0.001  0.000        1
130:     0.014  0.001  0.002  0.007  0.003  0.048  0.889  0.031  0.005        1
131:     0.000  0.002  0.002  0.006  0.006  0.005  0.978  0.000  0.001        1
132:     0.039  0.033  0.010  0.007  0.000  0.087  0.788  0.036  0.000        1
133:     0.000  0.015  0.003  0.000  0.002  0.095  0.862  0.023  0.000        1
134:     0.001  0.017  0.001  0.101  0.016  0.003  0.796  0.026  0.040        1
135:     0.003  0.047  0.064  0.011  0.009  0.048  0.792  0.019  0.006        1
136:     0.001  0.001  0.000  0.009  0.000  0.007  0.979  0.002  0.001        1
137:     0.011  0.009  0.000  0.000  0.007  0.000  0.968  0.006  0.000        1
138:     0.002  0.005  0.008  0.000  0.010  0.003  0.969  0.002  0.001        1
139:     0.001  0.002  0.001  0.000  0.004  0.071  0.899  0.022  0.000        1
140:     0.004  0.011  0.000  0.004  0.011  0.126  0.839  0.006  0.000        1
141:     0.003  0.001  0.001  0.000  0.001  0.000  0.970  0.024  0.000        1
142:     0.005  0.001  0.077  0.001  0.015  0.004  0.794  0.001  0.102        1
143:     0.001  0.020  0.005  0.000  0.005  0.016  0.887  0.060  0.005        1
144:     0.002  0.000  0.002  0.012  0.000  0.059  0.922  0.000  0.002        1
145:     0.032  0.000  0.000  0.004  0.004  0.000  0.950  0.001  0.008        1
146:     0.000  0.007  0.000  0.010  0.007  0.002  0.919  0.054  0.001        1
147:     0.002  0.000  0.003  0.008  0.002  0.070  0.912  0.000  0.002        1
148:     0.134  0.169  0.049  0.259  0.082  0.096  0.131  0.052  0.027        1
149:     0.101  0.067  0.060  0.100  0.054  0.088  0.102  0.117  0.310        1
150:     0.213  0.097  0.363  0.127  0.040  0.033  0.092  0.024  0.010        1
151:     0.275  0.123  0.286  0.073  0.064  0.035  0.046  0.027  0.071        1
152:     0.192  0.123  0.090  0.158  0.060  0.088  0.060  0.048  0.180        1
153:     0.135  0.238  0.177  0.216  0.066  0.012  0.057  0.022  0.076        1
154:     0.216  0.061  0.475  0.041  0.068  0.058  0.039  0.011  0.031        1
155:     0.529  0.000  0.048  0.003  0.068  0.079  0.068  0.016  0.189        1
156:     0.220  0.204  0.204  0.037  0.081  0.100  0.048  0.012  0.095        1
157:     0.193  0.373  0.035  0.010  0.049  0.100  0.044  0.018  0.178        1
158:     0.030  0.022  0.147  0.361  0.057  0.001  0.092  0.078  0.211        1
159:     0.252  0.296  0.080  0.095  0.039  0.013  0.065  0.028  0.131        1
160:     0.112  0.285  0.339  0.074  0.042  0.004  0.065  0.054  0.026        1
161:     0.206  0.063  0.059  0.027  0.096  0.083  0.071  0.059  0.336        1
162:     0.192  0.102  0.304  0.155  0.092  0.019  0.050  0.003  0.083        1
163:     0.207  0.355  0.013  0.027  0.078  0.029  0.097  0.022  0.173        1
164:     0.166  0.390  0.093  0.089  0.057  0.047  0.042  0.044  0.072        1
165:     0.082  0.112  0.020  0.296  0.074  0.095  0.109  0.027  0.186        1
166:     0.001  0.244  0.516  0.062  0.047  0.083  0.005  0.027  0.016        1
167:     0.105  0.134  0.040  0.111  0.052  0.072  0.058  0.084  0.343        1
168:     0.071  0.404  0.125  0.044  0.046  0.002  0.019  0.038  0.251        1
169:     0.042  0.209  0.186  0.043  0.068  0.040  0.082  0.009  0.322        1
170:     0.165  0.022  0.222  0.223  0.077  0.024  0.077  0.058  0.132        1
171:     0.201  0.181  0.038  0.066  0.043  0.004  0.118  0.059  0.289        1
172:     0.116  0.111  0.092  0.105  0.105  0.061  0.022  0.070  0.318        1
173:     0.161  0.130  0.221  0.026  0.061  0.077  0.047  0.048  0.229        1
174:     0.289  0.029  0.025  0.259  0.065  0.042  0.083  0.030  0.178        1
175:     0.181  0.142  0.172  0.164  0.051  0.064  0.040  0.039  0.147       50
176:     0.190  0.163  0.149  0.155  0.055  0.049  0.039  0.041  0.159       49
177:     0.199  0.150  0.149  0.143  0.049  0.050  0.044  0.038  0.178       50
178:     0.187  0.161  0.154  0.151  0.054  0.055  0.035  0.039  0.165       49
179:     0.210  0.149  0.157  0.143  0.053  0.069  0.043  0.037  0.139       23
180:     0.186  0.159  0.144  0.183  0.052  0.057  0.039  0.036  0.144       49
181:     0.002  0.003  0.002  0.002  0.004  0.027  0.002  0.954  0.003       30
182:     0.004  0.003  0.008  0.005  0.011  0.169  0.006  0.788  0.006       30
183:     0.121  0.162  0.184  0.178  0.046  0.069  0.058  0.075  0.106       34
184:     0.152  0.142  0.166  0.211  0.047  0.051  0.035  0.040  0.155       36
185:     0.124  0.151  0.154  0.189  0.051  0.063  0.045  0.039  0.184       40
186:     0.144  0.181  0.215  0.157  0.055  0.046  0.042  0.033  0.127       39
187:     0.132  0.150  0.135  0.190  0.055  0.058  0.042  0.040  0.197       37
188:     0.173  0.115  0.138  0.175  0.050  0.063  0.045  0.043  0.198       40
189:     0.184  0.132  0.144  0.160  0.051  0.058  0.049  0.046  0.177       35
190:     0.154  0.140  0.187  0.159  0.054  0.058  0.041  0.049  0.158       28
191:     0.196  0.113  0.129  0.199  0.050  0.061  0.048  0.042  0.160       36
192:     0.177  0.127  0.179  0.185  0.055  0.053  0.042  0.047  0.134       32
--------------------------------------------

 Rep#:   Lambda   Alpha      F1    F2    F3    F4    F5    F6    F7    F8    F9     D1,2  D1,3  D1,4  D1,5  D1,6  D1,7  D1,8  D1,9  D2,3  D2,4  D2,5  D2,6  D2,7  D2,8  D2,9  D3,4  D3,5  D3,6  D3,7  D3,8  D3,9  D4,5  D4,6  D4,7  D4,8  D4,9  D5,6  D5,7  D5,8  D5,9  D6,7  D6,8  D6,9  D7,8  D7,9  D8,9    Ln Like 
 1000:    1.00    0.623    0.011 0.010 0.010 0.010 0.254 0.223 0.159 0.232 0.010    0.003 0.003 0.003 0.041 0.033 0.029 0.035 0.003 0.003 0.003 0.041 0.033 0.029 0.035 0.003 0.003 0.041 0.033 0.029 0.035 0.003 0.041 0.034 0.029 0.035 0.003 0.062 0.059 0.064 0.041 0.050 0.046 0.033 0.053 0.029 0.035   --  
 1100:    1.00    0.600    0.011 0.010 0.010 0.010 0.256 0.221 0.158 0.239 0.010    0.003 0.003 0.003 0.041 0.033 0.029 0.035 0.003 0.003 0.003 0.041 0.033 0.029 0.035 0.003 0.003 0.041 0.033 0.029 0.035 0.003 0.041 0.033 0.029 0.035 0.003 0.062 0.060 0.065 0.041 0.050 0.047 0.033 0.054 0.029 0.035   --  
 1200:    1.00    0.574    0.011 0.010 0.010 0.010 0.253 0.216 0.159 0.245 0.010    0.003 0.003 0.003 0.041 0.032 0.029 0.036 0.003 0.003 0.003 0.041 0.032 0.029 0.036 0.003 0.003 0.041 0.032 0.029 0.036 0.003 0.041 0.032 0.029 0.036 0.003 0.062 0.059 0.066 0.041 0.050 0.048 0.033 0.055 0.029 0.036   --  
 1300:    1.00    0.545    0.011 0.010 0.012 0.010 0.246 0.213 0.163 0.247 0.010    0.003 0.004 0.003 0.040 0.032 0.029 0.037 0.003 0.004 0.003 0.040 0.032 0.029 0.036 0.003 0.004 0.040 0.032 0.030 0.037 0.004 0.040 0.032 0.029 0.037 0.003 0.061 0.059 0.066 0.040 0.050 0.049 0.032 0.056 0.029 0.037   --  
 1400:    1.00    0.511    0.011 0.010 0.012 0.010 0.248 0.214 0.158 0.263 0.010    0.003 0.004 0.003 0.040 0.032 0.029 0.038 0.003 0.004 0.003 0.040 0.032 0.029 0.038 0.003 0.004 0.041 0.032 0.029 0.039 0.004 0.040 0.032 0.029 0.039 0.003 0.061 0.059 0.068 0.040 0.049 0.052 0.032 0.057 0.028 0.038   --  
 1500:    1.00    0.504    0.011 0.010 0.012 0.010 0.253 0.212 0.158 0.265 0.010    0.003 0.004 0.003 0.040 0.032 0.029 0.039 0.003 0.004 0.003 0.040 0.032 0.029 0.039 0.003 0.004 0.041 0.032 0.029 0.039 0.004 0.040 0.031 0.029 0.039 0.003 0.061 0.059 0.070 0.040 0.049 0.053 0.032 0.058 0.029 0.039   --  
 1600:    1.00    0.484    0.011 0.010 0.012 0.010 0.254 0.212 0.156 0.277 0.010    0.003 0.004 0.003 0.040 0.031 0.028 0.040 0.003 0.004 0.003 0.040 0.032 0.028 0.040 0.003 0.004 0.041 0.032 0.029 0.040 0.004 0.040 0.032 0.029 0.040 0.003 0.062 0.059 0.071 0.040 0.049 0.055 0.032 0.059 0.028 0.040   --  
 1700:    1.00    0.461    0.011 0.010 0.012 0.011 0.249 0.212 0.156 0.277 0.010    0.003 0.004 0.003 0.040 0.031 0.028 0.041 0.003 0.004 0.003 0.040 0.031 0.028 0.040 0.003 0.004 0.040 0.031 0.029 0.041 0.004 0.040 0.031 0.028 0.041 0.003 0.061 0.059 0.072 0.040 0.049 0.055 0.031 0.060 0.028 0.041   --  
 1800:    1.00    0.434    0.011 0.010 0.014 0.011 0.248 0.204 0.154 0.285 0.011    0.003 0.004 0.003 0.040 0.031 0.028 0.041 0.003 0.004 0.003 0.039 0.030 0.028 0.041 0.003 0.004 0.040 0.031 0.029 0.042 0.004 0.040 0.031 0.028 0.041 0.003 0.061 0.059 0.072 0.039 0.048 0.055 0.031 0.060 0.028 0.041   --  
 1900:    1.00    0.423    0.011 0.010 0.014 0.011 0.249 0.209 0.152 0.285 0.011    0.003 0.004 0.003 0.040 0.031 0.028 0.041 0.003 0.004 0.003 0.040 0.030 0.028 0.041 0.003 0.004 0.041 0.031 0.029 0.042 0.004 0.040 0.030 0.028 0.041 0.003 0.061 0.059 0.073 0.040 0.049 0.056 0.030 0.060 0.028 0.041   --  

--------------------------------------------
Proportion of membership of each pre-defined
 population in each of the 9 clusters

Given    Inferred Clusters                                                 Number of
 Pop       1      2      3      4      5      6      7      8      9      Individuals

  1:     0.162  0.168  0.187  0.168  0.029  0.051  0.027  0.026  0.182       54
  2:     0.232  0.155  0.183  0.124  0.032  0.046  0.031  0.022  0.174       30
