

----------------------------------------------------
STRUCTURE by Pritchard, Stephens and Donnelly (2000)
     and Falush, Stephens and Pritchard (2003)
       Code by Pritchard, Falush and Hubisz
             Version 2.3.4 (Jul 2012)
----------------------------------------------------


Reading file "/workdir/yc2644/CV_CT_array/structure/threader_input/mainparams".
Reading file "/workdir/yc2644/CV_CT_array/structure/threader_input/extraparams".
Reading file "/workdir/yc2644/CV_CT_array/structure/threader_input/n1601.recode.strct_in".


Data file "/workdir/yc2644/CV_CT_array/structure/threader_input/n1601.recode.strct_in" (truncated) --

Ind:   Label Pop : Genotype_data . . . .
  1:  001s    1  :  2   1   2   2   2   1   2  . . . .   2
  1:  001s    1  :  2   2   2   2   2   2   2  . . . .   2
  2:  002s    1  :  2   2   2   2   1   1   2  . . . .   2
  2:  002s    1  :  2   2   2   2   2   2   2  . . . .   2
  3:  003s    1  :  1   2   1   2   2   2   2  . . . .   1
  3:  003s    1  :  2   2   1   2   2   2   2  . . . .   2
  4:  004s    1  :  1   1   2   2   1   2   2  . . . .   1
  4:  004s    1  :  2   1   2   2   2   2   2  . . . .   2

      *******   

1600:    49  192  :  2   2   2   2   2   1   2  . . . .   1
1600:    49  192  :  2   2   2   2   2   2   2  . . . .   2
1601:    50  192  :  2   1   2   2   1   2   2  . . . .   1
1601:    50  192  :  2   2   2   2   2   2   2  . . . .   2

Number of alleles per locus: min= 2; ave=2.0; max= 2


--------------------------------------

Finished initialization; starting MCMC 
100000 iterations + 10000 burnin


--------------------------------------------
Proportion of membership of each pre-defined
 population in each of the 9 clusters

Given    Inferred Clusters                                                 Number of
 Pop       1      2      3      4      5      6      7      8      9      Individuals

  1:     0.095  0.138  0.123  0.128  0.103  0.110  0.123  0.059  0.122       54
  2:     0.088  0.148  0.124  0.123  0.116  0.119  0.119  0.054  0.109       30
  3:     0.142  0.080  0.050  0.062  0.119  0.086  0.041  0.381  0.039       30
  4:     0.277  0.051  0.041  0.043  0.056  0.050  0.035  0.404  0.042       20
  5:     0.230  0.068  0.038  0.046  0.094  0.051  0.040  0.381  0.052       30
  6:     0.095  0.127  0.120  0.128  0.087  0.117  0.124  0.053  0.149       43
  7:     0.086  0.111  0.118  0.133  0.109  0.120  0.132  0.053  0.138       44
  8:     0.108  0.075  0.119  0.180  0.111  0.089  0.123  0.047  0.148        4
  9:     0.078  0.109  0.181  0.111  0.091  0.139  0.132  0.037  0.122       22
 10:     0.087  0.131  0.103  0.108  0.087  0.123  0.143  0.030  0.189       24
 11:     0.089  0.104  0.125  0.133  0.112  0.130  0.132  0.049  0.126       54
 12:     0.108  0.136  0.117  0.118  0.100  0.121  0.145  0.042  0.113       37
 13:     0.087  0.131  0.106  0.122  0.111  0.125  0.124  0.058  0.134       42
 14:     0.103  0.132  0.132  0.120  0.087  0.138  0.128  0.048  0.112       42
 15:     0.116  0.096  0.124  0.118  0.099  0.121  0.122  0.051  0.153       49
 16:     0.099  0.124  0.122  0.114  0.103  0.125  0.124  0.058  0.132      124
 17:     0.108  0.107  0.109  0.135  0.110  0.130  0.125  0.059  0.117       24
 18:     0.090  0.115  0.122  0.139  0.099  0.100  0.135  0.048  0.152       34
 19:     0.113  0.146  0.105  0.126  0.094  0.117  0.130  0.051  0.117       52
 20:     0.041  0.279  0.407  0.010  0.029  0.041  0.004  0.083  0.106        1
 21:     0.075  0.106  0.139  0.111  0.100  0.130  0.062  0.063  0.214        1
 22:     0.129  0.043  0.031  0.220  0.135  0.149  0.190  0.055  0.046        1
 23:     0.100  0.088  0.019  0.051  0.131  0.154  0.190  0.054  0.214        1
 24:     0.018  0.289  0.125  0.132  0.094  0.084  0.232  0.016  0.009        1
 25:     0.206  0.056  0.055  0.077  0.085  0.272  0.114  0.065  0.071        1
 26:     0.073  0.116  0.119  0.253  0.040  0.091  0.094  0.059  0.155        1
 27:     0.103  0.150  0.038  0.153  0.046  0.236  0.107  0.080  0.089        1
 28:     0.083  0.166  0.125  0.118  0.120  0.122  0.142  0.068  0.057        1
 29:     0.085  0.164  0.147  0.076  0.040  0.070  0.221  0.030  0.168        1
 30:     0.015  0.191  0.138  0.038  0.169  0.152  0.122  0.097  0.080        1
 31:     0.242  0.042  0.089  0.039  0.105  0.111  0.110  0.129  0.132        1
 32:     0.023  0.063  0.068  0.019  0.304  0.339  0.097  0.042  0.045        1
 33:     0.052  0.089  0.174  0.119  0.187  0.145  0.095  0.063  0.076        1
 34:     0.135  0.019  0.265  0.054  0.087  0.027  0.301  0.042  0.071        1
 35:     0.060  0.246  0.298  0.063  0.052  0.192  0.023  0.037  0.028        1
 36:     0.151  0.143  0.141  0.066  0.050  0.146  0.122  0.097  0.084        1
 37:     0.124  0.047  0.145  0.033  0.189  0.058  0.270  0.033  0.101        1
 38:     0.101  0.174  0.122  0.140  0.129  0.035  0.117  0.116  0.066        1
 39:     0.099  0.145  0.112  0.124  0.041  0.162  0.261  0.014  0.044        1
 40:     0.111  0.108  0.096  0.125  0.112  0.117  0.180  0.080  0.072        1
 41:     0.032  0.213  0.096  0.040  0.115  0.023  0.295  0.024  0.162        1
 42:     0.081  0.130  0.086  0.214  0.095  0.087  0.086  0.098  0.123        1
 43:     0.176  0.060  0.155  0.093  0.072  0.046  0.345  0.048  0.005        1
 44:     0.121  0.105  0.002  0.107  0.167  0.350  0.047  0.069  0.034        1
 45:     0.112  0.193  0.134  0.101  0.072  0.147  0.170  0.048  0.023        1
 46:     0.147  0.106  0.115  0.068  0.163  0.151  0.140  0.092  0.018        1
 47:     0.027  0.097  0.101  0.259  0.027  0.225  0.188  0.037  0.039        1
 48:     0.026  0.161  0.162  0.263  0.056  0.161  0.064  0.031  0.076        1
 49:     0.002  0.120  0.174  0.210  0.055  0.032  0.207  0.017  0.183        1
 50:     0.169  0.060  0.033  0.132  0.073  0.204  0.030  0.227  0.073        1
 51:     0.231  0.084  0.139  0.015  0.126  0.113  0.058  0.116  0.118        1
 52:     0.150  0.072  0.173  0.042  0.104  0.055  0.060  0.085  0.259        1
 53:     0.080  0.066  0.168  0.028  0.096  0.357  0.042  0.065  0.099        1
 54:     0.009  0.060  0.174  0.016  0.119  0.114  0.260  0.225  0.023        1
 55:     0.004  0.026  0.398  0.028  0.076  0.064  0.083  0.256  0.065        1
 56:     0.096  0.196  0.172  0.077  0.070  0.081  0.174  0.108  0.025        1
 57:     0.021  0.077  0.224  0.032  0.029  0.159  0.248  0.109  0.101        1
 58:     0.018  0.009  0.100  0.031  0.045  0.066  0.419  0.174  0.138        1
 59:     0.086  0.031  0.025  0.054  0.134  0.064  0.261  0.211  0.135        1
 60:     0.053  0.077  0.194  0.033  0.068  0.078  0.206  0.178  0.113        1
 61:     0.010  0.214  0.112  0.043  0.016  0.070  0.225  0.265  0.045        1
 62:     0.245  0.065  0.050  0.161  0.104  0.094  0.067  0.185  0.029        1
 63:     0.032  0.039  0.328  0.103  0.058  0.071  0.016  0.241  0.112        1
 64:     0.025  0.058  0.162  0.049  0.019  0.055  0.403  0.226  0.002        1
 65:     0.033  0.225  0.106  0.117  0.139  0.020  0.103  0.216  0.041        1
 66:     0.031  0.015  0.228  0.001  0.139  0.210  0.122  0.231  0.024        1
 67:     0.017  0.040  0.172  0.076  0.175  0.035  0.260  0.171  0.053        1
 68:     0.020  0.097  0.122  0.028  0.061  0.025  0.373  0.176  0.096        1
 69:     0.024  0.003  0.115  0.048  0.064  0.014  0.449  0.250  0.033        1
 70:     0.003  0.187  0.135  0.056  0.117  0.006  0.231  0.210  0.056        1
 71:     0.057  0.034  0.058  0.049  0.018  0.190  0.303  0.230  0.061        1
 72:     0.040  0.021  0.446  0.039  0.027  0.011  0.122  0.271  0.023        1
 73:     0.019  0.098  0.163  0.008  0.039  0.026  0.376  0.193  0.077        1
 74:     0.080  0.016  0.255  0.167  0.037  0.110  0.005  0.161  0.170        1
 75:     0.040  0.177  0.152  0.085  0.026  0.095  0.109  0.245  0.070        1
 76:     0.093  0.078  0.041  0.151  0.139  0.024  0.016  0.340  0.118        1
 77:     0.006  0.027  0.139  0.067  0.001  0.035  0.454  0.141  0.130        1
 78:     0.050  0.083  0.165  0.050  0.057  0.060  0.279  0.236  0.020        1
 79:     0.122  0.174  0.099  0.078  0.026  0.005  0.200  0.262  0.034        1
 80:     0.022  0.038  0.463  0.063  0.069  0.046  0.090  0.139  0.069        1
 81:     0.063  0.085  0.202  0.064  0.092  0.018  0.169  0.239  0.067        1
 82:     0.105  0.090  0.095  0.053  0.008  0.116  0.214  0.151  0.169        1
 83:     0.018  0.061  0.442  0.029  0.078  0.076  0.069  0.194  0.032        1
 84:     0.042  0.077  0.099  0.070  0.083  0.044  0.049  0.400  0.137        1
 85:     0.027  0.034  0.125  0.094  0.067  0.083  0.079  0.368  0.124        1
 86:     0.118  0.016  0.216  0.013  0.026  0.057  0.170  0.319  0.066        1
 87:     0.024  0.054  0.196  0.015  0.027  0.002  0.270  0.349  0.064        1
 88:     0.047  0.013  0.152  0.066  0.155  0.019  0.066  0.377  0.104        1
 89:     0.120  0.028  0.029  0.004  0.090  0.013  0.246  0.391  0.080        1
 90:     0.025  0.018  0.187  0.095  0.053  0.060  0.043  0.468  0.050        1
 91:     0.049  0.038  0.038  0.046  0.118  0.113  0.056  0.395  0.148        1
 92:     0.127  0.066  0.134  0.082  0.056  0.064  0.125  0.245  0.100        1
 93:     0.084  0.029  0.083  0.033  0.016  0.094  0.098  0.465  0.097        1
 94:     0.023  0.115  0.145  0.019  0.026  0.028  0.137  0.283  0.224        1
 95:     0.065  0.091  0.096  0.078  0.078  0.029  0.071  0.358  0.134        1
 96:     0.075  0.045  0.103  0.057  0.081  0.040  0.076  0.400  0.123        1
 97:     0.065  0.068  0.133  0.076  0.071  0.052  0.091  0.384  0.059        1
 98:     0.007  0.002  0.063  0.137  0.027  0.247  0.056  0.377  0.083        1
 99:     0.060  0.170  0.028  0.014  0.101  0.042  0.048  0.400  0.137        1
100:     0.050  0.080  0.153  0.025  0.040  0.088  0.032  0.473  0.059        1
101:     0.077  0.009  0.137  0.052  0.034  0.028  0.094  0.295  0.275        1
102:     0.058  0.051  0.213  0.029  0.150  0.017  0.015  0.278  0.188        1
103:     0.028  0.019  0.107  0.060  0.186  0.027  0.062  0.401  0.108        1
104:     0.137  0.048  0.199  0.089  0.090  0.072  0.015  0.339  0.010        1
105:     0.123  0.070  0.093  0.080  0.095  0.004  0.021  0.398  0.117        1
106:     0.099  0.043  0.169  0.101  0.130  0.039  0.076  0.261  0.083        1
107:     0.003  0.036  0.033  0.271  0.074  0.011  0.106  0.427  0.039        1
108:     0.040  0.164  0.066  0.168  0.093  0.068  0.009  0.333  0.059        1
109:     0.186  0.018  0.096  0.079  0.062  0.073  0.058  0.316  0.112        1
110:     0.064  0.068  0.002  0.164  0.081  0.016  0.247  0.308  0.051        1
111:     0.072  0.044  0.080  0.047  0.059  0.070  0.123  0.353  0.152        1
112:     0.173  0.002  0.221  0.019  0.023  0.015  0.085  0.387  0.076        1
113:     0.063  0.097  0.122  0.067  0.040  0.045  0.073  0.375  0.118        1
114:     0.012  0.046  0.347  0.023  0.129  0.016  0.023  0.365  0.040        1
115:     0.027  0.189  0.152  0.131  0.018  0.004  0.024  0.343  0.114        1
116:     0.076  0.016  0.084  0.027  0.135  0.054  0.146  0.411  0.051        1
117:     0.107  0.006  0.029  0.080  0.022  0.019  0.301  0.356  0.079        1
118:     0.033  0.121  0.140  0.059  0.082  0.028  0.044  0.435  0.058        1
119:     0.040  0.097  0.056  0.056  0.163  0.031  0.020  0.342  0.194        1
120:     0.057  0.083  0.416  0.013  0.019  0.011  0.032  0.255  0.116        1
121:     0.045  0.027  0.308  0.037  0.047  0.038  0.025  0.321  0.152        1
122:     0.036  0.120  0.255  0.022  0.036  0.005  0.095  0.344  0.089        1
123:     0.039  0.094  0.138  0.042  0.025  0.070  0.064  0.352  0.177        1
124:     0.057  0.111  0.057  0.101  0.125  0.029  0.009  0.376  0.136        1
125:     0.062  0.016  0.270  0.001  0.052  0.070  0.087  0.410  0.032        1
126:     0.059  0.058  0.163  0.076  0.052  0.074  0.107  0.293  0.118        1
127:     0.097  0.006  0.138  0.118  0.083  0.113  0.030  0.413  0.003        1
128:     0.040  0.048  0.124  0.252  0.008  0.074  0.049  0.368  0.036        1
129:     0.056  0.061  0.095  0.043  0.199  0.059  0.012  0.395  0.080        1
130:     0.133  0.054  0.031  0.063  0.081  0.012  0.092  0.421  0.113        1
131:     0.041  0.050  0.426  0.008  0.033  0.014  0.008  0.330  0.089        1
132:     0.026  0.182  0.121  0.054  0.228  0.018  0.016  0.332  0.023        1
133:     0.028  0.057  0.188  0.061  0.108  0.095  0.034  0.376  0.053        1
134:     0.118  0.076  0.067  0.185  0.065  0.061  0.054  0.359  0.014        1
135:     0.154  0.062  0.127  0.018  0.059  0.025  0.117  0.298  0.140        1
136:     0.043  0.103  0.364  0.004  0.009  0.036  0.028  0.365  0.047        1
137:     0.076  0.071  0.211  0.075  0.053  0.029  0.099  0.359  0.027        1
138:     0.051  0.031  0.224  0.055  0.014  0.030  0.150  0.386  0.060        1
139:     0.066  0.052  0.107  0.087  0.068  0.058  0.071  0.413  0.078        1
140:     0.078  0.074  0.087  0.065  0.015  0.031  0.198  0.372  0.080        1
141:     0.053  0.066  0.165  0.052  0.085  0.060  0.105  0.333  0.082        1
142:     0.173  0.048  0.059  0.077  0.067  0.043  0.117  0.321  0.095        1
143:     0.091  0.071  0.127  0.057  0.073  0.043  0.082  0.352  0.106        1
144:     0.032  0.029  0.176  0.106  0.063  0.016  0.113  0.347  0.119        1
145:     0.110  0.102  0.081  0.019  0.038  0.034  0.054  0.356  0.205        1
146:     0.046  0.033  0.123  0.028  0.016  0.238  0.017  0.429  0.071        1
147:     0.084  0.054  0.186  0.095  0.013  0.025  0.005  0.412  0.126        1
148:     0.146  0.199  0.077  0.083  0.215  0.011  0.131  0.114  0.023        1
149:     0.120  0.129  0.107  0.078  0.104  0.095  0.072  0.141  0.153        1
150:     0.049  0.213  0.081  0.307  0.102  0.138  0.025  0.060  0.024        1
151:     0.076  0.039  0.046  0.208  0.019  0.217  0.260  0.052  0.084        1
152:     0.215  0.222  0.075  0.054  0.129  0.038  0.121  0.049  0.095        1
153:     0.144  0.186  0.052  0.081  0.180  0.121  0.013  0.053  0.170        1
154:     0.013  0.053  0.072  0.044  0.041  0.169  0.118  0.052  0.438        1
155:     0.062  0.335  0.053  0.121  0.072  0.024  0.142  0.011  0.181        1
156:     0.007  0.130  0.102  0.057  0.345  0.104  0.011  0.036  0.208        1
157:     0.007  0.135  0.031  0.334  0.144  0.009  0.160  0.077  0.104        1
158:     0.067  0.118  0.218  0.075  0.106  0.044  0.204  0.012  0.158        1
159:     0.044  0.043  0.169  0.098  0.154  0.010  0.349  0.044  0.088        1
160:     0.160  0.122  0.058  0.382  0.054  0.022  0.156  0.040  0.006        1
161:     0.065  0.175  0.225  0.088  0.114  0.051  0.005  0.091  0.185        1
162:     0.049  0.183  0.117  0.123  0.003  0.020  0.258  0.035  0.211        1
163:     0.097  0.116  0.163  0.121  0.081  0.084  0.115  0.062  0.162        1
164:     0.025  0.138  0.233  0.017  0.073  0.024  0.149  0.078  0.265        1
165:     0.079  0.114  0.116  0.095  0.122  0.131  0.131  0.100  0.112        1
166:     0.153  0.144  0.076  0.152  0.066  0.162  0.117  0.060  0.070        1
167:     0.038  0.011  0.064  0.163  0.006  0.189  0.286  0.078  0.165        1
168:     0.120  0.155  0.144  0.103  0.087  0.089  0.125  0.038  0.139        1
169:     0.049  0.115  0.204  0.181  0.046  0.149  0.145  0.065  0.046        1
170:     0.043  0.012  0.120  0.020  0.192  0.078  0.060  0.047  0.428        1
171:     0.097  0.031  0.100  0.376  0.132  0.007  0.154  0.046  0.057        1
172:     0.099  0.209  0.105  0.101  0.089  0.069  0.126  0.061  0.140        1
173:     0.168  0.060  0.182  0.022  0.059  0.098  0.142  0.036  0.233        1
174:     0.031  0.114  0.207  0.085  0.118  0.025  0.277  0.056  0.088        1
175:     0.109  0.131  0.109  0.122  0.106  0.114  0.131  0.052  0.125       50
176:     0.084  0.173  0.092  0.140  0.086  0.115  0.125  0.052  0.132       49
177:     0.100  0.111  0.124  0.153  0.095  0.111  0.116  0.050  0.141       50
178:     0.104  0.123  0.113  0.148  0.091  0.113  0.136  0.049  0.122       49
179:     0.109  0.105  0.142  0.124  0.080  0.115  0.159  0.056  0.110       23
180:     0.121  0.115  0.128  0.123  0.109  0.105  0.139  0.050  0.109       49
181:     0.046  0.040  0.032  0.056  0.151  0.050  0.026  0.573  0.025       30
182:     0.088  0.046  0.041  0.057  0.114  0.069  0.033  0.517  0.034       30
183:     0.119  0.142  0.102  0.112  0.106  0.150  0.097  0.082  0.090       34
184:     0.093  0.110  0.129  0.130  0.115  0.117  0.132  0.050  0.123       36
185:     0.101  0.156  0.101  0.123  0.103  0.134  0.105  0.055  0.122       40
186:     0.078  0.146  0.107  0.128  0.110  0.117  0.126  0.055  0.132       39
187:     0.097  0.131  0.126  0.127  0.112  0.103  0.111  0.059  0.134       37
188:     0.110  0.121  0.118  0.109  0.131  0.117  0.108  0.053  0.133       40
189:     0.115  0.103  0.101  0.128  0.097  0.121  0.123  0.059  0.152       35
190:     0.096  0.116  0.117  0.132  0.096  0.128  0.136  0.062  0.118       28
191:     0.097  0.119  0.088  0.126  0.113  0.108  0.157  0.054  0.138       36
192:     0.095  0.143  0.105  0.130  0.093  0.135  0.128  0.050  0.120       32
--------------------------------------------

 Rep#:   Lambda   Alpha      F1    F2    F3    F4    F5    F6    F7    F8    F9     D1,2  D1,3  D1,4  D1,5  D1,6  D1,7  D1,8  D1,9  D2,3  D2,4  D2,5  D2,6  D2,7  D2,8  D2,9  D3,4  D3,5  D3,6  D3,7  D3,8  D3,9  D4,5  D4,6  D4,7  D4,8  D4,9  D5,6  D5,7  D5,8  D5,9  D6,7  D6,8  D6,9  D7,8  D7,9  D8,9    Ln Like 
  100:    1.00    1.531    0.025 0.011 0.014 0.010 0.015 0.010 0.010 0.284 0.010    0.007 0.009 0.007 0.008 0.007 0.008 0.052 0.007 0.004 0.003 0.004 0.003 0.003 0.055 0.003 0.004 0.005 0.004 0.004 0.057 0.004 0.004 0.003 0.003 0.055 0.003 0.004 0.004 0.052 0.004 0.003 0.054 0.003 0.056 0.003 0.055   --  
  200:    1.00    1.166    0.286 0.011 0.239 0.010 0.015 0.010 0.010 0.285 0.010    0.046 0.072 0.046 0.046 0.046 0.046 0.068 0.046 0.044 0.003 0.004 0.003 0.004 0.044 0.003 0.044 0.045 0.045 0.044 0.078 0.044 0.004 0.003 0.004 0.043 0.003 0.004 0.004 0.043 0.004 0.004 0.043 0.003 0.044 0.004 0.043   --  
  300:    1.00    0.983    0.269 0.011 0.211 0.010 0.016 0.010 0.194 0.268 0.010    0.042 0.060 0.042 0.043 0.042 0.061 0.056 0.042 0.038 0.003 0.004 0.003 0.036 0.039 0.003 0.038 0.039 0.038 0.059 0.064 0.037 0.004 0.003 0.036 0.040 0.003 0.004 0.037 0.040 0.004 0.036 0.039 0.003 0.060 0.036 0.040   --  
  400:    1.00    0.891    0.252 0.011 0.190 0.010 0.016 0.010 0.257 0.264 0.010    0.039 0.056 0.039 0.040 0.039 0.063 0.052 0.039 0.035 0.003 0.004 0.003 0.043 0.038 0.003 0.035 0.036 0.035 0.061 0.060 0.035 0.004 0.003 0.043 0.038 0.003 0.004 0.044 0.039 0.004 0.043 0.038 0.003 0.064 0.043 0.039   --  
  500:    1.00    0.811    0.237 0.010 0.175 0.010 0.016 0.010 0.266 0.253 0.010    0.037 0.053 0.037 0.038 0.037 0.063 0.050 0.037 0.033 0.003 0.004 0.003 0.044 0.038 0.003 0.033 0.034 0.033 0.061 0.057 0.033 0.004 0.003 0.044 0.038 0.003 0.004 0.045 0.039 0.004 0.044 0.038 0.003 0.066 0.045 0.038   --  
  600:    1.00    0.760    0.236 0.010 0.170 0.010 0.016 0.010 0.264 0.252 0.010    0.036 0.052 0.036 0.037 0.036 0.062 0.050 0.036 0.032 0.003 0.004 0.003 0.043 0.038 0.003 0.031 0.032 0.031 0.060 0.057 0.031 0.004 0.003 0.043 0.038 0.003 0.004 0.044 0.039 0.004 0.043 0.038 0.003 0.066 0.043 0.037   --  
  700:    1.00    0.733    0.230 0.010 0.171 0.010 0.016 0.010 0.263 0.255 0.011    0.035 0.051 0.035 0.036 0.035 0.061 0.051 0.035 0.031 0.003 0.004 0.003 0.042 0.038 0.003 0.031 0.032 0.031 0.059 0.057 0.031 0.004 0.003 0.043 0.038 0.003 0.004 0.043 0.039 0.004 0.042 0.038 0.003 0.067 0.043 0.038   --  
  800:    1.00    0.700    0.223 0.010 0.163 0.010 0.016 0.010 0.267 0.261 0.011    0.034 0.050 0.034 0.035 0.035 0.062 0.052 0.034 0.030 0.003 0.004 0.003 0.043 0.040 0.003 0.030 0.031 0.030 0.060 0.058 0.030 0.004 0.003 0.043 0.039 0.003 0.004 0.044 0.040 0.004 0.043 0.039 0.003 0.069 0.043 0.039   --  
  900:    1.00    0.656    0.221 0.010 0.169 0.010 0.015 0.010 0.257 0.276 0.010    0.034 0.051 0.033 0.034 0.034 0.062 0.054 0.033 0.030 0.003 0.004 0.003 0.042 0.041 0.003 0.030 0.031 0.030 0.059 0.060 0.030 0.004 0.003 0.041 0.041 0.003 0.004 0.042 0.041 0.004 0.042 0.041 0.003 0.070 0.042 0.041   --  

--------------------------------------------
Proportion of membership of each pre-defined
 population in each of the 9 clusters

Given    Inferred Clusters                                                 Number of
 Pop       1      2      3      4      5      6      7      8      9      Individuals

  1:     0.064  0.193  0.048  0.151  0.146  0.177  0.056  0.039  0.126       54
  2:     0.062  0.199  0.051  0.156  0.145  0.140  0.063  0.037  0.147       30
  3:     0.330  0.020  0.048  0.025  0.073  0.040  0.050  0.398  0.015       30
  4:     0.960  0.003  0.005  0.002  0.001  0.002  0.003  0.021  0.003       20
  5:     0.864  0.012  0.013  0.011  0.015  0.007  0.010  0.060  0.008       30
  6:     0.062  0.182  0.047  0.178  0.099  0.150  0.056  0.033  0.193       43
  7:     0.057  0.168  0.045  0.166  0.156  0.150  0.060  0.027  0.170       44
  8:     0.039  0.072  0.055  0.201  0.102  0.167  0.066  0.022  0.278        4
  9:     0.032  0.147  0.043  0.180  0.078  0.256  0.061  0.016  0.187       22
 10:     0.024  0.224  0.045  0.165  0.092  0.157  0.065  0.023  0.204       24
 11:     0.057  0.132  0.047  0.177  0.141  0.184  0.056  0.032  0.174       54
 12:     0.051  0.161  0.046  0.165  0.145  0.181  0.059  0.029  0.162       37
 13:     0.063  0.186  0.050  0.168  0.133  0.144  0.058  0.039  0.158       42
 14:     0.060  0.202  0.043  0.165  0.111  0.181  0.063  0.039  0.136       42
 15:     0.061  0.127  0.050  0.155  0.146  0.199  0.062  0.034  0.166       49
 16:     0.064  0.159  0.049  0.170  0.147  0.166  0.060  0.036  0.147      124
 17:     0.053  0.153  0.048  0.187  0.131  0.134  0.065  0.038  0.191       24
 18:     0.050  0.171  0.051  0.164  0.179  0.143  0.067  0.030  0.145       34
 19:     0.056  0.192  0.049  0.182  0.121  0.143  0.063  0.041  0.153       52
 20:     0.060  0.210  0.048  0.256  0.128  0.179  0.053  0.039  0.028        1
 21:     0.006  0.142  0.121  0.025  0.048  0.259  0.072  0.032  0.296        1
 22:     0.052  0.040  0.033  0.362  0.149  0.184  0.076  0.022  0.082        1
 23:     0.086  0.118  0.080  0.102  0.162  0.060  0.090  0.016  0.287        1
 24:     0.033  0.536  0.042  0.034  0.118  0.020  0.049  0.035  0.134        1
 25:     0.077  0.160  0.067  0.084  0.179  0.348  0.025  0.043  0.017        1
 26:     0.094  0.319  0.050  0.049  0.138  0.168  0.066  0.006  0.110        1
 27:     0.091  0.321  0.055  0.097  0.163  0.068  0.087  0.046  0.072        1
 28:     0.007  0.258  0.082  0.167  0.201  0.146  0.081  0.008  0.050        1
 29:     0.003  0.003  0.088  0.085  0.088  0.474  0.101  0.021  0.136        1
 30:     0.124  0.022  0.062  0.029  0.252  0.434  0.050  0.019  0.008        1
 31:     0.192  0.063  0.021  0.016  0.245  0.238  0.059  0.055  0.110        1
 32:     0.043  0.307  0.059  0.097  0.088  0.205  0.048  0.041  0.112        1
 33:     0.108  0.011  0.012  0.233  0.367  0.084  0.113  0.041  0.030        1
 34:     0.044  0.044  0.039  0.210  0.024  0.337  0.092  0.007  0.203        1
 35:     0.066  0.192  0.058  0.004  0.036  0.411  0.043  0.028  0.162        1
 36:     0.025  0.330  0.078  0.081  0.081  0.066  0.066  0.070  0.200        1
 37:     0.031  0.119  0.059  0.115  0.291  0.220  0.004  0.028  0.133        1
 38:     0.149  0.323  0.084  0.185  0.126  0.006  0.030  0.014  0.082        1
 39:     0.044  0.228  0.063  0.090  0.118  0.168  0.093  0.013  0.183        1
 40:     0.092  0.098  0.079  0.029  0.499  0.029  0.087  0.022  0.064        1
 41:     0.030  0.356  0.070  0.073  0.062  0.121  0.073  0.027  0.188        1
 42:     0.075  0.269  0.052  0.256  0.158  0.058  0.074  0.017  0.040        1
 43:     0.049  0.004  0.066  0.125  0.011  0.288  0.053  0.064  0.340        1
 44:     0.128  0.122  0.031  0.232  0.055  0.293  0.057  0.046  0.035        1
 45:     0.042  0.241  0.032  0.194  0.102  0.234  0.122  0.023  0.010        1
 46:     0.011  0.060  0.122  0.281  0.219  0.071  0.043  0.041  0.153        1
 47:     0.022  0.007  0.037  0.526  0.022  0.268  0.054  0.027  0.037        1
 48:     0.000  0.029  0.049  0.544  0.001  0.279  0.067  0.020  0.011        1
 49:     0.007  0.098  0.086  0.333  0.041  0.021  0.077  0.007  0.330        1
 50:     0.302  0.001  0.045  0.005  0.166  0.250  0.066  0.109  0.056        1
 51:     0.196  0.024  0.049  0.002  0.105  0.211  0.063  0.073  0.277        1
 52:     0.059  0.100  0.122  0.030  0.057  0.106  0.054  0.038  0.434        1
 53:     0.070  0.070  0.067  0.035  0.128  0.537  0.039  0.046  0.007        1
 54:     0.001  0.001  0.004  0.000  0.000  0.005  0.987  0.001  0.000        1
 55:     0.002  0.000  0.000  0.000  0.000  0.002  0.995  0.000  0.000        1
 56:     0.011  0.055  0.023  0.018  0.006  0.029  0.832  0.004  0.023        1
 57:     0.000  0.006  0.000  0.002  0.009  0.007  0.958  0.000  0.017        1
 58:     0.001  0.018  0.017  0.016  0.006  0.003  0.891  0.004  0.045        1
 59:     0.032  0.005  0.002  0.025  0.019  0.005  0.839  0.010  0.063        1
 60:     0.001  0.002  0.000  0.001  0.000  0.003  0.985  0.003  0.004        1
 61:     0.008  0.000  0.000  0.003  0.000  0.000  0.987  0.001  0.001        1
 62:     0.312  0.069  0.025  0.262  0.032  0.002  0.008  0.186  0.103        1
 63:     0.010  0.010  0.023  0.000  0.000  0.004  0.938  0.012  0.004        1
 64:     0.000  0.002  0.001  0.001  0.002  0.000  0.992  0.000  0.000        1
 65:     0.000  0.000  0.000  0.001  0.001  0.001  0.995  0.000  0.001        1
 66:     0.001  0.009  0.004  0.001  0.004  0.024  0.934  0.016  0.006        1
 67:     0.031  0.007  0.090  0.020  0.035  0.028  0.589  0.030  0.170        1
 68:     0.004  0.014  0.006  0.009  0.001  0.008  0.919  0.039  0.000        1
 69:     0.004  0.001  0.000  0.000  0.009  0.001  0.984  0.000  0.000        1
 70:     0.027  0.000  0.007  0.029  0.007  0.006  0.776  0.031  0.116        1
 71:     0.001  0.000  0.002  0.000  0.001  0.001  0.995  0.000  0.001        1
 72:     0.001  0.000  0.000  0.000  0.001  0.001  0.994  0.003  0.000        1
 73:     0.000  0.000  0.001  0.000  0.000  0.000  0.997  0.000  0.000        1
 74:     0.030  0.086  0.005  0.006  0.020  0.051  0.779  0.009  0.014        1
 75:     0.003  0.000  0.001  0.000  0.000  0.000  0.992  0.001  0.001        1
 76:     0.325  0.012  0.113  0.170  0.005  0.025  0.006  0.295  0.049        1
 77:     0.000  0.001  0.002  0.000  0.000  0.000  0.996  0.001  0.000        1
 78:     0.012  0.078  0.003  0.015  0.006  0.005  0.823  0.042  0.015        1
 79:     0.000  0.001  0.001  0.000  0.001  0.000  0.996  0.000  0.001        1
 80:     0.005  0.001  0.001  0.002  0.003  0.004  0.947  0.001  0.037        1
 81:     0.001  0.003  0.001  0.002  0.002  0.004  0.988  0.000  0.000        1
 82:     0.024  0.010  0.149  0.068  0.037  0.088  0.541  0.060  0.024        1
 83:     0.000  0.003  0.000  0.004  0.002  0.002  0.986  0.002  0.001        1
 84:     0.007  0.013  0.912  0.009  0.007  0.002  0.003  0.038  0.008        1
 85:     0.036  0.002  0.904  0.001  0.001  0.022  0.012  0.013  0.009        1
 86:     0.001  0.030  0.822  0.031  0.006  0.043  0.032  0.019  0.016        1
 87:     0.003  0.016  0.948  0.000  0.009  0.007  0.002  0.002  0.012        1
 88:     0.004  0.000  0.981  0.000  0.001  0.007  0.002  0.004  0.001        1
 89:     0.008  0.006  0.925  0.020  0.003  0.033  0.001  0.003  0.001        1
 90:     0.035  0.006  0.948  0.001  0.000  0.001  0.000  0.004  0.005        1
 91:     0.043  0.006  0.919  0.000  0.001  0.001  0.006  0.002  0.021        1
 92:     0.014  0.083  0.821  0.006  0.032  0.010  0.005  0.025  0.003        1
 93:     0.002  0.000  0.923  0.003  0.000  0.001  0.002  0.068  0.000        1
 94:     0.005  0.004  0.880  0.023  0.019  0.004  0.006  0.049  0.009        1
 95:     0.055  0.020  0.868  0.000  0.016  0.001  0.009  0.002  0.029        1
 96:     0.001  0.002  0.990  0.000  0.000  0.001  0.003  0.001  0.002        1
 97:     0.055  0.018  0.896  0.003  0.003  0.000  0.009  0.008  0.007        1
 98:     0.008  0.001  0.946  0.018  0.005  0.001  0.010  0.005  0.007        1
 99:     0.000  0.001  0.981  0.003  0.000  0.001  0.009  0.000  0.005        1
100:     0.031  0.000  0.963  0.001  0.000  0.004  0.000  0.001  0.001        1
101:     0.021  0.005  0.758  0.055  0.005  0.085  0.027  0.018  0.025        1
102:     0.000  0.060  0.762  0.053  0.076  0.008  0.024  0.003  0.013        1
103:     0.012  0.004  0.941  0.004  0.010  0.023  0.003  0.002  0.000        1
104:     0.002  0.017  0.951  0.004  0.010  0.000  0.008  0.000  0.009        1
105:     0.054  0.007  0.902  0.004  0.003  0.001  0.012  0.012  0.006        1
106:     0.002  0.063  0.780  0.000  0.012  0.000  0.013  0.000  0.128        1
107:     0.007  0.009  0.911  0.001  0.000  0.000  0.019  0.047  0.006        1
108:     0.073  0.020  0.800  0.020  0.000  0.017  0.000  0.015  0.054        1
109:     0.062  0.043  0.730  0.003  0.053  0.017  0.012  0.027  0.055        1
110:     0.025  0.011  0.762  0.069  0.030  0.065  0.025  0.005  0.008        1
111:     0.017  0.010  0.952  0.002  0.000  0.000  0.003  0.017  0.000        1
112:     0.018  0.001  0.972  0.001  0.000  0.002  0.003  0.001  0.002        1
113:     0.031  0.002  0.928  0.005  0.001  0.004  0.000  0.024  0.005        1
114:     0.005  0.002  0.958  0.000  0.000  0.006  0.027  0.000  0.001        1
115:     0.006  0.029  0.917  0.000  0.007  0.004  0.000  0.019  0.018        1
116:     0.000  0.002  0.965  0.009  0.005  0.000  0.011  0.004  0.004        1
117:     0.001  0.001  0.883  0.001  0.000  0.017  0.009  0.072  0.017        1
118:     0.002  0.003  0.923  0.015  0.001  0.000  0.007  0.045  0.003        1
119:     0.012  0.074  0.852  0.035  0.002  0.000  0.006  0.018  0.001        1
120:     0.010  0.024  0.916  0.002  0.008  0.005  0.031  0.001  0.002        1
121:     0.008  0.012  0.920  0.010  0.004  0.017  0.009  0.016  0.005        1
122:     0.005  0.039  0.895  0.010  0.023  0.009  0.003  0.003  0.014        1
123:     0.026  0.001  0.960  0.003  0.004  0.005  0.000  0.000  0.001        1
124:     0.115  0.034  0.790  0.029  0.001  0.006  0.000  0.021  0.004        1
125:     0.003  0.001  0.967  0.011  0.004  0.002  0.003  0.008  0.003        1
126:     0.011  0.028  0.836  0.063  0.002  0.000  0.035  0.014  0.011        1
127:     0.036  0.001  0.878  0.000  0.034  0.007  0.026  0.018  0.000        1
128:     0.005  0.002  0.929  0.017  0.004  0.007  0.011  0.005  0.019        1
129:     0.001  0.002  0.994  0.000  0.001  0.001  0.000  0.000  0.001        1
130:     0.045  0.006  0.889  0.014  0.006  0.002  0.000  0.016  0.023        1
131:     0.002  0.002  0.975  0.000  0.000  0.000  0.016  0.003  0.002        1
132:     0.075  0.045  0.774  0.002  0.017  0.028  0.000  0.029  0.029        1
133:     0.111  0.008  0.835  0.010  0.012  0.002  0.002  0.016  0.005        1
134:     0.010  0.000  0.827  0.033  0.006  0.050  0.039  0.034  0.000        1
135:     0.006  0.055  0.784  0.022  0.004  0.080  0.018  0.023  0.007        1
136:     0.000  0.000  0.997  0.001  0.000  0.000  0.000  0.001  0.001        1
137:     0.000  0.001  0.938  0.011  0.005  0.007  0.015  0.016  0.007        1
138:     0.000  0.002  0.978  0.001  0.013  0.001  0.000  0.000  0.005        1
139:     0.072  0.001  0.892  0.001  0.001  0.002  0.006  0.025  0.001        1
140:     0.109  0.006  0.858  0.010  0.007  0.000  0.005  0.003  0.002        1
141:     0.009  0.021  0.945  0.004  0.000  0.001  0.001  0.016  0.003        1
142:     0.011  0.014  0.827  0.006  0.085  0.028  0.002  0.028  0.000        1
143:     0.012  0.001  0.892  0.001  0.044  0.002  0.012  0.026  0.009        1
144:     0.037  0.001  0.943  0.005  0.004  0.001  0.005  0.002  0.003        1
145:     0.003  0.002  0.958  0.020  0.004  0.003  0.001  0.009  0.000        1
146:     0.021  0.003  0.906  0.006  0.007  0.000  0.007  0.047  0.003        1
147:     0.057  0.000  0.926  0.001  0.002  0.000  0.001  0.009  0.004        1
148:     0.125  0.103  0.150  0.196  0.052  0.128  0.055  0.024  0.167        1
149:     0.069  0.050  0.121  0.228  0.013  0.075  0.050  0.121  0.273        1
150:     0.050  0.324  0.088  0.046  0.192  0.102  0.039  0.033  0.126        1
151:     0.013  0.089  0.053  0.242  0.045  0.347  0.086  0.013  0.111        1
152:     0.088  0.421  0.049  0.030  0.141  0.049  0.045  0.045  0.131        1
153:     0.047  0.125  0.050  0.005  0.222  0.225  0.061  0.038  0.227        1
154:     0.087  0.030  0.033  0.019  0.033  0.255  0.075  0.012  0.455        1
155:     0.048  0.513  0.059  0.089  0.004  0.007  0.076  0.021  0.184        1
156:     0.061  0.160  0.055  0.281  0.071  0.040  0.076  0.024  0.232        1
157:     0.072  0.061  0.084  0.092  0.336  0.024  0.054  0.035  0.242        1
158:     0.042  0.040  0.086  0.178  0.163  0.002  0.062  0.031  0.395        1
159:     0.027  0.057  0.069  0.233  0.203  0.040  0.082  0.009  0.282        1
160:     0.050  0.030  0.031  0.578  0.215  0.040  0.051  0.004  0.001        1
161:     0.051  0.032  0.081  0.016  0.146  0.173  0.058  0.072  0.370        1
162:     0.007  0.121  0.058  0.270  0.078  0.256  0.120  0.051  0.040        1
163:     0.074  0.147  0.067  0.200  0.014  0.270  0.078  0.000  0.151        1
164:     0.052  0.101  0.064  0.199  0.051  0.078  0.078  0.026  0.352        1
165:     0.084  0.328  0.100  0.060  0.164  0.127  0.072  0.034  0.031        1
166:     0.118  0.168  0.026  0.200  0.197  0.079  0.068  0.001  0.144        1
167:     0.032  0.054  0.039  0.277  0.002  0.214  0.081  0.054  0.247        1
168:     0.020  0.222  0.020  0.108  0.241  0.170  0.081  0.002  0.136        1
169:     0.053  0.114  0.068  0.186  0.218  0.262  0.078  0.015  0.005        1
170:     0.009  0.003  0.075  0.018  0.192  0.004  0.089  0.016  0.594        1
171:     0.011  0.109  0.055  0.593  0.076  0.004  0.072  0.049  0.031        1
172:     0.094  0.395  0.055  0.047  0.060  0.079  0.098  0.029  0.143        1
173:     0.026  0.075  0.030  0.157  0.111  0.192  0.073  0.028  0.309        1
174:     0.060  0.184  0.061  0.176  0.281  0.064  0.035  0.046  0.092        1
175:     0.058  0.149  0.044  0.195  0.124  0.131  0.061  0.037  0.201       50
176:     0.049  0.210  0.046  0.193  0.111  0.128  0.059  0.035  0.169       49
177:     0.048  0.160  0.042  0.189  0.129  0.144  0.058  0.037  0.195       50
178:     0.052  0.165  0.043  0.176  0.120  0.154  0.062  0.040  0.188       49
179:     0.067  0.189  0.056  0.184  0.133  0.119  0.059  0.035  0.159       23
180:     0.053  0.164  0.045  0.151  0.137  0.181  0.060  0.034  0.176       49
181:     0.037  0.004  0.002  0.002  0.002  0.003  0.005  0.942  0.004       30
182:     0.384  0.004  0.005  0.005  0.017  0.005  0.010  0.565  0.005       30
183:     0.075  0.157  0.062  0.180  0.134  0.166  0.050  0.067  0.108       34
184:     0.057  0.127  0.044  0.146  0.209  0.170  0.058  0.033  0.158       36
185:     0.066  0.187  0.048  0.132  0.158  0.184  0.057  0.037  0.132       40
186:     0.051  0.189  0.042  0.140  0.175  0.152  0.061  0.032  0.158       39
187:     0.057  0.153  0.047  0.166  0.171  0.157  0.059  0.037  0.152       37
188:     0.063  0.156  0.043  0.134  0.136  0.179  0.062  0.040  0.186       40
189:     0.058  0.147  0.047  0.142  0.151  0.182  0.060  0.044  0.168       35
190:     0.066  0.157  0.043  0.135  0.133  0.196  0.063  0.041  0.166       28
191:     0.054  0.143  0.043  0.178  0.125  0.178  0.056  0.038  0.186       36
192:     0.056  0.182  0.040  0.162  0.141  0.171  0.063  0.040  0.145       32
--------------------------------------------

 Rep#:   Lambda   Alpha      F1    F2    F3    F4    F5    F6    F7    F8    F9     D1,2  D1,3  D1,4  D1,5  D1,6  D1,7  D1,8  D1,9  D2,3  D2,4  D2,5  D2,6  D2,7  D2,8  D2,9  D3,4  D3,5  D3,6  D3,7  D3,8  D3,9  D4,5  D4,6  D4,7  D4,8  D4,9  D5,6  D5,7  D5,8  D5,9  D6,7  D6,8  D6,9  D7,8  D7,9  D8,9    Ln Like 
 1000:    1.00    0.633    0.221 0.010 0.163 0.010 0.016 0.011 0.258 0.283 0.010    0.033 0.050 0.033 0.034 0.033 0.061 0.056 0.033 0.029 0.003 0.004 0.003 0.042 0.042 0.003 0.029 0.030 0.030 0.060 0.060 0.030 0.004 0.003 0.042 0.042 0.003 0.004 0.043 0.043 0.004 0.042 0.042 0.003 0.071 0.042 0.042   --  
 1100:    1.00    0.619    0.216 0.010 0.164 0.010 0.016 0.011 0.253 0.292 0.010    0.033 0.050 0.032 0.033 0.033 0.061 0.057 0.032 0.029 0.003 0.004 0.003 0.042 0.042 0.003 0.029 0.030 0.029 0.059 0.061 0.029 0.004 0.003 0.041 0.042 0.003 0.004 0.042 0.043 0.004 0.041 0.042 0.003 0.071 0.042 0.042   --  
 1200:    1.00    0.589    0.210 0.010 0.159 0.010 0.016 0.011 0.255 0.289 0.010    0.032 0.049 0.032 0.033 0.033 0.061 0.057 0.032 0.029 0.003 0.004 0.003 0.041 0.043 0.003 0.029 0.030 0.029 0.059 0.061 0.029 0.004 0.003 0.041 0.043 0.003 0.004 0.042 0.044 0.004 0.041 0.043 0.003 0.073 0.041 0.043   --  
 1300:    1.00    0.564    0.207 0.010 0.161 0.010 0.017 0.011 0.257 0.292 0.010    0.032 0.049 0.032 0.033 0.032 0.061 0.057 0.032 0.029 0.003 0.004 0.003 0.041 0.043 0.003 0.029 0.030 0.029 0.059 0.062 0.029 0.004 0.003 0.041 0.042 0.003 0.004 0.043 0.044 0.004 0.042 0.043 0.003 0.073 0.041 0.043   --  
 1400:    1.00    0.544    0.209 0.010 0.158 0.010 0.017 0.011 0.258 0.299 0.010    0.031 0.049 0.031 0.032 0.031 0.061 0.057 0.031 0.029 0.003 0.004 0.003 0.041 0.044 0.003 0.028 0.030 0.029 0.059 0.062 0.029 0.004 0.003 0.041 0.043 0.003 0.004 0.042 0.044 0.004 0.041 0.043 0.003 0.074 0.041 0.043   --  
 1500:    1.00    0.520    0.210 0.010 0.156 0.010 0.018 0.011 0.261 0.300 0.010    0.031 0.049 0.031 0.032 0.031 0.061 0.058 0.031 0.029 0.003 0.005 0.003 0.041 0.043 0.003 0.028 0.030 0.029 0.059 0.062 0.028 0.005 0.003 0.041 0.043 0.003 0.004 0.042 0.044 0.004 0.041 0.043 0.003 0.074 0.041 0.043   --  
 1600:    1.00    0.509    0.202 0.010 0.158 0.010 0.018 0.011 0.249 0.301 0.010    0.031 0.049 0.031 0.032 0.031 0.061 0.058 0.031 0.029 0.003 0.005 0.003 0.041 0.044 0.003 0.028 0.030 0.029 0.059 0.063 0.028 0.005 0.003 0.041 0.044 0.003 0.005 0.042 0.045 0.005 0.041 0.044 0.003 0.074 0.041 0.043   --  
 1700:    1.00    0.479    0.202 0.010 0.159 0.010 0.019 0.011 0.257 0.304 0.010    0.031 0.049 0.031 0.032 0.031 0.060 0.059 0.031 0.028 0.003 0.005 0.003 0.040 0.044 0.003 0.028 0.029 0.028 0.059 0.063 0.028 0.005 0.003 0.040 0.044 0.003 0.005 0.042 0.045 0.005 0.040 0.044 0.003 0.074 0.040 0.044   --  
 1800:    1.00    0.463    0.205 0.010 0.160 0.009 0.019 0.011 0.252 0.297 0.009    0.031 0.049 0.031 0.031 0.031 0.061 0.058 0.031 0.029 0.003 0.005 0.003 0.040 0.043 0.003 0.028 0.030 0.029 0.060 0.063 0.029 0.005 0.003 0.040 0.043 0.003 0.005 0.042 0.044 0.005 0.040 0.043 0.003 0.074 0.040 0.043   --  
 1900:    1.00    0.459    0.202 0.010 0.156 0.009 0.020 0.011 0.249 0.298 0.009    0.030 0.048 0.030 0.031 0.030 0.060 0.057 0.030 0.028 0.003 0.005 0.003 0.039 0.043 0.003 0.028 0.029 0.028 0.059 0.062 0.028 0.005 0.003 0.039 0.043 0.003 0.005 0.041 0.044 0.005 0.039 0.043 0.003 0.074 0.039 0.043   --  

--------------------------------------------
Proportion of membership of each pre-defined
 population in each of the 9 clusters

Given    Inferred Clusters                                                 Number of
 Pop       1      2      3      4      5      6      7      8      9      Individuals

  1:     0.041  0.213  0.036  0.190  0.147  0.162  0.035  0.025  0.151       54
  2:     0.051  0.210  0.029  0.158  0.139  0.177  0.044  0.026  0.166       30
