

----------------------------------------------------
STRUCTURE by Pritchard, Stephens and Donnelly (2000)
     and Falush, Stephens and Pritchard (2003)
       Code by Pritchard, Falush and Hubisz
             Version 2.3.4 (Jul 2012)
----------------------------------------------------


Reading file "/workdir/yc2644/CV_CT_array/structure/threader_input/mainparams".
Reading file "/workdir/yc2644/CV_CT_array/structure/threader_input/extraparams".
Reading file "/workdir/yc2644/CV_CT_array/structure/threader_input/n1601.recode.strct_in".


Data file "/workdir/yc2644/CV_CT_array/structure/threader_input/n1601.recode.strct_in" (truncated) --

Ind:   Label Pop : Genotype_data . . . .
  1:  001s    1  :  2   1   2   2   2   1   2  . . . .   2
  1:  001s    1  :  2   2   2   2   2   2   2  . . . .   2
  2:  002s    1  :  2   2   2   2   1   1   2  . . . .   2
  2:  002s    1  :  2   2   2   2   2   2   2  . . . .   2
  3:  003s    1  :  1   2   1   2   2   2   2  . . . .   1
  3:  003s    1  :  2   2   1   2   2   2   2  . . . .   2
  4:  004s    1  :  1   1   2   2   1   2   2  . . . .   1
  4:  004s    1  :  2   1   2   2   2   2   2  . . . .   2

      *******   

1600:    49  192  :  2   2   2   2   2   1   2  . . . .   1
1600:    49  192  :  2   2   2   2   2   2   2  . . . .   2
1601:    50  192  :  2   1   2   2   1   2   2  . . . .   1
1601:    50  192  :  2   2   2   2   2   2   2  . . . .   2

Number of alleles per locus: min= 2; ave=2.0; max= 2


--------------------------------------

Finished initialization; starting MCMC 
100000 iterations + 10000 burnin


--------------------------------------------
Proportion of membership of each pre-defined
 population in each of the 9 clusters

Given    Inferred Clusters                                                 Number of
 Pop       1      2      3      4      5      6      7      8      9      Individuals

  1:     0.127  0.061  0.123  0.085  0.121  0.120  0.128  0.124  0.111       54
  2:     0.096  0.051  0.114  0.103  0.102  0.119  0.173  0.126  0.116       30
  3:     0.059  0.454  0.079  0.109  0.054  0.065  0.042  0.044  0.093       30
  4:     0.091  0.555  0.049  0.068  0.051  0.061  0.022  0.039  0.064       20
  5:     0.080  0.521  0.057  0.078  0.052  0.063  0.038  0.055  0.055       30
  6:     0.116  0.057  0.113  0.108  0.099  0.122  0.132  0.130  0.122       43
  7:     0.113  0.051  0.091  0.133  0.120  0.130  0.155  0.113  0.094       44
  8:     0.153  0.028  0.118  0.085  0.104  0.101  0.225  0.120  0.066        4
  9:     0.120  0.036  0.111  0.101  0.106  0.114  0.131  0.166  0.115       22
 10:     0.123  0.040  0.097  0.111  0.097  0.116  0.174  0.134  0.108       24
 11:     0.115  0.050  0.094  0.104  0.147  0.109  0.126  0.113  0.141       54
 12:     0.121  0.052  0.131  0.105  0.118  0.094  0.150  0.107  0.123       37
 13:     0.128  0.054  0.095  0.118  0.137  0.104  0.152  0.129  0.085       42
 14:     0.102  0.047  0.120  0.118  0.134  0.116  0.128  0.139  0.096       42
 15:     0.109  0.057  0.097  0.114  0.125  0.103  0.142  0.132  0.121       49
 16:     0.123  0.058  0.114  0.109  0.125  0.101  0.125  0.128  0.118      124
 17:     0.127  0.051  0.090  0.111  0.111  0.125  0.152  0.113  0.120       24
 18:     0.124  0.051  0.099  0.134  0.133  0.116  0.134  0.134  0.076       34
 19:     0.116  0.054  0.097  0.097  0.147  0.120  0.130  0.132  0.106       52
 20:     0.072  0.080  0.100  0.049  0.064  0.335  0.206  0.045  0.049        1
 21:     0.099  0.054  0.007  0.007  0.234  0.157  0.076  0.269  0.096        1
 22:     0.063  0.028  0.099  0.135  0.116  0.081  0.161  0.040  0.278        1
 23:     0.148  0.079  0.073  0.079  0.169  0.155  0.110  0.034  0.153        1
 24:     0.246  0.005  0.036  0.193  0.225  0.054  0.074  0.057  0.110        1
 25:     0.100  0.073  0.119  0.109  0.105  0.114  0.114  0.122  0.142        1
 26:     0.084  0.060  0.137  0.090  0.167  0.121  0.107  0.052  0.181        1
 27:     0.127  0.054  0.172  0.077  0.063  0.114  0.150  0.091  0.153        1
 28:     0.084  0.017  0.071  0.093  0.239  0.078  0.046  0.178  0.196        1
 29:     0.141  0.022  0.103  0.135  0.077  0.099  0.040  0.319  0.064        1
 30:     0.104  0.112  0.043  0.102  0.018  0.193  0.079  0.140  0.209        1
 31:     0.152  0.136  0.008  0.236  0.076  0.177  0.006  0.120  0.089        1
 32:     0.048  0.013  0.056  0.147  0.150  0.092  0.227  0.047  0.221        1
 33:     0.084  0.069  0.167  0.123  0.087  0.142  0.125  0.100  0.103        1
 34:     0.118  0.057  0.088  0.040  0.025  0.230  0.257  0.084  0.101        1
 35:     0.275  0.026  0.020  0.154  0.091  0.098  0.026  0.030  0.279        1
 36:     0.056  0.066  0.177  0.066  0.229  0.043  0.171  0.072  0.120        1
 37:     0.083  0.042  0.171  0.177  0.069  0.109  0.055  0.129  0.166        1
 38:     0.285  0.082  0.095  0.013  0.074  0.178  0.124  0.073  0.075        1
 39:     0.018  0.002  0.135  0.009  0.021  0.256  0.214  0.120  0.225        1
 40:     0.201  0.072  0.072  0.018  0.156  0.237  0.045  0.105  0.092        1
 41:     0.052  0.025  0.107  0.194  0.065  0.253  0.033  0.086  0.184        1
 42:     0.070  0.054  0.153  0.093  0.131  0.113  0.187  0.121  0.078        1
 43:     0.107  0.065  0.068  0.052  0.193  0.201  0.002  0.151  0.159        1
 44:     0.209  0.124  0.158  0.065  0.044  0.138  0.160  0.078  0.024        1
 45:     0.167  0.010  0.300  0.157  0.019  0.147  0.100  0.055  0.045        1
 46:     0.105  0.047  0.031  0.071  0.150  0.016  0.144  0.219  0.216        1
 47:     0.094  0.040  0.163  0.131  0.013  0.104  0.204  0.176  0.076        1
 48:     0.156  0.027  0.032  0.156  0.213  0.049  0.122  0.186  0.060        1
 49:     0.057  0.045  0.040  0.119  0.004  0.150  0.127  0.438  0.020        1
 50:     0.118  0.226  0.093  0.025  0.192  0.120  0.018  0.105  0.103        1
 51:     0.054  0.161  0.098  0.061  0.102  0.148  0.111  0.105  0.161        1
 52:     0.144  0.067  0.090  0.103  0.103  0.265  0.113  0.060  0.055        1
 53:     0.176  0.048  0.265  0.160  0.043  0.049  0.097  0.152  0.009        1
 54:     0.094  0.098  0.321  0.006  0.023  0.084  0.245  0.076  0.054        1
 55:     0.012  0.143  0.291  0.049  0.025  0.177  0.140  0.106  0.058        1
 56:     0.030  0.043  0.182  0.027  0.024  0.147  0.384  0.049  0.116        1
 57:     0.059  0.070  0.297  0.060  0.159  0.026  0.133  0.071  0.124        1
 58:     0.036  0.099  0.172  0.035  0.075  0.055  0.198  0.267  0.063        1
 59:     0.146  0.146  0.205  0.074  0.105  0.073  0.141  0.108  0.001        1
 60:     0.075  0.118  0.331  0.049  0.032  0.083  0.046  0.123  0.142        1
 61:     0.104  0.139  0.150  0.028  0.074  0.170  0.160  0.058  0.117        1
 62:     0.051  0.267  0.045  0.211  0.119  0.079  0.071  0.073  0.083        1
 63:     0.089  0.143  0.187  0.049  0.066  0.134  0.092  0.156  0.083        1
 64:     0.248  0.128  0.270  0.021  0.022  0.153  0.057  0.094  0.007        1
 65:     0.128  0.104  0.070  0.022  0.036  0.140  0.364  0.099  0.036        1
 66:     0.010  0.088  0.061  0.006  0.037  0.124  0.074  0.365  0.234        1
 67:     0.074  0.140  0.290  0.026  0.006  0.089  0.037  0.256  0.084        1
 68:     0.056  0.114  0.206  0.101  0.076  0.097  0.103  0.145  0.103        1
 69:     0.201  0.150  0.067  0.025  0.181  0.029  0.127  0.158  0.062        1
 70:     0.157  0.115  0.061  0.045  0.143  0.038  0.118  0.236  0.087        1
 71:     0.149  0.121  0.449  0.017  0.026  0.004  0.031  0.175  0.028        1
 72:     0.172  0.127  0.032  0.045  0.024  0.150  0.352  0.043  0.053        1
 73:     0.081  0.094  0.226  0.032  0.103  0.013  0.071  0.252  0.129        1
 74:     0.179  0.118  0.300  0.094  0.031  0.034  0.059  0.128  0.056        1
 75:     0.059  0.108  0.426  0.016  0.070  0.111  0.111  0.076  0.022        1
 76:     0.100  0.363  0.121  0.032  0.043  0.106  0.166  0.037  0.031        1
 77:     0.031  0.126  0.171  0.011  0.028  0.060  0.130  0.429  0.014        1
 78:     0.005  0.120  0.062  0.123  0.092  0.049  0.149  0.356  0.045        1
 79:     0.082  0.141  0.135  0.081  0.091  0.112  0.144  0.103  0.111        1
 80:     0.080  0.098  0.108  0.079  0.089  0.054  0.121  0.248  0.122        1
 81:     0.011  0.120  0.276  0.031  0.019  0.062  0.219  0.096  0.165        1
 82:     0.127  0.131  0.309  0.004  0.038  0.012  0.240  0.074  0.064        1
 83:     0.138  0.116  0.280  0.015  0.079  0.026  0.096  0.219  0.030        1
 84:     0.092  0.190  0.162  0.062  0.051  0.190  0.093  0.054  0.106        1
 85:     0.084  0.151  0.170  0.059  0.084  0.164  0.090  0.067  0.131        1
 86:     0.111  0.146  0.146  0.014  0.025  0.340  0.011  0.181  0.026        1
 87:     0.283  0.129  0.298  0.058  0.088  0.005  0.020  0.005  0.114        1
 88:     0.182  0.164  0.024  0.089  0.120  0.124  0.012  0.019  0.265        1
 89:     0.089  0.103  0.214  0.114  0.004  0.213  0.094  0.082  0.087        1
 90:     0.067  0.201  0.206  0.036  0.022  0.399  0.021  0.027  0.021        1
 91:     0.032  0.110  0.599  0.008  0.118  0.038  0.027  0.051  0.018        1
 92:     0.049  0.090  0.378  0.100  0.033  0.057  0.030  0.044  0.218        1
 93:     0.046  0.262  0.096  0.014  0.020  0.220  0.011  0.193  0.139        1
 94:     0.107  0.121  0.457  0.050  0.057  0.055  0.005  0.007  0.141        1
 95:     0.175  0.161  0.083  0.110  0.141  0.240  0.036  0.006  0.047        1
 96:     0.084  0.184  0.278  0.012  0.030  0.098  0.039  0.097  0.178        1
 97:     0.106  0.202  0.232  0.054  0.044  0.161  0.014  0.051  0.137        1
 98:     0.039  0.136  0.192  0.014  0.069  0.363  0.012  0.147  0.028        1
 99:     0.113  0.176  0.200  0.085  0.031  0.255  0.070  0.048  0.022        1
100:     0.039  0.212  0.404  0.016  0.014  0.050  0.018  0.032  0.215        1
101:     0.047  0.105  0.293  0.044  0.081  0.136  0.085  0.082  0.127        1
102:     0.018  0.123  0.368  0.013  0.131  0.186  0.007  0.066  0.088        1
103:     0.138  0.008  0.290  0.038  0.030  0.393  0.024  0.015  0.063        1
104:     0.312  0.159  0.112  0.047  0.040  0.242  0.023  0.004  0.061        1
105:     0.144  0.201  0.083  0.069  0.028  0.326  0.059  0.009  0.081        1
106:     0.023  0.080  0.388  0.029  0.038  0.270  0.019  0.034  0.119        1
107:     0.027  0.182  0.285  0.129  0.018  0.087  0.081  0.031  0.160        1
108:     0.137  0.158  0.179  0.058  0.101  0.207  0.040  0.064  0.056        1
109:     0.064  0.177  0.152  0.053  0.088  0.297  0.099  0.012  0.057        1
110:     0.135  0.095  0.428  0.071  0.017  0.016  0.047  0.030  0.161        1
111:     0.079  0.179  0.273  0.077  0.158  0.087  0.030  0.026  0.091        1
112:     0.138  0.161  0.171  0.030  0.080  0.164  0.042  0.052  0.162        1
113:     0.062  0.142  0.168  0.129  0.046  0.378  0.004  0.012  0.059        1
114:     0.092  0.140  0.176  0.038  0.042  0.273  0.006  0.156  0.076        1
115:     0.100  0.136  0.059  0.048  0.049  0.378  0.088  0.014  0.126        1
116:     0.071  0.182  0.326  0.086  0.010  0.200  0.017  0.042  0.066        1
117:     0.073  0.165  0.359  0.026  0.066  0.142  0.023  0.027  0.119        1
118:     0.070  0.231  0.084  0.031  0.068  0.317  0.084  0.064  0.052        1
119:     0.056  0.102  0.452  0.069  0.071  0.176  0.023  0.045  0.006        1
120:     0.060  0.100  0.314  0.015  0.038  0.223  0.044  0.130  0.076        1
121:     0.066  0.167  0.248  0.111  0.152  0.096  0.085  0.012  0.064        1
122:     0.036  0.079  0.643  0.016  0.077  0.090  0.026  0.016  0.017        1
123:     0.152  0.142  0.376  0.008  0.002  0.081  0.007  0.121  0.111        1
124:     0.045  0.193  0.064  0.079  0.102  0.189  0.117  0.121  0.089        1
125:     0.143  0.170  0.192  0.016  0.024  0.077  0.052  0.104  0.221        1
126:     0.190  0.125  0.157  0.038  0.137  0.198  0.022  0.094  0.039        1
127:     0.094  0.163  0.215  0.095  0.033  0.228  0.012  0.014  0.145        1
128:     0.093  0.163  0.211  0.067  0.101  0.261  0.006  0.073  0.025        1
129:     0.040  0.190  0.181  0.046  0.006  0.299  0.094  0.055  0.088        1
130:     0.136  0.204  0.019  0.078  0.002  0.387  0.033  0.031  0.110        1
131:     0.114  0.115  0.111  0.155  0.028  0.248  0.041  0.130  0.058        1
132:     0.104  0.162  0.218  0.059  0.095  0.149  0.071  0.067  0.076        1
133:     0.028  0.239  0.071  0.007  0.153  0.194  0.013  0.258  0.037        1
134:     0.130  0.141  0.085  0.036  0.054  0.337  0.067  0.062  0.087        1
135:     0.343  0.122  0.199  0.012  0.027  0.189  0.005  0.023  0.080        1
136:     0.083  0.133  0.275  0.049  0.064  0.161  0.049  0.092  0.094        1
137:     0.106  0.112  0.323  0.004  0.061  0.096  0.020  0.070  0.208        1
138:     0.114  0.147  0.243  0.043  0.090  0.304  0.001  0.038  0.020        1
139:     0.383  0.231  0.088  0.044  0.030  0.122  0.001  0.019  0.081        1
140:     0.095  0.189  0.191  0.048  0.095  0.165  0.042  0.088  0.087        1
141:     0.076  0.160  0.235  0.095  0.110  0.095  0.061  0.066  0.102        1
142:     0.004  0.122  0.551  0.050  0.073  0.050  0.031  0.037  0.082        1
143:     0.028  0.207  0.321  0.025  0.016  0.211  0.056  0.047  0.090        1
144:     0.133  0.096  0.231  0.019  0.084  0.255  0.117  0.010  0.055        1
145:     0.079  0.160  0.306  0.011  0.013  0.242  0.039  0.051  0.099        1
146:     0.032  0.183  0.237  0.110  0.075  0.136  0.138  0.066  0.023        1
147:     0.096  0.223  0.171  0.056  0.064  0.128  0.075  0.105  0.083        1
148:     0.052  0.082  0.224  0.175  0.222  0.010  0.141  0.039  0.056        1
149:     0.079  0.109  0.112  0.104  0.101  0.126  0.092  0.154  0.122        1
150:     0.097  0.037  0.023  0.113  0.134  0.143  0.272  0.116  0.065        1
151:     0.068  0.028  0.254  0.356  0.004  0.070  0.016  0.182  0.023        1
152:     0.161  0.010  0.224  0.381  0.021  0.053  0.052  0.006  0.092        1
153:     0.351  0.024  0.134  0.069  0.031  0.039  0.253  0.061  0.038        1
154:     0.141  0.015  0.181  0.309  0.024  0.165  0.094  0.058  0.012        1
155:     0.380  0.044  0.075  0.018  0.050  0.158  0.097  0.070  0.109        1
156:     0.188  0.072  0.202  0.080  0.023  0.053  0.176  0.111  0.094        1
157:     0.245  0.016  0.092  0.159  0.062  0.144  0.104  0.145  0.032        1
158:     0.028  0.043  0.123  0.063  0.119  0.163  0.038  0.148  0.275        1
159:     0.160  0.045  0.107  0.131  0.042  0.027  0.427  0.047  0.013        1
160:     0.070  0.046  0.191  0.047  0.050  0.120  0.155  0.044  0.277        1
161:     0.113  0.084  0.073  0.152  0.087  0.113  0.081  0.185  0.113        1
162:     0.135  0.039  0.110  0.022  0.017  0.286  0.136  0.088  0.166        1
163:     0.075  0.084  0.033  0.052  0.118  0.081  0.193  0.246  0.118        1
164:     0.102  0.051  0.157  0.105  0.109  0.090  0.147  0.140  0.098        1
165:     0.127  0.085  0.107  0.166  0.076  0.166  0.083  0.090  0.100        1
166:     0.110  0.049  0.065  0.163  0.101  0.068  0.141  0.171  0.131        1
167:     0.029  0.053  0.062  0.023  0.225  0.122  0.126  0.164  0.195        1
168:     0.308  0.045  0.286  0.036  0.092  0.016  0.090  0.074  0.052        1
169:     0.083  0.035  0.183  0.057  0.112  0.040  0.313  0.083  0.094        1
170:     0.037  0.030  0.156  0.158  0.157  0.152  0.079  0.063  0.169        1
171:     0.067  0.015  0.120  0.018  0.096  0.112  0.177  0.213  0.181        1
172:     0.207  0.083  0.142  0.124  0.217  0.014  0.073  0.129  0.010        1
173:     0.148  0.055  0.103  0.136  0.123  0.109  0.146  0.079  0.100        1
174:     0.086  0.022  0.125  0.108  0.177  0.059  0.007  0.298  0.119        1
175:     0.115  0.061  0.102  0.115  0.141  0.114  0.147  0.107  0.098       50
176:     0.115  0.051  0.110  0.116  0.126  0.099  0.131  0.129  0.123       49
177:     0.109  0.052  0.103  0.101  0.149  0.103  0.132  0.105  0.147       50
178:     0.107  0.054  0.109  0.118  0.124  0.119  0.128  0.141  0.099       49
179:     0.120  0.054  0.111  0.092  0.097  0.108  0.149  0.134  0.137       23
180:     0.110  0.050  0.111  0.120  0.108  0.122  0.143  0.127  0.110       49
181:     0.033  0.706  0.033  0.050  0.038  0.040  0.025  0.024  0.052       30
182:     0.037  0.622  0.032  0.096  0.049  0.037  0.035  0.035  0.057       30
183:     0.113  0.091  0.097  0.123  0.150  0.091  0.104  0.106  0.125       34
184:     0.125  0.051  0.097  0.112  0.121  0.128  0.143  0.107  0.116       36
185:     0.141  0.061  0.096  0.118  0.120  0.091  0.145  0.134  0.094       40
186:     0.130  0.049  0.110  0.099  0.137  0.096  0.144  0.126  0.110       39
187:     0.126  0.056  0.099  0.126  0.140  0.108  0.141  0.105  0.099       37
188:     0.135  0.057  0.105  0.126  0.111  0.117  0.107  0.123  0.119       40
189:     0.136  0.059  0.090  0.103  0.145  0.101  0.138  0.120  0.108       35
190:     0.134  0.058  0.100  0.117  0.122  0.087  0.143  0.129  0.111       28
191:     0.117  0.052  0.112  0.133  0.136  0.108  0.142  0.098  0.102       36
192:     0.122  0.060  0.093  0.105  0.128  0.102  0.153  0.123  0.114       32
--------------------------------------------

 Rep#:   Lambda   Alpha      F1    F2    F3    F4    F5    F6    F7    F8    F9     D1,2  D1,3  D1,4  D1,5  D1,6  D1,7  D1,8  D1,9  D2,3  D2,4  D2,5  D2,6  D2,7  D2,8  D2,9  D3,4  D3,5  D3,6  D3,7  D3,8  D3,9  D4,5  D4,6  D4,7  D4,8  D4,9  D5,6  D5,7  D5,8  D5,9  D6,7  D6,8  D6,9  D7,8  D7,9  D8,9    Ln Like 
  100:    1.00    1.505    0.010 0.331 0.010 0.010 0.008 0.010 0.011 0.010 0.010    0.050 0.004 0.003 0.003 0.003 0.003 0.003 0.003 0.051 0.050 0.050 0.051 0.051 0.051 0.050 0.004 0.004 0.003 0.004 0.004 0.004 0.003 0.004 0.003 0.003 0.003 0.003 0.003 0.003 0.003 0.004 0.004 0.003 0.003 0.003 0.003   --  
  200:    1.00    1.210    0.010 0.230 0.236 0.010 0.008 0.010 0.011 0.010 0.010    0.034 0.042 0.003 0.003 0.003 0.003 0.003 0.003 0.063 0.033 0.033 0.034 0.034 0.034 0.033 0.042 0.042 0.041 0.043 0.043 0.042 0.003 0.003 0.003 0.003 0.003 0.003 0.003 0.003 0.003 0.003 0.003 0.003 0.003 0.003 0.003   --  
  300:    1.00    1.027    0.010 0.197 0.206 0.010 0.008 0.010 0.011 0.030 0.010    0.030 0.036 0.003 0.003 0.003 0.003 0.008 0.003 0.053 0.029 0.029 0.029 0.029 0.033 0.029 0.036 0.036 0.035 0.036 0.039 0.036 0.003 0.003 0.003 0.008 0.003 0.003 0.003 0.007 0.003 0.003 0.008 0.003 0.007 0.003 0.007   --  
  400:    1.00    0.902    0.010 0.186 0.185 0.010 0.008 0.010 0.011 0.239 0.010    0.028 0.034 0.003 0.003 0.003 0.003 0.041 0.003 0.050 0.028 0.028 0.028 0.029 0.054 0.028 0.034 0.033 0.033 0.034 0.059 0.034 0.003 0.003 0.003 0.040 0.003 0.003 0.003 0.040 0.003 0.003 0.041 0.003 0.041 0.003 0.040   --  
  500:    1.00    0.844    0.010 0.176 0.175 0.010 0.008 0.010 0.011 0.260 0.010    0.027 0.032 0.003 0.003 0.003 0.003 0.043 0.003 0.047 0.027 0.027 0.027 0.028 0.056 0.027 0.032 0.031 0.032 0.032 0.060 0.032 0.003 0.003 0.003 0.042 0.003 0.003 0.003 0.042 0.003 0.003 0.042 0.003 0.043 0.003 0.043   --  
  600:    1.00    0.771    0.010 0.173 0.173 0.010 0.008 0.010 0.011 0.263 0.010    0.026 0.031 0.003 0.003 0.003 0.003 0.043 0.003 0.046 0.026 0.026 0.026 0.027 0.056 0.026 0.031 0.031 0.031 0.031 0.061 0.031 0.003 0.003 0.003 0.043 0.003 0.003 0.003 0.043 0.003 0.003 0.043 0.003 0.043 0.003 0.043   --  
  700:    1.00    0.748    0.010 0.170 0.170 0.010 0.009 0.010 0.011 0.260 0.010    0.027 0.030 0.003 0.003 0.003 0.004 0.043 0.003 0.046 0.026 0.026 0.026 0.027 0.057 0.026 0.030 0.030 0.030 0.031 0.060 0.030 0.003 0.003 0.003 0.043 0.003 0.003 0.003 0.043 0.003 0.003 0.043 0.003 0.043 0.003 0.042   --  
  800:    1.00    0.702    0.011 0.171 0.166 0.010 0.009 0.010 0.011 0.261 0.010    0.026 0.030 0.003 0.003 0.003 0.004 0.043 0.003 0.045 0.026 0.026 0.026 0.026 0.056 0.026 0.030 0.030 0.030 0.030 0.059 0.030 0.003 0.003 0.003 0.042 0.003 0.003 0.003 0.042 0.003 0.003 0.042 0.003 0.042 0.003 0.042   --  
  900:    1.00    0.673    0.012 0.174 0.163 0.010 0.009 0.010 0.011 0.258 0.010    0.026 0.030 0.004 0.003 0.003 0.004 0.043 0.004 0.045 0.026 0.026 0.026 0.026 0.056 0.026 0.029 0.029 0.029 0.030 0.060 0.030 0.003 0.003 0.003 0.042 0.003 0.003 0.003 0.042 0.003 0.003 0.042 0.003 0.042 0.003 0.042   --  

--------------------------------------------
Proportion of membership of each pre-defined
 population in each of the 9 clusters

Given    Inferred Clusters                                                 Number of
 Pop       1      2      3      4      5      6      7      8      9      Individuals

  1:     0.166  0.057  0.045  0.114  0.160  0.134  0.145  0.060  0.120       54
  2:     0.107  0.048  0.042  0.140  0.129  0.143  0.170  0.066  0.156       30
  3:     0.024  0.673  0.055  0.067  0.024  0.026  0.020  0.052  0.061       30
  4:     0.146  0.755  0.055  0.008  0.006  0.010  0.004  0.013  0.004       20
  5:     0.119  0.715  0.066  0.016  0.017  0.018  0.010  0.018  0.021       30
  6:     0.155  0.046  0.041  0.164  0.135  0.135  0.136  0.053  0.134       43
  7:     0.119  0.042  0.046  0.148  0.147  0.132  0.171  0.058  0.135       44
  8:     0.223  0.024  0.039  0.080  0.101  0.074  0.230  0.058  0.170        4
  9:     0.150  0.017  0.035  0.137  0.107  0.161  0.189  0.059  0.145       22
 10:     0.117  0.015  0.044  0.172  0.120  0.124  0.212  0.063  0.132       24
 11:     0.150  0.046  0.042  0.125  0.178  0.111  0.136  0.053  0.159       54
 12:     0.122  0.042  0.042  0.168  0.120  0.130  0.158  0.061  0.157       37
 13:     0.139  0.055  0.045  0.116  0.142  0.158  0.142  0.057  0.146       42
 14:     0.136  0.049  0.035  0.160  0.169  0.156  0.120  0.061  0.113       42
 15:     0.141  0.054  0.045  0.143  0.122  0.124  0.158  0.059  0.154       49
 16:     0.144  0.054  0.049  0.132  0.153  0.127  0.151  0.058  0.131      124
 17:     0.113  0.047  0.046  0.141  0.121  0.147  0.162  0.064  0.160       24
 18:     0.157  0.037  0.041  0.156  0.153  0.156  0.132  0.068  0.100       34
 19:     0.144  0.048  0.042  0.140  0.153  0.138  0.151  0.059  0.127       52
 20:     0.070  0.042  0.039  0.095  0.166  0.221  0.157  0.074  0.137        1
 21:     0.045  0.027  0.126  0.114  0.211  0.198  0.162  0.077  0.041        1
 22:     0.380  0.019  0.033  0.004  0.146  0.134  0.089  0.111  0.084        1
 23:     0.218  0.065  0.086  0.014  0.095  0.294  0.096  0.059  0.073        1
 24:     0.151  0.018  0.024  0.180  0.280  0.000  0.011  0.066  0.270        1
 25:     0.340  0.115  0.058  0.078  0.189  0.037  0.128  0.029  0.025        1
 26:     0.258  0.048  0.097  0.160  0.281  0.077  0.004  0.076  0.001        1
 27:     0.234  0.097  0.028  0.371  0.074  0.031  0.036  0.054  0.075        1
 28:     0.112  0.028  0.055  0.201  0.131  0.136  0.043  0.100  0.194        1
 29:     0.279  0.001  0.029  0.003  0.008  0.251  0.197  0.104  0.127        1
 30:     0.200  0.066  0.073  0.092  0.016  0.331  0.029  0.065  0.127        1
 31:     0.226  0.225  0.018  0.307  0.033  0.068  0.009  0.054  0.061        1
 32:     0.002  0.006  0.062  0.091  0.261  0.166  0.116  0.052  0.245        1
 33:     0.198  0.091  0.036  0.106  0.083  0.046  0.190  0.088  0.162        1
 34:     0.034  0.036  0.071  0.158  0.211  0.038  0.142  0.109  0.201        1
 35:     0.074  0.019  0.076  0.234  0.021  0.224  0.000  0.047  0.306        1
 36:     0.110  0.048  0.079  0.211  0.243  0.059  0.142  0.105  0.003        1
 37:     0.030  0.032  0.083  0.235  0.020  0.294  0.106  0.049  0.153        1
 38:     0.449  0.045  0.098  0.024  0.034  0.140  0.119  0.058  0.034        1
 39:     0.045  0.002  0.049  0.093  0.065  0.090  0.164  0.107  0.385        1
 40:     0.519  0.091  0.069  0.027  0.043  0.110  0.037  0.086  0.018        1
 41:     0.127  0.003  0.060  0.010  0.026  0.230  0.052  0.093  0.399        1
 42:     0.333  0.083  0.052  0.041  0.105  0.016  0.139  0.083  0.148        1
 43:     0.177  0.041  0.060  0.004  0.546  0.028  0.002  0.058  0.085        1
 44:     0.221  0.105  0.042  0.079  0.000  0.121  0.251  0.086  0.095        1
 45:     0.369  0.001  0.056  0.160  0.182  0.055  0.045  0.095  0.037        1
 46:     0.014  0.027  0.127  0.260  0.175  0.077  0.011  0.036  0.273        1
 47:     0.229  0.015  0.046  0.316  0.282  0.001  0.003  0.019  0.088        1
 48:     0.350  0.003  0.006  0.332  0.232  0.000  0.020  0.042  0.014        1
 49:     0.020  0.021  0.063  0.362  0.163  0.123  0.144  0.063  0.041        1
 50:     0.264  0.287  0.058  0.029  0.122  0.060  0.002  0.048  0.131        1
 51:     0.112  0.202  0.048  0.088  0.118  0.149  0.046  0.064  0.173        1
 52:     0.129  0.069  0.111  0.128  0.069  0.221  0.073  0.060  0.139        1
 53:     0.352  0.069  0.060  0.062  0.074  0.150  0.134  0.053  0.047        1
 54:     0.001  0.009  0.002  0.002  0.001  0.001  0.000  0.982  0.003        1
 55:     0.004  0.001  0.001  0.001  0.003  0.001  0.011  0.979  0.000        1
 56:     0.000  0.009  0.029  0.021  0.001  0.043  0.076  0.816  0.006        1
 57:     0.030  0.000  0.010  0.000  0.001  0.001  0.000  0.930  0.026        1
 58:     0.003  0.020  0.001  0.000  0.020  0.042  0.015  0.872  0.027        1
 59:     0.001  0.027  0.013  0.027  0.046  0.009  0.014  0.862  0.001        1
 60:     0.001  0.000  0.001  0.001  0.000  0.003  0.002  0.991  0.000        1
 61:     0.000  0.003  0.000  0.001  0.000  0.000  0.000  0.996  0.000        1
 62:     0.031  0.373  0.012  0.149  0.275  0.115  0.014  0.014  0.017        1
 63:     0.001  0.010  0.000  0.004  0.027  0.000  0.000  0.958  0.001        1
 64:     0.000  0.000  0.000  0.001  0.000  0.000  0.000  0.999  0.000        1
 65:     0.000  0.000  0.000  0.000  0.001  0.000  0.000  0.998  0.000        1
 66:     0.000  0.005  0.000  0.003  0.022  0.005  0.002  0.939  0.025        1
 67:     0.069  0.029  0.109  0.010  0.053  0.004  0.053  0.596  0.077        1
 68:     0.001  0.005  0.052  0.003  0.002  0.001  0.027  0.895  0.014        1
 69:     0.002  0.005  0.000  0.001  0.001  0.003  0.011  0.977  0.000        1
 70:     0.050  0.036  0.037  0.010  0.017  0.021  0.037  0.772  0.020        1
 71:     0.001  0.000  0.003  0.000  0.006  0.001  0.000  0.988  0.000        1
 72:     0.000  0.001  0.000  0.000  0.001  0.000  0.001  0.997  0.000        1
 73:     0.000  0.001  0.001  0.000  0.000  0.000  0.001  0.996  0.000        1
 74:     0.061  0.024  0.006  0.018  0.105  0.003  0.007  0.776  0.001        1
 75:     0.000  0.002  0.002  0.001  0.000  0.000  0.000  0.994  0.002        1
 76:     0.087  0.521  0.104  0.077  0.145  0.037  0.004  0.011  0.014        1
 77:     0.001  0.003  0.007  0.001  0.001  0.000  0.000  0.986  0.000        1
 78:     0.004  0.065  0.018  0.037  0.016  0.015  0.046  0.783  0.016        1
 79:     0.000  0.002  0.000  0.000  0.001  0.000  0.000  0.993  0.003        1
 80:     0.003  0.002  0.000  0.022  0.000  0.004  0.009  0.953  0.006        1
 81:     0.002  0.001  0.000  0.002  0.001  0.000  0.002  0.990  0.003        1
 82:     0.093  0.041  0.128  0.001  0.034  0.036  0.067  0.517  0.083        1
 83:     0.000  0.002  0.000  0.001  0.007  0.000  0.001  0.987  0.000        1
 84:     0.010  0.034  0.908  0.019  0.006  0.008  0.002  0.012  0.000        1
 85:     0.008  0.028  0.909  0.003  0.000  0.006  0.002  0.029  0.014        1
 86:     0.004  0.016  0.833  0.022  0.002  0.019  0.056  0.043  0.006        1
 87:     0.018  0.006  0.932  0.013  0.020  0.004  0.001  0.004  0.004        1
 88:     0.005  0.001  0.975  0.003  0.003  0.002  0.000  0.008  0.003        1
 89:     0.002  0.010  0.896  0.028  0.001  0.027  0.013  0.006  0.018        1
 90:     0.004  0.009  0.953  0.002  0.002  0.004  0.001  0.021  0.004        1
 91:     0.015  0.008  0.960  0.000  0.001  0.004  0.002  0.000  0.008        1
 92:     0.030  0.017  0.829  0.062  0.004  0.024  0.001  0.002  0.032        1
 93:     0.011  0.044  0.923  0.000  0.005  0.006  0.003  0.006  0.001        1
 94:     0.017  0.021  0.896  0.000  0.019  0.013  0.003  0.002  0.030        1
 95:     0.058  0.016  0.844  0.057  0.013  0.009  0.002  0.002  0.000        1
 96:     0.000  0.007  0.969  0.001  0.007  0.008  0.006  0.002  0.000        1
 97:     0.009  0.033  0.934  0.001  0.007  0.000  0.002  0.013  0.001        1
 98:     0.017  0.005  0.907  0.002  0.011  0.003  0.019  0.036  0.001        1
 99:     0.000  0.000  0.993  0.001  0.000  0.000  0.003  0.001  0.002        1
100:     0.003  0.019  0.967  0.000  0.004  0.003  0.003  0.001  0.000        1
101:     0.011  0.030  0.768  0.000  0.028  0.069  0.016  0.037  0.041        1
102:     0.048  0.010  0.813  0.002  0.000  0.101  0.012  0.007  0.008        1
103:     0.002  0.005  0.958  0.014  0.001  0.006  0.000  0.005  0.009        1
104:     0.003  0.000  0.907  0.001  0.001  0.000  0.000  0.002  0.085        1
105:     0.013  0.032  0.881  0.003  0.000  0.005  0.000  0.060  0.004        1
106:     0.005  0.002  0.743  0.022  0.012  0.078  0.006  0.009  0.124        1
107:     0.002  0.013  0.942  0.011  0.005  0.002  0.010  0.007  0.009        1
108:     0.017  0.014  0.828  0.005  0.002  0.112  0.013  0.007  0.002        1
109:     0.006  0.075  0.761  0.007  0.008  0.020  0.093  0.023  0.008        1
110:     0.086  0.008  0.726  0.034  0.084  0.002  0.028  0.033  0.001        1
111:     0.002  0.025  0.949  0.015  0.000  0.005  0.001  0.000  0.002        1
112:     0.015  0.000  0.956  0.000  0.013  0.005  0.004  0.004  0.002        1
113:     0.004  0.038  0.923  0.000  0.004  0.013  0.005  0.006  0.007        1
114:     0.000  0.005  0.953  0.024  0.009  0.002  0.002  0.003  0.002        1
115:     0.044  0.000  0.903  0.005  0.001  0.010  0.028  0.001  0.007        1
116:     0.008  0.000  0.976  0.000  0.001  0.003  0.001  0.006  0.003        1
117:     0.004  0.042  0.903  0.000  0.003  0.017  0.002  0.003  0.026        1
118:     0.000  0.029  0.947  0.001  0.000  0.004  0.000  0.010  0.009        1
119:     0.001  0.002  0.831  0.001  0.038  0.029  0.004  0.036  0.058        1
120:     0.003  0.014  0.910  0.007  0.003  0.010  0.002  0.004  0.048        1
121:     0.002  0.005  0.936  0.000  0.005  0.023  0.027  0.000  0.002        1
122:     0.020  0.003  0.878  0.002  0.024  0.008  0.048  0.017  0.000        1
123:     0.004  0.002  0.988  0.001  0.000  0.005  0.000  0.000  0.000        1
124:     0.020  0.082  0.803  0.005  0.018  0.016  0.001  0.018  0.038        1
125:     0.000  0.002  0.979  0.001  0.000  0.000  0.010  0.006  0.002        1
126:     0.029  0.033  0.857  0.017  0.005  0.021  0.032  0.005  0.001        1
127:     0.005  0.041  0.879  0.006  0.000  0.028  0.004  0.011  0.026        1
128:     0.007  0.000  0.921  0.008  0.001  0.009  0.000  0.025  0.028        1
129:     0.001  0.005  0.991  0.000  0.002  0.000  0.000  0.000  0.000        1
130:     0.008  0.039  0.887  0.006  0.001  0.008  0.022  0.006  0.024        1
131:     0.002  0.000  0.990  0.000  0.000  0.002  0.000  0.005  0.001        1
132:     0.011  0.072  0.810  0.010  0.000  0.071  0.016  0.004  0.006        1
133:     0.002  0.113  0.864  0.002  0.003  0.010  0.001  0.002  0.004        1
134:     0.017  0.004  0.813  0.039  0.004  0.010  0.034  0.017  0.063        1
135:     0.073  0.007  0.767  0.067  0.023  0.014  0.027  0.021  0.000        1
136:     0.002  0.001  0.988  0.003  0.000  0.004  0.000  0.001  0.002        1
137:     0.003  0.007  0.939  0.009  0.000  0.015  0.012  0.012  0.003        1
138:     0.000  0.004  0.992  0.002  0.001  0.000  0.000  0.000  0.000        1
139:     0.000  0.065  0.903  0.001  0.006  0.005  0.000  0.016  0.004        1
140:     0.011  0.055  0.840  0.002  0.003  0.004  0.022  0.062  0.001        1
141:     0.004  0.006  0.977  0.000  0.001  0.006  0.000  0.001  0.005        1
142:     0.019  0.030  0.841  0.007  0.032  0.008  0.016  0.004  0.043        1
143:     0.017  0.066  0.884  0.001  0.016  0.010  0.000  0.001  0.005        1
144:     0.010  0.002  0.935  0.004  0.000  0.027  0.001  0.001  0.021        1
145:     0.003  0.013  0.954  0.000  0.001  0.003  0.008  0.011  0.007        1
146:     0.001  0.047  0.894  0.013  0.007  0.000  0.028  0.006  0.003        1
147:     0.000  0.016  0.969  0.007  0.001  0.000  0.002  0.000  0.005        1
148:     0.134  0.089  0.131  0.125  0.227  0.030  0.068  0.084  0.112        1
149:     0.120  0.194  0.093  0.225  0.095  0.087  0.056  0.073  0.057        1
150:     0.055  0.011  0.066  0.009  0.264  0.168  0.005  0.059  0.364        1
151:     0.085  0.003  0.047  0.103  0.269  0.125  0.123  0.089  0.155        1
152:     0.234  0.094  0.037  0.004  0.289  0.190  0.051  0.049  0.051        1
153:     0.481  0.048  0.062  0.017  0.004  0.024  0.326  0.035  0.004        1
154:     0.143  0.028  0.080  0.277  0.104  0.171  0.076  0.060  0.061        1
155:     0.409  0.011  0.055  0.070  0.047  0.283  0.064  0.060  0.002        1
156:     0.291  0.040  0.045  0.134  0.040  0.035  0.097  0.075  0.242        1
157:     0.468  0.043  0.048  0.029  0.008  0.249  0.022  0.044  0.088        1
158:     0.057  0.036  0.070  0.134  0.100  0.417  0.059  0.058  0.070        1
159:     0.073  0.036  0.061  0.133  0.135  0.016  0.233  0.083  0.230        1
160:     0.069  0.047  0.036  0.046  0.180  0.122  0.093  0.080  0.326        1
161:     0.049  0.066  0.106  0.153  0.320  0.115  0.030  0.060  0.102        1
162:     0.221  0.043  0.051  0.050  0.028  0.350  0.146  0.101  0.010        1
163:     0.216  0.002  0.100  0.018  0.072  0.134  0.305  0.066  0.086        1
164:     0.291  0.083  0.041  0.030  0.207  0.158  0.104  0.068  0.018        1
165:     0.059  0.098  0.085  0.202  0.176  0.140  0.078  0.101  0.061        1
166:     0.198  0.055  0.007  0.198  0.021  0.080  0.168  0.054  0.219        1
167:     0.098  0.040  0.077  0.219  0.112  0.013  0.125  0.082  0.235        1
168:     0.028  0.006  0.006  0.020  0.109  0.296  0.313  0.054  0.170        1
169:     0.002  0.036  0.106  0.248  0.112  0.105  0.190  0.035  0.167        1
170:     0.052  0.045  0.073  0.083  0.217  0.197  0.042  0.085  0.206        1
171:     0.054  0.009  0.037  0.002  0.109  0.159  0.408  0.056  0.166        1
172:     0.287  0.072  0.038  0.093  0.198  0.014  0.195  0.071  0.032        1
173:     0.178  0.056  0.059  0.001  0.031  0.258  0.159  0.053  0.205        1
174:     0.051  0.054  0.093  0.183  0.253  0.025  0.052  0.080  0.210        1
175:     0.121  0.051  0.037  0.126  0.152  0.152  0.169  0.060  0.130       50
176:     0.141  0.042  0.036  0.150  0.115  0.155  0.171  0.063  0.128       49
177:     0.107  0.045  0.041  0.130  0.164  0.136  0.167  0.052  0.158       50
178:     0.139  0.049  0.036  0.148  0.130  0.145  0.149  0.057  0.147       49
179:     0.128  0.050  0.043  0.119  0.136  0.186  0.148  0.056  0.133       23
180:     0.120  0.041  0.039  0.155  0.130  0.140  0.170  0.063  0.143       49
181:     0.001  0.976  0.002  0.004  0.003  0.002  0.003  0.004  0.004       30
182:     0.004  0.935  0.005  0.017  0.010  0.004  0.005  0.011  0.009       30
183:     0.106  0.106  0.055  0.119  0.216  0.078  0.083  0.047  0.190       34
184:     0.145  0.050  0.036  0.128  0.159  0.120  0.174  0.056  0.134       36
185:     0.160  0.052  0.050  0.123  0.119  0.137  0.193  0.059  0.107       40
186:     0.122  0.041  0.041  0.145  0.170  0.116  0.144  0.062  0.160       39
187:     0.156  0.054  0.042  0.141  0.164  0.118  0.165  0.058  0.102       37
188:     0.138  0.054  0.049  0.164  0.142  0.143  0.117  0.060  0.134       40
189:     0.121  0.058  0.038  0.139  0.175  0.144  0.148  0.061  0.117       35
190:     0.131  0.061  0.035  0.137  0.151  0.109  0.188  0.063  0.123       28
191:     0.151  0.048  0.043  0.149  0.162  0.111  0.156  0.059  0.120       36
192:     0.162  0.053  0.036  0.137  0.136  0.138  0.154  0.062  0.123       32
--------------------------------------------

 Rep#:   Lambda   Alpha      F1    F2    F3    F4    F5    F6    F7    F8    F9     D1,2  D1,3  D1,4  D1,5  D1,6  D1,7  D1,8  D1,9  D2,3  D2,4  D2,5  D2,6  D2,7  D2,8  D2,9  D3,4  D3,5  D3,6  D3,7  D3,8  D3,9  D4,5  D4,6  D4,7  D4,8  D4,9  D5,6  D5,7  D5,8  D5,9  D6,7  D6,8  D6,9  D7,8  D7,9  D8,9    Ln Like 
 1000:    1.00    0.633    0.012 0.174 0.154 0.010 0.009 0.010 0.012 0.252 0.010    0.026 0.029 0.004 0.003 0.004 0.004 0.042 0.004 0.045 0.026 0.026 0.026 0.027 0.056 0.026 0.029 0.028 0.028 0.029 0.060 0.029 0.003 0.003 0.003 0.042 0.003 0.003 0.003 0.042 0.003 0.003 0.042 0.003 0.042 0.003 0.042   --  
 1100:    1.00    0.613    0.014 0.175 0.156 0.010 0.009 0.010 0.012 0.259 0.010    0.027 0.029 0.004 0.004 0.004 0.004 0.042 0.004 0.045 0.027 0.026 0.026 0.027 0.057 0.026 0.028 0.028 0.028 0.029 0.059 0.029 0.003 0.003 0.003 0.042 0.003 0.003 0.003 0.041 0.003 0.003 0.041 0.003 0.042 0.004 0.042   --  
 1200:    1.00    0.593    0.024 0.185 0.157 0.010 0.009 0.010 0.012 0.256 0.010    0.030 0.031 0.006 0.006 0.006 0.007 0.043 0.006 0.046 0.028 0.028 0.028 0.028 0.058 0.028 0.028 0.028 0.028 0.029 0.059 0.028 0.003 0.003 0.004 0.041 0.003 0.003 0.003 0.041 0.003 0.003 0.041 0.003 0.041 0.004 0.041   --  
 1300:    1.00    0.549    0.125 0.209 0.157 0.010 0.009 0.010 0.013 0.253 0.010    0.042 0.044 0.024 0.024 0.025 0.025 0.056 0.024 0.048 0.031 0.031 0.031 0.031 0.060 0.031 0.029 0.029 0.029 0.029 0.059 0.029 0.003 0.003 0.003 0.041 0.003 0.003 0.004 0.040 0.003 0.004 0.041 0.003 0.041 0.004 0.040   --  
 1400:    1.00    0.544    0.245 0.215 0.162 0.010 0.009 0.010 0.013 0.252 0.010    0.044 0.052 0.037 0.038 0.038 0.039 0.064 0.037 0.050 0.031 0.032 0.032 0.032 0.060 0.031 0.029 0.029 0.029 0.029 0.059 0.029 0.003 0.003 0.004 0.041 0.003 0.003 0.004 0.041 0.003 0.004 0.041 0.003 0.041 0.004 0.041   --  
 1500:    1.00    0.539    0.241 0.223 0.165 0.010 0.010 0.010 0.013 0.252 0.010    0.044 0.052 0.037 0.037 0.037 0.038 0.063 0.037 0.051 0.032 0.032 0.032 0.032 0.062 0.032 0.029 0.029 0.029 0.030 0.059 0.029 0.003 0.003 0.003 0.041 0.003 0.003 0.004 0.041 0.003 0.004 0.040 0.003 0.041 0.003 0.040   --  
 1600:    1.00    0.509    0.234 0.219 0.157 0.010 0.010 0.010 0.013 0.250 0.010    0.043 0.051 0.035 0.035 0.035 0.036 0.063 0.035 0.051 0.032 0.033 0.033 0.033 0.063 0.032 0.029 0.029 0.029 0.029 0.060 0.029 0.003 0.003 0.003 0.041 0.003 0.003 0.004 0.041 0.003 0.003 0.041 0.003 0.041 0.003 0.041   --  
 1700:    1.00    0.498    0.224 0.226 0.163 0.010 0.010 0.010 0.012 0.258 0.010    0.043 0.050 0.034 0.034 0.035 0.035 0.062 0.034 0.052 0.033 0.033 0.033 0.033 0.063 0.033 0.029 0.029 0.029 0.029 0.060 0.029 0.003 0.003 0.003 0.041 0.003 0.003 0.004 0.041 0.003 0.003 0.041 0.003 0.041 0.003 0.041   --  
 1800:    1.00    0.473    0.218 0.225 0.157 0.010 0.010 0.010 0.012 0.254 0.010    0.043 0.050 0.033 0.033 0.034 0.034 0.062 0.033 0.052 0.033 0.033 0.033 0.033 0.064 0.033 0.029 0.029 0.028 0.029 0.060 0.028 0.003 0.003 0.003 0.040 0.003 0.003 0.004 0.040 0.003 0.003 0.040 0.003 0.040 0.003 0.040   --  
 1900:    1.00    0.465    0.216 0.226 0.158 0.010 0.010 0.010 0.012 0.249 0.010    0.044 0.050 0.033 0.033 0.034 0.034 0.062 0.033 0.052 0.033 0.033 0.033 0.033 0.064 0.033 0.028 0.029 0.028 0.029 0.059 0.029 0.003 0.003 0.003 0.040 0.003 0.003 0.004 0.040 0.003 0.004 0.040 0.003 0.040 0.003 0.040   --  

--------------------------------------------
Proportion of membership of each pre-defined
 population in each of the 9 clusters

Given    Inferred Clusters                                                 Number of
 Pop       1      2      3      4      5      6      7      8      9      Individuals

  1:     0.061  0.036  0.027  0.139  0.182  0.193  0.181  0.032  0.149       54
  2:     0.063  0.035  0.028  0.118  0.153  0.188  0.188  0.038  0.189       30
