

----------------------------------------------------
STRUCTURE by Pritchard, Stephens and Donnelly (2000)
     and Falush, Stephens and Pritchard (2003)
       Code by Pritchard, Falush and Hubisz
             Version 2.3.4 (Jul 2012)
----------------------------------------------------


Reading file "/workdir/yc2644/CV_CT_array/structure/threader_input/mainparams".
Reading file "/workdir/yc2644/CV_CT_array/structure/threader_input/extraparams".
Reading file "/workdir/yc2644/CV_CT_array/structure/threader_input/n1601.recode.strct_in".


Data file "/workdir/yc2644/CV_CT_array/structure/threader_input/n1601.recode.strct_in" (truncated) --

Ind:   Label Pop : Genotype_data . . . .
  1:  001s    1  :  2   1   2   2   2   1   2  . . . .   2
  1:  001s    1  :  2   2   2   2   2   2   2  . . . .   2
  2:  002s    1  :  2   2   2   2   1   1   2  . . . .   2
  2:  002s    1  :  2   2   2   2   2   2   2  . . . .   2
  3:  003s    1  :  1   2   1   2   2   2   2  . . . .   1
  3:  003s    1  :  2   2   1   2   2   2   2  . . . .   2
  4:  004s    1  :  1   1   2   2   1   2   2  . . . .   1
  4:  004s    1  :  2   1   2   2   2   2   2  . . . .   2

      *******   

1600:    49  192  :  2   2   2   2   2   1   2  . . . .   1
1600:    49  192  :  2   2   2   2   2   2   2  . . . .   2
1601:    50  192  :  2   1   2   2   1   2   2  . . . .   1
1601:    50  192  :  2   2   2   2   2   2   2  . . . .   2

Number of alleles per locus: min= 2; ave=2.0; max= 2


--------------------------------------

Finished initialization; starting MCMC 
100000 iterations + 10000 burnin


--------------------------------------------
Proportion of membership of each pre-defined
 population in each of the 9 clusters

Given    Inferred Clusters                                                 Number of
 Pop       1      2      3      4      5      6      7      8      9      Individuals

  1:     0.063  0.078  0.089  0.132  0.118  0.134  0.142  0.114  0.130       54
  2:     0.067  0.075  0.108  0.157  0.097  0.112  0.097  0.143  0.144       30
  3:     0.470  0.074  0.106  0.039  0.089  0.063  0.056  0.059  0.045       30
  4:     0.438  0.051  0.196  0.036  0.106  0.050  0.046  0.048  0.028       20
  5:     0.425  0.066  0.192  0.055  0.087  0.050  0.047  0.042  0.036       30
  6:     0.055  0.084  0.091  0.121  0.109  0.132  0.123  0.133  0.152       43
  7:     0.058  0.074  0.090  0.127  0.104  0.125  0.137  0.124  0.161       44
  8:     0.043  0.073  0.140  0.094  0.097  0.120  0.106  0.187  0.141        4
  9:     0.036  0.099  0.067  0.143  0.102  0.121  0.120  0.119  0.192       22
 10:     0.038  0.080  0.069  0.111  0.119  0.147  0.132  0.149  0.156       24
 11:     0.053  0.086  0.095  0.117  0.115  0.133  0.108  0.140  0.151       54
 12:     0.053  0.071  0.107  0.145  0.113  0.130  0.119  0.136  0.127       37
 13:     0.063  0.073  0.090  0.127  0.129  0.105  0.126  0.158  0.129       42
 14:     0.059  0.072  0.094  0.127  0.117  0.138  0.114  0.143  0.136       42
 15:     0.058  0.071  0.104  0.124  0.113  0.128  0.112  0.149  0.141       49
 16:     0.063  0.081  0.101  0.119  0.109  0.122  0.127  0.134  0.143      124
 17:     0.056  0.092  0.092  0.128  0.110  0.098  0.114  0.155  0.155       24
 18:     0.052  0.082  0.092  0.125  0.108  0.115  0.130  0.132  0.163       34
 19:     0.058  0.073  0.094  0.138  0.102  0.122  0.122  0.134  0.157       52
 20:     0.037  0.027  0.013  0.052  0.061  0.217  0.437  0.075  0.080        1
 21:     0.069  0.128  0.113  0.148  0.094  0.080  0.163  0.133  0.071        1
 22:     0.028  0.107  0.119  0.324  0.087  0.119  0.059  0.037  0.119        1
 23:     0.071  0.067  0.025  0.046  0.136  0.342  0.045  0.193  0.074        1
 24:     0.055  0.185  0.034  0.312  0.038  0.251  0.020  0.088  0.018        1
 25:     0.107  0.088  0.146  0.127  0.103  0.074  0.093  0.095  0.168        1
 26:     0.068  0.006  0.028  0.088  0.208  0.027  0.230  0.140  0.205        1
 27:     0.082  0.103  0.023  0.150  0.027  0.064  0.039  0.352  0.161        1
 28:     0.013  0.031  0.056  0.107  0.224  0.109  0.278  0.004  0.178        1
 29:     0.059  0.124  0.067  0.217  0.115  0.144  0.105  0.052  0.118        1
 30:     0.086  0.099  0.203  0.051  0.003  0.202  0.040  0.292  0.024        1
 31:     0.082  0.055  0.090  0.084  0.274  0.011  0.085  0.030  0.289        1
 32:     0.035  0.030  0.152  0.100  0.093  0.238  0.160  0.040  0.152        1
 33:     0.100  0.020  0.085  0.085  0.230  0.122  0.016  0.106  0.238        1
 34:     0.044  0.105  0.018  0.035  0.217  0.072  0.043  0.132  0.334        1
 35:     0.015  0.029  0.099  0.082  0.141  0.307  0.082  0.058  0.187        1
 36:     0.077  0.101  0.069  0.194  0.051  0.161  0.101  0.088  0.159        1
 37:     0.026  0.030  0.198  0.119  0.086  0.351  0.039  0.087  0.064        1
 38:     0.076  0.155  0.100  0.026  0.036  0.243  0.200  0.047  0.117        1
 39:     0.023  0.032  0.183  0.221  0.054  0.012  0.136  0.110  0.229        1
 40:     0.045  0.030  0.173  0.058  0.174  0.143  0.017  0.120  0.241        1
 41:     0.047  0.043  0.016  0.056  0.149  0.105  0.122  0.350  0.112        1
 42:     0.076  0.127  0.162  0.059  0.062  0.183  0.109  0.087  0.136        1
 43:     0.090  0.031  0.057  0.047  0.134  0.232  0.141  0.157  0.110        1
 44:     0.097  0.110  0.116  0.062  0.101  0.146  0.126  0.156  0.086        1
 45:     0.048  0.039  0.059  0.303  0.254  0.077  0.027  0.032  0.160        1
 46:     0.040  0.127  0.214  0.035  0.093  0.170  0.141  0.135  0.045        1
 47:     0.010  0.174  0.021  0.230  0.205  0.034  0.098  0.221  0.007        1
 48:     0.046  0.091  0.041  0.113  0.123  0.314  0.092  0.120  0.060        1
 49:     0.051  0.075  0.073  0.198  0.116  0.117  0.108  0.120  0.143        1
 50:     0.172  0.086  0.104  0.057  0.165  0.177  0.060  0.080  0.100        1
 51:     0.155  0.069  0.057  0.260  0.071  0.062  0.219  0.031  0.076        1
 52:     0.046  0.149  0.100  0.301  0.183  0.099  0.030  0.089  0.004        1
 53:     0.085  0.093  0.111  0.187  0.141  0.079  0.057  0.128  0.118        1
 54:     0.040  0.064  0.208  0.138  0.261  0.105  0.084  0.061  0.039        1
 55:     0.203  0.041  0.017  0.067  0.212  0.013  0.271  0.150  0.026        1
 56:     0.095  0.085  0.071  0.084  0.170  0.114  0.117  0.134  0.130        1
 57:     0.127  0.058  0.048  0.008  0.180  0.100  0.313  0.030  0.137        1
 58:     0.141  0.086  0.037  0.014  0.248  0.157  0.136  0.083  0.098        1
 59:     0.124  0.034  0.184  0.022  0.258  0.145  0.035  0.185  0.011        1
 60:     0.155  0.033  0.006  0.025  0.354  0.270  0.064  0.063  0.030        1
 61:     0.153  0.056  0.041  0.044  0.224  0.049  0.253  0.125  0.055        1
 62:     0.259  0.121  0.133  0.008  0.025  0.119  0.152  0.115  0.068        1
 63:     0.129  0.137  0.079  0.024  0.034  0.113  0.019  0.314  0.151        1
 64:     0.135  0.021  0.020  0.016  0.534  0.002  0.051  0.007  0.214        1
 65:     0.149  0.102  0.005  0.005  0.303  0.170  0.127  0.011  0.127        1
 66:     0.108  0.114  0.134  0.062  0.039  0.144  0.358  0.010  0.031        1
 67:     0.127  0.037  0.143  0.005  0.433  0.049  0.014  0.173  0.019        1
 68:     0.164  0.032  0.080  0.046  0.266  0.033  0.054  0.076  0.249        1
 69:     0.148  0.093  0.145  0.130  0.134  0.079  0.100  0.090  0.082        1
 70:     0.134  0.080  0.095  0.033  0.235  0.119  0.053  0.019  0.234        1
 71:     0.155  0.019  0.044  0.013  0.342  0.054  0.058  0.183  0.133        1
 72:     0.088  0.011  0.211  0.065  0.391  0.034  0.062  0.056  0.082        1
 73:     0.184  0.038  0.009  0.131  0.169  0.016  0.167  0.141  0.146        1
 74:     0.112  0.030  0.058  0.029  0.402  0.258  0.050  0.002  0.061        1
 75:     0.181  0.011  0.146  0.175  0.140  0.076  0.117  0.109  0.045        1
 76:     0.341  0.153  0.126  0.063  0.077  0.092  0.065  0.050  0.034        1
 77:     0.198  0.038  0.058  0.028  0.133  0.006  0.273  0.033  0.231        1
 78:     0.223  0.078  0.027  0.146  0.006  0.088  0.096  0.301  0.034        1
 79:     0.152  0.078  0.044  0.082  0.330  0.151  0.075  0.061  0.027        1
 80:     0.069  0.027  0.065  0.064  0.397  0.059  0.025  0.077  0.218        1
 81:     0.152  0.012  0.034  0.139  0.367  0.111  0.094  0.017  0.073        1
 82:     0.110  0.106  0.186  0.135  0.162  0.062  0.071  0.161  0.007        1
 83:     0.109  0.039  0.114  0.101  0.210  0.126  0.116  0.078  0.107        1
 84:     0.033  0.576  0.150  0.001  0.080  0.046  0.055  0.017  0.042        1
 85:     0.041  0.726  0.018  0.035  0.012  0.065  0.048  0.009  0.045        1
 86:     0.002  0.553  0.091  0.049  0.156  0.018  0.023  0.072  0.034        1
 87:     0.010  0.642  0.116  0.016  0.034  0.040  0.067  0.035  0.040        1
 88:     0.023  0.647  0.076  0.064  0.041  0.038  0.030  0.029  0.052        1
 89:     0.011  0.605  0.133  0.099  0.024  0.019  0.069  0.016  0.024        1
 90:     0.057  0.577  0.103  0.056  0.064  0.058  0.042  0.027  0.017        1
 91:     0.024  0.611  0.095  0.058  0.039  0.034  0.036  0.042  0.062        1
 92:     0.006  0.558  0.181  0.033  0.074  0.119  0.008  0.014  0.007        1
 93:     0.085  0.494  0.120  0.036  0.058  0.054  0.054  0.057  0.042        1
 94:     0.027  0.598  0.030  0.045  0.026  0.077  0.049  0.099  0.049        1
 95:     0.039  0.565  0.036  0.028  0.038  0.018  0.109  0.163  0.004        1
 96:     0.024  0.674  0.045  0.055  0.068  0.030  0.047  0.032  0.026        1
 97:     0.024  0.569  0.142  0.075  0.069  0.040  0.043  0.003  0.034        1
 98:     0.034  0.697  0.111  0.045  0.013  0.023  0.021  0.002  0.054        1
 99:     0.019  0.547  0.118  0.041  0.006  0.109  0.071  0.050  0.038        1
100:     0.064  0.682  0.103  0.031  0.016  0.008  0.051  0.034  0.011        1
101:     0.031  0.492  0.073  0.005  0.000  0.056  0.183  0.096  0.064        1
102:     0.060  0.493  0.089  0.053  0.034  0.064  0.082  0.073  0.050        1
103:     0.016  0.643  0.121  0.073  0.026  0.003  0.088  0.025  0.005        1
104:     0.029  0.545  0.087  0.112  0.023  0.003  0.092  0.102  0.006        1
105:     0.054  0.549  0.095  0.037  0.010  0.083  0.127  0.023  0.023        1
106:     0.029  0.580  0.034  0.037  0.118  0.075  0.008  0.017  0.101        1
107:     0.012  0.536  0.207  0.074  0.026  0.050  0.037  0.026  0.032        1
108:     0.051  0.542  0.072  0.063  0.069  0.060  0.078  0.027  0.038        1
109:     0.090  0.502  0.082  0.043  0.058  0.045  0.071  0.044  0.064        1
110:     0.029  0.542  0.105  0.041  0.025  0.044  0.047  0.055  0.112        1
111:     0.066  0.669  0.021  0.031  0.020  0.061  0.035  0.071  0.027        1
112:     0.030  0.729  0.012  0.038  0.029  0.051  0.080  0.021  0.010        1
113:     0.012  0.777  0.027  0.011  0.028  0.089  0.022  0.026  0.007        1
114:     0.007  0.560  0.190  0.057  0.033  0.015  0.111  0.004  0.023        1
115:     0.011  0.785  0.098  0.011  0.002  0.037  0.007  0.035  0.013        1
116:     0.034  0.727  0.090  0.008  0.047  0.038  0.014  0.034  0.009        1
117:     0.007  0.509  0.177  0.059  0.043  0.075  0.071  0.005  0.053        1
118:     0.023  0.801  0.034  0.001  0.015  0.080  0.022  0.009  0.016        1
119:     0.049  0.495  0.091  0.053  0.047  0.080  0.093  0.040  0.053        1
120:     0.028  0.534  0.063  0.037  0.113  0.075  0.086  0.039  0.025        1
121:     0.029  0.593  0.050  0.066  0.099  0.059  0.015  0.073  0.018        1
122:     0.023  0.693  0.148  0.020  0.002  0.005  0.087  0.001  0.022        1
123:     0.029  0.724  0.053  0.061  0.007  0.053  0.016  0.021  0.036        1
124:     0.014  0.671  0.049  0.014  0.050  0.077  0.064  0.021  0.041        1
125:     0.035  0.704  0.043  0.013  0.005  0.022  0.027  0.134  0.017        1
126:     0.062  0.611  0.008  0.018  0.012  0.050  0.097  0.082  0.061        1
127:     0.010  0.686  0.078  0.033  0.054  0.029  0.012  0.026  0.071        1
128:     0.008  0.755  0.014  0.082  0.076  0.012  0.001  0.015  0.035        1
129:     0.016  0.684  0.092  0.055  0.044  0.023  0.017  0.030  0.040        1
130:     0.051  0.682  0.008  0.029  0.041  0.104  0.003  0.018  0.064        1
131:     0.020  0.702  0.076  0.042  0.065  0.074  0.006  0.010  0.006        1
132:     0.045  0.649  0.013  0.026  0.078  0.012  0.098  0.011  0.068        1
133:     0.116  0.578  0.124  0.025  0.029  0.014  0.040  0.044  0.029        1
134:     0.045  0.651  0.008  0.078  0.018  0.086  0.066  0.026  0.021        1
135:     0.085  0.478  0.209  0.076  0.015  0.054  0.035  0.008  0.042        1
136:     0.012  0.769  0.034  0.027  0.072  0.009  0.030  0.031  0.014        1
137:     0.010  0.509  0.215  0.137  0.029  0.011  0.078  0.003  0.007        1
138:     0.028  0.557  0.080  0.037  0.100  0.054  0.079  0.037  0.027        1
139:     0.064  0.588  0.142  0.019  0.026  0.075  0.006  0.079  0.001        1
140:     0.068  0.670  0.025  0.009  0.027  0.053  0.111  0.019  0.016        1
141:     0.030  0.666  0.125  0.113  0.010  0.005  0.006  0.002  0.044        1
142:     0.039  0.688  0.031  0.030  0.058  0.045  0.039  0.016  0.054        1
143:     0.080  0.589  0.073  0.018  0.053  0.050  0.064  0.003  0.072        1
144:     0.021  0.668  0.075  0.014  0.009  0.022  0.081  0.049  0.062        1
145:     0.010  0.788  0.014  0.005  0.021  0.078  0.039  0.038  0.007        1
146:     0.031  0.632  0.040  0.019  0.124  0.005  0.116  0.021  0.012        1
147:     0.010  0.668  0.026  0.069  0.101  0.004  0.025  0.005  0.094        1
148:     0.087  0.135  0.166  0.085  0.134  0.121  0.116  0.086  0.070        1
149:     0.130  0.101  0.109  0.073  0.238  0.152  0.110  0.055  0.033        1
150:     0.059  0.111  0.126  0.028  0.011  0.236  0.045  0.118  0.266        1
151:     0.003  0.082  0.063  0.067  0.023  0.294  0.124  0.218  0.125        1
152:     0.095  0.016  0.019  0.396  0.104  0.035  0.047  0.145  0.145        1
153:     0.032  0.062  0.044  0.065  0.174  0.037  0.376  0.028  0.181        1
154:     0.033  0.046  0.093  0.001  0.215  0.126  0.183  0.098  0.206        1
155:     0.028  0.061  0.107  0.161  0.012  0.143  0.079  0.147  0.261        1
156:     0.064  0.097  0.144  0.102  0.093  0.078  0.160  0.107  0.156        1
157:     0.084  0.079  0.093  0.136  0.131  0.141  0.127  0.104  0.106        1
158:     0.049  0.148  0.031  0.222  0.025  0.131  0.033  0.253  0.107        1
159:     0.061  0.123  0.060  0.141  0.085  0.132  0.137  0.122  0.140        1
160:     0.043  0.064  0.109  0.093  0.040  0.030  0.349  0.120  0.151        1
161:     0.085  0.127  0.134  0.133  0.094  0.117  0.136  0.083  0.090        1
162:     0.054  0.132  0.035  0.018  0.029  0.153  0.246  0.035  0.298        1
163:     0.098  0.022  0.094  0.306  0.080  0.122  0.244  0.033  0.002        1
164:     0.039  0.097  0.129  0.101  0.123  0.066  0.062  0.157  0.227        1
165:     0.072  0.122  0.103  0.151  0.065  0.111  0.172  0.140  0.064        1
166:     0.043  0.022  0.074  0.197  0.132  0.047  0.072  0.104  0.308        1
167:     0.098  0.106  0.149  0.110  0.118  0.146  0.066  0.119  0.088        1
168:     0.069  0.098  0.063  0.086  0.072  0.175  0.126  0.154  0.157        1
169:     0.060  0.096  0.103  0.064  0.080  0.036  0.173  0.227  0.161        1
170:     0.046  0.053  0.201  0.043  0.050  0.255  0.051  0.266  0.036        1
171:     0.075  0.103  0.186  0.170  0.020  0.011  0.264  0.046  0.124        1
172:     0.063  0.073  0.027  0.151  0.067  0.091  0.371  0.028  0.130        1
173:     0.023  0.103  0.138  0.316  0.047  0.054  0.034  0.247  0.038        1
174:     0.030  0.061  0.054  0.157  0.140  0.137  0.038  0.084  0.298        1
175:     0.062  0.071  0.083  0.124  0.102  0.137  0.146  0.130  0.144       50
176:     0.061  0.075  0.094  0.132  0.100  0.128  0.128  0.147  0.135       49
177:     0.056  0.081  0.095  0.128  0.119  0.117  0.122  0.142  0.139       50
178:     0.060  0.072  0.092  0.148  0.114  0.115  0.119  0.134  0.145       49
179:     0.048  0.079  0.115  0.161  0.097  0.110  0.110  0.129  0.151       23
180:     0.051  0.078  0.090  0.156  0.122  0.119  0.125  0.111  0.147       49
181:     0.784  0.030  0.041  0.034  0.023  0.027  0.016  0.028  0.018       30
182:     0.646  0.062  0.083  0.025  0.041  0.048  0.039  0.028  0.027       30
183:     0.094  0.102  0.103  0.141  0.094  0.118  0.139  0.096  0.112       34
184:     0.066  0.060  0.092  0.127  0.122  0.113  0.146  0.131  0.143       36
185:     0.059  0.076  0.086  0.120  0.098  0.117  0.148  0.145  0.152       40
186:     0.053  0.086  0.073  0.149  0.117  0.136  0.117  0.117  0.153       39
187:     0.060  0.078  0.094  0.142  0.126  0.136  0.129  0.109  0.125       37
188:     0.063  0.092  0.089  0.153  0.102  0.101  0.118  0.142  0.141       40
189:     0.062  0.073  0.085  0.137  0.131  0.136  0.114  0.104  0.158       35
190:     0.058  0.071  0.090  0.160  0.127  0.115  0.143  0.129  0.106       28
191:     0.058  0.079  0.110  0.130  0.120  0.084  0.099  0.161  0.158       36
192:     0.060  0.080  0.079  0.171  0.118  0.111  0.125  0.116  0.139       32
--------------------------------------------

 Rep#:   Lambda   Alpha      F1    F2    F3    F4    F5    F6    F7    F8    F9     D1,2  D1,3  D1,4  D1,5  D1,6  D1,7  D1,8  D1,9  D2,3  D2,4  D2,5  D2,6  D2,7  D2,8  D2,9  D3,4  D3,5  D3,6  D3,7  D3,8  D3,9  D4,5  D4,6  D4,7  D4,8  D4,9  D5,6  D5,7  D5,8  D5,9  D6,7  D6,8  D6,9  D7,8  D7,9  D8,9    Ln Like 
  100:    1.00    1.407    0.312 0.184 0.012 0.010 0.010 0.006 0.010 0.011 0.016    0.075 0.047 0.049 0.049 0.048 0.049 0.050 0.051 0.038 0.040 0.039 0.038 0.039 0.040 0.042 0.004 0.004 0.003 0.004 0.004 0.005 0.003 0.003 0.003 0.003 0.004 0.003 0.003 0.003 0.004 0.002 0.003 0.004 0.003 0.004 0.004   --  
  200:    1.00    1.066    0.253 0.212 0.197 0.010 0.053 0.006 0.010 0.012 0.016    0.060 0.062 0.038 0.047 0.037 0.038 0.038 0.039 0.064 0.037 0.045 0.036 0.037 0.037 0.038 0.039 0.048 0.038 0.039 0.040 0.041 0.016 0.003 0.003 0.003 0.004 0.015 0.015 0.016 0.017 0.002 0.003 0.003 0.003 0.004 0.004   --  
  300:    1.00    0.902    0.238 0.188 0.284 0.010 0.247 0.006 0.010 0.012 0.016    0.055 0.056 0.037 0.062 0.036 0.036 0.037 0.037 0.061 0.034 0.060 0.033 0.034 0.034 0.035 0.044 0.067 0.043 0.043 0.044 0.045 0.041 0.003 0.003 0.004 0.004 0.040 0.040 0.041 0.042 0.002 0.003 0.004 0.003 0.004 0.004   --  
  400:    1.00    0.820    0.241 0.179 0.257 0.010 0.250 0.006 0.010 0.013 0.016    0.054 0.051 0.035 0.063 0.035 0.035 0.036 0.036 0.056 0.032 0.060 0.032 0.032 0.033 0.033 0.040 0.065 0.039 0.039 0.040 0.041 0.042 0.003 0.003 0.003 0.004 0.042 0.042 0.043 0.043 0.002 0.003 0.004 0.003 0.004 0.004   --  
  500:    1.00    0.770    0.237 0.173 0.236 0.010 0.255 0.006 0.009 0.013 0.016    0.053 0.047 0.035 0.064 0.034 0.035 0.036 0.036 0.053 0.031 0.060 0.030 0.031 0.032 0.032 0.037 0.063 0.035 0.036 0.037 0.037 0.042 0.003 0.003 0.004 0.004 0.041 0.042 0.042 0.043 0.002 0.003 0.003 0.003 0.004 0.004   --  
  600:    1.00    0.705    0.239 0.170 0.224 0.010 0.261 0.006 0.009 0.013 0.016    0.054 0.046 0.035 0.064 0.035 0.035 0.036 0.036 0.052 0.031 0.060 0.030 0.031 0.031 0.032 0.035 0.062 0.034 0.034 0.036 0.036 0.042 0.003 0.003 0.004 0.004 0.042 0.042 0.043 0.044 0.002 0.003 0.003 0.003 0.004 0.004   --  
  700:    1.00    0.691    0.239 0.166 0.227 0.010 0.254 0.006 0.009 0.013 0.016    0.053 0.046 0.035 0.064 0.035 0.035 0.035 0.036 0.051 0.030 0.060 0.030 0.030 0.031 0.031 0.034 0.062 0.034 0.034 0.035 0.035 0.042 0.003 0.003 0.004 0.004 0.041 0.041 0.042 0.043 0.002 0.003 0.003 0.003 0.004 0.004   --  
  800:    1.00    0.647    0.237 0.161 0.220 0.010 0.254 0.006 0.009 0.012 0.016    0.054 0.047 0.036 0.065 0.035 0.036 0.036 0.037 0.051 0.030 0.060 0.029 0.029 0.030 0.031 0.033 0.061 0.033 0.033 0.034 0.034 0.042 0.003 0.003 0.004 0.004 0.040 0.041 0.042 0.042 0.002 0.003 0.003 0.003 0.004 0.004   --  
  900:    1.00    0.608    0.242 0.162 0.217 0.010 0.253 0.006 0.009 0.012 0.016    0.054 0.047 0.035 0.065 0.035 0.035 0.036 0.036 0.050 0.029 0.059 0.029 0.029 0.030 0.030 0.033 0.062 0.032 0.033 0.034 0.034 0.041 0.003 0.003 0.004 0.004 0.040 0.041 0.042 0.042 0.002 0.003 0.003 0.003 0.004 0.004   --  

--------------------------------------------
Proportion of membership of each pre-defined
 population in each of the 9 clusters

Given    Inferred Clusters                                                 Number of
 Pop       1      2      3      4      5      6      7      8      9      Individuals

  1:     0.040  0.039  0.054  0.151  0.051  0.154  0.173  0.152  0.186       54
  2:     0.039  0.037  0.057  0.175  0.054  0.169  0.100  0.204  0.166       30
  3:     0.441  0.049  0.286  0.021  0.051  0.028  0.036  0.063  0.025       30
  4:     0.022  0.003  0.961  0.002  0.003  0.002  0.002  0.002  0.001       20
  5:     0.072  0.013  0.866  0.009  0.010  0.006  0.007  0.009  0.009       30
  6:     0.032  0.046  0.050  0.146  0.046  0.158  0.147  0.176  0.198       43
  7:     0.031  0.040  0.049  0.150  0.040  0.185  0.163  0.154  0.188       44
  8:     0.027  0.040  0.040  0.117  0.043  0.134  0.122  0.235  0.243        4
  9:     0.015  0.037  0.031  0.172  0.050  0.117  0.145  0.169  0.263       22
 10:     0.021  0.039  0.021  0.128  0.051  0.141  0.116  0.199  0.284       24
 11:     0.033  0.042  0.051  0.149  0.046  0.157  0.142  0.178  0.202       54
 12:     0.026  0.041  0.050  0.173  0.050  0.144  0.119  0.196  0.201       37
 13:     0.045  0.044  0.056  0.167  0.044  0.145  0.133  0.167  0.198       42
 14:     0.036  0.040  0.052  0.162  0.046  0.176  0.160  0.174  0.153       42
 15:     0.039  0.036  0.056  0.152  0.049  0.161  0.149  0.197  0.162       49
 16:     0.039  0.042  0.057  0.142  0.046  0.151  0.145  0.178  0.201      124
 17:     0.031  0.041  0.055  0.160  0.047  0.109  0.106  0.236  0.214       24
 18:     0.029  0.040  0.043  0.165  0.058  0.158  0.140  0.154  0.213       34
 19:     0.039  0.042  0.044  0.153  0.048  0.173  0.165  0.162  0.174       52
 20:     0.069  0.046  0.001  0.007  0.039  0.263  0.287  0.048  0.240        1
 21:     0.004  0.109  0.020  0.134  0.086  0.167  0.154  0.197  0.129        1
 22:     0.043  0.022  0.019  0.487  0.072  0.202  0.015  0.043  0.097        1
 23:     0.041  0.072  0.093  0.113  0.055  0.145  0.012  0.159  0.310        1
 24:     0.000  0.079  0.011  0.669  0.053  0.087  0.015  0.042  0.044        1
 25:     0.074  0.058  0.091  0.199  0.033  0.295  0.106  0.078  0.066        1
 26:     0.010  0.052  0.055  0.107  0.085  0.012  0.151  0.326  0.202        1
 27:     0.029  0.092  0.077  0.283  0.067  0.114  0.018  0.219  0.101        1
 28:     0.037  0.021  0.015  0.256  0.085  0.016  0.104  0.417  0.048        1
 29:     0.017  0.061  0.004  0.128  0.076  0.380  0.172  0.142  0.019        1
 30:     0.021  0.050  0.130  0.134  0.044  0.138  0.005  0.440  0.038        1
 31:     0.050  0.010  0.232  0.096  0.053  0.016  0.051  0.064  0.428        1
 32:     0.016  0.053  0.054  0.278  0.036  0.149  0.111  0.021  0.283        1
 33:     0.026  0.042  0.103  0.111  0.105  0.099  0.042  0.277  0.196        1
 34:     0.019  0.023  0.035  0.001  0.083  0.123  0.049  0.427  0.239        1
 35:     0.024  0.073  0.019  0.073  0.043  0.213  0.087  0.050  0.417        1
 36:     0.048  0.096  0.044  0.229  0.062  0.130  0.151  0.174  0.066        1
 37:     0.033  0.064  0.067  0.035  0.023  0.159  0.065  0.299  0.254        1
 38:     0.003  0.074  0.104  0.082  0.050  0.180  0.217  0.011  0.278        1
 39:     0.006  0.045  0.043  0.063  0.105  0.099  0.038  0.317  0.283        1
 40:     0.066  0.070  0.074  0.309  0.072  0.255  0.105  0.039  0.010        1
 41:     0.009  0.070  0.022  0.031  0.070  0.090  0.143  0.432  0.133        1
 42:     0.023  0.048  0.080  0.150  0.066  0.248  0.096  0.136  0.153        1
 43:     0.024  0.062  0.065  0.171  0.053  0.462  0.091  0.021  0.051        1
 44:     0.029  0.009  0.128  0.099  0.067  0.300  0.098  0.232  0.040        1
 45:     0.033  0.039  0.037  0.285  0.066  0.246  0.040  0.132  0.121        1
 46:     0.069  0.116  0.019  0.064  0.043  0.302  0.039  0.091  0.258        1
 47:     0.017  0.043  0.019  0.630  0.024  0.151  0.019  0.081  0.016        1
 48:     0.012  0.035  0.024  0.329  0.026  0.478  0.036  0.048  0.013        1
 49:     0.028  0.076  0.008  0.219  0.053  0.079  0.162  0.131  0.244        1
 50:     0.089  0.069  0.311  0.021  0.038  0.243  0.036  0.086  0.107        1
 51:     0.077  0.032  0.178  0.386  0.029  0.026  0.110  0.001  0.161        1
 52:     0.033  0.105  0.080  0.641  0.048  0.014  0.059  0.014  0.007        1
 53:     0.044  0.060  0.056  0.116  0.044  0.013  0.153  0.419  0.097        1
 54:     0.012  0.000  0.000  0.000  0.974  0.010  0.000  0.001  0.002        1
 55:     0.009  0.001  0.008  0.001  0.980  0.000  0.001  0.000  0.001        1
 56:     0.000  0.025  0.006  0.022  0.822  0.002  0.018  0.040  0.065        1
 57:     0.003  0.000  0.001  0.033  0.925  0.024  0.008  0.003  0.003        1
 58:     0.024  0.020  0.000  0.012  0.861  0.007  0.014  0.006  0.055        1
 59:     0.001  0.007  0.061  0.030  0.836  0.047  0.007  0.007  0.005        1
 60:     0.002  0.004  0.006  0.005  0.978  0.000  0.003  0.001  0.001        1
 61:     0.000  0.002  0.001  0.005  0.988  0.001  0.000  0.001  0.002        1
 62:     0.210  0.039  0.255  0.054  0.018  0.171  0.139  0.065  0.049        1
 63:     0.002  0.013  0.038  0.015  0.919  0.005  0.001  0.006  0.002        1
 64:     0.000  0.000  0.000  0.001  0.995  0.001  0.002  0.000  0.000        1
 65:     0.000  0.002  0.000  0.000  0.992  0.003  0.001  0.000  0.000        1
 66:     0.005  0.001  0.003  0.010  0.956  0.013  0.000  0.004  0.008        1
 67:     0.022  0.098  0.014  0.140  0.603  0.018  0.012  0.079  0.014        1
 68:     0.023  0.007  0.010  0.000  0.899  0.003  0.029  0.010  0.020        1
 69:     0.003  0.013  0.002  0.001  0.969  0.002  0.001  0.008  0.001        1
 70:     0.021  0.018  0.006  0.038  0.779  0.036  0.027  0.073  0.003        1
 71:     0.000  0.001  0.005  0.003  0.988  0.001  0.001  0.000  0.000        1
 72:     0.001  0.000  0.001  0.000  0.997  0.000  0.001  0.001  0.000        1
 73:     0.000  0.000  0.000  0.000  0.999  0.000  0.000  0.000  0.000        1
 74:     0.002  0.003  0.046  0.005  0.752  0.104  0.020  0.000  0.067        1
 75:     0.001  0.000  0.001  0.000  0.995  0.000  0.002  0.000  0.000        1
 76:     0.331  0.140  0.245  0.007  0.001  0.180  0.059  0.007  0.032        1
 77:     0.001  0.000  0.001  0.002  0.989  0.003  0.001  0.001  0.002        1
 78:     0.025  0.000  0.035  0.000  0.800  0.003  0.016  0.066  0.054        1
 79:     0.000  0.001  0.000  0.001  0.995  0.000  0.001  0.001  0.000        1
 80:     0.002  0.000  0.001  0.007  0.976  0.002  0.003  0.008  0.001        1
 81:     0.004  0.002  0.001  0.001  0.985  0.001  0.000  0.000  0.007        1
 82:     0.055  0.147  0.039  0.000  0.508  0.084  0.025  0.129  0.013        1
 83:     0.000  0.001  0.000  0.002  0.994  0.001  0.001  0.000  0.001        1
 84:     0.010  0.914  0.043  0.000  0.001  0.025  0.001  0.000  0.006        1
 85:     0.009  0.906  0.039  0.013  0.007  0.000  0.003  0.007  0.014        1
 86:     0.031  0.854  0.002  0.017  0.012  0.049  0.017  0.010  0.006        1
 87:     0.013  0.949  0.004  0.001  0.006  0.005  0.003  0.011  0.007        1
 88:     0.001  0.963  0.011  0.017  0.000  0.007  0.001  0.001  0.000        1
 89:     0.000  0.913  0.013  0.029  0.012  0.000  0.005  0.009  0.018        1
 90:     0.016  0.939  0.026  0.005  0.009  0.000  0.001  0.004  0.001        1
 91:     0.009  0.938  0.000  0.034  0.002  0.002  0.002  0.001  0.011        1
 92:     0.036  0.837  0.002  0.053  0.025  0.018  0.010  0.003  0.015        1
 93:     0.107  0.868  0.001  0.007  0.006  0.004  0.003  0.000  0.005        1
 94:     0.021  0.883  0.001  0.032  0.000  0.027  0.002  0.015  0.018        1
 95:     0.015  0.860  0.079  0.009  0.012  0.003  0.000  0.008  0.014        1
 96:     0.000  0.980  0.000  0.003  0.001  0.001  0.010  0.004  0.001        1
 97:     0.015  0.929  0.028  0.003  0.021  0.001  0.004  0.000  0.001        1
 98:     0.001  0.961  0.000  0.006  0.006  0.011  0.002  0.008  0.004        1
 99:     0.000  0.977  0.002  0.002  0.001  0.013  0.004  0.002  0.000        1
100:     0.001  0.971  0.020  0.000  0.004  0.000  0.000  0.002  0.001        1
101:     0.033  0.746  0.039  0.023  0.006  0.010  0.038  0.084  0.022        1
102:     0.012  0.762  0.009  0.086  0.005  0.026  0.010  0.022  0.067        1
103:     0.003  0.959  0.010  0.000  0.000  0.000  0.003  0.001  0.023        1
104:     0.004  0.911  0.004  0.006  0.016  0.016  0.001  0.002  0.040        1
105:     0.013  0.890  0.048  0.008  0.029  0.002  0.002  0.004  0.004        1
106:     0.003  0.784  0.029  0.017  0.012  0.038  0.003  0.060  0.054        1
107:     0.020  0.944  0.003  0.000  0.000  0.021  0.008  0.004  0.000        1
108:     0.004  0.806  0.069  0.013  0.004  0.004  0.023  0.065  0.013        1
109:     0.058  0.733  0.067  0.018  0.018  0.003  0.031  0.003  0.069        1
110:     0.010  0.736  0.014  0.005  0.009  0.105  0.018  0.075  0.029        1
111:     0.027  0.921  0.031  0.001  0.002  0.004  0.001  0.003  0.009        1
112:     0.000  0.976  0.002  0.006  0.004  0.007  0.004  0.001  0.001        1
113:     0.010  0.955  0.016  0.001  0.001  0.004  0.001  0.009  0.003        1
114:     0.005  0.956  0.010  0.004  0.001  0.000  0.000  0.000  0.023        1
115:     0.015  0.912  0.001  0.001  0.000  0.003  0.011  0.054  0.004        1
116:     0.003  0.976  0.009  0.001  0.005  0.000  0.005  0.000  0.000        1
117:     0.056  0.875  0.031  0.009  0.003  0.007  0.004  0.007  0.008        1
118:     0.040  0.900  0.019  0.000  0.018  0.000  0.001  0.002  0.019        1
119:     0.004  0.826  0.013  0.017  0.016  0.003  0.036  0.083  0.002        1
120:     0.000  0.922  0.006  0.028  0.015  0.010  0.000  0.005  0.014        1
121:     0.000  0.928  0.024  0.003  0.000  0.003  0.018  0.022  0.000        1
122:     0.001  0.910  0.007  0.000  0.010  0.015  0.028  0.009  0.020        1
123:     0.000  0.978  0.008  0.000  0.009  0.002  0.001  0.000  0.002        1
124:     0.015  0.786  0.106  0.003  0.013  0.016  0.025  0.022  0.012        1
125:     0.001  0.972  0.006  0.010  0.000  0.000  0.004  0.006  0.001        1
126:     0.025  0.848  0.007  0.062  0.006  0.015  0.035  0.000  0.002        1
127:     0.029  0.866  0.015  0.018  0.011  0.024  0.002  0.031  0.004        1
128:     0.027  0.906  0.001  0.010  0.032  0.001  0.001  0.000  0.020        1
129:     0.001  0.995  0.001  0.001  0.000  0.000  0.002  0.000  0.000        1
130:     0.013  0.879  0.045  0.013  0.007  0.006  0.037  0.001  0.000        1
131:     0.002  0.969  0.001  0.000  0.012  0.009  0.004  0.000  0.003        1
132:     0.023  0.788  0.080  0.006  0.006  0.001  0.064  0.030  0.001        1
133:     0.037  0.834  0.102  0.000  0.001  0.002  0.013  0.010  0.000        1
134:     0.019  0.861  0.005  0.029  0.030  0.019  0.010  0.021  0.007        1
135:     0.002  0.804  0.048  0.041  0.004  0.006  0.078  0.003  0.015        1
136:     0.001  0.989  0.000  0.000  0.005  0.002  0.000  0.001  0.002        1
137:     0.006  0.958  0.003  0.000  0.002  0.004  0.025  0.001  0.002        1
138:     0.001  0.976  0.001  0.000  0.000  0.003  0.015  0.001  0.003        1
139:     0.004  0.894  0.075  0.002  0.018  0.002  0.001  0.000  0.005        1
140:     0.000  0.827  0.123  0.026  0.007  0.008  0.000  0.008  0.001        1
141:     0.008  0.960  0.010  0.002  0.000  0.008  0.005  0.006  0.000        1
142:     0.009  0.829  0.013  0.013  0.001  0.033  0.030  0.055  0.017        1
143:     0.023  0.917  0.045  0.000  0.011  0.000  0.001  0.002  0.001        1
144:     0.000  0.915  0.025  0.005  0.000  0.001  0.017  0.019  0.018        1
145:     0.000  0.966  0.000  0.003  0.003  0.005  0.002  0.019  0.003        1
146:     0.048  0.910  0.000  0.007  0.019  0.001  0.000  0.006  0.009        1
147:     0.001  0.938  0.056  0.001  0.000  0.001  0.000  0.001  0.002        1
148:     0.027  0.165  0.104  0.101  0.048  0.155  0.230  0.083  0.087        1
149:     0.102  0.098  0.094  0.185  0.056  0.341  0.026  0.049  0.049        1
150:     0.010  0.078  0.018  0.017  0.030  0.676  0.032  0.020  0.120        1
151:     0.035  0.031  0.002  0.119  0.097  0.032  0.085  0.346  0.253        1
152:     0.058  0.049  0.075  0.143  0.044  0.064  0.180  0.109  0.279        1
153:     0.027  0.046  0.032  0.065  0.073  0.111  0.234  0.065  0.348        1
154:     0.028  0.054  0.048  0.000  0.080  0.500  0.068  0.040  0.182        1
155:     0.001  0.059  0.074  0.166  0.042  0.019  0.222  0.175  0.242        1
156:     0.029  0.052  0.093  0.063  0.036  0.091  0.160  0.376  0.100        1
157:     0.009  0.056  0.090  0.090  0.034  0.516  0.068  0.120  0.017        1
158:     0.044  0.077  0.000  0.139  0.019  0.168  0.045  0.194  0.313        1
159:     0.028  0.054  0.009  0.052  0.075  0.198  0.045  0.244  0.294        1
160:     0.005  0.057  0.045  0.280  0.045  0.047  0.340  0.107  0.073        1
161:     0.044  0.100  0.022  0.248  0.060  0.177  0.114  0.124  0.110        1
162:     0.022  0.042  0.017  0.067  0.119  0.280  0.193  0.003  0.258        1
163:     0.001  0.072  0.065  0.332  0.072  0.174  0.222  0.061  0.001        1
164:     0.067  0.054  0.065  0.178  0.051  0.257  0.079  0.024  0.226        1
165:     0.054  0.116  0.118  0.152  0.031  0.103  0.022  0.291  0.115        1
166:     0.021  0.012  0.102  0.140  0.050  0.333  0.138  0.146  0.058        1
167:     0.034  0.051  0.027  0.067  0.057  0.369  0.180  0.141  0.073        1
168:     0.002  0.031  0.009  0.128  0.063  0.229  0.127  0.133  0.280        1
169:     0.045  0.099  0.041  0.012  0.067  0.171  0.134  0.321  0.111        1
170:     0.010  0.055  0.045  0.150  0.074  0.483  0.089  0.081  0.013        1
171:     0.019  0.065  0.026  0.061  0.043  0.424  0.158  0.028  0.176        1
172:     0.028  0.035  0.085  0.127  0.085  0.032  0.309  0.061  0.238        1
173:     0.037  0.031  0.083  0.110  0.039  0.101  0.033  0.456  0.108        1
174:     0.043  0.051  0.022  0.240  0.063  0.151  0.147  0.111  0.172        1
175:     0.036  0.039  0.054  0.137  0.042  0.180  0.183  0.149  0.182       50
176:     0.037  0.038  0.041  0.175  0.048  0.168  0.135  0.201  0.156       49
177:     0.036  0.037  0.044  0.154  0.042  0.167  0.164  0.176  0.180       50
178:     0.045  0.037  0.047  0.179  0.047  0.188  0.130  0.151  0.176       49
179:     0.032  0.045  0.062  0.167  0.046  0.190  0.133  0.140  0.185       23
180:     0.028  0.036  0.049  0.187  0.048  0.186  0.141  0.151  0.175       49
181:     0.950  0.003  0.031  0.002  0.004  0.003  0.004  0.002  0.002       30
182:     0.722  0.005  0.234  0.004  0.008  0.008  0.005  0.009  0.006       30
183:     0.073  0.056  0.063  0.179  0.044  0.137  0.280  0.076  0.090       34
184:     0.039  0.030  0.050  0.183  0.039  0.170  0.211  0.154  0.125       36
185:     0.039  0.043  0.056  0.202  0.043  0.103  0.175  0.190  0.150       40
186:     0.036  0.039  0.038  0.198  0.048  0.163  0.194  0.145  0.139       39
187:     0.038  0.039  0.052  0.209  0.048  0.183  0.168  0.119  0.144       37
188:     0.042  0.045  0.055  0.251  0.044  0.092  0.167  0.164  0.139       40
189:     0.047  0.040  0.051  0.213  0.046  0.151  0.165  0.125  0.161       35
190:     0.045  0.036  0.053  0.209  0.046  0.177  0.176  0.151  0.106       28
191:     0.038  0.040  0.048  0.194  0.043  0.132  0.161  0.179  0.164       36
192:     0.035  0.030  0.048  0.262  0.050  0.106  0.183  0.146  0.139       32
--------------------------------------------

 Rep#:   Lambda   Alpha      F1    F2    F3    F4    F5    F6    F7    F8    F9     D1,2  D1,3  D1,4  D1,5  D1,6  D1,7  D1,8  D1,9  D2,3  D2,4  D2,5  D2,6  D2,7  D2,8  D2,9  D3,4  D3,5  D3,6  D3,7  D3,8  D3,9  D4,5  D4,6  D4,7  D4,8  D4,9  D5,6  D5,7  D5,8  D5,9  D6,7  D6,8  D6,9  D7,8  D7,9  D8,9    Ln Like 
 1000:    1.00    0.584    0.247 0.162 0.217 0.010 0.257 0.006 0.009 0.013 0.015    0.056 0.049 0.036 0.067 0.036 0.036 0.037 0.037 0.050 0.029 0.059 0.028 0.029 0.029 0.030 0.033 0.062 0.032 0.033 0.033 0.034 0.041 0.003 0.003 0.004 0.004 0.040 0.041 0.042 0.042 0.002 0.003 0.003 0.003 0.004 0.004   --  
 1100:    1.00    0.564    0.252 0.166 0.213 0.010 0.256 0.006 0.010 0.013 0.015    0.057 0.050 0.037 0.068 0.037 0.037 0.038 0.038 0.050 0.029 0.059 0.028 0.029 0.029 0.030 0.032 0.062 0.031 0.032 0.033 0.033 0.041 0.003 0.003 0.004 0.004 0.040 0.041 0.042 0.042 0.003 0.003 0.003 0.004 0.004 0.004   --  
 1200:    1.00    0.533    0.261 0.158 0.218 0.010 0.256 0.006 0.010 0.013 0.015    0.057 0.052 0.038 0.068 0.038 0.038 0.039 0.039 0.050 0.029 0.059 0.028 0.029 0.029 0.030 0.032 0.061 0.031 0.032 0.032 0.033 0.040 0.003 0.003 0.004 0.004 0.040 0.041 0.041 0.041 0.003 0.003 0.004 0.004 0.004 0.004   --  
 1300:    1.00    0.508    0.269 0.159 0.217 0.010 0.255 0.006 0.010 0.013 0.015    0.059 0.054 0.040 0.071 0.039 0.040 0.040 0.040 0.050 0.029 0.060 0.028 0.029 0.029 0.029 0.032 0.062 0.031 0.032 0.032 0.033 0.040 0.003 0.003 0.004 0.004 0.040 0.041 0.041 0.041 0.003 0.003 0.004 0.004 0.004 0.004   --  
 1400:    1.00    0.485    0.277 0.158 0.207 0.010 0.249 0.006 0.010 0.013 0.015    0.059 0.055 0.040 0.071 0.040 0.041 0.041 0.041 0.049 0.028 0.058 0.028 0.028 0.029 0.029 0.031 0.061 0.031 0.031 0.032 0.033 0.040 0.003 0.003 0.004 0.004 0.039 0.040 0.040 0.040 0.003 0.003 0.004 0.004 0.004 0.004   --  
 1500:    1.00    0.464    0.275 0.156 0.209 0.011 0.257 0.006 0.010 0.013 0.015    0.060 0.056 0.041 0.072 0.040 0.041 0.041 0.041 0.050 0.028 0.059 0.028 0.028 0.028 0.029 0.031 0.062 0.031 0.031 0.032 0.032 0.040 0.003 0.003 0.004 0.004 0.039 0.040 0.040 0.041 0.003 0.003 0.003 0.004 0.004 0.004   --  
 1600:    1.00    0.439    0.286 0.155 0.210 0.011 0.255 0.006 0.010 0.013 0.015    0.061 0.056 0.041 0.072 0.040 0.041 0.041 0.042 0.050 0.028 0.060 0.028 0.028 0.029 0.029 0.031 0.061 0.030 0.031 0.031 0.032 0.040 0.003 0.003 0.004 0.004 0.040 0.040 0.041 0.041 0.003 0.003 0.003 0.003 0.004 0.004   --  
 1700:    1.00    0.422    0.283 0.159 0.205 0.011 0.247 0.007 0.010 0.012 0.015    0.061 0.056 0.041 0.073 0.041 0.041 0.041 0.042 0.049 0.028 0.059 0.028 0.028 0.029 0.029 0.030 0.061 0.030 0.030 0.031 0.031 0.039 0.003 0.003 0.004 0.004 0.039 0.039 0.040 0.040 0.003 0.003 0.004 0.003 0.004 0.004   --  
 1800:    1.00    0.411    0.284 0.157 0.201 0.011 0.256 0.007 0.010 0.012 0.015    0.062 0.056 0.042 0.073 0.041 0.042 0.042 0.043 0.049 0.028 0.059 0.028 0.028 0.028 0.029 0.030 0.061 0.029 0.030 0.030 0.031 0.040 0.003 0.003 0.004 0.004 0.039 0.039 0.040 0.041 0.003 0.003 0.004 0.003 0.004 0.004   --  
 1900:    1.00    0.395    0.291 0.154 0.202 0.011 0.248 0.007 0.010 0.012 0.015    0.061 0.057 0.042 0.073 0.041 0.042 0.042 0.043 0.049 0.028 0.060 0.027 0.028 0.028 0.029 0.030 0.061 0.030 0.030 0.031 0.031 0.039 0.003 0.003 0.004 0.004 0.039 0.039 0.040 0.040 0.003 0.003 0.004 0.003 0.004 0.004   --  

--------------------------------------------
Proportion of membership of each pre-defined
 population in each of the 9 clusters

Given    Inferred Clusters                                                 Number of
 Pop       1      2      3      4      5      6      7      8      9      Individuals

  1:     0.024  0.027  0.047  0.149  0.025  0.179  0.152  0.186  0.211       54
  2:     0.021  0.026  0.043  0.157  0.031  0.184  0.129  0.198  0.211       30
