

----------------------------------------------------
STRUCTURE by Pritchard, Stephens and Donnelly (2000)
     and Falush, Stephens and Pritchard (2003)
       Code by Pritchard, Falush and Hubisz
             Version 2.3.4 (Jul 2012)
----------------------------------------------------


Reading file "/workdir/yc2644/CV_CT_array/structure/threader_input/mainparams".
Reading file "/workdir/yc2644/CV_CT_array/structure/threader_input/extraparams".
Reading file "/workdir/yc2644/CV_CT_array/structure/threader_input/n1601.recode.strct_in".


Data file "/workdir/yc2644/CV_CT_array/structure/threader_input/n1601.recode.strct_in" (truncated) --

Ind:   Label Pop : Genotype_data . . . .
  1:  001s    1  :  2   1   2   2   2   1   2  . . . .   2
  1:  001s    1  :  2   2   2   2   2   2   2  . . . .   2
  2:  002s    1  :  2   2   2   2   1   1   2  . . . .   2
  2:  002s    1  :  2   2   2   2   2   2   2  . . . .   2
  3:  003s    1  :  1   2   1   2   2   2   2  . . . .   1
  3:  003s    1  :  2   2   1   2   2   2   2  . . . .   2
  4:  004s    1  :  1   1   2   2   1   2   2  . . . .   1
  4:  004s    1  :  2   1   2   2   2   2   2  . . . .   2

      *******   

1600:    49  192  :  2   2   2   2   2   1   2  . . . .   1
1600:    49  192  :  2   2   2   2   2   2   2  . . . .   2
1601:    50  192  :  2   1   2   2   1   2   2  . . . .   1
1601:    50  192  :  2   2   2   2   2   2   2  . . . .   2

Number of alleles per locus: min= 2; ave=2.0; max= 2


--------------------------------------

Finished initialization; starting MCMC 
100000 iterations + 10000 burnin


--------------------------------------------
Proportion of membership of each pre-defined
 population in each of the 9 clusters

Given    Inferred Clusters                                                 Number of
 Pop       1      2      3      4      5      6      7      8      9      Individuals

  1:     0.133  0.081  0.060  0.164  0.121  0.119  0.102  0.081  0.140       54
  2:     0.140  0.086  0.064  0.146  0.106  0.128  0.088  0.093  0.150       30
  3:     0.056  0.137  0.443  0.055  0.047  0.058  0.110  0.053  0.040       30
  4:     0.014  0.666  0.131  0.013  0.022  0.026  0.083  0.019  0.027       20
  5:     0.030  0.505  0.207  0.026  0.037  0.035  0.097  0.028  0.035       30
  6:     0.123  0.080  0.058  0.143  0.117  0.133  0.112  0.089  0.145       43
  7:     0.129  0.074  0.056  0.159  0.129  0.114  0.125  0.095  0.119       44
  8:     0.080  0.035  0.051  0.110  0.124  0.133  0.126  0.134  0.207        4
  9:     0.128  0.075  0.037  0.151  0.100  0.117  0.119  0.097  0.176       22
 10:     0.155  0.060  0.051  0.169  0.138  0.100  0.102  0.089  0.137       24
 11:     0.147  0.086  0.057  0.139  0.134  0.119  0.090  0.087  0.142       54
 12:     0.148  0.074  0.053  0.174  0.119  0.112  0.118  0.081  0.122       37
 13:     0.137  0.086  0.063  0.154  0.126  0.101  0.109  0.099  0.125       42
 14:     0.140  0.074  0.063  0.128  0.121  0.124  0.114  0.078  0.158       42
 15:     0.129  0.077  0.060  0.171  0.115  0.117  0.121  0.078  0.132       49
 16:     0.142  0.082  0.064  0.148  0.121  0.111  0.109  0.091  0.132      124
 17:     0.135  0.075  0.062  0.151  0.105  0.115  0.123  0.114  0.119       24
 18:     0.154  0.064  0.056  0.153  0.125  0.115  0.107  0.090  0.136       34
 19:     0.135  0.078  0.065  0.157  0.124  0.143  0.093  0.088  0.116       52
 20:     0.111  0.120  0.043  0.112  0.119  0.107  0.194  0.131  0.063        1
 21:     0.125  0.085  0.057  0.120  0.068  0.093  0.145  0.163  0.144        1
 22:     0.031  0.037  0.073  0.268  0.128  0.108  0.047  0.012  0.296        1
 23:     0.012  0.030  0.057  0.155  0.446  0.046  0.050  0.089  0.114        1
 24:     0.009  0.034  0.023  0.173  0.275  0.034  0.311  0.105  0.036        1
 25:     0.119  0.098  0.112  0.006  0.193  0.170  0.081  0.138  0.085        1
 26:     0.105  0.136  0.032  0.060  0.167  0.137  0.062  0.035  0.266        1
 27:     0.050  0.114  0.072  0.188  0.082  0.175  0.132  0.030  0.157        1
 28:     0.281  0.107  0.027  0.180  0.106  0.088  0.148  0.022  0.042        1
 29:     0.102  0.027  0.064  0.229  0.102  0.046  0.050  0.182  0.198        1
 30:     0.062  0.174  0.083  0.103  0.052  0.042  0.131  0.091  0.262        1
 31:     0.056  0.182  0.039  0.036  0.181  0.057  0.275  0.002  0.172        1
 32:     0.184  0.090  0.055  0.109  0.132  0.102  0.095  0.101  0.133        1
 33:     0.109  0.094  0.104  0.098  0.148  0.105  0.092  0.122  0.128        1
 34:     0.026  0.069  0.036  0.058  0.344  0.021  0.119  0.067  0.260        1
 35:     0.062  0.099  0.039  0.241  0.134  0.104  0.180  0.137  0.005        1
 36:     0.029  0.093  0.109  0.299  0.000  0.031  0.139  0.182  0.117        1
 37:     0.113  0.089  0.040  0.170  0.038  0.073  0.237  0.023  0.218        1
 38:     0.120  0.074  0.047  0.078  0.162  0.165  0.106  0.158  0.091        1
 39:     0.058  0.095  0.008  0.132  0.037  0.047  0.326  0.134  0.163        1
 40:     0.128  0.074  0.092  0.120  0.127  0.107  0.072  0.166  0.114        1
 41:     0.038  0.029  0.034  0.258  0.060  0.155  0.018  0.076  0.333        1
 42:     0.050  0.059  0.053  0.091  0.258  0.095  0.004  0.063  0.327        1
 43:     0.179  0.036  0.038  0.177  0.156  0.097  0.072  0.236  0.009        1
 44:     0.125  0.146  0.103  0.090  0.123  0.065  0.132  0.101  0.115        1
 45:     0.134  0.108  0.031  0.189  0.146  0.136  0.049  0.131  0.075        1
 46:     0.122  0.089  0.059  0.170  0.091  0.156  0.079  0.116  0.118        1
 47:     0.463  0.123  0.023  0.160  0.028  0.075  0.006  0.095  0.026        1
 48:     0.192  0.111  0.063  0.171  0.097  0.084  0.082  0.100  0.099        1
 49:     0.150  0.066  0.029  0.304  0.092  0.125  0.143  0.081  0.011        1
 50:     0.043  0.308  0.058  0.109  0.058  0.064  0.190  0.164  0.005        1
 51:     0.356  0.074  0.139  0.028  0.026  0.182  0.047  0.009  0.139        1
 52:     0.098  0.047  0.067  0.169  0.173  0.019  0.076  0.093  0.259        1
 53:     0.170  0.053  0.061  0.247  0.039  0.107  0.193  0.027  0.103        1
 54:     0.074  0.132  0.086  0.052  0.125  0.081  0.104  0.170  0.176        1
 55:     0.089  0.168  0.113  0.086  0.048  0.018  0.039  0.304  0.133        1
 56:     0.382  0.016  0.074  0.068  0.105  0.003  0.110  0.239  0.004        1
 57:     0.101  0.073  0.040  0.138  0.145  0.131  0.025  0.226  0.121        1
 58:     0.104  0.056  0.039  0.087  0.138  0.069  0.039  0.345  0.122        1
 59:     0.167  0.102  0.089  0.096  0.069  0.111  0.026  0.220  0.120        1
 60:     0.022  0.121  0.036  0.105  0.145  0.201  0.041  0.259  0.069        1
 61:     0.098  0.147  0.106  0.051  0.225  0.043  0.020  0.297  0.014        1
 62:     0.044  0.142  0.232  0.082  0.009  0.202  0.174  0.075  0.039        1
 63:     0.023  0.160  0.082  0.063  0.190  0.079  0.020  0.369  0.014        1
 64:     0.080  0.084  0.072  0.106  0.144  0.071  0.101  0.200  0.142        1
 65:     0.138  0.048  0.077  0.021  0.165  0.059  0.076  0.175  0.240        1
 66:     0.004  0.144  0.036  0.153  0.091  0.019  0.162  0.343  0.048        1
 67:     0.018  0.140  0.089  0.094  0.126  0.063  0.167  0.204  0.100        1
 68:     0.088  0.016  0.060  0.076  0.022  0.059  0.097  0.363  0.219        1
 69:     0.029  0.091  0.060  0.125  0.120  0.002  0.116  0.353  0.103        1
 70:     0.142  0.147  0.014  0.051  0.016  0.068  0.079  0.360  0.122        1
 71:     0.096  0.107  0.051  0.007  0.144  0.104  0.071  0.297  0.124        1
 72:     0.003  0.108  0.094  0.019  0.114  0.119  0.057  0.280  0.206        1
 73:     0.062  0.075  0.086  0.010  0.040  0.065  0.065  0.279  0.319        1
 74:     0.056  0.029  0.058  0.217  0.139  0.034  0.109  0.244  0.114        1
 75:     0.176  0.061  0.031  0.088  0.086  0.117  0.028  0.260  0.152        1
 76:     0.024  0.287  0.278  0.045  0.175  0.056  0.021  0.037  0.078        1
 77:     0.101  0.101  0.093  0.084  0.068  0.099  0.143  0.207  0.104        1
 78:     0.080  0.110  0.080  0.073  0.091  0.105  0.150  0.163  0.149        1
 79:     0.085  0.101  0.101  0.103  0.134  0.116  0.112  0.146  0.101        1
 80:     0.051  0.039  0.086  0.254  0.085  0.032  0.150  0.258  0.046        1
 81:     0.063  0.179  0.019  0.003  0.158  0.061  0.014  0.270  0.234        1
 82:     0.006  0.073  0.090  0.071  0.088  0.079  0.053  0.236  0.305        1
 83:     0.129  0.087  0.068  0.089  0.158  0.034  0.142  0.194  0.099        1
 84:     0.024  0.143  0.046  0.028  0.041  0.187  0.081  0.439  0.011        1
 85:     0.061  0.059  0.144  0.008  0.026  0.134  0.020  0.525  0.023        1
 86:     0.010  0.036  0.014  0.051  0.026  0.145  0.033  0.668  0.017        1
 87:     0.086  0.077  0.011  0.018  0.047  0.027  0.015  0.678  0.040        1
 88:     0.037  0.048  0.037  0.020  0.100  0.023  0.059  0.658  0.019        1
 89:     0.051  0.052  0.048  0.007  0.033  0.027  0.098  0.676  0.007        1
 90:     0.030  0.225  0.052  0.023  0.038  0.174  0.036  0.417  0.005        1
 91:     0.012  0.017  0.072  0.035  0.026  0.037  0.100  0.636  0.065        1
 92:     0.029  0.054  0.009  0.049  0.076  0.059  0.112  0.579  0.034        1
 93:     0.031  0.045  0.091  0.017  0.029  0.138  0.129  0.477  0.043        1
 94:     0.015  0.079  0.068  0.009  0.108  0.031  0.041  0.646  0.003        1
 95:     0.038  0.171  0.024  0.079  0.022  0.061  0.014  0.590  0.000        1
 96:     0.009  0.120  0.017  0.024  0.068  0.114  0.029  0.568  0.051        1
 97:     0.011  0.021  0.038  0.010  0.085  0.088  0.026  0.660  0.061        1
 98:     0.079  0.075  0.010  0.037  0.041  0.055  0.020  0.678  0.003        1
 99:     0.049  0.025  0.039  0.032  0.013  0.034  0.021  0.743  0.045        1
100:     0.028  0.261  0.036  0.049  0.013  0.106  0.041  0.455  0.011        1
101:     0.076  0.129  0.085  0.027  0.056  0.076  0.102  0.392  0.057        1
102:     0.002  0.047  0.024  0.018  0.087  0.102  0.187  0.519  0.013        1
103:     0.026  0.024  0.043  0.007  0.042  0.018  0.070  0.764  0.007        1
104:     0.014  0.028  0.054  0.126  0.026  0.019  0.053  0.670  0.008        1
105:     0.043  0.132  0.048  0.050  0.064  0.032  0.046  0.549  0.036        1
106:     0.020  0.172  0.037  0.031  0.132  0.061  0.121  0.411  0.015        1
107:     0.004  0.112  0.008  0.021  0.022  0.041  0.114  0.651  0.028        1
108:     0.014  0.105  0.047  0.009  0.082  0.065  0.020  0.596  0.063        1
109:     0.045  0.050  0.047  0.166  0.020  0.065  0.115  0.472  0.020        1
110:     0.010  0.121  0.035  0.013  0.057  0.102  0.205  0.412  0.046        1
111:     0.027  0.066  0.005  0.021  0.040  0.047  0.008  0.782  0.004        1
112:     0.021  0.127  0.004  0.057  0.019  0.119  0.001  0.567  0.084        1
113:     0.005  0.140  0.035  0.020  0.060  0.009  0.005  0.706  0.020        1
114:     0.043  0.064  0.066  0.015  0.053  0.016  0.041  0.691  0.010        1
115:     0.020  0.052  0.045  0.057  0.009  0.016  0.038  0.739  0.024        1
116:     0.011  0.076  0.030  0.028  0.034  0.097  0.001  0.708  0.017        1
117:     0.004  0.192  0.060  0.015  0.090  0.142  0.139  0.342  0.016        1
118:     0.045  0.086  0.097  0.023  0.027  0.008  0.099  0.610  0.006        1
119:     0.031  0.082  0.041  0.006  0.044  0.186  0.132  0.468  0.009        1
120:     0.023  0.028  0.075  0.009  0.062  0.084  0.044  0.626  0.048        1
121:     0.042  0.089  0.073  0.033  0.073  0.095  0.043  0.511  0.042        1
122:     0.012  0.152  0.007  0.024  0.045  0.006  0.030  0.641  0.084        1
123:     0.071  0.041  0.029  0.008  0.020  0.122  0.045  0.612  0.053        1
124:     0.091  0.099  0.088  0.045  0.046  0.147  0.026  0.447  0.012        1
125:     0.091  0.282  0.029  0.027  0.010  0.067  0.021  0.456  0.016        1
126:     0.042  0.056  0.060  0.005  0.074  0.045  0.090  0.617  0.012        1
127:     0.002  0.194  0.047  0.029  0.081  0.186  0.039  0.387  0.035        1
128:     0.013  0.216  0.015  0.036  0.097  0.155  0.016  0.427  0.024        1
129:     0.041  0.086  0.041  0.015  0.012  0.022  0.046  0.718  0.019        1
130:     0.010  0.108  0.113  0.025  0.035  0.131  0.072  0.447  0.059        1
131:     0.002  0.202  0.007  0.028  0.077  0.044  0.032  0.555  0.052        1
132:     0.030  0.051  0.084  0.015  0.076  0.058  0.023  0.634  0.030        1
133:     0.015  0.091  0.141  0.039  0.011  0.134  0.214  0.332  0.025        1
134:     0.043  0.014  0.003  0.017  0.035  0.025  0.110  0.724  0.030        1
135:     0.102  0.199  0.011  0.046  0.070  0.004  0.054  0.448  0.066        1
136:     0.027  0.052  0.050  0.037  0.068  0.065  0.076  0.601  0.024        1
137:     0.139  0.119  0.010  0.040  0.033  0.208  0.019  0.429  0.003        1
138:     0.015  0.154  0.020  0.035  0.030  0.014  0.041  0.592  0.098        1
139:     0.029  0.122  0.090  0.022  0.012  0.074  0.072  0.572  0.007        1
140:     0.018  0.240  0.021  0.030  0.011  0.101  0.050  0.496  0.034        1
141:     0.108  0.042  0.031  0.036  0.138  0.055  0.044  0.489  0.057        1
142:     0.041  0.099  0.005  0.014  0.035  0.223  0.052  0.523  0.007        1
143:     0.044  0.137  0.056  0.016  0.028  0.060  0.075  0.552  0.031        1
144:     0.003  0.124  0.036  0.045  0.024  0.106  0.043  0.597  0.021        1
145:     0.019  0.077  0.011  0.027  0.100  0.082  0.073  0.560  0.053        1
146:     0.026  0.188  0.057  0.007  0.134  0.005  0.047  0.478  0.059        1
147:     0.017  0.025  0.046  0.020  0.077  0.028  0.038  0.668  0.083        1
148:     0.050  0.065  0.076  0.174  0.050  0.324  0.074  0.088  0.099        1
149:     0.082  0.125  0.125  0.115  0.088  0.087  0.107  0.122  0.150        1
150:     0.202  0.122  0.006  0.006  0.017  0.158  0.028  0.134  0.327        1
151:     0.037  0.037  0.042  0.199  0.257  0.054  0.140  0.105  0.128        1
152:     0.007  0.168  0.092  0.031  0.183  0.213  0.231  0.020  0.055        1
153:     0.229  0.085  0.085  0.113  0.009  0.094  0.101  0.060  0.223        1
154:     0.131  0.111  0.066  0.168  0.147  0.121  0.121  0.079  0.057        1
155:     0.088  0.038  0.008  0.191  0.120  0.125  0.129  0.206  0.095        1
156:     0.202  0.081  0.040  0.200  0.234  0.022  0.068  0.046  0.107        1
157:     0.186  0.062  0.050  0.100  0.248  0.089  0.106  0.068  0.092        1
158:     0.155  0.058  0.065  0.108  0.156  0.141  0.092  0.082  0.143        1
159:     0.178  0.028  0.019  0.102  0.445  0.005  0.152  0.023  0.048        1
160:     0.138  0.120  0.058  0.176  0.117  0.094  0.090  0.090  0.118        1
161:     0.209  0.024  0.090  0.237  0.022  0.198  0.094  0.101  0.026        1
162:     0.124  0.086  0.055  0.159  0.084  0.129  0.099  0.132  0.131        1
163:     0.112  0.067  0.069  0.100  0.016  0.203  0.135  0.130  0.168        1
164:     0.026  0.128  0.081  0.252  0.128  0.011  0.166  0.083  0.125        1
165:     0.333  0.040  0.075  0.174  0.012  0.052  0.119  0.073  0.123        1
166:     0.185  0.082  0.056  0.144  0.129  0.038  0.091  0.121  0.154        1
167:     0.091  0.077  0.082  0.135  0.088  0.113  0.016  0.029  0.369        1
168:     0.005  0.035  0.035  0.104  0.289  0.142  0.048  0.083  0.258        1
169:     0.021  0.027  0.036  0.109  0.145  0.128  0.262  0.252  0.019        1
170:     0.127  0.032  0.062  0.191  0.127  0.041  0.146  0.114  0.159        1
171:     0.201  0.063  0.071  0.046  0.100  0.135  0.119  0.178  0.088        1
172:     0.028  0.144  0.070  0.215  0.191  0.098  0.120  0.067  0.067        1
173:     0.139  0.032  0.041  0.140  0.208  0.082  0.185  0.124  0.048        1
174:     0.009  0.064  0.032  0.349  0.083  0.249  0.053  0.140  0.022        1
175:     0.157  0.082  0.057  0.127  0.126  0.124  0.096  0.090  0.141       50
176:     0.157  0.079  0.060  0.139  0.110  0.125  0.100  0.089  0.141       49
177:     0.143  0.077  0.061  0.133  0.125  0.128  0.108  0.090  0.135       50
178:     0.130  0.070  0.057  0.144  0.152  0.117  0.130  0.085  0.115       49
179:     0.117  0.071  0.055  0.137  0.129  0.128  0.124  0.086  0.152       23
180:     0.159  0.065  0.051  0.151  0.125  0.116  0.108  0.092  0.132       49
181:     0.019  0.028  0.801  0.025  0.027  0.027  0.029  0.021  0.023       30
182:     0.029  0.092  0.630  0.030  0.052  0.044  0.059  0.035  0.029       30
183:     0.138  0.078  0.094  0.133  0.113  0.155  0.091  0.079  0.119       34
184:     0.136  0.078  0.062  0.153  0.111  0.117  0.131  0.081  0.132       36
185:     0.135  0.080  0.059  0.133  0.129  0.125  0.106  0.094  0.140       40
186:     0.157  0.060  0.051  0.125  0.155  0.123  0.121  0.082  0.126       39
187:     0.114  0.075  0.059  0.152  0.154  0.108  0.099  0.090  0.149       37
188:     0.130  0.072  0.064  0.157  0.137  0.109  0.106  0.088  0.138       40
189:     0.139  0.082  0.066  0.129  0.100  0.119  0.123  0.099  0.144       35
190:     0.151  0.078  0.064  0.123  0.134  0.119  0.115  0.090  0.127       28
191:     0.151  0.078  0.062  0.135  0.134  0.122  0.104  0.092  0.123       36
192:     0.125  0.073  0.059  0.153  0.131  0.135  0.129  0.093  0.103       32
--------------------------------------------

 Rep#:   Lambda   Alpha      F1    F2    F3    F4    F5    F6    F7    F8    F9     D1,2  D1,3  D1,4  D1,5  D1,6  D1,7  D1,8  D1,9  D2,3  D2,4  D2,5  D2,6  D2,7  D2,8  D2,9  D3,4  D3,5  D3,6  D3,7  D3,8  D3,9  D4,5  D4,6  D4,7  D4,8  D4,9  D5,6  D5,7  D5,8  D5,9  D6,7  D6,8  D6,9  D7,8  D7,9  D8,9    Ln Like 
  100:    1.00    1.504    0.010 0.231 0.329 0.012 0.009 0.010 0.008 0.147 0.010    0.039 0.052 0.003 0.003 0.003 0.003 0.035 0.003 0.060 0.040 0.038 0.038 0.036 0.060 0.038 0.053 0.051 0.051 0.050 0.075 0.052 0.003 0.003 0.003 0.035 0.003 0.003 0.003 0.034 0.003 0.003 0.033 0.003 0.033 0.003 0.034   --  
  200:    1.00    1.097    0.011 0.272 0.272 0.012 0.009 0.010 0.008 0.219 0.010    0.041 0.040 0.003 0.003 0.003 0.003 0.038 0.003 0.054 0.041 0.040 0.041 0.040 0.063 0.041 0.040 0.040 0.040 0.039 0.063 0.040 0.003 0.003 0.003 0.038 0.004 0.003 0.003 0.038 0.003 0.003 0.038 0.003 0.037 0.003 0.038   --  
  300:    1.00    0.940    0.011 0.241 0.256 0.012 0.009 0.010 0.008 0.193 0.056    0.037 0.038 0.003 0.003 0.003 0.003 0.034 0.014 0.051 0.038 0.037 0.037 0.036 0.057 0.045 0.039 0.038 0.038 0.038 0.059 0.045 0.003 0.004 0.003 0.035 0.014 0.003 0.003 0.034 0.013 0.003 0.034 0.014 0.034 0.013 0.042   --  
  400:    1.00    0.846    0.011 0.237 0.259 0.012 0.009 0.010 0.008 0.184 0.241    0.036 0.040 0.003 0.003 0.003 0.003 0.033 0.041 0.051 0.036 0.036 0.036 0.036 0.054 0.059 0.040 0.039 0.039 0.039 0.058 0.063 0.003 0.003 0.003 0.034 0.041 0.003 0.003 0.033 0.041 0.003 0.034 0.041 0.033 0.041 0.058   --  
  500:    1.00    0.778    0.011 0.227 0.268 0.012 0.009 0.010 0.008 0.178 0.251    0.035 0.040 0.003 0.003 0.003 0.003 0.032 0.043 0.052 0.035 0.035 0.035 0.034 0.051 0.060 0.041 0.040 0.040 0.039 0.058 0.067 0.003 0.003 0.003 0.032 0.043 0.003 0.003 0.031 0.043 0.003 0.032 0.043 0.031 0.042 0.059   --  
  600:    1.00    0.731    0.011 0.219 0.273 0.012 0.009 0.010 0.008 0.176 0.259    0.034 0.041 0.004 0.003 0.003 0.003 0.031 0.043 0.054 0.035 0.034 0.034 0.034 0.051 0.061 0.041 0.041 0.040 0.040 0.059 0.069 0.003 0.004 0.003 0.032 0.044 0.003 0.003 0.031 0.043 0.003 0.031 0.043 0.031 0.043 0.060   --  
  700:    1.00    0.705    0.011 0.219 0.280 0.013 0.009 0.010 0.008 0.170 0.261    0.034 0.042 0.004 0.003 0.003 0.003 0.031 0.043 0.055 0.034 0.034 0.034 0.034 0.051 0.062 0.042 0.041 0.042 0.042 0.060 0.070 0.003 0.004 0.003 0.031 0.044 0.003 0.003 0.031 0.043 0.003 0.031 0.043 0.030 0.042 0.059   --  
  800:    1.00    0.653    0.011 0.213 0.281 0.013 0.009 0.010 0.008 0.165 0.255    0.033 0.042 0.004 0.003 0.003 0.003 0.030 0.043 0.056 0.033 0.033 0.033 0.032 0.050 0.061 0.042 0.042 0.042 0.042 0.060 0.071 0.003 0.004 0.003 0.030 0.043 0.003 0.003 0.030 0.042 0.003 0.030 0.043 0.030 0.042 0.060   --  
  900:    1.00    0.624    0.011 0.218 0.283 0.012 0.009 0.011 0.008 0.168 0.261    0.032 0.043 0.003 0.003 0.003 0.003 0.030 0.042 0.056 0.033 0.032 0.032 0.032 0.050 0.061 0.043 0.042 0.043 0.042 0.061 0.071 0.003 0.004 0.003 0.030 0.043 0.003 0.003 0.029 0.042 0.003 0.030 0.042 0.029 0.042 0.059   --  

--------------------------------------------
Proportion of membership of each pre-defined
 population in each of the 9 clusters

Given    Inferred Clusters                                                 Number of
 Pop       1      2      3      4      5      6      7      8      9      Individuals

  1:     0.164  0.057  0.039  0.197  0.168  0.141  0.126  0.046  0.062       54
  2:     0.161  0.055  0.034  0.185  0.133  0.170  0.152  0.040  0.070       30
  3:     0.029  0.349  0.389  0.029  0.028  0.020  0.057  0.050  0.047       30
  4:     0.003  0.963  0.018  0.001  0.002  0.002  0.003  0.004  0.002       20
  5:     0.010  0.870  0.053  0.010  0.013  0.007  0.016  0.012  0.009       30
  6:     0.173  0.048  0.036  0.194  0.145  0.162  0.137  0.043  0.061       43
  7:     0.162  0.052  0.033  0.181  0.153  0.142  0.176  0.040  0.061       44
  8:     0.078  0.031  0.032  0.140  0.146  0.129  0.314  0.065  0.065        4
  9:     0.187  0.018  0.023  0.240  0.119  0.137  0.166  0.039  0.071       22
 10:     0.135  0.018  0.027  0.225  0.227  0.122  0.134  0.044  0.068       24
 11:     0.192  0.047  0.039  0.154  0.159  0.146  0.165  0.044  0.055       54
 12:     0.170  0.043  0.037  0.209  0.133  0.143  0.161  0.041  0.064       37
 13:     0.153  0.056  0.036  0.191  0.165  0.122  0.171  0.048  0.057       42
 14:     0.164  0.054  0.034  0.215  0.132  0.139  0.160  0.038  0.064       42
 15:     0.173  0.055  0.040  0.205  0.143  0.159  0.120  0.038  0.067       49
 16:     0.165  0.054  0.040  0.178  0.154  0.148  0.152  0.046  0.062      124
 17:     0.156  0.048  0.037  0.217  0.125  0.150  0.152  0.048  0.066       24
 18:     0.184  0.036  0.039  0.181  0.129  0.176  0.144  0.044  0.067       34
 19:     0.159  0.045  0.041  0.189  0.149  0.171  0.140  0.044  0.064       52
 20:     0.160  0.017  0.064  0.283  0.158  0.032  0.185  0.060  0.042        1
 21:     0.226  0.047  0.016  0.180  0.041  0.169  0.115  0.108  0.098        1
 22:     0.026  0.024  0.041  0.159  0.321  0.169  0.149  0.034  0.077        1
 23:     0.104  0.046  0.057  0.184  0.252  0.108  0.114  0.079  0.057        1
 24:     0.087  0.042  0.021  0.043  0.391  0.041  0.240  0.057  0.077        1
 25:     0.141  0.100  0.047  0.014  0.199  0.295  0.107  0.068  0.029        1
 26:     0.001  0.056  0.036  0.098  0.454  0.139  0.081  0.061  0.074        1
 27:     0.190  0.058  0.059  0.172  0.248  0.007  0.167  0.066  0.032        1
 28:     0.239  0.012  0.022  0.018  0.321  0.115  0.148  0.061  0.065        1
 29:     0.112  0.004  0.049  0.388  0.053  0.101  0.144  0.048  0.101        1
 30:     0.104  0.135  0.018  0.117  0.189  0.040  0.262  0.075  0.060        1
 31:     0.149  0.193  0.049  0.052  0.071  0.309  0.074  0.030  0.073        1
 32:     0.345  0.025  0.013  0.150  0.125  0.173  0.044  0.046  0.079        1
 33:     0.137  0.107  0.052  0.249  0.092  0.084  0.139  0.065  0.074        1
 34:     0.003  0.015  0.008  0.141  0.361  0.041  0.238  0.080  0.114        1
 35:     0.068  0.021  0.002  0.223  0.116  0.168  0.270  0.052  0.080        1
 36:     0.026  0.030  0.058  0.580  0.005  0.014  0.144  0.076  0.067        1
 37:     0.040  0.078  0.020  0.276  0.134  0.143  0.230  0.035  0.045        1
 38:     0.129  0.119  0.019  0.048  0.049  0.142  0.324  0.101  0.069        1
 39:     0.053  0.042  0.008  0.035  0.020  0.012  0.662  0.088  0.080        1
 40:     0.351  0.047  0.050  0.031  0.164  0.007  0.127  0.124  0.099        1
 41:     0.042  0.007  0.017  0.404  0.031  0.294  0.055  0.080  0.070        1
 42:     0.119  0.027  0.023  0.109  0.440  0.117  0.040  0.064  0.063        1
 43:     0.217  0.040  0.023  0.173  0.127  0.243  0.011  0.113  0.053        1
 44:     0.237  0.127  0.017  0.221  0.069  0.056  0.185  0.009  0.079        1
 45:     0.208  0.083  0.032  0.132  0.324  0.036  0.010  0.093  0.082        1
 46:     0.142  0.020  0.093  0.088  0.139  0.039  0.317  0.123  0.040        1
 47:     0.762  0.001  0.025  0.059  0.014  0.042  0.005  0.041  0.051        1
 48:     0.743  0.015  0.022  0.070  0.001  0.040  0.012  0.047  0.049        1
 49:     0.133  0.014  0.024  0.324  0.210  0.072  0.081  0.069  0.074        1
 50:     0.045  0.320  0.048  0.076  0.177  0.023  0.238  0.015  0.058        1
 51:     0.029  0.147  0.064  0.035  0.005  0.164  0.400  0.075  0.081        1
 52:     0.096  0.038  0.058  0.141  0.123  0.239  0.131  0.092  0.080        1
 53:     0.329  0.058  0.085  0.183  0.066  0.025  0.123  0.063  0.067        1
 54:     0.002  0.001  0.002  0.000  0.010  0.001  0.004  0.001  0.978        1
 55:     0.000  0.009  0.001  0.000  0.000  0.000  0.000  0.000  0.990        1
 56:     0.051  0.002  0.000  0.006  0.071  0.000  0.004  0.019  0.846        1
 57:     0.001  0.002  0.001  0.015  0.004  0.001  0.020  0.002  0.954        1
 58:     0.036  0.003  0.009  0.001  0.004  0.001  0.002  0.036  0.909        1
 59:     0.016  0.040  0.007  0.005  0.000  0.005  0.023  0.031  0.872        1
 60:     0.000  0.002  0.002  0.001  0.001  0.000  0.006  0.000  0.986        1
 61:     0.002  0.000  0.003  0.000  0.000  0.001  0.003  0.000  0.991        1
 62:     0.076  0.290  0.195  0.078  0.035  0.100  0.213  0.013  0.000        1
 63:     0.000  0.019  0.001  0.013  0.015  0.007  0.001  0.026  0.917        1
 64:     0.001  0.000  0.000  0.000  0.000  0.000  0.001  0.000  0.997        1
 65:     0.001  0.001  0.000  0.001  0.001  0.001  0.000  0.000  0.995        1
 66:     0.008  0.009  0.003  0.002  0.000  0.019  0.000  0.009  0.951        1
 67:     0.009  0.041  0.054  0.024  0.117  0.000  0.021  0.098  0.635        1
 68:     0.015  0.001  0.026  0.002  0.003  0.016  0.000  0.023  0.915        1
 69:     0.003  0.016  0.004  0.001  0.001  0.005  0.011  0.004  0.955        1
 70:     0.008  0.014  0.001  0.006  0.119  0.002  0.041  0.011  0.798        1
 71:     0.002  0.005  0.001  0.001  0.000  0.000  0.001  0.006  0.986        1
 72:     0.002  0.001  0.000  0.000  0.003  0.001  0.000  0.000  0.994        1
 73:     0.001  0.000  0.002  0.000  0.000  0.000  0.000  0.000  0.997        1
 74:     0.004  0.060  0.004  0.064  0.100  0.006  0.000  0.012  0.749        1
 75:     0.000  0.000  0.000  0.000  0.000  0.000  0.001  0.000  0.997        1
 76:     0.012  0.282  0.286  0.056  0.184  0.039  0.028  0.112  0.000        1
 77:     0.000  0.001  0.005  0.000  0.001  0.001  0.001  0.000  0.990        1
 78:     0.014  0.034  0.052  0.004  0.012  0.005  0.073  0.000  0.805        1
 79:     0.000  0.000  0.000  0.000  0.002  0.001  0.000  0.001  0.995        1
 80:     0.004  0.003  0.005  0.002  0.003  0.011  0.009  0.001  0.961        1
 81:     0.001  0.000  0.000  0.003  0.000  0.000  0.003  0.002  0.991        1
 82:     0.000  0.047  0.039  0.001  0.010  0.189  0.018  0.170  0.526        1
 83:     0.001  0.000  0.003  0.005  0.000  0.000  0.005  0.003  0.984        1
 84:     0.002  0.043  0.004  0.027  0.000  0.009  0.001  0.905  0.008        1
 85:     0.005  0.072  0.003  0.011  0.003  0.001  0.003  0.898  0.005        1
 86:     0.041  0.022  0.014  0.001  0.011  0.026  0.015  0.831  0.041        1
 87:     0.007  0.008  0.000  0.013  0.029  0.002  0.000  0.938  0.002        1
 88:     0.002  0.001  0.000  0.001  0.029  0.000  0.003  0.953  0.010        1
 89:     0.000  0.001  0.000  0.004  0.033  0.060  0.029  0.873  0.000        1
 90:     0.002  0.028  0.002  0.001  0.000  0.001  0.002  0.962  0.002        1
 91:     0.002  0.027  0.016  0.002  0.017  0.001  0.007  0.929  0.000        1
 92:     0.010  0.015  0.033  0.019  0.110  0.016  0.020  0.772  0.004        1
 93:     0.013  0.002  0.073  0.006  0.000  0.000  0.001  0.885  0.019        1
 94:     0.014  0.001  0.029  0.027  0.023  0.026  0.000  0.879  0.001        1
 95:     0.002  0.047  0.002  0.075  0.009  0.004  0.042  0.820  0.000        1
 96:     0.001  0.000  0.000  0.003  0.000  0.000  0.000  0.993  0.001        1
 97:     0.002  0.068  0.002  0.000  0.002  0.010  0.003  0.906  0.007        1
 98:     0.011  0.001  0.004  0.001  0.012  0.004  0.007  0.941  0.019        1
 99:     0.001  0.001  0.001  0.001  0.001  0.001  0.000  0.994  0.001        1
100:     0.000  0.041  0.001  0.001  0.002  0.001  0.001  0.948  0.006        1
101:     0.063  0.033  0.017  0.031  0.000  0.006  0.086  0.729  0.036        1
102:     0.003  0.000  0.015  0.000  0.055  0.128  0.044  0.726  0.028        1
103:     0.001  0.009  0.000  0.007  0.002  0.005  0.008  0.961  0.005        1
104:     0.004  0.000  0.001  0.009  0.011  0.017  0.005  0.917  0.036        1
105:     0.012  0.096  0.004  0.007  0.000  0.000  0.000  0.856  0.025        1
106:     0.142  0.000  0.003  0.019  0.015  0.016  0.016  0.764  0.026        1
107:     0.003  0.006  0.007  0.019  0.006  0.006  0.002  0.940  0.012        1
108:     0.007  0.016  0.001  0.061  0.061  0.027  0.008  0.813  0.005        1
109:     0.000  0.072  0.044  0.033  0.003  0.021  0.061  0.755  0.011        1
110:     0.010  0.011  0.003  0.013  0.028  0.030  0.121  0.744  0.040        1
111:     0.008  0.012  0.021  0.003  0.009  0.003  0.003  0.937  0.006        1
112:     0.000  0.002  0.005  0.004  0.007  0.003  0.000  0.965  0.013        1
113:     0.001  0.013  0.023  0.001  0.001  0.008  0.014  0.936  0.004        1
114:     0.001  0.008  0.011  0.010  0.006  0.010  0.004  0.943  0.007        1
115:     0.002  0.003  0.011  0.003  0.045  0.018  0.022  0.882  0.014        1
116:     0.002  0.005  0.019  0.000  0.002  0.002  0.001  0.968  0.001        1
117:     0.015  0.008  0.048  0.001  0.030  0.001  0.003  0.892  0.002        1
118:     0.006  0.004  0.042  0.001  0.003  0.005  0.015  0.908  0.015        1
119:     0.030  0.012  0.002  0.000  0.053  0.067  0.006  0.829  0.001        1
120:     0.014  0.005  0.000  0.006  0.002  0.008  0.009  0.924  0.032        1
121:     0.007  0.025  0.003  0.013  0.019  0.001  0.000  0.932  0.001        1
122:     0.039  0.005  0.002  0.000  0.022  0.000  0.037  0.893  0.000        1
123:     0.001  0.000  0.000  0.004  0.005  0.000  0.021  0.968  0.001        1
124:     0.008  0.083  0.020  0.006  0.010  0.045  0.002  0.825  0.000        1
125:     0.007  0.014  0.002  0.000  0.013  0.001  0.000  0.960  0.002        1
126:     0.023  0.000  0.017  0.016  0.048  0.023  0.005  0.842  0.025        1
127:     0.009  0.010  0.017  0.002  0.005  0.004  0.062  0.881  0.010        1
128:     0.007  0.006  0.010  0.002  0.003  0.004  0.026  0.911  0.031        1
129:     0.001  0.002  0.004  0.002  0.001  0.000  0.000  0.990  0.001        1
130:     0.010  0.060  0.026  0.004  0.000  0.000  0.019  0.872  0.008        1
131:     0.002  0.001  0.002  0.002  0.000  0.006  0.004  0.977  0.008        1
132:     0.059  0.065  0.024  0.010  0.023  0.031  0.017  0.767  0.003        1
133:     0.000  0.123  0.018  0.006  0.011  0.004  0.006  0.830  0.001        1
134:     0.022  0.007  0.029  0.045  0.019  0.010  0.024  0.810  0.035        1
135:     0.075  0.021  0.001  0.007  0.070  0.021  0.017  0.779  0.009        1
136:     0.002  0.002  0.002  0.001  0.010  0.001  0.000  0.983  0.002        1
137:     0.008  0.009  0.001  0.002  0.002  0.005  0.007  0.940  0.026        1
138:     0.002  0.005  0.002  0.002  0.001  0.000  0.000  0.972  0.017        1
139:     0.000  0.071  0.012  0.001  0.004  0.000  0.022  0.883  0.008        1
140:     0.002  0.115  0.005  0.007  0.005  0.006  0.006  0.847  0.006        1
141:     0.000  0.002  0.003  0.003  0.004  0.021  0.004  0.962  0.002        1
142:     0.072  0.005  0.030  0.054  0.011  0.007  0.001  0.815  0.006        1
143:     0.009  0.041  0.033  0.000  0.001  0.007  0.010  0.898  0.000        1
144:     0.000  0.001  0.004  0.056  0.002  0.016  0.016  0.904  0.001        1
145:     0.000  0.004  0.003  0.000  0.002  0.007  0.016  0.958  0.010        1
146:     0.001  0.000  0.052  0.001  0.008  0.003  0.000  0.934  0.000        1
147:     0.002  0.077  0.000  0.014  0.000  0.000  0.004  0.902  0.001        1
148:     0.016  0.100  0.048  0.101  0.008  0.387  0.126  0.145  0.069        1
149:     0.181  0.104  0.082  0.115  0.217  0.085  0.081  0.082  0.053        1
150:     0.376  0.046  0.007  0.006  0.146  0.197  0.076  0.116  0.030        1
151:     0.002  0.003  0.032  0.269  0.133  0.168  0.253  0.071  0.070        1
152:     0.012  0.094  0.060  0.009  0.405  0.131  0.210  0.030  0.047        1
153:     0.267  0.042  0.038  0.106  0.029  0.177  0.220  0.071  0.050        1
154:     0.033  0.047  0.011  0.180  0.289  0.068  0.240  0.057  0.075        1
155:     0.346  0.075  0.013  0.167  0.190  0.001  0.080  0.076  0.051        1
156:     0.202  0.041  0.028  0.236  0.230  0.007  0.108  0.040  0.107        1
157:     0.269  0.056  0.031  0.072  0.210  0.162  0.094  0.053  0.053        1
158:     0.112  0.004  0.041  0.203  0.013  0.250  0.197  0.089  0.091        1
159:     0.108  0.016  0.033  0.002  0.256  0.043  0.400  0.035  0.107        1
160:     0.128  0.025  0.013  0.126  0.310  0.132  0.141  0.040  0.085        1
161:     0.148  0.042  0.064  0.135  0.015  0.357  0.045  0.095  0.098        1
162:     0.260  0.051  0.023  0.234  0.046  0.166  0.091  0.025  0.103        1
163:     0.032  0.080  0.014  0.245  0.012  0.362  0.064  0.077  0.112        1
164:     0.071  0.047  0.051  0.232  0.301  0.119  0.088  0.020  0.072        1
165:     0.459  0.061  0.058  0.121  0.016  0.001  0.091  0.090  0.103        1
166:     0.307  0.067  0.033  0.184  0.067  0.094  0.180  0.007  0.061        1
167:     0.307  0.003  0.072  0.050  0.209  0.249  0.001  0.047  0.062        1
168:     0.010  0.000  0.034  0.093  0.404  0.224  0.114  0.051  0.071        1
169:     0.044  0.044  0.008  0.236  0.238  0.120  0.152  0.067  0.092        1
170:     0.044  0.017  0.021  0.263  0.284  0.069  0.149  0.094  0.060        1
171:     0.094  0.025  0.030  0.058  0.475  0.153  0.024  0.074  0.066        1
172:     0.091  0.061  0.060  0.321  0.124  0.055  0.143  0.046  0.099        1
173:     0.112  0.026  0.060  0.113  0.337  0.072  0.171  0.033  0.077        1
174:     0.038  0.062  0.023  0.058  0.201  0.319  0.124  0.084  0.091        1
175:     0.188  0.051  0.044  0.146  0.173  0.140  0.151  0.043  0.064       50
176:     0.206  0.040  0.040  0.177  0.136  0.155  0.144  0.037  0.065       49
177:     0.192  0.041  0.040  0.155  0.155  0.152  0.158  0.047  0.059       50
178:     0.173  0.045  0.043  0.182  0.157  0.146  0.150  0.041  0.063       49
179:     0.140  0.059  0.032  0.219  0.171  0.161  0.105  0.053  0.059       23
180:     0.194  0.047  0.034  0.197  0.141  0.120  0.164  0.041  0.062       49
181:     0.002  0.044  0.939  0.002  0.002  0.002  0.002  0.003  0.004       30
182:     0.004  0.412  0.540  0.006  0.010  0.006  0.008  0.005  0.010       30
183:     0.132  0.071  0.068  0.108  0.132  0.304  0.077  0.053  0.054       34
184:     0.175  0.043  0.043  0.160  0.136  0.162  0.189  0.035  0.057       36
185:     0.189  0.049  0.039  0.163  0.139  0.189  0.128  0.043  0.061       40
186:     0.186  0.039  0.033  0.133  0.170  0.181  0.155  0.041  0.062       39
187:     0.160  0.045  0.036  0.182  0.154  0.177  0.132  0.048  0.066       37
188:     0.169  0.052  0.042  0.172  0.179  0.164  0.118  0.044  0.060       40
189:     0.170  0.048  0.045  0.153  0.131  0.187  0.163  0.039  0.062       35
190:     0.197  0.059  0.046  0.157  0.167  0.167  0.103  0.040  0.064       28
191:     0.168  0.051  0.043  0.120  0.178  0.177  0.161  0.043  0.059       36
192:     0.158  0.044  0.043  0.192  0.179  0.165  0.117  0.036  0.067       32
--------------------------------------------

 Rep#:   Lambda   Alpha      F1    F2    F3    F4    F5    F6    F7    F8    F9     D1,2  D1,3  D1,4  D1,5  D1,6  D1,7  D1,8  D1,9  D2,3  D2,4  D2,5  D2,6  D2,7  D2,8  D2,9  D3,4  D3,5  D3,6  D3,7  D3,8  D3,9  D4,5  D4,6  D4,7  D4,8  D4,9  D5,6  D5,7  D5,8  D5,9  D6,7  D6,8  D6,9  D7,8  D7,9  D8,9    Ln Like 
 1000:    1.00    0.610    0.011 0.214 0.291 0.012 0.009 0.011 0.008 0.166 0.253    0.032 0.043 0.004 0.003 0.003 0.003 0.030 0.041 0.057 0.032 0.032 0.032 0.032 0.050 0.061 0.043 0.043 0.043 0.042 0.062 0.072 0.003 0.004 0.003 0.030 0.041 0.003 0.003 0.030 0.041 0.003 0.030 0.042 0.029 0.041 0.059   --  
 1100:    1.00    0.597    0.011 0.205 0.289 0.012 0.009 0.011 0.008 0.162 0.256    0.031 0.043 0.004 0.003 0.003 0.003 0.029 0.042 0.056 0.032 0.031 0.031 0.031 0.049 0.060 0.043 0.043 0.042 0.042 0.061 0.072 0.003 0.004 0.003 0.030 0.042 0.003 0.003 0.029 0.041 0.003 0.030 0.041 0.029 0.041 0.059   --  
 1200:    1.00    0.575    0.011 0.204 0.287 0.012 0.009 0.011 0.008 0.161 0.254    0.031 0.043 0.004 0.003 0.003 0.003 0.029 0.041 0.057 0.032 0.031 0.031 0.031 0.050 0.060 0.044 0.043 0.043 0.043 0.062 0.072 0.003 0.004 0.003 0.029 0.041 0.003 0.003 0.029 0.041 0.003 0.029 0.041 0.029 0.040 0.059   --  
 1300:    1.00    0.554    0.011 0.211 0.295 0.012 0.009 0.011 0.008 0.164 0.258    0.031 0.043 0.004 0.003 0.003 0.003 0.029 0.041 0.057 0.032 0.031 0.031 0.031 0.049 0.061 0.043 0.043 0.043 0.042 0.062 0.073 0.003 0.003 0.003 0.030 0.041 0.003 0.003 0.029 0.041 0.003 0.029 0.041 0.029 0.041 0.059   --  
 1400:    1.00    0.529    0.011 0.208 0.294 0.012 0.009 0.011 0.008 0.162 0.255    0.031 0.043 0.004 0.003 0.003 0.003 0.029 0.041 0.058 0.031 0.031 0.031 0.030 0.049 0.061 0.044 0.043 0.043 0.043 0.062 0.074 0.003 0.004 0.003 0.029 0.041 0.003 0.003 0.029 0.041 0.003 0.029 0.041 0.028 0.040 0.059   --  
 1500:    1.00    0.505    0.011 0.201 0.294 0.012 0.009 0.011 0.008 0.156 0.254    0.031 0.043 0.004 0.003 0.004 0.003 0.029 0.040 0.057 0.031 0.031 0.030 0.030 0.049 0.060 0.044 0.043 0.043 0.042 0.063 0.073 0.003 0.004 0.003 0.029 0.041 0.003 0.003 0.028 0.040 0.003 0.029 0.040 0.028 0.040 0.059   --  
 1600:    1.00    0.478    0.011 0.203 0.291 0.012 0.009 0.011 0.008 0.156 0.250    0.030 0.043 0.003 0.003 0.003 0.003 0.028 0.040 0.057 0.031 0.030 0.030 0.030 0.048 0.060 0.043 0.043 0.043 0.042 0.062 0.072 0.003 0.003 0.003 0.029 0.040 0.003 0.003 0.028 0.040 0.003 0.028 0.040 0.028 0.039 0.059   --  
 1700:    1.00    0.467    0.011 0.196 0.294 0.012 0.009 0.011 0.008 0.157 0.255    0.030 0.043 0.003 0.003 0.003 0.003 0.028 0.041 0.057 0.030 0.030 0.030 0.030 0.048 0.060 0.043 0.042 0.043 0.042 0.062 0.074 0.003 0.004 0.003 0.028 0.041 0.003 0.003 0.028 0.040 0.003 0.028 0.040 0.028 0.040 0.059   --  
 1800:    1.00    0.449    0.011 0.198 0.289 0.012 0.009 0.011 0.008 0.152 0.252    0.030 0.042 0.004 0.003 0.003 0.003 0.028 0.040 0.057 0.030 0.030 0.030 0.029 0.048 0.060 0.043 0.043 0.043 0.042 0.061 0.074 0.003 0.003 0.003 0.028 0.040 0.003 0.003 0.028 0.040 0.003 0.028 0.041 0.027 0.040 0.059   --  
 1900:    1.00    0.425    0.011 0.204 0.290 0.012 0.009 0.011 0.008 0.158 0.256    0.030 0.042 0.003 0.003 0.003 0.003 0.028 0.040 0.056 0.030 0.030 0.030 0.030 0.048 0.060 0.042 0.042 0.042 0.042 0.061 0.073 0.003 0.004 0.003 0.028 0.040 0.003 0.003 0.028 0.039 0.003 0.028 0.040 0.028 0.040 0.060   --  

--------------------------------------------
Proportion of membership of each pre-defined
 population in each of the 9 clusters

Given    Inferred Clusters                                                 Number of
 Pop       1      2      3      4      5      6      7      8      9      Individuals

  1:     0.163  0.048  0.031  0.220  0.179  0.134  0.162  0.030  0.032       54
  2:     0.169  0.040  0.027  0.226  0.144  0.153  0.172  0.031  0.037       30
