

----------------------------------------------------
STRUCTURE by Pritchard, Stephens and Donnelly (2000)
     and Falush, Stephens and Pritchard (2003)
       Code by Pritchard, Falush and Hubisz
             Version 2.3.4 (Jul 2012)
----------------------------------------------------


Reading file "/workdir/yc2644/CV_CT_array/structure/threader_input/mainparams".
Reading file "/workdir/yc2644/CV_CT_array/structure/threader_input/extraparams".
Reading file "/workdir/yc2644/CV_CT_array/structure/threader_input/n1601.recode.strct_in".


Data file "/workdir/yc2644/CV_CT_array/structure/threader_input/n1601.recode.strct_in" (truncated) --

Ind:   Label Pop : Genotype_data . . . .
  1:  001s    1  :  2   1   2   2   2   1   2  . . . .   2
  1:  001s    1  :  2   2   2   2   2   2   2  . . . .   2
  2:  002s    1  :  2   2   2   2   1   1   2  . . . .   2
  2:  002s    1  :  2   2   2   2   2   2   2  . . . .   2
  3:  003s    1  :  1   2   1   2   2   2   2  . . . .   1
  3:  003s    1  :  2   2   1   2   2   2   2  . . . .   2
  4:  004s    1  :  1   1   2   2   1   2   2  . . . .   1
  4:  004s    1  :  2   1   2   2   2   2   2  . . . .   2

      *******   

1600:    49  192  :  2   2   2   2   2   1   2  . . . .   1
1600:    49  192  :  2   2   2   2   2   2   2  . . . .   2
1601:    50  192  :  2   1   2   2   1   2   2  . . . .   1
1601:    50  192  :  2   2   2   2   2   2   2  . . . .   2

Number of alleles per locus: min= 2; ave=2.0; max= 2


--------------------------------------

Finished initialization; starting MCMC 
100000 iterations + 10000 burnin


--------------------------------------------
Proportion of membership of each pre-defined
 population in each of the 9 clusters

Given    Inferred Clusters                                                 Number of
 Pop       1      2      3      4      5      6      7      8      9      Individuals

  1:     0.115  0.082  0.115  0.140  0.063  0.159  0.090  0.133  0.102       54
  2:     0.112  0.110  0.117  0.125  0.052  0.151  0.076  0.142  0.116       30
  3:     0.095  0.075  0.064  0.042  0.398  0.048  0.170  0.029  0.077       30
  4:     0.233  0.050  0.020  0.031  0.406  0.015  0.150  0.026  0.070       20
  5:     0.163  0.056  0.035  0.039  0.385  0.025  0.232  0.022  0.041       30
  6:     0.119  0.102  0.127  0.112  0.053  0.149  0.094  0.120  0.124       43
  7:     0.112  0.083  0.115  0.158  0.049  0.146  0.091  0.125  0.120       44
  8:     0.038  0.152  0.137  0.124  0.041  0.061  0.118  0.213  0.116        4
  9:     0.091  0.085  0.157  0.104  0.046  0.193  0.075  0.151  0.098       22
 10:     0.091  0.104  0.128  0.147  0.041  0.130  0.067  0.183  0.110       24
 11:     0.115  0.107  0.140  0.140  0.050  0.113  0.099  0.125  0.111       54
 12:     0.093  0.101  0.139  0.138  0.050  0.143  0.083  0.117  0.135       37
 13:     0.107  0.093  0.152  0.124  0.051  0.144  0.093  0.130  0.106       42
 14:     0.117  0.095  0.125  0.120  0.054  0.132  0.094  0.136  0.127       42
 15:     0.110  0.091  0.127  0.135  0.056  0.164  0.091  0.118  0.109       49
 16:     0.109  0.105  0.141  0.128  0.054  0.142  0.087  0.128  0.107      124
 17:     0.110  0.083  0.133  0.149  0.050  0.139  0.081  0.160  0.095       24
 18:     0.097  0.091  0.092  0.149  0.047  0.157  0.088  0.164  0.114       34
 19:     0.107  0.074  0.139  0.128  0.052  0.154  0.100  0.125  0.122       52
 20:     0.104  0.087  0.093  0.126  0.062  0.110  0.114  0.157  0.147        1
 21:     0.030  0.226  0.053  0.293  0.016  0.072  0.057  0.091  0.162        1
 22:     0.135  0.180  0.044  0.055  0.071  0.211  0.071  0.123  0.111        1
 23:     0.051  0.008  0.121  0.076  0.055  0.198  0.096  0.090  0.306        1
 24:     0.132  0.132  0.118  0.142  0.067  0.118  0.066  0.106  0.119        1
 25:     0.080  0.065  0.194  0.139  0.096  0.184  0.022  0.021  0.199        1
 26:     0.008  0.047  0.178  0.129  0.081  0.116  0.021  0.094  0.325        1
 27:     0.004  0.188  0.105  0.007  0.077  0.166  0.170  0.213  0.070        1
 28:     0.116  0.113  0.047  0.358  0.054  0.014  0.084  0.006  0.208        1
 29:     0.066  0.043  0.052  0.069  0.006  0.368  0.085  0.104  0.208        1
 30:     0.021  0.034  0.154  0.124  0.114  0.122  0.055  0.315  0.061        1
 31:     0.211  0.027  0.035  0.089  0.095  0.169  0.197  0.047  0.130        1
 32:     0.163  0.017  0.147  0.099  0.067  0.077  0.017  0.185  0.228        1
 33:     0.123  0.085  0.103  0.162  0.071  0.139  0.088  0.093  0.138        1
 34:     0.195  0.076  0.087  0.166  0.006  0.097  0.129  0.070  0.172        1
 35:     0.169  0.202  0.132  0.010  0.008  0.073  0.106  0.159  0.141        1
 36:     0.196  0.057  0.169  0.045  0.093  0.144  0.036  0.122  0.138        1
 37:     0.023  0.085  0.043  0.121  0.016  0.421  0.089  0.090  0.111        1
 38:     0.010  0.116  0.015  0.243  0.102  0.173  0.018  0.240  0.082        1
 39:     0.149  0.055  0.122  0.095  0.087  0.101  0.096  0.113  0.183        1
 40:     0.090  0.140  0.075  0.138  0.060  0.106  0.094  0.114  0.182        1
 41:     0.068  0.190  0.075  0.146  0.050  0.180  0.084  0.076  0.132        1
 42:     0.044  0.047  0.124  0.135  0.048  0.238  0.109  0.027  0.227        1
 43:     0.124  0.125  0.073  0.071  0.084  0.125  0.061  0.095  0.242        1
 44:     0.065  0.134  0.185  0.179  0.109  0.046  0.101  0.025  0.156        1
 45:     0.099  0.093  0.134  0.129  0.053  0.097  0.089  0.147  0.158        1
 46:     0.051  0.201  0.040  0.015  0.070  0.223  0.079  0.319  0.001        1
 47:     0.121  0.112  0.114  0.107  0.049  0.164  0.083  0.129  0.121        1
 48:     0.043  0.037  0.119  0.221  0.045  0.372  0.071  0.022  0.070        1
 49:     0.079  0.112  0.248  0.142  0.007  0.042  0.109  0.106  0.155        1
 50:     0.028  0.089  0.005  0.062  0.205  0.078  0.297  0.151  0.085        1
 51:     0.307  0.101  0.026  0.206  0.154  0.052  0.067  0.055  0.033        1
 52:     0.062  0.113  0.260  0.155  0.069  0.093  0.101  0.045  0.102        1
 53:     0.105  0.090  0.123  0.099  0.067  0.137  0.095  0.161  0.123        1
 54:     0.057  0.096  0.085  0.123  0.146  0.095  0.076  0.121  0.200        1
 55:     0.032  0.045  0.059  0.264  0.210  0.013  0.051  0.205  0.122        1
 56:     0.027  0.001  0.044  0.270  0.060  0.004  0.026  0.369  0.199        1
 57:     0.055  0.052  0.008  0.073  0.107  0.153  0.024  0.023  0.506        1
 58:     0.054  0.115  0.012  0.158  0.137  0.070  0.046  0.075  0.332        1
 59:     0.076  0.075  0.068  0.008  0.089  0.040  0.125  0.129  0.389        1
 60:     0.080  0.219  0.082  0.047  0.092  0.012  0.073  0.035  0.360        1
 61:     0.010  0.120  0.014  0.133  0.205  0.079  0.018  0.333  0.087        1
 62:     0.043  0.083  0.271  0.037  0.278  0.111  0.055  0.085  0.037        1
 63:     0.010  0.094  0.064  0.115  0.160  0.117  0.030  0.115  0.294        1
 64:     0.023  0.005  0.029  0.106  0.150  0.074  0.016  0.126  0.471        1
 65:     0.038  0.189  0.057  0.055  0.173  0.013  0.078  0.236  0.162        1
 66:     0.053  0.037  0.016  0.201  0.149  0.062  0.022  0.260  0.198        1
 67:     0.068  0.104  0.149  0.278  0.187  0.026  0.026  0.101  0.061        1
 68:     0.061  0.057  0.034  0.080  0.136  0.088  0.050  0.421  0.074        1
 69:     0.088  0.030  0.008  0.197  0.154  0.014  0.017  0.171  0.322        1
 70:     0.147  0.049  0.061  0.193  0.129  0.088  0.037  0.120  0.176        1
 71:     0.019  0.058  0.034  0.267  0.165  0.034  0.042  0.034  0.346        1
 72:     0.020  0.146  0.023  0.009  0.188  0.102  0.075  0.223  0.216        1
 73:     0.089  0.138  0.028  0.166  0.149  0.044  0.059  0.167  0.159        1
 74:     0.124  0.063  0.086  0.147  0.112  0.074  0.050  0.144  0.201        1
 75:     0.012  0.119  0.124  0.064  0.197  0.012  0.050  0.034  0.389        1
 76:     0.006  0.072  0.139  0.118  0.296  0.034  0.308  0.019  0.008        1
 77:     0.111  0.093  0.105  0.037  0.152  0.086  0.052  0.086  0.278        1
 78:     0.009  0.122  0.008  0.049  0.130  0.004  0.165  0.082  0.430        1
 79:     0.047  0.205  0.092  0.086  0.166  0.066  0.026  0.142  0.170        1
 80:     0.061  0.119  0.070  0.139  0.140  0.085  0.057  0.160  0.169        1
 81:     0.002  0.153  0.135  0.003  0.201  0.032  0.095  0.024  0.355        1
 82:     0.098  0.080  0.160  0.126  0.200  0.079  0.028  0.125  0.104        1
 83:     0.073  0.139  0.001  0.123  0.153  0.170  0.046  0.067  0.227        1
 84:     0.017  0.286  0.077  0.018  0.261  0.030  0.053  0.183  0.076        1
 85:     0.022  0.244  0.010  0.042  0.249  0.116  0.003  0.201  0.113        1
 86:     0.211  0.098  0.059  0.001  0.302  0.008  0.027  0.200  0.093        1
 87:     0.049  0.185  0.037  0.084  0.226  0.055  0.042  0.164  0.157        1
 88:     0.022  0.241  0.042  0.131  0.287  0.014  0.007  0.154  0.101        1
 89:     0.012  0.028  0.052  0.043  0.234  0.005  0.019  0.485  0.123        1
 90:     0.058  0.421  0.017  0.020  0.310  0.011  0.080  0.055  0.029        1
 91:     0.005  0.252  0.007  0.073  0.238  0.003  0.014  0.139  0.269        1
 92:     0.034  0.206  0.049  0.031  0.211  0.052  0.019  0.330  0.069        1
 93:     0.028  0.506  0.002  0.050  0.289  0.027  0.020  0.041  0.037        1
 94:     0.071  0.188  0.114  0.029  0.230  0.009  0.028  0.124  0.206        1
 95:     0.050  0.294  0.073  0.051  0.283  0.023  0.031  0.126  0.069        1
 96:     0.030  0.349  0.082  0.139  0.250  0.018  0.032  0.051  0.048        1
 97:     0.083  0.226  0.024  0.036  0.251  0.027  0.067  0.164  0.123        1
 98:     0.018  0.271  0.024  0.016  0.226  0.042  0.062  0.154  0.187        1
 99:     0.065  0.451  0.064  0.062  0.243  0.014  0.011  0.074  0.015        1
100:     0.021  0.227  0.052  0.086  0.317  0.037  0.032  0.083  0.144        1
101:     0.054  0.350  0.022  0.065  0.226  0.051  0.083  0.055  0.096        1
102:     0.019  0.171  0.059  0.010  0.222  0.085  0.053  0.216  0.164        1
103:     0.056  0.130  0.071  0.003  0.276  0.034  0.051  0.345  0.035        1
104:     0.010  0.309  0.062  0.009  0.202  0.009  0.030  0.158  0.211        1
105:     0.022  0.155  0.053  0.135  0.362  0.002  0.016  0.154  0.102        1
106:     0.006  0.254  0.099  0.037  0.160  0.004  0.086  0.212  0.142        1
107:     0.035  0.392  0.115  0.048  0.236  0.002  0.059  0.057  0.056        1
108:     0.088  0.113  0.068  0.079  0.233  0.082  0.069  0.101  0.167        1
109:     0.051  0.186  0.069  0.093  0.253  0.051  0.048  0.165  0.086        1
110:     0.068  0.493  0.065  0.001  0.114  0.007  0.118  0.087  0.046        1
111:     0.001  0.496  0.009  0.083  0.232  0.003  0.120  0.035  0.020        1
112:     0.196  0.032  0.014  0.093  0.311  0.056  0.005  0.273  0.019        1
113:     0.071  0.078  0.034  0.084  0.212  0.004  0.025  0.489  0.004        1
114:     0.035  0.273  0.056  0.004  0.258  0.016  0.017  0.124  0.217        1
115:     0.073  0.250  0.073  0.014  0.240  0.041  0.008  0.218  0.085        1
116:     0.006  0.536  0.010  0.003  0.221  0.026  0.016  0.148  0.034        1
117:     0.010  0.580  0.041  0.005  0.231  0.062  0.005  0.031  0.036        1
118:     0.040  0.299  0.023  0.052  0.321  0.020  0.095  0.123  0.027        1
119:     0.031  0.420  0.081  0.168  0.173  0.012  0.047  0.025  0.044        1
120:     0.052  0.280  0.078  0.067  0.201  0.042  0.050  0.065  0.165        1
121:     0.030  0.075  0.053  0.105  0.280  0.005  0.058  0.075  0.318        1
122:     0.057  0.179  0.051  0.078  0.201  0.064  0.065  0.191  0.113        1
123:     0.023  0.412  0.001  0.043  0.260  0.021  0.041  0.022  0.176        1
124:     0.032  0.241  0.013  0.129  0.273  0.011  0.000  0.214  0.087        1
125:     0.087  0.284  0.033  0.083  0.240  0.020  0.031  0.079  0.143        1
126:     0.014  0.256  0.014  0.031  0.216  0.026  0.053  0.363  0.028        1
127:     0.073  0.077  0.018  0.074  0.239  0.033  0.044  0.227  0.215        1
128:     0.017  0.130  0.020  0.163  0.323  0.088  0.023  0.186  0.050        1
129:     0.013  0.255  0.049  0.050  0.281  0.004  0.002  0.259  0.087        1
130:     0.118  0.124  0.182  0.029  0.370  0.006  0.022  0.110  0.040        1
131:     0.027  0.152  0.003  0.010  0.261  0.018  0.027  0.475  0.027        1
132:     0.031  0.077  0.110  0.005  0.295  0.015  0.052  0.395  0.021        1
133:     0.081  0.352  0.006  0.020  0.304  0.040  0.048  0.055  0.093        1
134:     0.074  0.442  0.024  0.012  0.208  0.057  0.005  0.065  0.114        1
135:     0.054  0.181  0.034  0.029  0.211  0.029  0.153  0.182  0.126        1
136:     0.066  0.254  0.085  0.081  0.222  0.032  0.038  0.121  0.100        1
137:     0.004  0.218  0.003  0.123  0.242  0.040  0.042  0.316  0.012        1
138:     0.063  0.374  0.060  0.128  0.250  0.019  0.042  0.019  0.045        1
139:     0.013  0.331  0.072  0.101  0.320  0.008  0.009  0.116  0.028        1
140:     0.008  0.132  0.111  0.003  0.293  0.019  0.067  0.103  0.266        1
141:     0.026  0.216  0.115  0.058  0.290  0.023  0.005  0.189  0.078        1
142:     0.130  0.292  0.081  0.008  0.256  0.089  0.010  0.073  0.060        1
143:     0.008  0.394  0.034  0.001  0.319  0.035  0.004  0.155  0.049        1
144:     0.049  0.209  0.071  0.049  0.245  0.035  0.035  0.173  0.134        1
145:     0.082  0.233  0.019  0.011  0.231  0.101  0.007  0.127  0.189        1
146:     0.030  0.292  0.045  0.002  0.259  0.015  0.097  0.187  0.072        1
147:     0.001  0.506  0.061  0.019  0.177  0.001  0.035  0.124  0.077        1
148:     0.113  0.142  0.060  0.215  0.124  0.122  0.023  0.162  0.039        1
149:     0.090  0.108  0.104  0.071  0.155  0.098  0.114  0.119  0.142        1
150:     0.125  0.108  0.096  0.011  0.029  0.294  0.080  0.029  0.227        1
151:     0.151  0.063  0.129  0.011  0.017  0.246  0.141  0.084  0.157        1
152:     0.082  0.055  0.051  0.127  0.069  0.259  0.170  0.031  0.156        1
153:     0.221  0.141  0.076  0.131  0.029  0.100  0.063  0.187  0.050        1
154:     0.057  0.099  0.211  0.116  0.033  0.132  0.122  0.109  0.121        1
155:     0.007  0.277  0.234  0.131  0.020  0.055  0.053  0.104  0.118        1
156:     0.099  0.233  0.208  0.101  0.035  0.090  0.086  0.051  0.097        1
157:     0.145  0.094  0.194  0.344  0.022  0.035  0.005  0.151  0.009        1
158:     0.015  0.064  0.300  0.077  0.054  0.118  0.068  0.238  0.065        1
159:     0.020  0.023  0.112  0.097  0.036  0.523  0.005  0.078  0.104        1
160:     0.046  0.094  0.004  0.094  0.019  0.261  0.217  0.088  0.177        1
161:     0.054  0.172  0.100  0.199  0.128  0.039  0.053  0.198  0.056        1
162:     0.087  0.070  0.139  0.108  0.037  0.113  0.153  0.165  0.128        1
163:     0.028  0.007  0.037  0.114  0.124  0.362  0.033  0.036  0.259        1
164:     0.181  0.104  0.075  0.060  0.061  0.129  0.098  0.133  0.160        1
165:     0.100  0.095  0.111  0.139  0.103  0.091  0.118  0.079  0.163        1
166:     0.043  0.056  0.044  0.269  0.002  0.134  0.248  0.016  0.188        1
167:     0.305  0.148  0.007  0.008  0.015  0.187  0.055  0.138  0.137        1
168:     0.115  0.124  0.179  0.080  0.022  0.092  0.022  0.112  0.254        1
169:     0.102  0.104  0.026  0.327  0.061  0.070  0.033  0.133  0.144        1
170:     0.022  0.075  0.100  0.084  0.015  0.083  0.162  0.305  0.154        1
171:     0.125  0.099  0.097  0.084  0.070  0.259  0.030  0.042  0.193        1
172:     0.157  0.050  0.304  0.065  0.085  0.052  0.058  0.077  0.152        1
173:     0.014  0.169  0.047  0.151  0.032  0.229  0.083  0.018  0.258        1
174:     0.123  0.118  0.074  0.096  0.057  0.169  0.128  0.130  0.104        1
175:     0.106  0.093  0.108  0.146  0.055  0.146  0.093  0.129  0.124       50
176:     0.108  0.097  0.142  0.136  0.057  0.165  0.072  0.122  0.102       49
177:     0.093  0.092  0.145  0.129  0.052  0.149  0.094  0.150  0.095       50
178:     0.098  0.087  0.115  0.151  0.052  0.150  0.088  0.135  0.125       49
179:     0.096  0.101  0.133  0.149  0.049  0.137  0.094  0.128  0.112       23
180:     0.095  0.111  0.126  0.128  0.049  0.158  0.093  0.121  0.120       49
181:     0.037  0.040  0.023  0.031  0.545  0.025  0.263  0.013  0.023       30
182:     0.083  0.048  0.038  0.040  0.584  0.029  0.112  0.028  0.038       30
183:     0.110  0.095  0.142  0.119  0.094  0.140  0.095  0.109  0.095       34
184:     0.102  0.096  0.150  0.119  0.047  0.172  0.097  0.112  0.105       36
185:     0.091  0.101  0.132  0.138  0.058  0.167  0.085  0.118  0.109       40
186:     0.107  0.082  0.143  0.112  0.050  0.179  0.069  0.133  0.125       39
187:     0.108  0.107  0.150  0.118  0.051  0.133  0.098  0.126  0.109       37
188:     0.116  0.095  0.147  0.121  0.059  0.143  0.081  0.138  0.101       40
189:     0.130  0.089  0.134  0.099  0.050  0.170  0.100  0.112  0.116       35
190:     0.124  0.104  0.128  0.126  0.056  0.138  0.085  0.119  0.120       28
191:     0.115  0.100  0.113  0.135  0.047  0.151  0.108  0.113  0.119       36
192:     0.109  0.103  0.135  0.164  0.051  0.134  0.087  0.122  0.094       32
--------------------------------------------

 Rep#:   Lambda   Alpha      F1    F2    F3    F4    F5    F6    F7    F8    F9     D1,2  D1,3  D1,4  D1,5  D1,6  D1,7  D1,8  D1,9  D2,3  D2,4  D2,5  D2,6  D2,7  D2,8  D2,9  D3,4  D3,5  D3,6  D3,7  D3,8  D3,9  D4,5  D4,6  D4,7  D4,8  D4,9  D5,6  D5,7  D5,8  D5,9  D6,7  D6,8  D6,9  D7,8  D7,9  D8,9    Ln Like 
  100:    1.00    1.371    0.012 0.014 0.012 0.010 0.322 0.023 0.070 0.012 0.010    0.006 0.004 0.004 0.053 0.006 0.012 0.005 0.004 0.006 0.005 0.056 0.007 0.017 0.005 0.005 0.003 0.056 0.005 0.013 0.004 0.004 0.056 0.005 0.013 0.004 0.003 0.060 0.048 0.058 0.056 0.015 0.006 0.005 0.015 0.014 0.004   --  
  200:    1.00    1.013    0.146 0.228 0.012 0.010 0.335 0.026 0.304 0.012 0.148    0.059 0.030 0.030 0.066 0.033 0.074 0.030 0.050 0.041 0.040 0.078 0.044 0.081 0.040 0.057 0.003 0.052 0.006 0.055 0.004 0.028 0.051 0.005 0.054 0.003 0.027 0.056 0.079 0.052 0.066 0.057 0.006 0.031 0.055 0.073 0.026   --  
  300:    1.00    0.906    0.297 0.202 0.012 0.010 0.321 0.026 0.404 0.012 0.248    0.063 0.048 0.047 0.068 0.052 0.080 0.048 0.068 0.037 0.036 0.071 0.040 0.077 0.036 0.061 0.003 0.049 0.005 0.062 0.004 0.042 0.049 0.005 0.062 0.003 0.041 0.052 0.073 0.049 0.072 0.066 0.005 0.045 0.062 0.082 0.042   --  
  400:    1.00    0.849    0.278 0.182 0.012 0.010 0.318 0.024 0.393 0.012 0.257    0.058 0.043 0.043 0.064 0.047 0.071 0.044 0.067 0.034 0.034 0.069 0.037 0.073 0.034 0.061 0.003 0.048 0.005 0.058 0.004 0.044 0.048 0.005 0.058 0.003 0.044 0.051 0.069 0.048 0.075 0.061 0.005 0.047 0.058 0.082 0.044   --  
  500:    1.00    0.779    0.253 0.177 0.012 0.010 0.320 0.023 0.377 0.011 0.262    0.055 0.041 0.040 0.061 0.044 0.067 0.040 0.065 0.033 0.032 0.068 0.035 0.071 0.032 0.061 0.003 0.049 0.005 0.057 0.003 0.043 0.049 0.005 0.057 0.003 0.043 0.051 0.069 0.048 0.075 0.059 0.005 0.046 0.057 0.081 0.043   --  
  600:    1.00    0.735    0.246 0.172 0.012 0.010 0.315 0.022 0.377 0.011 0.264    0.053 0.038 0.038 0.059 0.041 0.066 0.038 0.064 0.032 0.031 0.067 0.034 0.070 0.031 0.061 0.003 0.049 0.005 0.056 0.004 0.044 0.049 0.005 0.056 0.003 0.044 0.051 0.071 0.049 0.077 0.059 0.005 0.046 0.056 0.082 0.044   --  
  700:    1.00    0.701    0.233 0.167 0.012 0.010 0.333 0.021 0.378 0.011 0.261    0.052 0.036 0.036 0.058 0.039 0.063 0.036 0.063 0.031 0.031 0.067 0.033 0.071 0.031 0.060 0.003 0.049 0.005 0.055 0.003 0.043 0.049 0.005 0.054 0.003 0.043 0.051 0.070 0.049 0.077 0.057 0.005 0.045 0.054 0.081 0.043   --  
  800:    1.00    0.656    0.230 0.166 0.012 0.011 0.338 0.021 0.368 0.011 0.259    0.051 0.035 0.035 0.058 0.037 0.063 0.035 0.063 0.030 0.030 0.069 0.032 0.070 0.030 0.060 0.003 0.050 0.005 0.054 0.003 0.042 0.050 0.005 0.054 0.003 0.042 0.052 0.071 0.050 0.079 0.056 0.005 0.044 0.054 0.082 0.042   --  
  900:    1.00    0.615    0.224 0.162 0.012 0.011 0.329 0.021 0.370 0.011 0.260    0.051 0.035 0.034 0.058 0.037 0.063 0.035 0.063 0.030 0.030 0.068 0.032 0.070 0.029 0.060 0.003 0.049 0.005 0.054 0.003 0.042 0.049 0.005 0.053 0.003 0.042 0.052 0.072 0.049 0.079 0.056 0.005 0.044 0.054 0.082 0.042   --  

--------------------------------------------
Proportion of membership of each pre-defined
 population in each of the 9 clusters

Given    Inferred Clusters                                                 Number of
 Pop       1      2      3      4      5      6      7      8      9      Individuals

  1:     0.062  0.046  0.152  0.217  0.031  0.206  0.036  0.194  0.056       54
  2:     0.063  0.040  0.161  0.177  0.030  0.201  0.038  0.227  0.063       30
  3:     0.244  0.049  0.078  0.034  0.275  0.013  0.235  0.023  0.049       30
  4:     0.962  0.003  0.002  0.003  0.008  0.001  0.018  0.002  0.002       20
  5:     0.846  0.012  0.008  0.009  0.064  0.011  0.035  0.010  0.007       30
  6:     0.056  0.043  0.154  0.211  0.029  0.218  0.037  0.196  0.055       43
  7:     0.061  0.043  0.148  0.220  0.027  0.225  0.032  0.194  0.050       44
  8:     0.038  0.055  0.174  0.181  0.020  0.152  0.014  0.304  0.063        4
  9:     0.033  0.041  0.221  0.137  0.017  0.240  0.027  0.223  0.060       22
 10:     0.025  0.043  0.126  0.209  0.023  0.214  0.030  0.269  0.060       24
 11:     0.054  0.045  0.187  0.197  0.026  0.219  0.038  0.184  0.050       54
 12:     0.051  0.039  0.198  0.181  0.029  0.225  0.035  0.186  0.057       37
 13:     0.068  0.047  0.195  0.160  0.031  0.238  0.036  0.169  0.057       42
 14:     0.059  0.039  0.199  0.202  0.024  0.187  0.034  0.198  0.056       42
 15:     0.064  0.040  0.190  0.174  0.024  0.246  0.033  0.169  0.060       49
 16:     0.061  0.042  0.193  0.199  0.031  0.196  0.037  0.185  0.057      124
 17:     0.060  0.040  0.176  0.188  0.029  0.196  0.040  0.217  0.055       24
 18:     0.044  0.041  0.165  0.201  0.028  0.206  0.033  0.215  0.066       34
 19:     0.055  0.042  0.180  0.184  0.033  0.232  0.036  0.180  0.057       52
 20:     0.018  0.059  0.076  0.155  0.052  0.353  0.041  0.195  0.051        1
 21:     0.059  0.091  0.080  0.408  0.025  0.197  0.005  0.035  0.099        1
 22:     0.048  0.020  0.052  0.067  0.034  0.142  0.037  0.550  0.050        1
 23:     0.129  0.087  0.056  0.126  0.001  0.360  0.031  0.157  0.053        1
 24:     0.033  0.091  0.115  0.565  0.006  0.088  0.034  0.020  0.048        1
 25:     0.109  0.013  0.412  0.161  0.029  0.102  0.029  0.119  0.025        1
 26:     0.064  0.057  0.283  0.084  0.006  0.222  0.027  0.191  0.066        1
 27:     0.016  0.097  0.035  0.107  0.027  0.091  0.059  0.535  0.033        1
 28:     0.027  0.019  0.298  0.170  0.013  0.319  0.047  0.000  0.106        1
 29:     0.026  0.058  0.114  0.160  0.008  0.398  0.055  0.106  0.074        1
 30:     0.150  0.078  0.078  0.089  0.012  0.062  0.015  0.481  0.036        1
 31:     0.187  0.056  0.011  0.147  0.064  0.220  0.046  0.209  0.061        1
 32:     0.034  0.056  0.055  0.332  0.069  0.345  0.017  0.050  0.041        1
 33:     0.097  0.032  0.199  0.172  0.012  0.151  0.064  0.188  0.085        1
 34:     0.055  0.063  0.095  0.371  0.001  0.206  0.054  0.071  0.084        1
 35:     0.015  0.042  0.279  0.026  0.043  0.258  0.015  0.255  0.066        1
 36:     0.044  0.063  0.231  0.115  0.026  0.156  0.060  0.234  0.071        1
 37:     0.062  0.063  0.020  0.141  0.020  0.423  0.036  0.193  0.042        1
 38:     0.101  0.114  0.023  0.266  0.002  0.009  0.036  0.403  0.047        1
 39:     0.047  0.061  0.252  0.101  0.001  0.040  0.012  0.400  0.087        1
 40:     0.070  0.110  0.061  0.107  0.025  0.379  0.043  0.131  0.075        1
 41:     0.039  0.054  0.105  0.158  0.027  0.514  0.015  0.008  0.080        1
 42:     0.059  0.082  0.164  0.350  0.037  0.213  0.037  0.002  0.057        1
 43:     0.048  0.045  0.113  0.470  0.017  0.175  0.030  0.034  0.069        1
 44:     0.082  0.028  0.272  0.306  0.015  0.120  0.068  0.057  0.052        1
 45:     0.048  0.026  0.067  0.145  0.006  0.143  0.047  0.426  0.092        1
 46:     0.007  0.092  0.015  0.105  0.041  0.319  0.059  0.322  0.040        1
 47:     0.055  0.019  0.002  0.007  0.015  0.805  0.062  0.005  0.031        1
 48:     0.029  0.044  0.023  0.006  0.031  0.822  0.027  0.000  0.018        1
 49:     0.051  0.057  0.232  0.333  0.010  0.019  0.023  0.195  0.079        1
 50:     0.260  0.075  0.172  0.336  0.058  0.034  0.028  0.000  0.036        1
 51:     0.165  0.079  0.014  0.350  0.050  0.040  0.047  0.202  0.053        1
 52:     0.029  0.077  0.346  0.253  0.034  0.124  0.030  0.029  0.077        1
 53:     0.019  0.077  0.258  0.052  0.070  0.299  0.041  0.123  0.062        1
 54:     0.001  0.001  0.002  0.002  0.002  0.000  0.009  0.002  0.982        1
 55:     0.000  0.001  0.000  0.000  0.007  0.001  0.001  0.002  0.988        1
 56:     0.005  0.001  0.027  0.070  0.001  0.000  0.022  0.037  0.836        1
 57:     0.004  0.000  0.012  0.004  0.000  0.003  0.004  0.026  0.947        1
 58:     0.001  0.009  0.002  0.041  0.000  0.006  0.017  0.021  0.903        1
 59:     0.027  0.012  0.051  0.016  0.023  0.005  0.011  0.030  0.826        1
 60:     0.007  0.000  0.001  0.001  0.000  0.001  0.000  0.001  0.989        1
 61:     0.003  0.000  0.003  0.001  0.001  0.000  0.000  0.007  0.986        1
 62:     0.253  0.035  0.049  0.036  0.100  0.038  0.149  0.326  0.017        1
 63:     0.037  0.000  0.006  0.013  0.008  0.001  0.009  0.010  0.916        1
 64:     0.002  0.002  0.000  0.002  0.000  0.000  0.002  0.000  0.991        1
 65:     0.001  0.000  0.000  0.000  0.000  0.000  0.000  0.002  0.996        1
 66:     0.003  0.002  0.009  0.001  0.012  0.007  0.010  0.005  0.952        1
 67:     0.053  0.080  0.022  0.053  0.031  0.043  0.001  0.103  0.615        1
 68:     0.004  0.007  0.001  0.001  0.024  0.007  0.011  0.011  0.933        1
 69:     0.002  0.000  0.003  0.001  0.000  0.002  0.003  0.000  0.988        1
 70:     0.035  0.033  0.000  0.028  0.017  0.032  0.009  0.042  0.805        1
 71:     0.000  0.002  0.000  0.001  0.003  0.000  0.001  0.000  0.991        1
 72:     0.001  0.000  0.001  0.000  0.001  0.002  0.001  0.003  0.991        1
 73:     0.001  0.000  0.000  0.000  0.000  0.000  0.001  0.000  0.997        1
 74:     0.025  0.009  0.027  0.110  0.005  0.006  0.028  0.036  0.753        1
 75:     0.000  0.001  0.004  0.000  0.000  0.000  0.003  0.000  0.991        1
 76:     0.283  0.096  0.088  0.136  0.074  0.004  0.246  0.074  0.000        1
 77:     0.000  0.000  0.000  0.000  0.000  0.000  0.000  0.000  0.999        1
 78:     0.031  0.019  0.019  0.016  0.040  0.021  0.023  0.041  0.790        1
 79:     0.000  0.000  0.003  0.000  0.001  0.001  0.000  0.001  0.994        1
 80:     0.015  0.001  0.003  0.008  0.003  0.000  0.000  0.002  0.968        1
 81:     0.001  0.000  0.007  0.000  0.003  0.002  0.000  0.000  0.986        1
 82:     0.021  0.133  0.119  0.108  0.044  0.000  0.020  0.028  0.526        1
 83:     0.001  0.000  0.000  0.000  0.000  0.007  0.000  0.000  0.990        1
 84:     0.034  0.919  0.000  0.002  0.028  0.000  0.001  0.004  0.012        1
 85:     0.010  0.917  0.019  0.003  0.032  0.003  0.012  0.003  0.000        1
 86:     0.010  0.872  0.024  0.007  0.004  0.019  0.016  0.009  0.039        1
 87:     0.005  0.971  0.010  0.001  0.005  0.006  0.000  0.001  0.001        1
 88:     0.002  0.961  0.007  0.016  0.001  0.004  0.005  0.002  0.000        1
 89:     0.004  0.931  0.040  0.001  0.004  0.005  0.001  0.001  0.012        1
 90:     0.041  0.939  0.001  0.008  0.003  0.000  0.003  0.002  0.004        1
 91:     0.024  0.932  0.002  0.025  0.001  0.000  0.003  0.012  0.001        1
 92:     0.031  0.818  0.001  0.004  0.018  0.002  0.011  0.113  0.001        1
 93:     0.000  0.908  0.001  0.002  0.024  0.001  0.054  0.010  0.001        1
 94:     0.001  0.896  0.027  0.004  0.002  0.034  0.031  0.001  0.003        1
 95:     0.055  0.890  0.002  0.000  0.020  0.000  0.001  0.032  0.000        1
 96:     0.000  0.973  0.001  0.000  0.000  0.002  0.021  0.001  0.003        1
 97:     0.036  0.909  0.000  0.000  0.001  0.003  0.012  0.004  0.035        1
 98:     0.020  0.909  0.010  0.004  0.003  0.004  0.010  0.035  0.004        1
 99:     0.001  0.992  0.002  0.001  0.002  0.001  0.000  0.000  0.000        1
100:     0.010  0.975  0.000  0.000  0.009  0.001  0.001  0.000  0.003        1
101:     0.029  0.750  0.001  0.046  0.001  0.059  0.019  0.064  0.031        1
102:     0.000  0.776  0.000  0.001  0.001  0.109  0.026  0.053  0.034        1
103:     0.010  0.930  0.000  0.003  0.028  0.000  0.001  0.021  0.006        1
104:     0.002  0.962  0.004  0.000  0.005  0.002  0.005  0.017  0.004        1
105:     0.025  0.880  0.000  0.000  0.036  0.007  0.007  0.002  0.043        1
106:     0.020  0.764  0.042  0.001  0.000  0.057  0.000  0.086  0.030        1
107:     0.009  0.931  0.005  0.002  0.008  0.000  0.041  0.002  0.002        1
108:     0.058  0.834  0.010  0.042  0.020  0.002  0.006  0.028  0.000        1
109:     0.048  0.725  0.002  0.001  0.042  0.057  0.025  0.074  0.026        1
110:     0.007  0.742  0.001  0.003  0.005  0.010  0.003  0.178  0.051        1
111:     0.012  0.910  0.009  0.002  0.002  0.000  0.055  0.003  0.007        1
112:     0.007  0.968  0.000  0.010  0.000  0.004  0.002  0.008  0.000        1
113:     0.010  0.915  0.004  0.000  0.031  0.007  0.020  0.005  0.007        1
114:     0.001  0.959  0.008  0.003  0.005  0.002  0.013  0.008  0.002        1
115:     0.002  0.892  0.054  0.002  0.004  0.004  0.000  0.035  0.007        1
116:     0.004  0.979  0.001  0.000  0.003  0.000  0.009  0.002  0.002        1
117:     0.017  0.913  0.005  0.000  0.007  0.012  0.047  0.000  0.000        1
118:     0.004  0.941  0.005  0.003  0.019  0.001  0.021  0.001  0.005        1
119:     0.021  0.825  0.052  0.047  0.000  0.005  0.009  0.019  0.022        1
120:     0.000  0.897  0.008  0.018  0.006  0.000  0.000  0.050  0.021        1
121:     0.002  0.932  0.001  0.027  0.007  0.003  0.021  0.001  0.005        1
122:     0.004  0.928  0.002  0.026  0.001  0.006  0.000  0.019  0.015        1
123:     0.009  0.975  0.010  0.001  0.001  0.003  0.000  0.000  0.000        1
124:     0.082  0.808  0.037  0.007  0.037  0.000  0.015  0.011  0.004        1
125:     0.006  0.966  0.010  0.001  0.000  0.002  0.010  0.000  0.004        1
126:     0.004  0.852  0.039  0.006  0.013  0.005  0.011  0.042  0.028        1
127:     0.027  0.885  0.003  0.004  0.005  0.024  0.016  0.014  0.022        1
128:     0.007  0.936  0.000  0.009  0.029  0.001  0.002  0.002  0.015        1
129:     0.001  0.992  0.002  0.000  0.001  0.000  0.001  0.001  0.002        1
130:     0.051  0.877  0.002  0.001  0.001  0.001  0.041  0.020  0.006        1
131:     0.001  0.958  0.003  0.001  0.002  0.000  0.004  0.001  0.030        1
132:     0.052  0.774  0.003  0.000  0.044  0.009  0.013  0.106  0.000        1
133:     0.094  0.843  0.000  0.008  0.034  0.008  0.005  0.007  0.002        1
134:     0.002  0.814  0.033  0.002  0.039  0.025  0.019  0.039  0.028        1
135:     0.034  0.793  0.000  0.017  0.028  0.029  0.022  0.072  0.005        1
136:     0.001  0.989  0.000  0.001  0.003  0.000  0.005  0.000  0.000        1
137:     0.002  0.956  0.008  0.004  0.003  0.005  0.018  0.001  0.003        1
138:     0.000  0.958  0.005  0.006  0.000  0.000  0.000  0.002  0.028        1
139:     0.055  0.888  0.001  0.002  0.004  0.003  0.045  0.000  0.003        1
140:     0.111  0.837  0.003  0.001  0.006  0.003  0.006  0.004  0.029        1
141:     0.004  0.978  0.000  0.001  0.005  0.000  0.011  0.001  0.000        1
142:     0.016  0.843  0.006  0.034  0.006  0.003  0.017  0.071  0.005        1
143:     0.018  0.903  0.009  0.001  0.016  0.007  0.037  0.007  0.003        1
144:     0.022  0.949  0.000  0.003  0.002  0.000  0.003  0.013  0.007        1
145:     0.000  0.976  0.001  0.004  0.001  0.003  0.000  0.008  0.007        1
146:     0.000  0.922  0.001  0.009  0.009  0.004  0.052  0.003  0.000        1
147:     0.053  0.932  0.005  0.001  0.000  0.000  0.002  0.002  0.004        1
148:     0.117  0.107  0.080  0.210  0.043  0.246  0.028  0.119  0.050        1
149:     0.068  0.105  0.204  0.086  0.071  0.089  0.123  0.214  0.040        1
150:     0.055  0.084  0.273  0.129  0.029  0.360  0.015  0.011  0.043        1
151:     0.000  0.052  0.056  0.016  0.000  0.410  0.059  0.306  0.099        1
152:     0.086  0.000  0.016  0.302  0.020  0.371  0.062  0.059  0.084        1
153:     0.041  0.035  0.028  0.393  0.026  0.001  0.065  0.373  0.037        1
154:     0.050  0.072  0.113  0.481  0.010  0.030  0.013  0.164  0.066        1
155:     0.099  0.063  0.200  0.270  0.007  0.091  0.018  0.181  0.070        1
156:     0.062  0.075  0.304  0.174  0.014  0.209  0.022  0.062  0.078        1
157:     0.079  0.056  0.424  0.197  0.015  0.028  0.007  0.144  0.051        1
158:     0.030  0.075  0.116  0.132  0.009  0.176  0.057  0.357  0.048        1
159:     0.020  0.048  0.171  0.090  0.024  0.177  0.046  0.362  0.062        1
160:     0.064  0.054  0.007  0.123  0.028  0.534  0.018  0.119  0.055        1
161:     0.052  0.133  0.106  0.195  0.020  0.283  0.058  0.065  0.087        1
162:     0.020  0.052  0.226  0.116  0.061  0.175  0.029  0.222  0.099        1
163:     0.092  0.058  0.035  0.218  0.001  0.348  0.001  0.147  0.101        1
164:     0.046  0.089  0.194  0.042  0.065  0.352  0.031  0.103  0.078        1
165:     0.060  0.108  0.058  0.347  0.058  0.117  0.048  0.123  0.082        1
166:     0.083  0.021  0.329  0.234  0.003  0.090  0.018  0.174  0.050        1
167:     0.051  0.050  0.084  0.224  0.020  0.143  0.065  0.298  0.065        1
168:     0.029  0.025  0.496  0.019  0.048  0.297  0.015  0.019  0.051        1
169:     0.038  0.051  0.096  0.338  0.023  0.144  0.037  0.235  0.038        1
170:     0.007  0.068  0.017  0.256  0.039  0.190  0.010  0.315  0.098        1
171:     0.021  0.084  0.338  0.255  0.009  0.134  0.044  0.049  0.066        1
172:     0.055  0.043  0.429  0.201  0.023  0.076  0.008  0.074  0.090        1
173:     0.046  0.029  0.291  0.187  0.004  0.243  0.052  0.098  0.051        1
174:     0.005  0.045  0.036  0.315  0.079  0.392  0.009  0.070  0.048        1
175:     0.057  0.037  0.162  0.222  0.026  0.206  0.041  0.191  0.057       50
176:     0.050  0.040  0.174  0.213  0.031  0.200  0.036  0.200  0.056       49
177:     0.051  0.043  0.212  0.165  0.030  0.201  0.041  0.200  0.056       50
178:     0.056  0.040  0.177  0.226  0.030  0.189  0.041  0.182  0.060       49
179:     0.062  0.046  0.186  0.231  0.031  0.185  0.029  0.174  0.057       23
180:     0.056  0.039  0.185  0.219  0.025  0.219  0.038  0.163  0.055       49
181:     0.038  0.002  0.002  0.001  0.044  0.003  0.905  0.001  0.003       30
182:     0.083  0.002  0.003  0.005  0.820  0.003  0.073  0.005  0.006       30
183:     0.066  0.062  0.166  0.165  0.061  0.281  0.044  0.105  0.050       34
184:     0.049  0.038  0.239  0.160  0.031  0.262  0.039  0.127  0.054       36
185:     0.060  0.048  0.208  0.182  0.035  0.252  0.035  0.126  0.054       40
186:     0.041  0.043  0.215  0.157  0.033  0.277  0.034  0.146  0.055       39
187:     0.054  0.043  0.222  0.169  0.028  0.238  0.040  0.152  0.055       37
188:     0.059  0.045  0.214  0.159  0.037  0.201  0.033  0.198  0.054       40
189:     0.049  0.043  0.218  0.138  0.030  0.278  0.043  0.143  0.058       35
190:     0.058  0.037  0.239  0.160  0.040  0.256  0.033  0.118  0.059       28
191:     0.056  0.038  0.220  0.176  0.032  0.234  0.038  0.152  0.053       36
192:     0.053  0.037  0.231  0.177  0.031  0.238  0.038  0.137  0.058       32
--------------------------------------------

 Rep#:   Lambda   Alpha      F1    F2    F3    F4    F5    F6    F7    F8    F9     D1,2  D1,3  D1,4  D1,5  D1,6  D1,7  D1,8  D1,9  D2,3  D2,4  D2,5  D2,6  D2,7  D2,8  D2,9  D3,4  D3,5  D3,6  D3,7  D3,8  D3,9  D4,5  D4,6  D4,7  D4,8  D4,9  D5,6  D5,7  D5,8  D5,9  D6,7  D6,8  D6,9  D7,8  D7,9  D8,9    Ln Like 
 1000:    1.00    0.571    0.226 0.160 0.012 0.010 0.327 0.021 0.364 0.011 0.255    0.050 0.034 0.034 0.058 0.036 0.062 0.034 0.062 0.030 0.029 0.067 0.031 0.070 0.029 0.059 0.003 0.048 0.005 0.053 0.003 0.041 0.048 0.005 0.052 0.003 0.041 0.051 0.071 0.048 0.077 0.055 0.005 0.043 0.052 0.081 0.041   --  
 1100:    1.00    0.558    0.220 0.155 0.012 0.010 0.323 0.021 0.367 0.011 0.255    0.050 0.034 0.033 0.058 0.036 0.063 0.034 0.062 0.029 0.029 0.067 0.031 0.070 0.029 0.059 0.003 0.048 0.005 0.053 0.003 0.041 0.048 0.005 0.053 0.003 0.042 0.051 0.071 0.048 0.079 0.055 0.005 0.043 0.053 0.082 0.042   --  
 1200:    1.00    0.519    0.218 0.158 0.012 0.011 0.323 0.019 0.365 0.011 0.252    0.050 0.034 0.033 0.058 0.036 0.063 0.034 0.062 0.029 0.029 0.067 0.030 0.070 0.029 0.059 0.003 0.048 0.005 0.052 0.003 0.041 0.048 0.005 0.052 0.003 0.041 0.050 0.071 0.048 0.078 0.054 0.004 0.042 0.052 0.081 0.041   --  
 1300:    1.00    0.496    0.218 0.154 0.012 0.011 0.332 0.019 0.362 0.011 0.249    0.050 0.033 0.033 0.058 0.035 0.062 0.033 0.062 0.029 0.028 0.067 0.030 0.069 0.028 0.059 0.003 0.048 0.005 0.052 0.003 0.041 0.048 0.005 0.051 0.003 0.041 0.050 0.071 0.048 0.078 0.054 0.005 0.043 0.052 0.080 0.041   --  
 1400:    1.00    0.485    0.214 0.158 0.012 0.011 0.333 0.019 0.365 0.011 0.254    0.049 0.032 0.032 0.057 0.034 0.062 0.033 0.061 0.029 0.028 0.067 0.029 0.069 0.028 0.059 0.003 0.048 0.004 0.052 0.003 0.040 0.048 0.004 0.051 0.003 0.040 0.049 0.071 0.048 0.078 0.053 0.004 0.042 0.052 0.081 0.041   --  
 1500:    1.00    0.467    0.213 0.154 0.012 0.011 0.326 0.018 0.360 0.011 0.253    0.050 0.033 0.032 0.057 0.034 0.063 0.032 0.061 0.028 0.028 0.067 0.029 0.070 0.028 0.059 0.003 0.048 0.004 0.052 0.004 0.041 0.048 0.004 0.052 0.003 0.041 0.049 0.071 0.048 0.078 0.053 0.004 0.041 0.052 0.081 0.040   --  
 1600:    1.00    0.436    0.213 0.156 0.012 0.011 0.328 0.018 0.366 0.011 0.253    0.050 0.033 0.032 0.057 0.034 0.063 0.033 0.062 0.028 0.028 0.066 0.029 0.070 0.028 0.059 0.004 0.047 0.004 0.052 0.003 0.041 0.047 0.004 0.052 0.003 0.041 0.048 0.071 0.047 0.078 0.053 0.004 0.042 0.052 0.082 0.040   --  
 1700:    1.00    0.413    0.209 0.156 0.012 0.011 0.332 0.016 0.363 0.011 0.251    0.049 0.032 0.031 0.056 0.033 0.062 0.032 0.062 0.028 0.028 0.067 0.029 0.069 0.028 0.059 0.003 0.047 0.004 0.051 0.003 0.041 0.047 0.004 0.051 0.003 0.041 0.048 0.071 0.047 0.078 0.053 0.004 0.042 0.051 0.083 0.041   --  
 1800:    1.00    0.403    0.213 0.154 0.011 0.011 0.328 0.016 0.368 0.011 0.255    0.050 0.032 0.032 0.057 0.033 0.062 0.032 0.062 0.028 0.028 0.067 0.028 0.069 0.027 0.059 0.004 0.047 0.004 0.051 0.003 0.040 0.047 0.004 0.051 0.003 0.040 0.048 0.071 0.047 0.079 0.052 0.004 0.041 0.051 0.082 0.040   --  
 1900:    1.00    0.375    0.214 0.153 0.011 0.012 0.324 0.016 0.360 0.011 0.248    0.050 0.032 0.032 0.058 0.033 0.062 0.032 0.061 0.028 0.028 0.067 0.029 0.070 0.028 0.059 0.004 0.047 0.004 0.051 0.003 0.040 0.048 0.004 0.051 0.003 0.040 0.048 0.071 0.047 0.078 0.052 0.004 0.040 0.051 0.081 0.039   --  

--------------------------------------------
Proportion of membership of each pre-defined
 population in each of the 9 clusters

Given    Inferred Clusters                                                 Number of
 Pop       1      2      3      4      5      6      7      8      9      Individuals

  1:     0.038  0.027  0.170  0.264  0.018  0.204  0.024  0.224  0.032       54
  2:     0.034  0.030  0.195  0.200  0.018  0.234  0.021  0.231  0.037       30
