

----------------------------------------------------
STRUCTURE by Pritchard, Stephens and Donnelly (2000)
     and Falush, Stephens and Pritchard (2003)
       Code by Pritchard, Falush and Hubisz
             Version 2.3.4 (Jul 2012)
----------------------------------------------------


Reading file "/workdir/yc2644/CV_CT_array/structure/threader_input/mainparams".
Reading file "/workdir/yc2644/CV_CT_array/structure/threader_input/extraparams".
Reading file "/workdir/yc2644/CV_CT_array/structure/threader_input/n1601.recode.strct_in".


Data file "/workdir/yc2644/CV_CT_array/structure/threader_input/n1601.recode.strct_in" (truncated) --

Ind:   Label Pop : Genotype_data . . . .
  1:  001s    1  :  2   1   2   2   2   1   2  . . . .   2
  1:  001s    1  :  2   2   2   2   2   2   2  . . . .   2
  2:  002s    1  :  2   2   2   2   1   1   2  . . . .   2
  2:  002s    1  :  2   2   2   2   2   2   2  . . . .   2
  3:  003s    1  :  1   2   1   2   2   2   2  . . . .   1
  3:  003s    1  :  2   2   1   2   2   2   2  . . . .   2
  4:  004s    1  :  1   1   2   2   1   2   2  . . . .   1
  4:  004s    1  :  2   1   2   2   2   2   2  . . . .   2

      *******   

1600:    49  192  :  2   2   2   2   2   1   2  . . . .   1
1600:    49  192  :  2   2   2   2   2   2   2  . . . .   2
1601:    50  192  :  2   1   2   2   1   2   2  . . . .   1
1601:    50  192  :  2   2   2   2   2   2   2  . . . .   2

Number of alleles per locus: min= 2; ave=2.0; max= 2


--------------------------------------

Finished initialization; starting MCMC 
100000 iterations + 10000 burnin


--------------------------------------------
Proportion of membership of each pre-defined
 population in each of the 9 clusters

Given    Inferred Clusters                                                 Number of
 Pop       1      2      3      4      5      6      7      8      9      Individuals

  1:     0.115  0.118  0.102  0.124  0.111  0.121  0.060  0.115  0.134       54
  2:     0.097  0.141  0.098  0.157  0.110  0.123  0.059  0.113  0.100       30
  3:     0.085  0.043  0.065  0.061  0.048  0.076  0.477  0.078  0.068       30
  4:     0.086  0.032  0.072  0.045  0.052  0.081  0.525  0.082  0.026       20
  5:     0.090  0.037  0.094  0.040  0.049  0.080  0.492  0.071  0.048       30
  6:     0.100  0.147  0.119  0.134  0.104  0.104  0.054  0.095  0.142       43
  7:     0.099  0.103  0.103  0.152  0.098  0.129  0.054  0.103  0.159       44
  8:     0.091  0.109  0.132  0.159  0.165  0.099  0.051  0.091  0.102        4
  9:     0.127  0.128  0.089  0.135  0.118  0.122  0.037  0.094  0.150       22
 10:     0.098  0.114  0.086  0.147  0.139  0.136  0.035  0.095  0.150       24
 11:     0.112  0.127  0.111  0.138  0.104  0.127  0.051  0.098  0.132       54
 12:     0.115  0.122  0.094  0.155  0.095  0.127  0.048  0.097  0.148       37
 13:     0.121  0.099  0.098  0.131  0.111  0.122  0.060  0.109  0.148       42
 14:     0.105  0.139  0.099  0.150  0.102  0.117  0.050  0.118  0.121       42
 15:     0.101  0.127  0.106  0.113  0.121  0.121  0.055  0.115  0.140       49
 16:     0.096  0.114  0.103  0.148  0.118  0.121  0.058  0.112  0.129      124
 17:     0.112  0.116  0.090  0.135  0.120  0.124  0.055  0.102  0.145       24
 18:     0.116  0.113  0.107  0.130  0.144  0.114  0.043  0.088  0.146       34
 19:     0.097  0.132  0.113  0.122  0.096  0.117  0.053  0.116  0.154       52
 20:     0.118  0.107  0.102  0.097  0.172  0.141  0.064  0.084  0.116        1
 21:     0.033  0.197  0.133  0.207  0.132  0.048  0.003  0.202  0.043        1
 22:     0.139  0.144  0.098  0.119  0.150  0.077  0.061  0.116  0.097        1
 23:     0.151  0.081  0.113  0.118  0.126  0.095  0.076  0.113  0.127        1
 24:     0.126  0.180  0.050  0.083  0.124  0.059  0.056  0.038  0.285        1
 25:     0.102  0.166  0.099  0.092  0.068  0.120  0.058  0.132  0.165        1
 26:     0.091  0.042  0.238  0.119  0.360  0.004  0.054  0.034  0.058        1
 27:     0.088  0.105  0.038  0.161  0.132  0.100  0.106  0.098  0.173        1
 28:     0.046  0.082  0.110  0.111  0.232  0.088  0.042  0.158  0.132        1
 29:     0.118  0.074  0.073  0.120  0.036  0.064  0.054  0.124  0.338        1
 30:     0.123  0.133  0.137  0.067  0.117  0.147  0.088  0.085  0.104        1
 31:     0.152  0.131  0.047  0.031  0.078  0.045  0.129  0.257  0.130        1
 32:     0.020  0.242  0.167  0.203  0.032  0.067  0.055  0.095  0.118        1
 33:     0.130  0.082  0.176  0.041  0.015  0.321  0.042  0.079  0.114        1
 34:     0.099  0.168  0.133  0.158  0.011  0.128  0.036  0.024  0.243        1
 35:     0.098  0.095  0.251  0.010  0.142  0.137  0.046  0.084  0.138        1
 36:     0.076  0.255  0.035  0.076  0.119  0.116  0.046  0.142  0.136        1
 37:     0.309  0.063  0.002  0.071  0.153  0.170  0.065  0.112  0.057        1
 38:     0.017  0.350  0.159  0.088  0.034  0.108  0.085  0.050  0.109        1
 39:     0.051  0.039  0.098  0.113  0.140  0.158  0.050  0.335  0.018        1
 40:     0.047  0.212  0.082  0.187  0.030  0.069  0.069  0.120  0.184        1
 41:     0.099  0.112  0.092  0.129  0.152  0.145  0.040  0.100  0.131        1
 42:     0.013  0.261  0.184  0.051  0.049  0.092  0.035  0.099  0.216        1
 43:     0.115  0.127  0.091  0.126  0.104  0.139  0.074  0.065  0.160        1
 44:     0.113  0.123  0.100  0.175  0.080  0.054  0.103  0.132  0.120        1
 45:     0.392  0.074  0.214  0.087  0.026  0.012  0.061  0.020  0.115        1
 46:     0.315  0.061  0.018  0.098  0.034  0.073  0.069  0.131  0.201        1
 47:     0.040  0.061  0.087  0.242  0.003  0.389  0.015  0.148  0.016        1
 48:     0.060  0.175  0.076  0.079  0.234  0.266  0.021  0.019  0.070        1
 49:     0.053  0.074  0.044  0.087  0.088  0.147  0.023  0.204  0.279        1
 50:     0.100  0.152  0.106  0.088  0.091  0.103  0.210  0.116  0.035        1
 51:     0.035  0.012  0.178  0.078  0.177  0.039  0.160  0.126  0.195        1
 52:     0.084  0.140  0.099  0.119  0.029  0.149  0.074  0.133  0.172        1
 53:     0.007  0.025  0.073  0.220  0.222  0.111  0.073  0.133  0.135        1
 54:     0.033  0.041  0.062  0.047  0.136  0.001  0.106  0.341  0.234        1
 55:     0.048  0.188  0.008  0.084  0.119  0.343  0.179  0.015  0.016        1
 56:     0.094  0.123  0.131  0.083  0.153  0.151  0.082  0.084  0.099        1
 57:     0.019  0.098  0.234  0.029  0.217  0.142  0.082  0.126  0.054        1
 58:     0.087  0.256  0.048  0.066  0.209  0.113  0.134  0.035  0.051        1
 59:     0.120  0.108  0.127  0.080  0.152  0.135  0.115  0.096  0.066        1
 60:     0.231  0.054  0.116  0.100  0.141  0.064  0.121  0.154  0.020        1
 61:     0.037  0.266  0.200  0.111  0.048  0.077  0.160  0.053  0.048        1
 62:     0.083  0.052  0.068  0.137  0.130  0.221  0.279  0.012  0.018        1
 63:     0.030  0.349  0.053  0.003  0.175  0.089  0.111  0.084  0.106        1
 64:     0.078  0.127  0.111  0.056  0.170  0.116  0.133  0.105  0.105        1
 65:     0.034  0.211  0.052  0.090  0.069  0.274  0.094  0.122  0.054        1
 66:     0.062  0.197  0.141  0.094  0.074  0.186  0.116  0.081  0.049        1
 67:     0.096  0.134  0.100  0.091  0.140  0.152  0.099  0.086  0.100        1
 68:     0.015  0.162  0.042  0.147  0.193  0.078  0.092  0.116  0.156        1
 69:     0.072  0.167  0.070  0.076  0.157  0.122  0.119  0.111  0.106        1
 70:     0.051  0.107  0.084  0.092  0.157  0.117  0.106  0.154  0.131        1
 71:     0.013  0.151  0.047  0.004  0.339  0.127  0.118  0.066  0.135        1
 72:     0.130  0.133  0.128  0.109  0.148  0.123  0.112  0.088  0.028        1
 73:     0.021  0.257  0.151  0.127  0.070  0.068  0.122  0.065  0.119        1
 74:     0.093  0.220  0.014  0.038  0.191  0.139  0.089  0.206  0.009        1
 75:     0.056  0.025  0.018  0.094  0.440  0.096  0.089  0.055  0.127        1
 76:     0.064  0.089  0.063  0.074  0.094  0.062  0.388  0.098  0.068        1
 77:     0.024  0.098  0.007  0.151  0.284  0.153  0.169  0.063  0.051        1
 78:     0.083  0.047  0.049  0.040  0.213  0.211  0.139  0.017  0.201        1
 79:     0.168  0.059  0.066  0.034  0.196  0.234  0.146  0.031  0.067        1
 80:     0.100  0.140  0.094  0.092  0.089  0.123  0.126  0.150  0.086        1
 81:     0.055  0.272  0.405  0.029  0.015  0.007  0.107  0.104  0.005        1
 82:     0.155  0.209  0.010  0.101  0.211  0.044  0.138  0.127  0.003        1
 83:     0.015  0.165  0.109  0.074  0.169  0.015  0.107  0.166  0.180        1
 84:     0.056  0.094  0.533  0.003  0.060  0.006  0.050  0.131  0.067        1
 85:     0.114  0.122  0.201  0.051  0.335  0.038  0.113  0.019  0.007        1
 86:     0.127  0.022  0.057  0.039  0.302  0.066  0.103  0.278  0.007        1
 87:     0.253  0.084  0.056  0.063  0.311  0.003  0.073  0.149  0.008        1
 88:     0.253  0.086  0.065  0.070  0.145  0.047  0.105  0.189  0.041        1
 89:     0.450  0.079  0.139  0.003  0.079  0.026  0.104  0.049  0.071        1
 90:     0.050  0.079  0.150  0.023  0.272  0.004  0.166  0.219  0.037        1
 91:     0.216  0.044  0.303  0.066  0.122  0.050  0.101  0.097  0.001        1
 92:     0.205  0.101  0.222  0.063  0.039  0.029  0.116  0.141  0.084        1
 93:     0.045  0.022  0.183  0.002  0.384  0.054  0.137  0.163  0.010        1
 94:     0.298  0.043  0.051  0.016  0.126  0.084  0.118  0.167  0.096        1
 95:     0.210  0.154  0.118  0.052  0.101  0.118  0.141  0.084  0.022        1
 96:     0.362  0.063  0.317  0.013  0.040  0.017  0.076  0.110  0.002        1
 97:     0.081  0.012  0.311  0.024  0.108  0.059  0.077  0.282  0.047        1
 98:     0.439  0.073  0.150  0.075  0.114  0.028  0.065  0.051  0.004        1
 99:     0.357  0.007  0.113  0.112  0.210  0.014  0.096  0.075  0.017        1
100:     0.324  0.038  0.157  0.019  0.162  0.010  0.122  0.158  0.009        1
101:     0.156  0.280  0.004  0.022  0.349  0.011  0.101  0.076  0.002        1
102:     0.474  0.013  0.114  0.084  0.001  0.011  0.066  0.076  0.161        1
103:     0.295  0.123  0.055  0.029  0.202  0.012  0.038  0.216  0.028        1
104:     0.230  0.004  0.259  0.006  0.272  0.026  0.076  0.118  0.009        1
105:     0.381  0.078  0.053  0.061  0.121  0.064  0.150  0.060  0.032        1
106:     0.345  0.189  0.259  0.020  0.100  0.007  0.054  0.010  0.017        1
107:     0.330  0.009  0.134  0.002  0.134  0.006  0.100  0.178  0.108        1
108:     0.037  0.264  0.134  0.021  0.242  0.032  0.118  0.138  0.013        1
109:     0.055  0.122  0.187  0.059  0.282  0.016  0.166  0.044  0.068        1
110:     0.132  0.084  0.158  0.035  0.269  0.002  0.081  0.153  0.086        1
111:     0.412  0.051  0.023  0.065  0.044  0.012  0.130  0.197  0.066        1
112:     0.175  0.018  0.347  0.007  0.085  0.094  0.091  0.129  0.055        1
113:     0.170  0.125  0.158  0.047  0.071  0.061  0.093  0.216  0.060        1
114:     0.439  0.088  0.061  0.031  0.177  0.018  0.098  0.066  0.022        1
115:     0.216  0.123  0.171  0.062  0.122  0.035  0.102  0.069  0.100        1
116:     0.331  0.030  0.283  0.058  0.109  0.043  0.087  0.042  0.017        1
117:     0.272  0.146  0.086  0.092  0.149  0.030  0.109  0.099  0.018        1
118:     0.095  0.158  0.182  0.014  0.186  0.024  0.157  0.064  0.119        1
119:     0.303  0.080  0.268  0.011  0.225  0.005  0.089  0.007  0.012        1
120:     0.224  0.036  0.183  0.021  0.260  0.051  0.049  0.104  0.071        1
121:     0.152  0.115  0.170  0.052  0.170  0.064  0.136  0.097  0.044        1
122:     0.228  0.090  0.052  0.030  0.272  0.001  0.086  0.172  0.068        1
123:     0.144  0.104  0.214  0.058  0.107  0.036  0.125  0.153  0.059        1
124:     0.302  0.108  0.052  0.097  0.193  0.051  0.141  0.053  0.003        1
125:     0.443  0.042  0.084  0.029  0.031  0.028  0.123  0.125  0.096        1
126:     0.260  0.040  0.071  0.025  0.380  0.011  0.094  0.094  0.025        1
127:     0.262  0.093  0.205  0.070  0.074  0.031  0.126  0.073  0.067        1
128:     0.302  0.016  0.069  0.022  0.163  0.100  0.102  0.189  0.037        1
129:     0.146  0.049  0.247  0.020  0.155  0.044  0.108  0.228  0.003        1
130:     0.563  0.004  0.263  0.001  0.016  0.038  0.104  0.005  0.005        1
131:     0.021  0.006  0.527  0.019  0.142  0.037  0.084  0.129  0.035        1
132:     0.178  0.108  0.140  0.110  0.121  0.055  0.138  0.071  0.080        1
133:     0.052  0.065  0.279  0.065  0.247  0.006  0.179  0.080  0.027        1
134:     0.148  0.206  0.235  0.015  0.082  0.046  0.096  0.119  0.053        1
135:     0.058  0.135  0.336  0.055  0.095  0.031  0.089  0.160  0.040        1
136:     0.152  0.021  0.133  0.037  0.326  0.057  0.094  0.133  0.048        1
137:     0.188  0.091  0.191  0.047  0.189  0.058  0.092  0.086  0.057        1
138:     0.190  0.027  0.203  0.024  0.228  0.084  0.074  0.158  0.011        1
139:     0.134  0.101  0.131  0.048  0.185  0.057  0.166  0.133  0.045        1
140:     0.045  0.105  0.320  0.063  0.135  0.067  0.173  0.028  0.065        1
141:     0.602  0.080  0.118  0.030  0.026  0.006  0.048  0.072  0.019        1
142:     0.111  0.101  0.089  0.064  0.273  0.106  0.124  0.081  0.049        1
143:     0.123  0.109  0.192  0.077  0.124  0.037  0.154  0.151  0.034        1
144:     0.262  0.102  0.309  0.020  0.141  0.020  0.079  0.041  0.026        1
145:     0.292  0.031  0.001  0.007  0.370  0.038  0.107  0.143  0.012        1
146:     0.036  0.037  0.097  0.009  0.242  0.068  0.151  0.331  0.029        1
147:     0.321  0.075  0.156  0.040  0.120  0.045  0.120  0.067  0.057        1
148:     0.090  0.091  0.142  0.171  0.129  0.078  0.112  0.094  0.093        1
149:     0.119  0.066  0.172  0.017  0.024  0.176  0.132  0.125  0.169        1
150:     0.021  0.123  0.138  0.298  0.199  0.105  0.023  0.009  0.084        1
151:     0.107  0.106  0.139  0.134  0.134  0.074  0.066  0.101  0.140        1
152:     0.086  0.176  0.094  0.129  0.034  0.276  0.062  0.091  0.052        1
153:     0.095  0.160  0.028  0.269  0.039  0.172  0.053  0.129  0.054        1
154:     0.022  0.137  0.058  0.169  0.258  0.074  0.024  0.185  0.073        1
155:     0.246  0.001  0.032  0.113  0.166  0.124  0.051  0.177  0.090        1
156:     0.113  0.179  0.163  0.143  0.028  0.115  0.057  0.073  0.130        1
157:     0.183  0.179  0.149  0.039  0.136  0.066  0.072  0.022  0.154        1
158:     0.111  0.141  0.100  0.110  0.084  0.113  0.063  0.116  0.162        1
159:     0.092  0.129  0.219  0.208  0.101  0.009  0.024  0.055  0.164        1
160:     0.137  0.170  0.112  0.122  0.091  0.084  0.069  0.120  0.095        1
161:     0.126  0.060  0.162  0.159  0.099  0.104  0.061  0.161  0.068        1
162:     0.008  0.093  0.387  0.085  0.085  0.057  0.047  0.004  0.234        1
163:     0.121  0.168  0.072  0.228  0.051  0.044  0.058  0.098  0.160        1
164:     0.061  0.083  0.098  0.108  0.139  0.037  0.092  0.151  0.232        1
165:     0.203  0.033  0.076  0.171  0.147  0.152  0.082  0.052  0.084        1
166:     0.022  0.313  0.065  0.145  0.118  0.007  0.037  0.237  0.056        1
167:     0.127  0.069  0.110  0.088  0.106  0.174  0.062  0.115  0.148        1
168:     0.016  0.118  0.146  0.098  0.205  0.174  0.014  0.047  0.181        1
169:     0.068  0.047  0.081  0.213  0.060  0.117  0.046  0.186  0.181        1
170:     0.171  0.036  0.188  0.153  0.074  0.099  0.046  0.071  0.162        1
171:     0.061  0.359  0.146  0.053  0.064  0.122  0.034  0.051  0.109        1
172:     0.083  0.109  0.129  0.097  0.141  0.091  0.102  0.134  0.114        1
173:     0.084  0.122  0.165  0.045  0.073  0.130  0.039  0.147  0.195        1
174:     0.106  0.369  0.111  0.049  0.067  0.202  0.047  0.017  0.032        1
175:     0.099  0.123  0.111  0.139  0.130  0.128  0.055  0.095  0.121       50
176:     0.099  0.137  0.105  0.115  0.122  0.120  0.051  0.106  0.146       49
177:     0.112  0.117  0.100  0.129  0.133  0.133  0.052  0.099  0.125       50
178:     0.125  0.112  0.094  0.129  0.124  0.118  0.057  0.090  0.150       49
179:     0.098  0.122  0.098  0.138  0.155  0.096  0.057  0.134  0.101       23
180:     0.104  0.121  0.091  0.130  0.131  0.114  0.048  0.105  0.157       49
181:     0.027  0.025  0.028  0.032  0.015  0.033  0.763  0.049  0.028       30
182:     0.048  0.038  0.044  0.030  0.039  0.046  0.656  0.073  0.026       30
183:     0.092  0.147  0.128  0.110  0.130  0.110  0.092  0.098  0.092       34
184:     0.107  0.095  0.131  0.145  0.113  0.137  0.055  0.091  0.126       36
185:     0.098  0.129  0.124  0.135  0.101  0.143  0.056  0.102  0.111       40
186:     0.114  0.161  0.107  0.134  0.103  0.114  0.054  0.086  0.128       39
187:     0.102  0.130  0.114  0.138  0.102  0.125  0.058  0.098  0.133       37
188:     0.114  0.134  0.099  0.108  0.120  0.128  0.059  0.111  0.129       40
189:     0.107  0.144  0.115  0.119  0.101  0.124  0.057  0.099  0.134       35
190:     0.093  0.143  0.093  0.140  0.105  0.110  0.066  0.110  0.141       28
191:     0.118  0.130  0.110  0.128  0.116  0.121  0.054  0.121  0.101       36
192:     0.100  0.136  0.100  0.109  0.119  0.125  0.051  0.113  0.148       32
--------------------------------------------

 Rep#:   Lambda   Alpha      F1    F2    F3    F4    F5    F6    F7    F8    F9     D1,2  D1,3  D1,4  D1,5  D1,6  D1,7  D1,8  D1,9  D2,3  D2,4  D2,5  D2,6  D2,7  D2,8  D2,9  D3,4  D3,5  D3,6  D3,7  D3,8  D3,9  D4,5  D4,6  D4,7  D4,8  D4,9  D5,6  D5,7  D5,8  D5,9  D6,7  D6,8  D6,9  D7,8  D7,9  D8,9    Ln Like 
  100:    1.00    1.447    0.010 0.010 0.007 0.010 0.010 0.010 0.307 0.010 0.010    0.004 0.003 0.004 0.003 0.004 0.048 0.003 0.004 0.003 0.003 0.003 0.003 0.048 0.003 0.003 0.003 0.003 0.003 0.047 0.003 0.003 0.004 0.003 0.048 0.003 0.003 0.003 0.048 0.003 0.004 0.047 0.003 0.003 0.047 0.048 0.003   --  
  200:    1.00    1.140    0.249 0.011 0.007 0.010 0.010 0.010 0.228 0.010 0.012    0.043 0.042 0.043 0.042 0.042 0.062 0.042 0.043 0.003 0.003 0.004 0.003 0.033 0.003 0.004 0.003 0.003 0.003 0.032 0.003 0.003 0.004 0.003 0.033 0.003 0.003 0.004 0.033 0.004 0.004 0.033 0.003 0.004 0.032 0.033 0.004   --  
  300:    1.00    0.934    0.194 0.011 0.007 0.010 0.239 0.010 0.200 0.010 0.012    0.035 0.034 0.035 0.061 0.035 0.052 0.035 0.035 0.003 0.003 0.039 0.003 0.029 0.003 0.004 0.003 0.039 0.003 0.029 0.003 0.003 0.039 0.003 0.029 0.003 0.003 0.039 0.055 0.040 0.040 0.029 0.003 0.004 0.029 0.030 0.004   --  
  400:    1.00    0.872    0.183 0.012 0.007 0.010 0.256 0.010 0.182 0.010 0.012    0.033 0.031 0.032 0.061 0.032 0.048 0.032 0.032 0.003 0.003 0.042 0.003 0.028 0.003 0.004 0.003 0.041 0.003 0.027 0.003 0.003 0.042 0.003 0.028 0.003 0.004 0.042 0.057 0.042 0.042 0.028 0.003 0.003 0.027 0.028 0.004   --  
  500:    1.00    0.806    0.170 0.012 0.007 0.010 0.257 0.010 0.174 0.010 0.012    0.032 0.030 0.031 0.061 0.031 0.047 0.031 0.031 0.003 0.003 0.042 0.003 0.027 0.003 0.004 0.003 0.041 0.003 0.026 0.003 0.003 0.042 0.003 0.027 0.003 0.004 0.042 0.056 0.042 0.042 0.027 0.003 0.004 0.027 0.027 0.004   --  
  600:    1.00    0.741    0.170 0.012 0.007 0.010 0.255 0.010 0.171 0.010 0.012    0.031 0.030 0.031 0.061 0.030 0.046 0.031 0.031 0.003 0.003 0.042 0.003 0.026 0.003 0.004 0.003 0.041 0.003 0.026 0.003 0.003 0.042 0.003 0.026 0.003 0.004 0.042 0.056 0.042 0.042 0.026 0.003 0.004 0.026 0.027 0.004   --  
  700:    1.00    0.709    0.164 0.012 0.007 0.010 0.261 0.010 0.173 0.010 0.012    0.030 0.029 0.030 0.060 0.030 0.046 0.030 0.030 0.003 0.004 0.042 0.004 0.026 0.004 0.004 0.003 0.041 0.003 0.025 0.003 0.003 0.042 0.003 0.026 0.003 0.004 0.042 0.056 0.042 0.042 0.026 0.003 0.004 0.026 0.026 0.004   --  
  800:    1.00    0.672    0.162 0.012 0.007 0.010 0.257 0.010 0.170 0.010 0.012    0.030 0.029 0.029 0.060 0.030 0.045 0.030 0.030 0.003 0.003 0.041 0.003 0.026 0.003 0.004 0.003 0.041 0.003 0.025 0.003 0.003 0.041 0.003 0.025 0.003 0.004 0.041 0.056 0.041 0.041 0.026 0.003 0.004 0.026 0.026 0.004   --  
  900:    1.00    0.664    0.163 0.012 0.007 0.010 0.255 0.010 0.168 0.010 0.012    0.030 0.029 0.029 0.059 0.029 0.045 0.029 0.029 0.003 0.003 0.042 0.004 0.026 0.003 0.004 0.003 0.041 0.003 0.025 0.003 0.003 0.041 0.003 0.025 0.003 0.004 0.041 0.056 0.041 0.042 0.026 0.003 0.004 0.025 0.026 0.004   --  

--------------------------------------------
Proportion of membership of each pre-defined
 population in each of the 9 clusters

Given    Inferred Clusters                                                 Number of
 Pop       1      2      3      4      5      6      7      8      9      Individuals

  1:     0.038  0.136  0.122  0.180  0.050  0.136  0.059  0.119  0.160       54
  2:     0.041  0.123  0.165  0.168  0.060  0.108  0.052  0.158  0.125       30
  3:     0.054  0.016  0.050  0.040  0.052  0.025  0.680  0.044  0.039       30
  4:     0.066  0.007  0.024  0.009  0.013  0.029  0.790  0.053  0.008       20
  5:     0.061  0.018  0.046  0.008  0.022  0.057  0.736  0.040  0.013       30
  6:     0.043  0.157  0.115  0.141  0.045  0.107  0.049  0.151  0.193       43
  7:     0.039  0.088  0.120  0.163  0.044  0.165  0.045  0.145  0.191       44
  8:     0.032  0.187  0.191  0.298  0.054  0.068  0.026  0.096  0.050        4
  9:     0.038  0.151  0.159  0.126  0.050  0.111  0.015  0.101  0.250       22
 10:     0.040  0.163  0.136  0.204  0.047  0.085  0.017  0.094  0.214       24
 11:     0.035  0.118  0.166  0.173  0.040  0.134  0.044  0.122  0.167       54
 12:     0.037  0.122  0.118  0.158  0.050  0.143  0.040  0.145  0.186       37
 13:     0.043  0.115  0.144  0.165  0.050  0.147  0.054  0.114  0.167       42
 14:     0.036  0.125  0.144  0.169  0.048  0.140  0.045  0.134  0.160       42
 15:     0.041  0.134  0.132  0.144  0.052  0.114  0.048  0.138  0.196       49
 16:     0.045  0.129  0.119  0.163  0.047  0.142  0.054  0.137  0.165      124
 17:     0.041  0.151  0.139  0.182  0.056  0.105  0.049  0.119  0.158       24
 18:     0.040  0.142  0.163  0.124  0.059  0.106  0.041  0.155  0.170       34
 19:     0.040  0.146  0.099  0.160  0.050  0.155  0.047  0.130  0.173       52
 20:     0.048  0.120  0.247  0.119  0.051  0.116  0.003  0.071  0.225        1
 21:     0.094  0.171  0.161  0.035  0.089  0.057  0.000  0.196  0.195        1
 22:     0.014  0.242  0.013  0.029  0.079  0.104  0.028  0.425  0.065        1
 23:     0.072  0.060  0.183  0.027  0.052  0.118  0.073  0.174  0.241        1
 24:     0.023  0.042  0.002  0.021  0.054  0.250  0.001  0.093  0.514        1
 25:     0.090  0.107  0.181  0.054  0.006  0.273  0.063  0.172  0.053        1
 26:     0.057  0.049  0.354  0.119  0.077  0.122  0.030  0.076  0.115        1
 27:     0.068  0.200  0.156  0.181  0.067  0.194  0.052  0.043  0.040        1
 28:     0.048  0.267  0.173  0.027  0.042  0.152  0.014  0.055  0.223        1
 29:     0.032  0.058  0.270  0.115  0.045  0.218  0.008  0.107  0.147        1
 30:     0.067  0.430  0.257  0.003  0.031  0.030  0.096  0.062  0.025        1
 31:     0.020  0.042  0.014  0.032  0.077  0.104  0.197  0.225  0.290        1
 32:     0.046  0.318  0.103  0.337  0.064  0.031  0.006  0.000  0.095        1
 33:     0.042  0.060  0.083  0.223  0.100  0.193  0.063  0.162  0.074        1
 34:     0.046  0.305  0.036  0.271  0.078  0.107  0.012  0.107  0.038        1
 35:     0.028  0.218  0.109  0.104  0.065  0.373  0.023  0.054  0.027        1
 36:     0.064  0.349  0.042  0.152  0.061  0.082  0.066  0.067  0.118        1
 37:     0.036  0.116  0.012  0.452  0.015  0.053  0.008  0.004  0.303        1
 38:     0.126  0.252  0.176  0.007  0.049  0.057  0.062  0.202  0.068        1
 39:     0.044  0.050  0.048  0.114  0.106  0.072  0.031  0.508  0.028        1
 40:     0.079  0.199  0.004  0.142  0.065  0.087  0.053  0.288  0.083        1
 41:     0.088  0.039  0.084  0.099  0.036  0.340  0.029  0.178  0.107        1
 42:     0.060  0.135  0.149  0.216  0.041  0.021  0.092  0.043  0.243        1
 43:     0.058  0.194  0.093  0.282  0.042  0.131  0.035  0.138  0.028        1
 44:     0.005  0.070  0.127  0.092  0.088  0.450  0.126  0.031  0.012        1
 45:     0.042  0.076  0.440  0.056  0.086  0.286  0.006  0.004  0.005        1
 46:     0.117  0.012  0.138  0.174  0.038  0.190  0.046  0.044  0.240        1
 47:     0.046  0.016  0.094  0.142  0.039  0.603  0.013  0.041  0.007        1
 48:     0.040  0.110  0.010  0.105  0.045  0.636  0.017  0.030  0.006        1
 49:     0.024  0.053  0.179  0.117  0.053  0.134  0.017  0.049  0.374        1
 50:     0.060  0.096  0.096  0.203  0.057  0.087  0.292  0.083  0.025        1
 51:     0.055  0.044  0.059  0.214  0.053  0.046  0.175  0.240  0.114        1
 52:     0.058  0.159  0.019  0.279  0.075  0.051  0.091  0.091  0.176        1
 53:     0.080  0.346  0.150  0.056  0.039  0.095  0.057  0.019  0.160        1
 54:     0.003  0.001  0.003  0.001  0.983  0.002  0.000  0.003  0.002        1
 55:     0.001  0.001  0.005  0.000  0.984  0.003  0.002  0.002  0.002        1
 56:     0.000  0.004  0.000  0.041  0.830  0.008  0.006  0.072  0.039        1
 57:     0.000  0.037  0.012  0.007  0.924  0.000  0.007  0.005  0.009        1
 58:     0.013  0.055  0.012  0.014  0.884  0.010  0.002  0.010  0.000        1
 59:     0.005  0.044  0.027  0.042  0.849  0.000  0.028  0.006  0.000        1
 60:     0.000  0.004  0.003  0.001  0.976  0.000  0.010  0.006  0.000        1
 61:     0.004  0.002  0.001  0.000  0.989  0.000  0.002  0.001  0.001        1
 62:     0.065  0.064  0.012  0.001  0.003  0.168  0.377  0.306  0.003        1
 63:     0.010  0.006  0.009  0.001  0.910  0.002  0.005  0.052  0.005        1
 64:     0.000  0.000  0.001  0.000  0.995  0.001  0.001  0.000  0.001        1
 65:     0.000  0.000  0.000  0.001  0.994  0.000  0.000  0.004  0.001        1
 66:     0.005  0.001  0.007  0.025  0.950  0.002  0.002  0.006  0.005        1
 67:     0.089  0.097  0.015  0.003  0.626  0.066  0.053  0.038  0.013        1
 68:     0.033  0.004  0.007  0.022  0.899  0.014  0.002  0.004  0.015        1
 69:     0.001  0.003  0.003  0.006  0.977  0.003  0.003  0.001  0.004        1
 70:     0.025  0.024  0.037  0.001  0.788  0.010  0.024  0.052  0.040        1
 71:     0.002  0.000  0.004  0.003  0.984  0.000  0.000  0.006  0.001        1
 72:     0.000  0.000  0.001  0.001  0.994  0.001  0.002  0.002  0.000        1
 73:     0.000  0.002  0.000  0.000  0.995  0.000  0.000  0.001  0.000        1
 74:     0.004  0.094  0.014  0.037  0.765  0.035  0.047  0.002  0.004        1
 75:     0.000  0.002  0.000  0.000  0.996  0.000  0.001  0.000  0.001        1
 76:     0.091  0.000  0.002  0.002  0.003  0.053  0.478  0.356  0.015        1
 77:     0.002  0.001  0.000  0.001  0.995  0.000  0.001  0.001  0.000        1
 78:     0.000  0.005  0.008  0.021  0.820  0.001  0.044  0.090  0.011        1
 79:     0.001  0.000  0.000  0.001  0.994  0.000  0.000  0.002  0.001        1
 80:     0.000  0.003  0.004  0.006  0.975  0.000  0.002  0.003  0.006        1
 81:     0.002  0.001  0.001  0.003  0.986  0.005  0.000  0.002  0.000        1
 82:     0.177  0.131  0.074  0.000  0.530  0.030  0.024  0.004  0.029        1
 83:     0.000  0.004  0.000  0.002  0.990  0.001  0.000  0.003  0.000        1
 84:     0.908  0.001  0.000  0.007  0.029  0.007  0.042  0.005  0.000        1
 85:     0.920  0.031  0.003  0.007  0.001  0.004  0.012  0.004  0.017        1
 86:     0.846  0.005  0.020  0.019  0.039  0.000  0.032  0.037  0.001        1
 87:     0.957  0.014  0.000  0.001  0.005  0.020  0.000  0.001  0.000        1
 88:     0.994  0.002  0.000  0.000  0.001  0.000  0.002  0.000  0.001        1
 89:     0.914  0.005  0.003  0.006  0.008  0.029  0.000  0.005  0.031        1
 90:     0.967  0.001  0.003  0.001  0.023  0.001  0.001  0.002  0.002        1
 91:     0.953  0.002  0.000  0.002  0.008  0.013  0.001  0.021  0.000        1
 92:     0.794  0.019  0.033  0.003  0.002  0.021  0.005  0.093  0.029        1
 93:     0.919  0.002  0.003  0.003  0.007  0.000  0.059  0.008  0.000        1
 94:     0.880  0.001  0.009  0.061  0.003  0.002  0.028  0.005  0.011        1
 95:     0.859  0.051  0.022  0.007  0.010  0.003  0.026  0.015  0.005        1
 96:     0.981  0.001  0.001  0.001  0.004  0.003  0.001  0.001  0.007        1
 97:     0.950  0.001  0.000  0.001  0.027  0.000  0.000  0.005  0.014        1
 98:     0.934  0.002  0.018  0.007  0.003  0.016  0.011  0.008  0.001        1
 99:     0.990  0.002  0.001  0.001  0.000  0.000  0.004  0.001  0.001        1
100:     0.991  0.000  0.000  0.002  0.000  0.001  0.001  0.003  0.001        1
101:     0.707  0.118  0.005  0.086  0.017  0.002  0.048  0.007  0.011        1
102:     0.781  0.004  0.145  0.005  0.027  0.017  0.000  0.018  0.004        1
103:     0.961  0.013  0.000  0.003  0.001  0.000  0.003  0.018  0.001        1
104:     0.915  0.016  0.020  0.015  0.020  0.002  0.006  0.005  0.000        1
105:     0.886  0.007  0.003  0.001  0.040  0.002  0.053  0.007  0.001        1
106:     0.769  0.078  0.066  0.015  0.028  0.016  0.002  0.005  0.021        1
107:     0.953  0.002  0.000  0.000  0.008  0.015  0.018  0.001  0.002        1
108:     0.839  0.096  0.004  0.001  0.004  0.012  0.021  0.004  0.019        1
109:     0.742  0.039  0.042  0.017  0.000  0.017  0.113  0.001  0.029        1
110:     0.768  0.009  0.075  0.010  0.041  0.001  0.003  0.089  0.004        1
111:     0.958  0.010  0.005  0.014  0.000  0.003  0.004  0.005  0.001        1
112:     0.979  0.003  0.000  0.000  0.001  0.001  0.005  0.008  0.002        1
113:     0.935  0.009  0.004  0.000  0.000  0.002  0.040  0.009  0.001        1
114:     0.954  0.000  0.010  0.002  0.015  0.000  0.003  0.002  0.013        1
115:     0.885  0.000  0.044  0.016  0.005  0.030  0.000  0.012  0.008        1
116:     0.969  0.006  0.000  0.000  0.001  0.001  0.005  0.012  0.006        1
117:     0.926  0.002  0.007  0.002  0.000  0.005  0.058  0.000  0.000        1
118:     0.927  0.000  0.003  0.000  0.003  0.000  0.050  0.000  0.017        1
119:     0.830  0.021  0.032  0.000  0.015  0.046  0.017  0.038  0.000        1
120:     0.923  0.002  0.001  0.003  0.043  0.002  0.000  0.021  0.004        1
121:     0.926  0.020  0.002  0.000  0.007  0.004  0.011  0.025  0.006        1
122:     0.923  0.010  0.002  0.000  0.003  0.009  0.017  0.021  0.015        1
123:     0.978  0.000  0.001  0.002  0.006  0.001  0.001  0.012  0.000        1
124:     0.811  0.025  0.013  0.004  0.018  0.004  0.084  0.037  0.004        1
125:     0.982  0.005  0.003  0.001  0.000  0.001  0.000  0.001  0.007        1
126:     0.834  0.034  0.002  0.004  0.024  0.009  0.033  0.000  0.060        1
127:     0.872  0.037  0.019  0.000  0.020  0.007  0.033  0.010  0.002        1
128:     0.911  0.005  0.000  0.003  0.020  0.004  0.032  0.002  0.021        1
129:     0.988  0.003  0.001  0.000  0.000  0.000  0.006  0.000  0.001        1
130:     0.899  0.002  0.003  0.002  0.025  0.003  0.048  0.018  0.001        1
131:     0.970  0.004  0.001  0.000  0.016  0.003  0.000  0.003  0.003        1
132:     0.804  0.019  0.018  0.033  0.000  0.020  0.075  0.000  0.030        1
133:     0.836  0.007  0.001  0.000  0.007  0.013  0.101  0.020  0.016        1
134:     0.794  0.041  0.008  0.022  0.026  0.042  0.000  0.058  0.007        1
135:     0.768  0.017  0.045  0.070  0.021  0.018  0.035  0.000  0.026        1
136:     0.984  0.003  0.001  0.001  0.003  0.001  0.002  0.002  0.003        1
137:     0.949  0.017  0.006  0.000  0.015  0.006  0.002  0.002  0.004        1
138:     0.978  0.000  0.002  0.001  0.016  0.000  0.000  0.000  0.002        1
139:     0.878  0.001  0.012  0.001  0.015  0.006  0.067  0.020  0.000        1
140:     0.874  0.000  0.002  0.004  0.007  0.031  0.080  0.001  0.000        1
141:     0.972  0.000  0.003  0.000  0.003  0.004  0.014  0.004  0.000        1
142:     0.833  0.004  0.031  0.001  0.011  0.022  0.001  0.044  0.053        1
143:     0.919  0.000  0.003  0.002  0.010  0.006  0.056  0.003  0.002        1
144:     0.942  0.003  0.005  0.001  0.017  0.000  0.029  0.000  0.003        1
145:     0.956  0.002  0.017  0.003  0.002  0.012  0.002  0.002  0.003        1
146:     0.907  0.007  0.018  0.000  0.002  0.014  0.050  0.001  0.000        1
147:     0.949  0.009  0.017  0.000  0.000  0.001  0.023  0.000  0.000        1
148:     0.099  0.005  0.241  0.082  0.077  0.235  0.092  0.056  0.112        1
149:     0.085  0.106  0.088  0.032  0.018  0.123  0.179  0.197  0.172        1
150:     0.057  0.132  0.080  0.335  0.033  0.202  0.013  0.100  0.048        1
151:     0.062  0.062  0.097  0.065  0.052  0.079  0.022  0.214  0.348        1
152:     0.034  0.116  0.195  0.081  0.067  0.192  0.096  0.211  0.007        1
153:     0.046  0.258  0.013  0.273  0.040  0.081  0.056  0.178  0.055        1
154:     0.035  0.029  0.070  0.284  0.050  0.201  0.006  0.262  0.062        1
155:     0.090  0.104  0.178  0.141  0.065  0.176  0.002  0.220  0.024        1
156:     0.039  0.016  0.093  0.003  0.068  0.145  0.046  0.336  0.255        1
157:     0.028  0.015  0.400  0.165  0.080  0.153  0.024  0.131  0.003        1
158:     0.076  0.088  0.097  0.107  0.032  0.020  0.029  0.142  0.409        1
159:     0.058  0.220  0.324  0.171  0.071  0.021  0.013  0.031  0.091        1
160:     0.016  0.045  0.054  0.122  0.089  0.442  0.032  0.134  0.067        1
161:     0.117  0.096  0.191  0.275  0.057  0.020  0.075  0.038  0.130        1
162:     0.036  0.081  0.397  0.143  0.113  0.092  0.037  0.009  0.091        1
163:     0.062  0.122  0.077  0.143  0.066  0.078  0.048  0.371  0.032        1
164:     0.054  0.061  0.112  0.030  0.057  0.065  0.043  0.264  0.315        1
165:     0.099  0.126  0.004  0.187  0.059  0.073  0.083  0.190  0.179        1
166:     0.021  0.249  0.017  0.114  0.027  0.020  0.061  0.481  0.009        1
167:     0.043  0.044  0.242  0.021  0.061  0.319  0.045  0.139  0.087        1
168:     0.023  0.041  0.187  0.073  0.053  0.123  0.004  0.034  0.461        1
169:     0.091  0.093  0.134  0.184  0.053  0.161  0.038  0.089  0.156        1
170:     0.043  0.046  0.114  0.414  0.062  0.073  0.009  0.017  0.222        1
171:     0.048  0.234  0.145  0.053  0.030  0.236  0.032  0.021  0.201        1
172:     0.033  0.083  0.316  0.024  0.076  0.184  0.097  0.044  0.143        1
173:     0.036  0.166  0.109  0.048  0.022  0.294  0.012  0.293  0.018        1
174:     0.067  0.379  0.221  0.001  0.050  0.140  0.031  0.004  0.108        1
175:     0.039  0.149  0.134  0.144  0.050  0.155  0.051  0.123  0.156       50
176:     0.040  0.114  0.147  0.144  0.049  0.149  0.045  0.139  0.173       49
177:     0.038  0.145  0.147  0.157  0.045  0.146  0.045  0.107  0.170       50
178:     0.036  0.118  0.119  0.152  0.052  0.124  0.051  0.131  0.216       49
179:     0.039  0.133  0.141  0.166  0.048  0.123  0.056  0.155  0.140       23
180:     0.037  0.128  0.116  0.177  0.053  0.133  0.043  0.126  0.188       49
181:     0.003  0.003  0.003  0.003  0.004  0.003  0.974  0.003  0.003       30
182:     0.007  0.008  0.011  0.007  0.014  0.003  0.934  0.007  0.010       30
183:     0.055  0.175  0.154  0.119  0.043  0.145  0.106  0.136  0.067       34
184:     0.033  0.124  0.146  0.178  0.044  0.162  0.053  0.104  0.156       36
185:     0.044  0.169  0.113  0.160  0.045  0.150  0.054  0.101  0.163       40
186:     0.037  0.176  0.113  0.174  0.050  0.160  0.040  0.092  0.159       39
187:     0.039  0.159  0.136  0.162  0.051  0.166  0.050  0.112  0.125       37
188:     0.044  0.163  0.116  0.135  0.049  0.166  0.053  0.143  0.131       40
189:     0.040  0.175  0.136  0.159  0.052  0.155  0.060  0.100  0.123       35
190:     0.035  0.146  0.092  0.168  0.055  0.143  0.062  0.169  0.130       28
191:     0.042  0.177  0.131  0.134  0.044  0.160  0.049  0.124  0.138       36
192:     0.031  0.141  0.142  0.119  0.049  0.177  0.053  0.143  0.145       32
--------------------------------------------

 Rep#:   Lambda   Alpha      F1    F2    F3    F4    F5    F6    F7    F8    F9     D1,2  D1,3  D1,4  D1,5  D1,6  D1,7  D1,8  D1,9  D2,3  D2,4  D2,5  D2,6  D2,7  D2,8  D2,9  D3,4  D3,5  D3,6  D3,7  D3,8  D3,9  D4,5  D4,6  D4,7  D4,8  D4,9  D5,6  D5,7  D5,8  D5,9  D6,7  D6,8  D6,9  D7,8  D7,9  D8,9    Ln Like 
 1000:    1.00    0.617    0.159 0.012 0.007 0.010 0.255 0.010 0.165 0.010 0.012    0.029 0.028 0.028 0.059 0.029 0.044 0.029 0.029 0.003 0.003 0.041 0.004 0.026 0.004 0.004 0.003 0.040 0.003 0.025 0.003 0.003 0.041 0.003 0.025 0.003 0.004 0.041 0.056 0.041 0.041 0.025 0.003 0.004 0.025 0.025 0.004   --  
 1100:    1.00    0.587    0.157 0.012 0.007 0.010 0.247 0.010 0.169 0.010 0.012    0.028 0.028 0.028 0.059 0.028 0.044 0.029 0.029 0.003 0.003 0.041 0.003 0.025 0.004 0.004 0.003 0.040 0.003 0.025 0.003 0.003 0.040 0.003 0.025 0.003 0.004 0.040 0.055 0.040 0.041 0.025 0.003 0.004 0.025 0.025 0.004   --  
 1200:    1.00    0.559    0.162 0.012 0.007 0.010 0.255 0.010 0.160 0.010 0.013    0.029 0.028 0.029 0.060 0.029 0.044 0.029 0.029 0.003 0.003 0.041 0.004 0.025 0.004 0.004 0.003 0.040 0.003 0.024 0.003 0.003 0.041 0.003 0.025 0.003 0.004 0.040 0.056 0.041 0.041 0.025 0.003 0.004 0.025 0.026 0.004   --  
 1300:    1.00    0.550    0.158 0.011 0.007 0.010 0.256 0.010 0.167 0.011 0.013    0.029 0.028 0.029 0.060 0.029 0.045 0.029 0.029 0.003 0.003 0.040 0.003 0.026 0.004 0.004 0.003 0.040 0.003 0.025 0.003 0.003 0.040 0.003 0.025 0.003 0.004 0.040 0.056 0.041 0.041 0.025 0.003 0.004 0.025 0.026 0.004   --  
 1400:    1.00    0.527    0.158 0.011 0.007 0.010 0.248 0.010 0.170 0.012 0.013    0.028 0.028 0.028 0.059 0.028 0.045 0.029 0.029 0.003 0.003 0.040 0.003 0.025 0.004 0.004 0.003 0.039 0.003 0.025 0.003 0.003 0.040 0.003 0.025 0.004 0.004 0.039 0.055 0.040 0.040 0.025 0.004 0.004 0.025 0.026 0.004   --  
 1500:    1.00    0.501    0.156 0.013 0.007 0.010 0.249 0.010 0.169 0.012 0.013    0.028 0.027 0.028 0.059 0.028 0.044 0.028 0.028 0.003 0.004 0.041 0.004 0.026 0.004 0.004 0.003 0.040 0.003 0.025 0.003 0.003 0.040 0.003 0.025 0.004 0.004 0.040 0.056 0.041 0.040 0.025 0.004 0.004 0.025 0.026 0.004   --  
 1600:    1.00    0.475    0.157 0.013 0.007 0.010 0.252 0.010 0.168 0.014 0.013    0.029 0.028 0.028 0.059 0.028 0.045 0.029 0.029 0.003 0.004 0.041 0.004 0.026 0.005 0.004 0.003 0.040 0.003 0.025 0.004 0.003 0.040 0.003 0.025 0.004 0.004 0.040 0.057 0.041 0.040 0.025 0.004 0.004 0.026 0.026 0.005   --  
 1700:    1.00    0.467    0.153 0.013 0.007 0.010 0.252 0.010 0.173 0.023 0.013    0.028 0.027 0.027 0.059 0.027 0.045 0.030 0.028 0.003 0.004 0.040 0.004 0.026 0.006 0.004 0.003 0.039 0.003 0.026 0.005 0.003 0.040 0.003 0.026 0.006 0.004 0.040 0.057 0.042 0.040 0.026 0.006 0.004 0.028 0.026 0.006   --  
 1800:    1.00    0.448    0.156 0.013 0.007 0.010 0.253 0.010 0.184 0.035 0.013    0.028 0.027 0.027 0.059 0.027 0.046 0.031 0.028 0.003 0.004 0.040 0.004 0.028 0.009 0.004 0.003 0.040 0.003 0.027 0.007 0.003 0.040 0.003 0.027 0.008 0.004 0.040 0.059 0.045 0.040 0.028 0.008 0.004 0.030 0.028 0.009   --  
 1900:    1.00    0.443    0.151 0.013 0.007 0.010 0.249 0.010 0.209 0.169 0.013    0.028 0.027 0.028 0.058 0.028 0.048 0.046 0.028 0.003 0.004 0.041 0.004 0.031 0.030 0.004 0.003 0.039 0.003 0.030 0.028 0.003 0.040 0.003 0.030 0.029 0.004 0.040 0.061 0.059 0.040 0.031 0.029 0.004 0.044 0.030 0.029   --  

--------------------------------------------
Proportion of membership of each pre-defined
 population in each of the 9 clusters

Given    Inferred Clusters                                                 Number of
 Pop       1      2      3      4      5      6      7      8      9      Individuals

  1:     0.026  0.148  0.131  0.196  0.027  0.152  0.043  0.084  0.193       54
  2:     0.030  0.150  0.197  0.214  0.033  0.104  0.042  0.076  0.154       30
