

----------------------------------------------------
STRUCTURE by Pritchard, Stephens and Donnelly (2000)
     and Falush, Stephens and Pritchard (2003)
       Code by Pritchard, Falush and Hubisz
             Version 2.3.4 (Jul 2012)
----------------------------------------------------


Reading file "/workdir/yc2644/CV_CT_array/structure/threader_input/mainparams".
Reading file "/workdir/yc2644/CV_CT_array/structure/threader_input/extraparams".
Reading file "/workdir/yc2644/CV_CT_array/structure/threader_input/n1601.recode.strct_in".


Data file "/workdir/yc2644/CV_CT_array/structure/threader_input/n1601.recode.strct_in" (truncated) --

Ind:   Label Pop : Genotype_data . . . .
  1:  001s    1  :  2   1   2   2   2   1   2  . . . .   2
  1:  001s    1  :  2   2   2   2   2   2   2  . . . .   2
  2:  002s    1  :  2   2   2   2   1   1   2  . . . .   2
  2:  002s    1  :  2   2   2   2   2   2   2  . . . .   2
  3:  003s    1  :  1   2   1   2   2   2   2  . . . .   1
  3:  003s    1  :  2   2   1   2   2   2   2  . . . .   2
  4:  004s    1  :  1   1   2   2   1   2   2  . . . .   1
  4:  004s    1  :  2   1   2   2   2   2   2  . . . .   2

      *******   

1600:    49  192  :  2   2   2   2   2   1   2  . . . .   1
1600:    49  192  :  2   2   2   2   2   2   2  . . . .   2
1601:    50  192  :  2   1   2   2   1   2   2  . . . .   1
1601:    50  192  :  2   2   2   2   2   2   2  . . . .   2

Number of alleles per locus: min= 2; ave=2.0; max= 2


--------------------------------------

Finished initialization; starting MCMC 
100000 iterations + 10000 burnin


--------------------------------------------
Proportion of membership of each pre-defined
 population in each of the 9 clusters

Given    Inferred Clusters                                                 Number of
 Pop       1      2      3      4      5      6      7      8      9      Individuals

  1:     0.105  0.147  0.076  0.084  0.134  0.116  0.066  0.144  0.127       54
  2:     0.091  0.113  0.099  0.083  0.132  0.119  0.049  0.173  0.140       30
  3:     0.069  0.031  0.197  0.108  0.040  0.101  0.355  0.062  0.036       30
  4:     0.042  0.023  0.273  0.074  0.046  0.064  0.411  0.036  0.032       20
  5:     0.042  0.035  0.253  0.095  0.040  0.065  0.387  0.045  0.039       30
  6:     0.098  0.127  0.082  0.071  0.138  0.105  0.063  0.129  0.188       43
  7:     0.086  0.154  0.085  0.074  0.141  0.101  0.062  0.137  0.160       44
  8:     0.114  0.134  0.072  0.049  0.137  0.163  0.059  0.134  0.139        4
  9:     0.075  0.160  0.078  0.074  0.176  0.118  0.040  0.106  0.173       22
 10:     0.090  0.172  0.077  0.066  0.148  0.114  0.047  0.143  0.142       24
 11:     0.097  0.115  0.086  0.084  0.133  0.131  0.065  0.123  0.167       54
 12:     0.101  0.133  0.080  0.077  0.140  0.107  0.060  0.147  0.156       37
 13:     0.104  0.132  0.097  0.077  0.138  0.096  0.061  0.134  0.162       42
 14:     0.105  0.146  0.094  0.064  0.142  0.131  0.067  0.101  0.150       42
 15:     0.084  0.142  0.100  0.092  0.119  0.115  0.056  0.148  0.146       49
 16:     0.087  0.147  0.092  0.084  0.126  0.113  0.064  0.145  0.141      124
 17:     0.090  0.149  0.067  0.075  0.171  0.099  0.058  0.153  0.138       24
 18:     0.090  0.162  0.076  0.074  0.164  0.126  0.054  0.125  0.129       34
 19:     0.083  0.148  0.084  0.081  0.140  0.122  0.066  0.120  0.156       52
 20:     0.062  0.330  0.023  0.047  0.076  0.105  0.027  0.077  0.253        1
 21:     0.122  0.088  0.098  0.108  0.131  0.130  0.081  0.124  0.117        1
 22:     0.187  0.079  0.161  0.026  0.099  0.243  0.007  0.041  0.157        1
 23:     0.127  0.154  0.102  0.115  0.085  0.102  0.110  0.122  0.084        1
 24:     0.054  0.159  0.008  0.095  0.088  0.067  0.035  0.267  0.228        1
 25:     0.097  0.183  0.155  0.093  0.328  0.028  0.032  0.015  0.069        1
 26:     0.108  0.176  0.140  0.147  0.051  0.128  0.061  0.151  0.038        1
 27:     0.091  0.196  0.142  0.094  0.030  0.064  0.056  0.040  0.287        1
 28:     0.163  0.067  0.097  0.114  0.169  0.092  0.066  0.119  0.113        1
 29:     0.235  0.069  0.016  0.190  0.175  0.133  0.036  0.139  0.006        1
 30:     0.099  0.163  0.069  0.068  0.104  0.118  0.116  0.146  0.116        1
 31:     0.087  0.220  0.173  0.030  0.166  0.029  0.063  0.115  0.116        1
 32:     0.074  0.088  0.083  0.133  0.190  0.050  0.071  0.157  0.152        1
 33:     0.160  0.130  0.162  0.013  0.024  0.142  0.103  0.183  0.084        1
 34:     0.121  0.149  0.095  0.133  0.097  0.147  0.045  0.092  0.121        1
 35:     0.083  0.102  0.066  0.052  0.186  0.040  0.017  0.188  0.267        1
 36:     0.126  0.044  0.097  0.158  0.201  0.132  0.035  0.112  0.096        1
 37:     0.098  0.201  0.037  0.068  0.087  0.054  0.086  0.316  0.053        1
 38:     0.103  0.092  0.106  0.113  0.130  0.105  0.097  0.127  0.128        1
 39:     0.045  0.038  0.066  0.100  0.120  0.203  0.071  0.118  0.238        1
 40:     0.075  0.114  0.130  0.148  0.107  0.142  0.057  0.144  0.082        1
 41:     0.122  0.049  0.136  0.031  0.306  0.225  0.073  0.014  0.044        1
 42:     0.054  0.033  0.141  0.061  0.363  0.013  0.001  0.197  0.136        1
 43:     0.034  0.023  0.034  0.057  0.091  0.113  0.067  0.190  0.391        1
 44:     0.130  0.043  0.084  0.096  0.149  0.135  0.120  0.061  0.183        1
 45:     0.012  0.240  0.126  0.153  0.004  0.036  0.065  0.147  0.218        1
 46:     0.047  0.035  0.076  0.149  0.080  0.081  0.021  0.344  0.167        1
 47:     0.144  0.097  0.141  0.019  0.110  0.116  0.068  0.208  0.096        1
 48:     0.091  0.353  0.044  0.030  0.142  0.047  0.056  0.048  0.190        1
 49:     0.098  0.130  0.113  0.128  0.219  0.096  0.061  0.067  0.087        1
 50:     0.037  0.100  0.175  0.187  0.020  0.072  0.298  0.036  0.076        1
 51:     0.136  0.071  0.161  0.123  0.112  0.166  0.133  0.032  0.067        1
 52:     0.198  0.205  0.097  0.108  0.108  0.111  0.049  0.045  0.079        1
 53:     0.106  0.112  0.128  0.046  0.176  0.122  0.055  0.134  0.121        1
 54:     0.615  0.045  0.026  0.012  0.033  0.099  0.058  0.029  0.082        1
 55:     0.417  0.142  0.142  0.081  0.127  0.017  0.055  0.016  0.003        1
 56:     0.587  0.022  0.016  0.028  0.048  0.104  0.125  0.015  0.056        1
 57:     0.490  0.093  0.022  0.024  0.058  0.156  0.095  0.041  0.020        1
 58:     0.357  0.049  0.042  0.014  0.059  0.114  0.206  0.043  0.116        1
 59:     0.538  0.113  0.048  0.012  0.028  0.065  0.147  0.034  0.015        1
 60:     0.421  0.038  0.105  0.062  0.059  0.203  0.035  0.028  0.049        1
 61:     0.530  0.121  0.034  0.058  0.087  0.001  0.064  0.004  0.101        1
 62:     0.103  0.064  0.124  0.044  0.086  0.086  0.351  0.016  0.125        1
 63:     0.415  0.046  0.049  0.016  0.104  0.021  0.116  0.038  0.195        1
 64:     0.448  0.054  0.023  0.032  0.188  0.002  0.185  0.033  0.033        1
 65:     0.332  0.159  0.084  0.179  0.028  0.090  0.106  0.016  0.007        1
 66:     0.451  0.074  0.036  0.052  0.205  0.012  0.078  0.026  0.065        1
 67:     0.484  0.033  0.081  0.055  0.005  0.032  0.089  0.092  0.129        1
 68:     0.403  0.136  0.089  0.003  0.032  0.241  0.011  0.014  0.072        1
 69:     0.433  0.047  0.112  0.089  0.085  0.052  0.083  0.005  0.093        1
 70:     0.358  0.178  0.170  0.005  0.087  0.044  0.008  0.069  0.082        1
 71:     0.591  0.061  0.071  0.030  0.066  0.010  0.094  0.038  0.041        1
 72:     0.648  0.124  0.027  0.064  0.014  0.003  0.031  0.087  0.002        1
 73:     0.441  0.084  0.086  0.046  0.061  0.069  0.098  0.061  0.055        1
 74:     0.432  0.097  0.011  0.072  0.005  0.037  0.050  0.014  0.282        1
 75:     0.314  0.098  0.061  0.110  0.088  0.069  0.129  0.048  0.084        1
 76:     0.030  0.102  0.004  0.007  0.167  0.004  0.505  0.161  0.021        1
 77:     0.735  0.045  0.055  0.010  0.060  0.051  0.021  0.012  0.012        1
 78:     0.312  0.214  0.011  0.039  0.026  0.130  0.151  0.064  0.054        1
 79:     0.389  0.022  0.017  0.044  0.292  0.029  0.161  0.046  0.002        1
 80:     0.469  0.038  0.069  0.090  0.028  0.080  0.102  0.104  0.019        1
 81:     0.611  0.077  0.005  0.058  0.035  0.042  0.023  0.120  0.029        1
 82:     0.247  0.065  0.097  0.116  0.061  0.091  0.150  0.108  0.064        1
 83:     0.406  0.102  0.039  0.020  0.116  0.073  0.118  0.094  0.032        1
 84:     0.050  0.003  0.139  0.582  0.066  0.070  0.047  0.010  0.034        1
 85:     0.120  0.060  0.048  0.449  0.073  0.054  0.111  0.044  0.042        1
 86:     0.056  0.043  0.051  0.462  0.020  0.123  0.104  0.119  0.021        1
 87:     0.046  0.033  0.108  0.647  0.068  0.011  0.023  0.023  0.041        1
 88:     0.112  0.029  0.041  0.560  0.048  0.048  0.058  0.051  0.051        1
 89:     0.129  0.044  0.051  0.391  0.004  0.157  0.018  0.070  0.137        1
 90:     0.104  0.035  0.086  0.543  0.023  0.042  0.063  0.031  0.071        1
 91:     0.152  0.020  0.070  0.616  0.007  0.014  0.028  0.070  0.022        1
 92:     0.448  0.027  0.137  0.136  0.011  0.003  0.005  0.020  0.213        1
 93:     0.183  0.012  0.026  0.404  0.074  0.052  0.135  0.090  0.025        1
 94:     0.025  0.091  0.068  0.629  0.020  0.051  0.027  0.007  0.083        1
 95:     0.326  0.016  0.011  0.446  0.037  0.038  0.087  0.013  0.027        1
 96:     0.064  0.081  0.042  0.723  0.028  0.008  0.041  0.003  0.010        1
 97:     0.277  0.049  0.028  0.440  0.016  0.004  0.085  0.057  0.044        1
 98:     0.136  0.067  0.063  0.436  0.055  0.070  0.076  0.040  0.056        1
 99:     0.209  0.064  0.063  0.332  0.114  0.044  0.063  0.039  0.072        1
100:     0.521  0.060  0.087  0.230  0.019  0.004  0.055  0.019  0.005        1
101:     0.233  0.026  0.058  0.413  0.091  0.005  0.008  0.036  0.130        1
102:     0.242  0.012  0.027  0.446  0.050  0.001  0.003  0.135  0.084        1
103:     0.072  0.023  0.019  0.582  0.023  0.114  0.056  0.054  0.058        1
104:     0.032  0.047  0.054  0.631  0.014  0.048  0.116  0.007  0.050        1
105:     0.277  0.009  0.051  0.301  0.009  0.028  0.154  0.001  0.169        1
106:     0.014  0.021  0.106  0.641  0.004  0.062  0.040  0.033  0.078        1
107:     0.169  0.016  0.101  0.620  0.014  0.016  0.023  0.036  0.006        1
108:     0.129  0.084  0.069  0.312  0.063  0.074  0.141  0.051  0.077        1
109:     0.291  0.026  0.006  0.339  0.104  0.076  0.106  0.026  0.026        1
110:     0.355  0.008  0.099  0.399  0.016  0.089  0.017  0.017  0.000        1
111:     0.499  0.021  0.109  0.120  0.096  0.057  0.052  0.036  0.010        1
112:     0.165  0.041  0.030  0.520  0.097  0.056  0.048  0.039  0.005        1
113:     0.244  0.010  0.075  0.432  0.031  0.088  0.065  0.036  0.019        1
114:     0.040  0.062  0.033  0.681  0.070  0.026  0.027  0.016  0.044        1
115:     0.305  0.028  0.095  0.388  0.064  0.033  0.031  0.018  0.036        1
116:     0.547  0.026  0.047  0.234  0.024  0.064  0.031  0.014  0.012        1
117:     0.073  0.063  0.120  0.545  0.009  0.041  0.046  0.012  0.092        1
118:     0.193  0.011  0.008  0.507  0.077  0.035  0.092  0.015  0.061        1
119:     0.182  0.046  0.020  0.491  0.039  0.062  0.093  0.045  0.023        1
120:     0.037  0.020  0.074  0.507  0.113  0.079  0.061  0.011  0.097        1
121:     0.188  0.002  0.056  0.362  0.093  0.037  0.154  0.044  0.064        1
122:     0.257  0.017  0.002  0.389  0.048  0.043  0.051  0.046  0.148        1
123:     0.235  0.015  0.008  0.517  0.002  0.040  0.123  0.032  0.028        1
124:     0.216  0.019  0.059  0.433  0.106  0.005  0.133  0.001  0.027        1
125:     0.110  0.013  0.030  0.598  0.020  0.055  0.044  0.031  0.099        1
126:     0.382  0.010  0.036  0.240  0.006  0.087  0.043  0.122  0.074        1
127:     0.156  0.080  0.082  0.307  0.052  0.069  0.123  0.067  0.064        1
128:     0.383  0.025  0.047  0.313  0.018  0.039  0.084  0.005  0.088        1
129:     0.038  0.026  0.027  0.506  0.191  0.061  0.105  0.009  0.037        1
130:     0.206  0.035  0.051  0.448  0.004  0.032  0.171  0.015  0.037        1
131:     0.288  0.007  0.009  0.304  0.018  0.171  0.151  0.003  0.048        1
132:     0.026  0.012  0.089  0.640  0.075  0.049  0.052  0.014  0.043        1
133:     0.262  0.020  0.137  0.357  0.037  0.071  0.097  0.004  0.014        1
134:     0.257  0.014  0.076  0.361  0.017  0.050  0.115  0.006  0.106        1
135:     0.216  0.068  0.091  0.275  0.056  0.061  0.067  0.058  0.107        1
136:     0.237  0.016  0.025  0.431  0.126  0.046  0.071  0.029  0.019        1
137:     0.155  0.020  0.030  0.610  0.015  0.047  0.019  0.099  0.005        1
138:     0.510  0.010  0.066  0.166  0.016  0.133  0.045  0.012  0.041        1
139:     0.057  0.019  0.036  0.712  0.043  0.034  0.052  0.017  0.030        1
140:     0.097  0.029  0.001  0.596  0.032  0.005  0.158  0.010  0.072        1
141:     0.420  0.050  0.054  0.152  0.096  0.025  0.098  0.029  0.077        1
142:     0.099  0.039  0.058  0.528  0.109  0.081  0.048  0.017  0.021        1
143:     0.056  0.058  0.111  0.635  0.012  0.084  0.009  0.034  0.002        1
144:     0.197  0.044  0.076  0.399  0.055  0.052  0.070  0.064  0.043        1
145:     0.180  0.039  0.051  0.390  0.062  0.056  0.091  0.051  0.080        1
146:     0.256  0.046  0.023  0.585  0.040  0.006  0.023  0.005  0.016        1
147:     0.087  0.058  0.182  0.394  0.096  0.070  0.071  0.015  0.028        1
148:     0.195  0.035  0.095  0.207  0.005  0.014  0.141  0.019  0.288        1
149:     0.115  0.125  0.105  0.110  0.124  0.128  0.139  0.056  0.100        1
150:     0.041  0.357  0.076  0.075  0.273  0.066  0.046  0.047  0.020        1
151:     0.182  0.106  0.091  0.050  0.117  0.112  0.023  0.268  0.052        1
152:     0.077  0.152  0.110  0.151  0.123  0.081  0.118  0.134  0.054        1
153:     0.069  0.210  0.014  0.221  0.128  0.021  0.032  0.114  0.191        1
154:     0.014  0.215  0.133  0.054  0.039  0.048  0.043  0.237  0.218        1
155:     0.084  0.018  0.004  0.076  0.283  0.175  0.064  0.163  0.132        1
156:     0.024  0.314  0.123  0.035  0.032  0.280  0.014  0.058  0.121        1
157:     0.172  0.244  0.073  0.092  0.076  0.118  0.021  0.112  0.093        1
158:     0.068  0.163  0.079  0.231  0.095  0.081  0.016  0.082  0.184        1
159:     0.111  0.084  0.071  0.069  0.069  0.043  0.077  0.425  0.051        1
160:     0.028  0.374  0.167  0.053  0.009  0.128  0.039  0.139  0.063        1
161:     0.094  0.087  0.061  0.063  0.113  0.256  0.056  0.146  0.123        1
162:     0.089  0.055  0.062  0.057  0.058  0.203  0.125  0.190  0.161        1
163:     0.055  0.208  0.039  0.004  0.200  0.065  0.076  0.028  0.326        1
164:     0.019  0.228  0.112  0.011  0.210  0.112  0.112  0.156  0.038        1
165:     0.179  0.073  0.077  0.069  0.264  0.030  0.032  0.108  0.168        1
166:     0.119  0.140  0.075  0.084  0.121  0.088  0.112  0.166  0.096        1
167:     0.019  0.172  0.096  0.055  0.113  0.066  0.080  0.210  0.189        1
168:     0.011  0.173  0.025  0.040  0.171  0.135  0.025  0.213  0.207        1
169:     0.037  0.060  0.219  0.154  0.181  0.105  0.028  0.108  0.109        1
170:     0.105  0.091  0.182  0.085  0.068  0.069  0.004  0.132  0.263        1
171:     0.099  0.131  0.030  0.059  0.192  0.040  0.028  0.094  0.327        1
172:     0.177  0.032  0.096  0.053  0.121  0.161  0.074  0.197  0.089        1
173:     0.115  0.088  0.117  0.127  0.151  0.152  0.068  0.108  0.075        1
174:     0.023  0.106  0.060  0.148  0.257  0.009  0.053  0.163  0.181        1
175:     0.096  0.157  0.089  0.067  0.145  0.131  0.058  0.132  0.126       50
176:     0.088  0.142  0.100  0.074  0.140  0.112  0.053  0.131  0.159       49
177:     0.102  0.145  0.079  0.076  0.127  0.133  0.059  0.151  0.128       50
178:     0.085  0.136  0.095  0.088  0.143  0.107  0.067  0.126  0.155       49
179:     0.085  0.179  0.081  0.085  0.104  0.126  0.072  0.140  0.128       23
180:     0.087  0.163  0.085  0.084  0.120  0.118  0.050  0.140  0.153       49
181:     0.041  0.036  0.114  0.071  0.028  0.043  0.600  0.044  0.023       30
182:     0.057  0.030  0.180  0.080  0.030  0.069  0.480  0.039  0.037       30
183:     0.093  0.122  0.097  0.086  0.125  0.122  0.090  0.127  0.139       34
184:     0.094  0.139  0.091  0.073  0.122  0.131  0.061  0.149  0.141       36
185:     0.098  0.139  0.083  0.081  0.137  0.137  0.056  0.137  0.133       40
186:     0.116  0.135  0.086  0.062  0.136  0.103  0.055  0.140  0.166       39
187:     0.094  0.196  0.098  0.070  0.136  0.106  0.055  0.118  0.128       37
188:     0.106  0.144  0.091  0.075  0.116  0.124  0.055  0.140  0.150       40
189:     0.084  0.151  0.085  0.076  0.129  0.115  0.067  0.137  0.157       35
190:     0.106  0.102  0.104  0.079  0.119  0.109  0.062  0.155  0.163       28
191:     0.089  0.143  0.081  0.074  0.149  0.108  0.063  0.128  0.166       36
192:     0.078  0.128  0.100  0.069  0.140  0.112  0.061  0.151  0.162       32
--------------------------------------------

 Rep#:   Lambda   Alpha      F1    F2    F3    F4    F5    F6    F7    F8    F9     D1,2  D1,3  D1,4  D1,5  D1,6  D1,7  D1,8  D1,9  D2,3  D2,4  D2,5  D2,6  D2,7  D2,8  D2,9  D3,4  D3,5  D3,6  D3,7  D3,8  D3,9  D4,5  D4,6  D4,7  D4,8  D4,9  D5,6  D5,7  D5,8  D5,9  D6,7  D6,8  D6,9  D7,8  D7,9  D8,9    Ln Like 
  100:    1.00    1.321    0.025 0.010 0.060 0.130 0.005 0.006 0.249 0.012 0.007    0.009 0.018 0.023 0.008 0.008 0.050 0.009 0.008 0.014 0.027 0.002 0.003 0.047 0.003 0.003 0.031 0.012 0.012 0.030 0.014 0.013 0.025 0.024 0.058 0.027 0.025 0.002 0.045 0.003 0.002 0.044 0.003 0.002 0.047 0.046 0.003   --  
  200:    1.00    0.971    0.249 0.010 0.291 0.216 0.005 0.006 0.290 0.012 0.008    0.042 0.069 0.068 0.041 0.041 0.069 0.042 0.041 0.045 0.038 0.002 0.002 0.041 0.003 0.003 0.066 0.044 0.044 0.063 0.045 0.045 0.037 0.037 0.065 0.039 0.037 0.002 0.040 0.003 0.002 0.041 0.003 0.002 0.041 0.041 0.003   --  
  300:    1.00    0.840    0.262 0.010 0.261 0.189 0.005 0.006 0.264 0.012 0.008    0.042 0.066 0.064 0.042 0.042 0.068 0.043 0.042 0.039 0.034 0.002 0.002 0.039 0.003 0.003 0.058 0.039 0.039 0.057 0.039 0.039 0.033 0.033 0.060 0.034 0.033 0.002 0.038 0.003 0.002 0.038 0.003 0.002 0.039 0.039 0.003   --  
  400:    1.00    0.770    0.268 0.010 0.244 0.176 0.005 0.006 0.260 0.012 0.008    0.042 0.064 0.062 0.042 0.042 0.069 0.043 0.042 0.037 0.032 0.002 0.002 0.039 0.003 0.003 0.054 0.036 0.036 0.055 0.037 0.036 0.031 0.031 0.059 0.032 0.031 0.002 0.039 0.003 0.002 0.039 0.003 0.002 0.040 0.039 0.003   --  
  500:    1.00    0.722    0.255 0.010 0.234 0.169 0.005 0.006 0.268 0.011 0.008    0.042 0.063 0.061 0.041 0.041 0.069 0.043 0.041 0.036 0.031 0.002 0.002 0.040 0.003 0.003 0.053 0.035 0.034 0.055 0.035 0.035 0.030 0.030 0.059 0.031 0.030 0.002 0.040 0.003 0.002 0.039 0.003 0.002 0.040 0.040 0.003   --  
  600:    1.00    0.678    0.261 0.010 0.222 0.164 0.005 0.006 0.270 0.011 0.008    0.042 0.062 0.061 0.041 0.041 0.070 0.042 0.041 0.034 0.030 0.002 0.002 0.040 0.003 0.003 0.051 0.033 0.033 0.055 0.034 0.033 0.030 0.030 0.060 0.031 0.030 0.002 0.040 0.003 0.002 0.040 0.003 0.002 0.041 0.040 0.003   --  
  700:    1.00    0.625    0.258 0.010 0.218 0.167 0.005 0.006 0.278 0.011 0.008    0.041 0.061 0.060 0.040 0.041 0.071 0.041 0.041 0.033 0.030 0.002 0.002 0.041 0.003 0.003 0.050 0.032 0.032 0.056 0.033 0.032 0.029 0.029 0.060 0.030 0.029 0.002 0.040 0.003 0.002 0.041 0.003 0.002 0.042 0.042 0.003   --  
  800:    1.00    0.598    0.261 0.010 0.215 0.165 0.006 0.006 0.288 0.011 0.008    0.041 0.061 0.060 0.040 0.041 0.072 0.041 0.041 0.032 0.030 0.002 0.003 0.042 0.003 0.003 0.050 0.031 0.032 0.056 0.033 0.032 0.029 0.029 0.061 0.030 0.029 0.002 0.041 0.003 0.002 0.041 0.003 0.002 0.042 0.042 0.003   --  
  900:    1.00    0.580    0.254 0.010 0.211 0.164 0.006 0.006 0.282 0.011 0.008    0.040 0.061 0.059 0.040 0.040 0.071 0.040 0.040 0.032 0.029 0.002 0.003 0.042 0.003 0.003 0.049 0.031 0.031 0.056 0.032 0.032 0.028 0.028 0.060 0.029 0.028 0.002 0.041 0.003 0.002 0.041 0.003 0.002 0.042 0.041 0.003   --  

--------------------------------------------
Proportion of membership of each pre-defined
 population in each of the 9 clusters

Given    Inferred Clusters                                                 Number of
 Pop       1      2      3      4      5      6      7      8      9      Individuals

  1:     0.039  0.182  0.054  0.039  0.172  0.167  0.036  0.170  0.141       54
  2:     0.042  0.147  0.054  0.037  0.183  0.176  0.036  0.181  0.144       30
  3:     0.047  0.017  0.353  0.043  0.025  0.085  0.381  0.023  0.025       30
  4:     0.003  0.002  0.963  0.004  0.002  0.001  0.021  0.004  0.002       20
  5:     0.009  0.014  0.871  0.012  0.010  0.014  0.051  0.014  0.007       30
  6:     0.040  0.161  0.052  0.046  0.177  0.118  0.032  0.171  0.203       43
  7:     0.037  0.179  0.053  0.039  0.176  0.133  0.029  0.178  0.177       44
  8:     0.062  0.167  0.029  0.047  0.128  0.148  0.030  0.199  0.190        4
  9:     0.040  0.193  0.023  0.040  0.186  0.124  0.016  0.147  0.230       22
 10:     0.043  0.157  0.020  0.035  0.251  0.153  0.020  0.162  0.158       24
 11:     0.037  0.147  0.052  0.040  0.184  0.159  0.030  0.168  0.183       54
 12:     0.041  0.130  0.041  0.037  0.208  0.155  0.027  0.185  0.178       37
 13:     0.039  0.137  0.053  0.040  0.200  0.146  0.031  0.137  0.217       42
 14:     0.042  0.179  0.051  0.034  0.161  0.191  0.030  0.114  0.198       42
 15:     0.044  0.213  0.054  0.035  0.145  0.158  0.030  0.154  0.166       49
 16:     0.041  0.168  0.058  0.040  0.158  0.159  0.034  0.174  0.167      124
 17:     0.039  0.146  0.046  0.043  0.221  0.110  0.032  0.189  0.175       24
 18:     0.046  0.172  0.045  0.044  0.218  0.137  0.032  0.146  0.160       34
 19:     0.040  0.172  0.049  0.040  0.169  0.177  0.034  0.137  0.181       52
 20:     0.063  0.339  0.030  0.022  0.095  0.192  0.048  0.057  0.153        1
 21:     0.055  0.155  0.036  0.119  0.179  0.315  0.000  0.115  0.026        1
 22:     0.052  0.122  0.035  0.020  0.093  0.332  0.017  0.025  0.303        1
 23:     0.053  0.257  0.068  0.103  0.118  0.015  0.018  0.188  0.180        1
 24:     0.046  0.236  0.033  0.067  0.039  0.003  0.035  0.147  0.395        1
 25:     0.023  0.327  0.062  0.102  0.320  0.084  0.056  0.009  0.017        1
 26:     0.055  0.239  0.080  0.060  0.064  0.026  0.002  0.373  0.101        1
 27:     0.056  0.221  0.047  0.055  0.001  0.055  0.026  0.034  0.506        1
 28:     0.055  0.027  0.007  0.022  0.097  0.248  0.025  0.257  0.263        1
 29:     0.072  0.131  0.000  0.025  0.144  0.477  0.047  0.085  0.019        1
 30:     0.054  0.121  0.126  0.045  0.265  0.191  0.024  0.080  0.095        1
 31:     0.058  0.275  0.219  0.015  0.142  0.020  0.037  0.068  0.167        1
 32:     0.029  0.302  0.009  0.061  0.265  0.016  0.017  0.166  0.134        1
 33:     0.074  0.059  0.101  0.010  0.126  0.185  0.044  0.173  0.229        1
 34:     0.072  0.043  0.018  0.083  0.198  0.083  0.021  0.446  0.035        1
 35:     0.043  0.059  0.036  0.039  0.259  0.007  0.019  0.148  0.389        1
 36:     0.043  0.142  0.061  0.079  0.123  0.318  0.032  0.101  0.101        1
 37:     0.010  0.258  0.037  0.052  0.290  0.027  0.007  0.279  0.042        1
 38:     0.046  0.096  0.108  0.113  0.096  0.460  0.029  0.019  0.033        1
 39:     0.067  0.046  0.063  0.066  0.224  0.019  0.010  0.264  0.241        1
 40:     0.058  0.172  0.086  0.079  0.151  0.090  0.033  0.141  0.190        1
 41:     0.087  0.163  0.020  0.072  0.569  0.036  0.025  0.017  0.011        1
 42:     0.024  0.068  0.055  0.098  0.294  0.009  0.015  0.306  0.132        1
 43:     0.064  0.025  0.041  0.091  0.118  0.212  0.023  0.167  0.259        1
 44:     0.033  0.183  0.123  0.045  0.035  0.127  0.016  0.304  0.134        1
 45:     0.075  0.287  0.065  0.060  0.258  0.048  0.014  0.046  0.148        1
 46:     0.031  0.011  0.010  0.104  0.155  0.152  0.054  0.335  0.149        1
 47:     0.041  0.332  0.001  0.026  0.069  0.136  0.039  0.004  0.353        1
 48:     0.046  0.330  0.013  0.046  0.095  0.000  0.032  0.011  0.427        1
 49:     0.053  0.196  0.005  0.057  0.447  0.022  0.025  0.129  0.065        1
 50:     0.037  0.088  0.297  0.045  0.102  0.027  0.050  0.068  0.286        1
 51:     0.035  0.167  0.220  0.048  0.062  0.158  0.061  0.005  0.245        1
 52:     0.051  0.250  0.066  0.075  0.184  0.088  0.044  0.007  0.235        1
 53:     0.049  0.177  0.065  0.042  0.225  0.107  0.060  0.162  0.113        1
 54:     0.973  0.001  0.002  0.002  0.001  0.001  0.003  0.000  0.018        1
 55:     0.979  0.001  0.009  0.001  0.000  0.001  0.003  0.003  0.002        1
 56:     0.833  0.000  0.007  0.006  0.006  0.027  0.005  0.047  0.070        1
 57:     0.941  0.000  0.001  0.002  0.000  0.051  0.000  0.005  0.001        1
 58:     0.913  0.010  0.009  0.002  0.027  0.028  0.003  0.005  0.003        1
 59:     0.843  0.015  0.045  0.001  0.007  0.063  0.019  0.007  0.000        1
 60:     0.959  0.003  0.002  0.002  0.003  0.015  0.003  0.006  0.007        1
 61:     0.998  0.000  0.001  0.000  0.000  0.001  0.000  0.000  0.000        1
 62:     0.006  0.322  0.300  0.034  0.087  0.001  0.165  0.048  0.037        1
 63:     0.913  0.013  0.040  0.014  0.001  0.003  0.005  0.009  0.001        1
 64:     0.991  0.004  0.000  0.000  0.000  0.001  0.001  0.000  0.002        1
 65:     0.995  0.000  0.002  0.000  0.000  0.003  0.000  0.000  0.000        1
 66:     0.921  0.000  0.002  0.009  0.044  0.002  0.015  0.001  0.007        1
 67:     0.616  0.030  0.023  0.081  0.062  0.032  0.036  0.061  0.060        1
 68:     0.924  0.000  0.001  0.000  0.026  0.001  0.015  0.001  0.032        1
 69:     0.963  0.008  0.002  0.007  0.001  0.001  0.003  0.013  0.002        1
 70:     0.785  0.002  0.001  0.025  0.078  0.027  0.001  0.009  0.073        1
 71:     0.994  0.001  0.000  0.000  0.002  0.001  0.000  0.000  0.001        1
 72:     0.992  0.000  0.000  0.002  0.003  0.000  0.001  0.001  0.000        1
 73:     0.989  0.000  0.000  0.006  0.000  0.000  0.003  0.002  0.000        1
 74:     0.753  0.021  0.035  0.004  0.002  0.104  0.027  0.011  0.043        1
 75:     0.998  0.000  0.000  0.000  0.000  0.001  0.000  0.000  0.000        1
 76:     0.008  0.167  0.302  0.091  0.062  0.003  0.289  0.029  0.049        1
 77:     0.997  0.000  0.000  0.000  0.000  0.001  0.000  0.000  0.001        1
 78:     0.784  0.002  0.030  0.006  0.022  0.005  0.032  0.119  0.000        1
 79:     0.995  0.000  0.002  0.000  0.000  0.000  0.001  0.000  0.001        1
 80:     0.963  0.000  0.006  0.002  0.002  0.001  0.013  0.002  0.010        1
 81:     0.995  0.000  0.000  0.000  0.004  0.000  0.000  0.000  0.000        1
 82:     0.508  0.067  0.063  0.100  0.140  0.040  0.028  0.035  0.020        1
 83:     0.994  0.001  0.000  0.001  0.000  0.001  0.002  0.000  0.000        1
 84:     0.010  0.006  0.033  0.907  0.004  0.007  0.017  0.015  0.000        1
 85:     0.010  0.000  0.052  0.905  0.001  0.004  0.021  0.005  0.002        1
 86:     0.042  0.040  0.024  0.830  0.015  0.003  0.019  0.013  0.014        1
 87:     0.008  0.006  0.001  0.962  0.001  0.001  0.001  0.003  0.017        1
 88:     0.001  0.005  0.000  0.980  0.004  0.000  0.008  0.002  0.000        1
 89:     0.000  0.003  0.002  0.946  0.000  0.017  0.007  0.006  0.019        1
 90:     0.000  0.007  0.028  0.956  0.004  0.000  0.002  0.002  0.001        1
 91:     0.001  0.010  0.004  0.950  0.002  0.012  0.010  0.006  0.005        1
 92:     0.002  0.002  0.013  0.806  0.019  0.035  0.020  0.005  0.098        1
 93:     0.012  0.000  0.022  0.918  0.003  0.000  0.037  0.001  0.005        1
 94:     0.000  0.011  0.004  0.852  0.075  0.010  0.040  0.006  0.000        1
 95:     0.016  0.028  0.088  0.863  0.000  0.000  0.002  0.003  0.001        1
 96:     0.000  0.000  0.004  0.988  0.000  0.002  0.000  0.000  0.005        1
 97:     0.033  0.002  0.017  0.937  0.003  0.001  0.001  0.005  0.002        1
 98:     0.034  0.003  0.000  0.909  0.006  0.014  0.012  0.009  0.012        1
 99:     0.000  0.000  0.000  0.996  0.000  0.000  0.001  0.000  0.001        1
100:     0.001  0.001  0.033  0.959  0.001  0.000  0.001  0.004  0.000        1
101:     0.010  0.123  0.023  0.736  0.053  0.002  0.017  0.017  0.019        1
102:     0.023  0.010  0.013  0.741  0.018  0.005  0.011  0.162  0.017        1
103:     0.000  0.000  0.017  0.955  0.000  0.000  0.002  0.014  0.012        1
104:     0.029  0.013  0.011  0.924  0.001  0.008  0.005  0.000  0.009        1
105:     0.032  0.003  0.075  0.866  0.002  0.008  0.006  0.007  0.000        1
106:     0.008  0.073  0.007  0.772  0.013  0.065  0.001  0.008  0.053        1
107:     0.008  0.003  0.000  0.949  0.003  0.003  0.028  0.004  0.002        1
108:     0.012  0.005  0.071  0.814  0.024  0.003  0.000  0.041  0.031        1
109:     0.047  0.007  0.057  0.762  0.022  0.001  0.030  0.003  0.071        1
110:     0.026  0.039  0.028  0.758  0.006  0.078  0.006  0.059  0.001        1
111:     0.002  0.007  0.000  0.944  0.004  0.005  0.028  0.009  0.000        1
112:     0.000  0.008  0.008  0.975  0.001  0.001  0.002  0.000  0.005        1
113:     0.002  0.004  0.041  0.930  0.000  0.000  0.013  0.002  0.007        1
114:     0.037  0.002  0.000  0.916  0.008  0.005  0.002  0.009  0.022        1
115:     0.002  0.013  0.000  0.910  0.024  0.007  0.000  0.006  0.039        1
116:     0.005  0.000  0.002  0.985  0.000  0.003  0.002  0.000  0.002        1
117:     0.002  0.011  0.011  0.914  0.000  0.006  0.041  0.010  0.004        1
118:     0.002  0.006  0.002  0.927  0.004  0.001  0.056  0.002  0.001        1
119:     0.000  0.008  0.009  0.846  0.016  0.029  0.014  0.016  0.063        1
120:     0.041  0.007  0.004  0.879  0.017  0.000  0.007  0.012  0.033        1
121:     0.008  0.021  0.001  0.920  0.003  0.000  0.026  0.019  0.002        1
122:     0.024  0.019  0.001  0.910  0.007  0.016  0.000  0.011  0.012        1
123:     0.003  0.002  0.009  0.974  0.000  0.003  0.000  0.009  0.000        1
124:     0.006  0.003  0.113  0.798  0.022  0.043  0.002  0.005  0.008        1
125:     0.002  0.000  0.021  0.973  0.000  0.000  0.001  0.001  0.002        1
126:     0.033  0.003  0.005  0.810  0.022  0.005  0.012  0.041  0.068        1
127:     0.012  0.009  0.054  0.898  0.004  0.005  0.001  0.000  0.017        1
128:     0.036  0.003  0.010  0.912  0.001  0.000  0.003  0.005  0.030        1
129:     0.000  0.000  0.002  0.992  0.001  0.002  0.002  0.000  0.001        1
130:     0.008  0.013  0.047  0.890  0.000  0.000  0.022  0.000  0.020        1
131:     0.002  0.004  0.001  0.986  0.001  0.002  0.003  0.000  0.001        1
132:     0.000  0.067  0.105  0.757  0.022  0.041  0.001  0.007  0.001        1
133:     0.001  0.017  0.113  0.851  0.003  0.000  0.008  0.007  0.000        1
134:     0.028  0.066  0.001  0.785  0.000  0.041  0.034  0.038  0.006        1
135:     0.004  0.082  0.005  0.771  0.025  0.069  0.033  0.002  0.009        1
136:     0.001  0.000  0.001  0.991  0.001  0.002  0.003  0.001  0.001        1
137:     0.001  0.004  0.005  0.947  0.004  0.016  0.021  0.000  0.002        1
138:     0.019  0.005  0.004  0.953  0.010  0.002  0.000  0.001  0.006        1
139:     0.005  0.001  0.097  0.875  0.001  0.000  0.015  0.005  0.001        1
140:     0.021  0.002  0.121  0.846  0.004  0.003  0.002  0.000  0.001        1
141:     0.000  0.002  0.007  0.945  0.002  0.015  0.025  0.003  0.000        1
142:     0.001  0.003  0.035  0.849  0.036  0.010  0.030  0.036  0.002        1
143:     0.001  0.000  0.059  0.905  0.004  0.008  0.015  0.000  0.008        1
144:     0.000  0.005  0.015  0.932  0.003  0.000  0.001  0.019  0.025        1
145:     0.009  0.002  0.003  0.957  0.022  0.001  0.001  0.001  0.004        1
146:     0.011  0.002  0.001  0.918  0.014  0.000  0.042  0.009  0.002        1
147:     0.000  0.000  0.052  0.937  0.000  0.005  0.000  0.005  0.000        1
148:     0.051  0.007  0.117  0.110  0.018  0.000  0.068  0.123  0.505        1
149:     0.028  0.201  0.096  0.104  0.151  0.134  0.102  0.057  0.127        1
150:     0.042  0.496  0.026  0.086  0.207  0.076  0.000  0.041  0.026        1
151:     0.056  0.113  0.000  0.038  0.145  0.112  0.025  0.226  0.284        1
152:     0.051  0.133  0.084  0.036  0.000  0.444  0.047  0.005  0.200        1
153:     0.060  0.064  0.019  0.029  0.135  0.074  0.065  0.099  0.456        1
154:     0.039  0.440  0.056  0.047  0.133  0.049  0.015  0.111  0.110        1
155:     0.045  0.004  0.067  0.057  0.198  0.221  0.015  0.061  0.333        1
156:     0.021  0.218  0.086  0.041  0.046  0.229  0.042  0.250  0.067        1
157:     0.063  0.102  0.096  0.070  0.129  0.057  0.010  0.329  0.145        1
158:     0.049  0.177  0.000  0.091  0.120  0.117  0.044  0.251  0.150        1
159:     0.042  0.449  0.004  0.073  0.018  0.064  0.029  0.255  0.065        1
160:     0.023  0.430  0.026  0.070  0.012  0.164  0.005  0.119  0.151        1
161:     0.045  0.178  0.045  0.092  0.037  0.330  0.041  0.096  0.135        1
162:     0.131  0.071  0.007  0.027  0.107  0.210  0.025  0.093  0.329        1
163:     0.075  0.163  0.081  0.066  0.081  0.012  0.000  0.000  0.521        1
164:     0.051  0.188  0.040  0.055  0.112  0.368  0.049  0.031  0.106        1
165:     0.037  0.000  0.145  0.099  0.142  0.108  0.027  0.144  0.299        1
166:     0.036  0.425  0.083  0.006  0.074  0.221  0.010  0.100  0.044        1
167:     0.089  0.108  0.058  0.034  0.142  0.015  0.067  0.130  0.357        1
168:     0.045  0.271  0.008  0.019  0.278  0.041  0.018  0.150  0.171        1
169:     0.039  0.081  0.039  0.076  0.104  0.216  0.025  0.073  0.347        1
170:     0.044  0.030  0.007  0.054  0.099  0.197  0.002  0.278  0.289        1
171:     0.050  0.340  0.004  0.082  0.031  0.034  0.018  0.203  0.237        1
172:     0.094  0.040  0.074  0.085  0.083  0.092  0.005  0.432  0.096        1
173:     0.033  0.114  0.039  0.035  0.200  0.265  0.045  0.141  0.129        1
174:     0.056  0.230  0.054  0.039  0.152  0.006  0.005  0.176  0.280        1
175:     0.038  0.194  0.055  0.038  0.176  0.155  0.034  0.147  0.163       50
176:     0.040  0.191  0.041  0.038  0.161  0.128  0.036  0.170  0.195       49
177:     0.037  0.171  0.041  0.033  0.190  0.166  0.035  0.180  0.146       50
178:     0.044  0.184  0.050  0.035  0.186  0.149  0.037  0.139  0.175       49
179:     0.036  0.208  0.064  0.041  0.138  0.173  0.028  0.155  0.157       23
180:     0.041  0.214  0.043  0.036  0.158  0.141  0.035  0.155  0.178       49
181:     0.004  0.003  0.042  0.003  0.002  0.002  0.941  0.002  0.002       30
182:     0.011  0.008  0.414  0.005  0.006  0.007  0.539  0.005  0.006       30
183:     0.035  0.099  0.075  0.052  0.177  0.209  0.063  0.142  0.147       34
184:     0.031  0.155  0.049  0.034  0.159  0.168  0.031  0.179  0.194       36
185:     0.040  0.173  0.052  0.043  0.150  0.220  0.035  0.121  0.165       40
186:     0.040  0.163  0.040  0.035  0.191  0.162  0.030  0.152  0.186       39
187:     0.036  0.250  0.054  0.040  0.156  0.116  0.033  0.132  0.183       37
188:     0.041  0.168  0.052  0.043  0.127  0.145  0.036  0.179  0.209       40
189:     0.036  0.176  0.047  0.041  0.120  0.205  0.039  0.128  0.208       35
190:     0.039  0.147  0.060  0.037  0.126  0.155  0.040  0.198  0.198       28
191:     0.041  0.155  0.049  0.040  0.150  0.145  0.034  0.158  0.227       36
192:     0.043  0.115  0.046  0.030  0.135  0.168  0.035  0.176  0.252       32
--------------------------------------------

 Rep#:   Lambda   Alpha      F1    F2    F3    F4    F5    F6    F7    F8    F9     D1,2  D1,3  D1,4  D1,5  D1,6  D1,7  D1,8  D1,9  D2,3  D2,4  D2,5  D2,6  D2,7  D2,8  D2,9  D3,4  D3,5  D3,6  D3,7  D3,8  D3,9  D4,5  D4,6  D4,7  D4,8  D4,9  D5,6  D5,7  D5,8  D5,9  D6,7  D6,8  D6,9  D7,8  D7,9  D8,9    Ln Like 
 1000:    1.00    0.553    0.257 0.010 0.213 0.162 0.006 0.006 0.291 0.011 0.008    0.041 0.061 0.060 0.040 0.040 0.072 0.041 0.040 0.032 0.029 0.002 0.002 0.042 0.003 0.003 0.050 0.031 0.031 0.056 0.032 0.032 0.028 0.028 0.061 0.030 0.029 0.002 0.041 0.003 0.002 0.041 0.003 0.002 0.042 0.041 0.003   --  
 1100:    1.00    0.526    0.250 0.010 0.210 0.158 0.006 0.006 0.292 0.011 0.008    0.040 0.061 0.060 0.040 0.040 0.073 0.041 0.040 0.031 0.029 0.002 0.002 0.043 0.003 0.003 0.049 0.031 0.031 0.058 0.032 0.031 0.028 0.028 0.062 0.029 0.028 0.002 0.042 0.003 0.002 0.042 0.003 0.002 0.043 0.042 0.003   --  
 1200:    1.00    0.500    0.248 0.010 0.213 0.158 0.006 0.006 0.285 0.011 0.008    0.040 0.061 0.059 0.039 0.039 0.073 0.040 0.040 0.031 0.028 0.002 0.002 0.043 0.003 0.003 0.049 0.030 0.030 0.057 0.031 0.031 0.028 0.028 0.062 0.029 0.028 0.002 0.042 0.003 0.002 0.041 0.003 0.002 0.043 0.042 0.003   --  
 1300:    1.00    0.469    0.249 0.010 0.206 0.161 0.006 0.006 0.290 0.011 0.008    0.040 0.061 0.060 0.039 0.040 0.073 0.040 0.040 0.031 0.028 0.002 0.002 0.042 0.003 0.003 0.049 0.030 0.030 0.057 0.031 0.031 0.027 0.027 0.061 0.029 0.028 0.002 0.042 0.003 0.002 0.042 0.003 0.002 0.042 0.042 0.003   --  
 1400:    1.00    0.463    0.252 0.010 0.206 0.157 0.005 0.006 0.291 0.011 0.008    0.040 0.061 0.059 0.039 0.039 0.073 0.040 0.040 0.031 0.028 0.002 0.003 0.042 0.003 0.003 0.049 0.030 0.030 0.057 0.031 0.030 0.027 0.027 0.061 0.029 0.028 0.002 0.041 0.003 0.002 0.041 0.003 0.002 0.042 0.042 0.003   --  
 1500:    1.00    0.434    0.253 0.010 0.202 0.159 0.005 0.006 0.288 0.011 0.008    0.040 0.062 0.060 0.039 0.039 0.073 0.040 0.040 0.030 0.028 0.002 0.003 0.043 0.003 0.003 0.049 0.030 0.030 0.057 0.031 0.030 0.027 0.027 0.062 0.028 0.028 0.002 0.041 0.003 0.002 0.041 0.003 0.002 0.042 0.042 0.003   --  
 1600:    1.00    0.424    0.249 0.010 0.200 0.154 0.005 0.006 0.288 0.011 0.008    0.040 0.061 0.059 0.039 0.039 0.074 0.040 0.039 0.030 0.028 0.002 0.003 0.042 0.003 0.003 0.048 0.029 0.029 0.057 0.030 0.030 0.027 0.027 0.062 0.028 0.028 0.002 0.042 0.003 0.002 0.042 0.003 0.002 0.043 0.042 0.003   --  
 1700:    1.00    0.412    0.248 0.010 0.206 0.154 0.005 0.006 0.287 0.011 0.008    0.039 0.061 0.059 0.038 0.039 0.073 0.039 0.039 0.030 0.027 0.002 0.002 0.042 0.003 0.003 0.048 0.029 0.029 0.056 0.030 0.030 0.027 0.027 0.062 0.028 0.027 0.002 0.041 0.003 0.002 0.041 0.003 0.002 0.042 0.042 0.003   --  
 1800:    1.00    0.391    0.251 0.010 0.202 0.152 0.005 0.006 0.288 0.011 0.008    0.039 0.060 0.058 0.038 0.038 0.073 0.039 0.039 0.030 0.027 0.002 0.003 0.042 0.003 0.003 0.048 0.029 0.029 0.057 0.030 0.029 0.026 0.027 0.061 0.028 0.027 0.002 0.042 0.003 0.002 0.041 0.003 0.002 0.042 0.042 0.003   --  
 1900:    1.00    0.386    0.250 0.010 0.198 0.151 0.005 0.006 0.290 0.011 0.008    0.039 0.060 0.059 0.038 0.039 0.073 0.040 0.039 0.030 0.027 0.002 0.003 0.042 0.003 0.003 0.048 0.029 0.029 0.056 0.030 0.029 0.027 0.027 0.061 0.028 0.027 0.002 0.041 0.003 0.002 0.041 0.003 0.002 0.042 0.042 0.003   --  

--------------------------------------------
Proportion of membership of each pre-defined
 population in each of the 9 clusters

Given    Inferred Clusters                                                 Number of
 Pop       1      2      3      4      5      6      7      8      9      Individuals

  1:     0.020  0.211  0.043  0.028  0.192  0.169  0.025  0.144  0.167       54
  2:     0.029  0.168  0.044  0.024  0.202  0.155  0.021  0.179  0.178       30
