        001s  1 0.0010 0.0007 0.0818 0.0017 0.4662 0.0003 0.0035 0.2576 0.1865 0.0006 
        002s  1 0.0016 0.0014 0.1604 0.0010 0.0059 0.0039 0.0126 0.6440 0.1683 0.0007 
        003s  1 0.0166 0.0025 0.0094 0.0229 0.0054 0.0007 0.0060 0.7735 0.1587 0.0042 
        004s  1 0.0156 0.0049 0.2336 0.0006 0.2703 0.0285 0.0052 0.4188 0.0164 0.0062 
        005s  1 0.0919 0.0009 0.0036 0.0003 0.0024 0.1271 0.0066 0.3944 0.2366 0.1363 
        006s  1 0.0008 0.0007 0.5367 0.0007 0.3905 0.0014 0.0157 0.0040 0.0488 0.0006 
        007s  1 0.0033 0.0042 0.0361 0.0009 0.6047 0.0007 0.0085 0.0194 0.3192 0.0030 
        008s  1 0.0167 0.0009 0.1709 0.0009 0.0535 0.0020 0.0035 0.4795 0.2699 0.0022 
        009s  1 0.0206 0.0120 0.0665 0.0054 0.2562 0.0028 0.0217 0.3363 0.2477 0.0307 
        010s  1 0.0159 0.0004 0.8887 0.0012 0.0324 0.0012 0.0105 0.0063 0.0310 0.0124 
        011s  1 0.0042 0.0017 0.3991 0.0046 0.2622 0.0023 0.0051 0.0072 0.3120 0.0015 
        012s  1 0.1078 0.0014 0.6443 0.0070 0.0298 0.0067 0.0040 0.0868 0.0041 0.1081 
        013s  1 0.0232 0.0094 0.8255 0.0013 0.0238 0.0111 0.0021 0.0291 0.0732 0.0014 
        014s  1 0.0735 0.0039 0.0137 0.0180 0.8507 0.0023 0.0044 0.0041 0.0149 0.0145 
        015s  1 0.0007 0.0006 0.1922 0.0012 0.6489 0.0004 0.0032 0.0061 0.1460 0.0007 
        016s  1 0.0340 0.0083 0.0738 0.0009 0.6520 0.0011 0.0065 0.0564 0.1624 0.0046 
        018s  1 0.0054 0.0013 0.0141 0.0007 0.4517 0.0011 0.0805 0.0160 0.3192 0.1099 
        019s  1 0.0099 0.0012 0.6639 0.0061 0.0379 0.0006 0.0053 0.1369 0.1199 0.0183 
        020s  1 0.0058 0.0077 0.0643 0.0121 0.8330 0.0003 0.0041 0.0099 0.0619 0.0007 
        021s  1 0.0146 0.0061 0.6277 0.0008 0.3016 0.0122 0.0038 0.0240 0.0087 0.0005 
        022s  1 0.0012 0.0010 0.0881 0.0007 0.0068 0.0006 0.0056 0.8633 0.0324 0.0003 
        023s  1 0.0191 0.0134 0.4147 0.0016 0.2872 0.0006 0.0826 0.1489 0.0316 0.0003 
        024s  1 0.0049 0.0011 0.8946 0.0005 0.0161 0.0016 0.0167 0.0098 0.0520 0.0026 
        025s  1 0.0016 0.0010 0.3595 0.0004 0.1945 0.0013 0.1071 0.0087 0.3187 0.0071 
        026s  1 0.0089 0.0120 0.1658 0.0061 0.5344 0.0007 0.0173 0.0056 0.2479 0.0014 
        027s  1 0.0062 0.0036 0.1540 0.0010 0.3750 0.0146 0.0814 0.0337 0.3283 0.0022 
        028s  1 0.0037 0.0013 0.4235 0.0017 0.0429 0.0387 0.0029 0.0143 0.4459 0.0251 
        029s  1 0.0101 0.0009 0.0999 0.0063 0.8594 0.0009 0.0076 0.0096 0.0039 0.0014 
        030s  1 0.0013 0.0007 0.8436 0.0063 0.0049 0.0053 0.0669 0.0020 0.0676 0.0015 
        031s  1 0.0016 0.0014 0.8733 0.0007 0.0276 0.0003 0.0067 0.0787 0.0091 0.0006 
        032s  1 0.0096 0.0010 0.9075 0.0019 0.0146 0.0011 0.0164 0.0049 0.0418 0.0012 
        033s  1 0.0420 0.0012 0.1949 0.0009 0.4544 0.0008 0.0080 0.0109 0.2846 0.0022 
        034s  1 0.0102 0.0572 0.2496 0.0045 0.0585 0.0037 0.0108 0.4680 0.1364 0.0013 
        035s  1 0.0055 0.0012 0.8507 0.0017 0.0358 0.0029 0.0027 0.0023 0.0932 0.0039 
        036s  1 0.0016 0.0009 0.1903 0.0004 0.3112 0.0022 0.0073 0.3862 0.0068 0.0932 
        037s  1 0.1144 0.0347 0.2352 0.0018 0.3099 0.0069 0.0035 0.0641 0.1335 0.0960 
        038s  1 0.0013 0.0011 0.9464 0.0007 0.0137 0.0008 0.0039 0.0163 0.0141 0.0018 
        039s  1 0.0452 0.0005 0.0587 0.0015 0.8244 0.0048 0.0086 0.0310 0.0249 0.0004 
        040s  1 0.0083 0.0029 0.7002 0.0008 0.1622 0.0055 0.0124 0.0894 0.0170 0.0013 
        041s  1 0.0021 0.0051 0.4113 0.0007 0.2907 0.0003 0.0350 0.0128 0.2392 0.0028 
        042s  1 0.0507 0.0757 0.0467 0.0011 0.6860 0.0006 0.0132 0.0518 0.0043 0.0698 
        043s  1 0.0370 0.0007 0.0114 0.0020 0.0182 0.0008 0.0249 0.7715 0.1293 0.0041 
        044s  1 0.0172 0.0060 0.0192 0.0031 0.7192 0.0108 0.0158 0.1275 0.0163 0.0648 
        045s  1 0.0008 0.0010 0.8176 0.0015 0.0978 0.0019 0.0127 0.0024 0.0533 0.0110 
        046s  1 0.0018 0.0011 0.7555 0.0028 0.1634 0.0008 0.0025 0.0157 0.0540 0.0025 
        047s  1 0.0006 0.0057 0.8829 0.0021 0.0567 0.0004 0.0060 0.0050 0.0397 0.0010 
        048s  1 0.0127 0.0006 0.0402 0.0007 0.5070 0.0003 0.0014 0.3987 0.0037 0.0347 
        049s  1 0.0051 0.0007 0.1185 0.0013 0.0396 0.0030 0.0038 0.8205 0.0068 0.0009 
        050s  1 0.0010 0.0007 0.2785 0.0005 0.4335 0.0035 0.0046 0.1126 0.0730 0.0921 
        051s  1 0.0267 0.0009 0.0536 0.0215 0.7864 0.0006 0.0025 0.0153 0.0922 0.0003 
        052s  1 0.0850 0.0016 0.0098 0.0193 0.5977 0.0055 0.2526 0.0158 0.0096 0.0031 
        053s  1 0.0274 0.0009 0.0362 0.0003 0.9091 0.0003 0.0012 0.0035 0.0191 0.0021 
        054s  1 0.0146 0.0012 0.6177 0.0042 0.2266 0.0029 0.0049 0.0063 0.1212 0.0003 
        055s  1 0.0798 0.0656 0.2482 0.0018 0.5094 0.0008 0.0015 0.0056 0.0377 0.0496 
          01  2 0.0606 0.0015 0.2208 0.0255 0.5575 0.0012 0.0021 0.0071 0.0177 0.1060 
          02  2 0.0214 0.0007 0.0681 0.0024 0.8395 0.0017 0.0460 0.0049 0.0061 0.0092 
          03  2 0.0009 0.0022 0.8213 0.0004 0.0106 0.0009 0.0065 0.0046 0.1508 0.0019 
          04  2 0.0078 0.0163 0.6645 0.0013 0.0457 0.0149 0.1404 0.0408 0.0663 0.0020 
          05  2 0.0244 0.0006 0.0411 0.0004 0.0034 0.0004 0.0556 0.6841 0.0951 0.0949 
          06  2 0.0056 0.0006 0.5838 0.0008 0.1659 0.0021 0.0311 0.0170 0.1661 0.0269 
          07  2 0.0507 0.0008 0.7779 0.0013 0.0541 0.0027 0.0006 0.1001 0.0067 0.0051 
          08  2 0.0012 0.0007 0.0046 0.0011 0.3744 0.0005 0.0121 0.5266 0.0032 0.0757 
          09  2 0.0007 0.0003 0.4735 0.0109 0.4391 0.0007 0.0131 0.0550 0.0057 0.0008 
          10  2 0.0179 0.0007 0.1114 0.0009 0.5572 0.0011 0.0260 0.0194 0.2642 0.0013 
          11  2 0.0012 0.0026 0.8998 0.0122 0.0158 0.0009 0.0091 0.0323 0.0019 0.0243 
          12  2 0.0147 0.0007 0.3989 0.0021 0.1868 0.0008 0.1633 0.0385 0.1937 0.0006 
          13  2 0.0033 0.0011 0.5097 0.0008 0.0329 0.0006 0.0076 0.2092 0.2340 0.0007 
          14  2 0.0057 0.0252 0.0143 0.0029 0.4899 0.0094 0.0064 0.3325 0.1134 0.0004 
          15  2 0.0138 0.0019 0.6168 0.0017 0.0996 0.0012 0.0122 0.2496 0.0026 0.0007 
          16  2 0.0020 0.0038 0.5473 0.0055 0.0250 0.0552 0.0026 0.0068 0.3508 0.0009 
          17  2 0.0048 0.0016 0.2995 0.0025 0.0269 0.0006 0.1415 0.1231 0.3976 0.0018 
          18  2 0.0455 0.0010 0.3901 0.0015 0.5202 0.0031 0.0075 0.0036 0.0182 0.0094 
          19  2 0.0016 0.0049 0.1564 0.0021 0.7966 0.0004 0.0208 0.0123 0.0027 0.0022 
          20  2 0.1164 0.0041 0.2036 0.0021 0.6061 0.0102 0.0087 0.0016 0.0037 0.0435 
          21  2 0.0009 0.0009 0.0652 0.0186 0.7807 0.0006 0.0074 0.0207 0.1030 0.0020 
          22  2 0.0012 0.0098 0.5087 0.0054 0.0920 0.0067 0.0189 0.0046 0.3500 0.0028 
          23  2 0.0109 0.0027 0.0294 0.0011 0.8905 0.0019 0.0482 0.0036 0.0102 0.0014 
          24  2 0.0084 0.0006 0.1690 0.0014 0.7383 0.0007 0.0147 0.0079 0.0585 0.0005 
          25  2 0.0120 0.0012 0.8265 0.0024 0.0105 0.0253 0.0011 0.1099 0.0029 0.0081 
          26  2 0.0008 0.0003 0.0017 0.0010 0.0017 0.0004 0.0013 0.9911 0.0012 0.0006 
          27  2 0.0019 0.0048 0.8839 0.0019 0.0124 0.0302 0.0056 0.0334 0.0251 0.0009 
          28  2 0.0005 0.0058 0.2684 0.0013 0.6143 0.0003 0.0203 0.0851 0.0027 0.0013 
          29  2 0.0113 0.0004 0.2685 0.0007 0.6882 0.0015 0.0099 0.0047 0.0131 0.0016 
          30  2 0.0754 0.0811 0.0165 0.0103 0.3584 0.0006 0.0808 0.0129 0.2243 0.1399 
          01  3 0.3695 0.0134 0.0098 0.0004 0.1233 0.0344 0.0068 0.0031 0.2564 0.1828 
          02  3 0.2468 0.0044 0.0042 0.0706 0.0578 0.2927 0.0046 0.0023 0.1578 0.1588 
          03  3 0.0446 0.0027 0.0076 0.0008 0.0156 0.1975 0.0030 0.0034 0.5757 0.1491 
          04  3 0.1978 0.0009 0.0078 0.0010 0.0010 0.1925 0.0082 0.0019 0.3326 0.2561 
          05  3 0.1607 0.1119 0.0006 0.1078 0.0003 0.2676 0.0005 0.0003 0.1758 0.1745 
          06  3 0.2149 0.0008 0.0007 0.0002 0.0014 0.3069 0.0033 0.0023 0.2899 0.1795 
          07  3 0.0272 0.0004 0.0291 0.0015 0.0014 0.1538 0.0019 0.0026 0.5781 0.2041 
          08  3 0.1222 0.0051 0.0591 0.0064 0.0014 0.2155 0.0402 0.0034 0.3211 0.2256 
          09  3 0.0393 0.0017 0.0093 0.0003 0.0026 0.1662 0.0025 0.0069 0.5045 0.2666 
          10  3 0.1702 0.1149 0.0070 0.2098 0.0076 0.2786 0.0038 0.0033 0.1496 0.0551 
          11  3 0.0444 0.0005 0.0010 0.0003 0.0030 0.1815 0.0079 0.0009 0.5449 0.2157 
          12  3 0.0761 0.0004 0.0010 0.0004 0.0006 0.1876 0.0064 0.0009 0.5035 0.2231 
          13  3 0.2401 0.0003 0.0023 0.0084 0.0010 0.3229 0.0014 0.0017 0.2304 0.1915 
          14  3 0.1839 0.1454 0.0012 0.0313 0.0010 0.3093 0.0019 0.0012 0.1935 0.1314 
          15  3 0.1034 0.0010 0.0543 0.0002 0.0326 0.1514 0.0009 0.0015 0.4442 0.2105 
          16  3 0.3611 0.0039 0.0129 0.0041 0.0028 0.3405 0.0023 0.0017 0.1998 0.0710 
          17  3 0.0922 0.0011 0.0512 0.0016 0.1857 0.0980 0.0068 0.0015 0.2598 0.3020 
          18  3 0.1326 0.2738 0.0022 0.1605 0.0050 0.2308 0.0025 0.0048 0.1175 0.0703 
          19  3 0.2876 0.0155 0.0107 0.0011 0.0072 0.2763 0.0602 0.0054 0.1986 0.1374 
          20  3 0.2283 0.0555 0.0065 0.0004 0.0285 0.1595 0.0530 0.0045 0.2167 0.2472 
          21  3 0.3151 0.0068 0.1148 0.0015 0.0026 0.1842 0.0398 0.0059 0.1739 0.1554 
          22  3 0.0919 0.0020 0.0068 0.0008 0.0051 0.1126 0.0066 0.0139 0.4843 0.2760 
          23  3 0.2690 0.0034 0.0043 0.0006 0.0500 0.1902 0.0595 0.0069 0.2003 0.2157 
          24  3 0.1873 0.0019 0.0015 0.1624 0.0017 0.1539 0.0044 0.0104 0.1599 0.3167 
          25  3 0.2325 0.1286 0.0004 0.2449 0.0004 0.1434 0.0005 0.0009 0.1333 0.1151 
          26  3 0.1098 0.0006 0.0024 0.0006 0.0151 0.2057 0.0017 0.0008 0.4120 0.2514 
          27  3 0.2208 0.1756 0.0104 0.1308 0.0033 0.2047 0.0217 0.0072 0.1484 0.0770 
          28  3 0.3027 0.0003 0.0117 0.0022 0.0027 0.2504 0.0103 0.0052 0.2136 0.2008 
          29  3 0.2937 0.0175 0.0146 0.0047 0.0645 0.2293 0.0120 0.0025 0.1550 0.2061 
          30  3 0.2527 0.0004 0.0010 0.0010 0.0018 0.0955 0.0018 0.1053 0.3003 0.2403 
         001  4 0.0001 0.0001 0.0001 0.0001 0.0001 0.0001 0.0001 0.0001 0.0001 0.9991 
         002  4 0.0009 0.0002 0.0003 0.0003 0.0002 0.0005 0.0002 0.0004 0.0117 0.9854 
         003  4 0.0002 0.0001 0.0001 0.0001 0.0001 0.0001 0.0001 0.0001 0.0001 0.9989 
         004  4 0.0002 0.0001 0.0001 0.0001 0.0001 0.0002 0.0001 0.0001 0.0001 0.9989 
         005  4 0.0002 0.0002 0.0002 0.0004 0.0002 0.0003 0.0001 0.0001 0.0001 0.9982 
         006  4 0.0196 0.0003 0.0005 0.0003 0.0005 0.0640 0.0005 0.0007 0.0371 0.8764 
         007  4 0.0004 0.0006 0.0009 0.0002 0.0005 0.0544 0.0005 0.0073 0.0398 0.8955 
         008  4 0.0006 0.0035 0.0005 0.0031 0.0011 0.0010 0.0005 0.0009 0.0005 0.9884 
         009  4 0.0001 0.0001 0.0001 0.0002 0.0001 0.0003 0.0001 0.0001 0.0001 0.9987 
         010  4 0.0001 0.0001 0.0001 0.0001 0.0001 0.0318 0.0001 0.0001 0.0005 0.9670 
         011  4 0.0019 0.0197 0.0010 0.0005 0.0011 0.0411 0.0005 0.0018 0.0007 0.9318 
         012  4 0.0001 0.0001 0.0001 0.0001 0.0001 0.0001 0.0001 0.0001 0.0006 0.9986 
         013  4 0.0002 0.0001 0.0001 0.0001 0.0001 0.0001 0.0001 0.0001 0.0002 0.9989 
         014  4 0.0002 0.0002 0.0002 0.0001 0.0002 0.0001 0.0003 0.0002 0.0151 0.9833 
         015  4 0.0003 0.0001 0.0001 0.0001 0.0001 0.0001 0.0001 0.0001 0.0280 0.9711 
         016  4 0.0002 0.0001 0.0001 0.0001 0.0001 0.0002 0.0001 0.0001 0.0001 0.9989 
         017  4 0.0003 0.0001 0.0002 0.0002 0.0002 0.0002 0.0002 0.0002 0.0267 0.9719 
         019  4 0.0056 0.0007 0.0004 0.0006 0.0003 0.0925 0.0003 0.0003 0.0204 0.8789 
         020  4 0.0002 0.0002 0.0002 0.0003 0.0002 0.0002 0.0002 0.0002 0.0002 0.9982 
         021  4 0.0003 0.0003 0.0003 0.0004 0.0002 0.0345 0.0003 0.0002 0.0118 0.9517 
         001  5 0.0084 0.0286 0.0010 0.0015 0.0007 0.0005 0.0004 0.0005 0.0394 0.9191 
         002  5 0.0280 0.0019 0.0067 0.0010 0.0063 0.0005 0.0010 0.0245 0.0016 0.9286 
         003  5 0.0795 0.0033 0.0214 0.0003 0.0564 0.0373 0.0039 0.0128 0.0994 0.6857 
         004  5 0.0068 0.0020 0.0335 0.0002 0.0236 0.0018 0.0022 0.0094 0.0019 0.9186 
         005  5 0.0446 0.0006 0.0005 0.0002 0.0006 0.0010 0.0004 0.0004 0.0343 0.9174 
         006  5 0.1177 0.0002 0.0005 0.0005 0.0007 0.0361 0.0008 0.0004 0.0425 0.8006 
         007  5 0.0580 0.0004 0.0003 0.0003 0.0004 0.0589 0.0004 0.0004 0.0358 0.8452 
         008  5 0.0596 0.0001 0.0002 0.0003 0.0002 0.0025 0.0002 0.0002 0.0380 0.8987 
         009  5 0.0160 0.0012 0.0111 0.0003 0.0398 0.0039 0.0071 0.0020 0.0322 0.8864 
         010  5 0.0858 0.0015 0.0016 0.0003 0.0015 0.0356 0.0019 0.0018 0.0174 0.8526 
         011  5 0.0483 0.0040 0.0007 0.0003 0.0010 0.0004 0.0009 0.0005 0.0276 0.9163 
         012  5 0.0210 0.0014 0.0170 0.0009 0.0082 0.0759 0.0033 0.0032 0.0426 0.8264 
         013  5 0.0666 0.0009 0.0103 0.0006 0.0333 0.0079 0.0868 0.0021 0.1254 0.6662 
         014  5 0.0508 0.0078 0.0445 0.0130 0.1344 0.0753 0.0041 0.0025 0.0020 0.6657 
         015  5 0.0269 0.0002 0.0002 0.0003 0.0002 0.0269 0.0002 0.0003 0.0331 0.9117 
         016  5 0.0187 0.0004 0.0011 0.0007 0.0015 0.0440 0.0010 0.0008 0.0678 0.8642 
         017  5 0.0576 0.0004 0.0083 0.0024 0.0107 0.0576 0.0020 0.0020 0.0550 0.8039 
         018  5 0.0771 0.0234 0.0051 0.0162 0.0091 0.0040 0.0041 0.0017 0.0675 0.7919 
         019  5 0.0014 0.0014 0.0004 0.0070 0.0005 0.0002 0.0004 0.0004 0.0357 0.9524 
         020  5 0.0009 0.0002 0.0002 0.0002 0.0003 0.0002 0.0002 0.0003 0.0014 0.9961 
         021  5 0.0041 0.0022 0.0487 0.0007 0.0946 0.0004 0.0010 0.0014 0.0192 0.8278 
         022  5 0.0028 0.0212 0.0047 0.0015 0.0073 0.0080 0.0016 0.0009 0.0682 0.8838 
         023  5 0.0501 0.0013 0.0008 0.0004 0.0006 0.0034 0.0006 0.0005 0.0582 0.8840 
         024  5 0.0042 0.0004 0.0080 0.0003 0.0380 0.0681 0.0015 0.0050 0.0140 0.8605 
         025  5 0.0161 0.0005 0.0062 0.0008 0.0013 0.0550 0.0022 0.0113 0.0842 0.8223 
         026  5 0.0135 0.0005 0.0171 0.0003 0.0934 0.0173 0.0018 0.0025 0.0576 0.7961 
         027  5 0.0003 0.0002 0.0002 0.0002 0.0003 0.0015 0.0003 0.0002 0.0004 0.9964 
         028  5 0.0177 0.0030 0.0061 0.0011 0.0023 0.0382 0.0018 0.0017 0.0552 0.8729 
         029  5 0.0159 0.0002 0.0006 0.0003 0.0005 0.0022 0.0004 0.0005 0.0387 0.9407 
         030  5 0.0133 0.0019 0.0008 0.0059 0.0008 0.0010 0.0006 0.0005 0.0434 0.9318 
        001s  6 0.0348 0.0249 0.2839 0.0010 0.1906 0.0177 0.0068 0.2379 0.2015 0.0010 
        002s  6 0.0341 0.0012 0.4847 0.0289 0.2331 0.0007 0.0285 0.0079 0.1549 0.0260 
        003s  6 0.0663 0.0036 0.0347 0.0005 0.5621 0.0005 0.0285 0.2130 0.0819 0.0089 
        004s  6 0.0042 0.0010 0.9597 0.0006 0.0114 0.0005 0.0037 0.0159 0.0024 0.0004 
        006s  6 0.0753 0.0090 0.1247 0.0017 0.7015 0.0190 0.0046 0.0058 0.0090 0.0493 
        007s  6 0.0038 0.0007 0.7594 0.0010 0.0250 0.0025 0.0318 0.0027 0.1721 0.0009 
        008s  6 0.0023 0.0078 0.7546 0.0043 0.0998 0.0006 0.0919 0.0076 0.0258 0.0053 
        009s  6 0.0008 0.0010 0.0977 0.0011 0.6724 0.0005 0.1109 0.0088 0.1064 0.0004 
        010s  6 0.0025 0.0140 0.4264 0.0110 0.4990 0.0079 0.0095 0.0023 0.0062 0.0212 
        011s  6 0.0073 0.0016 0.3880 0.0005 0.5328 0.0019 0.0361 0.0028 0.0286 0.0006 
        012s  6 0.0033 0.0015 0.7420 0.0024 0.2192 0.0037 0.0054 0.0077 0.0141 0.0006 
        013s  6 0.0018 0.0005 0.9574 0.0007 0.0143 0.0010 0.0107 0.0067 0.0048 0.0020 
        014s  6 0.0199 0.0006 0.1075 0.0003 0.4790 0.0004 0.0041 0.3211 0.0261 0.0410 
        015s  6 0.0295 0.0073 0.5578 0.0012 0.2690 0.0095 0.0811 0.0035 0.0347 0.0064 
        016s  6 0.0012 0.0016 0.8675 0.0008 0.0098 0.0013 0.0023 0.1124 0.0028 0.0005 
        018s  6 0.0517 0.0026 0.0298 0.0007 0.6766 0.0006 0.0044 0.0063 0.0060 0.2214 
        019s  6 0.0237 0.0034 0.7126 0.0010 0.0137 0.0016 0.0152 0.0546 0.1692 0.0051 
        020s  6 0.0008 0.0005 0.7040 0.0015 0.0429 0.0005 0.0025 0.0674 0.1796 0.0004 
        021s  6 0.0315 0.0051 0.0707 0.0014 0.8730 0.0083 0.0022 0.0040 0.0022 0.0016 
        022s  6 0.0017 0.0049 0.9477 0.0006 0.0117 0.0004 0.0137 0.0114 0.0066 0.0013 
        023s  6 0.0110 0.0010 0.2173 0.0004 0.0699 0.0009 0.0647 0.4550 0.1558 0.0239 
        024s  6 0.0257 0.0006 0.4550 0.0023 0.4117 0.0021 0.0024 0.0118 0.0403 0.0482 
        025s  6 0.0247 0.0661 0.8105 0.0004 0.0568 0.0012 0.0095 0.0224 0.0066 0.0018 
        026s  6 0.0086 0.0006 0.1006 0.0023 0.8580 0.0006 0.0068 0.0155 0.0065 0.0004 
        027s  6 0.0032 0.0005 0.0179 0.0021 0.9011 0.0004 0.0104 0.0152 0.0476 0.0015 
        028s  6 0.0230 0.0064 0.0296 0.0410 0.8414 0.0060 0.0055 0.0018 0.0381 0.0074 
        029s  6 0.0005 0.0019 0.8155 0.0018 0.0036 0.0007 0.0248 0.0054 0.1451 0.0007 
        030s  6 0.0221 0.0116 0.1358 0.0023 0.5359 0.0006 0.1147 0.0025 0.1187 0.0558 
        031s  6 0.0018 0.0007 0.1609 0.0004 0.2140 0.0055 0.0779 0.5352 0.0018 0.0019 
        032s  6 0.0299 0.0009 0.0092 0.0007 0.9243 0.0013 0.0028 0.0130 0.0157 0.0021 
        033s  6 0.0087 0.0011 0.3681 0.0006 0.1368 0.0004 0.0057 0.0042 0.4256 0.0487 
        034s  6 0.0032 0.0233 0.5277 0.0004 0.2998 0.0053 0.0864 0.0053 0.0467 0.0018 
        035s  6 0.0021 0.0009 0.0024 0.0009 0.0010 0.0006 0.0010 0.8499 0.0131 0.1281 
        036s  6 0.0219 0.0010 0.5458 0.0003 0.1332 0.0027 0.0035 0.0099 0.2810 0.0007 
        037s  6 0.0027 0.0027 0.7746 0.0022 0.1785 0.0008 0.0154 0.0046 0.0174 0.0011 
        038s  6 0.0015 0.0011 0.0304 0.0016 0.7928 0.0033 0.0110 0.1306 0.0273 0.0004 
        039s  6 0.0096 0.0013 0.9487 0.0008 0.0065 0.0004 0.0240 0.0051 0.0030 0.0005 
        040s  6 0.0079 0.0007 0.7753 0.0009 0.0058 0.0029 0.0358 0.1623 0.0082 0.0003 
        041s  6 0.0113 0.0039 0.1425 0.0052 0.0702 0.0003 0.0109 0.4697 0.2247 0.0613 
        042s  6 0.0015 0.0523 0.7633 0.0054 0.0071 0.0012 0.0062 0.0169 0.1314 0.0148 
        043s  6 0.0059 0.0063 0.8097 0.0003 0.1314 0.0023 0.0099 0.0036 0.0293 0.0014 
        044s  6 0.0060 0.0009 0.4868 0.0025 0.2904 0.0006 0.0035 0.1438 0.0647 0.0011 
        045s  6 0.0054 0.0037 0.1456 0.0007 0.7919 0.0007 0.0117 0.0213 0.0133 0.0058 
        001s  7 0.0027 0.0022 0.1345 0.0007 0.0141 0.0008 0.1644 0.6669 0.0120 0.0016 
        002s  7 0.0099 0.0018 0.5102 0.0012 0.0455 0.0018 0.0149 0.3813 0.0156 0.0178 
        003s  7 0.0049 0.0018 0.0114 0.0026 0.0335 0.0022 0.0019 0.7859 0.1545 0.0013 
        004s  7 0.0176 0.0012 0.4113 0.0018 0.3801 0.0034 0.0039 0.0495 0.1294 0.0018 
        005s  7 0.0323 0.0031 0.7854 0.0006 0.0571 0.0030 0.0325 0.0283 0.0417 0.0160 
        006s  7 0.0024 0.0048 0.0180 0.0006 0.7097 0.0007 0.0043 0.0016 0.2033 0.0545 
        007s  7 0.0041 0.0021 0.8139 0.0164 0.1321 0.0115 0.0040 0.0054 0.0037 0.0068 
        008s  7 0.0011 0.0036 0.0136 0.0051 0.0093 0.0004 0.0232 0.9026 0.0260 0.0151 
        009s  7 0.0023 0.0115 0.0468 0.0007 0.9023 0.0029 0.0021 0.0239 0.0043 0.0033 
        010s  7 0.0012 0.0021 0.0304 0.0013 0.0040 0.0003 0.0030 0.9525 0.0041 0.0011 
        011s  7 0.0069 0.0012 0.8608 0.0008 0.0847 0.0007 0.0061 0.0228 0.0156 0.0005 
        012s  7 0.0019 0.0007 0.9503 0.0004 0.0323 0.0016 0.0046 0.0036 0.0033 0.0011 
        013s  7 0.0017 0.0064 0.8765 0.0010 0.0720 0.0117 0.0050 0.0083 0.0169 0.0005 
        014s  7 0.0012 0.0003 0.0081 0.0008 0.5250 0.0014 0.0015 0.3786 0.0405 0.0426 
        015s  7 0.0436 0.0012 0.0116 0.0022 0.8343 0.0019 0.0043 0.0018 0.0787 0.0203 
        016s  7 0.0004 0.0022 0.0012 0.0004 0.0026 0.0002 0.0014 0.8976 0.0013 0.0926 
        017s  7 0.0017 0.0009 0.4373 0.0005 0.2644 0.0012 0.0095 0.0355 0.2468 0.0022 
        018s  7 0.0038 0.0007 0.1084 0.0067 0.3194 0.0005 0.2041 0.0013 0.3537 0.0013 
        019s  7 0.0764 0.0104 0.8309 0.0036 0.0278 0.0013 0.0126 0.0105 0.0252 0.0011 
        020s  7 0.0011 0.0005 0.0634 0.0004 0.9095 0.0022 0.0024 0.0151 0.0046 0.0007 
        021s  7 0.0023 0.0015 0.8691 0.0011 0.0209 0.0007 0.0020 0.0105 0.0901 0.0018 
        022s  7 0.0009 0.0011 0.9277 0.0004 0.0255 0.0049 0.0198 0.0025 0.0126 0.0046 
        023s  7 0.0599 0.0140 0.4352 0.0014 0.1821 0.0011 0.0058 0.0186 0.2778 0.0040 
        024s  7 0.0006 0.0011 0.3323 0.0028 0.5072 0.0005 0.1013 0.0083 0.0440 0.0020 
        025s  7 0.0060 0.0012 0.2775 0.0013 0.6737 0.0039 0.0102 0.0097 0.0158 0.0007 
        026s  7 0.0052 0.0019 0.1026 0.0022 0.0287 0.0004 0.0057 0.8429 0.0080 0.0024 
        027s  7 0.0130 0.0006 0.5177 0.0020 0.0037 0.0018 0.0029 0.4307 0.0261 0.0015 
        028s  7 0.0048 0.0005 0.9092 0.0002 0.0039 0.0008 0.0511 0.0022 0.0230 0.0043 
        029s  7 0.0015 0.0035 0.5294 0.0010 0.0617 0.0012 0.0060 0.0512 0.3392 0.0053 
        030s  7 0.0415 0.0040 0.0665 0.0058 0.4777 0.0011 0.0111 0.1814 0.2105 0.0004 
        031s  7 0.0280 0.0131 0.3804 0.0008 0.3327 0.0021 0.1928 0.0433 0.0042 0.0026 
        032s  7 0.0140 0.0005 0.8368 0.0065 0.0383 0.0004 0.0038 0.0021 0.0074 0.0903 
        033s  7 0.0063 0.0018 0.7458 0.0041 0.1797 0.0007 0.0016 0.0084 0.0139 0.0377 
        034s  7 0.0047 0.0008 0.4093 0.0019 0.0860 0.0293 0.0021 0.0118 0.4533 0.0009 
        035s  7 0.0006 0.0009 0.5339 0.0006 0.3860 0.0004 0.0046 0.0061 0.0666 0.0004 
        036s  7 0.0009 0.0115 0.2511 0.0010 0.5578 0.0045 0.0036 0.0864 0.0824 0.0008 
        037s  7 0.0627 0.0066 0.5916 0.0009 0.0646 0.0022 0.0641 0.0114 0.1750 0.0211 
        038s  7 0.0153 0.0017 0.7246 0.0009 0.0170 0.0004 0.0587 0.0078 0.1656 0.0080 
        039s  7 0.0011 0.0004 0.5074 0.0004 0.0165 0.0003 0.2133 0.2429 0.0172 0.0005 
        040s  7 0.0269 0.0008 0.0020 0.0005 0.0022 0.0374 0.0020 0.9190 0.0030 0.0062 
        041s  7 0.0115 0.0018 0.5709 0.0047 0.0286 0.0005 0.0061 0.1805 0.1817 0.0137 
        042s  7 0.0012 0.0004 0.0059 0.0005 0.2554 0.0008 0.0032 0.7286 0.0020 0.0020 
        043s  7 0.0050 0.0046 0.3788 0.0007 0.5587 0.0003 0.0163 0.0089 0.0254 0.0013 
        044s  7 0.0930 0.0223 0.3009 0.0018 0.2946 0.0089 0.0030 0.0028 0.2538 0.0190 
         003  8 0.0023 0.0011 0.9242 0.0112 0.0203 0.0014 0.0031 0.0032 0.0244 0.0087 
         009  8 0.0009 0.0013 0.9148 0.0007 0.0706 0.0006 0.0023 0.0058 0.0017 0.0012 
         010  8 0.0071 0.0032 0.8839 0.0004 0.0685 0.0003 0.0184 0.0136 0.0040 0.0004 
         017  8 0.0027 0.0037 0.8657 0.0016 0.1001 0.0006 0.0078 0.0015 0.0151 0.0011 
         002  9 0.0004 0.0011 0.9636 0.0008 0.0102 0.0014 0.0036 0.0151 0.0033 0.0006 
         003  9 0.0021 0.0005 0.9405 0.0006 0.0391 0.0005 0.0044 0.0033 0.0087 0.0003 
         004  9 0.0003 0.0010 0.8765 0.0005 0.0870 0.0003 0.0024 0.0142 0.0172 0.0007 
         005  9 0.0008 0.0056 0.2535 0.0015 0.6414 0.0016 0.0345 0.0053 0.0555 0.0004 
         006  9 0.0007 0.0018 0.9491 0.0007 0.0331 0.0012 0.0010 0.0038 0.0072 0.0014 
         007  9 0.0013 0.0015 0.7722 0.0013 0.0143 0.0005 0.0024 0.0073 0.1925 0.0067 
         009  9 0.0056 0.0019 0.9532 0.0015 0.0127 0.0003 0.0041 0.0106 0.0083 0.0018 
         010  9 0.0006 0.0018 0.9751 0.0022 0.0050 0.0006 0.0076 0.0030 0.0036 0.0003 
         013  9 0.0044 0.0024 0.6240 0.0005 0.3223 0.0014 0.0128 0.0244 0.0051 0.0025 
         014  9 0.0303 0.0028 0.8846 0.0060 0.0101 0.0003 0.0499 0.0135 0.0015 0.0009 
         016  9 0.0013 0.0012 0.9571 0.0009 0.0196 0.0003 0.0030 0.0036 0.0127 0.0003 
         018  9 0.0228 0.0016 0.7912 0.0064 0.0428 0.0014 0.1264 0.0046 0.0022 0.0006 
         019  9 0.0125 0.0007 0.7569 0.0052 0.0355 0.0007 0.0062 0.0025 0.1783 0.0016 
         020  9 0.0012 0.0003 0.9739 0.0005 0.0118 0.0004 0.0069 0.0011 0.0034 0.0005 
         021  9 0.0021 0.0010 0.9296 0.0004 0.0046 0.0003 0.0419 0.0027 0.0169 0.0005 
         022  9 0.0008 0.0006 0.7724 0.0010 0.0041 0.0004 0.2114 0.0043 0.0046 0.0003 
         024  9 0.0266 0.0042 0.6824 0.0032 0.1346 0.0006 0.0155 0.0126 0.1196 0.0006 
         028  9 0.0044 0.0016 0.8882 0.0008 0.0485 0.0010 0.0101 0.0038 0.0408 0.0008 
         029  9 0.0011 0.0008 0.9485 0.0016 0.0095 0.0005 0.0088 0.0051 0.0236 0.0004 
         030  9 0.0006 0.0014 0.9134 0.0007 0.0496 0.0004 0.0250 0.0036 0.0049 0.0004 
         031  9 0.0044 0.0004 0.6530 0.0011 0.3195 0.0004 0.0035 0.0108 0.0057 0.0011 
         033  9 0.0022 0.0016 0.9398 0.0009 0.0068 0.0004 0.0040 0.0136 0.0226 0.0080 
         001 10 0.0031 0.0005 0.9587 0.0015 0.0146 0.0008 0.0099 0.0056 0.0048 0.0006 
         002 10 0.0017 0.0009 0.9407 0.0010 0.0213 0.0003 0.0028 0.0031 0.0278 0.0003 
         003 10 0.0009 0.0144 0.9308 0.0008 0.0088 0.0010 0.0050 0.0020 0.0361 0.0004 
         004 10 0.0006 0.0031 0.8263 0.0008 0.0556 0.0004 0.0068 0.0961 0.0097 0.0006 
         005 10 0.0077 0.0015 0.1417 0.0021 0.8263 0.0005 0.0104 0.0041 0.0053 0.0003 
         006 10 0.0051 0.0010 0.5287 0.0008 0.4316 0.0005 0.0042 0.0050 0.0220 0.0012 
         007 10 0.0017 0.0031 0.9388 0.0005 0.0340 0.0004 0.0019 0.0076 0.0116 0.0005 
         008 10 0.0019 0.0053 0.8964 0.0006 0.0213 0.0008 0.0135 0.0031 0.0563 0.0008 
         009 10 0.0012 0.0006 0.9754 0.0042 0.0065 0.0021 0.0031 0.0044 0.0019 0.0006 
         010 10 0.0087 0.0011 0.7835 0.0037 0.0710 0.0006 0.0072 0.0332 0.0901 0.0009 
         011 10 0.0007 0.0374 0.3149 0.0005 0.6267 0.0014 0.0068 0.0060 0.0051 0.0006 
         012 10 0.0043 0.0050 0.9526 0.0006 0.0162 0.0009 0.0075 0.0043 0.0080 0.0006 
         013 10 0.0051 0.0007 0.9493 0.0007 0.0195 0.0033 0.0085 0.0024 0.0101 0.0003 
         014 10 0.0030 0.0015 0.6731 0.0008 0.1274 0.0010 0.0023 0.1854 0.0046 0.0009 
         016 10 0.0030 0.0009 0.9296 0.0018 0.0159 0.0007 0.0066 0.0031 0.0379 0.0006 
         017 10 0.0068 0.0010 0.8606 0.0011 0.1022 0.0009 0.0157 0.0027 0.0081 0.0010 
         018 10 0.0210 0.0011 0.8296 0.0032 0.1107 0.0006 0.0058 0.0031 0.0206 0.0043 
         019 10 0.0162 0.0013 0.5845 0.0051 0.2984 0.0004 0.0055 0.0019 0.0863 0.0006 
         020 10 0.0086 0.0018 0.9514 0.0076 0.0072 0.0013 0.0029 0.0102 0.0076 0.0013 
         021 10 0.0008 0.0003 0.9057 0.0024 0.0406 0.0004 0.0024 0.0322 0.0140 0.0012 
         022 10 0.0005 0.0013 0.8865 0.0003 0.0443 0.0006 0.0169 0.0458 0.0032 0.0005 
         023 10 0.0113 0.0011 0.8031 0.0005 0.1372 0.0007 0.0077 0.0021 0.0359 0.0003 
         024 10 0.0069 0.0028 0.8683 0.0021 0.1000 0.0002 0.0040 0.0019 0.0135 0.0004 
         026 10 0.0010 0.0006 0.9806 0.0005 0.0029 0.0005 0.0097 0.0015 0.0019 0.0008 
        001s 11 0.0641 0.0068 0.0117 0.0016 0.2945 0.0008 0.1459 0.2959 0.0895 0.0893 
        002s 11 0.0239 0.0020 0.1248 0.0046 0.7369 0.0080 0.0032 0.0158 0.0802 0.0006 
        003s 11 0.0076 0.0007 0.0113 0.0016 0.5646 0.0005 0.1881 0.0328 0.1838 0.0087 
        004s 11 0.0058 0.0020 0.6668 0.0004 0.2353 0.0018 0.0600 0.0168 0.0105 0.0006 
        005s 11 0.0015 0.0006 0.4431 0.0066 0.3278 0.0009 0.0251 0.0745 0.1183 0.0019 
        006s 11 0.0466 0.0026 0.7590 0.0016 0.0490 0.0039 0.0045 0.0139 0.1179 0.0009 
        007s 11 0.0040 0.0011 0.0101 0.0016 0.3984 0.0289 0.0021 0.1341 0.4137 0.0058 
        008s 11 0.0202 0.0005 0.0158 0.0011 0.4932 0.0004 0.0185 0.0082 0.4417 0.0005 
        009s 11 0.0015 0.0005 0.7057 0.0119 0.0097 0.0004 0.0032 0.0041 0.2625 0.0005 
        010s 11 0.0042 0.0006 0.6007 0.0007 0.2060 0.0004 0.0025 0.1812 0.0028 0.0008 
        011s 11 0.0015 0.0245 0.1395 0.0007 0.0296 0.0142 0.0148 0.6569 0.0161 0.1022 
        012s 11 0.0072 0.0005 0.2128 0.0015 0.0495 0.0003 0.2740 0.0112 0.3679 0.0750 
        013s 11 0.0023 0.0014 0.6182 0.0004 0.1552 0.0008 0.0162 0.1973 0.0075 0.0008 
        014s 11 0.0125 0.0019 0.0091 0.0025 0.2167 0.0064 0.1411 0.6006 0.0033 0.0061 
        015s 11 0.0016 0.0044 0.5011 0.0028 0.1947 0.0025 0.0271 0.0229 0.2408 0.0022 
        016s 11 0.0006 0.0571 0.2860 0.0116 0.3398 0.0006 0.0017 0.2607 0.0019 0.0401 
        017s 11 0.0013 0.0024 0.3003 0.0013 0.0213 0.0009 0.2500 0.0097 0.3617 0.0512 
        018s 11 0.0288 0.0010 0.2156 0.0027 0.0064 0.0017 0.0094 0.7260 0.0028 0.0058 
        019s 11 0.0014 0.0225 0.0512 0.0003 0.8533 0.0009 0.0029 0.0048 0.0621 0.0006 
        020s 11 0.0053 0.0009 0.0872 0.0037 0.3608 0.0020 0.0027 0.4729 0.0629 0.0018 
        021s 11 0.0058 0.0016 0.8611 0.0005 0.1177 0.0005 0.0046 0.0022 0.0052 0.0007 
        022s 11 0.0014 0.0006 0.6989 0.0011 0.0293 0.0363 0.0689 0.0165 0.1440 0.0029 
        023s 11 0.0628 0.0258 0.0544 0.0007 0.2088 0.0005 0.0097 0.5991 0.0125 0.0257 
        025s 11 0.0091 0.0011 0.5190 0.0003 0.2453 0.0007 0.0118 0.0092 0.2028 0.0005 
        026s 11 0.0243 0.0443 0.0025 0.0009 0.8909 0.0006 0.0036 0.0015 0.0060 0.0254 
        027s 11 0.0027 0.0006 0.1596 0.0005 0.7429 0.0028 0.0167 0.0076 0.0650 0.0016 
        028s 11 0.0028 0.0023 0.5689 0.0005 0.2050 0.0010 0.0442 0.0048 0.1660 0.0044 
        029s 11 0.0031 0.0005 0.4384 0.0018 0.4539 0.0006 0.0147 0.0023 0.0591 0.0256 
        030s 11 0.0178 0.0009 0.0798 0.0017 0.3968 0.0017 0.0251 0.0028 0.4484 0.0249 
        031s 11 0.0007 0.0003 0.8494 0.0012 0.0734 0.0026 0.0482 0.0054 0.0184 0.0004 
        032s 11 0.0023 0.0039 0.7350 0.0010 0.0398 0.0004 0.0121 0.0731 0.1306 0.0018 
        033s 11 0.0015 0.0013 0.0046 0.0022 0.9371 0.0004 0.0096 0.0372 0.0015 0.0045 
        034s 11 0.0092 0.0007 0.3094 0.0004 0.0071 0.0033 0.0164 0.6492 0.0020 0.0022 
        035s 11 0.0162 0.0005 0.4818 0.0029 0.0353 0.0026 0.0055 0.4479 0.0030 0.0043 
        036s 11 0.0178 0.0006 0.4204 0.0022 0.2815 0.0012 0.1115 0.0092 0.1397 0.0159 
        037s 11 0.0076 0.0040 0.1220 0.0021 0.0387 0.0005 0.0127 0.7728 0.0386 0.0012 
        038s 11 0.0061 0.0014 0.3645 0.0010 0.1205 0.0008 0.2118 0.2875 0.0039 0.0024 
        039s 11 0.0281 0.0010 0.1764 0.0004 0.7771 0.0003 0.0030 0.0074 0.0041 0.0021 
        040s 11 0.0152 0.0008 0.8988 0.0012 0.0097 0.0016 0.0071 0.0048 0.0096 0.0512 
        041s 11 0.0284 0.0050 0.2136 0.0229 0.6537 0.0012 0.0062 0.0055 0.0626 0.0008 
        042s 11 0.0014 0.0131 0.0024 0.0012 0.5026 0.0017 0.1225 0.3506 0.0032 0.0012 
        043s 11 0.0386 0.0233 0.7453 0.0007 0.1402 0.0006 0.0127 0.0222 0.0021 0.0143 
        044s 11 0.0009 0.0053 0.4787 0.0013 0.1387 0.0104 0.0430 0.0438 0.2774 0.0006 
        045s 11 0.0026 0.0144 0.5830 0.0004 0.0334 0.0025 0.0185 0.0161 0.3286 0.0005 
        046s 11 0.0031 0.0275 0.1067 0.0013 0.1251 0.0045 0.0211 0.4784 0.2113 0.0211 
        047s 11 0.0007 0.0017 0.0053 0.0007 0.5185 0.0011 0.0054 0.0052 0.4604 0.0010 
        048s 11 0.0027 0.0319 0.5523 0.0022 0.2000 0.0025 0.0040 0.0024 0.1992 0.0029 
        049s 11 0.0257 0.0017 0.6825 0.0019 0.1370 0.0007 0.0260 0.0131 0.1092 0.0022 
        050s 11 0.0027 0.0013 0.9224 0.0005 0.0582 0.0040 0.0025 0.0034 0.0044 0.0006 
        051s 11 0.0040 0.0531 0.5403 0.0008 0.2949 0.0234 0.0074 0.0467 0.0288 0.0006 
        052s 11 0.0017 0.0042 0.1204 0.0016 0.1335 0.0044 0.0648 0.6154 0.0526 0.0014 
        053s 11 0.0207 0.0009 0.0878 0.0019 0.7580 0.0004 0.0070 0.0087 0.1143 0.0003 
        054s 11 0.0022 0.0007 0.2295 0.0005 0.7323 0.0051 0.0050 0.0163 0.0075 0.0010 
        055s 11 0.0514 0.0004 0.1349 0.0005 0.0780 0.0011 0.0169 0.6928 0.0054 0.0186 
        001s 12 0.0060 0.0012 0.9610 0.0015 0.0034 0.0024 0.0041 0.0072 0.0111 0.0021 
        002s 12 0.0008 0.0013 0.0431 0.0024 0.7726 0.0006 0.0034 0.0033 0.1715 0.0011 
        003s 12 0.0005 0.0005 0.7496 0.0009 0.1496 0.0006 0.0180 0.0133 0.0665 0.0005 
        004s 12 0.0560 0.0071 0.7119 0.0028 0.0096 0.0008 0.1220 0.0025 0.0168 0.0706 
        005s 12 0.0009 0.0010 0.5112 0.0009 0.0247 0.0009 0.0013 0.4561 0.0024 0.0006 
        006s 12 0.0079 0.0021 0.6526 0.0009 0.0504 0.0042 0.1132 0.0330 0.1141 0.0216 
        007s 12 0.0065 0.0017 0.2719 0.0030 0.2862 0.0015 0.0028 0.0043 0.4211 0.0010 
        008s 12 0.0380 0.0012 0.0164 0.0007 0.9031 0.0007 0.0182 0.0018 0.0143 0.0055 
        009s 12 0.0063 0.0084 0.2840 0.0167 0.1442 0.0013 0.0197 0.0386 0.4762 0.0044 
        010s 12 0.0072 0.0005 0.4827 0.0016 0.0816 0.0231 0.0185 0.1125 0.2659 0.0064 
        011s 12 0.0117 0.0009 0.0061 0.0012 0.8726 0.0036 0.0033 0.0096 0.0901 0.0010 
        012s 12 0.0023 0.0042 0.6083 0.0005 0.0431 0.0065 0.0942 0.0019 0.2373 0.0017 
        013s 12 0.0006 0.0385 0.8549 0.0008 0.0617 0.0007 0.0260 0.0026 0.0131 0.0011 
        014s 12 0.0123 0.0490 0.1065 0.0056 0.2611 0.0422 0.0036 0.3918 0.1264 0.0016 
        015s 12 0.0038 0.0013 0.9303 0.0016 0.0390 0.0008 0.0042 0.0065 0.0063 0.0062 
        016s 12 0.0323 0.0081 0.8793 0.0005 0.0115 0.0007 0.0583 0.0026 0.0058 0.0008 
        017s 12 0.0005 0.0012 0.8923 0.0005 0.0398 0.0015 0.0082 0.0293 0.0195 0.0071 
        018s 12 0.0035 0.0019 0.2983 0.0027 0.2325 0.0003 0.0047 0.0166 0.4379 0.0016 
        019s 12 0.0011 0.0007 0.8437 0.0031 0.1043 0.0006 0.0041 0.0291 0.0064 0.0069 
        020s 12 0.0321 0.0012 0.0183 0.0004 0.6229 0.0005 0.0055 0.0032 0.2499 0.0659 
        021s 12 0.0142 0.0021 0.4541 0.0005 0.2279 0.0005 0.1669 0.0032 0.1267 0.0040 
        022s 12 0.0160 0.0076 0.6284 0.0053 0.2418 0.0012 0.0087 0.0581 0.0054 0.0275 
        023s 12 0.0147 0.0014 0.0089 0.0012 0.9109 0.0004 0.0078 0.0233 0.0309 0.0005 
        024s 12 0.0049 0.0007 0.0335 0.0005 0.4992 0.0003 0.0233 0.4145 0.0222 0.0009 
        025s 12 0.0573 0.0006 0.4031 0.0042 0.4142 0.0010 0.0028 0.0104 0.1043 0.0020 
        026s 12 0.0527 0.0012 0.6162 0.0110 0.1761 0.0012 0.0107 0.0688 0.0300 0.0322 
        027s 12 0.0192 0.0008 0.1276 0.0006 0.8259 0.0009 0.0018 0.0036 0.0172 0.0023 
        028s 12 0.0015 0.0089 0.0589 0.0238 0.0264 0.0006 0.0089 0.8594 0.0088 0.0028 
        029s 12 0.0075 0.0008 0.1877 0.0005 0.4927 0.0014 0.0097 0.2744 0.0243 0.0010 
        030s 12 0.0031 0.0010 0.6456 0.0005 0.1007 0.0022 0.0088 0.0065 0.2305 0.0011 
        031s 12 0.0020 0.0032 0.0746 0.0010 0.8738 0.0008 0.0074 0.0051 0.0282 0.0038 
        032s 12 0.0007 0.0011 0.3521 0.0168 0.0056 0.0006 0.0343 0.5782 0.0100 0.0006 
        033s 12 0.0110 0.0005 0.9051 0.0007 0.0174 0.0051 0.0032 0.0063 0.0493 0.0014 
        034s 12 0.0016 0.0007 0.1864 0.0008 0.0398 0.0007 0.0033 0.7412 0.0250 0.0005 
        035s 12 0.0030 0.0003 0.5538 0.0006 0.2818 0.0017 0.0702 0.0670 0.0079 0.0136 
        036s 12 0.0107 0.0016 0.6788 0.0040 0.0023 0.0050 0.1649 0.0268 0.1042 0.0016 
        037s 12 0.0135 0.0009 0.0654 0.0012 0.7537 0.0005 0.0035 0.0042 0.1558 0.0013 
        001s 13 0.0010 0.0027 0.9166 0.0011 0.0055 0.0010 0.0062 0.0125 0.0370 0.0164 
        002s 13 0.0112 0.0011 0.0556 0.0003 0.0539 0.0004 0.0065 0.6076 0.2095 0.0537 
        003s 13 0.0026 0.0021 0.8648 0.0013 0.0426 0.0003 0.0136 0.0039 0.0674 0.0013 
        004s 13 0.0040 0.0037 0.8537 0.0161 0.0562 0.0006 0.0439 0.0102 0.0101 0.0015 
        005s 13 0.0038 0.0028 0.0051 0.0023 0.9640 0.0029 0.0099 0.0039 0.0035 0.0018 
        006s 13 0.0016 0.0008 0.0107 0.0011 0.7051 0.0012 0.0152 0.0102 0.2535 0.0006 
        007s 13 0.0302 0.0019 0.2198 0.0005 0.5204 0.0222 0.0057 0.0028 0.1958 0.0006 
        008s 13 0.0271 0.0008 0.0095 0.0024 0.6294 0.0014 0.0075 0.0072 0.2675 0.0472 
        009s 13 0.0040 0.0013 0.0033 0.0085 0.8381 0.0016 0.0158 0.0044 0.0027 0.1205 
        010s 13 0.0210 0.0014 0.1107 0.0013 0.6148 0.0008 0.0982 0.0033 0.1106 0.0380 
        011s 13 0.0534 0.0064 0.2049 0.0085 0.2700 0.0205 0.0022 0.2417 0.1904 0.0020 
        012s 13 0.0020 0.0230 0.1361 0.0041 0.0085 0.0013 0.4568 0.0058 0.3298 0.0325 
        013s 13 0.0241 0.0021 0.0389 0.0011 0.2550 0.0209 0.0020 0.4478 0.1798 0.0284 
        014s 13 0.0510 0.0052 0.1201 0.0011 0.5475 0.0164 0.0083 0.0034 0.2465 0.0005 
        015s 13 0.0035 0.0107 0.0098 0.0150 0.9253 0.0008 0.0026 0.0219 0.0017 0.0087 
        016s 13 0.0012 0.0016 0.9383 0.0008 0.0422 0.0005 0.0065 0.0038 0.0046 0.0005 
        017s 13 0.0493 0.0010 0.8391 0.0053 0.0080 0.0031 0.0708 0.0073 0.0095 0.0065 
        018s 13 0.0012 0.0005 0.1877 0.0008 0.7410 0.0004 0.0310 0.0151 0.0214 0.0008 
        019s 13 0.0038 0.0015 0.8887 0.0005 0.0067 0.0015 0.0344 0.0469 0.0155 0.0005 
        020s 13 0.0067 0.0005 0.0315 0.0032 0.1936 0.0049 0.0015 0.7519 0.0053 0.0010 
        021s 13 0.0006 0.0019 0.7734 0.0008 0.1274 0.0007 0.0041 0.0149 0.0740 0.0022 
        022s 13 0.0162 0.0005 0.0262 0.0005 0.9271 0.0006 0.0022 0.0052 0.0206 0.0008 
        023s 13 0.0030 0.0005 0.0702 0.0007 0.8045 0.0005 0.0086 0.0485 0.0620 0.0014 
        024s 13 0.0059 0.0405 0.4473 0.0013 0.0286 0.0032 0.0280 0.0087 0.4134 0.0229 
        025s 13 0.0011 0.0024 0.1833 0.0011 0.7539 0.0006 0.0041 0.0031 0.0492 0.0013 
        026s 13 0.0221 0.0096 0.0107 0.0004 0.4567 0.0030 0.0836 0.0043 0.3658 0.0437 
        027s 13 0.0482 0.0016 0.5679 0.0040 0.0357 0.0029 0.0019 0.0041 0.2958 0.0378 
        028s 13 0.1184 0.0037 0.0060 0.0082 0.4613 0.0026 0.0378 0.3466 0.0135 0.0019 
        029s 13 0.0010 0.0024 0.2326 0.0007 0.0143 0.0017 0.0164 0.6472 0.0638 0.0199 
        030s 13 0.0004 0.0319 0.0344 0.0010 0.0486 0.0007 0.1516 0.5392 0.1227 0.0695 
        031s 13 0.0052 0.0984 0.2307 0.0011 0.2378 0.0036 0.1219 0.0020 0.2931 0.0062 
        032s 13 0.0018 0.0003 0.0105 0.0007 0.9718 0.0065 0.0041 0.0026 0.0012 0.0006 
        033s 13 0.0369 0.0011 0.6451 0.0009 0.1274 0.0101 0.0672 0.0046 0.1043 0.0023 
        034s 13 0.0018 0.0014 0.0098 0.0039 0.0841 0.0171 0.0068 0.8178 0.0085 0.0488 
        035s 13 0.0013 0.0053 0.7195 0.0022 0.0405 0.0008 0.0030 0.2234 0.0032 0.0006 
        036s 13 0.0010 0.0006 0.9185 0.0006 0.0054 0.0006 0.0099 0.0533 0.0080 0.0020 
        037s 13 0.0037 0.0021 0.6552 0.0012 0.0521 0.0007 0.0116 0.0178 0.2550 0.0006 
        038s 13 0.0042 0.0010 0.5431 0.0018 0.0033 0.0014 0.0281 0.3739 0.0419 0.0013 
        039s 13 0.0721 0.0621 0.0043 0.0009 0.7736 0.0009 0.0038 0.0016 0.0026 0.0780 
        040s 13 0.0188 0.0009 0.6093 0.0006 0.0429 0.0015 0.0724 0.0057 0.2458 0.0021 
        041s 13 0.0027 0.0020 0.4639 0.0008 0.1861 0.0033 0.0119 0.0055 0.2772 0.0467 
        042s 13 0.0018 0.0014 0.1105 0.0014 0.0189 0.0017 0.0052 0.8301 0.0285 0.0006 
        001s 14 0.0030 0.0018 0.2360 0.0020 0.0063 0.0014 0.1027 0.5454 0.0771 0.0243 
        002s 14 0.0264 0.0012 0.5396 0.0057 0.3291 0.0014 0.0095 0.0082 0.0150 0.0638 
        003s 14 0.0054 0.0012 0.0462 0.0010 0.0028 0.0007 0.0071 0.9275 0.0074 0.0007 
        004s 14 0.0068 0.0037 0.0094 0.0011 0.9445 0.0100 0.0017 0.0042 0.0098 0.0089 
        005s 14 0.0048 0.0009 0.7143 0.0007 0.0420 0.0003 0.0070 0.1785 0.0511 0.0004 
        006s 14 0.0018 0.0005 0.9238 0.0005 0.0036 0.0010 0.0085 0.0184 0.0411 0.0008 
        007s 14 0.0022 0.0011 0.0100 0.0007 0.9362 0.0011 0.0046 0.0090 0.0343 0.0007 
        008s 14 0.0016 0.0033 0.0391 0.0175 0.0053 0.0090 0.0062 0.7182 0.1005 0.0992 
        009s 14 0.0164 0.0014 0.0496 0.0079 0.8670 0.0007 0.0022 0.0372 0.0156 0.0020 
        010s 14 0.0024 0.0019 0.6675 0.0099 0.0034 0.0007 0.0058 0.2414 0.0016 0.0654 
        011s 14 0.0358 0.0008 0.5749 0.0006 0.0385 0.0112 0.0020 0.3049 0.0283 0.0031 
        012s 14 0.0078 0.0027 0.0896 0.0030 0.1096 0.0016 0.0191 0.7233 0.0427 0.0007 
        013s 14 0.0017 0.0095 0.1620 0.0009 0.0538 0.0051 0.3970 0.1399 0.2291 0.0011 
        014s 14 0.0075 0.0009 0.0414 0.0043 0.7697 0.0006 0.0558 0.0108 0.0611 0.0479 
        015s 14 0.0037 0.0041 0.7273 0.0114 0.0277 0.0007 0.0077 0.0085 0.2078 0.0011 
        016s 14 0.0157 0.0101 0.1741 0.0007 0.6881 0.0003 0.0545 0.0045 0.0497 0.0024 
        017s 14 0.0045 0.0009 0.3522 0.0012 0.4364 0.0106 0.0348 0.0097 0.0942 0.0555 
        018s 14 0.0012 0.0016 0.8910 0.0009 0.0078 0.0005 0.0040 0.0037 0.0886 0.0008 
        019s 14 0.0228 0.0009 0.2746 0.0004 0.6643 0.0014 0.0031 0.0040 0.0271 0.0015 
        020s 14 0.0013 0.0024 0.3240 0.0087 0.1175 0.0004 0.0032 0.5398 0.0017 0.0008 
        021s 14 0.0013 0.0007 0.9192 0.0099 0.0236 0.0004 0.0164 0.0039 0.0160 0.0086 
        022s 14 0.0322 0.0013 0.2602 0.0021 0.3687 0.0037 0.0214 0.0087 0.2970 0.0047 
        023s 14 0.0018 0.0031 0.8831 0.0023 0.0084 0.0021 0.0487 0.0118 0.0208 0.0179 
        024s 14 0.0070 0.0014 0.2267 0.0029 0.2158 0.0014 0.0164 0.3265 0.1506 0.0512 
        025s 14 0.0035 0.0006 0.0068 0.0005 0.9019 0.0002 0.0013 0.0178 0.0031 0.0643 
