        001s  1 0.2369 0.0006 0.0007 0.7566 0.0003 0.0031 0.0017 
        002s  1 0.8089 0.0009 0.0011 0.1253 0.0029 0.0604 0.0005 
        003s  1 0.9243 0.0034 0.0021 0.0103 0.0010 0.0367 0.0223 
        004s  1 0.5208 0.0049 0.0040 0.4257 0.0373 0.0069 0.0005 
        005s  1 0.5460 0.2219 0.0012 0.0051 0.2097 0.0158 0.0003 
        006s  1 0.0026 0.0004 0.0006 0.9613 0.0012 0.0334 0.0004 
        007s  1 0.0140 0.0027 0.0030 0.9694 0.0006 0.0093 0.0010 
        008s  1 0.5835 0.0050 0.0011 0.3494 0.0012 0.0585 0.0014 
        009s  1 0.3542 0.0579 0.0060 0.5592 0.0043 0.0152 0.0033 
        010s  1 0.0056 0.0102 0.0004 0.9272 0.0011 0.0547 0.0009 
        011s  1 0.0070 0.0015 0.0028 0.9572 0.0021 0.0244 0.0050 
        012s  1 0.0408 0.1218 0.0011 0.8021 0.0051 0.0177 0.0114 
        013s  1 0.0342 0.0022 0.0080 0.9231 0.0271 0.0047 0.0008 
        014s  1 0.0058 0.0299 0.0042 0.9371 0.0012 0.0034 0.0184 
        015s  1 0.0071 0.0008 0.0004 0.9844 0.0005 0.0061 0.0007 
        016s  1 0.0475 0.0035 0.0081 0.8549 0.0005 0.0844 0.0012 
        018s  1 0.0387 0.1470 0.0011 0.0889 0.0017 0.7212 0.0014 
        019s  1 0.1410 0.0143 0.0016 0.8178 0.0005 0.0204 0.0045 
        020s  1 0.0060 0.0007 0.0095 0.9283 0.0003 0.0464 0.0088 
        021s  1 0.0217 0.0004 0.0087 0.9493 0.0088 0.0103 0.0008 
        022s  1 0.9731 0.0003 0.0012 0.0180 0.0004 0.0061 0.0008 
        023s  1 0.1481 0.0003 0.0096 0.7377 0.0006 0.1025 0.0011 
        024s  1 0.0052 0.0009 0.0006 0.9789 0.0011 0.0128 0.0004 
        025s  1 0.0078 0.0095 0.0015 0.3111 0.0019 0.6677 0.0005 
        026s  1 0.0044 0.0006 0.0096 0.9378 0.0010 0.0401 0.0065 
        027s  1 0.0269 0.0015 0.0034 0.0572 0.0102 0.9004 0.0006 
        028s  1 0.0058 0.0516 0.0011 0.0567 0.0540 0.8291 0.0016 
        029s  1 0.0084 0.0013 0.0007 0.9743 0.0004 0.0080 0.0070 
        030s  1 0.0032 0.0017 0.0012 0.1425 0.0035 0.8393 0.0086 
        031s  1 0.0453 0.0003 0.0016 0.9465 0.0004 0.0056 0.0003 
        032s  1 0.0044 0.0007 0.0006 0.8940 0.0007 0.0985 0.0009 
        033s  1 0.0064 0.0056 0.0012 0.9774 0.0010 0.0073 0.0010 
        034s  1 0.5007 0.0007 0.0547 0.4083 0.0008 0.0308 0.0040 
        035s  1 0.0025 0.0013 0.0008 0.9274 0.0018 0.0644 0.0017 
        036s  1 0.4452 0.0890 0.0013 0.4357 0.0011 0.0272 0.0006 
        037s  1 0.0506 0.1079 0.0469 0.5890 0.0141 0.1905 0.0009 
        038s  1 0.0152 0.0020 0.0007 0.8796 0.0008 0.1006 0.0011 
        039s  1 0.0116 0.0006 0.0006 0.9432 0.0249 0.0182 0.0010 
        040s  1 0.0820 0.0016 0.0031 0.8191 0.0038 0.0895 0.0009 
        041s  1 0.0092 0.0034 0.0041 0.9569 0.0005 0.0251 0.0008 
        042s  1 0.0901 0.0783 0.0787 0.7300 0.0005 0.0212 0.0012 
        043s  1 0.8977 0.0149 0.0006 0.0213 0.0016 0.0615 0.0025 
        044s  1 0.2535 0.0911 0.0121 0.0169 0.0167 0.6067 0.0030 
        045s  1 0.0020 0.0065 0.0007 0.9038 0.0010 0.0848 0.0011 
        046s  1 0.0283 0.0015 0.0007 0.9419 0.0005 0.0246 0.0026 
        047s  1 0.0055 0.0012 0.0039 0.8962 0.0003 0.0912 0.0016 
        048s  1 0.4636 0.0624 0.0008 0.4703 0.0002 0.0021 0.0006 
        049s  1 0.9323 0.0005 0.0005 0.0578 0.0013 0.0066 0.0009 
        050s  1 0.0161 0.1006 0.0004 0.8715 0.0021 0.0088 0.0004 
        051s  1 0.0086 0.0003 0.0008 0.9464 0.0007 0.0166 0.0266 
        052s  1 0.0261 0.0093 0.0022 0.1506 0.0085 0.7830 0.0203 
        053s  1 0.0024 0.0017 0.0008 0.9349 0.0005 0.0591 0.0005 
        054s  1 0.0032 0.0003 0.0014 0.9379 0.0033 0.0510 0.0030 
        055s  1 0.0027 0.0891 0.0676 0.8339 0.0017 0.0023 0.0027 
          01  2 0.0084 0.1226 0.0019 0.7197 0.0012 0.1201 0.0261 
          02  2 0.0068 0.0196 0.0008 0.7515 0.0034 0.2158 0.0019 
          03  2 0.0127 0.0018 0.0016 0.7440 0.0010 0.2385 0.0004 
          04  2 0.0615 0.0023 0.0174 0.1950 0.0204 0.7019 0.0014 
          05  2 0.7958 0.1232 0.0007 0.0186 0.0008 0.0605 0.0005 
          06  2 0.0095 0.0381 0.0005 0.7943 0.0023 0.1548 0.0004 
          07  2 0.1170 0.0074 0.0007 0.8648 0.0018 0.0075 0.0009 
          08  2 0.7687 0.0828 0.0013 0.0498 0.0004 0.0962 0.0008 
          09  2 0.0372 0.0009 0.0004 0.9428 0.0003 0.0079 0.0105 
          10  2 0.0162 0.0014 0.0007 0.7437 0.0005 0.2367 0.0008 
          11  2 0.0191 0.0099 0.0035 0.9462 0.0011 0.0096 0.0107 
          12  2 0.0201 0.0010 0.0008 0.8225 0.0012 0.1523 0.0021 
          13  2 0.1608 0.0006 0.0007 0.8299 0.0007 0.0066 0.0007 
          14  2 0.3625 0.0004 0.0237 0.5963 0.0096 0.0036 0.0039 
          15  2 0.3269 0.0007 0.0010 0.6196 0.0005 0.0494 0.0019 
          16  2 0.0072 0.0011 0.0052 0.8570 0.0586 0.0679 0.0030 
          17  2 0.0807 0.0022 0.0015 0.3239 0.0015 0.5891 0.0012 
          18  2 0.0047 0.0202 0.0009 0.8945 0.0042 0.0729 0.0024 
          19  2 0.0046 0.0013 0.0045 0.9739 0.0004 0.0133 0.0021 
          20  2 0.0137 0.0554 0.0082 0.8387 0.0092 0.0722 0.0025 
          21  2 0.0105 0.0016 0.0006 0.9558 0.0006 0.0127 0.0182 
          22  2 0.0039 0.0020 0.0075 0.8849 0.0038 0.0912 0.0067 
          23  2 0.0027 0.0014 0.0026 0.7756 0.0022 0.2142 0.0012 
          24  2 0.0034 0.0005 0.0007 0.9697 0.0007 0.0239 0.0011 
          25  2 0.0592 0.0049 0.0008 0.8992 0.0248 0.0101 0.0011 
          26  2 0.9955 0.0006 0.0004 0.0011 0.0004 0.0014 0.0007 
          27  2 0.0253 0.0009 0.0040 0.9279 0.0299 0.0108 0.0013 
          28  2 0.0540 0.0018 0.0035 0.9227 0.0003 0.0163 0.0013 
          29  2 0.0072 0.0010 0.0003 0.9247 0.0009 0.0650 0.0009 
          30  2 0.1025 0.1583 0.0825 0.2661 0.0007 0.3775 0.0123 
          01  3 0.0123 0.4300 0.0052 0.1091 0.2172 0.2256 0.0005 
          02  3 0.0022 0.3317 0.0042 0.0141 0.4614 0.1123 0.0741 
          03  3 0.0015 0.3136 0.0010 0.0083 0.3111 0.3641 0.0005 
          04  3 0.0033 0.4617 0.0009 0.0584 0.3496 0.1252 0.0010 
          05  3 0.0004 0.3622 0.1210 0.0008 0.4008 0.0005 0.1143 
          06  3 0.0019 0.4225 0.0013 0.0375 0.4956 0.0409 0.0003 
          07  3 0.0030 0.3714 0.0004 0.0015 0.2476 0.3755 0.0006 
          08  3 0.0030 0.3707 0.0022 0.0273 0.3198 0.2719 0.0051 
          09  3 0.0010 0.4215 0.0022 0.0029 0.2647 0.3075 0.0003 
          10  3 0.0119 0.1970 0.1279 0.0217 0.4150 0.0096 0.2168 
          11  3 0.0040 0.4065 0.0003 0.0065 0.3004 0.2820 0.0004 
          12  3 0.0474 0.4126 0.0006 0.0018 0.3108 0.2265 0.0003 
          13  3 0.0021 0.4572 0.0003 0.0018 0.5210 0.0024 0.0153 
          14  3 0.0027 0.3332 0.1556 0.0016 0.4573 0.0054 0.0441 
          15  3 0.0017 0.3763 0.0011 0.0988 0.2725 0.2492 0.0003 
          16  3 0.0111 0.3114 0.0053 0.0616 0.6000 0.0074 0.0031 
          17  3 0.0020 0.4152 0.0005 0.1017 0.1769 0.3028 0.0007 
          18  3 0.0067 0.2052 0.2775 0.0067 0.3355 0.0033 0.1650 
          19  3 0.0046 0.3667 0.0028 0.0113 0.4596 0.1544 0.0005 
          20  3 0.0052 0.4539 0.0523 0.0272 0.3067 0.1544 0.0004 
          21  3 0.0038 0.3702 0.0044 0.1078 0.3744 0.1385 0.0009 
          22  3 0.0088 0.4779 0.0028 0.0013 0.2239 0.2851 0.0002 
          23  3 0.0025 0.4064 0.0012 0.0169 0.3537 0.2189 0.0004 
          24  3 0.0209 0.4901 0.0023 0.0219 0.2852 0.0108 0.1688 
          25  3 0.0005 0.3131 0.1300 0.0004 0.3049 0.0008 0.2503 
          26  3 0.0025 0.4297 0.0006 0.0032 0.3375 0.2259 0.0006 
          27  3 0.0072 0.2571 0.1734 0.0464 0.3681 0.0171 0.1307 
          28  3 0.0092 0.4469 0.0002 0.0441 0.4629 0.0350 0.0016 
          29  3 0.0244 0.3933 0.0097 0.0676 0.4194 0.0804 0.0051 
          30  3 0.2829 0.4448 0.0003 0.0046 0.2486 0.0173 0.0015 
         001  4 0.0001 0.9994 0.0001 0.0001 0.0001 0.0001 0.0001 
         002  4 0.0003 0.9983 0.0001 0.0002 0.0004 0.0003 0.0004 
         003  4 0.0001 0.9994 0.0001 0.0001 0.0001 0.0001 0.0001 
         004  4 0.0001 0.9994 0.0001 0.0001 0.0001 0.0001 0.0001 
         005  4 0.0002 0.9986 0.0001 0.0001 0.0003 0.0001 0.0005 
         006  4 0.0005 0.9251 0.0002 0.0006 0.0726 0.0005 0.0004 
         007  4 0.0142 0.9334 0.0007 0.0019 0.0476 0.0020 0.0003 
         008  4 0.0014 0.9878 0.0060 0.0009 0.0003 0.0006 0.0031 
         009  4 0.0002 0.9990 0.0001 0.0001 0.0002 0.0001 0.0002 
         010  4 0.0001 0.9956 0.0001 0.0001 0.0039 0.0001 0.0001 
         011  4 0.0021 0.9399 0.0343 0.0003 0.0222 0.0007 0.0004 
         012  4 0.0001 0.9994 0.0001 0.0001 0.0001 0.0001 0.0001 
         013  4 0.0001 0.9995 0.0001 0.0001 0.0001 0.0001 0.0001 
         014  4 0.0002 0.9989 0.0002 0.0002 0.0001 0.0002 0.0001 
         015  4 0.0001 0.9996 0.0001 0.0001 0.0001 0.0001 0.0001 
         016  4 0.0001 0.9993 0.0001 0.0001 0.0002 0.0001 0.0001 
         017  4 0.0002 0.9992 0.0001 0.0001 0.0002 0.0001 0.0001 
         019  4 0.0005 0.9120 0.0008 0.0004 0.0852 0.0003 0.0007 
         020  4 0.0002 0.9986 0.0002 0.0002 0.0002 0.0002 0.0003 
         021  4 0.0003 0.9858 0.0004 0.0005 0.0120 0.0005 0.0005 
         001  5 0.0004 0.9601 0.0362 0.0007 0.0003 0.0004 0.0018 
         002  5 0.0270 0.9511 0.0032 0.0132 0.0005 0.0033 0.0018 
         003  5 0.0069 0.7528 0.0029 0.0321 0.0738 0.1312 0.0003 
         004  5 0.0074 0.9310 0.0031 0.0540 0.0005 0.0038 0.0002 
         005  5 0.0004 0.9965 0.0006 0.0004 0.0014 0.0005 0.0002 
         006  5 0.0005 0.8959 0.0002 0.0004 0.1018 0.0007 0.0006 
         007  5 0.0003 0.9093 0.0003 0.0005 0.0888 0.0004 0.0004 
         008  5 0.0002 0.9944 0.0002 0.0002 0.0046 0.0001 0.0003 
         009  5 0.0142 0.9268 0.0012 0.0354 0.0047 0.0174 0.0003 
         010  5 0.0022 0.9218 0.0031 0.0033 0.0673 0.0020 0.0004 
         011  5 0.0011 0.9887 0.0059 0.0019 0.0007 0.0014 0.0003 
         012  5 0.0144 0.8633 0.0018 0.0350 0.0784 0.0061 0.0009 
         013  5 0.0019 0.7471 0.0007 0.0047 0.0482 0.1967 0.0006 
         014  5 0.0033 0.7010 0.0193 0.1554 0.0950 0.0056 0.0204 
         015  5 0.0003 0.9689 0.0002 0.0002 0.0299 0.0002 0.0002 
         016  5 0.0013 0.9351 0.0003 0.0020 0.0587 0.0019 0.0006 
         017  5 0.0094 0.8757 0.0002 0.0270 0.0769 0.0094 0.0014 
         018  5 0.0079 0.8716 0.0313 0.0042 0.0327 0.0265 0.0259 
         019  5 0.0003 0.9882 0.0020 0.0003 0.0002 0.0004 0.0084 
         020  5 0.0002 0.9990 0.0002 0.0002 0.0001 0.0002 0.0001 
         021  5 0.0100 0.8549 0.0042 0.1287 0.0003 0.0014 0.0005 
         022  5 0.0048 0.9202 0.0435 0.0161 0.0054 0.0063 0.0037 
         023  5 0.0007 0.9648 0.0037 0.0011 0.0274 0.0017 0.0006 
         024  5 0.0088 0.8855 0.0005 0.0339 0.0642 0.0066 0.0004 
         025  5 0.0273 0.8822 0.0005 0.0171 0.0684 0.0037 0.0009 
         026  5 0.0026 0.8369 0.0003 0.1213 0.0101 0.0283 0.0005 
         027  5 0.0002 0.9987 0.0002 0.0003 0.0003 0.0001 0.0001 
         028  5 0.0024 0.9177 0.0079 0.0078 0.0460 0.0174 0.0008 
         029  5 0.0006 0.9954 0.0002 0.0004 0.0024 0.0005 0.0004 
         030  5 0.0009 0.9851 0.0024 0.0010 0.0012 0.0010 0.0084 
        001s  6 0.2449 0.0012 0.0172 0.7002 0.0321 0.0035 0.0008 
        002s  6 0.0133 0.0469 0.0009 0.9062 0.0005 0.0147 0.0175 
        003s  6 0.2464 0.0198 0.0027 0.6102 0.0005 0.1198 0.0006 
        004s  6 0.0121 0.0006 0.0010 0.8223 0.0004 0.1631 0.0005 
        006s  6 0.0034 0.0589 0.0091 0.8830 0.0209 0.0224 0.0023 
        007s  6 0.0033 0.0006 0.0005 0.9621 0.0026 0.0303 0.0006 
        008s  6 0.0088 0.0025 0.0058 0.7803 0.0008 0.1983 0.0036 
        009s  6 0.0047 0.0003 0.0008 0.8339 0.0006 0.1587 0.0009 
        010s  6 0.0012 0.0104 0.0127 0.9210 0.0062 0.0385 0.0101 
        011s  6 0.0038 0.0007 0.0013 0.6469 0.0022 0.3449 0.0003 
        012s  6 0.0068 0.0007 0.0011 0.9740 0.0038 0.0109 0.0027 
        013s  6 0.0034 0.0012 0.0004 0.8657 0.0008 0.1278 0.0007 
        014s  6 0.3021 0.0822 0.0004 0.5922 0.0003 0.0225 0.0003 
        015s  6 0.0030 0.0085 0.0053 0.4944 0.0089 0.4789 0.0010 
        016s  6 0.0745 0.0005 0.0012 0.9163 0.0013 0.0055 0.0007 
        018s  6 0.0100 0.2655 0.0022 0.7009 0.0028 0.0180 0.0006 
        019s  6 0.0568 0.0137 0.0047 0.4489 0.0017 0.4734 0.0008 
        020s  6 0.0338 0.0004 0.0006 0.9413 0.0012 0.0218 0.0009 
        021s  6 0.0026 0.0018 0.0039 0.9707 0.0139 0.0060 0.0012 
        022s  6 0.0451 0.0013 0.0064 0.9210 0.0004 0.0252 0.0006 
        023s  6 0.4857 0.0243 0.0009 0.0216 0.0005 0.4667 0.0003 
        024s  6 0.0146 0.0337 0.0011 0.8965 0.0022 0.0496 0.0023 
        025s  6 0.0274 0.0017 0.0685 0.7855 0.0007 0.1154 0.0008 
        026s  6 0.0181 0.0005 0.0004 0.9497 0.0006 0.0287 0.0020 
        027s  6 0.0174 0.0012 0.0005 0.9579 0.0005 0.0210 0.0015 
        028s  6 0.0022 0.0200 0.0076 0.9114 0.0063 0.0043 0.0481 
        029s  6 0.0029 0.0005 0.0010 0.8696 0.0004 0.1234 0.0022 
        030s  6 0.0059 0.0716 0.0138 0.8147 0.0012 0.0914 0.0013 
        031s  6 0.6536 0.0010 0.0004 0.3056 0.0061 0.0329 0.0004 
        032s  6 0.0070 0.0087 0.0008 0.9750 0.0018 0.0063 0.0004 
        033s  6 0.0022 0.0931 0.0007 0.9017 0.0003 0.0015 0.0005 
        034s  6 0.0073 0.0017 0.0171 0.6738 0.0021 0.2975 0.0006 
        035s  6 0.8676 0.1277 0.0009 0.0009 0.0004 0.0013 0.0012 
        036s  6 0.0036 0.0006 0.0011 0.9760 0.0062 0.0122 0.0003 
        037s  6 0.0045 0.0010 0.0015 0.9820 0.0009 0.0075 0.0025 
        038s  6 0.1820 0.0005 0.0008 0.8025 0.0022 0.0109 0.0010 
        039s  6 0.0063 0.0003 0.0007 0.6250 0.0004 0.3662 0.0010 
        040s  6 0.2671 0.0004 0.0006 0.3651 0.0022 0.3641 0.0005 
        041s  6 0.5823 0.0462 0.0024 0.1847 0.0002 0.1809 0.0033 
        042s  6 0.0180 0.0124 0.0520 0.8858 0.0009 0.0271 0.0037 
        043s  6 0.0053 0.0005 0.0081 0.9617 0.0010 0.0231 0.0003 
        044s  6 0.1062 0.0011 0.0007 0.8770 0.0006 0.0116 0.0027 
        045s  6 0.0134 0.0067 0.0026 0.9073 0.0005 0.0687 0.0008 
        001s  7 0.8772 0.0015 0.0013 0.0753 0.0006 0.0437 0.0005 
        002s  7 0.4817 0.0206 0.0015 0.3724 0.0014 0.1209 0.0015 
        003s  7 0.9714 0.0013 0.0015 0.0138 0.0018 0.0081 0.0021 
        004s  7 0.0176 0.0011 0.0008 0.9697 0.0050 0.0046 0.0012 
        005s  7 0.0233 0.0120 0.0023 0.9273 0.0026 0.0318 0.0007 
        006s  7 0.0018 0.0600 0.0036 0.9276 0.0020 0.0044 0.0006 
        007s  7 0.0096 0.0082 0.0015 0.9179 0.0075 0.0389 0.0163 
        008s  7 0.9702 0.0146 0.0020 0.0050 0.0004 0.0043 0.0035 
        009s  7 0.0098 0.0028 0.0093 0.9716 0.0025 0.0033 0.0008 
        010s  7 0.9880 0.0010 0.0017 0.0064 0.0003 0.0017 0.0009 
        011s  7 0.0115 0.0005 0.0013 0.9761 0.0006 0.0092 0.0009 
        012s  7 0.0041 0.0007 0.0009 0.9114 0.0006 0.0818 0.0006 
        013s  7 0.0102 0.0004 0.0046 0.9196 0.0080 0.0565 0.0008 
        014s  7 0.5070 0.0355 0.0003 0.4149 0.0008 0.0408 0.0007 
        015s  7 0.0050 0.0153 0.0012 0.8086 0.0012 0.1674 0.0013 
        016s  7 0.9060 0.0901 0.0019 0.0009 0.0002 0.0006 0.0004 
        017s  7 0.0174 0.0013 0.0007 0.9610 0.0008 0.0183 0.0004 
        018s  7 0.0027 0.0023 0.0005 0.0601 0.0007 0.9276 0.0059 
        019s  7 0.0076 0.0026 0.0146 0.8156 0.0016 0.1543 0.0037 
        020s  7 0.0117 0.0005 0.0004 0.9769 0.0017 0.0083 0.0004 
        021s  7 0.0027 0.0028 0.0009 0.9871 0.0004 0.0046 0.0014 
        022s  7 0.0042 0.0026 0.0011 0.9436 0.0024 0.0458 0.0003 
        023s  7 0.0130 0.0110 0.0191 0.9152 0.0012 0.0393 0.0013 
        024s  7 0.0044 0.0014 0.0009 0.8073 0.0008 0.1828 0.0023 
        025s  7 0.0037 0.0010 0.0011 0.9270 0.0061 0.0599 0.0012 
        026s  7 0.9726 0.0019 0.0015 0.0164 0.0004 0.0051 0.0021 
        027s  7 0.4662 0.0011 0.0007 0.5239 0.0013 0.0047 0.0020 
        028s  7 0.0095 0.0062 0.0005 0.2647 0.0008 0.7181 0.0003 
        029s  7 0.0401 0.0121 0.0034 0.6983 0.0009 0.2440 0.0012 
        030s  7 0.0788 0.0003 0.0065 0.8385 0.0008 0.0685 0.0066 
        031s  7 0.0251 0.0031 0.0149 0.7173 0.0015 0.2377 0.0005 
        032s  7 0.0040 0.0980 0.0004 0.8394 0.0006 0.0538 0.0039 
        033s  7 0.0029 0.0391 0.0025 0.9402 0.0010 0.0105 0.0037 
        034s  7 0.0026 0.0018 0.0009 0.8531 0.0414 0.0980 0.0023 
        035s  7 0.0035 0.0003 0.0015 0.9838 0.0004 0.0099 0.0006 
        036s  7 0.0390 0.0006 0.0093 0.9425 0.0056 0.0023 0.0008 
        037s  7 0.0065 0.0670 0.0046 0.1075 0.0035 0.8101 0.0006 
        038s  7 0.0039 0.0116 0.0016 0.4288 0.0005 0.5524 0.0011 
        039s  7 0.3634 0.0005 0.0003 0.0094 0.0003 0.6256 0.0004 
        040s  7 0.9613 0.0074 0.0005 0.0011 0.0276 0.0016 0.0006 
        041s  7 0.1301 0.0374 0.0016 0.8160 0.0008 0.0120 0.0021 
        042s  7 0.9647 0.0049 0.0004 0.0210 0.0009 0.0078 0.0003 
        043s  7 0.0132 0.0016 0.0034 0.9694 0.0002 0.0115 0.0006 
        044s  7 0.0021 0.0525 0.0218 0.8831 0.0133 0.0252 0.0019 
         003  8 0.0016 0.0059 0.0006 0.9704 0.0013 0.0060 0.0142 
         009  8 0.0072 0.0015 0.0013 0.9706 0.0005 0.0182 0.0007 
         010  8 0.0125 0.0005 0.0028 0.9309 0.0002 0.0526 0.0005 
         017  8 0.0046 0.0008 0.0041 0.9762 0.0009 0.0118 0.0016 
         002  9 0.0181 0.0006 0.0013 0.9661 0.0008 0.0125 0.0007 
         003  9 0.0051 0.0003 0.0005 0.9811 0.0003 0.0123 0.0003 
         004  9 0.0070 0.0005 0.0010 0.9832 0.0002 0.0075 0.0006 
         005  9 0.0051 0.0004 0.0043 0.9362 0.0010 0.0518 0.0012 
         006  9 0.0038 0.0011 0.0018 0.9700 0.0007 0.0221 0.0004 
         007  9 0.0057 0.0044 0.0018 0.9817 0.0004 0.0052 0.0008 
         009  9 0.0096 0.0016 0.0022 0.9805 0.0003 0.0044 0.0013 
         010  9 0.0046 0.0003 0.0018 0.9413 0.0006 0.0493 0.0020 
         013  9 0.0282 0.0014 0.0014 0.9326 0.0007 0.0352 0.0004 
         014  9 0.0091 0.0006 0.0025 0.9182 0.0003 0.0632 0.0061 
         016  9 0.0041 0.0002 0.0009 0.9829 0.0002 0.0105 0.0012 
         018  9 0.0039 0.0007 0.0016 0.7669 0.0010 0.2211 0.0048 
         019  9 0.0032 0.0008 0.0007 0.9856 0.0006 0.0035 0.0057 
         020  9 0.0016 0.0005 0.0004 0.9525 0.0004 0.0441 0.0005 
         021  9 0.0047 0.0006 0.0005 0.6783 0.0003 0.3153 0.0003 
         022  9 0.0129 0.0003 0.0008 0.7825 0.0004 0.2023 0.0009 
         024  9 0.0081 0.0006 0.0028 0.9754 0.0005 0.0100 0.0026 
         028  9 0.0081 0.0004 0.0013 0.8938 0.0009 0.0947 0.0008 
         029  9 0.0043 0.0003 0.0006 0.9604 0.0003 0.0329 0.0012 
         030  9 0.0036 0.0004 0.0014 0.9779 0.0003 0.0156 0.0009 
         031  9 0.0131 0.0016 0.0005 0.9719 0.0003 0.0117 0.0010 
         033  9 0.0085 0.0069 0.0014 0.9783 0.0005 0.0036 0.0006 
         001 10 0.0049 0.0004 0.0003 0.9626 0.0005 0.0300 0.0013 
         002 10 0.0061 0.0004 0.0007 0.9882 0.0002 0.0023 0.0021 
         003 10 0.0023 0.0004 0.0132 0.9690 0.0007 0.0137 0.0006 
         004 10 0.0893 0.0006 0.0032 0.8963 0.0003 0.0096 0.0007 
         005 10 0.0044 0.0004 0.0012 0.9813 0.0005 0.0108 0.0015 
         006 10 0.0021 0.0013 0.0009 0.9913 0.0004 0.0035 0.0006 
         007 10 0.0034 0.0006 0.0022 0.9903 0.0002 0.0029 0.0004 
         008 10 0.0023 0.0009 0.0037 0.9548 0.0005 0.0370 0.0008 
         009 10 0.0067 0.0005 0.0005 0.9714 0.0013 0.0154 0.0044 
         010 10 0.0113 0.0006 0.0010 0.9745 0.0005 0.0083 0.0037 
         011 10 0.0063 0.0005 0.0321 0.9502 0.0010 0.0096 0.0003 
         012 10 0.0035 0.0007 0.0034 0.9810 0.0009 0.0100 0.0005 
         013 10 0.0050 0.0003 0.0007 0.9755 0.0029 0.0147 0.0008 
         014 10 0.1628 0.0006 0.0011 0.8299 0.0008 0.0041 0.0008 
         016 10 0.0047 0.0006 0.0010 0.9843 0.0012 0.0064 0.0018 
         017 10 0.0030 0.0008 0.0008 0.8437 0.0008 0.1497 0.0011 
         018 10 0.0030 0.0081 0.0006 0.9589 0.0006 0.0264 0.0024 
         019 10 0.0024 0.0005 0.0011 0.9761 0.0006 0.0148 0.0045 
         020 10 0.0116 0.0009 0.0019 0.9335 0.0011 0.0443 0.0066 
         021 10 0.0268 0.0010 0.0003 0.9646 0.0003 0.0038 0.0032 
         022 10 0.0648 0.0003 0.0009 0.8357 0.0008 0.0971 0.0004 
         023 10 0.0023 0.0005 0.0014 0.9840 0.0008 0.0106 0.0004 
         024 10 0.0015 0.0003 0.0016 0.9907 0.0003 0.0037 0.0019 
         026 10 0.0012 0.0005 0.0007 0.8948 0.0003 0.1018 0.0007 
        001s 11 0.2775 0.0852 0.0080 0.3984 0.0004 0.2290 0.0015 
        002s 11 0.0102 0.0005 0.0026 0.9524 0.0072 0.0226 0.0046 
        003s 11 0.0200 0.0089 0.0006 0.3149 0.0005 0.6532 0.0018 
        004s 11 0.0174 0.0004 0.0020 0.9349 0.0018 0.0430 0.0003 
        005s 11 0.0505 0.0019 0.0005 0.9139 0.0006 0.0278 0.0048 
        006s 11 0.0218 0.0015 0.0030 0.9466 0.0110 0.0143 0.0018 
        007s 11 0.0998 0.0067 0.0010 0.8403 0.0420 0.0082 0.0021 
        008s 11 0.0075 0.0006 0.0005 0.3225 0.0004 0.6679 0.0007 
        009s 11 0.0045 0.0005 0.0005 0.9426 0.0004 0.0387 0.0127 
        010s 11 0.0951 0.0017 0.0008 0.8952 0.0005 0.0060 0.0007 
        011s 11 0.8356 0.1018 0.0210 0.0254 0.0063 0.0096 0.0003 
        012s 11 0.0214 0.1078 0.0004 0.1977 0.0006 0.6711 0.0010 
        013s 11 0.2825 0.0012 0.0014 0.6908 0.0005 0.0233 0.0002 
        014s 11 0.7976 0.0052 0.0012 0.1209 0.0099 0.0632 0.0019 
        015s 11 0.0170 0.0024 0.0041 0.7826 0.0019 0.1904 0.0014 
        016s 11 0.2529 0.0332 0.0576 0.6232 0.0004 0.0231 0.0096 
        017s 11 0.0113 0.0831 0.0017 0.0283 0.0009 0.8736 0.0012 
        018s 11 0.9304 0.0071 0.0012 0.0174 0.0020 0.0403 0.0016 
        019s 11 0.0051 0.0007 0.0211 0.9629 0.0006 0.0093 0.0003 
        020s 11 0.5475 0.0010 0.0025 0.4131 0.0014 0.0322 0.0024 
        021s 11 0.0019 0.0006 0.0016 0.9538 0.0008 0.0406 0.0006 
        022s 11 0.0114 0.0014 0.0005 0.7833 0.0333 0.1693 0.0008 
        023s 11 0.7590 0.0384 0.0309 0.0987 0.0004 0.0721 0.0006 
        025s 11 0.0062 0.0005 0.0012 0.9827 0.0005 0.0085 0.0003 
        026s 11 0.0044 0.0342 0.0501 0.9028 0.0009 0.0065 0.0010 
        027s 11 0.0026 0.0010 0.0006 0.9752 0.0029 0.0171 0.0006 
        028s 11 0.0034 0.0068 0.0011 0.9563 0.0010 0.0310 0.0004 
        029s 11 0.0028 0.0542 0.0005 0.8778 0.0005 0.0630 0.0013 
        030s 11 0.0042 0.0402 0.0013 0.1340 0.0013 0.8177 0.0013 
        031s 11 0.0067 0.0003 0.0003 0.8551 0.0013 0.1352 0.0011 
        032s 11 0.0687 0.0011 0.0031 0.8268 0.0005 0.0988 0.0010 
        033s 11 0.1327 0.0044 0.0013 0.8375 0.0007 0.0217 0.0018 
        034s 11 0.8931 0.0011 0.0007 0.0520 0.0024 0.0502 0.0005 
        035s 11 0.5019 0.0017 0.0004 0.4873 0.0012 0.0056 0.0018 
        036s 11 0.0093 0.0173 0.0006 0.0173 0.0016 0.9519 0.0019 
        037s 11 0.9342 0.0023 0.0025 0.0448 0.0006 0.0137 0.0019 
        038s 11 0.3298 0.0029 0.0008 0.4167 0.0008 0.2485 0.0006 
        039s 11 0.0054 0.0023 0.0009 0.9841 0.0003 0.0058 0.0010 
        040s 11 0.0047 0.0712 0.0007 0.8078 0.0020 0.1128 0.0008 
        041s 11 0.0088 0.0009 0.0030 0.9468 0.0016 0.0157 0.0231 
        042s 11 0.4993 0.0007 0.0148 0.1557 0.0013 0.3271 0.0012 
        043s 11 0.0067 0.0335 0.0232 0.8952 0.0008 0.0402 0.0005 
        044s 11 0.0446 0.0005 0.0053 0.8666 0.0066 0.0754 0.0010 
        045s 11 0.0110 0.0005 0.0112 0.7479 0.0033 0.2258 0.0003 
        046s 11 0.5591 0.0196 0.0335 0.0528 0.0021 0.3321 0.0008 
        047s 11 0.0035 0.0007 0.0018 0.8069 0.0016 0.1849 0.0006 
        048s 11 0.0051 0.0068 0.0343 0.9231 0.0036 0.0250 0.0022 
        049s 11 0.0070 0.0012 0.0013 0.8777 0.0006 0.1110 0.0013 
        050s 11 0.0064 0.0005 0.0012 0.9834 0.0011 0.0070 0.0004 
        051s 11 0.0428 0.0006 0.0503 0.8671 0.0224 0.0161 0.0007 
        052s 11 0.7456 0.0014 0.0033 0.0830 0.0034 0.1621 0.0012 
        053s 11 0.0079 0.0006 0.0008 0.9809 0.0005 0.0079 0.0014 
        054s 11 0.0082 0.0015 0.0007 0.9711 0.0083 0.0097 0.0005 
        055s 11 0.8511 0.0604 0.0003 0.0521 0.0012 0.0347 0.0003 
        001s 12 0.0160 0.0019 0.0009 0.9473 0.0060 0.0268 0.0012 
        002s 12 0.0026 0.0009 0.0009 0.9887 0.0004 0.0041 0.0024 
        003s 12 0.0083 0.0005 0.0004 0.9825 0.0007 0.0068 0.0008 
        004s 12 0.0027 0.0511 0.0066 0.7114 0.0006 0.2248 0.0028 
        005s 12 0.5644 0.0005 0.0007 0.3787 0.0006 0.0537 0.0015 
        006s 12 0.0331 0.0358 0.0019 0.6570 0.0029 0.2688 0.0005 
        007s 12 0.0048 0.0017 0.0014 0.9757 0.0016 0.0107 0.0042 
        008s 12 0.0037 0.0134 0.0007 0.9682 0.0013 0.0121 0.0007 
        009s 12 0.0417 0.0213 0.0057 0.2602 0.0013 0.6504 0.0193 
        010s 12 0.0884 0.0091 0.0005 0.8332 0.0327 0.0347 0.0015 
        011s 12 0.0118 0.0018 0.0009 0.8372 0.0029 0.1442 0.0012 
        012s 12 0.0021 0.0019 0.0050 0.2338 0.0072 0.7493 0.0007 
        013s 12 0.0013 0.0008 0.0365 0.9508 0.0006 0.0093 0.0008 
        014s 12 0.4480 0.0019 0.0465 0.4502 0.0431 0.0069 0.0032 
        015s 12 0.0040 0.0060 0.0008 0.9789 0.0008 0.0078 0.0015 
        016s 12 0.0021 0.0006 0.0056 0.7452 0.0007 0.2453 0.0006 
        017s 12 0.0404 0.0051 0.0014 0.9465 0.0011 0.0051 0.0005 
        018s 12 0.0122 0.0023 0.0018 0.6935 0.0002 0.2873 0.0028 
        019s 12 0.0318 0.0068 0.0005 0.9437 0.0006 0.0142 0.0024 
        020s 12 0.0102 0.0809 0.0005 0.8963 0.0005 0.0112 0.0003 
        021s 12 0.0054 0.0030 0.0023 0.5263 0.0006 0.4617 0.0006 
        022s 12 0.0453 0.0492 0.0065 0.8617 0.0011 0.0335 0.0026 
        023s 12 0.0114 0.0006 0.0010 0.9447 0.0004 0.0411 0.0008 
        024s 12 0.4806 0.0005 0.0007 0.3557 0.0005 0.1614 0.0007 
        025s 12 0.0071 0.0034 0.0014 0.9708 0.0032 0.0090 0.0050 
        026s 12 0.0528 0.0293 0.0014 0.8934 0.0007 0.0069 0.0155 
        027s 12 0.0057 0.0035 0.0006 0.9858 0.0011 0.0030 0.0004 
        028s 12 0.9546 0.0017 0.0045 0.0176 0.0005 0.0035 0.0177 
        029s 12 0.2825 0.0009 0.0015 0.6973 0.0006 0.0167 0.0006 
        030s 12 0.0058 0.0013 0.0006 0.9822 0.0013 0.0083 0.0006 
        031s 12 0.0051 0.0050 0.0025 0.9688 0.0010 0.0167 0.0009 
        032s 12 0.7973 0.0005 0.0011 0.1535 0.0006 0.0353 0.0117 
        033s 12 0.0115 0.0016 0.0005 0.9382 0.0057 0.0417 0.0007 
        034s 12 0.8686 0.0004 0.0005 0.1245 0.0006 0.0047 0.0007 
        035s 12 0.0531 0.0165 0.0006 0.8072 0.0009 0.1209 0.0007 
        036s 12 0.0362 0.0026 0.0009 0.6591 0.0107 0.2855 0.0050 
        037s 12 0.0022 0.0011 0.0009 0.9854 0.0005 0.0088 0.0010 
        001s 13 0.0085 0.0128 0.0023 0.8817 0.0007 0.0928 0.0012 
        002s 13 0.7995 0.0852 0.0008 0.0091 0.0006 0.1045 0.0003 
        003s 13 0.0044 0.0014 0.0014 0.9579 0.0004 0.0335 0.0010 
        004s 13 0.0125 0.0008 0.0032 0.8371 0.0006 0.1361 0.0098 
        005s 13 0.0038 0.0045 0.0022 0.9688 0.0046 0.0135 0.0025 
        006s 13 0.0091 0.0010 0.0006 0.9548 0.0012 0.0323 0.0010 
        007s 13 0.0025 0.0010 0.0014 0.9081 0.0345 0.0518 0.0006 
        008s 13 0.0040 0.0574 0.0009 0.9302 0.0010 0.0046 0.0019 
        009s 13 0.0053 0.1289 0.0010 0.7677 0.0021 0.0833 0.0117 
        010s 13 0.0026 0.0675 0.0011 0.0830 0.0007 0.8436 0.0016 
        011s 13 0.2201 0.0063 0.0045 0.6303 0.0251 0.1072 0.0066 
        012s 13 0.0009 0.0523 0.0123 0.0267 0.0019 0.9017 0.0043 
        013s 13 0.5426 0.0148 0.0109 0.4139 0.0151 0.0015 0.0012 
        014s 13 0.0015 0.0007 0.0042 0.7727 0.0323 0.1871 0.0016 
        015s 13 0.0201 0.0052 0.0076 0.9463 0.0008 0.0102 0.0098 
        016s 13 0.0047 0.0004 0.0012 0.9427 0.0004 0.0501 0.0005 
        017s 13 0.0073 0.0106 0.0008 0.9036 0.0126 0.0600 0.0051 
        018s 13 0.0212 0.0006 0.0009 0.8588 0.0004 0.1175 0.0006 
        019s 13 0.0571 0.0005 0.0013 0.7737 0.0017 0.1653 0.0004 
        020s 13 0.9389 0.0014 0.0005 0.0457 0.0061 0.0044 0.0030 
        021s 13 0.0151 0.0010 0.0018 0.9729 0.0005 0.0079 0.0007 
        022s 13 0.0025 0.0012 0.0010 0.9892 0.0007 0.0049 0.0004 
        023s 13 0.0508 0.0017 0.0004 0.9334 0.0003 0.0125 0.0008 
        024s 13 0.0113 0.0189 0.0406 0.6948 0.0032 0.2301 0.0013 
        025s 13 0.0020 0.0011 0.0037 0.9040 0.0005 0.0878 0.0009 
        026s 13 0.0118 0.0912 0.0067 0.1346 0.0057 0.7494 0.0006 
        027s 13 0.0036 0.0482 0.0017 0.9377 0.0018 0.0036 0.0034 
        028s 13 0.4824 0.0056 0.0042 0.1471 0.0158 0.3322 0.0127 
        029s 13 0.7990 0.0188 0.0013 0.0323 0.0025 0.1453 0.0008 
        030s 13 0.6493 0.0644 0.0354 0.1308 0.0005 0.1191 0.0004 
        031s 13 0.0037 0.0037 0.0995 0.6802 0.0022 0.2094 0.0012 
        032s 13 0.0058 0.0007 0.0004 0.9801 0.0031 0.0094 0.0005 
        033s 13 0.0037 0.0034 0.0009 0.7566 0.0400 0.1946 0.0009 
        034s 13 0.9285 0.0351 0.0020 0.0214 0.0067 0.0017 0.0047 
        035s 13 0.2168 0.0006 0.0038 0.7621 0.0008 0.0138 0.0022 
        036s 13 0.1466 0.0027 0.0008 0.8403 0.0007 0.0081 0.0008 
        037s 13 0.0070 0.0005 0.0017 0.9830 0.0005 0.0063 0.0009 
        038s 13 0.4802 0.0015 0.0011 0.4293 0.0012 0.0857 0.0010 
        039s 13 0.0028 0.1031 0.0718 0.8005 0.0016 0.0194 0.0008 
        040s 13 0.0044 0.0012 0.0012 0.7883 0.0009 0.2036 0.0005 
        041s 13 0.0040 0.0608 0.0015 0.9080 0.0046 0.0204 0.0008 
        042s 13 0.9702 0.0005 0.0013 0.0159 0.0012 0.0100 0.0009 
        001s 14 0.5921 0.0216 0.0011 0.0046 0.0008 0.3775 0.0023 
        002s 14 0.0027 0.0653 0.0012 0.9120 0.0023 0.0138 0.0027 
        003s 14 0.9892 0.0007 0.0007 0.0050 0.0005 0.0031 0.0007 
        004s 14 0.0024 0.0102 0.0056 0.9519 0.0088 0.0204 0.0008 
        005s 14 0.2119 0.0003 0.0007 0.7504 0.0002 0.0359 0.0006 
        006s 14 0.0209 0.0004 0.0004 0.8511 0.0006 0.1263 0.0003 
        007s 14 0.0116 0.0008 0.0012 0.9818 0.0007 0.0034 0.0005 
        008s 14 0.8567 0.0877 0.0021 0.0201 0.0028 0.0047 0.0258 
        009s 14 0.0249 0.0020 0.0010 0.9415 0.0006 0.0249 0.0051 
        010s 14 0.3962 0.0519 0.0010 0.3888 0.0006 0.1412 0.0204 
        011s 14 0.4323 0.0079 0.0013 0.4998 0.0358 0.0224 0.0004 
        012s 14 0.9013 0.0007 0.0026 0.0623 0.0018 0.0291 0.0023 
        013s 14 0.1591 0.0011 0.0053 0.0931 0.0023 0.7381 0.0010 
        014s 14 0.0072 0.0420 0.0006 0.7650 0.0005 0.1775 0.0072 
        015s 14 0.0222 0.0007 0.0031 0.9570 0.0005 0.0105 0.0060 
        016s 14 0.0026 0.0016 0.0110 0.9617 0.0003 0.0222 0.0005 
        017s 14 0.0064 0.0573 0.0008 0.6902 0.0149 0.2298 0.0007 
        018s 14 0.0058 0.0009 0.0017 0.9668 0.0005 0.0234 0.0009 
        019s 14 0.0044 0.0012 0.0009 0.9857 0.0023 0.0050 0.0005 
        020s 14 0.7872 0.0012 0.0015 0.1424 0.0003 0.0585 0.0089 
        021s 14 0.0042 0.0072 0.0005 0.9686 0.0004 0.0112 0.0081 
        022s 14 0.0278 0.0061 0.0015 0.9072 0.0035 0.0515 0.0024 
        023s 14 0.0108 0.0050 0.0028 0.9329 0.0011 0.0449 0.0025 
        024s 14 0.3952 0.0504 0.0018 0.3773 0.0030 0.1689 0.0035 
        025s 14 0.1486 0.0609 0.0005 0.7471 0.0003 0.0422 0.0004 
        026s 14 0.0111 0.0006 0.0007 0.4668 0.0004 0.5177 0.0027 
        027s 14 0.0245 0.0036 0.0037 0.8577 0.0005 0.1092 0.0008 
        028s 14 0.0561 0.0009 0.0012 0.8672 0.0020 0.0703 0.0024 
        029s 14 0.0085 0.0005 0.0011 0.9564 0.0003 0.0324 0.0007 
        030s 14 0.1068 0.0007 0.0007 0.0192 0.0125 0.8596 0.0005 
        031s 14 0.3577 0.0008 0.0033 0.5695 0.0208 0.0472 0.0007 
        032s 14 0.2556 0.0009 0.0023 0.7260 0.0010 0.0134 0.0007 
        033s 14 0.3858 0.0010 0.0003 0.5415 0.0518 0.0182 0.0013 
        034s 14 0.0019 0.0005 0.0009 0.9254 0.0003 0.0705 0.0006 
        035s 14 0.0105 0.0773 0.0007 0.0087 0.0806 0.8219 0.0004 
        036s 14 0.6817 0.0654 0.0050 0.1979 0.0426 0.0046 0.0028 
        037s 14 0.0213 0.0013 0.0028 0.9636 0.0003 0.0097 0.0010 
        038s 14 0.0123 0.0007 0.0005 0.9707 0.0009 0.0142 0.0007 
        039s 14 0.0105 0.0033 0.0059 0.9617 0.0017 0.0136 0.0034 
        040s 14 0.0291 0.0136 0.0013 0.9339 0.0006 0.0211 0.0005 
        041s 14 0.3222 0.0009 0.0008 0.0866 0.0015 0.5873 0.0007 
        042s 14 0.0159 0.0750 0.0023 0.4410 0.0005 0.4646 0.0006 
        001s 15 0.4508 0.0012 0.0018 0.5406 0.0004 0.0040 0.0013 
        002s 15 0.2302 0.0917 0.0134 0.1492 0.0016 0.5073 0.0066 
        003s 15 0.0046 0.0120 0.0062 0.9662 0.0004 0.0096 0.0010 
        004s 15 0.0019 0.0008 0.0003 0.0370 0.0004 0.9496 0.0101 
        005s 15 0.0028 0.0176 0.0047 0.9393 0.0028 0.0310 0.0017 
        006s 15 0.0194 0.0171 0.0011 0.9396 0.0016 0.0204 0.0008 
        007s 15 0.0248 0.0004 0.0005 0.8378 0.0005 0.1349 0.0011 
        008s 15 0.0176 0.0005 0.0008 0.8266 0.0006 0.1530 0.0008 
        009s 15 0.0016 0.0263 0.0414 0.0557 0.0038 0.8707 0.0006 
        010s 15 0.8403 0.0007 0.0023 0.0713 0.0005 0.0845 0.0005 
        011s 15 0.0039 0.0013 0.0010 0.0142 0.0609 0.9184 0.0003 
        012s 15 0.0037 0.0036 0.0018 0.9811 0.0019 0.0067 0.0012 
        013s 15 0.9360 0.0009 0.0021 0.0319 0.0004 0.0204 0.0083 
        014s 15 0.0045 0.0026 0.0062 0.9565 0.0013 0.0238 0.0051 
        015s 15 0.0024 0.0775 0.0042 0.8828 0.0043 0.0278 0.0010 
        016s 15 0.7693 0.0045 0.0005 0.0799 0.0658 0.0400 0.0400 
        017s 15 0.0193 0.0021 0.0023 0.8610 0.0005 0.0994 0.0154 
        018s 15 0.5183 0.0022 0.0004 0.2981 0.0003 0.1781 0.0025 
        019s 15 0.4096 0.0064 0.0047 0.0035 0.0004 0.5748 0.0006 
        020s 15 0.4982 0.0006 0.0008 0.3668 0.0006 0.1325 0.0005 
        021s 15 0.0358 0.0779 0.0051 0.7459 0.0007 0.1319 0.0026 
        022s 15 0.0241 0.0008 0.0007 0.0695 0.0020 0.9018 0.0011 
        023s 15 0.0081 0.0284 0.0008 0.3219 0.0029 0.6372 0.0007 
        024s 15 0.0036 0.0023 0.0008 0.8645 0.0020 0.1264 0.0004 
        025s 15 0.0254 0.0061 0.0254 0.8214 0.0015 0.1182 0.0021 
        026s 15 0.0283 0.0016 0.0244 0.9173 0.0011 0.0237 0.0037 
        027s 15 0.0203 0.0057 0.0008 0.9493 0.0090 0.0046 0.0104 
        028s 15 0.0059 0.0005 0.0014 0.9804 0.0016 0.0076 0.0026 
        029s 15 0.0053 0.0009 0.0014 0.9749 0.0009 0.0152 0.0014 
        030s 15 0.0161 0.0005 0.0007 0.8415 0.0004 0.1391 0.0017 
        031s 15 0.0186 0.0682 0.0065 0.8804 0.0016 0.0227 0.0020 
        032s 15 0.0011 0.0007 0.0015 0.8930 0.0002 0.1023 0.0012 
        033s 15 0.9254 0.0463 0.0006 0.0168 0.0013 0.0082 0.0014 
        035s 15 0.0029 0.0029 0.0007 0.8150 0.0038 0.1722 0.0025 
        036s 15 0.4497 0.0011 0.0055 0.4764 0.0019 0.0651 0.0004 
        037s 15 0.0119 0.0011 0.0010 0.9513 0.0090 0.0252 0.0006 
        038s 15 0.0052 0.0045 0.0005 0.6230 0.0016 0.3645 0.0009 
        039s 15 0.3933 0.0755 0.0005 0.1359 0.0005 0.3936 0.0008 
        040s 15 0.0152 0.0042 0.0005 0.9475 0.0020 0.0285 0.0021 
        041s 15 0.0158 0.0701 0.0031 0.6681 0.0051 0.2374 0.0004 
        042s 15 0.0069 0.0054 0.0009 0.7830 0.0005 0.2000 0.0033 
        043s 15 0.4054 0.0084 0.0024 0.5240 0.0016 0.0578 0.0004 
        044s 15 0.0047 0.0070 0.0009 0.9690 0.0008 0.0162 0.0014 
        045s 15 0.0048 0.0028 0.0765 0.1094 0.0356 0.7677 0.0031 
        046s 15 0.0167 0.0193 0.0007 0.9468 0.0084 0.0077 0.0005 
        047s 15 0.0084 0.0331 0.0006 0.8526 0.0013 0.1037 0.0003 
        048s 15 0.3226 0.0006 0.0199 0.6492 0.0006 0.0056 0.0014 
        049s 15 0.0274 0.0169 0.0006 0.9170 0.0018 0.0358 0.0006 
        050s 15 0.0021 0.1336 0.0035 0.8412 0.0004 0.0063 0.0128 
         001 16 0.6243 0.1642 0.0009 0.0242 0.0204 0.1608 0.0051 
         002 16 0.0118 0.0460 0.0008 0.9296 0.0011 0.0104 0.0003 
         003 16 0.0059 0.0035 0.0018 0.7548 0.0046 0.2263 0.0032 
         004 16 0.0024 0.0009 0.0017 0.6095 0.0008 0.3839 0.0008 
         005 16 0.0043 0.0509 0.0268 0.9089 0.0046 0.0025 0.0019 
         006 16 0.0019 0.0182 0.0114 0.9287 0.0017 0.0373 0.0007 
         007 16 0.0176 0.0057 0.0017 0.8956 0.0009 0.0778 0.0008 
         008 16 0.0662 0.1434 0.0005 0.3200 0.0048 0.4637 0.0015 
         009 16 0.4978 0.0017 0.0004 0.4932 0.0005 0.0052 0.0013 
         010 16 0.1405 0.0234 0.0018 0.0528 0.0006 0.7804 0.0006 
         011 16 0.8280 0.0069 0.0029 0.0217 0.0016 0.1379 0.0009 
         012 16 0.0687 0.0011 0.0010 0.8098 0.0027 0.1151 0.0016 
         013 16 0.0059 0.0006 0.0006 0.8445 0.0010 0.1468 0.0007 
         014 16 0.0017 0.0400 0.0003 0.8061 0.0015 0.1490 0.0014 
         015 16 0.0084 0.0004 0.3661 0.6168 0.0039 0.0020 0.0024 
         016 16 0.0042 0.0022 0.0110 0.9004 0.0003 0.0771 0.0049 
         017 16 0.6254 0.0079 0.0020 0.3044 0.0105 0.0490 0.0008 
         018 16 0.0020 0.0366 0.0263 0.9097 0.0027 0.0154 0.0072 
         019 16 0.8797 0.0506 0.0008 0.0578 0.0078 0.0019 0.0015 
         020 16 0.0095 0.0003 0.0009 0.9532 0.0009 0.0339 0.0013 
         021 16 0.0143 0.0970 0.0008 0.7313 0.0371 0.1152 0.0044 
         022 16 0.0018 0.0328 0.0020 0.9391 0.0003 0.0230 0.0009 
         023 16 0.9014 0.0207 0.0207 0.0470 0.0007 0.0088 0.0008 
         024 16 0.4549 0.0041 0.0264 0.4935 0.0006 0.0172 0.0034 
         025 16 0.6986 0.0343 0.0031 0.1870 0.0230 0.0526 0.0014 
         026 16 0.0014 0.1070 0.0029 0.3726 0.0008 0.5148 0.0005 
         027 16 0.0102 0.0165 0.0016 0.9311 0.0004 0.0309 0.0093 
         028 16 0.0129 0.1464 0.0003 0.7916 0.0288 0.0020 0.0181 
         029 16 0.0039 0.0020 0.0008 0.1928 0.0341 0.7652 0.0013 
         030 16 0.5703 0.0004 0.0004 0.3670 0.0095 0.0519 0.0005 
         031 16 0.0037 0.0011 0.0006 0.9549 0.0013 0.0227 0.0158 
         032 16 0.0140 0.0877 0.0067 0.8353 0.0010 0.0538 0.0014 
         033 16 0.0100 0.0005 0.0004 0.9828 0.0012 0.0048 0.0004 
         034 16 0.4875 0.0045 0.0022 0.4970 0.0039 0.0046 0.0002 
         035 16 0.0067 0.0003 0.0002 0.9666 0.0009 0.0246 0.0008 
         036 16 0.1152 0.0006 0.0023 0.8425 0.0005 0.0374 0.0015 
         037 16 0.3446 0.0187 0.0056 0.1647 0.0152 0.4505 0.0008 
         038 16 0.0767 0.0020 0.0086 0.9025 0.0008 0.0078 0.0015 
         039 16 0.3495 0.0020 0.0006 0.6437 0.0004 0.0020 0.0016 
         040 16 0.0161 0.0009 0.0019 0.9742 0.0018 0.0044 0.0006 
         041 16 0.0107 0.0008 0.0017 0.8043 0.0007 0.1813 0.0004 
         042 16 0.1560 0.0019 0.0007 0.8344 0.0010 0.0039 0.0022 
         043 16 0.0160 0.0010 0.0016 0.9382 0.0007 0.0412 0.0013 
         044 16 0.6373 0.0054 0.0013 0.2688 0.0013 0.0832 0.0027 
         045 16 0.0083 0.0031 0.0002 0.9452 0.0077 0.0331 0.0025 
         047 16 0.0073 0.0026 0.0018 0.9316 0.0384 0.0118 0.0064 
         048 16 0.0046 0.0017 0.0008 0.9805 0.0047 0.0068 0.0009 
         049 16 0.1321 0.0007 0.0045 0.8490 0.0045 0.0084 0.0008 
         050 16 0.0091 0.0005 0.0004 0.3963 0.0009 0.5921 0.0006 
         051 16 0.0342 0.0013 0.0007 0.9443 0.0024 0.0156 0.0014 
         052 16 0.0633 0.0002 0.0007 0.9275 0.0006 0.0071 0.0006 
         053 16 0.0198 0.0003 0.0008 0.9088 0.0010 0.0684 0.0010 
         054 16 0.3631 0.0641 0.0008 0.5642 0.0006 0.0056 0.0016 
         055 16 0.0515 0.0111 0.0006 0.8169 0.0563 0.0632 0.0004 
         056 16 0.0034 0.0022 0.0087 0.0289 0.0005 0.9558 0.0006 
         057 16 0.8969 0.0836 0.0003 0.0051 0.0007 0.0129 0.0006 
         058 16 0.3846 0.0900 0.0163 0.1965 0.0092 0.3031 0.0003 
         059 16 0.1837 0.0875 0.0886 0.5425 0.0087 0.0855 0.0036 
         060 16 0.2149 0.0019 0.0125 0.6679 0.0008 0.1000 0.0020 
         061 16 0.4743 0.0018 0.0026 0.4971 0.0007 0.0224 0.0010 
         062 16 0.0064 0.0010 0.0005 0.9584 0.0107 0.0214 0.0017 
         063 16 0.0193 0.0046 0.0006 0.9664 0.0006 0.0078 0.0006 
         064 16 0.0071 0.0006 0.0025 0.9517 0.0006 0.0371 0.0004 
         065 16 0.3438 0.0022 0.0019 0.6428 0.0018 0.0055 0.0020 
         066 16 0.0064 0.0005 0.0007 0.9506 0.0004 0.0404 0.0010 
         067 16 0.0197 0.0010 0.0767 0.8405 0.0043 0.0569 0.0009 
         068 16 0.0031 0.0033 0.0286 0.9279 0.0014 0.0350 0.0006 
         069 16 0.0084 0.0008 0.0009 0.6255 0.0005 0.3568 0.0070 
         070 16 0.1520 0.0053 0.0010 0.6885 0.0012 0.1493 0.0029 
         071 16 0.0023 0.0755 0.0005 0.9100 0.0099 0.0010 0.0007 
         072 16 0.0158 0.0073 0.0010 0.9367 0.0009 0.0372 0.0011 
         073 16 0.2709 0.0005 0.0004 0.6656 0.0029 0.0588 0.0009 
         074 16 0.0071 0.0004 0.0005 0.8515 0.0008 0.1390 0.0007 
         075 16 0.0109 0.0200 0.0009 0.0057 0.0054 0.9564 0.0008 
         076 16 0.0052 0.0012 0.0005 0.9830 0.0008 0.0086 0.0008 
         077 16 0.0021 0.0181 0.0491 0.8826 0.0058 0.0097 0.0327 
         078 16 0.9880 0.0068 0.0018 0.0011 0.0006 0.0010 0.0006 
         079 16 0.0046 0.0904 0.0009 0.8877 0.0040 0.0103 0.0021 
         080 16 0.5573 0.0047 0.0010 0.4262 0.0002 0.0098 0.0007 
         081 16 0.8848 0.0041 0.0008 0.0046 0.0395 0.0640 0.0022 
         082 16 0.1070 0.0157 0.0004 0.6465 0.0131 0.2167 0.0005 
