        001s  1 0.0063 0.0004 0.0005 0.9916 0.0009 0.0003 
        002s  1 0.0067 0.0006 0.0010 0.9888 0.0005 0.0024 
        003s  1 0.0105 0.0017 0.0059 0.9700 0.0113 0.0006 
        004s  1 0.0049 0.0035 0.0059 0.9552 0.0004 0.0302 
        005s  1 0.5716 0.0009 0.2205 0.0009 0.0003 0.2058 
        006s  1 0.0027 0.0004 0.0003 0.9951 0.0004 0.0011 
        007s  1 0.0069 0.0030 0.0025 0.9867 0.0007 0.0003 
        008s  1 0.0481 0.0008 0.0033 0.9457 0.0009 0.0010 
        009s  1 0.0231 0.0058 0.0610 0.9036 0.0018 0.0047 
        010s  1 0.0058 0.0004 0.0076 0.9846 0.0006 0.0010 
        011s  1 0.0090 0.0023 0.0014 0.9812 0.0043 0.0017 
        012s  1 0.0096 0.0009 0.1208 0.8581 0.0066 0.0040 
        013s  1 0.0060 0.0083 0.0014 0.9575 0.0008 0.0260 
        014s  1 0.0050 0.0053 0.0213 0.9471 0.0192 0.0021 
        015s  1 0.0099 0.0004 0.0005 0.9880 0.0008 0.0004 
        016s  1 0.0135 0.0076 0.0024 0.9750 0.0010 0.0006 
        018s  1 0.2642 0.0014 0.1466 0.5861 0.0008 0.0010 
        019s  1 0.0343 0.0007 0.0159 0.9437 0.0049 0.0005 
        020s  1 0.0238 0.0095 0.0007 0.9568 0.0090 0.0003 
        021s  1 0.0080 0.0055 0.0003 0.9776 0.0008 0.0078 
        022s  1 0.0128 0.0006 0.0003 0.9857 0.0004 0.0003 
        023s  1 0.0505 0.0102 0.0004 0.9378 0.0009 0.0002 
        024s  1 0.0082 0.0007 0.0010 0.9887 0.0004 0.0009 
        025s  1 0.9143 0.0010 0.0049 0.0781 0.0004 0.0013 
        026s  1 0.0093 0.0075 0.0008 0.9773 0.0042 0.0008 
        027s  1 0.9813 0.0026 0.0012 0.0078 0.0006 0.0066 
        028s  1 0.8577 0.0007 0.0435 0.0459 0.0029 0.0493 
        029s  1 0.0080 0.0007 0.0008 0.9839 0.0061 0.0005 
        030s  1 0.8395 0.0005 0.0009 0.1500 0.0065 0.0025 
        031s  1 0.0054 0.0014 0.0004 0.9922 0.0003 0.0002 
        032s  1 0.0051 0.0005 0.0008 0.9919 0.0012 0.0005 
        033s  1 0.0064 0.0010 0.0048 0.9858 0.0010 0.0010 
        034s  1 0.0211 0.0517 0.0009 0.9220 0.0033 0.0010 
        035s  1 0.0051 0.0010 0.0013 0.9890 0.0017 0.0019 
        036s  1 0.0086 0.0010 0.0910 0.8983 0.0003 0.0009 
        037s  1 0.0078 0.0412 0.1082 0.8333 0.0009 0.0087 
        038s  1 0.0114 0.0009 0.0019 0.9843 0.0006 0.0009 
        039s  1 0.0794 0.0004 0.0006 0.8985 0.0006 0.0206 
        040s  1 0.0109 0.0028 0.0010 0.9818 0.0006 0.0029 
        041s  1 0.0120 0.0036 0.0027 0.9808 0.0007 0.0003 
        042s  1 0.0181 0.0788 0.0771 0.8245 0.0009 0.0006 
        043s  1 0.6933 0.0005 0.0112 0.2922 0.0015 0.0013 
        044s  1 0.0550 0.0078 0.0901 0.8324 0.0021 0.0127 
        045s  1 0.0121 0.0007 0.0051 0.9804 0.0010 0.0007 
        046s  1 0.0059 0.0009 0.0012 0.9898 0.0018 0.0003 
        047s  1 0.0132 0.0043 0.0007 0.9800 0.0016 0.0003 
        048s  1 0.0052 0.0010 0.0636 0.9296 0.0004 0.0002 
        049s  1 0.0186 0.0004 0.0005 0.9790 0.0004 0.0010 
        050s  1 0.0091 0.0004 0.0991 0.8874 0.0004 0.0035 
        051s  1 0.0030 0.0009 0.0004 0.9726 0.0227 0.0005 
        052s  1 0.2330 0.0022 0.0072 0.7303 0.0188 0.0084 
        053s  1 0.0019 0.0005 0.0013 0.9955 0.0003 0.0004 
        054s  1 0.0043 0.0009 0.0003 0.9892 0.0026 0.0027 
        055s  1 0.0013 0.0670 0.0868 0.8419 0.0020 0.0011 
          01  2 0.0079 0.0024 0.1185 0.8368 0.0330 0.0015 
          02  2 0.0793 0.0007 0.0153 0.9013 0.0015 0.0019 
          03  2 0.0390 0.0016 0.0012 0.9571 0.0004 0.0008 
          04  2 0.9022 0.0118 0.0023 0.0671 0.0010 0.0156 
          05  2 0.8537 0.0004 0.1233 0.0219 0.0003 0.0004 
          06  2 0.0610 0.0008 0.0309 0.9042 0.0009 0.0022 
          07  2 0.0034 0.0004 0.0064 0.9865 0.0010 0.0023 
          08  2 0.4356 0.0006 0.0849 0.4777 0.0008 0.0005 
          09  2 0.0052 0.0004 0.0006 0.9870 0.0065 0.0004 
          10  2 0.0425 0.0004 0.0010 0.9549 0.0006 0.0006 
          11  2 0.0085 0.0028 0.0089 0.9691 0.0096 0.0011 
          12  2 0.0573 0.0005 0.0008 0.9392 0.0016 0.0005 
          13  2 0.0049 0.0006 0.0004 0.9931 0.0006 0.0004 
          14  2 0.0164 0.0205 0.0004 0.9529 0.0033 0.0065 
          15  2 0.0041 0.0012 0.0003 0.9926 0.0010 0.0007 
          16  2 0.0051 0.0036 0.0009 0.9295 0.0027 0.0582 
          17  2 0.2078 0.0010 0.0013 0.7877 0.0009 0.0012 
          18  2 0.0044 0.0009 0.0176 0.9725 0.0016 0.0030 
          19  2 0.0397 0.0045 0.0012 0.9525 0.0018 0.0002 
          20  2 0.0045 0.0049 0.0546 0.9295 0.0018 0.0046 
          21  2 0.0056 0.0006 0.0012 0.9734 0.0187 0.0004 
          22  2 0.4198 0.0092 0.0014 0.5607 0.0057 0.0032 
          23  2 0.0101 0.0020 0.0010 0.9839 0.0011 0.0019 
          24  2 0.0231 0.0007 0.0003 0.9743 0.0009 0.0006 
          25  2 0.0038 0.0009 0.0026 0.9620 0.0019 0.0287 
          26  2 0.0187 0.0003 0.0006 0.9795 0.0007 0.0003 
          27  2 0.0047 0.0029 0.0008 0.9600 0.0011 0.0304 
          28  2 0.0380 0.0038 0.0014 0.9557 0.0009 0.0003 
          29  2 0.0073 0.0004 0.0007 0.9900 0.0008 0.0008 
          30  2 0.0035 0.0825 0.1577 0.7490 0.0067 0.0005 
          01  3 0.2189 0.0084 0.4263 0.1252 0.0004 0.2209 
          02  3 0.1191 0.0024 0.3311 0.0089 0.0743 0.4642 
          03  3 0.3655 0.0005 0.3112 0.0096 0.0007 0.3125 
          04  3 0.1867 0.0008 0.4569 0.0037 0.0008 0.3510 
          05  3 0.0004 0.1210 0.3603 0.0006 0.1151 0.4026 
          06  3 0.0450 0.0007 0.4169 0.0382 0.0002 0.4989 
          07  3 0.3650 0.0003 0.3714 0.0135 0.0010 0.2488 
          08  3 0.3090 0.0016 0.3651 0.0016 0.0018 0.3210 
          09  3 0.3082 0.0027 0.4217 0.0011 0.0002 0.2661 
          10  3 0.0121 0.1313 0.1976 0.0215 0.2188 0.4186 
          11  3 0.2937 0.0003 0.4029 0.0011 0.0003 0.3017 
          12  3 0.2761 0.0005 0.4104 0.0023 0.0003 0.3104 
          13  3 0.0045 0.0002 0.4550 0.0010 0.0154 0.5239 
          14  3 0.0100 0.1562 0.3310 0.0017 0.0418 0.4591 
          15  3 0.3523 0.0012 0.3726 0.0006 0.0003 0.2730 
          16  3 0.0627 0.0026 0.3075 0.0196 0.0034 0.6042 
          17  3 0.4019 0.0006 0.4142 0.0052 0.0009 0.1772 
          18  3 0.0083 0.2773 0.2046 0.0091 0.1647 0.3360 
          19  3 0.1709 0.0027 0.3618 0.0014 0.0005 0.4627 
          20  3 0.1640 0.0459 0.4521 0.0286 0.0002 0.3092 
          21  3 0.2489 0.0044 0.3648 0.0036 0.0015 0.3768 
          22  3 0.3008 0.0008 0.4738 0.0005 0.0003 0.2237 
          23  3 0.2390 0.0009 0.4022 0.0022 0.0003 0.3555 
          24  3 0.0493 0.0024 0.4880 0.0087 0.1660 0.2855 
          25  3 0.0003 0.1309 0.3109 0.0003 0.2502 0.3074 
          26  3 0.2274 0.0003 0.4294 0.0039 0.0004 0.3387 
          27  3 0.0683 0.1706 0.2509 0.0136 0.1279 0.3687 
          28  3 0.0682 0.0003 0.4424 0.0219 0.0018 0.4654 
          29  3 0.1799 0.0066 0.3883 0.0015 0.0032 0.4205 
          30  3 0.3080 0.0003 0.4417 0.0013 0.0006 0.2481 
         001  4 0.0001 0.0001 0.9996 0.0001 0.0001 0.0001 
         002  4 0.0002 0.0001 0.9990 0.0002 0.0002 0.0002 
         003  4 0.0001 0.0001 0.9995 0.0001 0.0001 0.0001 
         004  4 0.0001 0.0001 0.9995 0.0001 0.0001 0.0002 
         005  4 0.0002 0.0001 0.9991 0.0001 0.0003 0.0002 
         006  4 0.0005 0.0002 0.9259 0.0004 0.0002 0.0728 
         007  4 0.0012 0.0005 0.9414 0.0034 0.0002 0.0533 
         008  4 0.0006 0.0048 0.9901 0.0008 0.0033 0.0004 
         009  4 0.0001 0.0001 0.9994 0.0001 0.0001 0.0002 
         010  4 0.0001 0.0001 0.9959 0.0001 0.0001 0.0038 
         011  4 0.0006 0.0344 0.9436 0.0008 0.0004 0.0201 
         012  4 0.0001 0.0001 0.9996 0.0001 0.0001 0.0001 
         013  4 0.0001 0.0001 0.9997 0.0001 0.0001 0.0001 
         014  4 0.0001 0.0001 0.9994 0.0002 0.0001 0.0001 
         015  4 0.0001 0.0000 0.9997 0.0001 0.0001 0.0001 
         016  4 0.0001 0.0001 0.9995 0.0001 0.0001 0.0001 
         017  4 0.0002 0.0001 0.9994 0.0001 0.0001 0.0001 
         019  4 0.0003 0.0007 0.9137 0.0002 0.0004 0.0847 
         020  4 0.0001 0.0001 0.9993 0.0001 0.0002 0.0001 
         021  4 0.0004 0.0004 0.9904 0.0004 0.0004 0.0081 
         001  5 0.0003 0.0361 0.9617 0.0005 0.0010 0.0004 
         002  5 0.0049 0.0041 0.9570 0.0325 0.0009 0.0005 
         003  5 0.1312 0.0054 0.7564 0.0306 0.0002 0.0763 
         004  5 0.0098 0.0044 0.9348 0.0501 0.0002 0.0007 
         005  5 0.0004 0.0006 0.9969 0.0003 0.0001 0.0017 
         006  5 0.0004 0.0002 0.8961 0.0005 0.0004 0.1024 
         007  5 0.0003 0.0001 0.9099 0.0003 0.0003 0.0891 
         008  5 0.0002 0.0001 0.9949 0.0001 0.0003 0.0044 
         009  5 0.0163 0.0013 0.9295 0.0492 0.0002 0.0036 
         010  5 0.0020 0.0022 0.9248 0.0026 0.0003 0.0682 
         011  5 0.0010 0.0050 0.9912 0.0016 0.0002 0.0010 
         012  5 0.0073 0.0056 0.8681 0.0382 0.0006 0.0801 
         013  5 0.1966 0.0006 0.7477 0.0047 0.0006 0.0497 
         014  5 0.0071 0.0184 0.7026 0.1636 0.0131 0.0952 
         015  5 0.0001 0.0002 0.9686 0.0002 0.0002 0.0307 
         016  5 0.0007 0.0004 0.9373 0.0012 0.0006 0.0598 
         017  5 0.0056 0.0002 0.8826 0.0264 0.0026 0.0826 
         018  5 0.0201 0.0249 0.8755 0.0134 0.0265 0.0396 
         019  5 0.0005 0.0021 0.9903 0.0004 0.0067 0.0002 
         020  5 0.0001 0.0001 0.9994 0.0001 0.0001 0.0001 
         021  5 0.0014 0.0030 0.8578 0.1372 0.0004 0.0003 
         022  5 0.0047 0.0441 0.9243 0.0225 0.0012 0.0032 
         023  5 0.0008 0.0025 0.9660 0.0011 0.0004 0.0291 
         024  5 0.0035 0.0005 0.8864 0.0453 0.0002 0.0641 
         025  5 0.0146 0.0009 0.8930 0.0175 0.0010 0.0729 
         026  5 0.0065 0.0002 0.8387 0.1451 0.0004 0.0091 
         027  5 0.0002 0.0001 0.9992 0.0001 0.0001 0.0002 
         028  5 0.0061 0.0095 0.9265 0.0060 0.0012 0.0508 
         029  5 0.0004 0.0002 0.9961 0.0004 0.0003 0.0026 
         030  5 0.0009 0.0019 0.9901 0.0011 0.0048 0.0012 
        001s  6 0.0062 0.0166 0.0012 0.9477 0.0009 0.0274 
        002s  6 0.0315 0.0009 0.0416 0.9122 0.0136 0.0003 
        003s  6 0.0138 0.0026 0.0117 0.9708 0.0006 0.0004 
        004s  6 0.0048 0.0005 0.0003 0.9935 0.0005 0.0004 
        006s  6 0.0074 0.0118 0.0582 0.9052 0.0017 0.0158 
        007s  6 0.0770 0.0006 0.0007 0.9184 0.0006 0.0027 
        008s  6 0.0450 0.0056 0.0028 0.9438 0.0022 0.0007 
        009s  6 0.2149 0.0009 0.0003 0.7824 0.0011 0.0004 
        010s  6 0.0186 0.0118 0.0095 0.9426 0.0107 0.0068 
        011s  6 0.0348 0.0017 0.0005 0.9604 0.0003 0.0023 
        012s  6 0.0058 0.0012 0.0004 0.9866 0.0022 0.0038 
        013s  6 0.0071 0.0004 0.0011 0.9903 0.0005 0.0006 
        014s  6 0.0039 0.0003 0.0834 0.9119 0.0003 0.0003 
        015s  6 0.0883 0.0054 0.0093 0.8904 0.0006 0.0061 
        016s  6 0.0028 0.0010 0.0004 0.9946 0.0005 0.0008 
        018s  6 0.0054 0.0015 0.2671 0.7245 0.0005 0.0011 
        019s  6 0.5505 0.0032 0.0049 0.4392 0.0006 0.0016 
        020s  6 0.0404 0.0005 0.0004 0.9572 0.0008 0.0008 
        021s  6 0.0038 0.0031 0.0007 0.9764 0.0013 0.0147 
        022s  6 0.0391 0.0034 0.0009 0.9558 0.0004 0.0004 
        023s  6 0.8220 0.0006 0.0183 0.1582 0.0003 0.0005 
        024s  6 0.0344 0.0006 0.0245 0.9375 0.0016 0.0015 
        025s  6 0.0073 0.0681 0.0021 0.9214 0.0006 0.0005 
        026s  6 0.0035 0.0004 0.0004 0.9930 0.0020 0.0007 
        027s  6 0.0098 0.0004 0.0008 0.9871 0.0014 0.0004 
        028s  6 0.0070 0.0056 0.0136 0.9215 0.0455 0.0068 
        029s  6 0.1129 0.0012 0.0006 0.8833 0.0017 0.0003 
        030s  6 0.0866 0.0064 0.0721 0.8325 0.0018 0.0006 
        031s  6 0.0832 0.0005 0.0015 0.9106 0.0004 0.0038 
        032s  6 0.0021 0.0005 0.0057 0.9897 0.0003 0.0016 
        033s  6 0.0008 0.0008 0.0917 0.9059 0.0005 0.0003 
        034s  6 0.1253 0.0108 0.0010 0.8600 0.0006 0.0023 
        035s  6 0.0222 0.0009 0.1464 0.8288 0.0012 0.0005 
        036s  6 0.0082 0.0011 0.0006 0.9836 0.0003 0.0062 
        037s  6 0.0059 0.0018 0.0009 0.9885 0.0023 0.0007 
        038s  6 0.0123 0.0007 0.0003 0.9833 0.0013 0.0021 
        039s  6 0.0125 0.0007 0.0002 0.9857 0.0006 0.0003 
        040s  6 0.0429 0.0005 0.0003 0.9530 0.0004 0.0028 
        041s  6 0.0711 0.0044 0.0478 0.8733 0.0032 0.0002 
        042s  6 0.0135 0.0545 0.0091 0.9194 0.0024 0.0012 
        043s  6 0.0139 0.0074 0.0007 0.9769 0.0003 0.0008 
        044s  6 0.0052 0.0007 0.0010 0.9908 0.0020 0.0004 
        045s  6 0.0111 0.0020 0.0048 0.9811 0.0007 0.0004 
        001s  7 0.2114 0.0011 0.0013 0.7852 0.0004 0.0006 
        002s  7 0.0110 0.0012 0.0264 0.9595 0.0010 0.0007 
        003s  7 0.0124 0.0009 0.0017 0.9826 0.0010 0.0014 
        004s  7 0.0069 0.0005 0.0009 0.9875 0.0011 0.0031 
        005s  7 0.0173 0.0016 0.0111 0.9672 0.0007 0.0021 
        006s  7 0.0276 0.0033 0.0578 0.9102 0.0006 0.0006 
        007s  7 0.0033 0.0016 0.0062 0.9686 0.0146 0.0057 
        008s  7 0.1312 0.0010 0.0216 0.8439 0.0021 0.0002 
        009s  7 0.0033 0.0104 0.0035 0.9801 0.0006 0.0021 
        010s  7 0.0143 0.0010 0.0015 0.9821 0.0007 0.0003 
        011s  7 0.0125 0.0008 0.0005 0.9848 0.0010 0.0005 
        012s  7 0.0072 0.0006 0.0007 0.9907 0.0004 0.0005 
        013s  7 0.0059 0.0039 0.0003 0.9831 0.0007 0.0061 
        014s  7 0.0048 0.0004 0.0387 0.9551 0.0004 0.0006 
        015s  7 0.0068 0.0009 0.0130 0.9764 0.0013 0.0015 
        016s  7 0.0237 0.0013 0.1179 0.8567 0.0002 0.0001 
        017s  7 0.0132 0.0004 0.0010 0.9844 0.0004 0.0007 
        018s  7 0.9851 0.0005 0.0012 0.0082 0.0047 0.0003 
        019s  7 0.0093 0.0101 0.0017 0.9757 0.0021 0.0012 
        020s  7 0.0025 0.0003 0.0005 0.9951 0.0003 0.0013 
        021s  7 0.0083 0.0007 0.0019 0.9875 0.0010 0.0005 
        022s  7 0.0149 0.0011 0.0023 0.9791 0.0003 0.0023 
        023s  7 0.0152 0.0160 0.0093 0.9568 0.0013 0.0014 
        024s  7 0.0425 0.0006 0.0013 0.9533 0.0016 0.0008 
        025s  7 0.0115 0.0010 0.0008 0.9803 0.0014 0.0050 
        026s  7 0.0189 0.0008 0.0027 0.9762 0.0010 0.0003 
        027s  7 0.0043 0.0004 0.0013 0.9918 0.0013 0.0008 
        028s  7 0.8175 0.0004 0.0032 0.1780 0.0002 0.0007 
        029s  7 0.0125 0.0020 0.0106 0.9734 0.0006 0.0009 
        030s  7 0.0145 0.0040 0.0003 0.9764 0.0043 0.0006 
        031s  7 0.1069 0.0119 0.0015 0.8780 0.0005 0.0012 
        032s  7 0.0095 0.0003 0.0997 0.8867 0.0034 0.0004 
        033s  7 0.0100 0.0016 0.0348 0.9483 0.0042 0.0010 
        034s  7 0.0058 0.0006 0.0005 0.9484 0.0016 0.0431 
        035s  7 0.0058 0.0012 0.0004 0.9920 0.0003 0.0003 
        036s  7 0.0022 0.0058 0.0004 0.9867 0.0007 0.0042 
        037s  7 0.8666 0.0033 0.0611 0.0654 0.0006 0.0031 
        038s  7 0.3148 0.0015 0.0114 0.6705 0.0010 0.0008 
        039s  7 0.8676 0.0004 0.0004 0.1310 0.0003 0.0003 
        040s  7 0.0037 0.0008 0.0159 0.9539 0.0004 0.0253 
        041s  7 0.0057 0.0011 0.0333 0.9575 0.0018 0.0004 
        042s  7 0.0172 0.0003 0.0049 0.9767 0.0003 0.0005 
        043s  7 0.0083 0.0028 0.0014 0.9869 0.0005 0.0002 
        044s  7 0.0084 0.0224 0.0519 0.8994 0.0013 0.0165 
         003  8 0.0035 0.0006 0.0041 0.9778 0.0127 0.0013 
         009  8 0.0052 0.0010 0.0014 0.9911 0.0007 0.0006 
         010  8 0.0145 0.0017 0.0003 0.9830 0.0004 0.0002 
         017  8 0.0089 0.0036 0.0005 0.9852 0.0011 0.0007 
         002  9 0.0064 0.0012 0.0003 0.9909 0.0005 0.0007 
         003  9 0.0060 0.0004 0.0001 0.9929 0.0003 0.0003 
         004  9 0.0028 0.0011 0.0004 0.9952 0.0003 0.0002 
         005  9 0.0145 0.0043 0.0004 0.9789 0.0011 0.0009 
         006  9 0.0042 0.0013 0.0007 0.9924 0.0006 0.0009 
         007  9 0.0056 0.0011 0.0029 0.9894 0.0008 0.0002 
         009  9 0.0022 0.0016 0.0011 0.9936 0.0012 0.0003 
         010  9 0.0076 0.0015 0.0002 0.9882 0.0020 0.0005 
         013  9 0.0094 0.0012 0.0011 0.9874 0.0003 0.0006 
         014  9 0.0334 0.0016 0.0004 0.9585 0.0058 0.0002 
         016  9 0.0027 0.0005 0.0003 0.9951 0.0012 0.0002 
         018  9 0.0698 0.0013 0.0006 0.9230 0.0045 0.0009 
         019  9 0.0044 0.0004 0.0007 0.9893 0.0044 0.0008 
         020  9 0.0084 0.0003 0.0003 0.9903 0.0004 0.0003 
         021  9 0.0570 0.0007 0.0004 0.9414 0.0003 0.0002 
         022  9 0.1775 0.0006 0.0003 0.8201 0.0013 0.0003 
         024  9 0.0076 0.0030 0.0005 0.9863 0.0022 0.0005 
         028  9 0.0105 0.0012 0.0003 0.9870 0.0005 0.0006 
         029  9 0.0113 0.0005 0.0003 0.9869 0.0007 0.0004 
         030  9 0.0328 0.0012 0.0004 0.9643 0.0011 0.0004 
         031  9 0.0038 0.0004 0.0015 0.9928 0.0011 0.0004 
         033  9 0.0033 0.0005 0.0047 0.9904 0.0007 0.0004 
         001 10 0.0087 0.0003 0.0003 0.9890 0.0011 0.0005 
         002 10 0.0068 0.0005 0.0003 0.9907 0.0017 0.0002 
         003 10 0.0091 0.0112 0.0003 0.9778 0.0006 0.0010 
         004 10 0.0055 0.0015 0.0003 0.9917 0.0007 0.0003 
         005 10 0.0078 0.0008 0.0003 0.9890 0.0017 0.0003 
         006 10 0.0027 0.0007 0.0011 0.9943 0.0006 0.0005 
         007 10 0.0035 0.0021 0.0006 0.9930 0.0005 0.0004 
         008 10 0.0104 0.0040 0.0005 0.9836 0.0008 0.0006 
         009 10 0.0049 0.0004 0.0006 0.9884 0.0042 0.0015 
         010 10 0.0056 0.0008 0.0006 0.9899 0.0029 0.0004 
         011 10 0.0058 0.0339 0.0005 0.9581 0.0004 0.0012 
         012 10 0.0102 0.0031 0.0004 0.9847 0.0004 0.0011 
         013 10 0.0104 0.0008 0.0003 0.9861 0.0006 0.0018 
         014 10 0.0043 0.0009 0.0004 0.9932 0.0005 0.0008 
         016 10 0.0071 0.0008 0.0005 0.9892 0.0014 0.0010 
         017 10 0.0109 0.0008 0.0005 0.9855 0.0013 0.0010 
         018 10 0.0052 0.0007 0.0065 0.9850 0.0022 0.0004 
         019 10 0.0043 0.0011 0.0003 0.9891 0.0048 0.0004 
         020 10 0.0084 0.0017 0.0011 0.9800 0.0079 0.0009 
         021 10 0.0044 0.0005 0.0009 0.9916 0.0024 0.0003 
         022 10 0.0030 0.0009 0.0003 0.9952 0.0002 0.0005 
         023 10 0.0048 0.0006 0.0002 0.9934 0.0004 0.0006 
         024 10 0.0040 0.0020 0.0003 0.9921 0.0015 0.0002 
         026 10 0.0166 0.0006 0.0003 0.9814 0.0006 0.0004 
        001s 11 0.0681 0.0069 0.0890 0.8345 0.0007 0.0007 
        002s 11 0.0048 0.0019 0.0005 0.9828 0.0033 0.0066 
        003s 11 0.6183 0.0005 0.0055 0.3739 0.0012 0.0005 
        004s 11 0.0836 0.0012 0.0003 0.9128 0.0003 0.0019 
        005s 11 0.0560 0.0006 0.0018 0.9363 0.0048 0.0006 
        006s 11 0.0036 0.0021 0.0012 0.9818 0.0016 0.0098 
        007s 11 0.0035 0.0007 0.0074 0.9491 0.0014 0.0379 
        008s 11 0.0344 0.0004 0.0005 0.9639 0.0004 0.0003 
        009s 11 0.0098 0.0005 0.0003 0.9744 0.0147 0.0003 
        010s 11 0.0018 0.0009 0.0014 0.9954 0.0003 0.0003 
        011s 11 0.0179 0.0204 0.1066 0.8511 0.0003 0.0038 
        012s 11 0.8742 0.0003 0.1047 0.0197 0.0009 0.0002 
        013s 11 0.0201 0.0012 0.0009 0.9771 0.0003 0.0005 
        014s 11 0.3300 0.0009 0.0027 0.6602 0.0011 0.0052 
        015s 11 0.0199 0.0032 0.0021 0.9715 0.0013 0.0021 
        016s 11 0.0168 0.0506 0.0449 0.8819 0.0054 0.0004 
        017s 11 0.9113 0.0020 0.0809 0.0050 0.0005 0.0003 
        018s 11 0.0390 0.0007 0.0049 0.9532 0.0011 0.0011 
        019s 11 0.0139 0.0238 0.0006 0.9608 0.0002 0.0006 
        020s 11 0.0114 0.0011 0.0018 0.9828 0.0018 0.0011 
        021s 11 0.0052 0.0012 0.0004 0.9923 0.0004 0.0005 
        022s 11 0.2380 0.0004 0.0017 0.7289 0.0007 0.0302 
        023s 11 0.0141 0.0129 0.0496 0.9228 0.0003 0.0003 
        025s 11 0.0070 0.0013 0.0004 0.9907 0.0002 0.0004 
        026s 11 0.0038 0.0526 0.0317 0.9110 0.0005 0.0005 
        027s 11 0.0310 0.0005 0.0008 0.9651 0.0005 0.0021 
        028s 11 0.0254 0.0009 0.0065 0.9659 0.0004 0.0009 
        029s 11 0.0287 0.0003 0.0530 0.9165 0.0012 0.0004 
        030s 11 0.8933 0.0016 0.0357 0.0671 0.0012 0.0010 
        031s 11 0.0177 0.0003 0.0004 0.9802 0.0006 0.0008 
        032s 11 0.0168 0.0026 0.0011 0.9785 0.0007 0.0003 
        033s 11 0.0199 0.0008 0.0045 0.9729 0.0012 0.0007 
        034s 11 0.0044 0.0004 0.0010 0.9921 0.0004 0.0017 
        035s 11 0.0115 0.0003 0.0025 0.9829 0.0011 0.0017 
        036s 11 0.9586 0.0005 0.0114 0.0267 0.0016 0.0012 
        037s 11 0.1300 0.0015 0.0027 0.8645 0.0010 0.0003 
        038s 11 0.3344 0.0005 0.0024 0.6618 0.0005 0.0004 
        039s 11 0.0058 0.0007 0.0016 0.9907 0.0007 0.0004 
        040s 11 0.0399 0.0008 0.0696 0.8854 0.0009 0.0035 
        041s 11 0.0126 0.0032 0.0006 0.9614 0.0213 0.0009 
        042s 11 0.1904 0.0102 0.0006 0.7972 0.0007 0.0008 
        043s 11 0.0098 0.0196 0.0347 0.9350 0.0006 0.0004 
        044s 11 0.0475 0.0037 0.0003 0.9439 0.0008 0.0037 
        045s 11 0.1147 0.0116 0.0004 0.8712 0.0003 0.0019 
        046s 11 0.5063 0.0247 0.0238 0.4433 0.0007 0.0011 
        047s 11 0.1387 0.0013 0.0006 0.8576 0.0005 0.0015 
        048s 11 0.0044 0.0329 0.0038 0.9563 0.0014 0.0012 
        049s 11 0.0313 0.0015 0.0011 0.9646 0.0011 0.0005 
        050s 11 0.0031 0.0012 0.0003 0.9934 0.0003 0.0016 
        051s 11 0.0106 0.0470 0.0007 0.9184 0.0005 0.0229 
        052s 11 0.0914 0.0019 0.0027 0.9000 0.0013 0.0026 
        053s 11 0.0068 0.0009 0.0004 0.9901 0.0015 0.0003 
        054s 11 0.0063 0.0006 0.0011 0.9865 0.0005 0.0051 
        055s 11 0.0063 0.0004 0.0698 0.9220 0.0003 0.0012 
        001s 12 0.0071 0.0010 0.0012 0.9854 0.0008 0.0045 
        002s 12 0.0035 0.0008 0.0008 0.9922 0.0022 0.0004 
        003s 12 0.0051 0.0003 0.0003 0.9928 0.0008 0.0007 
        004s 12 0.1075 0.0062 0.0490 0.8350 0.0020 0.0003 
        005s 12 0.0075 0.0006 0.0004 0.9901 0.0007 0.0007 
        006s 12 0.1995 0.0012 0.0338 0.7624 0.0009 0.0023 
        007s 12 0.0072 0.0018 0.0011 0.9854 0.0034 0.0011 
        008s 12 0.0596 0.0005 0.0094 0.9289 0.0005 0.0011 
        009s 12 0.0878 0.0041 0.0205 0.8679 0.0189 0.0009 
        010s 12 0.0764 0.0003 0.0068 0.8828 0.0008 0.0329 
        011s 12 0.0070 0.0009 0.0012 0.9884 0.0008 0.0017 
        012s 12 0.4620 0.0042 0.0010 0.5256 0.0005 0.0067 
        013s 12 0.0631 0.0361 0.0010 0.8988 0.0007 0.0003 
        014s 12 0.0918 0.0449 0.0019 0.8217 0.0014 0.0384 
        015s 12 0.0074 0.0010 0.0037 0.9855 0.0017 0.0007 
        016s 12 0.0530 0.0040 0.0005 0.9415 0.0005 0.0005 
        017s 12 0.0095 0.0008 0.0038 0.9846 0.0004 0.0009 
        018s 12 0.6768 0.0014 0.0015 0.3179 0.0023 0.0002 
        019s 12 0.0113 0.0005 0.0029 0.9820 0.0027 0.0006 
        020s 12 0.0054 0.0005 0.0826 0.9110 0.0002 0.0003 
        021s 12 0.1727 0.0021 0.0035 0.8205 0.0006 0.0006 
        022s 12 0.0301 0.0038 0.0452 0.9164 0.0034 0.0011 
        023s 12 0.0087 0.0008 0.0003 0.9889 0.0008 0.0005 
        024s 12 0.4444 0.0004 0.0008 0.5536 0.0005 0.0003 
        025s 12 0.0026 0.0010 0.0021 0.9878 0.0037 0.0027 
        026s 12 0.0067 0.0006 0.0257 0.9544 0.0120 0.0006 
        027s 12 0.0042 0.0004 0.0027 0.9918 0.0004 0.0006 
        028s 12 0.0062 0.0024 0.0018 0.9803 0.0088 0.0005 
        029s 12 0.0033 0.0008 0.0005 0.9946 0.0003 0.0004 
        030s 12 0.0092 0.0005 0.0010 0.9878 0.0005 0.0011 
        031s 12 0.0131 0.0019 0.0043 0.9785 0.0008 0.0014 
        032s 12 0.1040 0.0007 0.0004 0.8875 0.0070 0.0004 
        033s 12 0.0077 0.0004 0.0011 0.9835 0.0006 0.0067 
        034s 12 0.0022 0.0002 0.0003 0.9963 0.0006 0.0004 
        035s 12 0.0309 0.0005 0.0113 0.9560 0.0006 0.0007 
        036s 12 0.3270 0.0010 0.0023 0.6598 0.0032 0.0066 
        037s 12 0.0054 0.0010 0.0010 0.9911 0.0012 0.0003 
        001s 13 0.0091 0.0022 0.0065 0.9803 0.0012 0.0008 
        002s 13 0.0092 0.0007 0.0873 0.9018 0.0002 0.0008 
        003s 13 0.0289 0.0011 0.0009 0.9678 0.0009 0.0003 
        004s 13 0.0606 0.0032 0.0006 0.9251 0.0102 0.0004 
        005s 13 0.0070 0.0017 0.0028 0.9808 0.0024 0.0053 
        006s 13 0.0252 0.0007 0.0008 0.9705 0.0012 0.0015 
        007s 13 0.0031 0.0010 0.0015 0.9607 0.0003 0.0334 
        008s 13 0.0069 0.0006 0.0546 0.9345 0.0027 0.0007 
        009s 13 0.0586 0.0007 0.1264 0.7991 0.0131 0.0022 
        010s 13 0.9029 0.0007 0.0651 0.0294 0.0014 0.0004 
        011s 13 0.0078 0.0026 0.0055 0.9530 0.0057 0.0254 
        012s 13 0.9350 0.0144 0.0437 0.0027 0.0025 0.0017 
        013s 13 0.0158 0.0052 0.0169 0.9487 0.0008 0.0126 
        014s 13 0.3759 0.0043 0.0008 0.5837 0.0006 0.0347 
        015s 13 0.0028 0.0083 0.0067 0.9720 0.0097 0.0005 
        016s 13 0.0150 0.0010 0.0004 0.9824 0.0007 0.0005 
        017s 13 0.0190 0.0005 0.0126 0.9514 0.0048 0.0117 
        018s 13 0.0174 0.0008 0.0004 0.9804 0.0006 0.0003 
        019s 13 0.0816 0.0011 0.0005 0.9150 0.0005 0.0013 
        020s 13 0.0033 0.0003 0.0012 0.9903 0.0018 0.0031 
        021s 13 0.0044 0.0011 0.0006 0.9930 0.0005 0.0003 
        022s 13 0.0033 0.0006 0.0011 0.9942 0.0003 0.0006 
        023s 13 0.0052 0.0004 0.0010 0.9926 0.0005 0.0002 
        024s 13 0.0047 0.0374 0.0189 0.9346 0.0010 0.0034 
        025s 13 0.0071 0.0021 0.0008 0.9885 0.0009 0.0006 
        026s 13 0.8873 0.0055 0.0850 0.0152 0.0004 0.0066 
        027s 13 0.0051 0.0015 0.0412 0.9470 0.0037 0.0015 
        028s 13 0.0406 0.0032 0.0085 0.9299 0.0078 0.0099 
        029s 13 0.7307 0.0018 0.0127 0.2532 0.0006 0.0009 
        030s 13 0.1591 0.0176 0.0729 0.7492 0.0008 0.0004 
        031s 13 0.0144 0.1009 0.0031 0.8783 0.0008 0.0026 
        032s 13 0.0052 0.0003 0.0004 0.9920 0.0003 0.0018 
        033s 13 0.0918 0.0004 0.0037 0.8656 0.0006 0.0379 
        034s 13 0.0070 0.0008 0.0467 0.9411 0.0015 0.0030 
        035s 13 0.0046 0.0033 0.0005 0.9894 0.0017 0.0005 
        036s 13 0.0368 0.0004 0.0019 0.9597 0.0005 0.0006 
        037s 13 0.0067 0.0020 0.0003 0.9900 0.0007 0.0005 
        038s 13 0.1288 0.0009 0.0014 0.8666 0.0007 0.0016 
        039s 13 0.0040 0.0735 0.1005 0.8210 0.0005 0.0006 
        040s 13 0.0664 0.0010 0.0010 0.9299 0.0005 0.0011 
        041s 13 0.0219 0.0019 0.0583 0.9146 0.0005 0.0029 
        042s 13 0.0142 0.0008 0.0004 0.9831 0.0007 0.0007 
        001s 14 0.7146 0.0006 0.0230 0.2590 0.0020 0.0007 
        002s 14 0.0102 0.0008 0.0630 0.9203 0.0032 0.0024 
        003s 14 0.0120 0.0007 0.0009 0.9855 0.0005 0.0004 
        004s 14 0.0020 0.0033 0.0085 0.9784 0.0009 0.0069 
        005s 14 0.0109 0.0006 0.0003 0.9874 0.0006 0.0002 
        006s 14 0.0068 0.0004 0.0004 0.9915 0.0003 0.0005 
        007s 14 0.0029 0.0015 0.0006 0.9939 0.0004 0.0007 
        008s 14 0.1259 0.0021 0.0966 0.7579 0.0159 0.0017 
        009s 14 0.0051 0.0010 0.0017 0.9864 0.0051 0.0007 
        010s 14 0.0683 0.0015 0.0529 0.8603 0.0167 0.0003 
        011s 14 0.0308 0.0008 0.0065 0.9264 0.0004 0.0350 
        012s 14 0.0854 0.0014 0.0007 0.9091 0.0019 0.0016 
        013s 14 0.8546 0.0051 0.0006 0.1366 0.0007 0.0023 
        014s 14 0.0617 0.0006 0.0346 0.8965 0.0061 0.0006 
        015s 14 0.0203 0.0022 0.0007 0.9704 0.0058 0.0006 
        016s 14 0.1012 0.0134 0.0014 0.8832 0.0005 0.0002 
        017s 14 0.1478 0.0008 0.0537 0.7822 0.0010 0.0145 
        018s 14 0.0068 0.0012 0.0009 0.9898 0.0008 0.0004 
        019s 14 0.0064 0.0006 0.0011 0.9896 0.0004 0.0020 
        020s 14 0.0047 0.0011 0.0007 0.9869 0.0064 0.0002 
        021s 14 0.0131 0.0005 0.0051 0.9721 0.0090 0.0003 
        022s 14 0.0572 0.0012 0.0050 0.9327 0.0018 0.0022 
        023s 14 0.0333 0.0032 0.0041 0.9564 0.0023 0.0007 
        024s 14 0.0582 0.0016 0.0527 0.8830 0.0029 0.0016 
        025s 14 0.0090 0.0004 0.0615 0.9284 0.0005 0.0003 
        026s 14 0.2940 0.0009 0.0006 0.7022 0.0020 0.0003 
        027s 14 0.0112 0.0028 0.0024 0.9823 0.0008 0.0005 
        028s 14 0.0563 0.0008 0.0006 0.9375 0.0020 0.0028 
        029s 14 0.0328 0.0011 0.0003 0.9649 0.0006 0.0003 
        030s 14 0.9447 0.0005 0.0005 0.0454 0.0004 0.0084 
        031s 14 0.0245 0.0013 0.0005 0.9557 0.0006 0.0174 
        032s 14 0.0128 0.0026 0.0009 0.9823 0.0003 0.0011 
        033s 14 0.0094 0.0004 0.0007 0.9366 0.0009 0.0520 
        034s 14 0.0139 0.0006 0.0003 0.9844 0.0005 0.0003 
        035s 14 0.8425 0.0006 0.0732 0.0037 0.0003 0.0796 
        036s 14 0.0047 0.0038 0.0726 0.8827 0.0017 0.0344 
        037s 14 0.0054 0.0033 0.0010 0.9892 0.0008 0.0003 
        038s 14 0.0419 0.0004 0.0006 0.9559 0.0005 0.0007 
        039s 14 0.0079 0.0061 0.0019 0.9790 0.0036 0.0015 
        040s 14 0.0114 0.0012 0.0113 0.9750 0.0003 0.0007 
        041s 14 0.9561 0.0005 0.0007 0.0411 0.0005 0.0010 
        042s 14 0.0782 0.0029 0.0759 0.8419 0.0008 0.0004 
        001s 15 0.0168 0.0013 0.0009 0.9799 0.0006 0.0003 
        002s 15 0.0203 0.0095 0.0916 0.8690 0.0079 0.0016 
        003s 15 0.0045 0.0061 0.0094 0.9787 0.0008 0.0005 
        004s 15 0.2007 0.0003 0.0007 0.7879 0.0100 0.0004 
        005s 15 0.0070 0.0061 0.0134 0.9703 0.0008 0.0023 
        006s 15 0.0258 0.0013 0.0154 0.9555 0.0006 0.0014 
        007s 15 0.0260 0.0004 0.0004 0.9720 0.0007 0.0004 
        008s 15 0.1314 0.0004 0.0004 0.8665 0.0007 0.0005 
        009s 15 0.9270 0.0379 0.0156 0.0162 0.0007 0.0024 
        010s 15 0.0861 0.0015 0.0007 0.9108 0.0004 0.0005 
        011s 15 0.9351 0.0005 0.0008 0.0040 0.0004 0.0591 
        012s 15 0.0119 0.0018 0.0028 0.9809 0.0010 0.0017 
        013s 15 0.0155 0.0009 0.0009 0.9791 0.0034 0.0003 
        014s 15 0.0065 0.0040 0.0018 0.9836 0.0033 0.0007 
        015s 15 0.0142 0.0042 0.0759 0.9006 0.0008 0.0043 
        016s 15 0.1442 0.0004 0.0123 0.7504 0.0302 0.0626 
        017s 15 0.0039 0.0017 0.0014 0.9778 0.0147 0.0005 
        018s 15 0.1283 0.0004 0.0027 0.8668 0.0017 0.0002 
        019s 15 0.9815 0.0033 0.0046 0.0095 0.0006 0.0004 
        020s 15 0.0320 0.0006 0.0005 0.9660 0.0005 0.0005 
        021s 15 0.2594 0.0035 0.0767 0.6579 0.0015 0.0009 
        022s 15 0.9260 0.0004 0.0006 0.0706 0.0008 0.0017 
        023s 15 0.5997 0.0012 0.0245 0.3714 0.0006 0.0026 
        024s 15 0.0223 0.0007 0.0013 0.9736 0.0004 0.0017 
        025s 15 0.0040 0.0206 0.0055 0.9672 0.0012 0.0015 
        026s 15 0.0085 0.0196 0.0012 0.9668 0.0030 0.0008 
        027s 15 0.0076 0.0008 0.0032 0.9726 0.0085 0.0074 
        028s 15 0.0052 0.0013 0.0004 0.9896 0.0022 0.0012 
        029s 15 0.0038 0.0010 0.0005 0.9924 0.0014 0.0010 
        030s 15 0.0184 0.0006 0.0004 0.9789 0.0015 0.0004 
        031s 15 0.0022 0.0045 0.0609 0.9302 0.0009 0.0014 
        032s 15 0.0319 0.0016 0.0005 0.9647 0.0011 0.0002 
        033s 15 0.1588 0.0002 0.0625 0.7773 0.0006 0.0005 
        035s 15 0.0867 0.0006 0.0016 0.9062 0.0019 0.0030 
        036s 15 0.1131 0.0054 0.0009 0.8791 0.0002 0.0012 
        037s 15 0.0709 0.0012 0.0007 0.9181 0.0006 0.0086 
        038s 15 0.0581 0.0003 0.0039 0.9359 0.0011 0.0008 
        039s 15 0.8918 0.0003 0.0725 0.0346 0.0005 0.0003 
        040s 15 0.0208 0.0006 0.0032 0.9702 0.0031 0.0021 
        041s 15 0.0103 0.0010 0.0697 0.9113 0.0006 0.0071 
        042s 15 0.0064 0.0008 0.0049 0.9851 0.0023 0.0004 
        043s 15 0.0085 0.0017 0.0079 0.9804 0.0003 0.0012 
        044s 15 0.0311 0.0007 0.0066 0.9597 0.0011 0.0008 
        045s 15 0.4478 0.0771 0.0035 0.4402 0.0013 0.0301 
        046s 15 0.0073 0.0012 0.0161 0.9681 0.0005 0.0068 
        047s 15 0.1373 0.0005 0.0235 0.8356 0.0006 0.0024 
        048s 15 0.0101 0.0169 0.0004 0.9714 0.0008 0.0005 
        049s 15 0.0207 0.0007 0.0137 0.9631 0.0004 0.0014 
        050s 15 0.0118 0.0032 0.1319 0.8392 0.0132 0.0006 
         001 16 0.0071 0.0003 0.1679 0.8068 0.0033 0.0145 
         002 16 0.1076 0.0005 0.0470 0.8437 0.0002 0.0010 
         003 16 0.0713 0.0022 0.0036 0.9145 0.0029 0.0055 
         004 16 0.2900 0.0013 0.0009 0.7062 0.0006 0.0011 
         005 16 0.0068 0.0226 0.0491 0.9156 0.0019 0.0039 
         006 16 0.0471 0.0150 0.0172 0.9185 0.0010 0.0013 
         007 16 0.1003 0.0018 0.0050 0.8913 0.0008 0.0007 
         008 16 0.1446 0.0006 0.1401 0.7100 0.0011 0.0036 
         009 16 0.0127 0.0005 0.0022 0.9831 0.0011 0.0004 
         010 16 0.0874 0.0011 0.0266 0.8837 0.0008 0.0004 
         011 16 0.8780 0.0017 0.0049 0.1138 0.0005 0.0011 
         012 16 0.0666 0.0011 0.0007 0.9283 0.0009 0.0023 
         013 16 0.0101 0.0005 0.0005 0.9877 0.0006 0.0006 
         014 16 0.0098 0.0003 0.0345 0.9529 0.0014 0.0011 
         015 16 0.0229 0.3669 0.0004 0.6044 0.0021 0.0033 
         016 16 0.0475 0.0139 0.0018 0.9323 0.0042 0.0003 
         017 16 0.0236 0.0010 0.0070 0.9609 0.0007 0.0068 
         018 16 0.0052 0.0307 0.0368 0.9187 0.0065 0.0022 
         019 16 0.0142 0.0007 0.0644 0.9165 0.0010 0.0033 
         020 16 0.0161 0.0008 0.0003 0.9814 0.0009 0.0005 
         021 16 0.0398 0.0004 0.0939 0.8317 0.0028 0.0314 
         022 16 0.0147 0.0026 0.0310 0.9505 0.0010 0.0002 
         023 16 0.0333 0.0092 0.0276 0.9286 0.0006 0.0007 
         024 16 0.0097 0.0235 0.0082 0.9565 0.0016 0.0005 
         025 16 0.0437 0.0026 0.0437 0.9004 0.0011 0.0086 
         026 16 0.7036 0.0027 0.1023 0.1902 0.0005 0.0007 
         027 16 0.0195 0.0009 0.0101 0.9580 0.0108 0.0006 
         028 16 0.0058 0.0002 0.1461 0.8199 0.0072 0.0209 
         029 16 0.9203 0.0006 0.0019 0.0437 0.0019 0.0316 
         030 16 0.0261 0.0003 0.0007 0.9667 0.0004 0.0058 
         031 16 0.0130 0.0005 0.0010 0.9711 0.0136 0.0007 
         032 16 0.0293 0.0041 0.0900 0.8748 0.0010 0.0008 
         033 16 0.0042 0.0003 0.0004 0.9939 0.0004 0.0009 
         034 16 0.0219 0.0012 0.0035 0.9701 0.0003 0.0030 
         035 16 0.0085 0.0002 0.0003 0.9895 0.0007 0.0008 
         036 16 0.0384 0.0016 0.0004 0.9575 0.0015 0.0005 
         037 16 0.1306 0.0029 0.0217 0.8320 0.0006 0.0123 
         038 16 0.0046 0.0059 0.0020 0.9859 0.0009 0.0007 
         039 16 0.0072 0.0005 0.0016 0.9895 0.0008 0.0004 
         040 16 0.0032 0.0014 0.0008 0.9927 0.0004 0.0015 
         041 16 0.2286 0.0009 0.0007 0.7687 0.0004 0.0007 
         042 16 0.0050 0.0005 0.0013 0.9901 0.0022 0.0009 
         043 16 0.0033 0.0007 0.0007 0.9938 0.0012 0.0004 
         044 16 0.0097 0.0009 0.0070 0.9799 0.0017 0.0008 
         045 16 0.0174 0.0003 0.0023 0.9719 0.0025 0.0057 
         047 16 0.0073 0.0010 0.0023 0.9470 0.0056 0.0368 
         048 16 0.0058 0.0008 0.0017 0.9868 0.0006 0.0042 
         049 16 0.0083 0.0035 0.0005 0.9849 0.0006 0.0022 
         050 16 0.2142 0.0003 0.0004 0.7839 0.0005 0.0007 
         051 16 0.0084 0.0003 0.0008 0.9868 0.0019 0.0017 
         052 16 0.0052 0.0006 0.0002 0.9932 0.0004 0.0004 
         053 16 0.0249 0.0007 0.0002 0.9730 0.0007 0.0004 
         054 16 0.0028 0.0004 0.0658 0.9295 0.0010 0.0005 
         055 16 0.1449 0.0003 0.0090 0.7920 0.0007 0.0531 
         056 16 0.9716 0.0078 0.0009 0.0187 0.0007 0.0003 
         057 16 0.0082 0.0002 0.0902 0.9005 0.0005 0.0004 
         058 16 0.0024 0.0128 0.0927 0.8854 0.0004 0.0064 
         059 16 0.0044 0.0850 0.0853 0.8120 0.0047 0.0086 
         060 16 0.0139 0.0095 0.0025 0.9724 0.0011 0.0007 
         061 16 0.0349 0.0014 0.0022 0.9600 0.0006 0.0009 
         062 16 0.0133 0.0004 0.0008 0.9759 0.0014 0.0082 
         063 16 0.0062 0.0007 0.0027 0.9893 0.0005 0.0006 
         064 16 0.0481 0.0028 0.0003 0.9476 0.0007 0.0005 
         065 16 0.0060 0.0027 0.0016 0.9867 0.0015 0.0016 
         066 16 0.0071 0.0005 0.0004 0.9905 0.0010 0.0005 
         067 16 0.0103 0.0756 0.0006 0.9108 0.0007 0.0020 
         068 16 0.0175 0.0279 0.0040 0.9486 0.0006 0.0015 
         069 16 0.0903 0.0006 0.0007 0.9024 0.0055 0.0006 
         070 16 0.0500 0.0006 0.0047 0.9417 0.0022 0.0008 
         071 16 0.0028 0.0004 0.0758 0.9133 0.0004 0.0072 
         072 16 0.0199 0.0011 0.0059 0.9716 0.0009 0.0007 
         073 16 0.0522 0.0003 0.0012 0.9441 0.0007 0.0016 
         074 16 0.0088 0.0003 0.0003 0.9894 0.0004 0.0007 
         075 16 0.9786 0.0010 0.0113 0.0040 0.0007 0.0043 
         076 16 0.0047 0.0003 0.0009 0.9926 0.0007 0.0008 
         077 16 0.0042 0.0566 0.0099 0.8918 0.0316 0.0059 
         078 16 0.0144 0.0018 0.0342 0.9485 0.0006 0.0004 
         079 16 0.0110 0.0016 0.0881 0.8945 0.0016 0.0031 
         080 16 0.0068 0.0014 0.0046 0.9865 0.0003 0.0003 
         081 16 0.8472 0.0005 0.0053 0.1082 0.0011 0.0376 
         082 16 0.0188 0.0003 0.0130 0.9564 0.0006 0.0108 
         083 16 0.0079 0.0020 0.0004 0.9880 0.0007 0.0009 
         084 16 0.0336 0.0011 0.0015 0.9595 0.0028 0.0015 
         085 16 0.0552 0.0071 0.0011 0.9347 0.0012 0.0006 
         086 16 0.0018 0.0006 0.1072 0.8847 0.0007 0.0050 
         087 16 0.0032 0.0003 0.0157 0.9779 0.0010 0.0019 
         088 16 0.0266 0.0017 0.0010 0.9698 0.0006 0.0004 
         089 16 0.3270 0.0008 0.0010 0.6605 0.0010 0.0098 
         090 16 0.0045 0.0006 0.0064 0.9864 0.0014 0.0007 
         091 16 0.0036 0.0007 0.0005 0.9933 0.0007 0.0012 
         092 16 0.0115 0.0009 0.0386 0.9478 0.0004 0.0007 
         093 16 0.0053 0.0004 0.0014 0.9902 0.0023 0.0005 
         094 16 0.0103 0.0355 0.0051 0.9427 0.0058 0.0006 
         095 16 0.0060 0.0005 0.0006 0.9914 0.0012 0.0003 
         096 16 0.0362 0.0020 0.0014 0.9331 0.0005 0.0269 
         097 16 0.1001 0.0101 0.0069 0.7941 0.0023 0.0865 
         098 16 0.0121 0.0031 0.0009 0.9764 0.0070 0.0005 
         099 16 0.0070 0.0056 0.0004 0.9858 0.0008 0.0004 
         100 16 0.0024 0.0019 0.0008 0.9939 0.0006 0.0004 
         101 16 0.0033 0.0036 0.0321 0.9600 0.0004 0.0006 
         102 16 0.0872 0.0015 0.0015 0.9080 0.0004 0.0014 
         103 16 0.0049 0.0023 0.0011 0.9868 0.0027 0.0023 
         104 16 0.1514 0.0040 0.0025 0.8413 0.0004 0.0005 
         105 16 0.0027 0.0017 0.0754 0.8946 0.0034 0.0222 
         106 16 0.0090 0.0024 0.0021 0.9856 0.0003 0.0005 
         107 16 0.0108 0.0060 0.0133 0.9234 0.0460 0.0004 
         108 16 0.0027 0.1622 0.1202 0.6473 0.0665 0.0011 
         109 16 0.0155 0.0006 0.0151 0.9647 0.0007 0.0034 
         110 16 0.0041 0.0014 0.0004 0.9934 0.0003 0.0005 
         111 16 0.0048 0.0011 0.0589 0.9341 0.0007 0.0004 
         112 16 0.0078 0.0014 0.0466 0.9430 0.0007 0.0004 
         113 16 0.0042 0.0012 0.0506 0.9385 0.0005 0.0051 
         114 16 0.0055 0.0016 0.0154 0.9735 0.0036 0.0004 
         115 16 0.0111 0.0006 0.0003 0.9865 0.0004 0.0011 
         116 16 0.0055 0.0007 0.0131 0.9794 0.0005 0.0008 
         117 16 0.0087 0.0006 0.0070 0.9748 0.0045 0.0044 
         118 16 0.0409 0.0125 0.0062 0.9391 0.0010 0.0003 
         119 16 0.0277 0.0009 0.0020 0.9671 0.0014 0.0009 
         120 16 0.0119 0.0007 0.0003 0.9669 0.0010 0.0191 
         121 16 0.0080 0.0294 0.0007 0.9528 0.0004 0.0086 
         122 16 0.0448 0.0006 0.0003 0.9534 0.0003 0.0006 
         123 16 0.1248 0.0004 0.0038 0.8670 0.0027 0.0013 
         124 16 0.0042 0.0011 0.0111 0.9825 0.0004 0.0007 
         126 16 0.0373 0.0022 0.1623 0.7937 0.0041 0.0005 
         001 17 0.0030 0.0005 0.0009 0.9846 0.0084 0.0026 
         002 17 0.0044 0.0005 0.0031 0.9910 0.0005 0.0005 
         003 17 0.0040 0.0004 0.0005 0.9933 0.0012 0.0006 
         005 17 0.0030 0.0003 0.0003 0.9713 0.0243 0.0009 
         006 17 0.0049 0.0005 0.0011 0.9392 0.0016 0.0526 
         007 17 0.1167 0.0198 0.1184 0.7304 0.0032 0.0115 
         008 17 0.0268 0.0006 0.1061 0.8507 0.0006 0.0153 
         009 17 0.0039 0.0004 0.0003 0.9944 0.0007 0.0004 
         010 17 0.0822 0.0011 0.0005 0.9149 0.0004 0.0008 
         011 17 0.0106 0.3771 0.1373 0.4720 0.0016 0.0014 
         012 17 0.0181 0.0015 0.0045 0.9745 0.0007 0.0006 
         013 17 0.0067 0.0004 0.0003 0.9917 0.0007 0.0002 
         014 17 0.0025 0.0004 0.0005 0.9949 0.0013 0.0004 
         015 17 0.0029 0.0003 0.0010 0.9906 0.0008 0.0044 
         016 17 0.0121 0.0006 0.0008 0.9852 0.0005 0.0008 
         017 17 0.0116 0.0009 0.0011 0.9834 0.0007 0.0023 
         018 17 0.0258 0.0004 0.0260 0.9241 0.0220 0.0019 
         019 17 0.0501 0.0010 0.0007 0.9475 0.0005 0.0002 
         020 17 0.0032 0.0007 0.0008 0.9942 0.0003 0.0008 
         021 17 0.0101 0.0008 0.0002 0.9875 0.0005 0.0008 
         022 17 0.0085 0.0012 0.0317 0.9409 0.0111 0.0066 
         023 17 0.2176 0.0005 0.0097 0.7695 0.0024 0.0003 
         024 17 0.0050 0.0033 0.0209 0.9297 0.0011 0.0402 
         025 17 0.0099 0.0003 0.0004 0.9885 0.0004 0.0005 
         002 18 0.0084 0.0015 0.0003 0.9847 0.0044 0.0007 
         003 18 0.0130 0.0009 0.0003 0.9851 0.0004 0.0002 
         004 18 0.0286 0.0008 0.0606 0.9074 0.0023 0.0002 
         005 18 0.0069 0.0358 0.0069 0.9492 0.0007 0.0005 
