        001s  1 0.0008 0.7036 0.0015 0.0003 0.2932 0.0006 
        002s  1 0.0006 0.1184 0.0005 0.0020 0.8779 0.0007 
        003s  1 0.0015 0.0135 0.0155 0.0007 0.9673 0.0016 
        004s  1 0.0031 0.2606 0.0005 0.0281 0.7034 0.0044 
        005s  1 0.2166 0.0010 0.0004 0.2062 0.5746 0.0011 
        006s  1 0.0003 0.9956 0.0004 0.0009 0.0024 0.0004 
        007s  1 0.0039 0.9656 0.0007 0.0004 0.0262 0.0032 
        008s  1 0.0019 0.2657 0.0008 0.0011 0.7296 0.0009 
        009s  1 0.0537 0.5703 0.0023 0.0043 0.3617 0.0077 
        010s  1 0.0073 0.9847 0.0008 0.0009 0.0059 0.0004 
        011s  1 0.0012 0.9794 0.0044 0.0018 0.0106 0.0026 
        012s  1 0.1226 0.8427 0.0070 0.0068 0.0201 0.0009 
        013s  1 0.0020 0.9222 0.0010 0.0305 0.0344 0.0098 
        014s  1 0.0283 0.9389 0.0198 0.0013 0.0059 0.0060 
        015s  1 0.0006 0.9888 0.0007 0.0004 0.0092 0.0003 
        016s  1 0.0032 0.9574 0.0011 0.0004 0.0312 0.0067 
        018s  1 0.1480 0.7515 0.0015 0.0011 0.0961 0.0017 
        019s  1 0.0145 0.8382 0.0050 0.0006 0.1407 0.0010 
        020s  1 0.0007 0.9780 0.0089 0.0002 0.0046 0.0077 
        021s  1 0.0003 0.9619 0.0006 0.0094 0.0203 0.0075 
        022s  1 0.0002 0.0185 0.0007 0.0002 0.9797 0.0008 
        023s  1 0.0003 0.8916 0.0008 0.0005 0.0965 0.0102 
        024s  1 0.0012 0.9884 0.0005 0.0012 0.0078 0.0008 
        025s  1 0.0084 0.9806 0.0005 0.0021 0.0076 0.0008 
        026s  1 0.0008 0.9777 0.0059 0.0007 0.0046 0.0103 
        027s  1 0.0017 0.9517 0.0005 0.0086 0.0350 0.0025 
        028s  1 0.0523 0.8763 0.0018 0.0544 0.0144 0.0008 
        029s  1 0.0009 0.9815 0.0067 0.0005 0.0099 0.0006 
        030s  1 0.0010 0.9863 0.0061 0.0026 0.0034 0.0007 
        031s  1 0.0003 0.9593 0.0003 0.0003 0.0387 0.0010 
        032s  1 0.0007 0.9928 0.0011 0.0004 0.0043 0.0007 
        033s  1 0.0060 0.9832 0.0008 0.0008 0.0081 0.0011 
        034s  1 0.0010 0.3207 0.0025 0.0009 0.6195 0.0553 
        035s  1 0.0017 0.9918 0.0016 0.0015 0.0025 0.0009 
        036s  1 0.0844 0.2358 0.0003 0.0007 0.6779 0.0009 
        037s  1 0.1113 0.7873 0.0015 0.0073 0.0462 0.0465 
        038s  1 0.0016 0.9863 0.0007 0.0007 0.0100 0.0008 
        039s  1 0.0005 0.9691 0.0008 0.0167 0.0126 0.0003 
        040s  1 0.0012 0.9039 0.0006 0.0049 0.0864 0.0031 
        041s  1 0.0029 0.9807 0.0007 0.0004 0.0121 0.0032 
        042s  1 0.0772 0.8383 0.0006 0.0002 0.0012 0.0824 
        043s  1 0.0065 0.0106 0.0016 0.0009 0.9800 0.0005 
        044s  1 0.0910 0.6464 0.0042 0.0077 0.2427 0.0079 
        045s  1 0.0056 0.9886 0.0010 0.0013 0.0027 0.0008 
        046s  1 0.0010 0.9750 0.0023 0.0004 0.0209 0.0004 
        047s  1 0.0009 0.9893 0.0014 0.0002 0.0035 0.0047 
        048s  1 0.0576 0.3001 0.0005 0.0002 0.6409 0.0007 
        049s  1 0.0004 0.0391 0.0007 0.0010 0.9585 0.0004 
        050s  1 0.1027 0.8481 0.0004 0.0025 0.0459 0.0004 
        051s  1 0.0004 0.9651 0.0276 0.0005 0.0056 0.0008 
        052s  1 0.0087 0.9493 0.0180 0.0070 0.0151 0.0019 
        053s  1 0.0015 0.9944 0.0003 0.0005 0.0029 0.0004 
        054s  1 0.0002 0.9889 0.0025 0.0047 0.0026 0.0011 
        055s  1 0.0904 0.8293 0.0022 0.0012 0.0021 0.0748 
          01  2 0.1224 0.8224 0.0280 0.0015 0.0240 0.0018 
          02  2 0.0181 0.9729 0.0013 0.0030 0.0038 0.0008 
          03  2 0.0014 0.9899 0.0004 0.0007 0.0063 0.0013 
          04  2 0.0036 0.9066 0.0011 0.0195 0.0598 0.0094 
          05  2 0.1157 0.0245 0.0003 0.0004 0.8588 0.0003 
          06  2 0.0377 0.9461 0.0007 0.0017 0.0132 0.0007 
          07  2 0.0077 0.7821 0.0009 0.0019 0.2068 0.0007 
          08  2 0.0760 0.1139 0.0006 0.0004 0.8085 0.0006 
          09  2 0.0006 0.9701 0.0074 0.0003 0.0213 0.0003 
          10  2 0.0010 0.9866 0.0007 0.0006 0.0106 0.0004 
          11  2 0.0091 0.9467 0.0101 0.0009 0.0304 0.0028 
          12  2 0.0008 0.9877 0.0014 0.0008 0.0089 0.0005 
          13  2 0.0003 0.8099 0.0006 0.0005 0.1881 0.0006 
          14  2 0.0003 0.5876 0.0034 0.0077 0.3799 0.0212 
          15  2 0.0006 0.7004 0.0009 0.0005 0.2965 0.0011 
          16  2 0.0007 0.9292 0.0048 0.0563 0.0050 0.0040 
          17  2 0.0021 0.9363 0.0009 0.0008 0.0589 0.0010 
          18  2 0.0148 0.9764 0.0020 0.0027 0.0032 0.0008 
          19  2 0.0016 0.9863 0.0022 0.0003 0.0051 0.0045 
          20  2 0.0582 0.9234 0.0015 0.0046 0.0044 0.0078 
          21  2 0.0012 0.9721 0.0163 0.0007 0.0087 0.0010 
          22  2 0.0020 0.9810 0.0052 0.0041 0.0021 0.0056 
          23  2 0.0014 0.9902 0.0009 0.0021 0.0035 0.0020 
          24  2 0.0004 0.9942 0.0010 0.0006 0.0031 0.0007 
          25  2 0.0053 0.8617 0.0017 0.0263 0.1039 0.0011 
          26  2 0.0005 0.0010 0.0007 0.0004 0.9972 0.0003 
          27  2 0.0010 0.9426 0.0016 0.0277 0.0239 0.0032 
          28  2 0.0016 0.9192 0.0009 0.0002 0.0737 0.0044 
          29  2 0.0010 0.9927 0.0010 0.0010 0.0040 0.0003 
          30  2 0.1579 0.6977 0.0118 0.0005 0.0481 0.0841 
          01  3 0.4302 0.2688 0.0005 0.2183 0.0707 0.0114 
          02  3 0.3321 0.1265 0.0737 0.4621 0.0018 0.0039 
          03  3 0.3109 0.0012 0.0004 0.3128 0.3740 0.0007 
          04  3 0.4623 0.0195 0.0007 0.3520 0.1641 0.0014 
          05  3 0.3624 0.0005 0.1150 0.4009 0.0005 0.1208 
          06  3 0.4237 0.0334 0.0003 0.4979 0.0435 0.0011 
          07  3 0.3708 0.0058 0.0014 0.2496 0.3719 0.0004 
          08  3 0.3701 0.0112 0.0027 0.3227 0.2912 0.0022 
          09  3 0.4229 0.0024 0.0002 0.2667 0.3051 0.0028 
          10  3 0.2011 0.0107 0.2199 0.4181 0.0164 0.1338 
          11  3 0.4064 0.0059 0.0003 0.3036 0.2836 0.0003 
          12  3 0.4060 0.0009 0.0003 0.3084 0.2842 0.0003 
          13  3 0.4589 0.0020 0.0121 0.5224 0.0043 0.0003 
          14  3 0.3347 0.0018 0.0439 0.4580 0.0042 0.1574 
          15  3 0.3757 0.0032 0.0002 0.2751 0.3436 0.0022 
          16  3 0.3102 0.0756 0.0033 0.6010 0.0060 0.0040 
          17  3 0.4184 0.1343 0.0005 0.1807 0.2658 0.0004 
          18  3 0.2055 0.0050 0.1648 0.3368 0.0086 0.2794 
          19  3 0.3697 0.0294 0.0008 0.4634 0.1330 0.0038 
          20  3 0.4562 0.0044 0.0003 0.3109 0.1741 0.0542 
          21  3 0.3699 0.1745 0.0008 0.3756 0.0729 0.0063 
          22  3 0.4742 0.0008 0.0004 0.2225 0.2998 0.0023 
          23  3 0.4104 0.1862 0.0003 0.3572 0.0446 0.0012 
          24  3 0.4894 0.0086 0.1681 0.2850 0.0436 0.0053 
          25  3 0.3128 0.0006 0.2501 0.3053 0.0004 0.1308 
          26  3 0.4325 0.0221 0.0005 0.3398 0.2046 0.0005 
          27  3 0.2593 0.0405 0.1329 0.3703 0.0197 0.1773 
          28  3 0.4486 0.0472 0.0014 0.4635 0.0389 0.0002 
          29  3 0.3943 0.0951 0.0037 0.4206 0.0769 0.0094 
          30  3 0.4397 0.0015 0.0007 0.2452 0.3126 0.0003 
         001  4 0.9996 0.0001 0.0001 0.0001 0.0001 0.0001 
         002  4 0.9990 0.0002 0.0002 0.0002 0.0002 0.0001 
         003  4 0.9995 0.0001 0.0001 0.0001 0.0001 0.0001 
         004  4 0.9995 0.0001 0.0001 0.0002 0.0001 0.0001 
         005  4 0.9991 0.0001 0.0004 0.0002 0.0001 0.0001 
         006  4 0.9263 0.0005 0.0002 0.0723 0.0003 0.0004 
         007  4 0.9380 0.0017 0.0002 0.0522 0.0072 0.0007 
         008  4 0.9887 0.0006 0.0030 0.0004 0.0009 0.0065 
         009  4 0.9994 0.0001 0.0001 0.0001 0.0001 0.0001 
         010  4 0.9955 0.0001 0.0001 0.0042 0.0001 0.0001 
         011  4 0.9421 0.0009 0.0004 0.0185 0.0009 0.0373 
         012  4 0.9996 0.0001 0.0001 0.0001 0.0001 0.0001 
         013  4 0.9997 0.0001 0.0001 0.0001 0.0001 0.0001 
         014  4 0.9993 0.0001 0.0001 0.0001 0.0002 0.0002 
         015  4 0.9997 0.0001 0.0001 0.0001 0.0001 0.0000 
         016  4 0.9995 0.0001 0.0001 0.0002 0.0001 0.0001 
         017  4 0.9995 0.0001 0.0001 0.0001 0.0001 0.0001 
         019  4 0.9143 0.0003 0.0003 0.0839 0.0002 0.0009 
         020  4 0.9992 0.0002 0.0003 0.0001 0.0002 0.0001 
         021  4 0.9885 0.0003 0.0004 0.0102 0.0003 0.0003 
         001  5 0.9620 0.0006 0.0013 0.0003 0.0002 0.0356 
         002  5 0.9526 0.0144 0.0008 0.0004 0.0296 0.0022 
         003  5 0.7527 0.1673 0.0003 0.0731 0.0003 0.0064 
         004  5 0.9351 0.0483 0.0002 0.0005 0.0121 0.0038 
         005  5 0.9975 0.0003 0.0002 0.0011 0.0003 0.0006 
         006  5 0.8978 0.0004 0.0003 0.1010 0.0003 0.0002 
         007  5 0.9109 0.0003 0.0003 0.0879 0.0003 0.0003 
         008  5 0.9968 0.0002 0.0002 0.0024 0.0002 0.0001 
         009  5 0.9292 0.0552 0.0002 0.0025 0.0117 0.0012 
         010  5 0.9252 0.0037 0.0004 0.0663 0.0030 0.0014 
         011  5 0.9910 0.0014 0.0003 0.0005 0.0008 0.0060 
         012  5 0.8658 0.0486 0.0009 0.0784 0.0048 0.0015 
         013  5 0.7511 0.1864 0.0004 0.0482 0.0133 0.0006 
         014  5 0.7035 0.1656 0.0201 0.0952 0.0007 0.0149 
         015  5 0.9712 0.0002 0.0002 0.0279 0.0002 0.0003 
         016  5 0.9368 0.0014 0.0008 0.0590 0.0014 0.0006 
         017  5 0.8831 0.0152 0.0033 0.0817 0.0166 0.0002 
         018  5 0.8775 0.0103 0.0326 0.0401 0.0018 0.0376 
         019  5 0.9901 0.0003 0.0072 0.0002 0.0004 0.0018 
         020  5 0.9993 0.0001 0.0001 0.0001 0.0002 0.0001 
         021  5 0.8596 0.1229 0.0006 0.0004 0.0130 0.0035 
         022  5 0.9233 0.0193 0.0024 0.0056 0.0020 0.0474 
         023  5 0.9655 0.0015 0.0006 0.0288 0.0008 0.0027 
         024  5 0.8862 0.0420 0.0003 0.0645 0.0067 0.0003 
         025  5 0.8880 0.0114 0.0010 0.0705 0.0285 0.0007 
         026  5 0.8400 0.1414 0.0006 0.0118 0.0059 0.0002 
         027  5 0.9991 0.0002 0.0001 0.0004 0.0002 0.0001 
         028  5 0.9257 0.0105 0.0008 0.0492 0.0037 0.0101 
         029  5 0.9963 0.0005 0.0003 0.0021 0.0006 0.0003 
         030  5 0.9900 0.0009 0.0049 0.0009 0.0006 0.0026 
        001s  6 0.0013 0.7064 0.0009 0.0254 0.2558 0.0101 
        002s  6 0.0471 0.9282 0.0162 0.0003 0.0075 0.0007 
        003s  6 0.0167 0.8421 0.0005 0.0005 0.1384 0.0017 
        004s  6 0.0005 0.9854 0.0004 0.0003 0.0128 0.0006 
        006s  6 0.0605 0.8998 0.0018 0.0172 0.0089 0.0118 
        007s  6 0.0005 0.9921 0.0009 0.0027 0.0033 0.0005 
        008s  6 0.0029 0.9800 0.0028 0.0007 0.0083 0.0053 
        009s  6 0.0003 0.9945 0.0008 0.0004 0.0032 0.0008 
        010s  6 0.0108 0.9534 0.0127 0.0068 0.0018 0.0144 
        011s  6 0.0006 0.9932 0.0003 0.0028 0.0019 0.0011 
        012s  6 0.0005 0.9837 0.0028 0.0028 0.0089 0.0012 
        013s  6 0.0019 0.9936 0.0006 0.0007 0.0029 0.0004 
        014s  6 0.0799 0.4221 0.0003 0.0004 0.4969 0.0004 
        015s  6 0.0096 0.9758 0.0010 0.0049 0.0028 0.0059 
        016s  6 0.0004 0.9152 0.0006 0.0010 0.0819 0.0009 
        018s  6 0.2672 0.7284 0.0006 0.0011 0.0020 0.0006 
        019s  6 0.0082 0.8854 0.0010 0.0018 0.1015 0.0020 
        020s  6 0.0003 0.9640 0.0010 0.0006 0.0335 0.0006 
        021s  6 0.0014 0.9775 0.0014 0.0131 0.0029 0.0036 
        022s  6 0.0009 0.9530 0.0003 0.0003 0.0415 0.0040 
        023s  6 0.0194 0.3297 0.0002 0.0005 0.6492 0.0010 
        024s  6 0.0329 0.9489 0.0022 0.0021 0.0130 0.0009 
        025s  6 0.0019 0.9194 0.0005 0.0004 0.0098 0.0680 
        026s  6 0.0004 0.9727 0.0024 0.0006 0.0235 0.0004 
        027s  6 0.0010 0.9838 0.0013 0.0004 0.0129 0.0005 
        028s  6 0.0159 0.9213 0.0467 0.0078 0.0010 0.0073 
        029s  6 0.0005 0.9939 0.0014 0.0003 0.0029 0.0011 
        030s  6 0.0732 0.9146 0.0024 0.0010 0.0032 0.0055 
        031s  6 0.0010 0.3431 0.0005 0.0027 0.6523 0.0004 
        032s  6 0.0089 0.9804 0.0004 0.0017 0.0080 0.0006 
        033s  6 0.0939 0.9020 0.0005 0.0002 0.0030 0.0004 
        034s  6 0.0015 0.9717 0.0003 0.0019 0.0085 0.0161 
        035s  6 0.1219 0.0007 0.0010 0.0003 0.8753 0.0008 
        036s  6 0.0008 0.9880 0.0003 0.0064 0.0032 0.0013 
        037s  6 0.0011 0.9903 0.0023 0.0008 0.0036 0.0020 
        038s  6 0.0003 0.9038 0.0011 0.0026 0.0913 0.0009 
        039s  6 0.0004 0.9940 0.0009 0.0002 0.0038 0.0007 
        040s  6 0.0003 0.8451 0.0005 0.0039 0.1499 0.0003 
        041s  6 0.0294 0.3006 0.0045 0.0002 0.6628 0.0025 
        042s  6 0.0117 0.9197 0.0041 0.0008 0.0123 0.0514 
        043s  6 0.0006 0.9904 0.0003 0.0010 0.0030 0.0048 
        044s  6 0.0006 0.8611 0.0029 0.0005 0.1343 0.0006 
        045s  6 0.0052 0.9774 0.0007 0.0003 0.0143 0.0022 
        001s  7 0.0010 0.0869 0.0004 0.0004 0.9104 0.0010 
        002s  7 0.0172 0.4831 0.0016 0.0010 0.4953 0.0019 
        003s  7 0.0008 0.0093 0.0011 0.0016 0.9863 0.0010 
        004s  7 0.0010 0.9753 0.0010 0.0036 0.0184 0.0006 
        005s  7 0.0121 0.9647 0.0004 0.0028 0.0175 0.0025 
        006s  7 0.0591 0.9310 0.0005 0.0010 0.0036 0.0049 
        007s  7 0.0076 0.9629 0.0172 0.0068 0.0041 0.0014 
        008s  7 0.0089 0.0051 0.0023 0.0004 0.9824 0.0009 
        009s  7 0.0027 0.9730 0.0007 0.0017 0.0112 0.0107 
        010s  7 0.0006 0.0028 0.0007 0.0002 0.9946 0.0012 
        011s  7 0.0005 0.9890 0.0010 0.0005 0.0083 0.0008 
        012s  7 0.0005 0.9953 0.0005 0.0004 0.0028 0.0005 
        013s  7 0.0004 0.9785 0.0007 0.0079 0.0082 0.0043 
        014s  7 0.0138 0.3950 0.0004 0.0005 0.5900 0.0003 
        015s  7 0.0157 0.9759 0.0016 0.0012 0.0043 0.0013 
        016s  7 0.0812 0.0009 0.0004 0.0002 0.9164 0.0010 
        017s  7 0.0012 0.9887 0.0003 0.0008 0.0083 0.0006 
        018s  7 0.0024 0.9890 0.0042 0.0004 0.0035 0.0005 
        019s  7 0.0014 0.9754 0.0029 0.0012 0.0082 0.0109 
        020s  7 0.0005 0.9843 0.0003 0.0016 0.0129 0.0004 
        021s  7 0.0018 0.9902 0.0018 0.0005 0.0047 0.0009 
        022s  7 0.0021 0.9912 0.0003 0.0028 0.0027 0.0009 
        023s  7 0.0078 0.9448 0.0018 0.0014 0.0258 0.0183 
        024s  7 0.0014 0.9918 0.0017 0.0006 0.0035 0.0009 
        025s  7 0.0009 0.9863 0.0009 0.0061 0.0049 0.0009 
        026s  7 0.0009 0.0191 0.0010 0.0003 0.9778 0.0009 
        027s  7 0.0008 0.4578 0.0019 0.0010 0.5381 0.0004 
        028s  7 0.0067 0.9868 0.0002 0.0010 0.0048 0.0004 
        029s  7 0.0109 0.9530 0.0009 0.0006 0.0327 0.0019 
        030s  7 0.0003 0.8810 0.0060 0.0007 0.1089 0.0029 
        031s  7 0.0023 0.9744 0.0003 0.0014 0.0092 0.0125 
        032s  7 0.1011 0.8907 0.0057 0.0002 0.0018 0.0003 
        033s  7 0.0377 0.9481 0.0038 0.0006 0.0081 0.0016 
        034s  7 0.0010 0.9532 0.0015 0.0422 0.0014 0.0006 
        035s  7 0.0004 0.9948 0.0005 0.0003 0.0031 0.0010 
        036s  7 0.0005 0.9518 0.0009 0.0031 0.0344 0.0093 
        037s  7 0.0653 0.9154 0.0006 0.0051 0.0084 0.0052 
        038s  7 0.0111 0.9834 0.0008 0.0005 0.0031 0.0010 
        039s  7 0.0004 0.7861 0.0003 0.0003 0.2125 0.0003 
        040s  7 0.0054 0.0017 0.0005 0.0174 0.9746 0.0004 
        041s  7 0.0266 0.6924 0.0019 0.0004 0.2767 0.0020 
        042s  7 0.0034 0.0382 0.0004 0.0006 0.9570 0.0003 
        043s  7 0.0013 0.9867 0.0006 0.0002 0.0082 0.0029 
        044s  7 0.0570 0.9102 0.0013 0.0133 0.0027 0.0156 
         003  8 0.0057 0.9768 0.0111 0.0014 0.0044 0.0006 
         009  8 0.0013 0.9882 0.0003 0.0005 0.0082 0.0014 
         010  8 0.0004 0.9897 0.0004 0.0002 0.0072 0.0022 
         017  8 0.0006 0.9912 0.0012 0.0006 0.0025 0.0038 
         002  9 0.0005 0.9874 0.0006 0.0007 0.0095 0.0012 
         003  9 0.0002 0.9940 0.0004 0.0003 0.0048 0.0004 
         004  9 0.0004 0.9894 0.0004 0.0002 0.0085 0.0011 
         005  9 0.0004 0.9888 0.0013 0.0010 0.0043 0.0042 
         006  9 0.0009 0.9927 0.0006 0.0006 0.0035 0.0018 
         007  9 0.0031 0.9881 0.0010 0.0003 0.0063 0.0012 
         009  9 0.0017 0.9811 0.0015 0.0002 0.0136 0.0019 
         010  9 0.0003 0.9936 0.0016 0.0003 0.0027 0.0015 
         013  9 0.0009 0.9727 0.0005 0.0006 0.0240 0.0014 
         014  9 0.0004 0.9826 0.0065 0.0002 0.0083 0.0019 
         016  9 0.0002 0.9956 0.0011 0.0002 0.0023 0.0007 
         018  9 0.0007 0.9902 0.0050 0.0009 0.0021 0.0012 
         019  9 0.0007 0.9908 0.0051 0.0009 0.0022 0.0005 
         020  9 0.0004 0.9975 0.0003 0.0003 0.0011 0.0003 
         021  9 0.0003 0.9956 0.0002 0.0002 0.0030 0.0007 
         022  9 0.0003 0.9921 0.0012 0.0005 0.0055 0.0005 
         024  9 0.0006 0.9740 0.0026 0.0004 0.0185 0.0039 
         028  9 0.0005 0.9929 0.0006 0.0007 0.0039 0.0013 
         029  9 0.0004 0.9922 0.0010 0.0003 0.0056 0.0006 
         030  9 0.0004 0.9958 0.0006 0.0004 0.0020 0.0008 
         031  9 0.0021 0.9881 0.0010 0.0004 0.0081 0.0004 
         033  9 0.0046 0.9788 0.0005 0.0004 0.0146 0.0010 
         001 10 0.0004 0.9915 0.0012 0.0004 0.0062 0.0003 
         002 10 0.0004 0.9920 0.0015 0.0002 0.0052 0.0007 
         003 10 0.0003 0.9857 0.0006 0.0006 0.0020 0.0109 
         004 10 0.0004 0.9328 0.0005 0.0003 0.0632 0.0027 
         005 10 0.0004 0.9927 0.0021 0.0004 0.0036 0.0009 
         006 10 0.0014 0.9947 0.0007 0.0004 0.0022 0.0006 
         007 10 0.0007 0.9908 0.0003 0.0003 0.0054 0.0025 
         008 10 0.0006 0.9925 0.0008 0.0004 0.0019 0.0038 
         009 10 0.0007 0.9881 0.0039 0.0012 0.0055 0.0006 
         010 10 0.0008 0.9792 0.0029 0.0005 0.0157 0.0009 
         011 10 0.0005 0.9548 0.0003 0.0010 0.0044 0.0390 
         012 10 0.0005 0.9900 0.0005 0.0011 0.0040 0.0039 
         013 10 0.0003 0.9930 0.0006 0.0022 0.0030 0.0009 
         014 10 0.0006 0.8039 0.0009 0.0007 0.1929 0.0010 
         016 10 0.0009 0.9894 0.0016 0.0008 0.0065 0.0008 
         017 10 0.0005 0.9947 0.0007 0.0007 0.0025 0.0009 
         018 10 0.0074 0.9861 0.0031 0.0005 0.0023 0.0006 
         019 10 0.0005 0.9916 0.0037 0.0003 0.0029 0.0009 
         020 10 0.0010 0.9772 0.0073 0.0008 0.0120 0.0018 
         021 10 0.0008 0.9584 0.0025 0.0003 0.0375 0.0004 
         022 10 0.0002 0.9577 0.0003 0.0005 0.0405 0.0007 
         023 10 0.0003 0.9949 0.0003 0.0008 0.0029 0.0008 
         024 10 0.0003 0.9929 0.0016 0.0002 0.0031 0.0019 
         026 10 0.0005 0.9954 0.0007 0.0005 0.0024 0.0006 
        001s 11 0.0880 0.7768 0.0014 0.0005 0.1234 0.0100 
        002s 11 0.0005 0.9787 0.0037 0.0066 0.0089 0.0017 
        003s 11 0.0050 0.9643 0.0013 0.0006 0.0284 0.0005 
        004s 11 0.0003 0.9866 0.0003 0.0018 0.0093 0.0017 
        005s 11 0.0021 0.9449 0.0065 0.0005 0.0454 0.0005 
        006s 11 0.0014 0.9582 0.0018 0.0090 0.0272 0.0023 
        007s 11 0.0071 0.8716 0.0029 0.0341 0.0835 0.0008 
        008s 11 0.0007 0.9931 0.0004 0.0003 0.0050 0.0004 
        009s 11 0.0003 0.9829 0.0134 0.0004 0.0025 0.0006 
        010s 11 0.0015 0.8825 0.0007 0.0004 0.1143 0.0007 
        011s 11 0.0963 0.0633 0.0005 0.0051 0.8279 0.0070 
        012s 11 0.1107 0.8754 0.0008 0.0004 0.0124 0.0004 
        013s 11 0.0008 0.7621 0.0002 0.0006 0.2353 0.0009 
        014s 11 0.0021 0.1116 0.0016 0.0065 0.8775 0.0007 
        015s 11 0.0022 0.9681 0.0013 0.0017 0.0225 0.0042 
        016s 11 0.0439 0.5826 0.0037 0.0004 0.3143 0.0550 
        017s 11 0.0917 0.8715 0.0006 0.0005 0.0341 0.0017 
        018s 11 0.0027 0.0418 0.0013 0.0012 0.9522 0.0008 
        019s 11 0.0009 0.9721 0.0003 0.0007 0.0073 0.0188 
        020s 11 0.0010 0.3191 0.0026 0.0006 0.6752 0.0016 
        021s 11 0.0004 0.9940 0.0005 0.0005 0.0033 0.0013 
        022s 11 0.0010 0.9554 0.0007 0.0332 0.0093 0.0004 
        023s 11 0.0274 0.1155 0.0005 0.0004 0.8335 0.0227 
        025s 11 0.0003 0.9888 0.0003 0.0004 0.0093 0.0009 
        026s 11 0.0284 0.9163 0.0010 0.0005 0.0021 0.0517 
        027s 11 0.0009 0.9914 0.0005 0.0022 0.0044 0.0005 
        028s 11 0.0070 0.9865 0.0003 0.0012 0.0042 0.0008 
        029s 11 0.0569 0.9397 0.0007 0.0005 0.0017 0.0005 
        030s 11 0.0504 0.9413 0.0009 0.0011 0.0056 0.0007 
        031s 11 0.0002 0.9929 0.0008 0.0008 0.0048 0.0004 
        032s 11 0.0008 0.9391 0.0006 0.0004 0.0556 0.0035 
        033s 11 0.0042 0.9231 0.0012 0.0005 0.0701 0.0008 
        034s 11 0.0008 0.0878 0.0004 0.0011 0.9095 0.0004 
        035s 11 0.0012 0.3977 0.0013 0.0011 0.5983 0.0004 
        036s 11 0.0164 0.9670 0.0012 0.0019 0.0132 0.0004 
        037s 11 0.0013 0.0329 0.0012 0.0004 0.9630 0.0013 
        038s 11 0.0023 0.7030 0.0006 0.0005 0.2931 0.0006 
        039s 11 0.0014 0.9888 0.0005 0.0003 0.0082 0.0009 
        040s 11 0.0733 0.9178 0.0005 0.0025 0.0053 0.0005 
        041s 11 0.0007 0.9621 0.0246 0.0009 0.0075 0.0043 
        042s 11 0.0004 0.5222 0.0007 0.0007 0.4649 0.0110 
        043s 11 0.0361 0.9369 0.0006 0.0009 0.0077 0.0179 
        044s 11 0.0004 0.9554 0.0014 0.0050 0.0328 0.0051 
        045s 11 0.0004 0.9735 0.0005 0.0023 0.0135 0.0099 
        046s 11 0.0116 0.1930 0.0007 0.0015 0.7627 0.0305 
        047s 11 0.0008 0.9924 0.0005 0.0016 0.0035 0.0013 
        048s 11 0.0042 0.9571 0.0016 0.0023 0.0028 0.0320 
        049s 11 0.0013 0.9886 0.0015 0.0003 0.0071 0.0011 
        050s 11 0.0003 0.9927 0.0003 0.0013 0.0045 0.0010 
        051s 11 0.0007 0.9156 0.0004 0.0179 0.0157 0.0498 
        052s 11 0.0017 0.1314 0.0015 0.0016 0.8615 0.0023 
        053s 11 0.0006 0.9919 0.0012 0.0004 0.0052 0.0008 
        054s 11 0.0010 0.9826 0.0005 0.0067 0.0087 0.0005 
        055s 11 0.0564 0.0666 0.0002 0.0007 0.8758 0.0003 
        001s 12 0.0016 0.9782 0.0012 0.0034 0.0147 0.0008 
        002s 12 0.0010 0.9935 0.0026 0.0004 0.0017 0.0009 
        003s 12 0.0004 0.9921 0.0008 0.0005 0.0059 0.0004 
        004s 12 0.0549 0.9295 0.0024 0.0004 0.0066 0.0063 
        005s 12 0.0005 0.3888 0.0011 0.0004 0.6086 0.0005 
        006s 12 0.0360 0.9397 0.0008 0.0021 0.0202 0.0013 
        007s 12 0.0011 0.9906 0.0029 0.0011 0.0028 0.0014 
        008s 12 0.0122 0.9822 0.0007 0.0012 0.0032 0.0006 
        009s 12 0.0241 0.9256 0.0217 0.0013 0.0218 0.0056 
        010s 12 0.0062 0.9310 0.0013 0.0324 0.0287 0.0004 
        011s 12 0.0012 0.9888 0.0009 0.0022 0.0063 0.0007 
        012s 12 0.0012 0.9859 0.0005 0.0063 0.0033 0.0030 
        013s 12 0.0010 0.9614 0.0005 0.0004 0.0031 0.0335 
        014s 12 0.0021 0.3809 0.0031 0.0404 0.5338 0.0397 
        015s 12 0.0047 0.9889 0.0017 0.0008 0.0030 0.0009 
        016s 12 0.0007 0.9912 0.0004 0.0004 0.0034 0.0038 
        017s 12 0.0039 0.9751 0.0003 0.0007 0.0190 0.0010 
        018s 12 0.0030 0.9644 0.0025 0.0003 0.0280 0.0018 
        019s 12 0.0057 0.9625 0.0031 0.0004 0.0278 0.0005 
        020s 12 0.0823 0.9073 0.0004 0.0004 0.0088 0.0009 
        021s 12 0.0032 0.9903 0.0005 0.0006 0.0032 0.0021 
        022s 12 0.0482 0.9290 0.0023 0.0007 0.0151 0.0048 
        023s 12 0.0004 0.9888 0.0010 0.0004 0.0082 0.0012 
        024s 12 0.0005 0.5246 0.0004 0.0002 0.4736 0.0006 
        025s 12 0.0034 0.9846 0.0041 0.0021 0.0048 0.0010 
        026s 12 0.0310 0.8999 0.0160 0.0005 0.0520 0.0007 
        027s 12 0.0032 0.9903 0.0003 0.0008 0.0050 0.0004 
        028s 12 0.0008 0.0245 0.0138 0.0003 0.9571 0.0034 
        029s 12 0.0003 0.7743 0.0004 0.0007 0.2232 0.0011 
        030s 12 0.0015 0.9894 0.0004 0.0011 0.0072 0.0005 
        031s 12 0.0047 0.9864 0.0008 0.0012 0.0044 0.0025 
        032s 12 0.0004 0.1331 0.0105 0.0004 0.8547 0.0008 
        033s 12 0.0013 0.9822 0.0005 0.0054 0.0102 0.0004 
        034s 12 0.0004 0.0789 0.0005 0.0004 0.9195 0.0004 
        035s 12 0.0137 0.9138 0.0005 0.0007 0.0710 0.0002 
        036s 12 0.0039 0.9403 0.0019 0.0075 0.0457 0.0006 
        037s 12 0.0013 0.9941 0.0009 0.0003 0.0028 0.0007 
        001s 13 0.0096 0.9742 0.0010 0.0006 0.0120 0.0026 
        002s 13 0.0755 0.0584 0.0003 0.0005 0.8646 0.0006 
        003s 13 0.0012 0.9929 0.0008 0.0003 0.0035 0.0013 
        004s 13 0.0007 0.9769 0.0112 0.0005 0.0079 0.0030 
        005s 13 0.0033 0.9840 0.0022 0.0052 0.0032 0.0021 
        006s 13 0.0009 0.9895 0.0011 0.0016 0.0064 0.0005 
        007s 13 0.0012 0.9627 0.0004 0.0315 0.0035 0.0008 
        008s 13 0.0597 0.9353 0.0016 0.0013 0.0016 0.0006 
        009s 13 0.1284 0.8544 0.0107 0.0026 0.0029 0.0010 
        010s 13 0.0710 0.9231 0.0016 0.0007 0.0025 0.0010 
        011s 13 0.0058 0.7642 0.0066 0.0210 0.1989 0.0036 
        012s 13 0.0545 0.9118 0.0040 0.0012 0.0121 0.0164 
        013s 13 0.0100 0.2353 0.0014 0.0131 0.7313 0.0089 
        014s 13 0.0008 0.9592 0.0012 0.0331 0.0023 0.0034 
        015s 13 0.0059 0.9458 0.0131 0.0006 0.0279 0.0067 
        016s 13 0.0005 0.9943 0.0006 0.0005 0.0030 0.0011 
        017s 13 0.0190 0.9523 0.0046 0.0116 0.0120 0.0005 
        018s 13 0.0005 0.9906 0.0006 0.0003 0.0074 0.0006 
        019s 13 0.0004 0.9762 0.0005 0.0013 0.0206 0.0009 
        020s 13 0.0011 0.0482 0.0019 0.0037 0.9448 0.0003 
        021s 13 0.0006 0.9911 0.0005 0.0004 0.0056 0.0016 
        022s 13 0.0014 0.9946 0.0003 0.0006 0.0024 0.0007 
        023s 13 0.0017 0.9776 0.0006 0.0004 0.0193 0.0004 
        024s 13 0.0223 0.9249 0.0007 0.0037 0.0076 0.0408 
        025s 13 0.0009 0.9933 0.0009 0.0006 0.0024 0.0019 
        026s 13 0.0924 0.8821 0.0004 0.0078 0.0088 0.0085 
        027s 13 0.0500 0.9382 0.0041 0.0012 0.0051 0.0014 
        028s 13 0.0078 0.5279 0.0065 0.0068 0.4482 0.0028 
        029s 13 0.0088 0.0841 0.0006 0.0014 0.9036 0.0015 
        030s 13 0.0601 0.2851 0.0005 0.0003 0.6270 0.0270 
        031s 13 0.0038 0.8870 0.0018 0.0010 0.0059 0.1006 
        032s 13 0.0006 0.9903 0.0005 0.0027 0.0056 0.0003 
        033s 13 0.0050 0.9481 0.0009 0.0350 0.0104 0.0007 
        034s 13 0.0212 0.0161 0.0022 0.0052 0.9543 0.0010 
        035s 13 0.0008 0.7891 0.0014 0.0006 0.2055 0.0025 
        036s 13 0.0019 0.8617 0.0005 0.0004 0.1352 0.0004 
        037s 13 0.0005 0.9910 0.0005 0.0004 0.0056 0.0020 
        038s 13 0.0004 0.4679 0.0010 0.0016 0.5282 0.0009 
        039s 13 0.1027 0.8181 0.0007 0.0006 0.0044 0.0735 
        040s 13 0.0012 0.9924 0.0004 0.0010 0.0039 0.0011 
        041s 13 0.0588 0.9308 0.0005 0.0022 0.0057 0.0020 
        042s 13 0.0004 0.0215 0.0006 0.0009 0.9758 0.0007 
        001s 14 0.0161 0.1725 0.0025 0.0007 0.8075 0.0007 
        002s 14 0.0649 0.9181 0.0054 0.0018 0.0085 0.0012 
        003s 14 0.0004 0.0073 0.0004 0.0005 0.9907 0.0008 
        004s 14 0.0088 0.9736 0.0009 0.0071 0.0062 0.0033 
        005s 14 0.0004 0.8509 0.0007 0.0002 0.1475 0.0004 
        006s 14 0.0005 0.9736 0.0004 0.0005 0.0245 0.0004 
        007s 14 0.0006 0.9839 0.0004 0.0008 0.0128 0.0014 
        008s 14 0.0824 0.0148 0.0175 0.0018 0.8810 0.0025 
        009s 14 0.0026 0.9687 0.0062 0.0008 0.0206 0.0010 
        010s 14 0.0433 0.5287 0.0185 0.0005 0.4078 0.0011 
        011s 14 0.0053 0.5664 0.0005 0.0310 0.3960 0.0008 
        012s 14 0.0004 0.0428 0.0016 0.0013 0.9524 0.0015 
        013s 14 0.0011 0.8841 0.0005 0.0028 0.1068 0.0046 
        014s 14 0.0392 0.9427 0.0074 0.0006 0.0096 0.0005 
        015s 14 0.0010 0.9653 0.0074 0.0006 0.0229 0.0028 
        016s 14 0.0019 0.9816 0.0006 0.0002 0.0023 0.0133 
        017s 14 0.0550 0.9215 0.0010 0.0123 0.0096 0.0005 
        018s 14 0.0009 0.9912 0.0011 0.0004 0.0052 0.0012 
        019s 14 0.0013 0.9880 0.0004 0.0019 0.0076 0.0007 
        020s 14 0.0005 0.1465 0.0068 0.0003 0.8446 0.0012 
        021s 14 0.0073 0.9797 0.0084 0.0003 0.0037 0.0006 
        022s 14 0.0056 0.9699 0.0021 0.0023 0.0186 0.0015 
        023s 14 0.0042 0.9774 0.0025 0.0011 0.0116 0.0032 
        024s 14 0.0565 0.6904 0.0018 0.0016 0.2482 0.0015 
        025s 14 0.0645 0.8552 0.0005 0.0003 0.0794 0.0002 
        026s 14 0.0007 0.9907 0.0020 0.0002 0.0053 0.0010 
        027s 14 0.0028 0.9437 0.0004 0.0007 0.0499 0.0024 
        028s 14 0.0007 0.9673 0.0018 0.0017 0.0277 0.0007 
        029s 14 0.0004 0.9899 0.0005 0.0002 0.0081 0.0008 
        030s 14 0.0008 0.9093 0.0005 0.0113 0.0776 0.0004 
        031s 14 0.0005 0.7395 0.0008 0.0149 0.2425 0.0018 
        032s 14 0.0010 0.6623 0.0004 0.0008 0.3328 0.0026 
        033s 14 0.0007 0.5683 0.0005 0.0516 0.3782 0.0006 
        034s 14 0.0003 0.9949 0.0006 0.0004 0.0031 0.0008 
        035s 14 0.0785 0.7867 0.0003 0.0819 0.0516 0.0011 
        036s 14 0.0615 0.0434 0.0020 0.0368 0.8516 0.0047 
        037s 14 0.0013 0.9680 0.0008 0.0003 0.0268 0.0029 
        038s 14 0.0008 0.9803 0.0008 0.0008 0.0169 0.0004 
        039s 14 0.0029 0.9736 0.0036 0.0017 0.0134 0.0048 
        040s 14 0.0130 0.9682 0.0004 0.0006 0.0170 0.0007 
        041s 14 0.0008 0.6241 0.0005 0.0010 0.3725 0.0011 
        042s 14 0.0768 0.9081 0.0013 0.0003 0.0122 0.0013 
        001s 15 0.0006 0.4776 0.0008 0.0004 0.5192 0.0014 
        002s 15 0.0932 0.8316 0.0092 0.0030 0.0495 0.0135 
        003s 15 0.0116 0.9770 0.0011 0.0005 0.0035 0.0064 
        004s 15 0.0005 0.9875 0.0092 0.0005 0.0021 0.0002 
        005s 15 0.0137 0.9729 0.0011 0.0027 0.0032 0.0065 
        006s 15 0.0181 0.9684 0.0006 0.0010 0.0109 0.0010 
        007s 15 0.0004 0.9826 0.0009 0.0004 0.0153 0.0004 
        008s 15 0.0005 0.9835 0.0006 0.0004 0.0144 0.0005 
        009s 15 0.0333 0.9090 0.0006 0.0027 0.0186 0.0358 
        010s 15 0.0003 0.0743 0.0003 0.0004 0.9232 0.0015 
        011s 15 0.0007 0.9304 0.0004 0.0631 0.0046 0.0007 
        012s 15 0.0028 0.9890 0.0012 0.0014 0.0037 0.0019 
        013s 15 0.0006 0.0405 0.0044 0.0004 0.9532 0.0008 
        014s 15 0.0021 0.9820 0.0044 0.0009 0.0057 0.0049 
        015s 15 0.0772 0.9138 0.0010 0.0035 0.0012 0.0034 
        016s 15 0.0038 0.0639 0.0222 0.0630 0.8469 0.0002 
        017s 15 0.0018 0.9703 0.0163 0.0004 0.0091 0.0022 
        018s 15 0.0026 0.4476 0.0019 0.0002 0.5473 0.0005 
        019s 15 0.0041 0.4009 0.0008 0.0006 0.5888 0.0048 
        020s 15 0.0004 0.4916 0.0004 0.0007 0.5065 0.0003 
        021s 15 0.0794 0.8635 0.0018 0.0007 0.0519 0.0028 
        022s 15 0.0007 0.9790 0.0008 0.0017 0.0172 0.0005 
        023s 15 0.0289 0.9628 0.0005 0.0029 0.0039 0.0010 
        024s 15 0.0014 0.9934 0.0005 0.0017 0.0024 0.0007 
        025s 15 0.0062 0.9247 0.0014 0.0013 0.0382 0.0283 
        026s 15 0.0013 0.9493 0.0038 0.0007 0.0191 0.0258 
        027s 15 0.0028 0.9404 0.0113 0.0089 0.0360 0.0005 
        028s 15 0.0005 0.9880 0.0020 0.0012 0.0070 0.0012 
        029s 15 0.0006 0.9910 0.0017 0.0010 0.0043 0.0015 
        030s 15 0.0005 0.9919 0.0016 0.0004 0.0050 0.0005 
        031s 15 0.0679 0.9032 0.0024 0.0011 0.0192 0.0061 
        032s 15 0.0005 0.9957 0.0008 0.0002 0.0012 0.0016 
        033s 15 0.0303 0.0124 0.0011 0.0011 0.9549 0.0003 
        035s 15 0.0019 0.9898 0.0022 0.0026 0.0027 0.0007 
        036s 15 0.0008 0.5665 0.0003 0.0008 0.4252 0.0064 
        037s 15 0.0011 0.9794 0.0006 0.0072 0.0108 0.0009 
        038s 15 0.0039 0.9910 0.0009 0.0009 0.0029 0.0004 
        039s 15 0.0703 0.4228 0.0004 0.0005 0.5058 0.0003 
        040s 15 0.0037 0.9691 0.0028 0.0019 0.0217 0.0008 
        041s 15 0.0685 0.9104 0.0006 0.0052 0.0119 0.0034 
        042s 15 0.0046 0.9848 0.0029 0.0004 0.0063 0.0010 
        043s 15 0.0052 0.5020 0.0004 0.0012 0.4891 0.0020 
        044s 15 0.0054 0.9889 0.0010 0.0008 0.0032 0.0007 
        045s 15 0.0045 0.8855 0.0015 0.0318 0.0012 0.0757 
        046s 15 0.0208 0.9493 0.0005 0.0059 0.0223 0.0013 
        047s 15 0.0337 0.9598 0.0006 0.0018 0.0034 0.0007 
        048s 15 0.0006 0.6242 0.0010 0.0005 0.3536 0.0202 
        049s 15 0.0148 0.9590 0.0005 0.0010 0.0242 0.0005 
        050s 15 0.1326 0.8451 0.0091 0.0007 0.0106 0.0019 
         001 16 0.1612 0.0756 0.0039 0.0109 0.7477 0.0006 
         002 16 0.0490 0.9463 0.0002 0.0013 0.0028 0.0004 
         003 16 0.0039 0.9835 0.0023 0.0050 0.0035 0.0018 
         004 16 0.0008 0.9926 0.0007 0.0008 0.0039 0.0012 
         005 16 0.0535 0.8905 0.0023 0.0060 0.0131 0.0346 
         006 16 0.0131 0.9702 0.0010 0.0015 0.0021 0.0121 
         007 16 0.0060 0.9686 0.0008 0.0008 0.0225 0.0013 
         008 16 0.1396 0.6748 0.0011 0.0032 0.1808 0.0004 
         009 16 0.0021 0.3383 0.0016 0.0004 0.6572 0.0004 
         010 16 0.0257 0.8257 0.0006 0.0004 0.1465 0.0010 
         011 16 0.0033 0.0504 0.0006 0.0014 0.9426 0.0017 
         012 16 0.0006 0.9613 0.0010 0.0026 0.0336 0.0009 
         013 16 0.0006 0.9923 0.0005 0.0010 0.0050 0.0006 
         014 16 0.0391 0.9551 0.0009 0.0007 0.0039 0.0003 
         015 16 0.0004 0.6250 0.0019 0.0018 0.0026 0.3684 
         016 16 0.0019 0.9797 0.0044 0.0003 0.0030 0.0107 
         017 16 0.0038 0.3002 0.0005 0.0067 0.6876 0.0011 
         018 16 0.0347 0.9305 0.0054 0.0038 0.0018 0.0238 
         019 16 0.0446 0.0381 0.0010 0.0050 0.9106 0.0005 
         020 16 0.0002 0.9904 0.0008 0.0006 0.0073 0.0007 
         021 16 0.0969 0.8562 0.0030 0.0320 0.0114 0.0005 
         022 16 0.0368 0.9590 0.0011 0.0003 0.0017 0.0012 
         023 16 0.0099 0.0301 0.0005 0.0006 0.9501 0.0089 
         024 16 0.0082 0.4373 0.0009 0.0003 0.5294 0.0240 
         025 16 0.0261 0.1099 0.0016 0.0194 0.8390 0.0040 
         026 16 0.1080 0.8853 0.0003 0.0009 0.0018 0.0036 
         027 16 0.0131 0.9670 0.0089 0.0004 0.0087 0.0019 
         028 16 0.1471 0.8001 0.0206 0.0257 0.0063 0.0003 
         029 16 0.0021 0.9606 0.0012 0.0330 0.0021 0.0010 
         030 16 0.0006 0.4224 0.0005 0.0059 0.5702 0.0003 
         031 16 0.0012 0.9787 0.0149 0.0009 0.0036 0.0007 
         032 16 0.0890 0.8992 0.0012 0.0014 0.0035 0.0058 
         033 16 0.0005 0.9904 0.0003 0.0008 0.0077 0.0003 
         034 16 0.0014 0.4040 0.0003 0.0016 0.5912 0.0015 
         035 16 0.0002 0.9950 0.0006 0.0006 0.0033 0.0002 
         036 16 0.0004 0.8733 0.0021 0.0004 0.1217 0.0021 
         037 16 0.0166 0.5287 0.0007 0.0105 0.4401 0.0033 
         038 16 0.0027 0.9280 0.0016 0.0011 0.0595 0.0071 
         039 16 0.0014 0.5477 0.0013 0.0004 0.4487 0.0005 
         040 16 0.0008 0.9832 0.0005 0.0018 0.0122 0.0016 
         041 16 0.0007 0.9923 0.0003 0.0006 0.0048 0.0012 
         042 16 0.0010 0.8819 0.0023 0.0008 0.1135 0.0005 
         043 16 0.0011 0.9815 0.0012 0.0006 0.0148 0.0009 
         044 16 0.0033 0.2374 0.0017 0.0010 0.7550 0.0016 
         045 16 0.0022 0.9787 0.0026 0.0067 0.0096 0.0002 
         047 16 0.0029 0.9303 0.0071 0.0404 0.0186 0.0007 
         048 16 0.0014 0.9892 0.0006 0.0040 0.0043 0.0004 
         049 16 0.0004 0.8589 0.0005 0.0030 0.1329 0.0042 
         050 16 0.0005 0.9889 0.0005 0.0008 0.0091 0.0004 
         051 16 0.0009 0.9764 0.0016 0.0014 0.0193 0.0003 
         052 16 0.0002 0.9703 0.0003 0.0005 0.0278 0.0009 
         053 16 0.0003 0.9759 0.0009 0.0007 0.0215 0.0008 
         054 16 0.0605 0.4761 0.0012 0.0005 0.4609 0.0008 
         055 16 0.0075 0.8845 0.0005 0.0541 0.0532 0.0003 
         056 16 0.0017 0.9814 0.0007 0.0003 0.0063 0.0095 
         057 16 0.0768 0.0250 0.0006 0.0003 0.8972 0.0002 
         058 16 0.0901 0.5731 0.0002 0.0068 0.3146 0.0153 
         059 16 0.0878 0.7415 0.0054 0.0117 0.0673 0.0864 
         060 16 0.0028 0.7852 0.0012 0.0004 0.1994 0.0110 
         061 16 0.0015 0.4777 0.0010 0.0006 0.5173 0.0018 
         062 16 0.0008 0.9774 0.0010 0.0083 0.0120 0.0005 
         063 16 0.0034 0.9792 0.0004 0.0006 0.0157 0.0007 
         064 16 0.0004 0.9822 0.0005 0.0006 0.0138 0.0025 
         065 16 0.0010 0.6128 0.0016 0.0035 0.3776 0.0034 
         066 16 0.0003 0.9919 0.0014 0.0003 0.0055 0.0005 
         067 16 0.0008 0.8950 0.0010 0.0034 0.0234 0.0764 
         068 16 0.0055 0.9540 0.0009 0.0018 0.0084 0.0293 
         069 16 0.0009 0.9866 0.0049 0.0006 0.0065 0.0005 
         070 16 0.0055 0.8745 0.0032 0.0007 0.1156 0.0005 
         071 16 0.0771 0.9080 0.0006 0.0102 0.0036 0.0004 
         072 16 0.0074 0.9789 0.0009 0.0011 0.0105 0.0012 
         073 16 0.0007 0.8492 0.0008 0.0037 0.1452 0.0004 
         074 16 0.0003 0.9937 0.0007 0.0009 0.0041 0.0003 
         075 16 0.0273 0.9372 0.0007 0.0053 0.0286 0.0008 
         076 16 0.0008 0.9928 0.0007 0.0009 0.0044 0.0004 
         077 16 0.0187 0.8914 0.0270 0.0061 0.0008 0.0561 
         078 16 0.0027 0.0009 0.0005 0.0003 0.9941 0.0014 
         079 16 0.0897 0.9030 0.0013 0.0026 0.0027 0.0008 
         080 16 0.0028 0.3677 0.0005 0.0002 0.6278 0.0011 
         081 16 0.0022 0.0041 0.0015 0.0316 0.9602 0.0004 
         082 16 0.0151 0.8956 0.0004 0.0133 0.0753 0.0003 
         083 16 0.0006 0.9933 0.0006 0.0011 0.0026 0.0018 
         084 16 0.0014 0.8468 0.0027 0.0015 0.1462 0.0014 
         085 16 0.0014 0.9720 0.0024 0.0007 0.0144 0.0092 
         086 16 0.1078 0.8782 0.0006 0.0041 0.0090 0.0005 
         087 16 0.0084 0.1399 0.0015 0.0032 0.8466 0.0003 
         088 16 0.0006 0.2203 0.0007 0.0003 0.7752 0.0029 
         089 16 0.0012 0.9743 0.0007 0.0088 0.0139 0.0011 
         090 16 0.0070 0.9841 0.0014 0.0007 0.0063 0.0005 
         091 16 0.0009 0.9595 0.0007 0.0014 0.0366 0.0008 
         092 16 0.0252 0.0576 0.0005 0.0008 0.9151 0.0008 
         093 16 0.0016 0.9657 0.0023 0.0004 0.0295 0.0005 
         094 16 0.0064 0.9393 0.0056 0.0012 0.0041 0.0434 
         095 16 0.0004 0.9502 0.0013 0.0002 0.0474 0.0005 
         096 16 0.0013 0.9636 0.0004 0.0257 0.0062 0.0028 
         097 16 0.0069 0.8821 0.0012 0.0847 0.0165 0.0086 
         098 16 0.0011 0.9771 0.0079 0.0006 0.0097 0.0037 
         099 16 0.0007 0.9898 0.0010 0.0004 0.0039 0.0041 
         100 16 0.0008 0.9803 0.0008 0.0004 0.0161 0.0017 
         101 16 0.0123 0.0133 0.0005 0.0005 0.9703 0.0031 
         102 16 0.0006 0.0534 0.0006 0.0016 0.9421 0.0019 
         103 16 0.0015 0.9846 0.0031 0.0021 0.0065 0.0023 
         104 16 0.0036 0.9887 0.0005 0.0005 0.0030 0.0038 
         105 16 0.0804 0.8852 0.0051 0.0211 0.0038 0.0044 
         106 16 0.0015 0.5795 0.0004 0.0003 0.4153 0.0030 
         107 16 0.0158 0.8128 0.0492 0.0005 0.1141 0.0076 
         108 16 0.1225 0.6445 0.0662 0.0009 0.0033 0.1626 
         109 16 0.0165 0.8982 0.0005 0.0032 0.0810 0.0006 
         110 16 0.0004 0.9725 0.0004 0.0006 0.0248 0.0013 
         111 16 0.0588 0.6618 0.0008 0.0005 0.2768 0.0014 
         112 16 0.0520 0.9371 0.0007 0.0006 0.0086 0.0011 
         113 16 0.0550 0.9369 0.0006 0.0050 0.0013 0.0013 
         114 16 0.0171 0.9360 0.0048 0.0004 0.0400 0.0016 
         115 16 0.0004 0.9955 0.0004 0.0010 0.0020 0.0007 
         116 16 0.0068 0.1316 0.0005 0.0010 0.8593 0.0009 
         117 16 0.0080 0.9730 0.0057 0.0034 0.0091 0.0008 
         118 16 0.0051 0.9787 0.0010 0.0003 0.0052 0.0097 
         119 16 0.0014 0.6258 0.0016 0.0008 0.3694 0.0011 
         120 16 0.0003 0.9696 0.0010 0.0199 0.0088 0.0005 
         121 16 0.0005 0.7489 0.0003 0.0086 0.2041 0.0375 
         122 16 0.0003 0.9400 0.0003 0.0007 0.0583 0.0004 
         123 16 0.0030 0.5186 0.0023 0.0012 0.4744 0.0004 
         124 16 0.0123 0.9775 0.0003 0.0007 0.0080 0.0013 
         126 16 0.1639 0.8239 0.0026 0.0009 0.0066 0.0021 
         001 17 0.0010 0.9741 0.0113 0.0016 0.0113 0.0007 
         002 17 0.0041 0.9272 0.0005 0.0005 0.0672 0.0004 
         003 17 0.0008 0.9945 0.0009 0.0007 0.0026 0.0004 
         005 17 0.0004 0.9736 0.0212 0.0008 0.0037 0.0004 
         006 17 0.0020 0.9416 0.0014 0.0500 0.0045 0.0004 
         007 17 0.1025 0.0061 0.0054 0.0174 0.8475 0.0211 
         008 17 0.1083 0.8744 0.0006 0.0141 0.0021 0.0006 
         009 17 0.0002 0.9961 0.0005 0.0004 0.0025 0.0004 
         010 17 0.0006 0.9519 0.0009 0.0009 0.0445 0.0012 
         011 17 0.1377 0.4762 0.0017 0.0012 0.0056 0.3775 
         012 17 0.0046 0.9867 0.0007 0.0004 0.0061 0.0014 
         013 17 0.0003 0.9969 0.0007 0.0002 0.0016 0.0003 
         014 17 0.0004 0.1585 0.0014 0.0004 0.8389 0.0005 
         015 17 0.0010 0.2452 0.0010 0.0038 0.7486 0.0004 
         016 17 0.0007 0.9893 0.0004 0.0009 0.0083 0.0004 
         017 17 0.0012 0.9919 0.0008 0.0021 0.0028 0.0011 
         018 17 0.0318 0.9068 0.0224 0.0015 0.0370 0.0005 
         019 17 0.0007 0.5310 0.0007 0.0002 0.4669 0.0006 
         020 17 0.0010 0.9919 0.0004 0.0011 0.0048 0.0008 
         021 17 0.0003 0.9946 0.0006 0.0008 0.0027 0.0011 
         022 17 0.0363 0.9319 0.0159 0.0065 0.0084 0.0009 
         023 17 0.0118 0.9372 0.0025 0.0004 0.0474 0.0007 
         024 17 0.0205 0.9247 0.0014 0.0384 0.0115 0.0034 
         025 17 0.0004 0.9634 0.0004 0.0006 0.0349 0.0003 
         002 18 0.0002 0.9770 0.0057 0.0009 0.0144 0.0017 
         003 18 0.0003 0.9950 0.0004 0.0003 0.0029 0.0011 
         004 18 0.0601 0.9282 0.0030 0.0006 0.0071 0.0009 
         005 18 0.0040 0.4171 0.0006 0.0006 0.5433 0.0344 
