        001s  1 0.0002 0.0006 0.0007 0.0060 0.0014 0.3275 0.0033 0.0082 0.6520 
        002s  1 0.0035 0.0009 0.0008 0.0086 0.0006 0.8164 0.0159 0.0030 0.1502 
        003s  1 0.0008 0.0019 0.0033 0.0006 0.0171 0.8296 0.0047 0.1393 0.0027 
        004s  1 0.0317 0.0046 0.0048 0.0013 0.0005 0.4905 0.0021 0.0451 0.4195 
        005s  1 0.1178 0.0010 0.1213 0.1377 0.0006 0.4627 0.0189 0.1317 0.0083 
        006s  1 0.0021 0.0005 0.0005 0.0016 0.0004 0.0106 0.0067 0.0808 0.8966 
        007s  1 0.0006 0.0045 0.0024 0.0009 0.0006 0.0275 0.0110 0.0342 0.9183 
        008s  1 0.0009 0.0012 0.0026 0.0237 0.0014 0.6809 0.0471 0.1231 0.1192 
        009s  1 0.0010 0.0086 0.0252 0.0205 0.0043 0.3220 0.0036 0.0862 0.5286 
        010s  1 0.0014 0.0004 0.0106 0.0020 0.0007 0.0079 0.0096 0.0047 0.9627 
        011s  1 0.0022 0.0031 0.0012 0.0321 0.0042 0.0056 0.0039 0.1133 0.8344 
        012s  1 0.0070 0.0011 0.1052 0.0045 0.0043 0.0408 0.0016 0.2245 0.6111 
        013s  1 0.0080 0.0089 0.0009 0.0126 0.0016 0.0446 0.0027 0.0333 0.8873 
        014s  1 0.0012 0.0045 0.0072 0.0027 0.0130 0.0067 0.0028 0.1442 0.8178 
        015s  1 0.0005 0.0005 0.0006 0.0111 0.0010 0.0078 0.0053 0.0070 0.9661 
        016s  1 0.0010 0.0063 0.0044 0.0010 0.0009 0.0461 0.0149 0.1392 0.7862 
        018s  1 0.0008 0.0011 0.1043 0.0016 0.0011 0.0912 0.4496 0.3180 0.0323 
        019s  1 0.0006 0.0012 0.0135 0.0007 0.0052 0.1177 0.0110 0.0483 0.8018 
        020s  1 0.0003 0.0116 0.0013 0.0012 0.0067 0.0099 0.0084 0.0023 0.9583 
        021s  1 0.0100 0.0063 0.0003 0.0012 0.0008 0.0396 0.0041 0.0029 0.9346 
        022s  1 0.0004 0.0013 0.0003 0.0005 0.0006 0.9626 0.0060 0.0041 0.0242 
        023s  1 0.0006 0.0121 0.0004 0.0090 0.0013 0.1459 0.1069 0.0219 0.7019 
        024s  1 0.0016 0.0008 0.0012 0.0031 0.0006 0.0063 0.0197 0.0243 0.9424 
        025s  1 0.0020 0.0009 0.0092 0.0457 0.0005 0.0077 0.3996 0.0162 0.5182 
        026s  1 0.0005 0.0110 0.0011 0.0080 0.0057 0.0105 0.0289 0.0088 0.9253 
        027s  1 0.0145 0.0025 0.0019 0.0627 0.0007 0.0534 0.5681 0.1082 0.1881 
        028s  1 0.0417 0.0013 0.0213 0.0534 0.0019 0.0115 0.0015 0.1382 0.7293 
        029s  1 0.0010 0.0007 0.0010 0.0004 0.0069 0.0081 0.0057 0.0845 0.8917 
        030s  1 0.0055 0.0010 0.0015 0.0399 0.0080 0.0027 0.2572 0.0065 0.6777 
        031s  1 0.0004 0.0011 0.0004 0.0044 0.0003 0.0552 0.0032 0.0066 0.9284 
        032s  1 0.0008 0.0009 0.0007 0.0024 0.0011 0.0066 0.0081 0.0236 0.9557 
        033s  1 0.0008 0.0013 0.0016 0.0087 0.0012 0.0139 0.0027 0.1368 0.8330 
        034s  1 0.0023 0.0590 0.0009 0.0120 0.0040 0.6175 0.0248 0.0493 0.2302 
        035s  1 0.0019 0.0012 0.0017 0.0092 0.0021 0.0027 0.0026 0.0363 0.9423 
        036s  1 0.0014 0.0011 0.0957 0.0010 0.0004 0.4199 0.0029 0.0015 0.4761 
        037s  1 0.0059 0.0425 0.0940 0.0312 0.0012 0.3198 0.1047 0.2037 0.1971 
        038s  1 0.0008 0.0009 0.0018 0.0202 0.0006 0.0114 0.0110 0.0019 0.9513 
        039s  1 0.0032 0.0003 0.0004 0.0471 0.0008 0.0171 0.0255 0.0028 0.9029 
        040s  1 0.0049 0.0032 0.0009 0.0038 0.0011 0.0908 0.0052 0.0183 0.8718 
        041s  1 0.0003 0.0044 0.0037 0.0013 0.0007 0.0091 0.0365 0.0927 0.8514 
        042s  1 0.0004 0.0783 0.0737 0.0009 0.0012 0.0439 0.0134 0.0856 0.7025 
        043s  1 0.0004 0.0008 0.0024 0.0484 0.0012 0.8437 0.0156 0.0663 0.0211 
        044s  1 0.0100 0.0088 0.0644 0.0440 0.0023 0.1595 0.0155 0.0292 0.6662 
        045s  1 0.0023 0.0007 0.0102 0.0008 0.0010 0.0018 0.0151 0.0041 0.9639 
        046s  1 0.0005 0.0007 0.0024 0.0007 0.0022 0.0122 0.0041 0.1016 0.8757 
        047s  1 0.0003 0.0047 0.0014 0.0022 0.0009 0.0040 0.0088 0.0212 0.9566 
        048s  1 0.0002 0.0008 0.0421 0.0064 0.0006 0.4987 0.0030 0.0006 0.4477 
        049s  1 0.0019 0.0005 0.0009 0.0040 0.0010 0.9612 0.0054 0.0037 0.0214 
        050s  1 0.0033 0.0009 0.0891 0.0016 0.0004 0.1780 0.0044 0.0342 0.6881 
        051s  1 0.0008 0.0009 0.0004 0.0010 0.0222 0.0065 0.0024 0.0708 0.8952 
        052s  1 0.0026 0.0013 0.0086 0.0073 0.0152 0.0440 0.3518 0.1185 0.4506 
        053s  1 0.0004 0.0006 0.0014 0.0045 0.0004 0.0051 0.0031 0.0677 0.9168 
        054s  1 0.0047 0.0014 0.0002 0.0016 0.0029 0.0062 0.0042 0.0242 0.9545 
        055s  1 0.0009 0.0695 0.0439 0.0209 0.0021 0.0010 0.0008 0.1553 0.7057 
          01  2 0.0014 0.0016 0.1045 0.0042 0.0220 0.0132 0.0009 0.1352 0.7172 
          02  2 0.0012 0.0006 0.0073 0.0234 0.0009 0.0069 0.0658 0.0031 0.8909 
          03  2 0.0010 0.0020 0.0019 0.0189 0.0004 0.0072 0.0142 0.0138 0.9406 
          04  2 0.0130 0.0142 0.0014 0.0651 0.0010 0.0779 0.5026 0.0457 0.2792 
          05  2 0.0003 0.0006 0.0881 0.0317 0.0004 0.7827 0.0492 0.0446 0.0024 
          06  2 0.0022 0.0010 0.0193 0.0291 0.0006 0.0196 0.0328 0.0029 0.8924 
          07  2 0.0024 0.0005 0.0044 0.0046 0.0012 0.1768 0.0044 0.0128 0.7929 
          08  2 0.0003 0.0008 0.0762 0.0236 0.0012 0.7360 0.0572 0.0040 0.1007 
          09  2 0.0007 0.0004 0.0008 0.0016 0.0071 0.0647 0.0096 0.0138 0.9014 
          10  2 0.0008 0.0004 0.0026 0.0151 0.0009 0.0129 0.0854 0.0240 0.8580 
          11  2 0.0008 0.0026 0.0261 0.0126 0.0081 0.0161 0.0112 0.0013 0.9213 
          12  2 0.0009 0.0004 0.0007 0.0021 0.0018 0.0282 0.0709 0.0456 0.8495 
          13  2 0.0003 0.0007 0.0004 0.0029 0.0011 0.2130 0.0057 0.0357 0.7401 
          14  2 0.0092 0.0157 0.0003 0.0173 0.0040 0.3568 0.0041 0.0560 0.5365 
          15  2 0.0005 0.0016 0.0006 0.0021 0.0014 0.3071 0.0137 0.0246 0.6484 
          16  2 0.0525 0.0051 0.0009 0.0008 0.0056 0.0015 0.0027 0.2062 0.7246 
          17  2 0.0008 0.0017 0.0029 0.0300 0.0016 0.1462 0.3499 0.0879 0.3789 
          18  2 0.0016 0.0008 0.0068 0.0093 0.0013 0.0029 0.0049 0.1160 0.8562 
          19  2 0.0005 0.0046 0.0011 0.0031 0.0027 0.0088 0.0086 0.0025 0.9682 
          20  2 0.0074 0.0030 0.0458 0.0008 0.0017 0.0037 0.0164 0.2279 0.6933 
          21  2 0.0006 0.0007 0.0017 0.0111 0.0158 0.0068 0.0085 0.0256 0.9292 
          22  2 0.0051 0.0061 0.0019 0.0407 0.0072 0.0027 0.0170 0.0297 0.8895 
          23  2 0.0021 0.0020 0.0012 0.0021 0.0012 0.0034 0.0387 0.0042 0.9450 
          24  2 0.0007 0.0011 0.0006 0.0043 0.0013 0.0036 0.0190 0.0115 0.9580 
          25  2 0.0269 0.0011 0.0062 0.0027 0.0018 0.1508 0.0023 0.0053 0.8028 
          26  2 0.0003 0.0003 0.0005 0.0005 0.0011 0.9948 0.0007 0.0006 0.0010 
          27  2 0.0254 0.0039 0.0008 0.0015 0.0011 0.0539 0.0051 0.0167 0.8917 
          28  2 0.0002 0.0068 0.0012 0.0041 0.0010 0.0608 0.0261 0.0023 0.8975 
          29  2 0.0014 0.0004 0.0010 0.0009 0.0012 0.0082 0.0056 0.0129 0.9684 
          30  2 0.0005 0.0795 0.1365 0.0046 0.0122 0.0766 0.2254 0.2311 0.2337 
          01  3 0.0204 0.0137 0.1559 0.3946 0.0004 0.0110 0.0097 0.2223 0.1719 
          02  3 0.2718 0.0089 0.1355 0.2213 0.0723 0.0017 0.0125 0.2665 0.0094 
          03  3 0.1704 0.0031 0.1155 0.0370 0.0009 0.0020 0.0032 0.6317 0.0362 
          04  3 0.1698 0.0027 0.2237 0.2243 0.0015 0.0081 0.0325 0.3225 0.0149 
          05  3 0.2475 0.1067 0.1367 0.1598 0.1060 0.0003 0.0005 0.2422 0.0003 
          06  3 0.2768 0.0007 0.1371 0.2192 0.0002 0.0003 0.0010 0.3644 0.0004 
          07  3 0.1282 0.0003 0.1690 0.0321 0.0022 0.0032 0.0032 0.5915 0.0703 
          08  3 0.1992 0.0055 0.2006 0.1550 0.0074 0.0103 0.1512 0.2664 0.0043 
          09  3 0.1411 0.0014 0.2364 0.0249 0.0002 0.0042 0.0081 0.5499 0.0337 
          10  3 0.2592 0.1128 0.0337 0.1582 0.2091 0.0052 0.0047 0.2110 0.0062 
          11  3 0.1526 0.0003 0.1716 0.0547 0.0003 0.0006 0.0006 0.6127 0.0067 
          12  3 0.1588 0.0002 0.1787 0.0476 0.0005 0.0005 0.0007 0.5935 0.0196 
          13  3 0.2933 0.0002 0.1395 0.2441 0.0070 0.0005 0.0007 0.3136 0.0012 
          14  3 0.2877 0.1415 0.0893 0.1729 0.0318 0.0007 0.0032 0.2719 0.0009 
          15  3 0.1289 0.0010 0.1814 0.1292 0.0003 0.0224 0.0057 0.4431 0.0880 
          16  3 0.3085 0.0042 0.0441 0.3649 0.0039 0.0053 0.0095 0.2497 0.0100 
          17  3 0.0855 0.0010 0.2838 0.1177 0.0012 0.0082 0.1710 0.2431 0.0885 
          18  3 0.2166 0.2715 0.0485 0.1358 0.1588 0.0029 0.0025 0.1604 0.0031 
          19  3 0.2519 0.0059 0.1019 0.3039 0.0006 0.0094 0.0459 0.2643 0.0163 
          20  3 0.1416 0.0582 0.2136 0.2478 0.0003 0.0186 0.0400 0.2673 0.0127 
          21  3 0.1616 0.0078 0.1263 0.3429 0.0012 0.0499 0.0945 0.2023 0.0135 
          22  3 0.0826 0.0018 0.2284 0.0766 0.0003 0.0262 0.0113 0.5716 0.0012 
          23  3 0.1679 0.0027 0.1886 0.2759 0.0005 0.0113 0.1319 0.2194 0.0017 
          24  3 0.1351 0.0012 0.2860 0.1801 0.1621 0.0010 0.0023 0.2315 0.0005 
          25  3 0.1239 0.1259 0.0849 0.2399 0.2430 0.0004 0.0003 0.1814 0.0004 
          26  3 0.1788 0.0005 0.2149 0.0833 0.0004 0.0012 0.0024 0.5169 0.0016 
          27  3 0.1824 0.1748 0.0475 0.2393 0.1309 0.0129 0.0014 0.2055 0.0053 
          28  3 0.2219 0.0003 0.1653 0.3204 0.0022 0.0184 0.0039 0.2647 0.0030 
          29  3 0.2064 0.0169 0.1804 0.2928 0.0052 0.0025 0.0236 0.2172 0.0550 
          30  3 0.0776 0.0005 0.2097 0.2434 0.0008 0.1908 0.0027 0.2715 0.0030 
         001  4 0.0001 0.0001 0.9993 0.0001 0.0001 0.0001 0.0001 0.0001 0.0001 
         002  4 0.0007 0.0001 0.9859 0.0012 0.0003 0.0002 0.0002 0.0111 0.0003 
         003  4 0.0001 0.0001 0.9992 0.0001 0.0001 0.0001 0.0001 0.0001 0.0001 
         004  4 0.0003 0.0001 0.9991 0.0002 0.0001 0.0001 0.0001 0.0001 0.0001 
         005  4 0.0003 0.0001 0.9986 0.0001 0.0003 0.0001 0.0001 0.0001 0.0001 
         006  4 0.0566 0.0002 0.8676 0.0245 0.0003 0.0005 0.0004 0.0495 0.0005 
         007  4 0.0516 0.0003 0.8882 0.0002 0.0002 0.0035 0.0007 0.0543 0.0010 
         008  4 0.0010 0.0029 0.9912 0.0010 0.0020 0.0005 0.0006 0.0005 0.0004 
         009  4 0.0003 0.0001 0.9988 0.0001 0.0001 0.0001 0.0001 0.0001 0.0001 
         010  4 0.0319 0.0001 0.9673 0.0001 0.0001 0.0001 0.0001 0.0003 0.0001 
         011  4 0.0418 0.0171 0.9348 0.0018 0.0004 0.0020 0.0007 0.0005 0.0009 
         012  4 0.0001 0.0001 0.9988 0.0001 0.0001 0.0001 0.0001 0.0005 0.0001 
         013  4 0.0001 0.0001 0.9991 0.0001 0.0001 0.0001 0.0001 0.0002 0.0001 
         014  4 0.0002 0.0002 0.9818 0.0002 0.0001 0.0003 0.0003 0.0167 0.0002 
         015  4 0.0001 0.0001 0.9683 0.0004 0.0001 0.0001 0.0001 0.0310 0.0001 
         016  4 0.0002 0.0001 0.9991 0.0001 0.0001 0.0001 0.0001 0.0001 0.0001 
         017  4 0.0002 0.0001 0.9667 0.0006 0.0001 0.0002 0.0001 0.0319 0.0001 
         019  4 0.0912 0.0004 0.8770 0.0075 0.0005 0.0003 0.0004 0.0224 0.0002 
         020  4 0.0002 0.0001 0.9989 0.0001 0.0002 0.0001 0.0001 0.0001 0.0001 
         021  4 0.0338 0.0002 0.9525 0.0002 0.0002 0.0002 0.0002 0.0125 0.0002 
         001  5 0.0003 0.0277 0.9125 0.0040 0.0015 0.0004 0.0005 0.0520 0.0010 
         002  5 0.0004 0.0014 0.9300 0.0333 0.0009 0.0231 0.0033 0.0010 0.0066 
         003  5 0.0341 0.0018 0.6785 0.0805 0.0002 0.0024 0.0012 0.0945 0.1068 
         004  5 0.0024 0.0019 0.9201 0.0078 0.0002 0.0029 0.0028 0.0007 0.0611 
         005  5 0.0007 0.0003 0.9100 0.0457 0.0002 0.0003 0.0003 0.0420 0.0004 
         006  5 0.0290 0.0001 0.7900 0.1238 0.0006 0.0004 0.0006 0.0549 0.0006 
         007  5 0.0541 0.0002 0.8364 0.0592 0.0002 0.0003 0.0003 0.0490 0.0003 
         008  5 0.0020 0.0002 0.8890 0.0612 0.0002 0.0002 0.0002 0.0470 0.0002 
         009  5 0.0047 0.0011 0.8889 0.0163 0.0002 0.0030 0.0311 0.0399 0.0148 
         010  5 0.0322 0.0012 0.8508 0.0926 0.0004 0.0014 0.0030 0.0158 0.0025 
         011  5 0.0003 0.0018 0.9086 0.0495 0.0002 0.0004 0.0004 0.0382 0.0006 
         012  5 0.0740 0.0012 0.8243 0.0258 0.0010 0.0048 0.0072 0.0385 0.0232 
         013  5 0.0048 0.0007 0.6534 0.0783 0.0006 0.0108 0.0728 0.1348 0.0439 
         014  5 0.0755 0.0124 0.6677 0.0561 0.0113 0.0018 0.0030 0.0015 0.1706 
         015  5 0.0234 0.0002 0.9084 0.0278 0.0002 0.0002 0.0002 0.0394 0.0002 
         016  5 0.0371 0.0003 0.8515 0.0160 0.0008 0.0007 0.0007 0.0922 0.0006 
         017  5 0.0525 0.0002 0.7989 0.0522 0.0015 0.0026 0.0055 0.0776 0.0091 
         018  5 0.0045 0.0187 0.7835 0.0580 0.0197 0.0034 0.0048 0.1050 0.0024 
         019  5 0.0003 0.0014 0.9451 0.0007 0.0045 0.0002 0.0004 0.0471 0.0003 
         020  5 0.0002 0.0002 0.9965 0.0011 0.0002 0.0002 0.0003 0.0013 0.0002 
         021  5 0.0005 0.0023 0.8296 0.0052 0.0005 0.0037 0.0014 0.0218 0.1349 
         022  5 0.0030 0.0171 0.8775 0.0010 0.0015 0.0006 0.0019 0.0929 0.0046 
         023  5 0.0037 0.0015 0.8716 0.0403 0.0003 0.0003 0.0004 0.0817 0.0003 
         024  5 0.0707 0.0004 0.8653 0.0056 0.0002 0.0049 0.0069 0.0097 0.0363 
         025  5 0.0523 0.0004 0.8116 0.0134 0.0005 0.0062 0.0010 0.1130 0.0016 
         026  5 0.0106 0.0003 0.7931 0.0096 0.0005 0.0025 0.0109 0.0949 0.0777 
         027  5 0.0013 0.0002 0.9971 0.0002 0.0002 0.0002 0.0002 0.0004 0.0003 
         028  5 0.0354 0.0041 0.8693 0.0038 0.0006 0.0012 0.0041 0.0771 0.0043 
         029  5 0.0008 0.0002 0.9327 0.0105 0.0003 0.0004 0.0005 0.0540 0.0006 
         030  5 0.0008 0.0011 0.9255 0.0102 0.0038 0.0006 0.0006 0.0568 0.0006 
        001s  6 0.0120 0.0194 0.0008 0.0099 0.0009 0.2751 0.0102 0.0082 0.6634 
        002s  6 0.0003 0.0013 0.0258 0.0060 0.0222 0.0130 0.0110 0.0488 0.8715 
        003s  6 0.0004 0.0027 0.0093 0.0137 0.0004 0.2178 0.0293 0.0862 0.6403 
        004s  6 0.0006 0.0007 0.0004 0.0012 0.0006 0.0206 0.0040 0.0127 0.9592 
        006s  6 0.0227 0.0093 0.0452 0.0063 0.0013 0.0035 0.0052 0.2247 0.6817 
        007s  6 0.0037 0.0007 0.0006 0.0141 0.0009 0.0060 0.0298 0.0072 0.9370 
        008s  6 0.0008 0.0049 0.0048 0.0109 0.0047 0.0077 0.0726 0.0008 0.8927 
        009s  6 0.0006 0.0017 0.0004 0.0091 0.0011 0.0089 0.1448 0.0098 0.8236 
        010s  6 0.0060 0.0133 0.0271 0.0092 0.0122 0.0026 0.0074 0.0011 0.9211 
        011s  6 0.0012 0.0020 0.0007 0.0319 0.0004 0.0036 0.0506 0.0188 0.8908 
        012s  6 0.0034 0.0020 0.0005 0.0014 0.0020 0.0071 0.0020 0.0116 0.9700 
        013s  6 0.0008 0.0006 0.0014 0.0012 0.0007 0.0089 0.0187 0.0108 0.9569 
        014s  6 0.0004 0.0006 0.0329 0.0081 0.0004 0.3725 0.0037 0.0589 0.5224 
        015s  6 0.0108 0.0055 0.0078 0.0169 0.0009 0.0027 0.1845 0.0606 0.7102 
        016s  6 0.0009 0.0013 0.0004 0.0013 0.0006 0.1096 0.0017 0.0021 0.8819 
        018s  6 0.0004 0.0018 0.2212 0.0617 0.0005 0.0035 0.0053 0.0015 0.7041 
        019s  6 0.0013 0.0037 0.0035 0.0704 0.0011 0.1028 0.1491 0.0132 0.6548 
        020s  6 0.0006 0.0006 0.0003 0.0346 0.0009 0.0397 0.0149 0.0018 0.9067 
        021s  6 0.0078 0.0046 0.0011 0.0153 0.0013 0.0042 0.0012 0.0223 0.9423 
        022s  6 0.0003 0.0044 0.0014 0.0005 0.0004 0.0318 0.0240 0.0076 0.9295 
        023s  6 0.0004 0.0014 0.0178 0.0404 0.0004 0.5378 0.3340 0.0585 0.0093 
        024s  6 0.0026 0.0013 0.0502 0.0148 0.0018 0.0131 0.0018 0.0012 0.9133 
        025s  6 0.0010 0.0696 0.0019 0.0102 0.0006 0.0162 0.0056 0.0023 0.8926 
        026s  6 0.0007 0.0005 0.0004 0.0010 0.0026 0.0225 0.0067 0.0094 0.9561 
        027s  6 0.0005 0.0005 0.0015 0.0007 0.0013 0.0217 0.0174 0.0241 0.9323 
        028s  6 0.0069 0.0067 0.0070 0.0048 0.0464 0.0024 0.0033 0.1361 0.7864 
        029s  6 0.0005 0.0013 0.0005 0.0248 0.0014 0.0040 0.0678 0.0046 0.8952 
        030s  6 0.0005 0.0100 0.0521 0.0013 0.0014 0.0013 0.0235 0.0961 0.8139 
        031s  6 0.0065 0.0005 0.0019 0.0010 0.0005 0.6577 0.1133 0.0011 0.2175 
        032s  6 0.0006 0.0010 0.0039 0.0365 0.0004 0.0121 0.0059 0.0039 0.9356 
        033s  6 0.0003 0.0006 0.0390 0.0011 0.0006 0.0021 0.0029 0.2227 0.7307 
        034s  6 0.0048 0.0143 0.0027 0.0087 0.0004 0.0086 0.0818 0.0513 0.8272 
        035s  6 0.0006 0.0015 0.1244 0.0004 0.0010 0.8319 0.0006 0.0381 0.0015 
        036s  6 0.0041 0.0014 0.0004 0.0129 0.0003 0.0025 0.0049 0.0369 0.9366 
        037s  6 0.0010 0.0018 0.0009 0.0024 0.0027 0.0036 0.0073 0.0012 0.9792 
        038s  6 0.0035 0.0007 0.0005 0.0016 0.0013 0.1507 0.0197 0.0052 0.8169 
        039s  6 0.0003 0.0007 0.0003 0.0114 0.0008 0.0074 0.0687 0.0278 0.8826 
        040s  6 0.0020 0.0007 0.0004 0.0068 0.0006 0.2326 0.0360 0.0055 0.7153 
        041s  6 0.0002 0.0034 0.0586 0.0004 0.0034 0.5587 0.0018 0.1191 0.2543 
        042s  6 0.0011 0.0535 0.0108 0.0103 0.0049 0.0280 0.0163 0.0345 0.8406 
        043s  6 0.0012 0.0082 0.0010 0.0060 0.0003 0.0027 0.0164 0.0088 0.9554 
        044s  6 0.0004 0.0009 0.0010 0.0006 0.0029 0.1450 0.0020 0.0092 0.8380 
        045s  6 0.0004 0.0036 0.0078 0.0017 0.0008 0.0270 0.0170 0.0116 0.9300 
        001s  7 0.0004 0.0011 0.0020 0.0015 0.0004 0.8122 0.1381 0.0050 0.0393 
        002s  7 0.0019 0.0019 0.0141 0.0055 0.0017 0.4933 0.0185 0.0050 0.4580 
        003s  7 0.0011 0.0008 0.0016 0.0018 0.0015 0.8913 0.0021 0.0942 0.0056 
        004s  7 0.0037 0.0007 0.0007 0.0010 0.0014 0.0272 0.0048 0.0537 0.9068 
        005s  7 0.0028 0.0024 0.0186 0.0051 0.0006 0.0253 0.0121 0.0116 0.9216 
        006s  7 0.0011 0.0059 0.0586 0.0198 0.0005 0.0042 0.0047 0.0042 0.9010 
        007s  7 0.0122 0.0028 0.0064 0.0029 0.0125 0.0065 0.0041 0.0026 0.9500 
        008s  7 0.0004 0.0014 0.0082 0.0035 0.0037 0.9401 0.0080 0.0308 0.0039 
        009s  7 0.0014 0.0088 0.0030 0.0031 0.0006 0.0194 0.0022 0.0172 0.9443 
        010s  7 0.0003 0.0015 0.0010 0.0022 0.0011 0.9849 0.0017 0.0017 0.0056 
        011s  7 0.0008 0.0011 0.0006 0.0027 0.0008 0.0173 0.0044 0.0191 0.9534 
        012s  7 0.0008 0.0008 0.0006 0.0004 0.0005 0.0037 0.0055 0.0086 0.9792 
        013s  7 0.0125 0.0042 0.0005 0.0011 0.0007 0.0116 0.0055 0.0245 0.9393 
        014s  7 0.0008 0.0003 0.0428 0.0010 0.0005 0.5100 0.0126 0.0928 0.3391 
        015s  7 0.0020 0.0015 0.0271 0.0088 0.0015 0.0048 0.0118 0.1850 0.7574 
        016s  7 0.0003 0.0024 0.0899 0.0002 0.0002 0.9050 0.0005 0.0009 0.0007 
        017s  7 0.0020 0.0007 0.0014 0.0014 0.0005 0.0284 0.0043 0.0254 0.9360 
        018s  7 0.0006 0.0008 0.0026 0.0822 0.0060 0.0051 0.6212 0.0373 0.2440 
        019s  7 0.0013 0.0125 0.0013 0.0043 0.0013 0.0094 0.0501 0.1906 0.7292 
        020s  7 0.0009 0.0005 0.0006 0.0021 0.0003 0.0062 0.0031 0.0032 0.9830 
        021s  7 0.0006 0.0013 0.0014 0.0093 0.0017 0.0088 0.0025 0.0035 0.9708 
        022s  7 0.0051 0.0009 0.0032 0.0008 0.0004 0.0035 0.0177 0.0033 0.9652 
        023s  7 0.0008 0.0127 0.0041 0.0105 0.0017 0.0260 0.0074 0.2213 0.7155 
        024s  7 0.0007 0.0008 0.0021 0.0006 0.0017 0.0043 0.0875 0.0053 0.8969 
        025s  7 0.0035 0.0010 0.0011 0.0037 0.0011 0.0043 0.0056 0.0350 0.9448 
        026s  7 0.0004 0.0011 0.0018 0.0052 0.0016 0.9586 0.0060 0.0012 0.0241 
        027s  7 0.0012 0.0008 0.0013 0.0005 0.0025 0.4432 0.0008 0.0011 0.5485 
        028s  7 0.0005 0.0005 0.0041 0.0443 0.0002 0.0062 0.2422 0.0161 0.6859 
        029s  7 0.0010 0.0033 0.0038 0.0068 0.0008 0.0281 0.0076 0.1726 0.7760 
        030s  7 0.0012 0.0067 0.0004 0.0016 0.0077 0.1397 0.0332 0.1252 0.6843 
        031s  7 0.0012 0.0115 0.0022 0.0057 0.0006 0.0237 0.1225 0.0054 0.8272 
        032s  7 0.0004 0.0004 0.0869 0.0020 0.0058 0.0010 0.0034 0.0299 0.8702 
        033s  7 0.0006 0.0022 0.0316 0.0050 0.0046 0.0029 0.0045 0.0018 0.9469 
        034s  7 0.0221 0.0005 0.0009 0.0066 0.0018 0.0026 0.0008 0.2496 0.7151 
        035s  7 0.0003 0.0009 0.0005 0.0009 0.0007 0.0055 0.0032 0.0290 0.9590 
        036s  7 0.0045 0.0072 0.0007 0.0010 0.0007 0.0442 0.0018 0.0138 0.9261 
        037s  7 0.0024 0.0070 0.0125 0.0760 0.0011 0.0071 0.2404 0.0452 0.6085 
        038s  7 0.0004 0.0013 0.0056 0.0447 0.0014 0.0050 0.1683 0.0619 0.7115 
        039s  7 0.0003 0.0005 0.0004 0.0339 0.0004 0.3155 0.3671 0.0027 0.2793 
        040s  7 0.0330 0.0008 0.0058 0.0022 0.0002 0.9458 0.0012 0.0090 0.0019 
        041s  7 0.0004 0.0019 0.0127 0.0114 0.0028 0.2464 0.0082 0.0674 0.6488 
        042s  7 0.0008 0.0005 0.0069 0.0020 0.0004 0.9477 0.0059 0.0008 0.0349 
        043s  7 0.0003 0.0050 0.0016 0.0009 0.0007 0.0187 0.0139 0.0116 0.9473 
        044s  7 0.0065 0.0262 0.0154 0.0165 0.0016 0.0022 0.0029 0.1831 0.7456 
         003  8 0.0014 0.0010 0.0050 0.0140 0.0137 0.0047 0.0016 0.0034 0.9551 
         009  8 0.0007 0.0016 0.0020 0.0036 0.0004 0.0030 0.0028 0.0063 0.9797 
         010  8 0.0003 0.0022 0.0006 0.0037 0.0006 0.0162 0.0271 0.0065 0.9429 
         017  8 0.0004 0.0035 0.0010 0.0046 0.0017 0.0026 0.0086 0.0045 0.9731 
         002  9 0.0010 0.0015 0.0004 0.0018 0.0007 0.0173 0.0045 0.0087 0.9641 
         003  9 0.0004 0.0005 0.0003 0.0018 0.0005 0.0072 0.0063 0.0020 0.9810 
         004  9 0.0002 0.0009 0.0006 0.0010 0.0004 0.0127 0.0023 0.0063 0.9754 
         005  9 0.0014 0.0057 0.0004 0.0005 0.0011 0.0070 0.0245 0.0106 0.9487 
         006  9 0.0007 0.0014 0.0008 0.0008 0.0006 0.0039 0.0023 0.0027 0.9867 
         007  9 0.0004 0.0014 0.0057 0.0083 0.0014 0.0075 0.0027 0.0114 0.9610 
         009  9 0.0003 0.0028 0.0018 0.0014 0.0014 0.0208 0.0024 0.0154 0.9538 
         010  9 0.0004 0.0009 0.0004 0.0022 0.0019 0.0031 0.0075 0.0038 0.9798 
         013  9 0.0016 0.0014 0.0018 0.0108 0.0004 0.0505 0.0116 0.0260 0.8959 
         014  9 0.0003 0.0023 0.0008 0.0004 0.0070 0.0165 0.0677 0.0081 0.8968 
         016  9 0.0004 0.0011 0.0002 0.0003 0.0010 0.0042 0.0040 0.0050 0.9838 
         018  9 0.0011 0.0017 0.0009 0.0015 0.0054 0.0032 0.1371 0.0131 0.8360 
         019  9 0.0009 0.0009 0.0013 0.0019 0.0047 0.0026 0.0032 0.0540 0.9304 
         020  9 0.0003 0.0004 0.0005 0.0052 0.0006 0.0020 0.0086 0.0030 0.9794 
         021  9 0.0002 0.0009 0.0006 0.0069 0.0003 0.0042 0.1107 0.0148 0.8613 
         022  9 0.0004 0.0007 0.0003 0.0051 0.0016 0.0136 0.2617 0.0009 0.7157 
         024  9 0.0005 0.0045 0.0004 0.0050 0.0044 0.0099 0.0067 0.0119 0.9568 
         028  9 0.0011 0.0018 0.0006 0.0073 0.0006 0.0098 0.0079 0.0297 0.9413 
         029  9 0.0004 0.0009 0.0003 0.0061 0.0012 0.0131 0.0176 0.0103 0.9501 
         030  9 0.0004 0.0009 0.0004 0.0122 0.0009 0.0046 0.0270 0.0010 0.9526 
         031  9 0.0004 0.0007 0.0013 0.0018 0.0011 0.0205 0.0040 0.0070 0.9631 
         033  9 0.0003 0.0010 0.0062 0.0014 0.0007 0.0183 0.0029 0.0025 0.9668 
         001 10 0.0005 0.0005 0.0004 0.0005 0.0013 0.0049 0.0121 0.0020 0.9779 
         002 10 0.0002 0.0009 0.0005 0.0121 0.0013 0.0063 0.0055 0.0033 0.9700 
         003 10 0.0005 0.0134 0.0004 0.0011 0.0007 0.0019 0.0058 0.0012 0.9751 
         004 10 0.0003 0.0038 0.0004 0.0011 0.0006 0.1152 0.0080 0.0019 0.8687 
         005 10 0.0004 0.0007 0.0004 0.0016 0.0019 0.0044 0.0046 0.0033 0.9826 
         006 10 0.0003 0.0013 0.0011 0.0011 0.0008 0.0026 0.0033 0.0035 0.9859 
         007 10 0.0003 0.0040 0.0005 0.0008 0.0004 0.0052 0.0027 0.0043 0.9818 
         008 10 0.0007 0.0031 0.0009 0.0200 0.0008 0.0022 0.0092 0.0074 0.9555 
         009 10 0.0014 0.0004 0.0006 0.0010 0.0053 0.0052 0.0047 0.0017 0.9796 
         010 10 0.0006 0.0011 0.0007 0.0019 0.0030 0.0088 0.0102 0.0013 0.9724 
         011 10 0.0011 0.0347 0.0005 0.0010 0.0005 0.0094 0.0098 0.0038 0.9394 
         012 10 0.0011 0.0041 0.0004 0.0038 0.0005 0.0030 0.0066 0.0077 0.9729 
         013 10 0.0017 0.0008 0.0003 0.0030 0.0008 0.0032 0.0091 0.0020 0.9791 
         014 10 0.0011 0.0017 0.0005 0.0055 0.0006 0.2427 0.0013 0.0008 0.7457 
         016 10 0.0008 0.0008 0.0006 0.0053 0.0013 0.0054 0.0039 0.0162 0.9656 
         017 10 0.0009 0.0011 0.0007 0.0012 0.0016 0.0034 0.0145 0.0060 0.9706 
         018 10 0.0005 0.0006 0.0045 0.0038 0.0021 0.0055 0.0032 0.0193 0.9604 
         019 10 0.0003 0.0010 0.0004 0.0020 0.0033 0.0037 0.0041 0.0184 0.9665 
         020 10 0.0008 0.0017 0.0011 0.0133 0.0079 0.0307 0.0058 0.0167 0.9220 
         021 10 0.0004 0.0004 0.0010 0.0048 0.0033 0.0212 0.0046 0.0037 0.9607 
         022 10 0.0007 0.0009 0.0003 0.0010 0.0003 0.0637 0.0039 0.0033 0.9260 
         023 10 0.0006 0.0014 0.0003 0.0015 0.0004 0.0024 0.0039 0.0036 0.9861 
         024 10 0.0002 0.0023 0.0004 0.0015 0.0019 0.0035 0.0032 0.0027 0.9845 
         026 10 0.0004 0.0006 0.0004 0.0104 0.0010 0.0021 0.0141 0.0006 0.9703 
        001s 11 0.0008 0.0086 0.0934 0.0003 0.0014 0.2555 0.0393 0.0706 0.5301 
        002s 11 0.0089 0.0016 0.0007 0.0018 0.0037 0.0154 0.0114 0.0078 0.9487 
        003s 11 0.0005 0.0006 0.0086 0.0182 0.0015 0.0302 0.2602 0.0878 0.5924 
        004s 11 0.0024 0.0024 0.0006 0.0095 0.0003 0.0145 0.0876 0.0092 0.8734 
        005s 11 0.0009 0.0010 0.0016 0.0007 0.0073 0.0876 0.0172 0.0278 0.8561 
        006s 11 0.0042 0.0034 0.0010 0.0260 0.0021 0.0218 0.0086 0.0241 0.9088 
        007s 11 0.0259 0.0011 0.0069 0.0037 0.0031 0.1196 0.0044 0.2019 0.6334 
        008s 11 0.0004 0.0004 0.0004 0.0012 0.0009 0.0053 0.0863 0.3015 0.6038 
        009s 11 0.0005 0.0005 0.0006 0.0178 0.0141 0.0029 0.0088 0.0220 0.9329 
        010s 11 0.0004 0.0008 0.0012 0.0017 0.0008 0.1651 0.0026 0.0024 0.8249 
        011s 11 0.0100 0.0197 0.1003 0.0008 0.0003 0.7883 0.0143 0.0457 0.0205 
        012s 11 0.0004 0.0004 0.0634 0.0460 0.0011 0.0112 0.3524 0.1401 0.3851 
        013s 11 0.0006 0.0009 0.0018 0.0184 0.0003 0.3215 0.0062 0.0043 0.6460 
        014s 11 0.0076 0.0014 0.0031 0.0033 0.0032 0.7341 0.1797 0.0221 0.0455 
        015s 11 0.0023 0.0056 0.0015 0.0017 0.0018 0.0328 0.0295 0.1255 0.7993 
        016s 11 0.0005 0.0562 0.0432 0.0007 0.0086 0.1709 0.0019 0.0274 0.6908 
        017s 11 0.0006 0.0037 0.0542 0.0758 0.0010 0.0031 0.6654 0.0654 0.1309 
        018s 11 0.0018 0.0019 0.0037 0.0030 0.0020 0.8989 0.0167 0.0538 0.0182 
        019s 11 0.0008 0.0216 0.0006 0.0238 0.0004 0.0122 0.0072 0.0293 0.9040 
        020s 11 0.0027 0.0022 0.0019 0.0016 0.0035 0.6345 0.0027 0.1157 0.2352 
        021s 11 0.0006 0.0017 0.0007 0.0007 0.0004 0.0019 0.0151 0.0085 0.9704 
        022s 11 0.0318 0.0003 0.0023 0.0069 0.0014 0.0134 0.1126 0.0274 0.8038 
        023s 11 0.0004 0.0315 0.0264 0.0020 0.0005 0.7864 0.0358 0.0485 0.0686 
        025s 11 0.0005 0.0012 0.0005 0.0068 0.0002 0.0072 0.0112 0.0187 0.9536 
        026s 11 0.0011 0.0526 0.0415 0.0007 0.0008 0.0010 0.0107 0.0203 0.8712 
        027s 11 0.0036 0.0007 0.0012 0.0048 0.0006 0.0045 0.0119 0.0187 0.9541 
        028s 11 0.0012 0.0010 0.0063 0.0062 0.0004 0.0037 0.0544 0.0306 0.8961 
        029s 11 0.0006 0.0004 0.0185 0.0106 0.0010 0.0038 0.0051 0.0465 0.9136 
        030s 11 0.0011 0.0014 0.0304 0.0325 0.0012 0.0035 0.2275 0.2389 0.4636 
        031s 11 0.0017 0.0004 0.0004 0.0020 0.0012 0.0133 0.0278 0.0304 0.9227 
        032s 11 0.0004 0.0033 0.0013 0.0078 0.0010 0.0852 0.0151 0.0248 0.8611 
        033s 11 0.0006 0.0014 0.0040 0.0019 0.0011 0.2226 0.0259 0.0045 0.7380 
        034s 11 0.0028 0.0006 0.0018 0.0016 0.0003 0.8560 0.0197 0.0169 0.1003 
        035s 11 0.0026 0.0003 0.0027 0.0013 0.0024 0.4919 0.0038 0.0016 0.4934 
        036s 11 0.0018 0.0005 0.0140 0.0643 0.0028 0.0184 0.3946 0.0354 0.4682 
        037s 11 0.0005 0.0019 0.0009 0.0337 0.0011 0.9220 0.0093 0.0017 0.0288 
        038s 11 0.0006 0.0010 0.0031 0.0078 0.0011 0.2917 0.1022 0.0181 0.5744 
        039s 11 0.0003 0.0010 0.0019 0.0178 0.0005 0.0071 0.0029 0.0375 0.9310 
        040s 11 0.0016 0.0006 0.0416 0.0560 0.0009 0.0066 0.0143 0.0141 0.8644 
        041s 11 0.0012 0.0035 0.0010 0.0033 0.0177 0.0092 0.0158 0.0607 0.8875 
        042s 11 0.0011 0.0137 0.0007 0.0090 0.0014 0.5145 0.3629 0.0167 0.0799 
        043s 11 0.0005 0.0233 0.0097 0.0240 0.0005 0.0156 0.0071 0.0020 0.9174 
        044s 11 0.0103 0.0052 0.0008 0.0043 0.0012 0.0680 0.0295 0.0433 0.8374 
        045s 11 0.0012 0.0132 0.0006 0.0278 0.0005 0.0257 0.0351 0.0051 0.8908 
        046s 11 0.0040 0.0243 0.0263 0.0275 0.0011 0.6257 0.0697 0.0708 0.1506 
        047s 11 0.0012 0.0012 0.0006 0.0420 0.0005 0.0035 0.0322 0.1493 0.7697 
        048s 11 0.0018 0.0321 0.0036 0.0101 0.0029 0.0036 0.0025 0.0028 0.9405 
        049s 11 0.0004 0.0015 0.0020 0.0011 0.0014 0.0058 0.0239 0.1222 0.8416 
        050s 11 0.0036 0.0010 0.0005 0.0004 0.0003 0.0026 0.0022 0.0124 0.9770 
        051s 11 0.0233 0.0503 0.0005 0.0012 0.0004 0.0628 0.0103 0.0132 0.8380 
        052s 11 0.0053 0.0044 0.0015 0.0018 0.0014 0.8104 0.1024 0.0044 0.0684 
        053s 11 0.0004 0.0011 0.0003 0.0053 0.0015 0.0085 0.0070 0.0175 0.9583 
        054s 11 0.0058 0.0007 0.0007 0.0027 0.0004 0.0221 0.0061 0.0231 0.9384 
        055s 11 0.0008 0.0004 0.0163 0.0571 0.0005 0.8700 0.0106 0.0010 0.0433 
        001s 12 0.0024 0.0011 0.0014 0.0046 0.0010 0.0116 0.0064 0.0129 0.9586 
        002s 12 0.0007 0.0009 0.0016 0.0135 0.0022 0.0038 0.0027 0.0012 0.9733 
        003s 12 0.0010 0.0004 0.0006 0.0007 0.0008 0.0086 0.0091 0.0017 0.9771 
        004s 12 0.0006 0.0057 0.0706 0.0006 0.0026 0.0120 0.0645 0.0401 0.8034 
        005s 12 0.0005 0.0014 0.0004 0.0009 0.0019 0.5937 0.0105 0.0017 0.3892 
        006s 12 0.0017 0.0021 0.0118 0.0272 0.0009 0.0334 0.1117 0.0852 0.7260 
        007s 12 0.0014 0.0019 0.0010 0.0193 0.0030 0.0032 0.0105 0.0339 0.9256 
        008s 12 0.0004 0.0008 0.0044 0.0377 0.0009 0.0071 0.0241 0.0020 0.9228 
        009s 12 0.0009 0.0052 0.0034 0.0018 0.0138 0.0518 0.0983 0.3154 0.5093 
        010s 12 0.0187 0.0005 0.0039 0.0182 0.0012 0.0564 0.0063 0.0349 0.8598 
        011s 12 0.0026 0.0009 0.0011 0.0013 0.0011 0.0062 0.0037 0.1419 0.8411 
        012s 12 0.0050 0.0028 0.0016 0.0135 0.0005 0.0031 0.1241 0.2307 0.6188 
        013s 12 0.0006 0.0384 0.0011 0.0241 0.0006 0.0015 0.0643 0.0011 0.8683 
        014s 12 0.0404 0.0509 0.0013 0.0013 0.0067 0.5427 0.0323 0.1204 0.2039 
        015s 12 0.0006 0.0007 0.0047 0.0009 0.0023 0.0029 0.0030 0.0263 0.9586 
        016s 12 0.0005 0.0035 0.0010 0.0021 0.0005 0.0032 0.0838 0.0196 0.8857 
        017s 12 0.0012 0.0012 0.0062 0.0016 0.0005 0.0427 0.0074 0.0199 0.9192 
        018s 12 0.0002 0.0017 0.0010 0.0501 0.0021 0.0210 0.0232 0.1253 0.7754 
        019s 12 0.0007 0.0008 0.0061 0.0008 0.0034 0.0298 0.0071 0.0179 0.9333 
        020s 12 0.0003 0.0006 0.0699 0.0114 0.0003 0.0125 0.0067 0.0589 0.8394 
        021s 12 0.0005 0.0014 0.0040 0.0304 0.0004 0.0048 0.2404 0.0072 0.7109 
        022s 12 0.0006 0.0069 0.0293 0.0111 0.0060 0.0265 0.0119 0.0040 0.9036 
        023s 12 0.0004 0.0010 0.0005 0.0007 0.0009 0.0270 0.0033 0.0654 0.9009 
        024s 12 0.0003 0.0005 0.0007 0.0451 0.0006 0.4937 0.0203 0.0033 0.4354 
        025s 12 0.0012 0.0011 0.0019 0.0248 0.0074 0.0053 0.0026 0.0677 0.8881 
        026s 12 0.0013 0.0008 0.0257 0.0011 0.0165 0.0844 0.0068 0.1031 0.7604 
        027s 12 0.0006 0.0005 0.0025 0.0066 0.0004 0.0064 0.0026 0.0055 0.9749 
        028s 12 0.0007 0.0053 0.0018 0.0007 0.0222 0.9443 0.0025 0.0012 0.0213 
        029s 12 0.0009 0.0009 0.0006 0.0004 0.0005 0.2863 0.0097 0.0665 0.6342 
        030s 12 0.0024 0.0007 0.0007 0.0120 0.0005 0.0112 0.0133 0.0585 0.9007 
        031s 12 0.0011 0.0030 0.0028 0.0065 0.0010 0.0050 0.0090 0.0034 0.9682 
        032s 12 0.0004 0.0009 0.0008 0.0002 0.0130 0.7366 0.0463 0.0050 0.1966 
        033s 12 0.0031 0.0007 0.0011 0.0036 0.0005 0.0087 0.0034 0.0311 0.9478 
        034s 12 0.0006 0.0007 0.0003 0.0011 0.0008 0.9072 0.0021 0.0009 0.0862 
        035s 12 0.0013 0.0005 0.0101 0.0024 0.0005 0.0679 0.0766 0.0457 0.7951 
        036s 12 0.0058 0.0008 0.0024 0.0109 0.0030 0.0320 0.2367 0.0108 0.6977 
        037s 12 0.0004 0.0013 0.0008 0.0182 0.0012 0.0021 0.0073 0.0826 0.8861 
        001s 13 0.0007 0.0030 0.0175 0.0018 0.0010 0.0162 0.0104 0.0016 0.9478 
        002s 13 0.0005 0.0012 0.0387 0.0086 0.0003 0.7411 0.0264 0.1670 0.0161 
        003s 13 0.0002 0.0015 0.0008 0.0110 0.0008 0.0064 0.0095 0.0050 0.9646 
        004s 13 0.0006 0.0036 0.0013 0.0042 0.0137 0.0050 0.0280 0.0028 0.9408 
        005s 13 0.0042 0.0028 0.0036 0.0050 0.0017 0.0023 0.0109 0.0025 0.9669 
        006s 13 0.0019 0.0004 0.0004 0.0065 0.0014 0.0084 0.0109 0.1250 0.8450 
        007s 13 0.0181 0.0015 0.0007 0.0054 0.0004 0.0086 0.0092 0.0790 0.8772 
        008s 13 0.0015 0.0008 0.0512 0.0159 0.0023 0.0057 0.0080 0.0819 0.8326 
        009s 13 0.0018 0.0014 0.1254 0.0058 0.0127 0.0084 0.0166 0.0007 0.8271 
        010s 13 0.0005 0.0017 0.0365 0.0722 0.0014 0.0022 0.3924 0.0393 0.4538 
        011s 13 0.0105 0.0019 0.0036 0.0048 0.0101 0.2728 0.0052 0.2037 0.4875 
        012s 13 0.0011 0.0222 0.0282 0.0710 0.0046 0.0073 0.6739 0.0413 0.1504 
        013s 13 0.0217 0.0095 0.0242 0.0005 0.0006 0.5826 0.0035 0.0532 0.3042 
        014s 13 0.0135 0.0029 0.0007 0.0509 0.0014 0.0022 0.0180 0.0639 0.8465 
        015s 13 0.0012 0.0080 0.0092 0.0018 0.0099 0.0224 0.0049 0.0036 0.9391 
        016s 13 0.0005 0.0009 0.0004 0.0016 0.0011 0.0040 0.0123 0.0018 0.9774 
        017s 13 0.0035 0.0004 0.0051 0.0487 0.0050 0.0175 0.0706 0.0050 0.8442 
        018s 13 0.0003 0.0007 0.0006 0.0098 0.0007 0.0111 0.0157 0.0074 0.9537 
        019s 13 0.0012 0.0009 0.0006 0.0215 0.0004 0.0840 0.1152 0.0009 0.7752 
        020s 13 0.0035 0.0005 0.0016 0.0049 0.0024 0.9182 0.0038 0.0009 0.0643 
        021s 13 0.0006 0.0022 0.0014 0.0033 0.0006 0.0204 0.0071 0.0012 0.9631 
        022s 13 0.0008 0.0008 0.0020 0.0010 0.0005 0.0040 0.0029 0.0185 0.9696 
        023s 13 0.0003 0.0003 0.0018 0.0029 0.0007 0.0308 0.0054 0.0067 0.9510 
        024s 13 0.0031 0.0370 0.0212 0.0007 0.0008 0.0119 0.0396 0.2916 0.5941 
        025s 13 0.0006 0.0031 0.0010 0.0123 0.0014 0.0023 0.0047 0.0045 0.9702 
        026s 13 0.0017 0.0128 0.0442 0.0707 0.0006 0.0071 0.5157 0.0962 0.2511 
        027s 13 0.0014 0.0018 0.0397 0.0161 0.0029 0.0022 0.0016 0.0857 0.8485 
        028s 13 0.0040 0.0024 0.0035 0.0282 0.0113 0.4475 0.0092 0.1475 0.3465 
        029s 13 0.0013 0.0029 0.0174 0.0347 0.0007 0.7959 0.1040 0.0056 0.0375 
        030s 13 0.0006 0.0278 0.0715 0.0008 0.0005 0.6631 0.2251 0.0071 0.0036 
        031s 13 0.0027 0.0995 0.0026 0.0009 0.0015 0.0031 0.0770 0.0012 0.8116 
        032s 13 0.0093 0.0004 0.0005 0.0006 0.0005 0.0095 0.0070 0.0013 0.9709 
        033s 13 0.0059 0.0010 0.0031 0.0199 0.0010 0.0062 0.0134 0.0662 0.8832 
        034s 13 0.0219 0.0012 0.0453 0.0005 0.0037 0.9139 0.0010 0.0021 0.0103 
        035s 13 0.0008 0.0040 0.0009 0.0020 0.0013 0.2598 0.0046 0.0031 0.7236 
        036s 13 0.0004 0.0006 0.0029 0.0151 0.0005 0.1231 0.0034 0.0049 0.8491 
        037s 13 0.0006 0.0027 0.0005 0.0010 0.0008 0.0067 0.0085 0.0367 0.9424 
        038s 13 0.0012 0.0014 0.0008 0.0172 0.0019 0.4913 0.0822 0.0490 0.3550 
        039s 13 0.0009 0.0666 0.0906 0.0010 0.0015 0.0032 0.0071 0.1245 0.7048 
        040s 13 0.0011 0.0012 0.0013 0.0219 0.0005 0.0124 0.0648 0.0891 0.8076 
        041s 13 0.0034 0.0022 0.0454 0.0113 0.0005 0.0023 0.0077 0.0471 0.8801 
        042s 13 0.0012 0.0018 0.0005 0.0012 0.0008 0.9682 0.0054 0.0030 0.0179 
        001s 14 0.0009 0.0015 0.0194 0.0403 0.0022 0.6362 0.2058 0.0207 0.0730 
        002s 14 0.0015 0.0012 0.0648 0.0044 0.0042 0.0070 0.0132 0.0020 0.9016 
        003s 14 0.0004 0.0009 0.0005 0.0017 0.0006 0.9823 0.0034 0.0039 0.0063 
        004s 14 0.0150 0.0049 0.0099 0.0008 0.0006 0.0040 0.0018 0.0387 0.9242 
        005s 14 0.0003 0.0005 0.0003 0.0018 0.0008 0.2717 0.0660 0.0034 0.6551 
        006s 14 0.0007 0.0004 0.0005 0.0016 0.0003 0.0227 0.0026 0.0325 0.9387 
        007s 14 0.0012 0.0015 0.0008 0.0020 0.0005 0.0080 0.0039 0.0041 0.9780 
        008s 14 0.0065 0.0025 0.0976 0.0124 0.0158 0.8439 0.0085 0.0109 0.0018 
        009s 14 0.0007 0.0010 0.0022 0.0049 0.0073 0.0434 0.0059 0.0469 0.8877 
        010s 14 0.0005 0.0007 0.0628 0.0194 0.0188 0.3539 0.0222 0.0042 0.5174 
        011s 14 0.0073 0.0010 0.0021 0.0452 0.0009 0.4184 0.0085 0.0086 0.5081 
        012s 14 0.0016 0.0026 0.0007 0.0067 0.0029 0.9208 0.0145 0.0198 0.0305 
        013s 14 0.0037 0.0054 0.0009 0.0040 0.0007 0.1308 0.5254 0.0119 0.3172 
        014s 14 0.0006 0.0007 0.0505 0.0344 0.0084 0.0128 0.2142 0.0154 0.6631 
        015s 14 0.0008 0.0046 0.0006 0.0142 0.0084 0.0203 0.0103 0.0186 0.9222 
        016s 14 0.0003 0.0113 0.0016 0.0064 0.0006 0.0025 0.0360 0.0044 0.9369 
        017s 14 0.0127 0.0006 0.0555 0.0177 0.0009 0.0035 0.1302 0.0516 0.7274 
        018s 14 0.0004 0.0017 0.0006 0.0178 0.0010 0.0067 0.0025 0.0272 0.9421 
        019s 14 0.0013 0.0010 0.0014 0.0128 0.0008 0.0048 0.0030 0.0033 0.9716 
        020s 14 0.0003 0.0020 0.0010 0.0016 0.0094 0.7780 0.0072 0.0080 0.1925 
        021s 14 0.0004 0.0006 0.0068 0.0013 0.0105 0.0062 0.0089 0.0055 0.9599 
        022s 14 0.0030 0.0012 0.0032 0.0352 0.0014 0.0291 0.0806 0.1636 0.6828 
        023s 14 0.0022 0.0029 0.0152 0.0004 0.0027 0.0159 0.0586 0.0182 0.8840 
        024s 14 0.0012 0.0015 0.0518 0.0107 0.0022 0.3442 0.0222 0.0038 0.5625 
        025s 14 0.0004 0.0005 0.0696 0.0004 0.0004 0.1592 0.0069 0.0011 0.7617 
        026s 14 0.0004 0.0009 0.0006 0.0015 0.0027 0.0087 0.3142 0.0014 0.6696 
        027s 14 0.0005 0.0030 0.0020 0.0024 0.0008 0.0345 0.0031 0.2558 0.6979 
        028s 14 0.0022 0.0012 0.0005 0.0141 0.0021 0.0570 0.0238 0.1375 0.7615 
        029s 14 0.0005 0.0012 0.0005 0.0012 0.0008 0.0151 0.0479 0.0011 0.9316 
        030s 14 0.0065 0.0008 0.0007 0.0522 0.0006 0.1357 0.4898 0.0047 0.3090 
        031s 14 0.0247 0.0025 0.0006 0.0010 0.0009 0.3277 0.0107 0.0007 0.6312 
        032s 14 0.0017 0.0016 0.0016 0.0244 0.0005 0.3123 0.0044 0.0263 0.6271 
        033s 14 0.0502 0.0008 0.0006 0.0021 0.0009 0.3618 0.0237 0.0019 0.5581 
        034s 14 0.0002 0.0007 0.0004 0.0026 0.0005 0.0024 0.0226 0.0078 0.9628 
        035s 14 0.0541 0.0011 0.0414 0.0647 0.0004 0.0171 0.5575 0.1422 0.1215 
        036s 14 0.0183 0.0120 0.0315 0.0069 0.0021 0.7665 0.0014 0.1399 0.0214 
        037s 14 0.0004 0.0036 0.0013 0.0077 0.0008 0.0329 0.0124 0.0421 0.8988 
        038s 14 0.0006 0.0005 0.0008 0.0317 0.0008 0.0223 0.0080 0.0053 0.9301 
        039s 14 0.0029 0.0044 0.0022 0.0015 0.0027 0.0185 0.0061 0.0258 0.9360 
        040s 14 0.0008 0.0015 0.0201 0.0006 0.0004 0.0210 0.0118 0.0424 0.9013 
        041s 14 0.0018 0.0010 0.0011 0.0499 0.0009 0.3717 0.3664 0.0087 0.1986 
        042s 14 0.0005 0.0018 0.0493 0.0009 0.0011 0.0114 0.0440 0.1620 0.7289 
        001s 15 0.0007 0.0019 0.0011 0.0098 0.0011 0.4620 0.0064 0.0307 0.4864 
        002s 15 0.0029 0.0057 0.0920 0.0011 0.0051 0.0132 0.0220 0.2838 0.5742 
        003s 15 0.0006 0.0066 0.0062 0.0074 0.0012 0.0057 0.0059 0.0331 0.9334 
        004s 15 0.0008 0.0003 0.0008 0.0005 0.0120 0.0017 0.2115 0.2877 0.4848 
        005s 15 0.0017 0.0054 0.0096 0.0100 0.0016 0.0015 0.0107 0.0406 0.9189 
        006s 15 0.0021 0.0008 0.0239 0.0206 0.0009 0.0060 0.0168 0.0365 0.8923 
        007s 15 0.0005 0.0005 0.0004 0.0014 0.0011 0.0170 0.0588 0.0268 0.8936 
        008s 15 0.0008 0.0007 0.0007 0.0152 0.0007 0.0075 0.0135 0.0470 0.9140 
        009s 15 0.0016 0.0385 0.0127 0.0820 0.0005 0.0091 0.5910 0.0160 0.2486 
        010s 15 0.0003 0.0032 0.0006 0.0014 0.0004 0.8448 0.0600 0.0110 0.0783 
        011s 15 0.0296 0.0016 0.0008 0.0640 0.0003 0.0064 0.6194 0.1250 0.1530 
        012s 15 0.0010 0.0029 0.0014 0.0152 0.0022 0.0034 0.0130 0.0581 0.9028 
        013s 15 0.0006 0.0020 0.0008 0.0004 0.0056 0.8791 0.0107 0.0680 0.0327 
        014s 15 0.0006 0.0042 0.0011 0.0021 0.0049 0.0039 0.0061 0.0974 0.8797 
        015s 15 0.0066 0.0034 0.0821 0.0171 0.0012 0.0090 0.0172 0.0394 0.8239 
        016s 15 0.0632 0.0008 0.0032 0.0117 0.0405 0.7960 0.0344 0.0076 0.0426 
        017s 15 0.0007 0.0029 0.0019 0.0015 0.0119 0.0108 0.0121 0.0181 0.9400 
        018s 15 0.0002 0.0006 0.0022 0.0012 0.0027 0.4907 0.0276 0.0084 0.4664 
        019s 15 0.0003 0.0055 0.0026 0.0498 0.0010 0.4437 0.4775 0.0120 0.0076 
        020s 15 0.0008 0.0008 0.0009 0.0007 0.0005 0.4766 0.0405 0.0242 0.4551 
        021s 15 0.0009 0.0042 0.0284 0.0254 0.0016 0.0094 0.0657 0.1292 0.7350 
        022s 15 0.0013 0.0009 0.0008 0.0512 0.0008 0.0329 0.5054 0.0023 0.4044 
        023s 15 0.0038 0.0014 0.0209 0.0250 0.0006 0.0102 0.2149 0.0663 0.6569 
        024s 15 0.0041 0.0012 0.0027 0.0014 0.0004 0.0037 0.0291 0.0049 0.9526 
