        001s  1 0.0008 0.0016 0.0005 0.7330 0.2638 0.0002 
        002s  1 0.0005 0.0004 0.0008 0.1749 0.8213 0.0020 
        003s  1 0.0019 0.0159 0.0012 0.0296 0.9507 0.0007 
        004s  1 0.0029 0.0004 0.0045 0.2798 0.6802 0.0323 
        005s  1 0.2142 0.0004 0.0012 0.0103 0.5674 0.2065 
        006s  1 0.0004 0.0005 0.0004 0.9946 0.0032 0.0010 
        007s  1 0.0039 0.0007 0.0038 0.9669 0.0245 0.0003 
        008s  1 0.0028 0.0008 0.0008 0.3311 0.6638 0.0008 
        009s  1 0.0406 0.0029 0.0056 0.5622 0.3827 0.0060 
        010s  1 0.0097 0.0007 0.0004 0.9827 0.0053 0.0013 
        011s  1 0.0016 0.0038 0.0017 0.9829 0.0072 0.0027 
        012s  1 0.1219 0.0076 0.0012 0.7946 0.0687 0.0061 
        013s  1 0.0017 0.0009 0.0085 0.9357 0.0275 0.0256 
        014s  1 0.0238 0.0205 0.0068 0.9421 0.0044 0.0024 
        015s  1 0.0008 0.0008 0.0005 0.9911 0.0064 0.0003 
        016s  1 0.0029 0.0012 0.0081 0.9601 0.0271 0.0006 
        018s  1 0.1480 0.0011 0.0007 0.7807 0.0681 0.0013 
        019s  1 0.0134 0.0044 0.0009 0.8532 0.1277 0.0005 
        020s  1 0.0007 0.0102 0.0100 0.9745 0.0044 0.0002 
        021s  1 0.0002 0.0009 0.0069 0.9625 0.0193 0.0102 
        022s  1 0.0002 0.0003 0.0008 0.0610 0.9375 0.0002 
        023s  1 0.0003 0.0011 0.0107 0.9155 0.0720 0.0005 
        024s  1 0.0014 0.0003 0.0007 0.9910 0.0057 0.0008 
        025s  1 0.0063 0.0005 0.0011 0.9806 0.0097 0.0019 
        026s  1 0.0007 0.0057 0.0103 0.9776 0.0047 0.0010 
        027s  1 0.0016 0.0005 0.0027 0.9525 0.0356 0.0072 
        028s  1 0.0554 0.0015 0.0008 0.8661 0.0218 0.0543 
        029s  1 0.0010 0.0046 0.0006 0.9830 0.0102 0.0006 
        030s  1 0.0012 0.0079 0.0008 0.9839 0.0026 0.0037 
        031s  1 0.0003 0.0003 0.0014 0.9548 0.0429 0.0002 
        032s  1 0.0006 0.0011 0.0009 0.9921 0.0048 0.0006 
        033s  1 0.0038 0.0009 0.0009 0.9853 0.0083 0.0008 
        034s  1 0.0005 0.0041 0.0485 0.3325 0.6136 0.0008 
        035s  1 0.0016 0.0020 0.0008 0.9915 0.0026 0.0015 
        036s  1 0.0840 0.0002 0.0008 0.4003 0.5138 0.0009 
        037s  1 0.1083 0.0018 0.0444 0.7693 0.0657 0.0106 
        038s  1 0.0016 0.0005 0.0009 0.9852 0.0110 0.0008 
        039s  1 0.0005 0.0005 0.0003 0.9666 0.0101 0.0220 
        040s  1 0.0008 0.0006 0.0021 0.8802 0.1135 0.0029 
        041s  1 0.0037 0.0008 0.0031 0.9844 0.0074 0.0005 
        042s  1 0.0771 0.0008 0.0827 0.7811 0.0579 0.0004 
        043s  1 0.0065 0.0015 0.0004 0.0218 0.9693 0.0006 
        044s  1 0.0865 0.0026 0.0064 0.6503 0.2405 0.0137 
        045s  1 0.0071 0.0010 0.0006 0.9875 0.0026 0.0012 
        046s  1 0.0011 0.0022 0.0007 0.9700 0.0254 0.0005 
        047s  1 0.0007 0.0012 0.0057 0.9892 0.0029 0.0003 
        048s  1 0.0542 0.0004 0.0008 0.3451 0.5992 0.0003 
        049s  1 0.0004 0.0010 0.0006 0.0767 0.9204 0.0008 
        050s  1 0.0999 0.0004 0.0006 0.8087 0.0891 0.0014 
        051s  1 0.0002 0.0274 0.0008 0.9617 0.0094 0.0004 
        052s  1 0.0069 0.0168 0.0018 0.9410 0.0251 0.0083 
        053s  1 0.0022 0.0004 0.0006 0.9922 0.0041 0.0005 
        054s  1 0.0003 0.0017 0.0009 0.9912 0.0028 0.0032 
        055s  1 0.0911 0.0026 0.0730 0.8266 0.0056 0.0011 
          01  2 0.1236 0.0307 0.0012 0.8366 0.0065 0.0014 
          02  2 0.0229 0.0018 0.0008 0.9662 0.0059 0.0024 
          03  2 0.0013 0.0004 0.0012 0.9914 0.0049 0.0007 
          04  2 0.0036 0.0008 0.0109 0.9110 0.0555 0.0182 
          05  2 0.1144 0.0002 0.0005 0.0441 0.8405 0.0004 
          06  2 0.0299 0.0008 0.0007 0.9576 0.0094 0.0015 
          07  2 0.0049 0.0010 0.0007 0.7509 0.2403 0.0023 
          08  2 0.0749 0.0010 0.0009 0.1325 0.7902 0.0004 
          09  2 0.0007 0.0088 0.0003 0.9655 0.0245 0.0003 
          10  2 0.0014 0.0007 0.0005 0.9843 0.0124 0.0006 
          11  2 0.0094 0.0099 0.0030 0.9511 0.0258 0.0007 
          12  2 0.0007 0.0021 0.0005 0.9846 0.0113 0.0007 
          13  2 0.0004 0.0005 0.0006 0.8658 0.1321 0.0006 
          14  2 0.0002 0.0020 0.0272 0.5835 0.3826 0.0044 
          15  2 0.0004 0.0011 0.0013 0.7249 0.2719 0.0004 
          16  2 0.0009 0.0032 0.0053 0.9265 0.0080 0.0561 
          17  2 0.0023 0.0010 0.0011 0.9472 0.0475 0.0010 
          18  2 0.0199 0.0014 0.0011 0.9716 0.0029 0.0031 
          19  2 0.0014 0.0019 0.0049 0.9868 0.0047 0.0003 
          20  2 0.0577 0.0020 0.0051 0.9183 0.0095 0.0074 
          21  2 0.0016 0.0154 0.0007 0.9684 0.0136 0.0004 
          22  2 0.0020 0.0040 0.0071 0.9811 0.0026 0.0032 
          23  2 0.0011 0.0010 0.0021 0.9902 0.0035 0.0021 
          24  2 0.0005 0.0008 0.0007 0.9934 0.0039 0.0006 
          25  2 0.0022 0.0019 0.0011 0.8338 0.1312 0.0298 
          26  2 0.0003 0.0007 0.0003 0.0010 0.9975 0.0002 
          27  2 0.0008 0.0010 0.0039 0.9325 0.0308 0.0310 
          28  2 0.0014 0.0010 0.0048 0.9428 0.0498 0.0002 
          29  2 0.0007 0.0007 0.0003 0.9943 0.0034 0.0007 
          30  2 0.1575 0.0079 0.0824 0.6910 0.0604 0.0008 
          01  3 0.4300 0.0005 0.0116 0.3036 0.0359 0.2184 
          02  3 0.3300 0.0740 0.0053 0.1266 0.0018 0.4623 
          03  3 0.3089 0.0006 0.0006 0.0033 0.3741 0.3125 
          04  3 0.4606 0.0008 0.0006 0.0905 0.0956 0.3519 
          05  3 0.3615 0.1155 0.1208 0.0005 0.0005 0.4012 
          06  3 0.4218 0.0003 0.0010 0.0464 0.0322 0.4983 
          07  3 0.3695 0.0013 0.0003 0.0072 0.3735 0.2482 
          08  3 0.3692 0.0039 0.0056 0.0064 0.2919 0.3230 
          09  3 0.4215 0.0002 0.0025 0.0025 0.3069 0.2664 
          10  3 0.1979 0.2188 0.1294 0.0171 0.0201 0.4167 
          11  3 0.4034 0.0002 0.0002 0.0011 0.2932 0.3018 
          12  3 0.4029 0.0002 0.0004 0.0009 0.2883 0.3073 
          13  3 0.4533 0.0221 0.0002 0.0012 0.0028 0.5204 
          14  3 0.3326 0.0442 0.1548 0.0049 0.0060 0.4575 
          15  3 0.3741 0.0004 0.0020 0.0211 0.3283 0.2741 
          16  3 0.3100 0.0035 0.0032 0.0814 0.0012 0.6008 
          17  3 0.4178 0.0007 0.0007 0.2789 0.1239 0.1782 
          18  3 0.2070 0.1674 0.2795 0.0031 0.0071 0.3359 
          19  3 0.3673 0.0008 0.0045 0.0514 0.1125 0.4635 
          20  3 0.4547 0.0002 0.0464 0.0061 0.1816 0.3110 
          21  3 0.3696 0.0012 0.0046 0.1958 0.0531 0.3757 
          22  3 0.4710 0.0003 0.0023 0.0008 0.3033 0.2222 
          23  3 0.4101 0.0002 0.0012 0.1852 0.0455 0.3578 
          24  3 0.4886 0.1682 0.0012 0.0168 0.0407 0.2846 
          25  3 0.3128 0.2508 0.1295 0.0004 0.0010 0.3054 
          26  3 0.4298 0.0004 0.0006 0.0033 0.2271 0.3388 
          27  3 0.2556 0.1309 0.1730 0.0067 0.0656 0.3682 
          28  3 0.4476 0.0015 0.0003 0.0517 0.0352 0.4637 
          29  3 0.3929 0.0042 0.0063 0.1175 0.0585 0.4205 
          30  3 0.4371 0.0005 0.0003 0.0013 0.3164 0.2444 
         001  4 0.9996 0.0001 0.0001 0.0001 0.0001 0.0001 
         002  4 0.9990 0.0002 0.0001 0.0002 0.0002 0.0003 
         003  4 0.9995 0.0001 0.0001 0.0001 0.0001 0.0001 
         004  4 0.9995 0.0001 0.0001 0.0001 0.0001 0.0002 
         005  4 0.9991 0.0003 0.0001 0.0001 0.0002 0.0002 
         006  4 0.9256 0.0003 0.0002 0.0005 0.0003 0.0731 
         007  4 0.9357 0.0002 0.0006 0.0009 0.0101 0.0525 
         008  4 0.9876 0.0028 0.0077 0.0006 0.0009 0.0004 
         009  4 0.9993 0.0002 0.0001 0.0001 0.0001 0.0002 
         010  4 0.9957 0.0001 0.0001 0.0001 0.0001 0.0040 
         011  4 0.9406 0.0004 0.0386 0.0011 0.0008 0.0186 
         012  4 0.9995 0.0001 0.0001 0.0001 0.0001 0.0001 
         013  4 0.9996 0.0001 0.0001 0.0001 0.0001 0.0001 
         014  4 0.9993 0.0001 0.0002 0.0002 0.0002 0.0001 
         015  4 0.9997 0.0001 0.0000 0.0001 0.0001 0.0001 
         016  4 0.9995 0.0001 0.0001 0.0001 0.0001 0.0001 
         017  4 0.9994 0.0001 0.0001 0.0001 0.0001 0.0002 
         019  4 0.9141 0.0005 0.0005 0.0004 0.0002 0.0844 
         020  4 0.9990 0.0003 0.0002 0.0001 0.0002 0.0001 
         021  4 0.9882 0.0003 0.0004 0.0005 0.0002 0.0104 
         001  5 0.9622 0.0018 0.0349 0.0005 0.0005 0.0003 
         002  5 0.9536 0.0016 0.0031 0.0146 0.0267 0.0004 
         003  5 0.7533 0.0003 0.0057 0.1663 0.0018 0.0727 
         004  5 0.9354 0.0003 0.0052 0.0498 0.0089 0.0005 
         005  5 0.9971 0.0002 0.0006 0.0004 0.0003 0.0014 
         006  5 0.8970 0.0005 0.0001 0.0005 0.0004 0.1015 
         007  5 0.9102 0.0003 0.0003 0.0004 0.0002 0.0887 
         008  5 0.9958 0.0003 0.0001 0.0002 0.0001 0.0036 
         009  5 0.9291 0.0002 0.0017 0.0533 0.0120 0.0036 
         010  5 0.9255 0.0005 0.0019 0.0010 0.0032 0.0679 
         011  5 0.9921 0.0003 0.0047 0.0011 0.0012 0.0006 
         012  5 0.8671 0.0006 0.0020 0.0320 0.0187 0.0796 
         013  5 0.7507 0.0004 0.0006 0.1930 0.0044 0.0510 
         014  5 0.7024 0.0131 0.0220 0.1664 0.0010 0.0950 
         015  5 0.9702 0.0002 0.0002 0.0002 0.0002 0.0291 
         016  5 0.9362 0.0007 0.0004 0.0016 0.0011 0.0600 
         017  5 0.8815 0.0055 0.0002 0.0167 0.0144 0.0816 
         018  5 0.8749 0.0309 0.0360 0.0115 0.0089 0.0377 
         019  5 0.9890 0.0081 0.0021 0.0004 0.0003 0.0002 
         020  5 0.9994 0.0001 0.0001 0.0001 0.0001 0.0001 
         021  5 0.8584 0.0004 0.0062 0.1084 0.0261 0.0005 
         022  5 0.9224 0.0031 0.0470 0.0212 0.0020 0.0042 
         023  5 0.9658 0.0004 0.0025 0.0018 0.0011 0.0285 
         024  5 0.8885 0.0003 0.0003 0.0369 0.0094 0.0646 
         025  5 0.8858 0.0005 0.0006 0.0228 0.0202 0.0701 
         026  5 0.8380 0.0004 0.0003 0.1448 0.0006 0.0159 
         027  5 0.9992 0.0001 0.0002 0.0002 0.0002 0.0002 
         028  5 0.9235 0.0008 0.0177 0.0051 0.0038 0.0492 
         029  5 0.9961 0.0003 0.0003 0.0004 0.0005 0.0024 
         030  5 0.9889 0.0064 0.0023 0.0009 0.0007 0.0009 
        001s  6 0.0005 0.0009 0.0157 0.7230 0.2281 0.0317 
        002s  6 0.0457 0.0195 0.0011 0.9294 0.0037 0.0007 
        003s  6 0.0167 0.0004 0.0029 0.8559 0.1237 0.0004 
        004s  6 0.0003 0.0005 0.0008 0.9895 0.0086 0.0003 
        006s  6 0.0574 0.0013 0.0143 0.8957 0.0087 0.0225 
        007s  6 0.0005 0.0008 0.0005 0.9930 0.0028 0.0024 
        008s  6 0.0036 0.0035 0.0052 0.9800 0.0071 0.0005 
        009s  6 0.0004 0.0011 0.0007 0.9944 0.0030 0.0004 
        010s  6 0.0094 0.0090 0.0112 0.9617 0.0024 0.0064 
        011s  6 0.0004 0.0003 0.0012 0.9936 0.0023 0.0022 
        012s  6 0.0005 0.0023 0.0014 0.9836 0.0082 0.0041 
        013s  6 0.0013 0.0005 0.0003 0.9941 0.0032 0.0007 
        014s  6 0.0767 0.0002 0.0004 0.4937 0.4287 0.0003 
        015s  6 0.0095 0.0013 0.0052 0.9738 0.0027 0.0075 
        016s  6 0.0003 0.0005 0.0012 0.9072 0.0898 0.0010 
        018s  6 0.2679 0.0007 0.0026 0.7226 0.0042 0.0021 
        019s  6 0.0074 0.0007 0.0026 0.8532 0.1342 0.0019 
        020s  6 0.0003 0.0008 0.0005 0.9728 0.0249 0.0006 
        021s  6 0.0016 0.0013 0.0045 0.9751 0.0034 0.0141 
        022s  6 0.0012 0.0004 0.0044 0.9519 0.0418 0.0003 
        023s  6 0.0160 0.0002 0.0006 0.3737 0.6089 0.0005 
        024s  6 0.0356 0.0014 0.0009 0.9434 0.0164 0.0023 
        025s  6 0.0010 0.0005 0.0703 0.9228 0.0048 0.0007 
        026s  6 0.0006 0.0022 0.0004 0.9780 0.0182 0.0006 
        027s  6 0.0013 0.0015 0.0004 0.9851 0.0113 0.0005 
        028s  6 0.0139 0.0444 0.0078 0.9262 0.0010 0.0068 
        029s  6 0.0006 0.0017 0.0011 0.9935 0.0028 0.0003 
        030s  6 0.0716 0.0033 0.0099 0.9127 0.0021 0.0005 
        031s  6 0.0007 0.0005 0.0003 0.3254 0.6688 0.0042 
        032s  6 0.0076 0.0005 0.0009 0.9808 0.0089 0.0014 
        033s  6 0.0937 0.0005 0.0010 0.9005 0.0041 0.0003 
        034s  6 0.0015 0.0004 0.0136 0.9725 0.0093 0.0027 
        035s  6 0.1192 0.0005 0.0006 0.0010 0.8784 0.0003 
        036s  6 0.0006 0.0002 0.0012 0.9882 0.0038 0.0060 
        037s  6 0.0010 0.0020 0.0015 0.9899 0.0049 0.0008 
        038s  6 0.0004 0.0012 0.0009 0.8984 0.0973 0.0018 
        039s  6 0.0003 0.0007 0.0007 0.9941 0.0040 0.0002 
        040s  6 0.0002 0.0005 0.0004 0.8418 0.1543 0.0028 
        041s  6 0.0318 0.0038 0.0029 0.3171 0.6442 0.0002 
        042s  6 0.0098 0.0042 0.0583 0.9204 0.0067 0.0007 
        043s  6 0.0006 0.0002 0.0065 0.9879 0.0038 0.0010 
        044s  6 0.0009 0.0031 0.0007 0.8270 0.1677 0.0005 
        045s  6 0.0055 0.0009 0.0024 0.9787 0.0122 0.0004 
        001s  7 0.0008 0.0004 0.0010 0.1294 0.8680 0.0003 
        002s  7 0.0103 0.0007 0.0012 0.5049 0.4817 0.0011 
        003s  7 0.0009 0.0012 0.0008 0.0554 0.9402 0.0015 
        004s  7 0.0009 0.0012 0.0006 0.9806 0.0136 0.0031 
        005s  7 0.0120 0.0007 0.0018 0.9636 0.0193 0.0026 
        006s  7 0.0589 0.0005 0.0043 0.9318 0.0032 0.0014 
        007s  7 0.0059 0.0148 0.0019 0.9659 0.0047 0.0069 
        008s  7 0.0069 0.0021 0.0010 0.0114 0.9781 0.0003 
        009s  7 0.0025 0.0006 0.0112 0.9698 0.0138 0.0021 
        010s  7 0.0007 0.0006 0.0010 0.0117 0.9858 0.0002 
        011s  7 0.0003 0.0007 0.0010 0.9903 0.0072 0.0005 
        012s  7 0.0005 0.0005 0.0006 0.9960 0.0018 0.0005 
        013s  7 0.0004 0.0008 0.0041 0.9771 0.0108 0.0068 
        014s  7 0.0248 0.0004 0.0003 0.4022 0.5720 0.0004 
        015s  7 0.0121 0.0010 0.0012 0.9794 0.0050 0.0013 
        016s  7 0.0804 0.0003 0.0014 0.0007 0.9170 0.0002 
        017s  7 0.0013 0.0004 0.0006 0.9883 0.0087 0.0006 
        018s  7 0.0025 0.0036 0.0007 0.9869 0.0058 0.0006 
        019s  7 0.0011 0.0029 0.0134 0.9747 0.0066 0.0013 
        020s  7 0.0005 0.0003 0.0004 0.9820 0.0153 0.0015 
        021s  7 0.0021 0.0013 0.0008 0.9895 0.0057 0.0006 
        022s  7 0.0020 0.0003 0.0010 0.9922 0.0019 0.0026 
        023s  7 0.0081 0.0017 0.0161 0.9520 0.0210 0.0011 
        024s  7 0.0009 0.0015 0.0006 0.9928 0.0035 0.0007 
        025s  7 0.0007 0.0010 0.0011 0.9878 0.0042 0.0052 
        026s  7 0.0011 0.0014 0.0015 0.0566 0.9392 0.0003 
        027s  7 0.0013 0.0009 0.0005 0.4911 0.5054 0.0008 
        028s  7 0.0055 0.0002 0.0004 0.9850 0.0080 0.0008 
        029s  7 0.0111 0.0010 0.0026 0.9387 0.0459 0.0007 
        030s  7 0.0003 0.0054 0.0039 0.8228 0.1668 0.0008 
        031s  7 0.0026 0.0005 0.0149 0.9711 0.0099 0.0011 
        032s  7 0.1010 0.0024 0.0003 0.8929 0.0030 0.0004 
        033s  7 0.0414 0.0033 0.0016 0.9499 0.0030 0.0009 
        034s  7 0.0013 0.0015 0.0006 0.9509 0.0035 0.0422 
        035s  7 0.0004 0.0006 0.0014 0.9939 0.0034 0.0003 
        036s  7 0.0004 0.0005 0.0086 0.9556 0.0322 0.0026 
        037s  7 0.0651 0.0007 0.0042 0.9099 0.0154 0.0047 
        038s  7 0.0121 0.0011 0.0015 0.9802 0.0045 0.0007 
        039s  7 0.0005 0.0003 0.0003 0.8149 0.1838 0.0003 
        040s  7 0.0028 0.0003 0.0004 0.0034 0.9775 0.0157 
        041s  7 0.0329 0.0019 0.0015 0.7567 0.2064 0.0006 
        042s  7 0.0018 0.0002 0.0003 0.0797 0.9176 0.0003 
        043s  7 0.0013 0.0005 0.0041 0.9848 0.0092 0.0002 
        044s  7 0.0538 0.0018 0.0267 0.8973 0.0034 0.0171 
         003  8 0.0043 0.0127 0.0006 0.9774 0.0038 0.0012 
         009  8 0.0014 0.0006 0.0011 0.9905 0.0058 0.0006 
         010  8 0.0003 0.0004 0.0020 0.9899 0.0070 0.0003 
         017  8 0.0007 0.0012 0.0035 0.9903 0.0037 0.0006 
         002  9 0.0004 0.0006 0.0013 0.9897 0.0072 0.0008 
         003  9 0.0002 0.0003 0.0004 0.9963 0.0024 0.0004 
         004  9 0.0003 0.0004 0.0010 0.9919 0.0061 0.0002 
         005  9 0.0004 0.0010 0.0045 0.9892 0.0041 0.0009 
         006  9 0.0011 0.0008 0.0017 0.9914 0.0043 0.0007 
         007  9 0.0034 0.0010 0.0012 0.9853 0.0089 0.0002 
         009  9 0.0014 0.0010 0.0023 0.9877 0.0073 0.0003 
         010  9 0.0003 0.0021 0.0016 0.9936 0.0020 0.0004 
         013  9 0.0008 0.0004 0.0010 0.9827 0.0144 0.0007 
         014  9 0.0004 0.0045 0.0020 0.9851 0.0078 0.0002 
         016  9 0.0002 0.0011 0.0007 0.9950 0.0028 0.0002 
         018  9 0.0010 0.0050 0.0015 0.9895 0.0023 0.0008 
         019  9 0.0006 0.0053 0.0004 0.9904 0.0025 0.0008 
         020  9 0.0003 0.0003 0.0004 0.9977 0.0009 0.0003 
         021  9 0.0004 0.0003 0.0009 0.9958 0.0024 0.0002 
         022  9 0.0003 0.0012 0.0006 0.9907 0.0069 0.0003 
         024  9 0.0005 0.0021 0.0036 0.9835 0.0099 0.0004 
         028  9 0.0005 0.0006 0.0016 0.9916 0.0050 0.0008 
         029  9 0.0003 0.0011 0.0007 0.9902 0.0073 0.0003 
         030  9 0.0004 0.0011 0.0012 0.9939 0.0031 0.0004 
         031  9 0.0016 0.0009 0.0005 0.9886 0.0080 0.0004 
         033  9 0.0058 0.0008 0.0015 0.9790 0.0124 0.0005 
         001 10 0.0004 0.0010 0.0003 0.9921 0.0059 0.0003 
         002 10 0.0004 0.0013 0.0008 0.9898 0.0075 0.0002 
         003 10 0.0003 0.0005 0.0129 0.9835 0.0021 0.0008 
         004 10 0.0004 0.0005 0.0027 0.9108 0.0853 0.0003 
         005 10 0.0003 0.0013 0.0010 0.9927 0.0042 0.0004 
         006 10 0.0012 0.0005 0.0007 0.9943 0.0029 0.0003 
         007 10 0.0006 0.0005 0.0020 0.9905 0.0059 0.0004 
         008 10 0.0006 0.0007 0.0042 0.9923 0.0014 0.0008 
         009 10 0.0005 0.0046 0.0005 0.9885 0.0049 0.0009 
         010 10 0.0007 0.0025 0.0009 0.9789 0.0167 0.0003 
         011 10 0.0004 0.0004 0.0349 0.9578 0.0056 0.0009 
         012 10 0.0007 0.0007 0.0022 0.9917 0.0036 0.0012 
         013 10 0.0003 0.0006 0.0007 0.9934 0.0030 0.0020 
         014 10 0.0004 0.0004 0.0009 0.7650 0.2322 0.0011 
         016 10 0.0006 0.0013 0.0009 0.9908 0.0057 0.0007 
         017 10 0.0005 0.0010 0.0010 0.9932 0.0034 0.0010 
         018 10 0.0074 0.0022 0.0006 0.9864 0.0029 0.0005 
         019 10 0.0004 0.0044 0.0015 0.9906 0.0027 0.0004 
         020 10 0.0009 0.0073 0.0023 0.9794 0.0093 0.0008 
         021 10 0.0010 0.0026 0.0004 0.9700 0.0258 0.0002 
         022 10 0.0003 0.0002 0.0008 0.9675 0.0306 0.0005 
         023 10 0.0002 0.0004 0.0007 0.9957 0.0022 0.0007 
         024 10 0.0004 0.0015 0.0023 0.9910 0.0046 0.0001 
         026 10 0.0005 0.0006 0.0005 0.9970 0.0011 0.0004 
        001s 11 0.0860 0.0006 0.0099 0.7218 0.1811 0.0006 
        002s 11 0.0005 0.0036 0.0019 0.9791 0.0075 0.0073 
        003s 11 0.0062 0.0016 0.0005 0.9650 0.0264 0.0003 
        004s 11 0.0003 0.0002 0.0015 0.9880 0.0087 0.0013 
        005s 11 0.0022 0.0062 0.0006 0.9307 0.0597 0.0006 
        006s 11 0.0010 0.0016 0.0028 0.9571 0.0262 0.0114 
        007s 11 0.0084 0.0018 0.0010 0.8712 0.0797 0.0380 
        008s 11 0.0005 0.0009 0.0004 0.9899 0.0078 0.0004 
        009s 11 0.0004 0.0157 0.0005 0.9813 0.0018 0.0003 
        010s 11 0.0010 0.0006 0.0011 0.8598 0.1370 0.0004 
        011s 11 0.0949 0.0003 0.0070 0.1040 0.7898 0.0040 
        012s 11 0.1100 0.0008 0.0003 0.8657 0.0229 0.0003 
        013s 11 0.0009 0.0003 0.0010 0.7492 0.2481 0.0005 
        014s 11 0.0019 0.0014 0.0010 0.1521 0.8389 0.0047 
        015s 11 0.0022 0.0013 0.0040 0.9716 0.0191 0.0017 
        016s 11 0.0325 0.0060 0.0579 0.6611 0.2421 0.0003 
        017s 11 0.0920 0.0006 0.0019 0.8752 0.0299 0.0004 
        018s 11 0.0030 0.0016 0.0007 0.0794 0.9141 0.0011 
        019s 11 0.0005 0.0002 0.0215 0.9677 0.0092 0.0008 
        020s 11 0.0008 0.0030 0.0015 0.3245 0.6692 0.0010 
        021s 11 0.0004 0.0004 0.0010 0.9958 0.0017 0.0006 
        022s 11 0.0015 0.0006 0.0005 0.9586 0.0080 0.0308 
        023s 11 0.0239 0.0005 0.0249 0.1338 0.8167 0.0002 
        025s 11 0.0006 0.0003 0.0007 0.9900 0.0082 0.0003 
        026s 11 0.0371 0.0009 0.0558 0.9013 0.0045 0.0005 
        027s 11 0.0009 0.0005 0.0009 0.9896 0.0061 0.0019 
        028s 11 0.0068 0.0003 0.0012 0.9871 0.0039 0.0008 
        029s 11 0.0537 0.0012 0.0004 0.9417 0.0025 0.0004 
        030s 11 0.0494 0.0011 0.0009 0.9399 0.0078 0.0008 
        031s 11 0.0004 0.0007 0.0003 0.9927 0.0048 0.0012 
        032s 11 0.0011 0.0009 0.0025 0.9222 0.0729 0.0004 
        033s 11 0.0045 0.0016 0.0008 0.9217 0.0707 0.0006 
        034s 11 0.0007 0.0003 0.0004 0.1510 0.8462 0.0013 
        035s 11 0.0014 0.0015 0.0002 0.4531 0.5421 0.0016 
        036s 11 0.0140 0.0012 0.0004 0.9731 0.0095 0.0017 
        037s 11 0.0010 0.0008 0.0017 0.0679 0.9284 0.0003 
        038s 11 0.0016 0.0006 0.0004 0.6952 0.3015 0.0006 
        039s 11 0.0019 0.0006 0.0010 0.9890 0.0072 0.0003 
        040s 11 0.0720 0.0008 0.0005 0.9233 0.0010 0.0024 
        041s 11 0.0009 0.0259 0.0024 0.9618 0.0080 0.0010 
        042s 11 0.0006 0.0012 0.0078 0.5119 0.4775 0.0010 
        043s 11 0.0395 0.0004 0.0263 0.9273 0.0059 0.0006 
        044s 11 0.0004 0.0008 0.0047 0.9511 0.0363 0.0068 
        045s 11 0.0004 0.0004 0.0117 0.9735 0.0118 0.0023 
        046s 11 0.0083 0.0008 0.0340 0.2232 0.7324 0.0013 
        047s 11 0.0005 0.0006 0.0012 0.9925 0.0038 0.0013 
        048s 11 0.0046 0.0023 0.0350 0.9535 0.0023 0.0023 
        049s 11 0.0013 0.0012 0.0014 0.9892 0.0063 0.0005 
        050s 11 0.0004 0.0003 0.0011 0.9937 0.0030 0.0015 
        051s 11 0.0004 0.0005 0.0475 0.8780 0.0514 0.0222 
        052s 11 0.0010 0.0012 0.0029 0.1477 0.8453 0.0018 
        053s 11 0.0004 0.0012 0.0009 0.9894 0.0076 0.0004 
        054s 11 0.0008 0.0004 0.0007 0.9869 0.0052 0.0060 
        055s 11 0.0574 0.0003 0.0005 0.1032 0.8375 0.0011 
        001s 12 0.0015 0.0009 0.0011 0.9784 0.0130 0.0051 
        002s 12 0.0010 0.0021 0.0010 0.9939 0.0017 0.0004 
        003s 12 0.0003 0.0005 0.0004 0.9930 0.0052 0.0005 
        004s 12 0.0524 0.0025 0.0093 0.9238 0.0117 0.0004 
        005s 12 0.0003 0.0012 0.0009 0.4351 0.5618 0.0008 
        006s 12 0.0290 0.0006 0.0014 0.9386 0.0277 0.0028 
        007s 12 0.0012 0.0032 0.0017 0.9897 0.0028 0.0015 
        008s 12 0.0110 0.0006 0.0005 0.9825 0.0043 0.0011 
        009s 12 0.0216 0.0233 0.0051 0.9230 0.0257 0.0013 
        010s 12 0.0089 0.0012 0.0003 0.9116 0.0438 0.0341 
        011s 12 0.0014 0.0010 0.0007 0.9874 0.0073 0.0021 
        012s 12 0.0011 0.0005 0.0032 0.9854 0.0029 0.0070 
        013s 12 0.0009 0.0008 0.0340 0.9609 0.0030 0.0005 
        014s 12 0.0013 0.0053 0.0350 0.4005 0.5218 0.0361 
        015s 12 0.0044 0.0021 0.0010 0.9890 0.0028 0.0006 
        016s 12 0.0005 0.0005 0.0050 0.9911 0.0024 0.0006 
        017s 12 0.0038 0.0004 0.0009 0.9741 0.0200 0.0008 
        018s 12 0.0028 0.0025 0.0016 0.9746 0.0183 0.0003 
        019s 12 0.0053 0.0032 0.0004 0.9661 0.0245 0.0004 
        020s 12 0.0825 0.0002 0.0007 0.9071 0.0089 0.0006 
        021s 12 0.0037 0.0005 0.0016 0.9896 0.0040 0.0005 
        022s 12 0.0444 0.0041 0.0041 0.9105 0.0356 0.0013 
        023s 12 0.0004 0.0010 0.0011 0.9900 0.0072 0.0004 
        024s 12 0.0006 0.0003 0.0005 0.5520 0.4463 0.0003 
        025s 12 0.0028 0.0044 0.0008 0.9846 0.0048 0.0025 
        026s 12 0.0277 0.0135 0.0005 0.8960 0.0618 0.0005 
        027s 12 0.0025 0.0005 0.0006 0.9910 0.0045 0.0010 
        028s 12 0.0012 0.0112 0.0025 0.0730 0.9118 0.0004 
        029s 12 0.0005 0.0004 0.0008 0.7065 0.2914 0.0004 
        030s 12 0.0006 0.0004 0.0005 0.9872 0.0101 0.0012 
        031s 12 0.0040 0.0009 0.0022 0.9883 0.0036 0.0010 
        032s 12 0.0003 0.0104 0.0009 0.1534 0.8343 0.0006 
        033s 12 0.0012 0.0006 0.0005 0.9803 0.0093 0.0081 
        034s 12 0.0003 0.0006 0.0003 0.1259 0.8725 0.0004 
        035s 12 0.0154 0.0005 0.0004 0.9198 0.0631 0.0008 
        036s 12 0.0026 0.0033 0.0006 0.9404 0.0453 0.0078 
        037s 12 0.0011 0.0009 0.0006 0.9950 0.0021 0.0003 
        001s 13 0.0100 0.0011 0.0022 0.9749 0.0110 0.0008 
        002s 13 0.0749 0.0004 0.0013 0.1053 0.8179 0.0003 
        003s 13 0.0009 0.0009 0.0009 0.9932 0.0037 0.0003 
        004s 13 0.0007 0.0117 0.0027 0.9775 0.0070 0.0005 
        005s 13 0.0030 0.0027 0.0028 0.9836 0.0030 0.0050 
        006s 13 0.0008 0.0010 0.0007 0.9896 0.0066 0.0013 
        007s 13 0.0009 0.0004 0.0007 0.9561 0.0083 0.0335 
        008s 13 0.0570 0.0013 0.0009 0.9376 0.0017 0.0016 
        009s 13 0.1283 0.0068 0.0007 0.8528 0.0087 0.0027 
        010s 13 0.0720 0.0015 0.0011 0.9193 0.0056 0.0006 
        011s 13 0.0033 0.0069 0.0023 0.7780 0.1854 0.0242 
        012s 13 0.0540 0.0037 0.0197 0.9087 0.0108 0.0030 
        013s 13 0.0083 0.0008 0.0056 0.3480 0.6245 0.0128 
        014s 13 0.0006 0.0007 0.0033 0.9593 0.0013 0.0348 
        015s 13 0.0078 0.0131 0.0077 0.9472 0.0236 0.0005 
        016s 13 0.0004 0.0005 0.0012 0.9949 0.0024 0.0005 
        017s 13 0.0172 0.0035 0.0006 0.9577 0.0109 0.0100 
        018s 13 0.0005 0.0005 0.0008 0.9898 0.0081 0.0003 
        019s 13 0.0005 0.0004 0.0011 0.9698 0.0270 0.0013 
        020s 13 0.0011 0.0022 0.0004 0.0898 0.9036 0.0029 
        021s 13 0.0008 0.0007 0.0014 0.9899 0.0069 0.0004 
        022s 13 0.0018 0.0004 0.0007 0.9940 0.0025 0.0005 
        023s 13 0.0014 0.0006 0.0003 0.9815 0.0159 0.0003 
        024s 13 0.0202 0.0007 0.0386 0.9284 0.0087 0.0034 
        025s 13 0.0007 0.0009 0.0019 0.9914 0.0045 0.0005 
        026s 13 0.0900 0.0005 0.0063 0.8848 0.0139 0.0046 
        027s 13 0.0485 0.0044 0.0011 0.9426 0.0022 0.0012 
        028s 13 0.0039 0.0119 0.0035 0.5276 0.4394 0.0137 
        029s 13 0.0120 0.0005 0.0010 0.1122 0.8732 0.0010 
        030s 13 0.0605 0.0004 0.0275 0.3600 0.5511 0.0005 
        031s 13 0.0023 0.0008 0.1015 0.8916 0.0020 0.0018 
        032s 13 0.0005 0.0005 0.0004 0.9918 0.0045 0.0024 
        033s 13 0.0023 0.0006 0.0010 0.9503 0.0079 0.0378 
        034s 13 0.0194 0.0028 0.0012 0.0410 0.9313 0.0043 
        035s 13 0.0006 0.0014 0.0049 0.8036 0.1889 0.0004 
        036s 13 0.0028 0.0007 0.0005 0.8740 0.1214 0.0005 
        037s 13 0.0003 0.0006 0.0019 0.9870 0.0095 0.0006 
        038s 13 0.0009 0.0015 0.0010 0.4887 0.5058 0.0021 
        039s 13 0.1013 0.0007 0.0728 0.8056 0.0188 0.0007 
        040s 13 0.0012 0.0005 0.0009 0.9918 0.0047 0.0008 
        041s 13 0.0571 0.0004 0.0016 0.9326 0.0059 0.0024 
        042s 13 0.0004 0.0007 0.0008 0.0646 0.9328 0.0007 
        001s 14 0.0196 0.0015 0.0011 0.2488 0.7283 0.0008 
        002s 14 0.0636 0.0029 0.0012 0.9247 0.0056 0.0019 
        003s 14 0.0004 0.0007 0.0006 0.0160 0.9819 0.0005 
        004s 14 0.0097 0.0006 0.0034 0.9737 0.0054 0.0072 
        005s 14 0.0003 0.0005 0.0005 0.8300 0.1685 0.0002 
        006s 14 0.0005 0.0004 0.0003 0.9803 0.0180 0.0006 
        007s 14 0.0006 0.0004 0.0014 0.9880 0.0087 0.0008 
        008s 14 0.0805 0.0197 0.0014 0.0744 0.8218 0.0021 
        009s 14 0.0021 0.0064 0.0010 0.9739 0.0161 0.0005 
        010s 14 0.0452 0.0198 0.0013 0.5744 0.3588 0.0004 
        011s 14 0.0042 0.0006 0.0009 0.5593 0.4047 0.0303 
        012s 14 0.0005 0.0015 0.0016 0.0894 0.9056 0.0014 
        013s 14 0.0008 0.0007 0.0037 0.8837 0.1073 0.0038 
        014s 14 0.0403 0.0080 0.0010 0.9353 0.0150 0.0004 
        015s 14 0.0009 0.0071 0.0029 0.9582 0.0302 0.0007 
        016s 14 0.0009 0.0005 0.0119 0.9841 0.0023 0.0003 
        017s 14 0.0550 0.0005 0.0009 0.9224 0.0063 0.0149 
        018s 14 0.0009 0.0009 0.0012 0.9907 0.0058 0.0004 
        019s 14 0.0013 0.0004 0.0009 0.9874 0.0076 0.0024 
        020s 14 0.0006 0.0073 0.0013 0.1706 0.8200 0.0003 
        021s 14 0.0053 0.0084 0.0004 0.9821 0.0034 0.0003 
        022s 14 0.0061 0.0020 0.0017 0.9743 0.0135 0.0024 
        023s 14 0.0042 0.0025 0.0031 0.9783 0.0111 0.0008 
        024s 14 0.0558 0.0020 0.0013 0.7335 0.2063 0.0010 
        025s 14 0.0635 0.0004 0.0003 0.8907 0.0449 0.0002 
        026s 14 0.0008 0.0017 0.0010 0.9886 0.0077 0.0003 
        027s 14 0.0028 0.0008 0.0033 0.9292 0.0633 0.0007 
        028s 14 0.0006 0.0020 0.0007 0.9655 0.0293 0.0019 
        029s 14 0.0003 0.0006 0.0012 0.9918 0.0059 0.0002 
        030s 14 0.0008 0.0007 0.0004 0.8989 0.0865 0.0126 
        031s 14 0.0004 0.0003 0.0016 0.7431 0.2375 0.0171 
        032s 14 0.0008 0.0005 0.0019 0.6984 0.2975 0.0009 
        033s 14 0.0006 0.0007 0.0005 0.6043 0.3424 0.0515 
        034s 14 0.0004 0.0005 0.0005 0.9961 0.0021 0.0003 
        035s 14 0.0787 0.0005 0.0011 0.7913 0.0466 0.0817 
        036s 14 0.0529 0.0015 0.0073 0.0723 0.8322 0.0338 
        037s 14 0.0010 0.0010 0.0032 0.9792 0.0153 0.0003 
        038s 14 0.0008 0.0007 0.0004 0.9819 0.0155 0.0008 
        039s 14 0.0026 0.0027 0.0051 0.9762 0.0116 0.0018 
        040s 14 0.0155 0.0004 0.0011 0.9660 0.0167 0.0004 
        041s 14 0.0006 0.0005 0.0005 0.6501 0.3471 0.0012 
        042s 14 0.0761 0.0011 0.0021 0.9030 0.0173 0.0004 
        001s 15 0.0006 0.0010 0.0006 0.5240 0.4734 0.0004 
        002s 15 0.0918 0.0057 0.0142 0.7789 0.1080 0.0014 
        003s 15 0.0115 0.0010 0.0070 0.9763 0.0034 0.0008 
        004s 15 0.0007 0.0092 0.0002 0.9871 0.0024 0.0004 
        005s 15 0.0130 0.0012 0.0052 0.9766 0.0018 0.0022 
        006s 15 0.0163 0.0005 0.0009 0.9729 0.0082 0.0012 
        007s 15 0.0004 0.0012 0.0005 0.9881 0.0094 0.0004 
        008s 15 0.0006 0.0005 0.0008 0.9865 0.0111 0.0005 
        009s 15 0.0315 0.0009 0.0355 0.9204 0.0094 0.0024 
        010s 15 0.0006 0.0003 0.0011 0.1396 0.8580 0.0004 
        011s 15 0.0010 0.0005 0.0012 0.9279 0.0058 0.0635 
        012s 15 0.0024 0.0011 0.0015 0.9898 0.0036 0.0016 
        013s 15 0.0007 0.0039 0.0008 0.0846 0.9097 0.0003 
        014s 15 0.0014 0.0042 0.0054 0.9808 0.0075 0.0008 
        015s 15 0.0783 0.0011 0.0032 0.9118 0.0014 0.0041 
        016s 15 0.0026 0.0326 0.0005 0.1079 0.7935 0.0630 
        017s 15 0.0017 0.0111 0.0016 0.9791 0.0057 0.0008 
        018s 15 0.0014 0.0018 0.0005 0.4612 0.5349 0.0002 
        019s 15 0.0040 0.0006 0.0040 0.3931 0.5978 0.0005 
        020s 15 0.0004 0.0005 0.0003 0.5217 0.4764 0.0006 
        021s 15 0.0780 0.0021 0.0028 0.8772 0.0391 0.0008 
        022s 15 0.0011 0.0008 0.0006 0.9859 0.0099 0.0017 
        023s 15 0.0323 0.0006 0.0008 0.9592 0.0046 0.0024 
        024s 15 0.0014 0.0002 0.0009 0.9942 0.0016 0.0017 
        025s 15 0.0069 0.0016 0.0240 0.9489 0.0173 0.0012 
        026s 15 0.0010 0.0033 0.0200 0.9618 0.0131 0.0007 
        027s 15 0.0037 0.0144 0.0006 0.9493 0.0233 0.0086 
        028s 15 0.0004 0.0030 0.0011 0.9838 0.0104 0.0013 
        029s 15 0.0006 0.0014 0.0015 0.9919 0.0038 0.0008 
        030s 15 0.0005 0.0014 0.0006 0.9918 0.0054 0.0003 
        031s 15 0.0660 0.0012 0.0054 0.8709 0.0552 0.0013 
        032s 15 0.0006 0.0009 0.0019 0.9949 0.0016 0.0002 
        033s 15 0.0279 0.0010 0.0003 0.0209 0.9488 0.0010 
        035s 15 0.0023 0.0015 0.0008 0.9898 0.0027 0.0029 
        036s 15 0.0009 0.0003 0.0037 0.5596 0.4340 0.0014 
        037s 15 0.0009 0.0004 0.0015 0.9770 0.0108 0.0095 
        038s 15 0.0032 0.0008 0.0004 0.9917 0.0029 0.0010 
        039s 15 0.0738 0.0005 0.0002 0.4806 0.4445 0.0004 
        040s 15 0.0029 0.0024 0.0006 0.9718 0.0207 0.0017 
        041s 15 0.0706 0.0006 0.0031 0.9080 0.0113 0.0064 
        042s 15 0.0053 0.0032 0.0008 0.9852 0.0050 0.0005 
        043s 15 0.0050 0.0003 0.0018 0.5004 0.4917 0.0008 
        044s 15 0.0069 0.0009 0.0007 0.9875 0.0031 0.0008 
        045s 15 0.0019 0.0014 0.0786 0.8747 0.0087 0.0347 
        046s 15 0.0202 0.0004 0.0011 0.9502 0.0225 0.0056 
        047s 15 0.0276 0.0006 0.0006 0.9621 0.0070 0.0020 
        048s 15 0.0005 0.0010 0.0130 0.6558 0.3292 0.0005 
        049s 15 0.0159 0.0003 0.0005 0.9550 0.0270 0.0013 
        050s 15 0.1344 0.0118 0.0023 0.8440 0.0067 0.0008 
         001 16 0.1596 0.0027 0.0008 0.0828 0.7441 0.0100 
         002 16 0.0512 0.0002 0.0008 0.9431 0.0039 0.0009 
         003 16 0.0038 0.0022 0.0022 0.9824 0.0040 0.0054 
         004 16 0.0013 0.0004 0.0013 0.9937 0.0024 0.0009 
         005 16 0.0551 0.0020 0.0257 0.9028 0.0088 0.0056 
         006 16 0.0165 0.0009 0.0122 0.9672 0.0020 0.0012 
         007 16 0.0043 0.0010 0.0013 0.9682 0.0245 0.0007 
         008 16 0.1407 0.0009 0.0007 0.7441 0.1095 0.0041 
         009 16 0.0014 0.0019 0.0005 0.3734 0.6222 0.0005 
         010 16 0.0286 0.0006 0.0008 0.7721 0.1974 0.0005 
         011 16 0.0034 0.0006 0.0019 0.1138 0.8795 0.0008 
         012 16 0.0007 0.0011 0.0013 0.9556 0.0391 0.0022 
         013 16 0.0004 0.0006 0.0005 0.9928 0.0050 0.0007 
         014 16 0.0395 0.0013 0.0003 0.9564 0.0017 0.0007 
         015 16 0.0003 0.0005 0.3690 0.6255 0.0024 0.0023 
         016 16 0.0014 0.0052 0.0145 0.9762 0.0025 0.0002 
         017 16 0.0029 0.0008 0.0010 0.2501 0.7400 0.0052 
         018 16 0.0372 0.0066 0.0273 0.9250 0.0016 0.0024 
         019 16 0.0392 0.0011 0.0006 0.0744 0.8802 0.0045 
         020 16 0.0003 0.0008 0.0007 0.9925 0.0051 0.0006 
         021 16 0.0938 0.0047 0.0007 0.8549 0.0107 0.0351 
         022 16 0.0336 0.0009 0.0019 0.9615 0.0017 0.0004 
         023 16 0.0096 0.0006 0.0094 0.0762 0.9037 0.0005 
         024 16 0.0045 0.0012 0.0222 0.4417 0.5299 0.0004 
         025 16 0.0257 0.0011 0.0022 0.1737 0.7812 0.0162 
         026 16 0.1079 0.0006 0.0035 0.8833 0.0035 0.0013 
         027 16 0.0143 0.0119 0.0014 0.9580 0.0139 0.0005 
         028 16 0.1469 0.0160 0.0004 0.7937 0.0176 0.0254 
         029 16 0.0014 0.0012 0.0007 0.9543 0.0051 0.0373 
         030 16 0.0006 0.0004 0.0006 0.4328 0.5603 0.0054 
         031 16 0.0012 0.0154 0.0007 0.9787 0.0029 0.0011 
         032 16 0.0909 0.0007 0.0065 0.8953 0.0058 0.0007 
         033 16 0.0005 0.0004 0.0003 0.9903 0.0073 0.0012 
         034 16 0.0020 0.0005 0.0008 0.3982 0.5972 0.0014 
         035 16 0.0002 0.0006 0.0003 0.9941 0.0042 0.0006 
         036 16 0.0006 0.0015 0.0022 0.8645 0.1308 0.0004 
         037 16 0.0144 0.0005 0.0058 0.5184 0.4509 0.0101 
         038 16 0.0019 0.0013 0.0070 0.9331 0.0555 0.0011 
         039 16 0.0017 0.0015 0.0005 0.6533 0.3428 0.0003 
         040 16 0.0008 0.0005 0.0016 0.9848 0.0108 0.0016 
         041 16 0.0007 0.0004 0.0012 0.9889 0.0080 0.0008 
         042 16 0.0010 0.0020 0.0007 0.8886 0.1069 0.0008 
         043 16 0.0009 0.0011 0.0010 0.9825 0.0139 0.0006 
         044 16 0.0030 0.0016 0.0017 0.2994 0.6936 0.0007 
         045 16 0.0022 0.0023 0.0002 0.9785 0.0108 0.0059 
         047 16 0.0017 0.0056 0.0013 0.9466 0.0111 0.0337 
         048 16 0.0017 0.0007 0.0007 0.9880 0.0043 0.0046 
         049 16 0.0006 0.0005 0.0034 0.8779 0.1140 0.0037 
         050 16 0.0006 0.0003 0.0004 0.9901 0.0079 0.0008 
         051 16 0.0012 0.0017 0.0006 0.9711 0.0237 0.0017 
         052 16 0.0003 0.0004 0.0007 0.9683 0.0299 0.0005 
         053 16 0.0004 0.0009 0.0006 0.9773 0.0198 0.0010 
         054 16 0.0548 0.0012 0.0007 0.5265 0.4159 0.0010 
         055 16 0.0044 0.0003 0.0003 0.9022 0.0386 0.0541 
         056 16 0.0017 0.0007 0.0089 0.9721 0.0162 0.0004 
         057 16 0.0754 0.0004 0.0002 0.0567 0.8670 0.0003 
         058 16 0.0907 0.0002 0.0078 0.6087 0.2873 0.0053 
         059 16 0.0825 0.0048 0.0856 0.6184 0.1907 0.0181 
         060 16 0.0016 0.0014 0.0110 0.7971 0.1881 0.0008 
         061 16 0.0013 0.0008 0.0022 0.4525 0.5424 0.0007 
         062 16 0.0006 0.0014 0.0004 0.9790 0.0106 0.0080 
         063 16 0.0051 0.0006 0.0006 0.9813 0.0117 0.0007 
         064 16 0.0004 0.0004 0.0020 0.9853 0.0114 0.0006 
         065 16 0.0014 0.0009 0.0027 0.6387 0.3542 0.0021 
         066 16 0.0004 0.0008 0.0006 0.9942 0.0036 0.0003 
         067 16 0.0015 0.0010 0.0756 0.8736 0.0429 0.0054 
         068 16 0.0068 0.0007 0.0310 0.9560 0.0043 0.0012 
         069 16 0.0010 0.0072 0.0007 0.9827 0.0078 0.0005 
         070 16 0.0036 0.0019 0.0007 0.8710 0.1220 0.0008 
         071 16 0.0749 0.0008 0.0003 0.9061 0.0068 0.0112 
         072 16 0.0077 0.0007 0.0011 0.9817 0.0080 0.0008 
         073 16 0.0009 0.0009 0.0003 0.8296 0.1651 0.0033 
         074 16 0.0003 0.0007 0.0004 0.9945 0.0036 0.0005 
         075 16 0.0252 0.0006 0.0011 0.9332 0.0361 0.0039 
         076 16 0.0008 0.0007 0.0004 0.9930 0.0044 0.0007 
         077 16 0.0149 0.0306 0.0570 0.8876 0.0043 0.0056 
         078 16 0.0035 0.0006 0.0009 0.0010 0.9936 0.0004 
         079 16 0.0893 0.0027 0.0016 0.9021 0.0019 0.0025 
         080 16 0.0022 0.0005 0.0010 0.3749 0.6213 0.0002 
         081 16 0.0030 0.0012 0.0005 0.0305 0.9306 0.0341 
         082 16 0.0129 0.0005 0.0005 0.9018 0.0712 0.0132 
         083 16 0.0005 0.0006 0.0015 0.9936 0.0028 0.0011 
         084 16 0.0017 0.0036 0.0012 0.7991 0.1922 0.0021 
         085 16 0.0012 0.0016 0.0104 0.9717 0.0144 0.0007 
         086 16 0.1084 0.0005 0.0008 0.8820 0.0021 0.0061 
         087 16 0.0057 0.0010 0.0003 0.1689 0.8220 0.0021 
         088 16 0.0006 0.0007 0.0026 0.3050 0.6908 0.0003 
         089 16 0.0008 0.0007 0.0010 0.9762 0.0138 0.0074 
         090 16 0.0084 0.0017 0.0006 0.9796 0.0090 0.0007 
         091 16 0.0009 0.0009 0.0005 0.9621 0.0340 0.0016 
         092 16 0.0206 0.0007 0.0006 0.0989 0.8782 0.0009 
         093 16 0.0019 0.0020 0.0005 0.9723 0.0226 0.0006 
         094 16 0.0055 0.0033 0.0386 0.9481 0.0037 0.0008 
         095 16 0.0009 0.0014 0.0005 0.9178 0.0793 0.0002 
         096 16 0.0014 0.0004 0.0039 0.9592 0.0077 0.0274 
         097 16 0.0081 0.0014 0.0086 0.8652 0.0307 0.0859 
         098 16 0.0012 0.0071 0.0040 0.9789 0.0082 0.0006 
         099 16 0.0004 0.0008 0.0059 0.9884 0.0040 0.0006 
         100 16 0.0013 0.0008 0.0017 0.9840 0.0118 0.0004 
         101 16 0.0102 0.0003 0.0035 0.0253 0.9602 0.0005 
         102 16 0.0009 0.0005 0.0019 0.1238 0.8713 0.0017 
         103 16 0.0013 0.0036 0.0020 0.9831 0.0080 0.0021 
         104 16 0.0031 0.0004 0.0045 0.9863 0.0052 0.0006 
         105 16 0.0777 0.0043 0.0028 0.8759 0.0115 0.0278 
         106 16 0.0011 0.0004 0.0019 0.5744 0.4219 0.0003 
         107 16 0.0125 0.0481 0.0059 0.8363 0.0968 0.0005 
         108 16 0.1223 0.0662 0.1629 0.6449 0.0030 0.0006 
         109 16 0.0133 0.0007 0.0006 0.8584 0.1220 0.0050 
         110 16 0.0004 0.0004 0.0013 0.9746 0.0228 0.0005 
         111 16 0.0520 0.0010 0.0010 0.6922 0.2533 0.0004 
         112 16 0.0507 0.0009 0.0023 0.9340 0.0115 0.0005 
         113 16 0.0543 0.0006 0.0009 0.9368 0.0032 0.0043 
         114 16 0.0169 0.0059 0.0013 0.9470 0.0284 0.0005 
         115 16 0.0004 0.0005 0.0007 0.9955 0.0020 0.0010 
         116 16 0.0041 0.0006 0.0013 0.1717 0.8218 0.0005 
         117 16 0.0087 0.0040 0.0006 0.9744 0.0086 0.0038 
         118 16 0.0040 0.0007 0.0112 0.9771 0.0066 0.0003 
         119 16 0.0014 0.0024 0.0008 0.6518 0.3431 0.0004 
         120 16 0.0004 0.0012 0.0005 0.9648 0.0124 0.0207 
         121 16 0.0008 0.0005 0.0368 0.8585 0.0963 0.0071 
         122 16 0.0003 0.0003 0.0004 0.9350 0.0635 0.0005 
         123 16 0.0034 0.0022 0.0003 0.5298 0.4633 0.0010 
         124 16 0.0111 0.0005 0.0019 0.9802 0.0054 0.0009 
         126 16 0.1635 0.0028 0.0020 0.8283 0.0028 0.0006 
         001 17 0.0007 0.0082 0.0006 0.9769 0.0107 0.0028 
         002 17 0.0035 0.0006 0.0005 0.9214 0.0736 0.0004 
         003 17 0.0005 0.0008 0.0006 0.9954 0.0021 0.0006 
         005 17 0.0003 0.0229 0.0004 0.9679 0.0078 0.0007 
         006 17 0.0016 0.0009 0.0006 0.9447 0.0049 0.0475 
         007 17 0.1023 0.0041 0.0211 0.0437 0.8158 0.0129 
         008 17 0.1069 0.0005 0.0008 0.8744 0.0016 0.0158 
         009 17 0.0002 0.0007 0.0003 0.9962 0.0021 0.0004 
         010 17 0.0006 0.0005 0.0014 0.9529 0.0433 0.0013 
         011 17 0.1379 0.0013 0.3777 0.4775 0.0046 0.0010 
         012 17 0.0051 0.0008 0.0014 0.9865 0.0057 0.0005 
         013 17 0.0003 0.0005 0.0003 0.9974 0.0013 0.0003 
         014 17 0.0003 0.0016 0.0003 0.1836 0.8137 0.0004 
         015 17 0.0006 0.0006 0.0004 0.2986 0.6962 0.0036 
         016 17 0.0009 0.0005 0.0007 0.9890 0.0081 0.0008 
         017 17 0.0017 0.0013 0.0012 0.9904 0.0031 0.0024 
         018 17 0.0277 0.0225 0.0006 0.8902 0.0580 0.0010 
         019 17 0.0005 0.0006 0.0006 0.5632 0.4349 0.0002 
         020 17 0.0009 0.0004 0.0009 0.9922 0.0047 0.0008 
         021 17 0.0003 0.0004 0.0013 0.9949 0.0021 0.0009 
         022 17 0.0330 0.0136 0.0017 0.9385 0.0060 0.0073 
         023 17 0.0093 0.0030 0.0007 0.9445 0.0421 0.0004 
         024 17 0.0215 0.0019 0.0028 0.9203 0.0141 0.0395 
         025 17 0.0007 0.0004 0.0003 0.9738 0.0242 0.0007 
         002 18 0.0003 0.0063 0.0021 0.9735 0.0171 0.0008 
         003 18 0.0003 0.0004 0.0016 0.9950 0.0025 0.0003 
         004 18 0.0613 0.0034 0.0010 0.9277 0.0064 0.0002 
         005 18 0.0016 0.0007 0.0270 0.4253 0.5449 0.0005 
