        001s  1 0.0004 0.5907 0.3983 0.0003 0.0004 0.0024 0.0006 0.0012 0.0057 
        002s  1 0.0008 0.0671 0.8770 0.0018 0.0035 0.0143 0.0009 0.0008 0.0339 
        003s  1 0.0021 0.0070 0.8845 0.0006 0.0006 0.0035 0.0046 0.0180 0.0790 
        004s  1 0.0037 0.4220 0.5073 0.0013 0.0305 0.0108 0.0070 0.0005 0.0169 
        005s  1 0.0017 0.0564 0.1449 0.1074 0.1141 0.2566 0.1280 0.0003 0.1907 
        006s  1 0.0004 0.9708 0.0126 0.0005 0.0023 0.0044 0.0006 0.0004 0.0079 
        007s  1 0.0046 0.9098 0.0357 0.0010 0.0004 0.0277 0.0021 0.0007 0.0181 
        008s  1 0.0016 0.2004 0.6961 0.0005 0.0009 0.0929 0.0037 0.0009 0.0031 
        009s  1 0.0094 0.4042 0.4735 0.0229 0.0021 0.0092 0.0316 0.0026 0.0444 
        010s  1 0.0004 0.9419 0.0310 0.0008 0.0009 0.0067 0.0100 0.0008 0.0076 
        011s  1 0.0032 0.7526 0.0976 0.0006 0.0021 0.1339 0.0017 0.0044 0.0040 
        012s  1 0.0011 0.5379 0.1863 0.0054 0.0081 0.1312 0.1087 0.0093 0.0121 
        013s  1 0.0086 0.8276 0.1243 0.0193 0.0051 0.0086 0.0015 0.0011 0.0038 
        014s  1 0.0063 0.9173 0.0054 0.0007 0.0015 0.0226 0.0227 0.0168 0.0066 
        015s  1 0.0005 0.8257 0.1256 0.0005 0.0005 0.0421 0.0004 0.0009 0.0039 
        016s  1 0.0096 0.8909 0.0324 0.0006 0.0010 0.0078 0.0041 0.0008 0.0528 
        018s  1 0.0014 0.4070 0.0726 0.0031 0.0013 0.0453 0.1130 0.0007 0.3555 
        019s  1 0.0009 0.7256 0.2220 0.0012 0.0005 0.0204 0.0101 0.0052 0.0141 
        020s  1 0.0122 0.9601 0.0042 0.0005 0.0003 0.0079 0.0007 0.0097 0.0046 
        021s  1 0.0049 0.9107 0.0691 0.0013 0.0058 0.0018 0.0003 0.0010 0.0050 
        022s  1 0.0008 0.0067 0.9608 0.0002 0.0005 0.0017 0.0003 0.0005 0.0285 
        023s  1 0.0108 0.7069 0.2134 0.0004 0.0004 0.0317 0.0006 0.0013 0.0345 
        024s  1 0.0012 0.9595 0.0148 0.0005 0.0019 0.0103 0.0016 0.0007 0.0095 
        025s  1 0.0008 0.3931 0.0093 0.0006 0.0020 0.3702 0.0085 0.0003 0.2151 
        026s  1 0.0097 0.8329 0.0521 0.0017 0.0005 0.0640 0.0007 0.0048 0.0336 
        027s  1 0.0029 0.3209 0.0356 0.0006 0.0133 0.3882 0.0019 0.0003 0.2363 
        028s  1 0.0008 0.4908 0.0544 0.0008 0.0468 0.3790 0.0197 0.0018 0.0059 
        029s  1 0.0005 0.9113 0.0701 0.0004 0.0008 0.0008 0.0013 0.0064 0.0082 
        030s  1 0.0008 0.6919 0.0043 0.0006 0.0065 0.2604 0.0012 0.0091 0.0251 
        031s  1 0.0016 0.8227 0.1457 0.0003 0.0002 0.0235 0.0004 0.0005 0.0051 
        032s  1 0.0008 0.8643 0.0063 0.0003 0.0005 0.1238 0.0007 0.0009 0.0024 
        033s  1 0.0008 0.8401 0.1136 0.0112 0.0006 0.0256 0.0016 0.0009 0.0057 
        034s  1 0.0581 0.1696 0.6626 0.0003 0.0016 0.0857 0.0012 0.0049 0.0160 
        035s  1 0.0009 0.9422 0.0277 0.0011 0.0024 0.0166 0.0024 0.0018 0.0048 
        036s  1 0.0012 0.5710 0.3035 0.0010 0.0008 0.0210 0.0992 0.0003 0.0019 
        037s  1 0.0385 0.6897 0.1250 0.0168 0.0042 0.0077 0.1031 0.0015 0.0136 
        038s  1 0.0010 0.7923 0.0455 0.0012 0.0006 0.1497 0.0012 0.0006 0.0079 
        039s  1 0.0003 0.9348 0.0148 0.0305 0.0020 0.0063 0.0003 0.0009 0.0101 
        040s  1 0.0039 0.8269 0.1208 0.0010 0.0045 0.0211 0.0015 0.0008 0.0195 
        041s  1 0.0033 0.8841 0.0631 0.0017 0.0004 0.0104 0.0027 0.0008 0.0334 
        042s  1 0.0776 0.7034 0.1086 0.0007 0.0006 0.0162 0.0753 0.0008 0.0168 
        043s  1 0.0004 0.0203 0.7423 0.0085 0.0005 0.2147 0.0007 0.0016 0.0110 
        044s  1 0.0065 0.7121 0.1243 0.0202 0.0110 0.0086 0.0631 0.0022 0.0520 
        045s  1 0.0010 0.9302 0.0351 0.0006 0.0027 0.0017 0.0106 0.0008 0.0172 
        046s  1 0.0009 0.9485 0.0317 0.0006 0.0006 0.0042 0.0017 0.0024 0.0095 
        047s  1 0.0069 0.9200 0.0264 0.0006 0.0003 0.0371 0.0014 0.0009 0.0065 
        048s  1 0.0008 0.2633 0.6821 0.0129 0.0002 0.0083 0.0289 0.0005 0.0029 
        049s  1 0.0005 0.0158 0.9596 0.0004 0.0013 0.0157 0.0007 0.0008 0.0052 
        050s  1 0.0003 0.6160 0.2714 0.0016 0.0046 0.0088 0.0886 0.0005 0.0082 
        051s  1 0.0009 0.9382 0.0105 0.0003 0.0007 0.0187 0.0008 0.0252 0.0048 
        052s  1 0.0016 0.7015 0.0210 0.0026 0.0040 0.0024 0.0108 0.0179 0.2382 
        053s  1 0.0004 0.9817 0.0053 0.0047 0.0003 0.0027 0.0018 0.0004 0.0028 
        054s  1 0.0014 0.9675 0.0058 0.0011 0.0050 0.0105 0.0003 0.0020 0.0064 
        055s  1 0.0730 0.7399 0.0829 0.0206 0.0005 0.0246 0.0550 0.0022 0.0013 
          01  2 0.0018 0.6437 0.0941 0.0014 0.0016 0.1179 0.1071 0.0293 0.0031 
          02  2 0.0005 0.8930 0.0055 0.0318 0.0007 0.0353 0.0047 0.0011 0.0273 
          03  2 0.0012 0.7990 0.0178 0.0010 0.0009 0.1616 0.0010 0.0005 0.0170 
          04  2 0.0122 0.1919 0.1691 0.0020 0.0100 0.4155 0.0015 0.0007 0.1971 
          05  2 0.0005 0.0030 0.6909 0.0013 0.0003 0.2158 0.0840 0.0003 0.0039 
          06  2 0.0009 0.8426 0.0410 0.0100 0.0015 0.0685 0.0173 0.0007 0.0175 
          07  2 0.0007 0.7115 0.2103 0.0049 0.0020 0.0646 0.0032 0.0009 0.0018 
          08  2 0.0007 0.0504 0.7748 0.0011 0.0006 0.0304 0.0787 0.0012 0.0623 
          09  2 0.0003 0.8722 0.1108 0.0004 0.0004 0.0017 0.0009 0.0066 0.0068 
          10  2 0.0007 0.8912 0.0255 0.0009 0.0011 0.0537 0.0017 0.0008 0.0244 
          11  2 0.0019 0.7837 0.0266 0.0007 0.0010 0.1503 0.0239 0.0087 0.0032 
          12  2 0.0005 0.6841 0.0946 0.0006 0.0010 0.0087 0.0007 0.0029 0.2069 
          13  2 0.0007 0.6123 0.3680 0.0023 0.0005 0.0077 0.0004 0.0007 0.0073 
          14  2 0.0290 0.3107 0.5832 0.0011 0.0124 0.0550 0.0003 0.0042 0.0043 
          15  2 0.0012 0.5549 0.3851 0.0011 0.0006 0.0045 0.0006 0.0013 0.0507 
          16  2 0.0078 0.5374 0.1228 0.0009 0.0560 0.0801 0.0008 0.0077 0.1866 
          17  2 0.0010 0.3837 0.2238 0.0035 0.0009 0.1341 0.0013 0.0009 0.2509 
          18  2 0.0010 0.9092 0.0065 0.0080 0.0027 0.0574 0.0081 0.0012 0.0058 
          19  2 0.0041 0.8121 0.0721 0.0009 0.0003 0.0925 0.0007 0.0015 0.0157 
          20  2 0.0071 0.9014 0.0016 0.0007 0.0076 0.0023 0.0595 0.0024 0.0174 
          21  2 0.0004 0.8425 0.0226 0.0009 0.0005 0.1100 0.0017 0.0152 0.0063 
          22  2 0.0055 0.6065 0.0192 0.0011 0.0055 0.3413 0.0020 0.0072 0.0119 
          23  2 0.0026 0.9575 0.0060 0.0021 0.0020 0.0178 0.0011 0.0011 0.0099 
          24  2 0.0004 0.8390 0.0705 0.0006 0.0005 0.0755 0.0004 0.0014 0.0117 
          25  2 0.0008 0.6771 0.2309 0.0021 0.0271 0.0529 0.0051 0.0018 0.0022 
          26  2 0.0003 0.0013 0.9791 0.0006 0.0003 0.0008 0.0006 0.0008 0.0162 
          27  2 0.0043 0.7751 0.1579 0.0021 0.0246 0.0281 0.0008 0.0010 0.0061 
          28  2 0.0043 0.7759 0.1676 0.0009 0.0003 0.0201 0.0010 0.0008 0.0289 
          29  2 0.0003 0.8638 0.0116 0.0006 0.0015 0.1112 0.0016 0.0007 0.0088 
          30  2 0.0833 0.3344 0.1699 0.0068 0.0005 0.0168 0.1415 0.0109 0.2359 
          01  3 0.0246 0.0030 0.1285 0.4383 0.0006 0.1089 0.1449 0.0005 0.1507 
          02  3 0.0109 0.0024 0.0029 0.2556 0.2652 0.2368 0.1408 0.0758 0.0096 
          03  3 0.0017 0.0133 0.0461 0.0352 0.1811 0.5843 0.1346 0.0010 0.0028 
          04  3 0.0011 0.0097 0.0179 0.2336 0.1649 0.3242 0.2246 0.0012 0.0228 
          05  3 0.1082 0.0003 0.0005 0.1915 0.2426 0.2035 0.1448 0.1081 0.0005 
          06  3 0.0008 0.0007 0.0020 0.2515 0.2753 0.3178 0.1430 0.0002 0.0087 
          07  3 0.0002 0.0093 0.0550 0.0203 0.1438 0.5496 0.2022 0.0019 0.0175 
          08  3 0.0027 0.0038 0.0015 0.1427 0.1982 0.3511 0.2005 0.0061 0.0934 
          09  3 0.0011 0.0023 0.0278 0.0293 0.1556 0.4812 0.2587 0.0003 0.0437 
          10  3 0.1138 0.0176 0.0032 0.1900 0.2543 0.1713 0.0341 0.2097 0.0060 
          11  3 0.0002 0.0012 0.0185 0.0393 0.1614 0.5856 0.1932 0.0003 0.0003 
          12  3 0.0002 0.0003 0.0388 0.0455 0.1703 0.5377 0.2051 0.0002 0.0017 
          13  3 0.0002 0.0009 0.0006 0.2856 0.2867 0.2668 0.1478 0.0085 0.0028 
          14  3 0.1444 0.0012 0.0020 0.2073 0.2834 0.2213 0.1042 0.0342 0.0020 
          15  3 0.0009 0.0703 0.0257 0.1168 0.1325 0.4441 0.1927 0.0003 0.0168 
          16  3 0.0029 0.0195 0.0054 0.4267 0.2940 0.2006 0.0314 0.0025 0.0170 
          17  3 0.0009 0.1549 0.0042 0.0924 0.0845 0.3681 0.2887 0.0015 0.0048 
          18  3 0.2727 0.0023 0.0036 0.1594 0.2118 0.1378 0.0489 0.1607 0.0028 
          19  3 0.0087 0.0156 0.0079 0.3282 0.2421 0.2831 0.0962 0.0006 0.0175 
          20  3 0.0615 0.0096 0.0138 0.2628 0.1339 0.2464 0.2164 0.0005 0.0552 
          21  3 0.0083 0.0035 0.0010 0.3595 0.1508 0.2632 0.1177 0.0016 0.0945 
          22  3 0.0032 0.0070 0.0059 0.0658 0.0959 0.4959 0.2596 0.0004 0.0664 
          23  3 0.0015 0.0277 0.0012 0.2790 0.1581 0.3013 0.1786 0.0003 0.0522 
          24  3 0.0009 0.0013 0.0143 0.2045 0.1303 0.1876 0.2937 0.1632 0.0042 
          25  3 0.1285 0.0003 0.0005 0.2765 0.1135 0.1522 0.0849 0.2433 0.0004 
          26  3 0.0003 0.0019 0.0328 0.0824 0.1878 0.4550 0.2370 0.0003 0.0026 
          27  3 0.1762 0.0133 0.0070 0.2603 0.1746 0.1826 0.0473 0.1320 0.0068 
          28  3 0.0002 0.0130 0.0053 0.3588 0.2124 0.2418 0.1609 0.0038 0.0037 
          29  3 0.0149 0.0115 0.0610 0.3135 0.1954 0.2150 0.1798 0.0041 0.0048 
          30  3 0.0004 0.0092 0.1603 0.2454 0.0706 0.2972 0.2127 0.0015 0.0026 
         001  4 0.0001 0.0001 0.0001 0.0001 0.0001 0.0001 0.9993 0.0001 0.0001 
         002  4 0.0002 0.0002 0.0003 0.0009 0.0005 0.0088 0.9887 0.0002 0.0002 
         003  4 0.0001 0.0001 0.0001 0.0001 0.0001 0.0001 0.9993 0.0001 0.0001 
         004  4 0.0001 0.0001 0.0001 0.0001 0.0002 0.0001 0.9992 0.0001 0.0001 
         005  4 0.0001 0.0001 0.0001 0.0001 0.0003 0.0001 0.9988 0.0002 0.0001 
         006  4 0.0003 0.0003 0.0004 0.0258 0.0587 0.0407 0.8731 0.0002 0.0005 
         007  4 0.0003 0.0005 0.0003 0.0002 0.0555 0.0435 0.8987 0.0002 0.0007 
         008  4 0.0030 0.0005 0.0009 0.0005 0.0012 0.0003 0.9914 0.0017 0.0005 
         009  4 0.0001 0.0001 0.0001 0.0001 0.0003 0.0001 0.9990 0.0001 0.0001 
         010  4 0.0001 0.0001 0.0001 0.0001 0.0332 0.0004 0.9659 0.0001 0.0001 
         011  4 0.0139 0.0013 0.0023 0.0012 0.0421 0.0007 0.9374 0.0005 0.0007 
         012  4 0.0001 0.0001 0.0001 0.0001 0.0001 0.0004 0.9990 0.0001 0.0001 
         013  4 0.0001 0.0001 0.0001 0.0002 0.0001 0.0001 0.9992 0.0000 0.0001 
         014  4 0.0001 0.0002 0.0002 0.0001 0.0002 0.0138 0.9852 0.0001 0.0001 
         015  4 0.0001 0.0001 0.0001 0.0003 0.0001 0.0269 0.9724 0.0001 0.0001 
         016  4 0.0001 0.0001 0.0001 0.0002 0.0002 0.0001 0.9992 0.0001 0.0001 
         017  4 0.0001 0.0001 0.0001 0.0003 0.0002 0.0274 0.9714 0.0001 0.0001 
         019  4 0.0004 0.0003 0.0003 0.0080 0.0922 0.0175 0.8803 0.0005 0.0005 
         020  4 0.0001 0.0001 0.0002 0.0002 0.0001 0.0001 0.9988 0.0002 0.0002 
         021  4 0.0001 0.0001 0.0002 0.0001 0.0370 0.0068 0.9552 0.0002 0.0003 
         001  5 0.0287 0.0008 0.0004 0.0088 0.0004 0.0398 0.9194 0.0010 0.0007 
         002  5 0.0018 0.0025 0.0245 0.0364 0.0002 0.0013 0.9312 0.0006 0.0015 
         003  5 0.0035 0.0808 0.0214 0.0896 0.0384 0.0371 0.6869 0.0003 0.0423 
         004  5 0.0014 0.0464 0.0055 0.0084 0.0019 0.0008 0.9237 0.0002 0.0116 
         005  5 0.0003 0.0003 0.0002 0.0546 0.0004 0.0353 0.9084 0.0001 0.0004 
         006  5 0.0002 0.0005 0.0003 0.1400 0.0262 0.0430 0.7886 0.0006 0.0006 
         007  5 0.0002 0.0002 0.0003 0.0691 0.0500 0.0382 0.8414 0.0003 0.0003 
         008  5 0.0001 0.0001 0.0001 0.0722 0.0004 0.0400 0.8867 0.0002 0.0002 
         009  5 0.0012 0.0225 0.0096 0.0199 0.0041 0.0331 0.8926 0.0003 0.0166 
         010  5 0.0015 0.0016 0.0013 0.1007 0.0323 0.0080 0.8515 0.0003 0.0028 
         011  5 0.0018 0.0004 0.0004 0.0581 0.0002 0.0245 0.9139 0.0002 0.0005 
         012  5 0.0017 0.0266 0.0106 0.0282 0.0747 0.0221 0.8298 0.0014 0.0049 
         013  5 0.0009 0.0106 0.0005 0.0672 0.0014 0.1965 0.6565 0.0004 0.0661 
         014  5 0.0086 0.0832 0.0349 0.0619 0.0714 0.0022 0.6705 0.0147 0.0526 
         015  5 0.0002 0.0002 0.0002 0.0356 0.0156 0.0357 0.9121 0.0003 0.0002 
         016  5 0.0004 0.0010 0.0006 0.0291 0.0380 0.0667 0.8627 0.0006 0.0009 
         017  5 0.0003 0.0116 0.0040 0.0628 0.0526 0.0615 0.8018 0.0020 0.0034 
         018  5 0.0222 0.0076 0.0013 0.0627 0.0028 0.0787 0.7941 0.0211 0.0096 
         019  5 0.0013 0.0003 0.0004 0.0006 0.0002 0.0380 0.9531 0.0057 0.0004 
         020  5 0.0002 0.0002 0.0002 0.0007 0.0002 0.0012 0.9970 0.0001 0.0001 
         021  5 0.0023 0.1383 0.0039 0.0063 0.0005 0.0149 0.8324 0.0002 0.0011 
         022  5 0.0191 0.0047 0.0052 0.0019 0.0118 0.0517 0.8917 0.0020 0.0119 
         023  5 0.0010 0.0005 0.0006 0.0522 0.0013 0.0631 0.8798 0.0004 0.0011 
         024  5 0.0008 0.0275 0.0049 0.0071 0.0720 0.0072 0.8710 0.0004 0.0092 
         025  5 0.0005 0.0029 0.0096 0.0179 0.0562 0.0832 0.8247 0.0007 0.0043 
         026  5 0.0004 0.0696 0.0017 0.0185 0.0157 0.0349 0.8025 0.0007 0.0560 
         027  5 0.0001 0.0003 0.0002 0.0002 0.0013 0.0005 0.9970 0.0001 0.0002 
         028  5 0.0034 0.0053 0.0014 0.0023 0.0375 0.0733 0.8756 0.0004 0.0009 
         029  5 0.0003 0.0006 0.0002 0.0186 0.0012 0.0417 0.9368 0.0003 0.0003 
         030  5 0.0010 0.0006 0.0006 0.0169 0.0005 0.0453 0.9309 0.0036 0.0006 
        001s  6 0.0244 0.6062 0.3071 0.0121 0.0128 0.0314 0.0011 0.0006 0.0043 
        002s  6 0.0009 0.8582 0.0563 0.0032 0.0003 0.0215 0.0286 0.0266 0.0044 
        003s  6 0.0034 0.6647 0.2463 0.0069 0.0003 0.0367 0.0077 0.0006 0.0335 
        004s  6 0.0006 0.9210 0.0102 0.0004 0.0003 0.0639 0.0004 0.0006 0.0023 
        006s  6 0.0076 0.8138 0.0592 0.0024 0.0224 0.0294 0.0610 0.0017 0.0026 
        007s  6 0.0006 0.8977 0.0041 0.0010 0.0025 0.0401 0.0005 0.0012 0.0522 
        008s  6 0.0066 0.8059 0.0293 0.0013 0.0006 0.1247 0.0053 0.0027 0.0236 
        009s  6 0.0010 0.8366 0.0187 0.0006 0.0004 0.0198 0.0004 0.0017 0.1209 
        010s  6 0.0103 0.9076 0.0034 0.0010 0.0045 0.0327 0.0290 0.0088 0.0027 
        011s  6 0.0013 0.8721 0.0034 0.0068 0.0011 0.1010 0.0003 0.0003 0.0137 
        012s  6 0.0013 0.9647 0.0151 0.0013 0.0018 0.0094 0.0005 0.0021 0.0039 
        013s  6 0.0005 0.9692 0.0121 0.0008 0.0008 0.0050 0.0014 0.0008 0.0095 
        014s  6 0.0004 0.4290 0.4860 0.0093 0.0003 0.0231 0.0470 0.0003 0.0045 
        015s  6 0.0053 0.7526 0.0225 0.0009 0.0087 0.1655 0.0097 0.0012 0.0337 
        016s  6 0.0009 0.8865 0.1028 0.0008 0.0009 0.0047 0.0005 0.0005 0.0024 
        018s  6 0.0026 0.6316 0.0263 0.0640 0.0004 0.0522 0.2181 0.0005 0.0042 
        019s  6 0.0023 0.5018 0.0790 0.0049 0.0009 0.4019 0.0029 0.0009 0.0054 
        020s  6 0.0006 0.6384 0.0747 0.0009 0.0005 0.2821 0.0003 0.0008 0.0016 
        021s  6 0.0067 0.9339 0.0073 0.0128 0.0069 0.0272 0.0010 0.0016 0.0026 
        022s  6 0.0049 0.8358 0.0723 0.0007 0.0002 0.0490 0.0010 0.0006 0.0355 
        023s  6 0.0011 0.0216 0.5093 0.0008 0.0006 0.2792 0.0108 0.0004 0.1761 
        024s  6 0.0013 0.6036 0.0071 0.0010 0.0030 0.3493 0.0313 0.0015 0.0019 
        025s  6 0.0682 0.8857 0.0241 0.0030 0.0008 0.0108 0.0017 0.0007 0.0048 
        026s  6 0.0008 0.9677 0.0158 0.0007 0.0006 0.0041 0.0003 0.0015 0.0085 
        027s  6 0.0005 0.8934 0.0678 0.0003 0.0004 0.0015 0.0014 0.0011 0.0337 
        028s  6 0.0081 0.7313 0.1341 0.0058 0.0051 0.0406 0.0079 0.0489 0.0182 
        029s  6 0.0013 0.8396 0.0420 0.0003 0.0003 0.0791 0.0006 0.0020 0.0349 
        030s  6 0.0122 0.7033 0.1084 0.0024 0.0004 0.0537 0.0575 0.0012 0.0611 
        031s  6 0.0005 0.1287 0.7551 0.0010 0.0064 0.0453 0.0017 0.0004 0.0610 
        032s  6 0.0006 0.9277 0.0166 0.0383 0.0005 0.0123 0.0011 0.0005 0.0025 
        033s  6 0.0014 0.7130 0.1453 0.0009 0.0003 0.0682 0.0560 0.0005 0.0145 
        034s  6 0.0104 0.6285 0.0173 0.0005 0.0045 0.0894 0.0017 0.0004 0.2472 
        035s  6 0.0010 0.0008 0.8239 0.0005 0.0005 0.0022 0.1288 0.0011 0.0412 
        036s  6 0.0014 0.9267 0.0446 0.0120 0.0026 0.0030 0.0004 0.0004 0.0090 
        037s  6 0.0018 0.9781 0.0050 0.0023 0.0007 0.0015 0.0008 0.0024 0.0073 
        038s  6 0.0009 0.6138 0.3590 0.0006 0.0043 0.0025 0.0005 0.0016 0.0168 
        039s  6 0.0010 0.7559 0.0058 0.0003 0.0003 0.1667 0.0003 0.0008 0.0689 
        040s  6 0.0006 0.5008 0.2422 0.0009 0.0028 0.2010 0.0003 0.0004 0.0510 
        041s  6 0.0035 0.1433 0.5317 0.0002 0.0003 0.2474 0.0594 0.0061 0.0080 
        042s  6 0.0509 0.9083 0.0020 0.0017 0.0008 0.0120 0.0140 0.0039 0.0064 
        043s  6 0.0066 0.8264 0.1008 0.0003 0.0025 0.0471 0.0009 0.0003 0.0151 
        044s  6 0.0006 0.8394 0.1467 0.0005 0.0004 0.0020 0.0012 0.0026 0.0066 
        045s  6 0.0022 0.9501 0.0185 0.0009 0.0005 0.0045 0.0045 0.0008 0.0179 
        001s  7 0.0012 0.0257 0.8811 0.0008 0.0005 0.0020 0.0016 0.0004 0.0867 
        002s  7 0.0022 0.5152 0.4280 0.0068 0.0013 0.0108 0.0153 0.0008 0.0194 
        003s  7 0.0011 0.0304 0.9236 0.0014 0.0020 0.0116 0.0018 0.0018 0.0263 
        004s  7 0.0008 0.8414 0.1052 0.0012 0.0028 0.0451 0.0008 0.0009 0.0018 
        005s  7 0.0019 0.9133 0.0421 0.0016 0.0023 0.0094 0.0161 0.0005 0.0126 
        006s  7 0.0058 0.8074 0.0550 0.0013 0.0009 0.0603 0.0581 0.0005 0.0107 
        007s  7 0.0021 0.9505 0.0051 0.0036 0.0085 0.0062 0.0063 0.0143 0.0036 
        008s  7 0.0013 0.0023 0.9329 0.0005 0.0003 0.0299 0.0107 0.0023 0.0197 
        009s  7 0.0117 0.9260 0.0452 0.0034 0.0014 0.0069 0.0025 0.0007 0.0021 
        010s  7 0.0011 0.0149 0.9648 0.0007 0.0003 0.0024 0.0008 0.0010 0.0140 
        011s  7 0.0008 0.8862 0.1036 0.0011 0.0007 0.0025 0.0005 0.0010 0.0037 
        012s  7 0.0008 0.9332 0.0072 0.0003 0.0009 0.0468 0.0006 0.0003 0.0099 
        013s  7 0.0048 0.9096 0.0072 0.0006 0.0136 0.0599 0.0004 0.0006 0.0033 
        014s  7 0.0003 0.2555 0.6763 0.0005 0.0013 0.0113 0.0392 0.0008 0.0149 
        015s  7 0.0009 0.8957 0.0091 0.0007 0.0022 0.0545 0.0284 0.0013 0.0073 
        016s  7 0.0026 0.0004 0.8972 0.0003 0.0002 0.0013 0.0937 0.0003 0.0041 
        017s  7 0.0006 0.8734 0.0835 0.0003 0.0020 0.0334 0.0014 0.0005 0.0049 
        018s  7 0.0006 0.3268 0.0047 0.0004 0.0005 0.4585 0.0007 0.0040 0.2038 
        019s  7 0.0080 0.8700 0.0149 0.0046 0.0009 0.0043 0.0018 0.0036 0.0920 
        020s  7 0.0006 0.9177 0.0481 0.0007 0.0013 0.0271 0.0005 0.0004 0.0037 
        021s  7 0.0007 0.7792 0.0886 0.0026 0.0005 0.1213 0.0014 0.0010 0.0046 
        022s  7 0.0009 0.9506 0.0031 0.0009 0.0056 0.0075 0.0030 0.0004 0.0281 
        023s  7 0.0192 0.7130 0.1224 0.0013 0.0014 0.1287 0.0051 0.0011 0.0077 
        024s  7 0.0007 0.8839 0.0367 0.0006 0.0006 0.0190 0.0024 0.0020 0.0542 
        025s  7 0.0009 0.9668 0.0112 0.0022 0.0025 0.0068 0.0010 0.0010 0.0077 
        026s  7 0.0009 0.0080 0.9583 0.0006 0.0003 0.0135 0.0017 0.0013 0.0154 
        027s  7 0.0005 0.4007 0.5851 0.0017 0.0018 0.0044 0.0021 0.0027 0.0010 
        028s  7 0.0008 0.6690 0.0102 0.0012 0.0006 0.3025 0.0031 0.0002 0.0123 
        029s  7 0.0032 0.7573 0.0861 0.0023 0.0007 0.0479 0.0093 0.0013 0.0920 
        030s  7 0.0038 0.7521 0.1267 0.0003 0.0012 0.0086 0.0003 0.0059 0.1011 
        031s  7 0.0130 0.7418 0.0112 0.0011 0.0016 0.0824 0.0016 0.0004 0.1470 
        032s  7 0.0004 0.7737 0.0061 0.0008 0.0004 0.1230 0.0868 0.0057 0.0030 
        033s  7 0.0012 0.9160 0.0301 0.0061 0.0005 0.0011 0.0373 0.0032 0.0045 
        034s  7 0.0004 0.9151 0.0075 0.0033 0.0315 0.0090 0.0009 0.0022 0.0302 
        035s  7 0.0015 0.9693 0.0161 0.0007 0.0003 0.0071 0.0004 0.0006 0.0040 
        036s  7 0.0084 0.8332 0.1392 0.0007 0.0074 0.0063 0.0008 0.0007 0.0033 
        037s  7 0.0079 0.2410 0.1160 0.0373 0.0012 0.2725 0.0051 0.0009 0.3182 
        038s  7 0.0019 0.6311 0.0115 0.0156 0.0004 0.2383 0.0018 0.0010 0.0983 
        039s  7 0.0004 0.0848 0.3423 0.0008 0.0002 0.2121 0.0004 0.0006 0.3584 
        040s  7 0.0006 0.0016 0.9397 0.0016 0.0343 0.0010 0.0045 0.0005 0.0162 
        041s  7 0.0018 0.6532 0.3053 0.0108 0.0004 0.0086 0.0135 0.0021 0.0042 
        042s  7 0.0006 0.0639 0.9074 0.0009 0.0008 0.0040 0.0056 0.0004 0.0164 
        043s  7 0.0032 0.9024 0.0263 0.0005 0.0002 0.0524 0.0017 0.0006 0.0126 
        044s  7 0.0247 0.8014 0.0238 0.0147 0.0043 0.0984 0.0299 0.0023 0.0006 
         003  8 0.0010 0.9321 0.0217 0.0018 0.0010 0.0215 0.0095 0.0090 0.0024 
         009  8 0.0014 0.9668 0.0108 0.0007 0.0007 0.0155 0.0013 0.0008 0.0019 
         010  8 0.0027 0.9100 0.0074 0.0004 0.0002 0.0266 0.0005 0.0004 0.0519 
         017  8 0.0041 0.9480 0.0047 0.0020 0.0004 0.0317 0.0008 0.0018 0.0066 
         002  9 0.0011 0.9668 0.0121 0.0003 0.0009 0.0076 0.0004 0.0005 0.0103 
         003  9 0.0004 0.9448 0.0034 0.0002 0.0004 0.0446 0.0002 0.0004 0.0054 
         004  9 0.0010 0.9231 0.0326 0.0002 0.0003 0.0392 0.0005 0.0004 0.0026 
         005  9 0.0054 0.9308 0.0296 0.0006 0.0014 0.0023 0.0005 0.0012 0.0282 
         006  9 0.0015 0.9873 0.0038 0.0006 0.0012 0.0019 0.0007 0.0006 0.0024 
         007  9 0.0014 0.9442 0.0210 0.0004 0.0006 0.0214 0.0063 0.0012 0.0035 
         009  9 0.0016 0.9448 0.0415 0.0015 0.0002 0.0054 0.0013 0.0014 0.0023 
         010  9 0.0007 0.9530 0.0051 0.0003 0.0006 0.0316 0.0003 0.0015 0.0069 
         013  9 0.0014 0.7888 0.1465 0.0004 0.0015 0.0559 0.0018 0.0004 0.0033 
         014  9 0.0022 0.9169 0.0137 0.0003 0.0004 0.0449 0.0006 0.0063 0.0147 
         016  9 0.0007 0.9522 0.0414 0.0002 0.0003 0.0021 0.0002 0.0009 0.0020 
         018  9 0.0013 0.8898 0.0025 0.0013 0.0008 0.0020 0.0005 0.0044 0.0974 
         019  9 0.0009 0.9319 0.0496 0.0010 0.0007 0.0076 0.0010 0.0041 0.0033 
         020  9 0.0003 0.9866 0.0020 0.0004 0.0003 0.0031 0.0005 0.0004 0.0063 
         021  9 0.0007 0.8890 0.0033 0.0004 0.0002 0.0632 0.0005 0.0003 0.0424 
         022  9 0.0005 0.7512 0.0294 0.0005 0.0005 0.0122 0.0002 0.0011 0.2043 
         024  9 0.0021 0.9379 0.0468 0.0012 0.0004 0.0025 0.0005 0.0030 0.0056 
         028  9 0.0011 0.8431 0.0560 0.0005 0.0012 0.0926 0.0011 0.0006 0.0037 
         029  9 0.0008 0.9457 0.0087 0.0004 0.0002 0.0333 0.0004 0.0008 0.0096 
         030  9 0.0011 0.9039 0.0276 0.0003 0.0003 0.0455 0.0003 0.0013 0.0198 
         031  9 0.0004 0.9478 0.0122 0.0010 0.0004 0.0320 0.0012 0.0008 0.0041 
         033  9 0.0009 0.9356 0.0434 0.0011 0.0003 0.0082 0.0066 0.0007 0.0031 
         001 10 0.0003 0.9232 0.0529 0.0003 0.0009 0.0038 0.0005 0.0016 0.0164 
         002 10 0.0007 0.9590 0.0231 0.0008 0.0002 0.0082 0.0003 0.0015 0.0061 
         003 10 0.0153 0.9654 0.0032 0.0007 0.0008 0.0056 0.0004 0.0006 0.0080 
         004 10 0.0047 0.8180 0.1655 0.0007 0.0003 0.0009 0.0004 0.0006 0.0090 
         005 10 0.0009 0.9745 0.0070 0.0004 0.0005 0.0057 0.0005 0.0013 0.0092 
         006 10 0.0009 0.9877 0.0038 0.0011 0.0005 0.0019 0.0015 0.0007 0.0019 
         007 10 0.0018 0.9391 0.0480 0.0006 0.0003 0.0077 0.0005 0.0005 0.0015 
         008 10 0.0035 0.9168 0.0021 0.0010 0.0005 0.0680 0.0006 0.0009 0.0066 
         009 10 0.0007 0.9708 0.0131 0.0014 0.0008 0.0022 0.0006 0.0048 0.0055 
         010 10 0.0010 0.8944 0.0838 0.0008 0.0004 0.0106 0.0008 0.0023 0.0060 
         011 10 0.0349 0.8810 0.0633 0.0005 0.0016 0.0057 0.0006 0.0006 0.0119 
         012 10 0.0032 0.9703 0.0045 0.0029 0.0009 0.0053 0.0004 0.0005 0.0120 
         013 10 0.0009 0.9636 0.0242 0.0008 0.0012 0.0030 0.0003 0.0008 0.0051 
         014 10 0.0011 0.8413 0.1431 0.0005 0.0009 0.0097 0.0006 0.0012 0.0016 
         016 10 0.0011 0.9567 0.0275 0.0036 0.0004 0.0044 0.0004 0.0017 0.0042 
         017 10 0.0008 0.9598 0.0032 0.0006 0.0007 0.0229 0.0007 0.0009 0.0104 
         018 10 0.0008 0.9653 0.0170 0.0028 0.0004 0.0033 0.0040 0.0026 0.0038 
         019 10 0.0013 0.9589 0.0043 0.0013 0.0005 0.0251 0.0004 0.0039 0.0044 
         020 10 0.0021 0.8454 0.0166 0.0023 0.0006 0.1241 0.0010 0.0057 0.0022 
         021 10 0.0006 0.9287 0.0472 0.0005 0.0003 0.0163 0.0007 0.0030 0.0027 
         022 10 0.0006 0.9682 0.0212 0.0004 0.0005 0.0028 0.0003 0.0003 0.0056 
         023 10 0.0009 0.9828 0.0050 0.0006 0.0005 0.0041 0.0004 0.0004 0.0053 
         024 10 0.0019 0.9432 0.0473 0.0005 0.0002 0.0033 0.0003 0.0014 0.0019 
         026 10 0.0006 0.9558 0.0018 0.0008 0.0004 0.0273 0.0006 0.0009 0.0117 
        001s 11 0.0080 0.6331 0.0979 0.0004 0.0008 0.1524 0.0953 0.0005 0.0115 
        002s 11 0.0024 0.9472 0.0210 0.0009 0.0058 0.0128 0.0006 0.0042 0.0052 
        003s 11 0.0007 0.5455 0.0946 0.0009 0.0005 0.1748 0.0092 0.0015 0.1722 
        004s 11 0.0020 0.8123 0.0780 0.0005 0.0014 0.0113 0.0005 0.0004 0.0937 
        005s 11 0.0006 0.7068 0.1626 0.0007 0.0007 0.1040 0.0027 0.0068 0.0150 
        006s 11 0.0019 0.8453 0.0369 0.0264 0.0031 0.0794 0.0007 0.0028 0.0034 
        007s 11 0.0006 0.7297 0.2065 0.0024 0.0347 0.0139 0.0063 0.0020 0.0038 
        008s 11 0.0004 0.7114 0.0061 0.0005 0.0003 0.0329 0.0005 0.0007 0.2471 
        009s 11 0.0005 0.8209 0.0044 0.0004 0.0005 0.1508 0.0005 0.0151 0.0071 
        010s 11 0.0010 0.7198 0.2724 0.0018 0.0003 0.0021 0.0008 0.0005 0.0014 
        011s 11 0.0174 0.0050 0.8314 0.0010 0.0100 0.0051 0.1013 0.0004 0.0285 
        012s 11 0.0004 0.1929 0.0573 0.0027 0.0005 0.3315 0.0712 0.0010 0.3425 
        013s 11 0.0010 0.5426 0.3474 0.0005 0.0008 0.0993 0.0010 0.0003 0.0071 
        014s 11 0.0011 0.0112 0.8008 0.0031 0.0062 0.0048 0.0039 0.0027 0.1662 
        015s 11 0.0041 0.7526 0.1063 0.0014 0.0019 0.0809 0.0024 0.0013 0.0490 
        016s 11 0.0549 0.4802 0.3658 0.0005 0.0007 0.0543 0.0369 0.0050 0.0018 
        017s 11 0.0014 0.0102 0.0427 0.0003 0.0006 0.4315 0.0589 0.0006 0.4537 
        018s 11 0.0011 0.0140 0.9005 0.0032 0.0012 0.0412 0.0044 0.0016 0.0328 
        019s 11 0.0232 0.8752 0.0683 0.0012 0.0006 0.0254 0.0007 0.0004 0.0049 
        020s 11 0.0013 0.2113 0.6606 0.0005 0.0018 0.1122 0.0017 0.0023 0.0084 
        021s 11 0.0015 0.9584 0.0119 0.0008 0.0005 0.0142 0.0006 0.0004 0.0117 
        022s 11 0.0003 0.8831 0.0163 0.0010 0.0329 0.0248 0.0025 0.0017 0.0374 
        023s 11 0.0388 0.1730 0.7005 0.0010 0.0003 0.0054 0.0311 0.0006 0.0492 
        025s 11 0.0009 0.9206 0.0659 0.0007 0.0006 0.0035 0.0005 0.0003 0.0070 
        026s 11 0.0541 0.7824 0.0939 0.0005 0.0011 0.0222 0.0386 0.0005 0.0067 
        027s 11 0.0006 0.8763 0.0813 0.0008 0.0020 0.0185 0.0007 0.0006 0.0191 
        028s 11 0.0012 0.8979 0.0267 0.0021 0.0013 0.0026 0.0051 0.0004 0.0626 
        029s 11 0.0004 0.8792 0.0128 0.0021 0.0003 0.0736 0.0230 0.0014 0.0073 
        030s 11 0.0013 0.5569 0.0028 0.0006 0.0019 0.3619 0.0225 0.0018 0.0504 
        031s 11 0.0004 0.8871 0.0061 0.0003 0.0021 0.0060 0.0005 0.0008 0.0967 
        032s 11 0.0031 0.8174 0.0851 0.0003 0.0003 0.0237 0.0007 0.0008 0.0685 
        033s 11 0.0011 0.4881 0.3843 0.0013 0.0007 0.0059 0.0034 0.0019 0.1133 
        034s 11 0.0006 0.0591 0.8966 0.0011 0.0027 0.0140 0.0022 0.0004 0.0232 
        035s 11 0.0003 0.2668 0.6196 0.0012 0.0032 0.1039 0.0018 0.0008 0.0024 
        036s 11 0.0004 0.5446 0.0112 0.0025 0.0015 0.3974 0.0109 0.0014 0.0302 
        037s 11 0.0017 0.0223 0.7991 0.0033 0.0004 0.1500 0.0008 0.0009 0.0214 
        038s 11 0.0008 0.4184 0.3585 0.0045 0.0003 0.1792 0.0014 0.0006 0.0362 
        039s 11 0.0008 0.8366 0.0658 0.0006 0.0003 0.0915 0.0016 0.0004 0.0024 
        040s 11 0.0009 0.5722 0.0042 0.0166 0.0012 0.3712 0.0321 0.0004 0.0012 
        041s 11 0.0041 0.9016 0.0325 0.0008 0.0011 0.0181 0.0014 0.0189 0.0214 
        042s 11 0.0171 0.1766 0.5100 0.0010 0.0013 0.0300 0.0008 0.0006 0.2625 
        043s 11 0.0194 0.8477 0.0648 0.0225 0.0004 0.0286 0.0104 0.0004 0.0059 
        044s 11 0.0038 0.7612 0.1092 0.0008 0.0119 0.0026 0.0004 0.0011 0.1091 
        045s 11 0.0093 0.8624 0.0082 0.0021 0.0018 0.0901 0.0003 0.0004 0.0253 
        046s 11 0.0312 0.1534 0.6745 0.0004 0.0056 0.0887 0.0228 0.0009 0.0225 
        047s 11 0.0008 0.6209 0.0337 0.0004 0.0014 0.3292 0.0008 0.0007 0.0121 
        048s 11 0.0347 0.9372 0.0029 0.0040 0.0017 0.0089 0.0028 0.0022 0.0055 
        049s 11 0.0012 0.8990 0.0388 0.0004 0.0004 0.0280 0.0017 0.0021 0.0284 
        050s 11 0.0012 0.9762 0.0050 0.0004 0.0048 0.0047 0.0005 0.0004 0.0068 
        051s 11 0.0419 0.8375 0.0699 0.0009 0.0216 0.0125 0.0004 0.0005 0.0148 
        052s 11 0.0026 0.0777 0.8541 0.0021 0.0042 0.0069 0.0023 0.0011 0.0490 
        053s 11 0.0012 0.8740 0.0879 0.0004 0.0008 0.0287 0.0006 0.0015 0.0048 
        054s 11 0.0007 0.9081 0.0736 0.0024 0.0035 0.0054 0.0009 0.0005 0.0048 
        055s 11 0.0003 0.0052 0.8974 0.0602 0.0003 0.0029 0.0088 0.0003 0.0245 
        001s 12 0.0012 0.8593 0.0732 0.0024 0.0011 0.0499 0.0014 0.0020 0.0096 
        002s 12 0.0009 0.9734 0.0144 0.0006 0.0006 0.0030 0.0018 0.0027 0.0027 
        003s 12 0.0003 0.9618 0.0172 0.0006 0.0011 0.0026 0.0006 0.0007 0.0152 
        004s 12 0.0052 0.6982 0.0014 0.0002 0.0010 0.2212 0.0625 0.0027 0.0077 
        005s 12 0.0016 0.3721 0.6056 0.0013 0.0005 0.0090 0.0004 0.0010 0.0084 
        006s 12 0.0029 0.6128 0.0863 0.0036 0.0026 0.1951 0.0163 0.0007 0.0797 
        007s 12 0.0018 0.9073 0.0340 0.0005 0.0020 0.0442 0.0009 0.0047 0.0045 
        008s 12 0.0007 0.8874 0.0491 0.0444 0.0004 0.0062 0.0011 0.0005 0.0103 
        009s 12 0.0056 0.6844 0.0033 0.0020 0.0012 0.0326 0.0080 0.0225 0.2405 
        010s 12 0.0003 0.7424 0.1499 0.0026 0.0232 0.0689 0.0044 0.0011 0.0070 
        011s 12 0.0007 0.9377 0.0165 0.0012 0.0035 0.0021 0.0007 0.0014 0.0363 
        012s 12 0.0044 0.4960 0.0025 0.0007 0.0052 0.2334 0.0013 0.0004 0.2561 
        013s 12 0.0393 0.7761 0.0024 0.0005 0.0007 0.1720 0.0005 0.0006 0.0080 
        014s 12 0.0410 0.2211 0.5917 0.0016 0.0420 0.0095 0.0011 0.0026 0.0894 
        015s 12 0.0017 0.9091 0.0502 0.0018 0.0006 0.0251 0.0029 0.0024 0.0062 
        016s 12 0.0066 0.8279 0.0066 0.0004 0.0006 0.0959 0.0005 0.0005 0.0610 
        017s 12 0.0009 0.7920 0.1662 0.0005 0.0013 0.0242 0.0067 0.0005 0.0078 
        018s 12 0.0023 0.6169 0.0393 0.0014 0.0002 0.3222 0.0009 0.0021 0.0146 
        019s 12 0.0005 0.8053 0.1711 0.0008 0.0008 0.0069 0.0049 0.0023 0.0075 
        020s 12 0.0008 0.6991 0.1576 0.0035 0.0003 0.0680 0.0690 0.0003 0.0015 
        021s 12 0.0023 0.5963 0.0090 0.0006 0.0006 0.2635 0.0022 0.0005 0.1251 
        022s 12 0.0047 0.6650 0.1756 0.0122 0.0008 0.1059 0.0204 0.0033 0.0122 
        023s 12 0.0011 0.9184 0.0685 0.0005 0.0003 0.0028 0.0005 0.0006 0.0073 
        024s 12 0.0006 0.2751 0.4970 0.0005 0.0003 0.2056 0.0008 0.0004 0.0197 
        025s 12 0.0012 0.8631 0.0965 0.0216 0.0011 0.0080 0.0013 0.0043 0.0029 
        026s 12 0.0008 0.8993 0.0250 0.0008 0.0008 0.0064 0.0369 0.0103 0.0198 
        027s 12 0.0005 0.8711 0.1067 0.0078 0.0004 0.0046 0.0019 0.0006 0.0063 
        028s 12 0.0052 0.0087 0.9622 0.0006 0.0007 0.0009 0.0013 0.0133 0.0071 
        029s 12 0.0008 0.5798 0.3872 0.0003 0.0014 0.0101 0.0012 0.0006 0.0187 
        030s 12 0.0006 0.9402 0.0248 0.0005 0.0012 0.0160 0.0009 0.0006 0.0153 
        031s 12 0.0026 0.9111 0.0604 0.0014 0.0008 0.0126 0.0039 0.0009 0.0064 
        032s 12 0.0013 0.0444 0.8506 0.0003 0.0006 0.0026 0.0009 0.0142 0.0852 
        033s 12 0.0005 0.8910 0.0349 0.0034 0.0017 0.0613 0.0011 0.0008 0.0053 
        034s 12 0.0003 0.0393 0.9535 0.0008 0.0006 0.0025 0.0003 0.0008 0.0019 
        035s 12 0.0006 0.7208 0.2053 0.0017 0.0011 0.0244 0.0089 0.0006 0.0366 
        036s 12 0.0009 0.3576 0.1688 0.0142 0.0062 0.0938 0.0015 0.0034 0.3537 
        037s 12 0.0008 0.7491 0.0754 0.0004 0.0003 0.1639 0.0015 0.0012 0.0073 
        001s 13 0.0034 0.9355 0.0128 0.0008 0.0008 0.0199 0.0154 0.0012 0.0102 
        002s 13 0.0011 0.0178 0.7417 0.0068 0.0005 0.0260 0.0499 0.0004 0.1558 
        003s 13 0.0013 0.8502 0.0624 0.0024 0.0003 0.0632 0.0010 0.0007 0.0185 
        004s 13 0.0029 0.9195 0.0088 0.0003 0.0006 0.0250 0.0013 0.0108 0.0307 
        005s 13 0.0015 0.9121 0.0410 0.0094 0.0028 0.0031 0.0030 0.0023 0.0249 
        006s 13 0.0006 0.8811 0.0422 0.0021 0.0015 0.0084 0.0007 0.0011 0.0623 
        007s 13 0.0012 0.9367 0.0049 0.0030 0.0223 0.0133 0.0009 0.0004 0.0171 
        008s 13 0.0011 0.8177 0.0332 0.0015 0.0016 0.0825 0.0504 0.0019 0.0101 
        009s 13 0.0015 0.7428 0.0010 0.0055 0.0009 0.0863 0.1213 0.0062 0.0344 
        010s 13 0.0011 0.5217 0.0057 0.0017 0.0006 0.4186 0.0322 0.0015 0.0170 
        011s 13 0.0021 0.5052 0.3430 0.0056 0.0183 0.1021 0.0054 0.0100 0.0083 
        012s 13 0.0174 0.1050 0.0274 0.0017 0.0013 0.4614 0.0085 0.0043 0.3731 
        013s 13 0.0065 0.1196 0.6809 0.0008 0.0256 0.1458 0.0125 0.0012 0.0071 
        014s 13 0.0053 0.6876 0.0070 0.0087 0.0122 0.2717 0.0005 0.0014 0.0055 
        015s 13 0.0086 0.8047 0.1602 0.0005 0.0007 0.0027 0.0098 0.0104 0.0025 
        016s 13 0.0016 0.9534 0.0055 0.0007 0.0005 0.0151 0.0005 0.0006 0.0219 
        017s 13 0.0006 0.8675 0.0100 0.0559 0.0009 0.0054 0.0017 0.0050 0.0530 
        018s 13 0.0010 0.8834 0.0676 0.0012 0.0003 0.0247 0.0005 0.0005 0.0208 
        019s 13 0.0011 0.5908 0.1607 0.0036 0.0009 0.1346 0.0006 0.0005 0.1073 
        020s 13 0.0005 0.0117 0.9727 0.0043 0.0036 0.0023 0.0010 0.0021 0.0018 
        021s 13 0.0011 0.8935 0.0782 0.0003 0.0006 0.0195 0.0014 0.0008 0.0046 
        022s 13 0.0005 0.9410 0.0394 0.0017 0.0007 0.0115 0.0013 0.0005 0.0034 
        023s 13 0.0004 0.8738 0.0989 0.0034 0.0003 0.0171 0.0011 0.0005 0.0045 
        024s 13 0.0396 0.6852 0.0058 0.0007 0.0028 0.0084 0.0354 0.0007 0.2213 
        025s 13 0.0030 0.9057 0.0058 0.0006 0.0004 0.0803 0.0010 0.0010 0.0022 
        026s 13 0.0107 0.4720 0.0407 0.0184 0.0009 0.3928 0.0463 0.0004 0.0179 
        027s 13 0.0013 0.8863 0.0539 0.0013 0.0024 0.0055 0.0449 0.0026 0.0016 
        028s 13 0.0021 0.2889 0.5238 0.0319 0.0020 0.0643 0.0023 0.0049 0.0797 
        029s 13 0.0014 0.0303 0.7350 0.0007 0.0013 0.1842 0.0194 0.0008 0.0269 
        030s 13 0.0241 0.1050 0.6039 0.0006 0.0009 0.1532 0.0664 0.0004 0.0456 
        031s 13 0.0994 0.5105 0.0442 0.0010 0.0054 0.1244 0.0032 0.0018 0.2101 
        032s 13 0.0005 0.9630 0.0107 0.0005 0.0119 0.0024 0.0007 0.0004 0.0099 
        033s 13 0.0009 0.7821 0.0398 0.0170 0.0079 0.1249 0.0022 0.0009 0.0242 
        034s 13 0.0010 0.0243 0.8778 0.0003 0.0171 0.0015 0.0492 0.0031 0.0257 
        035s 13 0.0034 0.6381 0.3383 0.0009 0.0007 0.0111 0.0007 0.0019 0.0048 
        036s 13 0.0004 0.7979 0.1282 0.0008 0.0004 0.0450 0.0022 0.0008 0.0242 
        037s 13 0.0024 0.8835 0.0556 0.0005 0.0007 0.0441 0.0005 0.0010 0.0117 
        038s 13 0.0019 0.2699 0.5590 0.0043 0.0011 0.1248 0.0008 0.0013 0.0368 
        039s 13 0.0697 0.8196 0.0074 0.0007 0.0011 0.0027 0.0966 0.0006 0.0016 
        040s 13 0.0013 0.6845 0.0969 0.0005 0.0012 0.1541 0.0012 0.0005 0.0598 
        041s 13 0.0014 0.6338 0.0032 0.0021 0.0047 0.3103 0.0373 0.0008 0.0064 
        042s 13 0.0012 0.0056 0.9811 0.0003 0.0015 0.0027 0.0003 0.0008 0.0065 
        001s 14 0.0015 0.0961 0.5884 0.0007 0.0011 0.2153 0.0128 0.0020 0.0821 
        002s 14 0.0013 0.7989 0.1175 0.0026 0.0012 0.0034 0.0664 0.0035 0.0052 
        003s 14 0.0008 0.0060 0.9787 0.0010 0.0004 0.0030 0.0005 0.0005 0.0090 
        004s 14 0.0038 0.8500 0.0348 0.0005 0.0123 0.0840 0.0112 0.0011 0.0023 
        005s 14 0.0008 0.5908 0.3373 0.0003 0.0003 0.0652 0.0004 0.0005 0.0044 
        006s 14 0.0006 0.8418 0.0988 0.0005 0.0005 0.0518 0.0005 0.0004 0.0051 
        007s 14 0.0020 0.9642 0.0238 0.0015 0.0013 0.0028 0.0007 0.0004 0.0035 
        008s 14 0.0018 0.0017 0.7168 0.0002 0.0060 0.1590 0.0957 0.0173 0.0015 
        009s 14 0.0014 0.9392 0.0375 0.0034 0.0004 0.0029 0.0021 0.0050 0.0082 
        010s 14 0.0017 0.3273 0.2889 0.0004 0.0005 0.3174 0.0463 0.0159 0.0016 
        011s 14 0.0007 0.3938 0.5176 0.0441 0.0048 0.0352 0.0008 0.0006 0.0025 
        012s 14 0.0019 0.0173 0.9134 0.0016 0.0015 0.0295 0.0006 0.0026 0.0316 
        013s 14 0.0077 0.0960 0.2283 0.0006 0.0058 0.0087 0.0012 0.0006 0.6511 
        014s 14 0.0005 0.5853 0.0155 0.0006 0.0009 0.3325 0.0392 0.0051 0.0202 
        015s 14 0.0039 0.8384 0.1343 0.0006 0.0005 0.0056 0.0007 0.0073 0.0087 
        016s 14 0.0093 0.8556 0.0432 0.0007 0.0003 0.0696 0.0020 0.0007 0.0186 
        017s 14 0.0006 0.6475 0.1417 0.0022 0.0096 0.0217 0.0596 0.0011 0.1159 
        018s 14 0.0011 0.9347 0.0147 0.0007 0.0005 0.0409 0.0008 0.0010 0.0056 
        019s 14 0.0009 0.9635 0.0102 0.0019 0.0017 0.0170 0.0011 0.0005 0.0031 
        020s 14 0.0025 0.0995 0.8757 0.0011 0.0002 0.0028 0.0008 0.0091 0.0083 
        021s 14 0.0006 0.8285 0.0592 0.0012 0.0004 0.0888 0.0043 0.0096 0.0074 
        022s 14 0.0012 0.6149 0.0653 0.0010 0.0022 0.2924 0.0029 0.0020 0.0180 
        023s 14 0.0037 0.7754 0.0181 0.0003 0.0028 0.1394 0.0133 0.0025 0.0446 
        024s 14 0.0016 0.2775 0.4289 0.0105 0.0013 0.2355 0.0373 0.0041 0.0034 
        025s 14 0.0003 0.6275 0.2715 0.0002 0.0003 0.0058 0.0712 0.0005 0.0227 
        026s 14 0.0009 0.3860 0.0877 0.0004 0.0003 0.0905 0.0005 0.0019 0.4317 
        027s 14 0.0024 0.7780 0.0239 0.0006 0.0005 0.0696 0.0035 0.0005 0.1210 
        028s 14 0.0014 0.7737 0.1697 0.0017 0.0020 0.0164 0.0008 0.0024 0.0320 
        029s 14 0.0015 0.8296 0.0659 0.0002 0.0004 0.0379 0.0004 0.0006 0.0636 
        030s 14 0.0007 0.2407 0.1081 0.0014 0.0063 0.2914 0.0012 0.0006 0.3497 
        031s 14 0.0007 0.6191 0.3236 0.0005 0.0229 0.0030 0.0007 0.0008 0.0286 
        032s 14 0.0020 0.5173 0.4641 0.0007 0.0019 0.0086 0.0015 0.0004 0.0035 
        033s 14 0.0010 0.4429 0.4815 0.0023 0.0488 0.0065 0.0004 0.0016 0.0150 
        034s 14 0.0007 0.9690 0.0071 0.0008 0.0003 0.0059 0.0003 0.0005 0.0153 
        035s 14 0.0007 0.1892 0.0309 0.0063 0.0566 0.3926 0.0388 0.0003 0.2846 
        036s 14 0.0081 0.1724 0.6955 0.0025 0.0196 0.0375 0.0453 0.0024 0.0168 
        037s 14 0.0024 0.7673 0.2010 0.0007 0.0004 0.0204 0.0011 0.0012 0.0055 
        038s 14 0.0006 0.6681 0.0394 0.0008 0.0009 0.2831 0.0007 0.0009 0.0055 
        039s 14 0.0051 0.8729 0.0506 0.0010 0.0024 0.0580 0.0016 0.0027 0.0057 
        040s 14 0.0010 0.8471 0.1141 0.0003 0.0014 0.0176 0.0106 0.0005 0.0074 
        041s 14 0.0012 0.2694 0.3505 0.0004 0.0014 0.2711 0.0011 0.0007 0.1042 
        042s 14 0.0018 0.6944 0.0193 0.0013 0.0004 0.0643 0.0549 0.0008 0.1627 
        001s 15 0.0014 0.3438 0.6116 0.0003 0.0007 0.0341 0.0007 0.0015 0.0059 
        002s 15 0.0098 0.3528 0.1751 0.0009 0.0034 0.1958 0.0947 0.0064 0.1611 
        003s 15 0.0082 0.8720 0.0150 0.0087 0.0004 0.0807 0.0065 0.0010 0.0076 
        004s 15 0.0004 0.4039 0.0040 0.0003 0.0009 0.0500 0.0007 0.0115 0.5282 
        005s 15 0.0077 0.8442 0.0138 0.0116 0.0010 0.0883 0.0098 0.0013 0.0223 
        006s 15 0.0014 0.9126 0.0101 0.0008 0.0030 0.0377 0.0244 0.0009 0.0091 
        007s 15 0.0006 0.7412 0.1519 0.0005 0.0005 0.0267 0.0005 0.0016 0.0764 
        008s 15 0.0005 0.7522 0.1065 0.0003 0.0005 0.1278 0.0007 0.0006 0.0111 
        009s 15 0.0364 0.4863 0.0011 0.0089 0.0013 0.4150 0.0045 0.0007 0.0458 
        010s 15 0.0027 0.0248 0.8385 0.0011 0.0005 0.0404 0.0006 0.0003 0.0913 
        011s 15 0.0018 0.1404 0.0119 0.0091 0.0323 0.3240 0.0006 0.0004 0.4795 
        012s 15 0.0024 0.8464 0.0034 0.0110 0.0008 0.1275 0.0016 0.0012 0.0058 
        013s 15 0.0016 0.0247 0.9314 0.0003 0.0006 0.0023 0.0014 0.0079 0.0297 
        014s 15 0.0065 0.9098 0.0647 0.0020 0.0008 0.0051 0.0010 0.0042 0.0060 
        015s 15 0.0028 0.5462 0.0120 0.0011 0.0091 0.3298 0.0768 0.0010 0.0213 
        016s 15 0.0007 0.0946 0.7160 0.0015 0.0636 0.0500 0.0041 0.0380 0.0314 
        017s 15 0.0019 0.9657 0.0079 0.0012 0.0008 0.0036 0.0022 0.0128 0.0038 
        018s 15 0.0006 0.3887 0.5179 0.0007 0.0002 0.0407 0.0015 0.0022 0.0476 
        019s 15 0.0078 0.0051 0.4062 0.0016 0.0005 0.2710 0.0022 0.0013 0.3045 
        020s 15 0.0006 0.2642 0.5727 0.0004 0.0006 0.0802 0.0006 0.0006 0.0799 
        021s 15 0.0052 0.6063 0.0997 0.0028 0.0007 0.2088 0.0322 0.0025 0.0418 
        022s 15 0.0008 0.4640 0.0253 0.0019 0.0012 0.3812 0.0006 0.0007 0.1244 
        023s 15 0.0016 0.3018 0.0826 0.0019 0.0030 0.1989 0.0193 0.0007 0.3901 
        024s 15 0.0011 0.9395 0.0029 0.0005 0.0047 0.0207 0.0024 0.0005 0.0277 
