        001s  1 0.6292 0.0015 0.0017 0.0003 0.3659 0.0006 0.0008 
        002s  1 0.1010 0.0005 0.0055 0.0031 0.8883 0.0010 0.0007 
        003s  1 0.0048 0.0147 0.0020 0.0009 0.9719 0.0018 0.0038 
        004s  1 0.3132 0.0005 0.0019 0.0323 0.6451 0.0041 0.0029 
        005s  1 0.0075 0.0004 0.2539 0.1700 0.3763 0.0009 0.1910 
        006s  1 0.9917 0.0004 0.0029 0.0014 0.0027 0.0005 0.0004 
        007s  1 0.9479 0.0008 0.0033 0.0005 0.0384 0.0049 0.0042 
        008s  1 0.2067 0.0011 0.0921 0.0019 0.6942 0.0010 0.0030 
        009s  1 0.5203 0.0036 0.0102 0.0068 0.4036 0.0143 0.0411 
        010s  1 0.9719 0.0008 0.0108 0.0012 0.0049 0.0004 0.0100 
        011s  1 0.9452 0.0057 0.0333 0.0025 0.0077 0.0035 0.0022 
        012s  1 0.8107 0.0056 0.0029 0.0053 0.0546 0.0020 0.1188 
        013s  1 0.9386 0.0007 0.0083 0.0196 0.0223 0.0078 0.0027 
        014s  1 0.9334 0.0145 0.0037 0.0011 0.0059 0.0043 0.0369 
        015s  1 0.9822 0.0008 0.0046 0.0005 0.0106 0.0006 0.0008 
        016s  1 0.9200 0.0012 0.0026 0.0007 0.0632 0.0076 0.0047 
        018s  1 0.4350 0.0012 0.2584 0.0019 0.1602 0.0008 0.1424 
        019s  1 0.8913 0.0043 0.0061 0.0005 0.0759 0.0008 0.0211 
        020s  1 0.9707 0.0101 0.0039 0.0003 0.0062 0.0082 0.0007 
        021s  1 0.9577 0.0009 0.0017 0.0108 0.0210 0.0074 0.0004 
        022s  1 0.0125 0.0006 0.0030 0.0005 0.9820 0.0011 0.0003 
        023s  1 0.6918 0.0013 0.0895 0.0005 0.2034 0.0130 0.0005 
        024s  1 0.9832 0.0004 0.0061 0.0017 0.0060 0.0008 0.0019 
        025s  1 0.6593 0.0003 0.3165 0.0015 0.0112 0.0015 0.0097 
        026s  1 0.9617 0.0044 0.0117 0.0008 0.0085 0.0119 0.0010 
        027s  1 0.5029 0.0005 0.4535 0.0127 0.0248 0.0039 0.0016 
        028s  1 0.4532 0.0035 0.4333 0.0536 0.0091 0.0006 0.0467 
        029s  1 0.9777 0.0063 0.0033 0.0008 0.0097 0.0008 0.0015 
        030s  1 0.6550 0.0089 0.3265 0.0039 0.0038 0.0008 0.0011 
        031s  1 0.9300 0.0004 0.0045 0.0003 0.0635 0.0009 0.0004 
        032s  1 0.9802 0.0012 0.0104 0.0008 0.0056 0.0007 0.0011 
        033s  1 0.9706 0.0009 0.0085 0.0013 0.0122 0.0013 0.0052 
        034s  1 0.3317 0.0028 0.0305 0.0018 0.5771 0.0551 0.0009 
        035s  1 0.9786 0.0024 0.0108 0.0022 0.0030 0.0009 0.0021 
        036s  1 0.3023 0.0003 0.0034 0.0014 0.6014 0.0013 0.0899 
        037s  1 0.7120 0.0013 0.0150 0.0097 0.1109 0.0425 0.1086 
        038s  1 0.9554 0.0008 0.0170 0.0006 0.0223 0.0010 0.0028 
        039s  1 0.8649 0.0010 0.1103 0.0159 0.0070 0.0004 0.0005 
        040s  1 0.8660 0.0007 0.0136 0.0051 0.1092 0.0037 0.0017 
        041s  1 0.9675 0.0010 0.0147 0.0004 0.0093 0.0036 0.0035 
        042s  1 0.6740 0.0013 0.0148 0.0007 0.1508 0.0792 0.0793 
        043s  1 0.0055 0.0019 0.1632 0.0010 0.8216 0.0006 0.0063 
        044s  1 0.6588 0.0034 0.0224 0.0154 0.2154 0.0062 0.0784 
        045s  1 0.9826 0.0010 0.0030 0.0017 0.0033 0.0009 0.0075 
        046s  1 0.9792 0.0028 0.0032 0.0005 0.0118 0.0006 0.0020 
        047s  1 0.9792 0.0013 0.0058 0.0004 0.0054 0.0070 0.0008 
        048s  1 0.3064 0.0006 0.0082 0.0003 0.6398 0.0009 0.0437 
        049s  1 0.0123 0.0007 0.0048 0.0015 0.9794 0.0006 0.0005 
        050s  1 0.7989 0.0004 0.0020 0.0021 0.0965 0.0005 0.0995 
        051s  1 0.9669 0.0261 0.0010 0.0007 0.0040 0.0008 0.0006 
        052s  1 0.7698 0.0149 0.1665 0.0094 0.0280 0.0022 0.0092 
        053s  1 0.9866 0.0004 0.0047 0.0004 0.0046 0.0009 0.0025 
        054s  1 0.9826 0.0030 0.0044 0.0036 0.0047 0.0015 0.0002 
        055s  1 0.8310 0.0016 0.0155 0.0018 0.0035 0.0686 0.0780 
          01  2 0.8352 0.0291 0.0032 0.0014 0.0072 0.0014 0.1224 
          02  2 0.9188 0.0020 0.0499 0.0032 0.0097 0.0008 0.0155 
          03  2 0.9334 0.0006 0.0477 0.0010 0.0140 0.0017 0.0016 
          04  2 0.5224 0.0013 0.3963 0.0174 0.0430 0.0160 0.0036 
          05  2 0.0154 0.0004 0.1182 0.0003 0.7528 0.0004 0.1125 
          06  2 0.9180 0.0006 0.0344 0.0019 0.0154 0.0006 0.0291 
          07  2 0.8116 0.0010 0.0028 0.0026 0.1750 0.0007 0.0062 
          08  2 0.1250 0.0010 0.0357 0.0004 0.7595 0.0007 0.0777 
          09  2 0.9389 0.0079 0.0022 0.0003 0.0496 0.0004 0.0006 
          10  2 0.9302 0.0006 0.0552 0.0008 0.0111 0.0006 0.0015 
          11  2 0.9297 0.0124 0.0023 0.0010 0.0326 0.0053 0.0166 
          12  2 0.9265 0.0020 0.0403 0.0011 0.0285 0.0008 0.0007 
          13  2 0.7849 0.0011 0.0018 0.0005 0.2107 0.0005 0.0005 
          14  2 0.5162 0.0045 0.0028 0.0080 0.4362 0.0319 0.0003 
          15  2 0.6212 0.0013 0.0031 0.0004 0.3723 0.0011 0.0006 
          16  2 0.9086 0.0058 0.0123 0.0585 0.0079 0.0057 0.0013 
          17  2 0.7446 0.0017 0.1810 0.0011 0.0681 0.0010 0.0025 
          18  2 0.9674 0.0023 0.0063 0.0033 0.0034 0.0013 0.0160 
          19  2 0.9800 0.0018 0.0064 0.0003 0.0061 0.0035 0.0019 
          20  2 0.9175 0.0025 0.0048 0.0071 0.0041 0.0049 0.0591 
          21  2 0.9638 0.0148 0.0054 0.0005 0.0131 0.0008 0.0016 
          22  2 0.8189 0.0054 0.1595 0.0043 0.0046 0.0059 0.0015 
          23  2 0.9638 0.0011 0.0269 0.0027 0.0026 0.0015 0.0014 
          24  2 0.9804 0.0013 0.0141 0.0006 0.0020 0.0008 0.0008 
          25  2 0.8767 0.0021 0.0017 0.0267 0.0858 0.0007 0.0064 
          26  2 0.0011 0.0009 0.0009 0.0005 0.9960 0.0002 0.0005 
          27  2 0.9053 0.0016 0.0044 0.0303 0.0531 0.0043 0.0010 
          28  2 0.8815 0.0014 0.0149 0.0004 0.0960 0.0040 0.0018 
          29  2 0.9853 0.0009 0.0041 0.0012 0.0070 0.0003 0.0012 
          30  2 0.3944 0.0125 0.1948 0.0006 0.1619 0.0853 0.1506 
          01  3 0.1881 0.0004 0.2977 0.1197 0.0578 0.0147 0.3215 
          02  3 0.0695 0.0747 0.1929 0.3873 0.0004 0.0048 0.2703 
          03  3 0.1648 0.0005 0.2676 0.2816 0.0030 0.0012 0.2813 
          04  3 0.0479 0.0010 0.2542 0.2811 0.0284 0.0014 0.3859 
          05  3 0.0004 0.1150 0.1157 0.3430 0.0009 0.1221 0.3029 
          06  3 0.0324 0.0003 0.2098 0.4189 0.0010 0.0013 0.3363 
          07  3 0.1198 0.0015 0.2532 0.2297 0.0468 0.0009 0.3481 
          08  3 0.1293 0.0036 0.2696 0.2746 0.0009 0.0037 0.3182 
          09  3 0.1327 0.0002 0.2238 0.2438 0.0018 0.0026 0.3952 
          10  3 0.0199 0.2182 0.1125 0.3562 0.0191 0.1302 0.1439 
          11  3 0.0951 0.0003 0.2377 0.2656 0.0316 0.0002 0.3694 
          12  3 0.1170 0.0003 0.2304 0.2763 0.0015 0.0004 0.3741 
          13  3 0.0022 0.0117 0.1832 0.4331 0.0021 0.0003 0.3674 
          14  3 0.0027 0.0451 0.1290 0.3948 0.0024 0.1562 0.2699 
          15  3 0.1491 0.0004 0.2902 0.2274 0.0010 0.0026 0.3292 
          16  3 0.0641 0.0038 0.2294 0.4812 0.0161 0.0030 0.2025 
          17  3 0.1765 0.0021 0.2852 0.1458 0.0027 0.0028 0.3849 
          18  3 0.0023 0.1678 0.0945 0.2882 0.0045 0.2810 0.1616 
          19  3 0.0612 0.0004 0.2800 0.3735 0.0101 0.0041 0.2706 
          20  3 0.0055 0.0003 0.2649 0.2377 0.0670 0.0501 0.3744 
          21  3 0.1068 0.0011 0.3274 0.2820 0.0032 0.0046 0.2749 
          22  3 0.0191 0.0004 0.2573 0.1860 0.1068 0.0013 0.4290 
          23  3 0.1006 0.0002 0.2928 0.2770 0.0012 0.0010 0.3272 
          24  3 0.0073 0.1678 0.1379 0.2265 0.0267 0.0031 0.4307 
          25  3 0.0005 0.2502 0.1449 0.2295 0.0006 0.1327 0.2416 
          26  3 0.0769 0.0005 0.2178 0.2946 0.0218 0.0005 0.3878 
          27  3 0.0102 0.1326 0.1966 0.2928 0.0027 0.1769 0.1882 
          28  3 0.0366 0.0013 0.2485 0.3659 0.0016 0.0003 0.3459 
          29  3 0.0771 0.0031 0.2657 0.3279 0.0011 0.0082 0.3169 
          30  3 0.0010 0.0006 0.3128 0.1784 0.1386 0.0003 0.3683 
         001  4 0.0001 0.0001 0.0001 0.0001 0.0001 0.0001 0.9994 
         002  4 0.0002 0.0003 0.0004 0.0005 0.0004 0.0001 0.9981 
         003  4 0.0001 0.0001 0.0001 0.0001 0.0001 0.0001 0.9994 
         004  4 0.0001 0.0001 0.0001 0.0002 0.0001 0.0001 0.9993 
         005  4 0.0002 0.0005 0.0001 0.0003 0.0002 0.0001 0.9987 
         006  4 0.0007 0.0002 0.0094 0.0722 0.0006 0.0003 0.9165 
         007  4 0.0008 0.0002 0.0004 0.0581 0.0093 0.0008 0.9303 
         008  4 0.0007 0.0026 0.0004 0.0006 0.0010 0.0066 0.9881 
         009  4 0.0001 0.0002 0.0001 0.0003 0.0001 0.0001 0.9990 
         010  4 0.0001 0.0001 0.0001 0.0122 0.0001 0.0001 0.9873 
         011  4 0.0009 0.0005 0.0004 0.0290 0.0013 0.0243 0.9436 
         012  4 0.0001 0.0001 0.0001 0.0001 0.0001 0.0001 0.9994 
         013  4 0.0001 0.0001 0.0001 0.0001 0.0001 0.0001 0.9995 
         014  4 0.0002 0.0001 0.0002 0.0002 0.0003 0.0002 0.9989 
         015  4 0.0001 0.0001 0.0002 0.0001 0.0001 0.0001 0.9995 
         016  4 0.0001 0.0001 0.0001 0.0002 0.0001 0.0001 0.9993 
         017  4 0.0002 0.0001 0.0003 0.0002 0.0002 0.0001 0.9989 
         019  4 0.0003 0.0004 0.0028 0.0892 0.0003 0.0006 0.9064 
         020  4 0.0002 0.0002 0.0002 0.0002 0.0003 0.0002 0.9988 
         021  4 0.0004 0.0003 0.0006 0.0224 0.0004 0.0003 0.9757 
         001  5 0.0013 0.0018 0.0042 0.0004 0.0003 0.0347 0.9572 
         002  5 0.0070 0.0007 0.0161 0.0003 0.0302 0.0016 0.9441 
         003  5 0.1353 0.0004 0.0661 0.0614 0.0016 0.0039 0.7313 
         004  5 0.0450 0.0003 0.0012 0.0009 0.0182 0.0024 0.9320 
         005  5 0.0003 0.0002 0.0259 0.0011 0.0003 0.0008 0.9714 
         006  5 0.0007 0.0006 0.0632 0.0751 0.0003 0.0002 0.8599 
         007  5 0.0003 0.0003 0.0324 0.0752 0.0003 0.0002 0.8913 
         008  5 0.0002 0.0002 0.0345 0.0045 0.0002 0.0002 0.9602 
         009  5 0.0334 0.0002 0.0180 0.0056 0.0188 0.0017 0.9222 
         010  5 0.0018 0.0004 0.0435 0.0526 0.0023 0.0023 0.8971 
         011  5 0.0020 0.0002 0.0278 0.0004 0.0010 0.0047 0.9638 
         012  5 0.0405 0.0008 0.0100 0.0797 0.0099 0.0023 0.8568 
         013  5 0.0873 0.0006 0.1580 0.0259 0.0015 0.0009 0.7258 
         014  5 0.1396 0.0166 0.0268 0.0846 0.0203 0.0210 0.6911 
         015  5 0.0002 0.0002 0.0166 0.0294 0.0002 0.0002 0.9533 
         016  5 0.0024 0.0010 0.0124 0.0577 0.0018 0.0003 0.9243 
         017  5 0.0254 0.0038 0.0346 0.0724 0.0061 0.0002 0.8575 
         018  5 0.0087 0.0252 0.0609 0.0173 0.0070 0.0295 0.8514 
         019  5 0.0005 0.0086 0.0007 0.0002 0.0005 0.0028 0.9868 
         020  5 0.0002 0.0001 0.0003 0.0002 0.0001 0.0002 0.9990 
         021  5 0.0944 0.0005 0.0022 0.0006 0.0467 0.0021 0.8535 
         022  5 0.0194 0.0032 0.0025 0.0151 0.0033 0.0365 0.9200 
         023  5 0.0011 0.0005 0.0340 0.0160 0.0010 0.0026 0.9447 
         024  5 0.0336 0.0003 0.0039 0.0692 0.0079 0.0003 0.8848 
         025  5 0.0124 0.0013 0.0196 0.0708 0.0173 0.0008 0.8779 
         026  5 0.1294 0.0005 0.0183 0.0177 0.0034 0.0003 0.8305 
         027  5 0.0002 0.0001 0.0002 0.0004 0.0001 0.0002 0.9988 
         028  5 0.0100 0.0005 0.0145 0.0482 0.0031 0.0105 0.9132 
         029  5 0.0005 0.0003 0.0146 0.0028 0.0005 0.0002 0.9810 
         030  5 0.0008 0.0059 0.0141 0.0009 0.0009 0.0026 0.9749 
        001s  6 0.6818 0.0009 0.0073 0.0202 0.2647 0.0242 0.0010 
        002s  6 0.9247 0.0179 0.0102 0.0005 0.0058 0.0005 0.0404 
        003s  6 0.7354 0.0005 0.0482 0.0005 0.1942 0.0031 0.0181 
        004s  6 0.9690 0.0005 0.0082 0.0003 0.0207 0.0007 0.0005 
        006s  6 0.8912 0.0015 0.0095 0.0212 0.0046 0.0097 0.0624 
        007s  6 0.9787 0.0011 0.0130 0.0029 0.0034 0.0004 0.0006 
        008s  6 0.9294 0.0043 0.0416 0.0008 0.0123 0.0076 0.0040 
        009s  6 0.9536 0.0010 0.0381 0.0004 0.0057 0.0009 0.0003 
        010s  6 0.9315 0.0110 0.0143 0.0059 0.0022 0.0160 0.0192 
        011s  6 0.9281 0.0003 0.0632 0.0021 0.0039 0.0017 0.0006 
        012s  6 0.9804 0.0026 0.0034 0.0052 0.0065 0.0015 0.0004 
        013s  6 0.9806 0.0006 0.0101 0.0009 0.0055 0.0005 0.0018 
        014s  6 0.5881 0.0002 0.0056 0.0004 0.3362 0.0003 0.0693 
        015s  6 0.8586 0.0011 0.1106 0.0106 0.0019 0.0068 0.0104 
        016s  6 0.8801 0.0005 0.0023 0.0008 0.1147 0.0010 0.0005 
        018s  6 0.7162 0.0005 0.0291 0.0008 0.0038 0.0016 0.2480 
        019s  6 0.5831 0.0012 0.3104 0.0015 0.0930 0.0023 0.0085 
        020s  6 0.8534 0.0009 0.0834 0.0006 0.0608 0.0006 0.0003 
        021s  6 0.9696 0.0020 0.0045 0.0124 0.0057 0.0047 0.0010 
        022s  6 0.9457 0.0005 0.0109 0.0004 0.0357 0.0056 0.0013 
        023s  6 0.1416 0.0006 0.2486 0.0006 0.5905 0.0009 0.0171 
        024s  6 0.9115 0.0019 0.0167 0.0030 0.0221 0.0010 0.0439 
        025s  6 0.9135 0.0006 0.0044 0.0011 0.0110 0.0676 0.0018 
        026s  6 0.9685 0.0019 0.0023 0.0006 0.0255 0.0007 0.0005 
        027s  6 0.9617 0.0014 0.0065 0.0005 0.0279 0.0006 0.0014 
        028s  6 0.9094 0.0466 0.0087 0.0077 0.0028 0.0057 0.0191 
        029s  6 0.9195 0.0015 0.0712 0.0003 0.0058 0.0014 0.0003 
        030s  6 0.8741 0.0011 0.0364 0.0007 0.0046 0.0112 0.0718 
        031s  6 0.2428 0.0004 0.0068 0.0047 0.7421 0.0005 0.0026 
        032s  6 0.9650 0.0005 0.0197 0.0015 0.0062 0.0009 0.0063 
        033s  6 0.8983 0.0004 0.0035 0.0003 0.0068 0.0009 0.0899 
        034s  6 0.9080 0.0004 0.0560 0.0033 0.0149 0.0149 0.0025 
        035s  6 0.0010 0.0008 0.0009 0.0005 0.8681 0.0015 0.1272 
        036s  6 0.9767 0.0003 0.0100 0.0061 0.0050 0.0012 0.0007 
        037s  6 0.9827 0.0020 0.0045 0.0009 0.0066 0.0021 0.0012 
        038s  6 0.8423 0.0015 0.0044 0.0019 0.1485 0.0009 0.0005 
        039s  6 0.9063 0.0008 0.0823 0.0003 0.0091 0.0008 0.0004 
        040s  6 0.7013 0.0006 0.0480 0.0027 0.2464 0.0006 0.0004 
        041s  6 0.1564 0.0066 0.0283 0.0003 0.7497 0.0048 0.0540 
        042s  6 0.9065 0.0052 0.0058 0.0010 0.0166 0.0507 0.0141 
        043s  6 0.9774 0.0004 0.0086 0.0012 0.0045 0.0069 0.0010 
        044s  6 0.8072 0.0036 0.0023 0.0006 0.1845 0.0008 0.0011 
        045s  6 0.9604 0.0009 0.0085 0.0004 0.0217 0.0025 0.0056 
        001s  7 0.0276 0.0004 0.0220 0.0004 0.9472 0.0013 0.0010 
        002s  7 0.4640 0.0012 0.0057 0.0010 0.5078 0.0032 0.0170 
        003s  7 0.0110 0.0014 0.0031 0.0025 0.9797 0.0013 0.0010 
        004s  7 0.9669 0.0016 0.0033 0.0033 0.0232 0.0009 0.0008 
        005s  7 0.9499 0.0006 0.0125 0.0024 0.0181 0.0021 0.0145 
        006s  7 0.9056 0.0008 0.0250 0.0017 0.0019 0.0049 0.0602 
        007s  7 0.9612 0.0142 0.0033 0.0066 0.0057 0.0020 0.0071 
        008s  7 0.0037 0.0028 0.0039 0.0004 0.9724 0.0016 0.0153 
        009s  7 0.9521 0.0010 0.0018 0.0019 0.0256 0.0141 0.0034 
        010s  7 0.0029 0.0013 0.0011 0.0003 0.9923 0.0013 0.0008 
        011s  7 0.9841 0.0009 0.0029 0.0006 0.0100 0.0011 0.0004 
        012s  7 0.9912 0.0006 0.0033 0.0007 0.0029 0.0005 0.0008 
        013s  7 0.9585 0.0008 0.0170 0.0097 0.0085 0.0049 0.0005 
        014s  7 0.3792 0.0008 0.0033 0.0007 0.5781 0.0003 0.0376 
        015s  7 0.9433 0.0022 0.0187 0.0011 0.0104 0.0014 0.0229 
        016s  7 0.0008 0.0003 0.0004 0.0002 0.9067 0.0010 0.0906 
        017s  7 0.9573 0.0005 0.0101 0.0009 0.0289 0.0008 0.0014 
        018s  7 0.5056 0.0047 0.4815 0.0007 0.0049 0.0009 0.0017 
        019s  7 0.9528 0.0041 0.0125 0.0017 0.0172 0.0102 0.0015 
        020s  7 0.9804 0.0004 0.0031 0.0016 0.0131 0.0006 0.0008 
        021s  7 0.9845 0.0017 0.0035 0.0006 0.0074 0.0008 0.0015 
        022s  7 0.9847 0.0002 0.0032 0.0034 0.0049 0.0011 0.0024 
        023s  7 0.9140 0.0012 0.0260 0.0017 0.0274 0.0194 0.0102 
        024s  7 0.9514 0.0021 0.0376 0.0006 0.0055 0.0008 0.0020 
        025s  7 0.9653 0.0012 0.0195 0.0044 0.0076 0.0011 0.0008 
        026s  7 0.0091 0.0016 0.0041 0.0004 0.9817 0.0011 0.0020 
        027s  7 0.4516 0.0017 0.0013 0.0011 0.5428 0.0005 0.0011 
        028s  7 0.6700 0.0002 0.3193 0.0007 0.0038 0.0005 0.0056 
        029s  7 0.8604 0.0009 0.0603 0.0008 0.0652 0.0033 0.0091 
        030s  7 0.8378 0.0062 0.0128 0.0010 0.1351 0.0064 0.0007 
        031s  7 0.9003 0.0006 0.0410 0.0016 0.0394 0.0143 0.0028 
        032s  7 0.8802 0.0071 0.0101 0.0007 0.0017 0.0004 0.0998 
        033s  7 0.9449 0.0043 0.0029 0.0008 0.0052 0.0021 0.0398 
        034s  7 0.9350 0.0016 0.0195 0.0395 0.0030 0.0005 0.0010 
        035s  7 0.9894 0.0006 0.0024 0.0004 0.0052 0.0015 0.0005 
        036s  7 0.9368 0.0006 0.0029 0.0050 0.0437 0.0101 0.0008 
        037s  7 0.6867 0.0011 0.2476 0.0039 0.0081 0.0066 0.0460 
        038s  7 0.7595 0.0009 0.2254 0.0006 0.0037 0.0016 0.0083 
        039s  7 0.4444 0.0005 0.2407 0.0003 0.3134 0.0005 0.0003 
        040s  7 0.0012 0.0004 0.0008 0.0237 0.9698 0.0005 0.0036 
        041s  7 0.7258 0.0020 0.0069 0.0005 0.2381 0.0010 0.0256 
        042s  7 0.0196 0.0003 0.0021 0.0007 0.9726 0.0004 0.0043 
        043s  7 0.9741 0.0007 0.0022 0.0002 0.0177 0.0034 0.0018 
        044s  7 0.8983 0.0017 0.0144 0.0112 0.0025 0.0220 0.0499 
         003  8 0.9702 0.0120 0.0030 0.0018 0.0061 0.0009 0.0060 
         009  8 0.9848 0.0007 0.0021 0.0007 0.0087 0.0014 0.0017 
         010  8 0.9625 0.0005 0.0210 0.0003 0.0131 0.0022 0.0004 
         017  8 0.9823 0.0011 0.0080 0.0005 0.0042 0.0033 0.0007 
         002  9 0.9808 0.0007 0.0027 0.0009 0.0131 0.0013 0.0005 
         003  9 0.9909 0.0004 0.0020 0.0005 0.0055 0.0006 0.0003 
         004  9 0.9870 0.0005 0.0008 0.0002 0.0099 0.0011 0.0005 
         005  9 0.9683 0.0018 0.0170 0.0013 0.0059 0.0052 0.0005 
         006  9 0.9891 0.0005 0.0027 0.0011 0.0039 0.0018 0.0008 
         007  9 0.9821 0.0011 0.0034 0.0005 0.0056 0.0013 0.0061 
         009  9 0.9791 0.0015 0.0019 0.0003 0.0132 0.0026 0.0013 
         010  9 0.9890 0.0018 0.0039 0.0004 0.0027 0.0017 0.0004 
         013  9 0.9679 0.0004 0.0033 0.0014 0.0241 0.0021 0.0009 
         014  9 0.9734 0.0064 0.0081 0.0003 0.0095 0.0018 0.0005 
         016  9 0.9873 0.0015 0.0025 0.0002 0.0076 0.0007 0.0003 
         018  9 0.9495 0.0055 0.0373 0.0013 0.0043 0.0014 0.0008 
         019  9 0.9859 0.0056 0.0022 0.0008 0.0039 0.0008 0.0009 
         020  9 0.9920 0.0005 0.0046 0.0004 0.0016 0.0004 0.0006 
         021  9 0.9028 0.0004 0.0899 0.0002 0.0053 0.0009 0.0005 
         022  9 0.9219 0.0017 0.0635 0.0004 0.0115 0.0006 0.0004 
         024  9 0.9749 0.0033 0.0049 0.0003 0.0116 0.0044 0.0005 
         028  9 0.9643 0.0008 0.0225 0.0015 0.0087 0.0014 0.0008 
         029  9 0.9855 0.0012 0.0032 0.0005 0.0084 0.0009 0.0003 
         030  9 0.9824 0.0013 0.0090 0.0005 0.0051 0.0013 0.0004 
         031  9 0.9804 0.0012 0.0022 0.0004 0.0123 0.0006 0.0029 
         033  9 0.9702 0.0009 0.0021 0.0004 0.0179 0.0012 0.0074 
         001 10 0.9882 0.0010 0.0037 0.0005 0.0057 0.0004 0.0005 
         002 10 0.9862 0.0012 0.0048 0.0002 0.0065 0.0007 0.0003 
         003 10 0.9802 0.0006 0.0023 0.0007 0.0021 0.0136 0.0004 
         004 10 0.8790 0.0006 0.0077 0.0003 0.1087 0.0033 0.0004 
         005 10 0.9873 0.0015 0.0044 0.0005 0.0049 0.0009 0.0005 
         006 10 0.9905 0.0006 0.0012 0.0006 0.0047 0.0010 0.0014 
         007 10 0.9881 0.0004 0.0013 0.0005 0.0067 0.0023 0.0006 
         008 10 0.9845 0.0008 0.0073 0.0006 0.0027 0.0033 0.0009 
         009 10 0.9829 0.0043 0.0026 0.0016 0.0076 0.0005 0.0005 
         010 10 0.9675 0.0032 0.0029 0.0006 0.0245 0.0007 0.0007 
         011 10 0.9462 0.0003 0.0078 0.0013 0.0083 0.0355 0.0005 
         012 10 0.9842 0.0005 0.0057 0.0012 0.0040 0.0037 0.0007 
         013 10 0.9877 0.0008 0.0039 0.0023 0.0046 0.0005 0.0003 
         014 10 0.7350 0.0008 0.0015 0.0009 0.2602 0.0011 0.0006 
         016 10 0.9845 0.0013 0.0056 0.0009 0.0063 0.0009 0.0005 
         017 10 0.9766 0.0010 0.0157 0.0010 0.0038 0.0009 0.0010 
         018 10 0.9848 0.0018 0.0031 0.0005 0.0019 0.0007 0.0072 
         019 10 0.9880 0.0043 0.0025 0.0004 0.0031 0.0011 0.0006 
         020 10 0.9598 0.0076 0.0048 0.0011 0.0229 0.0026 0.0011 
         021 10 0.9406 0.0029 0.0031 0.0004 0.0515 0.0004 0.0011 
         022 10 0.9305 0.0003 0.0029 0.0007 0.0642 0.0009 0.0004 
         023 10 0.9860 0.0005 0.0080 0.0005 0.0035 0.0012 0.0003 
         024 10 0.9899 0.0020 0.0019 0.0002 0.0032 0.0023 0.0004 
         026 10 0.9812 0.0007 0.0140 0.0004 0.0028 0.0005 0.0004 
        001s 11 0.5920 0.0010 0.0577 0.0006 0.2428 0.0147 0.0912 
        002s 11 0.9691 0.0039 0.0060 0.0079 0.0103 0.0019 0.0008 
        003s 11 0.7561 0.0014 0.1979 0.0006 0.0342 0.0004 0.0094 
        004s 11 0.9558 0.0002 0.0208 0.0014 0.0190 0.0022 0.0005 
        005s 11 0.8978 0.0061 0.0276 0.0006 0.0656 0.0006 0.0016 
        006s 11 0.9559 0.0017 0.0140 0.0087 0.0164 0.0024 0.0009 
        007s 11 0.8294 0.0015 0.0065 0.0408 0.1122 0.0012 0.0084 
        008s 11 0.8279 0.0007 0.1637 0.0006 0.0060 0.0007 0.0005 
        009s 11 0.9547 0.0161 0.0243 0.0004 0.0037 0.0006 0.0003 
        010s 11 0.8620 0.0006 0.0015 0.0005 0.1328 0.0007 0.0019 
        011s 11 0.0300 0.0004 0.0029 0.0054 0.8435 0.0162 0.1016 
        012s 11 0.5399 0.0007 0.3390 0.0005 0.0173 0.0007 0.1018 
        013s 11 0.7337 0.0003 0.0169 0.0010 0.2451 0.0012 0.0019 
        014s 11 0.0781 0.0018 0.0599 0.0068 0.8492 0.0010 0.0032 
        015s 11 0.9265 0.0013 0.0259 0.0021 0.0366 0.0055 0.0020 
        016s 11 0.7558 0.0041 0.0066 0.0004 0.1265 0.0569 0.0497 
        017s 11 0.4292 0.0007 0.4639 0.0007 0.0178 0.0020 0.0856 
        018s 11 0.0161 0.0021 0.0092 0.0016 0.9650 0.0012 0.0048 
        019s 11 0.9451 0.0004 0.0101 0.0010 0.0164 0.0263 0.0007 
        020s 11 0.2628 0.0031 0.0031 0.0018 0.7266 0.0017 0.0010 
        021s 11 0.9908 0.0005 0.0032 0.0007 0.0027 0.0016 0.0005 
        022s 11 0.8440 0.0007 0.0944 0.0349 0.0239 0.0004 0.0016 
        023s 11 0.0522 0.0006 0.0044 0.0004 0.8784 0.0309 0.0330 
        025s 11 0.9896 0.0003 0.0037 0.0005 0.0043 0.0011 0.0005 
        026s 11 0.8997 0.0006 0.0010 0.0009 0.0035 0.0515 0.0427 
        027s 11 0.9853 0.0004 0.0052 0.0033 0.0047 0.0005 0.0006 
        028s 11 0.9682 0.0004 0.0154 0.0009 0.0064 0.0010 0.0078 
        029s 11 0.9089 0.0015 0.0400 0.0004 0.0028 0.0005 0.0458 
        030s 11 0.5183 0.0015 0.4321 0.0011 0.0039 0.0011 0.0421 
        031s 11 0.9523 0.0008 0.0324 0.0018 0.0120 0.0003 0.0004 
        032s 11 0.8292 0.0008 0.0243 0.0003 0.1395 0.0046 0.0012 
        033s 11 0.7970 0.0020 0.0074 0.0007 0.1870 0.0012 0.0046 
        034s 11 0.0317 0.0005 0.0026 0.0022 0.9612 0.0005 0.0014 
        035s 11 0.4160 0.0012 0.0014 0.0024 0.5766 0.0004 0.0020 
        036s 11 0.5473 0.0017 0.4073 0.0017 0.0254 0.0007 0.0160 
        037s 11 0.0075 0.0010 0.0578 0.0007 0.9301 0.0020 0.0009 
        038s 11 0.5939 0.0007 0.0784 0.0004 0.3230 0.0012 0.0023 
        039s 11 0.9870 0.0005 0.0035 0.0003 0.0058 0.0009 0.0020 
        040s 11 0.7535 0.0006 0.1789 0.0027 0.0017 0.0011 0.0616 
        041s 11 0.9584 0.0190 0.0061 0.0010 0.0121 0.0025 0.0009 
        042s 11 0.4248 0.0011 0.0496 0.0014 0.5089 0.0136 0.0006 
        043s 11 0.9280 0.0005 0.0134 0.0009 0.0104 0.0222 0.0247 
        044s 11 0.8860 0.0009 0.0258 0.0086 0.0741 0.0040 0.0005 
        045s 11 0.9092 0.0003 0.0560 0.0021 0.0208 0.0111 0.0004 
        046s 11 0.0446 0.0009 0.1790 0.0028 0.7131 0.0315 0.0281 
        047s 11 0.7988 0.0005 0.1938 0.0017 0.0033 0.0011 0.0007 
        048s 11 0.9433 0.0016 0.0100 0.0024 0.0055 0.0323 0.0048 
        049s 11 0.9525 0.0012 0.0344 0.0005 0.0083 0.0011 0.0019 
        050s 11 0.9898 0.0004 0.0012 0.0024 0.0044 0.0013 0.0005 
        051s 11 0.8547 0.0005 0.0088 0.0251 0.0617 0.0486 0.0006 
        052s 11 0.0915 0.0013 0.0305 0.0030 0.8680 0.0041 0.0016 
        053s 11 0.9793 0.0015 0.0046 0.0004 0.0121 0.0016 0.0006 
        054s 11 0.9765 0.0005 0.0068 0.0067 0.0078 0.0007 0.0010 
        055s 11 0.0683 0.0004 0.0249 0.0006 0.8683 0.0005 0.0371 
        001s 12 0.9719 0.0012 0.0047 0.0039 0.0153 0.0012 0.0019 
        002s 12 0.9903 0.0024 0.0021 0.0006 0.0022 0.0013 0.0011 
        003s 12 0.9864 0.0010 0.0028 0.0006 0.0084 0.0005 0.0004 
        004s 12 0.8496 0.0016 0.0739 0.0004 0.0035 0.0067 0.0643 
        005s 12 0.2741 0.0018 0.0022 0.0006 0.7190 0.0016 0.0006 
        006s 12 0.8096 0.0006 0.1238 0.0033 0.0298 0.0013 0.0315 
        007s 12 0.9682 0.0038 0.0203 0.0016 0.0034 0.0015 0.0012 
        008s 12 0.9632 0.0009 0.0228 0.0011 0.0028 0.0006 0.0086 
        009s 12 0.6803 0.0210 0.2250 0.0014 0.0523 0.0060 0.0141 
        010s 12 0.9215 0.0015 0.0202 0.0292 0.0166 0.0006 0.0103 
        011s 12 0.9723 0.0012 0.0088 0.0025 0.0127 0.0008 0.0016 
        012s 12 0.7547 0.0006 0.2303 0.0065 0.0028 0.0034 0.0016 
        013s 12 0.9090 0.0006 0.0477 0.0004 0.0032 0.0382 0.0009 
        014s 12 0.2394 0.0052 0.1132 0.0440 0.5511 0.0461 0.0010 
        015s 12 0.9810 0.0017 0.0060 0.0010 0.0038 0.0009 0.0056 
        016s 12 0.9433 0.0005 0.0444 0.0007 0.0051 0.0052 0.0006 
        017s 12 0.9487 0.0005 0.0080 0.0010 0.0343 0.0013 0.0063 
        018s 12 0.6856 0.0029 0.3006 0.0002 0.0074 0.0014 0.0020 
        019s 12 0.9420 0.0034 0.0016 0.0004 0.0451 0.0006 0.0069 
        020s 12 0.9005 0.0003 0.0017 0.0002 0.0170 0.0010 0.0792 
        021s 12 0.8247 0.0007 0.1632 0.0007 0.0046 0.0028 0.0033 
        022s 12 0.8990 0.0032 0.0141 0.0011 0.0392 0.0040 0.0394 
        023s 12 0.9803 0.0009 0.0032 0.0004 0.0139 0.0008 0.0005 
        024s 12 0.2880 0.0005 0.2092 0.0003 0.5005 0.0009 0.0007 
        025s 12 0.9703 0.0052 0.0120 0.0020 0.0059 0.0015 0.0031 
        026s 12 0.8870 0.0142 0.0013 0.0006 0.0645 0.0008 0.0316 
        027s 12 0.9877 0.0004 0.0040 0.0006 0.0038 0.0004 0.0031 
        028s 12 0.0090 0.0128 0.0011 0.0005 0.9712 0.0039 0.0015 
        029s 12 0.6448 0.0005 0.0020 0.0011 0.3496 0.0012 0.0008 
        030s 12 0.9730 0.0005 0.0146 0.0021 0.0080 0.0008 0.0010 
        031s 12 0.9765 0.0011 0.0080 0.0011 0.0050 0.0023 0.0061 
        032s 12 0.0930 0.0098 0.0132 0.0005 0.8817 0.0011 0.0006 
        033s 12 0.9677 0.0005 0.0118 0.0051 0.0129 0.0004 0.0016 
        034s 12 0.0771 0.0007 0.0019 0.0005 0.9192 0.0003 0.0004 
        035s 12 0.8880 0.0005 0.0247 0.0013 0.0673 0.0006 0.0176 
        036s 12 0.8650 0.0028 0.0782 0.0050 0.0441 0.0009 0.0041 
        037s 12 0.9795 0.0011 0.0125 0.0004 0.0041 0.0010 0.0014 
        001s 13 0.9496 0.0012 0.0172 0.0007 0.0129 0.0035 0.0150 
        002s 13 0.0118 0.0004 0.0505 0.0006 0.8674 0.0009 0.0684 
        003s 13 0.9747 0.0010 0.0155 0.0004 0.0057 0.0014 0.0012 
        004s 13 0.9317 0.0127 0.0331 0.0007 0.0178 0.0030 0.0010 
        005s 13 0.9758 0.0024 0.0052 0.0048 0.0050 0.0026 0.0043 
        006s 13 0.9681 0.0011 0.0192 0.0017 0.0083 0.0006 0.0010 
        007s 13 0.9566 0.0005 0.0047 0.0297 0.0056 0.0016 0.0013 
        008s 13 0.9337 0.0015 0.0087 0.0015 0.0031 0.0015 0.0500 
        009s 13 0.8247 0.0150 0.0255 0.0019 0.0055 0.0006 0.1267 
        010s 13 0.5591 0.0019 0.3676 0.0008 0.0074 0.0011 0.0622 
        011s 13 0.7317 0.0057 0.0083 0.0206 0.2234 0.0029 0.0074 
        012s 13 0.4560 0.0041 0.4670 0.0009 0.0034 0.0206 0.0479 
        013s 13 0.2702 0.0007 0.0014 0.0221 0.6778 0.0076 0.0202 
        014s 13 0.7510 0.0010 0.2165 0.0264 0.0009 0.0036 0.0006 
        015s 13 0.9338 0.0111 0.0022 0.0008 0.0348 0.0081 0.0093 
        016s 13 0.9850 0.0007 0.0072 0.0004 0.0045 0.0018 0.0004 
        017s 13 0.9286 0.0043 0.0423 0.0082 0.0066 0.0004 0.0095 
        018s 13 0.9660 0.0007 0.0150 0.0004 0.0163 0.0010 0.0006 
        019s 13 0.8815 0.0005 0.0679 0.0016 0.0467 0.0012 0.0006 
        020s 13 0.0203 0.0036 0.0022 0.0042 0.9679 0.0005 0.0012 
        021s 13 0.9765 0.0008 0.0031 0.0005 0.0167 0.0014 0.0010 
        022s 13 0.9896 0.0005 0.0041 0.0007 0.0029 0.0009 0.0013 
        023s 13 0.9660 0.0008 0.0027 0.0004 0.0280 0.0004 0.0018 
        024s 13 0.8659 0.0007 0.0290 0.0054 0.0323 0.0411 0.0256 
        025s 13 0.9782 0.0010 0.0124 0.0006 0.0044 0.0024 0.0010 
        026s 13 0.4403 0.0004 0.4501 0.0046 0.0124 0.0135 0.0787 
        027s 13 0.9375 0.0043 0.0028 0.0019 0.0015 0.0013 0.0508 
        028s 13 0.4477 0.0122 0.0400 0.0084 0.4816 0.0035 0.0065 
        029s 13 0.0194 0.0006 0.1323 0.0015 0.8294 0.0018 0.0149 
        030s 13 0.0601 0.0007 0.0611 0.0006 0.7785 0.0327 0.0664 
        031s 13 0.8579 0.0011 0.0249 0.0026 0.0096 0.1016 0.0024 
        032s 13 0.9832 0.0006 0.0013 0.0054 0.0084 0.0005 0.0006 
        033s 13 0.8783 0.0007 0.0691 0.0237 0.0235 0.0008 0.0039 
        034s 13 0.0053 0.0032 0.0010 0.0114 0.9440 0.0014 0.0337 
        035s 13 0.8133 0.0017 0.0031 0.0009 0.1760 0.0042 0.0008 
        036s 13 0.7338 0.0007 0.0331 0.0005 0.2288 0.0005 0.0027 
        037s 13 0.9843 0.0008 0.0036 0.0007 0.0085 0.0018 0.0003 
        038s 13 0.3799 0.0018 0.0526 0.0013 0.5615 0.0018 0.0011 
        039s 13 0.8088 0.0008 0.0008 0.0006 0.0149 0.0722 0.1020 
        040s 13 0.9166 0.0005 0.0742 0.0012 0.0053 0.0008 0.0014 
        041s 13 0.9017 0.0005 0.0289 0.0042 0.0043 0.0018 0.0585 
        042s 13 0.0056 0.0009 0.0027 0.0018 0.9872 0.0013 0.0005 
        001s 14 0.0573 0.0020 0.1939 0.0011 0.7291 0.0009 0.0158 
        002s 14 0.9132 0.0038 0.0022 0.0020 0.0109 0.0012 0.0667 
        003s 14 0.0048 0.0006 0.0036 0.0005 0.9893 0.0007 0.0005 
        004s 14 0.9633 0.0010 0.0038 0.0108 0.0044 0.0038 0.0129 
        005s 14 0.6980 0.0004 0.0019 0.0002 0.2983 0.0009 0.0004 
        006s 14 0.9591 0.0004 0.0112 0.0007 0.0277 0.0003 0.0005 
        007s 14 0.9808 0.0004 0.0022 0.0009 0.0138 0.0013 0.0006 
        008s 14 0.0061 0.0138 0.0094 0.0042 0.8691 0.0040 0.0934 
        009s 14 0.9483 0.0064 0.0038 0.0004 0.0373 0.0013 0.0025 
        010s 14 0.3477 0.0237 0.1173 0.0006 0.4578 0.0015 0.0514 
        011s 14 0.4921 0.0008 0.0512 0.0225 0.4279 0.0014 0.0040 
        012s 14 0.0185 0.0026 0.0159 0.0016 0.9587 0.0020 0.0007 
        013s 14 0.5857 0.0008 0.2594 0.0047 0.1411 0.0072 0.0011 
        014s 14 0.8552 0.0052 0.0903 0.0007 0.0025 0.0008 0.0453 
        015s 14 0.9508 0.0098 0.0130 0.0008 0.0223 0.0026 0.0007 
        016s 14 0.9593 0.0005 0.0209 0.0003 0.0032 0.0143 0.0015 
        017s 14 0.7885 0.0008 0.1299 0.0125 0.0072 0.0004 0.0607 
        018s 14 0.9678 0.0011 0.0179 0.0005 0.0102 0.0013 0.0011 
        019s 14 0.9843 0.0007 0.0041 0.0014 0.0072 0.0008 0.0015 
        020s 14 0.0917 0.0126 0.0030 0.0003 0.8899 0.0017 0.0007 
        021s 14 0.9689 0.0106 0.0042 0.0004 0.0073 0.0007 0.0079 
        022s 14 0.8414 0.0026 0.1039 0.0040 0.0412 0.0017 0.0052 
        023s 14 0.9515 0.0023 0.0178 0.0016 0.0160 0.0039 0.0070 
        024s 14 0.5598 0.0022 0.0206 0.0017 0.3630 0.0014 0.0512 
        025s 14 0.8135 0.0005 0.0015 0.0004 0.1155 0.0003 0.0683 
        026s 14 0.9179 0.0021 0.0696 0.0002 0.0079 0.0016 0.0006 
        027s 14 0.8552 0.0007 0.0537 0.0008 0.0824 0.0049 0.0023 
        028s 14 0.9366 0.0027 0.0240 0.0024 0.0328 0.0007 0.0009 
        029s 14 0.9730 0.0005 0.0088 0.0003 0.0156 0.0014 0.0004 
        030s 14 0.5394 0.0006 0.3306 0.0102 0.1182 0.0006 0.0005 
        031s 14 0.6066 0.0007 0.0064 0.0231 0.3607 0.0018 0.0006 
        032s 14 0.6211 0.0005 0.0100 0.0013 0.3628 0.0034 0.0009 
        033s 14 0.5346 0.0009 0.0079 0.0507 0.4042 0.0007 0.0010 
        034s 14 0.9705 0.0008 0.0245 0.0003 0.0027 0.0008 0.0004 
        035s 14 0.3176 0.0006 0.4468 0.0726 0.0874 0.0012 0.0738 
        036s 14 0.1155 0.0026 0.0035 0.0354 0.7712 0.0064 0.0654 
        037s 14 0.9633 0.0009 0.0027 0.0004 0.0283 0.0030 0.0015 
        038s 14 0.9401 0.0009 0.0404 0.0009 0.0163 0.0006 0.0009 
        039s 14 0.9707 0.0041 0.0027 0.0022 0.0107 0.0064 0.0033 
        040s 14 0.9536 0.0004 0.0099 0.0007 0.0158 0.0013 0.0184 
        041s 14 0.3370 0.0008 0.3137 0.0013 0.3454 0.0008 0.0011 
        042s 14 0.7986 0.0013 0.1064 0.0003 0.0180 0.0022 0.0733 
        001s 15 0.4840 0.0010 0.0046 0.0004 0.5071 0.0018 0.0011 
        002s 15 0.5665 0.0077 0.1364 0.0035 0.1752 0.0131 0.0976 
        003s 15 0.9690 0.0009 0.0056 0.0006 0.0064 0.0061 0.0115 
        004s 15 0.7325 0.0122 0.2485 0.0006 0.0050 0.0002 0.0009 
        005s 15 0.9571 0.0016 0.0137 0.0021 0.0048 0.0069 0.0138 
        006s 15 0.9387 0.0009 0.0236 0.0016 0.0112 0.0014 0.0226 
        007s 15 0.9438 0.0011 0.0364 0.0005 0.0172 0.0005 0.0004 
        008s 15 0.9038 0.0007 0.0699 0.0007 0.0235 0.0007 0.0007 
        009s 15 0.4722 0.0010 0.4466 0.0016 0.0193 0.0407 0.0186 
        010s 15 0.0504 0.0005 0.0282 0.0006 0.9180 0.0018 0.0006 
        011s 15 0.4630 0.0005 0.4688 0.0500 0.0149 0.0018 0.0010 
        012s 15 0.9772 0.0020 0.0106 0.0018 0.0033 0.0023 0.0028 
        013s 15 0.0213 0.0063 0.0061 0.0004 0.9637 0.0014 0.0009 
        014s 15 0.9756 0.0044 0.0043 0.0011 0.0066 0.0061 0.0019 
        015s 15 0.8941 0.0008 0.0128 0.0048 0.0020 0.0047 0.0809 
        016s 15 0.0041 0.0287 0.0240 0.0631 0.8752 0.0004 0.0045 
        017s 15 0.9699 0.0133 0.0025 0.0008 0.0092 0.0021 0.0022 
        018s 15 0.3515 0.0026 0.0476 0.0002 0.5952 0.0006 0.0024 
        019s 15 0.1553 0.0010 0.3030 0.0004 0.5308 0.0067 0.0028 
        020s 15 0.4683 0.0007 0.0105 0.0007 0.5183 0.0008 0.0008 
        021s 15 0.8072 0.0022 0.1040 0.0007 0.0100 0.0044 0.0716 
        022s 15 0.6290 0.0006 0.3420 0.0015 0.0253 0.0006 0.0011 
        023s 15 0.7790 0.0005 0.1834 0.0028 0.0038 0.0010 0.0296 
        024s 15 0.9703 0.0005 0.0225 0.0024 0.0014 0.0010 0.0020 
        025s 15 0.9226 0.0019 0.0061 0.0016 0.0333 0.0277 0.0068 
        026s 15 0.9487 0.0041 0.0026 0.0014 0.0183 0.0234 0.0014 
        027s 15 0.9449 0.0136 0.0049 0.0129 0.0191 0.0008 0.0037 
        028s 15 0.9823 0.0028 0.0053 0.0014 0.0062 0.0014 0.0006 
        029s 15 0.9874 0.0016 0.0020 0.0015 0.0049 0.0016 0.0010 
        030s 15 0.9628 0.0016 0.0146 0.0005 0.0193 0.0007 0.0004 
        031s 15 0.8869 0.0016 0.0073 0.0013 0.0322 0.0047 0.0661 
        032s 15 0.9814 0.0009 0.0131 0.0003 0.0021 0.0017 0.0006 
        033s 15 0.0064 0.0016 0.0859 0.0014 0.8682 0.0004 0.0362 
        035s 15 0.9360 0.0021 0.0524 0.0035 0.0033 0.0009 0.0019 
        036s 15 0.4900 0.0003 0.0221 0.0032 0.4771 0.0055 0.0017 
        037s 15 0.8389 0.0006 0.1385 0.0088 0.0104 0.0013 0.0015 
        038s 15 0.8792 0.0006 0.1075 0.0019 0.0029 0.0004 0.0075 
        039s 15 0.1463 0.0007 0.2994 0.0006 0.4876 0.0004 0.0650 
        040s 15 0.9375 0.0036 0.0270 0.0024 0.0250 0.0007 0.0038 
        041s 15 0.8503 0.0006 0.0572 0.0057 0.0127 0.0035 0.0700 
        042s 15 0.9731 0.0032 0.0092 0.0005 0.0070 0.0009 0.0062 
        043s 15 0.4822 0.0003 0.0032 0.0017 0.4998 0.0029 0.0098 
        044s 15 0.9812 0.0011 0.0061 0.0006 0.0052 0.0009 0.0050 
        045s 15 0.7036 0.0019 0.1808 0.0338 0.0026 0.0752 0.0020 
        046s 15 0.9507 0.0005 0.0034 0.0050 0.0168 0.0009 0.0226 
        047s 15 0.8536 0.0005 0.1127 0.0018 0.0078 0.0005 0.0230 
        048s 15 0.6021 0.0013 0.0032 0.0006 0.3684 0.0236 0.0007 
        049s 15 0.9155 0.0005 0.0205 0.0020 0.0448 0.0005 0.0161 
        050s 15 0.8228 0.0157 0.0119 0.0004 0.0113 0.0020 0.1357 
         001 16 0.0645 0.0053 0.0636 0.0095 0.7143 0.0007 0.1421 
         002 16 0.9197 0.0004 0.0379 0.0010 0.0093 0.0005 0.0312 
         003 16 0.9151 0.0030 0.0653 0.0047 0.0042 0.0021 0.0057 
         004 16 0.9461 0.0006 0.0470 0.0009 0.0028 0.0015 0.0011 
         005 16 0.8830 0.0024 0.0080 0.0064 0.0098 0.0314 0.0590 
         006 16 0.9159 0.0010 0.0541 0.0012 0.0026 0.0127 0.0125 
         007 16 0.9306 0.0010 0.0303 0.0014 0.0281 0.0017 0.0069 
         008 16 0.2340 0.0016 0.2269 0.0083 0.3836 0.0008 0.1448 
         009 16 0.4099 0.0013 0.0084 0.0005 0.5759 0.0003 0.0037 
         010 16 0.5128 0.0006 0.2262 0.0006 0.2313 0.0016 0.0267 
         011 16 0.0089 0.0008 0.1145 0.0015 0.8674 0.0021 0.0048 
         012 16 0.8360 0.0015 0.0722 0.0016 0.0861 0.0019 0.0007 
         013 16 0.9683 0.0006 0.0177 0.0013 0.0107 0.0008 0.0005 
         014 16 0.9188 0.0016 0.0316 0.0006 0.0080 0.0004 0.0389 
         015 16 0.6104 0.0015 0.0045 0.0024 0.0138 0.3669 0.0005 
         016 16 0.9534 0.0044 0.0226 0.0003 0.0050 0.0124 0.0019 
         017 16 0.2665 0.0009 0.0217 0.0089 0.6964 0.0013 0.0043 
         018 16 0.9191 0.0065 0.0061 0.0030 0.0021 0.0263 0.0369 
         019 16 0.0312 0.0013 0.0029 0.0056 0.9066 0.0007 0.0516 
         020 16 0.9533 0.0012 0.0350 0.0010 0.0080 0.0012 0.0003 
         021 16 0.8284 0.0027 0.0507 0.0207 0.0160 0.0006 0.0809 
         022 16 0.9453 0.0008 0.0177 0.0004 0.0018 0.0021 0.0320 
         023 16 0.0338 0.0007 0.0040 0.0007 0.9275 0.0119 0.0213 
         024 16 0.3804 0.0014 0.0062 0.0005 0.5770 0.0318 0.0028 
         025 16 0.0500 0.0009 0.0168 0.0235 0.8721 0.0045 0.0322 
         026 16 0.6210 0.0005 0.2821 0.0006 0.0013 0.0019 0.0927 
         027 16 0.9312 0.0114 0.0246 0.0006 0.0141 0.0015 0.0166 
         028 16 0.7638 0.0141 0.0028 0.0272 0.0453 0.0003 0.1465 
         029 16 0.5044 0.0020 0.4642 0.0227 0.0032 0.0012 0.0022 
         030 16 0.3699 0.0004 0.0044 0.0074 0.6167 0.0004 0.0008 
         031 16 0.9662 0.0145 0.0122 0.0009 0.0042 0.0007 0.0012 
         032 16 0.8793 0.0008 0.0116 0.0007 0.0115 0.0054 0.0908 
         033 16 0.9867 0.0004 0.0015 0.0010 0.0093 0.0003 0.0008 
         034 16 0.3691 0.0005 0.0097 0.0037 0.6131 0.0014 0.0025 
         035 16 0.9889 0.0007 0.0028 0.0007 0.0064 0.0002 0.0003 
         036 16 0.8011 0.0018 0.0129 0.0004 0.1807 0.0024 0.0006 
         037 16 0.4387 0.0012 0.1206 0.0156 0.3988 0.0046 0.0206 
         038 16 0.8710 0.0016 0.0034 0.0014 0.1115 0.0083 0.0029 
         039 16 0.6367 0.0012 0.0025 0.0003 0.3551 0.0009 0.0032 
         040 16 0.9770 0.0005 0.0032 0.0017 0.0150 0.0020 0.0006 
         041 16 0.8205 0.0004 0.1699 0.0009 0.0052 0.0019 0.0012 
         042 16 0.7684 0.0019 0.0016 0.0012 0.2240 0.0012 0.0017 
         043 16 0.9761 0.0011 0.0021 0.0005 0.0177 0.0010 0.0014 
         044 16 0.2477 0.0020 0.0035 0.0010 0.7371 0.0019 0.0069 
         045 16 0.9366 0.0016 0.0475 0.0059 0.0054 0.0003 0.0027 
         047 16 0.9288 0.0066 0.0043 0.0407 0.0162 0.0013 0.0021 
         048 16 0.9838 0.0008 0.0030 0.0054 0.0042 0.0007 0.0021 
         049 16 0.8614 0.0007 0.0044 0.0040 0.1235 0.0053 0.0007 
         050 16 0.7688 0.0006 0.2142 0.0008 0.0145 0.0005 0.0007 
         051 16 0.9496 0.0015 0.0076 0.0018 0.0374 0.0006 0.0015 
         052 16 0.9277 0.0004 0.0056 0.0004 0.0650 0.0006 0.0003 
         053 16 0.9326 0.0011 0.0237 0.0008 0.0407 0.0008 0.0004 
         054 16 0.5271 0.0014 0.0065 0.0010 0.4086 0.0006 0.0548 
         055 16 0.8462 0.0007 0.0680 0.0488 0.0306 0.0005 0.0051 
         056 16 0.5191 0.0008 0.4539 0.0003 0.0107 0.0139 0.0013 
         057 16 0.0039 0.0005 0.0020 0.0008 0.9127 0.0002 0.0799 
         058 16 0.4500 0.0002 0.0282 0.0039 0.4293 0.0155 0.0728 
         059 16 0.7084 0.0051 0.0071 0.0077 0.1042 0.0861 0.0813 
         060 16 0.7400 0.0014 0.0269 0.0009 0.2177 0.0107 0.0024 
         061 16 0.4387 0.0007 0.0045 0.0009 0.5514 0.0019 0.0019 
         062 16 0.9737 0.0012 0.0088 0.0088 0.0062 0.0005 0.0009 
         063 16 0.9723 0.0008 0.0043 0.0008 0.0183 0.0007 0.0028 
         064 16 0.9652 0.0004 0.0217 0.0007 0.0083 0.0031 0.0006 
         065 16 0.5646 0.0026 0.0065 0.0027 0.4192 0.0033 0.0010 
         066 16 0.9665 0.0012 0.0242 0.0005 0.0065 0.0005 0.0005 
         067 16 0.9107 0.0011 0.0037 0.0037 0.0043 0.0755 0.0010 
         068 16 0.9518 0.0013 0.0063 0.0011 0.0066 0.0271 0.0058 
         069 16 0.9044 0.0065 0.0786 0.0005 0.0080 0.0007 0.0013 
         070 16 0.8196 0.0022 0.0274 0.0008 0.1432 0.0006 0.0062 
         071 16 0.9097 0.0004 0.0025 0.0074 0.0052 0.0004 0.0743 
         072 16 0.9521 0.0012 0.0221 0.0008 0.0139 0.0012 0.0086 
         073 16 0.7428 0.0007 0.0234 0.0046 0.2271 0.0005 0.0010 
         074 16 0.9670 0.0006 0.0217 0.0007 0.0092 0.0003 0.0005 
         075 16 0.4786 0.0006 0.4852 0.0061 0.0130 0.0012 0.0153 
         076 16 0.9880 0.0008 0.0030 0.0009 0.0057 0.0004 0.0011 
         077 16 0.8803 0.0274 0.0088 0.0051 0.0021 0.0540 0.0222 
         078 16 0.0008 0.0006 0.0008 0.0005 0.9891 0.0013 0.0068 
         079 16 0.8949 0.0019 0.0058 0.0032 0.0071 0.0013 0.0859 
         080 16 0.3097 0.0008 0.0027 0.0002 0.6803 0.0019 0.0044 
         081 16 0.0053 0.0009 0.0518 0.0293 0.9062 0.0010 0.0055 
         082 16 0.8356 0.0006 0.0568 0.0198 0.0733 0.0006 0.0133 
