        001s  1 0.0007 0.0003 0.9985 0.0005 
        002s  1 0.0011 0.0027 0.9954 0.0009 
        003s  1 0.0069 0.0009 0.9895 0.0026 
        004s  1 0.0045 0.0343 0.9577 0.0036 
        005s  1 0.2270 0.2124 0.5599 0.0007 
        006s  1 0.0004 0.0015 0.9976 0.0005 
        007s  1 0.0030 0.0005 0.9918 0.0046 
        008s  1 0.0049 0.0014 0.9927 0.0010 
        009s  1 0.0606 0.0049 0.9259 0.0086 
        010s  1 0.0076 0.0010 0.9910 0.0004 
        011s  1 0.0013 0.0027 0.9923 0.0037 
        012s  1 0.1244 0.0064 0.8676 0.0016 
        013s  1 0.0026 0.0266 0.9608 0.0101 
        014s  1 0.0336 0.0023 0.9559 0.0082 
        015s  1 0.0007 0.0006 0.9981 0.0006 
        016s  1 0.0030 0.0005 0.9866 0.0098 
        018s  1 0.1499 0.0021 0.8465 0.0015 
        019s  1 0.0178 0.0006 0.9802 0.0013 
        020s  1 0.0008 0.0004 0.9880 0.0109 
        021s  1 0.0004 0.0092 0.9816 0.0089 
        022s  1 0.0005 0.0004 0.9984 0.0008 
        023s  1 0.0005 0.0005 0.9867 0.0122 
        024s  1 0.0014 0.0012 0.9966 0.0008 
        025s  1 0.0067 0.0023 0.9897 0.0013 
        026s  1 0.0008 0.0011 0.9873 0.0108 
        027s  1 0.0020 0.0113 0.9831 0.0036 
        028s  1 0.0513 0.0555 0.8923 0.0008 
        029s  1 0.0012 0.0007 0.9973 0.0009 
        030s  1 0.0012 0.0038 0.9941 0.0010 
        031s  1 0.0003 0.0004 0.9982 0.0011 
        032s  1 0.0008 0.0009 0.9974 0.0009 
        033s  1 0.0057 0.0010 0.9920 0.0013 
        034s  1 0.0012 0.0010 0.9427 0.0551 
        035s  1 0.0019 0.0019 0.9951 0.0012 
        036s  1 0.0942 0.0011 0.9037 0.0010 
        037s  1 0.1111 0.0122 0.8330 0.0438 
        038s  1 0.0017 0.0008 0.9964 0.0011 
        039s  1 0.0004 0.0279 0.9714 0.0003 
        040s  1 0.0011 0.0047 0.9907 0.0035 
        041s  1 0.0031 0.0005 0.9924 0.0040 
        042s  1 0.0754 0.0006 0.8429 0.0811 
        043s  1 0.0198 0.0012 0.9783 0.0007 
        044s  1 0.0915 0.0133 0.8837 0.0114 
        045s  1 0.0075 0.0014 0.9902 0.0010 
        046s  1 0.0014 0.0005 0.9975 0.0007 
        047s  1 0.0010 0.0003 0.9917 0.0071 
        048s  1 0.0641 0.0003 0.9347 0.0009 
        049s  1 0.0008 0.0013 0.9974 0.0005 
        050s  1 0.1011 0.0024 0.8961 0.0003 
        051s  1 0.0007 0.0008 0.9972 0.0013 
        052s  1 0.0108 0.0106 0.9761 0.0024 
        053s  1 0.0027 0.0005 0.9962 0.0006 
        054s  1 0.0004 0.0043 0.9939 0.0014 
        055s  1 0.0907 0.0019 0.8312 0.0761 
          01  2 0.1272 0.0022 0.8680 0.0027 
          02  2 0.0199 0.0029 0.9765 0.0008 
          03  2 0.0015 0.0010 0.9961 0.0014 
          04  2 0.0029 0.0214 0.9617 0.0141 
          05  2 0.1310 0.0004 0.8682 0.0004 
          06  2 0.0392 0.0019 0.9584 0.0005 
          07  2 0.0086 0.0030 0.9876 0.0008 
          08  2 0.0884 0.0004 0.9103 0.0009 
          09  2 0.0006 0.0004 0.9986 0.0003 
          10  2 0.0018 0.0009 0.9968 0.0005 
          11  2 0.0127 0.0012 0.9827 0.0034 
          12  2 0.0007 0.0010 0.9977 0.0006 
          13  2 0.0005 0.0005 0.9984 0.0006 
          14  2 0.0005 0.0072 0.9651 0.0272 
          15  2 0.0005 0.0007 0.9969 0.0019 
          16  2 0.0011 0.0597 0.9327 0.0065 
          17  2 0.0025 0.0014 0.9948 0.0013 
          18  2 0.0199 0.0038 0.9751 0.0011 
          19  2 0.0014 0.0004 0.9932 0.0050 
          20  2 0.0600 0.0043 0.9287 0.0070 
          21  2 0.0011 0.0005 0.9976 0.0007 
          22  2 0.0023 0.0045 0.9832 0.0100 
          23  2 0.0013 0.0026 0.9937 0.0024 
          24  2 0.0005 0.0007 0.9979 0.0009 
          25  2 0.0032 0.0280 0.9672 0.0016 
          26  2 0.0012 0.0005 0.9980 0.0003 
          27  2 0.0011 0.0308 0.9646 0.0035 
          28  2 0.0016 0.0003 0.9934 0.0047 
          29  2 0.0010 0.0009 0.9978 0.0004 
          30  2 0.1596 0.0005 0.7556 0.0843 
          01  3 0.4290 0.2226 0.3394 0.0090 
          02  3 0.3386 0.4664 0.1908 0.0043 
          03  3 0.3187 0.3157 0.3649 0.0007 
          04  3 0.4640 0.3559 0.1785 0.0015 
          05  3 0.3798 0.4109 0.0662 0.1431 
          06  3 0.4192 0.5027 0.0773 0.0009 
          07  3 0.3780 0.2516 0.3700 0.0004 
          08  3 0.3746 0.3253 0.2959 0.0042 
          09  3 0.4290 0.2710 0.2966 0.0034 
          10  3 0.1975 0.4121 0.2567 0.1337 
          11  3 0.4144 0.3078 0.2775 0.0002 
          12  3 0.4211 0.3155 0.2630 0.0004 
          13  3 0.4646 0.5305 0.0045 0.0004 
          14  3 0.3421 0.4648 0.0270 0.1661 
          15  3 0.3803 0.2789 0.3388 0.0020 
          16  3 0.3060 0.6074 0.0839 0.0026 
          17  3 0.4203 0.1798 0.3993 0.0005 
          18  3 0.2036 0.3328 0.1790 0.2846 
          19  3 0.3672 0.4684 0.1599 0.0045 
          20  3 0.4573 0.3143 0.1809 0.0475 
          21  3 0.3706 0.3806 0.2442 0.0047 
          22  3 0.4905 0.2315 0.2756 0.0025 
          23  3 0.4105 0.3616 0.2267 0.0012 
          24  3 0.5038 0.2857 0.2071 0.0033 
          25  3 0.3451 0.3196 0.1584 0.1768 
          26  3 0.4380 0.3435 0.2178 0.0007 
          27  3 0.2572 0.3681 0.2029 0.1718 
          28  3 0.4471 0.4684 0.0842 0.0002 
          29  3 0.3926 0.4246 0.1736 0.0092 
          30  3 0.4501 0.2519 0.2976 0.0004 
         001  4 0.9997 0.0001 0.0001 0.0001 
         002  4 0.9994 0.0003 0.0002 0.0002 
         003  4 0.9997 0.0001 0.0001 0.0001 
         004  4 0.9996 0.0002 0.0001 0.0001 
         005  4 0.9996 0.0001 0.0001 0.0002 
         006  4 0.9290 0.0701 0.0006 0.0003 
         007  4 0.9440 0.0525 0.0027 0.0008 
         008  4 0.9950 0.0004 0.0007 0.0039 
         009  4 0.9996 0.0002 0.0001 0.0001 
         010  4 0.9970 0.0028 0.0001 0.0001 
         011  4 0.9487 0.0207 0.0008 0.0297 
         012  4 0.9997 0.0001 0.0001 0.0001 
         013  4 0.9997 0.0001 0.0001 0.0001 
         014  4 0.9995 0.0001 0.0002 0.0002 
         015  4 0.9998 0.0001 0.0001 0.0001 
         016  4 0.9997 0.0001 0.0001 0.0001 
         017  4 0.9996 0.0002 0.0001 0.0001 
         019  4 0.9180 0.0812 0.0002 0.0005 
         020  4 0.9996 0.0001 0.0002 0.0001 
         021  4 0.9926 0.0067 0.0004 0.0003 
         001  5 0.9674 0.0003 0.0005 0.0318 
         002  5 0.9625 0.0006 0.0314 0.0055 
         003  5 0.7587 0.0742 0.1635 0.0036 
         004  5 0.9389 0.0005 0.0586 0.0020 
         005  5 0.9982 0.0009 0.0004 0.0005 
         006  5 0.9004 0.0988 0.0007 0.0002 
         007  5 0.9153 0.0843 0.0002 0.0002 
         008  5 0.9969 0.0028 0.0002 0.0002 
         009  5 0.9337 0.0027 0.0622 0.0014 
         010  5 0.9287 0.0674 0.0024 0.0015 
         011  5 0.9952 0.0006 0.0013 0.0029 
         012  5 0.8718 0.0766 0.0477 0.0040 
         013  5 0.7560 0.0499 0.1933 0.0008 
         014  5 0.7105 0.0942 0.1813 0.0141 
         015  5 0.9739 0.0257 0.0002 0.0002 
         016  5 0.9404 0.0568 0.0025 0.0003 
         017  5 0.8845 0.0781 0.0370 0.0004 
         018  5 0.8851 0.0363 0.0368 0.0418 
         019  5 0.9974 0.0002 0.0005 0.0019 
         020  5 0.9996 0.0001 0.0001 0.0002 
         021  5 0.8638 0.0003 0.1302 0.0057 
         022  5 0.9324 0.0039 0.0160 0.0478 
         023  5 0.9711 0.0251 0.0019 0.0019 
         024  5 0.8974 0.0665 0.0353 0.0008 
         025  5 0.8974 0.0705 0.0311 0.0011 
         026  5 0.8446 0.0136 0.1415 0.0003 
         027  5 0.9994 0.0003 0.0002 0.0001 
         028  5 0.9309 0.0493 0.0070 0.0128 
         029  5 0.9977 0.0016 0.0004 0.0002 
         030  5 0.9968 0.0007 0.0009 0.0016 
        001s  6 0.0015 0.0308 0.9470 0.0207 
        002s  6 0.0494 0.0006 0.9488 0.0012 
        003s  6 0.0161 0.0006 0.9798 0.0036 
        004s  6 0.0005 0.0005 0.9982 0.0007 
        006s  6 0.0611 0.0179 0.9065 0.0145 
        007s  6 0.0006 0.0023 0.9965 0.0006 
        008s  6 0.0029 0.0007 0.9900 0.0064 
        009s  6 0.0004 0.0006 0.9979 0.0011 
        010s  6 0.0122 0.0095 0.9625 0.0159 
        011s  6 0.0006 0.0036 0.9941 0.0018 
        012s  6 0.0006 0.0047 0.9918 0.0028 
        013s  6 0.0013 0.0009 0.9974 0.0004 
        014s  6 0.0848 0.0005 0.9144 0.0004 
        015s  6 0.0099 0.0087 0.9733 0.0080 
        016s  6 0.0005 0.0012 0.9970 0.0013 
        018s  6 0.2675 0.0024 0.7280 0.0021 
        019s  6 0.0100 0.0019 0.9848 0.0033 
        020s  6 0.0004 0.0007 0.9983 0.0007 
        021s  6 0.0015 0.0203 0.9733 0.0049 
        022s  6 0.0012 0.0004 0.9933 0.0051 
        023s  6 0.0302 0.0005 0.9682 0.0010 
        024s  6 0.0302 0.0029 0.9655 0.0013 
        025s  6 0.0024 0.0010 0.9248 0.0718 
        026s  6 0.0007 0.0006 0.9982 0.0005 
        027s  6 0.0015 0.0005 0.9974 0.0006 
        028s  6 0.0198 0.0097 0.9578 0.0127 
        029s  6 0.0006 0.0005 0.9974 0.0016 
        030s  6 0.0735 0.0007 0.9175 0.0082 
        031s  6 0.0021 0.0041 0.9934 0.0004 
        032s  6 0.0084 0.0018 0.9887 0.0010 
        033s  6 0.0941 0.0003 0.9049 0.0008 
        034s  6 0.0019 0.0019 0.9811 0.0152 
        035s  6 0.1495 0.0007 0.8486 0.0011 
        036s  6 0.0008 0.0083 0.9891 0.0018 
        037s  6 0.0012 0.0008 0.9958 0.0021 
        038s  6 0.0003 0.0020 0.9968 0.0008 
        039s  6 0.0003 0.0004 0.9984 0.0008 
        040s  6 0.0003 0.0046 0.9946 0.0005 
        041s  6 0.0513 0.0003 0.9450 0.0034 
        042s  6 0.0087 0.0008 0.9317 0.0589 
        043s  6 0.0008 0.0012 0.9911 0.0069 
        044s  6 0.0012 0.0005 0.9970 0.0012 
        045s  6 0.0051 0.0005 0.9921 0.0023 
        001s  7 0.0015 0.0005 0.9967 0.0013 
        002s  7 0.0265 0.0008 0.9707 0.0020 
        003s  7 0.0027 0.0020 0.9941 0.0012 
        004s  7 0.0012 0.0046 0.9935 0.0007 
        005s  7 0.0117 0.0030 0.9829 0.0024 
        006s  7 0.0563 0.0017 0.9371 0.0049 
        007s  7 0.0083 0.0060 0.9831 0.0026 
        008s  7 0.0290 0.0004 0.9694 0.0012 
        009s  7 0.0034 0.0026 0.9795 0.0145 
        010s  7 0.0020 0.0003 0.9957 0.0020 
        011s  7 0.0005 0.0006 0.9979 0.0010 
        012s  7 0.0008 0.0006 0.9979 0.0007 
        013s  7 0.0005 0.0098 0.9829 0.0069 
        014s  7 0.0394 0.0008 0.9594 0.0004 
        015s  7 0.0171 0.0017 0.9799 0.0013 
        016s  7 0.1184 0.0002 0.8776 0.0038 
        017s  7 0.0013 0.0009 0.9972 0.0007 
        018s  7 0.0031 0.0007 0.9953 0.0009 
        019s  7 0.0015 0.0018 0.9819 0.0148 
        020s  7 0.0007 0.0020 0.9970 0.0004 
        021s  7 0.0018 0.0006 0.9966 0.0010 
        022s  7 0.0016 0.0033 0.9941 0.0010 
        023s  7 0.0119 0.0012 0.9664 0.0205 
        024s  7 0.0016 0.0006 0.9970 0.0009 
        025s  7 0.0009 0.0070 0.9910 0.0010 
        026s  7 0.0028 0.0003 0.9957 0.0011 
        027s  7 0.0017 0.0010 0.9967 0.0006 
        028s  7 0.0062 0.0011 0.9920 0.0006 
        029s  7 0.0096 0.0010 0.9868 0.0026 
        030s  7 0.0003 0.0009 0.9943 0.0045 
        031s  7 0.0024 0.0013 0.9838 0.0124 
        032s  7 0.1027 0.0006 0.8962 0.0005 
        033s  7 0.0418 0.0010 0.9548 0.0024 
        034s  7 0.0019 0.0440 0.9533 0.0007 
        035s  7 0.0005 0.0004 0.9976 0.0015 
        036s  7 0.0005 0.0044 0.9830 0.0120 
        037s  7 0.0641 0.0072 0.9239 0.0048 
        038s  7 0.0148 0.0006 0.9829 0.0017 
        039s  7 0.0005 0.0003 0.9988 0.0004 
        040s  7 0.0163 0.0303 0.9527 0.0007 
        041s  7 0.0359 0.0009 0.9619 0.0014 
        042s  7 0.0084 0.0008 0.9905 0.0003 
        043s  7 0.0015 0.0003 0.9947 0.0036 
        044s  7 0.0549 0.0130 0.8983 0.0338 
         003  8 0.0059 0.0019 0.9912 0.0010 
         009  8 0.0016 0.0007 0.9962 0.0015 
         010  8 0.0006 0.0003 0.9970 0.0021 
         017  8 0.0006 0.0008 0.9929 0.0057 
         002  9 0.0003 0.0009 0.9975 0.0013 
         003  9 0.0002 0.0003 0.9989 0.0005 
         004  9 0.0004 0.0002 0.9984 0.0009 
         005  9 0.0005 0.0013 0.9930 0.0052 
         006  9 0.0010 0.0008 0.9963 0.0019 
         007  9 0.0043 0.0003 0.9940 0.0014 
         009  9 0.0015 0.0004 0.9956 0.0025 
         010  9 0.0003 0.0005 0.9975 0.0018 
         013  9 0.0011 0.0010 0.9961 0.0019 
         014  9 0.0004 0.0003 0.9972 0.0021 
         016  9 0.0003 0.0003 0.9986 0.0008 
         018  9 0.0009 0.0010 0.9962 0.0019 
         019  9 0.0009 0.0008 0.9973 0.0010 
         020  9 0.0006 0.0004 0.9987 0.0004 
         021  9 0.0005 0.0003 0.9984 0.0009 
         022  9 0.0004 0.0005 0.9985 0.0006 
         024  9 0.0006 0.0005 0.9947 0.0042 
         028  9 0.0005 0.0010 0.9966 0.0019 
         029  9 0.0003 0.0005 0.9984 0.0007 
         030  9 0.0004 0.0003 0.9982 0.0011 
         031  9 0.0021 0.0004 0.9970 0.0005 
         033  9 0.0066 0.0006 0.9919 0.0010 
         001 10 0.0004 0.0006 0.9985 0.0004 
         002 10 0.0004 0.0003 0.9984 0.0009 
         003 10 0.0004 0.0008 0.9811 0.0177 
         004 10 0.0005 0.0004 0.9964 0.0027 
         005 10 0.0005 0.0005 0.9978 0.0012 
         006 10 0.0014 0.0006 0.9972 0.0008 
         007 10 0.0009 0.0004 0.9964 0.0023 
         008 10 0.0010 0.0006 0.9940 0.0045 
         009 10 0.0006 0.0016 0.9972 0.0006 
         010 10 0.0007 0.0005 0.9978 0.0010 
         011 10 0.0007 0.0012 0.9607 0.0374 
         012 10 0.0006 0.0013 0.9940 0.0041 
         013 10 0.0003 0.0026 0.9962 0.0009 
         014 10 0.0007 0.0009 0.9973 0.0011 
         016 10 0.0006 0.0011 0.9975 0.0008 
         017 10 0.0007 0.0010 0.9972 0.0011 
         018 10 0.0089 0.0007 0.9897 0.0008 
         019 10 0.0005 0.0006 0.9974 0.0015 
         020 10 0.0011 0.0012 0.9953 0.0024 
         021 10 0.0010 0.0005 0.9981 0.0004 
         022 10 0.0004 0.0007 0.9980 0.0010 
         023 10 0.0004 0.0008 0.9975 0.0013 
         024 10 0.0004 0.0002 0.9965 0.0029 
         026 10 0.0006 0.0005 0.9983 0.0007 
        001s 11 0.0899 0.0006 0.8974 0.0121 
        002s 11 0.0006 0.0089 0.9885 0.0020 
        003s 11 0.0083 0.0006 0.9904 0.0006 
        004s 11 0.0005 0.0015 0.9963 0.0017 
        005s 11 0.0021 0.0005 0.9968 0.0006 
        006s 11 0.0017 0.0124 0.9830 0.0030 
        007s 11 0.0120 0.0384 0.9486 0.0010 
        008s 11 0.0007 0.0005 0.9983 0.0005 
        009s 11 0.0004 0.0004 0.9987 0.0005 
        010s 11 0.0019 0.0003 0.9969 0.0008 
        011s 11 0.1092 0.0039 0.8721 0.0149 
        012s 11 0.1113 0.0003 0.8879 0.0004 
        013s 11 0.0012 0.0007 0.9968 0.0013 
        014s 11 0.0052 0.0089 0.9847 0.0011 
        015s 11 0.0024 0.0017 0.9898 0.0061 
        016s 11 0.0464 0.0004 0.8954 0.0578 
        017s 11 0.0918 0.0007 0.9053 0.0022 
        018s 11 0.0056 0.0014 0.9918 0.0012 
        019s 11 0.0007 0.0011 0.9754 0.0228 
        020s 11 0.0019 0.0014 0.9951 0.0016 
        021s 11 0.0006 0.0007 0.9971 0.0015 
        022s 11 0.0012 0.0341 0.9641 0.0006 
        023s 11 0.0517 0.0004 0.9328 0.0151 
        025s 11 0.0005 0.0005 0.9978 0.0012 
        026s 11 0.0303 0.0009 0.9147 0.0540 
        027s 11 0.0008 0.0034 0.9951 0.0006 
        028s 11 0.0072 0.0011 0.9905 0.0012 
        029s 11 0.0542 0.0006 0.9448 0.0004 
        030s 11 0.0525 0.0013 0.9450 0.0012 
        031s 11 0.0004 0.0012 0.9979 0.0004 
        032s 11 0.0011 0.0004 0.9954 0.0032 
        033s 11 0.0063 0.0008 0.9918 0.0011 
        034s 11 0.0013 0.0025 0.9958 0.0004 
        035s 11 0.0039 0.0019 0.9937 0.0005 
        036s 11 0.0163 0.0021 0.9811 0.0006 
        037s 11 0.0028 0.0005 0.9951 0.0017 
        038s 11 0.0029 0.0007 0.9956 0.0008 
        039s 11 0.0021 0.0003 0.9965 0.0011 
        040s 11 0.0714 0.0034 0.9243 0.0009 
        041s 11 0.0010 0.0015 0.9933 0.0042 
        042s 11 0.0009 0.0011 0.9870 0.0111 
        043s 11 0.0353 0.0010 0.9409 0.0228 
        044s 11 0.0004 0.0065 0.9881 0.0049 
        045s 11 0.0004 0.0025 0.9857 0.0114 
        046s 11 0.0258 0.0022 0.9390 0.0330 
        047s 11 0.0006 0.0015 0.9963 0.0015 
        048s 11 0.0047 0.0020 0.9506 0.0427 
        049s 11 0.0016 0.0005 0.9962 0.0017 
        050s 11 0.0004 0.0018 0.9964 0.0014 
        051s 11 0.0006 0.0211 0.9280 0.0504 
        052s 11 0.0022 0.0034 0.9919 0.0025 
        053s 11 0.0005 0.0006 0.9980 0.0010 
        054s 11 0.0009 0.0100 0.9885 0.0006 
        055s 11 0.0689 0.0008 0.9300 0.0004 
        001s 12 0.0012 0.0059 0.9916 0.0012 
        002s 12 0.0011 0.0006 0.9972 0.0011 
        003s 12 0.0004 0.0007 0.9985 0.0004 
        004s 12 0.0561 0.0006 0.9347 0.0086 
        005s 12 0.0006 0.0007 0.9975 0.0011 
        006s 12 0.0362 0.0025 0.9598 0.0015 
        007s 12 0.0013 0.0016 0.9947 0.0024 
        008s 12 0.0116 0.0012 0.9864 0.0008 
        009s 12 0.0261 0.0017 0.9644 0.0079 
        010s 12 0.0090 0.0365 0.9540 0.0006 
        011s 12 0.0016 0.0032 0.9942 0.0011 
        012s 12 0.0015 0.0084 0.9863 0.0037 
        013s 12 0.0010 0.0005 0.9586 0.0398 
        014s 12 0.0026 0.0412 0.9070 0.0492 
        015s 12 0.0053 0.0007 0.9930 0.0010 
        016s 12 0.0006 0.0007 0.9930 0.0057 
        017s 12 0.0043 0.0014 0.9928 0.0015 
        018s 12 0.0023 0.0003 0.9954 0.0019 
        019s 12 0.0048 0.0005 0.9941 0.0006 
        020s 12 0.0815 0.0006 0.9169 0.0010 
        021s 12 0.0034 0.0006 0.9935 0.0025 
        022s 12 0.0486 0.0015 0.9464 0.0035 
        023s 12 0.0005 0.0005 0.9978 0.0013 
        024s 12 0.0011 0.0004 0.9979 0.0006 
        025s 12 0.0034 0.0033 0.9919 0.0014 
        026s 12 0.0318 0.0008 0.9662 0.0012 
        027s 12 0.0033 0.0012 0.9949 0.0006 
        028s 12 0.0025 0.0005 0.9936 0.0034 
        029s 12 0.0007 0.0006 0.9974 0.0013 
        030s 12 0.0009 0.0016 0.9969 0.0006 
        031s 12 0.0045 0.0009 0.9918 0.0029 
        032s 12 0.0006 0.0005 0.9979 0.0011 
        033s 12 0.0014 0.0099 0.9881 0.0006 
        034s 12 0.0004 0.0006 0.9986 0.0004 
        035s 12 0.0152 0.0010 0.9831 0.0006 
        036s 12 0.0038 0.0090 0.9861 0.0010 
        037s 12 0.0012 0.0004 0.9974 0.0011 
        001s 13 0.0132 0.0007 0.9829 0.0032 
        002s 13 0.0906 0.0009 0.9081 0.0005 
        003s 13 0.0011 0.0004 0.9966 0.0019 
        004s 13 0.0008 0.0005 0.9953 0.0035 
        005s 13 0.0031 0.0072 0.9872 0.0025 
        006s 13 0.0008 0.0015 0.9971 0.0005 
        007s 13 0.0009 0.0358 0.9613 0.0020 
        008s 13 0.0606 0.0011 0.9375 0.0008 
        009s 13 0.1281 0.0025 0.8679 0.0014 
        010s 13 0.0690 0.0008 0.9292 0.0010 
        011s 13 0.0069 0.0286 0.9611 0.0034 
        012s 13 0.0567 0.0020 0.9178 0.0236 
        013s 13 0.0225 0.0141 0.9551 0.0083 
        014s 13 0.0005 0.0396 0.9566 0.0033 
        015s 13 0.0060 0.0007 0.9830 0.0103 
        016s 13 0.0005 0.0005 0.9978 0.0012 
        017s 13 0.0184 0.0132 0.9678 0.0006 
        018s 13 0.0006 0.0005 0.9981 0.0008 
        019s 13 0.0006 0.0021 0.9959 0.0013 
        020s 13 0.0024 0.0042 0.9930 0.0004 
        021s 13 0.0010 0.0004 0.9972 0.0015 
        022s 13 0.0017 0.0007 0.9965 0.0012 
        023s 13 0.0015 0.0004 0.9977 0.0004 
        024s 13 0.0250 0.0047 0.9337 0.0366 
        025s 13 0.0011 0.0007 0.9957 0.0026 
        026s 13 0.0910 0.0073 0.8937 0.0080 
        027s 13 0.0496 0.0023 0.9465 0.0015 
        028s 13 0.0120 0.0139 0.9704 0.0037 
        029s 13 0.0260 0.0014 0.9712 0.0014 
        030s 13 0.0732 0.0006 0.9076 0.0185 
        031s 13 0.0037 0.0017 0.8918 0.1028 
        032s 13 0.0005 0.0028 0.9963 0.0004 
        033s 13 0.0047 0.0321 0.9623 0.0009 
        034s 13 0.0491 0.0045 0.9452 0.0011 
        035s 13 0.0008 0.0007 0.9933 0.0052 
        036s 13 0.0026 0.0006 0.9964 0.0004 
        037s 13 0.0005 0.0007 0.9966 0.0023 
        038s 13 0.0015 0.0021 0.9951 0.0013 
        039s 13 0.1028 0.0007 0.8218 0.0747 
        040s 13 0.0015 0.0010 0.9964 0.0011 
        041s 13 0.0569 0.0042 0.9374 0.0015 
        042s 13 0.0006 0.0013 0.9969 0.0012 
        001s 14 0.0358 0.0008 0.9625 0.0009 
        002s 14 0.0657 0.0026 0.9298 0.0019 
        003s 14 0.0010 0.0005 0.9976 0.0008 
        004s 14 0.0121 0.0077 0.9767 0.0035 
        005s 14 0.0004 0.0002 0.9988 0.0006 
        006s 14 0.0006 0.0006 0.9984 0.0004 
        007s 14 0.0009 0.0009 0.9967 0.0016 
        008s 14 0.1001 0.0026 0.8950 0.0023 
        009s 14 0.0022 0.0010 0.9955 0.0013 
        010s 14 0.0580 0.0005 0.9402 0.0014 
        011s 14 0.0072 0.0352 0.9568 0.0008 
        012s 14 0.0008 0.0018 0.9952 0.0022 
        013s 14 0.0011 0.0035 0.9893 0.0060 
        014s 14 0.0388 0.0009 0.9595 0.0008 
        015s 14 0.0010 0.0007 0.9948 0.0035 
        016s 14 0.0013 0.0003 0.9856 0.0129 
        017s 14 0.0538 0.0166 0.9290 0.0007 
        018s 14 0.0009 0.0006 0.9965 0.0020 
        019s 14 0.0014 0.0022 0.9958 0.0006 
        020s 14 0.0014 0.0003 0.9967 0.0016 
        021s 14 0.0066 0.0003 0.9924 0.0008 
        022s 14 0.0051 0.0030 0.9908 0.0012 
        023s 14 0.0046 0.0010 0.9903 0.0041 
        024s 14 0.0589 0.0016 0.9380 0.0014 
        025s 14 0.0630 0.0003 0.9364 0.0002 
        026s 14 0.0006 0.0003 0.9980 0.0012 
        027s 14 0.0028 0.0007 0.9926 0.0039 
        028s 14 0.0008 0.0025 0.9958 0.0009 
        029s 14 0.0004 0.0003 0.9979 0.0014 
        030s 14 0.0009 0.0141 0.9844 0.0005 
        031s 14 0.0004 0.0185 0.9797 0.0014 
        032s 14 0.0015 0.0011 0.9945 0.0029 
        033s 14 0.0008 0.0525 0.9461 0.0006 
        034s 14 0.0004 0.0004 0.9984 0.0009 
        035s 14 0.0795 0.0841 0.8357 0.0007 
        036s 14 0.0744 0.0380 0.8804 0.0073 
        037s 14 0.0013 0.0003 0.9951 0.0033 
        038s 14 0.0009 0.0009 0.9976 0.0006 
        039s 14 0.0026 0.0024 0.9874 0.0076 
        040s 14 0.0130 0.0008 0.9851 0.0011 
        041s 14 0.0011 0.0012 0.9968 0.0008 
        042s 14 0.0774 0.0005 0.9202 0.0019 
        001s 15 0.0012 0.0005 0.9968 0.0015 
        002s 15 0.0968 0.0030 0.8917 0.0085 
        003s 15 0.0127 0.0008 0.9781 0.0084 
        004s 15 0.0007 0.0005 0.9984 0.0003 
        005s 15 0.0181 0.0027 0.9719 0.0073 
        006s 15 0.0186 0.0012 0.9789 0.0013 
        007s 15 0.0005 0.0005 0.9985 0.0005 
        008s 15 0.0006 0.0006 0.9982 0.0006 
        009s 15 0.0260 0.0045 0.9300 0.0395 
        010s 15 0.0009 0.0004 0.9971 0.0015 
        011s 15 0.0009 0.0662 0.9317 0.0012 
        012s 15 0.0041 0.0020 0.9914 0.0024 
        013s 15 0.0012 0.0004 0.9969 0.0015 
        014s 15 0.0021 0.0012 0.9889 0.0078 
        015s 15 0.0801 0.0054 0.9076 0.0069 
        016s 15 0.0070 0.0649 0.9275 0.0006 
        017s 15 0.0019 0.0009 0.9941 0.0032 
        018s 15 0.0045 0.0002 0.9947 0.0006 
        019s 15 0.0083 0.0005 0.9852 0.0060 
        020s 15 0.0007 0.0007 0.9979 0.0006 
        021s 15 0.0801 0.0009 0.9147 0.0044 
        022s 15 0.0008 0.0022 0.9965 0.0006 
        023s 15 0.0317 0.0033 0.9641 0.0009 
        024s 15 0.0017 0.0024 0.9949 0.0010 
        025s 15 0.0059 0.0016 0.9609 0.0315 
        026s 15 0.0012 0.0009 0.9704 0.0275 
        027s 15 0.0045 0.0093 0.9854 0.0009 
        028s 15 0.0004 0.0016 0.9959 0.0021 
        029s 15 0.0007 0.0010 0.9968 0.0015 
        030s 15 0.0005 0.0005 0.9981 0.0009 
        031s 15 0.0674 0.0017 0.9252 0.0057 
        032s 15 0.0005 0.0003 0.9974 0.0018 
        033s 15 0.0630 0.0005 0.9360 0.0005 
        035s 15 0.0020 0.0037 0.9933 0.0010 
        036s 15 0.0009 0.0017 0.9928 0.0047 
        037s 15 0.0012 0.0098 0.9876 0.0014 
        038s 15 0.0045 0.0011 0.9939 0.0005 
        039s 15 0.0794 0.0005 0.9196 0.0005 
        040s 15 0.0044 0.0016 0.9932 0.0008 
        041s 15 0.0717 0.0072 0.9187 0.0023 
        042s 15 0.0059 0.0004 0.9926 0.0011 
        043s 15 0.0133 0.0015 0.9834 0.0019 
        044s 15 0.0064 0.0008 0.9918 0.0010 
        045s 15 0.0015 0.0371 0.8818 0.0796 
        046s 15 0.0202 0.0062 0.9724 0.0012 
        047s 15 0.0300 0.0030 0.9664 0.0005 
        048s 15 0.0008 0.0007 0.9770 0.0215 
        049s 15 0.0141 0.0020 0.9832 0.0007 
        050s 15 0.1343 0.0008 0.8623 0.0026 
         001 16 0.1700 0.0183 0.8108 0.0008 
         002 16 0.0453 0.0014 0.9527 0.0006 
         003 16 0.0041 0.0064 0.9873 0.0022 
         004 16 0.0011 0.0011 0.9963 0.0015 
         005 16 0.0526 0.0047 0.9128 0.0300 
         006 16 0.0142 0.0021 0.9674 0.0163 
         007 16 0.0051 0.0009 0.9926 0.0014 
         008 16 0.1445 0.0055 0.8492 0.0008 
         009 16 0.0033 0.0004 0.9956 0.0006 
         010 16 0.0293 0.0008 0.9689 0.0010 
         011 16 0.0077 0.0017 0.9882 0.0024 
         012 16 0.0010 0.0028 0.9948 0.0014 
         013 16 0.0005 0.0009 0.9977 0.0008 
         014 16 0.0403 0.0008 0.9586 0.0003 
         015 16 0.0002 0.0030 0.6281 0.3686 
         016 16 0.0020 0.0004 0.9794 0.0182 
         017 16 0.0082 0.0071 0.9835 0.0012 
         018 16 0.0397 0.0021 0.9217 0.0366 
         019 16 0.0627 0.0066 0.9301 0.0006 
         020 16 0.0003 0.0009 0.9980 0.0008 
         021 16 0.0960 0.0355 0.8675 0.0011 
         022 16 0.0344 0.0003 0.9627 0.0026 
         023 16 0.0326 0.0009 0.9579 0.0086 
         024 16 0.0067 0.0005 0.9638 0.0290 
         025 16 0.0496 0.0148 0.9326 0.0030 
         026 16 0.1079 0.0021 0.8875 0.0025 
         027 16 0.0143 0.0005 0.9835 0.0018 
         028 16 0.1485 0.0283 0.8228 0.0004 
         029 16 0.0024 0.0410 0.9557 0.0008 
         030 16 0.0010 0.0068 0.9918 0.0004 
         031 16 0.0013 0.0011 0.9969 0.0007 
         032 16 0.0903 0.0009 0.9041 0.0048 
         033 16 0.0007 0.0011 0.9979 0.0003 
         034 16 0.0048 0.0035 0.9902 0.0015 
         035 16 0.0003 0.0008 0.9986 0.0003 
         036 16 0.0005 0.0005 0.9970 0.0020 
         037 16 0.0261 0.0156 0.9544 0.0038 
         038 16 0.0027 0.0011 0.9883 0.0079 
         039 16 0.0024 0.0004 0.9966 0.0006 
         040 16 0.0011 0.0021 0.9944 0.0024 
         041 16 0.0010 0.0009 0.9963 0.0017 
         042 16 0.0015 0.0009 0.9967 0.0009 
         043 16 0.0013 0.0007 0.9965 0.0015 
         044 16 0.0095 0.0009 0.9881 0.0014 
         045 16 0.0025 0.0082 0.9890 0.0003 
         047 16 0.0028 0.0393 0.9567 0.0012 
         048 16 0.0019 0.0058 0.9917 0.0007 
         049 16 0.0005 0.0032 0.9919 0.0044 
         050 16 0.0006 0.0009 0.9981 0.0004 
         051 16 0.0011 0.0015 0.9965 0.0008 
         052 16 0.0003 0.0005 0.9984 0.0007 
         053 16 0.0004 0.0011 0.9978 0.0008 
         054 16 0.0694 0.0008 0.9291 0.0007 
         055 16 0.0089 0.0557 0.9350 0.0004 
         056 16 0.0018 0.0004 0.9899 0.0079 
         057 16 0.0943 0.0005 0.9049 0.0003 
         058 16 0.0940 0.0076 0.8888 0.0096 
         059 16 0.0870 0.0109 0.8141 0.0879 
         060 16 0.0031 0.0010 0.9848 0.0110 
         061 16 0.0022 0.0011 0.9945 0.0022 
         062 16 0.0008 0.0089 0.9898 0.0004 
         063 16 0.0037 0.0008 0.9947 0.0008 
         064 16 0.0004 0.0007 0.9965 0.0024 
         065 16 0.0016 0.0031 0.9918 0.0034 
         066 16 0.0005 0.0005 0.9983 0.0007 
         067 16 0.0014 0.0038 0.9155 0.0793 
         068 16 0.0046 0.0018 0.9618 0.0318 
         069 16 0.0009 0.0008 0.9977 0.0007 
         070 16 0.0065 0.0008 0.9920 0.0007 
         071 16 0.0777 0.0125 0.9093 0.0005 
         072 16 0.0078 0.0009 0.9899 0.0015 
         073 16 0.0011 0.0029 0.9954 0.0005 
         074 16 0.0004 0.0009 0.9982 0.0004 
         075 16 0.0267 0.0062 0.9662 0.0009 
         076 16 0.0010 0.0009 0.9974 0.0006 
         077 16 0.0265 0.0049 0.9058 0.0629 
         078 16 0.0376 0.0006 0.9589 0.0029 
         079 16 0.0893 0.0041 0.9052 0.0014 
         080 16 0.0061 0.0003 0.9920 0.0016 
         081 16 0.0086 0.0395 0.9512 0.0007 
         082 16 0.0159 0.0142 0.9694 0.0004 
         083 16 0.0005 0.0013 0.9962 0.0020 
         084 16 0.0022 0.0022 0.9937 0.0019 
         085 16 0.0014 0.0007 0.9860 0.0118 
         086 16 0.1077 0.0072 0.8842 0.0009 
         087 16 0.0202 0.0019 0.9774 0.0005 
         088 16 0.0010 0.0004 0.9957 0.0029 
         089 16 0.0015 0.0093 0.9880 0.0012 
         090 16 0.0075 0.0010 0.9908 0.0007 
         091 16 0.0011 0.0019 0.9961 0.0009 
         092 16 0.0435 0.0008 0.9546 0.0011 
         093 16 0.0017 0.0006 0.9971 0.0006 
         094 16 0.0076 0.0010 0.9455 0.0459 
         095 16 0.0009 0.0003 0.9981 0.0007 
         096 16 0.0011 0.0297 0.9656 0.0036 
         097 16 0.0072 0.0876 0.8955 0.0097 
         098 16 0.0011 0.0008 0.9923 0.0058 
         099 16 0.0004 0.0005 0.9917 0.0074 
         100 16 0.0011 0.0006 0.9958 0.0025 
         101 16 0.0394 0.0009 0.9531 0.0065 
         102 16 0.0015 0.0024 0.9941 0.0019 
         103 16 0.0012 0.0025 0.9932 0.0030 
         104 16 0.0038 0.0006 0.9910 0.0045 
         105 16 0.0797 0.0244 0.8892 0.0068 
         106 16 0.0027 0.0005 0.9937 0.0031 
         107 16 0.0254 0.0005 0.9666 0.0075 
         108 16 0.1268 0.0015 0.7023 0.1693 
         109 16 0.0173 0.0054 0.9766 0.0007 
         110 16 0.0004 0.0006 0.9975 0.0015 
         111 16 0.0626 0.0006 0.9355 0.0013 
         112 16 0.0439 0.0011 0.9535 0.0015 
         113 16 0.0553 0.0045 0.9387 0.0014 
         114 16 0.0202 0.0006 0.9777 0.0016 
         115 16 0.0004 0.0015 0.9972 0.0009 
         116 16 0.0178 0.0008 0.9802 0.0012 
         117 16 0.0089 0.0048 0.9854 0.0009 
         118 16 0.0057 0.0004 0.9810 0.0129 
         119 16 0.0023 0.0012 0.9952 0.0014 
         120 16 0.0003 0.0222 0.9769 0.0006 
         121 16 0.0005 0.0109 0.9537 0.0349 
         122 16 0.0004 0.0008 0.9983 0.0005 
         123 16 0.0042 0.0011 0.9942 0.0005 
         124 16 0.0125 0.0009 0.9851 0.0016 
         126 16 0.1646 0.0010 0.8330 0.0014 
         001 17 0.0009 0.0030 0.9953 0.0008 
         002 17 0.0042 0.0004 0.9949 0.0005 
         003 17 0.0008 0.0007 0.9980 0.0005 
         005 17 0.0004 0.0009 0.9982 0.0004 
         006 17 0.0019 0.0527 0.9449 0.0005 
         007 17 0.1205 0.0101 0.8465 0.0230 
         008 17 0.1077 0.0177 0.8736 0.0009 
         009 17 0.0003 0.0006 0.9984 0.0006 
         010 17 0.0006 0.0011 0.9966 0.0016 
         011 17 0.1367 0.0009 0.4825 0.3799 
         012 17 0.0053 0.0007 0.9918 0.0022 
         013 17 0.0004 0.0003 0.9988 0.0005 
         014 17 0.0006 0.0004 0.9986 0.0004 
         015 17 0.0013 0.0054 0.9928 0.0004 
         016 17 0.0009 0.0008 0.9976 0.0006 
         017 17 0.0016 0.0020 0.9950 0.0014 
         018 17 0.0375 0.0013 0.9605 0.0006 
         019 17 0.0007 0.0002 0.9982 0.0009 
         020 17 0.0013 0.0009 0.9968 0.0010 
         021 17 0.0004 0.0010 0.9976 0.0010 
         022 17 0.0412 0.0076 0.9500 0.0012 
         023 17 0.0111 0.0004 0.9877 0.0009 
         024 17 0.0204 0.0415 0.9330 0.0051 
         025 17 0.0007 0.0007 0.9982 0.0003 
         002 18 0.0003 0.0010 0.9963 0.0025 
         003 18 0.0003 0.0003 0.9981 0.0013 
         004 18 0.0600 0.0005 0.9383 0.0011 
         005 18 0.0067 0.0005 0.9540 0.0388 
         006 18 0.0005 0.0003 0.9981 0.0010 
         007 18 0.0011 0.0052 0.9932 0.0005 
         008 18 0.0004 0.0011 0.9962 0.0024 
         009 18 0.0138 0.0046 0.9789 0.0027 
         010 18 0.0005 0.0033 0.9847 0.0115 
         011 18 0.0010 0.0008 0.9962 0.0020 
         012 18 0.0231 0.0008 0.9735 0.0026 
         015 18 0.0021 0.0007 0.9952 0.0020 
         016 18 0.0029 0.0048 0.9919 0.0004 
         018 18 0.0004 0.0005 0.9917 0.0074 
         026 18 0.0005 0.0165 0.9820 0.0010 
         027 18 0.0004 0.0005 0.9973 0.0018 
         028 18 0.0018 0.0008 0.9970 0.0004 
         029 18 0.0016 0.0007 0.9971 0.0005 
         031 18 0.0724 0.0038 0.8422 0.0816 
         032 18 0.0004 0.0007 0.9986 0.0004 
         033 18 0.0015 0.0005 0.9968 0.0012 
         035 18 0.0021 0.0005 0.9967 0.0007 
         036 18 0.0007 0.0007 0.9873 0.0114 
         037 18 0.0013 0.0150 0.9673 0.0163 
         038 18 0.0055 0.0235 0.9661 0.0049 
         039 18 0.0004 0.0005 0.9978 0.0013 
         044 18 0.1182 0.0093 0.8719 0.0005 
         046 18 0.0029 0.0004 0.9589 0.0378 
         049 18 0.0007 0.0006 0.9983 0.0004 
         053 18 0.0030 0.0008 0.9954 0.0007 
         054 18 0.0013 0.0142 0.9831 0.0014 
         056 18 0.0671 0.0003 0.9303 0.0023 
         057 18 0.0004 0.0055 0.9906 0.0034 
         058 18 0.0019 0.0007 0.9932 0.0042 
        001s 19 0.0706 0.0013 0.9274 0.0007 
        002s 19 0.0072 0.0007 0.9909 0.0012 
        003s 19 0.0347 0.0004 0.9643 0.0006 
        004s 19 0.0014 0.0012 0.9657 0.0318 
        005s 19 0.0047 0.0300 0.8879 0.0774 
        006s 19 0.0015 0.0021 0.9943 0.0021 
        007s 19 0.0023 0.0217 0.9582 0.0178 
        008s 19 0.0484 0.0022 0.9326 0.0169 
        009s 19 0.0018 0.0010 0.9950 0.0023 
        010s 19 0.0027 0.0059 0.9909 0.0006 
        011s 19 0.0005 0.0051 0.9929 0.0015 
        012s 19 0.0029 0.0025 0.9940 0.0006 
        013s 19 0.0052 0.0090 0.9851 0.0007 
        014s 19 0.0615 0.0120 0.9061 0.0203 
        015s 19 0.0008 0.0035 0.9952 0.0005 
        016s 19 0.0017 0.0018 0.9461 0.0504 
        017s 19 0.0622 0.0007 0.9304 0.0067 
        018s 19 0.0024 0.0009 0.9923 0.0044 
        019s 19 0.0853 0.0055 0.9054 0.0037 
        020s 19 0.0760 0.0027 0.9204 0.0008 
        021s 19 0.0055 0.0017 0.9920 0.0007 
        022s 19 0.0207 0.0016 0.9771 0.0007 
        023s 19 0.0009 0.0045 0.9922 0.0025 
        024s 19 0.0007 0.0004 0.9963 0.0026 
        025s 19 0.1304 0.0004 0.8647 0.0046 
        026s 19 0.0048 0.0055 0.9850 0.0047 
        027s 19 0.0052 0.0007 0.9927 0.0014 
        028s 19 0.0065 0.0019 0.9912 0.0005 
        029s 19 0.0003 0.0012 0.9977 0.0007 
        030s 19 0.0027 0.0016 0.9950 0.0008 
        031s 19 0.0034 0.0016 0.9943 0.0008 
        032s 19 0.0007 0.0015 0.9974 0.0004 
        033s 19 0.0004 0.0014 0.9915 0.0066 
        034s 19 0.0010 0.0011 0.9964 0.0015 
        035s 19 0.0169 0.0025 0.9737 0.0068 
        036s 19 0.0005 0.0017 0.9957 0.0021 
        037s 19 0.0006 0.0004 0.9986 0.0005 
        038s 19 0.0016 0.0018 0.9948 0.0018 
        039s 19 0.0009 0.0006 0.9979 0.0006 
        040s 19 0.0005 0.0342 0.9648 0.0005 
        041s 19 0.0003 0.0008 0.9980 0.0009 
        042s 19 0.0048 0.0012 0.9727 0.0213 
        043s 19 0.0413 0.0024 0.9555 0.0007 
        044s 19 0.0004 0.0006 0.9976 0.0015 
        045s 19 0.0008 0.0003 0.9973 0.0016 
        046s 19 0.0020 0.0020 0.9892 0.0069 
        047s 19 0.0008 0.0105 0.9882 0.0005 
        048s 19 0.0897 0.0056 0.9040 0.0008 
        049s 19 0.0081 0.0083 0.9759 0.0076 
        050s 19 0.0023 0.0003 0.9965 0.0009 
        051s 19 0.0115 0.0424 0.9322 0.0139 
        052s 19 0.0010 0.0009 0.9974 0.0007 
      LIW2-4 20 0.0008 0.0029 0.9935 0.0029 
     LIW2-12 21 0.0012 0.0003 0.9164 0.0820 
     LIW2-20 22 0.0029 0.0006 0.9951 0.0013 
     LIW2-28 23 0.0493 0.0011 0.8845 0.0651 
      LIW1-5 24 0.0012 0.0009 0.9949 0.0030 
     LIW1-13 25 0.0554 0.0139 0.9164 0.0142 
     LIW1-21 26 0.0155 0.0005 0.9469 0.0372 
     LIW1-29 27 0.0222 0.0042 0.9555 0.0181 
      LIW2-5 28 0.0006 0.0011 0.9951 0.0033 
     LIW2-34 29 0.0003 0.0011 0.9930 0.0057 
     LIW2-21 30 0.1055 0.0013 0.8825 0.0107 
     LIW2-29 31 0.1872 0.0044 0.8064 0.0021 
      LIW1-6 32 0.0010 0.0005 0.9954 0.0031 
     LIW1-14 33 0.0663 0.0014 0.9311 0.0012 
     LIW1-22 34 0.0009 0.0006 0.9869 0.0117 
     LIW1-30 35 0.0018 0.0004 0.9947 0.0031 
      LIW2-6 36 0.0021 0.0160 0.9571 0.0249 
     LIW2-14 37 0.0030 0.0006 0.9913 0.0051 
     LIW2-22 38 0.0760 0.0005 0.8450 0.0785 
     LIW2-30 39 0.0011 0.0005 0.9898 0.0086 
      LIW1-7 40 0.0329 0.0015 0.9083 0.0573 
     LIW1-15 41 0.0005 0.0006 0.9860 0.0128 
     LIW1-23 42 0.0058 0.0020 0.9861 0.0061 
     LIW1-31 43 0.0034 0.0017 0.9896 0.0053 
      LIW2-7 44 0.0868 0.0038 0.9084 0.0010 
     LIW2-15 45 0.0021 0.0004 0.9870 0.0105 
     LIW2-23 46 0.0004 0.0059 0.9065 0.0872 
      LIW1-8 47 0.0005 0.0014 0.9948 0.0034 
     LIW1-16 48 0.0005 0.0012 0.9966 0.0017 
      LIW2-8 49 0.0008 0.0007 0.9952 0.0032 
     LIW2-16 50 0.3148 0.0259 0.6460 0.0133 
     LIW2-24 51 0.1791 0.0193 0.7955 0.0062 
     LIW2-32 52 0.0065 0.0031 0.9366 0.0538 
     LIW1-47 53 0.0055 0.0045 0.9769 0.0131 
      UMFS-1 54 0.0499 0.0021 0.8889 0.0591 
     UMFS-19 55 0.1204 0.0032 0.7747 0.1017 
     UMFS-31 56 0.0008 0.0003 0.9276 0.0712 
      UMFS-2 57 0.0011 0.0007 0.9735 0.0247 
     UMFS-10 58 0.0100 0.0010 0.9001 0.0889 
     UMFS-20 59 0.0700 0.0012 0.8932 0.0356 
     UMFS-32 60 0.0844 0.0017 0.8367 0.0772 
      UMFS-3 61 0.0858 0.0032 0.7949 0.1161 
     UMFS-11 62 0.2741 0.1618 0.5607 0.0033 
     UMFS-21 63 0.0890 0.0008 0.8199 0.0903 
     UMFS-33 64 0.0731 0.0005 0.8648 0.0617 
      UMFS-4 65 0.0555 0.0004 0.8573 0.0868 
     UMFS-22 66 0.0271 0.0010 0.8865 0.0853 
     UMFS-34 67 0.0491 0.0029 0.8354 0.1126 
      UMFS-5 68 0.0036 0.0020 0.9071 0.0873 
     UMFS-13 69 0.0759 0.0009 0.8130 0.1102 
     UMFS-23 70 0.0265 0.0026 0.8935 0.0774 
     UMFS-35 71 0.0727 0.0005 0.8327 0.0940 
      UMFS-6 72 0.0327 0.0009 0.8504 0.1160 
     UMFS-14 73 0.0520 0.0006 0.8828 0.0647 
     UMFS-24 74 0.0633 0.0012 0.9223 0.0133 
     UMFS-36 75 0.0840 0.0019 0.8354 0.0787 
      UMFS-7 76 0.3077 0.2843 0.3129 0.0951 
     UMFS-15 77 0.0764 0.0021 0.8355 0.0860 
     UMFS-25 78 0.0732 0.0075 0.8610 0.0582 
     UMFS-37 79 0.0917 0.0023 0.8509 0.0551 
      UMFS-8 80 0.0748 0.0004 0.8480 0.0767 
     UMFS-16 81 0.0925 0.0011 0.8228 0.0836 
     UMFS-26 82 0.0578 0.0035 0.7713 0.1675 
     UMFS-38 83 0.0234 0.0005 0.9356 0.0404 
      NEH1-2 84 0.0216 0.0026 0.0016 0.9742 
     NEH1-11 85 0.0447 0.0010 0.0008 0.9535 
     NEH1-20 86 0.0008 0.0012 0.1175 0.8806 
     NEH1-29 87 0.0005 0.0002 0.0009 0.9984 
      NEH2-2 88 0.0003 0.0001 0.0004 0.9992 
     NEH2-10 89 0.0006 0.0004 0.0060 0.9930 
     NEH2-18 90 0.0018 0.0002 0.0002 0.9978 
     NEH2-26 91 0.0021 0.0004 0.0013 0.9962 
      NEH1-3 92 0.0006 0.0010 0.1533 0.8451 
     NEH1-12 93 0.0018 0.0457 0.0004 0.9521 
     NEH1-21 94 0.0004 0.0227 0.0383 0.9386 
     NEH1-30 95 0.0674 0.0003 0.0102 0.9221 
      NEH2-3 96 0.0001 0.0002 0.0002 0.9995 
     NEH2-11 97 0.0182 0.0004 0.0006 0.9809 
     NEH2-19 98 0.0014 0.0007 0.0030 0.9949 
     NEH2-27 99 0.0001 0.0001 0.0001 0.9997 
      NEH1-4 100 0.0013 0.0001 0.0001 0.9984 
     NEH1-13 101 0.0028 0.0017 0.2274 0.7681 
     NEH1-22 102 0.0006 0.0009 0.1976 0.8008 
     NEH1-31 103 0.0018 0.0002 0.0006 0.9974 
      NEH2-4 104 0.0019 0.0005 0.0034 0.9941 
     NEH2-12 105 0.0569 0.0006 0.0006 0.9419 
     NEH2-20 106 0.0005 0.0003 0.1958 0.8034 
     NEH2-28 107 0.0010 0.0068 0.0013 0.9909 
      NEH1-5 108 0.0142 0.0005 0.1270 0.8584 
     NEH1-14 109 0.0560 0.0096 0.1685 0.7659 
     NEH1-23 110 0.0003 0.0003 0.2284 0.7711 
     NEH1-32 111 0.0010 0.0019 0.0010 0.9961 
      NEH2-5 112 0.0002 0.0002 0.0002 0.9994 
     NEH2-13 113 0.0134 0.0011 0.0017 0.9838 
     NEH2-22 114 0.0005 0.0005 0.0006 0.9984 
     NEH2-29 115 0.0004 0.0005 0.0408 0.9584 
      NEH1-6 116 0.0002 0.0003 0.0002 0.9994 
     NEH1-15 117 0.0024 0.0370 0.0023 0.9584 
     NEH1-24 118 0.0004 0.0141 0.0007 0.9848 
     NEH1-33 119 0.0007 0.0004 0.1240 0.8749 
      NEH2-6 120 0.0005 0.0007 0.0128 0.9860 
     NEH2-14 121 0.0014 0.0017 0.0042 0.9928 
     NEH2-21 122 0.0004 0.0003 0.0473 0.9521 
     NEH2-30 123 0.0003 0.0001 0.0002 0.9994 
      NEH1-7 124 0.0898 0.0006 0.0723 0.8372 
     NEH1-16 125 0.0003 0.0003 0.0003 0.9991 
     NEH1-25 126 0.0006 0.0010 0.1239 0.8745 
     NEH1-34 127 0.0163 0.0017 0.0505 0.9315 
      NEH2-7 128 0.0013 0.0008 0.0024 0.9955 
     NEH2-15 129 0.0001 0.0001 0.0001 0.9997 
     NEH2-23 130 0.0382 0.0039 0.0178 0.9400 
     NEH2-31 131 0.0001 0.0002 0.0002 0.9995 
      NEH1-8 132 0.0716 0.0011 0.0999 0.8274 
     NEH1-17 133 0.1095 0.0015 0.0016 0.8874 
     NEH1-26 134 0.0003 0.0037 0.1445 0.8515 
     NEH1-35 135 0.0029 0.0012 0.1837 0.8122 
      NEH2-8 136 0.0001 0.0001 0.0001 0.9996 
     NEH2-16 137 0.0002 0.0011 0.0007 0.9980 
     NEH2-24 138 0.0001 0.0001 0.0002 0.9996 
     NEH2-32 139 0.0654 0.0009 0.0007 0.9329 
      NEH1-1 140 0.1133 0.0002 0.0005 0.8860 
     NEH1-10 141 0.0002 0.0004 0.0003 0.9991 
     NEH1-19 142 0.0013 0.0011 0.1196 0.8779 
     NEH1-28 143 0.0395 0.0042 0.0007 0.9556 
      NEH2-1 144 0.0132 0.0003 0.0026 0.9839 
      NEH2-9 145 0.0002 0.0003 0.0006 0.9989 
     NEH2-17 146 0.0008 0.0342 0.0025 0.9625 
     NEH2-25 147 0.0233 0.0002 0.0003 0.9762 
