        001s  1 0.0009 0.0005 0.0010 0.2653 0.0006 0.0042 0.0003 0.7259 0.0013 
        002s  1 0.0006 0.0013 0.0006 0.8535 0.0018 0.0324 0.0044 0.1049 0.0005 
        003s  1 0.0029 0.0022 0.0014 0.9597 0.0007 0.0036 0.0007 0.0096 0.0191 
        004s  1 0.0037 0.0054 0.0014 0.5358 0.0007 0.0065 0.0293 0.4167 0.0004 
        005s  1 0.0929 0.0014 0.2058 0.4902 0.0886 0.0031 0.1039 0.0135 0.0005 
        006s  1 0.0004 0.0004 0.0003 0.0028 0.0004 0.0077 0.0013 0.9863 0.0005 
        007s  1 0.0016 0.0018 0.0009 0.0146 0.0008 0.0040 0.0004 0.9750 0.0008 
        008s  1 0.0016 0.0011 0.0616 0.7242 0.0004 0.1778 0.0004 0.0319 0.0011 
        009s  1 0.0189 0.0066 0.0125 0.3735 0.0195 0.0172 0.0009 0.5482 0.0027 
        010s  1 0.0073 0.0004 0.0016 0.0037 0.0009 0.0255 0.0010 0.9590 0.0005 
        011s  1 0.0013 0.0018 0.0061 0.0067 0.0005 0.0080 0.0017 0.9705 0.0034 
        012s  1 0.1100 0.0006 0.0012 0.0354 0.0070 0.0084 0.0065 0.8255 0.0055 
        013s  1 0.0014 0.0097 0.0040 0.0283 0.0182 0.0030 0.0054 0.9292 0.0008 
        014s  1 0.0082 0.0044 0.0408 0.0109 0.0004 0.0064 0.0008 0.9161 0.0121 
        015s  1 0.0008 0.0003 0.0021 0.0069 0.0004 0.0094 0.0004 0.9791 0.0006 
        016s  1 0.0048 0.0084 0.0004 0.0632 0.0004 0.0529 0.0005 0.8685 0.0007 
        018s  1 0.0963 0.0009 0.0846 0.0724 0.0022 0.0039 0.0006 0.7380 0.0010 
        019s  1 0.0069 0.0015 0.0118 0.1923 0.0006 0.0395 0.0004 0.7435 0.0035 
        020s  1 0.0006 0.0076 0.0004 0.0122 0.0002 0.1071 0.0003 0.8621 0.0095 
        021s  1 0.0002 0.0053 0.0002 0.0187 0.0007 0.0191 0.0052 0.9496 0.0010 
        022s  1 0.0003 0.0012 0.0005 0.9827 0.0002 0.0038 0.0003 0.0106 0.0005 
        023s  1 0.0002 0.0087 0.0003 0.1820 0.0006 0.1538 0.0004 0.6530 0.0011 
        024s  1 0.0013 0.0005 0.0013 0.0039 0.0004 0.0124 0.0016 0.9781 0.0005 
        025s  1 0.0063 0.0007 0.0282 0.0187 0.0004 0.5387 0.0011 0.4055 0.0005 
        026s  1 0.0005 0.0082 0.0016 0.0046 0.0015 0.0449 0.0005 0.9321 0.0061 
        027s  1 0.0021 0.0021 0.0185 0.0282 0.0005 0.5818 0.0116 0.3546 0.0005 
        028s  1 0.0057 0.0007 0.1002 0.0014 0.0007 0.0750 0.0313 0.7818 0.0033 
        029s  1 0.0010 0.0007 0.0003 0.0084 0.0003 0.0044 0.0006 0.9799 0.0043 
        030s  1 0.0006 0.0008 0.0144 0.0029 0.0004 0.2893 0.0061 0.6783 0.0072 
        031s  1 0.0003 0.0012 0.0007 0.0282 0.0002 0.0093 0.0002 0.9596 0.0003 
        032s  1 0.0006 0.0006 0.0098 0.0041 0.0003 0.0141 0.0004 0.9689 0.0011 
        033s  1 0.0008 0.0011 0.0280 0.0026 0.0035 0.0059 0.0004 0.9569 0.0008 
        034s  1 0.0006 0.0552 0.0093 0.5508 0.0003 0.2857 0.0024 0.0909 0.0048 
        035s  1 0.0021 0.0006 0.0008 0.0022 0.0004 0.0068 0.0017 0.9840 0.0015 
        036s  1 0.0949 0.0015 0.0034 0.5254 0.0012 0.0106 0.0007 0.3620 0.0003 
        037s  1 0.1056 0.0284 0.0010 0.0709 0.0171 0.0089 0.0032 0.7638 0.0012 
        038s  1 0.0009 0.0010 0.0058 0.0137 0.0008 0.0502 0.0005 0.9263 0.0007 
        039s  1 0.0003 0.0003 0.0058 0.0136 0.0215 0.0101 0.0018 0.9460 0.0005 
        040s  1 0.0013 0.0025 0.0034 0.0915 0.0007 0.0071 0.0033 0.8896 0.0007 
        041s  1 0.0024 0.0037 0.0010 0.0061 0.0015 0.0168 0.0004 0.9675 0.0006 
        042s  1 0.0736 0.0776 0.0020 0.0514 0.0005 0.0449 0.0006 0.7484 0.0010 
        043s  1 0.0004 0.0006 0.0996 0.8720 0.0022 0.0020 0.0003 0.0207 0.0022 
        044s  1 0.0639 0.0084 0.0121 0.1937 0.0136 0.0945 0.0100 0.6004 0.0034 
        045s  1 0.0090 0.0007 0.0008 0.0033 0.0004 0.0505 0.0020 0.9323 0.0009 
        046s  1 0.0024 0.0006 0.0011 0.0181 0.0003 0.0109 0.0003 0.9646 0.0016 
        047s  1 0.0008 0.0049 0.0019 0.0035 0.0004 0.0249 0.0003 0.9623 0.0011 
        048s  1 0.0235 0.0010 0.0023 0.5137 0.0136 0.0092 0.0002 0.4360 0.0004 
        049s  1 0.0006 0.0004 0.0023 0.9643 0.0004 0.0054 0.0028 0.0230 0.0008 
        050s  1 0.0873 0.0006 0.0124 0.1090 0.0011 0.0390 0.0018 0.7486 0.0004 
        051s  1 0.0004 0.0006 0.0004 0.0053 0.0003 0.0054 0.0006 0.9640 0.0230 
        052s  1 0.0070 0.0009 0.0044 0.0605 0.0035 0.6413 0.0034 0.2629 0.0161 
        053s  1 0.0012 0.0007 0.0004 0.0030 0.0035 0.0145 0.0002 0.9762 0.0002 
        054s  1 0.0002 0.0011 0.0002 0.0043 0.0011 0.0097 0.0029 0.9771 0.0033 
        055s  1 0.0428 0.0712 0.0334 0.0016 0.0160 0.0025 0.0003 0.8312 0.0010 
          01  2 0.1043 0.0013 0.0253 0.0050 0.0009 0.0029 0.0007 0.8346 0.0250 
          02  2 0.0064 0.0007 0.0014 0.0037 0.0250 0.0818 0.0008 0.8794 0.0007 
          03  2 0.0013 0.0011 0.0049 0.0109 0.0005 0.0436 0.0005 0.9367 0.0005 
          04  2 0.0007 0.0106 0.0553 0.0769 0.0015 0.2204 0.0040 0.6291 0.0015 
          05  2 0.0752 0.0008 0.0780 0.8357 0.0011 0.0046 0.0001 0.0042 0.0003 
          06  2 0.0151 0.0005 0.0053 0.0057 0.0060 0.1624 0.0014 0.8029 0.0006 
          07  2 0.0016 0.0006 0.0053 0.0958 0.0037 0.0016 0.0020 0.8885 0.0009 
          08  2 0.0744 0.0011 0.0052 0.7965 0.0004 0.0920 0.0006 0.0289 0.0009 
          09  2 0.0004 0.0003 0.0002 0.0373 0.0003 0.0116 0.0004 0.9410 0.0087 
          10  2 0.0012 0.0003 0.0028 0.0168 0.0005 0.1774 0.0006 0.8000 0.0004 
          11  2 0.0258 0.0020 0.0006 0.0124 0.0005 0.0048 0.0007 0.9444 0.0088 
          12  2 0.0003 0.0005 0.0008 0.0232 0.0011 0.2974 0.0005 0.6753 0.0010 
          13  2 0.0004 0.0006 0.0003 0.1571 0.0019 0.0067 0.0003 0.8323 0.0005 
          14  2 0.0002 0.0208 0.0004 0.3993 0.0010 0.0034 0.0073 0.5648 0.0026 
          15  2 0.0004 0.0016 0.0003 0.2714 0.0008 0.0277 0.0005 0.6963 0.0011 
          16  2 0.0005 0.0078 0.0059 0.0133 0.0006 0.0014 0.0512 0.9150 0.0044 
          17  2 0.0011 0.0012 0.0050 0.0947 0.0029 0.4358 0.0005 0.4581 0.0008 
          18  2 0.0054 0.0007 0.0028 0.0030 0.0082 0.0597 0.0014 0.9178 0.0010 
          19  2 0.0013 0.0041 0.0003 0.0033 0.0006 0.0685 0.0003 0.9194 0.0023 
          20  2 0.0556 0.0053 0.0019 0.0043 0.0005 0.0036 0.0089 0.9181 0.0017 
          21  2 0.0012 0.0005 0.0020 0.0136 0.0006 0.0105 0.0003 0.9580 0.0133 
          22  2 0.0013 0.0075 0.0079 0.0046 0.0006 0.0381 0.0049 0.9312 0.0039 
          23  2 0.0008 0.0020 0.0032 0.0047 0.0014 0.1017 0.0016 0.8838 0.0008 
          24  2 0.0005 0.0006 0.0024 0.0028 0.0005 0.0487 0.0004 0.9433 0.0007 
          25  2 0.0062 0.0007 0.0011 0.0853 0.0017 0.0086 0.0245 0.8706 0.0015 
          26  2 0.0005 0.0003 0.0004 0.9958 0.0005 0.0007 0.0003 0.0009 0.0006 
          27  2 0.0005 0.0034 0.0058 0.0163 0.0020 0.0076 0.0173 0.9459 0.0012 
          28  2 0.0010 0.0034 0.0018 0.0594 0.0005 0.0220 0.0002 0.9108 0.0010 
          29  2 0.0011 0.0002 0.0005 0.0068 0.0005 0.0422 0.0009 0.9473 0.0005 
          30  2 0.1416 0.0831 0.0023 0.0236 0.0051 0.0583 0.0004 0.6796 0.0061 
          01  3 0.1103 0.0174 0.1910 0.0649 0.4158 0.1660 0.0002 0.0341 0.0003 
          02  3 0.0979 0.0118 0.3164 0.0006 0.2225 0.0184 0.2426 0.0119 0.0778 
          03  3 0.0506 0.0021 0.7754 0.0051 0.0009 0.0088 0.1322 0.0239 0.0010 
          04  3 0.1686 0.0034 0.4686 0.0083 0.1935 0.0046 0.1375 0.0141 0.0013 
          05  3 0.0774 0.1006 0.3526 0.0002 0.1463 0.0002 0.2205 0.0003 0.1019 
          06  3 0.0705 0.0003 0.5007 0.0002 0.1934 0.0003 0.2342 0.0003 0.0002 
          07  3 0.1043 0.0003 0.7451 0.0010 0.0003 0.0135 0.0945 0.0397 0.0014 
          08  3 0.1608 0.0043 0.3704 0.0016 0.1107 0.1428 0.1787 0.0228 0.0079 
          09  3 0.1749 0.0008 0.6979 0.0060 0.0015 0.0053 0.1047 0.0086 0.0002 
          10  3 0.0020 0.1057 0.3025 0.0021 0.1484 0.0003 0.2328 0.0004 0.2058 
          11  3 0.0960 0.0003 0.7854 0.0004 0.0011 0.0006 0.1151 0.0010 0.0002 
          12  3 0.1092 0.0002 0.7681 0.0003 0.0015 0.0002 0.1201 0.0003 0.0001 
          13  3 0.0523 0.0001 0.4635 0.0002 0.2284 0.0003 0.2544 0.0002 0.0006 
          14  3 0.0286 0.1383 0.3939 0.0002 0.1580 0.0010 0.2587 0.0008 0.0204 
          15  3 0.1289 0.0016 0.5314 0.0040 0.0792 0.1235 0.0983 0.0329 0.0002 
          16  3 0.0020 0.0043 0.3505 0.0009 0.3673 0.0035 0.2632 0.0050 0.0032 
          17  3 0.2489 0.0004 0.3323 0.0096 0.0669 0.2699 0.0677 0.0028 0.0014 
          18  3 0.0049 0.2703 0.2350 0.0021 0.1303 0.0008 0.1993 0.0010 0.1561 
          19  3 0.0539 0.0171 0.3625 0.0208 0.2867 0.0276 0.2218 0.0089 0.0008 
          20  3 0.1622 0.0627 0.3895 0.0129 0.2238 0.0090 0.1172 0.0223 0.0003 
          21  3 0.0845 0.0074 0.2816 0.0096 0.3276 0.1454 0.1329 0.0093 0.0017 
          22  3 0.1604 0.0018 0.7077 0.0382 0.0215 0.0059 0.0551 0.0088 0.0006 
          23  3 0.1463 0.0017 0.3187 0.0026 0.2538 0.0400 0.1402 0.0964 0.0003 
          24  3 0.2392 0.0008 0.3177 0.0008 0.1676 0.0007 0.1117 0.0010 0.1604 
          25  3 0.0251 0.1248 0.2710 0.0002 0.2438 0.0002 0.0947 0.0002 0.2400 
          26  3 0.1569 0.0003 0.6589 0.0007 0.0355 0.0014 0.1450 0.0012 0.0002 
          27  3 0.0035 0.1762 0.3029 0.0012 0.2263 0.0020 0.1546 0.0034 0.1300 
          28  3 0.1101 0.0003 0.3895 0.0023 0.3095 0.0018 0.1833 0.0026 0.0006 
          29  3 0.1381 0.0213 0.3176 0.0008 0.2799 0.0185 0.1756 0.0436 0.0046 
          30  3 0.1588 0.0003 0.3844 0.1940 0.2069 0.0023 0.0509 0.0016 0.0008 
         001  4 0.9994 0.0001 0.0001 0.0001 0.0001 0.0001 0.0001 0.0001 0.0001 
         002  4 0.9813 0.0001 0.0166 0.0002 0.0008 0.0002 0.0004 0.0002 0.0002 
         003  4 0.9994 0.0001 0.0001 0.0001 0.0001 0.0001 0.0001 0.0001 0.0001 
         004  4 0.9992 0.0001 0.0001 0.0001 0.0002 0.0001 0.0002 0.0001 0.0001 
         005  4 0.9990 0.0001 0.0001 0.0001 0.0001 0.0001 0.0002 0.0001 0.0002 
         006  4 0.8519 0.0002 0.0729 0.0003 0.0193 0.0003 0.0546 0.0003 0.0002 
         007  4 0.8719 0.0002 0.0804 0.0004 0.0001 0.0002 0.0463 0.0003 0.0002 
         008  4 0.9934 0.0022 0.0002 0.0005 0.0006 0.0003 0.0009 0.0005 0.0016 
         009  4 0.9991 0.0001 0.0001 0.0001 0.0001 0.0001 0.0003 0.0001 0.0001 
         010  4 0.9599 0.0001 0.0004 0.0001 0.0001 0.0001 0.0393 0.0001 0.0001 
         011  4 0.9373 0.0115 0.0005 0.0024 0.0016 0.0007 0.0445 0.0010 0.0004 
         012  4 0.9990 0.0001 0.0004 0.0001 0.0001 0.0001 0.0001 0.0001 0.0001 
         013  4 0.9992 0.0000 0.0002 0.0001 0.0002 0.0001 0.0001 0.0001 0.0000 
         014  4 0.9737 0.0001 0.0251 0.0002 0.0002 0.0002 0.0002 0.0002 0.0001 
         015  4 0.9461 0.0000 0.0534 0.0001 0.0002 0.0001 0.0001 0.0001 0.0001 
         016  4 0.9992 0.0001 0.0001 0.0001 0.0001 0.0001 0.0003 0.0001 0.0001 
         017  4 0.9503 0.0001 0.0487 0.0002 0.0003 0.0001 0.0001 0.0001 0.0001 
         019  4 0.8658 0.0003 0.0351 0.0002 0.0073 0.0004 0.0903 0.0002 0.0004 
         020  4 0.9990 0.0001 0.0001 0.0001 0.0002 0.0001 0.0001 0.0001 0.0002 
         021  4 0.9480 0.0002 0.0120 0.0001 0.0001 0.0002 0.0391 0.0002 0.0002 
         001  5 0.8954 0.0210 0.0777 0.0004 0.0031 0.0006 0.0004 0.0005 0.0009 
         002  5 0.9295 0.0016 0.0006 0.0186 0.0394 0.0020 0.0003 0.0074 0.0006 
         003  5 0.6733 0.0049 0.0412 0.0042 0.0880 0.0608 0.0365 0.0910 0.0002 
         004  5 0.9205 0.0022 0.0004 0.0044 0.0131 0.0033 0.0022 0.0537 0.0002 
         005  5 0.8865 0.0003 0.0650 0.0002 0.0472 0.0003 0.0003 0.0002 0.0002 
         006  5 0.7695 0.0001 0.0812 0.0003 0.1343 0.0003 0.0136 0.0003 0.0003 
         007  5 0.8196 0.0002 0.0724 0.0002 0.0616 0.0001 0.0455 0.0003 0.0002 
         008  5 0.8616 0.0001 0.0759 0.0001 0.0614 0.0002 0.0003 0.0001 0.0003 
         009  5 0.8769 0.0009 0.0604 0.0069 0.0201 0.0151 0.0037 0.0157 0.0002 
         010  5 0.8404 0.0011 0.0264 0.0011 0.1024 0.0011 0.0252 0.0022 0.0002 
         011  5 0.8934 0.0009 0.0508 0.0003 0.0530 0.0006 0.0002 0.0007 0.0002 
         012  5 0.8185 0.0034 0.0375 0.0090 0.0279 0.0048 0.0740 0.0242 0.0008 
         013  5 0.6280 0.0011 0.1852 0.0126 0.0563 0.0588 0.0007 0.0569 0.0004 
         014  5 0.6640 0.0071 0.0030 0.0026 0.0626 0.1456 0.0716 0.0356 0.0079 
         015  5 0.8910 0.0001 0.0651 0.0001 0.0266 0.0001 0.0166 0.0001 0.0002 
         016  5 0.8321 0.0002 0.1236 0.0005 0.0141 0.0006 0.0278 0.0006 0.0004 
         017  5 0.7801 0.0002 0.1126 0.0022 0.0517 0.0017 0.0485 0.0020 0.0010 
         018  5 0.7686 0.0130 0.1288 0.0050 0.0517 0.0022 0.0010 0.0043 0.0255 
         019  5 0.9270 0.0005 0.0691 0.0002 0.0004 0.0002 0.0002 0.0002 0.0022 
         020  5 0.9956 0.0002 0.0025 0.0002 0.0008 0.0002 0.0002 0.0002 0.0001 
         021  5 0.8268 0.0019 0.0256 0.0372 0.0055 0.0114 0.0005 0.0909 0.0003 
         022  5 0.8730 0.0195 0.0920 0.0018 0.0008 0.0040 0.0037 0.0032 0.0021 
         023  5 0.8478 0.0004 0.1134 0.0002 0.0369 0.0003 0.0004 0.0003 0.0002 
         024  5 0.8634 0.0005 0.0239 0.0034 0.0082 0.0137 0.0703 0.0164 0.0002 
         025  5 0.7899 0.0002 0.1485 0.0021 0.0081 0.0006 0.0472 0.0027 0.0007 
         026  5 0.7866 0.0004 0.0673 0.0009 0.0145 0.0109 0.0095 0.1096 0.0004 
         027  5 0.9968 0.0001 0.0005 0.0002 0.0002 0.0001 0.0017 0.0001 0.0001 
         028  5 0.8542 0.0032 0.1090 0.0011 0.0011 0.0008 0.0286 0.0016 0.0004 
         029  5 0.9165 0.0001 0.0781 0.0002 0.0038 0.0003 0.0006 0.0002 0.0002 
         030  5 0.9083 0.0003 0.0829 0.0005 0.0044 0.0006 0.0003 0.0004 0.0023 
        001s  6 0.0007 0.0154 0.0043 0.1943 0.0139 0.0841 0.0085 0.6783 0.0006 
        002s  6 0.0167 0.0006 0.0196 0.0031 0.0019 0.0223 0.0005 0.9164 0.0190 
        003s  6 0.0054 0.0032 0.0025 0.2134 0.0050 0.0444 0.0003 0.7255 0.0004 
        004s  6 0.0006 0.0005 0.0004 0.0199 0.0003 0.0267 0.0003 0.9509 0.0004 
        006s  6 0.0585 0.0068 0.0003 0.0019 0.0042 0.0036 0.0224 0.9012 0.0010 
        007s  6 0.0005 0.0005 0.0018 0.0023 0.0009 0.0646 0.0023 0.9265 0.0007 
        008s  6 0.0037 0.0055 0.0025 0.0100 0.0005 0.0623 0.0005 0.9123 0.0026 
        009s  6 0.0003 0.0012 0.0008 0.0101 0.0006 0.4332 0.0003 0.5525 0.0010 
        010s  6 0.0282 0.0074 0.0012 0.0013 0.0008 0.0159 0.0060 0.9303 0.0089 
        011s  6 0.0004 0.0014 0.0027 0.0023 0.0060 0.1945 0.0008 0.7916 0.0003 
        012s  6 0.0004 0.0012 0.0075 0.0040 0.0008 0.0106 0.0011 0.9724 0.0020 
        013s  6 0.0009 0.0005 0.0010 0.0049 0.0006 0.1494 0.0009 0.8411 0.0007 
        014s  6 0.0195 0.0003 0.0529 0.4040 0.0032 0.0038 0.0002 0.5158 0.0002 
        015s  6 0.0039 0.0058 0.0353 0.0028 0.0005 0.4987 0.0051 0.4468 0.0010 
        016s  6 0.0004 0.0010 0.0009 0.0482 0.0006 0.0025 0.0008 0.9451 0.0005 
        018s  6 0.2159 0.0021 0.0018 0.0257 0.0631 0.0243 0.0003 0.6664 0.0004 
        019s  6 0.0019 0.0024 0.0286 0.0717 0.0046 0.0421 0.0008 0.8471 0.0008 
        020s  6 0.0002 0.0004 0.0069 0.0385 0.0011 0.0100 0.0003 0.9419 0.0007 
        021s  6 0.0009 0.0025 0.0010 0.0039 0.0098 0.0080 0.0060 0.9663 0.0017 
        022s  6 0.0005 0.0035 0.0073 0.0624 0.0004 0.0305 0.0002 0.8949 0.0004 
        023s  6 0.0130 0.0008 0.0145 0.5515 0.0007 0.4031 0.0005 0.0155 0.0003 
        024s  6 0.0481 0.0007 0.0039 0.0093 0.0004 0.0088 0.0019 0.9252 0.0018 
        025s  6 0.0022 0.0649 0.0003 0.0093 0.0035 0.0080 0.0005 0.9108 0.0006 
        026s  6 0.0004 0.0005 0.0020 0.0159 0.0006 0.0173 0.0004 0.9615 0.0014 
        027s  6 0.0014 0.0005 0.0003 0.0189 0.0004 0.0468 0.0005 0.9303 0.0009 
        028s  6 0.0024 0.0067 0.0365 0.0024 0.0039 0.0034 0.0027 0.9025 0.0396 
        029s  6 0.0003 0.0011 0.0039 0.0024 0.0003 0.0619 0.0003 0.9286 0.0012 
        030s  6 0.0451 0.0080 0.0325 0.0048 0.0024 0.0082 0.0004 0.8967 0.0019 
        031s  6 0.0025 0.0003 0.0007 0.6506 0.0009 0.1484 0.0069 0.1891 0.0006 
        032s  6 0.0013 0.0006 0.0007 0.0135 0.0366 0.0043 0.0005 0.9422 0.0004 
        033s  6 0.0231 0.0008 0.0885 0.0017 0.0003 0.0064 0.0001 0.8787 0.0004 
        034s  6 0.0019 0.0098 0.0038 0.0121 0.0005 0.2198 0.0046 0.7472 0.0003 
        035s  6 0.1250 0.0004 0.0025 0.8688 0.0005 0.0010 0.0003 0.0008 0.0008 
        036s  6 0.0003 0.0013 0.0013 0.0050 0.0088 0.0086 0.0022 0.9722 0.0003 
        037s  6 0.0006 0.0018 0.0004 0.0053 0.0018 0.0115 0.0006 0.9762 0.0016 
        038s  6 0.0004 0.0005 0.0005 0.1367 0.0008 0.0357 0.0031 0.8215 0.0008 
        039s  6 0.0002 0.0006 0.0029 0.0113 0.0004 0.2958 0.0002 0.6876 0.0009 
        040s  6 0.0002 0.0003 0.0098 0.2567 0.0005 0.1986 0.0013 0.5321 0.0004 
        041s  6 0.0642 0.0035 0.0016 0.5369 0.0001 0.0134 0.0003 0.3772 0.0028 
        042s  6 0.0094 0.0495 0.0010 0.0099 0.0012 0.0109 0.0008 0.9142 0.0031 
        043s  6 0.0010 0.0050 0.0005 0.0044 0.0003 0.0482 0.0015 0.9390 0.0002 
        044s  6 0.0012 0.0011 0.0010 0.1047 0.0004 0.0037 0.0004 0.8842 0.0035 
        045s  6 0.0048 0.0025 0.0004 0.0253 0.0007 0.0453 0.0005 0.9197 0.0008 
        001s  7 0.0013 0.0013 0.0004 0.8889 0.0005 0.0872 0.0004 0.0196 0.0003 
        002s  7 0.0106 0.0029 0.0012 0.4878 0.0061 0.1080 0.0007 0.3810 0.0017 
        003s  7 0.0009 0.0013 0.0023 0.9759 0.0009 0.0034 0.0017 0.0119 0.0017 
        004s  7 0.0006 0.0007 0.0028 0.0206 0.0008 0.0056 0.0025 0.9652 0.0012 
        005s  7 0.0142 0.0025 0.0024 0.0204 0.0011 0.0239 0.0022 0.9329 0.0005 
        006s  7 0.0548 0.0054 0.0041 0.0014 0.0011 0.0044 0.0010 0.9273 0.0006 
        007s  7 0.0060 0.0018 0.0011 0.0071 0.0034 0.0050 0.0066 0.9584 0.0105 
        008s  7 0.0013 0.0017 0.0419 0.9483 0.0004 0.0019 0.0002 0.0024 0.0020 
        009s  7 0.0032 0.0073 0.0004 0.0142 0.0029 0.0050 0.0017 0.9650 0.0005 
        010s  7 0.0008 0.0014 0.0012 0.9898 0.0005 0.0014 0.0002 0.0040 0.0007 
        011s  7 0.0003 0.0007 0.0004 0.0106 0.0008 0.0151 0.0005 0.9707 0.0008 
        012s  7 0.0005 0.0005 0.0005 0.0031 0.0003 0.0388 0.0005 0.9555 0.0003 
        013s  7 0.0003 0.0048 0.0008 0.0116 0.0007 0.0168 0.0080 0.9563 0.0005 
        014s  7 0.0409 0.0003 0.0007 0.5522 0.0007 0.0252 0.0008 0.3784 0.0010 
        015s  7 0.0315 0.0007 0.0003 0.0047 0.0006 0.0234 0.0027 0.9347 0.0014 
        016s  7 0.0888 0.0013 0.0019 0.9056 0.0002 0.0011 0.0002 0.0006 0.0004 
        017s  7 0.0012 0.0005 0.0017 0.0223 0.0004 0.0072 0.0011 0.9653 0.0003 
        018s  7 0.0006 0.0006 0.0706 0.0172 0.0002 0.8986 0.0003 0.0088 0.0032 
        019s  7 0.0013 0.0120 0.0006 0.0082 0.0049 0.0607 0.0006 0.9086 0.0031 
        020s  7 0.0004 0.0003 0.0021 0.0113 0.0006 0.0097 0.0010 0.9743 0.0003 
        021s  7 0.0010 0.0008 0.0005 0.0047 0.0033 0.0048 0.0004 0.9834 0.0011 
        022s  7 0.0021 0.0014 0.0019 0.0023 0.0004 0.0962 0.0046 0.8909 0.0003 
        023s  7 0.0036 0.0161 0.0199 0.0090 0.0014 0.0042 0.0008 0.9437 0.0012 
        024s  7 0.0026 0.0006 0.0017 0.0068 0.0006 0.3045 0.0004 0.6818 0.0011 
        025s  7 0.0007 0.0009 0.0028 0.0035 0.0019 0.0128 0.0026 0.9736 0.0012 
        026s  7 0.0021 0.0009 0.0019 0.9854 0.0003 0.0035 0.0003 0.0042 0.0013 
        027s  7 0.0012 0.0004 0.0007 0.4971 0.0007 0.0015 0.0009 0.4954 0.0021 
        028s  7 0.0023 0.0004 0.0265 0.0023 0.0006 0.6911 0.0005 0.2760 0.0003 
        029s  7 0.0039 0.0030 0.0133 0.0246 0.0009 0.0107 0.0007 0.9422 0.0008 
        030s  7 0.0004 0.0045 0.0012 0.1734 0.0002 0.0387 0.0010 0.7759 0.0048 
        031s  7 0.0022 0.0136 0.0011 0.0195 0.0006 0.3188 0.0010 0.6428 0.0004 
        032s  7 0.0836 0.0004 0.0163 0.0036 0.0007 0.0422 0.0003 0.8491 0.0039 
        033s  7 0.0309 0.0016 0.0017 0.0047 0.0069 0.0035 0.0004 0.9471 0.0033 
        034s  7 0.0007 0.0005 0.0024 0.0040 0.0058 0.0018 0.0273 0.9559 0.0016 
        035s  7 0.0004 0.0012 0.0003 0.0028 0.0004 0.0032 0.0003 0.9911 0.0005 
        036s  7 0.0006 0.0068 0.0010 0.0401 0.0004 0.0030 0.0029 0.9447 0.0005 
        037s  7 0.0017 0.0080 0.0587 0.0409 0.0256 0.8525 0.0003 0.0118 0.0005 
        038s  7 0.0023 0.0013 0.0054 0.0049 0.0126 0.2041 0.0003 0.7679 0.0013 
        039s  7 0.0004 0.0003 0.0042 0.3678 0.0005 0.5734 0.0002 0.0529 0.0004 
        040s  7 0.0057 0.0003 0.0005 0.9564 0.0018 0.0011 0.0328 0.0010 0.0005 
        041s  7 0.0119 0.0020 0.0043 0.0916 0.0083 0.0032 0.0002 0.8768 0.0018 
        042s  7 0.0054 0.0004 0.0010 0.9701 0.0009 0.0076 0.0009 0.0134 0.0003 
        043s  7 0.0010 0.0034 0.0003 0.0118 0.0005 0.0165 0.0002 0.9658 0.0005 
        044s  7 0.0205 0.0173 0.0362 0.0012 0.0106 0.0029 0.0045 0.9047 0.0021 
         003  8 0.0048 0.0008 0.0027 0.0023 0.0017 0.0063 0.0011 0.9692 0.0112 
         009  8 0.0008 0.0012 0.0005 0.0048 0.0005 0.0041 0.0005 0.9872 0.0004 
         010  8 0.0004 0.0021 0.0009 0.0121 0.0004 0.0592 0.0004 0.9242 0.0003 
         017  8 0.0004 0.0034 0.0007 0.0062 0.0012 0.0069 0.0004 0.9794 0.0015 
         002  9 0.0003 0.0008 0.0015 0.0137 0.0002 0.0059 0.0010 0.9761 0.0006 
         003  9 0.0002 0.0004 0.0002 0.0052 0.0002 0.0046 0.0005 0.9884 0.0003 
         004  9 0.0004 0.0011 0.0002 0.0056 0.0002 0.0029 0.0001 0.9890 0.0003 
         005  9 0.0003 0.0044 0.0004 0.0038 0.0006 0.0515 0.0011 0.9372 0.0008 
         006  9 0.0010 0.0015 0.0014 0.0049 0.0006 0.0105 0.0006 0.9789 0.0005 
         007  9 0.0037 0.0008 0.0010 0.0049 0.0002 0.0028 0.0005 0.9851 0.0011 
         009  9 0.0014 0.0017 0.0003 0.0144 0.0011 0.0018 0.0003 0.9782 0.0010 
         010  9 0.0003 0.0011 0.0003 0.0030 0.0003 0.0084 0.0005 0.9842 0.0019 
         013  9 0.0017 0.0013 0.0006 0.0165 0.0004 0.0050 0.0012 0.9730 0.0003 
         014  9 0.0005 0.0019 0.0003 0.0077 0.0002 0.1028 0.0003 0.8832 0.0031 
         016  9 0.0002 0.0007 0.0006 0.0038 0.0002 0.0038 0.0002 0.9898 0.0008 
         018  9 0.0007 0.0011 0.0005 0.0013 0.0009 0.2215 0.0008 0.7671 0.0061 
         019  9 0.0007 0.0005 0.0003 0.0029 0.0007 0.0068 0.0007 0.9834 0.0040 
         020  9 0.0004 0.0004 0.0004 0.0012 0.0005 0.0564 0.0003 0.9399 0.0005 
         021  9 0.0004 0.0006 0.0006 0.0047 0.0003 0.1590 0.0002 0.8338 0.0003 
         022  9 0.0005 0.0005 0.0006 0.0117 0.0004 0.3477 0.0003 0.6369 0.0014 
         024  9 0.0004 0.0026 0.0005 0.0062 0.0013 0.0078 0.0003 0.9789 0.0020 
         028  9 0.0007 0.0017 0.0010 0.0052 0.0003 0.0049 0.0007 0.9849 0.0006 
         029  9 0.0003 0.0004 0.0007 0.0060 0.0005 0.0089 0.0004 0.9821 0.0007 
         030  9 0.0003 0.0008 0.0009 0.0023 0.0002 0.0360 0.0003 0.9585 0.0007 
         031  9 0.0015 0.0006 0.0006 0.0164 0.0009 0.0094 0.0003 0.9696 0.0008 
         033  9 0.0046 0.0011 0.0010 0.0081 0.0007 0.0038 0.0003 0.9799 0.0005 
         001 10 0.0005 0.0003 0.0004 0.0049 0.0002 0.0258 0.0005 0.9662 0.0013 
         002 10 0.0003 0.0006 0.0009 0.0046 0.0002 0.0051 0.0002 0.9867 0.0013 
         003 10 0.0003 0.0095 0.0004 0.0020 0.0005 0.0121 0.0005 0.9742 0.0006 
         004 10 0.0004 0.0018 0.0005 0.1093 0.0005 0.0114 0.0003 0.8753 0.0006 
         005 10 0.0003 0.0008 0.0008 0.0050 0.0003 0.0043 0.0005 0.9862 0.0017 
         006 10 0.0010 0.0004 0.0005 0.0038 0.0007 0.0014 0.0004 0.9912 0.0005 
         007 10 0.0004 0.0020 0.0048 0.0035 0.0003 0.0035 0.0002 0.9849 0.0004 
         008 10 0.0006 0.0034 0.0014 0.0032 0.0010 0.0043 0.0005 0.9848 0.0007 
         009 10 0.0005 0.0004 0.0003 0.0034 0.0011 0.0048 0.0015 0.9837 0.0042 
         010 10 0.0006 0.0007 0.0006 0.0111 0.0004 0.0042 0.0005 0.9801 0.0019 
         011 10 0.0005 0.0318 0.0003 0.0055 0.0006 0.0085 0.0010 0.9513 0.0004 
         012 10 0.0004 0.0036 0.0007 0.0031 0.0021 0.0089 0.0005 0.9802 0.0005 
         013 10 0.0002 0.0006 0.0007 0.0049 0.0005 0.0104 0.0016 0.9804 0.0006 
         014 10 0.0004 0.0010 0.0006 0.2281 0.0005 0.0024 0.0006 0.7660 0.0006 
         016 10 0.0004 0.0007 0.0028 0.0075 0.0016 0.0069 0.0004 0.9782 0.0015 
         017 10 0.0005 0.0011 0.0013 0.0017 0.0005 0.0869 0.0005 0.9067 0.0007 
         018 10 0.0022 0.0008 0.0015 0.0022 0.0025 0.0045 0.0004 0.9840 0.0019 
         019 10 0.0003 0.0008 0.0003 0.0041 0.0009 0.0055 0.0002 0.9831 0.0048 
         020 10 0.0005 0.0018 0.0022 0.0052 0.0023 0.0042 0.0007 0.9794 0.0038 
         021 10 0.0008 0.0004 0.0014 0.0103 0.0004 0.0040 0.0002 0.9807 0.0020 
         022 10 0.0003 0.0009 0.0003 0.0719 0.0003 0.0039 0.0006 0.9215 0.0002 
         023 10 0.0002 0.0007 0.0010 0.0049 0.0004 0.0102 0.0004 0.9818 0.0004 
         024 10 0.0003 0.0013 0.0003 0.0017 0.0004 0.0044 0.0001 0.9904 0.0010 
         026 10 0.0004 0.0004 0.0003 0.0013 0.0007 0.1047 0.0004 0.8912 0.0006 
        001s 11 0.0954 0.0120 0.0003 0.3438 0.0004 0.4811 0.0007 0.0659 0.0005 
        002s 11 0.0005 0.0018 0.0004 0.0094 0.0010 0.0106 0.0079 0.9655 0.0029 
        003s 11 0.0051 0.0007 0.0073 0.0245 0.0006 0.1572 0.0005 0.8030 0.0011 
        004s 11 0.0004 0.0017 0.0004 0.0240 0.0005 0.2809 0.0013 0.6906 0.0003 
        005s 11 0.0017 0.0003 0.0054 0.0721 0.0004 0.0383 0.0005 0.8756 0.0056 
        006s 11 0.0004 0.0022 0.0036 0.0080 0.0179 0.0038 0.0023 0.9603 0.0016 
        007s 11 0.0052 0.0011 0.0105 0.0465 0.0018 0.0024 0.0301 0.9010 0.0014 
        008s 11 0.0005 0.0005 0.0045 0.0149 0.0003 0.0161 0.0003 0.9623 0.0006 
        009s 11 0.0003 0.0005 0.0024 0.0030 0.0004 0.0253 0.0003 0.9564 0.0114 
        010s 11 0.0010 0.0007 0.0006 0.0772 0.0014 0.0087 0.0003 0.9096 0.0004 
        011s 11 0.0991 0.0168 0.0039 0.8475 0.0005 0.0046 0.0111 0.0163 0.0003 
        012s 11 0.0574 0.0003 0.0859 0.0358 0.0005 0.5503 0.0002 0.2681 0.0014 
        013s 11 0.0005 0.0007 0.0009 0.2597 0.0004 0.0053 0.0005 0.7317 0.0003 
        014s 11 0.0037 0.0010 0.0015 0.8356 0.0025 0.0907 0.0051 0.0585 0.0013 
        015s 11 0.0015 0.0045 0.0018 0.0212 0.0018 0.2099 0.0014 0.7569 0.0011 
        016s 11 0.0329 0.0578 0.0051 0.2019 0.0005 0.0033 0.0005 0.6916 0.0065 
        017s 11 0.0353 0.0013 0.1061 0.0070 0.0002 0.8424 0.0004 0.0069 0.0004 
        018s 11 0.0054 0.0008 0.0018 0.9442 0.0039 0.0131 0.0012 0.0279 0.0017 
        019s 11 0.0007 0.0183 0.0023 0.0036 0.0007 0.0083 0.0005 0.9654 0.0003 
        020s 11 0.0014 0.0011 0.0007 0.6007 0.0006 0.0212 0.0018 0.3695 0.0029 
        021s 11 0.0005 0.0010 0.0007 0.0045 0.0005 0.0209 0.0004 0.9712 0.0003 
        022s 11 0.0016 0.0004 0.0035 0.0127 0.0007 0.0846 0.0304 0.8651 0.0010 
        023s 11 0.0233 0.0350 0.0026 0.8139 0.0011 0.0174 0.0003 0.1062 0.0004 
        025s 11 0.0003 0.0009 0.0005 0.0050 0.0004 0.0090 0.0004 0.9833 0.0002 
        026s 11 0.0401 0.0427 0.0007 0.0016 0.0003 0.0178 0.0011 0.8953 0.0005 
        027s 11 0.0005 0.0005 0.0034 0.0033 0.0006 0.0163 0.0035 0.9715 0.0004 
        028s 11 0.0044 0.0010 0.0004 0.0039 0.0028 0.0477 0.0009 0.9385 0.0003 
        029s 11 0.0091 0.0003 0.0499 0.0024 0.0013 0.0497 0.0002 0.8864 0.0006 
        030s 11 0.0250 0.0016 0.0344 0.0051 0.0004 0.1533 0.0010 0.7786 0.0006 
        031s 11 0.0004 0.0004 0.0004 0.0068 0.0002 0.0599 0.0015 0.9299 0.0005 
        032s 11 0.0009 0.0023 0.0012 0.0864 0.0002 0.0412 0.0004 0.8669 0.0005 
        033s 11 0.0051 0.0005 0.0008 0.1978 0.0013 0.0256 0.0005 0.7673 0.0011 
        034s 11 0.0019 0.0004 0.0003 0.9053 0.0009 0.0566 0.0032 0.0309 0.0003 
        035s 11 0.0030 0.0003 0.0006 0.5107 0.0007 0.0040 0.0017 0.4780 0.0008 
        036s 11 0.0098 0.0004 0.0156 0.0168 0.0018 0.5553 0.0014 0.3976 0.0013 
        037s 11 0.0007 0.0026 0.0055 0.9620 0.0023 0.0087 0.0003 0.0168 0.0011 
        038s 11 0.0017 0.0009 0.0034 0.3893 0.0030 0.5488 0.0004 0.0520 0.0006 
        039s 11 0.0016 0.0009 0.0014 0.0060 0.0005 0.0069 0.0003 0.9818 0.0004 
        040s 11 0.0388 0.0007 0.0272 0.0017 0.0102 0.0113 0.0010 0.9084 0.0007 
        041s 11 0.0013 0.0028 0.0007 0.0093 0.0006 0.0206 0.0010 0.9474 0.0163 
        042s 11 0.0006 0.0098 0.0021 0.5264 0.0006 0.2751 0.0011 0.1838 0.0005 
        043s 11 0.0060 0.0167 0.0021 0.0196 0.0217 0.0088 0.0005 0.9241 0.0004 
        044s 11 0.0005 0.0049 0.0008 0.0511 0.0008 0.0615 0.0067 0.8728 0.0008 
        045s 11 0.0002 0.0084 0.0027 0.0052 0.0019 0.1346 0.0009 0.8457 0.0003 
        046s 11 0.0223 0.0354 0.0121 0.6762 0.0003 0.1738 0.0038 0.0751 0.0010 
        047s 11 0.0005 0.0014 0.0242 0.0025 0.0003 0.0279 0.0007 0.9419 0.0005 
        048s 11 0.0027 0.0301 0.0005 0.0024 0.0026 0.0274 0.0020 0.9307 0.0016 
        049s 11 0.0019 0.0015 0.0009 0.0074 0.0003 0.0473 0.0005 0.9391 0.0010 
        050s 11 0.0005 0.0010 0.0007 0.0034 0.0002 0.0053 0.0029 0.9855 0.0003 
        051s 11 0.0005 0.0522 0.0030 0.0194 0.0005 0.0198 0.0161 0.8880 0.0004 
        052s 11 0.0009 0.0039 0.0030 0.7904 0.0010 0.1442 0.0048 0.0500 0.0018 
        053s 11 0.0004 0.0010 0.0006 0.0047 0.0004 0.0046 0.0004 0.9870 0.0010 
        054s 11 0.0006 0.0008 0.0018 0.0046 0.0017 0.0102 0.0028 0.9772 0.0004 
        055s 11 0.0099 0.0003 0.0005 0.8644 0.0620 0.0251 0.0004 0.0373 0.0003 
        001s 12 0.0008 0.0010 0.0120 0.0128 0.0017 0.0088 0.0010 0.9609 0.0009 
        002s 12 0.0016 0.0007 0.0004 0.0014 0.0004 0.0020 0.0005 0.9914 0.0017 
        003s 12 0.0003 0.0003 0.0005 0.0031 0.0006 0.0130 0.0005 0.9813 0.0005 
        004s 12 0.0721 0.0038 0.0027 0.0108 0.0002 0.3957 0.0006 0.5125 0.0016 
        005s 12 0.0004 0.0010 0.0006 0.5926 0.0009 0.0064 0.0005 0.3963 0.0014 
        006s 12 0.0089 0.0014 0.0347 0.0116 0.0012 0.1121 0.0028 0.8264 0.0009 
        007s 12 0.0008 0.0017 0.0032 0.0025 0.0005 0.0148 0.0011 0.9724 0.0028 
        008s 12 0.0009 0.0007 0.0021 0.0022 0.0356 0.0193 0.0003 0.9382 0.0006 
        009s 12 0.0024 0.0042 0.0475 0.0519 0.0008 0.0138 0.0008 0.8593 0.0193 
        010s 12 0.0014 0.0006 0.0534 0.0394 0.0013 0.0500 0.0067 0.8465 0.0008 
        011s 12 0.0007 0.0007 0.0024 0.0191 0.0009 0.1179 0.0019 0.8554 0.0009 
        012s 12 0.0009 0.0029 0.0194 0.0030 0.0004 0.1114 0.0031 0.8586 0.0003 
        013s 12 0.0007 0.0354 0.0040 0.0028 0.0002 0.0389 0.0003 0.9170 0.0006 
        014s 12 0.0012 0.0427 0.0041 0.5060 0.0020 0.0135 0.0338 0.3927 0.0041 
        015s 12 0.0031 0.0008 0.0030 0.0031 0.0010 0.0067 0.0004 0.9807 0.0013 
        016s 12 0.0007 0.0048 0.0021 0.0028 0.0004 0.4058 0.0006 0.5823 0.0006 
        017s 12 0.0056 0.0012 0.0016 0.0365 0.0004 0.0073 0.0009 0.9461 0.0003 
        018s 12 0.0007 0.0016 0.0401 0.0136 0.0011 0.0131 0.0002 0.9275 0.0021 
        019s 12 0.0047 0.0004 0.0010 0.0291 0.0006 0.0169 0.0005 0.9444 0.0026 
        020s 12 0.0606 0.0003 0.0151 0.0085 0.0017 0.0030 0.0003 0.9102 0.0003 
        021s 12 0.0026 0.0022 0.0074 0.0053 0.0006 0.1747 0.0004 0.8063 0.0005 
        022s 12 0.0192 0.0047 0.0039 0.0526 0.0074 0.0270 0.0007 0.8800 0.0045 
        023s 12 0.0004 0.0008 0.0004 0.0197 0.0006 0.0260 0.0002 0.9511 0.0007 
        024s 12 0.0005 0.0006 0.0105 0.4936 0.0004 0.0105 0.0003 0.4831 0.0005 
        025s 12 0.0018 0.0008 0.0005 0.0033 0.0250 0.0050 0.0008 0.9604 0.0025 
        026s 12 0.0301 0.0007 0.0005 0.0973 0.0007 0.0110 0.0008 0.8471 0.0117 
        027s 12 0.0012 0.0003 0.0017 0.0045 0.0049 0.0035 0.0004 0.9832 0.0004 
        028s 12 0.0013 0.0028 0.0004 0.9678 0.0005 0.0055 0.0003 0.0065 0.0149 
        029s 12 0.0008 0.0013 0.0004 0.2713 0.0002 0.0015 0.0009 0.7232 0.0003 
        030s 12 0.0008 0.0004 0.0035 0.0052 0.0002 0.0066 0.0012 0.9819 0.0003 
        031s 12 0.0022 0.0021 0.0036 0.0028 0.0009 0.0095 0.0007 0.9774 0.0008 
        032s 12 0.0008 0.0008 0.0013 0.8442 0.0001 0.0954 0.0004 0.0429 0.0141 
        033s 12 0.0011 0.0003 0.0251 0.0085 0.0016 0.0030 0.0009 0.9592 0.0003 
        034s 12 0.0003 0.0005 0.0003 0.9423 0.0007 0.0041 0.0006 0.0505 0.0009 
        035s 12 0.0075 0.0003 0.0060 0.0813 0.0014 0.1109 0.0008 0.7914 0.0004 
        036s 12 0.0008 0.0007 0.0050 0.0478 0.0102 0.2800 0.0055 0.6476 0.0024 
        037s 12 0.0013 0.0011 0.0040 0.0035 0.0004 0.0066 0.0003 0.9819 0.0009 
        001s 13 0.0156 0.0020 0.0010 0.0040 0.0004 0.0299 0.0005 0.9457 0.0008 
        002s 13 0.0286 0.0009 0.0451 0.8091 0.0104 0.0020 0.0002 0.1034 0.0003 
        003s 13 0.0006 0.0011 0.0016 0.0060 0.0014 0.0353 0.0002 0.9530 0.0009 
        004s 13 0.0009 0.0026 0.0024 0.0143 0.0003 0.1093 0.0006 0.8572 0.0125 
        005s 13 0.0025 0.0014 0.0010 0.0036 0.0031 0.0107 0.0021 0.9726 0.0029 
        006s 13 0.0004 0.0004 0.0050 0.0079 0.0015 0.0326 0.0010 0.9503 0.0010 
        007s 13 0.0008 0.0011 0.0065 0.0063 0.0027 0.0066 0.0153 0.9603 0.0004 
        008s 13 0.0532 0.0005 0.0026 0.0046 0.0022 0.0087 0.0015 0.9252 0.0015 
        009s 13 0.1247 0.0008 0.0005 0.0051 0.0066 0.1764 0.0017 0.6709 0.0133 
        010s 13 0.0231 0.0006 0.0699 0.0103 0.0009 0.7700 0.0003 0.1240 0.0008 
        011s 13 0.0036 0.0031 0.0070 0.1989 0.0038 0.0048 0.0149 0.7568 0.0071 
        012s 13 0.0125 0.0215 0.0781 0.0007 0.0007 0.8703 0.0007 0.0122 0.0031 
        013s 13 0.0198 0.0035 0.0052 0.5149 0.0004 0.0090 0.0233 0.4232 0.0006 
        014s 13 0.0008 0.0045 0.0096 0.0018 0.0097 0.0165 0.0112 0.9451 0.0007 
        015s 13 0.0076 0.0057 0.0010 0.0160 0.0005 0.0135 0.0008 0.9478 0.0069 
        016s 13 0.0003 0.0015 0.0005 0.0034 0.0007 0.0320 0.0003 0.9604 0.0009 
        017s 13 0.0010 0.0005 0.0048 0.0072 0.0510 0.0668 0.0006 0.8658 0.0024 
        018s 13 0.0006 0.0006 0.0003 0.0158 0.0012 0.1351 0.0003 0.8455 0.0006 
        019s 13 0.0005 0.0010 0.0030 0.0408 0.0027 0.2498 0.0005 0.7012 0.0004 
        020s 13 0.0009 0.0004 0.0003 0.9587 0.0071 0.0013 0.0038 0.0254 0.0021 
        021s 13 0.0013 0.0013 0.0005 0.0180 0.0002 0.0210 0.0005 0.9568 0.0005 
        022s 13 0.0007 0.0007 0.0026 0.0024 0.0015 0.0018 0.0005 0.9896 0.0003 
        023s 13 0.0009 0.0004 0.0004 0.0527 0.0016 0.0077 0.0002 0.9354 0.0008 
        024s 13 0.0311 0.0351 0.0018 0.0139 0.0006 0.0010 0.0035 0.9123 0.0007 
        025s 13 0.0010 0.0018 0.0018 0.0031 0.0004 0.0156 0.0004 0.9753 0.0006 
        026s 13 0.0273 0.0092 0.0875 0.0154 0.0113 0.7442 0.0003 0.1042 0.0006 
        027s 13 0.0394 0.0009 0.0043 0.0014 0.0009 0.0022 0.0021 0.9458 0.0031 
        028s 13 0.0028 0.0018 0.0010 0.4841 0.0279 0.1459 0.0023 0.3233 0.0108 
        029s 13 0.0135 0.0016 0.0090 0.8849 0.0012 0.0593 0.0018 0.0280 0.0007 
        030s 13 0.0712 0.0246 0.0005 0.5883 0.0003 0.2841 0.0006 0.0299 0.0005 
        031s 13 0.0055 0.0980 0.0015 0.0022 0.0006 0.0812 0.0029 0.8068 0.0013 
        032s 13 0.0006 0.0002 0.0003 0.0067 0.0002 0.0227 0.0085 0.9602 0.0005 
        033s 13 0.0015 0.0006 0.0347 0.0088 0.0101 0.0200 0.0042 0.9196 0.0005 
        034s 13 0.0489 0.0010 0.0016 0.9144 0.0003 0.0052 0.0193 0.0069 0.0025 
        035s 13 0.0005 0.0033 0.0009 0.2764 0.0009 0.0214 0.0004 0.6937 0.0024 
        036s 13 0.0013 0.0005 0.0052 0.1959 0.0007 0.0094 0.0004 0.7860 0.0008 
        037s 13 0.0003 0.0013 0.0006 0.0048 0.0004 0.0077 0.0004 0.9840 0.0006 
        038s 13 0.0005 0.0015 0.0054 0.4786 0.0021 0.0163 0.0010 0.4938 0.0008 
        039s 13 0.0909 0.0656 0.0059 0.0015 0.0008 0.0009 0.0005 0.8333 0.0005 
        040s 13 0.0010 0.0013 0.0051 0.0043 0.0004 0.0767 0.0013 0.9096 0.0004 
        041s 13 0.0345 0.0009 0.0274 0.0030 0.0013 0.0076 0.0023 0.9226 0.0004 
        042s 13 0.0004 0.0013 0.0011 0.9802 0.0003 0.0036 0.0016 0.0106 0.0009 
        001s 14 0.0113 0.0006 0.0218 0.6355 0.0004 0.2921 0.0009 0.0351 0.0022 
        002s 14 0.0626 0.0012 0.0013 0.0058 0.0017 0.0273 0.0014 0.8956 0.0030 
        003s 14 0.0005 0.0008 0.0011 0.9887 0.0014 0.0030 0.0003 0.0036 0.0006 
        004s 14 0.0074 0.0037 0.0069 0.0017 0.0005 0.0021 0.0140 0.9631 0.0006 
        005s 14 0.0003 0.0005 0.0005 0.2661 0.0002 0.0021 0.0002 0.7298 0.0003 
        006s 14 0.0004 0.0003 0.0012 0.0157 0.0004 0.0054 0.0004 0.9759 0.0003 
        007s 14 0.0005 0.0013 0.0003 0.0126 0.0012 0.0095 0.0010 0.9733 0.0003 
        008s 14 0.0977 0.0017 0.0119 0.8558 0.0002 0.0022 0.0077 0.0067 0.0161 
        009s 14 0.0014 0.0009 0.0006 0.0266 0.0065 0.0113 0.0003 0.9479 0.0046 
        010s 14 0.0620 0.0010 0.0042 0.3220 0.0002 0.0091 0.0006 0.5845 0.0165 
        011s 14 0.0004 0.0008 0.0084 0.5356 0.0409 0.2763 0.0024 0.1346 0.0005 
        012s 14 0.0005 0.0012 0.0008 0.9619 0.0019 0.0081 0.0016 0.0215 0.0025 
        013s 14 0.0008 0.0057 0.0071 0.1017 0.0005 0.8330 0.0027 0.0476 0.0008 
        014s 14 0.0461 0.0005 0.0054 0.0041 0.0005 0.1203 0.0005 0.8186 0.0041 
        015s 14 0.0004 0.0023 0.0038 0.0172 0.0005 0.0133 0.0004 0.9573 0.0047 
        016s 14 0.0015 0.0096 0.0028 0.0011 0.0005 0.0344 0.0003 0.9494 0.0005 
        017s 14 0.0557 0.0005 0.0139 0.0038 0.0004 0.0801 0.0079 0.8372 0.0005 
        018s 14 0.0004 0.0010 0.0042 0.0071 0.0006 0.0061 0.0004 0.9796 0.0006 
        019s 14 0.0011 0.0006 0.0041 0.0043 0.0015 0.0089 0.0007 0.9784 0.0003 
        020s 14 0.0006 0.0023 0.0003 0.8456 0.0007 0.0160 0.0003 0.1259 0.0084 
        021s 14 0.0046 0.0005 0.0005 0.0043 0.0011 0.0146 0.0003 0.9677 0.0064 
        022s 14 0.0017 0.0007 0.0462 0.0022 0.0006 0.0032 0.0013 0.9426 0.0015 
        023s 14 0.0168 0.0020 0.0004 0.0118 0.0002 0.0566 0.0022 0.9083 0.0017 
        024s 14 0.0492 0.0013 0.0015 0.3744 0.0093 0.1260 0.0009 0.4357 0.0017 
        025s 14 0.0686 0.0005 0.0012 0.0568 0.0002 0.0724 0.0004 0.7994 0.0004 
        026s 14 0.0007 0.0008 0.0008 0.0049 0.0005 0.7341 0.0002 0.2558 0.0022 
        027s 14 0.0018 0.0029 0.0076 0.0284 0.0005 0.0027 0.0003 0.9553 0.0004 
        028s 14 0.0006 0.0007 0.0024 0.0235 0.0006 0.0393 0.0014 0.9294 0.0020 
        029s 14 0.0004 0.0010 0.0002 0.0084 0.0001 0.0890 0.0002 0.9000 0.0006 
        030s 14 0.0003 0.0006 0.0148 0.1276 0.0008 0.8226 0.0042 0.0285 0.0007 
        031s 14 0.0006 0.0022 0.0007 0.3355 0.0004 0.0367 0.0234 0.6000 0.0004 
        032s 14 0.0014 0.0023 0.0044 0.2782 0.0005 0.0019 0.0022 0.7084 0.0006 
        033s 14 0.0006 0.0006 0.0004 0.3411 0.0018 0.0034 0.0487 0.6026 0.0008 
        034s 14 0.0003 0.0006 0.0013 0.0025 0.0005 0.0217 0.0002 0.9723 0.0006 
        035s 14 0.0116 0.0009 0.1077 0.0863 0.0030 0.7181 0.0533 0.0187 0.0003 
        036s 14 0.0263 0.0075 0.0684 0.8314 0.0014 0.0091 0.0181 0.0358 0.0019 
        037s 14 0.0007 0.0016 0.0021 0.0202 0.0005 0.0087 0.0003 0.9652 0.0008 
        038s 14 0.0008 0.0006 0.0045 0.0126 0.0008 0.0059 0.0004 0.9739 0.0005 
        039s 14 0.0022 0.0033 0.0032 0.0123 0.0007 0.0056 0.0017 0.9682 0.0030 
        040s 14 0.0097 0.0012 0.0069 0.0171 0.0004 0.0095 0.0009 0.9541 0.0003 
        041s 14 0.0007 0.0009 0.0166 0.3848 0.0002 0.5223 0.0006 0.0732 0.0006 
        042s 14 0.0457 0.0016 0.0431 0.0129 0.0006 0.1327 0.0004 0.7623 0.0008 
        001s 15 0.0013 0.0009 0.0004 0.4655 0.0004 0.0058 0.0006 0.5241 0.0011 
        002s 15 0.0988 0.0052 0.0035 0.1677 0.0012 0.0077 0.0016 0.7077 0.0064 
        003s 15 0.0063 0.0046 0.0006 0.0030 0.0104 0.0021 0.0004 0.9714 0.0010 
        004s 15 0.0008 0.0002 0.0036 0.0031 0.0002 0.6282 0.0006 0.3554 0.0078 
        005s 15 0.0036 0.0037 0.0017 0.0044 0.0130 0.0157 0.0008 0.9562 0.0008 
        006s 15 0.0208 0.0014 0.0035 0.0090 0.0006 0.0244 0.0019 0.9380 0.0004 
        007s 15 0.0004 0.0004 0.0019 0.0278 0.0005 0.0436 0.0003 0.9240 0.0012 
        008s 15 0.0005 0.0006 0.0113 0.0088 0.0002 0.0264 0.0005 0.9512 0.0006 
        009s 15 0.0043 0.0372 0.0395 0.0030 0.0051 0.8162 0.0012 0.0929 0.0007 
        010s 15 0.0005 0.0024 0.0029 0.9157 0.0008 0.0512 0.0003 0.0257 0.0005 
        011s 15 0.0004 0.0008 0.0459 0.0009 0.0044 0.8352 0.0262 0.0860 0.0003 
        012s 15 0.0010 0.0021 0.0152 0.0019 0.0032 0.0134 0.0005 0.9616 0.0011 
        013s 15 0.0010 0.0017 0.0006 0.9411 0.0003 0.0121 0.0005 0.0358 0.0068 
        014s 15 0.0009 0.0047 0.0063 0.0029 0.0011 0.0106 0.0006 0.9696 0.0033 
        015s 15 0.0816 0.0033 0.0009 0.0013 0.0008 0.0192 0.0079 0.8841 0.0009 
        016s 15 0.0047 0.0005 0.0052 0.8429 0.0016 0.0216 0.0634 0.0252 0.0349 
        017s 15 0.0009 0.0018 0.0005 0.0053 0.0014 0.0117 0.0004 0.9681 0.0098 
        018s 15 0.0003 0.0006 0.0046 0.4899 0.0005 0.0284 0.0002 0.4730 0.0026 
        019s 15 0.0023 0.0050 0.0206 0.4847 0.0006 0.4760 0.0003 0.0100 0.0004 
        020s 15 0.0005 0.0006 0.0031 0.4949 0.0006 0.1719 0.0005 0.3274 0.0006 
        021s 15 0.0098 0.0042 0.0847 0.0212 0.0012 0.0387 0.0004 0.8380 0.0018 
        022s 15 0.0003 0.0007 0.0088 0.0532 0.0014 0.8133 0.0007 0.1208 0.0008 
        023s 15 0.0321 0.0008 0.0053 0.0044 0.0017 0.6822 0.0035 0.2695 0.0006 
        024s 15 0.0023 0.0006 0.0016 0.0036 0.0003 0.0924 0.0035 0.8951 0.0006 
