        001s  1 0.0002 0.4557 0.0008 0.5417 0.0004 0.0012 
        002s  1 0.0019 0.9740 0.0006 0.0220 0.0009 0.0005 
        003s  1 0.0009 0.9788 0.0023 0.0047 0.0013 0.0120 
        004s  1 0.0274 0.8009 0.0040 0.1641 0.0032 0.0003 
        005s  1 0.2090 0.4766 0.2210 0.0922 0.0010 0.0003 
        006s  1 0.0013 0.0234 0.0004 0.9740 0.0005 0.0004 
        007s  1 0.0004 0.0479 0.0024 0.9449 0.0037 0.0007 
        008s  1 0.0011 0.7772 0.0023 0.2175 0.0008 0.0011 
        009s  1 0.0032 0.3835 0.0578 0.5491 0.0046 0.0018 
        010s  1 0.0008 0.0227 0.0086 0.9669 0.0003 0.0007 
        011s  1 0.0020 0.0086 0.0011 0.9820 0.0024 0.0040 
        012s  1 0.0063 0.3131 0.1191 0.5562 0.0014 0.0040 
        013s  1 0.0271 0.0469 0.0016 0.9133 0.0102 0.0010 
        014s  1 0.0010 0.0563 0.0282 0.8872 0.0048 0.0224 
        015s  1 0.0004 0.0111 0.0006 0.9867 0.0004 0.0008 
        016s  1 0.0006 0.1799 0.0018 0.8078 0.0090 0.0009 
        018s  1 0.0020 0.0431 0.1495 0.8033 0.0010 0.0012 
        019s  1 0.0004 0.1209 0.0157 0.8570 0.0008 0.0051 
        020s  1 0.0002 0.1090 0.0008 0.8723 0.0084 0.0093 
        021s  1 0.0093 0.0607 0.0002 0.9232 0.0058 0.0007 
        022s  1 0.0002 0.9931 0.0002 0.0053 0.0007 0.0004 
        023s  1 0.0004 0.1784 0.0004 0.8108 0.0093 0.0007 
        024s  1 0.0011 0.0326 0.0013 0.9639 0.0006 0.0004 
        025s  1 0.0011 0.0060 0.0049 0.9866 0.0010 0.0004 
        026s  1 0.0008 0.0067 0.0008 0.9775 0.0090 0.0051 
        027s  1 0.0083 0.0190 0.0021 0.9677 0.0024 0.0006 
        028s  1 0.0525 0.0019 0.0563 0.8874 0.0008 0.0011 
        029s  1 0.0003 0.0459 0.0008 0.9457 0.0006 0.0067 
        030s  1 0.0033 0.0090 0.0010 0.9768 0.0007 0.0092 
        031s  1 0.0003 0.1375 0.0003 0.8600 0.0015 0.0004 
        032s  1 0.0005 0.0584 0.0004 0.9385 0.0011 0.0011 
        033s  1 0.0008 0.0090 0.0050 0.9832 0.0011 0.0009 
        034s  1 0.0008 0.6657 0.0006 0.2784 0.0523 0.0022 
        035s  1 0.0013 0.0073 0.0016 0.9868 0.0010 0.0019 
        036s  1 0.0008 0.6716 0.0849 0.2415 0.0011 0.0002 
        037s  1 0.0123 0.4383 0.1080 0.3958 0.0438 0.0018 
        038s  1 0.0004 0.0653 0.0018 0.9311 0.0009 0.0006 
        039s  1 0.0218 0.0246 0.0005 0.9520 0.0003 0.0008 
        040s  1 0.0033 0.1804 0.0009 0.8118 0.0031 0.0005 
        041s  1 0.0004 0.0092 0.0035 0.9836 0.0026 0.0008 
        042s  1 0.0007 0.1401 0.0779 0.7010 0.0790 0.0013 
        043s  1 0.0009 0.9749 0.0086 0.0142 0.0005 0.0009 
        044s  1 0.0171 0.3510 0.0899 0.5307 0.0069 0.0045 
        045s  1 0.0012 0.0043 0.0053 0.9875 0.0007 0.0010 
        046s  1 0.0004 0.1113 0.0013 0.8833 0.0008 0.0029 
        047s  1 0.0002 0.0311 0.0008 0.9611 0.0053 0.0015 
        048s  1 0.0003 0.8385 0.0568 0.1035 0.0005 0.0004 
        049s  1 0.0008 0.9932 0.0006 0.0044 0.0003 0.0007 
        050s  1 0.0023 0.1346 0.1017 0.7606 0.0004 0.0004 
        051s  1 0.0004 0.0446 0.0005 0.9278 0.0007 0.0260 
        052s  1 0.0083 0.0798 0.0073 0.8882 0.0019 0.0145 
        053s  1 0.0004 0.0989 0.0013 0.8986 0.0005 0.0003 
        054s  1 0.0034 0.0599 0.0003 0.9324 0.0011 0.0029 
        055s  1 0.0010 0.0374 0.0895 0.7953 0.0747 0.0021 
          01  2 0.0010 0.1995 0.1214 0.6537 0.0025 0.0220 
          02  2 0.0017 0.0810 0.0170 0.8980 0.0007 0.0016 
          03  2 0.0008 0.0214 0.0015 0.9748 0.0011 0.0003 
          04  2 0.0193 0.0326 0.0039 0.9311 0.0121 0.0009 
          05  2 0.0004 0.7918 0.1200 0.0870 0.0005 0.0003 
          06  2 0.0017 0.1179 0.0303 0.8486 0.0008 0.0006 
          07  2 0.0022 0.3180 0.0078 0.6703 0.0009 0.0008 
          08  2 0.0004 0.8550 0.0775 0.0657 0.0007 0.0006 
          09  2 0.0002 0.1231 0.0007 0.8667 0.0004 0.0090 
          10  2 0.0005 0.0418 0.0016 0.9550 0.0004 0.0007 
          11  2 0.0009 0.1104 0.0088 0.8692 0.0036 0.0070 
          12  2 0.0008 0.0192 0.0008 0.9770 0.0006 0.0016 
          13  2 0.0004 0.1439 0.0006 0.8539 0.0005 0.0007 
          14  2 0.0053 0.4286 0.0003 0.5289 0.0317 0.0053 
          15  2 0.0007 0.4140 0.0005 0.5816 0.0017 0.0015 
          16  2 0.0565 0.0093 0.0010 0.9244 0.0037 0.0051 
          17  2 0.0012 0.0617 0.0027 0.9326 0.0007 0.0012 
          18  2 0.0031 0.0395 0.0157 0.9387 0.0009 0.0020 
          19  2 0.0003 0.0320 0.0010 0.9599 0.0048 0.0019 
          20  2 0.0064 0.0922 0.0561 0.8382 0.0059 0.0012 
          21  2 0.0005 0.0290 0.0012 0.9536 0.0006 0.0152 
          22  2 0.0028 0.0049 0.0011 0.9801 0.0062 0.0049 
          23  2 0.0018 0.0889 0.0011 0.9054 0.0019 0.0009 
          24  2 0.0005 0.0079 0.0005 0.9895 0.0007 0.0009 
          25  2 0.0256 0.2854 0.0050 0.6816 0.0012 0.0012 
          26  2 0.0003 0.9976 0.0005 0.0008 0.0002 0.0006 
          27  2 0.0305 0.0759 0.0010 0.8884 0.0034 0.0009 
          28  2 0.0002 0.1345 0.0010 0.8593 0.0043 0.0008 
          29  2 0.0007 0.0801 0.0007 0.9175 0.0003 0.0007 
          30  2 0.0006 0.0264 0.1588 0.7227 0.0841 0.0074 
          01  3 0.2176 0.0059 0.4326 0.3331 0.0104 0.0004 
          02  3 0.4617 0.0020 0.3322 0.1266 0.0048 0.0727 
          03  3 0.3126 0.0022 0.3176 0.3661 0.0012 0.0003 
          04  3 0.3505 0.0056 0.4643 0.1783 0.0007 0.0006 
          05  3 0.4008 0.0004 0.3629 0.0004 0.1202 0.1153 
          06  3 0.4972 0.0189 0.4245 0.0585 0.0006 0.0003 
          07  3 0.2497 0.0012 0.3772 0.3710 0.0003 0.0006 
          08  3 0.3223 0.0016 0.3739 0.2958 0.0035 0.0028 
          09  3 0.2667 0.0015 0.4287 0.2973 0.0055 0.0002 
          10  3 0.4176 0.0151 0.2038 0.0111 0.1325 0.2200 
          11  3 0.3042 0.0017 0.4146 0.2789 0.0002 0.0005 
          12  3 0.3147 0.0132 0.4212 0.2500 0.0006 0.0004 
          13  3 0.5223 0.0019 0.4590 0.0021 0.0002 0.0145 
          14  3 0.4580 0.0049 0.3353 0.0030 0.1557 0.0431 
          15  3 0.2746 0.0097 0.3800 0.3342 0.0014 0.0002 
          16  3 0.6011 0.0076 0.3125 0.0693 0.0049 0.0046 
          17  3 0.1769 0.0025 0.4200 0.3994 0.0007 0.0005 
          18  3 0.3363 0.0045 0.2079 0.0051 0.2800 0.1661 
          19  3 0.4624 0.0023 0.3720 0.1598 0.0032 0.0004 
          20  3 0.3096 0.0013 0.4580 0.1798 0.0511 0.0003 
          21  3 0.3744 0.0064 0.3722 0.2424 0.0037 0.0009 
          22  3 0.2292 0.1661 0.4879 0.1123 0.0040 0.0005 
          23  3 0.3559 0.0011 0.4119 0.2298 0.0010 0.0003 
          24  3 0.2850 0.0265 0.4923 0.0265 0.0014 0.1683 
          25  3 0.3045 0.0005 0.3145 0.0004 0.1303 0.2499 
          26  3 0.3408 0.0025 0.4364 0.2191 0.0006 0.0006 
          27  3 0.3701 0.0207 0.2614 0.0398 0.1755 0.1324 
          28  3 0.4647 0.0734 0.4509 0.0097 0.0002 0.0011 
          29  3 0.4194 0.0090 0.3946 0.1667 0.0073 0.0030 
          30  3 0.2482 0.1255 0.4481 0.1765 0.0004 0.0012 
         001  4 0.0001 0.0001 0.9996 0.0001 0.0001 0.0001 
         002  4 0.0003 0.0002 0.9990 0.0002 0.0001 0.0002 
         003  4 0.0001 0.0001 0.9996 0.0001 0.0001 0.0001 
         004  4 0.0002 0.0001 0.9995 0.0001 0.0001 0.0001 
         005  4 0.0002 0.0001 0.9991 0.0001 0.0002 0.0004 
         006  4 0.0724 0.0003 0.9265 0.0003 0.0002 0.0002 
         007  4 0.0541 0.0034 0.9401 0.0014 0.0007 0.0002 
         008  4 0.0004 0.0011 0.9886 0.0007 0.0063 0.0029 
         009  4 0.0002 0.0001 0.9994 0.0001 0.0001 0.0001 
         010  4 0.0047 0.0001 0.9950 0.0001 0.0001 0.0001 
         011  4 0.0228 0.0018 0.9420 0.0007 0.0322 0.0005 
         012  4 0.0001 0.0001 0.9996 0.0001 0.0001 0.0001 
         013  4 0.0001 0.0001 0.9997 0.0001 0.0001 0.0000 
         014  4 0.0001 0.0001 0.9994 0.0001 0.0002 0.0001 
         015  4 0.0001 0.0000 0.9997 0.0001 0.0001 0.0001 
         016  4 0.0001 0.0001 0.9996 0.0001 0.0001 0.0001 
         017  4 0.0002 0.0002 0.9994 0.0001 0.0001 0.0001 
         019  4 0.0848 0.0002 0.9138 0.0003 0.0004 0.0005 
         020  4 0.0001 0.0002 0.9992 0.0001 0.0002 0.0002 
         021  4 0.0109 0.0003 0.9876 0.0004 0.0004 0.0004 
         001  5 0.0003 0.0006 0.9617 0.0006 0.0357 0.0011 
         002  5 0.0005 0.0367 0.9520 0.0066 0.0032 0.0010 
         003  5 0.0734 0.0005 0.7548 0.1663 0.0047 0.0003 
         004  5 0.0004 0.0321 0.9353 0.0282 0.0038 0.0003 
         005  5 0.0011 0.0003 0.9976 0.0003 0.0005 0.0002 
         006  5 0.1011 0.0003 0.8975 0.0003 0.0002 0.0005 
         007  5 0.0880 0.0003 0.9108 0.0002 0.0005 0.0002 
         008  5 0.0050 0.0002 0.9943 0.0002 0.0001 0.0002 
         009  5 0.0032 0.0188 0.9296 0.0469 0.0012 0.0003 
         010  5 0.0684 0.0020 0.9256 0.0020 0.0016 0.0004 
         011  5 0.0005 0.0008 0.9914 0.0016 0.0054 0.0002 
         012  5 0.0801 0.0288 0.8670 0.0220 0.0013 0.0007 
         013  5 0.0476 0.0017 0.7517 0.1975 0.0009 0.0005 
         014  5 0.0958 0.0531 0.7043 0.1135 0.0165 0.0169 
         015  5 0.0305 0.0002 0.9688 0.0002 0.0002 0.0002 
         016  5 0.0595 0.0010 0.9371 0.0013 0.0004 0.0008 
         017  5 0.0794 0.0079 0.8792 0.0294 0.0002 0.0039 
         018  5 0.0372 0.0076 0.8753 0.0268 0.0291 0.0239 
         019  5 0.0002 0.0004 0.9893 0.0002 0.0019 0.0081 
         020  5 0.0001 0.0001 0.9994 0.0001 0.0001 0.0001 
         021  5 0.0003 0.0287 0.8592 0.1078 0.0037 0.0004 
         022  5 0.0042 0.0045 0.9234 0.0174 0.0493 0.0011 
         023  5 0.0296 0.0012 0.9653 0.0009 0.0028 0.0002 
         024  5 0.0684 0.0131 0.8933 0.0236 0.0011 0.0006 
         025  5 0.0701 0.0071 0.8879 0.0332 0.0007 0.0009 
         026  5 0.0127 0.0162 0.8404 0.1300 0.0003 0.0005 
         027  5 0.0002 0.0002 0.9992 0.0002 0.0001 0.0001 
         028  5 0.0486 0.0045 0.9239 0.0124 0.0095 0.0011 
         029  5 0.0023 0.0004 0.9962 0.0006 0.0002 0.0003 
         030  5 0.0011 0.0008 0.9887 0.0010 0.0028 0.0056 
        001s  6 0.0251 0.2139 0.0006 0.7372 0.0226 0.0005 
        002s  6 0.0004 0.0418 0.0426 0.8953 0.0008 0.0191 
        003s  6 0.0006 0.2863 0.0145 0.6955 0.0028 0.0004 
        004s  6 0.0003 0.1433 0.0004 0.8549 0.0007 0.0004 
        006s  6 0.0194 0.0233 0.0590 0.8851 0.0118 0.0015 
        007s  6 0.0020 0.0072 0.0004 0.9892 0.0004 0.0009 
        008s  6 0.0007 0.1074 0.0034 0.8795 0.0059 0.0031 
        009s  6 0.0005 0.0161 0.0003 0.9812 0.0009 0.0010 
        010s  6 0.0059 0.0588 0.0128 0.8994 0.0122 0.0110 
        011s  6 0.0021 0.0636 0.0006 0.9318 0.0016 0.0003 
        012s  6 0.0044 0.0362 0.0004 0.9554 0.0014 0.0022 
        013s  6 0.0005 0.1023 0.0011 0.8951 0.0004 0.0005 
        014s  6 0.0003 0.5856 0.0796 0.3339 0.0004 0.0002 
        015s  6 0.0066 0.0079 0.0098 0.9692 0.0057 0.0008 
        016s  6 0.0008 0.2948 0.0005 0.7021 0.0013 0.0005 
        018s  6 0.0011 0.0574 0.2662 0.6730 0.0019 0.0004 
        019s  6 0.0016 0.0382 0.0077 0.9492 0.0026 0.0008 
        020s  6 0.0006 0.0164 0.0003 0.9811 0.0004 0.0011 
        021s  6 0.0159 0.1185 0.0015 0.8596 0.0033 0.0012 
        022s  6 0.0002 0.1131 0.0011 0.8806 0.0045 0.0005 
        023s  6 0.0003 0.6465 0.0208 0.3311 0.0010 0.0002 
        024s  6 0.0023 0.1491 0.0306 0.8153 0.0008 0.0020 
        025s  6 0.0008 0.1431 0.0018 0.7832 0.0704 0.0006 
        026s  6 0.0006 0.1457 0.0004 0.8515 0.0005 0.0013 
        027s  6 0.0004 0.0688 0.0008 0.9280 0.0004 0.0017 
        028s  6 0.0082 0.0033 0.0115 0.9238 0.0065 0.0467 
        029s  6 0.0003 0.0053 0.0004 0.9911 0.0013 0.0015 
        030s  6 0.0007 0.0258 0.0714 0.8932 0.0075 0.0015 
        031s  6 0.0031 0.8681 0.0016 0.1263 0.0003 0.0006 
        032s  6 0.0016 0.1113 0.0085 0.8775 0.0006 0.0005 
        033s  6 0.0003 0.0034 0.0929 0.9026 0.0004 0.0004 
        034s  6 0.0018 0.0127 0.0015 0.9688 0.0148 0.0004 
        035s  6 0.0003 0.8695 0.1276 0.0010 0.0009 0.0006 
        036s  6 0.0053 0.0047 0.0007 0.9879 0.0010 0.0003 
        037s  6 0.0009 0.0412 0.0010 0.9534 0.0014 0.0022 
        038s  6 0.0014 0.2058 0.0003 0.7903 0.0007 0.0016 
        039s  6 0.0006 0.0060 0.0003 0.9916 0.0008 0.0007 
        040s  6 0.0027 0.2798 0.0003 0.7164 0.0004 0.0004 
        041s  6 0.0002 0.8173 0.0263 0.1491 0.0032 0.0039 
        042s  6 0.0006 0.0653 0.0068 0.8688 0.0553 0.0031 
        043s  6 0.0008 0.0114 0.0007 0.9800 0.0070 0.0002 
        044s  6 0.0004 0.3249 0.0005 0.6711 0.0008 0.0024 
        045s  6 0.0003 0.0928 0.0048 0.8994 0.0022 0.0006 
        001s  7 0.0005 0.9752 0.0009 0.0218 0.0012 0.0003 
        002s  7 0.0013 0.6344 0.0130 0.3497 0.0007 0.0009 
        003s  7 0.0013 0.9902 0.0011 0.0053 0.0007 0.0013 
        004s  7 0.0028 0.0227 0.0009 0.9717 0.0006 0.0012 
        005s  7 0.0023 0.1049 0.0127 0.8778 0.0018 0.0005 
        006s  7 0.0011 0.0066 0.0584 0.9282 0.0054 0.0003 
        007s  7 0.0070 0.1093 0.0061 0.8595 0.0018 0.0163 
        008s  7 0.0002 0.9826 0.0104 0.0037 0.0011 0.0020 
        009s  7 0.0016 0.1981 0.0024 0.7871 0.0100 0.0008 
        010s  7 0.0002 0.9948 0.0008 0.0023 0.0010 0.0010 
        011s  7 0.0004 0.0134 0.0006 0.9836 0.0007 0.0012 
        012s  7 0.0005 0.0875 0.0005 0.9108 0.0005 0.0003 
        013s  7 0.0069 0.1155 0.0004 0.8713 0.0053 0.0006 
        014s  7 0.0008 0.7632 0.0245 0.2105 0.0003 0.0007 
        015s  7 0.0010 0.0242 0.0163 0.9559 0.0013 0.0012 
        016s  7 0.0001 0.9087 0.0890 0.0005 0.0013 0.0003 
        017s  7 0.0007 0.0225 0.0011 0.9747 0.0006 0.0004 
        018s  7 0.0005 0.0041 0.0026 0.9890 0.0005 0.0033 
        019s  7 0.0013 0.1036 0.0015 0.8782 0.0122 0.0031 
        020s  7 0.0013 0.1102 0.0006 0.8871 0.0004 0.0003 
        021s  7 0.0005 0.0058 0.0015 0.9903 0.0009 0.0010 
        022s  7 0.0031 0.0524 0.0018 0.9416 0.0008 0.0003 
        023s  7 0.0009 0.0415 0.0066 0.9299 0.0195 0.0016 
        024s  7 0.0006 0.0424 0.0012 0.9530 0.0009 0.0020 
        025s  7 0.0053 0.0916 0.0007 0.9007 0.0006 0.0011 
        026s  7 0.0003 0.9938 0.0012 0.0029 0.0008 0.0010 
        027s  7 0.0009 0.7023 0.0009 0.2935 0.0004 0.0020 
        028s  7 0.0010 0.0112 0.0058 0.9813 0.0005 0.0003 
        029s  7 0.0006 0.0467 0.0107 0.9391 0.0019 0.0009 
        030s  7 0.0011 0.1749 0.0003 0.8134 0.0038 0.0065 
        031s  7 0.0009 0.0633 0.0016 0.9205 0.0134 0.0003 
        032s  7 0.0005 0.1017 0.1006 0.7917 0.0003 0.0051 
        033s  7 0.0008 0.0121 0.0352 0.9482 0.0016 0.0022 
        034s  7 0.0399 0.0268 0.0016 0.9288 0.0010 0.0019 
        035s  7 0.0003 0.0122 0.0003 0.9858 0.0009 0.0005 
        036s  7 0.0028 0.1385 0.0005 0.8486 0.0088 0.0008 
        037s  7 0.0083 0.0031 0.0638 0.9204 0.0037 0.0006 
        038s  7 0.0004 0.0336 0.0115 0.9524 0.0014 0.0007 
        039s  7 0.0002 0.2762 0.0002 0.7227 0.0003 0.0003 
        040s  7 0.0178 0.9746 0.0053 0.0017 0.0003 0.0003 
        041s  7 0.0005 0.2150 0.0312 0.7486 0.0020 0.0028 
        042s  7 0.0005 0.9903 0.0025 0.0061 0.0004 0.0002 
        043s  7 0.0002 0.0963 0.0010 0.8986 0.0034 0.0005 
        044s  7 0.0167 0.0128 0.0510 0.8905 0.0278 0.0013 
         003  8 0.0014 0.0044 0.0035 0.9774 0.0007 0.0125 
         009  8 0.0007 0.1054 0.0015 0.8905 0.0016 0.0004 
         010  8 0.0003 0.0296 0.0004 0.9663 0.0029 0.0005 
         017  8 0.0008 0.0047 0.0005 0.9892 0.0036 0.0012 
         002  9 0.0006 0.0719 0.0003 0.9253 0.0012 0.0007 
         003  9 0.0004 0.0527 0.0002 0.9461 0.0003 0.0004 
         004  9 0.0002 0.0926 0.0003 0.9055 0.0009 0.0005 
         005  9 0.0010 0.0185 0.0003 0.9746 0.0046 0.0009 
         006  9 0.0008 0.1026 0.0009 0.8933 0.0018 0.0005 
         007  9 0.0002 0.0407 0.0027 0.9542 0.0011 0.0011 
         009  9 0.0002 0.1009 0.0014 0.8934 0.0025 0.0015 
         010  9 0.0004 0.0278 0.0003 0.9686 0.0018 0.0012 
         013  9 0.0007 0.0942 0.0009 0.9021 0.0018 0.0004 
         014  9 0.0003 0.1418 0.0004 0.8517 0.0014 0.0044 
         016  9 0.0002 0.0495 0.0002 0.9485 0.0006 0.0010 
         018  9 0.0007 0.1129 0.0007 0.8795 0.0010 0.0052 
         019  9 0.0008 0.0091 0.0008 0.9833 0.0005 0.0056 
         020  9 0.0002 0.0195 0.0003 0.9791 0.0004 0.0005 
         021  9 0.0002 0.0549 0.0004 0.9434 0.0008 0.0003 
         022  9 0.0004 0.0853 0.0003 0.9124 0.0005 0.0011 
         024  9 0.0004 0.0143 0.0005 0.9790 0.0034 0.0024 
         028  9 0.0009 0.0598 0.0006 0.9369 0.0013 0.0006 
         029  9 0.0002 0.0285 0.0003 0.9691 0.0004 0.0014 
         030  9 0.0003 0.0360 0.0003 0.9617 0.0010 0.0007 
         031  9 0.0003 0.1159 0.0018 0.8808 0.0005 0.0007 
         033  9 0.0004 0.0709 0.0065 0.9206 0.0009 0.0006 
         001 10 0.0004 0.0395 0.0003 0.9584 0.0003 0.0011 
         002 10 0.0002 0.0057 0.0004 0.9917 0.0006 0.0014 
         003 10 0.0005 0.0194 0.0003 0.9671 0.0123 0.0005 
         004 10 0.0004 0.2326 0.0003 0.7633 0.0028 0.0006 
         005 10 0.0004 0.0125 0.0004 0.9841 0.0008 0.0019 
         006 10 0.0005 0.0071 0.0013 0.9898 0.0007 0.0005 
         007 10 0.0004 0.0583 0.0007 0.9382 0.0021 0.0003 
         008 10 0.0007 0.0362 0.0007 0.9579 0.0038 0.0008 
         009 10 0.0011 0.0661 0.0006 0.9268 0.0005 0.0050 
         010 10 0.0004 0.0717 0.0006 0.9241 0.0008 0.0024 
         011 10 0.0011 0.0364 0.0005 0.9247 0.0370 0.0003 
         012 10 0.0009 0.0631 0.0006 0.9313 0.0037 0.0005 
         013 10 0.0020 0.0341 0.0004 0.9619 0.0007 0.0008 
         014 10 0.0007 0.3078 0.0004 0.6897 0.0008 0.0006 
         016 10 0.0009 0.0109 0.0005 0.9855 0.0008 0.0013 
         017 10 0.0007 0.0986 0.0006 0.8985 0.0006 0.0011 
         018 10 0.0005 0.0184 0.0047 0.9735 0.0007 0.0022 
         019 10 0.0003 0.0246 0.0003 0.9690 0.0009 0.0049 
         020 10 0.0007 0.0726 0.0009 0.9163 0.0017 0.0078 
         021 10 0.0002 0.0400 0.0009 0.9563 0.0003 0.0022 
         022 10 0.0004 0.1690 0.0004 0.8292 0.0008 0.0002 
         023 10 0.0006 0.0249 0.0003 0.9729 0.0010 0.0004 
         024 10 0.0001 0.0127 0.0004 0.9836 0.0017 0.0016 
         026 10 0.0003 0.0600 0.0004 0.9382 0.0005 0.0007 
        001s 11 0.0007 0.5520 0.0798 0.3506 0.0162 0.0008 
        002s 11 0.0069 0.1156 0.0005 0.8720 0.0015 0.0036 
        003s 11 0.0005 0.0175 0.0051 0.9751 0.0006 0.0012 
        004s 11 0.0012 0.0268 0.0003 0.9695 0.0019 0.0003 
        005s 11 0.0004 0.0467 0.0016 0.9453 0.0004 0.0056 
        006s 11 0.0080 0.0518 0.0012 0.9358 0.0020 0.0012 
        007s 11 0.0384 0.1190 0.0124 0.8277 0.0009 0.0016 
        008s 11 0.0005 0.0292 0.0006 0.9686 0.0004 0.0008 
        009s 11 0.0002 0.0283 0.0003 0.9572 0.0006 0.0134 
        010s 11 0.0004 0.2870 0.0013 0.7101 0.0007 0.0005 
        011s 11 0.0032 0.8831 0.0980 0.0048 0.0108 0.0002 
        012s 11 0.0004 0.0089 0.1104 0.8792 0.0005 0.0006 
        013s 11 0.0007 0.4053 0.0006 0.5925 0.0007 0.0003 
        014s 11 0.0048 0.9345 0.0028 0.0558 0.0008 0.0013 
        015s 11 0.0017 0.0513 0.0025 0.9398 0.0034 0.0014 
        016s 11 0.0006 0.4894 0.0289 0.4128 0.0595 0.0089 
        017s 11 0.0008 0.0091 0.0916 0.8972 0.0009 0.0004 
        018s 11 0.0012 0.9778 0.0032 0.0155 0.0009 0.0015 
        019s 11 0.0008 0.0051 0.0007 0.9723 0.0209 0.0002 
        020s 11 0.0013 0.8539 0.0012 0.1393 0.0016 0.0027 
        021s 11 0.0005 0.0751 0.0006 0.9223 0.0010 0.0005 
        022s 11 0.0325 0.0120 0.0015 0.9528 0.0005 0.0007 
        023s 11 0.0002 0.9317 0.0319 0.0122 0.0234 0.0005 
        025s 11 0.0004 0.0061 0.0004 0.9918 0.0011 0.0002 
        026s 11 0.0004 0.1234 0.0243 0.7988 0.0523 0.0008 
        027s 11 0.0020 0.0048 0.0007 0.9917 0.0005 0.0004 
        028s 11 0.0007 0.0081 0.0063 0.9834 0.0011 0.0003 
        029s 11 0.0004 0.0040 0.0517 0.9428 0.0003 0.0009 
        030s 11 0.0010 0.0022 0.0437 0.9510 0.0012 0.0009 
        031s 11 0.0008 0.0185 0.0003 0.9791 0.0003 0.0009 
        032s 11 0.0002 0.1795 0.0008 0.8166 0.0023 0.0005 
        033s 11 0.0006 0.2862 0.0034 0.7072 0.0009 0.0017 
        034s 11 0.0012 0.9733 0.0007 0.0240 0.0004 0.0004 
        035s 11 0.0013 0.7225 0.0016 0.2728 0.0004 0.0014 
        036s 11 0.0015 0.0114 0.0114 0.9741 0.0005 0.0011 
        037s 11 0.0004 0.9895 0.0012 0.0071 0.0011 0.0009 
        038s 11 0.0005 0.4648 0.0024 0.5308 0.0009 0.0006 
        039s 11 0.0003 0.0349 0.0020 0.9615 0.0007 0.0006 
        040s 11 0.0025 0.0015 0.0716 0.9231 0.0007 0.0005 
        041s 11 0.0012 0.0123 0.0009 0.9612 0.0023 0.0221 
        042s 11 0.0007 0.6707 0.0006 0.3178 0.0092 0.0010 
        043s 11 0.0004 0.0767 0.0371 0.8635 0.0218 0.0004 
        044s 11 0.0053 0.0516 0.0004 0.9373 0.0049 0.0006 
        045s 11 0.0021 0.0320 0.0004 0.9534 0.0118 0.0004 
        046s 11 0.0010 0.8791 0.0124 0.0767 0.0301 0.0007 
        047s 11 0.0013 0.0031 0.0006 0.9933 0.0012 0.0004 
        048s 11 0.0022 0.1145 0.0054 0.8426 0.0336 0.0017 
        049s 11 0.0003 0.0121 0.0009 0.9845 0.0013 0.0009 
        050s 11 0.0012 0.0076 0.0004 0.9894 0.0011 0.0003 
        051s 11 0.0170 0.0771 0.0005 0.8519 0.0531 0.0005 
        052s 11 0.0029 0.9681 0.0015 0.0243 0.0024 0.0009 
        053s 11 0.0004 0.0482 0.0004 0.9487 0.0007 0.0015 
        054s 11 0.0065 0.0120 0.0007 0.9797 0.0007 0.0004 
        055s 11 0.0009 0.9253 0.0553 0.0177 0.0003 0.0004 
        001s 12 0.0055 0.0984 0.0014 0.8924 0.0012 0.0011 
        002s 12 0.0003 0.0052 0.0009 0.9902 0.0009 0.0025 
        003s 12 0.0004 0.0291 0.0004 0.9690 0.0004 0.0006 
        004s 12 0.0005 0.1108 0.0506 0.8276 0.0090 0.0016 
        005s 12 0.0005 0.7455 0.0004 0.2517 0.0009 0.0011 
        006s 12 0.0027 0.0464 0.0338 0.9152 0.0013 0.0005 
        007s 12 0.0010 0.0028 0.0010 0.9909 0.0015 0.0028 
        008s 12 0.0014 0.0055 0.0096 0.9823 0.0007 0.0004 
        009s 12 0.0009 0.0282 0.0266 0.9172 0.0064 0.0207 
        010s 12 0.0300 0.0851 0.0091 0.8742 0.0005 0.0011 
        011s 12 0.0020 0.1357 0.0014 0.8592 0.0007 0.0011 
        012s 12 0.0061 0.0090 0.0011 0.9802 0.0031 0.0005 
        013s 12 0.0003 0.0057 0.0008 0.9547 0.0378 0.0006 
        014s 12 0.0367 0.6360 0.0020 0.2735 0.0474 0.0044 
        015s 12 0.0006 0.0042 0.0043 0.9887 0.0008 0.0014 
        016s 12 0.0007 0.0715 0.0005 0.9227 0.0041 0.0005 
        017s 12 0.0009 0.0736 0.0033 0.9205 0.0014 0.0003 
        018s 12 0.0003 0.0098 0.0023 0.9839 0.0013 0.0024 
        019s 12 0.0004 0.0418 0.0053 0.9496 0.0005 0.0024 
        020s 12 0.0004 0.0065 0.0823 0.9099 0.0006 0.0003 
        021s 12 0.0005 0.0201 0.0027 0.9744 0.0018 0.0005 
        022s 12 0.0008 0.0685 0.0478 0.8777 0.0024 0.0028 
        023s 12 0.0004 0.1218 0.0004 0.8753 0.0011 0.0010 
        024s 12 0.0003 0.4303 0.0007 0.5677 0.0005 0.0004 
        025s 12 0.0027 0.0483 0.0033 0.9402 0.0009 0.0046 
        026s 12 0.0005 0.1724 0.0285 0.7827 0.0009 0.0150 
        027s 12 0.0007 0.0861 0.0029 0.9095 0.0005 0.0004 
        028s 12 0.0003 0.9808 0.0008 0.0037 0.0028 0.0116 
        029s 12 0.0006 0.4294 0.0005 0.5686 0.0007 0.0003 
        030s 12 0.0016 0.0205 0.0007 0.9762 0.0005 0.0005 
        031s 12 0.0009 0.0049 0.0047 0.9859 0.0027 0.0008 
        032s 12 0.0004 0.9622 0.0004 0.0263 0.0011 0.0096 
        033s 12 0.0063 0.0197 0.0011 0.9721 0.0003 0.0005 
        034s 12 0.0004 0.9847 0.0004 0.0136 0.0003 0.0005 
        035s 12 0.0009 0.1893 0.0177 0.7908 0.0005 0.0008 
        036s 12 0.0073 0.0221 0.0031 0.9637 0.0009 0.0030 
        037s 12 0.0003 0.0055 0.0009 0.9913 0.0008 0.0012 
        001s 13 0.0004 0.1156 0.0088 0.8714 0.0026 0.0012 
        002s 13 0.0006 0.8969 0.0790 0.0227 0.0005 0.0004 
        003s 13 0.0002 0.0053 0.0009 0.9917 0.0009 0.0009 
        004s 13 0.0004 0.0708 0.0007 0.9135 0.0028 0.0117 
        005s 13 0.0046 0.0302 0.0027 0.9578 0.0021 0.0026 
        006s 13 0.0011 0.0140 0.0007 0.9823 0.0007 0.0012 
        007s 13 0.0304 0.0204 0.0007 0.9469 0.0012 0.0005 
        008s 13 0.0013 0.0025 0.0582 0.9363 0.0008 0.0010 
        009s 13 0.0014 0.0492 0.1297 0.8087 0.0010 0.0100 
        010s 13 0.0008 0.0027 0.0684 0.9264 0.0006 0.0010 
        011s 13 0.0245 0.2898 0.0054 0.6696 0.0029 0.0079 
        012s 13 0.0024 0.0063 0.0546 0.9199 0.0136 0.0031 
        013s 13 0.0153 0.8437 0.0112 0.1216 0.0075 0.0008 
        014s 13 0.0341 0.0034 0.0006 0.9570 0.0041 0.0008 
        015s 13 0.0006 0.0888 0.0055 0.8867 0.0085 0.0101 
        016s 13 0.0006 0.0474 0.0003 0.9502 0.0011 0.0005 
        017s 13 0.0099 0.0997 0.0149 0.8710 0.0005 0.0039 
        018s 13 0.0004 0.0477 0.0005 0.9499 0.0008 0.0007 
        019s 13 0.0016 0.0536 0.0006 0.9429 0.0009 0.0005 
        020s 13 0.0027 0.9880 0.0009 0.0063 0.0003 0.0017 
        021s 13 0.0003 0.0279 0.0007 0.9691 0.0014 0.0006 
        022s 13 0.0006 0.0096 0.0014 0.9872 0.0009 0.0003 
        023s 13 0.0003 0.0958 0.0010 0.9019 0.0004 0.0006 
        024s 13 0.0042 0.0248 0.0268 0.9062 0.0372 0.0008 
        025s 13 0.0006 0.0687 0.0009 0.9271 0.0018 0.0009 
        026s 13 0.0052 0.0052 0.0909 0.8944 0.0041 0.0003 
        027s 13 0.0020 0.0060 0.0462 0.9418 0.0016 0.0025 
        028s 13 0.0102 0.5754 0.0079 0.3938 0.0022 0.0106 
        029s 13 0.0014 0.9241 0.0141 0.0586 0.0011 0.0007 
        030s 13 0.0003 0.6833 0.0643 0.2312 0.0206 0.0004 
        031s 13 0.0019 0.0089 0.0032 0.8854 0.0999 0.0007 
        032s 13 0.0025 0.1012 0.0006 0.8948 0.0004 0.0004 
        033s 13 0.0309 0.0432 0.0042 0.9200 0.0011 0.0006 
        034s 13 0.0053 0.9629 0.0241 0.0044 0.0014 0.0020 
        035s 13 0.0007 0.3287 0.0006 0.6638 0.0042 0.0020 
        036s 13 0.0005 0.2292 0.0021 0.7673 0.0005 0.0005 
        037s 13 0.0005 0.0085 0.0004 0.9885 0.0015 0.0006 
        038s 13 0.0017 0.6647 0.0008 0.3306 0.0010 0.0012 
        039s 13 0.0008 0.2494 0.1012 0.5738 0.0741 0.0008 
        040s 13 0.0007 0.0067 0.0015 0.9893 0.0013 0.0005 
        041s 13 0.0037 0.0055 0.0562 0.9329 0.0012 0.0005 
        042s 13 0.0008 0.9915 0.0003 0.0060 0.0006 0.0008 
        001s 14 0.0011 0.9051 0.0163 0.0741 0.0014 0.0020 
        002s 14 0.0020 0.0036 0.0675 0.9221 0.0008 0.0040 
        003s 14 0.0003 0.9949 0.0005 0.0032 0.0006 0.0004 
        004s 14 0.0064 0.0940 0.0067 0.8873 0.0049 0.0007 
        005s 14 0.0002 0.3642 0.0003 0.6339 0.0008 0.0006 
        006s 14 0.0004 0.0696 0.0006 0.9288 0.0004 0.0003 
        007s 14 0.0009 0.0978 0.0009 0.8987 0.0013 0.0004 
        008s 14 0.0019 0.8927 0.0866 0.0032 0.0024 0.0131 
        009s 14 0.0006 0.1495 0.0019 0.8422 0.0007 0.0051 
        010s 14 0.0003 0.5371 0.0433 0.3990 0.0012 0.0190 
        011s 14 0.0326 0.4370 0.0047 0.5243 0.0008 0.0006 
        012s 14 0.0015 0.9831 0.0006 0.0114 0.0017 0.0017 
        013s 14 0.0033 0.0758 0.0013 0.9140 0.0050 0.0006 
        014s 14 0.0005 0.0184 0.0386 0.9367 0.0007 0.0050 
        015s 14 0.0005 0.0140 0.0008 0.9744 0.0028 0.0076 
        016s 14 0.0003 0.0022 0.0014 0.9844 0.0111 0.0007 
        017s 14 0.0127 0.0036 0.0517 0.9306 0.0007 0.0007 
        018s 14 0.0005 0.0248 0.0008 0.9712 0.0014 0.0013 
        019s 14 0.0017 0.0580 0.0016 0.9375 0.0007 0.0005 
        020s 14 0.0003 0.9396 0.0008 0.0511 0.0012 0.0070 
        021s 14 0.0003 0.0254 0.0062 0.9598 0.0007 0.0075 
        022s 14 0.0022 0.0199 0.0040 0.9706 0.0013 0.0019 
        023s 14 0.0008 0.1081 0.0039 0.8816 0.0031 0.0025 
        024s 14 0.0017 0.4968 0.0502 0.4481 0.0015 0.0018 
        025s 14 0.0003 0.3116 0.0611 0.6260 0.0004 0.0005 
        026s 14 0.0002 0.0668 0.0005 0.9298 0.0009 0.0017 
        027s 14 0.0006 0.1038 0.0021 0.8892 0.0036 0.0007 
        028s 14 0.0019 0.0279 0.0005 0.9666 0.0007 0.0024 
        029s 14 0.0002 0.0301 0.0004 0.9678 0.0009 0.0006 
        030s 14 0.0101 0.0637 0.0007 0.9246 0.0004 0.0005 
        031s 14 0.0164 0.3765 0.0007 0.6048 0.0011 0.0006 
        032s 14 0.0009 0.3711 0.0005 0.6254 0.0017 0.0004 
        033s 14 0.0506 0.4292 0.0005 0.5181 0.0004 0.0013 
        034s 14 0.0003 0.0091 0.0003 0.9891 0.0005 0.0008 
        035s 14 0.0810 0.0394 0.0812 0.7975 0.0005 0.0004 
        036s 14 0.0414 0.8845 0.0620 0.0053 0.0051 0.0017 
        037s 14 0.0003 0.0480 0.0013 0.9466 0.0028 0.0010 
        038s 14 0.0009 0.0625 0.0006 0.9350 0.0005 0.0006 
        039s 14 0.0015 0.0334 0.0026 0.9538 0.0051 0.0036 
        040s 14 0.0006 0.0339 0.0125 0.9518 0.0010 0.0003 
        041s 14 0.0013 0.2919 0.0006 0.7049 0.0007 0.0006 
        042s 14 0.0004 0.0477 0.0755 0.8740 0.0013 0.0011 
        001s 15 0.0004 0.6524 0.0007 0.3440 0.0016 0.0010 
        002s 15 0.0047 0.2374 0.0917 0.6493 0.0105 0.0064 
        003s 15 0.0006 0.0186 0.0079 0.9662 0.0056 0.0010 
        004s 15 0.0006 0.0046 0.0006 0.9869 0.0003 0.0071 
        005s 15 0.0018 0.0276 0.0125 0.9518 0.0049 0.0014 
        006s 15 0.0012 0.0089 0.0176 0.9708 0.0009 0.0006 
        007s 15 0.0005 0.0555 0.0005 0.9421 0.0004 0.0010 
        008s 15 0.0004 0.0297 0.0005 0.9684 0.0005 0.0005 
        009s 15 0.0036 0.0029 0.0219 0.9335 0.0375 0.0006 
        010s 15 0.0003 0.9861 0.0006 0.0108 0.0019 0.0003 
        011s 15 0.0613 0.0013 0.0009 0.9344 0.0018 0.0004 
        012s 15 0.0014 0.0050 0.0025 0.9880 0.0017 0.0014 
        013s 15 0.0003 0.9853 0.0006 0.0078 0.0010 0.0050 
        014s 15 0.0009 0.0464 0.0014 0.9425 0.0052 0.0036 
        015s 15 0.0043 0.0017 0.0772 0.9111 0.0045 0.0012 
        016s 15 0.0641 0.8938 0.0025 0.0055 0.0004 0.0336 
        017s 15 0.0005 0.1318 0.0015 0.8508 0.0022 0.0132 
        018s 15 0.0002 0.6923 0.0017 0.3041 0.0005 0.0012 
        019s 15 0.0003 0.5717 0.0041 0.4168 0.0065 0.0006 
        020s 15 0.0005 0.6781 0.0006 0.3198 0.0006 0.0004 
        021s 15 0.0006 0.0447 0.0798 0.8703 0.0022 0.0024 
        022s 15 0.0020 0.0238 0.0008 0.9721 0.0007 0.0006 
        023s 15 0.0028 0.0031 0.0303 0.9626 0.0008 0.0005 
        024s 15 0.0011 0.0694 0.0013 0.9272 0.0007 0.0003 
        025s 15 0.0012 0.0959 0.0047 0.8680 0.0290 0.0013 
        026s 15 0.0008 0.0674 0.0008 0.9045 0.0227 0.0038 
        027s 15 0.0059 0.1146 0.0036 0.8638 0.0008 0.0113 
        028s 15 0.0014 0.0622 0.0004 0.9324 0.0013 0.0022 
        029s 15 0.0009 0.0332 0.0007 0.9629 0.0011 0.0012 
        030s 15 0.0003 0.0363 0.0004 0.9604 0.0006 0.0020 
        031s 15 0.0013 0.2512 0.0628 0.6776 0.0062 0.0009 
        032s 15 0.0002 0.0445 0.0004 0.9529 0.0013 0.0007 
        033s 15 0.0014 0.9474 0.0382 0.0120 0.0003 0.0008 
        035s 15 0.0022 0.0047 0.0018 0.9888 0.0006 0.0019 
        036s 15 0.0008 0.5046 0.0010 0.4890 0.0044 0.0002 
        037s 15 0.0079 0.0297 0.0008 0.9599 0.0010 0.0007 
        038s 15 0.0008 0.0073 0.0033 0.9877 0.0003 0.0006 
        039s 15 0.0003 0.2254 0.0769 0.6965 0.0002 0.0006 
        040s 15 0.0020 0.0136 0.0031 0.9782 0.0007 0.0023 
        041s 15 0.0038 0.1304 0.0701 0.7938 0.0014 0.0005 
        042s 15 0.0004 0.0991 0.0059 0.8911 0.0006 0.0029 
        043s 15 0.0013 0.6431 0.0066 0.3474 0.0014 0.0003 
        044s 15 0.0006 0.0086 0.0066 0.9823 0.0008 0.0011 
        045s 15 0.0348 0.0613 0.0021 0.8229 0.0769 0.0021 
        046s 15 0.0052 0.0167 0.0184 0.9585 0.0008 0.0004 
        047s 15 0.0020 0.0134 0.0282 0.9556 0.0005 0.0003 
        048s 15 0.0005 0.4774 0.0005 0.5050 0.0154 0.0013 
        049s 15 0.0015 0.0352 0.0148 0.9475 0.0007 0.0004 
        050s 15 0.0005 0.0057 0.1336 0.8479 0.0012 0.0111 
         001 16 0.0139 0.8154 0.1626 0.0039 0.0007 0.0036 
         002 16 0.0006 0.0065 0.0433 0.9487 0.0006 0.0003 
         003 16 0.0052 0.0059 0.0038 0.9799 0.0016 0.0036 
         004 16 0.0010 0.0156 0.0009 0.9809 0.0012 0.0005 
         005 16 0.0038 0.0132 0.0504 0.9040 0.0270 0.0017 
         006 16 0.0014 0.0040 0.0137 0.9692 0.0108 0.0008 
         007 16 0.0007 0.0213 0.0050 0.9709 0.0012 0.0009 
         008 16 0.0034 0.0981 0.1415 0.7545 0.0006 0.0019 
         009 16 0.0003 0.7473 0.0019 0.2490 0.0006 0.0010 
         010 16 0.0006 0.1803 0.0248 0.7924 0.0013 0.0005 
         011 16 0.0010 0.9723 0.0050 0.0192 0.0019 0.0006 
         012 16 0.0022 0.0650 0.0007 0.9302 0.0008 0.0011 
         013 16 0.0008 0.0151 0.0006 0.9823 0.0005 0.0006 
         014 16 0.0010 0.0972 0.0353 0.8653 0.0003 0.0010 
         015 16 0.0035 0.0130 0.0002 0.6131 0.3687 0.0015 
         016 16 0.0002 0.0184 0.0017 0.9643 0.0105 0.0049 
         017 16 0.0055 0.8147 0.0034 0.1745 0.0008 0.0011 
         018 16 0.0022 0.0015 0.0335 0.9337 0.0244 0.0047 
         019 16 0.0035 0.9414 0.0483 0.0054 0.0007 0.0008 
         020 16 0.0007 0.0170 0.0003 0.9806 0.0007 0.0008 
         021 16 0.0313 0.0245 0.0965 0.8413 0.0006 0.0058 
         022 16 0.0003 0.0013 0.0306 0.9654 0.0017 0.0007 
         023 16 0.0006 0.9690 0.0130 0.0083 0.0086 0.0006 
         024 16 0.0005 0.6816 0.0050 0.2875 0.0244 0.0010 
         025 16 0.0148 0.9276 0.0325 0.0217 0.0023 0.0011 
         026 16 0.0013 0.0017 0.1068 0.8871 0.0026 0.0005 
         027 16 0.0005 0.0352 0.0131 0.9418 0.0012 0.0083 
         028 16 0.0254 0.0240 0.1469 0.7926 0.0002 0.0109 
         029 16 0.0353 0.0040 0.0022 0.9568 0.0010 0.0008 
         030 16 0.0056 0.6831 0.0010 0.3095 0.0005 0.0003 
         031 16 0.0007 0.0037 0.0008 0.9801 0.0007 0.0141 
         032 16 0.0009 0.0099 0.0889 0.8936 0.0060 0.0007 
         033 16 0.0007 0.0505 0.0006 0.9478 0.0003 0.0003 
         034 16 0.0020 0.7745 0.0020 0.2202 0.0011 0.0002 
         035 16 0.0006 0.0430 0.0003 0.9553 0.0002 0.0007 
         036 16 0.0004 0.1658 0.0004 0.8297 0.0023 0.0014 
         037 16 0.0185 0.6125 0.0126 0.3523 0.0032 0.0008 
         038 16 0.0007 0.2231 0.0021 0.7662 0.0068 0.0012 
         039 16 0.0002 0.5102 0.0013 0.4863 0.0009 0.0010 
         040 16 0.0012 0.0936 0.0008 0.9023 0.0017 0.0004 
         041 16 0.0007 0.0376 0.0006 0.9592 0.0015 0.0004 
         042 16 0.0008 0.1917 0.0013 0.8040 0.0007 0.0014 
         043 16 0.0006 0.1496 0.0010 0.8472 0.0009 0.0007 
         044 16 0.0008 0.8576 0.0053 0.1337 0.0012 0.0015 
         045 16 0.0059 0.0063 0.0026 0.9832 0.0003 0.0018 
         047 16 0.0357 0.0455 0.0025 0.9107 0.0014 0.0043 
         048 16 0.0043 0.0519 0.0017 0.9410 0.0005 0.0006 
         049 16 0.0030 0.3339 0.0005 0.6586 0.0033 0.0006 
         050 16 0.0006 0.0819 0.0005 0.9162 0.0004 0.0004 
         051 16 0.0019 0.0445 0.0010 0.9506 0.0005 0.0014 
         052 16 0.0004 0.0736 0.0002 0.9246 0.0006 0.0005 
         053 16 0.0006 0.1080 0.0004 0.8896 0.0006 0.0008 
         054 16 0.0005 0.5739 0.0577 0.3658 0.0007 0.0014 
         055 16 0.0534 0.0435 0.0068 0.8954 0.0003 0.0007 
         056 16 0.0003 0.0084 0.0010 0.9825 0.0073 0.0005 
         057 16 0.0006 0.9140 0.0788 0.0057 0.0003 0.0006 
         058 16 0.0062 0.5043 0.0887 0.3824 0.0182 0.0002 
         059 16 0.0127 0.4243 0.0823 0.3871 0.0880 0.0056 
         060 16 0.0009 0.3319 0.0029 0.6531 0.0099 0.0013 
         061 16 0.0009 0.6020 0.0011 0.3931 0.0023 0.0007 
         062 16 0.0071 0.0192 0.0007 0.9715 0.0003 0.0011 
         063 16 0.0006 0.0513 0.0040 0.9429 0.0006 0.0006 
         064 16 0.0006 0.0065 0.0004 0.9893 0.0026 0.0006 
         065 16 0.0022 0.5339 0.0009 0.4599 0.0014 0.0016 
         066 16 0.0004 0.0074 0.0005 0.9903 0.0005 0.0009 
         067 16 0.0033 0.1912 0.0010 0.7294 0.0743 0.0008 
         068 16 0.0011 0.0097 0.0054 0.9504 0.0328 0.0006 
         069 16 0.0005 0.0417 0.0007 0.9509 0.0004 0.0057 
         070 16 0.0008 0.1745 0.0038 0.8179 0.0009 0.0021 
         071 16 0.0106 0.0045 0.0747 0.9094 0.0004 0.0005 
         072 16 0.0008 0.0164 0.0057 0.9750 0.0012 0.0009 
         073 16 0.0024 0.1241 0.0011 0.8713 0.0004 0.0007 
         074 16 0.0006 0.0582 0.0004 0.9401 0.0002 0.0005 
         075 16 0.0049 0.0103 0.0275 0.9556 0.0010 0.0006 
         076 16 0.0006 0.0275 0.0009 0.9698 0.0004 0.0007 
         077 16 0.0056 0.0053 0.0135 0.8862 0.0574 0.0319 
         078 16 0.0003 0.9897 0.0074 0.0008 0.0014 0.0004 
         079 16 0.0025 0.0038 0.0887 0.9031 0.0008 0.0011 
         080 16 0.0002 0.8006 0.0034 0.1939 0.0014 0.0006 
         081 16 0.0335 0.9577 0.0037 0.0034 0.0005 0.0012 
         082 16 0.0104 0.2307 0.0130 0.7451 0.0003 0.0005 
         083 16 0.0010 0.0556 0.0006 0.9407 0.0015 0.0006 
         084 16 0.0013 0.3165 0.0021 0.6757 0.0007 0.0036 
         085 16 0.0005 0.0476 0.0010 0.9395 0.0095 0.0019 
         086 16 0.0068 0.1673 0.1065 0.7177 0.0006 0.0011 
         087 16 0.0023 0.9073 0.0087 0.0798 0.0004 0.0015 
         088 16 0.0004 0.9073 0.0005 0.0878 0.0037 0.0004 
         089 16 0.0072 0.0202 0.0009 0.9697 0.0011 0.0010 
         090 16 0.0007 0.0990 0.0078 0.8904 0.0007 0.0015 
         091 16 0.0014 0.1636 0.0007 0.8330 0.0007 0.0007 
         092 16 0.0007 0.9607 0.0261 0.0114 0.0005 0.0006 
         093 16 0.0004 0.0674 0.0015 0.9278 0.0004 0.0025 
         094 16 0.0004 0.0130 0.0059 0.9406 0.0355 0.0047 
         095 16 0.0004 0.2525 0.0005 0.7448 0.0004 0.0015 
         096 16 0.0261 0.0486 0.0012 0.9198 0.0038 0.0005 
         097 16 0.0845 0.0010 0.0085 0.8973 0.0066 0.0022 
         098 16 0.0006 0.1006 0.0009 0.8850 0.0044 0.0086 
         099 16 0.0005 0.0318 0.0005 0.9575 0.0089 0.0008 
         100 16 0.0004 0.1412 0.0010 0.8549 0.0018 0.0006 
         101 16 0.0005 0.9787 0.0151 0.0024 0.0029 0.0004 
         102 16 0.0017 0.9765 0.0012 0.0180 0.0022 0.0005 
         103 16 0.0019 0.0143 0.0014 0.9777 0.0020 0.0028 
         104 16 0.0005 0.0500 0.0030 0.9414 0.0047 0.0004 
         105 16 0.0240 0.1322 0.0779 0.7580 0.0044 0.0034 
         106 16 0.0003 0.5616 0.0009 0.4341 0.0025 0.0005 
         107 16 0.0004 0.2789 0.0121 0.6561 0.0052 0.0472 
         108 16 0.0009 0.0294 0.1231 0.6182 0.1617 0.0666 
         109 16 0.0037 0.0500 0.0135 0.9317 0.0007 0.0005 
         110 16 0.0004 0.0454 0.0004 0.9520 0.0015 0.0004 
         111 16 0.0004 0.4020 0.0507 0.5455 0.0010 0.0005 
         112 16 0.0004 0.0967 0.0482 0.8525 0.0015 0.0007 
         113 16 0.0073 0.1186 0.0545 0.8174 0.0013 0.0009 
         114 16 0.0006 0.0741 0.0179 0.9011 0.0014 0.0049 
         115 16 0.0010 0.0078 0.0003 0.9899 0.0006 0.0003 
         116 16 0.0007 0.9464 0.0091 0.0422 0.0010 0.0006 
         117 16 0.0030 0.0338 0.0100 0.9484 0.0008 0.0040 
         118 16 0.0003 0.0060 0.0042 0.9778 0.0110 0.0007 
         119 16 0.0009 0.5072 0.0009 0.4880 0.0009 0.0022 
         120 16 0.0182 0.0180 0.0004 0.9614 0.0006 0.0013 
         121 16 0.0086 0.1955 0.0004 0.7650 0.0301 0.0004 
         122 16 0.0006 0.0617 0.0003 0.9365 0.0005 0.0004 
         123 16 0.0016 0.5902 0.0030 0.4024 0.0005 0.0023 
         124 16 0.0006 0.1182 0.0123 0.8672 0.0013 0.0005 
         126 16 0.0009 0.1471 0.1626 0.6841 0.0018 0.0034 
         001 17 0.0029 0.1418 0.0007 0.8448 0.0006 0.0092 
         002 17 0.0005 0.1685 0.0031 0.8269 0.0005 0.0005 
         003 17 0.0004 0.0960 0.0004 0.9016 0.0004 0.0011 
         005 17 0.0011 0.0939 0.0004 0.8831 0.0003 0.0212 
         006 17 0.0497 0.0019 0.0011 0.9460 0.0003 0.0010 
         007 17 0.0148 0.8458 0.1058 0.0084 0.0229 0.0024 
         008 17 0.0160 0.0006 0.1050 0.8766 0.0012 0.0006 
         009 17 0.0004 0.1110 0.0002 0.8871 0.0005 0.0008 
         010 17 0.0012 0.1939 0.0007 0.8021 0.0015 0.0006 
         011 17 0.0011 0.0044 0.1384 0.4763 0.3783 0.0015 
         012 17 0.0005 0.0492 0.0038 0.9444 0.0015 0.0007 
         013 17 0.0002 0.0773 0.0004 0.9211 0.0003 0.0007 
         014 17 0.0005 0.9726 0.0005 0.0243 0.0003 0.0018 
         015 17 0.0056 0.8721 0.0008 0.1203 0.0004 0.0008 
         016 17 0.0008 0.0538 0.0008 0.9436 0.0005 0.0004 
         017 17 0.0024 0.0053 0.0013 0.9891 0.0013 0.0006 
         018 17 0.0017 0.1341 0.0337 0.8077 0.0005 0.0224 
         019 17 0.0002 0.5117 0.0005 0.4858 0.0010 0.0008 
         020 17 0.0007 0.0293 0.0010 0.9679 0.0007 0.0003 
         021 17 0.0011 0.0571 0.0002 0.9404 0.0008 0.0004 
         022 17 0.0074 0.0099 0.0243 0.9445 0.0017 0.0123 
         023 17 0.0003 0.0581 0.0104 0.9281 0.0005 0.0025 
         024 17 0.0352 0.0042 0.0216 0.9340 0.0033 0.0018 
         025 17 0.0006 0.0797 0.0004 0.9186 0.0004 0.0003 
         002 18 0.0009 0.0432 0.0003 0.9477 0.0018 0.0061 
         003 18 0.0002 0.0467 0.0003 0.9514 0.0010 0.0003 
         004 18 0.0004 0.0218 0.0564 0.9189 0.0007 0.0018 
         005 18 0.0006 0.6596 0.0031 0.2992 0.0365 0.0010 
