        001s  1 0.2182 0.0009 0.0013 0.5022 0.2601 0.0007 0.0078 0.0075 0.0003 0.0010 
        002s  1 0.0557 0.0009 0.0017 0.2291 0.6041 0.0015 0.0766 0.0260 0.0037 0.0006 
        003s  1 0.0237 0.0047 0.0038 0.0031 0.7532 0.0027 0.1703 0.0127 0.0008 0.0249 
        004s  1 0.0044 0.0079 0.0032 0.1802 0.4108 0.0040 0.3555 0.0070 0.0268 0.0003 
        005s  1 0.2494 0.1273 0.1275 0.0119 0.3341 0.0008 0.0025 0.0250 0.1208 0.0006 
        006s  1 0.0108 0.0005 0.0025 0.0133 0.0029 0.0006 0.9576 0.0083 0.0029 0.0005 
        007s  1 0.1647 0.0038 0.0018 0.7333 0.0208 0.0045 0.0481 0.0217 0.0005 0.0008 
        008s  1 0.2357 0.0016 0.0156 0.1108 0.4631 0.0014 0.1662 0.0036 0.0012 0.0009 
        009s  1 0.1121 0.0292 0.0266 0.4501 0.3001 0.0123 0.0522 0.0115 0.0019 0.0042 
        010s  1 0.0121 0.0115 0.0106 0.7159 0.0079 0.0004 0.2220 0.0174 0.0012 0.0010 
        011s  1 0.0885 0.0010 0.0340 0.2500 0.0125 0.0031 0.5986 0.0059 0.0023 0.0042 
        012s  1 0.0025 0.0997 0.0065 0.0039 0.0073 0.0009 0.8634 0.0021 0.0075 0.0063 
        013s  1 0.2909 0.0032 0.0289 0.5878 0.0409 0.0069 0.0257 0.0025 0.0114 0.0018 
        014s  1 0.0159 0.0156 0.0061 0.0066 0.0040 0.0040 0.9288 0.0043 0.0013 0.0134 
        015s  1 0.1703 0.0006 0.0287 0.7388 0.0046 0.0009 0.0467 0.0080 0.0006 0.0009 
        016s  1 0.0888 0.0030 0.0020 0.0316 0.0574 0.0069 0.7963 0.0118 0.0008 0.0013 
        018s  1 0.0636 0.1167 0.0345 0.6171 0.0652 0.0012 0.0078 0.0897 0.0026 0.0017 
        019s  1 0.0501 0.0194 0.0073 0.7596 0.1056 0.0011 0.0440 0.0068 0.0006 0.0055 
        020s  1 0.0241 0.0009 0.0067 0.2192 0.0074 0.0117 0.7085 0.0110 0.0004 0.0101 
        021s  1 0.0058 0.0004 0.0011 0.4952 0.0521 0.0070 0.4162 0.0113 0.0097 0.0013 
        022s  1 0.0130 0.0003 0.0009 0.0401 0.8686 0.0020 0.0553 0.0182 0.0006 0.0011 
        023s  1 0.1456 0.0004 0.0102 0.3087 0.1562 0.0129 0.2990 0.0645 0.0007 0.0016 
        024s  1 0.1226 0.0020 0.0079 0.0637 0.0070 0.0008 0.7823 0.0108 0.0022 0.0006 
        025s  1 0.2669 0.0048 0.0455 0.5502 0.0074 0.0012 0.0226 0.0989 0.0020 0.0005 
        026s  1 0.1685 0.0010 0.0079 0.3937 0.0080 0.0120 0.3918 0.0096 0.0007 0.0067 
        027s  1 0.2144 0.0020 0.0812 0.4638 0.0283 0.0052 0.0201 0.1684 0.0160 0.0007 
        028s  1 0.3870 0.0200 0.0610 0.4684 0.0038 0.0009 0.0099 0.0037 0.0432 0.0021 
        029s  1 0.0309 0.0021 0.0006 0.8021 0.0099 0.0009 0.1410 0.0039 0.0009 0.0077 
        030s  1 0.0780 0.0006 0.0446 0.6628 0.0013 0.0012 0.0648 0.1312 0.0064 0.0091 
        031s  1 0.0111 0.0004 0.0030 0.6187 0.0847 0.0016 0.2713 0.0084 0.0004 0.0003 
        032s  1 0.0253 0.0007 0.0193 0.1021 0.0067 0.0011 0.8253 0.0171 0.0009 0.0016 
        033s  1 0.0707 0.0018 0.0262 0.0514 0.0088 0.0011 0.8337 0.0043 0.0006 0.0012 
        034s  1 0.0783 0.0010 0.0192 0.1024 0.4591 0.0539 0.2706 0.0081 0.0030 0.0045 
        035s  1 0.0798 0.0021 0.0260 0.8143 0.0038 0.0013 0.0534 0.0147 0.0019 0.0027 
        036s  1 0.0019 0.0941 0.0120 0.4951 0.3777 0.0012 0.0097 0.0066 0.0014 0.0004 
        037s  1 0.0137 0.0981 0.0114 0.0031 0.0041 0.0276 0.8337 0.0020 0.0049 0.0015 
        038s  1 0.2037 0.0016 0.0033 0.1200 0.0065 0.0013 0.6476 0.0146 0.0007 0.0008 
        039s  1 0.0104 0.0005 0.0545 0.8814 0.0173 0.0006 0.0132 0.0185 0.0022 0.0015 
        040s  1 0.0020 0.0010 0.0289 0.1411 0.1123 0.0041 0.6754 0.0290 0.0053 0.0009 
        041s  1 0.0443 0.0032 0.0095 0.1110 0.0104 0.0038 0.7667 0.0495 0.0004 0.0011 
        042s  1 0.0031 0.0728 0.0086 0.0312 0.0510 0.0775 0.7493 0.0045 0.0008 0.0013 
        043s  1 0.1613 0.0027 0.0603 0.0116 0.7426 0.0007 0.0096 0.0089 0.0006 0.0017 
        044s  1 0.1392 0.0619 0.0420 0.4538 0.1828 0.0086 0.0918 0.0052 0.0113 0.0034 
        045s  1 0.0363 0.0102 0.0007 0.9045 0.0023 0.0010 0.0108 0.0290 0.0034 0.0019 
        046s  1 0.0024 0.0024 0.0162 0.0530 0.0463 0.0014 0.8703 0.0055 0.0005 0.0019 
        047s  1 0.0119 0.0012 0.0068 0.3271 0.0029 0.0078 0.6226 0.0178 0.0002 0.0016 
        048s  1 0.0012 0.0269 0.0108 0.5891 0.3597 0.0010 0.0055 0.0047 0.0003 0.0008 
        049s  1 0.0102 0.0011 0.0021 0.1638 0.7653 0.0008 0.0504 0.0038 0.0016 0.0009 
        050s  1 0.0089 0.0906 0.0023 0.6555 0.1562 0.0005 0.0774 0.0035 0.0046 0.0004 
        051s  1 0.0418 0.0004 0.0067 0.1231 0.0072 0.0010 0.7946 0.0033 0.0009 0.0210 
        052s  1 0.0027 0.0051 0.0057 0.0057 0.0041 0.0016 0.7781 0.1765 0.0053 0.0152 
        053s  1 0.0074 0.0019 0.0044 0.1193 0.0032 0.0005 0.8578 0.0044 0.0005 0.0005 
        054s  1 0.0823 0.0004 0.0020 0.6453 0.0041 0.0014 0.2475 0.0095 0.0039 0.0035 
        055s  1 0.0221 0.0562 0.0281 0.3930 0.0030 0.0702 0.4236 0.0010 0.0006 0.0019 
          01  2 0.0232 0.1025 0.0022 0.0065 0.0073 0.0013 0.8268 0.0014 0.0013 0.0276 
          02  2 0.0038 0.0075 0.0258 0.8991 0.0063 0.0005 0.0182 0.0352 0.0019 0.0018 
          03  2 0.3118 0.0012 0.0212 0.4576 0.0062 0.0019 0.1732 0.0255 0.0009 0.0005 
          04  2 0.3052 0.0028 0.0478 0.3693 0.0378 0.0175 0.1610 0.0444 0.0130 0.0013 
          05  2 0.1663 0.0899 0.0351 0.0386 0.6487 0.0007 0.0168 0.0031 0.0004 0.0004 
          06  2 0.1377 0.0217 0.0055 0.7168 0.0131 0.0012 0.0547 0.0464 0.0021 0.0008 
          07  2 0.0041 0.0045 0.0031 0.0158 0.0427 0.0009 0.9236 0.0017 0.0026 0.0011 
          08  2 0.0017 0.0776 0.0141 0.3947 0.4804 0.0008 0.0033 0.0261 0.0005 0.0008 
          09  2 0.0830 0.0010 0.0047 0.8125 0.0615 0.0004 0.0168 0.0121 0.0006 0.0073 
          10  2 0.2066 0.0023 0.0074 0.2490 0.0127 0.0005 0.4814 0.0383 0.0010 0.0008 
          11  2 0.0714 0.0259 0.0127 0.8042 0.0207 0.0043 0.0449 0.0026 0.0016 0.0117 
          12  2 0.0140 0.0009 0.0097 0.6927 0.0074 0.0009 0.0512 0.2203 0.0010 0.0021 
          13  2 0.0862 0.0005 0.0260 0.6289 0.2019 0.0010 0.0506 0.0029 0.0005 0.0015 
          14  2 0.1512 0.0003 0.0297 0.3820 0.3311 0.0371 0.0531 0.0024 0.0100 0.0032 
          15  2 0.0018 0.0007 0.0015 0.0232 0.2260 0.0007 0.7362 0.0078 0.0006 0.0015 
          16  2 0.0111 0.0009 0.0315 0.0241 0.0086 0.0043 0.8139 0.0433 0.0560 0.0062 
          17  2 0.3079 0.0012 0.0088 0.2700 0.1112 0.0016 0.0947 0.2019 0.0008 0.0019 
          18  2 0.0044 0.0072 0.0078 0.0057 0.0020 0.0006 0.9646 0.0038 0.0028 0.0013 
          19  2 0.0116 0.0019 0.0044 0.8757 0.0080 0.0048 0.0627 0.0278 0.0005 0.0026 
          20  2 0.0050 0.0384 0.0014 0.0209 0.0017 0.0046 0.9113 0.0067 0.0081 0.0017 
          21  2 0.0972 0.0013 0.0118 0.2265 0.0141 0.0005 0.6285 0.0047 0.0007 0.0147 
          22  2 0.2931 0.0017 0.0604 0.5960 0.0032 0.0081 0.0155 0.0080 0.0051 0.0089 
          23  2 0.0092 0.0010 0.0098 0.1988 0.0030 0.0030 0.7033 0.0678 0.0022 0.0018 
          24  2 0.0642 0.0006 0.0032 0.8003 0.0033 0.0012 0.0841 0.0409 0.0007 0.0014 
          25  2 0.0674 0.0066 0.0023 0.6179 0.1559 0.0014 0.1143 0.0021 0.0301 0.0020 
          26  2 0.0010 0.0006 0.0007 0.0012 0.9905 0.0003 0.0026 0.0012 0.0006 0.0014 
          27  2 0.0987 0.0015 0.0070 0.5415 0.0550 0.0071 0.2515 0.0145 0.0220 0.0012 
          28  2 0.0172 0.0012 0.0206 0.8271 0.0698 0.0064 0.0119 0.0433 0.0002 0.0022 
          29  2 0.0036 0.0008 0.0032 0.3560 0.0098 0.0003 0.6148 0.0091 0.0014 0.0010 
          30  2 0.0123 0.1396 0.0039 0.0076 0.0205 0.0756 0.7247 0.0086 0.0008 0.0064 
          01  3 0.1673 0.1665 0.4021 0.1843 0.0045 0.0186 0.0262 0.0091 0.0210 0.0004 
          02  3 0.1760 0.1507 0.2317 0.0162 0.0020 0.0032 0.0643 0.0021 0.2812 0.0726 
          03  3 0.5638 0.1390 0.0754 0.0152 0.0100 0.0020 0.0041 0.0021 0.1875 0.0009 
          04  3 0.3308 0.2387 0.2291 0.0013 0.0065 0.0027 0.0024 0.0094 0.1779 0.0013 
          05  3 0.1913 0.1585 0.1724 0.0006 0.0007 0.1105 0.0004 0.0004 0.2572 0.1079 
          06  3 0.3077 0.1599 0.2388 0.0004 0.0014 0.0006 0.0005 0.0004 0.2899 0.0002 
          07  3 0.5311 0.1975 0.0626 0.0266 0.0181 0.0003 0.0157 0.0009 0.1463 0.0010 
          08  3 0.3026 0.2123 0.1530 0.0025 0.0083 0.0041 0.0898 0.0155 0.2058 0.0061 
          09  3 0.4752 0.2580 0.0622 0.0281 0.0090 0.0007 0.0045 0.0038 0.1583 0.0002 
          10  3 0.1633 0.0455 0.1695 0.0196 0.0043 0.1134 0.0032 0.0048 0.2673 0.2090 
          11  3 0.5490 0.2004 0.0733 0.0014 0.0039 0.0002 0.0005 0.0020 0.1689 0.0003 
          12  3 0.5096 0.2096 0.0757 0.0016 0.0239 0.0004 0.0004 0.0007 0.1778 0.0004 
          13  3 0.2575 0.1658 0.2591 0.0012 0.0012 0.0002 0.0013 0.0013 0.3052 0.0071 
          14  3 0.2138 0.1150 0.1869 0.0019 0.0030 0.1453 0.0038 0.0021 0.2977 0.0305 
          15  3 0.4131 0.1993 0.1440 0.0532 0.0048 0.0014 0.0441 0.0010 0.1387 0.0003 
          16  3 0.1969 0.0543 0.3837 0.0232 0.0061 0.0050 0.0056 0.0027 0.3197 0.0029 
          17  3 0.3509 0.2943 0.0976 0.0702 0.0111 0.0011 0.0781 0.0042 0.0912 0.0012 
          18  3 0.1298 0.0602 0.1452 0.0063 0.0025 0.2716 0.0020 0.0024 0.2207 0.1594 
          19  3 0.2372 0.1156 0.3157 0.0099 0.0078 0.0086 0.0171 0.0275 0.2600 0.0008 
          20  3 0.2364 0.2293 0.2586 0.0524 0.0086 0.0557 0.0047 0.0072 0.1467 0.0004 
          21  3 0.2481 0.1348 0.3406 0.0232 0.0021 0.0079 0.0664 0.0065 0.1687 0.0015 
          22  3 0.4739 0.2622 0.1024 0.0015 0.0373 0.0018 0.0036 0.0166 0.1003 0.0004 
          23  3 0.2678 0.1957 0.2810 0.0009 0.0275 0.0015 0.0369 0.0140 0.1745 0.0003 
          24  3 0.1847 0.3048 0.1889 0.0041 0.0022 0.0015 0.0031 0.0034 0.1437 0.1636 
          25  3 0.1445 0.1021 0.2495 0.0006 0.0005 0.1287 0.0003 0.0003 0.1301 0.2435 
          26  3 0.4505 0.2399 0.1016 0.0006 0.0070 0.0004 0.0016 0.0016 0.1964 0.0005 
          27  3 0.1706 0.0620 0.2417 0.0105 0.0131 0.1742 0.0028 0.0021 0.1912 0.1317 
          28  3 0.2325 0.1799 0.3263 0.0112 0.0029 0.0003 0.0042 0.0091 0.2318 0.0018 
          29  3 0.2269 0.1924 0.2994 0.0319 0.0037 0.0136 0.0091 0.0039 0.2142 0.0048 
          30  3 0.2687 0.2260 0.2544 0.0019 0.1324 0.0005 0.0246 0.0054 0.0847 0.0013 
         001  4 0.0001 0.9991 0.0001 0.0001 0.0001 0.0001 0.0001 0.0001 0.0002 0.0001 
         002  4 0.0070 0.9895 0.0010 0.0003 0.0004 0.0001 0.0004 0.0004 0.0006 0.0003 
         003  4 0.0001 0.9990 0.0001 0.0001 0.0001 0.0001 0.0001 0.0001 0.0001 0.0001 
         004  4 0.0001 0.9988 0.0002 0.0001 0.0001 0.0001 0.0001 0.0001 0.0002 0.0001 
         005  4 0.0001 0.9985 0.0001 0.0002 0.0002 0.0001 0.0001 0.0001 0.0003 0.0003 
         006  4 0.0418 0.8709 0.0241 0.0005 0.0006 0.0003 0.0007 0.0004 0.0605 0.0004 
         007  4 0.0441 0.8943 0.0004 0.0007 0.0055 0.0003 0.0005 0.0005 0.0534 0.0002 
         008  4 0.0005 0.9894 0.0009 0.0006 0.0012 0.0034 0.0003 0.0006 0.0010 0.0021 
         009  4 0.0001 0.9988 0.0001 0.0001 0.0001 0.0001 0.0001 0.0001 0.0003 0.0002 
         010  4 0.0007 0.9657 0.0002 0.0001 0.0001 0.0001 0.0001 0.0001 0.0329 0.0001 
         011  4 0.0011 0.9333 0.0015 0.0012 0.0036 0.0167 0.0014 0.0008 0.0398 0.0004 
         012  4 0.0004 0.9987 0.0001 0.0001 0.0001 0.0001 0.0001 0.0001 0.0001 0.0001 
         013  4 0.0001 0.9989 0.0002 0.0001 0.0001 0.0001 0.0001 0.0001 0.0002 0.0001 
         014  4 0.0147 0.9837 0.0002 0.0002 0.0002 0.0002 0.0002 0.0002 0.0002 0.0001 
         015  4 0.0300 0.9691 0.0003 0.0001 0.0001 0.0001 0.0001 0.0001 0.0001 0.0001 
         016  4 0.0001 0.9988 0.0002 0.0001 0.0001 0.0001 0.0001 0.0001 0.0003 0.0001 
         017  4 0.0289 0.9695 0.0005 0.0001 0.0002 0.0001 0.0002 0.0002 0.0002 0.0002 
         019  4 0.0223 0.8779 0.0064 0.0004 0.0004 0.0005 0.0003 0.0003 0.0910 0.0004 
         020  4 0.0002 0.9982 0.0002 0.0002 0.0003 0.0001 0.0001 0.0001 0.0002 0.0003 
         021  4 0.0131 0.9512 0.0003 0.0003 0.0002 0.0003 0.0002 0.0002 0.0338 0.0003 
         001  5 0.0411 0.9173 0.0079 0.0008 0.0005 0.0285 0.0010 0.0006 0.0006 0.0017 
         002  5 0.0026 0.9304 0.0313 0.0058 0.0192 0.0016 0.0041 0.0034 0.0004 0.0011 
         003  5 0.0252 0.6840 0.0784 0.0135 0.0011 0.0032 0.1511 0.0016 0.0416 0.0003 
         004  5 0.0021 0.9183 0.0078 0.0422 0.0117 0.0011 0.0135 0.0010 0.0021 0.0003 
         005  5 0.0365 0.9142 0.0459 0.0003 0.0003 0.0007 0.0002 0.0006 0.0010 0.0002 
         006  5 0.0425 0.7952 0.1266 0.0007 0.0005 0.0002 0.0008 0.0008 0.0321 0.0005 
         007  5 0.0376 0.8431 0.0614 0.0005 0.0002 0.0003 0.0003 0.0003 0.0558 0.0003 
         008  5 0.0408 0.8924 0.0633 0.0002 0.0002 0.0001 0.0002 0.0002 0.0023 0.0002 
         009  5 0.0310 0.8879 0.0185 0.0398 0.0033 0.0012 0.0069 0.0067 0.0045 0.0003 
         010  5 0.0153 0.8501 0.0903 0.0010 0.0013 0.0017 0.0028 0.0017 0.0354 0.0004 
         011  5 0.0294 0.9123 0.0513 0.0009 0.0007 0.0027 0.0010 0.0010 0.0003 0.0003 
         012  5 0.0253 0.8287 0.0255 0.0245 0.0035 0.0020 0.0052 0.0082 0.0756 0.0014 
         013  5 0.1678 0.6595 0.0788 0.0626 0.0021 0.0007 0.0117 0.0089 0.0071 0.0007 
         014  5 0.0077 0.6656 0.0554 0.1608 0.0051 0.0115 0.0022 0.0061 0.0735 0.0121 
         015  5 0.0366 0.9115 0.0259 0.0003 0.0002 0.0002 0.0002 0.0003 0.0245 0.0003 
         016  5 0.0681 0.8621 0.0249 0.0013 0.0006 0.0003 0.0017 0.0012 0.0391 0.0006 
         017  5 0.0605 0.8001 0.0563 0.0095 0.0023 0.0003 0.0114 0.0038 0.0542 0.0016 
         018  5 0.0739 0.7937 0.0595 0.0055 0.0021 0.0133 0.0156 0.0060 0.0066 0.0237 
         019  5 0.0366 0.9506 0.0009 0.0006 0.0005 0.0011 0.0003 0.0003 0.0003 0.0086 
         020  5 0.0024 0.9952 0.0008 0.0002 0.0003 0.0002 0.0002 0.0002 0.0002 0.0002 
         021  5 0.0149 0.8273 0.0042 0.1472 0.0019 0.0016 0.0017 0.0006 0.0005 0.0003 
         022  5 0.0562 0.8866 0.0015 0.0124 0.0016 0.0217 0.0027 0.0042 0.0110 0.0021 
         023  5 0.0641 0.8816 0.0448 0.0007 0.0006 0.0012 0.0011 0.0008 0.0045 0.0005 
         024  5 0.0101 0.8650 0.0094 0.0238 0.0034 0.0007 0.0065 0.0113 0.0695 0.0003 
         025  5 0.0888 0.8213 0.0165 0.0072 0.0013 0.0005 0.0007 0.0065 0.0563 0.0009 
         026  5 0.0423 0.7986 0.0133 0.1098 0.0016 0.0004 0.0042 0.0122 0.0171 0.0004 
         027  5 0.0005 0.9973 0.0002 0.0002 0.0002 0.0002 0.0003 0.0002 0.0008 0.0002 
         028  5 0.0631 0.8744 0.0073 0.0023 0.0011 0.0051 0.0031 0.0025 0.0399 0.0012 
         029  5 0.0405 0.9378 0.0166 0.0007 0.0004 0.0002 0.0005 0.0006 0.0021 0.0005 
         030  5 0.0446 0.9307 0.0165 0.0007 0.0008 0.0010 0.0012 0.0005 0.0008 0.0033 
        001s  6 0.1231 0.0008 0.0122 0.0066 0.2423 0.0158 0.5801 0.0038 0.0144 0.0011 
        002s  6 0.0263 0.0206 0.0087 0.1424 0.0131 0.0008 0.7539 0.0067 0.0005 0.0272 
        003s  6 0.0027 0.0100 0.0153 0.0121 0.1194 0.0031 0.8293 0.0070 0.0004 0.0006 
        004s  6 0.0036 0.0007 0.0006 0.0226 0.0103 0.0008 0.9466 0.0138 0.0004 0.0005 
        006s  6 0.0009 0.0463 0.0116 0.0111 0.0020 0.0076 0.8824 0.0202 0.0162 0.0017 
        007s  6 0.2058 0.0006 0.0025 0.4938 0.0041 0.0006 0.2384 0.0495 0.0039 0.0010 
        008s  6 0.0331 0.0054 0.0022 0.7174 0.0042 0.0077 0.1345 0.0890 0.0008 0.0057 
        009s  6 0.0028 0.0006 0.0026 0.6546 0.0045 0.0012 0.1723 0.1595 0.0007 0.0013 
        010s  6 0.2007 0.0275 0.0110 0.6885 0.0018 0.0125 0.0316 0.0112 0.0046 0.0106 
        011s  6 0.0072 0.0006 0.0130 0.3853 0.0026 0.0015 0.5434 0.0451 0.0009 0.0004 
        012s  6 0.0188 0.0008 0.0097 0.8807 0.0119 0.0015 0.0611 0.0091 0.0034 0.0030 
        013s  6 0.0354 0.0015 0.0012 0.2048 0.0071 0.0005 0.7187 0.0291 0.0012 0.0005 
        014s  6 0.0244 0.0423 0.0067 0.0606 0.3106 0.0004 0.5403 0.0141 0.0003 0.0003 
        015s  6 0.0361 0.0088 0.0052 0.1663 0.0026 0.0065 0.6979 0.0678 0.0072 0.0016 
        016s  6 0.0017 0.0005 0.0044 0.5824 0.1767 0.0017 0.2283 0.0020 0.0013 0.0008 
        018s  6 0.0106 0.2202 0.0575 0.6964 0.0039 0.0027 0.0044 0.0028 0.0009 0.0006 
        019s  6 0.3637 0.0032 0.0459 0.0071 0.0386 0.0037 0.5246 0.0110 0.0012 0.0010 
        020s  6 0.3302 0.0003 0.0386 0.4998 0.0745 0.0008 0.0449 0.0089 0.0006 0.0015 
        021s  6 0.0065 0.0013 0.0249 0.0250 0.0048 0.0043 0.9229 0.0015 0.0074 0.0014 
        022s  6 0.1405 0.0013 0.0063 0.5734 0.0840 0.0066 0.1586 0.0281 0.0003 0.0008 
        023s  6 0.0906 0.0260 0.0492 0.0084 0.4545 0.0011 0.1555 0.2132 0.0010 0.0005 
        024s  6 0.0161 0.0324 0.0226 0.0287 0.0045 0.0008 0.8864 0.0040 0.0023 0.0021 
        025s  6 0.0039 0.0020 0.0065 0.7935 0.0118 0.0658 0.0998 0.0150 0.0010 0.0008 
        026s  6 0.0054 0.0005 0.0009 0.4641 0.0204 0.0006 0.5013 0.0041 0.0007 0.0019 
        027s  6 0.0365 0.0014 0.0097 0.9052 0.0098 0.0005 0.0239 0.0108 0.0008 0.0013 
        028s  6 0.0680 0.0057 0.0045 0.8045 0.0010 0.0123 0.0489 0.0032 0.0054 0.0465 
        029s  6 0.1545 0.0005 0.0371 0.6444 0.0028 0.0019 0.0798 0.0765 0.0006 0.0019 
        030s  6 0.0232 0.0542 0.0254 0.1382 0.0029 0.0127 0.7129 0.0278 0.0008 0.0021 
        031s  6 0.0013 0.0024 0.0039 0.0989 0.5471 0.0004 0.2390 0.0976 0.0087 0.0006 
        032s  6 0.0026 0.0035 0.0345 0.9178 0.0141 0.0012 0.0226 0.0022 0.0009 0.0006 
        033s  6 0.2364 0.0478 0.0080 0.0089 0.0062 0.0007 0.6873 0.0039 0.0002 0.0005 
        034s  6 0.0468 0.0027 0.0052 0.6298 0.0065 0.0174 0.1468 0.1386 0.0055 0.0006 
        035s  6 0.0020 0.1278 0.0029 0.0013 0.8556 0.0009 0.0048 0.0030 0.0005 0.0013 
        036s  6 0.0764 0.0008 0.0445 0.7808 0.0045 0.0013 0.0755 0.0126 0.0033 0.0004 
        037s  6 0.0510 0.0012 0.0034 0.9201 0.0030 0.0019 0.0057 0.0110 0.0008 0.0019 
        038s  6 0.0315 0.0004 0.0007 0.8448 0.1019 0.0007 0.0053 0.0095 0.0035 0.0016 
        039s  6 0.0136 0.0003 0.0011 0.0273 0.0066 0.0011 0.8769 0.0718 0.0004 0.0009 
        040s  6 0.0144 0.0003 0.0022 0.1200 0.1979 0.0006 0.6253 0.0357 0.0030 0.0005 
        041s  6 0.0268 0.0586 0.0135 0.0048 0.3507 0.0041 0.5295 0.0074 0.0003 0.0044 
        042s  6 0.1149 0.0105 0.0129 0.4645 0.0494 0.0553 0.2702 0.0166 0.0010 0.0048 
        043s  6 0.0311 0.0009 0.0011 0.9002 0.0035 0.0071 0.0327 0.0214 0.0017 0.0004 
        044s  6 0.0353 0.0018 0.0227 0.6139 0.1478 0.0011 0.1674 0.0057 0.0005 0.0037 
        045s  6 0.1204 0.0062 0.0044 0.8103 0.0082 0.0042 0.0307 0.0138 0.0007 0.0011 
        001s  7 0.0219 0.0018 0.0019 0.0637 0.6456 0.0022 0.0631 0.1985 0.0008 0.0005 
        002s  7 0.0054 0.0121 0.0040 0.0150 0.3641 0.0016 0.5839 0.0113 0.0013 0.0012 
        003s  7 0.0121 0.0013 0.0164 0.0035 0.7254 0.0015 0.2325 0.0025 0.0024 0.0024 
        004s  7 0.0048 0.0006 0.0174 0.3173 0.0237 0.0009 0.6275 0.0026 0.0040 0.0013 
        005s  7 0.0232 0.0204 0.0215 0.8274 0.0150 0.0022 0.0710 0.0142 0.0043 0.0009 
        006s  7 0.0071 0.0574 0.0064 0.8488 0.0018 0.0067 0.0590 0.0101 0.0019 0.0007 
        007s  7 0.0010 0.0084 0.0053 0.6945 0.0040 0.0015 0.2475 0.0083 0.0106 0.0188 
        008s  7 0.0255 0.0144 0.0027 0.0227 0.8948 0.0017 0.0205 0.0135 0.0005 0.0037 
        009s  7 0.0038 0.0026 0.0028 0.9384 0.0146 0.0134 0.0169 0.0042 0.0022 0.0011 
        010s  7 0.0099 0.0013 0.0025 0.0209 0.9443 0.0026 0.0107 0.0062 0.0003 0.0012 
        011s  7 0.0918 0.0006 0.0018 0.8074 0.0215 0.0013 0.0642 0.0095 0.0006 0.0013 
        012s  7 0.0036 0.0008 0.0012 0.1174 0.0041 0.0008 0.8527 0.0175 0.0013 0.0006 
        013s  7 0.0044 0.0004 0.0009 0.6221 0.0137 0.0065 0.3099 0.0281 0.0128 0.0012 
        014s  7 0.0483 0.0424 0.0010 0.5279 0.3429 0.0004 0.0302 0.0047 0.0014 0.0008 
        015s  7 0.0058 0.0202 0.0287 0.1574 0.0057 0.0011 0.7697 0.0068 0.0027 0.0019 
        016s  7 0.0011 0.0920 0.0003 0.0058 0.8954 0.0022 0.0012 0.0015 0.0002 0.0003 
        017s  7 0.0946 0.0021 0.0340 0.7968 0.0407 0.0006 0.0138 0.0147 0.0024 0.0005 
        018s  7 0.3652 0.0023 0.0642 0.3414 0.0019 0.0009 0.0781 0.1420 0.0005 0.0034 
        019s  7 0.0043 0.0008 0.0041 0.0045 0.0020 0.0054 0.9653 0.0100 0.0013 0.0024 
        020s  7 0.0023 0.0005 0.0045 0.9644 0.0104 0.0005 0.0125 0.0029 0.0017 0.0003 
        021s  7 0.1023 0.0024 0.0106 0.5581 0.0139 0.0014 0.3071 0.0030 0.0004 0.0008 
        022s  7 0.0076 0.0029 0.0015 0.9245 0.0020 0.0010 0.0129 0.0411 0.0061 0.0005 
        023s  7 0.0763 0.0034 0.0152 0.0154 0.0081 0.0094 0.8665 0.0029 0.0012 0.0015 
        024s  7 0.0153 0.0025 0.0036 0.9090 0.0059 0.0006 0.0079 0.0514 0.0006 0.0031 
        025s  7 0.0045 0.0007 0.0054 0.9226 0.0024 0.0017 0.0379 0.0167 0.0064 0.0017 
        026s  7 0.0115 0.0016 0.0028 0.0447 0.8205 0.0018 0.1036 0.0109 0.0003 0.0022 
        027s  7 0.0033 0.0012 0.0106 0.0734 0.4452 0.0007 0.4597 0.0028 0.0013 0.0018 
        028s  7 0.2234 0.0043 0.0468 0.4180 0.0031 0.0008 0.1726 0.1300 0.0008 0.0003 
        029s  7 0.1517 0.0072 0.0114 0.7282 0.0421 0.0037 0.0356 0.0181 0.0009 0.0009 
        030s  7 0.0079 0.0004 0.0119 0.0061 0.1580 0.0053 0.7722 0.0293 0.0013 0.0076 
        031s  7 0.0144 0.0031 0.0022 0.0594 0.0289 0.0104 0.7499 0.1300 0.0013 0.0006 
        032s  7 0.0139 0.0879 0.0026 0.0333 0.0018 0.0004 0.8502 0.0048 0.0003 0.0049 
        033s  7 0.0158 0.0353 0.0061 0.8961 0.0021 0.0016 0.0298 0.0080 0.0006 0.0046 
        034s  7 0.2637 0.0011 0.0177 0.0562 0.0046 0.0009 0.6203 0.0061 0.0274 0.0019 
        035s  7 0.0610 0.0004 0.0005 0.8324 0.0081 0.0012 0.0870 0.0082 0.0004 0.0009 
        036s  7 0.0094 0.0008 0.0080 0.6812 0.0550 0.0085 0.2292 0.0025 0.0049 0.0006 
        037s  7 0.3463 0.0130 0.0610 0.0275 0.0101 0.0052 0.3487 0.1861 0.0011 0.0009 
        038s  7 0.2029 0.0059 0.0268 0.1801 0.0026 0.0015 0.4946 0.0836 0.0004 0.0015 
        039s  7 0.1217 0.0006 0.0115 0.0628 0.3303 0.0004 0.0364 0.4354 0.0003 0.0005 
        040s  7 0.0010 0.0087 0.0015 0.0012 0.9348 0.0007 0.0090 0.0016 0.0407 0.0007 
        041s  7 0.1383 0.0164 0.0132 0.2639 0.1924 0.0027 0.3635 0.0065 0.0007 0.0024 
        042s  7 0.0013 0.0063 0.0027 0.2018 0.7702 0.0005 0.0062 0.0095 0.0011 0.0004 
        043s  7 0.0887 0.0017 0.0012 0.5943 0.0198 0.0051 0.2466 0.0416 0.0003 0.0008 
        044s  7 0.0416 0.0224 0.0128 0.0065 0.0014 0.0166 0.8898 0.0030 0.0050 0.0008 
         003  8 0.1308 0.0084 0.0322 0.7956 0.0019 0.0013 0.0091 0.0028 0.0017 0.0161 
         009  8 0.0221 0.0017 0.0013 0.9327 0.0109 0.0021 0.0247 0.0026 0.0011 0.0008 
         010  8 0.0140 0.0005 0.0249 0.2664 0.0109 0.0032 0.6434 0.0359 0.0002 0.0006 
         017  8 0.0530 0.0006 0.0135 0.7391 0.0023 0.0034 0.1796 0.0061 0.0004 0.0020 
         002  9 0.0993 0.0005 0.0011 0.1628 0.0272 0.0013 0.6947 0.0111 0.0010 0.0009 
         003  9 0.0039 0.0003 0.0067 0.4606 0.0046 0.0006 0.5157 0.0066 0.0005 0.0004 
         004  9 0.0020 0.0006 0.0005 0.4040 0.0176 0.0016 0.5683 0.0046 0.0003 0.0006 
         005  9 0.0527 0.0006 0.0160 0.7917 0.0054 0.0064 0.0676 0.0572 0.0011 0.0012 
         006  9 0.0027 0.0011 0.0108 0.9654 0.0042 0.0024 0.0082 0.0034 0.0009 0.0009 
         007  9 0.0903 0.0065 0.0134 0.8003 0.0061 0.0015 0.0785 0.0017 0.0006 0.0012 
         009  9 0.0911 0.0010 0.0017 0.0814 0.0217 0.0021 0.7953 0.0037 0.0003 0.0017 
         010  9 0.0177 0.0004 0.0010 0.1532 0.0029 0.0010 0.8094 0.0112 0.0007 0.0025 
         013  9 0.0997 0.0011 0.0069 0.3865 0.0316 0.0024 0.4655 0.0039 0.0016 0.0006 
         014  9 0.0139 0.0006 0.0009 0.0275 0.0070 0.0023 0.9058 0.0369 0.0003 0.0048 
         016  9 0.0035 0.0002 0.0030 0.9582 0.0055 0.0005 0.0185 0.0092 0.0003 0.0010 
         018  9 0.0105 0.0006 0.0039 0.2534 0.0030 0.0017 0.5751 0.1434 0.0014 0.0070 
         019  9 0.0453 0.0019 0.0117 0.6849 0.0027 0.0009 0.2402 0.0057 0.0012 0.0055 
         020  9 0.0037 0.0005 0.0009 0.8382 0.0018 0.0004 0.1366 0.0168 0.0004 0.0006 
         021  9 0.0752 0.0004 0.0043 0.3321 0.0054 0.0010 0.4986 0.0822 0.0003 0.0004 
         022  9 0.0037 0.0004 0.0009 0.6496 0.0060 0.0010 0.0558 0.2793 0.0004 0.0029 
         024  9 0.0168 0.0005 0.0159 0.6428 0.0057 0.0043 0.2989 0.0121 0.0005 0.0026 
         028  9 0.0079 0.0010 0.0071 0.8279 0.0057 0.0015 0.1296 0.0176 0.0010 0.0007 
         029  9 0.0125 0.0005 0.0019 0.7968 0.0059 0.0009 0.1608 0.0186 0.0003 0.0017 
         030  9 0.0049 0.0004 0.0236 0.8834 0.0039 0.0013 0.0464 0.0338 0.0005 0.0018 
         031  9 0.0052 0.0015 0.0157 0.2707 0.0112 0.0006 0.6914 0.0024 0.0004 0.0010 
         033  9 0.0057 0.0092 0.0048 0.7789 0.0253 0.0022 0.1705 0.0023 0.0004 0.0008 
         001 10 0.0050 0.0006 0.0005 0.8969 0.0064 0.0004 0.0737 0.0144 0.0006 0.0014 
         002 10 0.1866 0.0005 0.0259 0.6919 0.0069 0.0010 0.0808 0.0040 0.0002 0.0021 
         003 10 0.0023 0.0003 0.0088 0.8480 0.0020 0.0166 0.0999 0.0206 0.0008 0.0007 
         004 10 0.0505 0.0004 0.0064 0.7928 0.1289 0.0031 0.0113 0.0055 0.0005 0.0007 
         005 10 0.0476 0.0004 0.0118 0.8560 0.0029 0.0017 0.0699 0.0064 0.0005 0.0028 
         006 10 0.0087 0.0011 0.0081 0.9627 0.0021 0.0011 0.0127 0.0019 0.0005 0.0011 
         007 10 0.0035 0.0005 0.0007 0.8710 0.0049 0.0033 0.1130 0.0020 0.0005 0.0006 
         008 10 0.0097 0.0009 0.0312 0.0905 0.0017 0.0035 0.8518 0.0087 0.0009 0.0010 
         009 10 0.0017 0.0008 0.0045 0.9557 0.0068 0.0005 0.0175 0.0052 0.0013 0.0059 
         010 10 0.0905 0.0010 0.0139 0.5581 0.0304 0.0013 0.2957 0.0055 0.0006 0.0031 
         011 10 0.0093 0.0006 0.0068 0.9308 0.0063 0.0344 0.0051 0.0050 0.0011 0.0005 
         012 10 0.0058 0.0005 0.0097 0.7545 0.0047 0.0048 0.1850 0.0334 0.0009 0.0006 
         013 10 0.1547 0.0003 0.0011 0.7486 0.0051 0.0008 0.0812 0.0055 0.0020 0.0008 
         014 10 0.0015 0.0005 0.0129 0.7693 0.1870 0.0016 0.0222 0.0035 0.0009 0.0007 
         016 10 0.1615 0.0007 0.0102 0.5870 0.0076 0.0011 0.2250 0.0044 0.0010 0.0016 
         017 10 0.0010 0.0009 0.0104 0.4550 0.0041 0.0015 0.5011 0.0235 0.0012 0.0013 
         018 10 0.0035 0.0049 0.0099 0.5230 0.0081 0.0009 0.4435 0.0029 0.0005 0.0028 
         019 10 0.0021 0.0006 0.0255 0.1765 0.0065 0.0014 0.7768 0.0061 0.0004 0.0041 
         020 10 0.0494 0.0008 0.0302 0.0350 0.0122 0.0019 0.8602 0.0019 0.0010 0.0073 
         021 10 0.1776 0.0008 0.0132 0.7109 0.0465 0.0004 0.0397 0.0063 0.0004 0.0044 
         022 10 0.0334 0.0007 0.0018 0.6269 0.1053 0.0008 0.2012 0.0291 0.0006 0.0003 
         023 10 0.0084 0.0003 0.0109 0.8740 0.0028 0.0014 0.0964 0.0046 0.0007 0.0006 
         024 10 0.0076 0.0005 0.0045 0.9298 0.0042 0.0023 0.0462 0.0028 0.0002 0.0019 
         026 10 0.0269 0.0005 0.0036 0.8237 0.0015 0.0009 0.0969 0.0450 0.0004 0.0006 
        001s 11 0.0020 0.0881 0.0006 0.0041 0.0692 0.0060 0.8018 0.0266 0.0007 0.0007 
        002s 11 0.0117 0.0005 0.0129 0.8383 0.0099 0.0019 0.0942 0.0174 0.0088 0.0044 
        003s 11 0.0959 0.0086 0.0462 0.5525 0.0164 0.0009 0.0378 0.2397 0.0006 0.0015 
        004s 11 0.1666 0.0005 0.0007 0.6931 0.0126 0.0018 0.0618 0.0607 0.0017 0.0004 
        005s 11 0.1572 0.0032 0.0021 0.6825 0.0740 0.0006 0.0590 0.0116 0.0008 0.0089 
        006s 11 0.1742 0.0008 0.0321 0.0397 0.0304 0.0032 0.7093 0.0058 0.0022 0.0023 
        007s 11 0.0827 0.0079 0.0267 0.6462 0.1527 0.0009 0.0424 0.0020 0.0365 0.0020 
        008s 11 0.0322 0.0006 0.0355 0.0177 0.0038 0.0005 0.7962 0.1120 0.0005 0.0011 
        009s 11 0.1048 0.0005 0.0239 0.0390 0.0035 0.0006 0.8036 0.0096 0.0004 0.0143 
        010s 11 0.0012 0.0016 0.0036 0.7792 0.1132 0.0009 0.0963 0.0028 0.0004 0.0009 
        011s 11 0.0144 0.1003 0.0248 0.2221 0.5860 0.0182 0.0075 0.0104 0.0159 0.0004 
        012s 11 0.3404 0.0734 0.0554 0.2982 0.0095 0.0004 0.0121 0.2091 0.0004 0.0011 
        013s 11 0.0128 0.0017 0.0057 0.7556 0.2045 0.0019 0.0062 0.0107 0.0006 0.0003 
        014s 11 0.0443 0.0042 0.0245 0.1475 0.5985 0.0015 0.0167 0.1544 0.0068 0.0016 
        015s 11 0.0230 0.0020 0.0307 0.0113 0.0152 0.0039 0.8919 0.0178 0.0024 0.0018 
        016s 11 0.0055 0.0429 0.0038 0.5639 0.2382 0.0547 0.0763 0.0030 0.0006 0.0112 
        017s 11 0.4034 0.0584 0.0534 0.0012 0.0150 0.0019 0.1726 0.2926 0.0006 0.0010 
        018s 11 0.0020 0.0047 0.0033 0.0036 0.6019 0.0009 0.3756 0.0048 0.0009 0.0023 
        019s 11 0.0587 0.0006 0.0174 0.8699 0.0066 0.0242 0.0164 0.0048 0.0012 0.0003 
        020s 11 0.0016 0.0015 0.0165 0.0124 0.4503 0.0024 0.4988 0.0110 0.0025 0.0030 
        021s 11 0.0022 0.0007 0.0007 0.3376 0.0015 0.0018 0.6073 0.0469 0.0005 0.0007 
        022s 11 0.1072 0.0039 0.0134 0.7085 0.0180 0.0004 0.0549 0.0640 0.0287 0.0010 
        023s 11 0.0023 0.0157 0.0033 0.0019 0.4544 0.0207 0.4927 0.0077 0.0005 0.0007 
        025s 11 0.0547 0.0004 0.0127 0.8669 0.0095 0.0011 0.0454 0.0082 0.0006 0.0004 
        026s 11 0.0023 0.0376 0.0015 0.8539 0.0017 0.0556 0.0411 0.0039 0.0013 0.0011 
        027s 11 0.0500 0.0008 0.0009 0.9118 0.0074 0.0008 0.0132 0.0105 0.0039 0.0007 
        028s 11 0.0961 0.0065 0.0106 0.1090 0.0069 0.0013 0.7107 0.0571 0.0013 0.0005 
        029s 11 0.1624 0.0232 0.0262 0.7170 0.0035 0.0004 0.0443 0.0200 0.0004 0.0027 
        030s 11 0.2724 0.0278 0.0679 0.0998 0.0035 0.0013 0.4372 0.0868 0.0020 0.0014 
        031s 11 0.0271 0.0005 0.0122 0.7817 0.0097 0.0004 0.0899 0.0748 0.0027 0.0009 
        032s 11 0.0082 0.0015 0.0081 0.0622 0.0988 0.0030 0.7768 0.0402 0.0004 0.0009 
        033s 11 0.0022 0.0043 0.0013 0.9139 0.0613 0.0009 0.0044 0.0091 0.0009 0.0017 
        034s 11 0.0093 0.0013 0.0012 0.0132 0.6043 0.0006 0.3579 0.0086 0.0030 0.0006 
        035s 11 0.0088 0.0033 0.0061 0.1151 0.3901 0.0006 0.4631 0.0082 0.0027 0.0020 
        036s 11 0.2079 0.0108 0.0683 0.0131 0.0098 0.0006 0.6461 0.0401 0.0012 0.0021 
        037s 11 0.1103 0.0011 0.0398 0.0478 0.6983 0.0024 0.0771 0.0207 0.0005 0.0019 
        038s 11 0.1039 0.0024 0.0047 0.0775 0.2508 0.0015 0.4324 0.1252 0.0005 0.0010 
        039s 11 0.0069 0.0024 0.0239 0.0351 0.0064 0.0009 0.9208 0.0027 0.0003 0.0007 
        040s 11 0.2145 0.0387 0.0524 0.1665 0.0067 0.0009 0.5126 0.0050 0.0020 0.0006 
        041s 11 0.2542 0.0007 0.0078 0.1392 0.0047 0.0038 0.5498 0.0192 0.0010 0.0195 
        042s 11 0.0109 0.0013 0.0070 0.2241 0.3957 0.0112 0.0605 0.2867 0.0012 0.0016 
        043s 11 0.0017 0.0124 0.0238 0.8118 0.0056 0.0244 0.1041 0.0150 0.0006 0.0006 
        044s 11 0.0790 0.0005 0.0170 0.6512 0.0355 0.0047 0.1712 0.0294 0.0103 0.0009 
        045s 11 0.2310 0.0004 0.0187 0.6706 0.0085 0.0093 0.0292 0.0300 0.0018 0.0005 
        046s 11 0.2513 0.0268 0.0009 0.0190 0.4402 0.0370 0.1184 0.1025 0.0028 0.0008 
        047s 11 0.2378 0.0006 0.0672 0.6388 0.0036 0.0022 0.0290 0.0183 0.0019 0.0006 
        048s 11 0.0500 0.0052 0.0040 0.7273 0.0020 0.0362 0.1637 0.0061 0.0034 0.0021 
        049s 11 0.0324 0.0021 0.0092 0.4364 0.0074 0.0016 0.4595 0.0494 0.0006 0.0015 
        050s 11 0.1588 0.0010 0.0040 0.5378 0.0066 0.0010 0.2825 0.0036 0.0041 0.0005 
        051s 11 0.0058 0.0006 0.0182 0.6235 0.0784 0.0521 0.1767 0.0185 0.0257 0.0005 
        052s 11 0.1156 0.0013 0.0049 0.1100 0.6126 0.0027 0.0242 0.1215 0.0044 0.0029 
        053s 11 0.0082 0.0005 0.0015 0.5434 0.0169 0.0011 0.4225 0.0037 0.0004 0.0018 
        054s 11 0.0622 0.0012 0.0087 0.8296 0.0180 0.0007 0.0648 0.0082 0.0063 0.0004 
        055s 11 0.0620 0.0140 0.0567 0.1368 0.6794 0.0006 0.0031 0.0463 0.0006 0.0004 
        001s 12 0.0125 0.0026 0.0036 0.0756 0.0173 0.0014 0.8768 0.0064 0.0025 0.0013 
        002s 12 0.0507 0.0019 0.0012 0.9340 0.0021 0.0013 0.0037 0.0012 0.0009 0.0029 
        003s 12 0.0108 0.0007 0.0095 0.9251 0.0145 0.0005 0.0125 0.0246 0.0008 0.0009 
        004s 12 0.0083 0.0637 0.0040 0.0146 0.0024 0.0055 0.8489 0.0501 0.0009 0.0015 
        005s 12 0.0101 0.0006 0.0075 0.0557 0.4802 0.0021 0.4389 0.0027 0.0007 0.0015 
        006s 12 0.1628 0.0132 0.0237 0.0206 0.0330 0.0015 0.6336 0.1073 0.0033 0.0009 
        007s 12 0.3627 0.0010 0.0017 0.6083 0.0034 0.0012 0.0131 0.0033 0.0011 0.0041 
        008s 12 0.0088 0.0042 0.0694 0.8993 0.0031 0.0008 0.0027 0.0100 0.0005 0.0013 
        009s 12 0.0856 0.0107 0.0411 0.0045 0.0200 0.0065 0.7491 0.0619 0.0013 0.0193 
        010s 12 0.0735 0.0071 0.0290 0.7836 0.0497 0.0005 0.0259 0.0043 0.0254 0.0012 
        011s 12 0.0028 0.0016 0.0017 0.8984 0.0094 0.0007 0.0715 0.0086 0.0039 0.0014 
        012s 12 0.0416 0.0014 0.0415 0.0365 0.0033 0.0048 0.7556 0.1108 0.0038 0.0006 
        013s 12 0.0544 0.0008 0.0289 0.5007 0.0020 0.0376 0.3420 0.0320 0.0007 0.0009 
        014s 12 0.0050 0.0027 0.0254 0.0084 0.3848 0.0461 0.4333 0.0493 0.0408 0.0041 
        015s 12 0.0378 0.0045 0.0063 0.8439 0.0036 0.0010 0.0943 0.0048 0.0009 0.0029 
        016s 12 0.0046 0.0005 0.0067 0.0075 0.0012 0.0048 0.9377 0.0356 0.0006 0.0007 
        017s 12 0.1898 0.0079 0.0010 0.6116 0.0893 0.0013 0.0897 0.0073 0.0016 0.0006 
        018s 12 0.2734 0.0019 0.0744 0.4948 0.0080 0.0022 0.1306 0.0114 0.0002 0.0029 
        019s 12 0.1727 0.0066 0.0025 0.5919 0.0797 0.0006 0.1393 0.0027 0.0006 0.0033 
        020s 12 0.2582 0.0680 0.0080 0.0292 0.0135 0.0009 0.6180 0.0032 0.0005 0.0003 
        021s 12 0.0226 0.0048 0.0320 0.1028 0.0031 0.0019 0.6959 0.1354 0.0007 0.0008 
        022s 12 0.0330 0.0256 0.0250 0.1538 0.0815 0.0066 0.6570 0.0111 0.0010 0.0054 
        023s 12 0.0200 0.0006 0.0192 0.1591 0.0137 0.0011 0.7806 0.0042 0.0003 0.0012 
        024s 12 0.1217 0.0008 0.0547 0.3345 0.4085 0.0013 0.0679 0.0097 0.0004 0.0006 
        025s 12 0.0520 0.0013 0.0198 0.1182 0.0074 0.0009 0.7920 0.0022 0.0014 0.0049 
        026s 12 0.0153 0.0246 0.0009 0.0340 0.0717 0.0009 0.8322 0.0079 0.0014 0.0112 
        027s 12 0.0020 0.0034 0.0048 0.9616 0.0053 0.0005 0.0170 0.0041 0.0009 0.0005 
        028s 12 0.0024 0.0030 0.0008 0.0648 0.8152 0.0071 0.0735 0.0114 0.0009 0.0210 
        029s 12 0.0566 0.0013 0.0005 0.3968 0.2837 0.0020 0.2361 0.0215 0.0009 0.0005 
        030s 12 0.1191 0.0008 0.0278 0.1371 0.0179 0.0007 0.6820 0.0116 0.0025 0.0005 
        031s 12 0.0081 0.0025 0.0135 0.9611 0.0017 0.0023 0.0063 0.0023 0.0010 0.0012 
        032s 12 0.0883 0.0008 0.0041 0.2579 0.5821 0.0013 0.0130 0.0415 0.0006 0.0104 
        033s 12 0.0344 0.0013 0.0199 0.8162 0.0237 0.0004 0.0966 0.0032 0.0038 0.0006 
        034s 12 0.0609 0.0005 0.0010 0.2258 0.6933 0.0005 0.0147 0.0020 0.0006 0.0008 
        035s 12 0.0103 0.0126 0.0177 0.7126 0.0753 0.0006 0.0703 0.0989 0.0009 0.0008 
        036s 12 0.1333 0.0022 0.0400 0.0845 0.0296 0.0014 0.4316 0.2700 0.0037 0.0037 
        037s 12 0.1597 0.0014 0.0280 0.7098 0.0019 0.0012 0.0931 0.0038 0.0004 0.0008 
        001s 13 0.0678 0.0160 0.0060 0.0105 0.0176 0.0025 0.8608 0.0164 0.0012 0.0012 
        002s 13 0.0462 0.0524 0.0220 0.1200 0.5796 0.0010 0.1142 0.0637 0.0005 0.0004 
        003s 13 0.0978 0.0010 0.0037 0.8504 0.0087 0.0017 0.0215 0.0139 0.0004 0.0008 
        004s 13 0.0094 0.0013 0.0014 0.0941 0.0149 0.0026 0.8184 0.0436 0.0006 0.0137 
        005s 13 0.0049 0.0029 0.0050 0.9702 0.0014 0.0019 0.0017 0.0048 0.0039 0.0032 
        006s 13 0.0169 0.0006 0.0310 0.8916 0.0175 0.0009 0.0118 0.0264 0.0019 0.0014 
        007s 13 0.1400 0.0007 0.0042 0.0144 0.0070 0.0013 0.8021 0.0084 0.0212 0.0005 
        008s 13 0.0612 0.0508 0.0165 0.5122 0.0024 0.0013 0.3417 0.0098 0.0021 0.0019 
        009s 13 0.0024 0.1227 0.0023 0.8550 0.0031 0.0014 0.0021 0.0009 0.0016 0.0086 
        010s 13 0.2870 0.0301 0.0633 0.5533 0.0018 0.0016 0.0368 0.0244 0.0004 0.0013 
        011s 13 0.0079 0.0038 0.0051 0.0205 0.1154 0.0022 0.8081 0.0109 0.0203 0.0058 
        012s 13 0.3272 0.0182 0.0640 0.1439 0.0041 0.0239 0.0469 0.3655 0.0014 0.0050 
        013s 13 0.0515 0.0263 0.0056 0.0357 0.3913 0.0056 0.4613 0.0017 0.0199 0.0010 
        014s 13 0.1888 0.0010 0.0720 0.0923 0.0023 0.0042 0.6087 0.0091 0.0199 0.0018 
        015s 13 0.0043 0.0075 0.0028 0.9400 0.0116 0.0070 0.0106 0.0049 0.0010 0.0104 
        016s 13 0.0043 0.0003 0.0096 0.8960 0.0033 0.0020 0.0637 0.0192 0.0005 0.0011 
        017s 13 0.0127 0.0058 0.0524 0.8480 0.0082 0.0008 0.0110 0.0564 0.0020 0.0027 
        018s 13 0.0115 0.0007 0.0179 0.8828 0.0076 0.0010 0.0288 0.0487 0.0004 0.0007 
        019s 13 0.1979 0.0007 0.0263 0.5572 0.0817 0.0015 0.0834 0.0493 0.0015 0.0007 
        020s 13 0.0017 0.0015 0.0077 0.2449 0.7237 0.0005 0.0110 0.0019 0.0048 0.0023 
        021s 13 0.0616 0.0014 0.0021 0.7769 0.0230 0.0019 0.1272 0.0046 0.0008 0.0005 
        022s 13 0.0123 0.0018 0.0099 0.9470 0.0035 0.0012 0.0203 0.0028 0.0004 0.0006 
        023s 13 0.0536 0.0011 0.0026 0.8757 0.0437 0.0006 0.0178 0.0037 0.0004 0.0009 
        024s 13 0.0042 0.0241 0.0074 0.0096 0.0027 0.0353 0.8620 0.0488 0.0049 0.0011 
        025s 13 0.1044 0.0006 0.0010 0.2707 0.0026 0.0027 0.6056 0.0104 0.0006 0.0013 
        026s 13 0.3059 0.0472 0.0866 0.2716 0.0126 0.0129 0.1157 0.1446 0.0023 0.0005 
        027s 13 0.2255 0.0462 0.0309 0.6126 0.0066 0.0015 0.0667 0.0036 0.0029 0.0035 
        028s 13 0.0013 0.0018 0.0235 0.0098 0.2115 0.0014 0.7348 0.0047 0.0046 0.0067 
        029s 13 0.1485 0.0182 0.0198 0.1296 0.6076 0.0028 0.0623 0.0074 0.0029 0.0008 
        030s 13 0.2005 0.0723 0.0017 0.2281 0.4563 0.0277 0.0023 0.0096 0.0007 0.0008 
        031s 13 0.2170 0.0043 0.0017 0.1161 0.0016 0.0982 0.4833 0.0732 0.0033 0.0013 
        032s 13 0.0097 0.0008 0.0021 0.9478 0.0107 0.0004 0.0144 0.0027 0.0107 0.0007 
        033s 13 0.0208 0.0028 0.0474 0.2447 0.0057 0.0011 0.6383 0.0303 0.0077 0.0012 
        034s 13 0.0022 0.0554 0.0006 0.0940 0.8091 0.0013 0.0157 0.0017 0.0155 0.0045 
        035s 13 0.0135 0.0007 0.0051 0.6900 0.2589 0.0055 0.0204 0.0034 0.0007 0.0019 
        036s 13 0.2333 0.0018 0.0136 0.6104 0.1187 0.0007 0.0132 0.0068 0.0007 0.0007 
        037s 13 0.0982 0.0005 0.0008 0.8543 0.0115 0.0022 0.0263 0.0047 0.0007 0.0008 
        038s 13 0.1438 0.0014 0.0136 0.1785 0.3978 0.0027 0.1847 0.0742 0.0014 0.0020 
        039s 13 0.0021 0.0888 0.0011 0.2002 0.0101 0.0658 0.6277 0.0024 0.0010 0.0009 
        040s 13 0.1969 0.0018 0.0124 0.5508 0.0081 0.0018 0.1589 0.0677 0.0010 0.0006 
        041s 13 0.0500 0.0373 0.0432 0.0219 0.0114 0.0021 0.8261 0.0030 0.0043 0.0009 
        042s 13 0.0660 0.0006 0.0013 0.0295 0.8487 0.0015 0.0473 0.0020 0.0018 0.0014 
        001s 14 0.1147 0.0213 0.0176 0.0046 0.5138 0.0016 0.2308 0.0919 0.0009 0.0026 
        002s 14 0.0092 0.0658 0.0043 0.8852 0.0061 0.0017 0.0105 0.0113 0.0027 0.0031 
        003s 14 0.0110 0.0008 0.0044 0.0064 0.9142 0.0014 0.0497 0.0104 0.0006 0.0010 
        004s 14 0.0072 0.0124 0.0080 0.5855 0.0052 0.0038 0.3572 0.0056 0.0141 0.0010 
        005s 14 0.0013 0.0004 0.0040 0.0214 0.1278 0.0007 0.8248 0.0184 0.0003 0.0010 
        006s 14 0.0713 0.0005 0.0010 0.3389 0.0239 0.0004 0.5495 0.0134 0.0008 0.0004 
        007s 14 0.0054 0.0009 0.0040 0.9671 0.0097 0.0019 0.0048 0.0043 0.0012 0.0007 
        008s 14 0.0764 0.0987 0.0187 0.0563 0.7029 0.0035 0.0107 0.0032 0.0094 0.0202 
        009s 14 0.0343 0.0034 0.0039 0.4402 0.0262 0.0011 0.4678 0.0138 0.0007 0.0087 
        010s 14 0.0085 0.0609 0.0146 0.0167 0.2258 0.0018 0.6393 0.0160 0.0006 0.0158 
        011s 14 0.0343 0.0030 0.0642 0.5690 0.3112 0.0011 0.0067 0.0032 0.0065 0.0008 
        012s 14 0.0313 0.0009 0.0139 0.2161 0.6617 0.0035 0.0477 0.0199 0.0024 0.0026 
        013s 14 0.2132 0.0014 0.0131 0.2974 0.0755 0.0094 0.0056 0.3779 0.0055 0.0010 
        014s 14 0.2149 0.0497 0.0076 0.6356 0.0151 0.0009 0.0201 0.0466 0.0007 0.0088 
        015s 14 0.2951 0.0011 0.0089 0.6584 0.0107 0.0029 0.0072 0.0073 0.0007 0.0078 
        016s 14 0.2103 0.0016 0.0115 0.1712 0.0011 0.0122 0.5560 0.0350 0.0003 0.0007 
        017s 14 0.2460 0.0596 0.0378 0.5466 0.0063 0.0008 0.0407 0.0491 0.0124 0.0009 
        018s 14 0.0639 0.0011 0.0420 0.6426 0.0063 0.0012 0.2328 0.0085 0.0005 0.0011 
        019s 14 0.0155 0.0013 0.0097 0.8684 0.0075 0.0008 0.0896 0.0047 0.0018 0.0006 
        020s 14 0.0073 0.0009 0.0023 0.0497 0.5812 0.0020 0.3443 0.0045 0.0004 0.0073 
        021s 14 0.0060 0.0071 0.0023 0.8774 0.0051 0.0009 0.0757 0.0141 0.0004 0.0110 
        022s 14 0.1085 0.0043 0.0264 0.0123 0.0176 0.0013 0.8139 0.0103 0.0041 0.0011 
        023s 14 0.0278 0.0104 0.0009 0.0485 0.0112 0.0033 0.8072 0.0868 0.0020 0.0018 
        024s 14 0.1595 0.0548 0.0051 0.6258 0.1128 0.0026 0.0240 0.0125 0.0015 0.0015 
        025s 14 0.0130 0.0705 0.0019 0.8632 0.0235 0.0004 0.0189 0.0077 0.0004 0.0005 
