        001s  1 0.0004 0.0004 0.0054 0.0012 0.7228 0.2680 0.0008 0.0009 
        002s  1 0.0023 0.0013 0.0394 0.0005 0.1144 0.8375 0.0007 0.0039 
        003s  1 0.0006 0.0020 0.0102 0.0234 0.0067 0.9361 0.0027 0.0183 
        004s  1 0.0265 0.0050 0.0041 0.0006 0.4546 0.5021 0.0046 0.0025 
        005s  1 0.1364 0.0011 0.0015 0.0004 0.0167 0.4959 0.1712 0.1768 
        006s  1 0.0013 0.0004 0.0071 0.0003 0.9870 0.0028 0.0004 0.0007 
        007s  1 0.0004 0.0046 0.0746 0.0007 0.8981 0.0181 0.0024 0.0010 
        008s  1 0.0019 0.0011 0.1921 0.0011 0.1622 0.5992 0.0018 0.0407 
        009s  1 0.0024 0.0049 0.0039 0.0042 0.5566 0.3734 0.0382 0.0164 
        010s  1 0.0012 0.0004 0.0221 0.0004 0.9609 0.0035 0.0082 0.0033 
        011s  1 0.0021 0.0019 0.0117 0.0032 0.9345 0.0098 0.0015 0.0353 
        012s  1 0.0054 0.0010 0.0041 0.0090 0.8106 0.0478 0.1141 0.0081 
        013s  1 0.0100 0.0102 0.0134 0.0011 0.9372 0.0094 0.0026 0.0162 
        014s  1 0.0019 0.0054 0.0087 0.0199 0.9095 0.0114 0.0323 0.0110 
        015s  1 0.0005 0.0007 0.0049 0.0010 0.9795 0.0108 0.0007 0.0020 
        016s  1 0.0006 0.0074 0.0667 0.0008 0.8658 0.0525 0.0043 0.0020 
        018s  1 0.0016 0.0013 0.5047 0.0008 0.1991 0.0819 0.1359 0.0748 
        019s  1 0.0004 0.0008 0.0600 0.0045 0.7738 0.1383 0.0201 0.0021 
        020s  1 0.0003 0.0075 0.0389 0.0081 0.9315 0.0049 0.0009 0.0080 
        021s  1 0.0068 0.0079 0.0902 0.0008 0.8781 0.0147 0.0003 0.0013 
        022s  1 0.0004 0.0010 0.0100 0.0006 0.0110 0.9761 0.0003 0.0007 
        023s  1 0.0004 0.0089 0.1863 0.0012 0.6128 0.1677 0.0006 0.0222 
        024s  1 0.0019 0.0006 0.0081 0.0005 0.9793 0.0067 0.0013 0.0016 
        025s  1 0.0016 0.0010 0.7338 0.0004 0.1820 0.0082 0.0087 0.0643 
        026s  1 0.0005 0.0071 0.0967 0.0060 0.8746 0.0064 0.0010 0.0076 
        027s  1 0.0159 0.0050 0.8315 0.0005 0.0140 0.0254 0.0016 0.1060 
        028s  1 0.0539 0.0005 0.7763 0.0018 0.0216 0.0037 0.0414 0.1008 
        029s  1 0.0007 0.0008 0.0047 0.0064 0.9758 0.0103 0.0009 0.0005 
        030s  1 0.0058 0.0007 0.7853 0.0084 0.1336 0.0045 0.0012 0.0605 
        031s  1 0.0004 0.0013 0.0066 0.0003 0.9498 0.0378 0.0003 0.0035 
        032s  1 0.0009 0.0007 0.0189 0.0011 0.9715 0.0049 0.0009 0.0011 
        033s  1 0.0008 0.0007 0.0057 0.0005 0.9479 0.0097 0.0034 0.0314 
        034s  1 0.0022 0.0582 0.0596 0.0036 0.3193 0.5379 0.0013 0.0178 
        035s  1 0.0019 0.0009 0.0060 0.0014 0.9827 0.0030 0.0026 0.0013 
        036s  1 0.0011 0.0015 0.0434 0.0003 0.3706 0.4875 0.0945 0.0011 
        037s  1 0.0071 0.0388 0.0230 0.0022 0.7704 0.0299 0.1065 0.0220 
        038s  1 0.0009 0.0009 0.0242 0.0008 0.9562 0.0103 0.0017 0.0048 
        039s  1 0.0040 0.0004 0.0067 0.0006 0.9045 0.0172 0.0003 0.0663 
        040s  1 0.0036 0.0033 0.0757 0.0006 0.8421 0.0684 0.0013 0.0049 
        041s  1 0.0003 0.0039 0.0253 0.0010 0.9513 0.0074 0.0020 0.0088 
        042s  1 0.0008 0.0784 0.0578 0.0008 0.6968 0.0845 0.0790 0.0019 
        043s  1 0.0007 0.0005 0.0126 0.0013 0.0138 0.8858 0.0023 0.0831 
        044s  1 0.0087 0.0159 0.2970 0.0029 0.3692 0.2167 0.0639 0.0257 
        045s  1 0.0022 0.0008 0.0896 0.0009 0.8950 0.0014 0.0094 0.0007 
        046s  1 0.0004 0.0008 0.0144 0.0017 0.9627 0.0144 0.0015 0.0041 
        047s  1 0.0003 0.0047 0.0106 0.0013 0.9742 0.0042 0.0011 0.0036 
        048s  1 0.0002 0.0013 0.0019 0.0005 0.4611 0.4946 0.0326 0.0078 
        049s  1 0.0025 0.0006 0.0087 0.0010 0.0223 0.9583 0.0005 0.0060 
        050s  1 0.0021 0.0006 0.0066 0.0004 0.8766 0.0148 0.0973 0.0015 
        051s  1 0.0007 0.0008 0.0193 0.0279 0.9433 0.0058 0.0004 0.0019 
        052s  1 0.0043 0.0014 0.7911 0.0203 0.1186 0.0349 0.0108 0.0186 
        053s  1 0.0003 0.0005 0.0132 0.0003 0.9775 0.0031 0.0013 0.0038 
        054s  1 0.0021 0.0010 0.0112 0.0029 0.9787 0.0022 0.0003 0.0015 
        055s  1 0.0005 0.0681 0.0033 0.0011 0.8291 0.0014 0.0670 0.0295 
          01  2 0.0019 0.0024 0.0068 0.0291 0.8213 0.0182 0.1190 0.0014 
          02  2 0.0009 0.0005 0.2364 0.0015 0.7260 0.0069 0.0074 0.0204 
          03  2 0.0007 0.0010 0.2528 0.0003 0.7185 0.0084 0.0018 0.0164 
          04  2 0.0174 0.0138 0.6831 0.0008 0.1369 0.0502 0.0022 0.0956 
          05  2 0.0004 0.0005 0.0549 0.0003 0.0146 0.7733 0.1125 0.0435 
          06  2 0.0014 0.0005 0.1116 0.0006 0.8495 0.0083 0.0212 0.0069 
          07  2 0.0019 0.0007 0.0034 0.0010 0.8719 0.1096 0.0060 0.0055 
          08  2 0.0006 0.0010 0.0786 0.0014 0.0764 0.7456 0.0806 0.0159 
          09  2 0.0004 0.0003 0.0138 0.0094 0.9357 0.0393 0.0006 0.0006 
          10  2 0.0005 0.0005 0.0654 0.0005 0.8937 0.0125 0.0012 0.0256 
          11  2 0.0010 0.0027 0.0068 0.0108 0.9459 0.0130 0.0185 0.0013 
          12  2 0.0006 0.0008 0.3931 0.0015 0.5835 0.0169 0.0009 0.0027 
          13  2 0.0003 0.0008 0.0173 0.0009 0.7830 0.1849 0.0004 0.0124 
          14  2 0.0049 0.0317 0.0059 0.0029 0.6083 0.3436 0.0002 0.0025 
          15  2 0.0007 0.0012 0.0133 0.0009 0.6671 0.3155 0.0004 0.0008 
          16  2 0.0577 0.0043 0.0104 0.0035 0.9102 0.0028 0.0013 0.0098 
          17  2 0.0012 0.0012 0.5657 0.0011 0.2659 0.1080 0.0015 0.0554 
          18  2 0.0024 0.0007 0.0657 0.0013 0.9036 0.0018 0.0124 0.0122 
          19  2 0.0004 0.0042 0.0348 0.0018 0.9492 0.0067 0.0010 0.0019 
          20  2 0.0069 0.0061 0.0514 0.0019 0.8663 0.0030 0.0597 0.0048 
          21  2 0.0005 0.0005 0.0550 0.0169 0.9047 0.0184 0.0017 0.0023 
          22  2 0.0050 0.0052 0.1776 0.0054 0.7447 0.0035 0.0024 0.0562 
          23  2 0.0012 0.0021 0.1505 0.0008 0.8386 0.0033 0.0014 0.0021 
          24  2 0.0005 0.0008 0.0308 0.0014 0.9596 0.0032 0.0006 0.0031 
          25  2 0.0290 0.0009 0.0088 0.0019 0.8555 0.0974 0.0045 0.0020 
          26  2 0.0004 0.0003 0.0013 0.0007 0.0017 0.9946 0.0006 0.0005 
          27  2 0.0251 0.0044 0.0109 0.0015 0.9350 0.0209 0.0009 0.0012 
          28  2 0.0002 0.0036 0.0494 0.0011 0.8637 0.0791 0.0014 0.0015 
          29  2 0.0010 0.0002 0.0446 0.0008 0.9438 0.0078 0.0012 0.0007 
          30  2 0.0004 0.0849 0.5579 0.0083 0.1059 0.0572 0.1469 0.0386 
          01  3 0.0284 0.0228 0.0116 0.0004 0.2538 0.0091 0.2211 0.4527 
          02  3 0.3185 0.0035 0.0832 0.0750 0.0203 0.0029 0.2137 0.2829 
          03  3 0.2620 0.0018 0.0553 0.0003 0.2666 0.0021 0.2670 0.1450 
          04  3 0.2230 0.0015 0.0719 0.0015 0.0796 0.0017 0.3277 0.2932 
          05  3 0.2900 0.1211 0.0006 0.1162 0.0008 0.0005 0.2498 0.2210 
          06  3 0.3515 0.0009 0.0494 0.0004 0.0103 0.0084 0.2661 0.3130 
          07  3 0.2172 0.0002 0.1485 0.0009 0.1813 0.0008 0.3369 0.1143 
          08  3 0.2370 0.0039 0.2590 0.0031 0.0018 0.0024 0.2784 0.2143 
          09  3 0.2301 0.0029 0.1412 0.0002 0.1213 0.0022 0.3813 0.1207 
          10  3 0.3014 0.1306 0.0187 0.2185 0.0142 0.0084 0.0939 0.2143 
          11  3 0.2428 0.0003 0.1452 0.0003 0.1074 0.0016 0.3519 0.1504 
          12  3 0.2526 0.0005 0.1146 0.0005 0.0774 0.0440 0.3552 0.1554 
          13  3 0.3576 0.0003 0.0032 0.0201 0.0021 0.0017 0.2959 0.3191 
          14  3 0.3365 0.1557 0.0050 0.0474 0.0008 0.0035 0.2107 0.2404 
          15  3 0.1917 0.0012 0.1945 0.0002 0.0935 0.0128 0.2955 0.2106 
          16  3 0.3694 0.0048 0.0470 0.0026 0.0212 0.0130 0.0994 0.4425 
          17  3 0.1183 0.0006 0.3426 0.0005 0.0088 0.0014 0.3563 0.1714 
          18  3 0.2425 0.2781 0.0048 0.1662 0.0092 0.0065 0.1183 0.1745 
          19  3 0.2951 0.0042 0.1357 0.0005 0.0042 0.0059 0.1864 0.3681 
          20  3 0.1762 0.0542 0.1071 0.0003 0.0126 0.0313 0.3076 0.3108 
          21  3 0.2002 0.0094 0.0045 0.0010 0.1966 0.0021 0.1923 0.3938 
          22  3 0.1612 0.0019 0.2389 0.0005 0.0011 0.0146 0.4049 0.1769 
          23  3 0.2103 0.0007 0.1994 0.0003 0.0021 0.0019 0.2631 0.3220 
          24  3 0.1731 0.0012 0.0121 0.1695 0.0126 0.0184 0.3791 0.2340 
          25  3 0.1602 0.1347 0.0004 0.2503 0.0007 0.0003 0.1744 0.2790 
          26  3 0.2610 0.0006 0.1680 0.0005 0.0064 0.0224 0.3616 0.1796 
          27  3 0.2247 0.1778 0.0078 0.1361 0.0134 0.0299 0.1256 0.2848 
          28  3 0.2788 0.0002 0.0220 0.0026 0.0144 0.0371 0.2569 0.3880 
          29  3 0.2479 0.0101 0.1347 0.0040 0.0048 0.0071 0.2535 0.3380 
          30  3 0.1168 0.0003 0.0400 0.0010 0.0041 0.2223 0.3046 0.3109 
         001  4 0.0001 0.0001 0.0001 0.0001 0.0001 0.0001 0.9994 0.0001 
         002  4 0.0003 0.0001 0.0002 0.0002 0.0002 0.0002 0.9980 0.0006 
         003  4 0.0001 0.0001 0.0001 0.0001 0.0001 0.0001 0.9994 0.0001 
         004  4 0.0002 0.0001 0.0001 0.0001 0.0001 0.0001 0.9993 0.0001 
         005  4 0.0002 0.0001 0.0001 0.0002 0.0001 0.0001 0.9990 0.0001 
         006  4 0.0690 0.0002 0.0003 0.0003 0.0005 0.0005 0.9041 0.0250 
         007  4 0.0645 0.0005 0.0007 0.0002 0.0008 0.0042 0.9289 0.0003 
         008  4 0.0008 0.0034 0.0004 0.0024 0.0006 0.0009 0.9910 0.0004 
         009  4 0.0003 0.0001 0.0001 0.0001 0.0001 0.0001 0.9991 0.0001 
         010  4 0.0177 0.0001 0.0001 0.0001 0.0001 0.0001 0.9819 0.0001 
         011  4 0.0393 0.0128 0.0004 0.0003 0.0008 0.0016 0.9443 0.0004 
         012  4 0.0001 0.0001 0.0001 0.0001 0.0001 0.0001 0.9994 0.0001 
         013  4 0.0001 0.0001 0.0001 0.0001 0.0001 0.0001 0.9994 0.0001 
         014  4 0.0002 0.0001 0.0002 0.0001 0.0001 0.0002 0.9990 0.0001 
         015  4 0.0001 0.0000 0.0001 0.0001 0.0001 0.0001 0.9993 0.0003 
         016  4 0.0002 0.0001 0.0001 0.0001 0.0001 0.0001 0.9993 0.0001 
         017  4 0.0002 0.0001 0.0001 0.0001 0.0001 0.0002 0.9988 0.0004 
         019  4 0.0921 0.0005 0.0003 0.0003 0.0002 0.0003 0.9028 0.0035 
         020  4 0.0001 0.0001 0.0001 0.0002 0.0001 0.0002 0.9990 0.0001 
         021  4 0.0302 0.0002 0.0004 0.0003 0.0003 0.0002 0.9684 0.0002 
         001  5 0.0005 0.0338 0.0006 0.0016 0.0015 0.0006 0.9544 0.0069 
         002  5 0.0002 0.0026 0.0032 0.0013 0.0072 0.0161 0.9406 0.0290 
         003  5 0.0455 0.0029 0.0276 0.0002 0.1229 0.0021 0.7083 0.0904 
         004  5 0.0014 0.0025 0.0060 0.0004 0.0531 0.0045 0.9301 0.0020 
         005  5 0.0005 0.0005 0.0002 0.0002 0.0002 0.0002 0.9453 0.0529 
         006  5 0.0480 0.0001 0.0008 0.0006 0.0005 0.0004 0.8258 0.1237 
         007  5 0.0610 0.0003 0.0002 0.0003 0.0002 0.0003 0.8712 0.0664 
         008  5 0.0021 0.0001 0.0002 0.0002 0.0001 0.0001 0.9270 0.0702 
         009  5 0.0074 0.0011 0.0458 0.0003 0.0075 0.0037 0.9143 0.0199 
         010  5 0.0361 0.0016 0.0019 0.0003 0.0016 0.0010 0.8720 0.0855 
         011  5 0.0003 0.0023 0.0012 0.0002 0.0010 0.0006 0.9413 0.0532 
         012  5 0.0795 0.0037 0.0141 0.0014 0.0224 0.0047 0.8476 0.0267 
         013  5 0.0091 0.0004 0.1643 0.0006 0.0085 0.0017 0.7078 0.1076 
         014  5 0.0748 0.0146 0.0761 0.0090 0.0647 0.0262 0.6819 0.0528 
         015  5 0.0217 0.0002 0.0002 0.0002 0.0002 0.0002 0.9397 0.0377 
         016  5 0.0526 0.0003 0.0009 0.0007 0.0014 0.0009 0.9061 0.0369 
         017  5 0.0619 0.0003 0.0066 0.0030 0.0113 0.0122 0.8365 0.0683 
         018  5 0.0073 0.0157 0.0208 0.0215 0.0199 0.0045 0.8312 0.0792 
         019  5 0.0003 0.0016 0.0003 0.0117 0.0004 0.0003 0.9847 0.0007 
         020  5 0.0001 0.0002 0.0001 0.0001 0.0002 0.0001 0.9989 0.0003 
         021  5 0.0004 0.0013 0.0060 0.0004 0.1349 0.0064 0.8474 0.0031 
         022  5 0.0215 0.0227 0.0102 0.0024 0.0149 0.0049 0.9198 0.0037 
         023  5 0.0056 0.0021 0.0009 0.0005 0.0011 0.0009 0.9238 0.0652 
         024  5 0.0740 0.0007 0.0236 0.0004 0.0094 0.0046 0.8856 0.0016 
         025  5 0.0683 0.0004 0.0051 0.0012 0.0089 0.0105 0.8703 0.0353 
         026  5 0.0193 0.0003 0.0841 0.0005 0.0470 0.0017 0.8241 0.0230 
         027  5 0.0006 0.0001 0.0002 0.0001 0.0002 0.0002 0.9984 0.0002 
         028  5 0.0520 0.0055 0.0064 0.0009 0.0146 0.0031 0.9086 0.0089 
         029  5 0.0022 0.0002 0.0006 0.0003 0.0006 0.0003 0.9669 0.0289 
         030  5 0.0007 0.0011 0.0006 0.0058 0.0004 0.0007 0.9615 0.0291 
        001s  6 0.0147 0.0197 0.0845 0.0008 0.5911 0.2799 0.0011 0.0081 
        002s  6 0.0006 0.0011 0.1730 0.0187 0.7631 0.0055 0.0335 0.0046 
        003s  6 0.0003 0.0025 0.0381 0.0005 0.6813 0.2501 0.0114 0.0159 
        004s  6 0.0004 0.0007 0.0206 0.0006 0.9598 0.0165 0.0004 0.0009 
        006s  6 0.0179 0.0127 0.0209 0.0011 0.8708 0.0058 0.0567 0.0141 
        007s  6 0.0027 0.0004 0.0341 0.0009 0.9555 0.0029 0.0005 0.0029 
        008s  6 0.0006 0.0060 0.2339 0.0035 0.7368 0.0130 0.0041 0.0021 
        009s  6 0.0004 0.0009 0.5362 0.0010 0.4531 0.0058 0.0002 0.0025 
        010s  6 0.0058 0.0111 0.0046 0.0096 0.9385 0.0026 0.0244 0.0034 
        011s  6 0.0012 0.0009 0.3017 0.0003 0.6785 0.0033 0.0005 0.0135 
        012s  6 0.0019 0.0011 0.0124 0.0023 0.9737 0.0063 0.0004 0.0018 
        013s  6 0.0006 0.0005 0.0152 0.0007 0.9753 0.0054 0.0015 0.0008 
        014s  6 0.0003 0.0004 0.0064 0.0003 0.5420 0.3820 0.0611 0.0076 
        015s  6 0.0110 0.0059 0.4609 0.0011 0.4982 0.0028 0.0133 0.0068 
        016s  6 0.0010 0.0009 0.0036 0.0007 0.9429 0.0496 0.0005 0.0008 
        018s  6 0.0005 0.0023 0.0057 0.0007 0.6983 0.0081 0.2275 0.0570 
        019s  6 0.0008 0.0040 0.2442 0.0010 0.5898 0.0740 0.0044 0.0818 
        020s  6 0.0003 0.0007 0.0161 0.0009 0.9032 0.0332 0.0002 0.0454 
        021s  6 0.0071 0.0029 0.0036 0.0012 0.9735 0.0025 0.0015 0.0076 
        022s  6 0.0002 0.0043 0.0142 0.0005 0.9574 0.0207 0.0013 0.0013 
        023s  6 0.0005 0.0010 0.4136 0.0003 0.0224 0.4766 0.0200 0.0656 
        024s  6 0.0020 0.0011 0.0113 0.0016 0.9241 0.0124 0.0455 0.0020 
        025s  6 0.0010 0.0675 0.0295 0.0009 0.8907 0.0072 0.0015 0.0017 
        026s  6 0.0007 0.0007 0.0562 0.0019 0.9259 0.0129 0.0005 0.0012 
        027s  6 0.0006 0.0005 0.0369 0.0018 0.9457 0.0103 0.0011 0.0031 
        028s  6 0.0032 0.0057 0.0150 0.0477 0.8865 0.0019 0.0096 0.0304 
        029s  6 0.0005 0.0017 0.1525 0.0015 0.8234 0.0027 0.0004 0.0174 
        030s  6 0.0005 0.0097 0.1567 0.0023 0.7579 0.0020 0.0680 0.0028 
        031s  6 0.0035 0.0005 0.1343 0.0005 0.2068 0.6521 0.0011 0.0011 
        032s  6 0.0004 0.0010 0.0055 0.0006 0.9425 0.0149 0.0028 0.0323 
        033s  6 0.0003 0.0008 0.0053 0.0004 0.8845 0.0016 0.0861 0.0210 
        034s  6 0.0048 0.0138 0.4052 0.0004 0.5509 0.0130 0.0014 0.0105 
        035s  6 0.0005 0.0008 0.0006 0.0008 0.0015 0.8601 0.1296 0.0061 
        036s  6 0.0023 0.0010 0.0177 0.0002 0.9613 0.0029 0.0004 0.0140 
        037s  6 0.0006 0.0018 0.0173 0.0016 0.9701 0.0062 0.0007 0.0017 
        038s  6 0.0023 0.0009 0.1572 0.0014 0.6331 0.2040 0.0004 0.0006 
        039s  6 0.0003 0.0009 0.3144 0.0007 0.6713 0.0089 0.0002 0.0034 
        040s  6 0.0017 0.0005 0.0794 0.0005 0.6503 0.2616 0.0003 0.0057 
        041s  6 0.0002 0.0035 0.0490 0.0057 0.2871 0.5796 0.0660 0.0089 
        042s  6 0.0009 0.0520 0.0333 0.0055 0.8802 0.0100 0.0102 0.0078 
        043s  6 0.0014 0.0043 0.0176 0.0003 0.9716 0.0030 0.0010 0.0008 
        044s  6 0.0004 0.0007 0.0056 0.0026 0.8750 0.1131 0.0010 0.0016 
        045s  6 0.0005 0.0026 0.0270 0.0007 0.9493 0.0136 0.0041 0.0023 
        001s  7 0.0004 0.0016 0.0670 0.0003 0.0411 0.8840 0.0016 0.0039 
        002s  7 0.0019 0.0012 0.0962 0.0014 0.4039 0.4808 0.0110 0.0036 
        003s  7 0.0018 0.0016 0.0029 0.0015 0.0162 0.9658 0.0009 0.0093 
        004s  7 0.0035 0.0008 0.0066 0.0013 0.9616 0.0235 0.0015 0.0011 
        005s  7 0.0026 0.0024 0.0116 0.0005 0.9462 0.0189 0.0158 0.0020 
        006s  7 0.0009 0.0042 0.0735 0.0006 0.8202 0.0055 0.0600 0.0352 
        007s  7 0.0093 0.0017 0.0399 0.0156 0.9217 0.0029 0.0065 0.0024 
        008s  7 0.0005 0.0013 0.0041 0.0031 0.0082 0.9689 0.0126 0.0015 
        009s  7 0.0016 0.0113 0.0408 0.0007 0.9185 0.0237 0.0018 0.0017 
        010s  7 0.0002 0.0017 0.0020 0.0010 0.0053 0.9879 0.0010 0.0009 
        011s  7 0.0004 0.0010 0.0123 0.0011 0.9761 0.0079 0.0005 0.0007 
        012s  7 0.0009 0.0007 0.0216 0.0004 0.9721 0.0026 0.0008 0.0008 
        013s  7 0.0067 0.0041 0.0073 0.0008 0.9741 0.0051 0.0006 0.0013 
        014s  7 0.0007 0.0004 0.0061 0.0004 0.4414 0.5054 0.0442 0.0014 
        015s  7 0.0017 0.0012 0.0622 0.0008 0.8871 0.0034 0.0201 0.0235 
        016s  7 0.0002 0.0014 0.0009 0.0002 0.0005 0.9033 0.0931 0.0005 
        017s  7 0.0008 0.0008 0.0147 0.0003 0.9631 0.0160 0.0016 0.0026 
        018s  7 0.0004 0.0007 0.8112 0.0051 0.0720 0.0039 0.0020 0.1048 
        019s  7 0.0012 0.0133 0.0721 0.0033 0.9012 0.0040 0.0009 0.0040 
        020s  7 0.0011 0.0005 0.0109 0.0002 0.9678 0.0147 0.0006 0.0041 
        021s  7 0.0005 0.0009 0.0095 0.0013 0.9801 0.0045 0.0014 0.0018 
        022s  7 0.0042 0.0012 0.0637 0.0002 0.9248 0.0025 0.0028 0.0007 
        023s  7 0.0010 0.0177 0.0091 0.0015 0.9123 0.0127 0.0057 0.0399 
        024s  7 0.0005 0.0007 0.3660 0.0029 0.6239 0.0029 0.0023 0.0008 
        025s  7 0.0040 0.0009 0.0300 0.0013 0.9549 0.0046 0.0011 0.0031 
        026s  7 0.0003 0.0013 0.0057 0.0017 0.0107 0.9758 0.0017 0.0027 
        027s  7 0.0010 0.0007 0.0054 0.0019 0.5003 0.4879 0.0019 0.0010 
        028s  7 0.0006 0.0005 0.8351 0.0003 0.1029 0.0043 0.0043 0.0521 
        029s  7 0.0006 0.0029 0.0334 0.0010 0.8554 0.0526 0.0116 0.0426 
        030s  7 0.0010 0.0058 0.0957 0.0063 0.7144 0.1647 0.0005 0.0117 
        031s  7 0.0016 0.0095 0.2078 0.0003 0.7559 0.0194 0.0023 0.0032 
        032s  7 0.0003 0.0006 0.0567 0.0048 0.8377 0.0014 0.0973 0.0012 
        033s  7 0.0005 0.0021 0.0067 0.0036 0.9437 0.0033 0.0361 0.0040 
        034s  7 0.0248 0.0005 0.0027 0.0011 0.9129 0.0061 0.0007 0.0511 
        035s  7 0.0003 0.0011 0.0072 0.0005 0.9862 0.0032 0.0004 0.0011 
        036s  7 0.0049 0.0085 0.0097 0.0007 0.9064 0.0682 0.0006 0.0011 
        037s  7 0.0012 0.0075 0.8319 0.0005 0.0347 0.0088 0.0203 0.0950 
        038s  7 0.0003 0.0014 0.5158 0.0007 0.4155 0.0081 0.0071 0.0512 
        039s  7 0.0003 0.0003 0.5734 0.0006 0.0320 0.3494 0.0004 0.0437 
        040s  7 0.0293 0.0006 0.0011 0.0006 0.0016 0.9613 0.0043 0.0012 
        041s  7 0.0007 0.0017 0.0037 0.0015 0.7861 0.1842 0.0134 0.0086 
        042s  7 0.0004 0.0005 0.0057 0.0003 0.0127 0.9732 0.0058 0.0015 
        043s  7 0.0002 0.0036 0.0083 0.0005 0.9714 0.0116 0.0014 0.0029 
        044s  7 0.0093 0.0224 0.0061 0.0024 0.8755 0.0034 0.0444 0.0365 
         003  8 0.0014 0.0006 0.0058 0.0113 0.9682 0.0031 0.0063 0.0033 
         009  8 0.0005 0.0018 0.0286 0.0006 0.9608 0.0063 0.0007 0.0008 
         010  8 0.0002 0.0018 0.0904 0.0005 0.8807 0.0213 0.0005 0.0045 
         017  8 0.0004 0.0033 0.0177 0.0010 0.9699 0.0022 0.0007 0.0048 
         002  9 0.0011 0.0015 0.0099 0.0006 0.9766 0.0093 0.0005 0.0007 
         003  9 0.0004 0.0004 0.0027 0.0003 0.9907 0.0040 0.0003 0.0013 
         004  9 0.0002 0.0010 0.0345 0.0004 0.9543 0.0089 0.0003 0.0004 
         005  9 0.0010 0.0042 0.1536 0.0011 0.8334 0.0055 0.0005 0.0007 
         006  9 0.0011 0.0013 0.0073 0.0005 0.9843 0.0035 0.0009 0.0010 
         007  9 0.0004 0.0017 0.0063 0.0010 0.9784 0.0051 0.0044 0.0027 
         009  9 0.0002 0.0016 0.0077 0.0010 0.9776 0.0095 0.0010 0.0013 
         010  9 0.0003 0.0015 0.0727 0.0022 0.9167 0.0061 0.0002 0.0003 
         013  9 0.0010 0.0011 0.0076 0.0004 0.9682 0.0189 0.0015 0.0013 
         014  9 0.0003 0.0018 0.0501 0.0041 0.9343 0.0080 0.0005 0.0008 
         016  9 0.0003 0.0008 0.0065 0.0011 0.9880 0.0016 0.0002 0.0014 
         018  9 0.0008 0.0010 0.1952 0.0068 0.7916 0.0030 0.0007 0.0008 
         019  9 0.0008 0.0004 0.0047 0.0040 0.9838 0.0036 0.0014 0.0012 
         020  9 0.0003 0.0002 0.0149 0.0004 0.9808 0.0012 0.0005 0.0017 
         021  9 0.0002 0.0007 0.0727 0.0003 0.9210 0.0028 0.0006 0.0018 
         022  9 0.0004 0.0007 0.1599 0.0013 0.8297 0.0070 0.0003 0.0007 
         024  9 0.0005 0.0036 0.0080 0.0030 0.9701 0.0102 0.0006 0.0040 
         028  9 0.0006 0.0011 0.0089 0.0005 0.9761 0.0070 0.0007 0.0050 
         029  9 0.0003 0.0008 0.0334 0.0011 0.9555 0.0059 0.0003 0.0028 
         030  9 0.0003 0.0009 0.0166 0.0010 0.9724 0.0045 0.0003 0.0041 
         031  9 0.0004 0.0002 0.0072 0.0012 0.9781 0.0100 0.0014 0.0015 
         033  9 0.0003 0.0008 0.0026 0.0008 0.9827 0.0068 0.0049 0.0010 
         001 10 0.0006 0.0003 0.0077 0.0011 0.9813 0.0076 0.0005 0.0008 
         002 10 0.0003 0.0008 0.0296 0.0008 0.9496 0.0106 0.0004 0.0080 
         003 10 0.0008 0.0124 0.0205 0.0005 0.9636 0.0009 0.0003 0.0008 
         004 10 0.0003 0.0036 0.0140 0.0005 0.8887 0.0913 0.0004 0.0011 
         005 10 0.0004 0.0009 0.0086 0.0018 0.9833 0.0032 0.0004 0.0013 
         006 10 0.0004 0.0005 0.0604 0.0006 0.9306 0.0052 0.0013 0.0009 
         007 10 0.0003 0.0018 0.0028 0.0005 0.9887 0.0049 0.0006 0.0005 
         008 10 0.0003 0.0039 0.0044 0.0007 0.9792 0.0026 0.0007 0.0082 
         009 10 0.0012 0.0004 0.0109 0.0035 0.9782 0.0044 0.0004 0.0009 
         010 10 0.0005 0.0009 0.0078 0.0028 0.9683 0.0183 0.0008 0.0007 
         011 10 0.0014 0.0325 0.0127 0.0002 0.9425 0.0076 0.0006 0.0025 
         012 10 0.0008 0.0031 0.0089 0.0005 0.9800 0.0040 0.0005 0.0023 
         013 10 0.0025 0.0008 0.0071 0.0006 0.9852 0.0021 0.0004 0.0012 
         014 10 0.0008 0.0010 0.0170 0.0007 0.8198 0.1596 0.0005 0.0005 
         016 10 0.0008 0.0007 0.0074 0.0018 0.9801 0.0044 0.0006 0.0043 
         017 10 0.0007 0.0007 0.0369 0.0012 0.9550 0.0030 0.0006 0.0020 
         018 10 0.0004 0.0005 0.0081 0.0016 0.9785 0.0029 0.0054 0.0026 
         019 10 0.0004 0.0009 0.0082 0.0049 0.9806 0.0031 0.0003 0.0016 
         020 10 0.0005 0.0018 0.0051 0.0065 0.9724 0.0095 0.0008 0.0033 
         021 10 0.0003 0.0004 0.0100 0.0028 0.9535 0.0299 0.0007 0.0022 
         022 10 0.0006 0.0009 0.0065 0.0003 0.9535 0.0369 0.0004 0.0010 
         023 10 0.0008 0.0015 0.0378 0.0004 0.9536 0.0028 0.0003 0.0028 
         024 10 0.0002 0.0018 0.0044 0.0014 0.9884 0.0028 0.0003 0.0007 
         026 10 0.0003 0.0005 0.0270 0.0006 0.9690 0.0011 0.0003 0.0012 
        001s 11 0.0008 0.0085 0.5045 0.0010 0.0382 0.3531 0.0937 0.0003 
        002s 11 0.0053 0.0017 0.0226 0.0036 0.9551 0.0101 0.0005 0.0011 
        003s 11 0.0004 0.0005 0.4521 0.0017 0.4671 0.0228 0.0082 0.0472 
        004s 11 0.0013 0.0018 0.0680 0.0003 0.9135 0.0140 0.0003 0.0008 
        005s 11 0.0008 0.0005 0.1166 0.0061 0.7828 0.0835 0.0016 0.0082 
        006s 11 0.0039 0.0022 0.0191 0.0018 0.9296 0.0170 0.0010 0.0254 
        007s 11 0.0378 0.0012 0.0021 0.0017 0.8745 0.0670 0.0064 0.0093 
        008s 11 0.0007 0.0003 0.2877 0.0008 0.6370 0.0088 0.0005 0.0643 
        009s 11 0.0004 0.0005 0.0328 0.0172 0.9412 0.0012 0.0004 0.0064 
        010s 11 0.0003 0.0008 0.0028 0.0006 0.8787 0.1130 0.0013 0.0023 
        011s 11 0.0101 0.0095 0.0363 0.0004 0.0329 0.7962 0.1051 0.0094 
        012s 11 0.0004 0.0005 0.6640 0.0012 0.1467 0.0087 0.0973 0.0812 
        013s 11 0.0007 0.0011 0.0401 0.0003 0.6982 0.2458 0.0009 0.0131 
        014s 11 0.0064 0.0013 0.1004 0.0026 0.0715 0.8072 0.0033 0.0073 
        015s 11 0.0019 0.0039 0.3202 0.0010 0.6504 0.0173 0.0019 0.0035 
        016s 11 0.0004 0.0536 0.0026 0.0078 0.6769 0.2148 0.0431 0.0008 
        017s 11 0.0007 0.0015 0.7594 0.0009 0.0364 0.0067 0.0837 0.1106 
        018s 11 0.0011 0.0012 0.0382 0.0022 0.0257 0.9254 0.0033 0.0029 
        019s 11 0.0008 0.0157 0.0128 0.0003 0.9414 0.0052 0.0007 0.0231 
        020s 11 0.0014 0.0014 0.0018 0.0022 0.4449 0.5458 0.0018 0.0008 
        021s 11 0.0004 0.0009 0.0087 0.0005 0.9861 0.0020 0.0006 0.0006 
        022s 11 0.0287 0.0004 0.1660 0.0007 0.7592 0.0116 0.0020 0.0314 
        023s 11 0.0004 0.0290 0.0240 0.0005 0.1210 0.7852 0.0394 0.0005 
        025s 11 0.0005 0.0010 0.0090 0.0002 0.9835 0.0032 0.0003 0.0024 
        026s 11 0.0009 0.0526 0.0099 0.0010 0.8997 0.0007 0.0345 0.0007 
        027s 11 0.0028 0.0009 0.0247 0.0006 0.9642 0.0033 0.0009 0.0027 
        028s 11 0.0010 0.0011 0.1145 0.0004 0.8726 0.0038 0.0049 0.0018 
        029s 11 0.0004 0.0004 0.0680 0.0015 0.8897 0.0018 0.0335 0.0046 
        030s 11 0.0022 0.0009 0.7221 0.0012 0.1286 0.0013 0.0391 0.1047 
        031s 11 0.0018 0.0003 0.1902 0.0008 0.7942 0.0110 0.0004 0.0014 
        032s 11 0.0004 0.0025 0.0261 0.0009 0.8682 0.0931 0.0014 0.0075 
        033s 11 0.0008 0.0010 0.1036 0.0012 0.6871 0.1992 0.0059 0.0013 
        034s 11 0.0022 0.0005 0.0200 0.0006 0.0924 0.8792 0.0011 0.0041 
        035s 11 0.0025 0.0004 0.0037 0.0021 0.5020 0.4838 0.0031 0.0024 
        036s 11 0.0009 0.0005 0.8616 0.0024 0.0150 0.0126 0.0112 0.0959 
        037s 11 0.0003 0.0029 0.0131 0.0015 0.0307 0.9175 0.0011 0.0327 
        038s 11 0.0004 0.0010 0.3318 0.0010 0.3117 0.3449 0.0010 0.0082 
        039s 11 0.0003 0.0009 0.0064 0.0004 0.9784 0.0086 0.0020 0.0030 
        040s 11 0.0014 0.0007 0.0760 0.0005 0.8055 0.0033 0.0550 0.0577 
        041s 11 0.0010 0.0035 0.1026 0.0217 0.8572 0.0101 0.0013 0.0025 
        042s 11 0.0012 0.0073 0.3689 0.0009 0.1424 0.4774 0.0009 0.0011 
        043s 11 0.0007 0.0182 0.0315 0.0004 0.9013 0.0139 0.0132 0.0209 
        044s 11 0.0089 0.0038 0.0952 0.0007 0.8169 0.0710 0.0004 0.0032 
        045s 11 0.0017 0.0090 0.2688 0.0005 0.6642 0.0328 0.0004 0.0228 
        046s 11 0.0038 0.0262 0.2592 0.0009 0.0180 0.6161 0.0329 0.0429 
        047s 11 0.0016 0.0011 0.0437 0.0004 0.8734 0.0043 0.0007 0.0747 
        048s 11 0.0017 0.0338 0.0620 0.0020 0.8892 0.0059 0.0023 0.0031 
        049s 11 0.0003 0.0014 0.1801 0.0013 0.7895 0.0064 0.0022 0.0186 
        050s 11 0.0029 0.0013 0.0100 0.0003 0.9810 0.0038 0.0005 0.0004 
        051s 11 0.0221 0.0502 0.2078 0.0003 0.6531 0.0648 0.0007 0.0010 
        052s 11 0.0040 0.0025 0.0948 0.0015 0.1081 0.7796 0.0021 0.0074 
        053s 11 0.0004 0.0008 0.0041 0.0015 0.9880 0.0041 0.0005 0.0005 
        054s 11 0.0032 0.0006 0.0698 0.0004 0.9149 0.0075 0.0011 0.0025 
        055s 11 0.0004 0.0002 0.0258 0.0003 0.0073 0.8992 0.0151 0.0517 
        001s 12 0.0024 0.0010 0.0092 0.0013 0.9678 0.0102 0.0013 0.0067 
        002s 12 0.0005 0.0009 0.0147 0.0019 0.9778 0.0022 0.0013 0.0007 
        003s 12 0.0006 0.0003 0.0223 0.0006 0.9707 0.0044 0.0005 0.0006 
        004s 12 0.0010 0.0062 0.0782 0.0020 0.8203 0.0055 0.0691 0.0175 
        005s 12 0.0006 0.0008 0.0158 0.0020 0.3776 0.6017 0.0004 0.0010 
        006s 12 0.0035 0.0013 0.1369 0.0007 0.7579 0.0451 0.0215 0.0332 
        007s 12 0.0019 0.0014 0.0114 0.0029 0.9577 0.0022 0.0008 0.0219 
        008s 12 0.0006 0.0006 0.0714 0.0006 0.8771 0.0067 0.0022 0.0407 
        009s 12 0.0012 0.0045 0.3205 0.0193 0.5364 0.0282 0.0156 0.0743 
        010s 12 0.0319 0.0003 0.0375 0.0013 0.8517 0.0643 0.0069 0.0060 
        011s 12 0.0037 0.0010 0.2338 0.0011 0.7432 0.0144 0.0013 0.0015 
        012s 12 0.0068 0.0044 0.6608 0.0007 0.2588 0.0016 0.0015 0.0655 
        013s 12 0.0004 0.0378 0.1133 0.0006 0.8126 0.0082 0.0009 0.0262 
        014s 12 0.0427 0.0505 0.2106 0.0022 0.1743 0.5027 0.0016 0.0153 
        015s 12 0.0006 0.0006 0.0127 0.0018 0.9687 0.0038 0.0045 0.0072 
        016s 12 0.0005 0.0039 0.3431 0.0005 0.6484 0.0021 0.0007 0.0008 
        017s 12 0.0009 0.0013 0.0241 0.0003 0.9122 0.0556 0.0039 0.0016 
        018s 12 0.0002 0.0019 0.2108 0.0034 0.6627 0.0232 0.0013 0.0965 
        019s 12 0.0005 0.0004 0.0063 0.0027 0.9476 0.0372 0.0045 0.0008 
        020s 12 0.0004 0.0008 0.0112 0.0003 0.9006 0.0083 0.0750 0.0035 
        021s 12 0.0005 0.0020 0.3320 0.0006 0.6197 0.0053 0.0020 0.0380 
        022s 12 0.0008 0.0088 0.0285 0.0029 0.8730 0.0479 0.0266 0.0115 
        023s 12 0.0003 0.0012 0.0101 0.0011 0.9726 0.0106 0.0004 0.0038 
        024s 12 0.0004 0.0003 0.2474 0.0004 0.2015 0.4928 0.0008 0.0565 
        025s 12 0.0007 0.0010 0.0039 0.0051 0.9665 0.0030 0.0018 0.0179 
        026s 12 0.0008 0.0008 0.0233 0.0137 0.8701 0.0568 0.0332 0.0013 
        027s 12 0.0006 0.0005 0.0031 0.0003 0.9850 0.0029 0.0023 0.0053 
        028s 12 0.0004 0.0043 0.0040 0.0163 0.0180 0.9552 0.0012 0.0005 
        029s 12 0.0013 0.0008 0.0123 0.0005 0.6647 0.3195 0.0007 0.0003 
        030s 12 0.0015 0.0007 0.0344 0.0004 0.9339 0.0055 0.0009 0.0226 
        031s 12 0.0007 0.0022 0.0357 0.0011 0.9454 0.0043 0.0045 0.0062 
        032s 12 0.0005 0.0015 0.0475 0.0127 0.1137 0.8230 0.0008 0.0004 
        033s 12 0.0035 0.0006 0.0072 0.0007 0.9646 0.0100 0.0011 0.0123 
        034s 12 0.0004 0.0004 0.0067 0.0008 0.1243 0.8661 0.0004 0.0009 
        035s 12 0.0010 0.0004 0.0862 0.0006 0.8324 0.0650 0.0110 0.0035 
        036s 12 0.0054 0.0014 0.2989 0.0024 0.6364 0.0426 0.0016 0.0113 
        037s 12 0.0003 0.0009 0.0057 0.0012 0.9600 0.0019 0.0009 0.0291 
        001s 13 0.0007 0.0021 0.0138 0.0011 0.9602 0.0096 0.0111 0.0014 
        002s 13 0.0003 0.0008 0.0074 0.0003 0.0950 0.7857 0.0663 0.0441 
        003s 13 0.0003 0.0013 0.0222 0.0007 0.9680 0.0033 0.0008 0.0035 
        004s 13 0.0006 0.0037 0.0544 0.0106 0.9058 0.0081 0.0008 0.0161 
        005s 13 0.0026 0.0020 0.0705 0.0024 0.9103 0.0039 0.0024 0.0060 
        006s 13 0.0012 0.0005 0.0237 0.0011 0.9387 0.0078 0.0006 0.0264 
        007s 13 0.0216 0.0008 0.0394 0.0005 0.9201 0.0072 0.0007 0.0096 
        008s 13 0.0022 0.0010 0.1300 0.0019 0.7967 0.0030 0.0496 0.0155 
        009s 13 0.0009 0.0012 0.2693 0.0123 0.5871 0.0020 0.1244 0.0028 
        010s 13 0.0006 0.0010 0.8075 0.0023 0.0419 0.0015 0.0534 0.0918 
        011s 13 0.0150 0.0031 0.0113 0.0054 0.7492 0.1977 0.0058 0.0126 
        012s 13 0.0016 0.0088 0.8295 0.0029 0.0025 0.0046 0.0469 0.1031 
        013s 13 0.0269 0.0083 0.0208 0.0007 0.3569 0.5572 0.0273 0.0021 
        014s 13 0.0194 0.0036 0.1062 0.0013 0.7989 0.0022 0.0011 0.0674 
        015s 13 0.0008 0.0080 0.0060 0.0105 0.9500 0.0156 0.0083 0.0008 
        016s 13 0.0004 0.0013 0.1637 0.0005 0.8274 0.0044 0.0004 0.0019 
        017s 13 0.0022 0.0008 0.0656 0.0039 0.8655 0.0048 0.0045 0.0527 
        018s 13 0.0004 0.0007 0.0823 0.0006 0.9024 0.0121 0.0005 0.0011 
        019s 13 0.0014 0.0010 0.1725 0.0005 0.7661 0.0488 0.0006 0.0090 
        020s 13 0.0040 0.0005 0.0044 0.0022 0.0182 0.9670 0.0012 0.0026 
        021s 13 0.0005 0.0015 0.0044 0.0005 0.9830 0.0079 0.0014 0.0008 
        022s 13 0.0007 0.0008 0.0056 0.0003 0.9856 0.0026 0.0017 0.0026 
        023s 13 0.0003 0.0004 0.0046 0.0006 0.9536 0.0371 0.0013 0.0022 
        024s 13 0.0032 0.0373 0.1179 0.0011 0.7476 0.0216 0.0301 0.0412 
        025s 13 0.0005 0.0016 0.0209 0.0011 0.9686 0.0027 0.0011 0.0035 
        026s 13 0.0013 0.0085 0.7623 0.0004 0.0082 0.0238 0.0667 0.1287 
        027s 13 0.0015 0.0016 0.0046 0.0021 0.9386 0.0011 0.0493 0.0012 
        028s 13 0.0050 0.0046 0.1570 0.0126 0.3625 0.4205 0.0033 0.0344 
        029s 13 0.0017 0.0009 0.1286 0.0007 0.0200 0.7860 0.0190 0.0431 
        030s 13 0.0004 0.0198 0.3084 0.0007 0.0093 0.5895 0.0701 0.0017 
        031s 13 0.0027 0.0974 0.3206 0.0016 0.5711 0.0010 0.0052 0.0005 
        032s 13 0.0098 0.0003 0.0892 0.0004 0.8925 0.0060 0.0006 0.0012 
        033s 13 0.0109 0.0011 0.0138 0.0005 0.9144 0.0095 0.0027 0.0472 
        034s 13 0.0141 0.0008 0.0023 0.0028 0.0065 0.9279 0.0450 0.0007 
        035s 13 0.0005 0.0042 0.0055 0.0020 0.7302 0.2551 0.0006 0.0019 
        036s 13 0.0004 0.0006 0.0689 0.0006 0.7525 0.1715 0.0029 0.0026 
        037s 13 0.0006 0.0020 0.0051 0.0006 0.9834 0.0055 0.0005 0.0023 
        038s 13 0.0012 0.0006 0.0718 0.0020 0.3767 0.5226 0.0005 0.0245 
        039s 13 0.0012 0.0719 0.1131 0.0010 0.7018 0.0088 0.0998 0.0024 
        040s 13 0.0012 0.0011 0.2194 0.0005 0.7609 0.0089 0.0015 0.0065 
        041s 13 0.0053 0.0013 0.0129 0.0006 0.9092 0.0052 0.0545 0.0109 
        042s 13 0.0012 0.0014 0.0071 0.0010 0.0139 0.9740 0.0004 0.0010 
        001s 14 0.0011 0.0012 0.2580 0.0018 0.0495 0.6236 0.0147 0.0500 
        002s 14 0.0007 0.0007 0.0278 0.0033 0.8947 0.0063 0.0628 0.0037 
        003s 14 0.0006 0.0008 0.0026 0.0009 0.0042 0.9892 0.0004 0.0015 
        004s 14 0.0119 0.0031 0.0030 0.0005 0.9648 0.0026 0.0131 0.0009 
        005s 14 0.0003 0.0006 0.0086 0.0004 0.7508 0.2382 0.0004 0.0008 
        006s 14 0.0007 0.0003 0.0205 0.0004 0.9449 0.0179 0.0004 0.0149 
        007s 14 0.0008 0.0018 0.0057 0.0005 0.9787 0.0109 0.0005 0.0011 
        008s 14 0.0059 0.0025 0.0090 0.0137 0.0037 0.8601 0.1033 0.0019 
        009s 14 0.0005 0.0010 0.0078 0.0064 0.9586 0.0212 0.0019 0.0027 
        010s 14 0.0003 0.0008 0.0226 0.0221 0.5379 0.3508 0.0620 0.0035 
        011s 14 0.0082 0.0008 0.0409 0.0003 0.5007 0.3955 0.0017 0.0519 
        012s 14 0.0018 0.0031 0.0211 0.0030 0.0283 0.9231 0.0005 0.0191 
        013s 14 0.0051 0.0046 0.8312 0.0007 0.0355 0.1066 0.0014 0.0149 
        014s 14 0.0004 0.0009 0.1144 0.0075 0.7989 0.0029 0.0486 0.0264 
        015s 14 0.0007 0.0027 0.0103 0.0080 0.9642 0.0099 0.0008 0.0034 
        016s 14 0.0002 0.0102 0.0256 0.0005 0.9596 0.0019 0.0009 0.0011 
        017s 14 0.0083 0.0007 0.1596 0.0006 0.7268 0.0089 0.0605 0.0346 
        018s 14 0.0005 0.0011 0.0081 0.0007 0.9525 0.0083 0.0004 0.0284 
        019s 14 0.0012 0.0007 0.0126 0.0006 0.9756 0.0051 0.0016 0.0027 
        020s 14 0.0003 0.0016 0.0162 0.0113 0.2483 0.7204 0.0007 0.0012 
        021s 14 0.0002 0.0006 0.0152 0.0080 0.9634 0.0048 0.0058 0.0019 
        022s 14 0.0027 0.0016 0.0758 0.0022 0.8273 0.0291 0.0048 0.0564 
        023s 14 0.0017 0.0025 0.1279 0.0017 0.8436 0.0118 0.0103 0.0005 
        024s 14 0.0007 0.0016 0.0107 0.0017 0.6529 0.2705 0.0509 0.0110 
        025s 14 0.0004 0.0004 0.0238 0.0003 0.8044 0.0951 0.0737 0.0018 
        026s 14 0.0003 0.0011 0.6093 0.0025 0.3791 0.0066 0.0005 0.0005 
        027s 14 0.0005 0.0028 0.0292 0.0007 0.8707 0.0333 0.0028 0.0600 
        028s 14 0.0019 0.0007 0.0464 0.0026 0.8829 0.0398 0.0006 0.0252 
        029s 14 0.0003 0.0011 0.1775 0.0006 0.8079 0.0119 0.0004 0.0002 
        030s 14 0.0053 0.0005 0.8224 0.0005 0.0268 0.0885 0.0008 0.0553 
        031s 14 0.0302 0.0017 0.1266 0.0004 0.4835 0.3564 0.0004 0.0008 
        032s 14 0.0017 0.0023 0.0032 0.0004 0.7114 0.2556 0.0011 0.0243 
        033s 14 0.0474 0.0007 0.0055 0.0011 0.6087 0.3343 0.0008 0.0015 
        034s 14 0.0003 0.0006 0.0096 0.0005 0.9839 0.0028 0.0003 0.0021 
        035s 14 0.0643 0.0005 0.7290 0.0005 0.0014 0.0376 0.0716 0.0952 
        036s 14 0.0354 0.0065 0.0036 0.0031 0.1434 0.7371 0.0645 0.0063 
        037s 14 0.0004 0.0020 0.0166 0.0007 0.9594 0.0185 0.0015 0.0010 
        038s 14 0.0005 0.0004 0.0131 0.0006 0.9304 0.0147 0.0005 0.0398 
        039s 14 0.0020 0.0055 0.0184 0.0029 0.9562 0.0109 0.0027 0.0014 
        040s 14 0.0007 0.0011 0.0132 0.0002 0.9438 0.0207 0.0158 0.0044 
        041s 14 0.0016 0.0013 0.5864 0.0006 0.0156 0.3284 0.0005 0.0657 
        042s 14 0.0005 0.0016 0.2719 0.0008 0.6518 0.0018 0.0692 0.0025 
        001s 15 0.0005 0.0022 0.0172 0.0009 0.5395 0.4384 0.0007 0.0003 
        002s 15 0.0030 0.0125 0.1987 0.0080 0.4289 0.1926 0.0982 0.0581 
        003s 15 0.0005 0.0056 0.0082 0.0013 0.9684 0.0052 0.0057 0.0052 
        004s 15 0.0006 0.0003 0.8703 0.0079 0.0692 0.0023 0.0007 0.0489 
        005s 15 0.0013 0.0049 0.0242 0.0016 0.9391 0.0038 0.0094 0.0157 
        006s 15 0.0022 0.0007 0.0417 0.0006 0.8955 0.0059 0.0207 0.0328 
        007s 15 0.0005 0.0004 0.1233 0.0009 0.8174 0.0482 0.0005 0.0087 
        008s 15 0.0006 0.0007 0.1365 0.0008 0.8038 0.0153 0.0007 0.0416 
        009s 15 0.0021 0.0386 0.8192 0.0003 0.0195 0.0047 0.0094 0.1062 
        010s 15 0.0006 0.0024 0.0547 0.0004 0.0403 0.8992 0.0005 0.0020 
        011s 15 0.0336 0.0011 0.8315 0.0004 0.0077 0.0023 0.0007 0.1226 
        012s 15 0.0011 0.0020 0.0181 0.0013 0.9466 0.0021 0.0017 0.0271 
        013s 15 0.0004 0.0018 0.0073 0.0071 0.0288 0.9408 0.0010 0.0129 
        014s 15 0.0008 0.0035 0.0084 0.0039 0.9730 0.0056 0.0011 0.0036 
        015s 15 0.0040 0.0040 0.0323 0.0012 0.8746 0.0019 0.0795 0.0025 
        016s 15 0.0630 0.0004 0.0106 0.0314 0.0894 0.7972 0.0066 0.0013 
        017s 15 0.0007 0.0017 0.0063 0.0136 0.9682 0.0077 0.0012 0.0007 
        018s 15 0.0003 0.0006 0.0353 0.0022 0.4386 0.5132 0.0015 0.0083 
        019s 15 0.0006 0.0084 0.4638 0.0009 0.0027 0.4527 0.0029 0.0680 
        020s 15 0.0006 0.0013 0.1812 0.0006 0.3098 0.5050 0.0008 0.0007 
        021s 15 0.0005 0.0030 0.3970 0.0024 0.4321 0.0540 0.0655 0.0455 
        022s 15 0.0010 0.0006 0.8231 0.0007 0.0925 0.0166 0.0006 0.0649 
        023s 15 0.0018 0.0011 0.8304 0.0005 0.0940 0.0058 0.0291 0.0373 
        024s 15 0.0033 0.0010 0.1213 0.0005 0.8678 0.0035 0.0020 0.0006 
        025s 15 0.0010 0.0215 0.0048 0.0016 0.9342 0.0109 0.0058 0.0202 
        026s 15 0.0008 0.0220 0.0101 0.0024 0.9255 0.0228 0.0014 0.0149 
        027s 15 0.0184 0.0007 0.0039 0.0116 0.9424 0.0166 0.0032 0.0033 
        028s 15 0.0009 0.0012 0.0075 0.0022 0.9779 0.0063 0.0003 0.0036 
        029s 15 0.0008 0.0014 0.0056 0.0013 0.9845 0.0045 0.0008 0.0010 
        030s 15 0.0007 0.0006 0.1479 0.0012 0.8360 0.0098 0.0004 0.0033 
        031s 15 0.0017 0.0079 0.0088 0.0011 0.8451 0.0687 0.0627 0.0040 
        032s 15 0.0002 0.0017 0.1363 0.0006 0.8558 0.0040 0.0008 0.0006 
        033s 15 0.0010 0.0005 0.0061 0.0012 0.0243 0.8722 0.0434 0.0513 
        035s 15 0.0011 0.0007 0.3092 0.0013 0.6658 0.0037 0.0012 0.0169 
        036s 15 0.0020 0.0052 0.2798 0.0003 0.2120 0.4867 0.0009 0.0132 
        037s 15 0.0055 0.0010 0.0260 0.0006 0.9062 0.0101 0.0010 0.0494 
        038s 15 0.0023 0.0005 0.2135 0.0008 0.7309 0.0035 0.0074 0.0412 
        039s 15 0.0004 0.0004 0.4402 0.0004 0.0018 0.4235 0.0630 0.0704 
        040s 15 0.0036 0.0007 0.1240 0.0026 0.8031 0.0297 0.0030 0.0333 
        041s 15 0.0034 0.0021 0.0102 0.0003 0.8710 0.0120 0.0693 0.0316 
        042s 15 0.0004 0.0013 0.0832 0.0032 0.9003 0.0043 0.0059 0.0015 
        043s 15 0.0019 0.0016 0.0034 0.0002 0.5716 0.4056 0.0125 0.0034 
        044s 15 0.0008 0.0007 0.0182 0.0011 0.9695 0.0032 0.0044 0.0022 
        045s 15 0.0287 0.0757 0.4369 0.0023 0.4072 0.0045 0.0038 0.0409 
        046s 15 0.0040 0.0010 0.0030 0.0004 0.9289 0.0276 0.0244 0.0107 
        047s 15 0.0015 0.0005 0.0609 0.0005 0.9018 0.0053 0.0142 0.0153 
        048s 15 0.0009 0.0188 0.0093 0.0010 0.6755 0.2930 0.0005 0.0011 
        049s 15 0.0009 0.0006 0.0522 0.0005 0.8973 0.0275 0.0055 0.0156 
        050s 15 0.0004 0.0022 0.0391 0.0085 0.8043 0.0070 0.1364 0.0022 
         001 16 0.0055 0.0006 0.0323 0.0046 0.0901 0.6398 0.1230 0.1042 
         002 16 0.0008 0.0005 0.0594 0.0005 0.8442 0.0202 0.0116 0.0628 
         003 16 0.0040 0.0012 0.1613 0.0044 0.7907 0.0040 0.0032 0.0312 
         004 16 0.0011 0.0019 0.5274 0.0008 0.4580 0.0029 0.0009 0.0070 
         005 16 0.0064 0.0213 0.0049 0.0026 0.8912 0.0151 0.0571 0.0015 
         006 16 0.0005 0.0108 0.0576 0.0009 0.8628 0.0037 0.0046 0.0592 
         007 16 0.0011 0.0015 0.0361 0.0008 0.9163 0.0282 0.0088 0.0072 
         008 16 0.0162 0.0008 0.4487 0.0014 0.0193 0.2961 0.1484 0.0692 
         009 16 0.0005 0.0004 0.0392 0.0015 0.3902 0.5635 0.0033 0.0015 
         010 16 0.0004 0.0015 0.4341 0.0006 0.2679 0.2076 0.0159 0.0719 
         011 16 0.0010 0.0022 0.0832 0.0007 0.0262 0.8639 0.0059 0.0170 
         012 16 0.0015 0.0015 0.1312 0.0010 0.7706 0.0643 0.0007 0.0293 
         013 16 0.0009 0.0006 0.0511 0.0006 0.9331 0.0051 0.0006 0.0080 
         014 16 0.0006 0.0003 0.0258 0.0017 0.9293 0.0063 0.0320 0.0040 
         015 16 0.0015 0.3669 0.0022 0.0024 0.6149 0.0054 0.0004 0.0063 
         016 16 0.0003 0.0180 0.1083 0.0048 0.8600 0.0060 0.0018 0.0008 
         017 16 0.0101 0.0011 0.0017 0.0009 0.4184 0.5626 0.0023 0.0030 
         018 16 0.0019 0.0192 0.0055 0.0050 0.9112 0.0021 0.0423 0.0129 
         019 16 0.0075 0.0006 0.0103 0.0014 0.0474 0.8762 0.0546 0.0018 
         020 16 0.0004 0.0007 0.0632 0.0011 0.9153 0.0042 0.0003 0.0148 
         021 16 0.0065 0.0007 0.0099 0.0027 0.8484 0.0058 0.0600 0.0661 
         022 16 0.0003 0.0020 0.0186 0.0009 0.9389 0.0016 0.0362 0.0014 
