        001s  1 0.9984 0.0005 0.0003 0.0008 
        002s  1 0.9953 0.0011 0.0026 0.0010 
        003s  1 0.9887 0.0023 0.0007 0.0083 
        004s  1 0.9545 0.0051 0.0357 0.0046 
        005s  1 0.5601 0.0011 0.2113 0.2275 
        006s  1 0.9975 0.0005 0.0016 0.0004 
        007s  1 0.9926 0.0037 0.0005 0.0032 
        008s  1 0.9935 0.0009 0.0013 0.0043 
        009s  1 0.9258 0.0069 0.0033 0.0639 
        010s  1 0.9905 0.0004 0.0010 0.0080 
        011s  1 0.9923 0.0035 0.0024 0.0018 
        012s  1 0.8685 0.0020 0.0065 0.1230 
        013s  1 0.9599 0.0094 0.0280 0.0028 
        014s  1 0.9559 0.0087 0.0017 0.0336 
        015s  1 0.9982 0.0005 0.0006 0.0007 
        016s  1 0.9870 0.0085 0.0007 0.0039 
        018s  1 0.8477 0.0011 0.0028 0.1485 
        019s  1 0.9785 0.0009 0.0006 0.0200 
        020s  1 0.9865 0.0127 0.0003 0.0006 
        021s  1 0.9821 0.0076 0.0101 0.0003 
        022s  1 0.9985 0.0008 0.0004 0.0003 
        023s  1 0.9861 0.0131 0.0005 0.0004 
        024s  1 0.9966 0.0009 0.0013 0.0012 
        025s  1 0.9896 0.0014 0.0019 0.0070 
        026s  1 0.9874 0.0108 0.0009 0.0010 
        027s  1 0.9833 0.0039 0.0108 0.0021 
        028s  1 0.8913 0.0010 0.0559 0.0518 
        029s  1 0.9972 0.0009 0.0006 0.0014 
        030s  1 0.9942 0.0009 0.0038 0.0011 
        031s  1 0.9979 0.0013 0.0003 0.0005 
        032s  1 0.9975 0.0008 0.0007 0.0009 
        033s  1 0.9912 0.0012 0.0013 0.0062 
        034s  1 0.9443 0.0530 0.0012 0.0015 
        035s  1 0.9948 0.0011 0.0022 0.0019 
        036s  1 0.9025 0.0009 0.0013 0.0953 
        037s  1 0.8303 0.0507 0.0089 0.1100 
        038s  1 0.9965 0.0009 0.0009 0.0017 
        039s  1 0.9726 0.0004 0.0264 0.0006 
        040s  1 0.9901 0.0043 0.0044 0.0012 
        041s  1 0.9922 0.0034 0.0005 0.0039 
        042s  1 0.8398 0.0833 0.0004 0.0764 
        043s  1 0.9782 0.0007 0.0014 0.0198 
        044s  1 0.8860 0.0074 0.0145 0.0920 
        045s  1 0.9905 0.0009 0.0014 0.0073 
        046s  1 0.9973 0.0007 0.0004 0.0016 
        047s  1 0.9934 0.0052 0.0004 0.0011 
        048s  1 0.9346 0.0007 0.0003 0.0644 
        049s  1 0.9971 0.0005 0.0016 0.0008 
        050s  1 0.8948 0.0007 0.0024 0.1020 
        051s  1 0.9974 0.0015 0.0006 0.0005 
        052s  1 0.9785 0.0017 0.0093 0.0105 
        053s  1 0.9968 0.0007 0.0005 0.0020 
        054s  1 0.9945 0.0012 0.0040 0.0003 
        055s  1 0.8320 0.0763 0.0014 0.0904 
          01  2 0.8706 0.0017 0.0012 0.1265 
          02  2 0.9770 0.0007 0.0033 0.0189 
          03  2 0.9961 0.0015 0.0009 0.0015 
          04  2 0.9604 0.0156 0.0206 0.0034 
          05  2 0.8682 0.0005 0.0005 0.1308 
          06  2 0.9628 0.0008 0.0021 0.0343 
          07  2 0.9870 0.0009 0.0034 0.0087 
          08  2 0.9130 0.0005 0.0004 0.0860 
          09  2 0.9987 0.0004 0.0003 0.0006 
          10  2 0.9966 0.0005 0.0008 0.0021 
          11  2 0.9843 0.0038 0.0013 0.0106 
          12  2 0.9978 0.0007 0.0009 0.0006 
          13  2 0.9983 0.0006 0.0006 0.0006 
          14  2 0.9620 0.0298 0.0078 0.0003 
          15  2 0.9972 0.0016 0.0007 0.0005 
          16  2 0.9342 0.0054 0.0591 0.0013 
          17  2 0.9944 0.0015 0.0012 0.0029 
          18  2 0.9752 0.0010 0.0031 0.0207 
          19  2 0.9925 0.0055 0.0004 0.0015 
          20  2 0.9255 0.0086 0.0069 0.0591 
          21  2 0.9971 0.0008 0.0006 0.0015 
          22  2 0.9840 0.0089 0.0050 0.0020 
          23  2 0.9935 0.0024 0.0028 0.0014 
          24  2 0.9981 0.0008 0.0006 0.0005 
          25  2 0.9628 0.0009 0.0319 0.0045 
          26  2 0.9982 0.0003 0.0004 0.0010 
          27  2 0.9658 0.0039 0.0293 0.0010 
          28  2 0.9932 0.0047 0.0003 0.0018 
          29  2 0.9980 0.0004 0.0007 0.0009 
          30  2 0.7543 0.0855 0.0007 0.1595 
          01  3 0.3363 0.0131 0.2233 0.4273 
          02  3 0.1895 0.0049 0.4669 0.3387 
          03  3 0.3657 0.0011 0.3163 0.3169 
          04  3 0.1784 0.0017 0.3564 0.4635 
          05  3 0.0656 0.1426 0.4118 0.3800 
          06  3 0.0782 0.0006 0.5027 0.4184 
          07  3 0.3703 0.0004 0.2516 0.3777 
          08  3 0.2963 0.0039 0.3256 0.3741 
          09  3 0.2957 0.0039 0.2710 0.4294 
          10  3 0.2574 0.1332 0.4123 0.1971 
          11  3 0.2775 0.0004 0.3082 0.4140 
          12  3 0.2639 0.0004 0.3157 0.4200 
          13  3 0.0043 0.0003 0.5314 0.4640 
          14  3 0.0458 0.1579 0.4614 0.3349 
          15  3 0.3410 0.0014 0.2786 0.3790 
          16  3 0.0850 0.0018 0.6086 0.3046 
          17  3 0.3989 0.0007 0.1804 0.4200 
          18  3 0.1797 0.2836 0.3322 0.2046 
          19  3 0.1599 0.0041 0.4696 0.3664 
          20  3 0.1820 0.0484 0.3142 0.4553 
          21  3 0.2448 0.0045 0.3818 0.3690 
          22  3 0.2741 0.0042 0.2316 0.4901 
          23  3 0.2263 0.0011 0.3623 0.4103 
          24  3 0.2060 0.0033 0.2864 0.5042 
          25  3 0.1595 0.1755 0.3207 0.3443 
          26  3 0.2167 0.0010 0.3442 0.4380 
          27  3 0.2006 0.1718 0.3695 0.2581 
          28  3 0.0845 0.0003 0.4693 0.4460 
          29  3 0.1749 0.0074 0.4254 0.3924 
          30  3 0.2987 0.0003 0.2517 0.4493 
         001  4 0.0001 0.0001 0.0001 0.9997 
         002  4 0.0002 0.0001 0.0003 0.9994 
         003  4 0.0001 0.0001 0.0001 0.9997 
         004  4 0.0001 0.0001 0.0002 0.9996 
         005  4 0.0001 0.0001 0.0002 0.9995 
         006  4 0.0006 0.0004 0.0692 0.9298 
         007  4 0.0016 0.0008 0.0526 0.9449 
         008  4 0.0008 0.0039 0.0004 0.9949 
         009  4 0.0001 0.0001 0.0002 0.9996 
         010  4 0.0001 0.0001 0.0027 0.9971 
         011  4 0.0005 0.0320 0.0171 0.9504 
         012  4 0.0001 0.0001 0.0001 0.9997 
         013  4 0.0001 0.0001 0.0001 0.9997 
         014  4 0.0002 0.0002 0.0001 0.9995 
         015  4 0.0001 0.0001 0.0001 0.9998 
         016  4 0.0001 0.0001 0.0001 0.9997 
         017  4 0.0001 0.0001 0.0002 0.9996 
         019  4 0.0002 0.0008 0.0792 0.9198 
         020  4 0.0002 0.0001 0.0001 0.9995 
         021  4 0.0005 0.0003 0.0055 0.9937 
         001  5 0.0006 0.0322 0.0003 0.9669 
         002  5 0.0371 0.0026 0.0004 0.9599 
         003  5 0.1672 0.0024 0.0735 0.7569 
         004  5 0.0563 0.0038 0.0006 0.9393 
         005  5 0.0004 0.0006 0.0010 0.9981 
         006  5 0.0005 0.0002 0.0983 0.9010 
         007  5 0.0004 0.0003 0.0847 0.9146 
         008  5 0.0002 0.0002 0.0025 0.9972 
         009  5 0.0641 0.0010 0.0024 0.9325 
         010  5 0.0026 0.0017 0.0670 0.9287 
         011  5 0.0014 0.0027 0.0006 0.9952 
         012  5 0.0522 0.0015 0.0757 0.8706 
         013  5 0.1941 0.0010 0.0494 0.7555 
         014  5 0.1814 0.0148 0.0939 0.7098 
         015  5 0.0002 0.0002 0.0215 0.9781 
         016  5 0.0024 0.0004 0.0557 0.9415 
         017  5 0.0372 0.0002 0.0779 0.8847 
         018  5 0.0563 0.0276 0.0325 0.8836 
         019  5 0.0005 0.0020 0.0002 0.9973 
         020  5 0.0001 0.0001 0.0001 0.9996 
         021  5 0.1331 0.0042 0.0004 0.8623 
         022  5 0.0153 0.0494 0.0042 0.9312 
         023  5 0.0017 0.0022 0.0264 0.9698 
         024  5 0.0430 0.0007 0.0630 0.8933 
         025  5 0.0330 0.0007 0.0700 0.8964 
         026  5 0.1415 0.0003 0.0126 0.8456 
         027  5 0.0002 0.0001 0.0003 0.9994 
         028  5 0.0149 0.0089 0.0471 0.9291 
         029  5 0.0005 0.0002 0.0016 0.9977 
         030  5 0.0009 0.0013 0.0006 0.9972 
        001s  6 0.9482 0.0209 0.0301 0.0008 
        002s  6 0.9477 0.0011 0.0005 0.0508 
        003s  6 0.9767 0.0025 0.0005 0.0203 
        004s  6 0.9982 0.0008 0.0004 0.0006 
        006s  6 0.9084 0.0142 0.0150 0.0624 
        007s  6 0.9961 0.0006 0.0028 0.0005 
        008s  6 0.9895 0.0065 0.0007 0.0033 
        009s  6 0.9982 0.0009 0.0006 0.0004 
        010s  6 0.9575 0.0202 0.0076 0.0147 
        011s  6 0.9942 0.0019 0.0033 0.0007 
        012s  6 0.9926 0.0024 0.0046 0.0004 
        013s  6 0.9969 0.0005 0.0010 0.0016 
        014s  6 0.9163 0.0005 0.0003 0.0829 
        015s  6 0.9719 0.0089 0.0085 0.0107 
        016s  6 0.9971 0.0012 0.0013 0.0004 
        018s  6 0.7280 0.0023 0.0013 0.2685 
        019s  6 0.9842 0.0036 0.0021 0.0101 
        020s  6 0.9983 0.0007 0.0007 0.0003 
        021s  6 0.9757 0.0058 0.0171 0.0015 
        022s  6 0.9948 0.0038 0.0003 0.0010 
        023s  6 0.9647 0.0008 0.0005 0.0340 
        024s  6 0.9624 0.0014 0.0021 0.0341 
        025s  6 0.9258 0.0715 0.0010 0.0017 
        026s  6 0.9983 0.0005 0.0007 0.0006 
        027s  6 0.9976 0.0005 0.0005 0.0014 
        028s  6 0.9554 0.0122 0.0131 0.0194 
        029s  6 0.9976 0.0014 0.0004 0.0006 
        030s  6 0.9151 0.0095 0.0009 0.0744 
        031s  6 0.9934 0.0005 0.0041 0.0020 
        032s  6 0.9897 0.0008 0.0026 0.0069 
        033s  6 0.9048 0.0013 0.0002 0.0937 
        034s  6 0.9786 0.0173 0.0026 0.0015 
        035s  6 0.8483 0.0013 0.0004 0.1500 
        036s  6 0.9887 0.0016 0.0090 0.0007 
        037s  6 0.9963 0.0017 0.0009 0.0011 
        038s  6 0.9968 0.0008 0.0020 0.0004 
        039s  6 0.9983 0.0010 0.0004 0.0003 
        040s  6 0.9958 0.0003 0.0035 0.0004 
        041s  6 0.9420 0.0038 0.0002 0.0540 
        042s  6 0.9325 0.0597 0.0007 0.0071 
        043s  6 0.9905 0.0077 0.0011 0.0008 
        044s  6 0.9974 0.0011 0.0005 0.0010 
        045s  6 0.9912 0.0026 0.0005 0.0056 
        001s  7 0.9965 0.0013 0.0005 0.0017 
        002s  7 0.9690 0.0019 0.0011 0.0279 
        003s  7 0.9946 0.0012 0.0019 0.0022 
        004s  7 0.9937 0.0006 0.0045 0.0012 
        005s  7 0.9796 0.0029 0.0027 0.0149 
        006s  7 0.9332 0.0071 0.0008 0.0588 
        007s  7 0.9831 0.0022 0.0066 0.0081 
        008s  7 0.9698 0.0014 0.0004 0.0283 
        009s  7 0.9810 0.0130 0.0024 0.0036 
        010s  7 0.9960 0.0019 0.0003 0.0018 
        011s  7 0.9979 0.0010 0.0006 0.0005 
        012s  7 0.9979 0.0008 0.0005 0.0008 
        013s  7 0.9843 0.0056 0.0096 0.0004 
        014s  7 0.9564 0.0005 0.0007 0.0424 
        015s  7 0.9807 0.0011 0.0016 0.0166 
        016s  7 0.8795 0.0026 0.0002 0.1178 
        017s  7 0.9969 0.0007 0.0011 0.0013 
        018s  7 0.9953 0.0007 0.0006 0.0035 
        019s  7 0.9785 0.0187 0.0013 0.0015 
        020s  7 0.9971 0.0005 0.0017 0.0007 
        021s  7 0.9964 0.0010 0.0005 0.0022 
        022s  7 0.9935 0.0010 0.0035 0.0021 
        023s  7 0.9635 0.0266 0.0010 0.0089 
        024s  7 0.9969 0.0009 0.0007 0.0014 
        025s  7 0.9905 0.0012 0.0074 0.0009 
        026s  7 0.9957 0.0012 0.0003 0.0027 
        027s  7 0.9967 0.0006 0.0009 0.0018 
        028s  7 0.9907 0.0007 0.0012 0.0074 
        029s  7 0.9851 0.0031 0.0010 0.0108 
        030s  7 0.9942 0.0046 0.0010 0.0003 
        031s  7 0.9807 0.0148 0.0018 0.0027 
        032s  7 0.8975 0.0005 0.0004 0.1015 
        033s  7 0.9544 0.0029 0.0009 0.0418 
        034s  7 0.9532 0.0010 0.0448 0.0010 
        035s  7 0.9980 0.0012 0.0005 0.0003 
        036s  7 0.9849 0.0103 0.0044 0.0005 
        037s  7 0.9245 0.0053 0.0047 0.0655 
        038s  7 0.9842 0.0017 0.0007 0.0134 
        039s  7 0.9989 0.0004 0.0003 0.0003 
        040s  7 0.9522 0.0008 0.0291 0.0179 
        041s  7 0.9621 0.0020 0.0007 0.0352 
        042s  7 0.9899 0.0004 0.0005 0.0092 
        043s  7 0.9950 0.0033 0.0003 0.0014 
        044s  7 0.8977 0.0349 0.0143 0.0531 
         003  8 0.9913 0.0009 0.0016 0.0061 
         009  8 0.9963 0.0015 0.0005 0.0017 
         010  8 0.9975 0.0018 0.0003 0.0004 
         017  8 0.9950 0.0034 0.0008 0.0008 
         002  9 0.9975 0.0012 0.0008 0.0005 
         003  9 0.9988 0.0006 0.0003 0.0003 
         004  9 0.9981 0.0013 0.0002 0.0004 
         005  9 0.9921 0.0061 0.0013 0.0004 
         006  9 0.9959 0.0019 0.0012 0.0010 
         007  9 0.9945 0.0013 0.0003 0.0039 
         009  9 0.9957 0.0026 0.0004 0.0013 
         010  9 0.9974 0.0018 0.0004 0.0003 
         013  9 0.9964 0.0018 0.0008 0.0010 
         014  9 0.9965 0.0027 0.0002 0.0006 
         016  9 0.9988 0.0007 0.0003 0.0003 
         018  9 0.9963 0.0021 0.0008 0.0007 
         019  9 0.9975 0.0008 0.0009 0.0008 
         020  9 0.9988 0.0004 0.0004 0.0004 
         021  9 0.9982 0.0010 0.0003 0.0005 
         022  9 0.9986 0.0006 0.0004 0.0004 
         024  9 0.9949 0.0039 0.0005 0.0007 
         028  9 0.9968 0.0017 0.0010 0.0005 
         029  9 0.9984 0.0008 0.0004 0.0004 
         030  9 0.9977 0.0013 0.0004 0.0005 
         031  9 0.9973 0.0006 0.0004 0.0017 
         033  9 0.9924 0.0013 0.0005 0.0058 
         001 10 0.9987 0.0004 0.0004 0.0004 
         002 10 0.9985 0.0008 0.0002 0.0005 
         003 10 0.9820 0.0167 0.0010 0.0003 
         004 10 0.9969 0.0024 0.0003 0.0004 
         005 10 0.9980 0.0011 0.0004 0.0005 
         006 10 0.9975 0.0008 0.0006 0.0011 
         007 10 0.9958 0.0029 0.0005 0.0008 
         008 10 0.9939 0.0048 0.0007 0.0006 
         009 10 0.9976 0.0005 0.0013 0.0006 
         010 10 0.9978 0.0011 0.0004 0.0007 
         011 10 0.9569 0.0414 0.0011 0.0006 
         012 10 0.9936 0.0042 0.0015 0.0006 
         013 10 0.9962 0.0007 0.0028 0.0003 
         014 10 0.9975 0.0008 0.0009 0.0007 
         016 10 0.9973 0.0010 0.0010 0.0006 
         017 10 0.9973 0.0012 0.0009 0.0005 
         018 10 0.9914 0.0009 0.0005 0.0072 
         019 10 0.9976 0.0015 0.0004 0.0005 
         020 10 0.9955 0.0023 0.0011 0.0011 
         021 10 0.9980 0.0005 0.0004 0.0011 
         022 10 0.9981 0.0009 0.0007 0.0003 
         023 10 0.9977 0.0012 0.0008 0.0004 
         024 10 0.9971 0.0023 0.0002 0.0004 
         026 10 0.9984 0.0007 0.0004 0.0005 
        001s 11 0.8972 0.0129 0.0007 0.0891 
        002s 11 0.9900 0.0017 0.0077 0.0005 
        003s 11 0.9916 0.0005 0.0005 0.0074 
        004s 11 0.9963 0.0016 0.0016 0.0005 
        005s 11 0.9966 0.0007 0.0006 0.0021 
        006s 11 0.9830 0.0029 0.0128 0.0013 
        007s 11 0.9491 0.0011 0.0414 0.0084 
        008s 11 0.9986 0.0005 0.0004 0.0005 
        009s 11 0.9984 0.0006 0.0005 0.0004 
        010s 11 0.9969 0.0009 0.0005 0.0016 
        011s 11 0.8716 0.0140 0.0053 0.1091 
        012s 11 0.8879 0.0005 0.0004 0.1112 
        013s 11 0.9968 0.0014 0.0007 0.0011 
        014s 11 0.9855 0.0011 0.0086 0.0048 
        015s 11 0.9898 0.0059 0.0019 0.0024 
        016s 11 0.8932 0.0593 0.0003 0.0472 
        017s 11 0.9059 0.0017 0.0007 0.0917 
        018s 11 0.9919 0.0010 0.0012 0.0059 
        019s 11 0.9743 0.0237 0.0013 0.0007 
        020s 11 0.9952 0.0018 0.0013 0.0017 
        021s 11 0.9971 0.0015 0.0007 0.0007 
        022s 11 0.9659 0.0006 0.0308 0.0027 
        023s 11 0.9296 0.0183 0.0004 0.0517 
        025s 11 0.9982 0.0010 0.0004 0.0004 
        026s 11 0.9207 0.0560 0.0008 0.0225 
        027s 11 0.9951 0.0007 0.0031 0.0010 
        028s 11 0.9907 0.0013 0.0009 0.0071 
        029s 11 0.9436 0.0004 0.0005 0.0555 
        030s 11 0.9458 0.0011 0.0010 0.0520 
        031s 11 0.9981 0.0004 0.0012 0.0004 
        032s 11 0.9962 0.0022 0.0004 0.0012 
        033s 11 0.9930 0.0012 0.0007 0.0051 
        034s 11 0.9963 0.0005 0.0021 0.0011 
        035s 11 0.9946 0.0005 0.0015 0.0034 
        036s 11 0.9790 0.0005 0.0017 0.0188 
        037s 11 0.9946 0.0020 0.0005 0.0030 
        038s 11 0.9952 0.0007 0.0008 0.0032 
        039s 11 0.9968 0.0010 0.0003 0.0018 
        040s 11 0.9238 0.0008 0.0020 0.0733 
        041s 11 0.9938 0.0037 0.0016 0.0009 
        042s 11 0.9869 0.0113 0.0009 0.0008 
        043s 11 0.9464 0.0195 0.0009 0.0332 
        044s 11 0.9871 0.0054 0.0070 0.0005 
        045s 11 0.9857 0.0106 0.0032 0.0005 
        046s 11 0.9414 0.0314 0.0018 0.0253 
        047s 11 0.9960 0.0014 0.0016 0.0009 
        048s 11 0.9594 0.0333 0.0029 0.0045 
        049s 11 0.9961 0.0020 0.0006 0.0014 
        050s 11 0.9964 0.0014 0.0017 0.0006 
        051s 11 0.9284 0.0495 0.0218 0.0004 
        052s 11 0.9921 0.0024 0.0030 0.0025 
        053s 11 0.9980 0.0011 0.0004 0.0005 
        054s 11 0.9893 0.0009 0.0088 0.0010 
        055s 11 0.9297 0.0005 0.0012 0.0687 
        001s 12 0.9920 0.0013 0.0051 0.0017 
        002s 12 0.9970 0.0009 0.0006 0.0014 
        003s 12 0.9986 0.0003 0.0007 0.0004 
        004s 12 0.9371 0.0085 0.0005 0.0539 
        005s 12 0.9977 0.0010 0.0008 0.0005 
        006s 12 0.9615 0.0023 0.0028 0.0333 
        007s 12 0.9950 0.0020 0.0019 0.0011 
        008s 12 0.9856 0.0007 0.0011 0.0126 
        009s 12 0.9661 0.0068 0.0015 0.0256 
        010s 12 0.9546 0.0005 0.0368 0.0082 
        011s 12 0.9952 0.0009 0.0024 0.0015 
        012s 12 0.9856 0.0042 0.0087 0.0015 
        013s 12 0.9587 0.0397 0.0004 0.0012 
        014s 12 0.9131 0.0441 0.0398 0.0030 
        015s 12 0.9919 0.0012 0.0009 0.0060 
        016s 12 0.9923 0.0062 0.0008 0.0007 
        017s 12 0.9942 0.0013 0.0009 0.0037 
        018s 12 0.9952 0.0021 0.0003 0.0024 
        019s 12 0.9941 0.0006 0.0006 0.0047 
        020s 12 0.9175 0.0008 0.0006 0.0811 
        021s 12 0.9932 0.0023 0.0007 0.0037 
        022s 12 0.9488 0.0032 0.0012 0.0468 
        023s 12 0.9979 0.0012 0.0004 0.0006 
        024s 12 0.9978 0.0008 0.0004 0.0010 
        025s 12 0.9923 0.0013 0.0032 0.0032 
        026s 12 0.9678 0.0011 0.0008 0.0303 
        027s 12 0.9952 0.0005 0.0012 0.0032 
        028s 12 0.9932 0.0040 0.0004 0.0024 
        029s 12 0.9974 0.0011 0.0007 0.0008 
        030s 12 0.9969 0.0007 0.0014 0.0010 
        031s 12 0.9918 0.0028 0.0012 0.0042 
        032s 12 0.9977 0.0012 0.0004 0.0007 
        033s 12 0.9905 0.0005 0.0077 0.0013 
        034s 12 0.9987 0.0005 0.0004 0.0004 
        035s 12 0.9802 0.0006 0.0010 0.0182 
        036s 12 0.9857 0.0013 0.0097 0.0034 
        037s 12 0.9975 0.0009 0.0004 0.0012 
        001s 13 0.9862 0.0034 0.0007 0.0098 
        002s 13 0.9065 0.0009 0.0008 0.0918 
        003s 13 0.9974 0.0013 0.0004 0.0009 
        004s 13 0.9954 0.0034 0.0005 0.0008 
        005s 13 0.9868 0.0026 0.0065 0.0040 
        006s 13 0.9965 0.0006 0.0018 0.0011 
        007s 13 0.9619 0.0012 0.0357 0.0011 
        008s 13 0.9378 0.0011 0.0013 0.0597 
        009s 13 0.8687 0.0016 0.0017 0.1280 
        010s 13 0.9268 0.0013 0.0009 0.0711 
        011s 13 0.9624 0.0037 0.0260 0.0079 
        012s 13 0.9180 0.0237 0.0015 0.0568 
        013s 13 0.9546 0.0086 0.0141 0.0226 
        014s 13 0.9592 0.0041 0.0360 0.0008 
        015s 13 0.9809 0.0102 0.0007 0.0081 
        016s 13 0.9978 0.0013 0.0005 0.0004 
        017s 13 0.9698 0.0007 0.0127 0.0168 
        018s 13 0.9980 0.0009 0.0005 0.0006 
        019s 13 0.9965 0.0011 0.0017 0.0007 
        020s 13 0.9923 0.0004 0.0050 0.0023 
        021s 13 0.9969 0.0018 0.0004 0.0009 
        022s 13 0.9967 0.0009 0.0007 0.0017 
        023s 13 0.9979 0.0004 0.0004 0.0012 
        024s 13 0.9346 0.0359 0.0034 0.0261 
        025s 13 0.9953 0.0028 0.0006 0.0013 
        026s 13 0.8960 0.0072 0.0057 0.0910 
        027s 13 0.9474 0.0034 0.0017 0.0475 
        028s 13 0.9727 0.0037 0.0107 0.0130 
        029s 13 0.9739 0.0016 0.0012 0.0233 
        030s 13 0.9045 0.0200 0.0004 0.0751 
        031s 13 0.8933 0.1016 0.0019 0.0032 
        032s 13 0.9961 0.0005 0.0027 0.0008 
        033s 13 0.9589 0.0009 0.0335 0.0067 
        034s 13 0.9405 0.0014 0.0052 0.0529 
        035s 13 0.9941 0.0044 0.0008 0.0007 
        036s 13 0.9960 0.0005 0.0008 0.0027 
        037s 13 0.9963 0.0025 0.0007 0.0005 
        038s 13 0.9955 0.0012 0.0019 0.0014 
        039s 13 0.8218 0.0756 0.0014 0.1012 
        040s 13 0.9967 0.0009 0.0010 0.0013 
        041s 13 0.9350 0.0015 0.0045 0.0590 
        042s 13 0.9970 0.0013 0.0011 0.0006 
        001s 14 0.9654 0.0008 0.0008 0.0330 
        002s 14 0.9292 0.0011 0.0031 0.0666 
        003s 14 0.9973 0.0011 0.0006 0.0010 
        004s 14 0.9791 0.0047 0.0080 0.0082 
        005s 14 0.9988 0.0006 0.0003 0.0004 
        006s 14 0.9986 0.0004 0.0005 0.0004 
        007s 14 0.9963 0.0017 0.0011 0.0009 
        008s 14 0.8950 0.0018 0.0020 0.1012 
        009s 14 0.9956 0.0012 0.0009 0.0023 
        010s 14 0.9368 0.0017 0.0006 0.0609 
        011s 14 0.9554 0.0010 0.0369 0.0066 
        012s 14 0.9958 0.0017 0.0016 0.0010 
        013s 14 0.9894 0.0061 0.0034 0.0012 
        014s 14 0.9598 0.0008 0.0006 0.0388 
        015s 14 0.9947 0.0038 0.0007 0.0008 
        016s 14 0.9847 0.0133 0.0003 0.0016 
        017s 14 0.9259 0.0009 0.0185 0.0548 
        018s 14 0.9970 0.0018 0.0005 0.0008 
        019s 14 0.9956 0.0008 0.0021 0.0015 
        020s 14 0.9969 0.0015 0.0004 0.0013 
        021s 14 0.9911 0.0009 0.0004 0.0077 
        022s 14 0.9894 0.0016 0.0035 0.0055 
        023s 14 0.9899 0.0042 0.0010 0.0049 
        024s 14 0.9396 0.0017 0.0021 0.0567 
        025s 14 0.9380 0.0006 0.0002 0.0612 
        026s 14 0.9974 0.0013 0.0003 0.0010 
        027s 14 0.9925 0.0043 0.0006 0.0026 
        028s 14 0.9956 0.0008 0.0028 0.0008 
        029s 14 0.9981 0.0012 0.0003 0.0004 
        030s 14 0.9824 0.0005 0.0162 0.0008 
        031s 14 0.9802 0.0018 0.0175 0.0006 
        032s 14 0.9955 0.0024 0.0011 0.0010 
        033s 14 0.9473 0.0008 0.0511 0.0007 
        034s 14 0.9985 0.0007 0.0004 0.0004 
        035s 14 0.8388 0.0009 0.0844 0.0759 
        036s 14 0.8758 0.0073 0.0425 0.0744 
        037s 14 0.9945 0.0039 0.0004 0.0013 
        038s 14 0.9978 0.0005 0.0008 0.0008 
        039s 14 0.9877 0.0074 0.0021 0.0029 
        040s 14 0.9827 0.0011 0.0007 0.0155 
        041s 14 0.9967 0.0008 0.0014 0.0011 
        042s 14 0.9217 0.0018 0.0004 0.0762 
        001s 15 0.9966 0.0016 0.0005 0.0014 
        002s 15 0.8871 0.0145 0.0021 0.0963 
        003s 15 0.9770 0.0093 0.0007 0.0129 
        004s 15 0.9984 0.0003 0.0006 0.0007 
        005s 15 0.9750 0.0077 0.0021 0.0151 
        006s 15 0.9806 0.0011 0.0017 0.0166 
        007s 15 0.9986 0.0005 0.0005 0.0004 
        008s 15 0.9981 0.0007 0.0006 0.0006 
        009s 15 0.9273 0.0369 0.0032 0.0326 
        010s 15 0.9971 0.0015 0.0005 0.0009 
        011s 15 0.9327 0.0012 0.0648 0.0013 
        012s 15 0.9915 0.0024 0.0023 0.0038 
        013s 15 0.9969 0.0014 0.0005 0.0013 
        014s 15 0.9892 0.0071 0.0012 0.0024 
        015s 15 0.9081 0.0073 0.0057 0.0789 
        016s 15 0.9241 0.0005 0.0645 0.0109 
        017s 15 0.9943 0.0034 0.0008 0.0015 
        018s 15 0.9949 0.0006 0.0003 0.0043 
        019s 15 0.9840 0.0065 0.0006 0.0089 
        020s 15 0.9976 0.0007 0.0008 0.0009 
        021s 15 0.9155 0.0036 0.0007 0.0803 
        022s 15 0.9962 0.0008 0.0021 0.0009 
        023s 15 0.9652 0.0008 0.0030 0.0310 
        024s 15 0.9954 0.0010 0.0019 0.0017 
        025s 15 0.9605 0.0310 0.0012 0.0073 
        026s 15 0.9663 0.0317 0.0007 0.0013 
        027s 15 0.9840 0.0010 0.0110 0.0040 
        028s 15 0.9964 0.0016 0.0014 0.0005 
        029s 15 0.9967 0.0014 0.0010 0.0008 
        030s 15 0.9984 0.0008 0.0004 0.0004 
        031s 15 0.9254 0.0070 0.0015 0.0661 
        032s 15 0.9968 0.0023 0.0002 0.0007 
        033s 15 0.9347 0.0004 0.0014 0.0634 
        035s 15 0.9939 0.0010 0.0028 0.0023 
        036s 15 0.9914 0.0061 0.0015 0.0009 
        037s 15 0.9875 0.0011 0.0102 0.0011 
        038s 15 0.9938 0.0004 0.0012 0.0045 
        039s 15 0.9188 0.0003 0.0003 0.0806 
        040s 15 0.9933 0.0008 0.0018 0.0040 
        041s 15 0.9181 0.0033 0.0075 0.0711 
        042s 15 0.9929 0.0010 0.0005 0.0055 
        043s 15 0.9831 0.0019 0.0013 0.0137 
        044s 15 0.9915 0.0009 0.0010 0.0066 
        045s 15 0.8885 0.0809 0.0271 0.0035 
        046s 15 0.9730 0.0012 0.0063 0.0195 
        047s 15 0.9653 0.0008 0.0018 0.0322 
        048s 15 0.9774 0.0212 0.0007 0.0007 
        049s 15 0.9821 0.0007 0.0017 0.0155 
        050s 15 0.8609 0.0037 0.0008 0.1346 
         001 16 0.8134 0.0012 0.0159 0.1695 
         002 16 0.9512 0.0007 0.0013 0.0468 
         003 16 0.9864 0.0026 0.0068 0.0042 
         004 16 0.9966 0.0014 0.0011 0.0009 
         005 16 0.9029 0.0360 0.0059 0.0553 
         006 16 0.9642 0.0186 0.0022 0.0150 
         007 16 0.9921 0.0018 0.0008 0.0052 
         008 16 0.8491 0.0007 0.0047 0.1454 
         009 16 0.9959 0.0006 0.0004 0.0032 
         010 16 0.9684 0.0014 0.0006 0.0296 
         011 16 0.9888 0.0020 0.0011 0.0081 
         012 16 0.9951 0.0014 0.0025 0.0009 
         013 16 0.9979 0.0006 0.0010 0.0005 
         014 16 0.9601 0.0003 0.0013 0.0383 
         015 16 0.6265 0.3700 0.0031 0.0005 
         016 16 0.9808 0.0167 0.0003 0.0022 
         017 16 0.9835 0.0013 0.0081 0.0072 
         018 16 0.9235 0.0326 0.0030 0.0409 
         019 16 0.9298 0.0005 0.0065 0.0632 
         020 16 0.9981 0.0007 0.0010 0.0002 
         021 16 0.8695 0.0011 0.0344 0.0951 
         022 16 0.9619 0.0024 0.0002 0.0355 
         023 16 0.9598 0.0084 0.0006 0.0312 
         024 16 0.9600 0.0307 0.0005 0.0089 
         025 16 0.9335 0.0037 0.0143 0.0485 
         026 16 0.8840 0.0051 0.0012 0.1097 
         027 16 0.9819 0.0020 0.0005 0.0156 
         028 16 0.8219 0.0004 0.0300 0.1478 
         029 16 0.9574 0.0009 0.0393 0.0025 
         030 16 0.9913 0.0005 0.0075 0.0007 
         031 16 0.9968 0.0007 0.0012 0.0013 
         032 16 0.9025 0.0059 0.0009 0.0907 
         033 16 0.9978 0.0004 0.0012 0.0006 
         034 16 0.9918 0.0015 0.0032 0.0035 
         035 16 0.9985 0.0004 0.0009 0.0003 
         036 16 0.9967 0.0024 0.0005 0.0005 
         037 16 0.9543 0.0053 0.0142 0.0262 
         038 16 0.9874 0.0088 0.0012 0.0026 
         039 16 0.9960 0.0009 0.0004 0.0028 
         040 16 0.9942 0.0026 0.0022 0.0010 
         041 16 0.9967 0.0016 0.0007 0.0010 
         042 16 0.9967 0.0007 0.0008 0.0017 
         043 16 0.9973 0.0012 0.0006 0.0009 
         044 16 0.9873 0.0014 0.0010 0.0103 
         045 16 0.9882 0.0003 0.0093 0.0021 
         047 16 0.9581 0.0015 0.0377 0.0028 
         048 16 0.9916 0.0006 0.0059 0.0019 
         049 16 0.9916 0.0043 0.0035 0.0007 
         050 16 0.9981 0.0004 0.0010 0.0005 
         051 16 0.9961 0.0008 0.0020 0.0011 
         052 16 0.9983 0.0009 0.0005 0.0003 
         053 16 0.9979 0.0008 0.0009 0.0004 
         054 16 0.9306 0.0007 0.0011 0.0676 
         055 16 0.9372 0.0004 0.0553 0.0071 
         056 16 0.9875 0.0102 0.0004 0.0019 
         057 16 0.9072 0.0002 0.0007 0.0918 
         058 16 0.8861 0.0130 0.0077 0.0932 
         059 16 0.8175 0.0869 0.0090 0.0867 
         060 16 0.9840 0.0124 0.0008 0.0028 
         061 16 0.9951 0.0019 0.0013 0.0017 
         062 16 0.9896 0.0005 0.0090 0.0009 
         063 16 0.9952 0.0010 0.0007 0.0032 
         064 16 0.9963 0.0025 0.0007 0.0004 
         065 16 0.9926 0.0031 0.0028 0.0015 
         066 16 0.9983 0.0007 0.0005 0.0006 
         067 16 0.9165 0.0766 0.0061 0.0009 
         068 16 0.9594 0.0329 0.0019 0.0058 
         069 16 0.9979 0.0006 0.0007 0.0008 
         070 16 0.9928 0.0007 0.0008 0.0056 
         071 16 0.9095 0.0004 0.0140 0.0761 
         072 16 0.9879 0.0013 0.0009 0.0099 
         073 16 0.9957 0.0005 0.0026 0.0011 
         074 16 0.9983 0.0003 0.0009 0.0004 
         075 16 0.9661 0.0008 0.0053 0.0279 
         076 16 0.9973 0.0005 0.0009 0.0013 
         077 16 0.9114 0.0597 0.0067 0.0222 
         078 16 0.9577 0.0030 0.0005 0.0388 
         079 16 0.9046 0.0016 0.0029 0.0909 
         080 16 0.9928 0.0014 0.0002 0.0055 
         081 16 0.9526 0.0005 0.0380 0.0089 
         082 16 0.9696 0.0007 0.0132 0.0164 
         083 16 0.9963 0.0019 0.0012 0.0007 
         084 16 0.9941 0.0016 0.0023 0.0020 
         085 16 0.9873 0.0108 0.0006 0.0014 
         086 16 0.8862 0.0006 0.0077 0.1056 
         087 16 0.9785 0.0005 0.0019 0.0191 
         088 16 0.9950 0.0037 0.0004 0.0010 
         089 16 0.9889 0.0013 0.0085 0.0013 
         090 16 0.9894 0.0008 0.0009 0.0089 
         091 16 0.9965 0.0008 0.0017 0.0010 
         092 16 0.9534 0.0009 0.0007 0.0450 
         093 16 0.9970 0.0007 0.0006 0.0017 
         094 16 0.9490 0.0447 0.0011 0.0053 
         095 16 0.9985 0.0006 0.0003 0.0007 
         096 16 0.9645 0.0048 0.0290 0.0017 
         097 16 0.8959 0.0080 0.0885 0.0076 
         098 16 0.9932 0.0051 0.0005 0.0011 
         099 16 0.9920 0.0067 0.0005 0.0007 
         100 16 0.9960 0.0024 0.0005 0.0012 
         101 16 0.9541 0.0038 0.0006 0.0415 
         102 16 0.9938 0.0021 0.0023 0.0019 
         103 16 0.9933 0.0029 0.0024 0.0014 
         104 16 0.9915 0.0041 0.0007 0.0036 
         105 16 0.8898 0.0040 0.0270 0.0791 
         106 16 0.9948 0.0027 0.0005 0.0020 
         107 16 0.9695 0.0069 0.0005 0.0231 
         108 16 0.7032 0.1703 0.0014 0.1251 
         109 16 0.9774 0.0005 0.0053 0.0169 
         110 16 0.9975 0.0015 0.0006 0.0004 
         111 16 0.9365 0.0013 0.0005 0.0617 
         112 16 0.9504 0.0015 0.0007 0.0475 
         113 16 0.9400 0.0013 0.0068 0.0519 
         114 16 0.9791 0.0018 0.0006 0.0185 
         115 16 0.9974 0.0008 0.0014 0.0005 
         116 16 0.9802 0.0012 0.0008 0.0178 
         117 16 0.9857 0.0009 0.0047 0.0087 
         118 16 0.9795 0.0144 0.0005 0.0056 
         119 16 0.9952 0.0013 0.0009 0.0026 
         120 16 0.9788 0.0008 0.0199 0.0005 
         121 16 0.9527 0.0354 0.0115 0.0005 
         122 16 0.9983 0.0006 0.0008 0.0004 
         123 16 0.9937 0.0006 0.0014 0.0043 
         124 16 0.9838 0.0012 0.0009 0.0141 
         126 16 0.8340 0.0014 0.0012 0.1635 
         001 17 0.9957 0.0007 0.0028 0.0008 
         002 17 0.9956 0.0005 0.0004 0.0035 
         003 17 0.9979 0.0006 0.0008 0.0008 
         005 17 0.9985 0.0005 0.0007 0.0003 
         006 17 0.9446 0.0005 0.0533 0.0016 
         007 17 0.8356 0.0306 0.0147 0.1191 
         008 17 0.8758 0.0006 0.0165 0.1071 
         009 17 0.9988 0.0005 0.0005 0.0003 
         010 17 0.9967 0.0014 0.0012 0.0007 
         011 17 0.4841 0.3794 0.0017 0.1347 
         012 17 0.9923 0.0021 0.0007 0.0049 
         013 17 0.9989 0.0004 0.0003 0.0004 
         014 17 0.9983 0.0005 0.0004 0.0007 
         015 17 0.9934 0.0004 0.0049 0.0014 
         016 17 0.9977 0.0006 0.0008 0.0009 
         017 17 0.9945 0.0014 0.0024 0.0016 
         018 17 0.9554 0.0006 0.0014 0.0426 
         019 17 0.9981 0.0010 0.0003 0.0006 
         020 17 0.9971 0.0008 0.0010 0.0010 
         021 17 0.9977 0.0010 0.0010 0.0004 
         022 17 0.9538 0.0016 0.0080 0.0366 
         023 17 0.9870 0.0009 0.0004 0.0117 
         024 17 0.9293 0.0043 0.0426 0.0238 
         025 17 0.9980 0.0004 0.0009 0.0007 
         002 18 0.9959 0.0027 0.0011 0.0003 
         003 18 0.9977 0.0014 0.0004 0.0005 
         004 18 0.9346 0.0012 0.0005 0.0636 
         005 18 0.9577 0.0356 0.0006 0.0062 
         006 18 0.9981 0.0011 0.0003 0.0006 
         007 18 0.9928 0.0005 0.0053 0.0014 
         008 18 0.9960 0.0023 0.0014 0.0003 
         009 18 0.9816 0.0025 0.0038 0.0121 
         010 18 0.9856 0.0105 0.0034 0.0004 
         011 18 0.9961 0.0022 0.0007 0.0010 
         012 18 0.9756 0.0025 0.0009 0.0210 
         015 18 0.9953 0.0020 0.0008 0.0019 
         016 18 0.9927 0.0004 0.0046 0.0023 
         018 18 0.9913 0.0079 0.0004 0.0004 
         026 18 0.9839 0.0008 0.0148 0.0005 
         027 18 0.9975 0.0017 0.0004 0.0003 
         028 18 0.9963 0.0003 0.0009 0.0024 
         029 18 0.9974 0.0006 0.0007 0.0013 
         031 18 0.8437 0.0799 0.0035 0.0729 
         032 18 0.9982 0.0005 0.0007 0.0006 
         033 18 0.9971 0.0009 0.0005 0.0014 
         035 18 0.9965 0.0006 0.0006 0.0023 
         036 18 0.9869 0.0118 0.0007 0.0006 
         037 18 0.9675 0.0166 0.0148 0.0012 
         038 18 0.9685 0.0043 0.0230 0.0042 
         039 18 0.9980 0.0011 0.0005 0.0004 
         044 18 0.8731 0.0006 0.0072 0.1191 
         046 18 0.9565 0.0388 0.0005 0.0042 
         049 18 0.9981 0.0005 0.0006 0.0007 
         053 18 0.9949 0.0007 0.0010 0.0034 
         054 18 0.9814 0.0010 0.0163 0.0013 
         056 18 0.9276 0.0030 0.0003 0.0691 
         057 18 0.9903 0.0041 0.0051 0.0004 
         058 18 0.9926 0.0046 0.0007 0.0021 
        001s 19 0.9280 0.0011 0.0012 0.0697 
        002s 19 0.9891 0.0012 0.0005 0.0092 
        003s 19 0.9683 0.0006 0.0003 0.0307 
        004s 19 0.9664 0.0310 0.0011 0.0014 
        005s 19 0.8830 0.0775 0.0319 0.0075 
        006s 19 0.9949 0.0017 0.0018 0.0015 
        007s 19 0.9571 0.0190 0.0213 0.0025 
        008s 19 0.9308 0.0171 0.0030 0.0491 
        009s 19 0.9947 0.0024 0.0011 0.0019 
        010s 19 0.9921 0.0006 0.0050 0.0022 
        011s 19 0.9926 0.0015 0.0054 0.0005 
        012s 19 0.9939 0.0006 0.0025 0.0029 
        013s 19 0.9863 0.0006 0.0085 0.0046 
        014s 19 0.9097 0.0187 0.0072 0.0644 
        015s 19 0.9951 0.0005 0.0036 0.0008 
        016s 19 0.9459 0.0515 0.0018 0.0008 
        017s 19 0.9368 0.0028 0.0007 0.0596 
        018s 19 0.9928 0.0041 0.0009 0.0022 
        019s 19 0.9068 0.0032 0.0050 0.0850 
        020s 19 0.9219 0.0011 0.0035 0.0736 
        021s 19 0.9924 0.0006 0.0022 0.0048 
        022s 19 0.9766 0.0009 0.0010 0.0216 
        023s 19 0.9921 0.0028 0.0041 0.0011 
        024s 19 0.9962 0.0028 0.0004 0.0006 
        025s 19 0.8654 0.0032 0.0004 0.1310 
        026s 19 0.9847 0.0050 0.0048 0.0055 
        027s 19 0.9929 0.0014 0.0009 0.0048 
        028s 19 0.9911 0.0004 0.0017 0.0068 
        029s 19 0.9977 0.0006 0.0013 0.0003 
        030s 19 0.9940 0.0011 0.0015 0.0035 
        031s 19 0.9938 0.0009 0.0023 0.0030 
        032s 19 0.9975 0.0004 0.0014 0.0007 
        033s 19 0.9926 0.0056 0.0015 0.0003 
        034s 19 0.9965 0.0016 0.0011 0.0008 
        035s 19 0.9755 0.0060 0.0019 0.0165 
        036s 19 0.9953 0.0022 0.0018 0.0006 
        037s 19 0.9985 0.0004 0.0005 0.0006 
        038s 19 0.9943 0.0020 0.0019 0.0018 
        039s 19 0.9980 0.0005 0.0006 0.0010 
        040s 19 0.9668 0.0004 0.0322 0.0006 
        041s 19 0.9981 0.0008 0.0006 0.0004 
        042s 19 0.9769 0.0175 0.0012 0.0043 
        043s 19 0.9555 0.0011 0.0015 0.0420 
        044s 19 0.9967 0.0022 0.0006 0.0005 
        045s 19 0.9972 0.0016 0.0003 0.0010 
        046s 19 0.9887 0.0076 0.0016 0.0021 
        047s 19 0.9873 0.0005 0.0115 0.0006 
        048s 19 0.9043 0.0013 0.0047 0.0898 
        049s 19 0.9767 0.0083 0.0085 0.0064 
        050s 19 0.9965 0.0009 0.0003 0.0024 
        051s 19 0.9377 0.0104 0.0406 0.0113 
        052s 19 0.9971 0.0009 0.0008 0.0011 
      LIW2-4 20 0.9947 0.0022 0.0023 0.0007 
     LIW2-12 21 0.9179 0.0807 0.0005 0.0008 
     LIW2-20 22 0.9953 0.0010 0.0005 0.0032 
     LIW2-28 23 0.8833 0.0645 0.0016 0.0506 
      LIW1-5 24 0.9952 0.0027 0.0009 0.0013 
     LIW1-13 25 0.9189 0.0121 0.0100 0.0590 
     LIW1-21 26 0.9492 0.0359 0.0007 0.0143 
     LIW1-29 27 0.9613 0.0134 0.0036 0.0217 
      LIW2-5 28 0.9957 0.0028 0.0009 0.0006 
     LIW2-34 29 0.9948 0.0039 0.0010 0.0003 
     LIW2-21 30 0.8783 0.0168 0.0006 0.1044 
     LIW2-29 31 0.8076 0.0019 0.0055 0.1850 
      LIW1-6 32 0.9952 0.0035 0.0006 0.0008 
     LIW1-14 33 0.9324 0.0011 0.0016 0.0649 
     LIW1-22 34 0.9874 0.0110 0.0006 0.0011 
     LIW1-30 35 0.9940 0.0033 0.0005 0.0021 
      LIW2-6 36 0.9565 0.0266 0.0152 0.0017 
     LIW2-14 37 0.9901 0.0061 0.0006 0.0032 
     LIW2-22 38 0.8464 0.0773 0.0003 0.0760 
     LIW2-30 39 0.9900 0.0083 0.0004 0.0012 
      LIW1-7 40 0.9150 0.0574 0.0017 0.0258 
     LIW1-15 41 0.9862 0.0128 0.0006 0.0004 
     LIW1-23 42 0.9852 0.0063 0.0017 0.0068 
     LIW1-31 43 0.9875 0.0073 0.0016 0.0036 
      LIW2-7 44 0.9090 0.0007 0.0017 0.0885 
     LIW2-15 45 0.9868 0.0107 0.0004 0.0021 
     LIW2-23 46 0.9064 0.0885 0.0046 0.0006 
      LIW1-8 47 0.9952 0.0031 0.0012 0.0005 
     LIW1-16 48 0.9960 0.0020 0.0015 0.0005 
      LIW2-8 49 0.9963 0.0026 0.0006 0.0005 
     LIW2-16 50 0.6471 0.0090 0.0279 0.3160 
     LIW2-24 51 0.7927 0.0110 0.0174 0.1788 
     LIW2-32 52 0.9322 0.0565 0.0031 0.0082 
     LIW1-47 53 0.9779 0.0116 0.0048 0.0057 
      UMFS-1 54 0.8859 0.0556 0.0028 0.0557 
     UMFS-19 55 0.7752 0.0998 0.0035 0.1215 
     UMFS-31 56 0.9280 0.0703 0.0003 0.0014 
      UMFS-2 57 0.9796 0.0185 0.0006 0.0013 
     UMFS-10 58 0.8980 0.0874 0.0009 0.0138 
     UMFS-20 59 0.8953 0.0322 0.0004 0.0721 
     UMFS-32 60 0.8372 0.0749 0.0014 0.0865 
      UMFS-3 61 0.7963 0.1133 0.0013 0.0892 
     UMFS-11 62 0.5608 0.0029 0.1612 0.2751 
     UMFS-21 63 0.8205 0.0881 0.0008 0.0906 
     UMFS-33 64 0.8707 0.0554 0.0005 0.0734 
      UMFS-4 65 0.8544 0.0859 0.0004 0.0593 
     UMFS-22 66 0.8932 0.0825 0.0011 0.0232 
     UMFS-34 67 0.8295 0.1090 0.0050 0.0565 
      UMFS-5 68 0.9066 0.0861 0.0018 0.0054 
     UMFS-13 69 0.8118 0.1085 0.0018 0.0779 
     UMFS-23 70 0.8901 0.0765 0.0032 0.0301 
     UMFS-35 71 0.8323 0.0944 0.0006 0.0727 
      UMFS-6 72 0.8433 0.1138 0.0004 0.0425 
     UMFS-14 73 0.8800 0.0642 0.0004 0.0553 
     UMFS-24 74 0.9261 0.0095 0.0014 0.0630 
     UMFS-36 75 0.8379 0.0751 0.0014 0.0857 
      UMFS-7 76 0.3145 0.0938 0.2837 0.3080 
     UMFS-15 77 0.8352 0.0846 0.0019 0.0783 
     UMFS-25 78 0.8658 0.0489 0.0093 0.0759 
     UMFS-37 79 0.8529 0.0522 0.0026 0.0922 
      UMFS-8 80 0.8501 0.0738 0.0004 0.0757 
     UMFS-16 81 0.8235 0.0807 0.0008 0.0949 
     UMFS-26 82 0.7746 0.1670 0.0018 0.0566 
     UMFS-38 83 0.9388 0.0357 0.0010 0.0245 
      NEH1-2 84 0.0014 0.9760 0.0036 0.0190 
     NEH1-11 85 0.0007 0.9551 0.0009 0.0433 
     NEH1-20 86 0.1180 0.8800 0.0014 0.0005 
     NEH1-29 87 0.0012 0.9980 0.0002 0.0005 
      NEH2-2 88 0.0004 0.9991 0.0001 0.0004 
     NEH2-10 89 0.0058 0.9931 0.0005 0.0006 
     NEH2-18 90 0.0002 0.9975 0.0002 0.0020 
     NEH2-26 91 0.0015 0.9956 0.0004 0.0025 
      NEH1-3 92 0.1545 0.8440 0.0012 0.0004 
     NEH1-12 93 0.0003 0.9516 0.0466 0.0014 
     NEH1-21 94 0.0404 0.9380 0.0212 0.0004 
     NEH1-30 95 0.0200 0.9164 0.0003 0.0633 
      NEH2-3 96 0.0002 0.9995 0.0002 0.0001 
     NEH2-11 97 0.0005 0.9763 0.0003 0.0228 
     NEH2-19 98 0.0029 0.9951 0.0007 0.0013 
     NEH2-27 99 0.0001 0.9996 0.0002 0.0001 
      NEH1-4 100 0.0001 0.9983 0.0001 0.0015 
     NEH1-13 101 0.2295 0.7680 0.0014 0.0012 
     NEH1-22 102 0.1980 0.8006 0.0010 0.0004 
     NEH1-31 103 0.0006 0.9975 0.0002 0.0017 
      NEH2-4 104 0.0040 0.9930 0.0005 0.0025 
     NEH2-12 105 0.0006 0.9416 0.0004 0.0575 
     NEH2-20 106 0.1956 0.8038 0.0002 0.0004 
     NEH2-28 107 0.0020 0.9884 0.0087 0.0009 
      NEH1-5 108 0.1232 0.8568 0.0004 0.0195 
     NEH1-14 109 0.1724 0.7655 0.0112 0.0509 
     NEH1-23 110 0.2280 0.7712 0.0003 0.0005 
     NEH1-32 111 0.0010 0.9962 0.0016 0.0013 
      NEH2-5 112 0.0002 0.9994 0.0001 0.0003 
     NEH2-13 113 0.0020 0.9837 0.0010 0.0133 
     NEH2-22 114 0.0007 0.9985 0.0004 0.0004 
     NEH2-29 115 0.0370 0.9620 0.0005 0.0004 
      NEH1-6 116 0.0002 0.9994 0.0002 0.0002 
     NEH1-15 117 0.0026 0.9579 0.0372 0.0023 
     NEH1-24 118 0.0008 0.9867 0.0121 0.0004 
     NEH1-33 119 0.1250 0.8743 0.0002 0.0005 
      NEH2-6 120 0.0130 0.9860 0.0005 0.0005 
     NEH2-14 121 0.0050 0.9920 0.0015 0.0016 
     NEH2-21 122 0.0484 0.9510 0.0003 0.0003 
     NEH2-30 123 0.0002 0.9994 0.0001 0.0002 
      NEH1-7 124 0.0652 0.8407 0.0021 0.0919 
     NEH1-16 125 0.0003 0.9991 0.0003 0.0003 
     NEH1-25 126 0.1234 0.8751 0.0010 0.0006 
     NEH1-34 127 0.0488 0.9322 0.0017 0.0173 
      NEH2-7 128 0.0024 0.9954 0.0009 0.0012 
     NEH2-15 129 0.0001 0.9997 0.0001 0.0001 
     NEH2-23 130 0.0158 0.9390 0.0048 0.0405 
     NEH2-31 131 0.0002 0.9996 0.0002 0.0001 
      NEH1-8 132 0.1007 0.8273 0.0007 0.0713 
     NEH1-17 133 0.0017 0.8879 0.0010 0.1095 
     NEH1-26 134 0.1446 0.8514 0.0038 0.0003 
     NEH1-35 135 0.1851 0.8117 0.0012 0.0021 
      NEH2-8 136 0.0001 0.9997 0.0001 0.0001 
     NEH2-16 137 0.0005 0.9981 0.0011 0.0002 
     NEH2-24 138 0.0002 0.9995 0.0001 0.0002 
     NEH2-32 139 0.0007 0.9315 0.0007 0.0671 
      NEH1-1 140 0.0007 0.8860 0.0002 0.1131 
     NEH1-10 141 0.0002 0.9991 0.0005 0.0002 
     NEH1-19 142 0.1211 0.8769 0.0013 0.0008 
     NEH1-28 143 0.0011 0.9573 0.0034 0.0382 
      NEH2-1 144 0.0021 0.9864 0.0003 0.0111 
      NEH2-9 145 0.0006 0.9989 0.0003 0.0002 
     NEH2-17 146 0.0035 0.9621 0.0329 0.0014 
     NEH2-25 147 0.0003 0.9781 0.0002 0.0214 
