        001s  1 0.4853 0.5100 0.0020 0.0005 0.0007 0.0011 0.0003 
        002s  1 0.0422 0.9528 0.0013 0.0005 0.0007 0.0004 0.0020 
        003s  1 0.0112 0.9668 0.0059 0.0015 0.0033 0.0107 0.0006 
        004s  1 0.1832 0.7784 0.0010 0.0034 0.0034 0.0004 0.0303 
        005s  1 0.2347 0.2067 0.2316 0.0009 0.1811 0.0005 0.1446 
        006s  1 0.9432 0.0520 0.0023 0.0005 0.0004 0.0002 0.0014 
        007s  1 0.9298 0.0611 0.0015 0.0034 0.0028 0.0008 0.0005 
        008s  1 0.1153 0.8671 0.0110 0.0006 0.0033 0.0012 0.0015 
        009s  1 0.3278 0.5994 0.0227 0.0073 0.0379 0.0025 0.0024 
        010s  1 0.9780 0.0079 0.0016 0.0004 0.0101 0.0006 0.0014 
        011s  1 0.8657 0.1204 0.0032 0.0022 0.0015 0.0046 0.0025 
        012s  1 0.7837 0.0871 0.0036 0.0018 0.1146 0.0048 0.0044 
        013s  1 0.8926 0.0707 0.0110 0.0091 0.0025 0.0011 0.0130 
        014s  1 0.8855 0.0547 0.0017 0.0060 0.0287 0.0208 0.0026 
        015s  1 0.8689 0.1265 0.0025 0.0005 0.0006 0.0006 0.0003 
        016s  1 0.8880 0.0967 0.0025 0.0077 0.0034 0.0011 0.0007 
        018s  1 0.5248 0.1931 0.1399 0.0010 0.1376 0.0013 0.0023 
        019s  1 0.7924 0.1818 0.0039 0.0009 0.0176 0.0029 0.0005 
        020s  1 0.9671 0.0116 0.0025 0.0086 0.0007 0.0092 0.0003 
        021s  1 0.9324 0.0482 0.0023 0.0082 0.0003 0.0009 0.0076 
        022s  1 0.0085 0.9888 0.0008 0.0008 0.0002 0.0005 0.0003 
        023s  1 0.6878 0.2846 0.0165 0.0093 0.0004 0.0008 0.0005 
        024s  1 0.8370 0.1554 0.0038 0.0008 0.0014 0.0004 0.0013 
        025s  1 0.7725 0.1155 0.1025 0.0007 0.0065 0.0006 0.0017 
        026s  1 0.8938 0.0832 0.0086 0.0086 0.0013 0.0039 0.0007 
        027s  1 0.7364 0.1179 0.1230 0.0034 0.0018 0.0004 0.0171 
        028s  1 0.7036 0.0636 0.1331 0.0010 0.0475 0.0014 0.0498 
        029s  1 0.9721 0.0178 0.0016 0.0006 0.0009 0.0066 0.0004 
        030s  1 0.8672 0.0050 0.1134 0.0005 0.0010 0.0082 0.0047 
        031s  1 0.8168 0.1806 0.0009 0.0007 0.0003 0.0004 0.0003 
        032s  1 0.9743 0.0211 0.0015 0.0006 0.0010 0.0008 0.0007 
        033s  1 0.8535 0.1294 0.0115 0.0008 0.0031 0.0011 0.0007 
        034s  1 0.1920 0.7494 0.0010 0.0525 0.0009 0.0030 0.0012 
        035s  1 0.9853 0.0059 0.0024 0.0008 0.0020 0.0016 0.0019 
        036s  1 0.2170 0.6857 0.0016 0.0008 0.0933 0.0004 0.0012 
        037s  1 0.7916 0.0394 0.0172 0.0369 0.1077 0.0008 0.0063 
        038s  1 0.9618 0.0253 0.0088 0.0008 0.0021 0.0006 0.0006 
        039s  1 0.7537 0.1814 0.0573 0.0004 0.0004 0.0007 0.0061 
        040s  1 0.9225 0.0633 0.0041 0.0034 0.0013 0.0008 0.0047 
        041s  1 0.8859 0.1019 0.0066 0.0023 0.0021 0.0009 0.0004 
        042s  1 0.7188 0.1196 0.0023 0.0791 0.0787 0.0010 0.0005 
        043s  1 0.0043 0.9116 0.0788 0.0004 0.0032 0.0012 0.0004 
        044s  1 0.6607 0.2172 0.0338 0.0040 0.0701 0.0034 0.0108 
        045s  1 0.9807 0.0040 0.0044 0.0007 0.0075 0.0010 0.0017 
        046s  1 0.9379 0.0555 0.0021 0.0005 0.0013 0.0024 0.0003 
        047s  1 0.9827 0.0083 0.0029 0.0038 0.0009 0.0012 0.0002 
        048s  1 0.0732 0.8848 0.0091 0.0010 0.0313 0.0005 0.0002 
        049s  1 0.0082 0.9881 0.0010 0.0004 0.0006 0.0006 0.0012 
        050s  1 0.8504 0.0464 0.0026 0.0006 0.0966 0.0004 0.0031 
        051s  1 0.9320 0.0370 0.0016 0.0006 0.0004 0.0278 0.0006 
        052s  1 0.9030 0.0130 0.0534 0.0015 0.0102 0.0155 0.0033 
        053s  1 0.9881 0.0046 0.0038 0.0006 0.0021 0.0004 0.0003 
        054s  1 0.9892 0.0031 0.0012 0.0010 0.0002 0.0025 0.0028 
        055s  1 0.8192 0.0143 0.0165 0.0736 0.0742 0.0015 0.0007 
          01  2 0.8325 0.0168 0.0015 0.0015 0.1201 0.0252 0.0024 
          02  2 0.9585 0.0043 0.0249 0.0007 0.0092 0.0012 0.0013 
          03  2 0.9706 0.0183 0.0077 0.0009 0.0015 0.0003 0.0006 
          04  2 0.7403 0.1255 0.1024 0.0114 0.0024 0.0016 0.0164 
          05  2 0.0134 0.8549 0.0218 0.0004 0.1090 0.0003 0.0003 
          06  2 0.8949 0.0607 0.0156 0.0009 0.0262 0.0006 0.0012 
          07  2 0.7815 0.2048 0.0025 0.0008 0.0065 0.0011 0.0027 
          08  2 0.0183 0.8805 0.0239 0.0008 0.0755 0.0007 0.0003 
          09  2 0.9377 0.0516 0.0019 0.0004 0.0006 0.0075 0.0003 
          10  2 0.9718 0.0135 0.0117 0.0005 0.0012 0.0006 0.0007 
          11  2 0.7506 0.2155 0.0014 0.0030 0.0183 0.0104 0.0007 
          12  2 0.9547 0.0279 0.0135 0.0006 0.0005 0.0019 0.0009 
          13  2 0.6688 0.3256 0.0033 0.0006 0.0004 0.0007 0.0005 
          14  2 0.3933 0.5690 0.0028 0.0235 0.0003 0.0036 0.0075 
          15  2 0.6446 0.3505 0.0012 0.0011 0.0004 0.0017 0.0006 
          16  2 0.7961 0.1356 0.0024 0.0033 0.0008 0.0034 0.0585 
          17  2 0.7323 0.1775 0.0859 0.0013 0.0017 0.0008 0.0004 
          18  2 0.9100 0.0652 0.0094 0.0007 0.0100 0.0017 0.0030 
          19  2 0.9116 0.0770 0.0032 0.0048 0.0013 0.0019 0.0002 
          20  2 0.9204 0.0014 0.0029 0.0047 0.0600 0.0015 0.0091 
          21  2 0.8329 0.1477 0.0013 0.0005 0.0013 0.0158 0.0006 
          22  2 0.8082 0.0992 0.0728 0.0066 0.0016 0.0064 0.0052 
          23  2 0.9775 0.0063 0.0103 0.0019 0.0010 0.0013 0.0017 
          24  2 0.9699 0.0210 0.0067 0.0006 0.0005 0.0009 0.0004 
          25  2 0.8842 0.0774 0.0014 0.0011 0.0042 0.0019 0.0297 
          26  2 0.0015 0.9959 0.0006 0.0003 0.0005 0.0009 0.0004 
          27  2 0.8699 0.0941 0.0046 0.0054 0.0006 0.0012 0.0243 
          28  2 0.7222 0.2674 0.0046 0.0035 0.0008 0.0011 0.0003 
          29  2 0.9893 0.0045 0.0026 0.0003 0.0009 0.0011 0.0013 
          30  2 0.7056 0.0084 0.0430 0.0837 0.1493 0.0094 0.0006 
          01  3 0.1375 0.1095 0.4421 0.0209 0.2420 0.0003 0.0478 
          02  3 0.0956 0.0114 0.2544 0.0021 0.2275 0.0750 0.3340 
          03  3 0.0021 0.2872 0.1696 0.0007 0.2707 0.0005 0.2692 
          04  3 0.1049 0.0312 0.2831 0.0009 0.3421 0.0008 0.2369 
          05  3 0.0003 0.0003 0.1989 0.1222 0.2619 0.1150 0.3014 
          06  3 0.0491 0.0079 0.2909 0.0009 0.2830 0.0005 0.3676 
          07  3 0.0052 0.2848 0.1439 0.0012 0.3405 0.0022 0.2222 
          08  3 0.0090 0.2177 0.2284 0.0054 0.2904 0.0027 0.2464 
          09  3 0.0028 0.2298 0.1408 0.0041 0.3872 0.0003 0.2350 
          10  3 0.0175 0.0088 0.1964 0.1357 0.1063 0.2207 0.3146 
          11  3 0.0131 0.2098 0.1660 0.0003 0.3591 0.0009 0.2510 
          12  3 0.0006 0.2165 0.1667 0.0005 0.3582 0.0002 0.2573 
          13  3 0.0014 0.0018 0.3000 0.0002 0.3097 0.0133 0.3734 
          14  3 0.0030 0.0024 0.2178 0.1576 0.2243 0.0456 0.3492 
          15  3 0.0315 0.2330 0.2281 0.0024 0.3042 0.0004 0.2003 
          16  3 0.0309 0.0493 0.3984 0.0027 0.1225 0.0026 0.3936 
          17  3 0.3110 0.0005 0.1979 0.0004 0.3656 0.0007 0.1240 
          18  3 0.0042 0.0032 0.1607 0.2825 0.1284 0.1675 0.2535 
          19  3 0.1203 0.0031 0.3495 0.0041 0.2090 0.0006 0.3135 
          20  3 0.0662 0.0660 0.3018 0.0507 0.3246 0.0003 0.1904 
          21  3 0.0767 0.1015 0.3771 0.0120 0.2122 0.0022 0.2185 
          22  3 0.0008 0.2273 0.1916 0.0016 0.4115 0.0003 0.1669 
          23  3 0.1725 0.0009 0.3159 0.0016 0.2814 0.0003 0.2274 
          24  3 0.0288 0.0212 0.2053 0.0016 0.3897 0.1680 0.1854 
          25  3 0.0003 0.0003 0.2526 0.1351 0.1872 0.2498 0.1747 
          26  3 0.1280 0.0435 0.1866 0.0004 0.3706 0.0010 0.2700 
          27  3 0.0109 0.0299 0.2575 0.1825 0.1411 0.1375 0.2407 
          28  3 0.0454 0.0207 0.3582 0.0002 0.2762 0.0009 0.2983 
          29  3 0.1093 0.0151 0.3250 0.0117 0.2683 0.0051 0.2654 
          30  3 0.0026 0.2379 0.3099 0.0003 0.3178 0.0011 0.1304 
         001  4 0.0001 0.0001 0.0001 0.0001 0.9996 0.0001 0.0001 
         002  4 0.0002 0.0003 0.0006 0.0001 0.9982 0.0003 0.0003 
         003  4 0.0001 0.0001 0.0001 0.0000 0.9995 0.0001 0.0001 
         004  4 0.0001 0.0001 0.0001 0.0001 0.9994 0.0001 0.0002 
         005  4 0.0001 0.0001 0.0001 0.0001 0.9991 0.0003 0.0002 
         006  4 0.0005 0.0004 0.0205 0.0003 0.9088 0.0003 0.0691 
         007  4 0.0017 0.0022 0.0004 0.0007 0.9323 0.0001 0.0627 
         008  4 0.0006 0.0007 0.0004 0.0033 0.9920 0.0023 0.0006 
         009  4 0.0001 0.0001 0.0001 0.0001 0.9992 0.0001 0.0003 
         010  4 0.0001 0.0001 0.0001 0.0001 0.9818 0.0001 0.0179 
         011  4 0.0010 0.0013 0.0009 0.0160 0.9456 0.0004 0.0348 
         012  4 0.0001 0.0001 0.0001 0.0001 0.9995 0.0001 0.0001 
         013  4 0.0001 0.0001 0.0001 0.0001 0.9995 0.0001 0.0001 
         014  4 0.0002 0.0002 0.0002 0.0001 0.9992 0.0001 0.0002 
         015  4 0.0001 0.0001 0.0003 0.0000 0.9994 0.0000 0.0001 
         016  4 0.0001 0.0001 0.0001 0.0001 0.9995 0.0001 0.0001 
         017  4 0.0001 0.0001 0.0004 0.0001 0.9990 0.0001 0.0002 
         019  4 0.0003 0.0003 0.0033 0.0005 0.9043 0.0003 0.0911 
         020  4 0.0001 0.0003 0.0001 0.0001 0.9990 0.0002 0.0001 
         021  4 0.0002 0.0003 0.0002 0.0002 0.9711 0.0003 0.0278 
         001  5 0.0005 0.0004 0.0075 0.0340 0.9562 0.0012 0.0003 
         002  5 0.0101 0.0168 0.0246 0.0030 0.9442 0.0010 0.0003 
         003  5 0.1582 0.0031 0.0693 0.0029 0.7148 0.0003 0.0514 
         004  5 0.0404 0.0207 0.0021 0.0014 0.9336 0.0003 0.0014 
         005  5 0.0002 0.0002 0.0471 0.0006 0.9511 0.0001 0.0006 
         006  5 0.0004 0.0003 0.1118 0.0002 0.8332 0.0003 0.0538 
         007  5 0.0003 0.0003 0.0569 0.0003 0.8773 0.0002 0.0648 
         008  5 0.0001 0.0002 0.0627 0.0001 0.9353 0.0002 0.0014 
         009  5 0.0367 0.0144 0.0217 0.0015 0.9198 0.0002 0.0058 
         010  5 0.0014 0.0008 0.0771 0.0011 0.8776 0.0004 0.0416 
         011  5 0.0011 0.0006 0.0483 0.0026 0.9468 0.0002 0.0004 
         012  5 0.0114 0.0262 0.0269 0.0029 0.8520 0.0020 0.0787 
         013  5 0.0505 0.1052 0.1139 0.0006 0.7170 0.0010 0.0117 
         014  5 0.1663 0.0015 0.0451 0.0092 0.6857 0.0137 0.0785 
         015  5 0.0002 0.0002 0.0318 0.0001 0.9426 0.0001 0.0250 
         016  5 0.0019 0.0003 0.0335 0.0004 0.9110 0.0007 0.0521 
         017  5 0.0194 0.0042 0.0622 0.0002 0.8447 0.0032 0.0661 
         018  5 0.0249 0.0080 0.0691 0.0229 0.8403 0.0266 0.0082 
         019  5 0.0004 0.0003 0.0006 0.0019 0.9879 0.0085 0.0002 
         020  5 0.0001 0.0002 0.0003 0.0001 0.9990 0.0001 0.0001 
         021  5 0.1231 0.0183 0.0026 0.0029 0.8522 0.0004 0.0005 
         022  5 0.0184 0.0041 0.0022 0.0301 0.9215 0.0018 0.0220 
         023  5 0.0012 0.0007 0.0580 0.0021 0.9297 0.0007 0.0076 
         024  5 0.0248 0.0068 0.0040 0.0011 0.8895 0.0004 0.0734 
         025  5 0.0082 0.0142 0.0329 0.0005 0.8741 0.0010 0.0690 
         026  5 0.1355 0.0024 0.0154 0.0003 0.8266 0.0004 0.0194 
         027  5 0.0002 0.0002 0.0002 0.0001 0.9987 0.0001 0.0005 
         028  5 0.0104 0.0028 0.0117 0.0088 0.9137 0.0006 0.0519 
         029  5 0.0007 0.0005 0.0260 0.0002 0.9699 0.0002 0.0025 
         030  5 0.0008 0.0007 0.0259 0.0012 0.9661 0.0046 0.0005 
        001s  6 0.6572 0.2949 0.0104 0.0206 0.0009 0.0009 0.0150 
        002s  6 0.8869 0.0465 0.0125 0.0006 0.0309 0.0221 0.0005 
        003s  6 0.7202 0.2373 0.0278 0.0027 0.0112 0.0004 0.0004 
        004s  6 0.9891 0.0080 0.0008 0.0007 0.0005 0.0005 0.0005 
        006s  6 0.7832 0.1151 0.0073 0.0126 0.0600 0.0013 0.0205 
        007s  6 0.9452 0.0189 0.0308 0.0006 0.0007 0.0009 0.0029 
        008s  6 0.9626 0.0123 0.0117 0.0056 0.0030 0.0043 0.0006 
        009s  6 0.8980 0.0859 0.0137 0.0008 0.0004 0.0009 0.0003 
        010s  6 0.9267 0.0191 0.0071 0.0123 0.0159 0.0119 0.0070 
        011s  6 0.9838 0.0035 0.0090 0.0014 0.0004 0.0003 0.0016 
        012s  6 0.9753 0.0131 0.0047 0.0016 0.0004 0.0024 0.0026 
        013s  6 0.9901 0.0036 0.0032 0.0003 0.0014 0.0004 0.0009 
        014s  6 0.5227 0.4074 0.0076 0.0003 0.0613 0.0003 0.0003 
        015s  6 0.9482 0.0020 0.0230 0.0061 0.0113 0.0008 0.0087 
        016s  6 0.8336 0.1621 0.0017 0.0009 0.0004 0.0006 0.0008 
        018s  6 0.6994 0.0086 0.0553 0.0023 0.2332 0.0006 0.0005 
        019s  6 0.7229 0.1661 0.1007 0.0026 0.0062 0.0006 0.0008 
        020s  6 0.7527 0.2145 0.0305 0.0005 0.0004 0.0009 0.0006 
        021s  6 0.9306 0.0479 0.0072 0.0041 0.0007 0.0010 0.0085 
        022s  6 0.9421 0.0490 0.0027 0.0043 0.0010 0.0006 0.0003 
        023s  6 0.1217 0.7738 0.0845 0.0009 0.0181 0.0003 0.0008 
        024s  6 0.7909 0.1600 0.0025 0.0007 0.0410 0.0019 0.0029 
        025s  6 0.9076 0.0202 0.0023 0.0679 0.0008 0.0006 0.0006 
        026s  6 0.9754 0.0195 0.0016 0.0005 0.0005 0.0018 0.0006 
        027s  6 0.9739 0.0175 0.0056 0.0004 0.0009 0.0011 0.0006 
        028s  6 0.8756 0.0302 0.0219 0.0110 0.0099 0.0457 0.0058 
        029s  6 0.8830 0.0774 0.0364 0.0007 0.0006 0.0015 0.0004 
        030s  6 0.8451 0.0597 0.0195 0.0057 0.0683 0.0014 0.0004 
        031s  6 0.1232 0.8684 0.0023 0.0004 0.0020 0.0004 0.0034 
        032s  6 0.9574 0.0068 0.0308 0.0007 0.0031 0.0005 0.0007 
        033s  6 0.8705 0.0308 0.0108 0.0009 0.0862 0.0005 0.0003 
        034s  6 0.9295 0.0169 0.0313 0.0154 0.0018 0.0005 0.0046 
        035s  6 0.0023 0.8658 0.0012 0.0010 0.1281 0.0009 0.0007 
        036s  6 0.8252 0.1564 0.0122 0.0016 0.0006 0.0003 0.0035 
        037s  6 0.9792 0.0131 0.0025 0.0019 0.0011 0.0017 0.0006 
        038s  6 0.7165 0.2767 0.0014 0.0009 0.0003 0.0013 0.0030 
        039s  6 0.8798 0.0902 0.0277 0.0010 0.0003 0.0006 0.0003 
        040s  6 0.8680 0.1086 0.0195 0.0005 0.0004 0.0007 0.0024 
        041s  6 0.0625 0.8748 0.0027 0.0023 0.0542 0.0033 0.0002 
        042s  6 0.7331 0.1952 0.0034 0.0511 0.0100 0.0061 0.0011 
        043s  6 0.8887 0.0998 0.0038 0.0051 0.0008 0.0004 0.0013 
        044s  6 0.6950 0.2990 0.0010 0.0008 0.0011 0.0025 0.0006 
        045s  6 0.9734 0.0160 0.0028 0.0021 0.0046 0.0006 0.0004 
        001s  7 0.0260 0.9692 0.0023 0.0007 0.0010 0.0004 0.0003 
        002s  7 0.4823 0.4978 0.0025 0.0021 0.0130 0.0015 0.0007 
        003s  7 0.0062 0.9886 0.0006 0.0012 0.0009 0.0012 0.0013 
        004s  7 0.8295 0.1633 0.0015 0.0007 0.0009 0.0012 0.0029 
        005s  7 0.8271 0.1410 0.0126 0.0024 0.0139 0.0008 0.0022 
        006s  7 0.7562 0.1400 0.0380 0.0037 0.0604 0.0004 0.0013 
        007s  7 0.9666 0.0034 0.0021 0.0011 0.0076 0.0131 0.0061 
        008s  7 0.0020 0.9836 0.0009 0.0010 0.0099 0.0023 0.0003 
        009s  7 0.9551 0.0238 0.0024 0.0143 0.0020 0.0006 0.0017 
        010s  7 0.0029 0.9932 0.0006 0.0012 0.0010 0.0009 0.0002 
        011s  7 0.9101 0.0851 0.0019 0.0008 0.0004 0.0011 0.0007 
        012s  7 0.9923 0.0038 0.0011 0.0004 0.0008 0.0006 0.0010 
        013s  7 0.9783 0.0075 0.0012 0.0048 0.0004 0.0004 0.0073 
        014s  7 0.2605 0.7020 0.0008 0.0003 0.0349 0.0007 0.0007 
        015s  7 0.9262 0.0321 0.0135 0.0007 0.0240 0.0015 0.0020 
        016s  7 0.0479 0.8568 0.0015 0.0015 0.0919 0.0003 0.0001 
        017s  7 0.8271 0.1669 0.0029 0.0006 0.0014 0.0003 0.0008 
        018s  7 0.8022 0.0110 0.1783 0.0006 0.0017 0.0056 0.0005 
        019s  7 0.9723 0.0047 0.0060 0.0121 0.0012 0.0024 0.0014 
        020s  7 0.9775 0.0194 0.0007 0.0003 0.0006 0.0003 0.0012 
        021s  7 0.8162 0.1778 0.0017 0.0013 0.0013 0.0012 0.0005 
        022s  7 0.9826 0.0080 0.0022 0.0008 0.0021 0.0004 0.0039 
        023s  7 0.8818 0.0383 0.0502 0.0201 0.0074 0.0012 0.0009 
        024s  7 0.9724 0.0127 0.0099 0.0009 0.0018 0.0018 0.0005 
        025s  7 0.9818 0.0056 0.0065 0.0011 0.0008 0.0010 0.0032 
        026s  7 0.0309 0.9641 0.0015 0.0008 0.0015 0.0010 0.0003 
        027s  7 0.2949 0.7011 0.0007 0.0004 0.0007 0.0015 0.0007 
        028s  7 0.8689 0.0291 0.0940 0.0006 0.0064 0.0002 0.0008 
        029s  7 0.8417 0.1200 0.0265 0.0016 0.0082 0.0011 0.0009 
        030s  7 0.6598 0.3194 0.0112 0.0036 0.0003 0.0049 0.0008 
        031s  7 0.9342 0.0185 0.0280 0.0139 0.0035 0.0004 0.0015 
        032s  7 0.8612 0.0353 0.0013 0.0003 0.0973 0.0042 0.0004 
        033s  7 0.9407 0.0074 0.0064 0.0019 0.0393 0.0037 0.0006 
        034s  7 0.8131 0.1343 0.0182 0.0007 0.0011 0.0020 0.0305 
        035s  7 0.9800 0.0153 0.0020 0.0015 0.0003 0.0006 0.0004 
        036s  7 0.7464 0.2371 0.0012 0.0089 0.0007 0.0007 0.0051 
        037s  7 0.7107 0.1232 0.1310 0.0058 0.0252 0.0006 0.0035 
        038s  7 0.8925 0.0174 0.0800 0.0012 0.0078 0.0008 0.0003 
        039s  7 0.6781 0.2385 0.0819 0.0003 0.0005 0.0005 0.0002 
        040s  7 0.0032 0.9666 0.0009 0.0003 0.0064 0.0004 0.0223 
        041s  7 0.5170 0.4562 0.0068 0.0014 0.0155 0.0028 0.0004 
        042s  7 0.0122 0.9817 0.0011 0.0003 0.0037 0.0003 0.0008 
        043s  7 0.8667 0.1258 0.0020 0.0035 0.0014 0.0005 0.0002 
        044s  7 0.8272 0.0768 0.0193 0.0248 0.0431 0.0020 0.0068 
         003  8 0.8775 0.1010 0.0019 0.0007 0.0059 0.0121 0.0010 
         009  8 0.9892 0.0064 0.0007 0.0015 0.0010 0.0005 0.0007 
         010  8 0.8164 0.1711 0.0096 0.0019 0.0004 0.0005 0.0002 
         017  8 0.9583 0.0337 0.0031 0.0027 0.0007 0.0011 0.0004 
         002  9 0.8880 0.1083 0.0006 0.0011 0.0004 0.0007 0.0009 
         003  9 0.9830 0.0141 0.0017 0.0004 0.0002 0.0002 0.0004 
         004  9 0.8805 0.1160 0.0015 0.0010 0.0004 0.0004 0.0002 
         005  9 0.9795 0.0061 0.0071 0.0045 0.0005 0.0012 0.0011 
         006  9 0.9932 0.0030 0.0006 0.0010 0.0010 0.0004 0.0007 
         007  9 0.9454 0.0455 0.0008 0.0012 0.0055 0.0012 0.0004 
         009  9 0.9183 0.0760 0.0010 0.0022 0.0012 0.0011 0.0002 
         010  9 0.9443 0.0489 0.0028 0.0018 0.0003 0.0016 0.0003 
         013  9 0.9240 0.0710 0.0006 0.0011 0.0017 0.0005 0.0011 
         014  9 0.9606 0.0302 0.0016 0.0020 0.0004 0.0049 0.0003 
         016  9 0.9828 0.0131 0.0017 0.0009 0.0002 0.0012 0.0002 
         018  9 0.9744 0.0046 0.0122 0.0016 0.0006 0.0059 0.0006 
         019  9 0.9751 0.0153 0.0016 0.0009 0.0007 0.0056 0.0006 
         020  9 0.9885 0.0082 0.0015 0.0005 0.0004 0.0005 0.0004 
         021  9 0.9762 0.0025 0.0198 0.0007 0.0004 0.0003 0.0002 
         022  9 0.9767 0.0056 0.0149 0.0008 0.0003 0.0012 0.0004 
         024  9 0.9679 0.0199 0.0054 0.0035 0.0004 0.0025 0.0003 
         028  9 0.9771 0.0141 0.0048 0.0017 0.0006 0.0007 0.0009 
         029  9 0.9531 0.0425 0.0018 0.0007 0.0003 0.0012 0.0005 
         030  9 0.9034 0.0707 0.0230 0.0010 0.0004 0.0012 0.0003 
         031  9 0.9597 0.0344 0.0029 0.0004 0.0011 0.0009 0.0004 
         033  9 0.8678 0.1224 0.0014 0.0007 0.0064 0.0007 0.0005 
         001 10 0.9843 0.0127 0.0006 0.0004 0.0003 0.0011 0.0005 
         002 10 0.8670 0.1247 0.0056 0.0008 0.0003 0.0015 0.0001 
         003 10 0.9503 0.0300 0.0013 0.0168 0.0003 0.0006 0.0007 
         004 10 0.7479 0.2454 0.0022 0.0030 0.0004 0.0007 0.0004 
         005 10 0.9729 0.0203 0.0037 0.0008 0.0005 0.0015 0.0004 
         006 10 0.9065 0.0897 0.0008 0.0006 0.0013 0.0006 0.0004 
         007 10 0.8878 0.1084 0.0009 0.0017 0.0005 0.0004 0.0003 
         008 10 0.9079 0.0839 0.0020 0.0040 0.0006 0.0010 0.0006 
         009 10 0.9706 0.0212 0.0010 0.0006 0.0003 0.0050 0.0013 
         010 10 0.8628 0.1310 0.0012 0.0008 0.0007 0.0031 0.0004 
         011 10 0.9494 0.0082 0.0010 0.0390 0.0005 0.0005 0.0014 
         012 10 0.9528 0.0395 0.0023 0.0037 0.0006 0.0005 0.0007 
         013 10 0.9543 0.0405 0.0016 0.0007 0.0004 0.0008 0.0017 
         014 10 0.6615 0.3342 0.0013 0.0010 0.0005 0.0008 0.0007 
         016 10 0.8475 0.1453 0.0028 0.0011 0.0005 0.0020 0.0009 
         017 10 0.9917 0.0032 0.0019 0.0008 0.0006 0.0010 0.0008 
         018 10 0.9846 0.0040 0.0018 0.0006 0.0061 0.0025 0.0005 
         019 10 0.9564 0.0355 0.0022 0.0015 0.0003 0.0038 0.0003 
         020 10 0.9129 0.0734 0.0031 0.0021 0.0009 0.0070 0.0006 
         021 10 0.8629 0.1306 0.0024 0.0003 0.0009 0.0025 0.0003 
         022 10 0.9519 0.0451 0.0012 0.0007 0.0003 0.0003 0.0005 
         023 10 0.9571 0.0394 0.0015 0.0007 0.0003 0.0004 0.0006 
         024 10 0.9522 0.0432 0.0011 0.0020 0.0002 0.0010 0.0002 
         026 10 0.9941 0.0021 0.0016 0.0006 0.0004 0.0006 0.0004 
        001s 11 0.6037 0.2892 0.0028 0.0101 0.0931 0.0008 0.0005 
        002s 11 0.9168 0.0695 0.0019 0.0020 0.0008 0.0029 0.0061 
        003s 11 0.8762 0.0336 0.0816 0.0005 0.0065 0.0012 0.0004 
        004s 11 0.9637 0.0218 0.0106 0.0013 0.0004 0.0003 0.0018 
        005s 11 0.7952 0.1890 0.0060 0.0007 0.0014 0.0071 0.0005 
        006s 11 0.8761 0.0961 0.0171 0.0021 0.0010 0.0022 0.0054 
        007s 11 0.6712 0.2771 0.0051 0.0008 0.0058 0.0018 0.0380 
        008s 11 0.9253 0.0071 0.0656 0.0005 0.0005 0.0007 0.0004 
        009s 11 0.9717 0.0080 0.0036 0.0006 0.0004 0.0154 0.0005 
        010s 11 0.8121 0.1832 0.0016 0.0009 0.0011 0.0007 0.0004 
        011s 11 0.0139 0.8692 0.0007 0.0092 0.1017 0.0003 0.0049 
        012s 11 0.7627 0.0045 0.1286 0.0004 0.1026 0.0008 0.0004 
        013s 11 0.6452 0.3483 0.0038 0.0008 0.0009 0.0003 0.0007 
        014s 11 0.0203 0.9601 0.0084 0.0011 0.0025 0.0013 0.0063 
        015s 11 0.8404 0.1415 0.0078 0.0039 0.0022 0.0019 0.0022 
        016s 11 0.3119 0.5835 0.0004 0.0610 0.0338 0.0088 0.0005 
        017s 11 0.5829 0.1585 0.1672 0.0017 0.0883 0.0006 0.0006 
        018s 11 0.0089 0.9831 0.0027 0.0006 0.0027 0.0012 0.0008 
        019s 11 0.9173 0.0584 0.0034 0.0191 0.0007 0.0003 0.0007 
        020s 11 0.0879 0.9043 0.0013 0.0014 0.0011 0.0020 0.0020 
        021s 11 0.9895 0.0065 0.0012 0.0012 0.0004 0.0004 0.0008 
        022s 11 0.7457 0.1755 0.0450 0.0005 0.0017 0.0011 0.0305 
        023s 11 0.1137 0.8369 0.0011 0.0212 0.0263 0.0005 0.0003 
        025s 11 0.8787 0.1146 0.0046 0.0011 0.0004 0.0002 0.0004 
        026s 11 0.9102 0.0032 0.0030 0.0499 0.0327 0.0004 0.0006 
        027s 11 0.8693 0.1196 0.0066 0.0006 0.0007 0.0004 0.0027 
        028s 11 0.9619 0.0168 0.0146 0.0013 0.0041 0.0003 0.0010 
        029s 11 0.9312 0.0150 0.0110 0.0005 0.0411 0.0009 0.0003 
        030s 11 0.7569 0.0593 0.1318 0.0015 0.0480 0.0017 0.0008 
        031s 11 0.9828 0.0092 0.0055 0.0003 0.0004 0.0006 0.0012 
        032s 11 0.9145 0.0737 0.0066 0.0027 0.0012 0.0009 0.0003 
        033s 11 0.9150 0.0736 0.0037 0.0008 0.0047 0.0016 0.0006 
        034s 11 0.1033 0.8924 0.0011 0.0005 0.0008 0.0004 0.0015 
        035s 11 0.1999 0.7933 0.0007 0.0004 0.0026 0.0014 0.0016 
        036s 11 0.8195 0.0460 0.1182 0.0006 0.0130 0.0015 0.0012 
        037s 11 0.0070 0.9785 0.0099 0.0013 0.0018 0.0012 0.0003 
        038s 11 0.5037 0.4724 0.0204 0.0007 0.0017 0.0006 0.0005 
        039s 11 0.8879 0.1080 0.0009 0.0010 0.0014 0.0005 0.0003 
        040s 11 0.7174 0.1699 0.0617 0.0006 0.0473 0.0006 0.0025 
        041s 11 0.8612 0.1110 0.0018 0.0040 0.0009 0.0200 0.0011 
        042s 11 0.5656 0.4205 0.0043 0.0071 0.0004 0.0006 0.0013 
        043s 11 0.9037 0.0386 0.0225 0.0201 0.0141 0.0005 0.0005 
        044s 11 0.8870 0.0867 0.0123 0.0036 0.0004 0.0008 0.0092 
        045s 11 0.8879 0.0743 0.0249 0.0102 0.0004 0.0003 0.0021 
        046s 11 0.1035 0.7994 0.0451 0.0256 0.0229 0.0010 0.0025 
        047s 11 0.7961 0.1096 0.0901 0.0018 0.0006 0.0005 0.0013 
        048s 11 0.9155 0.0414 0.0050 0.0322 0.0018 0.0022 0.0019 
        049s 11 0.9557 0.0211 0.0180 0.0016 0.0019 0.0013 0.0005 
        050s 11 0.9035 0.0900 0.0016 0.0010 0.0004 0.0003 0.0032 
        051s 11 0.7451 0.1695 0.0084 0.0493 0.0005 0.0005 0.0267 
        052s 11 0.0655 0.9251 0.0021 0.0024 0.0013 0.0014 0.0023 
        053s 11 0.9228 0.0736 0.0009 0.0010 0.0003 0.0010 0.0004 
        054s 11 0.8651 0.1228 0.0052 0.0006 0.0008 0.0003 0.0052 
        055s 11 0.0173 0.9223 0.0430 0.0003 0.0162 0.0005 0.0004 
        001s 12 0.9198 0.0714 0.0033 0.0010 0.0014 0.0009 0.0022 
        002s 12 0.9911 0.0029 0.0016 0.0009 0.0010 0.0021 0.0005 
        003s 12 0.9609 0.0328 0.0042 0.0002 0.0003 0.0009 0.0006 
        004s 12 0.9128 0.0011 0.0085 0.0060 0.0683 0.0026 0.0007 
        005s 12 0.2639 0.7316 0.0013 0.0010 0.0004 0.0013 0.0006 
        006s 12 0.9027 0.0186 0.0516 0.0015 0.0212 0.0008 0.0036 
        007s 12 0.9682 0.0069 0.0169 0.0018 0.0012 0.0033 0.0018 
        008s 12 0.8070 0.1492 0.0392 0.0004 0.0028 0.0010 0.0004 
        009s 12 0.7999 0.0759 0.0833 0.0084 0.0148 0.0165 0.0013 
        010s 12 0.7735 0.1792 0.0046 0.0004 0.0059 0.0014 0.0350 
        011s 12 0.9677 0.0243 0.0020 0.0005 0.0013 0.0011 0.0030 
        012s 12 0.8601 0.0462 0.0794 0.0046 0.0011 0.0003 0.0081 
        013s 12 0.8356 0.1105 0.0174 0.0347 0.0007 0.0007 0.0005 
        014s 12 0.1322 0.7710 0.0065 0.0427 0.0015 0.0055 0.0407 
        015s 12 0.9113 0.0793 0.0028 0.0009 0.0037 0.0014 0.0006 
        016s 12 0.9709 0.0034 0.0197 0.0044 0.0006 0.0005 0.0005 
        017s 12 0.8176 0.1720 0.0027 0.0013 0.0051 0.0004 0.0009 
        018s 12 0.8072 0.0834 0.1038 0.0012 0.0019 0.0023 0.0003 
        019s 12 0.9087 0.0814 0.0013 0.0005 0.0047 0.0029 0.0006 
        020s 12 0.8100 0.1036 0.0095 0.0008 0.0754 0.0002 0.0004 
        021s 12 0.8247 0.1045 0.0642 0.0013 0.0041 0.0006 0.0005 
        022s 12 0.7260 0.2246 0.0130 0.0045 0.0259 0.0051 0.0009 
        023s 12 0.9479 0.0478 0.0012 0.0015 0.0005 0.0008 0.0003 
        024s 12 0.3655 0.5971 0.0357 0.0005 0.0005 0.0003 0.0003 
        025s 12 0.8510 0.1255 0.0136 0.0013 0.0020 0.0052 0.0014 
        026s 12 0.8571 0.0912 0.0017 0.0008 0.0333 0.0152 0.0007 
        027s 12 0.9688 0.0228 0.0042 0.0004 0.0029 0.0003 0.0006 
        028s 12 0.0174 0.9685 0.0004 0.0027 0.0009 0.0096 0.0005 
        029s 12 0.4919 0.5049 0.0006 0.0010 0.0005 0.0004 0.0008 
        030s 12 0.8763 0.1148 0.0045 0.0005 0.0009 0.0005 0.0026 
        031s 12 0.9421 0.0426 0.0076 0.0020 0.0040 0.0009 0.0008 
        032s 12 0.0221 0.9638 0.0026 0.0009 0.0008 0.0095 0.0003 
        033s 12 0.9772 0.0114 0.0046 0.0004 0.0014 0.0006 0.0043 
        034s 12 0.0076 0.9901 0.0007 0.0004 0.0003 0.0005 0.0004 
        035s 12 0.8630 0.1199 0.0057 0.0005 0.0096 0.0006 0.0007 
        036s 12 0.8079 0.1397 0.0410 0.0013 0.0020 0.0025 0.0057 
        037s 12 0.9243 0.0593 0.0125 0.0015 0.0009 0.0011 0.0004 
        001s 13 0.9624 0.0190 0.0012 0.0019 0.0140 0.0010 0.0006 
        002s 13 0.0134 0.9001 0.0232 0.0010 0.0615 0.0003 0.0004 
        003s 13 0.9105 0.0745 0.0116 0.0013 0.0007 0.0012 0.0003 
        004s 13 0.9653 0.0103 0.0073 0.0036 0.0012 0.0120 0.0005 
        005s 13 0.9778 0.0077 0.0039 0.0027 0.0020 0.0019 0.0041 
        006s 13 0.8786 0.0711 0.0467 0.0005 0.0008 0.0008 0.0015 
        007s 13 0.9550 0.0095 0.0055 0.0012 0.0006 0.0007 0.0275 
        008s 13 0.8613 0.0756 0.0098 0.0008 0.0493 0.0011 0.0022 
        009s 13 0.8469 0.0091 0.0079 0.0010 0.1260 0.0078 0.0013 
        010s 13 0.7922 0.0144 0.1293 0.0014 0.0612 0.0011 0.0004 
        011s 13 0.7078 0.2524 0.0078 0.0031 0.0053 0.0057 0.0179 
        012s 13 0.7379 0.0092 0.1772 0.0176 0.0515 0.0051 0.0015 
        013s 13 0.1416 0.8110 0.0010 0.0089 0.0159 0.0006 0.0210 
        014s 13 0.8223 0.0576 0.0925 0.0055 0.0007 0.0007 0.0209 
        015s 13 0.8260 0.1455 0.0019 0.0061 0.0077 0.0121 0.0007 
        016s 13 0.9852 0.0073 0.0049 0.0014 0.0003 0.0005 0.0005 
        017s 13 0.9256 0.0087 0.0530 0.0004 0.0049 0.0027 0.0046 
        018s 13 0.9613 0.0325 0.0040 0.0009 0.0004 0.0005 0.0004 
        019s 13 0.7685 0.2221 0.0066 0.0010 0.0004 0.0005 0.0010 
        020s 13 0.0064 0.9868 0.0015 0.0004 0.0010 0.0016 0.0022 
        021s 13 0.8149 0.1811 0.0005 0.0011 0.0012 0.0009 0.0003 
        022s 13 0.9348 0.0592 0.0029 0.0009 0.0013 0.0005 0.0005 
        023s 13 0.9572 0.0367 0.0033 0.0005 0.0013 0.0008 0.0002 
        024s 13 0.7805 0.1112 0.0368 0.0382 0.0275 0.0011 0.0046 
        025s 13 0.9839 0.0037 0.0080 0.0018 0.0012 0.0009 0.0005 
        026s 13 0.6319 0.1212 0.1672 0.0058 0.0702 0.0005 0.0031 
        027s 13 0.9070 0.0375 0.0009 0.0012 0.0474 0.0044 0.0016 
        028s 13 0.4260 0.5213 0.0303 0.0022 0.0057 0.0097 0.0047 
        029s 13 0.0260 0.9262 0.0293 0.0021 0.0142 0.0006 0.0017 
        030s 13 0.1478 0.7607 0.0016 0.0240 0.0649 0.0006 0.0005 
        031s 13 0.7678 0.1076 0.0157 0.0999 0.0047 0.0006 0.0037 
        032s 13 0.9027 0.0864 0.0009 0.0006 0.0005 0.0005 0.0085 
        033s 13 0.9299 0.0075 0.0455 0.0007 0.0021 0.0003 0.0140 
        034s 13 0.0120 0.9304 0.0006 0.0007 0.0421 0.0020 0.0121 
        035s 13 0.8112 0.1792 0.0023 0.0042 0.0006 0.0018 0.0006 
        036s 13 0.7037 0.2878 0.0047 0.0005 0.0024 0.0005 0.0004 
        037s 13 0.9072 0.0863 0.0034 0.0015 0.0004 0.0007 0.0005 
        038s 13 0.2975 0.6842 0.0152 0.0008 0.0008 0.0008 0.0007 
        039s 13 0.8035 0.0241 0.0008 0.0712 0.0991 0.0005 0.0008 
        040s 13 0.9685 0.0072 0.0204 0.0010 0.0013 0.0005 0.0010 
        041s 13 0.7741 0.1573 0.0070 0.0025 0.0528 0.0004 0.0059 
        042s 13 0.0082 0.9880 0.0007 0.0009 0.0004 0.0007 0.0010 
        001s 14 0.0894 0.8319 0.0554 0.0011 0.0195 0.0021 0.0005 
        002s 14 0.8838 0.0412 0.0053 0.0011 0.0634 0.0035 0.0017 
        003s 14 0.0036 0.9928 0.0011 0.0009 0.0008 0.0005 0.0004 
        004s 14 0.9644 0.0026 0.0009 0.0025 0.0151 0.0006 0.0139 
        005s 14 0.5865 0.4110 0.0007 0.0006 0.0003 0.0007 0.0002 
        006s 14 0.9605 0.0351 0.0025 0.0004 0.0005 0.0004 0.0007 
        007s 14 0.9883 0.0068 0.0016 0.0012 0.0006 0.0006 0.0009 
        008s 14 0.0086 0.8717 0.0006 0.0011 0.0963 0.0171 0.0046 
        009s 14 0.9560 0.0330 0.0020 0.0007 0.0026 0.0053 0.0005 
        010s 14 0.3053 0.6209 0.0021 0.0014 0.0551 0.0146 0.0005 
        011s 14 0.3373 0.6055 0.0422 0.0011 0.0032 0.0008 0.0099 
        012s 14 0.0203 0.9707 0.0036 0.0018 0.0005 0.0017 0.0014 
        013s 14 0.8489 0.0865 0.0534 0.0055 0.0012 0.0007 0.0038 
        014s 14 0.8987 0.0308 0.0207 0.0007 0.0437 0.0048 0.0006 
        015s 14 0.8444 0.1415 0.0020 0.0030 0.0008 0.0078 0.0005 
        016s 14 0.9099 0.0460 0.0329 0.0090 0.0014 0.0005 0.0002 
        017s 14 0.7576 0.1241 0.0487 0.0006 0.0591 0.0007 0.0091 
        018s 14 0.9585 0.0353 0.0028 0.0011 0.0008 0.0011 0.0005 
        019s 14 0.9738 0.0180 0.0043 0.0006 0.0015 0.0005 0.0013 
        020s 14 0.1330 0.8556 0.0013 0.0008 0.0009 0.0082 0.0002 
        021s 14 0.8876 0.0936 0.0021 0.0005 0.0058 0.0102 0.0003 
        022s 14 0.7953 0.1586 0.0334 0.0014 0.0055 0.0021 0.0037 
        023s 14 0.7740 0.2091 0.0020 0.0030 0.0082 0.0024 0.0013 
        024s 14 0.5165 0.4293 0.0040 0.0014 0.0450 0.0029 0.0009 
        025s 14 0.8999 0.0278 0.0006 0.0003 0.0707 0.0004 0.0002 
        026s 14 0.9730 0.0101 0.0124 0.0014 0.0006 0.0023 0.0002 
        027s 14 0.8889 0.0825 0.0217 0.0033 0.0026 0.0005 0.0006 
        028s 14 0.7701 0.2119 0.0123 0.0010 0.0006 0.0026 0.0015 
        029s 14 0.8524 0.1424 0.0029 0.0009 0.0004 0.0007 0.0004 
        030s 14 0.6799 0.2235 0.0869 0.0005 0.0008 0.0006 0.0079 
        031s 14 0.6644 0.3098 0.0009 0.0015 0.0005 0.0005 0.0223 
        032s 14 0.4442 0.5495 0.0014 0.0026 0.0006 0.0004 0.0013 
        033s 14 0.4157 0.5312 0.0029 0.0007 0.0005 0.0011 0.0480 
        034s 14 0.9786 0.0039 0.0157 0.0006 0.0003 0.0007 0.0002 
        035s 14 0.6759 0.0296 0.1485 0.0009 0.0777 0.0003 0.0672 
        036s 14 0.0176 0.8792 0.0029 0.0057 0.0597 0.0028 0.0320 
        037s 14 0.8028 0.1895 0.0022 0.0028 0.0016 0.0009 0.0003 
        038s 14 0.8135 0.1655 0.0184 0.0005 0.0006 0.0009 0.0006 
        039s 14 0.8733 0.1092 0.0037 0.0054 0.0024 0.0036 0.0023 
        040s 14 0.9153 0.0531 0.0097 0.0009 0.0194 0.0006 0.0010 
        041s 14 0.4954 0.4254 0.0758 0.0005 0.0010 0.0006 0.0012 
        042s 14 0.8912 0.0195 0.0151 0.0018 0.0715 0.0006 0.0003 
        001s 15 0.3095 0.6857 0.0010 0.0015 0.0009 0.0007 0.0007 
        002s 15 0.4387 0.4249 0.0200 0.0085 0.0950 0.0086 0.0043 
        003s 15 0.8696 0.1105 0.0051 0.0072 0.0061 0.0010 0.0005 
        004s 15 0.8855 0.0110 0.0906 0.0003 0.0006 0.0115 0.0006 
        005s 15 0.9612 0.0078 0.0155 0.0038 0.0094 0.0012 0.0011 
        006s 15 0.8801 0.0832 0.0160 0.0012 0.0167 0.0009 0.0019 
        007s 15 0.9249 0.0575 0.0149 0.0004 0.0004 0.0014 0.0005 
        008s 15 0.8738 0.0949 0.0290 0.0004 0.0005 0.0008 0.0006 
        009s 15 0.7756 0.0182 0.1502 0.0403 0.0123 0.0009 0.0024 
        010s 15 0.1018 0.8885 0.0070 0.0014 0.0005 0.0003 0.0004 
        011s 15 0.7756 0.0036 0.1813 0.0013 0.0011 0.0004 0.0366 
        012s 15 0.9100 0.0653 0.0181 0.0020 0.0020 0.0015 0.0012 
        013s 15 0.0089 0.9826 0.0023 0.0013 0.0008 0.0038 0.0003 
        014s 15 0.9750 0.0099 0.0028 0.0055 0.0015 0.0042 0.0010 
        015s 15 0.8353 0.0715 0.0015 0.0053 0.0796 0.0011 0.0057 
        016s 15 0.0393 0.8599 0.0017 0.0004 0.0037 0.0333 0.0617 
        017s 15 0.9678 0.0131 0.0013 0.0023 0.0016 0.0133 0.0007 
        018s 15 0.2936 0.6967 0.0052 0.0005 0.0013 0.0026 0.0002 
        019s 15 0.2121 0.6596 0.1162 0.0068 0.0042 0.0007 0.0004 
        020s 15 0.4567 0.5388 0.0024 0.0005 0.0007 0.0004 0.0004 
        021s 15 0.7824 0.0773 0.0632 0.0046 0.0695 0.0021 0.0009 
        022s 15 0.8783 0.0312 0.0864 0.0005 0.0007 0.0009 0.0020 
        023s 15 0.7521 0.1844 0.0360 0.0010 0.0242 0.0005 0.0018 
        024s 15 0.9866 0.0029 0.0046 0.0007 0.0016 0.0004 0.0032 
        025s 15 0.9200 0.0378 0.0070 0.0274 0.0053 0.0015 0.0009 
        026s 15 0.7937 0.1704 0.0077 0.0209 0.0012 0.0050 0.0011 
        027s 15 0.8691 0.0994 0.0021 0.0005 0.0030 0.0138 0.0121 
        028s 15 0.9424 0.0494 0.0033 0.0016 0.0003 0.0021 0.0009 
        029s 15 0.9855 0.0097 0.0007 0.0010 0.0009 0.0015 0.0008 
        030s 15 0.9881 0.0066 0.0026 0.0005 0.0005 0.0013 0.0005 
        031s 15 0.8753 0.0485 0.0040 0.0070 0.0616 0.0018 0.0017 
        032s 15 0.9840 0.0029 0.0098 0.0019 0.0006 0.0007 0.0002 
        033s 15 0.0046 0.9345 0.0178 0.0002 0.0410 0.0010 0.0009 
        035s 15 0.8591 0.0811 0.0529 0.0010 0.0015 0.0021 0.0023 
        036s 15 0.3780 0.6119 0.0042 0.0033 0.0005 0.0003 0.0017 
        037s 15 0.8010 0.1347 0.0530 0.0009 0.0012 0.0007 0.0086 
        038s 15 0.8959 0.0542 0.0422 0.0003 0.0041 0.0009 0.0023 
        039s 15 0.2353 0.6212 0.0822 0.0003 0.0603 0.0003 0.0004 
        040s 15 0.7705 0.2018 0.0177 0.0008 0.0028 0.0028 0.0035 
        041s 15 0.8291 0.0829 0.0101 0.0017 0.0705 0.0007 0.0051 
        042s 15 0.9785 0.0115 0.0009 0.0006 0.0054 0.0026 0.0005 
        043s 15 0.3856 0.5982 0.0015 0.0018 0.0114 0.0003 0.0011 
        044s 15 0.9614 0.0295 0.0027 0.0007 0.0039 0.0010 0.0007 
        045s 15 0.7952 0.0420 0.0558 0.0771 0.0029 0.0014 0.0256 
        046s 15 0.8146 0.1556 0.0023 0.0013 0.0211 0.0005 0.0045 
        047s 15 0.8887 0.0371 0.0543 0.0005 0.0176 0.0004 0.0014 
        048s 15 0.5379 0.4366 0.0058 0.0174 0.0008 0.0009 0.0007 
        049s 15 0.7652 0.2082 0.0180 0.0006 0.0064 0.0004 0.0012 
        050s 15 0.7438 0.1070 0.0006 0.0018 0.1352 0.0110 0.0006 
         001 16 0.0488 0.7122 0.1056 0.0005 0.1244 0.0033 0.0051 
         002 16 0.7807 0.1440 0.0573 0.0004 0.0167 0.0003 0.0006 
         003 16 0.8872 0.0560 0.0440 0.0021 0.0036 0.0027 0.0043 
         004 16 0.9460 0.0126 0.0380 0.0011 0.0009 0.0005 0.0008 
         005 16 0.8775 0.0300 0.0022 0.0247 0.0576 0.0030 0.0049 
         006 16 0.8357 0.0774 0.0666 0.0126 0.0063 0.0006 0.0008 
         007 16 0.9528 0.0226 0.0138 0.0017 0.0075 0.0007 0.0008 
         008 16 0.2467 0.5599 0.0332 0.0004 0.1479 0.0014 0.0105 
         009 16 0.3083 0.6844 0.0010 0.0003 0.0034 0.0019 0.0007 
         010 16 0.5936 0.3138 0.0677 0.0007 0.0232 0.0004 0.0005 
         011 16 0.0218 0.9497 0.0199 0.0015 0.0056 0.0008 0.0008 
         012 16 0.7735 0.1835 0.0373 0.0019 0.0006 0.0012 0.0020 
         013 16 0.9436 0.0513 0.0029 0.0004 0.0005 0.0004 0.0008 
         014 16 0.9620 0.0019 0.0034 0.0004 0.0303 0.0013 0.0008 
         015 16 0.5190 0.1054 0.0016 0.3677 0.0004 0.0020 0.0038 
         016 16 0.9681 0.0075 0.0061 0.0115 0.0021 0.0045 0.0002 
         017 16 0.1259 0.8553 0.0049 0.0007 0.0033 0.0005 0.0093 
         018 16 0.8335 0.0738 0.0185 0.0243 0.0397 0.0069 0.0032 
         019 16 0.0078 0.9381 0.0013 0.0004 0.0468 0.0011 0.0044 
         020 16 0.9508 0.0298 0.0171 0.0005 0.0003 0.0010 0.0006 
         021 16 0.6348 0.2276 0.0586 0.0008 0.0644 0.0039 0.0100 
         022 16 0.9542 0.0082 0.0022 0.0016 0.0326 0.0010 0.0003 
         023 16 0.0346 0.9406 0.0011 0.0069 0.0156 0.0006 0.0005 
         024 16 0.2854 0.6832 0.0006 0.0243 0.0046 0.0010 0.0009 
         025 16 0.0345 0.9186 0.0028 0.0036 0.0235 0.0007 0.0161 
         026 16 0.7178 0.0515 0.1410 0.0019 0.0863 0.0005 0.0010 
         027 16 0.8584 0.1118 0.0052 0.0019 0.0138 0.0084 0.0006 
         028 16 0.7920 0.0168 0.0028 0.0002 0.1463 0.0182 0.0237 
         029 16 0.8020 0.0085 0.1652 0.0012 0.0016 0.0013 0.0202 
         030 16 0.2836 0.7068 0.0040 0.0003 0.0006 0.0004 0.0044 
         031 16 0.9733 0.0090 0.0032 0.0006 0.0010 0.0118 0.0010 
         032 16 0.8926 0.0043 0.0080 0.0053 0.0884 0.0010 0.0005 
         033 16 0.9078 0.0889 0.0016 0.0003 0.0006 0.0003 0.0006 
         034 16 0.2134 0.7779 0.0027 0.0012 0.0016 0.0003 0.0029 
         035 16 0.9837 0.0129 0.0017 0.0002 0.0003 0.0006 0.0007 
         036 16 0.6843 0.3038 0.0070 0.0023 0.0008 0.0015 0.0003 
         037 16 0.5583 0.3876 0.0095 0.0035 0.0232 0.0009 0.0171 
         038 16 0.7292 0.2588 0.0017 0.0055 0.0026 0.0014 0.0009 
         039 16 0.5100 0.4832 0.0025 0.0006 0.0020 0.0013 0.0003 
         040 16 0.9407 0.0522 0.0027 0.0017 0.0007 0.0006 0.0015 
         041 16 0.8645 0.0661 0.0658 0.0016 0.0010 0.0004 0.0007 
         042 16 0.6395 0.3548 0.0011 0.0006 0.0011 0.0021 0.0009 
         043 16 0.9833 0.0124 0.0009 0.0010 0.0010 0.0008 0.0006 
         044 16 0.1296 0.8615 0.0009 0.0014 0.0041 0.0018 0.0007 
         045 16 0.8942 0.0511 0.0476 0.0003 0.0012 0.0028 0.0027 
         047 16 0.8578 0.0937 0.0021 0.0009 0.0023 0.0058 0.0374 
         048 16 0.9767 0.0137 0.0014 0.0006 0.0016 0.0006 0.0053 
         049 16 0.9288 0.0622 0.0012 0.0039 0.0006 0.0005 0.0027 
         050 16 0.9325 0.0044 0.0611 0.0003 0.0004 0.0004 0.0008 
         051 16 0.7778 0.2149 0.0022 0.0007 0.0007 0.0022 0.0014 
         052 16 0.7669 0.2306 0.0007 0.0006 0.0002 0.0005 0.0005 
         053 16 0.9746 0.0203 0.0024 0.0007 0.0005 0.0007 0.0008 
         054 16 0.2721 0.6672 0.0187 0.0008 0.0393 0.0014 0.0004 
         055 16 0.6876 0.2312 0.0320 0.0004 0.0032 0.0005 0.0451 
         056 16 0.8212 0.0245 0.1422 0.0104 0.0010 0.0005 0.0003 
         057 16 0.0366 0.8860 0.0008 0.0003 0.0753 0.0005 0.0004 
         058 16 0.6965 0.1738 0.0472 0.0181 0.0609 0.0002 0.0032 
         059 16 0.6222 0.1890 0.0154 0.0862 0.0767 0.0042 0.0063 
         060 16 0.7319 0.2416 0.0120 0.0112 0.0017 0.0008 0.0008 
         061 16 0.2304 0.7633 0.0016 0.0014 0.0016 0.0009 0.0009 
         062 16 0.9806 0.0048 0.0073 0.0004 0.0008 0.0013 0.0048 
         063 16 0.8827 0.1106 0.0021 0.0007 0.0027 0.0006 0.0006 
         064 16 0.9301 0.0161 0.0499 0.0021 0.0005 0.0006 0.0008 
         065 16 0.4344 0.5539 0.0055 0.0026 0.0007 0.0017 0.0013 
         066 16 0.9456 0.0331 0.0185 0.0005 0.0004 0.0015 0.0004 
         067 16 0.8866 0.0307 0.0023 0.0751 0.0008 0.0011 0.0035 
         068 16 0.9405 0.0171 0.0076 0.0296 0.0042 0.0005 0.0006 
         069 16 0.9656 0.0213 0.0065 0.0006 0.0006 0.0047 0.0006 
         070 16 0.8049 0.1679 0.0170 0.0006 0.0062 0.0027 0.0007 
         071 16 0.8222 0.0919 0.0027 0.0004 0.0714 0.0006 0.0108 
         072 16 0.7993 0.1826 0.0111 0.0010 0.0045 0.0009 0.0007 
         073 16 0.6440 0.3421 0.0092 0.0003 0.0014 0.0007 0.0024 
         074 16 0.9907 0.0055 0.0023 0.0003 0.0004 0.0004 0.0003 
         075 16 0.7631 0.0510 0.1694 0.0010 0.0118 0.0005 0.0032 
         076 16 0.9670 0.0281 0.0011 0.0004 0.0016 0.0008 0.0008 
         077 16 0.7799 0.1035 0.0088 0.0553 0.0140 0.0310 0.0075 
         078 16 0.0161 0.9667 0.0022 0.0014 0.0123 0.0007 0.0006 
         079 16 0.8102 0.0778 0.0242 0.0011 0.0824 0.0014 0.0028 
         080 16 0.1437 0.8505 0.0010 0.0014 0.0027 0.0005 0.0003 
         081 16 0.0072 0.9097 0.0609 0.0003 0.0025 0.0015 0.0178 
         082 16 0.8980 0.0476 0.0152 0.0004 0.0170 0.0006 0.0212 
