        001s  1 0.0003 0.6660 0.0014 0.0630 0.0009 0.2672 0.0005 0.0007 
        002s  1 0.0027 0.0781 0.0005 0.0227 0.0007 0.8369 0.0009 0.0575 
        003s  1 0.0007 0.0074 0.0233 0.0064 0.0038 0.9130 0.0014 0.0440 
        004s  1 0.0315 0.4474 0.0003 0.0093 0.0033 0.4992 0.0052 0.0037 
        005s  1 0.1523 0.0041 0.0003 0.0272 0.1823 0.4764 0.0016 0.1557 
        006s  1 0.0017 0.9685 0.0004 0.0222 0.0004 0.0045 0.0003 0.0019 
        007s  1 0.0005 0.8790 0.0009 0.0856 0.0033 0.0213 0.0052 0.0042 
        008s  1 0.0014 0.1753 0.0011 0.1752 0.0034 0.6169 0.0006 0.0261 
        009s  1 0.0047 0.4091 0.0039 0.1046 0.0416 0.4052 0.0110 0.0199 
        010s  1 0.0010 0.9204 0.0008 0.0287 0.0091 0.0040 0.0004 0.0356 
        011s  1 0.0017 0.7766 0.0048 0.1167 0.0010 0.0038 0.0017 0.0936 
        012s  1 0.0079 0.2109 0.0067 0.4416 0.1111 0.2168 0.0008 0.0043 
        013s  1 0.0144 0.7734 0.0018 0.1541 0.0022 0.0280 0.0089 0.0172 
        014s  1 0.0020 0.6415 0.0182 0.2996 0.0245 0.0089 0.0044 0.0009 
        015s  1 0.0004 0.9098 0.0009 0.0735 0.0008 0.0049 0.0004 0.0093 
        016s  1 0.0007 0.6008 0.0009 0.3096 0.0040 0.0750 0.0076 0.0013 
        018s  1 0.0012 0.1130 0.0011 0.4615 0.1381 0.0985 0.0012 0.1854 
        019s  1 0.0005 0.6549 0.0040 0.1858 0.0154 0.1322 0.0011 0.0060 
        020s  1 0.0003 0.9028 0.0099 0.0179 0.0007 0.0061 0.0096 0.0526 
        021s  1 0.0079 0.6810 0.0009 0.2553 0.0003 0.0417 0.0068 0.0060 
        022s  1 0.0004 0.0197 0.0006 0.0096 0.0002 0.9667 0.0015 0.0014 
        023s  1 0.0005 0.4686 0.0013 0.3950 0.0006 0.1214 0.0101 0.0026 
        024s  1 0.0015 0.8659 0.0005 0.1102 0.0024 0.0118 0.0006 0.0070 
        025s  1 0.0019 0.4647 0.0003 0.3366 0.0082 0.0160 0.0015 0.1708 
        026s  1 0.0008 0.5165 0.0061 0.4533 0.0013 0.0095 0.0081 0.0045 
        027s  1 0.0112 0.0351 0.0006 0.6302 0.0018 0.0309 0.0022 0.2881 
        028s  1 0.0530 0.2969 0.0029 0.3417 0.0466 0.0102 0.0007 0.2480 
        029s  1 0.0005 0.9748 0.0066 0.0057 0.0017 0.0073 0.0006 0.0027 
        030s  1 0.0059 0.2904 0.0091 0.4432 0.0009 0.0047 0.0011 0.2447 
        031s  1 0.0003 0.9125 0.0003 0.0209 0.0005 0.0552 0.0011 0.0091 
        032s  1 0.0008 0.8878 0.0011 0.0237 0.0009 0.0046 0.0008 0.0803 
        033s  1 0.0009 0.8242 0.0011 0.1502 0.0050 0.0057 0.0010 0.0118 
        034s  1 0.0025 0.3181 0.0037 0.0804 0.0015 0.5291 0.0508 0.0140 
        035s  1 0.0016 0.7813 0.0017 0.1055 0.0021 0.0035 0.0009 0.1034 
        036s  1 0.0016 0.4243 0.0004 0.0014 0.0917 0.4325 0.0013 0.0468 
        037s  1 0.0083 0.3741 0.0022 0.3914 0.1061 0.0673 0.0297 0.0210 
        038s  1 0.0008 0.8367 0.0007 0.0410 0.0012 0.0166 0.0010 0.1019 
        039s  1 0.0126 0.8940 0.0010 0.0515 0.0004 0.0082 0.0004 0.0318 
        040s  1 0.0041 0.7267 0.0007 0.0689 0.0008 0.1216 0.0035 0.0738 
        041s  1 0.0004 0.7601 0.0008 0.2210 0.0030 0.0069 0.0042 0.0036 
        042s  1 0.0006 0.4028 0.0013 0.2648 0.0775 0.1616 0.0787 0.0128 
        043s  1 0.0009 0.0180 0.0016 0.0037 0.0057 0.8346 0.0008 0.1348 
        044s  1 0.0107 0.8040 0.0051 0.0051 0.0758 0.0233 0.0063 0.0697 
        045s  1 0.0019 0.9509 0.0011 0.0119 0.0113 0.0022 0.0005 0.0203 
        046s  1 0.0004 0.9279 0.0022 0.0242 0.0014 0.0208 0.0009 0.0222 
        047s  1 0.0003 0.8887 0.0010 0.0273 0.0013 0.0031 0.0051 0.0733 
        048s  1 0.0002 0.4330 0.0006 0.0031 0.0299 0.5205 0.0005 0.0121 
        049s  1 0.0021 0.0472 0.0010 0.0091 0.0006 0.9361 0.0007 0.0032 
        050s  1 0.0030 0.7702 0.0004 0.0633 0.0967 0.0647 0.0009 0.0008 
        051s  1 0.0006 0.9034 0.0263 0.0644 0.0003 0.0034 0.0006 0.0010 
        052s  1 0.0067 0.0538 0.0195 0.8718 0.0052 0.0235 0.0017 0.0178 
        053s  1 0.0004 0.9150 0.0003 0.0317 0.0023 0.0032 0.0007 0.0464 
        054s  1 0.0040 0.9289 0.0032 0.0408 0.0003 0.0036 0.0011 0.0181 
        055s  1 0.0005 0.7865 0.0024 0.0447 0.0743 0.0026 0.0722 0.0169 
          01  2 0.0018 0.7898 0.0304 0.0014 0.1204 0.0178 0.0030 0.0353 
          02  2 0.0020 0.8311 0.0015 0.0145 0.0110 0.0094 0.0007 0.1297 
          03  2 0.0007 0.7484 0.0005 0.1108 0.0019 0.0104 0.0017 0.1256 
          04  2 0.0169 0.1919 0.0015 0.4644 0.0016 0.0523 0.0150 0.2565 
          05  2 0.0003 0.0019 0.0003 0.0076 0.1121 0.7922 0.0004 0.0853 
          06  2 0.0021 0.8586 0.0007 0.0117 0.0280 0.0151 0.0008 0.0830 
          07  2 0.0017 0.7204 0.0013 0.1035 0.0082 0.1547 0.0009 0.0093 
          08  2 0.0005 0.0732 0.0010 0.0252 0.0815 0.7947 0.0005 0.0234 
          09  2 0.0003 0.8738 0.0099 0.0599 0.0008 0.0494 0.0003 0.0056 
          10  2 0.0006 0.5807 0.0006 0.3233 0.0023 0.0151 0.0007 0.0767 
          11  2 0.0008 0.7977 0.0097 0.1487 0.0171 0.0175 0.0039 0.0047 
          12  2 0.0011 0.4119 0.0024 0.5560 0.0009 0.0144 0.0008 0.0125 
          13  2 0.0005 0.5977 0.0011 0.2117 0.0006 0.1828 0.0006 0.0050 
          14  2 0.0080 0.4529 0.0020 0.1754 0.0004 0.3311 0.0263 0.0040 
          15  2 0.0007 0.5801 0.0011 0.0366 0.0005 0.3521 0.0015 0.0275 
          16  2 0.0573 0.8080 0.0047 0.0158 0.0007 0.0099 0.0068 0.0967 
          17  2 0.0007 0.0657 0.0016 0.6647 0.0019 0.0790 0.0011 0.1852 
          18  2 0.0023 0.8912 0.0020 0.0559 0.0156 0.0047 0.0012 0.0271 
          19  2 0.0003 0.9575 0.0019 0.0193 0.0019 0.0075 0.0044 0.0071 
          20  2 0.0105 0.5549 0.0029 0.3669 0.0548 0.0047 0.0044 0.0010 
          21  2 0.0006 0.9180 0.0200 0.0317 0.0020 0.0186 0.0009 0.0082 
          22  2 0.0050 0.7371 0.0084 0.0359 0.0019 0.0026 0.0077 0.2013 
          23  2 0.0020 0.9223 0.0009 0.0221 0.0010 0.0028 0.0030 0.0460 
          24  2 0.0007 0.9425 0.0012 0.0462 0.0006 0.0046 0.0011 0.0031 
          25  2 0.0323 0.8356 0.0016 0.0174 0.0069 0.0994 0.0008 0.0060 
          26  2 0.0004 0.0008 0.0007 0.0006 0.0006 0.9962 0.0002 0.0005 
          27  2 0.0247 0.8284 0.0015 0.0798 0.0009 0.0487 0.0045 0.0115 
          28  2 0.0002 0.7396 0.0013 0.1277 0.0013 0.1197 0.0059 0.0044 
          29  2 0.0010 0.9498 0.0009 0.0154 0.0012 0.0075 0.0004 0.0238 
          30  2 0.0004 0.2077 0.0117 0.4949 0.1471 0.0105 0.0825 0.0452 
          01  3 0.0692 0.0046 0.0005 0.2437 0.2654 0.0693 0.0247 0.3227 
          02  3 0.3495 0.0387 0.0745 0.0854 0.2385 0.0027 0.0018 0.2089 
          03  3 0.2721 0.1776 0.0016 0.0709 0.2733 0.0015 0.0008 0.2022 
          04  3 0.2492 0.1164 0.0009 0.0020 0.3549 0.0013 0.0018 0.2734 
          05  3 0.3129 0.0005 0.1152 0.0007 0.2729 0.0006 0.1201 0.1771 
          06  3 0.3828 0.0312 0.0003 0.0188 0.3002 0.0086 0.0009 0.2572 
          07  3 0.2221 0.1656 0.0011 0.0916 0.3398 0.0008 0.0003 0.1786 
          08  3 0.2542 0.0020 0.0036 0.1886 0.2983 0.0126 0.0038 0.2370 
          09  3 0.2363 0.0455 0.0004 0.1376 0.3863 0.0228 0.0017 0.1692 
          10  3 0.3251 0.0211 0.2176 0.0040 0.1162 0.0169 0.1288 0.1704 
          11  3 0.2549 0.0521 0.0003 0.1361 0.3608 0.0076 0.0002 0.1880 
          12  3 0.2633 0.0504 0.0004 0.1323 0.3656 0.0015 0.0005 0.1861 
          13  3 0.3919 0.0027 0.0149 0.0036 0.3287 0.0013 0.0002 0.2567 
          14  3 0.3621 0.0028 0.0449 0.0022 0.2369 0.0019 0.1564 0.1929 
          15  3 0.2073 0.1392 0.0002 0.0929 0.3111 0.0013 0.0015 0.2466 
          16  3 0.4189 0.0197 0.0044 0.0357 0.1478 0.0233 0.0038 0.3465 
          17  3 0.1302 0.2618 0.0022 0.0052 0.3713 0.0032 0.0027 0.2234 
          18  3 0.2626 0.0061 0.1657 0.0041 0.1385 0.0041 0.2793 0.1396 
          19  3 0.3317 0.0045 0.0009 0.1067 0.2279 0.0023 0.0032 0.3229 
          20  3 0.2048 0.0760 0.0004 0.0423 0.3412 0.0006 0.0554 0.2792 
          21  3 0.2381 0.1552 0.0015 0.0026 0.2306 0.0035 0.0057 0.3627 
          22  3 0.1725 0.0529 0.0004 0.1401 0.4178 0.0011 0.0015 0.2137 
          23  3 0.2410 0.1412 0.0004 0.0085 0.2952 0.0030 0.0011 0.3095 
          24  3 0.1976 0.0083 0.1695 0.0113 0.4037 0.0181 0.0025 0.1890 
          25  3 0.1915 0.0004 0.2501 0.0005 0.2049 0.0006 0.1334 0.2186 
          26  3 0.2757 0.0005 0.0006 0.1496 0.3733 0.0024 0.0009 0.1970 
          27  3 0.2553 0.0175 0.1336 0.0143 0.1534 0.0128 0.1766 0.2366 
          28  3 0.3191 0.0321 0.0026 0.0285 0.2988 0.0054 0.0002 0.3134 
          29  3 0.2852 0.0325 0.0070 0.1304 0.2853 0.0030 0.0116 0.2450 
          30  3 0.1456 0.0017 0.0009 0.0685 0.3353 0.1505 0.0004 0.2971 
         001  4 0.0001 0.0001 0.0001 0.0001 0.9994 0.0001 0.0001 0.0001 
         002  4 0.0004 0.0002 0.0003 0.0003 0.9980 0.0003 0.0001 0.0005 
         003  4 0.0001 0.0001 0.0001 0.0001 0.9993 0.0001 0.0001 0.0001 
         004  4 0.0002 0.0001 0.0001 0.0001 0.9992 0.0001 0.0001 0.0001 
         005  4 0.0002 0.0002 0.0002 0.0001 0.9988 0.0002 0.0001 0.0001 
         006  4 0.0697 0.0007 0.0003 0.0004 0.9065 0.0004 0.0004 0.0215 
         007  4 0.0623 0.0010 0.0002 0.0009 0.9278 0.0069 0.0005 0.0005 
         008  4 0.0007 0.0007 0.0024 0.0005 0.9896 0.0009 0.0046 0.0005 
         009  4 0.0003 0.0001 0.0001 0.0001 0.9991 0.0001 0.0001 0.0001 
         010  4 0.0183 0.0001 0.0001 0.0001 0.9812 0.0001 0.0001 0.0001 
         011  4 0.0383 0.0006 0.0005 0.0008 0.9407 0.0015 0.0170 0.0007 
         012  4 0.0001 0.0001 0.0001 0.0001 0.9993 0.0001 0.0001 0.0001 
         013  4 0.0001 0.0001 0.0001 0.0001 0.9994 0.0001 0.0001 0.0001 
         014  4 0.0002 0.0002 0.0001 0.0002 0.9988 0.0002 0.0002 0.0002 
         015  4 0.0001 0.0001 0.0001 0.0001 0.9993 0.0001 0.0001 0.0003 
         016  4 0.0002 0.0001 0.0001 0.0001 0.9992 0.0001 0.0001 0.0001 
         017  4 0.0002 0.0001 0.0002 0.0002 0.9987 0.0002 0.0001 0.0004 
         019  4 0.0914 0.0002 0.0006 0.0003 0.9030 0.0003 0.0005 0.0036 
         020  4 0.0002 0.0002 0.0003 0.0001 0.9987 0.0002 0.0001 0.0002 
         021  4 0.0275 0.0002 0.0003 0.0002 0.9709 0.0004 0.0002 0.0003 
         001  5 0.0006 0.0010 0.0020 0.0004 0.9547 0.0006 0.0350 0.0058 
         002  5 0.0004 0.0094 0.0010 0.0075 0.9409 0.0159 0.0018 0.0231 
         003  5 0.0535 0.1408 0.0002 0.0120 0.7144 0.0031 0.0039 0.0722 
         004  5 0.0011 0.0494 0.0004 0.0064 0.9294 0.0092 0.0021 0.0021 
         005  5 0.0011 0.0003 0.0002 0.0004 0.9556 0.0002 0.0004 0.0419 
         006  5 0.0594 0.0006 0.0005 0.0006 0.8397 0.0005 0.0002 0.0985 
         007  5 0.0670 0.0003 0.0006 0.0002 0.8791 0.0004 0.0002 0.0522 
         008  5 0.0025 0.0002 0.0002 0.0002 0.9417 0.0002 0.0001 0.0549 
         009  5 0.0047 0.0521 0.0003 0.0093 0.9139 0.0017 0.0010 0.0171 
         010  5 0.0421 0.0028 0.0004 0.0014 0.8814 0.0010 0.0017 0.0691 
         011  5 0.0003 0.0014 0.0003 0.0013 0.9498 0.0006 0.0031 0.0431 
         012  5 0.0790 0.0256 0.0009 0.0076 0.8478 0.0095 0.0021 0.0275 
         013  5 0.0151 0.0651 0.0007 0.1066 0.7165 0.0011 0.0006 0.0942 
         014  5 0.0795 0.1470 0.0173 0.0061 0.6845 0.0107 0.0142 0.0407 
         015  5 0.0269 0.0003 0.0002 0.0002 0.9430 0.0002 0.0002 0.0291 
         016  5 0.0545 0.0011 0.0008 0.0017 0.9104 0.0008 0.0003 0.0305 
         017  5 0.0666 0.0108 0.0026 0.0153 0.8440 0.0064 0.0002 0.0540 
         018  5 0.0125 0.0099 0.0237 0.0246 0.8374 0.0023 0.0191 0.0705 
         019  5 0.0002 0.0004 0.0103 0.0006 0.9851 0.0004 0.0018 0.0012 
         020  5 0.0001 0.0002 0.0001 0.0002 0.9987 0.0002 0.0002 0.0003 
         021  5 0.0008 0.1220 0.0005 0.0013 0.8465 0.0236 0.0015 0.0037 
         022  5 0.0206 0.0174 0.0022 0.0071 0.9159 0.0025 0.0308 0.0035 
         023  5 0.0114 0.0010 0.0003 0.0016 0.9314 0.0013 0.0022 0.0506 
         024  5 0.0687 0.0444 0.0003 0.0039 0.8786 0.0006 0.0009 0.0026 
         025  5 0.0691 0.0104 0.0013 0.0070 0.8721 0.0129 0.0005 0.0267 
         026  5 0.0139 0.0814 0.0005 0.0144 0.8244 0.0013 0.0004 0.0637 
         027  5 0.0007 0.0002 0.0002 0.0002 0.9981 0.0001 0.0002 0.0002 
         028  5 0.0516 0.0097 0.0008 0.0054 0.9114 0.0033 0.0094 0.0085 
         029  5 0.0024 0.0007 0.0003 0.0003 0.9726 0.0005 0.0003 0.0228 
         030  5 0.0009 0.0005 0.0052 0.0009 0.9666 0.0008 0.0017 0.0234 
        001s  6 0.0122 0.3260 0.0010 0.4441 0.0012 0.1804 0.0218 0.0133 
        002s  6 0.0005 0.7974 0.0186 0.1091 0.0383 0.0265 0.0011 0.0085 
        003s  6 0.0004 0.3865 0.0004 0.3154 0.0132 0.2732 0.0033 0.0076 
        004s  6 0.0004 0.8409 0.0006 0.0039 0.0008 0.0196 0.0009 0.1330 
        006s  6 0.0153 0.4411 0.0014 0.4683 0.0576 0.0078 0.0071 0.0014 
        007s  6 0.0030 0.7217 0.0010 0.2653 0.0006 0.0024 0.0005 0.0056 
        008s  6 0.0005 0.8733 0.0042 0.0304 0.0034 0.0177 0.0084 0.0621 
        009s  6 0.0004 0.4255 0.0008 0.5468 0.0003 0.0089 0.0013 0.0161 
        010s  6 0.0081 0.8567 0.0131 0.0166 0.0185 0.0013 0.0155 0.0701 
        011s  6 0.0013 0.8500 0.0003 0.0233 0.0005 0.0030 0.0012 0.1204 
        012s  6 0.0028 0.9139 0.0026 0.0674 0.0005 0.0091 0.0016 0.0021 
        013s  6 0.0009 0.9220 0.0007 0.0241 0.0012 0.0084 0.0005 0.0422 
        014s  6 0.0005 0.4125 0.0003 0.1448 0.0657 0.3656 0.0003 0.0103 
        015s  6 0.0112 0.2631 0.0009 0.5648 0.0100 0.0016 0.0075 0.1409 
        016s  6 0.0009 0.8608 0.0005 0.0084 0.0006 0.1057 0.0014 0.0217 
        018s  6 0.0010 0.6836 0.0005 0.0117 0.2364 0.0209 0.0012 0.0447 
        019s  6 0.0018 0.6560 0.0010 0.0626 0.0085 0.0588 0.0034 0.2078 
        020s  6 0.0006 0.6166 0.0012 0.1877 0.0003 0.0282 0.0005 0.1649 
        021s  6 0.0108 0.9159 0.0018 0.0458 0.0013 0.0048 0.0041 0.0156 
        022s  6 0.0004 0.8582 0.0004 0.0290 0.0009 0.0662 0.0040 0.0408 
        023s  6 0.0005 0.0641 0.0005 0.2175 0.0245 0.5274 0.0010 0.1645 
        024s  6 0.0030 0.7197 0.0024 0.1147 0.0426 0.0126 0.0006 0.1043 
        025s  6 0.0010 0.8403 0.0008 0.0058 0.0022 0.0029 0.0675 0.0795 
        026s  6 0.0005 0.9642 0.0018 0.0108 0.0005 0.0204 0.0006 0.0012 
        027s  6 0.0007 0.9083 0.0013 0.0543 0.0014 0.0281 0.0006 0.0052 
        028s  6 0.0094 0.8386 0.0457 0.0766 0.0153 0.0024 0.0069 0.0051 
        029s  6 0.0004 0.6208 0.0016 0.3428 0.0007 0.0035 0.0018 0.0285 
        030s  6 0.0005 0.2647 0.0016 0.6521 0.0684 0.0036 0.0062 0.0030 
        031s  6 0.0063 0.2119 0.0005 0.1009 0.0021 0.6712 0.0005 0.0066 
        032s  6 0.0011 0.9477 0.0004 0.0090 0.0035 0.0111 0.0005 0.0266 
        033s  6 0.0003 0.5926 0.0006 0.3138 0.0843 0.0005 0.0006 0.0072 
        034s  6 0.0034 0.2732 0.0007 0.6364 0.0019 0.0149 0.0118 0.0578 
        035s  6 0.0009 0.0017 0.0010 0.0013 0.1302 0.8583 0.0013 0.0053 
        036s  6 0.0041 0.6399 0.0003 0.3402 0.0007 0.0044 0.0016 0.0087 
        037s  6 0.0007 0.9817 0.0016 0.0050 0.0008 0.0040 0.0016 0.0046 
        038s  6 0.0028 0.3769 0.0014 0.3813 0.0003 0.2357 0.0006 0.0010 
        039s  6 0.0004 0.2340 0.0008 0.6623 0.0003 0.0044 0.0008 0.0970 
        040s  6 0.0018 0.3632 0.0007 0.2728 0.0004 0.2216 0.0004 0.1390 
        041s  6 0.0002 0.1963 0.0061 0.0208 0.0545 0.6013 0.0052 0.1156 
        042s  6 0.0012 0.8569 0.0043 0.0579 0.0073 0.0154 0.0552 0.0018 
        043s  6 0.0013 0.7585 0.0003 0.2181 0.0009 0.0056 0.0049 0.0103 
        044s  6 0.0004 0.8230 0.0031 0.0070 0.0016 0.1566 0.0008 0.0074 
        045s  6 0.0005 0.9494 0.0011 0.0096 0.0056 0.0183 0.0020 0.0135 
        001s  7 0.0005 0.0277 0.0004 0.0910 0.0008 0.8681 0.0015 0.0100 
        002s  7 0.0013 0.3924 0.0016 0.0309 0.0163 0.4971 0.0022 0.0582 
        003s  7 0.0024 0.0113 0.0019 0.0075 0.0011 0.9581 0.0019 0.0159 
        004s  7 0.0027 0.6648 0.0017 0.3003 0.0012 0.0248 0.0009 0.0036 
        005s  7 0.0023 0.8014 0.0008 0.1348 0.0163 0.0231 0.0032 0.0180 
        006s  7 0.0010 0.6735 0.0005 0.2564 0.0607 0.0026 0.0040 0.0013 
        007s  7 0.0062 0.8966 0.0148 0.0168 0.0072 0.0080 0.0018 0.0484 
        008s  7 0.0004 0.0048 0.0051 0.0052 0.0156 0.9654 0.0014 0.0020 
        009s  7 0.0020 0.9477 0.0008 0.0082 0.0024 0.0271 0.0088 0.0030 
        010s  7 0.0002 0.0044 0.0009 0.0034 0.0009 0.9876 0.0016 0.0009 
        011s  7 0.0005 0.7601 0.0010 0.2195 0.0003 0.0132 0.0010 0.0044 
        012s  7 0.0013 0.9102 0.0004 0.0136 0.0008 0.0017 0.0008 0.0713 
        013s  7 0.0118 0.8949 0.0007 0.0068 0.0003 0.0078 0.0057 0.0720 
        014s  7 0.0009 0.4214 0.0010 0.0110 0.0426 0.5167 0.0004 0.0059 
        015s  7 0.0020 0.7657 0.0017 0.1021 0.0209 0.0030 0.0012 0.1034 
        016s  7 0.0002 0.0006 0.0004 0.0004 0.0919 0.9052 0.0009 0.0003 
        017s  7 0.0011 0.8137 0.0004 0.1611 0.0016 0.0174 0.0007 0.0040 
        018s  7 0.0006 0.2743 0.0055 0.4276 0.0027 0.0020 0.0009 0.2864 
        019s  7 0.0007 0.2625 0.0028 0.7118 0.0011 0.0046 0.0102 0.0063 
        020s  7 0.0015 0.9561 0.0004 0.0137 0.0007 0.0195 0.0005 0.0077 
        021s  7 0.0006 0.9491 0.0016 0.0282 0.0022 0.0056 0.0012 0.0116 
        022s  7 0.0042 0.9422 0.0003 0.0179 0.0021 0.0024 0.0010 0.0300 
        023s  7 0.0011 0.4191 0.0011 0.5295 0.0071 0.0173 0.0143 0.0106 
        024s  7 0.0006 0.9272 0.0017 0.0275 0.0022 0.0064 0.0006 0.0339 
        025s  7 0.0050 0.9164 0.0014 0.0088 0.0012 0.0030 0.0014 0.0628 
        026s  7 0.0004 0.0087 0.0017 0.0083 0.0020 0.9754 0.0013 0.0022 
        027s  7 0.0008 0.4839 0.0014 0.0318 0.0011 0.4789 0.0007 0.0014 
        028s  7 0.0010 0.5423 0.0003 0.2163 0.0046 0.0068 0.0008 0.2280 
        029s  7 0.0008 0.6873 0.0009 0.0465 0.0096 0.0624 0.0020 0.1905 
        030s  7 0.0010 0.2679 0.0052 0.5003 0.0003 0.2205 0.0039 0.0008 
        031s  7 0.0012 0.5101 0.0004 0.4396 0.0021 0.0258 0.0129 0.0080 
        032s  7 0.0003 0.7878 0.0048 0.0290 0.0979 0.0054 0.0006 0.0741 
        033s  7 0.0006 0.8781 0.0042 0.0643 0.0373 0.0044 0.0023 0.0087 
        034s  7 0.0355 0.7507 0.0015 0.0045 0.0009 0.0113 0.0004 0.1952 
        035s  7 0.0003 0.9708 0.0005 0.0204 0.0004 0.0045 0.0011 0.0020 
        036s  7 0.0045 0.7544 0.0008 0.1428 0.0007 0.0851 0.0106 0.0011 
        037s  7 0.0018 0.0386 0.0005 0.7821 0.0266 0.0069 0.0040 0.1396 
        038s  7 0.0005 0.5795 0.0012 0.1923 0.0083 0.0056 0.0025 0.2101 
        039s  7 0.0003 0.1072 0.0005 0.2920 0.0003 0.4129 0.0004 0.1864 
        040s  7 0.0314 0.0020 0.0004 0.0010 0.0053 0.9571 0.0007 0.0021 
        041s  7 0.0005 0.6442 0.0013 0.1450 0.0223 0.1816 0.0013 0.0038 
        042s  7 0.0007 0.0394 0.0004 0.0057 0.0052 0.9458 0.0004 0.0024 
        043s  7 0.0003 0.9277 0.0006 0.0510 0.0017 0.0113 0.0050 0.0024 
        044s  7 0.0092 0.3204 0.0018 0.5904 0.0444 0.0031 0.0236 0.0071 
         003  8 0.0011 0.8633 0.0080 0.0789 0.0069 0.0050 0.0008 0.0361 
         009  8 0.0007 0.9616 0.0005 0.0040 0.0010 0.0061 0.0015 0.0246 
         010  8 0.0002 0.8437 0.0004 0.1041 0.0005 0.0111 0.0027 0.0373 
         017  8 0.0006 0.9198 0.0013 0.0323 0.0007 0.0056 0.0041 0.0357 
         002  9 0.0011 0.8325 0.0007 0.0845 0.0005 0.0142 0.0013 0.0652 
         003  9 0.0004 0.9341 0.0003 0.0602 0.0003 0.0037 0.0004 0.0008 
         004  9 0.0003 0.9631 0.0004 0.0152 0.0004 0.0169 0.0011 0.0027 
         005  9 0.0014 0.8714 0.0017 0.0892 0.0004 0.0086 0.0049 0.0224 
         006  9 0.0009 0.9473 0.0006 0.0040 0.0008 0.0031 0.0025 0.0410 
         007  9 0.0006 0.8954 0.0014 0.0711 0.0060 0.0076 0.0011 0.0168 
         009  9 0.0003 0.9042 0.0018 0.0677 0.0014 0.0208 0.0028 0.0011 
         010  9 0.0003 0.8630 0.0026 0.0660 0.0003 0.0025 0.0015 0.0640 
         013  9 0.0016 0.9460 0.0004 0.0049 0.0015 0.0227 0.0013 0.0215 
         014  9 0.0003 0.8699 0.0064 0.0882 0.0005 0.0183 0.0024 0.0141 
         016  9 0.0003 0.9271 0.0011 0.0523 0.0003 0.0029 0.0006 0.0154 
         018  9 0.0008 0.8250 0.0068 0.1007 0.0008 0.0023 0.0020 0.0617 
         019  9 0.0008 0.8113 0.0055 0.1732 0.0007 0.0030 0.0007 0.0046 
         020  9 0.0004 0.9790 0.0004 0.0072 0.0005 0.0017 0.0003 0.0105 
         021  9 0.0002 0.7952 0.0004 0.0369 0.0006 0.0102 0.0008 0.1557 
         022  9 0.0004 0.8403 0.0010 0.0857 0.0002 0.0085 0.0006 0.0632 
         024  9 0.0004 0.9040 0.0026 0.0774 0.0007 0.0096 0.0035 0.0019 
         028  9 0.0009 0.8833 0.0008 0.0136 0.0005 0.0060 0.0013 0.0935 
         029  9 0.0004 0.8727 0.0012 0.0903 0.0002 0.0115 0.0007 0.0229 
         030  9 0.0004 0.9464 0.0013 0.0285 0.0005 0.0032 0.0014 0.0182 
         031  9 0.0004 0.9299 0.0010 0.0256 0.0016 0.0128 0.0007 0.0280 
         033  9 0.0004 0.9233 0.0011 0.0373 0.0059 0.0227 0.0012 0.0081 
         001 10 0.0005 0.9101 0.0015 0.0726 0.0005 0.0125 0.0003 0.0019 
         002 10 0.0002 0.8716 0.0016 0.1150 0.0003 0.0076 0.0010 0.0026 
         003 10 0.0009 0.9302 0.0006 0.0277 0.0003 0.0032 0.0127 0.0245 
         004 10 0.0004 0.8604 0.0007 0.0124 0.0005 0.1174 0.0023 0.0059 
         005 10 0.0006 0.9626 0.0013 0.0235 0.0004 0.0043 0.0010 0.0063 
         006 10 0.0007 0.9820 0.0007 0.0078 0.0013 0.0046 0.0007 0.0023 
         007 10 0.0003 0.9747 0.0004 0.0132 0.0006 0.0059 0.0028 0.0021 
         008 10 0.0008 0.9288 0.0010 0.0213 0.0006 0.0019 0.0039 0.0415 
         009 10 0.0009 0.9550 0.0034 0.0058 0.0005 0.0077 0.0006 0.0261 
         010 10 0.0004 0.8625 0.0023 0.1045 0.0007 0.0279 0.0009 0.0009 
         011 10 0.0013 0.9504 0.0004 0.0048 0.0005 0.0039 0.0373 0.0014 
         012 10 0.0012 0.9601 0.0005 0.0223 0.0007 0.0049 0.0041 0.0061 
         013 10 0.0022 0.9223 0.0008 0.0612 0.0003 0.0033 0.0008 0.0091 
         014 10 0.0012 0.7285 0.0009 0.0664 0.0006 0.1971 0.0014 0.0039 
         016 10 0.0007 0.8032 0.0013 0.1756 0.0004 0.0070 0.0012 0.0106 
         017 10 0.0009 0.8965 0.0012 0.0101 0.0006 0.0032 0.0008 0.0867 
         018 10 0.0006 0.9326 0.0021 0.0537 0.0070 0.0017 0.0006 0.0017 
         019 10 0.0003 0.9617 0.0047 0.0216 0.0004 0.0050 0.0014 0.0049 
         020 10 0.0011 0.8349 0.0059 0.0145 0.0010 0.0428 0.0026 0.0971 
         021 10 0.0004 0.9086 0.0036 0.0602 0.0009 0.0230 0.0003 0.0030 
         022 10 0.0007 0.8868 0.0003 0.0074 0.0004 0.0587 0.0008 0.0450 
         023 10 0.0006 0.9546 0.0004 0.0353 0.0003 0.0033 0.0007 0.0048 
         024 10 0.0002 0.9179 0.0016 0.0735 0.0004 0.0019 0.0029 0.0018 
         026 10 0.0004 0.9038 0.0007 0.0072 0.0004 0.0013 0.0010 0.0851 
        001s 11 0.0008 0.2802 0.0012 0.1764 0.0916 0.3602 0.0121 0.0776 
        002s 11 0.0072 0.9490 0.0030 0.0211 0.0006 0.0115 0.0018 0.0058 
        003s 11 0.0006 0.6392 0.0014 0.1727 0.0102 0.0175 0.0006 0.1578 
        004s 11 0.0019 0.8962 0.0003 0.0829 0.0006 0.0120 0.0013 0.0047 
        005s 11 0.0005 0.7606 0.0058 0.1774 0.0017 0.0489 0.0006 0.0045 
        006s 11 0.0055 0.6618 0.0017 0.2803 0.0007 0.0278 0.0029 0.0193 
        007s 11 0.0393 0.8019 0.0018 0.0102 0.0080 0.0998 0.0009 0.0380 
        008s 11 0.0005 0.5511 0.0006 0.1826 0.0005 0.0160 0.0005 0.2481 
        009s 11 0.0004 0.8618 0.0153 0.0145 0.0006 0.0028 0.0008 0.1038 
        010s 11 0.0004 0.8681 0.0006 0.0193 0.0009 0.1082 0.0010 0.0014 
        011s 11 0.0069 0.0097 0.0004 0.0158 0.1045 0.8444 0.0172 0.0012 
        012s 11 0.0004 0.0049 0.0009 0.8067 0.1000 0.0253 0.0003 0.0615 
        013s 11 0.0008 0.7250 0.0004 0.0096 0.0009 0.2287 0.0016 0.0329 
        014s 11 0.0063 0.0525 0.0020 0.1177 0.0054 0.8095 0.0010 0.0055 
        015s 11 0.0015 0.3314 0.0017 0.6385 0.0020 0.0094 0.0036 0.0119 
        016s 11 0.0006 0.6320 0.0085 0.0534 0.0423 0.1632 0.0545 0.0455 
        017s 11 0.0011 0.0106 0.0011 0.6308 0.0852 0.0080 0.0011 0.2622 
        018s 11 0.0012 0.0109 0.0018 0.0955 0.0047 0.8809 0.0012 0.0038 
        019s 11 0.0010 0.9374 0.0004 0.0179 0.0009 0.0032 0.0243 0.0148 
        020s 11 0.0016 0.3353 0.0032 0.0222 0.0015 0.6279 0.0016 0.0067 
        021s 11 0.0005 0.9576 0.0005 0.0157 0.0006 0.0036 0.0017 0.0198 
        022s 11 0.0307 0.6112 0.0008 0.2303 0.0022 0.0118 0.0005 0.1124 
        023s 11 0.0003 0.0134 0.0005 0.0214 0.0310 0.8508 0.0319 0.0508 
        025s 11 0.0004 0.9203 0.0003 0.0699 0.0004 0.0058 0.0013 0.0016 
        026s 11 0.0008 0.8896 0.0006 0.0145 0.0388 0.0035 0.0505 0.0017 
        027s 11 0.0033 0.9360 0.0005 0.0493 0.0007 0.0047 0.0005 0.0050 
        028s 11 0.0009 0.5012 0.0004 0.4811 0.0056 0.0036 0.0014 0.0057 
        029s 11 0.0004 0.7558 0.0014 0.1552 0.0412 0.0059 0.0005 0.0395 
        030s 11 0.0013 0.2240 0.0017 0.4532 0.0437 0.0059 0.0016 0.2686 
        031s 11 0.0015 0.8795 0.0007 0.0231 0.0004 0.0068 0.0004 0.0877 
        032s 11 0.0005 0.8162 0.0008 0.0185 0.0012 0.0727 0.0030 0.0872 
        033s 11 0.0005 0.7933 0.0016 0.0436 0.0043 0.1526 0.0011 0.0030 
        034s 11 0.0024 0.0247 0.0005 0.0694 0.0010 0.8578 0.0005 0.0437 
        035s 11 0.0015 0.2724 0.0021 0.1800 0.0023 0.5383 0.0003 0.0031 
        036s 11 0.0015 0.3334 0.0017 0.3559 0.0138 0.0135 0.0004 0.2799 
        037s 11 0.0004 0.0167 0.0008 0.0116 0.0017 0.8977 0.0023 0.0688 
        038s 11 0.0003 0.3222 0.0008 0.2859 0.0022 0.3442 0.0005 0.0438 
        039s 11 0.0003 0.8666 0.0005 0.1209 0.0017 0.0061 0.0012 0.0027 
        040s 11 0.0025 0.7372 0.0008 0.0604 0.0586 0.0018 0.0006 0.1381 
        041s 11 0.0007 0.5224 0.0222 0.4452 0.0012 0.0032 0.0035 0.0016 
        042s 11 0.0010 0.1915 0.0010 0.2394 0.0008 0.4891 0.0129 0.0643 
        043s 11 0.0006 0.8511 0.0006 0.0850 0.0182 0.0061 0.0230 0.0155 
        044s 11 0.0113 0.5263 0.0013 0.3836 0.0005 0.0690 0.0056 0.0023 
        045s 11 0.0024 0.8410 0.0005 0.0284 0.0004 0.0140 0.0094 0.1039 
        046s 11 0.0029 0.1346 0.0007 0.0727 0.0351 0.6095 0.0314 0.1131 
        047s 11 0.0016 0.7319 0.0005 0.0493 0.0005 0.0049 0.0015 0.2098 
        048s 11 0.0025 0.8943 0.0021 0.0309 0.0037 0.0058 0.0330 0.0277 
        049s 11 0.0005 0.4676 0.0020 0.4549 0.0014 0.0089 0.0014 0.0632 
        050s 11 0.0028 0.9282 0.0005 0.0565 0.0003 0.0039 0.0014 0.0064 
        051s 11 0.0240 0.4824 0.0004 0.3184 0.0007 0.1202 0.0491 0.0048 
        052s 11 0.0038 0.0709 0.0019 0.0752 0.0019 0.7741 0.0036 0.0685 
        053s 11 0.0005 0.9531 0.0014 0.0297 0.0005 0.0108 0.0009 0.0030 
        054s 11 0.0065 0.6630 0.0005 0.3059 0.0008 0.0164 0.0007 0.0060 
        055s 11 0.0008 0.0310 0.0004 0.0178 0.0265 0.8805 0.0004 0.0426 
        001s 12 0.0029 0.7176 0.0014 0.2439 0.0021 0.0143 0.0009 0.0169 
        002s 12 0.0006 0.9858 0.0019 0.0055 0.0011 0.0026 0.0007 0.0018 
        003s 12 0.0007 0.9364 0.0006 0.0492 0.0005 0.0091 0.0003 0.0032 
        004s 12 0.0006 0.7702 0.0027 0.0186 0.0672 0.0066 0.0057 0.1285 
        005s 12 0.0007 0.3428 0.0008 0.0258 0.0005 0.6078 0.0010 0.0205 
        006s 12 0.0035 0.5817 0.0008 0.2268 0.0239 0.0343 0.0010 0.1280 
        007s 12 0.0020 0.6927 0.0041 0.2879 0.0014 0.0029 0.0019 0.0072 
        008s 12 0.0007 0.6408 0.0008 0.3093 0.0057 0.0040 0.0006 0.0381 
        009s 12 0.0016 0.3874 0.0225 0.2571 0.0146 0.0482 0.0098 0.2588 
        010s 12 0.0301 0.6907 0.0010 0.1563 0.0118 0.0686 0.0003 0.0412 
        011s 12 0.0044 0.8932 0.0013 0.0382 0.0015 0.0077 0.0008 0.0529 
        012s 12 0.0085 0.3333 0.0005 0.3997 0.0016 0.0026 0.0040 0.2497 
        013s 12 0.0005 0.8925 0.0007 0.0049 0.0014 0.0022 0.0347 0.0631 
        014s 12 0.0394 0.0238 0.0021 0.4024 0.0014 0.4793 0.0495 0.0021 
        015s 12 0.0007 0.7946 0.0020 0.1898 0.0046 0.0039 0.0007 0.0038 
        016s 12 0.0006 0.3343 0.0005 0.5591 0.0007 0.0034 0.0037 0.0977 
        017s 12 0.0009 0.8505 0.0005 0.0741 0.0058 0.0635 0.0013 0.0033 
        018s 12 0.0002 0.5528 0.0019 0.2317 0.0018 0.0071 0.0019 0.2024 
        019s 12 0.0006 0.8787 0.0033 0.0731 0.0065 0.0359 0.0006 0.0014 
        020s 12 0.0004 0.3733 0.0002 0.5407 0.0723 0.0081 0.0003 0.0047 
        021s 12 0.0005 0.3641 0.0006 0.4951 0.0034 0.0089 0.0021 0.1252 
        022s 12 0.0008 0.6043 0.0041 0.2746 0.0326 0.0646 0.0041 0.0150 
        023s 12 0.0004 0.9353 0.0008 0.0382 0.0005 0.0180 0.0012 0.0056 
        024s 12 0.0003 0.3010 0.0004 0.1212 0.0004 0.4997 0.0014 0.0755 
        025s 12 0.0021 0.6867 0.0069 0.2744 0.0026 0.0070 0.0015 0.0187 
        026s 12 0.0006 0.5663 0.0146 0.3117 0.0297 0.0747 0.0010 0.0013 
        027s 12 0.0005 0.9024 0.0005 0.0834 0.0023 0.0046 0.0004 0.0059 
        028s 12 0.0005 0.0155 0.0177 0.0044 0.0017 0.9510 0.0084 0.0008 
        029s 12 0.0009 0.6450 0.0004 0.0232 0.0009 0.3254 0.0021 0.0021 
        030s 12 0.0019 0.8819 0.0006 0.0932 0.0015 0.0041 0.0007 0.0161 
        031s 12 0.0009 0.7960 0.0011 0.1866 0.0057 0.0049 0.0022 0.0026 
        032s 12 0.0006 0.0814 0.0107 0.1204 0.0005 0.7777 0.0009 0.0078 
        033s 12 0.0076 0.8915 0.0007 0.0047 0.0009 0.0212 0.0004 0.0731 
        034s 12 0.0003 0.0552 0.0008 0.0474 0.0004 0.8942 0.0005 0.0012 
        035s 12 0.0010 0.4099 0.0008 0.4578 0.0119 0.0881 0.0007 0.0299 
        036s 12 0.0065 0.1454 0.0031 0.7762 0.0024 0.0499 0.0008 0.0158 
        037s 12 0.0004 0.8771 0.0012 0.0608 0.0015 0.0040 0.0009 0.0542 
        001s 13 0.0005 0.7600 0.0016 0.1318 0.0115 0.0097 0.0034 0.0815 
        002s 13 0.0004 0.0122 0.0004 0.0092 0.0689 0.8209 0.0012 0.0869 
        003s 13 0.0003 0.9062 0.0013 0.0505 0.0008 0.0076 0.0013 0.0318 
        004s 13 0.0007 0.8468 0.0106 0.0421 0.0010 0.0086 0.0027 0.0875 
        005s 13 0.0040 0.9622 0.0029 0.0154 0.0029 0.0056 0.0028 0.0042 
        006s 13 0.0016 0.7534 0.0013 0.2062 0.0006 0.0103 0.0007 0.0258 
        007s 13 0.0267 0.7768 0.0005 0.1812 0.0010 0.0057 0.0016 0.0065 
        008s 13 0.0014 0.4340 0.0011 0.5027 0.0521 0.0048 0.0011 0.0028 
        009s 13 0.0018 0.8452 0.0106 0.0098 0.1265 0.0016 0.0013 0.0033 
        010s 13 0.0006 0.5539 0.0015 0.1389 0.0607 0.0025 0.0009 0.2410 
        011s 13 0.0198 0.4698 0.0076 0.0806 0.0044 0.2965 0.0024 0.1188 
        012s 13 0.0020 0.0076 0.0023 0.6468 0.0461 0.0036 0.0157 0.2757 
        013s 13 0.0216 0.1914 0.0009 0.1196 0.0218 0.6372 0.0064 0.0011 
        014s 13 0.0208 0.7425 0.0008 0.0739 0.0010 0.0013 0.0061 0.1537 
        015s 13 0.0010 0.8950 0.0076 0.0613 0.0086 0.0171 0.0072 0.0020 
        016s 13 0.0005 0.9213 0.0008 0.0223 0.0005 0.0059 0.0013 0.0474 
        017s 13 0.0056 0.8937 0.0041 0.0107 0.0061 0.0107 0.0008 0.0683 
        018s 13 0.0004 0.9093 0.0006 0.0333 0.0005 0.0148 0.0013 0.0399 
        019s 13 0.0009 0.4738 0.0005 0.4346 0.0008 0.0610 0.0010 0.0274 
        020s 13 0.0047 0.0681 0.0023 0.0025 0.0015 0.9175 0.0005 0.0030 
        021s 13 0.0005 0.9009 0.0007 0.0646 0.0012 0.0273 0.0018 0.0031 
        022s 13 0.0008 0.8483 0.0005 0.1402 0.0016 0.0032 0.0008 0.0047 
        023s 13 0.0003 0.8957 0.0007 0.0388 0.0019 0.0466 0.0003 0.0156 
        024s 13 0.0040 0.6528 0.0010 0.0582 0.0321 0.0098 0.0382 0.2039 
        025s 13 0.0005 0.9411 0.0010 0.0060 0.0010 0.0034 0.0016 0.0453 
        026s 13 0.0032 0.6165 0.0004 0.0265 0.0728 0.0121 0.0045 0.2640 
        027s 13 0.0021 0.6986 0.0044 0.2392 0.0466 0.0031 0.0014 0.0047 
        028s 13 0.0031 0.0940 0.0110 0.4731 0.0037 0.3847 0.0037 0.0266 
        029s 13 0.0017 0.0313 0.0006 0.0304 0.0131 0.8004 0.0017 0.1208 
        030s 13 0.0004 0.1528 0.0007 0.0153 0.0718 0.7231 0.0238 0.0120 
        031s 13 0.0030 0.2185 0.0007 0.6686 0.0033 0.0049 0.0993 0.0018 
        032s 13 0.0077 0.9711 0.0004 0.0080 0.0006 0.0106 0.0005 0.0011 
        033s 13 0.0160 0.7087 0.0006 0.1184 0.0024 0.0055 0.0010 0.1473 
        034s 13 0.0196 0.0052 0.0035 0.0036 0.0447 0.9216 0.0011 0.0007 
        035s 13 0.0007 0.6393 0.0017 0.1107 0.0008 0.2342 0.0046 0.0081 
        036s 13 0.0005 0.6559 0.0008 0.0413 0.0018 0.1992 0.0005 0.1001 
        037s 13 0.0006 0.9231 0.0008 0.0613 0.0004 0.0087 0.0021 0.0030 
        038s 13 0.0014 0.3098 0.0014 0.0714 0.0013 0.5085 0.0016 0.1045 
        039s 13 0.0010 0.7100 0.0011 0.1122 0.1002 0.0041 0.0704 0.0010 
        040s 13 0.0014 0.6674 0.0004 0.2575 0.0017 0.0105 0.0012 0.0600 
        041s 13 0.0070 0.6424 0.0008 0.1877 0.0570 0.0013 0.0020 0.1019 
        042s 13 0.0012 0.0083 0.0009 0.0136 0.0005 0.9696 0.0010 0.0049 
        001s 14 0.0010 0.0571 0.0024 0.1606 0.0145 0.5940 0.0009 0.1696 
        002s 14 0.0019 0.5652 0.0045 0.3548 0.0619 0.0077 0.0013 0.0027 
        003s 14 0.0008 0.0037 0.0008 0.0036 0.0004 0.9877 0.0013 0.0017 
        004s 14 0.0127 0.9536 0.0009 0.0066 0.0095 0.0041 0.0027 0.0099 
        005s 14 0.0003 0.4549 0.0008 0.3279 0.0003 0.2122 0.0008 0.0027 
        006s 14 0.0007 0.8362 0.0004 0.0198 0.0007 0.0283 0.0005 0.1134 
        007s 14 0.0010 0.9660 0.0004 0.0081 0.0009 0.0202 0.0016 0.0017 
        008s 14 0.0054 0.0072 0.0209 0.0012 0.1001 0.8605 0.0035 0.0012 
        009s 14 0.0009 0.9513 0.0047 0.0190 0.0029 0.0135 0.0010 0.0067 
        010s 14 0.0007 0.4019 0.0153 0.0368 0.0563 0.3458 0.0017 0.1417 
        011s 14 0.0151 0.5234 0.0006 0.0425 0.0047 0.3577 0.0011 0.0548 
        012s 14 0.0021 0.0275 0.0024 0.0227 0.0006 0.9054 0.0025 0.0368 
        013s 14 0.0038 0.0321 0.0008 0.8366 0.0010 0.0809 0.0049 0.0399 
        014s 14 0.0008 0.8124 0.0081 0.0562 0.0406 0.0061 0.0010 0.0748 
        015s 14 0.0005 0.7777 0.0084 0.1803 0.0010 0.0140 0.0023 0.0158 
        016s 14 0.0003 0.5682 0.0005 0.4129 0.0013 0.0027 0.0103 0.0038 
        017s 14 0.0081 0.3862 0.0006 0.4839 0.0603 0.0120 0.0006 0.0482 
        018s 14 0.0005 0.8770 0.0009 0.0112 0.0011 0.0050 0.0011 0.1033 
        019s 14 0.0020 0.9603 0.0005 0.0187 0.0020 0.0058 0.0008 0.0099 
        020s 14 0.0002 0.1683 0.0100 0.0168 0.0006 0.7733 0.0026 0.0283 
        021s 14 0.0003 0.9086 0.0085 0.0691 0.0062 0.0039 0.0005 0.0030 
        022s 14 0.0033 0.5337 0.0022 0.3740 0.0055 0.0274 0.0015 0.0523 
        023s 14 0.0021 0.6194 0.0026 0.3184 0.0108 0.0340 0.0034 0.0093 
        024s 14 0.0021 0.5607 0.0019 0.0098 0.0505 0.3304 0.0018 0.0429 
        025s 14 0.0003 0.7989 0.0005 0.0056 0.0705 0.0724 0.0004 0.0513 
        026s 14 0.0003 0.7321 0.0024 0.2090 0.0007 0.0048 0.0008 0.0499 
        027s 14 0.0008 0.7084 0.0009 0.0121 0.0021 0.0387 0.0034 0.2336 
        028s 14 0.0022 0.3780 0.0024 0.5843 0.0007 0.0255 0.0008 0.0060 
        029s 14 0.0004 0.6862 0.0006 0.2860 0.0004 0.0234 0.0012 0.0018 
        030s 14 0.0075 0.1216 0.0007 0.5008 0.0010 0.1499 0.0009 0.2176 
        031s 14 0.0229 0.6207 0.0006 0.0151 0.0005 0.3377 0.0015 0.0010 
        032s 14 0.0018 0.4184 0.0006 0.2995 0.0011 0.2750 0.0028 0.0009 
        033s 14 0.0491 0.5681 0.0010 0.0136 0.0005 0.3634 0.0007 0.0036 
        034s 14 0.0004 0.8015 0.0006 0.1131 0.0003 0.0027 0.0010 0.0805 
        035s 14 0.0698 0.5294 0.0003 0.0335 0.0743 0.0518 0.0010 0.2399 
        036s 14 0.0362 0.1025 0.0025 0.0230 0.0634 0.7637 0.0065 0.0023 
        037s 14 0.0004 0.7025 0.0011 0.2609 0.0013 0.0271 0.0028 0.0039 
        038s 14 0.0009 0.7953 0.0006 0.0404 0.0008 0.0331 0.0005 0.1284 
        039s 14 0.0021 0.9245 0.0037 0.0347 0.0028 0.0139 0.0045 0.0137 
        040s 14 0.0007 0.8267 0.0004 0.1063 0.0186 0.0260 0.0014 0.0199 
        041s 14 0.0013 0.2686 0.0007 0.2107 0.0010 0.3375 0.0009 0.1792 
        042s 14 0.0004 0.5091 0.0009 0.2742 0.0701 0.0062 0.0016 0.1375 
        001s 15 0.0004 0.3556 0.0014 0.1943 0.0011 0.4439 0.0008 0.0025 
        002s 15 0.0030 0.0075 0.0032 0.5842 0.0953 0.1368 0.0096 0.1604 
        003s 15 0.0005 0.7981 0.0008 0.1685 0.0083 0.0056 0.0052 0.0130 
        004s 15 0.0005 0.0991 0.0089 0.6479 0.0007 0.0019 0.0003 0.2408 
        005s 15 0.0014 0.8369 0.0012 0.0753 0.0129 0.0028 0.0062 0.0634 
        006s 15 0.0015 0.5861 0.0007 0.3444 0.0173 0.0053 0.0015 0.0432 
        007s 15 0.0006 0.5807 0.0017 0.3463 0.0006 0.0283 0.0005 0.0413 
        008s 15 0.0006 0.7930 0.0008 0.0885 0.0008 0.0104 0.0004 0.1054 
        009s 15 0.0023 0.3252 0.0012 0.3247 0.0131 0.0080 0.0446 0.2809 
        010s 15 0.0005 0.0650 0.0005 0.0249 0.0007 0.8568 0.0031 0.0486 
        011s 15 0.0354 0.1178 0.0005 0.5587 0.0008 0.0018 0.0011 0.2839 
        012s 15 0.0009 0.4279 0.0014 0.5535 0.0015 0.0027 0.0018 0.0102 
        013s 15 0.0006 0.0278 0.0084 0.0415 0.0009 0.9053 0.0015 0.0140 
        014s 15 0.0017 0.8497 0.0053 0.1264 0.0020 0.0054 0.0059 0.0036 
        015s 15 0.0027 0.3110 0.0011 0.6022 0.0766 0.0018 0.0027 0.0020 
        016s 15 0.0632 0.0097 0.0374 0.0191 0.0057 0.7921 0.0005 0.0723 
        017s 15 0.0006 0.9272 0.0138 0.0104 0.0013 0.0082 0.0017 0.0367 
        018s 15 0.0002 0.2864 0.0029 0.0227 0.0021 0.5669 0.0007 0.1181 
        019s 15 0.0004 0.0079 0.0006 0.3520 0.0044 0.4626 0.0055 0.1666 
        020s 15 0.0006 0.3452 0.0006 0.1303 0.0009 0.4944 0.0006 0.0275 
        021s 15 0.0005 0.0988 0.0022 0.7735 0.0697 0.0369 0.0062 0.0120 
        022s 15 0.0014 0.5910 0.0009 0.1367 0.0005 0.0153 0.0008 0.2534 
        023s 15 0.0034 0.1042 0.0007 0.8451 0.0250 0.0077 0.0012 0.0127 
        024s 15 0.0031 0.9283 0.0005 0.0123 0.0015 0.0036 0.0010 0.0496 
        025s 15 0.0013 0.4421 0.0010 0.5040 0.0045 0.0195 0.0215 0.0061 
        026s 15 0.0009 0.3386 0.0037 0.6000 0.0018 0.0309 0.0160 0.0080 
        027s 15 0.0156 0.9069 0.0111 0.0065 0.0040 0.0393 0.0009 0.0157 
        028s 15 0.0010 0.9600 0.0024 0.0181 0.0005 0.0093 0.0010 0.0078 
        029s 15 0.0011 0.9108 0.0014 0.0646 0.0009 0.0051 0.0013 0.0147 
        030s 15 0.0006 0.5445 0.0016 0.3895 0.0008 0.0102 0.0011 0.0516 
        031s 15 0.0013 0.8922 0.0014 0.0033 0.0629 0.0232 0.0061 0.0096 
        032s 15 0.0002 0.8879 0.0012 0.0775 0.0006 0.0052 0.0016 0.0259 
        033s 15 0.0007 0.0085 0.0015 0.0047 0.0378 0.8395 0.0004 0.1069 
        035s 15 0.0021 0.2175 0.0031 0.7647 0.0010 0.0038 0.0009 0.0069 
        036s 15 0.0037 0.3555 0.0004 0.1678 0.0011 0.4591 0.0053 0.0070 
        037s 15 0.0078 0.8216 0.0006 0.0183 0.0010 0.0134 0.0009 0.1363 
        038s 15 0.0026 0.2591 0.0009 0.6021 0.0033 0.0061 0.0003 0.1256 
        039s 15 0.0003 0.2930 0.0005 0.0274 0.0651 0.4294 0.0004 0.1839 
        040s 15 0.0028 0.6735 0.0033 0.2972 0.0024 0.0134 0.0007 0.0067 
        041s 15 0.0044 0.5391 0.0006 0.1689 0.0690 0.0103 0.0032 0.2044 
        042s 15 0.0006 0.8204 0.0046 0.0785 0.0072 0.0082 0.0008 0.0796 
        043s 15 0.0024 0.5875 0.0004 0.0033 0.0118 0.3839 0.0021 0.0086 
        044s 15 0.0010 0.9527 0.0011 0.0299 0.0056 0.0039 0.0011 0.0048 
        045s 15 0.0239 0.1020 0.0025 0.7454 0.0030 0.0045 0.0710 0.0478 
        046s 15 0.0052 0.7331 0.0006 0.1870 0.0218 0.0249 0.0015 0.0258 
        047s 15 0.0020 0.7872 0.0005 0.0974 0.0200 0.0087 0.0007 0.0835 
        048s 15 0.0008 0.6300 0.0012 0.0049 0.0007 0.3219 0.0233 0.0172 
        049s 15 0.0012 0.8207 0.0004 0.0875 0.0099 0.0395 0.0006 0.0403 
        050s 15 0.0007 0.5909 0.0087 0.2249 0.1359 0.0250 0.0018 0.0123 
         001 16 0.0077 0.0029 0.0048 0.0437 0.1313 0.6684 0.0008 0.1404 
         002 16 0.0004 0.4617 0.0004 0.4911 0.0208 0.0035 0.0008 0.0213 
         003 16 0.0035 0.5662 0.0029 0.3154 0.0048 0.0038 0.0018 0.1017 
         004 16 0.0010 0.4755 0.0008 0.4105 0.0008 0.0024 0.0012 0.1078 
         005 16 0.0079 0.8182 0.0032 0.0665 0.0575 0.0156 0.0265 0.0046 
         006 16 0.0007 0.3225 0.0012 0.6368 0.0064 0.0019 0.0111 0.0193 
         007 16 0.0013 0.8478 0.0009 0.0440 0.0060 0.0175 0.0016 0.0809 
         008 16 0.0144 0.4800 0.0007 0.0255 0.1468 0.1053 0.0006 0.2266 
         009 16 0.0006 0.3595 0.0015 0.0529 0.0036 0.5584 0.0006 0.0229 
         010 16 0.0004 0.1734 0.0007 0.3257 0.0157 0.2227 0.0021 0.2594 
         011 16 0.0018 0.0224 0.0012 0.0598 0.0057 0.8355 0.0028 0.0709 
         012 16 0.0019 0.5246 0.0016 0.2915 0.0008 0.0871 0.0019 0.0905 
         013 16 0.0007 0.6629 0.0006 0.3039 0.0005 0.0056 0.0006 0.0253 
         014 16 0.0009 0.8923 0.0016 0.0079 0.0299 0.0030 0.0004 0.0639 
         015 16 0.0035 0.6004 0.0023 0.0062 0.0005 0.0201 0.3660 0.0010 
         016 16 0.0003 0.8370 0.0055 0.0522 0.0020 0.0059 0.0168 0.0803 
         017 16 0.0090 0.2373 0.0011 0.0448 0.0063 0.6635 0.0012 0.0367 
         018 16 0.0040 0.7095 0.0064 0.2080 0.0378 0.0014 0.0219 0.0111 
         019 16 0.0040 0.0333 0.0009 0.0128 0.0577 0.8871 0.0005 0.0037 
         020 16 0.0007 0.8539 0.0012 0.0200 0.0003 0.0061 0.0008 0.1171 
         021 16 0.0130 0.5805 0.0052 0.2299 0.0669 0.0133 0.0009 0.0902 
         022 16 0.0003 0.9342 0.0008 0.0243 0.0306 0.0015 0.0028 0.0054 
