        001s  1 0.0006 0.0003 0.0004 0.0031 0.3431 0.1158 0.0030 0.0009 0.5327 
        002s  1 0.0005 0.0052 0.0006 0.0195 0.7266 0.0522 0.0240 0.0005 0.1710 
        003s  1 0.0046 0.0008 0.0024 0.0031 0.8683 0.0143 0.0733 0.0227 0.0105 
        004s  1 0.0030 0.0327 0.0054 0.0015 0.4463 0.4519 0.0194 0.0005 0.0392 
        005s  1 0.1398 0.1337 0.0010 0.1485 0.4285 0.0048 0.1391 0.0004 0.0043 
        006s  1 0.0005 0.0018 0.0005 0.0150 0.0027 0.2158 0.0107 0.0004 0.7527 
        007s  1 0.0029 0.0004 0.0027 0.0048 0.0176 0.9234 0.0029 0.0008 0.0445 
        008s  1 0.0024 0.0013 0.0010 0.0326 0.5274 0.2684 0.0785 0.0014 0.0871 
        009s  1 0.0354 0.0025 0.0079 0.0099 0.3248 0.3135 0.0166 0.0033 0.2860 
        010s  1 0.0149 0.0016 0.0004 0.0061 0.0048 0.0198 0.0174 0.0007 0.9343 
        011s  1 0.0013 0.0020 0.0018 0.0053 0.0060 0.8535 0.0763 0.0042 0.0495 
        012s  1 0.0960 0.0051 0.0009 0.0018 0.0068 0.8514 0.0299 0.0057 0.0023 
        013s  1 0.0025 0.0114 0.0131 0.0091 0.0490 0.2847 0.0158 0.0010 0.6135 
        014s  1 0.0131 0.0020 0.0049 0.0136 0.0033 0.7794 0.0012 0.0156 0.1668 
        015s  1 0.0005 0.0005 0.0009 0.0017 0.0114 0.0125 0.0413 0.0008 0.9303 
        016s  1 0.0038 0.0008 0.0059 0.0058 0.0418 0.9032 0.0025 0.0013 0.0348 
        018s  1 0.1122 0.0012 0.0017 0.1112 0.0201 0.4659 0.1805 0.0025 0.1046 
        019s  1 0.0112 0.0007 0.0013 0.0050 0.0894 0.8345 0.0141 0.0043 0.0393 
        020s  1 0.0009 0.0003 0.0121 0.0129 0.0100 0.0744 0.0154 0.0103 0.8638 
        021s  1 0.0004 0.0083 0.0087 0.0039 0.0372 0.0995 0.0035 0.0010 0.8374 
        022s  1 0.0002 0.0005 0.0024 0.0095 0.9123 0.0168 0.0140 0.0008 0.0433 
        023s  1 0.0005 0.0004 0.0125 0.0829 0.1888 0.0277 0.0293 0.0013 0.6565 
        024s  1 0.0011 0.0013 0.0012 0.0066 0.0086 0.8023 0.0049 0.0004 0.1735 
        025s  1 0.0055 0.0022 0.0013 0.1053 0.0045 0.4458 0.1529 0.0004 0.2821 
        026s  1 0.0007 0.0007 0.0079 0.0471 0.0088 0.8103 0.0091 0.0045 0.1109 
        027s  1 0.0013 0.0133 0.0034 0.1039 0.0177 0.3266 0.2207 0.0007 0.3124 
        028s  1 0.0286 0.0444 0.0015 0.1169 0.0194 0.4700 0.1972 0.0019 0.1202 
        029s  1 0.0017 0.0008 0.0007 0.0039 0.0123 0.0172 0.0171 0.0101 0.9363 
        030s  1 0.0009 0.0069 0.0009 0.0916 0.0019 0.0156 0.1321 0.0058 0.7442 
        031s  1 0.0005 0.0004 0.0016 0.0086 0.0474 0.0128 0.0055 0.0005 0.9228 
        032s  1 0.0008 0.0009 0.0009 0.0087 0.0018 0.3045 0.0123 0.0012 0.6689 
        033s  1 0.0025 0.0011 0.0008 0.0086 0.0089 0.8904 0.0424 0.0010 0.0442 
        034s  1 0.0011 0.0023 0.0556 0.0102 0.4937 0.1800 0.0182 0.0042 0.2348 
        035s  1 0.0029 0.0023 0.0008 0.0022 0.0045 0.1420 0.0576 0.0029 0.7848 
        036s  1 0.0960 0.0013 0.0013 0.0121 0.4526 0.0102 0.0022 0.0004 0.4239 
        037s  1 0.0938 0.0068 0.0313 0.0007 0.0074 0.8458 0.0106 0.0014 0.0022 
        038s  1 0.0017 0.0012 0.0012 0.0272 0.0126 0.1751 0.0134 0.0009 0.7667 
        039s  1 0.0003 0.0106 0.0006 0.0432 0.0473 0.0604 0.0549 0.0008 0.7818 
        040s  1 0.0018 0.0066 0.0027 0.0052 0.1247 0.3457 0.0240 0.0008 0.4887 
        041s  1 0.0034 0.0005 0.0032 0.0102 0.0090 0.4139 0.0668 0.0007 0.4924 
        042s  1 0.0704 0.0006 0.0783 0.0035 0.0438 0.7990 0.0018 0.0008 0.0017 
        043s  1 0.0047 0.0005 0.0008 0.0662 0.7397 0.0803 0.1050 0.0020 0.0008 
        044s  1 0.0647 0.0120 0.0068 0.0124 0.2603 0.5591 0.0192 0.0025 0.0629 
        045s  1 0.0113 0.0029 0.0011 0.0043 0.0020 0.0400 0.0021 0.0015 0.9349 
        046s  1 0.0021 0.0005 0.0011 0.0038 0.0311 0.0775 0.0561 0.0024 0.8255 
        047s  1 0.0013 0.0003 0.0070 0.0258 0.0044 0.0365 0.0125 0.0016 0.9106 
        048s  1 0.0298 0.0003 0.0010 0.0010 0.4713 0.0092 0.0101 0.0005 0.4767 
        049s  1 0.0007 0.0016 0.0007 0.0044 0.8680 0.0114 0.0232 0.0008 0.0892 
        050s  1 0.0959 0.0052 0.0005 0.0056 0.0734 0.0319 0.0020 0.0004 0.7851 
        051s  1 0.0006 0.0009 0.0009 0.0013 0.0081 0.1858 0.0291 0.0309 0.7424 
        052s  1 0.0026 0.0060 0.0011 0.1098 0.0105 0.8255 0.0204 0.0105 0.0136 
        053s  1 0.0022 0.0004 0.0005 0.0021 0.0025 0.7995 0.0051 0.0004 0.1874 
        054s  1 0.0003 0.0035 0.0013 0.0016 0.0036 0.1128 0.0251 0.0032 0.8485 
        055s  1 0.0539 0.0006 0.0716 0.0101 0.0036 0.6781 0.0490 0.0024 0.1308 
          01  2 0.1025 0.0016 0.0017 0.0114 0.0222 0.8181 0.0011 0.0252 0.0161 
          02  2 0.0127 0.0030 0.0010 0.0330 0.0083 0.0200 0.0286 0.0021 0.8914 
          03  2 0.0016 0.0010 0.0011 0.0310 0.0091 0.0988 0.0162 0.0005 0.8407 
          04  2 0.0021 0.0123 0.0180 0.0915 0.0596 0.0253 0.1885 0.0011 0.6017 
          05  2 0.0941 0.0003 0.0006 0.0393 0.7566 0.0087 0.0922 0.0003 0.0079 
          06  2 0.0233 0.0021 0.0008 0.0050 0.0114 0.4169 0.0079 0.0009 0.5316 
          07  2 0.0027 0.0026 0.0008 0.0131 0.1685 0.7468 0.0017 0.0010 0.0628 
          08  2 0.0761 0.0006 0.0010 0.0080 0.5674 0.0021 0.0085 0.0010 0.3353 
          09  2 0.0010 0.0004 0.0004 0.0238 0.0690 0.0536 0.0168 0.0115 0.8234 
          10  2 0.0015 0.0007 0.0005 0.0096 0.0084 0.9520 0.0125 0.0007 0.0140 
          11  2 0.0247 0.0011 0.0029 0.0016 0.0143 0.1559 0.0012 0.0091 0.7891 
          12  2 0.0009 0.0012 0.0007 0.0833 0.0142 0.0212 0.0761 0.0018 0.8006 
          13  2 0.0006 0.0004 0.0011 0.0017 0.2091 0.0076 0.0704 0.0014 0.7076 
          14  2 0.0003 0.0112 0.0274 0.0071 0.4071 0.2850 0.0028 0.0043 0.2547 
          15  2 0.0008 0.0009 0.0020 0.0480 0.3592 0.1713 0.0086 0.0019 0.4074 
          16  2 0.0010 0.0558 0.0063 0.0089 0.0119 0.1878 0.1348 0.0057 0.5879 
          17  2 0.0016 0.0009 0.0016 0.0592 0.0254 0.7978 0.0817 0.0012 0.0305 
          18  2 0.0078 0.0037 0.0010 0.0059 0.0014 0.8132 0.0085 0.0016 0.1569 
          19  2 0.0025 0.0003 0.0057 0.0168 0.0053 0.0334 0.0051 0.0025 0.9285 
          20  2 0.0348 0.0097 0.0040 0.0033 0.0047 0.8270 0.0096 0.0018 0.1052 
          21  2 0.0016 0.0005 0.0010 0.0015 0.0127 0.7698 0.0043 0.0144 0.1942 
          22  2 0.0025 0.0060 0.0069 0.0118 0.0040 0.0250 0.1731 0.0086 0.7620 
          23  2 0.0009 0.0019 0.0020 0.0131 0.0023 0.9119 0.0013 0.0009 0.0658 
          24  2 0.0004 0.0006 0.0008 0.0153 0.0043 0.4386 0.0019 0.0008 0.5371 
          25  2 0.0071 0.0237 0.0011 0.0032 0.0937 0.2450 0.0025 0.0016 0.6222 
          26  2 0.0007 0.0005 0.0003 0.0006 0.9935 0.0009 0.0010 0.0013 0.0011 
          27  2 0.0008 0.0263 0.0067 0.0143 0.0424 0.0112 0.0064 0.0021 0.8898 
          28  2 0.0019 0.0003 0.0038 0.0155 0.0919 0.0179 0.0474 0.0010 0.8204 
          29  2 0.0010 0.0014 0.0003 0.0035 0.0047 0.8289 0.0007 0.0009 0.1587 
          30  2 0.1388 0.0009 0.0748 0.0075 0.0029 0.7242 0.0383 0.0091 0.0036 
          01  3 0.2092 0.0535 0.0196 0.1958 0.0981 0.0553 0.3371 0.0007 0.0307 
          02  3 0.1783 0.3097 0.0051 0.1547 0.0027 0.0476 0.2141 0.0730 0.0149 
          03  3 0.1571 0.2021 0.0010 0.4737 0.0007 0.0165 0.0592 0.0005 0.0893 
          04  3 0.2675 0.2027 0.0027 0.2693 0.0057 0.0103 0.2262 0.0009 0.0147 
          05  3 0.1850 0.2774 0.1107 0.1756 0.0007 0.0008 0.1410 0.1084 0.0004 
          06  3 0.1954 0.3206 0.0017 0.2525 0.0058 0.0176 0.2032 0.0003 0.0028 
          07  3 0.2160 0.1567 0.0004 0.4572 0.0019 0.0231 0.0685 0.0014 0.0749 
          08  3 0.2338 0.2227 0.0053 0.2786 0.0050 0.0782 0.1683 0.0065 0.0016 
          09  3 0.2770 0.1699 0.0012 0.3861 0.0027 0.0058 0.0701 0.0005 0.0867 
          10  3 0.0664 0.2897 0.1155 0.1495 0.0037 0.0138 0.1410 0.2106 0.0098 
          11  3 0.2198 0.1844 0.0005 0.4824 0.0012 0.0009 0.0730 0.0003 0.0375 
          12  3 0.2299 0.1920 0.0003 0.4515 0.0150 0.0015 0.0843 0.0003 0.0252 
          13  3 0.2039 0.3368 0.0003 0.2343 0.0008 0.0004 0.2152 0.0078 0.0006 
          14  3 0.1471 0.3215 0.1471 0.1956 0.0016 0.0019 0.1539 0.0298 0.0015 
          15  3 0.2209 0.1573 0.0015 0.3530 0.0074 0.0468 0.1746 0.0003 0.0383 
          16  3 0.0951 0.3641 0.0047 0.1758 0.0014 0.0331 0.3178 0.0046 0.0034 
          17  3 0.3114 0.1036 0.0007 0.2010 0.0030 0.0094 0.1307 0.0010 0.2392 
          18  3 0.0792 0.2399 0.2748 0.1168 0.0026 0.0041 0.1173 0.1612 0.0039 
          19  3 0.1535 0.2899 0.0112 0.2133 0.0057 0.0287 0.2858 0.0007 0.0112 
          20  3 0.2611 0.1724 0.0528 0.2596 0.0113 0.0013 0.2258 0.0003 0.0153 
          21  3 0.1714 0.2005 0.0101 0.1524 0.0054 0.0773 0.3264 0.0010 0.0556 
          22  3 0.2834 0.1143 0.0018 0.4090 0.0174 0.0248 0.1341 0.0003 0.0150 
          23  3 0.2252 0.2013 0.0014 0.2231 0.0007 0.0669 0.2766 0.0004 0.0045 
          24  3 0.3306 0.1652 0.0011 0.1680 0.0071 0.0048 0.1520 0.1639 0.0074 
          25  3 0.1318 0.1576 0.1283 0.1309 0.0003 0.0003 0.2054 0.2449 0.0004 
          26  3 0.2613 0.2138 0.0005 0.3564 0.0015 0.0407 0.1045 0.0004 0.0210 
          27  3 0.0881 0.2170 0.1739 0.1645 0.0106 0.0013 0.2079 0.1297 0.0071 
          28  3 0.2205 0.2676 0.0003 0.2088 0.0099 0.0034 0.2775 0.0022 0.0098 
          29  3 0.2229 0.2467 0.0142 0.1906 0.0339 0.0219 0.2539 0.0047 0.0113 
          30  3 0.2557 0.1069 0.0005 0.2330 0.1443 0.0078 0.2490 0.0014 0.0013 
         001  4 0.9992 0.0001 0.0001 0.0001 0.0001 0.0001 0.0001 0.0001 0.0001 
         002  4 0.9895 0.0006 0.0001 0.0081 0.0003 0.0003 0.0006 0.0002 0.0003 
         003  4 0.9992 0.0001 0.0001 0.0001 0.0001 0.0001 0.0001 0.0001 0.0001 
         004  4 0.9991 0.0002 0.0001 0.0001 0.0001 0.0001 0.0001 0.0001 0.0001 
         005  4 0.9985 0.0003 0.0001 0.0001 0.0001 0.0001 0.0001 0.0004 0.0001 
         006  4 0.8825 0.0630 0.0003 0.0373 0.0004 0.0006 0.0149 0.0003 0.0007 
         007  4 0.8961 0.0499 0.0005 0.0403 0.0112 0.0007 0.0006 0.0002 0.0004 
         008  4 0.9891 0.0009 0.0046 0.0003 0.0016 0.0008 0.0006 0.0014 0.0005 
         009  4 0.9989 0.0002 0.0001 0.0001 0.0001 0.0001 0.0001 0.0001 0.0001 
         010  4 0.9745 0.0247 0.0001 0.0002 0.0001 0.0001 0.0001 0.0001 0.0001 
         011  4 0.9374 0.0399 0.0158 0.0005 0.0028 0.0018 0.0010 0.0004 0.0004 
         012  4 0.9990 0.0001 0.0001 0.0002 0.0001 0.0001 0.0001 0.0001 0.0001 
         013  4 0.9992 0.0001 0.0001 0.0001 0.0001 0.0001 0.0002 0.0001 0.0001 
         014  4 0.9859 0.0002 0.0002 0.0128 0.0002 0.0002 0.0002 0.0001 0.0002 
         015  4 0.9766 0.0001 0.0001 0.0227 0.0001 0.0001 0.0002 0.0001 0.0001 
         016  4 0.9992 0.0001 0.0001 0.0001 0.0001 0.0001 0.0001 0.0001 0.0001 
         017  4 0.9745 0.0002 0.0001 0.0243 0.0002 0.0001 0.0003 0.0001 0.0002 
         019  4 0.8844 0.0894 0.0008 0.0201 0.0003 0.0004 0.0039 0.0005 0.0003 
         020  4 0.9985 0.0002 0.0001 0.0002 0.0002 0.0002 0.0002 0.0002 0.0002 
         021  4 0.9575 0.0284 0.0002 0.0123 0.0002 0.0003 0.0004 0.0002 0.0004 
         001  5 0.9247 0.0006 0.0307 0.0360 0.0004 0.0009 0.0047 0.0013 0.0007 
         002  5 0.9355 0.0003 0.0011 0.0008 0.0216 0.0036 0.0258 0.0014 0.0099 
         003  5 0.6973 0.0451 0.0027 0.0225 0.0016 0.0430 0.1013 0.0002 0.0863 
         004  5 0.9252 0.0015 0.0023 0.0008 0.0148 0.0054 0.0056 0.0003 0.0440 
         005  5 0.9273 0.0012 0.0006 0.0302 0.0002 0.0004 0.0394 0.0002 0.0004 
         006  5 0.8119 0.0402 0.0002 0.0417 0.0005 0.0004 0.1032 0.0007 0.0011 
         007  5 0.8532 0.0582 0.0003 0.0363 0.0003 0.0003 0.0507 0.0004 0.0003 
         008  5 0.9103 0.0032 0.0002 0.0332 0.0002 0.0002 0.0525 0.0002 0.0002 
         009  5 0.8977 0.0029 0.0014 0.0377 0.0030 0.0089 0.0170 0.0004 0.0310 
         010  5 0.8618 0.0338 0.0020 0.0191 0.0007 0.0027 0.0773 0.0004 0.0022 
         011  5 0.9249 0.0005 0.0033 0.0248 0.0005 0.0016 0.0435 0.0003 0.0006 
         012  5 0.8340 0.0745 0.0021 0.0223 0.0088 0.0060 0.0278 0.0012 0.0234 
         013  5 0.6738 0.0127 0.0014 0.1266 0.0224 0.0920 0.0624 0.0005 0.0082 
         014  5 0.6728 0.0760 0.0106 0.0091 0.0022 0.0019 0.0453 0.0107 0.1716 
         015  5 0.9227 0.0223 0.0002 0.0283 0.0002 0.0002 0.0258 0.0002 0.0002 
         016  5 0.8708 0.0420 0.0005 0.0587 0.0008 0.0019 0.0227 0.0005 0.0020 
         017  5 0.8142 0.0579 0.0002 0.0577 0.0018 0.0051 0.0469 0.0015 0.0146 
         018  5 0.8036 0.0102 0.0163 0.0816 0.0022 0.0046 0.0573 0.0229 0.0014 
         019  5 0.9544 0.0002 0.0016 0.0350 0.0004 0.0004 0.0008 0.0067 0.0006 
         020  5 0.9956 0.0002 0.0003 0.0026 0.0002 0.0002 0.0006 0.0001 0.0002 
         021  5 0.8344 0.0004 0.0012 0.0167 0.0012 0.0019 0.0028 0.0005 0.1407 
         022  5 0.8939 0.0083 0.0142 0.0519 0.0019 0.0141 0.0071 0.0017 0.0069 
         023  5 0.8921 0.0079 0.0017 0.0559 0.0006 0.0016 0.0394 0.0003 0.0005 
         024  5 0.8689 0.0674 0.0005 0.0146 0.0011 0.0057 0.0039 0.0003 0.0376 
         025  5 0.8296 0.0557 0.0003 0.0762 0.0107 0.0032 0.0138 0.0006 0.0098 
         026  5 0.8051 0.0141 0.0007 0.0366 0.0055 0.0015 0.0348 0.0006 0.1010 
         027  5 0.9976 0.0009 0.0001 0.0004 0.0002 0.0003 0.0002 0.0002 0.0002 
         028  5 0.8793 0.0382 0.0047 0.0584 0.0030 0.0020 0.0100 0.0006 0.0038 
         029  5 0.9484 0.0023 0.0002 0.0357 0.0004 0.0006 0.0116 0.0003 0.0004 
         030  5 0.9397 0.0007 0.0014 0.0385 0.0007 0.0010 0.0107 0.0064 0.0008 
        001s  6 0.0011 0.0173 0.0180 0.0088 0.2710 0.3236 0.0199 0.0007 0.3396 
        002s  6 0.0180 0.0005 0.0008 0.0108 0.0106 0.9124 0.0086 0.0184 0.0199 
        003s  6 0.0098 0.0004 0.0031 0.0368 0.1960 0.7006 0.0403 0.0006 0.0125 
        004s  6 0.0006 0.0004 0.0012 0.0248 0.0150 0.0113 0.0071 0.0004 0.9392 
        006s  6 0.0430 0.0184 0.0086 0.0107 0.0017 0.8295 0.0391 0.0022 0.0468 
        007s  6 0.0006 0.0039 0.0008 0.0493 0.0059 0.0048 0.0419 0.0017 0.8911 
        008s  6 0.0027 0.0006 0.0045 0.0372 0.0067 0.7774 0.0038 0.0037 0.1634 
        009s  6 0.0004 0.0007 0.0011 0.0765 0.0069 0.0233 0.0546 0.0017 0.8348 
        010s  6 0.0236 0.0084 0.0170 0.0045 0.0042 0.0332 0.0370 0.0108 0.8612 
        011s  6 0.0004 0.0014 0.0017 0.0480 0.0027 0.4230 0.0102 0.0003 0.5122 
        012s  6 0.0007 0.0033 0.0018 0.0079 0.0064 0.0062 0.0059 0.0033 0.9647 
        013s  6 0.0014 0.0009 0.0007 0.0413 0.0037 0.0127 0.0044 0.0006 0.9343 
        014s  6 0.0522 0.0004 0.0004 0.0273 0.4001 0.0819 0.0087 0.0004 0.4287 
        015s  6 0.0057 0.0102 0.0072 0.0892 0.0018 0.4475 0.0127 0.0014 0.4244 
        016s  6 0.0006 0.0016 0.0011 0.0021 0.1530 0.0215 0.0072 0.0007 0.8123 
        018s  6 0.2303 0.0007 0.0018 0.0035 0.0151 0.0206 0.0473 0.0008 0.6799 
        019s  6 0.0056 0.0008 0.0037 0.0531 0.0758 0.6809 0.1461 0.0006 0.0332 
        020s  6 0.0003 0.0009 0.0006 0.0058 0.0618 0.0254 0.1471 0.0009 0.7571 
        021s  6 0.0014 0.0089 0.0043 0.0112 0.0053 0.7067 0.0081 0.0011 0.2529 
        022s  6 0.0014 0.0004 0.0048 0.0495 0.0499 0.0108 0.0065 0.0009 0.8758 
        023s  6 0.0195 0.0005 0.0007 0.0518 0.4833 0.2658 0.1219 0.0004 0.0561 
        024s  6 0.0115 0.0025 0.0006 0.0022 0.0041 0.9691 0.0024 0.0016 0.0060 
        025s  6 0.0020 0.0007 0.0685 0.0015 0.0238 0.2990 0.0035 0.0009 0.6000 
        026s  6 0.0007 0.0006 0.0006 0.0043 0.0275 0.1414 0.0019 0.0026 0.8204 
        027s  6 0.0010 0.0006 0.0005 0.0430 0.0172 0.0357 0.0028 0.0016 0.8974 
        028s  6 0.0104 0.0068 0.0083 0.0198 0.0027 0.0228 0.0550 0.0477 0.8266 
        029s  6 0.0006 0.0004 0.0023 0.0396 0.0027 0.0073 0.1197 0.0024 0.8250 
        030s  6 0.0469 0.0008 0.0065 0.0632 0.0036 0.8643 0.0025 0.0018 0.0104 
        031s  6 0.0029 0.0047 0.0004 0.0268 0.6095 0.0313 0.0048 0.0006 0.3189 
        032s  6 0.0061 0.0012 0.0008 0.0041 0.0327 0.0165 0.0306 0.0004 0.9077 
        033s  6 0.0558 0.0003 0.0007 0.0397 0.0065 0.3963 0.1172 0.0005 0.3831 
        034s  6 0.0028 0.0047 0.0156 0.0570 0.0131 0.5148 0.0239 0.0007 0.3674 
        035s  6 0.1265 0.0007 0.0013 0.0006 0.8331 0.0026 0.0323 0.0012 0.0017 
        036s  6 0.0005 0.0044 0.0018 0.0076 0.0045 0.7495 0.0922 0.0003 0.1393 
        037s  6 0.0012 0.0011 0.0030 0.0028 0.0069 0.0069 0.0034 0.0022 0.9726 
        038s  6 0.0005 0.0035 0.0009 0.0080 0.1278 0.0448 0.0286 0.0015 0.7843 
        039s  6 0.0004 0.0005 0.0011 0.1106 0.0046 0.1473 0.0340 0.0008 0.7006 
        040s  6 0.0003 0.0026 0.0004 0.0798 0.1909 0.0151 0.0082 0.0004 0.7021 
        041s  6 0.0433 0.0002 0.0019 0.0025 0.1642 0.7766 0.0060 0.0022 0.0031 
        042s  6 0.0100 0.0009 0.0563 0.0049 0.0066 0.0191 0.0772 0.0055 0.8194 
        043s  6 0.0010 0.0018 0.0053 0.0233 0.0041 0.0172 0.0537 0.0003 0.8933 
        044s  6 0.0009 0.0005 0.0010 0.0031 0.1981 0.6266 0.0031 0.0034 0.1634 
        045s  6 0.0093 0.0005 0.0029 0.0120 0.0199 0.0471 0.0104 0.0007 0.8971 
        001s  7 0.0015 0.0006 0.0019 0.0625 0.7324 0.0064 0.0237 0.0005 0.1703 
        002s  7 0.0162 0.0006 0.0028 0.0461 0.4288 0.0076 0.0042 0.0019 0.4917 
        003s  7 0.0014 0.0019 0.0009 0.0017 0.8224 0.1008 0.0656 0.0017 0.0037 
        004s  7 0.0011 0.0027 0.0007 0.0082 0.0286 0.8127 0.0295 0.0013 0.1152 
        005s  7 0.0148 0.0034 0.0018 0.0162 0.0222 0.1971 0.0046 0.0005 0.7394 
        006s  7 0.0590 0.0016 0.0064 0.0339 0.0031 0.0076 0.0168 0.0005 0.8713 
        007s  7 0.0072 0.0120 0.0025 0.0069 0.0033 0.0074 0.0077 0.0166 0.9365 
        008s  7 0.0141 0.0004 0.0017 0.0402 0.9173 0.0047 0.0081 0.0039 0.0095 
        009s  7 0.0050 0.0023 0.0106 0.0016 0.0315 0.0225 0.0065 0.0011 0.9188 
        010s  7 0.0012 0.0003 0.0020 0.0036 0.9685 0.0067 0.0033 0.0016 0.0128 
        011s  7 0.0008 0.0005 0.0009 0.0057 0.0109 0.0328 0.0314 0.0013 0.9158 
        012s  7 0.0010 0.0009 0.0004 0.0115 0.0035 0.1116 0.0015 0.0004 0.8692 
        013s  7 0.0006 0.0140 0.0030 0.0016 0.0115 0.2523 0.0046 0.0006 0.7118 
        014s  7 0.0410 0.0009 0.0004 0.0015 0.4233 0.4111 0.0009 0.0006 0.1202 
        015s  7 0.0110 0.0014 0.0011 0.0037 0.0064 0.8828 0.0526 0.0015 0.0395 
        016s  7 0.0917 0.0002 0.0011 0.0009 0.9034 0.0012 0.0003 0.0004 0.0009 
        017s  7 0.0019 0.0012 0.0008 0.0038 0.0166 0.0451 0.0351 0.0004 0.8950 
        018s  7 0.0009 0.0005 0.0010 0.1309 0.0048 0.1194 0.2181 0.0049 0.5195 
        019s  7 0.0014 0.0016 0.0061 0.0735 0.0111 0.7678 0.0127 0.0034 0.1226 
        020s  7 0.0008 0.0011 0.0005 0.0016 0.0155 0.0723 0.0058 0.0004 0.9020 
        021s  7 0.0016 0.0006 0.0017 0.0021 0.0056 0.0131 0.0469 0.0015 0.9269 
        022s  7 0.0032 0.0045 0.0010 0.0095 0.0046 0.0053 0.0114 0.0004 0.9601 
        023s  7 0.0041 0.0010 0.0060 0.0174 0.0066 0.9035 0.0527 0.0014 0.0072 
        024s  7 0.0032 0.0006 0.0010 0.0340 0.0082 0.1177 0.0048 0.0020 0.8285 
        025s  7 0.0011 0.0052 0.0013 0.0042 0.0072 0.0242 0.0446 0.0010 0.9112 
        026s  7 0.0027 0.0004 0.0014 0.0172 0.9227 0.0329 0.0030 0.0019 0.0178 
        027s  7 0.0014 0.0013 0.0006 0.0079 0.5024 0.0949 0.0050 0.0024 0.3841 
        028s  7 0.0036 0.0009 0.0007 0.0857 0.0018 0.0135 0.1194 0.0002 0.7741 
        029s  7 0.0089 0.0008 0.0036 0.0128 0.0181 0.0423 0.1316 0.0010 0.7809 
        030s  7 0.0002 0.0013 0.0051 0.0155 0.1603 0.7684 0.0154 0.0049 0.0289 
        031s  7 0.0014 0.0014 0.0116 0.0715 0.0243 0.7112 0.0255 0.0005 0.1527 
        032s  7 0.0886 0.0004 0.0004 0.0138 0.0024 0.8216 0.0044 0.0023 0.0660 
        033s  7 0.0433 0.0011 0.0012 0.0036 0.0066 0.0063 0.0255 0.0035 0.9089 
        034s  7 0.0008 0.0256 0.0008 0.0023 0.0027 0.6598 0.1957 0.0016 0.1107 
        035s  7 0.0004 0.0003 0.0016 0.0017 0.0021 0.0058 0.0499 0.0006 0.9375 
        036s  7 0.0008 0.0044 0.0111 0.0038 0.1073 0.4953 0.0050 0.0007 0.3717 
        037s  7 0.0267 0.0024 0.0075 0.1682 0.0029 0.0266 0.1336 0.0008 0.6313 
        038s  7 0.0073 0.0004 0.0013 0.0269 0.0048 0.7084 0.1160 0.0012 0.1337 
        039s  7 0.0005 0.0003 0.0002 0.1904 0.3397 0.0040 0.0998 0.0005 0.3646 
        040s  7 0.0094 0.0343 0.0010 0.0015 0.9447 0.0039 0.0032 0.0005 0.0015 
        041s  7 0.0131 0.0006 0.0021 0.0037 0.1662 0.7054 0.0206 0.0029 0.0855 
        042s  7 0.0080 0.0008 0.0004 0.0035 0.8844 0.0179 0.0022 0.0004 0.0823 
        043s  7 0.0010 0.0003 0.0052 0.0118 0.0121 0.0275 0.0126 0.0008 0.9287 
        044s  7 0.0190 0.0074 0.0188 0.0192 0.0030 0.8842 0.0437 0.0021 0.0026 
         003  8 0.0092 0.0007 0.0008 0.0023 0.0062 0.0129 0.0552 0.0111 0.9018 
         009  8 0.0016 0.0009 0.0011 0.0018 0.0047 0.0078 0.0023 0.0006 0.9792 
         010  8 0.0005 0.0003 0.0018 0.0174 0.0164 0.1090 0.0754 0.0005 0.7788 
         017  8 0.0011 0.0006 0.0056 0.0044 0.0044 0.0085 0.0575 0.0011 0.9167 
         002  9 0.0006 0.0011 0.0010 0.0129 0.0150 0.0151 0.0162 0.0009 0.9372 
         003  9 0.0003 0.0005 0.0005 0.0098 0.0054 0.0290 0.0204 0.0004 0.9338 
         004  9 0.0006 0.0003 0.0015 0.0029 0.0092 0.0431 0.0535 0.0005 0.8884 
         005  9 0.0005 0.0015 0.0067 0.0155 0.0041 0.1364 0.0031 0.0015 0.8305 
         006  9 0.0018 0.0010 0.0024 0.0042 0.0044 0.0176 0.0006 0.0006 0.9675 
         007  9 0.0056 0.0006 0.0011 0.0024 0.0088 0.0262 0.0459 0.0011 0.9082 
         009  9 0.0016 0.0003 0.0023 0.0063 0.0190 0.0206 0.0263 0.0016 0.9220 
         010  9 0.0003 0.0004 0.0020 0.0367 0.0020 0.3509 0.0035 0.0022 0.6019 
         013  9 0.0017 0.0015 0.0016 0.0025 0.0389 0.5306 0.0058 0.0005 0.4169 
         014  9 0.0007 0.0003 0.0021 0.0359 0.0040 0.1205 0.0011 0.0081 0.8273 
         016  9 0.0002 0.0003 0.0006 0.0040 0.0026 0.0176 0.0191 0.0014 0.9543 
         018  9 0.0007 0.0009 0.0015 0.0592 0.0028 0.2495 0.0008 0.0081 0.6766 
         019  9 0.0011 0.0007 0.0005 0.0019 0.0034 0.2151 0.0397 0.0047 0.7330 
         020  9 0.0005 0.0003 0.0004 0.0186 0.0013 0.0523 0.0025 0.0005 0.9235 
         021  9 0.0007 0.0002 0.0011 0.0672 0.0047 0.0100 0.0560 0.0004 0.8597 
         022  9 0.0003 0.0002 0.0007 0.1161 0.0047 0.0827 0.0030 0.0016 0.7907 
         024  9 0.0005 0.0005 0.0055 0.0011 0.0095 0.2258 0.0153 0.0032 0.7386 
         028  9 0.0010 0.0008 0.0022 0.0247 0.0072 0.0381 0.0362 0.0007 0.8890 
         029  9 0.0004 0.0004 0.0007 0.0045 0.0085 0.0733 0.0021 0.0012 0.9091 
         030  9 0.0004 0.0005 0.0015 0.0057 0.0046 0.0146 0.0442 0.0013 0.9273 
         031  9 0.0030 0.0003 0.0004 0.0039 0.0089 0.2017 0.0020 0.0009 0.7789 
         033  9 0.0090 0.0004 0.0015 0.0021 0.0147 0.0046 0.0142 0.0008 0.9526 
         001 10 0.0006 0.0005 0.0004 0.0034 0.0068 0.0261 0.0031 0.0010 0.9580 
         002 10 0.0004 0.0002 0.0013 0.0052 0.0099 0.0048 0.0735 0.0013 0.9035 
         003 10 0.0003 0.0009 0.0155 0.0333 0.0016 0.0403 0.0047 0.0007 0.9028 
         004 10 0.0005 0.0003 0.0039 0.0122 0.0751 0.0074 0.0179 0.0008 0.8820 
         005 10 0.0005 0.0004 0.0013 0.0023 0.0035 0.0288 0.0220 0.0021 0.9392 
         006 10 0.0014 0.0007 0.0009 0.0015 0.0044 0.0167 0.0195 0.0006 0.9543 
         007 10 0.0005 0.0004 0.0026 0.0027 0.0067 0.0382 0.0181 0.0006 0.9301 
         008 10 0.0007 0.0006 0.0041 0.0137 0.0025 0.8775 0.0197 0.0009 0.0803 
         009 10 0.0006 0.0017 0.0006 0.0019 0.0054 0.0095 0.0054 0.0043 0.9705 
         010 10 0.0009 0.0004 0.0008 0.0035 0.0258 0.0742 0.0069 0.0034 0.8841 
         011 10 0.0008 0.0010 0.0362 0.0019 0.0080 0.0134 0.0149 0.0004 0.9233 
         012 10 0.0007 0.0008 0.0046 0.0028 0.0059 0.0130 0.0188 0.0005 0.9530 
         013 10 0.0003 0.0017 0.0008 0.0177 0.0034 0.0157 0.0085 0.0010 0.9509 
         014 10 0.0005 0.0008 0.0008 0.0020 0.2023 0.0598 0.0395 0.0006 0.6938 
         016 10 0.0008 0.0008 0.0012 0.0198 0.0061 0.2799 0.0651 0.0014 0.6249 
         017 10 0.0006 0.0007 0.0008 0.0230 0.0049 0.1615 0.0105 0.0016 0.7964 
         018 10 0.0062 0.0005 0.0011 0.0090 0.0030 0.0485 0.0020 0.0025 0.9273 
         019 10 0.0004 0.0006 0.0013 0.0029 0.0045 0.1966 0.0370 0.0054 0.7513 
         020 10 0.0008 0.0012 0.0021 0.0028 0.0134 0.1807 0.0717 0.0074 0.7200 
         021 10 0.0008 0.0003 0.0004 0.0160 0.0616 0.0348 0.0142 0.0031 0.8688 
         022 10 0.0003 0.0005 0.0008 0.0037 0.0806 0.0498 0.0050 0.0003 0.8590 
         023 10 0.0004 0.0008 0.0015 0.0067 0.0021 0.2569 0.0072 0.0005 0.7240 
         024 10 0.0005 0.0002 0.0028 0.0014 0.0031 0.0550 0.0065 0.0018 0.9288 
         026 10 0.0005 0.0005 0.0006 0.0096 0.0016 0.0091 0.0026 0.0006 0.9750 
        001s 11 0.0800 0.0005 0.0050 0.0067 0.0434 0.8576 0.0020 0.0012 0.0036 
        002s 11 0.0008 0.0078 0.0015 0.0046 0.0086 0.5605 0.0076 0.0039 0.4047 
        003s 11 0.0080 0.0004 0.0007 0.0723 0.0122 0.1348 0.1060 0.0014 0.6642 
        004s 11 0.0004 0.0019 0.0019 0.0299 0.0196 0.0809 0.0048 0.0004 0.8602 
        005s 11 0.0027 0.0008 0.0006 0.0105 0.0575 0.1379 0.0747 0.0097 0.7056 
        006s 11 0.0010 0.0060 0.0016 0.0050 0.0148 0.8578 0.0438 0.0020 0.0680 
        007s 11 0.0081 0.0304 0.0014 0.0025 0.1254 0.3379 0.0997 0.0017 0.3929 
        008s 11 0.0006 0.0003 0.0007 0.0184 0.0047 0.7543 0.1757 0.0008 0.0446 
        009s 11 0.0005 0.0005 0.0005 0.0063 0.0021 0.2386 0.1011 0.0166 0.6338 
        010s 11 0.0017 0.0004 0.0008 0.0091 0.0744 0.0725 0.0026 0.0006 0.8379 
        011s 11 0.1008 0.0131 0.0154 0.0011 0.7433 0.0471 0.0503 0.0004 0.0285 
        012s 11 0.0806 0.0003 0.0004 0.1824 0.0048 0.0160 0.1360 0.0016 0.5778 
        013s 11 0.0010 0.0008 0.0014 0.0041 0.2445 0.0156 0.0418 0.0004 0.6904 
        014s 11 0.0037 0.0057 0.0014 0.0465 0.6708 0.2503 0.0158 0.0017 0.0042 
        015s 11 0.0019 0.0023 0.0035 0.0077 0.0134 0.9244 0.0349 0.0020 0.0100 
        016s 11 0.0494 0.0004 0.0554 0.0127 0.1932 0.0041 0.0038 0.0084 0.6726 
        017s 11 0.0524 0.0006 0.0029 0.2099 0.0028 0.2579 0.1813 0.0011 0.2911 
        018s 11 0.0063 0.0014 0.0011 0.0345 0.7879 0.1507 0.0038 0.0023 0.0120 
        019s 11 0.0006 0.0013 0.0231 0.0034 0.0056 0.0065 0.0794 0.0003 0.8800 
        020s 11 0.0020 0.0013 0.0016 0.0019 0.4462 0.5111 0.0065 0.0029 0.0265 
        021s 11 0.0009 0.0006 0.0014 0.0087 0.0022 0.0423 0.0012 0.0005 0.9422 
        022s 11 0.0022 0.0294 0.0009 0.0379 0.0120 0.0068 0.0840 0.0011 0.8257 
        023s 11 0.0233 0.0004 0.0330 0.0024 0.7013 0.1768 0.0032 0.0006 0.0589 
        025s 11 0.0006 0.0007 0.0009 0.0085 0.0050 0.0206 0.0085 0.0003 0.9550 
        026s 11 0.0405 0.0006 0.0515 0.0013 0.0041 0.2458 0.0007 0.0012 0.6544 
        027s 11 0.0010 0.0044 0.0006 0.0102 0.0026 0.0130 0.0192 0.0005 0.9486 
        028s 11 0.0050 0.0011 0.0013 0.0825 0.0055 0.5437 0.0412 0.0004 0.3195 
        029s 11 0.0270 0.0005 0.0004 0.0439 0.0047 0.0670 0.0017 0.0011 0.8537 
        030s 11 0.0258 0.0012 0.0014 0.0528 0.0029 0.6749 0.2201 0.0013 0.0197 
        031s 11 0.0006 0.0023 0.0005 0.0083 0.0127 0.0114 0.0091 0.0011 0.9541 
        032s 11 0.0009 0.0004 0.0033 0.0241 0.1548 0.2227 0.0399 0.0010 0.5529 
        033s 11 0.0048 0.0007 0.0009 0.0190 0.1401 0.0653 0.0013 0.0022 0.7657 
        034s 11 0.0019 0.0025 0.0006 0.0775 0.7627 0.0581 0.0045 0.0005 0.0917 
        035s 11 0.0023 0.0018 0.0003 0.0009 0.3645 0.6021 0.0016 0.0013 0.0252 
        036s 11 0.0096 0.0012 0.0004 0.0449 0.0035 0.7514 0.1819 0.0010 0.0062 
        037s 11 0.0014 0.0005 0.0028 0.0031 0.8429 0.0071 0.0914 0.0017 0.0492 
        038s 11 0.0020 0.0006 0.0009 0.1017 0.2721 0.3919 0.0100 0.0011 0.2196 
        039s 11 0.0016 0.0003 0.0007 0.0035 0.0057 0.8733 0.0117 0.0007 0.1026 
        040s 11 0.0432 0.0016 0.0005 0.0110 0.0052 0.6124 0.1179 0.0009 0.2073 
        041s 11 0.0007 0.0014 0.0035 0.0055 0.0047 0.9191 0.0235 0.0164 0.0251 
        042s 11 0.0012 0.0015 0.0145 0.0857 0.4233 0.4201 0.0024 0.0007 0.0507 
        043s 11 0.0148 0.0007 0.0264 0.0051 0.0053 0.0497 0.0282 0.0006 0.8693 
        044s 11 0.0005 0.0073 0.0055 0.0322 0.0399 0.5279 0.0030 0.0009 0.3827 
        045s 11 0.0005 0.0026 0.0091 0.0228 0.0152 0.5846 0.0553 0.0006 0.3094 
        046s 11 0.0270 0.0038 0.0362 0.0054 0.5535 0.3325 0.0331 0.0012 0.0072 
        047s 11 0.0006 0.0008 0.0011 0.0280 0.0036 0.7931 0.1629 0.0008 0.0092 
        048s 11 0.0047 0.0017 0.0376 0.0073 0.0054 0.1574 0.0252 0.0022 0.7585 
        049s 11 0.0020 0.0006 0.0011 0.0425 0.0080 0.5414 0.0415 0.0017 0.3612 
        050s 11 0.0006 0.0043 0.0013 0.0027 0.0044 0.0760 0.0278 0.0003 0.8826 
        051s 11 0.0005 0.0286 0.0498 0.0037 0.0374 0.1458 0.0534 0.0006 0.6802 
        052s 11 0.0019 0.0033 0.0054 0.0316 0.7095 0.1535 0.0043 0.0031 0.0875 
        053s 11 0.0006 0.0004 0.0012 0.0044 0.0083 0.7974 0.0038 0.0019 0.1819 
        054s 11 0.0010 0.0060 0.0009 0.0238 0.0079 0.0196 0.0426 0.0007 0.8974 
        055s 11 0.0256 0.0009 0.0004 0.0015 0.7154 0.0192 0.0639 0.0004 0.1726 
        001s 12 0.0011 0.0031 0.0013 0.0346 0.0084 0.0138 0.0044 0.0013 0.9320 
        002s 12 0.0016 0.0008 0.0010 0.0014 0.0023 0.0279 0.0020 0.0028 0.9601 
        003s 12 0.0008 0.0009 0.0005 0.0057 0.0119 0.0145 0.0044 0.0007 0.9606 
        004s 12 0.0402 0.0005 0.0030 0.0035 0.0029 0.9385 0.0015 0.0017 0.0081 
        005s 12 0.0006 0.0007 0.0008 0.0082 0.5542 0.0573 0.0018 0.0013 0.3751 
        006s 12 0.0147 0.0042 0.0013 0.0755 0.0155 0.7363 0.0841 0.0008 0.0677 
        007s 12 0.0010 0.0015 0.0018 0.0023 0.0029 0.8076 0.0306 0.0046 0.1476 
        008s 12 0.0064 0.0007 0.0006 0.0026 0.0102 0.0746 0.0394 0.0006 0.8650 
        009s 12 0.0091 0.0013 0.0038 0.0384 0.0211 0.6721 0.1992 0.0188 0.0362 
        010s 12 0.0051 0.0203 0.0006 0.0318 0.0523 0.0116 0.0151 0.0018 0.8614 
        011s 12 0.0011 0.0028 0.0008 0.0041 0.0136 0.5367 0.0083 0.0011 0.4315 
        012s 12 0.0014 0.0058 0.0022 0.0806 0.0030 0.0413 0.1973 0.0005 0.6679 
        013s 12 0.0010 0.0007 0.0388 0.0149 0.0021 0.0122 0.0829 0.0006 0.8468 
        014s 12 0.0015 0.0410 0.0317 0.0077 0.3961 0.4471 0.0515 0.0037 0.0196 
        015s 12 0.0045 0.0008 0.0009 0.0061 0.0044 0.0074 0.0474 0.0024 0.9260 
        016s 12 0.0007 0.0005 0.0057 0.1095 0.0021 0.2701 0.0016 0.0006 0.6091 
        017s 12 0.0066 0.0015 0.0018 0.0107 0.0342 0.0108 0.0090 0.0005 0.9249 
        018s 12 0.0017 0.0003 0.0023 0.0477 0.0064 0.7055 0.2017 0.0030 0.0314 
        019s 12 0.0086 0.0006 0.0005 0.0054 0.0603 0.0680 0.0120 0.0039 0.8407 
        020s 12 0.0626 0.0004 0.0009 0.0317 0.0020 0.8144 0.0010 0.0004 0.0866 
        021s 12 0.0022 0.0005 0.0025 0.0450 0.0089 0.6598 0.1012 0.0006 0.1790 
        022s 12 0.0241 0.0009 0.0024 0.0408 0.0302 0.7387 0.0082 0.0051 0.1495 
        023s 12 0.0005 0.0004 0.0012 0.0100 0.0161 0.8092 0.0146 0.0014 0.1467 
        024s 12 0.0010 0.0004 0.0012 0.0521 0.4555 0.0052 0.1281 0.0005 0.3558 
        025s 12 0.0021 0.0015 0.0008 0.0035 0.0031 0.8554 0.0153 0.0040 0.1143 
        026s 12 0.0196 0.0007 0.0008 0.0362 0.0645 0.8064 0.0177 0.0124 0.0418 
        027s 12 0.0036 0.0007 0.0006 0.0020 0.0110 0.0282 0.0059 0.0004 0.9478 
        028s 12 0.0015 0.0007 0.0094 0.0034 0.8678 0.0087 0.0005 0.0223 0.0856 
        029s 12 0.0006 0.0010 0.0013 0.0029 0.2867 0.5872 0.0030 0.0005 0.1169 
        030s 12 0.0014 0.0018 0.0007 0.0108 0.0107 0.0284 0.0707 0.0006 0.8749 
        031s 12 0.0057 0.0008 0.0021 0.0131 0.0053 0.0113 0.0154 0.0012 0.9452 
        032s 12 0.0006 0.0007 0.0012 0.0266 0.7377 0.0063 0.0341 0.0127 0.1801 
        033s 12 0.0015 0.0053 0.0006 0.0163 0.0100 0.0332 0.0060 0.0006 0.9265 
        034s 12 0.0005 0.0005 0.0004 0.0013 0.7918 0.0241 0.0019 0.0009 0.1786 
        035s 12 0.0135 0.0013 0.0006 0.0904 0.0699 0.1485 0.0045 0.0006 0.6707 
        036s 12 0.0020 0.0052 0.0012 0.1054 0.0257 0.0147 0.0603 0.0039 0.7815 
        037s 12 0.0012 0.0005 0.0011 0.0020 0.0048 0.0199 0.1289 0.0013 0.8403 
        001s 13 0.0107 0.0006 0.0019 0.0076 0.0042 0.8974 0.0017 0.0013 0.0744 
        002s 13 0.0635 0.0005 0.0010 0.0150 0.7023 0.0254 0.0850 0.0003 0.1070 
        003s 13 0.0008 0.0003 0.0014 0.0303 0.0110 0.0116 0.0205 0.0010 0.9231 
        004s 13 0.0009 0.0006 0.0026 0.0607 0.0082 0.0431 0.0039 0.0188 0.8612 
        005s 13 0.0033 0.0042 0.0025 0.0059 0.0030 0.0196 0.0064 0.0030 0.9522 
        006s 13 0.0009 0.0016 0.0008 0.0074 0.0093 0.0070 0.0723 0.0010 0.8997 
        007s 13 0.0006 0.0203 0.0010 0.0067 0.0033 0.9381 0.0053 0.0005 0.0243 
        008s 13 0.0484 0.0020 0.0005 0.0092 0.0055 0.5589 0.0601 0.0023 0.3130 
        009s 13 0.1234 0.0015 0.0014 0.0019 0.0045 0.2382 0.0083 0.0096 0.6112 
        010s 13 0.0374 0.0008 0.0012 0.1320 0.0025 0.0419 0.1308 0.0015 0.6520 
        011s 13 0.0032 0.0157 0.0030 0.0051 0.1041 0.8105 0.0482 0.0051 0.0051 
        012s 13 0.0184 0.0016 0.0182 0.1482 0.0021 0.5933 0.2105 0.0024 0.0053 
        013s 13 0.0063 0.0225 0.0032 0.0021 0.2879 0.6707 0.0027 0.0009 0.0037 
        014s 13 0.0009 0.0207 0.0046 0.0230 0.0026 0.4249 0.1543 0.0015 0.3675 
        015s 13 0.0075 0.0007 0.0068 0.0017 0.0186 0.0517 0.0031 0.0119 0.8980 
        016s 13 0.0004 0.0004 0.0014 0.0117 0.0076 0.0027 0.0093 0.0008 0.9656 
        017s 13 0.0081 0.0048 0.0005 0.0429 0.0049 0.0029 0.0421 0.0055 0.8883 
        018s 13 0.0005 0.0003 0.0006 0.0155 0.0058 0.0860 0.0453 0.0007 0.8453 
        019s 13 0.0008 0.0007 0.0012 0.0475 0.0623 0.0510 0.0288 0.0005 0.8073 
        020s 13 0.0010 0.0049 0.0006 0.0012 0.8544 0.0209 0.0060 0.0039 0.1070 
        021s 13 0.0020 0.0007 0.0015 0.0085 0.0175 0.0317 0.0205 0.0012 0.9163 
        022s 13 0.0009 0.0007 0.0011 0.0011 0.0030 0.8250 0.0079 0.0006 0.1598 
        023s 13 0.0015 0.0004 0.0006 0.0021 0.0219 0.0166 0.0197 0.0008 0.9364 
        024s 13 0.0180 0.0038 0.0387 0.0015 0.0048 0.4875 0.1724 0.0011 0.2721 
        025s 13 0.0009 0.0007 0.0032 0.0094 0.0045 0.1222 0.0083 0.0016 0.8493 
        026s 13 0.0510 0.0022 0.0082 0.1865 0.0282 0.0782 0.2044 0.0006 0.4408 
        027s 13 0.0362 0.0018 0.0014 0.0030 0.0052 0.5117 0.0386 0.0044 0.3979 
        028s 13 0.0016 0.0045 0.0015 0.0424 0.2450 0.6741 0.0145 0.0067 0.0099 
        029s 13 0.0160 0.0010 0.0010 0.0247 0.7345 0.0752 0.1040 0.0010 0.0427 
        030s 13 0.0674 0.0006 0.0260 0.0087 0.5103 0.2241 0.0016 0.0007 0.1608 
        031s 13 0.0020 0.0030 0.0926 0.0057 0.0008 0.8615 0.0019 0.0013 0.0311 
        032s 13 0.0006 0.0084 0.0004 0.0024 0.0067 0.4273 0.0010 0.0007 0.5525 
        033s 13 0.0043 0.0133 0.0007 0.0317 0.0061 0.2778 0.0869 0.0005 0.5787 
        034s 13 0.0481 0.0127 0.0011 0.0119 0.8793 0.0131 0.0041 0.0039 0.0258 
        035s 13 0.0007 0.0007 0.0046 0.0031 0.2058 0.0317 0.0141 0.0020 0.7373 
        036s 13 0.0023 0.0005 0.0005 0.0263 0.1187 0.0075 0.0685 0.0007 0.7749 
        037s 13 0.0006 0.0006 0.0019 0.0043 0.0102 0.0731 0.0489 0.0008 0.8596 
        038s 13 0.0016 0.0014 0.0008 0.0083 0.4839 0.0563 0.0852 0.0021 0.3605 
        039s 13 0.0864 0.0007 0.0651 0.0042 0.0024 0.7833 0.0021 0.0010 0.0548 
        040s 13 0.0016 0.0012 0.0017 0.0784 0.0114 0.0733 0.0947 0.0005 0.7371 
        041s 13 0.0338 0.0025 0.0019 0.0205 0.0066 0.8091 0.0773 0.0006 0.0478 
        042s 13 0.0004 0.0017 0.0009 0.0037 0.8779 0.0924 0.0036 0.0007 0.0187 
        001s 14 0.0176 0.0012 0.0010 0.0370 0.6524 0.1419 0.0989 0.0027 0.0474 
        002s 14 0.0607 0.0015 0.0011 0.0217 0.0078 0.4391 0.0032 0.0042 0.4608 
        003s 14 0.0008 0.0006 0.0009 0.0095 0.9522 0.0106 0.0104 0.0009 0.0141 
        004s 14 0.0122 0.0149 0.0026 0.0030 0.0035 0.4123 0.0023 0.0010 0.5481 
        005s 14 0.0003 0.0002 0.0010 0.0039 0.1493 0.7936 0.0231 0.0009 0.0277 
        006s 14 0.0007 0.0007 0.0004 0.0073 0.0273 0.0370 0.0299 0.0004 0.8963 
        007s 14 0.0008 0.0019 0.0019 0.0027 0.0075 0.0117 0.0061 0.0006 0.9668 
        008s 14 0.0965 0.0062 0.0019 0.0058 0.6699 0.1696 0.0158 0.0181 0.0162 
        009s 14 0.0031 0.0005 0.0012 0.0012 0.0266 0.2655 0.0026 0.0076 0.6918 
        010s 14 0.0489 0.0005 0.0011 0.0029 0.1801 0.6757 0.0541 0.0139 0.0229 
        011s 14 0.0051 0.0125 0.0016 0.0068 0.3392 0.0016 0.0762 0.0008 0.5562 
        012s 14 0.0008 0.0022 0.0024 0.0096 0.8063 0.0270 0.0372 0.0034 0.1110 
        013s 14 0.0012 0.0041 0.0063 0.2179 0.0831 0.0279 0.0203 0.0011 0.6381 
        014s 14 0.0204 0.0007 0.0012 0.0099 0.0119 0.9147 0.0130 0.0054 0.0230 
        015s 14 0.0011 0.0006 0.0040 0.0144 0.0070 0.0969 0.0073 0.0082 0.8604 
        016s 14 0.0018 0.0004 0.0124 0.0328 0.0036 0.4981 0.0143 0.0006 0.4361 
        017s 14 0.0581 0.0092 0.0009 0.0355 0.0043 0.0131 0.1129 0.0013 0.7648 
        018s 14 0.0007 0.0004 0.0018 0.0077 0.0047 0.0077 0.0814 0.0011 0.8944 
        019s 14 0.0014 0.0018 0.0008 0.0039 0.0068 0.2559 0.0059 0.0005 0.7230 
        020s 14 0.0006 0.0004 0.0018 0.0032 0.6750 0.0489 0.0012 0.0099 0.2590 
        021s 14 0.0100 0.0004 0.0004 0.0252 0.0020 0.0891 0.0057 0.0091 0.8580 
        022s 14 0.0027 0.0024 0.0013 0.0230 0.0279 0.6657 0.1419 0.0018 0.1334 
        023s 14 0.0039 0.0017 0.0024 0.0407 0.0142 0.7725 0.0039 0.0021 0.1586 
        024s 14 0.0401 0.0016 0.0015 0.0014 0.1665 0.6019 0.0246 0.0018 0.1605 
        025s 14 0.0710 0.0005 0.0004 0.0046 0.0777 0.0284 0.0080 0.0005 0.8090 
        026s 14 0.0006 0.0003 0.0009 0.1248 0.0040 0.0380 0.0009 0.0022 0.8283 
        027s 14 0.0023 0.0006 0.0038 0.0068 0.0389 0.7322 0.1883 0.0009 0.0261 
        028s 14 0.0009 0.0021 0.0009 0.0090 0.0300 0.2908 0.0548 0.0030 0.6085 
        029s 14 0.0005 0.0005 0.0012 0.0749 0.0114 0.0686 0.0010 0.0006 0.8414 
        030s 14 0.0011 0.0084 0.0007 0.1601 0.0864 0.0631 0.0949 0.0007 0.5847 
        031s 14 0.0003 0.0255 0.0019 0.0172 0.2530 0.0148 0.0201 0.0007 0.6664 
        032s 14 0.0011 0.0018 0.0039 0.0029 0.2731 0.2668 0.0036 0.0006 0.4462 
        033s 14 0.0008 0.0505 0.0009 0.0079 0.3542 0.0068 0.0071 0.0009 0.5709 
        034s 14 0.0004 0.0003 0.0007 0.0109 0.0043 0.1800 0.0408 0.0010 0.7616 
        035s 14 0.0420 0.0610 0.0008 0.0726 0.0428 0.6130 0.1611 0.0004 0.0062 
        036s 14 0.0410 0.0234 0.0042 0.0333 0.5210 0.3679 0.0027 0.0021 0.0044 
        037s 14 0.0016 0.0004 0.0031 0.0055 0.0358 0.1048 0.0045 0.0008 0.8436 
        038s 14 0.0010 0.0006 0.0005 0.0106 0.0139 0.0192 0.0983 0.0007 0.8552 
        039s 14 0.0021 0.0029 0.0081 0.0050 0.0267 0.1374 0.0194 0.0046 0.7938 
        040s 14 0.0146 0.0009 0.0012 0.0040 0.0254 0.2890 0.0299 0.0005 0.6345 
        041s 14 0.0007 0.0014 0.0005 0.0462 0.3055 0.0096 0.1324 0.0008 0.5028 
        042s 14 0.0406 0.0005 0.0012 0.0493 0.0089 0.7582 0.0792 0.0011 0.0611 
        001s 15 0.0012 0.0006 0.0030 0.0050 0.4510 0.0289 0.0088 0.0010 0.5005 
        002s 15 0.0859 0.0025 0.0071 0.0019 0.0205 0.7298 0.1422 0.0082 0.0020 
        003s 15 0.0085 0.0006 0.0074 0.0054 0.0034 0.0840 0.0744 0.0011 0.8152 
        004s 15 0.0006 0.0004 0.0003 0.0802 0.0010 0.4058 0.1989 0.0092 0.3036 
        005s 15 0.0096 0.0016 0.0060 0.0060 0.0025 0.0093 0.0849 0.0019 0.8782 
        006s 15 0.0234 0.0017 0.0011 0.0214 0.0185 0.1475 0.0890 0.0006 0.6968 
        007s 15 0.0004 0.0004 0.0007 0.0709 0.0204 0.0628 0.0063 0.0015 0.8367 
        008s 15 0.0006 0.0008 0.0010 0.0256 0.0148 0.0297 0.0998 0.0010 0.8267 
        009s 15 0.0072 0.0024 0.0249 0.0776 0.0048 0.7146 0.1573 0.0007 0.0104 
        010s 15 0.0006 0.0004 0.0027 0.0570 0.7439 0.0342 0.0098 0.0005 0.1509 
        011s 15 0.0010 0.0323 0.0015 0.1827 0.0158 0.0370 0.2203 0.0004 0.5090 
        012s 15 0.0015 0.0011 0.0020 0.0182 0.0033 0.8796 0.0595 0.0012 0.0335 
        013s 15 0.0012 0.0004 0.0021 0.0058 0.8419 0.0782 0.0340 0.0081 0.0283 
        014s 15 0.0021 0.0010 0.0059 0.0083 0.0048 0.2707 0.0029 0.0051 0.6993 
        015s 15 0.0672 0.0066 0.0036 0.0033 0.0011 0.8950 0.0027 0.0014 0.0192 
        016s 15 0.0035 0.0619 0.0005 0.0117 0.6356 0.0106 0.0246 0.0327 0.2189 
        017s 15 0.0012 0.0007 0.0021 0.0067 0.0095 0.9473 0.0015 0.0104 0.0204 
        018s 15 0.0026 0.0003 0.0006 0.0209 0.5030 0.2478 0.0141 0.0029 0.2079 
        019s 15 0.0053 0.0006 0.0056 0.1445 0.5234 0.0018 0.1307 0.0010 0.1870 
        020s 15 0.0007 0.0006 0.0008 0.0113 0.3991 0.0067 0.0047 0.0004 0.5757 
        021s 15 0.0365 0.0008 0.0041 0.1156 0.0282 0.7911 0.0057 0.0032 0.0148 
        022s 15 0.0009 0.0018 0.0007 0.0961 0.0376 0.1131 0.1759 0.0008 0.5731 
        023s 15 0.0293 0.0021 0.0009 0.1463 0.0065 0.2223 0.0804 0.0006 0.5114 
        024s 15 0.0027 0.0026 0.0008 0.0361 0.0015 0.1418 0.0017 0.0006 0.8122 
