        001s  1 0.0014 0.0042 0.0003 0.0006 0.0006 0.2999 0.6930 
        002s  1 0.0005 0.0176 0.0019 0.0012 0.0008 0.8197 0.1583 
        003s  1 0.0167 0.0057 0.0009 0.0037 0.0031 0.9590 0.0108 
        004s  1 0.0005 0.0253 0.0265 0.0048 0.0058 0.5598 0.3773 
        005s  1 0.0003 0.0572 0.2090 0.0009 0.2201 0.5063 0.0061 
        006s  1 0.0005 0.0109 0.0013 0.0005 0.0003 0.0036 0.9829 
        007s  1 0.0007 0.0114 0.0005 0.0025 0.0032 0.0172 0.9644 
        008s  1 0.0010 0.1000 0.0008 0.0011 0.0028 0.6019 0.2922 
        009s  1 0.0046 0.1997 0.0048 0.0103 0.0589 0.4292 0.2924 
        010s  1 0.0008 0.0161 0.0007 0.0003 0.0086 0.0041 0.9694 
        011s  1 0.0039 0.0222 0.0021 0.0023 0.0022 0.0072 0.9602 
        012s  1 0.0098 0.2248 0.0057 0.0018 0.1206 0.1398 0.4976 
        013s  1 0.0010 0.0058 0.0229 0.0068 0.0026 0.0210 0.9400 
        014s  1 0.0156 0.1092 0.0013 0.0049 0.0291 0.0118 0.8282 
        015s  1 0.0008 0.0461 0.0003 0.0006 0.0006 0.0108 0.9408 
        016s  1 0.0013 0.0557 0.0006 0.0088 0.0039 0.0525 0.8771 
        018s  1 0.0009 0.5919 0.0013 0.0008 0.1475 0.1059 0.1515 
        019s  1 0.0057 0.0578 0.0007 0.0010 0.0140 0.1282 0.7926 
        020s  1 0.0104 0.0134 0.0004 0.0072 0.0007 0.0052 0.9628 
        021s  1 0.0009 0.0108 0.0090 0.0069 0.0003 0.0241 0.9480 
        022s  1 0.0006 0.0047 0.0003 0.0011 0.0002 0.9806 0.0125 
        023s  1 0.0016 0.2996 0.0005 0.0172 0.0005 0.1782 0.5024 
        024s  1 0.0005 0.0187 0.0008 0.0008 0.0012 0.0058 0.9722 
        025s  1 0.0004 0.9627 0.0018 0.0012 0.0066 0.0040 0.0233 
        026s  1 0.0061 0.1323 0.0010 0.0107 0.0010 0.0069 0.8419 
        027s  1 0.0006 0.9648 0.0095 0.0025 0.0016 0.0095 0.0115 
        028s  1 0.0020 0.8161 0.0507 0.0011 0.0498 0.0019 0.0784 
        029s  1 0.0068 0.0438 0.0006 0.0008 0.0010 0.0092 0.9379 
        030s  1 0.0069 0.8450 0.0032 0.0009 0.0006 0.0050 0.1383 
        031s  1 0.0004 0.0216 0.0004 0.0011 0.0003 0.0436 0.9326 
        032s  1 0.0011 0.0077 0.0007 0.0007 0.0007 0.0037 0.9853 
        033s  1 0.0008 0.1251 0.0010 0.0008 0.0055 0.0103 0.8564 
        034s  1 0.0023 0.0494 0.0009 0.0517 0.0015 0.5485 0.3457 
        035s  1 0.0021 0.0040 0.0015 0.0009 0.0015 0.0025 0.9875 
        036s  1 0.0004 0.0023 0.0010 0.0009 0.0864 0.4155 0.4935 
        037s  1 0.0013 0.0237 0.0084 0.0513 0.1067 0.1234 0.6851 
        038s  1 0.0006 0.0164 0.0010 0.0010 0.0020 0.0191 0.9598 
        039s  1 0.0008 0.2020 0.0204 0.0005 0.0003 0.0089 0.7671 
        040s  1 0.0005 0.0118 0.0047 0.0028 0.0012 0.0818 0.8972 
        041s  1 0.0009 0.1754 0.0003 0.0032 0.0033 0.0111 0.8057 
        042s  1 0.0010 0.1274 0.0005 0.0797 0.0760 0.1609 0.5545 
        043s  1 0.0018 0.0569 0.0014 0.0007 0.0189 0.9079 0.0125 
        044s  1 0.0039 0.0329 0.0146 0.0083 0.0905 0.2056 0.6442 
        045s  1 0.0011 0.0079 0.0013 0.0010 0.0063 0.0021 0.9804 
        046s  1 0.0020 0.0075 0.0005 0.0007 0.0013 0.0101 0.9780 
        047s  1 0.0014 0.0153 0.0003 0.0046 0.0012 0.0032 0.9740 
        048s  1 0.0007 0.0340 0.0002 0.0011 0.0567 0.6043 0.3030 
        049s  1 0.0006 0.0044 0.0013 0.0006 0.0008 0.9746 0.0178 
        050s  1 0.0008 0.0141 0.0021 0.0004 0.1012 0.1177 0.7638 
        051s  1 0.0232 0.0157 0.0006 0.0009 0.0005 0.0057 0.9533 
        052s  1 0.0138 0.5026 0.0065 0.0016 0.0079 0.0280 0.4397 
        053s  1 0.0003 0.0032 0.0004 0.0007 0.0016 0.0039 0.9899 
        054s  1 0.0026 0.0072 0.0037 0.0011 0.0003 0.0033 0.9816 
        055s  1 0.0018 0.0034 0.0011 0.0709 0.0892 0.0044 0.8291 
          01  2 0.0284 0.0490 0.0015 0.0018 0.1219 0.0033 0.7941 
          02  2 0.0012 0.0591 0.0024 0.0005 0.0215 0.0069 0.9083 
          03  2 0.0004 0.0252 0.0009 0.0015 0.0017 0.0091 0.9613 
          04  2 0.0007 0.8789 0.0164 0.0104 0.0027 0.0374 0.0535 
          05  2 0.0004 0.0134 0.0004 0.0005 0.1237 0.8512 0.0105 
          06  2 0.0008 0.0251 0.0015 0.0008 0.0388 0.0099 0.9229 
          07  2 0.0015 0.0063 0.0024 0.0006 0.0091 0.1076 0.8726 
          08  2 0.0010 0.1397 0.0006 0.0012 0.0804 0.7482 0.0288 
          09  2 0.0068 0.0058 0.0004 0.0003 0.0006 0.0434 0.9426 
          10  2 0.0007 0.0899 0.0008 0.0005 0.0017 0.0180 0.8884 
          11  2 0.0102 0.0333 0.0010 0.0023 0.0123 0.0197 0.9213 
          12  2 0.0018 0.2603 0.0008 0.0006 0.0006 0.0151 0.7209 
          13  2 0.0007 0.0425 0.0008 0.0008 0.0005 0.1663 0.7885 
          14  2 0.0034 0.0464 0.0066 0.0178 0.0004 0.3941 0.5313 
          15  2 0.0012 0.0049 0.0007 0.0011 0.0004 0.3054 0.6863 
          16  2 0.0039 0.0678 0.0579 0.0045 0.0010 0.0042 0.8607 
          17  2 0.0011 0.4534 0.0012 0.0015 0.0032 0.0753 0.4644 
          18  2 0.0018 0.0287 0.0037 0.0008 0.0205 0.0034 0.9410 
          19  2 0.0020 0.1329 0.0003 0.0043 0.0016 0.0074 0.8514 
          20  2 0.0026 0.0066 0.0073 0.0037 0.0559 0.0048 0.9189 
          21  2 0.0178 0.0976 0.0004 0.0006 0.0016 0.0154 0.8666 
          22  2 0.0047 0.4182 0.0036 0.0066 0.0021 0.0041 0.5608 
          23  2 0.0007 0.0135 0.0017 0.0025 0.0010 0.0038 0.9768 
          24  2 0.0011 0.1302 0.0007 0.0006 0.0005 0.0032 0.8636 
          25  2 0.0020 0.0604 0.0269 0.0012 0.0047 0.1355 0.7694 
          26  2 0.0006 0.0010 0.0003 0.0002 0.0005 0.9962 0.0011 
          27  2 0.0015 0.0051 0.0279 0.0051 0.0008 0.0253 0.9344 
          28  2 0.0009 0.0606 0.0002 0.0047 0.0017 0.1183 0.8136 
          29  2 0.0009 0.0153 0.0009 0.0003 0.0009 0.0042 0.9775 
          30  2 0.0084 0.0328 0.0006 0.0829 0.1583 0.0332 0.6839 
          01  3 0.0003 0.2091 0.2176 0.0106 0.4298 0.0062 0.1264 
          02  3 0.0744 0.0429 0.4619 0.0024 0.3301 0.0022 0.0860 
          03  3 0.0003 0.2341 0.3117 0.0012 0.3135 0.0025 0.1366 
          04  3 0.0007 0.1798 0.3502 0.0010 0.4589 0.0017 0.0078 
          05  3 0.1154 0.0010 0.4014 0.1208 0.3599 0.0008 0.0007 
          06  3 0.0002 0.0367 0.4967 0.0006 0.4209 0.0024 0.0425 
          07  3 0.0007 0.0909 0.2495 0.0003 0.3740 0.0022 0.2825 
          08  3 0.0044 0.2610 0.3205 0.0035 0.3673 0.0031 0.0402 
          09  3 0.0002 0.1718 0.2666 0.0032 0.4233 0.0013 0.1337 
          10  3 0.2172 0.0094 0.4167 0.1293 0.1972 0.0156 0.0147 
          11  3 0.0003 0.2519 0.3022 0.0003 0.4065 0.0013 0.0374 
          12  3 0.0004 0.2684 0.3120 0.0004 0.4139 0.0033 0.0016 
          13  3 0.0124 0.0056 0.5206 0.0003 0.4551 0.0017 0.0043 
          14  3 0.0454 0.0055 0.4574 0.1544 0.3320 0.0034 0.0019 
          15  3 0.0002 0.2679 0.2726 0.0018 0.3745 0.0020 0.0810 
          16  3 0.0051 0.0184 0.6020 0.0032 0.3104 0.0251 0.0358 
          17  3 0.0006 0.3137 0.1771 0.0005 0.4158 0.0079 0.0844 
          18  3 0.1668 0.0040 0.3364 0.2794 0.2057 0.0033 0.0044 
          19  3 0.0005 0.1711 0.4595 0.0027 0.3647 0.0007 0.0009 
          20  3 0.0003 0.1825 0.3073 0.0500 0.4521 0.0017 0.0061 
          21  3 0.0012 0.1222 0.3741 0.0049 0.3678 0.0015 0.1282 
          22  3 0.0004 0.2854 0.2252 0.0009 0.4780 0.0087 0.0014 
          23  3 0.0003 0.2314 0.3535 0.0009 0.4043 0.0025 0.0072 
          24  3 0.1684 0.0064 0.2852 0.0020 0.4886 0.0252 0.0242 
          25  3 0.2503 0.0005 0.3052 0.1308 0.3122 0.0005 0.0005 
          26  3 0.0006 0.1479 0.3395 0.0005 0.4322 0.0005 0.0788 
          27  3 0.1279 0.0684 0.3664 0.1687 0.2520 0.0069 0.0097 
          28  3 0.0031 0.0424 0.4627 0.0002 0.4459 0.0197 0.0260 
          29  3 0.0038 0.1691 0.4184 0.0066 0.3892 0.0030 0.0099 
          30  3 0.0010 0.2360 0.2482 0.0003 0.4434 0.0641 0.0070 
         001  4 0.0001 0.0001 0.0001 0.0001 0.9994 0.0001 0.0001 
         002  4 0.0002 0.0002 0.0003 0.0001 0.9987 0.0003 0.0002 
         003  4 0.0001 0.0001 0.0001 0.0001 0.9994 0.0001 0.0001 
         004  4 0.0001 0.0001 0.0002 0.0001 0.9994 0.0001 0.0001 
         005  4 0.0004 0.0001 0.0001 0.0002 0.9988 0.0002 0.0001 
         006  4 0.0003 0.0009 0.0739 0.0003 0.9238 0.0005 0.0004 
         007  4 0.0003 0.0014 0.0521 0.0014 0.9338 0.0097 0.0013 
         008  4 0.0033 0.0007 0.0002 0.0064 0.9876 0.0010 0.0007 
         009  4 0.0002 0.0001 0.0002 0.0001 0.9992 0.0001 0.0001 
         010  4 0.0001 0.0001 0.0055 0.0001 0.9941 0.0001 0.0001 
         011  4 0.0005 0.0005 0.0228 0.0339 0.9401 0.0014 0.0007 
         012  4 0.0001 0.0001 0.0001 0.0001 0.9994 0.0001 0.0001 
         013  4 0.0001 0.0001 0.0001 0.0001 0.9995 0.0001 0.0001 
         014  4 0.0001 0.0002 0.0001 0.0002 0.9990 0.0002 0.0002 
         015  4 0.0001 0.0001 0.0001 0.0001 0.9996 0.0001 0.0001 
         016  4 0.0001 0.0001 0.0001 0.0001 0.9994 0.0001 0.0001 
         017  4 0.0001 0.0001 0.0002 0.0001 0.9993 0.0002 0.0001 
         019  4 0.0005 0.0003 0.0855 0.0007 0.9123 0.0003 0.0003 
         020  4 0.0003 0.0002 0.0001 0.0002 0.9987 0.0003 0.0002 
         021  4 0.0004 0.0005 0.0111 0.0004 0.9870 0.0003 0.0003 
         001  5 0.0015 0.0005 0.0005 0.0357 0.9606 0.0003 0.0009 
         002  5 0.0010 0.0015 0.0005 0.0028 0.9490 0.0326 0.0126 
         003  5 0.0003 0.0140 0.0734 0.0041 0.7505 0.0019 0.1558 
         004  5 0.0002 0.0054 0.0003 0.0022 0.9313 0.0089 0.0516 
         005  5 0.0002 0.0005 0.0015 0.0007 0.9965 0.0003 0.0004 
         006  5 0.0006 0.0004 0.1019 0.0002 0.8960 0.0004 0.0004 
         007  5 0.0003 0.0003 0.0895 0.0003 0.9090 0.0002 0.0003 
         008  5 0.0002 0.0002 0.0064 0.0002 0.9926 0.0002 0.0002 
         009  5 0.0002 0.0169 0.0040 0.0014 0.9243 0.0036 0.0496 
         010  5 0.0005 0.0033 0.0683 0.0019 0.9219 0.0015 0.0026 
         011  5 0.0003 0.0018 0.0009 0.0049 0.9891 0.0014 0.0016 
         012  5 0.0009 0.0029 0.0791 0.0027 0.8640 0.0121 0.0384 
         013  5 0.0006 0.0916 0.0502 0.0008 0.7473 0.0027 0.1068 
         014  5 0.0156 0.0208 0.0953 0.0191 0.6995 0.0072 0.1424 
         015  5 0.0002 0.0002 0.0309 0.0003 0.9679 0.0003 0.0002 
         016  5 0.0007 0.0013 0.0595 0.0005 0.9340 0.0008 0.0032 
         017  5 0.0025 0.0108 0.0791 0.0002 0.8743 0.0013 0.0317 
         018  5 0.0282 0.0205 0.0355 0.0292 0.8711 0.0036 0.0120 
         019  5 0.0106 0.0003 0.0002 0.0016 0.9866 0.0003 0.0005 
         020  5 0.0001 0.0001 0.0001 0.0001 0.9992 0.0001 0.0002 
         021  5 0.0005 0.0022 0.0004 0.0056 0.8543 0.0109 0.1260 
         022  5 0.0030 0.0139 0.0040 0.0409 0.9205 0.0047 0.0131 
         023  5 0.0006 0.0013 0.0291 0.0023 0.9640 0.0016 0.0011 
         024  5 0.0004 0.0063 0.0612 0.0005 0.8807 0.0083 0.0427 
         025  5 0.0006 0.0028 0.0699 0.0007 0.8841 0.0125 0.0294 
         026  5 0.0005 0.0080 0.0160 0.0004 0.8359 0.0008 0.1384 
         027  5 0.0001 0.0002 0.0003 0.0001 0.9989 0.0002 0.0002 
         028  5 0.0006 0.0109 0.0480 0.0083 0.9192 0.0046 0.0084 
         029  5 0.0003 0.0004 0.0035 0.0003 0.9945 0.0005 0.0005 
         030  5 0.0060 0.0009 0.0010 0.0029 0.9873 0.0008 0.0011 
        001s  6 0.0007 0.0035 0.0307 0.0163 0.0008 0.2228 0.7252 
        002s  6 0.0195 0.1168 0.0006 0.0008 0.0440 0.0110 0.8073 
        003s  6 0.0006 0.0814 0.0005 0.0023 0.0197 0.2157 0.6799 
        004s  6 0.0006 0.0028 0.0003 0.0006 0.0004 0.0120 0.9831 
        006s  6 0.0024 0.1408 0.0167 0.0066 0.0625 0.0045 0.7666 
        007s  6 0.0011 0.0529 0.0025 0.0004 0.0008 0.0038 0.9385 
        008s  6 0.0031 0.0179 0.0008 0.0058 0.0031 0.0120 0.9573 
        009s  6 0.0008 0.3419 0.0006 0.0009 0.0004 0.0066 0.6486 
        010s  6 0.0103 0.0109 0.0074 0.0117 0.0129 0.0037 0.9431 
        011s  6 0.0004 0.0330 0.0024 0.0013 0.0006 0.0033 0.9589 
        012s  6 0.0021 0.0032 0.0045 0.0012 0.0006 0.0040 0.9845 
        013s  6 0.0005 0.0084 0.0006 0.0005 0.0011 0.0059 0.9829 
        014s  6 0.0004 0.0202 0.0003 0.0005 0.0810 0.3559 0.5418 
        015s  6 0.0010 0.2466 0.0055 0.0054 0.0095 0.0013 0.7307 
        016s  6 0.0004 0.0078 0.0011 0.0010 0.0006 0.0956 0.8934 
        018s  6 0.0005 0.1775 0.0018 0.0022 0.2658 0.0143 0.5380 
        019s  6 0.0008 0.6912 0.0023 0.0033 0.0061 0.0962 0.2001 
        020s  6 0.0010 0.0339 0.0007 0.0006 0.0003 0.0467 0.9167 
        021s  6 0.0019 0.0372 0.0167 0.0051 0.0010 0.0058 0.9322 
        022s  6 0.0004 0.0240 0.0003 0.0035 0.0012 0.0324 0.9383 
        023s  6 0.0004 0.4042 0.0006 0.0006 0.0210 0.5232 0.0500 
        024s  6 0.0021 0.0436 0.0021 0.0010 0.0278 0.0089 0.9146 
        025s  6 0.0005 0.0123 0.0005 0.0672 0.0016 0.0104 0.9076 
        026s  6 0.0020 0.0089 0.0005 0.0005 0.0004 0.0206 0.9673 
        027s  6 0.0010 0.0256 0.0004 0.0004 0.0010 0.0256 0.9461 
        028s  6 0.0446 0.1274 0.0072 0.0060 0.0128 0.0015 0.8005 
        029s  6 0.0018 0.1529 0.0003 0.0014 0.0005 0.0022 0.8409 
        030s  6 0.0018 0.2182 0.0006 0.0063 0.0709 0.0040 0.6982 
        031s  6 0.0005 0.1078 0.0032 0.0005 0.0016 0.6940 0.1923 
        032s  6 0.0004 0.0058 0.0018 0.0009 0.0077 0.0089 0.9744 
        033s  6 0.0004 0.0054 0.0004 0.0005 0.0939 0.0024 0.8971 
        034s  6 0.0005 0.1924 0.0026 0.0170 0.0012 0.0115 0.7749 
        035s  6 0.0011 0.0028 0.0006 0.0008 0.1276 0.8637 0.0035 
        036s  6 0.0003 0.0554 0.0065 0.0020 0.0007 0.0068 0.9284 
        037s  6 0.0023 0.0071 0.0008 0.0014 0.0009 0.0050 0.9825 
        038s  6 0.0013 0.1423 0.0022 0.0006 0.0004 0.2072 0.6460 
        039s  6 0.0008 0.0746 0.0003 0.0009 0.0002 0.0045 0.9187 
        040s  6 0.0004 0.0526 0.0028 0.0003 0.0003 0.2009 0.7428 
        041s  6 0.0055 0.0414 0.0002 0.0031 0.0381 0.6696 0.2421 
        042s  6 0.0043 0.0072 0.0007 0.0535 0.0096 0.0328 0.8918 
        043s  6 0.0003 0.1235 0.0011 0.0075 0.0010 0.0056 0.8609 
        044s  6 0.0023 0.0096 0.0006 0.0010 0.0010 0.1280 0.8574 
        045s  6 0.0007 0.0185 0.0003 0.0022 0.0051 0.0229 0.9503 
        001s  7 0.0004 0.0904 0.0006 0.0019 0.0016 0.8769 0.0283 
        002s  7 0.0014 0.0053 0.0014 0.0015 0.0178 0.4774 0.4953 
        003s  7 0.0014 0.0032 0.0020 0.0011 0.0013 0.9750 0.0159 
        004s  7 0.0009 0.0620 0.0039 0.0006 0.0014 0.0207 0.9105 
        005s  7 0.0008 0.0087 0.0016 0.0022 0.0132 0.0198 0.9537 
        006s  7 0.0006 0.0104 0.0016 0.0047 0.0575 0.0017 0.9235 
        007s  7 0.0154 0.0041 0.0081 0.0019 0.0090 0.0043 0.9572 
        008s  7 0.0034 0.0033 0.0003 0.0012 0.0165 0.9718 0.0035 
        009s  7 0.0006 0.0086 0.0023 0.0125 0.0021 0.0294 0.9444 
        010s  7 0.0010 0.0023 0.0003 0.0012 0.0007 0.9915 0.0031 
        011s  7 0.0012 0.0350 0.0007 0.0011 0.0005 0.0159 0.9457 
        012s  7 0.0004 0.0072 0.0004 0.0004 0.0006 0.0036 0.9874 
        013s  7 0.0006 0.0045 0.0091 0.0044 0.0004 0.0089 0.9720 
        014s  7 0.0005 0.0048 0.0011 0.0004 0.0386 0.5070 0.4476 
        015s  7 0.0010 0.0168 0.0013 0.0007 0.0154 0.0044 0.9603 
        016s  7 0.0003 0.0010 0.0002 0.0020 0.0908 0.9045 0.0012 
        017s  7 0.0004 0.0140 0.0008 0.0005 0.0012 0.0149 0.9682 
        018s  7 0.0042 0.9832 0.0005 0.0008 0.0019 0.0022 0.0072 
        019s  7 0.0035 0.0219 0.0015 0.0100 0.0012 0.0062 0.9557 
        020s  7 0.0003 0.0045 0.0015 0.0004 0.0007 0.0076 0.9849 
        021s  7 0.0011 0.0846 0.0005 0.0013 0.0016 0.0048 0.9062 
        022s  7 0.0003 0.0322 0.0026 0.0011 0.0026 0.0041 0.9571 
        023s  7 0.0010 0.0141 0.0012 0.0120 0.0101 0.0121 0.9495 
        024s  7 0.0016 0.0651 0.0006 0.0007 0.0013 0.0032 0.9274 
        025s  7 0.0011 0.0161 0.0069 0.0010 0.0007 0.0036 0.9707 
        026s  7 0.0014 0.0044 0.0003 0.0011 0.0021 0.9831 0.0076 
        027s  7 0.0019 0.0056 0.0008 0.0004 0.0009 0.4974 0.4930 
        028s  7 0.0003 0.7313 0.0007 0.0005 0.0070 0.0053 0.2550 
        029s  7 0.0006 0.0405 0.0010 0.0017 0.0128 0.0296 0.9139 
        030s  7 0.0047 0.1350 0.0006 0.0043 0.0003 0.1813 0.6738 
        031s  7 0.0005 0.2990 0.0010 0.0096 0.0021 0.0253 0.6626 
        032s  7 0.0056 0.0251 0.0003 0.0003 0.0995 0.0020 0.8672 
        033s  7 0.0033 0.0288 0.0009 0.0013 0.0390 0.0043 0.9223 
        034s  7 0.0019 0.0077 0.0404 0.0008 0.0016 0.0017 0.9459 
        035s  7 0.0006 0.0150 0.0004 0.0014 0.0005 0.0038 0.9784 
        036s  7 0.0008 0.0607 0.0042 0.0060 0.0005 0.0734 0.8542 
        037s  7 0.0005 0.8089 0.0053 0.0045 0.0648 0.0274 0.0886 
        038s  7 0.0012 0.6164 0.0006 0.0020 0.0128 0.0054 0.3615 
        039s  7 0.0004 0.5955 0.0003 0.0003 0.0003 0.3324 0.0708 
        040s  7 0.0005 0.0012 0.0231 0.0007 0.0055 0.9673 0.0017 
        041s  7 0.0012 0.0093 0.0004 0.0016 0.0334 0.2120 0.7420 
        042s  7 0.0004 0.0045 0.0008 0.0004 0.0038 0.9760 0.0141 
        043s  7 0.0007 0.0426 0.0002 0.0037 0.0010 0.0139 0.9380 
        044s  7 0.0019 0.0839 0.0117 0.0239 0.0550 0.0045 0.8192 
         003  8 0.0109 0.0064 0.0016 0.0006 0.0051 0.0028 0.9726 
         009  8 0.0004 0.0030 0.0005 0.0010 0.0013 0.0034 0.9904 
         010  8 0.0006 0.0611 0.0003 0.0021 0.0005 0.0053 0.9301 
         017  8 0.0013 0.0124 0.0006 0.0034 0.0006 0.0036 0.9782 
         002  9 0.0006 0.0097 0.0005 0.0009 0.0005 0.0066 0.9811 
         003  9 0.0004 0.0070 0.0004 0.0004 0.0002 0.0049 0.9867 
         004  9 0.0005 0.0062 0.0002 0.0012 0.0007 0.0070 0.9843 
         005  9 0.0011 0.0152 0.0011 0.0054 0.0004 0.0051 0.9717 
         006  9 0.0005 0.0032 0.0009 0.0016 0.0009 0.0047 0.9882 
         007  9 0.0012 0.0063 0.0004 0.0012 0.0034 0.0057 0.9820 
         009  9 0.0009 0.0043 0.0003 0.0013 0.0011 0.0093 0.9828 
         010  9 0.0021 0.0080 0.0004 0.0015 0.0004 0.0031 0.9845 
         013  9 0.0003 0.0152 0.0009 0.0015 0.0012 0.0343 0.9466 
         014  9 0.0047 0.0232 0.0003 0.0013 0.0005 0.0148 0.9552 
         016  9 0.0010 0.0037 0.0002 0.0009 0.0002 0.0029 0.9910 
         018  9 0.0068 0.0385 0.0009 0.0011 0.0008 0.0031 0.9488 
         019  9 0.0043 0.0093 0.0006 0.0006 0.0007 0.0032 0.9812 
         020  9 0.0003 0.0066 0.0003 0.0003 0.0005 0.0012 0.9908 
         021  9 0.0003 0.0354 0.0003 0.0008 0.0004 0.0036 0.9591 
         022  9 0.0010 0.1228 0.0005 0.0004 0.0003 0.0078 0.8672 
         024  9 0.0032 0.0276 0.0004 0.0042 0.0006 0.0057 0.9583 
         028  9 0.0007 0.0109 0.0008 0.0019 0.0007 0.0058 0.9792 
         029  9 0.0012 0.0128 0.0005 0.0006 0.0004 0.0088 0.9757 
         030  9 0.0012 0.0643 0.0004 0.0013 0.0004 0.0039 0.9284 
         031  9 0.0012 0.0063 0.0004 0.0005 0.0017 0.0165 0.9735 
         033  9 0.0006 0.0117 0.0004 0.0010 0.0063 0.0058 0.9742 
         001 10 0.0017 0.0061 0.0006 0.0005 0.0004 0.0078 0.9829 
         002 10 0.0012 0.0094 0.0003 0.0011 0.0005 0.0066 0.9810 
         003 10 0.0005 0.0232 0.0008 0.0111 0.0005 0.0019 0.9619 
         004 10 0.0007 0.0102 0.0004 0.0031 0.0005 0.1122 0.8729 
         005 10 0.0010 0.0462 0.0005 0.0009 0.0003 0.0047 0.9465 
         006 10 0.0005 0.0139 0.0006 0.0007 0.0012 0.0030 0.9801 
         007 10 0.0005 0.0176 0.0004 0.0025 0.0005 0.0050 0.9734 
         008 10 0.0010 0.0300 0.0008 0.0039 0.0007 0.0020 0.9615 
         009 10 0.0046 0.0043 0.0012 0.0004 0.0007 0.0059 0.9829 
         010 10 0.0028 0.0420 0.0004 0.0008 0.0009 0.0179 0.9353 
         011 10 0.0004 0.0283 0.0010 0.0309 0.0005 0.0141 0.9248 
         012 10 0.0005 0.0095 0.0012 0.0029 0.0006 0.0033 0.9821 
         013 10 0.0006 0.0123 0.0025 0.0006 0.0003 0.0042 0.9796 
         014 10 0.0007 0.0154 0.0008 0.0008 0.0007 0.2079 0.7739 
         016 10 0.0013 0.0172 0.0006 0.0007 0.0007 0.0040 0.9755 
         017 10 0.0010 0.0122 0.0008 0.0009 0.0008 0.0041 0.9802 
         018 10 0.0022 0.0108 0.0004 0.0008 0.0083 0.0033 0.9741 
         019 10 0.0052 0.0049 0.0004 0.0012 0.0004 0.0023 0.9855 
         020 10 0.0052 0.0076 0.0010 0.0016 0.0010 0.0109 0.9727 
         021 10 0.0031 0.0024 0.0003 0.0005 0.0012 0.0296 0.9630 
         022 10 0.0002 0.0030 0.0006 0.0008 0.0004 0.0315 0.9633 
         023 10 0.0004 0.0104 0.0008 0.0007 0.0003 0.0030 0.9845 
         024 10 0.0010 0.0062 0.0002 0.0018 0.0003 0.0039 0.9866 
         026 10 0.0007 0.0166 0.0004 0.0005 0.0006 0.0017 0.9795 
        001s 11 0.0011 0.0065 0.0008 0.0085 0.0855 0.3483 0.5493 
        002s 11 0.0025 0.0207 0.0073 0.0021 0.0005 0.0194 0.9476 
        003s 11 0.0013 0.6364 0.0004 0.0006 0.0073 0.0317 0.3223 
        004s 11 0.0003 0.0261 0.0013 0.0018 0.0005 0.0147 0.9552 
        005s 11 0.0058 0.2285 0.0005 0.0008 0.0017 0.0966 0.6661 
        006s 11 0.0019 0.0172 0.0113 0.0025 0.0018 0.0291 0.9361 
        007s 11 0.0018 0.0016 0.0398 0.0015 0.0120 0.0640 0.8793 
        008s 11 0.0006 0.1035 0.0004 0.0004 0.0007 0.0063 0.8880 
        009s 11 0.0150 0.0130 0.0004 0.0005 0.0004 0.0029 0.9678 
        010s 11 0.0005 0.0085 0.0003 0.0005 0.0017 0.1299 0.8586 
        011s 11 0.0004 0.0029 0.0061 0.0258 0.1011 0.8507 0.0130 
        012s 11 0.0007 0.7711 0.0007 0.0003 0.1081 0.0083 0.1108 
        013s 11 0.0003 0.0106 0.0004 0.0014 0.0006 0.2524 0.7342 
        014s 11 0.0027 0.0831 0.0068 0.0013 0.0032 0.8413 0.0615 
        015s 11 0.0011 0.1964 0.0018 0.0054 0.0018 0.0317 0.7618 
        016s 11 0.0072 0.0055 0.0005 0.0552 0.0409 0.1664 0.7243 
        017s 11 0.0005 0.8887 0.0004 0.0022 0.0859 0.0094 0.0129 
        018s 11 0.0025 0.0159 0.0017 0.0014 0.0060 0.9396 0.0328 
        019s 11 0.0003 0.0472 0.0015 0.0202 0.0006 0.0034 0.9268 
        020s 11 0.0036 0.0360 0.0010 0.0018 0.0012 0.6380 0.3183 
        021s 11 0.0005 0.0124 0.0007 0.0012 0.0005 0.0026 0.9822 
        022s 11 0.0009 0.3082 0.0319 0.0007 0.0014 0.0343 0.6225 
        023s 11 0.0006 0.0087 0.0003 0.0286 0.0333 0.7820 0.1466 
        025s 11 0.0002 0.0580 0.0004 0.0011 0.0005 0.0039 0.9360 
        026s 11 0.0007 0.0492 0.0005 0.0511 0.0300 0.0024 0.8661 
        027s 11 0.0005 0.0691 0.0031 0.0007 0.0011 0.0048 0.9208 
        028s 11 0.0002 0.0719 0.0010 0.0013 0.0070 0.0030 0.9157 
        029s 11 0.0007 0.0196 0.0006 0.0003 0.0586 0.0025 0.9178 
        030s 11 0.0016 0.8983 0.0010 0.0010 0.0382 0.0021 0.0577 
        031s 11 0.0009 0.0171 0.0010 0.0005 0.0003 0.0102 0.9701 
        032s 11 0.0007 0.0200 0.0004 0.0031 0.0014 0.0864 0.8881 
        033s 11 0.0010 0.1936 0.0005 0.0010 0.0036 0.1973 0.6029 
        034s 11 0.0006 0.0117 0.0025 0.0006 0.0014 0.9138 0.0693 
        035s 11 0.0015 0.0131 0.0012 0.0005 0.0024 0.5123 0.4690 
        036s 11 0.0016 0.9444 0.0014 0.0006 0.0119 0.0101 0.0300 
        037s 11 0.0012 0.0236 0.0005 0.0017 0.0026 0.9543 0.0161 
        038s 11 0.0008 0.3333 0.0006 0.0009 0.0035 0.3577 0.3031 
        039s 11 0.0005 0.0678 0.0003 0.0010 0.0017 0.0082 0.9204 
        040s 11 0.0007 0.4621 0.0027 0.0009 0.0712 0.0053 0.4571 
        041s 11 0.0201 0.1999 0.0013 0.0039 0.0009 0.0237 0.7501 
        042s 11 0.0010 0.1428 0.0010 0.0185 0.0011 0.4953 0.3403 
        043s 11 0.0005 0.0202 0.0006 0.0217 0.0408 0.0056 0.9107 
        044s 11 0.0010 0.0635 0.0047 0.0057 0.0004 0.0475 0.8772 
        045s 11 0.0004 0.1099 0.0029 0.0090 0.0004 0.0097 0.8677 
        046s 11 0.0011 0.2440 0.0023 0.0352 0.0159 0.6314 0.0701 
        047s 11 0.0005 0.2376 0.0010 0.0014 0.0007 0.0047 0.7541 
        048s 11 0.0017 0.0043 0.0021 0.0341 0.0042 0.0023 0.9513 
        049s 11 0.0015 0.0587 0.0005 0.0015 0.0012 0.0078 0.9289 
        050s 11 0.0003 0.0103 0.0019 0.0010 0.0004 0.0037 0.9824 
        051s 11 0.0005 0.0059 0.0217 0.0494 0.0006 0.0642 0.8576 
        052s 11 0.0016 0.0728 0.0036 0.0025 0.0023 0.8037 0.1135 
        053s 11 0.0014 0.0390 0.0005 0.0007 0.0003 0.0114 0.9466 
        054s 11 0.0004 0.0076 0.0063 0.0006 0.0009 0.0087 0.9755 
        055s 11 0.0004 0.0083 0.0014 0.0003 0.0657 0.8986 0.0252 
        001s 12 0.0010 0.0081 0.0045 0.0008 0.0013 0.0081 0.9762 
        002s 12 0.0017 0.0047 0.0006 0.0010 0.0010 0.0018 0.9893 
        003s 12 0.0007 0.0053 0.0006 0.0003 0.0004 0.0106 0.9820 
        004s 12 0.0019 0.0193 0.0005 0.0074 0.0580 0.0120 0.9010 
        005s 12 0.0011 0.0012 0.0006 0.0012 0.0005 0.5791 0.4163 
        006s 12 0.0008 0.1171 0.0032 0.0018 0.0380 0.0357 0.8035 
        007s 12 0.0024 0.0147 0.0016 0.0015 0.0010 0.0022 0.9765 
        008s 12 0.0007 0.0756 0.0009 0.0008 0.0084 0.0038 0.9099 
        009s 12 0.0224 0.1756 0.0013 0.0048 0.0222 0.0171 0.7567 
        010s 12 0.0012 0.0322 0.0367 0.0004 0.0069 0.0529 0.8698 
        011s 12 0.0012 0.0110 0.0021 0.0006 0.0015 0.0135 0.9701 
        012s 12 0.0004 0.6648 0.0064 0.0047 0.0010 0.0051 0.3176 
        013s 12 0.0006 0.2063 0.0005 0.0396 0.0007 0.0012 0.7512 
        014s 12 0.0035 0.3257 0.0405 0.0423 0.0017 0.5390 0.0473 
        015s 12 0.0016 0.0167 0.0006 0.0007 0.0049 0.0028 0.9728 
        016s 12 0.0005 0.0610 0.0008 0.0038 0.0007 0.0042 0.9290 
        017s 12 0.0004 0.0676 0.0010 0.0009 0.0040 0.0516 0.8745 
        018s 12 0.0027 0.7585 0.0003 0.0013 0.0025 0.0100 0.2247 
        019s 12 0.0030 0.0218 0.0005 0.0006 0.0056 0.0317 0.9368 
        020s 12 0.0003 0.0258 0.0003 0.0007 0.0839 0.0047 0.8842 
        021s 12 0.0008 0.5047 0.0005 0.0023 0.0035 0.0086 0.4797 
        022s 12 0.0031 0.3065 0.0008 0.0045 0.0489 0.0551 0.5811 
        023s 12 0.0008 0.0402 0.0004 0.0011 0.0005 0.0096 0.9475 
        024s 12 0.0005 0.3753 0.0004 0.0005 0.0008 0.5294 0.0929 
        025s 12 0.0042 0.0105 0.0022 0.0012 0.0033 0.0053 0.9734 
        026s 12 0.0116 0.0521 0.0006 0.0006 0.0276 0.0322 0.8753 
        027s 12 0.0004 0.0478 0.0008 0.0006 0.0039 0.0058 0.9408 
        028s 12 0.0205 0.0047 0.0005 0.0036 0.0014 0.9546 0.0147 
        029s 12 0.0003 0.0389 0.0003 0.0016 0.0005 0.3181 0.6403 
        030s 12 0.0005 0.0511 0.0011 0.0007 0.0008 0.0052 0.9405 
        031s 12 0.0006 0.0895 0.0008 0.0024 0.0059 0.0047 0.8961 
        032s 12 0.0129 0.0539 0.0006 0.0016 0.0004 0.8420 0.0886 
        033s 12 0.0007 0.0043 0.0067 0.0005 0.0014 0.0093 0.9771 
        034s 12 0.0008 0.0038 0.0004 0.0005 0.0003 0.9411 0.0531 
        035s 12 0.0009 0.1497 0.0010 0.0004 0.0148 0.0932 0.7400 
        036s 12 0.0022 0.4700 0.0073 0.0007 0.0027 0.0440 0.4729 
        037s 12 0.0010 0.1029 0.0004 0.0010 0.0010 0.0024 0.8914 
        001s 13 0.0014 0.0080 0.0007 0.0028 0.0129 0.0132 0.9610 
        002s 13 0.0004 0.0072 0.0007 0.0015 0.0855 0.8575 0.0472 
        003s 13 0.0011 0.0785 0.0003 0.0011 0.0012 0.0045 0.9132 
        004s 13 0.0109 0.0126 0.0005 0.0020 0.0009 0.0076 0.9655 
        005s 13 0.0024 0.0937 0.0047 0.0017 0.0037 0.0032 0.8907 
        006s 13 0.0012 0.0902 0.0021 0.0005 0.0011 0.0088 0.8962 
        007s 13 0.0005 0.0150 0.0358 0.0010 0.0013 0.0082 0.9381 
        008s 13 0.0018 0.0889 0.0013 0.0010 0.0530 0.0042 0.8497 
        009s 13 0.0104 0.1994 0.0020 0.0012 0.1272 0.0140 0.6457 
        010s 13 0.0012 0.8906 0.0006 0.0009 0.0626 0.0023 0.0418 
        011s 13 0.0075 0.0168 0.0236 0.0029 0.0094 0.2472 0.6925 
        012s 13 0.0038 0.9298 0.0023 0.0123 0.0440 0.0033 0.0046 
        013s 13 0.0010 0.0091 0.0167 0.0075 0.0135 0.5874 0.3648 
        014s 13 0.0009 0.1389 0.0367 0.0041 0.0005 0.0017 0.8171 
        015s 13 0.0096 0.0720 0.0008 0.0086 0.0063 0.0219 0.8809 
        016s 13 0.0006 0.0124 0.0004 0.0011 0.0004 0.0081 0.9770 
        017s 13 0.0032 0.0178 0.0117 0.0005 0.0176 0.0124 0.9368 
        018s 13 0.0006 0.0359 0.0003 0.0007 0.0006 0.0148 0.9471 
        019s 13 0.0005 0.4221 0.0012 0.0012 0.0004 0.0906 0.4839 
        020s 13 0.0029 0.0026 0.0042 0.0004 0.0014 0.9581 0.0304 
        021s 13 0.0007 0.0195 0.0003 0.0015 0.0010 0.0156 0.9615 
        022s 13 0.0005 0.0284 0.0006 0.0009 0.0018 0.0028 0.9651 
        023s 13 0.0007 0.0050 0.0003 0.0004 0.0015 0.0316 0.9604 
        024s 13 0.0010 0.0142 0.0051 0.0392 0.0172 0.0087 0.9146 
        025s 13 0.0009 0.0078 0.0008 0.0019 0.0013 0.0043 0.9831 
        026s 13 0.0005 0.8932 0.0071 0.0052 0.0862 0.0029 0.0049 
        027s 13 0.0036 0.0189 0.0012 0.0016 0.0428 0.0036 0.9283 
        028s 13 0.0123 0.0428 0.0114 0.0048 0.0097 0.4578 0.4612 
        029s 13 0.0005 0.1433 0.0014 0.0019 0.0165 0.8016 0.0349 
        030s 13 0.0003 0.2431 0.0007 0.0348 0.0619 0.6398 0.0193 
        031s 13 0.0018 0.1095 0.0023 0.1002 0.0045 0.0030 0.7787 
        032s 13 0.0006 0.0924 0.0021 0.0005 0.0006 0.0066 0.8972 
        033s 13 0.0007 0.1087 0.0313 0.0009 0.0039 0.0099 0.8447 
        034s 13 0.0047 0.0040 0.0062 0.0012 0.0308 0.9448 0.0083 
        035s 13 0.0023 0.0058 0.0008 0.0043 0.0007 0.1760 0.8101 
        036s 13 0.0005 0.0097 0.0007 0.0004 0.0025 0.1968 0.7894 
        037s 13 0.0005 0.0181 0.0007 0.0017 0.0005 0.0126 0.9658 
        038s 13 0.0011 0.1896 0.0012 0.0009 0.0020 0.5328 0.2724 
        039s 13 0.0011 0.0184 0.0008 0.0733 0.1023 0.0091 0.7949 
        040s 13 0.0006 0.1142 0.0008 0.0014 0.0014 0.0065 0.8750 
        041s 13 0.0004 0.0497 0.0033 0.0021 0.0615 0.0056 0.8774 
        042s 13 0.0009 0.0040 0.0010 0.0011 0.0004 0.9749 0.0176 
        001s 14 0.0019 0.2682 0.0011 0.0011 0.0231 0.6493 0.0554 
        002s 14 0.0019 0.0407 0.0018 0.0007 0.0662 0.0026 0.8860 
        003s 14 0.0005 0.0031 0.0004 0.0011 0.0006 0.9901 0.0042 
        004s 14 0.0008 0.0035 0.0060 0.0035 0.0068 0.0053 0.9742 
        005s 14 0.0006 0.0742 0.0002 0.0008 0.0004 0.2193 0.7044 
        006s 14 0.0004 0.0087 0.0005 0.0004 0.0006 0.0192 0.9702 
        007s 14 0.0003 0.0142 0.0007 0.0015 0.0008 0.0160 0.9666 
        008s 14 0.0206 0.0019 0.0025 0.0024 0.0881 0.8737 0.0108 
        009s 14 0.0060 0.0278 0.0008 0.0007 0.0028 0.0253 0.9366 
        010s 14 0.0160 0.0190 0.0006 0.0017 0.0421 0.3631 0.5575 
        011s 14 0.0006 0.0060 0.0344 0.0011 0.0071 0.4145 0.5363 
        012s 14 0.0022 0.0252 0.0020 0.0028 0.0008 0.9386 0.0283 
        013s 14 0.0006 0.7040 0.0034 0.0069 0.0015 0.1290 0.1547 
        014s 14 0.0063 0.1297 0.0007 0.0007 0.0404 0.0053 0.8168 
        015s 14 0.0096 0.0148 0.0006 0.0022 0.0007 0.0261 0.9460 
        016s 14 0.0008 0.0803 0.0003 0.0139 0.0014 0.0014 0.9018 
        017s 14 0.0005 0.4201 0.0137 0.0008 0.0552 0.0042 0.5054 
        018s 14 0.0010 0.0065 0.0005 0.0014 0.0008 0.0054 0.9845 
        019s 14 0.0005 0.0349 0.0023 0.0007 0.0016 0.0039 0.9560 
        020s 14 0.0091 0.0097 0.0003 0.0013 0.0013 0.8255 0.1528 
        021s 14 0.0095 0.1222 0.0003 0.0005 0.0078 0.0054 0.8542 
        022s 14 0.0023 0.3367 0.0032 0.0012 0.0063 0.0140 0.6364 
        023s 14 0.0021 0.0467 0.0010 0.0039 0.0051 0.0148 0.9265 
        024s 14 0.0034 0.0017 0.0019 0.0012 0.0529 0.4002 0.5386 
        025s 14 0.0004 0.0210 0.0003 0.0005 0.0631 0.0696 0.8452 
        026s 14 0.0022 0.5340 0.0003 0.0011 0.0005 0.0083 0.4535 
        027s 14 0.0008 0.0074 0.0007 0.0033 0.0020 0.0342 0.9516 
        028s 14 0.0031 0.1882 0.0021 0.0006 0.0007 0.0263 0.7790 
        029s 14 0.0005 0.0861 0.0002 0.0010 0.0003 0.0119 0.9000 
        030s 14 0.0005 0.8147 0.0146 0.0004 0.0005 0.1336 0.0356 
        031s 14 0.0005 0.0317 0.0185 0.0019 0.0003 0.3434 0.6037 
        032s 14 0.0004 0.0131 0.0009 0.0023 0.0013 0.3027 0.6793 
        033s 14 0.0015 0.0156 0.0529 0.0008 0.0007 0.3721 0.5564 
        034s 14 0.0007 0.0322 0.0003 0.0006 0.0003 0.0024 0.9636 
        035s 14 0.0004 0.8083 0.0799 0.0007 0.0763 0.0297 0.0047 
        036s 14 0.0026 0.0116 0.0393 0.0113 0.0674 0.8537 0.0139 
        037s 14 0.0009 0.1065 0.0003 0.0022 0.0013 0.0202 0.8686 
        038s 14 0.0006 0.1101 0.0009 0.0005 0.0008 0.0162 0.8708 
        039s 14 0.0029 0.0186 0.0019 0.0057 0.0024 0.0118 0.9567 
        040s 14 0.0004 0.0116 0.0006 0.0012 0.0145 0.0229 0.9487 
        041s 14 0.0004 0.6622 0.0006 0.0013 0.0011 0.3166 0.0178 
        042s 14 0.0009 0.0400 0.0003 0.0024 0.0754 0.0127 0.8683 
        001s 15 0.0012 0.0562 0.0005 0.0007 0.0010 0.4674 0.4730 
        002s 15 0.0101 0.0756 0.0025 0.0113 0.0916 0.2044 0.6044 
        003s 15 0.0011 0.0076 0.0005 0.0063 0.0139 0.0045 0.9661 
        004s 15 0.0076 0.6352 0.0006 0.0003 0.0007 0.0040 0.3517 
        005s 15 0.0012 0.0279 0.0021 0.0054 0.0172 0.0035 0.9426 
        006s 15 0.0008 0.0311 0.0011 0.0010 0.0193 0.0092 0.9374 
        007s 15 0.0014 0.0596 0.0005 0.0006 0.0004 0.0360 0.9016 
        008s 15 0.0007 0.0917 0.0004 0.0006 0.0006 0.0114 0.8945 
        009s 15 0.0007 0.9263 0.0030 0.0337 0.0166 0.0042 0.0155 
        010s 15 0.0004 0.0343 0.0006 0.0017 0.0007 0.8791 0.0833 
        011s 15 0.0005 0.9044 0.0599 0.0014 0.0012 0.0017 0.0307 
        012s 15 0.0014 0.0894 0.0018 0.0016 0.0033 0.0032 0.8993 
        013s 15 0.0069 0.0083 0.0004 0.0018 0.0008 0.9530 0.0288 
        014s 15 0.0049 0.0118 0.0009 0.0051 0.0018 0.0050 0.9704 
        015s 15 0.0009 0.3004 0.0028 0.0052 0.0767 0.0018 0.6121 
        016s 15 0.0360 0.0310 0.0666 0.0006 0.0054 0.8357 0.0246 
        017s 15 0.0132 0.0040 0.0006 0.0021 0.0014 0.0091 0.9696 
        018s 15 0.0028 0.0153 0.0002 0.0004 0.0019 0.5402 0.4392 
        019s 15 0.0008 0.5860 0.0007 0.0058 0.0048 0.4001 0.0018 
        020s 15 0.0008 0.1231 0.0009 0.0010 0.0007 0.5101 0.3635 
        021s 15 0.0012 0.5399 0.0008 0.0032 0.0772 0.0231 0.3546 
        022s 15 0.0009 0.8510 0.0015 0.0007 0.0008 0.0269 0.1183 
        023s 15 0.0005 0.7076 0.0025 0.0007 0.0236 0.0066 0.2585 
        024s 15 0.0004 0.0233 0.0019 0.0009 0.0020 0.0028 0.9687 
        025s 15 0.0016 0.0138 0.0009 0.0243 0.0077 0.0179 0.9337 
        026s 15 0.0033 0.0777 0.0009 0.0259 0.0011 0.0440 0.8471 
        027s 15 0.0131 0.0149 0.0093 0.0006 0.0031 0.0251 0.9339 
        028s 15 0.0020 0.0134 0.0014 0.0013 0.0006 0.0068 0.9745 
        029s 15 0.0013 0.0020 0.0012 0.0011 0.0007 0.0051 0.9886 
        030s 15 0.0013 0.0100 0.0004 0.0006 0.0005 0.0105 0.9767 
        031s 15 0.0014 0.1077 0.0013 0.0079 0.0653 0.0342 0.7822 
        032s 15 0.0009 0.0478 0.0003 0.0016 0.0006 0.0022 0.9466 
        033s 15 0.0013 0.0077 0.0015 0.0004 0.0494 0.9306 0.0091 
        035s 15 0.0024 0.2412 0.0037 0.0009 0.0021 0.0060 0.7437 
        036s 15 0.0003 0.2860 0.0015 0.0062 0.0010 0.4620 0.2429 
        037s 15 0.0005 0.1675 0.0099 0.0013 0.0007 0.0080 0.8121 
        038s 15 0.0009 0.1261 0.0010 0.0004 0.0060 0.0041 0.8616 
        039s 15 0.0003 0.5264 0.0003 0.0003 0.0726 0.3829 0.0172 
        040s 15 0.0028 0.1866 0.0019 0.0010 0.0042 0.0156 0.7879 
        041s 15 0.0003 0.0384 0.0055 0.0020 0.0693 0.0048 0.8798 
        042s 15 0.0029 0.0112 0.0006 0.0010 0.0057 0.0075 0.9711 
        043s 15 0.0003 0.0020 0.0017 0.0010 0.0130 0.4488 0.5331 
        044s 15 0.0011 0.0427 0.0006 0.0008 0.0064 0.0048 0.9436 
        045s 15 0.0024 0.6922 0.0344 0.0781 0.0038 0.0021 0.1869 
        046s 15 0.0003 0.0177 0.0066 0.0008 0.0182 0.0265 0.9298 
        047s 15 0.0006 0.1044 0.0016 0.0004 0.0292 0.0114 0.8523 
        048s 15 0.0008 0.0416 0.0009 0.0225 0.0006 0.3530 0.5806 
        049s 15 0.0006 0.1284 0.0017 0.0005 0.0172 0.0300 0.8217 
        050s 15 0.0127 0.0128 0.0005 0.0021 0.1337 0.0035 0.8346 
         001 16 0.0069 0.0192 0.0191 0.0006 0.1656 0.6875 0.1011 
         002 16 0.0004 0.1827 0.0006 0.0007 0.0509 0.0070 0.7577 
         003 16 0.0029 0.1346 0.0064 0.0013 0.0034 0.0044 0.8469 
         004 16 0.0007 0.0806 0.0012 0.0020 0.0007 0.0022 0.9126 
         005 16 0.0017 0.0379 0.0025 0.0292 0.0550 0.0145 0.8591 
         006 16 0.0008 0.2975 0.0016 0.0109 0.0156 0.0022 0.6713 
         007 16 0.0008 0.0336 0.0013 0.0015 0.0048 0.0237 0.9344 
         008 16 0.0013 0.2752 0.0029 0.0006 0.1429 0.2071 0.3699 
         009 16 0.0016 0.0271 0.0003 0.0004 0.0029 0.5264 0.4413 
         010 16 0.0008 0.1314 0.0005 0.0012 0.0305 0.1859 0.6497 
         011 16 0.0007 0.1026 0.0011 0.0021 0.0086 0.8583 0.0267 
         012 16 0.0011 0.3569 0.0020 0.0014 0.0008 0.0709 0.5670 
         013 16 0.0005 0.0105 0.0008 0.0005 0.0004 0.0045 0.9828 
         014 16 0.0014 0.0313 0.0008 0.0004 0.0392 0.0024 0.9245 
         015 16 0.0023 0.0568 0.0026 0.3670 0.0004 0.0116 0.5593 
         016 16 0.0048 0.0215 0.0003 0.0169 0.0019 0.0031 0.9515 
         017 16 0.0008 0.0252 0.0102 0.0013 0.0057 0.6455 0.3113 
         018 16 0.0064 0.1156 0.0032 0.0252 0.0377 0.0025 0.8094 
         019 16 0.0009 0.0071 0.0070 0.0006 0.0550 0.8998 0.0297 
         020 16 0.0012 0.0349 0.0009 0.0008 0.0003 0.0085 0.9534 
         021 16 0.0039 0.0527 0.0333 0.0011 0.0953 0.0286 0.7851 
         022 16 0.0008 0.0220 0.0003 0.0016 0.0307 0.0013 0.9433 
         023 16 0.0007 0.0161 0.0006 0.0153 0.0201 0.9256 0.0217 
         024 16 0.0019 0.0175 0.0006 0.0238 0.0068 0.5185 0.4310 
         025 16 0.0015 0.0457 0.0232 0.0057 0.0306 0.7574 0.1359 
         026 16 0.0004 0.8028 0.0011 0.0035 0.1035 0.0019 0.0868 
         027 16 0.0133 0.1333 0.0004 0.0015 0.0122 0.0089 0.8304 
         028 16 0.0171 0.0294 0.0287 0.0003 0.1461 0.0093 0.7691 
         029 16 0.0009 0.9437 0.0286 0.0010 0.0025 0.0020 0.0213 
         030 16 0.0004 0.0984 0.0069 0.0005 0.0006 0.6201 0.2730 
         031 16 0.0148 0.1089 0.0009 0.0004 0.0010 0.0034 0.8706 
         032 16 0.0009 0.0096 0.0010 0.0047 0.0915 0.0059 0.8865 
         033 16 0.0004 0.0087 0.0012 0.0003 0.0006 0.0188 0.9700 
         034 16 0.0004 0.0302 0.0024 0.0014 0.0020 0.5851 0.3786 
         035 16 0.0006 0.0049 0.0007 0.0002 0.0003 0.0055 0.9877 
         036 16 0.0017 0.0329 0.0005 0.0027 0.0006 0.1150 0.8465 
         037 16 0.0008 0.0535 0.0162 0.0045 0.0214 0.3273 0.5763 
         038 16 0.0013 0.1044 0.0010 0.0079 0.0026 0.1318 0.7510 
         039 16 0.0015 0.0449 0.0003 0.0009 0.0014 0.4321 0.5189 
         040 16 0.0004 0.0080 0.0014 0.0020 0.0010 0.0125 0.9747 
         041 16 0.0005 0.3299 0.0006 0.0018 0.0009 0.0067 0.6597 
         042 16 0.0022 0.0048 0.0007 0.0007 0.0018 0.1716 0.8182 
         043 16 0.0010 0.0027 0.0005 0.0009 0.0012 0.0220 0.9717 
         044 16 0.0029 0.0618 0.0009 0.0016 0.0054 0.6472 0.2802 
         045 16 0.0026 0.0563 0.0080 0.0003 0.0026 0.0072 0.9230 
         047 16 0.0051 0.0083 0.0388 0.0014 0.0021 0.0265 0.9177 
         048 16 0.0007 0.0794 0.0046 0.0007 0.0012 0.0044 0.9090 
         049 16 0.0004 0.0125 0.0031 0.0048 0.0005 0.1710 0.8077 
         050 16 0.0006 0.2180 0.0008 0.0004 0.0006 0.0076 0.7719 
         051 16 0.0014 0.0529 0.0019 0.0008 0.0011 0.0168 0.9251 
         052 16 0.0004 0.1077 0.0004 0.0008 0.0002 0.1018 0.7887 
         053 16 0.0009 0.0408 0.0009 0.0006 0.0004 0.0284 0.9280 
         054 16 0.0017 0.0631 0.0007 0.0008 0.0657 0.3488 0.5191 
         055 16 0.0006 0.2712 0.0530 0.0004 0.0084 0.0945 0.5718 
         056 16 0.0009 0.9449 0.0003 0.0083 0.0015 0.0040 0.0403 
         057 16 0.0006 0.0034 0.0007 0.0003 0.0825 0.9105 0.0020 
         058 16 0.0003 0.0267 0.0051 0.0159 0.0918 0.3281 0.5321 
         059 16 0.0045 0.0166 0.0119 0.0864 0.0847 0.2637 0.5321 
         060 16 0.0013 0.0163 0.0008 0.0092 0.0028 0.1957 0.7739 
         061 16 0.0009 0.1295 0.0008 0.0017 0.0021 0.4914 0.3735 
         062 16 0.0011 0.0481 0.0073 0.0004 0.0006 0.0083 0.9341 
         063 16 0.0006 0.0069 0.0005 0.0006 0.0041 0.0260 0.9611 
         064 16 0.0006 0.0620 0.0006 0.0023 0.0005 0.0120 0.9220 
         065 16 0.0019 0.0113 0.0027 0.0023 0.0014 0.3497 0.6308 
         066 16 0.0010 0.0274 0.0005 0.0006 0.0005 0.0043 0.9657 
         067 16 0.0008 0.0193 0.0046 0.0759 0.0008 0.0069 0.8918 
         068 16 0.0006 0.0204 0.0008 0.0308 0.0050 0.0192 0.9232 
         069 16 0.0061 0.0486 0.0007 0.0007 0.0009 0.0158 0.9273 
         070 16 0.0020 0.0190 0.0010 0.0010 0.0060 0.1822 0.7888 
         071 16 0.0006 0.0513 0.0098 0.0006 0.0757 0.0014 0.8606 
         072 16 0.0006 0.0695 0.0008 0.0010 0.0086 0.0106 0.9089 
         073 16 0.0009 0.2460 0.0022 0.0004 0.0011 0.2614 0.4881 
         074 16 0.0005 0.0219 0.0008 0.0003 0.0004 0.0043 0.9717 
         075 16 0.0007 0.9623 0.0055 0.0010 0.0178 0.0033 0.0095 
         076 16 0.0008 0.0073 0.0009 0.0005 0.0011 0.0039 0.9856 
         077 16 0.0334 0.2082 0.0030 0.0542 0.0168 0.0023 0.6821 
         078 16 0.0007 0.0008 0.0004 0.0012 0.0046 0.9912 0.0010 
         079 16 0.0023 0.0437 0.0039 0.0011 0.0904 0.0031 0.8554 
         080 16 0.0003 0.0159 0.0004 0.0025 0.0042 0.5885 0.3882 
         081 16 0.0018 0.0615 0.0371 0.0009 0.0042 0.8846 0.0098 
         082 16 0.0007 0.0200 0.0135 0.0003 0.0168 0.1152 0.8335 
