        001s  1 0.0037 0.0015 0.3020 0.6352 0.0004 0.0007 0.0011 0.0554 
        002s  1 0.0021 0.0009 0.6706 0.2903 0.0035 0.0015 0.0007 0.0302 
        003s  1 0.0024 0.0163 0.6398 0.0025 0.0009 0.0023 0.0027 0.3331 
        004s  1 0.0070 0.0004 0.4872 0.2980 0.0368 0.0064 0.0029 0.1613 
        005s  1 0.0911 0.0005 0.3686 0.0102 0.2075 0.0013 0.2182 0.1026 
        006s  1 0.0047 0.0006 0.0039 0.9623 0.0017 0.0007 0.0006 0.0255 
        007s  1 0.0070 0.0009 0.0394 0.8589 0.0005 0.0061 0.0046 0.0826 
        008s  1 0.0054 0.0010 0.4798 0.0153 0.0014 0.0011 0.0028 0.4933 
        009s  1 0.0186 0.0041 0.2862 0.4810 0.0053 0.0079 0.0574 0.1396 
        010s  1 0.0091 0.0007 0.0103 0.9142 0.0011 0.0005 0.0136 0.0505 
        011s  1 0.0041 0.0057 0.0074 0.2154 0.0029 0.0031 0.0011 0.7603 
        012s  1 0.0044 0.0065 0.0508 0.0150 0.0085 0.0016 0.1042 0.8089 
        013s  1 0.0040 0.0013 0.0460 0.8875 0.0316 0.0102 0.0031 0.0163 
        014s  1 0.0072 0.0228 0.0061 0.3954 0.0025 0.0077 0.0137 0.5446 
        015s  1 0.0070 0.0010 0.0086 0.9597 0.0007 0.0005 0.0011 0.0215 
        016s  1 0.0086 0.0012 0.0761 0.5509 0.0009 0.0076 0.0037 0.3511 
        018s  1 0.0106 0.0011 0.0222 0.0092 0.0022 0.0008 0.1324 0.8216 
        019s  1 0.0131 0.0062 0.1539 0.7381 0.0007 0.0015 0.0224 0.0640 
        020s  1 0.0070 0.0133 0.0069 0.9250 0.0005 0.0123 0.0011 0.0340 
        021s  1 0.0074 0.0013 0.0361 0.9202 0.0136 0.0082 0.0003 0.0129 
        022s  1 0.0097 0.0010 0.9144 0.0674 0.0004 0.0017 0.0004 0.0050 
        023s  1 0.0531 0.0017 0.2078 0.5032 0.0006 0.0152 0.0007 0.2177 
        024s  1 0.0161 0.0006 0.0111 0.7259 0.0011 0.0009 0.0018 0.2425 
        025s  1 0.2277 0.0006 0.0062 0.1810 0.0023 0.0017 0.0040 0.5765 
        026s  1 0.0222 0.0066 0.0100 0.8125 0.0012 0.0110 0.0014 0.1350 
        027s  1 0.1646 0.0007 0.0052 0.0352 0.0080 0.0041 0.0018 0.7804 
        028s  1 0.1023 0.0030 0.0108 0.1062 0.0542 0.0014 0.0407 0.6814 
        029s  1 0.0063 0.0086 0.0143 0.9558 0.0005 0.0011 0.0011 0.0124 
        030s  1 0.1842 0.0130 0.0041 0.3752 0.0034 0.0005 0.0019 0.4177 
        031s  1 0.0052 0.0005 0.1011 0.8331 0.0004 0.0016 0.0004 0.0577 
        032s  1 0.0051 0.0016 0.0088 0.9137 0.0010 0.0012 0.0010 0.0675 
        033s  1 0.0042 0.0012 0.0121 0.4753 0.0011 0.0017 0.0063 0.4981 
        034s  1 0.0174 0.0049 0.5364 0.0290 0.0036 0.0537 0.0009 0.3541 
        035s  1 0.0031 0.0023 0.0057 0.8007 0.0021 0.0012 0.0014 0.1834 
        036s  1 0.0018 0.0003 0.4164 0.4884 0.0014 0.0013 0.0876 0.0027 
        037s  1 0.0057 0.0023 0.0623 0.0041 0.0087 0.0299 0.0919 0.7950 
        038s  1 0.0073 0.0010 0.0287 0.9393 0.0009 0.0015 0.0035 0.0178 
        039s  1 0.0434 0.0013 0.0268 0.5794 0.0241 0.0004 0.0005 0.3240 
        040s  1 0.0192 0.0007 0.1651 0.2496 0.0057 0.0080 0.0014 0.5502 
        041s  1 0.0227 0.0013 0.0120 0.5116 0.0006 0.0049 0.0035 0.4434 
        042s  1 0.0077 0.0022 0.1094 0.4202 0.0006 0.0807 0.0731 0.3060 
        043s  1 0.0509 0.0026 0.7312 0.0090 0.0011 0.0007 0.0111 0.1933 
        044s  1 0.0060 0.0035 0.1437 0.7153 0.0179 0.0108 0.0913 0.0115 
        045s  1 0.0143 0.0017 0.0029 0.9443 0.0020 0.0014 0.0089 0.0246 
        046s  1 0.0027 0.0030 0.0223 0.7589 0.0008 0.0013 0.0011 0.2098 
        047s  1 0.0073 0.0016 0.0085 0.9507 0.0004 0.0070 0.0014 0.0231 
        048s  1 0.0032 0.0007 0.4435 0.4881 0.0003 0.0008 0.0591 0.0043 
        049s  1 0.0038 0.0009 0.8856 0.0786 0.0020 0.0007 0.0010 0.0274 
        050s  1 0.0064 0.0006 0.0563 0.7761 0.0032 0.0006 0.1019 0.0549 
        051s  1 0.0053 0.0282 0.0123 0.8126 0.0006 0.0012 0.0005 0.1393 
        052s  1 0.2104 0.0197 0.0144 0.2939 0.0063 0.0022 0.0057 0.4472 
        053s  1 0.0024 0.0004 0.0044 0.9259 0.0007 0.0009 0.0036 0.0617 
        054s  1 0.0027 0.0030 0.0050 0.9662 0.0048 0.0012 0.0003 0.0169 
        055s  1 0.0011 0.0021 0.0086 0.3108 0.0013 0.0705 0.0817 0.5238 
          01  2 0.0027 0.0261 0.0160 0.4809 0.0024 0.0023 0.1167 0.3529 
          02  2 0.0288 0.0025 0.0087 0.9150 0.0048 0.0009 0.0239 0.0153 
          03  2 0.0095 0.0004 0.0079 0.4708 0.0014 0.0018 0.0012 0.5071 
          04  2 0.1675 0.0017 0.0345 0.0249 0.0153 0.0125 0.0026 0.7410 
          05  2 0.0818 0.0004 0.6225 0.0022 0.0006 0.0006 0.1183 0.1737 
          06  2 0.0288 0.0008 0.0279 0.8786 0.0020 0.0008 0.0432 0.0178 
          07  2 0.0012 0.0020 0.2581 0.6546 0.0038 0.0009 0.0088 0.0705 
          08  2 0.0088 0.0014 0.6281 0.2335 0.0006 0.0012 0.0822 0.0441 
          09  2 0.0064 0.0127 0.0429 0.9315 0.0005 0.0004 0.0005 0.0050 
          10  2 0.0216 0.0007 0.0158 0.4464 0.0006 0.0008 0.0021 0.5121 
          11  2 0.0035 0.0133 0.0463 0.9058 0.0013 0.0039 0.0156 0.0104 
          12  2 0.0912 0.0021 0.0245 0.8507 0.0011 0.0006 0.0007 0.0291 
          13  2 0.0033 0.0010 0.2183 0.7024 0.0007 0.0008 0.0006 0.0729 
          14  2 0.0127 0.0052 0.3327 0.5463 0.0106 0.0287 0.0005 0.0633 
          15  2 0.0064 0.0024 0.3257 0.6436 0.0009 0.0023 0.0008 0.0179 
          16  2 0.0062 0.0049 0.0050 0.3852 0.0542 0.0048 0.0008 0.5390 
          17  2 0.1187 0.0020 0.0764 0.0315 0.0011 0.0013 0.0022 0.7668 
          18  2 0.0036 0.0018 0.0025 0.5890 0.0048 0.0014 0.0165 0.3804 
          19  2 0.0224 0.0024 0.0098 0.9521 0.0005 0.0053 0.0025 0.0050 
          20  2 0.0041 0.0029 0.0106 0.2123 0.0065 0.0059 0.0309 0.7268 
          21  2 0.0086 0.0231 0.0096 0.8539 0.0007 0.0010 0.0025 0.1007 
          22  2 0.0113 0.0052 0.0057 0.4345 0.0048 0.0074 0.0021 0.5290 
          23  2 0.0297 0.0011 0.0083 0.8609 0.0020 0.0030 0.0014 0.0937 
          24  2 0.0108 0.0020 0.0040 0.9650 0.0009 0.0010 0.0008 0.0155 
          25  2 0.0039 0.0020 0.1522 0.7723 0.0302 0.0007 0.0051 0.0336 
          26  2 0.0013 0.0010 0.9936 0.0016 0.0005 0.0003 0.0006 0.0011 
          27  2 0.0028 0.0017 0.0581 0.8241 0.0380 0.0043 0.0016 0.0694 
          28  2 0.0419 0.0019 0.1168 0.8283 0.0003 0.0049 0.0017 0.0043 
          29  2 0.0066 0.0013 0.0119 0.9120 0.0007 0.0003 0.0013 0.0658 
          30  2 0.0072 0.0072 0.0037 0.0045 0.0005 0.0741 0.1412 0.7617 
          01  3 0.0684 0.0007 0.0054 0.0091 0.2158 0.0051 0.4269 0.2685 
          02  3 0.0351 0.0729 0.0019 0.0385 0.4595 0.0021 0.3268 0.0630 
          03  3 0.0013 0.0004 0.0012 0.0017 0.3025 0.0012 0.2933 0.3983 
          04  3 0.0044 0.0007 0.0012 0.0016 0.3446 0.0010 0.4487 0.1978 
          05  3 0.0010 0.1162 0.0005 0.0009 0.4004 0.1204 0.3596 0.0009 
          06  3 0.0129 0.0003 0.0022 0.0017 0.4919 0.0007 0.4132 0.0771 
          07  3 0.0011 0.0012 0.0007 0.0008 0.2391 0.0003 0.3523 0.4046 
          08  3 0.0391 0.0030 0.0044 0.0023 0.3162 0.0047 0.3586 0.2718 
          09  3 0.0014 0.0003 0.0008 0.0018 0.2577 0.0025 0.4032 0.3325 
          10  3 0.0228 0.2137 0.0093 0.0235 0.4111 0.1237 0.1935 0.0024 
          11  3 0.0015 0.0004 0.0011 0.0016 0.2929 0.0003 0.3888 0.3134 
          12  3 0.0012 0.0003 0.0026 0.0016 0.3017 0.0005 0.3923 0.2998 
          13  3 0.0168 0.0136 0.0020 0.0030 0.5147 0.0003 0.4470 0.0027 
          14  3 0.0133 0.0401 0.0030 0.0053 0.4550 0.1520 0.3290 0.0022 
          15  3 0.0026 0.0004 0.0006 0.0010 0.2663 0.0015 0.3623 0.3653 
          16  3 0.0572 0.0042 0.0026 0.0143 0.5969 0.0031 0.3090 0.0126 
          17  3 0.0055 0.0015 0.0026 0.0049 0.1731 0.0006 0.4053 0.4063 
          18  3 0.0126 0.1619 0.0079 0.0093 0.3308 0.2720 0.2008 0.0048 
          19  3 0.1742 0.0009 0.0008 0.0021 0.4567 0.0032 0.3609 0.0013 
          20  3 0.1718 0.0004 0.0065 0.0018 0.3043 0.0451 0.4487 0.0215 
          21  3 0.1503 0.0012 0.0030 0.0107 0.3719 0.0050 0.3645 0.0935 
          22  3 0.0053 0.0004 0.0008 0.0004 0.2159 0.0010 0.4552 0.3210 
          23  3 0.0536 0.0003 0.0025 0.0026 0.3487 0.0009 0.3930 0.1984 
          24  3 0.0185 0.1663 0.0098 0.0062 0.2824 0.0017 0.4848 0.0303 
          25  3 0.0011 0.2502 0.0008 0.0005 0.3050 0.1297 0.3121 0.0006 
          26  3 0.0012 0.0005 0.0013 0.0026 0.3316 0.0005 0.4143 0.2478 
          27  3 0.0583 0.1262 0.0018 0.0278 0.3636 0.1663 0.2507 0.0054 
          28  3 0.0758 0.0025 0.0037 0.0143 0.4580 0.0003 0.4428 0.0025 
          29  3 0.1772 0.0038 0.0040 0.0040 0.4154 0.0072 0.3863 0.0021 
          30  3 0.0037 0.0009 0.0092 0.0014 0.2414 0.0002 0.4340 0.3092 
         001  4 0.0001 0.0001 0.0002 0.0001 0.0001 0.0001 0.9991 0.0001 
         002  4 0.0003 0.0003 0.0002 0.0003 0.0005 0.0002 0.9977 0.0004 
         003  4 0.0001 0.0002 0.0002 0.0001 0.0001 0.0001 0.9991 0.0001 
         004  4 0.0001 0.0001 0.0002 0.0001 0.0003 0.0001 0.9989 0.0001 
         005  4 0.0002 0.0005 0.0002 0.0002 0.0002 0.0002 0.9983 0.0001 
         006  4 0.0006 0.0003 0.0006 0.0010 0.0755 0.0005 0.9208 0.0006 
         007  4 0.0018 0.0003 0.0255 0.0021 0.0451 0.0010 0.9225 0.0017 
         008  4 0.0005 0.0035 0.0018 0.0012 0.0004 0.0072 0.9842 0.0012 
         009  4 0.0002 0.0002 0.0002 0.0002 0.0004 0.0001 0.9986 0.0001 
         010  4 0.0001 0.0001 0.0001 0.0001 0.0071 0.0001 0.9922 0.0001 
         011  4 0.0006 0.0007 0.0044 0.0010 0.0249 0.0333 0.9343 0.0007 
         012  4 0.0002 0.0001 0.0001 0.0001 0.0001 0.0002 0.9990 0.0001 
         013  4 0.0001 0.0001 0.0001 0.0001 0.0001 0.0001 0.9992 0.0001 
         014  4 0.0002 0.0001 0.0004 0.0002 0.0002 0.0002 0.9984 0.0003 
         015  4 0.0001 0.0001 0.0001 0.0001 0.0001 0.0001 0.9994 0.0001 
         016  4 0.0001 0.0002 0.0001 0.0001 0.0002 0.0001 0.9990 0.0001 
         017  4 0.0002 0.0002 0.0002 0.0002 0.0003 0.0001 0.9986 0.0002 
         019  4 0.0006 0.0007 0.0004 0.0004 0.0888 0.0014 0.9072 0.0005 
         020  4 0.0003 0.0004 0.0005 0.0003 0.0002 0.0002 0.9979 0.0003 
         021  4 0.0005 0.0005 0.0004 0.0005 0.0197 0.0005 0.9772 0.0007 
         001  5 0.0005 0.0015 0.0007 0.0007 0.0004 0.0368 0.9580 0.0012 
         002  5 0.0008 0.0008 0.0408 0.0085 0.0005 0.0026 0.9445 0.0014 
         003  5 0.0007 0.0005 0.0023 0.0063 0.0696 0.0034 0.7381 0.1791 
         004  5 0.0034 0.0003 0.0032 0.0616 0.0006 0.0019 0.9261 0.0028 
         005  5 0.0007 0.0003 0.0005 0.0005 0.0028 0.0011 0.9935 0.0006 
         006  5 0.0010 0.0009 0.0006 0.0007 0.1025 0.0002 0.8931 0.0009 
         007  5 0.0005 0.0003 0.0003 0.0005 0.0913 0.0005 0.9059 0.0007 
         008  5 0.0002 0.0003 0.0002 0.0002 0.0074 0.0002 0.9912 0.0003 
         009  5 0.0087 0.0002 0.0087 0.0505 0.0049 0.0021 0.9204 0.0044 
         010  5 0.0021 0.0005 0.0032 0.0037 0.0669 0.0035 0.9159 0.0043 
         011  5 0.0010 0.0005 0.0009 0.0033 0.0009 0.0078 0.9809 0.0047 
         012  5 0.0010 0.0011 0.0063 0.0288 0.0767 0.0029 0.8571 0.0260 
         013  5 0.0717 0.0006 0.0035 0.0068 0.0500 0.0012 0.7403 0.1260 
         014  5 0.0069 0.0187 0.0629 0.0943 0.0946 0.0217 0.6969 0.0039 
         015  5 0.0003 0.0003 0.0003 0.0003 0.0320 0.0003 0.9661 0.0004 
         016  5 0.0020 0.0009 0.0011 0.0029 0.0606 0.0005 0.9284 0.0036 
         017  5 0.0049 0.0042 0.0119 0.0196 0.0793 0.0004 0.8716 0.0080 
         018  5 0.0170 0.0226 0.0055 0.0076 0.0333 0.0244 0.8609 0.0288 
         019  5 0.0007 0.0100 0.0005 0.0006 0.0002 0.0025 0.9848 0.0006 
         020  5 0.0002 0.0002 0.0003 0.0003 0.0002 0.0003 0.9985 0.0002 
         021  5 0.0009 0.0005 0.0300 0.1091 0.0005 0.0054 0.8497 0.0038 
         022  5 0.0021 0.0023 0.0019 0.0064 0.0049 0.0375 0.9072 0.0375 
         023  5 0.0010 0.0006 0.0012 0.0010 0.0296 0.0036 0.9600 0.0031 
         024  5 0.0043 0.0003 0.0053 0.0480 0.0624 0.0010 0.8765 0.0022 
         025  5 0.0044 0.0007 0.0179 0.0095 0.0688 0.0007 0.8779 0.0201 
         026  5 0.0034 0.0006 0.0066 0.0231 0.0153 0.0003 0.8274 0.1233 
         027  5 0.0003 0.0002 0.0003 0.0004 0.0004 0.0002 0.9981 0.0002 
         028  5 0.0125 0.0011 0.0016 0.0071 0.0461 0.0111 0.9130 0.0076 
         029  5 0.0008 0.0004 0.0007 0.0010 0.0045 0.0004 0.9914 0.0008 
         030  5 0.0010 0.0117 0.0013 0.0008 0.0010 0.0034 0.9799 0.0010 
        001s  6 0.0084 0.0009 0.2440 0.5913 0.0289 0.0174 0.0011 0.1080 
        002s  6 0.0531 0.0223 0.0064 0.8350 0.0007 0.0019 0.0542 0.0265 
        003s  6 0.0249 0.0006 0.2179 0.5953 0.0008 0.0033 0.0229 0.1343 
        004s  6 0.0068 0.0007 0.0192 0.9619 0.0005 0.0009 0.0005 0.0094 
        006s  6 0.0096 0.0015 0.0063 0.0982 0.0160 0.0065 0.0378 0.8241 
        007s  6 0.0410 0.0010 0.0039 0.9016 0.0028 0.0006 0.0010 0.0481 
        008s  6 0.0546 0.0054 0.0122 0.8591 0.0012 0.0081 0.0040 0.0554 
        009s  6 0.1384 0.0014 0.0097 0.8028 0.0010 0.0018 0.0005 0.0446 
        010s  6 0.0041 0.0139 0.0025 0.8728 0.0099 0.0164 0.0130 0.0675 
        011s  6 0.0360 0.0003 0.0028 0.9224 0.0030 0.0018 0.0010 0.0327 
        012s  6 0.0038 0.0029 0.0089 0.9591 0.0073 0.0017 0.0009 0.0155 
        013s  6 0.0066 0.0011 0.0073 0.9649 0.0011 0.0007 0.0014 0.0170 
        014s  6 0.0055 0.0003 0.2674 0.6266 0.0006 0.0005 0.0849 0.0142 
        015s  6 0.0862 0.0017 0.0034 0.6944 0.0087 0.0061 0.0105 0.1891 
        016s  6 0.0023 0.0009 0.1308 0.8556 0.0010 0.0015 0.0005 0.0074 
        018s  6 0.0025 0.0010 0.0050 0.7145 0.0021 0.0025 0.2660 0.0063 
        019s  6 0.0567 0.0013 0.1067 0.0576 0.0013 0.0037 0.0059 0.7667 
        020s  6 0.0104 0.0012 0.0899 0.7933 0.0011 0.0006 0.0005 0.1030 
        021s  6 0.0039 0.0018 0.0062 0.8457 0.0165 0.0069 0.0022 0.1168 
        022s  6 0.0207 0.0008 0.0329 0.9331 0.0005 0.0061 0.0015 0.0045 
        023s  6 0.1279 0.0005 0.4662 0.0055 0.0006 0.0010 0.0220 0.3763 
        024s  6 0.0031 0.0025 0.0458 0.5804 0.0013 0.0010 0.0270 0.3388 
        025s  6 0.0015 0.0006 0.0154 0.7868 0.0013 0.0696 0.0036 0.1211 
        026s  6 0.0042 0.0020 0.0199 0.9655 0.0009 0.0008 0.0009 0.0059 
        027s  6 0.0116 0.0020 0.0259 0.9400 0.0007 0.0007 0.0016 0.0176 
        028s  6 0.0035 0.0448 0.0036 0.3970 0.0095 0.0100 0.0146 0.5171 
        029s  6 0.0344 0.0023 0.0026 0.9156 0.0005 0.0018 0.0008 0.0420 
        030s  6 0.1876 0.0024 0.0063 0.6910 0.0018 0.0094 0.0726 0.0288 
        031s  6 0.0245 0.0007 0.5799 0.3741 0.0056 0.0008 0.0018 0.0127 
        032s  6 0.0022 0.0007 0.0089 0.9689 0.0017 0.0014 0.0124 0.0038 
        033s  6 0.0051 0.0006 0.0025 0.5246 0.0003 0.0011 0.0889 0.3769 
        034s  6 0.0498 0.0005 0.0165 0.5818 0.0024 0.0230 0.0020 0.3240 
        035s  6 0.0017 0.0016 0.8477 0.0020 0.0009 0.0016 0.1271 0.0173 
        036s  6 0.0048 0.0003 0.0099 0.8357 0.0074 0.0020 0.0011 0.1388 
        037s  6 0.0076 0.0022 0.0059 0.9727 0.0013 0.0024 0.0016 0.0064 
        038s  6 0.0062 0.0014 0.1481 0.8251 0.0029 0.0011 0.0003 0.0147 
        039s  6 0.0744 0.0009 0.0150 0.6110 0.0005 0.0009 0.0003 0.2969 
        040s  6 0.0753 0.0009 0.2533 0.6591 0.0066 0.0004 0.0004 0.0040 
        041s  6 0.0032 0.0037 0.3940 0.0102 0.0003 0.0033 0.0253 0.5601 
        042s  6 0.0089 0.0048 0.0148 0.8616 0.0010 0.0539 0.0155 0.0395 
        043s  6 0.0177 0.0004 0.0042 0.9329 0.0015 0.0069 0.0011 0.0352 
        044s  6 0.0029 0.0027 0.1808 0.7689 0.0008 0.0010 0.0013 0.0415 
        045s  6 0.0084 0.0008 0.0214 0.8886 0.0005 0.0039 0.0080 0.0686 
        001s  7 0.1367 0.0007 0.7656 0.0832 0.0007 0.0018 0.0012 0.0100 
        002s  7 0.0066 0.0020 0.4429 0.5001 0.0028 0.0024 0.0233 0.0198 
        003s  7 0.0024 0.0023 0.7330 0.0074 0.0025 0.0017 0.0014 0.2494 
        004s  7 0.0051 0.0017 0.0485 0.7792 0.0040 0.0010 0.0014 0.1590 
        005s  7 0.0141 0.0009 0.0361 0.7501 0.0036 0.0039 0.0146 0.1767 
        006s  7 0.0146 0.0005 0.0024 0.3086 0.0015 0.0051 0.0518 0.6154 
        007s  7 0.0036 0.0159 0.0042 0.9248 0.0069 0.0024 0.0109 0.0312 
        008s  7 0.0156 0.0035 0.9448 0.0080 0.0004 0.0018 0.0202 0.0057 
        009s  7 0.0019 0.0009 0.0308 0.9383 0.0023 0.0128 0.0043 0.0089 
        010s  7 0.0039 0.0011 0.9792 0.0064 0.0004 0.0028 0.0016 0.0046 
        011s  7 0.0072 0.0016 0.0152 0.9688 0.0006 0.0013 0.0010 0.0042 
        012s  7 0.0080 0.0007 0.0038 0.9463 0.0009 0.0007 0.0009 0.0388 
        013s  7 0.0075 0.0008 0.0367 0.7955 0.0078 0.0075 0.0005 0.1436 
        014s  7 0.0019 0.0008 0.4767 0.1307 0.0009 0.0005 0.0255 0.3629 
        015s  7 0.0049 0.0011 0.0093 0.0325 0.0014 0.0007 0.0059 0.9440 
        016s  7 0.0011 0.0003 0.9018 0.0018 0.0003 0.0019 0.0917 0.0010 
        017s  7 0.0061 0.0006 0.0386 0.8639 0.0011 0.0008 0.0019 0.0870 
        018s  7 0.2895 0.0049 0.0020 0.0086 0.0007 0.0007 0.0009 0.6927 
        019s  7 0.0484 0.0030 0.0113 0.1101 0.0016 0.0073 0.0008 0.8175 
        020s  7 0.0020 0.0005 0.0185 0.9380 0.0023 0.0007 0.0008 0.0372 
        021s  7 0.0038 0.0020 0.0059 0.9213 0.0010 0.0018 0.0030 0.0613 
        022s  7 0.0103 0.0004 0.0049 0.9649 0.0038 0.0014 0.0031 0.0113 
        023s  7 0.0057 0.0014 0.0122 0.0600 0.0014 0.0063 0.0030 0.9100 
        024s  7 0.0233 0.0023 0.0062 0.9496 0.0009 0.0011 0.0027 0.0138 
        025s  7 0.0112 0.0016 0.0053 0.8993 0.0064 0.0016 0.0011 0.0735 
        026s  7 0.0067 0.0021 0.9410 0.0320 0.0006 0.0021 0.0030 0.0126 
        027s  7 0.0039 0.0028 0.4512 0.5305 0.0014 0.0007 0.0021 0.0076 
        028s  7 0.1519 0.0003 0.0055 0.5080 0.0011 0.0005 0.0054 0.3273 
        029s  7 0.0043 0.0010 0.0295 0.1142 0.0010 0.0033 0.0065 0.8403 
        030s  7 0.0291 0.0071 0.2606 0.2356 0.0012 0.0046 0.0004 0.4614 
        031s  7 0.1277 0.0005 0.0563 0.7649 0.0019 0.0179 0.0038 0.0269 
        032s  7 0.0033 0.0055 0.0035 0.8125 0.0006 0.0005 0.0999 0.0740 
        033s  7 0.0036 0.0040 0.0055 0.9319 0.0012 0.0026 0.0458 0.0054 
        034s  7 0.0016 0.0010 0.0053 0.0138 0.0346 0.0010 0.0007 0.9421 
        035s  7 0.0041 0.0009 0.0044 0.9434 0.0005 0.0014 0.0005 0.0448 
        036s  7 0.0030 0.0012 0.1071 0.8198 0.0056 0.0131 0.0008 0.0495 
        037s  7 0.1528 0.0009 0.0121 0.3260 0.0088 0.0070 0.0566 0.4357 
        038s  7 0.1108 0.0014 0.0102 0.1736 0.0006 0.0021 0.0095 0.6918 
        039s  7 0.2669 0.0004 0.2552 0.3329 0.0003 0.0004 0.0006 0.1433 
        040s  7 0.0014 0.0004 0.9549 0.0020 0.0310 0.0007 0.0066 0.0031 
        041s  7 0.0129 0.0027 0.2719 0.3965 0.0008 0.0029 0.0261 0.2863 
        042s  7 0.0047 0.0005 0.8945 0.0811 0.0010 0.0005 0.0068 0.0109 
        043s  7 0.0102 0.0007 0.0202 0.9202 0.0003 0.0060 0.0020 0.0403 
        044s  7 0.0027 0.0010 0.0037 0.1752 0.0129 0.0274 0.0329 0.7442 
         003  8 0.0020 0.0144 0.0045 0.9133 0.0017 0.0013 0.0057 0.0569 
         009  8 0.0025 0.0006 0.0108 0.9651 0.0007 0.0015 0.0016 0.0172 
         010  8 0.0151 0.0007 0.0140 0.9395 0.0004 0.0044 0.0006 0.0253 
         017  8 0.0070 0.0018 0.0041 0.9519 0.0009 0.0048 0.0010 0.0284 
         002  9 0.0056 0.0010 0.0199 0.9508 0.0011 0.0011 0.0005 0.0199 
         003  9 0.0038 0.0005 0.0093 0.9797 0.0005 0.0006 0.0003 0.0053 
         004  9 0.0024 0.0008 0.0229 0.9485 0.0002 0.0017 0.0005 0.0229 
         005  9 0.0218 0.0014 0.0058 0.9552 0.0011 0.0070 0.0006 0.0071 
         006  9 0.0018 0.0010 0.0030 0.9860 0.0008 0.0018 0.0016 0.0039 
         007  9 0.0046 0.0013 0.0072 0.9470 0.0003 0.0016 0.0052 0.0327 
         009  9 0.0027 0.0018 0.0302 0.9422 0.0004 0.0028 0.0031 0.0168 
         010  9 0.0055 0.0021 0.0062 0.9634 0.0007 0.0016 0.0004 0.0201 
         013  9 0.0052 0.0006 0.0308 0.9388 0.0016 0.0023 0.0020 0.0188 
         014  9 0.0105 0.0071 0.0145 0.9126 0.0003 0.0032 0.0005 0.0514 
         016  9 0.0021 0.0016 0.0054 0.9769 0.0003 0.0010 0.0003 0.0126 
         018  9 0.0925 0.0092 0.0035 0.8808 0.0012 0.0030 0.0008 0.0090 
         019  9 0.0044 0.0072 0.0038 0.9566 0.0014 0.0007 0.0012 0.0245 
         020  9 0.0055 0.0006 0.0012 0.9823 0.0006 0.0005 0.0006 0.0088 
         021  9 0.0658 0.0003 0.0031 0.8988 0.0003 0.0010 0.0005 0.0303 
         022  9 0.1708 0.0019 0.0037 0.8167 0.0007 0.0009 0.0006 0.0048 
         024  9 0.0085 0.0037 0.0114 0.9627 0.0006 0.0052 0.0008 0.0071 
         028  9 0.0066 0.0007 0.0132 0.9106 0.0009 0.0017 0.0008 0.0654 
         029  9 0.0174 0.0020 0.0136 0.9412 0.0007 0.0008 0.0007 0.0235 
         030  9 0.0201 0.0015 0.0052 0.9562 0.0005 0.0013 0.0004 0.0148 
         031  9 0.0037 0.0012 0.0178 0.9624 0.0005 0.0006 0.0023 0.0114 
         033  9 0.0025 0.0012 0.0242 0.9468 0.0006 0.0015 0.0090 0.0142 
         001 10 0.0069 0.0013 0.0035 0.9784 0.0006 0.0004 0.0005 0.0083 
         002 10 0.0044 0.0020 0.0103 0.9660 0.0004 0.0010 0.0005 0.0155 
         003 10 0.0066 0.0012 0.0028 0.9594 0.0014 0.0143 0.0005 0.0138 
         004 10 0.0071 0.0008 0.1094 0.8630 0.0006 0.0031 0.0005 0.0154 
         005 10 0.0044 0.0019 0.0080 0.9688 0.0005 0.0012 0.0006 0.0147 
         006 10 0.0022 0.0008 0.0038 0.9870 0.0007 0.0007 0.0021 0.0027 
         007 10 0.0026 0.0006 0.0072 0.9769 0.0005 0.0026 0.0011 0.0085 
         008 10 0.0046 0.0011 0.0028 0.9417 0.0010 0.0059 0.0009 0.0419 
         009 10 0.0016 0.0064 0.0091 0.9739 0.0018 0.0007 0.0010 0.0054 
         010 10 0.0022 0.0026 0.0285 0.9443 0.0004 0.0015 0.0012 0.0192 
         011 10 0.0116 0.0004 0.0040 0.9379 0.0016 0.0385 0.0008 0.0053 
         012 10 0.0090 0.0008 0.0063 0.9267 0.0019 0.0048 0.0009 0.0496 
         013 10 0.0051 0.0010 0.0042 0.9741 0.0035 0.0010 0.0005 0.0107 
         014 10 0.0019 0.0015 0.2327 0.7560 0.0007 0.0022 0.0007 0.0042 
         016 10 0.0049 0.0022 0.0079 0.9394 0.0018 0.0013 0.0009 0.0417 
         017 10 0.0096 0.0014 0.0045 0.9574 0.0015 0.0012 0.0008 0.0234 
         018 10 0.0045 0.0023 0.0024 0.9640 0.0006 0.0010 0.0113 0.0139 
         019 10 0.0035 0.0068 0.0032 0.9572 0.0007 0.0013 0.0005 0.0268 
         020 10 0.0042 0.0093 0.0183 0.9241 0.0014 0.0018 0.0017 0.0392 
         021 10 0.0035 0.0040 0.0222 0.9584 0.0006 0.0006 0.0011 0.0097 
         022 10 0.0050 0.0003 0.0511 0.9381 0.0010 0.0010 0.0004 0.0033 
         023 10 0.0040 0.0006 0.0060 0.9806 0.0009 0.0012 0.0003 0.0064 
         024 10 0.0032 0.0017 0.0044 0.9713 0.0002 0.0024 0.0006 0.0163 
         026 10 0.0196 0.0008 0.0012 0.9742 0.0005 0.0009 0.0005 0.0022 
        001s 11 0.0372 0.0012 0.2869 0.0167 0.0011 0.0107 0.0685 0.5778 
        002s 11 0.0148 0.0048 0.0085 0.9461 0.0088 0.0022 0.0009 0.0138 
        003s 11 0.1447 0.0020 0.0183 0.3423 0.0008 0.0005 0.0054 0.4861 
        004s 11 0.0296 0.0005 0.0166 0.8316 0.0023 0.0029 0.0005 0.1160 
        005s 11 0.0244 0.0077 0.0557 0.8178 0.0009 0.0008 0.0036 0.0891 
        006s 11 0.0043 0.0027 0.0363 0.8129 0.0142 0.0033 0.0020 0.1243 
        007s 11 0.0023 0.0019 0.0982 0.2726 0.0332 0.0011 0.0067 0.5839 
        008s 11 0.0065 0.0012 0.0040 0.0073 0.0004 0.0006 0.0006 0.9794 
        009s 11 0.0129 0.0153 0.0033 0.8198 0.0006 0.0006 0.0006 0.1470 
        010s 11 0.0014 0.0011 0.0917 0.8973 0.0004 0.0014 0.0027 0.0040 
        011s 11 0.0246 0.0005 0.7635 0.0433 0.0089 0.0256 0.1022 0.0313 
        012s 11 0.2050 0.0014 0.0024 0.0092 0.0005 0.0004 0.0982 0.6828 
        013s 11 0.0063 0.0005 0.2391 0.7354 0.0005 0.0014 0.0013 0.0152 
        014s 11 0.1984 0.0016 0.6896 0.0801 0.0060 0.0017 0.0067 0.0159 
        015s 11 0.0222 0.0023 0.0338 0.3449 0.0026 0.0049 0.0019 0.5875 
        016s 11 0.0013 0.0129 0.2898 0.3893 0.0007 0.0536 0.0377 0.2147 
        017s 11 0.1728 0.0008 0.0081 0.0084 0.0007 0.0013 0.0693 0.7386 
        018s 11 0.0255 0.0030 0.8014 0.0218 0.0018 0.0012 0.0052 0.1402 
        019s 11 0.0047 0.0005 0.0079 0.8418 0.0012 0.0240 0.0010 0.1188 
        020s 11 0.0020 0.0027 0.4928 0.0130 0.0011 0.0014 0.0011 0.4857 
        021s 11 0.0120 0.0006 0.0044 0.9649 0.0007 0.0019 0.0009 0.0146 
        022s 11 0.0700 0.0011 0.0198 0.6731 0.0350 0.0007 0.0016 0.1987 
        023s 11 0.0048 0.0006 0.6761 0.1816 0.0006 0.0284 0.0392 0.0688 
        025s 11 0.0049 0.0004 0.0100 0.7154 0.0006 0.0013 0.0006 0.2668 
        026s 11 0.0023 0.0012 0.0054 0.8723 0.0007 0.0539 0.0421 0.0221 
        027s 11 0.0197 0.0006 0.0053 0.8943 0.0033 0.0007 0.0013 0.0748 
        028s 11 0.0323 0.0006 0.0040 0.8993 0.0016 0.0015 0.0105 0.0501 
        029s 11 0.0067 0.0020 0.0036 0.8055 0.0005 0.0004 0.0572 0.1240 
        030s 11 0.0119 0.0011 0.0018 0.0051 0.0009 0.0013 0.0221 0.9558 
        031s 11 0.0151 0.0009 0.0060 0.9644 0.0015 0.0004 0.0004 0.0114 
        032s 11 0.0181 0.0013 0.0908 0.8178 0.0007 0.0035 0.0023 0.0655 
        033s 11 0.0136 0.0016 0.1086 0.8634 0.0008 0.0019 0.0066 0.0033 
        034s 11 0.0106 0.0005 0.7764 0.1628 0.0041 0.0006 0.0019 0.0432 
        035s 11 0.0050 0.0030 0.4825 0.4477 0.0021 0.0004 0.0047 0.0547 
        036s 11 0.0970 0.0018 0.0096 0.0188 0.0018 0.0005 0.0094 0.8612 
        037s 11 0.0216 0.0025 0.8450 0.0188 0.0008 0.0035 0.0024 0.1053 
        038s 11 0.1428 0.0013 0.2923 0.3529 0.0010 0.0012 0.0033 0.2050 
        039s 11 0.0023 0.0007 0.0086 0.6486 0.0004 0.0015 0.0017 0.3362 
        040s 11 0.0187 0.0010 0.0026 0.5408 0.0033 0.0010 0.0695 0.3631 
        041s 11 0.0118 0.0250 0.0167 0.8575 0.0016 0.0038 0.0007 0.0829 
        042s 11 0.1591 0.0011 0.4563 0.2989 0.0016 0.0152 0.0011 0.0667 
        043s 11 0.0087 0.0003 0.0105 0.8719 0.0008 0.0236 0.0460 0.0383 
        044s 11 0.0358 0.0017 0.0874 0.8216 0.0090 0.0082 0.0005 0.0359 
        045s 11 0.0112 0.0005 0.0358 0.8099 0.0029 0.0133 0.0008 0.1256 
        046s 11 0.0441 0.0010 0.4567 0.0072 0.0019 0.0255 0.0118 0.4519 
        047s 11 0.0082 0.0008 0.0052 0.0195 0.0012 0.0013 0.0007 0.9630 
        048s 11 0.0030 0.0018 0.0068 0.7735 0.0043 0.0358 0.0052 0.1695 
        049s 11 0.0086 0.0012 0.0194 0.4343 0.0006 0.0011 0.0013 0.5334 
        050s 11 0.0022 0.0004 0.0074 0.9437 0.0023 0.0018 0.0005 0.0417 
        051s 11 0.0055 0.0005 0.1470 0.2713 0.0205 0.0516 0.0005 0.5031 
        052s 11 0.0565 0.0025 0.6774 0.2450 0.0031 0.0043 0.0027 0.0087 
        053s 11 0.0050 0.0026 0.0064 0.8806 0.0006 0.0011 0.0006 0.1030 
        054s 11 0.0039 0.0005 0.0134 0.9510 0.0091 0.0007 0.0018 0.0196 
        055s 11 0.0209 0.0004 0.7465 0.1589 0.0019 0.0007 0.0669 0.0038 
        001s 12 0.0059 0.0014 0.0230 0.9352 0.0077 0.0016 0.0024 0.0228 
        002s 12 0.0024 0.0036 0.0016 0.9607 0.0007 0.0011 0.0015 0.0285 
        003s 12 0.0088 0.0008 0.0148 0.9601 0.0010 0.0007 0.0007 0.0132 
        004s 12 0.0370 0.0032 0.0077 0.0484 0.0009 0.0054 0.0216 0.8758 
        005s 12 0.0048 0.0018 0.5051 0.4818 0.0007 0.0014 0.0007 0.0036 
        006s 12 0.1125 0.0009 0.0473 0.2468 0.0033 0.0018 0.0232 0.5642 
        007s 12 0.0028 0.0038 0.0025 0.3939 0.0015 0.0015 0.0012 0.5928 
        008s 12 0.0082 0.0008 0.0082 0.9441 0.0015 0.0011 0.0171 0.0189 
        009s 12 0.0058 0.0157 0.0045 0.0050 0.0017 0.0042 0.0074 0.9558 
        010s 12 0.0070 0.0013 0.0346 0.8835 0.0339 0.0006 0.0139 0.0251 
        011s 12 0.0040 0.0014 0.0126 0.8151 0.0034 0.0008 0.0015 0.1611 
        012s 12 0.0322 0.0006 0.0031 0.0521 0.0047 0.0048 0.0009 0.9016 
        013s 12 0.0153 0.0012 0.0049 0.8846 0.0007 0.0437 0.0012 0.0484 
        014s 12 0.0331 0.0065 0.4546 0.0616 0.0424 0.0498 0.0025 0.3495 
        015s 12 0.0043 0.0023 0.0035 0.9339 0.0009 0.0010 0.0084 0.0456 
        016s 12 0.0617 0.0009 0.0025 0.8999 0.0008 0.0070 0.0009 0.0264 
        017s 12 0.0051 0.0006 0.0681 0.9086 0.0014 0.0015 0.0062 0.0086 
        018s 12 0.0258 0.0030 0.0097 0.0503 0.0005 0.0022 0.0030 0.9055 
        019s 12 0.0059 0.0042 0.0537 0.9057 0.0006 0.0010 0.0068 0.0222 
        020s 12 0.0017 0.0004 0.0161 0.5555 0.0005 0.0006 0.0817 0.3434 
        021s 12 0.1509 0.0008 0.0120 0.6038 0.0006 0.0032 0.0051 0.2236 
        022s 12 0.0209 0.0057 0.0463 0.8604 0.0010 0.0042 0.0519 0.0095 
        023s 12 0.0084 0.0014 0.0131 0.8655 0.0005 0.0015 0.0008 0.1088 
        024s 12 0.0081 0.0006 0.4279 0.5136 0.0005 0.0008 0.0011 0.0473 
        025s 12 0.0013 0.0046 0.0067 0.7896 0.0029 0.0016 0.0042 0.1891 
        026s 12 0.0021 0.0180 0.1269 0.6813 0.0009 0.0011 0.0319 0.1379 
        027s 12 0.0021 0.0006 0.0055 0.9440 0.0010 0.0007 0.0065 0.0396 
        028s 12 0.0078 0.0214 0.9078 0.0500 0.0005 0.0070 0.0012 0.0044 
        029s 12 0.0052 0.0004 0.2842 0.6972 0.0007 0.0024 0.0006 0.0094 
        030s 12 0.0103 0.0007 0.0069 0.6767 0.0013 0.0007 0.0011 0.3022 
        031s 12 0.0098 0.0012 0.0040 0.9423 0.0013 0.0048 0.0067 0.0298 
        032s 12 0.0745 0.0093 0.6801 0.2186 0.0007 0.0009 0.0006 0.0154 
        033s 12 0.0028 0.0006 0.0152 0.6901 0.0093 0.0006 0.0015 0.2799 
        034s 12 0.0031 0.0009 0.7893 0.1945 0.0006 0.0006 0.0005 0.0106 
        035s 12 0.0866 0.0006 0.0198 0.8577 0.0015 0.0008 0.0219 0.0111 
        036s 12 0.2032 0.0038 0.0550 0.6999 0.0136 0.0016 0.0047 0.0182 
        037s 12 0.0011 0.0017 0.0049 0.4884 0.0005 0.0015 0.0010 0.5008 
        001s 13 0.0068 0.0016 0.0163 0.9140 0.0008 0.0040 0.0171 0.0394 
        002s 13 0.0076 0.0003 0.5495 0.0071 0.0007 0.0008 0.0738 0.3601 
        003s 13 0.0189 0.0013 0.0078 0.7806 0.0005 0.0017 0.0015 0.1877 
        004s 13 0.0290 0.0147 0.0065 0.9211 0.0010 0.0045 0.0010 0.0223 
        005s 13 0.0130 0.0038 0.0052 0.9586 0.0071 0.0037 0.0055 0.0030 
        006s 13 0.0119 0.0018 0.0146 0.8212 0.0027 0.0007 0.0011 0.1461 
        007s 13 0.0081 0.0007 0.0049 0.8781 0.0364 0.0014 0.0017 0.0687 
        008s 13 0.0018 0.0026 0.0087 0.1836 0.0013 0.0010 0.0502 0.7508 
        009s 13 0.0098 0.0122 0.0048 0.7998 0.0035 0.0018 0.1289 0.0393 
        010s 13 0.2871 0.0025 0.0024 0.2894 0.0010 0.0011 0.0632 0.3534 
        011s 13 0.0054 0.0073 0.2144 0.1360 0.0242 0.0029 0.0030 0.6067 
        012s 13 0.2696 0.0032 0.0024 0.0051 0.0016 0.0169 0.0315 0.6696 
        013s 13 0.0053 0.0012 0.4856 0.0841 0.0147 0.0063 0.0081 0.3947 
        014s 13 0.0068 0.0021 0.0022 0.3618 0.0347 0.0033 0.0009 0.5882 
        015s 13 0.0024 0.0130 0.0456 0.9157 0.0008 0.0100 0.0072 0.0053 
        016s 13 0.0108 0.0007 0.0043 0.9636 0.0008 0.0017 0.0006 0.0174 
        017s 13 0.0790 0.0043 0.0105 0.8673 0.0148 0.0008 0.0214 0.0020 
        018s 13 0.0183 0.0008 0.0121 0.9478 0.0006 0.0009 0.0010 0.0186 
        019s 13 0.1288 0.0006 0.0986 0.6787 0.0024 0.0013 0.0008 0.0889 
        020s 13 0.0026 0.0038 0.8871 0.0928 0.0058 0.0004 0.0012 0.0063 
        021s 13 0.0050 0.0008 0.0299 0.9430 0.0007 0.0020 0.0012 0.0173 
        022s 13 0.0013 0.0005 0.0054 0.7886 0.0008 0.0009 0.0021 0.2004 
        023s 13 0.0040 0.0008 0.0508 0.9011 0.0006 0.0006 0.0022 0.0399 
        024s 13 0.0016 0.0010 0.0032 0.0103 0.0025 0.0350 0.0071 0.9392 
        025s 13 0.0053 0.0017 0.0051 0.8991 0.0010 0.0024 0.0009 0.0845 
        026s 13 0.2269 0.0007 0.0128 0.0225 0.0076 0.0072 0.0802 0.6422 
        027s 13 0.0016 0.0045 0.0121 0.3148 0.0016 0.0016 0.0322 0.6315 
        028s 13 0.0129 0.0091 0.3443 0.0047 0.0067 0.0016 0.0018 0.6189 
        029s 13 0.0188 0.0008 0.6254 0.0409 0.0018 0.0016 0.0122 0.2985 
        030s 13 0.0641 0.0006 0.5852 0.0836 0.0008 0.0334 0.0608 0.1714 
        031s 13 0.0334 0.0016 0.0045 0.8222 0.0022 0.1024 0.0052 0.0284 
        032s 13 0.0055 0.0008 0.0088 0.9239 0.0041 0.0005 0.0006 0.0558 
        033s 13 0.0363 0.0013 0.0059 0.5579 0.0358 0.0011 0.0040 0.3577 
        034s 13 0.0073 0.0046 0.9100 0.0205 0.0078 0.0011 0.0396 0.0093 
        035s 13 0.0070 0.0032 0.2875 0.6572 0.0011 0.0061 0.0008 0.0371 
        036s 13 0.0083 0.0010 0.1571 0.8092 0.0007 0.0006 0.0039 0.0192 
        037s 13 0.0065 0.0011 0.0122 0.8340 0.0007 0.0029 0.0005 0.1421 
        038s 13 0.0542 0.0020 0.3953 0.5351 0.0026 0.0019 0.0014 0.0074 
        039s 13 0.0018 0.0010 0.0047 0.5129 0.0015 0.0689 0.0945 0.3146 
        040s 13 0.0244 0.0007 0.0077 0.4115 0.0011 0.0016 0.0015 0.5516 
        041s 13 0.0120 0.0007 0.0043 0.8579 0.0040 0.0023 0.0624 0.0565 
        042s 13 0.0086 0.0017 0.9401 0.0258 0.0014 0.0012 0.0007 0.0206 
        001s 14 0.1169 0.0031 0.5626 0.0549 0.0011 0.0014 0.0201 0.2398 
        002s 14 0.0125 0.0055 0.0056 0.8965 0.0036 0.0027 0.0667 0.0068 
        003s 14 0.0064 0.0006 0.9636 0.0086 0.0008 0.0013 0.0006 0.0181 
        004s 14 0.0015 0.0012 0.0051 0.9373 0.0093 0.0046 0.0113 0.0297 
        005s 14 0.0099 0.0009 0.2995 0.5980 0.0003 0.0015 0.0004 0.0895 
        006s 14 0.0028 0.0005 0.0306 0.9256 0.0010 0.0006 0.0006 0.0383 
        007s 14 0.0054 0.0006 0.0109 0.9775 0.0009 0.0011 0.0014 0.0022 
        008s 14 0.0093 0.0225 0.8316 0.0274 0.0029 0.0027 0.0881 0.0156 
        009s 14 0.0043 0.0082 0.0285 0.8684 0.0014 0.0019 0.0044 0.0830 
        010s 14 0.0039 0.0213 0.3647 0.0084 0.0006 0.0017 0.0307 0.5686 
        011s 14 0.0060 0.0012 0.3754 0.5535 0.0397 0.0011 0.0074 0.0156 
        012s 14 0.0046 0.0026 0.7292 0.0565 0.0026 0.0013 0.0008 0.2024 
        013s 14 0.3529 0.0008 0.0496 0.5463 0.0041 0.0087 0.0017 0.0359 
        014s 14 0.0258 0.0099 0.0072 0.2206 0.0009 0.0010 0.0187 0.7158 
        015s 14 0.0109 0.0102 0.0222 0.9375 0.0010 0.0037 0.0012 0.0134 
        016s 14 0.0171 0.0008 0.0034 0.9129 0.0004 0.0142 0.0023 0.0489 
        017s 14 0.0269 0.0009 0.0200 0.4781 0.0174 0.0007 0.0523 0.4037 
        018s 14 0.0028 0.0017 0.0066 0.6463 0.0003 0.0013 0.0013 0.3396 
        019s 14 0.0065 0.0007 0.0049 0.9504 0.0032 0.0007 0.0023 0.0312 
        020s 14 0.0018 0.0113 0.6233 0.3551 0.0006 0.0019 0.0013 0.0047 
        021s 14 0.0082 0.0125 0.0082 0.9354 0.0004 0.0006 0.0109 0.0238 
        022s 14 0.0079 0.0025 0.0261 0.0283 0.0032 0.0015 0.0031 0.9274 
        023s 14 0.0341 0.0029 0.0396 0.7841 0.0015 0.0058 0.0071 0.1249 
        024s 14 0.0037 0.0035 0.3252 0.2772 0.0042 0.0020 0.0406 0.3436 
        025s 14 0.0034 0.0006 0.0647 0.8642 0.0003 0.0005 0.0633 0.0030 
        026s 14 0.1717 0.0023 0.0031 0.8169 0.0004 0.0012 0.0011 0.0031 
        027s 14 0.0025 0.0009 0.0105 0.0302 0.0007 0.0017 0.0013 0.9522 
        028s 14 0.0225 0.0031 0.0599 0.1923 0.0019 0.0007 0.0006 0.7190 
        029s 14 0.0239 0.0009 0.0170 0.9251 0.0004 0.0018 0.0005 0.0304 
        030s 14 0.3232 0.0006 0.1280 0.3712 0.0162 0.0008 0.0012 0.1587 
        031s 14 0.0092 0.0012 0.2710 0.6809 0.0218 0.0023 0.0008 0.0128 
        032s 14 0.0014 0.0005 0.3048 0.2879 0.0009 0.0029 0.0014 0.4002 
        033s 14 0.0316 0.0011 0.3184 0.5874 0.0534 0.0009 0.0009 0.0064 
        034s 14 0.0139 0.0007 0.0027 0.9574 0.0004 0.0008 0.0004 0.0236 
        035s 14 0.0784 0.0004 0.0311 0.0166 0.0795 0.0013 0.0683 0.7242 
        036s 14 0.0024 0.0026 0.5362 0.0040 0.0353 0.0055 0.0566 0.3575 
        037s 14 0.0048 0.0012 0.0334 0.9194 0.0004 0.0043 0.0019 0.0346 
        038s 14 0.0108 0.0009 0.0098 0.5478 0.0008 0.0010 0.0008 0.4282 
        039s 14 0.0061 0.0046 0.0158 0.9498 0.0024 0.0053 0.0041 0.0120 
        040s 14 0.0040 0.0005 0.0130 0.6956 0.0010 0.0017 0.0162 0.2680 
        041s 14 0.2101 0.0007 0.3236 0.1781 0.0018 0.0010 0.0010 0.2836 
        042s 14 0.0208 0.0011 0.0127 0.3355 0.0007 0.0021 0.0663 0.5609 
        001s 15 0.0041 0.0017 0.4883 0.3423 0.0005 0.0013 0.0019 0.1598 
        002s 15 0.0013 0.0048 0.0142 0.0017 0.0021 0.0057 0.0626 0.9076 
        003s 15 0.0045 0.0013 0.0171 0.8143 0.0008 0.0096 0.0147 0.1376 
        004s 15 0.0180 0.0043 0.0020 0.0130 0.0004 0.0003 0.0006 0.9615 
        005s 15 0.0133 0.0017 0.0036 0.8755 0.0035 0.0071 0.0190 0.0764 
        006s 15 0.0042 0.0008 0.0091 0.5214 0.0016 0.0014 0.0170 0.4444 
        007s 15 0.0429 0.0019 0.0386 0.8881 0.0007 0.0008 0.0005 0.0267 
        008s 15 0.0131 0.0008 0.0189 0.4412 0.0008 0.0006 0.0005 0.5240 
        009s 15 0.2873 0.0010 0.0031 0.3306 0.0049 0.0425 0.0195 0.3112 
        010s 15 0.0737 0.0007 0.7174 0.1873 0.0007 0.0019 0.0007 0.0177 
        011s 15 0.2205 0.0005 0.0030 0.0037 0.0551 0.0011 0.0008 0.7152 
        012s 15 0.0056 0.0016 0.0037 0.7200 0.0028 0.0033 0.0046 0.2584 
        013s 15 0.0056 0.0073 0.7539 0.0199 0.0005 0.0014 0.0007 0.2107 
        014s 15 0.0087 0.0044 0.0076 0.7707 0.0019 0.0059 0.0040 0.1969 
        015s 15 0.0154 0.0018 0.0048 0.1176 0.0055 0.0043 0.0588 0.7917 
        016s 15 0.0178 0.0412 0.6906 0.1449 0.0670 0.0007 0.0029 0.0350 
        017s 15 0.0062 0.0182 0.0096 0.8915 0.0010 0.0036 0.0026 0.0673 
        018s 15 0.0608 0.0030 0.5098 0.3525 0.0003 0.0007 0.0033 0.0695 
        019s 15 0.4382 0.0012 0.4484 0.0046 0.0005 0.0074 0.0076 0.0921 
        020s 15 0.0169 0.0004 0.4145 0.5368 0.0008 0.0010 0.0010 0.0285 
        021s 15 0.1029 0.0036 0.0184 0.1241 0.0008 0.0052 0.0748 0.6703 
        022s 15 0.2680 0.0009 0.0525 0.5753 0.0039 0.0007 0.0012 0.0974 
        023s 15 0.1686 0.0009 0.0185 0.2530 0.0025 0.0012 0.0292 0.5261 
        024s 15 0.0174 0.0005 0.0035 0.9662 0.0021 0.0013 0.0021 0.0069 
        025s 15 0.0062 0.0018 0.0289 0.1722 0.0014 0.0101 0.0031 0.7763 
        026s 15 0.0053 0.0037 0.0538 0.0649 0.0010 0.0090 0.0007 0.8616 
        027s 15 0.0048 0.0148 0.0144 0.8962 0.0112 0.0009 0.0056 0.0521 
        028s 15 0.0046 0.0038 0.0102 0.9710 0.0024 0.0021 0.0006 0.0053 
        029s 15 0.0042 0.0025 0.0060 0.9736 0.0011 0.0022 0.0013 0.0092 
        030s 15 0.0116 0.0020 0.0167 0.8160 0.0005 0.0012 0.0005 0.1516 
        031s 15 0.0023 0.0027 0.0743 0.4691 0.0017 0.0083 0.0612 0.3806 
        032s 15 0.0914 0.0010 0.0019 0.8903 0.0003 0.0016 0.0010 0.0124 
        033s 15 0.0022 0.0015 0.6674 0.0101 0.0022 0.0005 0.0269 0.2892 
        035s 15 0.0351 0.0017 0.0030 0.5222 0.0039 0.0009 0.0025 0.4307 
        036s 15 0.0754 0.0005 0.4258 0.4443 0.0013 0.0052 0.0009 0.0465 
        037s 15 0.0160 0.0007 0.0277 0.7777 0.0095 0.0013 0.0011 0.1659 
        038s 15 0.0368 0.0010 0.0030 0.0865 0.0012 0.0005 0.0017 0.8693 
        039s 15 0.1448 0.0009 0.2580 0.0092 0.0004 0.0003 0.0604 0.5260 
        040s 15 0.0140 0.0045 0.0308 0.4064 0.0022 0.0008 0.0033 0.5380 
        041s 15 0.0025 0.0006 0.0286 0.0854 0.0065 0.0021 0.0462 0.8282 
        042s 15 0.0046 0.0036 0.0092 0.9040 0.0006 0.0010 0.0069 0.0702 
        043s 15 0.0020 0.0005 0.4105 0.5680 0.0015 0.0014 0.0071 0.0089 
        044s 15 0.0131 0.0012 0.0058 0.9575 0.0006 0.0010 0.0094 0.0112 
        045s 15 0.2223 0.0017 0.0072 0.0629 0.0293 0.0657 0.0019 0.6090 
        046s 15 0.0042 0.0006 0.0192 0.7647 0.0062 0.0017 0.0221 0.1812 
        047s 15 0.1167 0.0006 0.0083 0.7814 0.0025 0.0007 0.0369 0.0530 
        048s 15 0.0058 0.0009 0.3282 0.5449 0.0010 0.0232 0.0008 0.0952 
        049s 15 0.0194 0.0005 0.0497 0.8979 0.0022 0.0006 0.0218 0.0079 
        050s 15 0.0022 0.0126 0.0367 0.1466 0.0007 0.0018 0.1239 0.6755 
         001 16 0.0026 0.0037 0.3206 0.0012 0.0129 0.0006 0.1523 0.5060 
         002 16 0.0253 0.0004 0.0127 0.5915 0.0011 0.0004 0.0456 0.3230 
         003 16 0.0086 0.0031 0.0068 0.2682 0.0056 0.0023 0.0034 0.7021 
         004 16 0.0754 0.0012 0.0039 0.7322 0.0016 0.0016 0.0011 0.1830 
         005 16 0.0041 0.0046 0.0104 0.8473 0.0067 0.0294 0.0571 0.0404 
         006 16 0.0543 0.0013 0.0034 0.1380 0.0011 0.0153 0.0136 0.7730 
         007 16 0.0175 0.0016 0.0184 0.7936 0.0010 0.0019 0.0076 0.1585 
         008 16 0.0039 0.0009 0.0113 0.0018 0.0047 0.0007 0.1185 0.8581 
         009 16 0.0032 0.0021 0.4814 0.4897 0.0004 0.0011 0.0025 0.0195 
         010 16 0.0140 0.0005 0.0869 0.0146 0.0006 0.0016 0.0078 0.8741 
         011 16 0.1974 0.0010 0.7253 0.0482 0.0020 0.0032 0.0094 0.0135 
         012 16 0.0448 0.0020 0.0890 0.6685 0.0034 0.0025 0.0011 0.1888 
         013 16 0.0120 0.0007 0.0058 0.4233 0.0010 0.0011 0.0007 0.5554 
         014 16 0.0065 0.0017 0.0047 0.9323 0.0016 0.0004 0.0458 0.0069 
         015 16 0.0119 0.0039 0.0268 0.5667 0.0056 0.3656 0.0006 0.0188 
         016 16 0.0345 0.0067 0.0031 0.9249 0.0005 0.0181 0.0027 0.0095 
         017 16 0.0065 0.0012 0.5406 0.3251 0.0077 0.0018 0.0063 0.1108 
         018 16 0.0030 0.0042 0.0019 0.0704 0.0037 0.0165 0.0128 0.8874 
         019 16 0.0065 0.0014 0.8353 0.0728 0.0104 0.0007 0.0533 0.0197 
         020 16 0.0083 0.0014 0.0104 0.9577 0.0014 0.0013 0.0003 0.0191 
         021 16 0.0052 0.0049 0.0086 0.8273 0.0371 0.0008 0.0958 0.0203 
         022 16 0.0085 0.0011 0.0021 0.9391 0.0003 0.0030 0.0368 0.0091 
