        001s  1 0.0094 0.6978 0.0010 0.2899 0.0010 0.0004 0.0006 
        002s  1 0.0243 0.1968 0.0009 0.7738 0.0006 0.0026 0.0010 
        003s  1 0.0309 0.0064 0.0028 0.9334 0.0228 0.0011 0.0027 
        004s  1 0.0263 0.4377 0.0038 0.4935 0.0006 0.0345 0.0037 
        005s  1 0.0049 0.0145 0.2215 0.5473 0.0002 0.2102 0.0015 
        006s  1 0.0159 0.9779 0.0003 0.0035 0.0004 0.0016 0.0004 
        007s  1 0.0234 0.9506 0.0030 0.0172 0.0009 0.0004 0.0045 
        008s  1 0.0917 0.3316 0.0024 0.5706 0.0011 0.0013 0.0012 
        009s  1 0.0479 0.5873 0.0578 0.2875 0.0020 0.0059 0.0116 
        010s  1 0.0127 0.9634 0.0091 0.0124 0.0008 0.0012 0.0003 
        011s  1 0.0047 0.9758 0.0015 0.0073 0.0052 0.0027 0.0028 
        012s  1 0.1317 0.6466 0.1204 0.0874 0.0092 0.0043 0.0005 
        013s  1 0.0079 0.9163 0.0017 0.0365 0.0011 0.0269 0.0097 
        014s  1 0.0044 0.9298 0.0287 0.0124 0.0163 0.0016 0.0068 
        015s  1 0.0070 0.9833 0.0004 0.0076 0.0008 0.0003 0.0005 
        016s  1 0.2251 0.6511 0.0022 0.1129 0.0013 0.0005 0.0070 
        018s  1 0.7433 0.0532 0.1454 0.0530 0.0008 0.0032 0.0011 
        019s  1 0.0187 0.8391 0.0161 0.1196 0.0049 0.0007 0.0009 
        020s  1 0.0227 0.9492 0.0006 0.0101 0.0081 0.0004 0.0089 
        021s  1 0.0084 0.9455 0.0003 0.0279 0.0009 0.0094 0.0076 
        022s  1 0.0144 0.0096 0.0003 0.9735 0.0007 0.0002 0.0012 
        023s  1 0.1736 0.6461 0.0006 0.1651 0.0012 0.0003 0.0130 
        024s  1 0.0251 0.9640 0.0011 0.0075 0.0005 0.0009 0.0009 
        025s  1 0.1056 0.8777 0.0069 0.0065 0.0005 0.0017 0.0011 
        026s  1 0.1941 0.7796 0.0008 0.0089 0.0046 0.0010 0.0110 
        027s  1 0.1418 0.8261 0.0017 0.0160 0.0005 0.0112 0.0027 
        028s  1 0.2067 0.6764 0.0532 0.0061 0.0027 0.0544 0.0006 
        029s  1 0.0111 0.9707 0.0008 0.0104 0.0058 0.0006 0.0006 
        030s  1 0.1114 0.8704 0.0013 0.0022 0.0095 0.0043 0.0009 
        031s  1 0.0074 0.9314 0.0003 0.0591 0.0003 0.0002 0.0012 
        032s  1 0.0061 0.9854 0.0008 0.0046 0.0016 0.0009 0.0007 
        033s  1 0.0119 0.9704 0.0061 0.0090 0.0011 0.0009 0.0007 
        034s  1 0.0415 0.3937 0.0009 0.5031 0.0028 0.0011 0.0568 
        035s  1 0.0074 0.9834 0.0015 0.0028 0.0025 0.0014 0.0010 
        036s  1 0.0029 0.4355 0.0867 0.4723 0.0004 0.0010 0.0011 
        037s  1 0.1625 0.6265 0.1090 0.0487 0.0017 0.0084 0.0431 
        038s  1 0.0085 0.9693 0.0016 0.0178 0.0008 0.0007 0.0013 
        039s  1 0.0232 0.9367 0.0004 0.0183 0.0008 0.0203 0.0004 
        040s  1 0.0122 0.8969 0.0009 0.0829 0.0006 0.0035 0.0029 
        041s  1 0.0868 0.8997 0.0040 0.0055 0.0008 0.0005 0.0026 
        042s  1 0.1507 0.5740 0.0762 0.1162 0.0013 0.0007 0.0810 
        043s  1 0.0158 0.0477 0.0147 0.9172 0.0021 0.0017 0.0007 
        044s  1 0.0023 0.8078 0.0940 0.0695 0.0034 0.0159 0.0070 
        045s  1 0.0146 0.9740 0.0057 0.0022 0.0011 0.0014 0.0009 
        046s  1 0.0040 0.9663 0.0011 0.0254 0.0020 0.0005 0.0006 
        047s  1 0.0233 0.9635 0.0011 0.0056 0.0012 0.0004 0.0049 
        048s  1 0.0076 0.4718 0.0498 0.4692 0.0006 0.0002 0.0008 
        049s  1 0.0052 0.0244 0.0006 0.9671 0.0006 0.0015 0.0006 
        050s  1 0.0385 0.8195 0.1002 0.0380 0.0006 0.0029 0.0004 
        051s  1 0.0207 0.9389 0.0004 0.0108 0.0279 0.0003 0.0009 
        052s  1 0.5763 0.3494 0.0073 0.0339 0.0211 0.0106 0.0014 
        053s  1 0.0154 0.9771 0.0021 0.0041 0.0003 0.0006 0.0006 
        054s  1 0.0097 0.9798 0.0003 0.0022 0.0031 0.0037 0.0011 
        055s  1 0.0037 0.8327 0.0883 0.0020 0.0013 0.0014 0.0706 
          01  2 0.0015 0.8232 0.1212 0.0195 0.0309 0.0017 0.0021 
          02  2 0.0148 0.9593 0.0161 0.0049 0.0019 0.0025 0.0006 
          03  2 0.0374 0.9512 0.0017 0.0073 0.0005 0.0009 0.0011 
          04  2 0.1522 0.7872 0.0034 0.0254 0.0012 0.0184 0.0123 
          05  2 0.0161 0.0421 0.1224 0.8181 0.0003 0.0006 0.0004 
          06  2 0.0074 0.9421 0.0353 0.0114 0.0007 0.0022 0.0009 
          07  2 0.0032 0.8839 0.0059 0.1025 0.0009 0.0029 0.0008 
          08  2 0.0453 0.1372 0.0820 0.7331 0.0010 0.0004 0.0010 
          09  2 0.0164 0.9209 0.0006 0.0528 0.0085 0.0004 0.0004 
          10  2 0.0591 0.9241 0.0019 0.0126 0.0008 0.0011 0.0006 
          11  2 0.0074 0.9472 0.0087 0.0236 0.0084 0.0014 0.0033 
          12  2 0.3027 0.6771 0.0006 0.0150 0.0028 0.0010 0.0008 
          13  2 0.0205 0.7980 0.0005 0.1788 0.0008 0.0006 0.0008 
          14  2 0.0020 0.5816 0.0004 0.3712 0.0034 0.0093 0.0322 
          15  2 0.0251 0.6474 0.0003 0.3228 0.0018 0.0008 0.0017 
          16  2 0.1627 0.7688 0.0006 0.0024 0.0035 0.0571 0.0049 
          17  2 0.3951 0.5369 0.0026 0.0614 0.0014 0.0011 0.0014 
          18  2 0.0207 0.9560 0.0150 0.0026 0.0022 0.0027 0.0009 
          19  2 0.0173 0.9683 0.0017 0.0067 0.0019 0.0004 0.0038 
          20  2 0.2988 0.6148 0.0534 0.0177 0.0022 0.0084 0.0047 
          21  2 0.0094 0.9559 0.0017 0.0168 0.0150 0.0006 0.0006 
          22  2 0.0254 0.9538 0.0020 0.0028 0.0056 0.0035 0.0070 
          23  2 0.0577 0.9323 0.0012 0.0039 0.0009 0.0018 0.0022 
          24  2 0.0174 0.9749 0.0005 0.0044 0.0011 0.0007 0.0009 
          25  2 0.0045 0.8115 0.0060 0.1442 0.0025 0.0294 0.0019 
          26  2 0.0009 0.0009 0.0005 0.9962 0.0007 0.0004 0.0003 
          27  2 0.0084 0.9153 0.0008 0.0470 0.0009 0.0242 0.0033 
          28  2 0.0233 0.8892 0.0011 0.0800 0.0010 0.0002 0.0052 
          29  2 0.0240 0.9669 0.0012 0.0055 0.0010 0.0010 0.0003 
          30  2 0.5447 0.1467 0.1580 0.0557 0.0110 0.0006 0.0834 
          01  3 0.1110 0.2244 0.4302 0.0032 0.0005 0.2187 0.0121 
          02  3 0.0269 0.1019 0.3306 0.0012 0.0740 0.4620 0.0034 
          03  3 0.0011 0.3693 0.3147 0.0013 0.0005 0.3119 0.0012 
          04  3 0.0010 0.1812 0.4625 0.0020 0.0007 0.3511 0.0016 
          05  3 0.0007 0.0006 0.3614 0.0005 0.1144 0.4016 0.1208 
          06  3 0.0155 0.0570 0.4218 0.0071 0.0004 0.4970 0.0011 
          07  3 0.0029 0.3685 0.3759 0.0020 0.0008 0.2495 0.0004 
          08  3 0.0109 0.2717 0.3730 0.0128 0.0047 0.3225 0.0043 
          09  3 0.0194 0.2804 0.4260 0.0019 0.0002 0.2667 0.0054 
          10  3 0.0188 0.0140 0.1976 0.0100 0.2166 0.4153 0.1277 
          11  3 0.0042 0.2761 0.4118 0.0029 0.0004 0.3043 0.0004 
          12  3 0.0022 0.2608 0.4188 0.0036 0.0005 0.3138 0.0004 
          13  3 0.0019 0.0017 0.4557 0.0014 0.0177 0.5213 0.0002 
          14  3 0.0026 0.0089 0.3329 0.0035 0.0405 0.4576 0.1541 
          15  3 0.0012 0.3412 0.3788 0.0031 0.0003 0.2743 0.0012 
          16  3 0.0425 0.0386 0.3090 0.0023 0.0048 0.6005 0.0023 
          17  3 0.0099 0.3905 0.4176 0.0034 0.0007 0.1770 0.0008 
          18  3 0.0059 0.0045 0.2045 0.0076 0.1649 0.3352 0.2774 
          19  3 0.0668 0.0950 0.3691 0.0030 0.0006 0.4629 0.0026 
          20  3 0.1539 0.0205 0.4559 0.0078 0.0002 0.3096 0.0521 
          21  3 0.0665 0.1777 0.3710 0.0012 0.0008 0.3756 0.0072 
          22  3 0.1131 0.1553 0.4875 0.0098 0.0004 0.2307 0.0032 
          23  3 0.0039 0.2249 0.4103 0.0027 0.0003 0.3571 0.0009 
          24  3 0.0228 0.0050 0.4904 0.0245 0.1687 0.2856 0.0031 
          25  3 0.0003 0.0004 0.3131 0.0004 0.2498 0.3056 0.1305 
          26  3 0.0040 0.2148 0.4353 0.0036 0.0008 0.3410 0.0005 
          27  3 0.0238 0.0442 0.2566 0.0020 0.1309 0.3687 0.1739 
          28  3 0.0222 0.0346 0.4487 0.0289 0.0015 0.4638 0.0002 
          29  3 0.0349 0.1054 0.3933 0.0307 0.0045 0.4206 0.0105 
          30  3 0.0052 0.0374 0.4443 0.2626 0.0011 0.2491 0.0003 
         001  4 0.0001 0.0001 0.9994 0.0001 0.0001 0.0001 0.0001 
         002  4 0.0002 0.0003 0.9985 0.0003 0.0002 0.0003 0.0002 
         003  4 0.0001 0.0001 0.9993 0.0002 0.0001 0.0001 0.0001 
         004  4 0.0001 0.0001 0.9993 0.0001 0.0001 0.0002 0.0001 
         005  4 0.0001 0.0001 0.9990 0.0002 0.0002 0.0002 0.0001 
         006  4 0.0004 0.0003 0.9238 0.0005 0.0003 0.0745 0.0002 
         007  4 0.0018 0.0027 0.9317 0.0121 0.0002 0.0507 0.0008 
         008  4 0.0008 0.0006 0.9880 0.0012 0.0036 0.0004 0.0055 
         009  4 0.0001 0.0001 0.9992 0.0001 0.0002 0.0002 0.0001 
         010  4 0.0001 0.0001 0.9956 0.0001 0.0001 0.0039 0.0001 
         011  4 0.0006 0.0013 0.9419 0.0013 0.0004 0.0208 0.0336 
         012  4 0.0001 0.0001 0.9994 0.0001 0.0001 0.0001 0.0001 
         013  4 0.0001 0.0001 0.9995 0.0001 0.0001 0.0001 0.0001 
         014  4 0.0002 0.0002 0.9989 0.0003 0.0001 0.0001 0.0002 
         015  4 0.0001 0.0001 0.9996 0.0001 0.0001 0.0001 0.0001 
         016  4 0.0001 0.0001 0.9993 0.0001 0.0001 0.0002 0.0001 
         017  4 0.0002 0.0001 0.9992 0.0002 0.0001 0.0002 0.0001 
         019  4 0.0002 0.0004 0.9115 0.0004 0.0004 0.0861 0.0010 
         020  4 0.0002 0.0002 0.9988 0.0003 0.0002 0.0002 0.0002 
         021  4 0.0006 0.0005 0.9835 0.0003 0.0005 0.0143 0.0004 
         001  5 0.0006 0.0007 0.9608 0.0008 0.0022 0.0003 0.0346 
         002  5 0.0036 0.0050 0.9498 0.0376 0.0014 0.0004 0.0023 
         003  5 0.1134 0.0532 0.7511 0.0034 0.0002 0.0736 0.0052 
         004  5 0.0102 0.0362 0.9337 0.0165 0.0002 0.0006 0.0027 
         005  5 0.0005 0.0004 0.9966 0.0004 0.0002 0.0012 0.0007 
         006  5 0.0005 0.0005 0.8954 0.0004 0.0003 0.1028 0.0002 
         007  5 0.0003 0.0003 0.9087 0.0003 0.0003 0.0900 0.0002 
         008  5 0.0002 0.0002 0.9938 0.0002 0.0002 0.0052 0.0002 
         009  5 0.0209 0.0363 0.9261 0.0108 0.0003 0.0040 0.0016 
         010  5 0.0018 0.0029 0.9235 0.0016 0.0004 0.0679 0.0019 
         011  5 0.0018 0.0014 0.9876 0.0010 0.0002 0.0006 0.0074 
         012  5 0.0031 0.0488 0.8635 0.0032 0.0009 0.0775 0.0030 
         013  5 0.1499 0.0503 0.7483 0.0025 0.0007 0.0477 0.0006 
         014  5 0.0969 0.0242 0.7009 0.0344 0.0178 0.0959 0.0298 
         015  5 0.0002 0.0002 0.9695 0.0003 0.0002 0.0294 0.0002 
         016  5 0.0025 0.0019 0.9330 0.0015 0.0010 0.0595 0.0006 
         017  5 0.0040 0.0233 0.8772 0.0128 0.0030 0.0795 0.0003 
         018  5 0.0456 0.0103 0.8675 0.0019 0.0226 0.0312 0.0209 
         019  5 0.0004 0.0004 0.9882 0.0005 0.0081 0.0002 0.0020 
         020  5 0.0002 0.0002 0.9991 0.0002 0.0001 0.0001 0.0002 
         021  5 0.0014 0.1257 0.8548 0.0110 0.0003 0.0003 0.0064 
         022  5 0.0079 0.0156 0.9204 0.0031 0.0021 0.0051 0.0457 
         023  5 0.0010 0.0014 0.9636 0.0019 0.0005 0.0293 0.0022 
         024  5 0.0095 0.0345 0.8830 0.0075 0.0004 0.0645 0.0006 
         025  5 0.0090 0.0180 0.8839 0.0175 0.0007 0.0703 0.0006 
         026  5 0.0728 0.0728 0.8357 0.0009 0.0005 0.0169 0.0004 
         027  5 0.0001 0.0002 0.9989 0.0002 0.0002 0.0003 0.0001 
         028  5 0.0069 0.0116 0.9204 0.0031 0.0008 0.0485 0.0086 
         029  5 0.0005 0.0005 0.9950 0.0004 0.0003 0.0029 0.0003 
         030  5 0.0008 0.0010 0.9872 0.0006 0.0071 0.0013 0.0021 
        001s  6 0.0156 0.7105 0.0012 0.2311 0.0009 0.0278 0.0130 
        002s  6 0.0475 0.8792 0.0430 0.0073 0.0218 0.0006 0.0006 
        003s  6 0.1057 0.6320 0.0177 0.2411 0.0006 0.0004 0.0024 
        004s  6 0.0051 0.9728 0.0005 0.0196 0.0006 0.0006 0.0007 
        006s  6 0.0201 0.8846 0.0602 0.0054 0.0017 0.0172 0.0108 
        007s  6 0.0556 0.9366 0.0006 0.0041 0.0009 0.0017 0.0005 
        008s  6 0.0555 0.9138 0.0021 0.0190 0.0030 0.0006 0.0059 
        009s  6 0.3549 0.6307 0.0003 0.0113 0.0012 0.0004 0.0013 
        010s  6 0.0057 0.9511 0.0103 0.0027 0.0114 0.0056 0.0132 
        011s  6 0.0221 0.9707 0.0007 0.0031 0.0003 0.0019 0.0012 
        012s  6 0.0092 0.9730 0.0006 0.0095 0.0019 0.0044 0.0014 
        013s  6 0.0257 0.9638 0.0013 0.0075 0.0007 0.0006 0.0004 
        014s  6 0.0126 0.5327 0.0813 0.3722 0.0004 0.0004 0.0004 
        015s  6 0.1516 0.8213 0.0106 0.0031 0.0009 0.0058 0.0067 
        016s  6 0.0035 0.8967 0.0004 0.0969 0.0006 0.0008 0.0011 
        018s  6 0.0029 0.7218 0.2646 0.0055 0.0011 0.0022 0.0019 
        019s  6 0.0124 0.9043 0.0120 0.0654 0.0010 0.0018 0.0032 
        020s  6 0.0066 0.9569 0.0004 0.0341 0.0008 0.0007 0.0005 
        021s  6 0.0036 0.9750 0.0012 0.0024 0.0012 0.0129 0.0037 
        022s  6 0.0451 0.8977 0.0013 0.0504 0.0006 0.0003 0.0046 
        023s  6 0.1417 0.2817 0.0262 0.5488 0.0003 0.0004 0.0008 
        024s  6 0.0063 0.9523 0.0281 0.0082 0.0019 0.0024 0.0008 
        025s  6 0.0030 0.9019 0.0023 0.0232 0.0005 0.0010 0.0682 
        026s  6 0.0094 0.9673 0.0005 0.0193 0.0024 0.0007 0.0004 
        027s  6 0.0780 0.9037 0.0011 0.0151 0.0012 0.0003 0.0004 
        028s  6 0.0341 0.8876 0.0143 0.0009 0.0469 0.0075 0.0086 
        029s  6 0.0369 0.9557 0.0006 0.0035 0.0018 0.0003 0.0012 
        030s  6 0.0479 0.8666 0.0707 0.0021 0.0030 0.0006 0.0090 
        031s  6 0.0460 0.2755 0.0011 0.6715 0.0004 0.0046 0.0007 
        032s  6 0.0024 0.9746 0.0072 0.0129 0.0005 0.0014 0.0009 
        033s  6 0.0479 0.8547 0.0918 0.0042 0.0004 0.0004 0.0005 
        034s  6 0.2309 0.7375 0.0016 0.0120 0.0005 0.0029 0.0146 
        035s  6 0.0008 0.0010 0.1274 0.8688 0.0006 0.0005 0.0008 
        036s  6 0.0134 0.9733 0.0007 0.0053 0.0004 0.0058 0.0012 
        037s  6 0.0101 0.9747 0.0009 0.0091 0.0024 0.0010 0.0018 
        038s  6 0.0337 0.8339 0.0003 0.1273 0.0010 0.0029 0.0010 
        039s  6 0.1763 0.8159 0.0003 0.0057 0.0006 0.0004 0.0008 
        040s  6 0.0873 0.6894 0.0003 0.2173 0.0004 0.0049 0.0004 
        041s  6 0.1611 0.2223 0.0369 0.5715 0.0044 0.0002 0.0035 
        042s  6 0.0752 0.8320 0.0116 0.0199 0.0050 0.0008 0.0555 
        043s  6 0.0436 0.9434 0.0009 0.0061 0.0003 0.0008 0.0050 
        044s  6 0.0095 0.8789 0.0010 0.1067 0.0024 0.0004 0.0011 
        045s  6 0.0227 0.9437 0.0043 0.0250 0.0009 0.0004 0.0029 
        001s  7 0.1383 0.0322 0.0008 0.8262 0.0003 0.0006 0.0016 
        002s  7 0.0258 0.4749 0.0167 0.4766 0.0018 0.0014 0.0029 
        003s  7 0.0035 0.0166 0.0015 0.9723 0.0022 0.0025 0.0014 
        004s  7 0.0125 0.9516 0.0011 0.0283 0.0011 0.0046 0.0006 
        005s  7 0.0254 0.9382 0.0130 0.0184 0.0007 0.0024 0.0019 
        006s  7 0.1305 0.8045 0.0560 0.0015 0.0005 0.0012 0.0059 
        007s  7 0.0081 0.9547 0.0067 0.0060 0.0157 0.0072 0.0017 
        008s  7 0.0067 0.0025 0.0153 0.9703 0.0034 0.0004 0.0014 
        009s  7 0.0069 0.9472 0.0026 0.0285 0.0007 0.0021 0.0119 
        010s  7 0.0031 0.0061 0.0010 0.9871 0.0009 0.0002 0.0016 
        011s  7 0.0267 0.9444 0.0004 0.0262 0.0007 0.0007 0.0008 
        012s  7 0.0104 0.9840 0.0005 0.0037 0.0003 0.0005 0.0006 
        013s  7 0.0095 0.9644 0.0004 0.0119 0.0007 0.0077 0.0053 
        014s  7 0.0016 0.4735 0.0341 0.4892 0.0005 0.0007 0.0003 
        015s  7 0.0559 0.9191 0.0168 0.0046 0.0013 0.0014 0.0009 
        016s  7 0.0007 0.0015 0.0906 0.9051 0.0003 0.0002 0.0017 
        017s  7 0.0114 0.9606 0.0015 0.0249 0.0003 0.0007 0.0006 
        018s  7 0.1758 0.8126 0.0026 0.0032 0.0040 0.0009 0.0009 
        019s  7 0.3502 0.6227 0.0014 0.0081 0.0040 0.0014 0.0122 
        020s  7 0.0045 0.9719 0.0005 0.0208 0.0003 0.0016 0.0004 
        021s  7 0.0048 0.9830 0.0022 0.0070 0.0013 0.0005 0.0012 
        022s  7 0.0379 0.9522 0.0018 0.0036 0.0004 0.0029 0.0011 
        023s  7 0.1287 0.8250 0.0089 0.0204 0.0017 0.0017 0.0136 
        024s  7 0.0716 0.9181 0.0012 0.0058 0.0021 0.0006 0.0006 
        025s  7 0.0196 0.9661 0.0009 0.0052 0.0013 0.0059 0.0011 
        026s  7 0.0074 0.0133 0.0015 0.9743 0.0018 0.0004 0.0013 
        027s  7 0.0034 0.5107 0.0015 0.4792 0.0032 0.0013 0.0006 
        028s  7 0.0438 0.9414 0.0061 0.0070 0.0003 0.0008 0.0006 
        029s  7 0.2522 0.6925 0.0089 0.0425 0.0007 0.0009 0.0023 
        030s  7 0.1696 0.6735 0.0003 0.1476 0.0046 0.0007 0.0035 
        031s  7 0.2593 0.6766 0.0030 0.0451 0.0005 0.0018 0.0137 
        032s  7 0.0112 0.8839 0.0989 0.0012 0.0040 0.0004 0.0004 
        033s  7 0.0079 0.9446 0.0351 0.0058 0.0038 0.0013 0.0015 
        034s  7 0.1754 0.7755 0.0014 0.0044 0.0015 0.0412 0.0006 
        035s  7 0.0041 0.9877 0.0003 0.0058 0.0006 0.0005 0.0011 
        036s  7 0.0148 0.9235 0.0007 0.0484 0.0007 0.0030 0.0090 
        037s  7 0.4878 0.4233 0.0661 0.0122 0.0012 0.0051 0.0043 
        038s  7 0.1085 0.8689 0.0157 0.0046 0.0008 0.0005 0.0010 
        039s  7 0.3503 0.2581 0.0003 0.3902 0.0004 0.0003 0.0004 
        040s  7 0.0007 0.0027 0.0074 0.9604 0.0004 0.0277 0.0007 
        041s  7 0.0058 0.7738 0.0301 0.1862 0.0020 0.0006 0.0015 
        042s  7 0.0052 0.0174 0.0046 0.9713 0.0003 0.0007 0.0005 
        043s  7 0.0311 0.9394 0.0016 0.0233 0.0005 0.0002 0.0038 
        044s  7 0.0190 0.8859 0.0590 0.0036 0.0012 0.0118 0.0195 
         003  8 0.0040 0.9774 0.0047 0.0033 0.0084 0.0015 0.0008 
         009  8 0.0035 0.9864 0.0013 0.0068 0.0006 0.0005 0.0009 
         010  8 0.1141 0.8688 0.0005 0.0136 0.0004 0.0003 0.0022 
         017  8 0.0102 0.9789 0.0009 0.0032 0.0016 0.0008 0.0044 
         002  9 0.0150 0.9618 0.0004 0.0199 0.0006 0.0009 0.0013 
         003  9 0.0066 0.9852 0.0002 0.0068 0.0003 0.0004 0.0004 
         004  9 0.0035 0.9834 0.0005 0.0109 0.0003 0.0002 0.0011 
         005  9 0.0282 0.9566 0.0004 0.0069 0.0012 0.0010 0.0057 
         006  9 0.0036 0.9899 0.0011 0.0027 0.0005 0.0008 0.0015 
         007  9 0.0039 0.9820 0.0038 0.0076 0.0011 0.0003 0.0013 
         009  9 0.0039 0.9770 0.0016 0.0139 0.0014 0.0003 0.0017 
         010  9 0.0114 0.9806 0.0003 0.0033 0.0025 0.0005 0.0014 
         013  9 0.0065 0.9662 0.0010 0.0235 0.0005 0.0009 0.0015 
         014  9 0.1229 0.8518 0.0004 0.0157 0.0067 0.0002 0.0022 
         016  9 0.0068 0.9849 0.0002 0.0064 0.0009 0.0002 0.0006 
         018  9 0.1601 0.8276 0.0006 0.0025 0.0070 0.0008 0.0014 
         019  9 0.0064 0.9827 0.0008 0.0035 0.0053 0.0008 0.0006 
         020  9 0.0171 0.9791 0.0006 0.0020 0.0004 0.0005 0.0004 
         021  9 0.0453 0.9487 0.0005 0.0042 0.0002 0.0003 0.0008 
         022  9 0.2167 0.7700 0.0003 0.0111 0.0010 0.0004 0.0006 
         024  9 0.0125 0.9693 0.0005 0.0116 0.0023 0.0005 0.0033 
         028  9 0.0160 0.9745 0.0004 0.0064 0.0007 0.0008 0.0012 
         029  9 0.0263 0.9599 0.0004 0.0111 0.0011 0.0005 0.0007 
         030  9 0.0098 0.9838 0.0004 0.0033 0.0011 0.0004 0.0012 
         031  9 0.0054 0.9785 0.0017 0.0124 0.0012 0.0004 0.0005 
         033  9 0.0039 0.9756 0.0059 0.0123 0.0008 0.0003 0.0011 
         001 10 0.0133 0.9740 0.0005 0.0102 0.0012 0.0004 0.0004 
         002 10 0.0070 0.9836 0.0003 0.0070 0.0013 0.0002 0.0006 
         003 10 0.0317 0.9526 0.0003 0.0023 0.0008 0.0006 0.0115 
         004 10 0.0132 0.8379 0.0003 0.1445 0.0006 0.0004 0.0031 
         005 10 0.0102 0.9829 0.0005 0.0034 0.0015 0.0004 0.0010 
         006 10 0.0037 0.9895 0.0012 0.0039 0.0005 0.0007 0.0006 
         007 10 0.0029 0.9872 0.0009 0.0062 0.0005 0.0003 0.0021 
         008 10 0.0077 0.9839 0.0008 0.0021 0.0010 0.0007 0.0039 
         009 10 0.0093 0.9747 0.0004 0.0098 0.0042 0.0012 0.0004 
         010 10 0.0072 0.9681 0.0006 0.0190 0.0039 0.0004 0.0007 
         011 10 0.0109 0.9381 0.0003 0.0143 0.0005 0.0012 0.0348 
         012 10 0.0131 0.9764 0.0006 0.0047 0.0006 0.0012 0.0035 
         013 10 0.0050 0.9849 0.0003 0.0054 0.0007 0.0028 0.0009 
         014 10 0.0024 0.8283 0.0006 0.1659 0.0009 0.0009 0.0009 
         016 10 0.0430 0.9449 0.0007 0.0079 0.0014 0.0013 0.0008 
         017 10 0.0140 0.9776 0.0006 0.0047 0.0014 0.0009 0.0008 
         018 10 0.0082 0.9770 0.0091 0.0030 0.0016 0.0006 0.0006 
         019 10 0.0069 0.9836 0.0005 0.0040 0.0031 0.0004 0.0015 
         020 10 0.0037 0.9739 0.0014 0.0115 0.0062 0.0013 0.0020 
         021 10 0.0038 0.9614 0.0007 0.0312 0.0021 0.0003 0.0005 
         022 10 0.0078 0.9392 0.0003 0.0508 0.0003 0.0007 0.0009 
         023 10 0.0067 0.9883 0.0003 0.0021 0.0005 0.0008 0.0012 
         024 10 0.0029 0.9903 0.0004 0.0035 0.0012 0.0002 0.0015 
         026 10 0.0092 0.9870 0.0005 0.0016 0.0005 0.0004 0.0007 
        001s 11 0.3994 0.2495 0.0847 0.2530 0.0013 0.0008 0.0114 
        002s 11 0.0075 0.9541 0.0007 0.0230 0.0043 0.0089 0.0016 
        003s 11 0.3714 0.5952 0.0074 0.0234 0.0013 0.0006 0.0007 
        004s 11 0.1316 0.8525 0.0004 0.0120 0.0003 0.0019 0.0013 
        005s 11 0.0281 0.8968 0.0012 0.0656 0.0073 0.0005 0.0005 
        006s 11 0.0067 0.9643 0.0017 0.0131 0.0017 0.0095 0.0030 
        007s 11 0.0492 0.7967 0.0096 0.1030 0.0012 0.0389 0.0013 
        008s 11 0.6025 0.3902 0.0004 0.0055 0.0004 0.0004 0.0005 
        009s 11 0.0059 0.9757 0.0004 0.0050 0.0120 0.0005 0.0005 
        010s 11 0.0022 0.8681 0.0015 0.1257 0.0007 0.0005 0.0014 
        011s 11 0.0279 0.0375 0.1015 0.8112 0.0005 0.0052 0.0162 
        012s 11 0.3747 0.4969 0.1106 0.0160 0.0008 0.0006 0.0004 
        013s 11 0.0057 0.7657 0.0012 0.2257 0.0002 0.0006 0.0008 
        014s 11 0.1236 0.1242 0.0031 0.7364 0.0018 0.0092 0.0017 
        015s 11 0.0343 0.9291 0.0020 0.0262 0.0019 0.0016 0.0049 
        016s 11 0.0145 0.5766 0.0374 0.3042 0.0110 0.0005 0.0558 
        017s 11 0.4137 0.4802 0.0902 0.0127 0.0009 0.0007 0.0015 
        018s 11 0.0461 0.0247 0.0057 0.9180 0.0026 0.0017 0.0013 
        019s 11 0.0073 0.9630 0.0008 0.0069 0.0003 0.0011 0.0207 
        020s 11 0.0150 0.3919 0.0011 0.5856 0.0030 0.0010 0.0024 
        021s 11 0.0139 0.9802 0.0005 0.0026 0.0005 0.0007 0.0016 
        022s 11 0.2025 0.7396 0.0019 0.0213 0.0009 0.0332 0.0004 
        023s 11 0.0873 0.0348 0.0371 0.8020 0.0005 0.0003 0.0379 
        025s 11 0.0165 0.9740 0.0005 0.0072 0.0003 0.0004 0.0012 
        026s 11 0.0093 0.9064 0.0285 0.0016 0.0010 0.0006 0.0526 
        027s 11 0.0324 0.9581 0.0009 0.0055 0.0004 0.0019 0.0008 
        028s 11 0.0320 0.9531 0.0088 0.0037 0.0004 0.0009 0.0012 
        029s 11 0.0109 0.9317 0.0539 0.0017 0.0012 0.0004 0.0003 
        030s 11 0.1624 0.7776 0.0503 0.0057 0.0010 0.0014 0.0015 
        031s 11 0.1639 0.8241 0.0003 0.0102 0.0005 0.0007 0.0004 
        032s 11 0.0527 0.8649 0.0012 0.0764 0.0008 0.0004 0.0036 
        033s 11 0.0514 0.7932 0.0062 0.1454 0.0018 0.0008 0.0012 
        034s 11 0.0519 0.0637 0.0013 0.8790 0.0005 0.0030 0.0006 
        035s 11 0.0261 0.4350 0.0022 0.5323 0.0023 0.0017 0.0004 
        036s 11 0.0235 0.9494 0.0153 0.0075 0.0016 0.0021 0.0007 
        037s 11 0.0146 0.0367 0.0018 0.9434 0.0012 0.0005 0.0017 
        038s 11 0.3410 0.2938 0.0018 0.3612 0.0008 0.0006 0.0009 
        039s 11 0.0060 0.9844 0.0015 0.0065 0.0006 0.0003 0.0007 
        040s 11 0.0118 0.9103 0.0721 0.0018 0.0007 0.0028 0.0005 
        041s 11 0.0448 0.9169 0.0007 0.0078 0.0254 0.0012 0.0033 
        042s 11 0.3134 0.1661 0.0008 0.5006 0.0015 0.0008 0.0168 
        043s 11 0.0144 0.9248 0.0298 0.0067 0.0005 0.0007 0.0231 
        044s 11 0.0980 0.8573 0.0005 0.0328 0.0013 0.0057 0.0045 
        045s 11 0.0327 0.9452 0.0004 0.0092 0.0003 0.0028 0.0094 
        046s 11 0.0847 0.2543 0.0110 0.6046 0.0006 0.0031 0.0416 
        047s 11 0.0105 0.9820 0.0006 0.0034 0.0005 0.0014 0.0015 
        048s 11 0.0180 0.9380 0.0035 0.0048 0.0012 0.0028 0.0317 
        049s 11 0.1055 0.8813 0.0016 0.0086 0.0014 0.0005 0.0011 
        050s 11 0.0078 0.9829 0.0004 0.0059 0.0004 0.0015 0.0010 
        051s 11 0.0481 0.8410 0.0004 0.0421 0.0004 0.0182 0.0498 
        052s 11 0.1027 0.1175 0.0025 0.7704 0.0013 0.0029 0.0027 
        053s 11 0.0287 0.9589 0.0004 0.0090 0.0016 0.0005 0.0009 
        054s 11 0.0393 0.9335 0.0008 0.0193 0.0004 0.0060 0.0007 
        055s 11 0.0164 0.0347 0.0665 0.8808 0.0002 0.0010 0.0004 
        001s 12 0.0201 0.9562 0.0013 0.0161 0.0013 0.0042 0.0009 
        002s 12 0.0044 0.9893 0.0007 0.0021 0.0019 0.0005 0.0010 
        003s 12 0.0407 0.9440 0.0005 0.0130 0.0007 0.0006 0.0005 
        004s 12 0.0393 0.8946 0.0509 0.0049 0.0035 0.0004 0.0064 
        005s 12 0.0130 0.4003 0.0004 0.5841 0.0011 0.0006 0.0005 
        006s 12 0.0810 0.8742 0.0346 0.0056 0.0007 0.0022 0.0016 
        007s 12 0.0362 0.9532 0.0008 0.0036 0.0041 0.0010 0.0011 
        008s 12 0.0097 0.9687 0.0134 0.0058 0.0005 0.0014 0.0005 
        009s 12 0.5411 0.3880 0.0208 0.0220 0.0213 0.0013 0.0055 
        010s 12 0.0339 0.8890 0.0066 0.0361 0.0009 0.0330 0.0005 
        011s 12 0.1456 0.8322 0.0015 0.0171 0.0009 0.0017 0.0010 
        012s 12 0.4379 0.5468 0.0012 0.0039 0.0006 0.0064 0.0032 
        013s 12 0.0110 0.9505 0.0007 0.0018 0.0008 0.0004 0.0347 
        014s 12 0.0999 0.3305 0.0014 0.4763 0.0043 0.0384 0.0493 
        015s 12 0.0401 0.9481 0.0044 0.0032 0.0024 0.0007 0.0011 
        016s 12 0.1433 0.8486 0.0009 0.0022 0.0005 0.0006 0.0038 
        017s 12 0.0117 0.9217 0.0037 0.0598 0.0004 0.0015 0.0013 
        018s 12 0.0177 0.9675 0.0029 0.0079 0.0026 0.0002 0.0012 
        019s 12 0.0113 0.9431 0.0054 0.0364 0.0028 0.0005 0.0004 
        020s 12 0.0172 0.8920 0.0817 0.0076 0.0003 0.0006 0.0005 
        021s 12 0.3070 0.6820 0.0032 0.0048 0.0005 0.0005 0.0020 
        022s 12 0.0492 0.8268 0.0466 0.0681 0.0039 0.0017 0.0037 
        023s 12 0.0056 0.9734 0.0005 0.0179 0.0010 0.0005 0.0011 
        024s 12 0.0153 0.5530 0.0009 0.4291 0.0004 0.0005 0.0007 
        025s 12 0.0169 0.9558 0.0028 0.0157 0.0049 0.0026 0.0012 
        026s 12 0.0574 0.8516 0.0289 0.0464 0.0142 0.0007 0.0007 
        027s 12 0.0041 0.9859 0.0032 0.0049 0.0005 0.0009 0.0006 
        028s 12 0.0071 0.0078 0.0012 0.9573 0.0190 0.0005 0.0070 
        029s 12 0.0227 0.6713 0.0004 0.3041 0.0004 0.0005 0.0006 
        030s 12 0.0150 0.9776 0.0010 0.0041 0.0005 0.0012 0.0006 
        031s 12 0.0122 0.9722 0.0049 0.0066 0.0009 0.0009 0.0024 
        032s 12 0.0760 0.1312 0.0005 0.7785 0.0119 0.0007 0.0012 
        033s 12 0.0057 0.9761 0.0009 0.0092 0.0005 0.0070 0.0006 
        034s 12 0.0055 0.0815 0.0003 0.9112 0.0006 0.0004 0.0005 
        035s 12 0.0550 0.8598 0.0163 0.0671 0.0005 0.0008 0.0005 
        036s 12 0.5898 0.3212 0.0029 0.0747 0.0033 0.0068 0.0012 
        037s 12 0.0049 0.9881 0.0013 0.0035 0.0014 0.0003 0.0006 
        001s 13 0.0117 0.9662 0.0091 0.0084 0.0014 0.0006 0.0027 
        002s 13 0.0739 0.0223 0.0824 0.8192 0.0003 0.0005 0.0013 
        003s 13 0.0260 0.9660 0.0010 0.0045 0.0009 0.0004 0.0013 
        004s 13 0.0303 0.9421 0.0006 0.0105 0.0133 0.0004 0.0028 
        005s 13 0.0293 0.9529 0.0032 0.0043 0.0024 0.0059 0.0019 
        006s 13 0.1571 0.8283 0.0011 0.0102 0.0012 0.0017 0.0005 
        007s 13 0.0449 0.9153 0.0008 0.0034 0.0004 0.0343 0.0009 
        008s 13 0.0303 0.9086 0.0555 0.0023 0.0020 0.0008 0.0005 
        009s 13 0.0542 0.7991 0.1266 0.0060 0.0113 0.0016 0.0011 
        010s 13 0.0647 0.8647 0.0666 0.0011 0.0011 0.0006 0.0011 
        011s 13 0.0354 0.6565 0.0049 0.2655 0.0093 0.0250 0.0035 
        012s 13 0.6039 0.3174 0.0544 0.0024 0.0035 0.0023 0.0161 
        013s 13 0.0145 0.3874 0.0104 0.5603 0.0009 0.0183 0.0081 
        014s 13 0.0183 0.9404 0.0006 0.0028 0.0008 0.0341 0.0029 
        015s 13 0.0054 0.9536 0.0050 0.0170 0.0102 0.0006 0.0082 
        016s 13 0.0358 0.9585 0.0003 0.0034 0.0006 0.0005 0.0009 
        017s 13 0.0421 0.9102 0.0143 0.0171 0.0035 0.0123 0.0006 
        018s 13 0.0250 0.9537 0.0006 0.0189 0.0008 0.0005 0.0006 
        019s 13 0.1369 0.8023 0.0007 0.0567 0.0006 0.0018 0.0011 
        020s 13 0.0038 0.0298 0.0009 0.9568 0.0028 0.0054 0.0004 
        021s 13 0.0073 0.9715 0.0008 0.0180 0.0007 0.0003 0.0014 
        022s 13 0.0025 0.9921 0.0011 0.0022 0.0006 0.0008 0.0007 
        023s 13 0.0191 0.9244 0.0022 0.0530 0.0007 0.0005 0.0003 
        024s 13 0.3295 0.5961 0.0203 0.0143 0.0009 0.0031 0.0358 
        025s 13 0.0049 0.9860 0.0009 0.0045 0.0011 0.0006 0.0020 
        026s 13 0.2988 0.5874 0.0909 0.0049 0.0005 0.0094 0.0081 
        027s 13 0.0041 0.9419 0.0452 0.0022 0.0044 0.0013 0.0009 
        028s 13 0.1803 0.3725 0.0076 0.4112 0.0093 0.0155 0.0037 
        029s 13 0.0708 0.1000 0.0221 0.8034 0.0006 0.0018 0.0013 
        030s 13 0.1621 0.0965 0.0650 0.6473 0.0006 0.0005 0.0280 
        031s 13 0.2340 0.6574 0.0045 0.0011 0.0013 0.0021 0.0996 
        032s 13 0.0047 0.9816 0.0006 0.0093 0.0007 0.0029 0.0003 
        033s 13 0.0170 0.9318 0.0050 0.0079 0.0006 0.0369 0.0009 
        034s 13 0.0030 0.0092 0.0337 0.9419 0.0038 0.0069 0.0014 
        035s 13 0.0091 0.7564 0.0005 0.2294 0.0018 0.0007 0.0022 
        036s 13 0.0099 0.8396 0.0023 0.1462 0.0005 0.0006 0.0008 
        037s 13 0.0301 0.9581 0.0004 0.0083 0.0009 0.0005 0.0017 
        038s 13 0.1442 0.3636 0.0014 0.4869 0.0013 0.0011 0.0014 
        039s 13 0.0065 0.8079 0.1018 0.0083 0.0008 0.0010 0.0736 
        040s 13 0.0571 0.9322 0.0013 0.0072 0.0005 0.0008 0.0010 
        041s 13 0.0484 0.8806 0.0596 0.0057 0.0007 0.0041 0.0010 
        042s 13 0.0093 0.0145 0.0005 0.9726 0.0009 0.0012 0.0010 
        001s 14 0.0959 0.2416 0.0241 0.6331 0.0024 0.0011 0.0017 
        002s 14 0.0193 0.9032 0.0642 0.0070 0.0029 0.0020 0.0015 
        003s 14 0.0042 0.0061 0.0005 0.9869 0.0006 0.0006 0.0010 
        004s 14 0.0034 0.9739 0.0095 0.0041 0.0006 0.0059 0.0026 
        005s 14 0.0133 0.7440 0.0003 0.2409 0.0006 0.0002 0.0006 
        006s 14 0.0126 0.9606 0.0005 0.0249 0.0003 0.0006 0.0004 
        007s 14 0.0046 0.9707 0.0012 0.0207 0.0005 0.0011 0.0013 
        008s 14 0.0081 0.0153 0.0882 0.8615 0.0212 0.0025 0.0032 
        009s 14 0.0178 0.9480 0.0026 0.0221 0.0074 0.0009 0.0012 
        010s 14 0.0409 0.5211 0.0515 0.3688 0.0159 0.0006 0.0011 
        011s 14 0.0134 0.5361 0.0075 0.4060 0.0006 0.0355 0.0011 
        012s 14 0.0313 0.0360 0.0006 0.9258 0.0025 0.0020 0.0017 
        013s 14 0.8027 0.0730 0.0011 0.1128 0.0007 0.0032 0.0066 
        014s 14 0.0224 0.9176 0.0360 0.0157 0.0069 0.0008 0.0007 
        015s 14 0.0147 0.9554 0.0009 0.0176 0.0077 0.0006 0.0031 
        016s 14 0.0268 0.9564 0.0012 0.0037 0.0005 0.0003 0.0111 
        017s 14 0.0360 0.8872 0.0541 0.0059 0.0005 0.0158 0.0005 
        018s 14 0.0070 0.9854 0.0010 0.0036 0.0011 0.0005 0.0015 
        019s 14 0.0053 0.9864 0.0015 0.0037 0.0004 0.0019 0.0008 
        020s 14 0.0153 0.1722 0.0009 0.7995 0.0104 0.0003 0.0014 
        021s 14 0.0223 0.9560 0.0065 0.0049 0.0093 0.0003 0.0006 
        022s 14 0.0302 0.9373 0.0040 0.0218 0.0025 0.0023 0.0019 
        023s 14 0.1511 0.8221 0.0050 0.0150 0.0023 0.0010 0.0034 
        024s 14 0.0150 0.6359 0.0556 0.2869 0.0027 0.0022 0.0018 
        025s 14 0.0091 0.8603 0.0603 0.0692 0.0005 0.0003 0.0004 
        026s 14 0.4622 0.5233 0.0006 0.0108 0.0020 0.0002 0.0009 
        027s 14 0.1031 0.8500 0.0027 0.0406 0.0007 0.0005 0.0024 
        028s 14 0.0656 0.9036 0.0006 0.0247 0.0021 0.0026 0.0008 
        029s 14 0.0986 0.8866 0.0004 0.0121 0.0009 0.0003 0.0012 
        030s 14 0.3785 0.4607 0.0007 0.1463 0.0005 0.0128 0.0006 
        031s 14 0.0860 0.5452 0.0004 0.3490 0.0008 0.0162 0.0024 
        032s 14 0.0072 0.7202 0.0009 0.2676 0.0004 0.0008 0.0029 
        033s 14 0.0663 0.4753 0.0005 0.4018 0.0012 0.0537 0.0014 
        034s 14 0.0270 0.9683 0.0005 0.0027 0.0007 0.0003 0.0006 
        035s 14 0.1813 0.6375 0.0807 0.0170 0.0005 0.0826 0.0005 
        036s 14 0.0112 0.1022 0.0648 0.7741 0.0022 0.0400 0.0055 
        037s 14 0.0213 0.9617 0.0013 0.0125 0.0007 0.0003 0.0022 
        038s 14 0.0069 0.9760 0.0009 0.0146 0.0006 0.0005 0.0004 
        039s 14 0.0057 0.9713 0.0022 0.0093 0.0038 0.0019 0.0059 
        040s 14 0.0066 0.9576 0.0135 0.0202 0.0005 0.0006 0.0012 
        041s 14 0.0736 0.5448 0.0007 0.3781 0.0008 0.0015 0.0006 
        042s 14 0.5419 0.3724 0.0740 0.0084 0.0013 0.0004 0.0016 
        001s 15 0.0069 0.5401 0.0010 0.4490 0.0008 0.0006 0.0017 
        002s 15 0.4731 0.3461 0.0909 0.0701 0.0078 0.0028 0.0092 
        003s 15 0.0541 0.9178 0.0133 0.0047 0.0011 0.0007 0.0083 
        004s 15 0.9063 0.0831 0.0007 0.0022 0.0070 0.0004 0.0003 
        005s 15 0.0273 0.9499 0.0133 0.0023 0.0014 0.0024 0.0036 
        006s 15 0.0298 0.9361 0.0172 0.0144 0.0005 0.0009 0.0010 
        007s 15 0.0965 0.8752 0.0005 0.0253 0.0013 0.0006 0.0006 
        008s 15 0.0225 0.9623 0.0005 0.0131 0.0006 0.0005 0.0005 
        009s 15 0.1870 0.7376 0.0316 0.0033 0.0007 0.0036 0.0361 
        010s 15 0.0725 0.1105 0.0008 0.8121 0.0003 0.0005 0.0033 
        011s 15 0.2813 0.6516 0.0008 0.0033 0.0004 0.0618 0.0009 
        012s 15 0.0616 0.9275 0.0032 0.0021 0.0016 0.0017 0.0022 
        013s 15 0.0133 0.0367 0.0006 0.9391 0.0080 0.0006 0.0017 
        014s 15 0.0106 0.9734 0.0018 0.0028 0.0043 0.0012 0.0060 
        015s 15 0.0854 0.8267 0.0767 0.0027 0.0008 0.0024 0.0053 
        016s 15 0.0310 0.0937 0.0031 0.7688 0.0358 0.0673 0.0003 
        017s 15 0.0045 0.9637 0.0013 0.0114 0.0163 0.0007 0.0021 
        018s 15 0.0180 0.4910 0.0033 0.4842 0.0027 0.0002 0.0006 
        019s 15 0.4485 0.0606 0.0093 0.4748 0.0007 0.0004 0.0056 
        020s 15 0.1388 0.3694 0.0009 0.4895 0.0005 0.0006 0.0005 
        021s 15 0.0431 0.8404 0.0783 0.0319 0.0023 0.0008 0.0032 
        022s 15 0.1527 0.8204 0.0008 0.0230 0.0006 0.0020 0.0006 
        023s 15 0.2220 0.7322 0.0314 0.0100 0.0006 0.0030 0.0007 
        024s 15 0.0138 0.9785 0.0019 0.0027 0.0004 0.0018 0.0009 
        025s 15 0.0414 0.8916 0.0073 0.0305 0.0013 0.0010 0.0269 
        026s 15 0.2055 0.7464 0.0010 0.0196 0.0036 0.0010 0.0229 
        027s 15 0.0034 0.9523 0.0029 0.0238 0.0081 0.0087 0.0009 
        028s 15 0.0096 0.9765 0.0005 0.0079 0.0026 0.0015 0.0014 
        029s 15 0.0162 0.9706 0.0009 0.0086 0.0017 0.0008 0.0013 
        030s 15 0.1053 0.8797 0.0004 0.0114 0.0023 0.0004 0.0005 
        031s 15 0.0073 0.9002 0.0643 0.0184 0.0021 0.0018 0.0059 
        032s 15 0.0987 0.8953 0.0006 0.0026 0.0010 0.0002 0.0016 
        033s 15 0.0055 0.0252 0.0416 0.9243 0.0016 0.0014 0.0004 
        035s 15 0.1817 0.8068 0.0021 0.0042 0.0020 0.0023 0.0009 
        036s 15 0.0312 0.5075 0.0008 0.4492 0.0004 0.0015 0.0095 
        037s 15 0.0089 0.9695 0.0009 0.0096 0.0005 0.0096 0.0010 
        038s 15 0.6275 0.3625 0.0044 0.0037 0.0009 0.0008 0.0003 
        039s 15 0.2716 0.2560 0.0770 0.3942 0.0004 0.0004 0.0005 
        040s 15 0.0093 0.9654 0.0046 0.0150 0.0029 0.0022 0.0007 
        041s 15 0.0103 0.8928 0.0700 0.0193 0.0007 0.0047 0.0022 
        042s 15 0.0115 0.9723 0.0049 0.0068 0.0031 0.0006 0.0008 
        043s 15 0.0071 0.5766 0.0098 0.4037 0.0004 0.0010 0.0013 
        044s 15 0.0237 0.9640 0.0058 0.0037 0.0011 0.0006 0.0010 
        045s 15 0.2988 0.5784 0.0019 0.0050 0.0033 0.0348 0.0776 
        046s 15 0.0078 0.9489 0.0189 0.0159 0.0005 0.0068 0.0013 
        047s 15 0.0697 0.8845 0.0312 0.0115 0.0004 0.0021 0.0007 
        048s 15 0.0091 0.7084 0.0006 0.2648 0.0014 0.0006 0.0151 
        049s 15 0.0244 0.9208 0.0174 0.0348 0.0004 0.0016 0.0006 
        050s 15 0.0523 0.7929 0.1334 0.0080 0.0097 0.0008 0.0029 
         001 16 0.1201 0.0742 0.1639 0.6198 0.0040 0.0172 0.0009 
         002 16 0.0588 0.8901 0.0419 0.0074 0.0004 0.0006 0.0009 
         003 16 0.1260 0.8564 0.0048 0.0025 0.0032 0.0051 0.0021 
         004 16 0.1920 0.8031 0.0008 0.0016 0.0006 0.0008 0.0011 
         005 16 0.0069 0.8948 0.0525 0.0099 0.0024 0.0052 0.0282 
         006 16 0.1264 0.8439 0.0141 0.0021 0.0010 0.0017 0.0107 
         007 16 0.0243 0.9459 0.0060 0.0209 0.0006 0.0007 0.0016 
         008 16 0.5143 0.1397 0.1404 0.1984 0.0020 0.0043 0.0009 
         009 16 0.0067 0.4720 0.0013 0.5181 0.0011 0.0003 0.0004 
         010 16 0.5678 0.2805 0.0232 0.1262 0.0006 0.0006 0.0011 
         011 16 0.0561 0.0684 0.0087 0.8615 0.0008 0.0020 0.0026 
         012 16 0.0899 0.8430 0.0007 0.0615 0.0010 0.0026 0.0013 
         013 16 0.0771 0.9142 0.0004 0.0061 0.0007 0.0006 0.0009 
         014 16 0.0257 0.9325 0.0370 0.0026 0.0009 0.0011 0.0002 
         015 16 0.0032 0.6126 0.0005 0.0123 0.0022 0.0027 0.3666 
         016 16 0.0531 0.9237 0.0016 0.0041 0.0046 0.0003 0.0126 
         017 16 0.0045 0.3833 0.0041 0.5972 0.0009 0.0092 0.0007 
         018 16 0.0377 0.8909 0.0336 0.0011 0.0055 0.0035 0.0277 
         019 16 0.0093 0.0331 0.0539 0.8955 0.0014 0.0063 0.0005 
         020 16 0.0147 0.9770 0.0003 0.0053 0.0011 0.0009 0.0008 
         021 16 0.0723 0.7766 0.0956 0.0258 0.0024 0.0265 0.0008 
         022 16 0.0214 0.9441 0.0289 0.0024 0.0010 0.0003 0.0018 
         023 16 0.0046 0.0850 0.0190 0.8748 0.0006 0.0010 0.0151 
         024 16 0.0483 0.4520 0.0043 0.4723 0.0018 0.0006 0.0207 
         025 16 0.0325 0.2114 0.0340 0.6916 0.0014 0.0248 0.0043 
         026 16 0.0870 0.8018 0.1076 0.0005 0.0005 0.0011 0.0015 
         027 16 0.0074 0.9578 0.0165 0.0090 0.0075 0.0004 0.0014 
         028 16 0.2556 0.5517 0.1458 0.0100 0.0105 0.0262 0.0003 
         029 16 0.1529 0.8078 0.0016 0.0024 0.0006 0.0340 0.0007 
         030 16 0.0327 0.3884 0.0007 0.5702 0.0007 0.0069 0.0005 
         031 16 0.0337 0.9421 0.0013 0.0053 0.0159 0.0012 0.0005 
         032 16 0.0505 0.8421 0.0886 0.0110 0.0006 0.0010 0.0062 
         033 16 0.0096 0.9781 0.0007 0.0097 0.0004 0.0010 0.0004 
         034 16 0.0055 0.4645 0.0021 0.5222 0.0004 0.0037 0.0015 
         035 16 0.0174 0.9732 0.0003 0.0073 0.0007 0.0009 0.0003 
         036 16 0.0522 0.7878 0.0005 0.1549 0.0019 0.0004 0.0024 
         037 16 0.4094 0.2366 0.0119 0.3184 0.0011 0.0173 0.0053 
         038 16 0.0065 0.8790 0.0026 0.1035 0.0017 0.0008 0.0060 
         039 16 0.0026 0.6093 0.0030 0.3830 0.0013 0.0003 0.0005 
         040 16 0.0106 0.9678 0.0012 0.0160 0.0005 0.0017 0.0021 
         041 16 0.0150 0.9769 0.0010 0.0048 0.0003 0.0008 0.0011 
         042 16 0.0607 0.7091 0.0014 0.2243 0.0026 0.0010 0.0009 
         043 16 0.0047 0.9704 0.0009 0.0217 0.0011 0.0006 0.0007 
         044 16 0.0161 0.3627 0.0058 0.6111 0.0023 0.0010 0.0011 
         045 16 0.0182 0.9624 0.0029 0.0061 0.0026 0.0076 0.0003 
         047 16 0.0062 0.9223 0.0035 0.0253 0.0061 0.0357 0.0009 
         048 16 0.0046 0.9854 0.0015 0.0035 0.0006 0.0036 0.0009 
         049 16 0.0261 0.8033 0.0004 0.1618 0.0008 0.0044 0.0032 
         050 16 0.0250 0.9629 0.0006 0.0095 0.0005 0.0012 0.0003 
         051 16 0.0437 0.9225 0.0010 0.0286 0.0020 0.0016 0.0006 
         052 16 0.0144 0.9156 0.0002 0.0678 0.0006 0.0005 0.0009 
         053 16 0.1058 0.8601 0.0004 0.0310 0.0010 0.0008 0.0008 
         054 16 0.0326 0.4833 0.0663 0.4145 0.0015 0.0009 0.0008 
         055 16 0.0480 0.8461 0.0140 0.0378 0.0005 0.0530 0.0005 
         056 16 0.1345 0.8491 0.0018 0.0054 0.0006 0.0003 0.0083 
         057 16 0.0068 0.0075 0.0840 0.9003 0.0006 0.0005 0.0003 
         058 16 0.0064 0.5570 0.0891 0.3245 0.0002 0.0087 0.0140 
         059 16 0.2756 0.3126 0.0831 0.2208 0.0064 0.0128 0.0887 
         060 16 0.0773 0.7121 0.0031 0.1919 0.0013 0.0012 0.0131 
         061 16 0.0168 0.4905 0.0015 0.4869 0.0006 0.0008 0.0028 
         062 16 0.0513 0.9198 0.0006 0.0160 0.0014 0.0104 0.0004 
         063 16 0.0056 0.9483 0.0037 0.0403 0.0005 0.0008 0.0009 
         064 16 0.0469 0.9375 0.0004 0.0118 0.0006 0.0005 0.0023 
         065 16 0.0144 0.6290 0.0019 0.3463 0.0021 0.0024 0.0038 
         066 16 0.0118 0.9801 0.0006 0.0048 0.0013 0.0004 0.0009 
         067 16 0.0270 0.8790 0.0011 0.0155 0.0008 0.0028 0.0738 
         068 16 0.0517 0.8993 0.0048 0.0108 0.0008 0.0014 0.0312 
         069 16 0.1695 0.8163 0.0006 0.0069 0.0056 0.0005 0.0006 
         070 16 0.3283 0.4791 0.0060 0.1807 0.0043 0.0008 0.0008 
         071 16 0.0941 0.8114 0.0757 0.0034 0.0009 0.0140 0.0005 
         072 16 0.1117 0.8660 0.0081 0.0109 0.0011 0.0008 0.0014 
         073 16 0.0806 0.6526 0.0008 0.2619 0.0007 0.0028 0.0005 
         074 16 0.0075 0.9851 0.0005 0.0051 0.0005 0.0007 0.0005 
         075 16 0.7319 0.2187 0.0288 0.0136 0.0006 0.0054 0.0010 
         076 16 0.0150 0.9764 0.0017 0.0046 0.0008 0.0009 0.0005 
         077 16 0.2568 0.6345 0.0156 0.0015 0.0306 0.0067 0.0544 
         078 16 0.0011 0.0011 0.0055 0.9892 0.0008 0.0006 0.0017 
         079 16 0.0904 0.8119 0.0865 0.0045 0.0021 0.0031 0.0015 
         080 16 0.0128 0.4126 0.0029 0.5695 0.0004 0.0003 0.0015 
         081 16 0.0764 0.0119 0.0045 0.8603 0.0027 0.0434 0.0007 
         082 16 0.0303 0.8679 0.0148 0.0726 0.0004 0.0136 0.0004 
