        001s  1 0.0006 0.9976 0.0011 0.0005 0.0003 
        002s  1 0.0007 0.9959 0.0005 0.0005 0.0024 
        003s  1 0.0017 0.9796 0.0133 0.0047 0.0006 
        004s  1 0.0025 0.9595 0.0004 0.0051 0.0325 
        005s  1 0.0008 0.5594 0.0002 0.2295 0.2101 
        006s  1 0.0004 0.9978 0.0004 0.0003 0.0010 
        007s  1 0.0031 0.9936 0.0006 0.0024 0.0003 
        008s  1 0.0008 0.9939 0.0007 0.0037 0.0009 
        009s  1 0.0051 0.9284 0.0020 0.0623 0.0022 
        010s  1 0.0003 0.9917 0.0006 0.0069 0.0005 
        011s  1 0.0028 0.9904 0.0040 0.0009 0.0020 
        012s  1 0.0010 0.8656 0.0058 0.1209 0.0067 
        013s  1 0.0074 0.9634 0.0014 0.0016 0.0262 
        014s  1 0.0066 0.9470 0.0203 0.0241 0.0019 
        015s  1 0.0005 0.9978 0.0007 0.0005 0.0004 
        016s  1 0.0064 0.9904 0.0008 0.0018 0.0006 
        018s  1 0.0010 0.8486 0.0008 0.1485 0.0011 
        019s  1 0.0008 0.9800 0.0044 0.0145 0.0004 
        020s  1 0.0084 0.9816 0.0092 0.0005 0.0002 
        021s  1 0.0055 0.9856 0.0008 0.0002 0.0079 
        022s  1 0.0007 0.9985 0.0004 0.0002 0.0002 
        023s  1 0.0101 0.9880 0.0012 0.0003 0.0003 
        024s  1 0.0007 0.9974 0.0004 0.0008 0.0007 
        025s  1 0.0010 0.9911 0.0003 0.0058 0.0018 
        026s  1 0.0089 0.9852 0.0044 0.0008 0.0007 
        027s  1 0.0027 0.9878 0.0004 0.0018 0.0072 
        028s  1 0.0007 0.8871 0.0018 0.0554 0.0550 
        029s  1 0.0005 0.9928 0.0055 0.0007 0.0005 
        030s  1 0.0007 0.9871 0.0084 0.0009 0.0029 
        031s  1 0.0009 0.9982 0.0003 0.0003 0.0003 
        032s  1 0.0006 0.9973 0.0008 0.0007 0.0005 
        033s  1 0.0009 0.9927 0.0008 0.0048 0.0008 
        034s  1 0.0527 0.9423 0.0030 0.0009 0.0010 
        035s  1 0.0008 0.9947 0.0014 0.0015 0.0016 
        036s  1 0.0010 0.9028 0.0003 0.0949 0.0009 
        037s  1 0.0406 0.8402 0.0007 0.1117 0.0069 
        038s  1 0.0007 0.9967 0.0007 0.0013 0.0006 
        039s  1 0.0003 0.9754 0.0006 0.0003 0.0233 
        040s  1 0.0027 0.9933 0.0007 0.0008 0.0025 
        041s  1 0.0036 0.9925 0.0008 0.0028 0.0003 
        042s  1 0.0798 0.8400 0.0011 0.0785 0.0006 
        043s  1 0.0004 0.9808 0.0013 0.0165 0.0009 
        044s  1 0.0050 0.8848 0.0030 0.0925 0.0146 
        045s  1 0.0008 0.9914 0.0009 0.0058 0.0011 
        046s  1 0.0006 0.9957 0.0022 0.0013 0.0002 
        047s  1 0.0045 0.9934 0.0013 0.0007 0.0002 
        048s  1 0.0008 0.9344 0.0005 0.0640 0.0003 
        049s  1 0.0004 0.9977 0.0005 0.0005 0.0008 
        050s  1 0.0005 0.8956 0.0003 0.1020 0.0016 
        051s  1 0.0008 0.9717 0.0268 0.0002 0.0005 
        052s  1 0.0018 0.9675 0.0152 0.0078 0.0078 
        053s  1 0.0004 0.9971 0.0003 0.0018 0.0004 
        054s  1 0.0010 0.9931 0.0027 0.0002 0.0030 
        055s  1 0.0740 0.8328 0.0019 0.0900 0.0014 
          01  2 0.0015 0.8453 0.0302 0.1220 0.0010 
          02  2 0.0007 0.9805 0.0015 0.0147 0.0026 
          03  2 0.0011 0.9967 0.0004 0.0011 0.0007 
          04  2 0.0106 0.9684 0.0006 0.0033 0.0171 
          05  2 0.0003 0.8707 0.0002 0.1284 0.0004 
          06  2 0.0006 0.9630 0.0006 0.0346 0.0012 
          07  2 0.0007 0.9898 0.0010 0.0065 0.0021 
          08  2 0.0004 0.9125 0.0010 0.0857 0.0003 
          09  2 0.0003 0.9898 0.0092 0.0004 0.0003 
          10  2 0.0003 0.9975 0.0004 0.0013 0.0005 
          11  2 0.0027 0.9782 0.0091 0.0089 0.0011 
          12  2 0.0004 0.9969 0.0015 0.0005 0.0007 
          13  2 0.0006 0.9979 0.0007 0.0005 0.0004 
          14  2 0.0235 0.9672 0.0032 0.0003 0.0057 
          15  2 0.0011 0.9967 0.0012 0.0004 0.0005 
          16  2 0.0054 0.9326 0.0035 0.0012 0.0572 
          17  2 0.0011 0.9954 0.0009 0.0019 0.0007 
          18  2 0.0010 0.9796 0.0014 0.0149 0.0030 
          19  2 0.0037 0.9933 0.0017 0.0010 0.0003 
          20  2 0.0053 0.9302 0.0021 0.0576 0.0048 
          21  2 0.0007 0.9800 0.0178 0.0010 0.0005 
          22  2 0.0067 0.9840 0.0042 0.0016 0.0035 
          23  2 0.0020 0.9942 0.0009 0.0012 0.0017 
          24  2 0.0006 0.9974 0.0010 0.0004 0.0006 
          25  2 0.0007 0.9699 0.0014 0.0042 0.0238 
          26  2 0.0003 0.9975 0.0009 0.0009 0.0004 
          27  2 0.0025 0.9665 0.0012 0.0007 0.0291 
          28  2 0.0041 0.9936 0.0009 0.0012 0.0002 
          29  2 0.0003 0.9976 0.0007 0.0008 0.0007 
          30  2 0.0829 0.7497 0.0096 0.1574 0.0004 
          01  3 0.0084 0.3423 0.0003 0.4289 0.2201 
          02  3 0.0040 0.1266 0.0735 0.3307 0.4653 
          03  3 0.0008 0.3652 0.0004 0.3188 0.3148 
          04  3 0.0011 0.1795 0.0006 0.4647 0.3541 
          05  3 0.1212 0.0005 0.1140 0.3608 0.4034 
          06  3 0.0006 0.0774 0.0002 0.4210 0.5008 
          07  3 0.0002 0.3698 0.0012 0.3781 0.2507 
          08  3 0.0033 0.2963 0.0026 0.3740 0.3238 
          09  3 0.0032 0.2987 0.0003 0.4294 0.2684 
          10  3 0.1340 0.0263 0.2194 0.1994 0.4209 
          11  3 0.0004 0.2786 0.0002 0.4141 0.3067 
          12  3 0.0005 0.2630 0.0003 0.4212 0.3150 
          13  3 0.0002 0.0023 0.0139 0.4575 0.5262 
          14  3 0.1578 0.0059 0.0414 0.3340 0.4609 
          15  3 0.0013 0.3418 0.0002 0.3801 0.2766 
          16  3 0.0033 0.0815 0.0023 0.3071 0.6058 
          17  3 0.0004 0.3989 0.0008 0.4214 0.1785 
          18  3 0.2812 0.0081 0.1661 0.2060 0.3386 
          19  3 0.0024 0.1633 0.0006 0.3681 0.4655 
          20  3 0.0529 0.1779 0.0002 0.4576 0.3114 
          21  3 0.0048 0.2450 0.0015 0.3701 0.3786 
          22  3 0.0019 0.2773 0.0003 0.4904 0.2302 
          23  3 0.0012 0.2275 0.0003 0.4111 0.3600 
          24  3 0.0037 0.0474 0.1686 0.4933 0.2870 
          25  3 0.1297 0.0003 0.2493 0.3124 0.3083 
          26  3 0.0006 0.2178 0.0005 0.4382 0.3429 
          27  3 0.1740 0.0701 0.1300 0.2544 0.3715 
          28  3 0.0002 0.0847 0.0016 0.4464 0.4672 
          29  3 0.0076 0.1741 0.0026 0.3924 0.4233 
          30  3 0.0004 0.2982 0.0011 0.4499 0.2504 
         001  4 0.0001 0.0001 0.0001 0.9997 0.0001 
         002  4 0.0001 0.0002 0.0002 0.9993 0.0002 
         003  4 0.0001 0.0001 0.0001 0.9997 0.0001 
         004  4 0.0001 0.0001 0.0001 0.9996 0.0002 
         005  4 0.0001 0.0001 0.0002 0.9994 0.0002 
         006  4 0.0003 0.0004 0.0002 0.9298 0.0694 
         007  4 0.0008 0.0021 0.0002 0.9451 0.0518 
         008  4 0.0035 0.0007 0.0021 0.9934 0.0003 
         009  4 0.0001 0.0001 0.0001 0.9996 0.0001 
         010  4 0.0001 0.0001 0.0001 0.9978 0.0020 
         011  4 0.0338 0.0007 0.0004 0.9509 0.0142 
         012  4 0.0001 0.0001 0.0001 0.9997 0.0000 
         013  4 0.0001 0.0001 0.0001 0.9998 0.0001 
         014  4 0.0001 0.0001 0.0001 0.9996 0.0001 
         015  4 0.0000 0.0001 0.0000 0.9998 0.0001 
         016  4 0.0001 0.0001 0.0001 0.9997 0.0001 
         017  4 0.0001 0.0001 0.0001 0.9996 0.0001 
         019  4 0.0007 0.0002 0.0003 0.9174 0.0813 
         020  4 0.0002 0.0001 0.0002 0.9994 0.0001 
         021  4 0.0003 0.0004 0.0003 0.9927 0.0062 
         001  5 0.0330 0.0005 0.0011 0.9652 0.0003 
         002  5 0.0037 0.0324 0.0015 0.9618 0.0006 
         003  5 0.0033 0.1653 0.0002 0.7590 0.0722 
         004  5 0.0055 0.0521 0.0002 0.9418 0.0003 
         005  5 0.0005 0.0003 0.0001 0.9983 0.0008 
         006  5 0.0001 0.0003 0.0003 0.9005 0.0987 
         007  5 0.0003 0.0003 0.0003 0.9138 0.0853 
         008  5 0.0001 0.0001 0.0002 0.9971 0.0025 
         009  5 0.0008 0.0650 0.0002 0.9323 0.0018 
         010  5 0.0015 0.0011 0.0005 0.9312 0.0657 
         011  5 0.0023 0.0013 0.0002 0.9959 0.0004 
         012  5 0.0026 0.0442 0.0006 0.8745 0.0780 
         013  5 0.0006 0.1969 0.0006 0.7555 0.0465 
         014  5 0.0078 0.1785 0.0129 0.7074 0.0934 
         015  5 0.0002 0.0001 0.0001 0.9760 0.0235 
         016  5 0.0002 0.0015 0.0005 0.9417 0.0561 
         017  5 0.0003 0.0349 0.0020 0.8840 0.0788 
         018  5 0.0282 0.0293 0.0271 0.8813 0.0341 
         019  5 0.0010 0.0004 0.0045 0.9940 0.0001 
         020  5 0.0001 0.0001 0.0001 0.9996 0.0001 
         021  5 0.0037 0.1317 0.0004 0.8640 0.0002 
         022  5 0.0445 0.0208 0.0008 0.9304 0.0036 
         023  5 0.0020 0.0015 0.0003 0.9691 0.0271 
         024  5 0.0007 0.0397 0.0003 0.8952 0.0641 
         025  5 0.0005 0.0276 0.0009 0.8994 0.0716 
         026  5 0.0003 0.1443 0.0004 0.8451 0.0100 
         027  5 0.0001 0.0002 0.0001 0.9994 0.0003 
         028  5 0.0102 0.0105 0.0006 0.9305 0.0483 
         029  5 0.0002 0.0003 0.0002 0.9981 0.0012 
         030  5 0.0017 0.0006 0.0034 0.9937 0.0005 
        001s  6 0.0162 0.9568 0.0009 0.0012 0.0249 
        002s  6 0.0009 0.9398 0.0197 0.0389 0.0006 
        003s  6 0.0023 0.9823 0.0005 0.0146 0.0004 
        004s  6 0.0004 0.9983 0.0005 0.0004 0.0004 
        006s  6 0.0102 0.9136 0.0011 0.0569 0.0182 
        007s  6 0.0004 0.9963 0.0009 0.0005 0.0019 
        008s  6 0.0049 0.9893 0.0029 0.0023 0.0005 
        009s  6 0.0007 0.9977 0.0008 0.0002 0.0005 
        010s  6 0.0139 0.9594 0.0098 0.0097 0.0072 
        011s  6 0.0015 0.9954 0.0003 0.0005 0.0024 
        012s  6 0.0014 0.9914 0.0022 0.0006 0.0045 
        013s  6 0.0003 0.9977 0.0005 0.0011 0.0005 
        014s  6 0.0003 0.9145 0.0001 0.0848 0.0003 
        015s  6 0.0055 0.9784 0.0010 0.0082 0.0068 
        016s  6 0.0010 0.9974 0.0004 0.0003 0.0009 
        018s  6 0.0016 0.7299 0.0004 0.2671 0.0010 
        019s  6 0.0020 0.9879 0.0008 0.0075 0.0017 
        020s  6 0.0004 0.9978 0.0009 0.0002 0.0007 
        021s  6 0.0034 0.9791 0.0012 0.0013 0.0150 
        022s  6 0.0034 0.9949 0.0004 0.0010 0.0003 
        023s  6 0.0008 0.9710 0.0003 0.0275 0.0003 
        024s  6 0.0009 0.9635 0.0018 0.0316 0.0022 
        025s  6 0.0698 0.9271 0.0006 0.0019 0.0007 
        026s  6 0.0003 0.9971 0.0016 0.0006 0.0004 
        027s  6 0.0003 0.9973 0.0012 0.0008 0.0004 
        028s  6 0.0111 0.9185 0.0475 0.0131 0.0097 
        029s  6 0.0010 0.9967 0.0017 0.0003 0.0003 
        030s  6 0.0118 0.9117 0.0015 0.0742 0.0008 
        031s  6 0.0004 0.9951 0.0003 0.0011 0.0031 
        032s  6 0.0007 0.9906 0.0003 0.0066 0.0017 
        033s  6 0.0004 0.9046 0.0004 0.0943 0.0003 
        034s  6 0.0125 0.9834 0.0004 0.0015 0.0023 
        035s  6 0.0008 0.8488 0.0012 0.1487 0.0005 
        036s  6 0.0013 0.9914 0.0002 0.0008 0.0064 
        037s  6 0.0016 0.9944 0.0023 0.0011 0.0006 
        038s  6 0.0009 0.9960 0.0013 0.0003 0.0016 
        039s  6 0.0006 0.9982 0.0006 0.0003 0.0003 
        040s  6 0.0004 0.9963 0.0004 0.0003 0.0025 
        041s  6 0.0024 0.9463 0.0018 0.0493 0.0002 
        042s  6 0.0570 0.9345 0.0025 0.0055 0.0005 
        043s  6 0.0056 0.9925 0.0002 0.0006 0.0010 
        044s  6 0.0007 0.9951 0.0030 0.0008 0.0004 
        045s  6 0.0025 0.9937 0.0009 0.0024 0.0006 
        001s  7 0.0011 0.9962 0.0004 0.0020 0.0004 
        002s  7 0.0013 0.9750 0.0009 0.0217 0.0010 
        003s  7 0.0008 0.9953 0.0008 0.0012 0.0019 
        004s  7 0.0006 0.9945 0.0009 0.0009 0.0031 
        005s  7 0.0022 0.9831 0.0005 0.0124 0.0018 
        006s  7 0.0030 0.9372 0.0003 0.0588 0.0006 
        007s  7 0.0013 0.9707 0.0169 0.0057 0.0053 
        008s  7 0.0008 0.9736 0.0019 0.0234 0.0004 
        009s  7 0.0094 0.9859 0.0007 0.0022 0.0018 
        010s  7 0.0014 0.9964 0.0007 0.0014 0.0002 
        011s  7 0.0008 0.9975 0.0008 0.0004 0.0005 
        012s  7 0.0005 0.9981 0.0005 0.0004 0.0005 
        013s  7 0.0044 0.9870 0.0006 0.0004 0.0076 
        014s  7 0.0003 0.9578 0.0007 0.0408 0.0004 
        015s  7 0.0011 0.9840 0.0009 0.0128 0.0012 
        016s  7 0.0017 0.8797 0.0004 0.1180 0.0002 
        017s  7 0.0006 0.9972 0.0004 0.0011 0.0007 
        018s  7 0.0005 0.9927 0.0040 0.0023 0.0005 
        019s  7 0.0098 0.9831 0.0045 0.0011 0.0015 
        020s  7 0.0004 0.9978 0.0002 0.0004 0.0012 
        021s  7 0.0009 0.9963 0.0010 0.0015 0.0003 
        022s  7 0.0008 0.9943 0.0002 0.0021 0.0026 
        023s  7 0.0214 0.9704 0.0010 0.0058 0.0014 
        024s  7 0.0007 0.9961 0.0017 0.0009 0.0006 
        025s  7 0.0008 0.9929 0.0011 0.0009 0.0043 
        026s  7 0.0010 0.9958 0.0011 0.0019 0.0002 
        027s  7 0.0005 0.9966 0.0012 0.0012 0.0006 
        028s  7 0.0004 0.9946 0.0002 0.0040 0.0007 
        029s  7 0.0022 0.9888 0.0007 0.0075 0.0007 
        030s  7 0.0032 0.9907 0.0053 0.0003 0.0005 
        031s  7 0.0134 0.9839 0.0003 0.0014 0.0009 
        032s  7 0.0005 0.8949 0.0038 0.1004 0.0003 
        033s  7 0.0017 0.9547 0.0036 0.0391 0.0010 
        034s  7 0.0004 0.9547 0.0018 0.0007 0.0424 
        035s  7 0.0009 0.9981 0.0004 0.0003 0.0003 
        036s  7 0.0092 0.9857 0.0005 0.0005 0.0042 
        037s  7 0.0021 0.9261 0.0007 0.0653 0.0057 
        038s  7 0.0014 0.9839 0.0009 0.0133 0.0005 
        039s  7 0.0002 0.9987 0.0004 0.0004 0.0003 
        040s  7 0.0006 0.9578 0.0003 0.0122 0.0291 
        041s  7 0.0017 0.9658 0.0018 0.0301 0.0006 
        042s  7 0.0003 0.9923 0.0002 0.0067 0.0005 
        043s  7 0.0022 0.9963 0.0004 0.0010 0.0002 
        044s  7 0.0188 0.9102 0.0010 0.0559 0.0141 
         003  8 0.0009 0.9814 0.0110 0.0053 0.0015 
         009  8 0.0010 0.9968 0.0005 0.0011 0.0005 
         010  8 0.0014 0.9977 0.0003 0.0004 0.0002 
         017  8 0.0034 0.9943 0.0012 0.0005 0.0006 
         002  9 0.0011 0.9970 0.0007 0.0004 0.0009 
         003  9 0.0004 0.9988 0.0003 0.0002 0.0003 
         004  9 0.0009 0.9982 0.0004 0.0004 0.0002 
         005  9 0.0047 0.9930 0.0011 0.0003 0.0010 
         006  9 0.0011 0.9968 0.0006 0.0007 0.0008 
         007  9 0.0012 0.9951 0.0009 0.0025 0.0003 
         009  9 0.0013 0.9960 0.0012 0.0013 0.0003 
         010  9 0.0014 0.9962 0.0018 0.0003 0.0004 
         013  9 0.0014 0.9968 0.0003 0.0007 0.0008 
         014  9 0.0017 0.9932 0.0046 0.0003 0.0002 
         016  9 0.0006 0.9980 0.0009 0.0002 0.0002 
         018  9 0.0015 0.9921 0.0050 0.0005 0.0009 
         019  9 0.0004 0.9929 0.0052 0.0008 0.0007 
         020  9 0.0003 0.9986 0.0004 0.0004 0.0003 
         021  9 0.0006 0.9985 0.0002 0.0005 0.0002 
         022  9 0.0005 0.9977 0.0011 0.0003 0.0005 
         024  9 0.0036 0.9938 0.0018 0.0004 0.0003 
         028  9 0.0013 0.9971 0.0006 0.0005 0.0005 
         029  9 0.0005 0.9979 0.0011 0.0002 0.0004 
         030  9 0.0009 0.9977 0.0009 0.0002 0.0003 
         031  9 0.0003 0.9968 0.0012 0.0013 0.0004 
         033  9 0.0009 0.9928 0.0006 0.0054 0.0003 
         001 10 0.0003 0.9978 0.0010 0.0005 0.0004 
         002 10 0.0007 0.9975 0.0013 0.0003 0.0002 
         003 10 0.0154 0.9831 0.0004 0.0002 0.0008 
         004 10 0.0024 0.9967 0.0005 0.0003 0.0002 
         005 10 0.0009 0.9971 0.0014 0.0003 0.0003 
         006 10 0.0006 0.9975 0.0005 0.0010 0.0003 
         007 10 0.0018 0.9968 0.0004 0.0007 0.0003 
         008 10 0.0043 0.9939 0.0006 0.0006 0.0005 
         009 10 0.0004 0.9938 0.0044 0.0003 0.0011 
         010 10 0.0008 0.9960 0.0024 0.0005 0.0003 
         011 10 0.0384 0.9597 0.0002 0.0005 0.0011 
         012 10 0.0029 0.9954 0.0004 0.0004 0.0008 
         013 10 0.0006 0.9964 0.0008 0.0003 0.0020 
         014 10 0.0008 0.9975 0.0006 0.0005 0.0007 
         016 10 0.0007 0.9966 0.0013 0.0004 0.0010 
         017 10 0.0007 0.9972 0.0010 0.0005 0.0007 
         018 10 0.0006 0.9900 0.0029 0.0061 0.0004 
         019 10 0.0009 0.9929 0.0054 0.0003 0.0004 
         020 10 0.0017 0.9896 0.0068 0.0011 0.0008 
         021 10 0.0003 0.9959 0.0026 0.0009 0.0002 
         022 10 0.0009 0.9982 0.0002 0.0003 0.0005 
         023 10 0.0007 0.9977 0.0004 0.0003 0.0009 
         024 10 0.0024 0.9957 0.0015 0.0003 0.0002 
         026 10 0.0006 0.9980 0.0007 0.0004 0.0003 
        001s 11 0.0109 0.8968 0.0006 0.0909 0.0008 
        002s 11 0.0011 0.9872 0.0039 0.0005 0.0074 
        003s 11 0.0005 0.9925 0.0010 0.0056 0.0005 
        004s 11 0.0012 0.9969 0.0003 0.0003 0.0014 
        005s 11 0.0003 0.9934 0.0047 0.0012 0.0004 
        006s 11 0.0021 0.9870 0.0017 0.0010 0.0082 
        007s 11 0.0013 0.9532 0.0019 0.0082 0.0355 
        008s 11 0.0004 0.9982 0.0006 0.0005 0.0003 
        009s 11 0.0004 0.9851 0.0137 0.0005 0.0003 
        010s 11 0.0010 0.9969 0.0005 0.0013 0.0004 
        011s 11 0.0126 0.8770 0.0002 0.1078 0.0024 
        012s 11 0.0005 0.8882 0.0007 0.1103 0.0004 
        013s 11 0.0010 0.9976 0.0002 0.0008 0.0004 
        014s 11 0.0008 0.9882 0.0013 0.0042 0.0056 
        015s 11 0.0041 0.9909 0.0018 0.0016 0.0017 
        016s 11 0.0568 0.8959 0.0060 0.0410 0.0003 
        017s 11 0.0011 0.9075 0.0006 0.0904 0.0004 
        018s 11 0.0007 0.9922 0.0014 0.0047 0.0010 
        019s 11 0.0219 0.9767 0.0003 0.0005 0.0007 
        020s 11 0.0016 0.9950 0.0015 0.0011 0.0009 
        021s 11 0.0012 0.9977 0.0003 0.0004 0.0004 
        022s 11 0.0006 0.9654 0.0006 0.0014 0.0320 
        023s 11 0.0169 0.9312 0.0002 0.0515 0.0002 
        025s 11 0.0008 0.9982 0.0002 0.0003 0.0005 
        026s 11 0.0528 0.9232 0.0008 0.0222 0.0010 
        027s 11 0.0006 0.9956 0.0004 0.0009 0.0025 
        028s 11 0.0010 0.9918 0.0002 0.0063 0.0007 
        029s 11 0.0004 0.9476 0.0008 0.0509 0.0003 
        030s 11 0.0009 0.9501 0.0008 0.0473 0.0009 
        031s 11 0.0003 0.9982 0.0005 0.0002 0.0007 
        032s 11 0.0024 0.9959 0.0005 0.0010 0.0002 
        033s 11 0.0008 0.9925 0.0018 0.0042 0.0007 
        034s 11 0.0005 0.9968 0.0003 0.0010 0.0015 
        035s 11 0.0003 0.9949 0.0012 0.0024 0.0013 
        036s 11 0.0003 0.9817 0.0013 0.0153 0.0014 
        037s 11 0.0014 0.9954 0.0010 0.0020 0.0002 
        038s 11 0.0006 0.9960 0.0006 0.0023 0.0005 
        039s 11 0.0008 0.9972 0.0004 0.0013 0.0003 
        040s 11 0.0005 0.9259 0.0006 0.0708 0.0021 
        041s 11 0.0026 0.9753 0.0205 0.0008 0.0007 
        042s 11 0.0081 0.9898 0.0006 0.0008 0.0007 
        043s 11 0.0178 0.9451 0.0004 0.0362 0.0005 
        044s 11 0.0050 0.9887 0.0008 0.0004 0.0050 
        045s 11 0.0087 0.9881 0.0003 0.0003 0.0026 
        046s 11 0.0285 0.9457 0.0005 0.0234 0.0019 
        047s 11 0.0014 0.9963 0.0004 0.0007 0.0011 
        048s 11 0.0323 0.9585 0.0021 0.0053 0.0017 
        049s 11 0.0009 0.9967 0.0010 0.0010 0.0004 
        050s 11 0.0014 0.9968 0.0003 0.0003 0.0013 
        051s 11 0.0544 0.9288 0.0006 0.0006 0.0156 
        052s 11 0.0021 0.9926 0.0009 0.0020 0.0023 
        053s 11 0.0008 0.9972 0.0012 0.0004 0.0003 
        054s 11 0.0005 0.9924 0.0004 0.0006 0.0060 
        055s 11 0.0002 0.9289 0.0003 0.0699 0.0007 
        001s 12 0.0010 0.9933 0.0009 0.0014 0.0034 
        002s 12 0.0008 0.9960 0.0019 0.0009 0.0004 
        003s 12 0.0003 0.9982 0.0006 0.0004 0.0006 
        004s 12 0.0082 0.9379 0.0019 0.0516 0.0003 
        005s 12 0.0007 0.9978 0.0007 0.0003 0.0005 
        006s 12 0.0018 0.9621 0.0007 0.0328 0.0027 
        007s 12 0.0015 0.9931 0.0033 0.0011 0.0010 
        008s 12 0.0006 0.9898 0.0006 0.0079 0.0012 
        009s 12 0.0028 0.9554 0.0203 0.0202 0.0013 
        010s 12 0.0004 0.9603 0.0009 0.0048 0.0336 
        011s 12 0.0007 0.9948 0.0011 0.0012 0.0021 
        012s 12 0.0037 0.9900 0.0003 0.0009 0.0050 
        013s 12 0.0384 0.9599 0.0006 0.0008 0.0003 
        014s 12 0.0425 0.9115 0.0043 0.0020 0.0397 
        015s 12 0.0009 0.9930 0.0020 0.0035 0.0006 
        016s 12 0.0045 0.9940 0.0004 0.0005 0.0005 
        017s 12 0.0008 0.9956 0.0003 0.0025 0.0009 
        018s 12 0.0017 0.9945 0.0020 0.0016 0.0003 
        019s 12 0.0004 0.9922 0.0030 0.0041 0.0004 
        020s 12 0.0006 0.9162 0.0002 0.0825 0.0004 
        021s 12 0.0014 0.9949 0.0004 0.0028 0.0005 
        022s 12 0.0037 0.9475 0.0038 0.0441 0.0009 
        023s 12 0.0010 0.9972 0.0010 0.0004 0.0004 
        024s 12 0.0006 0.9981 0.0003 0.0007 0.0002 
        025s 12 0.0013 0.9898 0.0042 0.0027 0.0021 
        026s 12 0.0007 0.9528 0.0173 0.0286 0.0006 
        027s 12 0.0003 0.9965 0.0003 0.0022 0.0007 
        028s 12 0.0027 0.9868 0.0082 0.0020 0.0003 
        029s 12 0.0008 0.9980 0.0003 0.0005 0.0004 
        030s 12 0.0005 0.9975 0.0005 0.0006 0.0010 
        031s 12 0.0021 0.9932 0.0010 0.0027 0.0011 
        032s 12 0.0006 0.9937 0.0048 0.0004 0.0004 
        033s 12 0.0004 0.9923 0.0005 0.0010 0.0058 
        034s 12 0.0003 0.9984 0.0005 0.0004 0.0004 
        035s 12 0.0004 0.9856 0.0004 0.0129 0.0008 
        036s 12 0.0010 0.9851 0.0027 0.0034 0.0079 
        037s 12 0.0008 0.9968 0.0011 0.0011 0.0002 
        001s 13 0.0018 0.9905 0.0007 0.0066 0.0004 
        002s 13 0.0007 0.9083 0.0002 0.0904 0.0003 
        003s 13 0.0012 0.9971 0.0007 0.0006 0.0004 
        004s 13 0.0026 0.9871 0.0091 0.0007 0.0004 
        005s 13 0.0015 0.9883 0.0025 0.0021 0.0056 
        006s 13 0.0005 0.9962 0.0012 0.0007 0.0014 
        007s 13 0.0007 0.9669 0.0007 0.0006 0.0311 
        008s 13 0.0006 0.9368 0.0014 0.0594 0.0018 
        009s 13 0.0007 0.8611 0.0069 0.1291 0.0022 
        010s 13 0.0008 0.9274 0.0013 0.0701 0.0005 
        011s 13 0.0021 0.9624 0.0070 0.0070 0.0215 
        012s 13 0.0125 0.9286 0.0041 0.0530 0.0018 
        013s 13 0.0057 0.9605 0.0006 0.0212 0.0119 
        014s 13 0.0025 0.9608 0.0010 0.0011 0.0347 
        015s 13 0.0084 0.9766 0.0093 0.0050 0.0007 
        016s 13 0.0007 0.9981 0.0005 0.0003 0.0004 
        017s 13 0.0004 0.9701 0.0032 0.0153 0.0110 
        018s 13 0.0008 0.9978 0.0006 0.0003 0.0003 
        019s 13 0.0009 0.9970 0.0004 0.0004 0.0014 
        020s 13 0.0004 0.9929 0.0015 0.0016 0.0036 
        021s 13 0.0012 0.9970 0.0007 0.0008 0.0003 
        022s 13 0.0007 0.9972 0.0003 0.0014 0.0004 
        023s 13 0.0004 0.9974 0.0006 0.0012 0.0004 
        024s 13 0.0358 0.9427 0.0006 0.0177 0.0033 
        025s 13 0.0020 0.9962 0.0007 0.0008 0.0004 
        026s 13 0.0035 0.8983 0.0004 0.0915 0.0063 
        027s 13 0.0018 0.9474 0.0040 0.0453 0.0015 
        028s 13 0.0023 0.9683 0.0086 0.0100 0.0108 
        029s 13 0.0009 0.9802 0.0006 0.0175 0.0008 
        030s 13 0.0222 0.9040 0.0005 0.0730 0.0003 
        031s 13 0.1014 0.8937 0.0010 0.0028 0.0011 
        032s 13 0.0004 0.9966 0.0005 0.0005 0.0021 
        033s 13 0.0008 0.9582 0.0006 0.0036 0.0368 
        034s 13 0.0008 0.9446 0.0018 0.0501 0.0026 
        035s 13 0.0038 0.9942 0.0010 0.0004 0.0005 
        036s 13 0.0003 0.9964 0.0007 0.0023 0.0003 
        037s 13 0.0014 0.9969 0.0010 0.0003 0.0004 
        038s 13 0.0007 0.9962 0.0008 0.0010 0.0012 
        039s 13 0.0746 0.8232 0.0011 0.1002 0.0009 
        040s 13 0.0012 0.9966 0.0005 0.0010 0.0008 
        041s 13 0.0017 0.9348 0.0003 0.0601 0.0030 
        042s 13 0.0008 0.9973 0.0007 0.0004 0.0008 
        001s 14 0.0008 0.9630 0.0018 0.0338 0.0006 
        002s 14 0.0014 0.9302 0.0028 0.0635 0.0021 
        003s 14 0.0005 0.9979 0.0004 0.0007 0.0005 
        004s 14 0.0028 0.9815 0.0006 0.0089 0.0060 
        005s 14 0.0006 0.9984 0.0006 0.0002 0.0002 
        006s 14 0.0002 0.9987 0.0003 0.0004 0.0004 
        007s 14 0.0013 0.9969 0.0004 0.0006 0.0007 
        008s 14 0.0008 0.8794 0.0179 0.0999 0.0020 
        009s 14 0.0008 0.9900 0.0068 0.0018 0.0006 
        010s 14 0.0012 0.9287 0.0128 0.0568 0.0005 
        011s 14 0.0010 0.9634 0.0004 0.0053 0.0298 
        012s 14 0.0012 0.9949 0.0017 0.0006 0.0016 
        013s 14 0.0045 0.9915 0.0006 0.0007 0.0027 
        014s 14 0.0006 0.9537 0.0064 0.0387 0.0006 
        015s 14 0.0023 0.9870 0.0094 0.0008 0.0006 
        016s 14 0.0118 0.9864 0.0005 0.0012 0.0002 
        017s 14 0.0005 0.9303 0.0005 0.0532 0.0154 
        018s 14 0.0012 0.9969 0.0008 0.0007 0.0004 
        019s 14 0.0006 0.9966 0.0004 0.0009 0.0015 
        020s 14 0.0009 0.9894 0.0086 0.0009 0.0002 
        021s 14 0.0004 0.9853 0.0081 0.0059 0.0003 
        022s 14 0.0011 0.9900 0.0018 0.0046 0.0024 
        023s 14 0.0024 0.9909 0.0024 0.0037 0.0006 
        024s 14 0.0007 0.9377 0.0029 0.0573 0.0014 
        025s 14 0.0003 0.9375 0.0003 0.0617 0.0002 
        026s 14 0.0008 0.9970 0.0014 0.0006 0.0002 
        027s 14 0.0033 0.9940 0.0005 0.0017 0.0006 
        028s 14 0.0005 0.9952 0.0018 0.0005 0.0020 
        029s 14 0.0010 0.9981 0.0004 0.0003 0.0002 
        030s 14 0.0005 0.9883 0.0005 0.0006 0.0102 
        031s 14 0.0011 0.9846 0.0004 0.0005 0.0134 
        032s 14 0.0019 0.9962 0.0003 0.0010 0.0007 
        033s 14 0.0005 0.9462 0.0006 0.0007 0.0519 
        034s 14 0.0007 0.9981 0.0005 0.0003 0.0003 
        035s 14 0.0006 0.8374 0.0003 0.0795 0.0821 
        036s 14 0.0036 0.8850 0.0011 0.0749 0.0354 
        037s 14 0.0030 0.9948 0.0007 0.0011 0.0003 
        038s 14 0.0005 0.9976 0.0004 0.0007 0.0008 
        039s 14 0.0044 0.9886 0.0030 0.0027 0.0014 
        040s 14 0.0007 0.9842 0.0004 0.0143 0.0005 
        041s 14 0.0006 0.9972 0.0005 0.0006 0.0011 
        042s 14 0.0009 0.9212 0.0010 0.0765 0.0003 
        001s 15 0.0010 0.9966 0.0009 0.0011 0.0004 
        002s 15 0.0078 0.8859 0.0080 0.0960 0.0024 
        003s 15 0.0054 0.9826 0.0011 0.0104 0.0006 
        004s 15 0.0002 0.9909 0.0078 0.0006 0.0004 
        005s 15 0.0053 0.9787 0.0009 0.0130 0.0021 
        006s 15 0.0013 0.9865 0.0006 0.0104 0.0012 
        007s 15 0.0003 0.9980 0.0011 0.0003 0.0004 
        008s 15 0.0005 0.9981 0.0006 0.0005 0.0004 
        009s 15 0.0399 0.9271 0.0004 0.0298 0.0028 
        010s 15 0.0009 0.9977 0.0003 0.0008 0.0004 
        011s 15 0.0012 0.9368 0.0004 0.0006 0.0610 
        012s 15 0.0020 0.9928 0.0009 0.0030 0.0012 
        013s 15 0.0013 0.9942 0.0032 0.0009 0.0003 
        014s 15 0.0052 0.9892 0.0035 0.0015 0.0007 
        015s 15 0.0053 0.9118 0.0007 0.0777 0.0046 
        016s 15 0.0004 0.8939 0.0354 0.0058 0.0645 
        017s 15 0.0019 0.9796 0.0170 0.0011 0.0005 
        018s 15 0.0004 0.9950 0.0020 0.0024 0.0002 
        019s 15 0.0040 0.9888 0.0006 0.0061 0.0004 
        020s 15 0.0005 0.9979 0.0004 0.0008 0.0005 
        021s 15 0.0032 0.9148 0.0022 0.0793 0.0006 
        022s 15 0.0006 0.9963 0.0006 0.0008 0.0018 
        023s 15 0.0005 0.9700 0.0007 0.0269 0.0020 
        024s 15 0.0007 0.9960 0.0005 0.0014 0.0014 
        025s 15 0.0262 0.9649 0.0017 0.0058 0.0014 
        026s 15 0.0230 0.9719 0.0034 0.0009 0.0008 
        027s 15 0.0008 0.9764 0.0121 0.0026 0.0080 
        028s 15 0.0012 0.9948 0.0025 0.0003 0.0012 
        029s 15 0.0010 0.9962 0.0014 0.0005 0.0009 
        030s 15 0.0004 0.9977 0.0014 0.0003 0.0003 
        031s 15 0.0079 0.9255 0.0016 0.0639 0.0012 
        032s 15 0.0016 0.9968 0.0009 0.0005 0.0002 
        033s 15 0.0003 0.9340 0.0010 0.0638 0.0009 
        035s 15 0.0006 0.9937 0.0022 0.0011 0.0024 
        036s 15 0.0040 0.9939 0.0004 0.0006 0.0012 
        037s 15 0.0008 0.9901 0.0005 0.0006 0.0080 
        038s 15 0.0003 0.9953 0.0007 0.0028 0.0009 
        039s 15 0.0003 0.9197 0.0003 0.0794 0.0002 
        040s 15 0.0007 0.9923 0.0026 0.0027 0.0017 
        041s 15 0.0022 0.9217 0.0005 0.0715 0.0041 
        042s 15 0.0008 0.9924 0.0024 0.0041 0.0003 
        043s 15 0.0014 0.9864 0.0003 0.0103 0.0015 
        044s 15 0.0006 0.9933 0.0011 0.0043 0.0007 
        045s 15 0.0782 0.8878 0.0018 0.0032 0.0289 
        046s 15 0.0006 0.9789 0.0004 0.0148 0.0053 
        047s 15 0.0005 0.9702 0.0004 0.0271 0.0017 
        048s 15 0.0162 0.9817 0.0011 0.0005 0.0005 
        049s 15 0.0005 0.9850 0.0004 0.0128 0.0013 
        050s 15 0.0029 0.8501 0.0118 0.1345 0.0006 
         001 16 0.0004 0.8137 0.0020 0.1694 0.0145 
         002 16 0.0004 0.9542 0.0003 0.0444 0.0008 
         003 16 0.0014 0.9874 0.0030 0.0028 0.0054 
         004 16 0.0012 0.9967 0.0006 0.0007 0.0008 
         005 16 0.0281 0.9174 0.0023 0.0493 0.0030 
         006 16 0.0133 0.9744 0.0009 0.0099 0.0015 
         007 16 0.0013 0.9936 0.0007 0.0038 0.0006 
         008 16 0.0003 0.8501 0.0006 0.1445 0.0045 
         009 16 0.0005 0.9960 0.0010 0.0022 0.0003 
         010 16 0.0008 0.9672 0.0006 0.0309 0.0004 
         011 16 0.0016 0.9902 0.0005 0.0065 0.0011 
         012 16 0.0010 0.9961 0.0008 0.0005 0.0016 
         013 16 0.0006 0.9978 0.0005 0.0003 0.0007 
         014 16 0.0003 0.9608 0.0011 0.0370 0.0008 
         015 16 0.3697 0.6278 0.0007 0.0003 0.0015 
         016 16 0.0136 0.9803 0.0045 0.0014 0.0003 
         017 16 0.0015 0.9867 0.0005 0.0055 0.0059 
         018 16 0.0279 0.9252 0.0067 0.0386 0.0016 
         019 16 0.0004 0.9296 0.0011 0.0636 0.0053 
         020 16 0.0005 0.9975 0.0008 0.0002 0.0009 
         021 16 0.0006 0.8687 0.0031 0.0956 0.0321 
         022 16 0.0026 0.9653 0.0009 0.0310 0.0003 
         023 16 0.0082 0.9596 0.0005 0.0311 0.0006 
         024 16 0.0286 0.9645 0.0009 0.0056 0.0003 
         025 16 0.0017 0.9357 0.0009 0.0477 0.0140 
         026 16 0.0041 0.8874 0.0003 0.1072 0.0011 
         027 16 0.0016 0.9767 0.0097 0.0115 0.0005 
         028 16 0.0003 0.8099 0.0181 0.1470 0.0247 
         029 16 0.0006 0.9644 0.0012 0.0025 0.0313 
         030 16 0.0004 0.9938 0.0004 0.0007 0.0047 
         031 16 0.0005 0.9859 0.0120 0.0008 0.0008 
         032 16 0.0049 0.9051 0.0010 0.0881 0.0009 
         033 16 0.0002 0.9981 0.0004 0.0005 0.0008 
         034 16 0.0015 0.9915 0.0003 0.0037 0.0030 
         035 16 0.0002 0.9981 0.0006 0.0002 0.0008 
         036 16 0.0018 0.9956 0.0016 0.0005 0.0005 
         037 16 0.0037 0.9590 0.0009 0.0229 0.0135 
         038 16 0.0064 0.9895 0.0012 0.0021 0.0007 
         039 16 0.0004 0.9965 0.0011 0.0017 0.0003 
         040 16 0.0013 0.9960 0.0004 0.0008 0.0015 
         041 16 0.0010 0.9972 0.0003 0.0007 0.0007 
         042 16 0.0006 0.9958 0.0018 0.0011 0.0006 
         043 16 0.0008 0.9970 0.0009 0.0009 0.0004 
         044 16 0.0009 0.9904 0.0014 0.0065 0.0008 
         045 16 0.0002 0.9894 0.0023 0.0019 0.0062 
         047 16 0.0012 0.9541 0.0061 0.0016 0.0371 
         048 16 0.0006 0.9935 0.0006 0.0015 0.0038 
         049 16 0.0043 0.9919 0.0005 0.0004 0.0028 
         050 16 0.0003 0.9984 0.0004 0.0004 0.0006 
         051 16 0.0005 0.9958 0.0017 0.0008 0.0011 
         052 16 0.0007 0.9984 0.0004 0.0002 0.0004 
         053 16 0.0004 0.9978 0.0008 0.0004 0.0006 
         054 16 0.0005 0.9302 0.0010 0.0676 0.0006 
         055 16 0.0003 0.9380 0.0005 0.0058 0.0554 
         056 16 0.0061 0.9916 0.0005 0.0015 0.0003 
         057 16 0.0002 0.9072 0.0004 0.0920 0.0003 
         058 16 0.0101 0.8904 0.0002 0.0929 0.0064 
         059 16 0.0859 0.8136 0.0021 0.0864 0.0119 
         060 16 0.0091 0.9858 0.0013 0.0030 0.0008 
         061 16 0.0011 0.9960 0.0005 0.0015 0.0009 
         062 16 0.0004 0.9908 0.0012 0.0008 0.0069 
         063 16 0.0006 0.9956 0.0006 0.0028 0.0005 
         064 16 0.0019 0.9969 0.0005 0.0003 0.0004 
         065 16 0.0028 0.9922 0.0015 0.0014 0.0021 
         066 16 0.0005 0.9975 0.0012 0.0004 0.0004 
         067 16 0.0766 0.9180 0.0013 0.0008 0.0033 
         068 16 0.0293 0.9643 0.0008 0.0043 0.0014 
         069 16 0.0004 0.9929 0.0054 0.0007 0.0007 
         070 16 0.0006 0.9922 0.0023 0.0044 0.0006 
         071 16 0.0003 0.9127 0.0006 0.0764 0.0101 
         072 16 0.0010 0.9911 0.0007 0.0065 0.0007 
         073 16 0.0003 0.9953 0.0006 0.0009 0.0029 
         074 16 0.0002 0.9981 0.0005 0.0005 0.0007 
         075 16 0.0008 0.9694 0.0006 0.0251 0.0042 
         076 16 0.0004 0.9975 0.0005 0.0008 0.0007 
         077 16 0.0592 0.8912 0.0235 0.0215 0.0047 
         078 16 0.0022 0.9636 0.0006 0.0330 0.0005 
         079 16 0.0011 0.9040 0.0024 0.0889 0.0035 
         080 16 0.0012 0.9933 0.0004 0.0048 0.0003 
         081 16 0.0004 0.9573 0.0010 0.0076 0.0337 
         082 16 0.0004 0.9756 0.0005 0.0128 0.0107 
         083 16 0.0017 0.9964 0.0006 0.0005 0.0008 
         084 16 0.0011 0.9929 0.0029 0.0014 0.0017 
         085 16 0.0085 0.9883 0.0018 0.0009 0.0005 
         086 16 0.0007 0.8852 0.0008 0.1082 0.0050 
         087 16 0.0003 0.9824 0.0011 0.0139 0.0023 
         088 16 0.0021 0.9964 0.0005 0.0007 0.0003 
         089 16 0.0008 0.9902 0.0008 0.0010 0.0072 
         090 16 0.0006 0.9907 0.0015 0.0065 0.0007 
         091 16 0.0007 0.9963 0.0007 0.0009 0.0014 
         092 16 0.0011 0.9561 0.0005 0.0415 0.0009 
         093 16 0.0004 0.9963 0.0019 0.0010 0.0004 
         094 16 0.0406 0.9474 0.0046 0.0066 0.0008 
         095 16 0.0005 0.9977 0.0010 0.0006 0.0002 
         096 16 0.0040 0.9710 0.0006 0.0013 0.0232 
         097 16 0.0073 0.8987 0.0021 0.0035 0.0883 
         098 16 0.0034 0.9891 0.0062 0.0010 0.0004 
         099 16 0.0068 0.9915 0.0010 0.0004 0.0004 
         100 16 0.0014 0.9966 0.0007 0.0009 0.0003 
         101 16 0.0033 0.9566 0.0005 0.0392 0.0005 
         102 16 0.0013 0.9955 0.0005 0.0013 0.0014 
         103 16 0.0019 0.9910 0.0033 0.0014 0.0024 
         104 16 0.0036 0.9930 0.0004 0.0025 0.0006 
         105 16 0.0037 0.8894 0.0043 0.0799 0.0228 
         106 16 0.0020 0.9950 0.0004 0.0022 0.0004 
         107 16 0.0061 0.9376 0.0453 0.0106 0.0004 
         108 16 0.1648 0.6461 0.0676 0.1205 0.0010 
         109 16 0.0007 0.9834 0.0006 0.0118 0.0035 
         110 16 0.0012 0.9975 0.0003 0.0004 0.0006 
         111 16 0.0012 0.9372 0.0011 0.0600 0.0004 
         112 16 0.0015 0.9515 0.0010 0.0456 0.0004 
         113 16 0.0008 0.9434 0.0005 0.0512 0.0041 
         114 16 0.0015 0.9768 0.0037 0.0176 0.0004 
         115 16 0.0007 0.9978 0.0003 0.0003 0.0009 
         116 16 0.0011 0.9839 0.0005 0.0141 0.0005 
         117 16 0.0008 0.9840 0.0043 0.0070 0.0039 
         118 16 0.0116 0.9832 0.0007 0.0041 0.0003 
         119 16 0.0013 0.9943 0.0019 0.0018 0.0007 
         120 16 0.0006 0.9829 0.0009 0.0004 0.0152 
         121 16 0.0305 0.9624 0.0002 0.0006 0.0063 
         122 16 0.0004 0.9983 0.0003 0.0004 0.0006 
         123 16 0.0005 0.9923 0.0023 0.0037 0.0012 
         124 16 0.0011 0.9880 0.0004 0.0100 0.0006 
         126 16 0.0015 0.8318 0.0016 0.1642 0.0008 
         001 17 0.0005 0.9879 0.0083 0.0007 0.0025 
         002 17 0.0004 0.9963 0.0004 0.0024 0.0004 
         003 17 0.0003 0.9980 0.0009 0.0004 0.0004 
         005 17 0.0003 0.9755 0.0235 0.0003 0.0004 
         006 17 0.0007 0.9445 0.0017 0.0017 0.0514 
         007 17 0.0229 0.8396 0.0039 0.1188 0.0148 
         008 17 0.0007 0.8805 0.0005 0.1097 0.0085 
         009 17 0.0004 0.9986 0.0005 0.0002 0.0003 
         010 17 0.0010 0.9970 0.0005 0.0006 0.0009 
         011 17 0.3791 0.4823 0.0014 0.1364 0.0008 
         012 17 0.0014 0.9928 0.0008 0.0045 0.0005 
         013 17 0.0003 0.9985 0.0007 0.0003 0.0002 
         014 17 0.0003 0.9976 0.0012 0.0005 0.0004 
         015 17 0.0003 0.9940 0.0006 0.0010 0.0040 
         016 17 0.0004 0.9979 0.0005 0.0006 0.0006 
         017 17 0.0013 0.9943 0.0009 0.0013 0.0022 
         018 17 0.0004 0.9457 0.0209 0.0312 0.0018 
         019 17 0.0007 0.9981 0.0006 0.0004 0.0002 
         020 17 0.0007 0.9974 0.0003 0.0008 0.0008 
         021 17 0.0009 0.9977 0.0005 0.0002 0.0007 
         022 17 0.0017 0.9425 0.0141 0.0356 0.0060 
         023 17 0.0005 0.9872 0.0023 0.0097 0.0003 
         024 17 0.0038 0.9367 0.0014 0.0232 0.0348 
         025 17 0.0003 0.9987 0.0003 0.0003 0.0004 
         002 18 0.0019 0.9921 0.0050 0.0002 0.0008 
         003 18 0.0012 0.9979 0.0004 0.0003 0.0002 
         004 18 0.0008 0.9365 0.0019 0.0602 0.0006 
         005 18 0.0330 0.9610 0.0005 0.0051 0.0004 
         006 18 0.0009 0.9980 0.0004 0.0005 0.0003 
         007 18 0.0004 0.9922 0.0021 0.0011 0.0043 
         008 18 0.0019 0.9965 0.0004 0.0002 0.0010 
         009 18 0.0020 0.9843 0.0010 0.0086 0.0040 
         010 18 0.0073 0.9878 0.0030 0.0003 0.0016 
         011 18 0.0019 0.9953 0.0017 0.0006 0.0004 
         012 18 0.0026 0.9774 0.0005 0.0187 0.0009 
         015 18 0.0013 0.9962 0.0004 0.0016 0.0004 
         016 18 0.0003 0.9941 0.0004 0.0019 0.0032 
         018 18 0.0060 0.9883 0.0049 0.0004 0.0004 
         026 18 0.0008 0.9849 0.0026 0.0005 0.0113 
         027 18 0.0015 0.9953 0.0025 0.0002 0.0005 
         028 18 0.0002 0.9678 0.0303 0.0012 0.0005 
         029 18 0.0004 0.9972 0.0006 0.0012 0.0006 
         031 18 0.0770 0.8210 0.0304 0.0693 0.0022 
         032 18 0.0003 0.9975 0.0011 0.0004 0.0007 
         033 18 0.0006 0.9972 0.0008 0.0011 0.0004 
         035 18 0.0004 0.9977 0.0004 0.0010 0.0005 
         036 18 0.0101 0.9879 0.0008 0.0006 0.0007 
         037 18 0.0120 0.9621 0.0133 0.0009 0.0117 
         038 18 0.0015 0.9222 0.0519 0.0017 0.0227 
         039 18 0.0012 0.9978 0.0003 0.0003 0.0004 
         044 18 0.0004 0.8748 0.0007 0.1186 0.0055 
         046 18 0.0307 0.9606 0.0059 0.0027 0.0002 
         049 18 0.0003 0.9980 0.0008 0.0004 0.0005 
         053 18 0.0005 0.9954 0.0012 0.0023 0.0006 
         054 18 0.0009 0.9857 0.0009 0.0011 0.0114 
         056 18 0.0016 0.9291 0.0024 0.0667 0.0002 
         057 18 0.0034 0.9922 0.0005 0.0003 0.0036 
         058 18 0.0037 0.9884 0.0059 0.0013 0.0006 
        001s 19 0.0005 0.9276 0.0008 0.0705 0.0007 
        002s 19 0.0008 0.9911 0.0009 0.0068 0.0005 
        003s 19 0.0004 0.9695 0.0004 0.0293 0.0004 
        004s 19 0.0278 0.9651 0.0047 0.0015 0.0009 
        005s 19 0.0743 0.8911 0.0048 0.0040 0.0258 
        006s 19 0.0014 0.9947 0.0013 0.0011 0.0015 
        007s 19 0.0204 0.9590 0.0004 0.0016 0.0186 
        008s 19 0.0127 0.9356 0.0013 0.0487 0.0017 
        009s 19 0.0022 0.9953 0.0005 0.0013 0.0007 
        010s 19 0.0004 0.9785 0.0151 0.0017 0.0044 
        011s 19 0.0013 0.9904 0.0047 0.0003 0.0032 
        012s 19 0.0003 0.9944 0.0019 0.0015 0.0020 
        013s 19 0.0004 0.9882 0.0006 0.0043 0.0066 
        014s 19 0.0130 0.9171 0.0006 0.0628 0.0065 
        015s 19 0.0005 0.9966 0.0004 0.0006 0.0019 
        016s 19 0.0425 0.9355 0.0187 0.0017 0.0017 
        017s 19 0.0028 0.9390 0.0019 0.0555 0.0007 
        018s 19 0.0031 0.9930 0.0013 0.0019 0.0008 
        019s 19 0.0008 0.9099 0.0006 0.0843 0.0043 
        020s 19 0.0017 0.9238 0.0008 0.0716 0.0020 
        021s 19 0.0004 0.9926 0.0013 0.0046 0.0011 
        022s 19 0.0005 0.9808 0.0013 0.0164 0.0011 
        023s 19 0.0026 0.9902 0.0019 0.0006 0.0046 
        024s 19 0.0017 0.9953 0.0023 0.0004 0.0003 
        025s 19 0.0023 0.8654 0.0010 0.1309 0.0003 
        026s 19 0.0037 0.9870 0.0022 0.0036 0.0036 
        027s 19 0.0011 0.9939 0.0008 0.0035 0.0006 
        028s 19 0.0004 0.9911 0.0006 0.0065 0.0015 
        029s 19 0.0006 0.9966 0.0016 0.0002 0.0010 
        030s 19 0.0006 0.9924 0.0039 0.0020 0.0011 
        031s 19 0.0006 0.9956 0.0004 0.0022 0.0012 
        032s 19 0.0004 0.9974 0.0004 0.0006 0.0012 
        033s 19 0.0044 0.9933 0.0011 0.0003 0.0009 
        034s 19 0.0012 0.9968 0.0005 0.0006 0.0009 
        035s 19 0.0042 0.9758 0.0039 0.0145 0.0017 
        036s 19 0.0011 0.9971 0.0003 0.0004 0.0011 
        037s 19 0.0004 0.9977 0.0010 0.0005 0.0004 
        038s 19 0.0013 0.9941 0.0016 0.0015 0.0015 
        039s 19 0.0005 0.9981 0.0005 0.0006 0.0004 
        040s 19 0.0005 0.9708 0.0004 0.0005 0.0278 
        041s 19 0.0005 0.9985 0.0003 0.0003 0.0004 
        042s 19 0.0158 0.9738 0.0072 0.0024 0.0010 
        043s 19 0.0004 0.9591 0.0015 0.0376 0.0014 
        044s 19 0.0016 0.9965 0.0009 0.0002 0.0008 
        045s 19 0.0012 0.9971 0.0010 0.0005 0.0002 
        046s 19 0.0053 0.9898 0.0016 0.0017 0.0017 
        047s 19 0.0004 0.9910 0.0005 0.0006 0.0075 
        048s 19 0.0006 0.9051 0.0010 0.0898 0.0035 
        049s 19 0.0068 0.9808 0.0007 0.0061 0.0056 
        050s 19 0.0006 0.9970 0.0004 0.0019 0.0002 
        051s 19 0.0110 0.9408 0.0012 0.0054 0.0415 
        052s 19 0.0007 0.9966 0.0013 0.0008 0.0006 
      LIW2-4 20 0.0026 0.9928 0.0023 0.0005 0.0019 
     LIW2-12 21 0.0783 0.9111 0.0085 0.0018 0.0004 
     LIW2-20 22 0.0010 0.9911 0.0050 0.0025 0.0004 
     LIW2-28 23 0.0646 0.8791 0.0013 0.0541 0.0010 
      LIW1-5 24 0.0035 0.9933 0.0016 0.0011 0.0006 
     LIW1-13 25 0.0134 0.9187 0.0007 0.0583 0.0089 
     LIW1-21 26 0.0290 0.9508 0.0088 0.0111 0.0004 
     LIW1-29 27 0.0201 0.9567 0.0033 0.0179 0.0020 
      LIW2-5 28 0.0019 0.9898 0.0071 0.0005 0.0007 
     LIW2-34 29 0.0038 0.9875 0.0076 0.0002 0.0008 
