        001s  1 0.0008 0.0007 0.9985 
        002s  1 0.0012 0.0023 0.9965 
        003s  1 0.0034 0.0036 0.9931 
        004s  1 0.0052 0.0456 0.9492 
        005s  1 0.0023 0.4285 0.5692 
        006s  1 0.0008 0.0011 0.9982 
        007s  1 0.0051 0.0017 0.9932 
        008s  1 0.0011 0.0046 0.9942 
        009s  1 0.0137 0.0712 0.9152 
        010s  1 0.0005 0.0059 0.9935 
        011s  1 0.0032 0.0039 0.9929 
        012s  1 0.0034 0.1311 0.8654 
        013s  1 0.0111 0.0288 0.9602 
        014s  1 0.0145 0.0208 0.9647 
        015s  1 0.0008 0.0008 0.9984 
        016s  1 0.0117 0.0016 0.9867 
        018s  1 0.0027 0.1354 0.8619 
        019s  1 0.0018 0.0050 0.9932 
        020s  1 0.0110 0.0006 0.9884 
        021s  1 0.0091 0.0013 0.9897 
        022s  1 0.0010 0.0004 0.9986 
        023s  1 0.0132 0.0006 0.9862 
        024s  1 0.0013 0.0019 0.9968 
        025s  1 0.0016 0.0109 0.9874 
        026s  1 0.0134 0.0016 0.9850 
        027s  1 0.0033 0.0110 0.9858 
        028s  1 0.0011 0.1084 0.8905 
        029s  1 0.0010 0.0010 0.9980 
        030s  1 0.0010 0.0046 0.9943 
        031s  1 0.0017 0.0004 0.9979 
        032s  1 0.0012 0.0012 0.9976 
        033s  1 0.0018 0.0067 0.9915 
        034s  1 0.0555 0.0020 0.9426 
        035s  1 0.0016 0.0034 0.9950 
        036s  1 0.0027 0.0761 0.9211 
        037s  1 0.0606 0.1178 0.8216 
        038s  1 0.0015 0.0020 0.9965 
        039s  1 0.0008 0.0045 0.9948 
        040s  1 0.0046 0.0028 0.9926 
        041s  1 0.0048 0.0016 0.9936 
        042s  1 0.0962 0.0347 0.8690 
        043s  1 0.0006 0.0218 0.9776 
        044s  1 0.0155 0.1120 0.8726 
        045s  1 0.0014 0.0058 0.9929 
        046s  1 0.0011 0.0013 0.9976 
        047s  1 0.0077 0.0007 0.9916 
        048s  1 0.0014 0.0073 0.9913 
        049s  1 0.0007 0.0013 0.9980 
        050s  1 0.0009 0.0984 0.9007 
        051s  1 0.0017 0.0008 0.9976 
        052s  1 0.0022 0.0292 0.9686 
        053s  1 0.0008 0.0015 0.9977 
        054s  1 0.0014 0.0007 0.9979 
        055s  1 0.0863 0.0770 0.8367 
          01  2 0.0075 0.1167 0.8758 
          02  2 0.0009 0.0265 0.9726 
          03  2 0.0018 0.0019 0.9964 
          04  2 0.0153 0.0282 0.9565 
          05  2 0.0009 0.0948 0.9043 
          06  2 0.0010 0.0387 0.9603 
          07  2 0.0009 0.0159 0.9832 
          08  2 0.0014 0.0495 0.9491 
          09  2 0.0006 0.0008 0.9986 
          10  2 0.0007 0.0017 0.9977 
          11  2 0.0049 0.0060 0.9890 
          12  2 0.0008 0.0013 0.9980 
          13  2 0.0007 0.0006 0.9987 
          14  2 0.0287 0.0012 0.9701 
          15  2 0.0021 0.0011 0.9969 
          16  2 0.0051 0.0413 0.9536 
          17  2 0.0017 0.0034 0.9949 
          18  2 0.0016 0.0334 0.9650 
          19  2 0.0066 0.0010 0.9925 
          20  2 0.0095 0.0708 0.9197 
          21  2 0.0010 0.0014 0.9976 
          22  2 0.0083 0.0064 0.9853 
          23  2 0.0028 0.0030 0.9942 
          24  2 0.0012 0.0011 0.9978 
          25  2 0.0014 0.0429 0.9557 
          26  2 0.0004 0.0011 0.9985 
          27  2 0.0052 0.0159 0.9789 
          28  2 0.0068 0.0008 0.9924 
          29  2 0.0005 0.0014 0.9981 
          30  2 0.1018 0.1229 0.7753 
          01  3 0.0183 0.6297 0.3520 
          02  3 0.0094 0.7955 0.1952 
          03  3 0.0025 0.6148 0.3827 
          04  3 0.0037 0.7923 0.2040 
          05  3 0.1541 0.7768 0.0691 
          06  3 0.0018 0.9095 0.0888 
          07  3 0.0007 0.6004 0.3990 
          08  3 0.0154 0.6765 0.3081 
          09  3 0.0123 0.6629 0.3248 
          10  3 0.1356 0.6139 0.2505 
          11  3 0.0006 0.6976 0.3019 
          12  3 0.0009 0.7069 0.2922 
          13  3 0.0008 0.9752 0.0240 
          14  3 0.1660 0.7868 0.0471 
          15  3 0.0043 0.6365 0.3592 
          16  3 0.0030 0.9168 0.0802 
          17  3 0.0023 0.5624 0.4353 
          18  3 0.2898 0.5315 0.1786 
          19  3 0.0083 0.8257 0.1660 
          20  3 0.0731 0.7405 0.1864 
          21  3 0.0101 0.7389 0.2511 
          22  3 0.0164 0.6783 0.3053 
          23  3 0.0027 0.7504 0.2469 
          24  3 0.0227 0.7522 0.2251 
          25  3 0.1875 0.6481 0.1644 
          26  3 0.0017 0.7536 0.2447 
          27  3 0.1789 0.6232 0.1978 
          28  3 0.0005 0.9031 0.0964 
          29  3 0.0279 0.7991 0.1730 
          30  3 0.0006 0.6718 0.3277 
         001  4 0.1069 0.8920 0.0011 
         002  4 0.0645 0.8577 0.0778 
         003  4 0.0809 0.8692 0.0498 
         004  4 0.0662 0.9333 0.0005 
         005  4 0.1203 0.8744 0.0052 
         006  4 0.0335 0.8850 0.0815 
         007  4 0.0804 0.8192 0.1005 
         008  4 0.1200 0.8170 0.0629 
         009  4 0.0949 0.9023 0.0028 
         010  4 0.0008 0.9986 0.0006 
         011  4 0.1526 0.8344 0.0130 
         012  4 0.1136 0.8637 0.0228 
         013  4 0.0215 0.9584 0.0202 
         014  4 0.0863 0.8750 0.0387 
         015  4 0.0020 0.9971 0.0009 
         016  4 0.0617 0.9368 0.0015 
         017  4 0.0022 0.9048 0.0931 
         019  4 0.0992 0.8953 0.0054 
         020  4 0.0852 0.8333 0.0816 
         021  4 0.1012 0.8825 0.0163 
         001  5 0.1156 0.8509 0.0335 
         002  5 0.0966 0.7774 0.1260 
         003  5 0.0886 0.6925 0.2189 
         004  5 0.0955 0.7653 0.1392 
         005  5 0.0914 0.8531 0.0556 
         006  5 0.0046 0.8917 0.1038 
         007  5 0.0762 0.9116 0.0122 
         008  5 0.0499 0.9227 0.0273 
         009  5 0.0725 0.7654 0.1621 
         010  5 0.0981 0.8538 0.0481 
         011  5 0.1404 0.8430 0.0166 
         012  5 0.0726 0.8197 0.1078 
         013  5 0.0343 0.6768 0.2889 
         014  5 0.1015 0.6572 0.2413 
         015  5 0.0607 0.9303 0.0091 
         016  5 0.0290 0.8710 0.1000 
         017  5 0.0046 0.8102 0.1852 
         018  5 0.0914 0.7605 0.1481 
         019  5 0.0889 0.8523 0.0588 
         020  5 0.1051 0.8675 0.0274 
         021  5 0.0966 0.6706 0.2327 
         022  5 0.1277 0.7537 0.1186 
         023  5 0.0729 0.9189 0.0082 
         024  5 0.0270 0.7691 0.2039 
         025  5 0.0294 0.8118 0.1588 
         026  5 0.0186 0.7093 0.2721 
         027  5 0.0675 0.9085 0.0240 
         028  5 0.0873 0.8121 0.1006 
         029  5 0.0080 0.8768 0.1152 
         030  5 0.0899 0.8217 0.0884 
        001s  6 0.0242 0.0172 0.9586 
        002s  6 0.0022 0.0194 0.9785 
        003s  6 0.0043 0.0047 0.9910 
        004s  6 0.0009 0.0006 0.9984 
        006s  6 0.0201 0.0832 0.8967 
        007s  6 0.0007 0.0017 0.9977 
        008s  6 0.0081 0.0018 0.9901 
        009s  6 0.0012 0.0005 0.9983 
        010s  6 0.0228 0.0314 0.9457 
        011s  6 0.0020 0.0021 0.9959 
        012s  6 0.0021 0.0024 0.9955 
        013s  6 0.0006 0.0018 0.9976 
        014s  6 0.0004 0.0534 0.9462 
        015s  6 0.0090 0.0253 0.9657 
        016s  6 0.0016 0.0013 0.9971 
        018s  6 0.0079 0.2360 0.7562 
        019s  6 0.0041 0.0152 0.9807 
        020s  6 0.0007 0.0007 0.9985 
        021s  6 0.0060 0.0131 0.9810 
        022s  6 0.0053 0.0009 0.9938 
        023s  6 0.0011 0.0077 0.9912 
        024s  6 0.0017 0.0289 0.9695 
        025s  6 0.0723 0.0027 0.9250 
        026s  6 0.0006 0.0009 0.9985 
        027s  6 0.0007 0.0010 0.9983 
        028s  6 0.0104 0.0476 0.9419 
        029s  6 0.0017 0.0006 0.9977 
        030s  6 0.0234 0.0542 0.9224 
        031s  6 0.0006 0.0067 0.9927 
        032s  6 0.0011 0.0132 0.9857 
        033s  6 0.0017 0.0355 0.9628 
        034s  6 0.0194 0.0036 0.9770 
        035s  6 0.0020 0.1154 0.8826 
        036s  6 0.0015 0.0048 0.9937 
        037s  6 0.0024 0.0015 0.9961 
        038s  6 0.0012 0.0010 0.9977 
        039s  6 0.0010 0.0004 0.9986 
        040s  6 0.0005 0.0012 0.9984 
        041s  6 0.0095 0.0022 0.9882 
        042s  6 0.0608 0.0044 0.9349 
        043s  6 0.0097 0.0013 0.9890 
        044s  6 0.0013 0.0011 0.9976 
        045s  6 0.0041 0.0018 0.9941 
        001s  7 0.0015 0.0013 0.9972 
        002s  7 0.0035 0.0139 0.9825 
        003s  7 0.0017 0.0033 0.9950 
        004s  7 0.0011 0.0035 0.9953 
        005s  7 0.0034 0.0174 0.9792 
        006s  7 0.0114 0.0429 0.9457 
        007s  7 0.0029 0.0183 0.9788 
        008s  7 0.0022 0.0031 0.9947 
        009s  7 0.0153 0.0058 0.9789 
        010s  7 0.0024 0.0009 0.9967 
        011s  7 0.0015 0.0009 0.9976 
        012s  7 0.0010 0.0009 0.9981 
        013s  7 0.0068 0.0017 0.9915 
        014s  7 0.0005 0.0118 0.9877 
        015s  7 0.0019 0.0138 0.9844 
        016s  7 0.0114 0.0450 0.9437 
        017s  7 0.0009 0.0014 0.9977 
        018s  7 0.0010 0.0017 0.9973 
        019s  7 0.0176 0.0026 0.9798 
        020s  7 0.0006 0.0013 0.9981 
        021s  7 0.0017 0.0016 0.9968 
        022s  7 0.0014 0.0060 0.9926 
        023s  7 0.0290 0.0094 0.9616 
        024s  7 0.0009 0.0015 0.9976 
        025s  7 0.0014 0.0040 0.9947 
        026s  7 0.0018 0.0010 0.9973 
        027s  7 0.0008 0.0021 0.9971 
        028s  7 0.0007 0.0048 0.9945 
        029s  7 0.0038 0.0053 0.9909 
        030s  7 0.0062 0.0007 0.9932 
        031s  7 0.0162 0.0032 0.9807 
        032s  7 0.0008 0.0658 0.9333 
        033s  7 0.0038 0.0231 0.9730 
        034s  7 0.0008 0.0334 0.9658 
        035s  7 0.0015 0.0005 0.9979 
        036s  7 0.0128 0.0017 0.9856 
        037s  7 0.0049 0.0753 0.9198 
        038s  7 0.0022 0.0053 0.9925 
        039s  7 0.0004 0.0006 0.9990 
        040s  7 0.0010 0.0698 0.9291 
        041s  7 0.0031 0.0093 0.9876 
        042s  7 0.0005 0.0042 0.9953 
        043s  7 0.0050 0.0006 0.9944 
        044s  7 0.0304 0.0773 0.8923 
         003  8 0.0015 0.0058 0.9927 
         009  8 0.0017 0.0013 0.9971 
         010  8 0.0031 0.0005 0.9964 
         017  8 0.0051 0.0011 0.9938 
         002  9 0.0018 0.0008 0.9975 
         003  9 0.0006 0.0004 0.9990 
         004  9 0.0017 0.0004 0.9980 
         005  9 0.0054 0.0009 0.9937 
         006  9 0.0025 0.0015 0.9960 
         007  9 0.0020 0.0011 0.9969 
         009  9 0.0034 0.0009 0.9957 
         010  9 0.0023 0.0005 0.9972 
         013  9 0.0022 0.0015 0.9962 
         014  9 0.0030 0.0005 0.9965 
         016  9 0.0010 0.0003 0.9987 
         018  9 0.0023 0.0015 0.9962 
         019  9 0.0009 0.0013 0.9978 
         020  9 0.0006 0.0006 0.9988 
         021  9 0.0010 0.0004 0.9985 
         022  9 0.0010 0.0005 0.9985 
         024  9 0.0059 0.0007 0.9934 
         028  9 0.0024 0.0009 0.9967 
         029  9 0.0009 0.0005 0.9986 
         030  9 0.0014 0.0006 0.9980 
         031  9 0.0007 0.0013 0.9981 
         033  9 0.0018 0.0022 0.9961 
         001 10 0.0006 0.0007 0.9987 
         002 10 0.0010 0.0004 0.9986 
         003 10 0.0174 0.0007 0.9819 
         004 10 0.0038 0.0005 0.9957 
         005 10 0.0017 0.0006 0.9977 
         006 10 0.0011 0.0013 0.9976 
         007 10 0.0032 0.0007 0.9961 
         008 10 0.0055 0.0011 0.9934 
         009 10 0.0007 0.0013 0.9980 
         010 10 0.0014 0.0008 0.9978 
         011 10 0.0398 0.0012 0.9590 
         012 10 0.0043 0.0012 0.9945 
         013 10 0.0011 0.0008 0.9981 
         014 10 0.0013 0.0010 0.9978 
         016 10 0.0013 0.0013 0.9974 
         017 10 0.0013 0.0010 0.9977 
         018 10 0.0013 0.0033 0.9954 
         019 10 0.0019 0.0006 0.9975 
         020 10 0.0032 0.0017 0.9951 
         021 10 0.0006 0.0007 0.9987 
         022 10 0.0010 0.0006 0.9984 
         023 10 0.0012 0.0006 0.9982 
         024 10 0.0035 0.0004 0.9961 
         026 10 0.0009 0.0006 0.9984 
        001s 11 0.0352 0.0562 0.9087 
        002s 11 0.0024 0.0026 0.9950 
        003s 11 0.0007 0.0029 0.9964 
        004s 11 0.0021 0.0009 0.9970 
        005s 11 0.0008 0.0020 0.9972 
        006s 11 0.0030 0.0098 0.9872 
        007s 11 0.0013 0.0612 0.9375 
        008s 11 0.0005 0.0008 0.9986 
        009s 11 0.0007 0.0005 0.9988 
        010s 11 0.0013 0.0011 0.9976 
        011s 11 0.0215 0.1130 0.8655 
        012s 11 0.0005 0.0779 0.9216 
        013s 11 0.0015 0.0017 0.9968 
        014s 11 0.0014 0.0200 0.9786 
        015s 11 0.0076 0.0038 0.9886 
        016s 11 0.0655 0.0085 0.9260 
        017s 11 0.0045 0.0628 0.9328 
        018s 11 0.0013 0.0049 0.9938 
        019s 11 0.0239 0.0012 0.9748 
        020s 11 0.0024 0.0023 0.9953 
        021s 11 0.0016 0.0010 0.9974 
        022s 11 0.0007 0.0218 0.9775 
        023s 11 0.0350 0.0064 0.9585 
        025s 11 0.0016 0.0006 0.9978 
        026s 11 0.0610 0.0064 0.9325 
        027s 11 0.0009 0.0025 0.9966 
        028s 11 0.0018 0.0049 0.9933 
        029s 11 0.0006 0.0148 0.9846 
        030s 11 0.0023 0.0337 0.9639 
        031s 11 0.0005 0.0006 0.9989 
        032s 11 0.0041 0.0008 0.9950 
        033s 11 0.0013 0.0029 0.9958 
        034s 11 0.0007 0.0030 0.9963 
        035s 11 0.0006 0.0053 0.9941 
        036s 11 0.0007 0.0188 0.9805 
        037s 11 0.0024 0.0017 0.9959 
        038s 11 0.0011 0.0021 0.9968 
        039s 11 0.0014 0.0008 0.9977 
        040s 11 0.0012 0.0798 0.9190 
        041s 11 0.0061 0.0017 0.9922 
        042s 11 0.0125 0.0013 0.9861 
        043s 11 0.0334 0.0128 0.9538 
        044s 11 0.0059 0.0016 0.9925 
        045s 11 0.0112 0.0015 0.9873 
        046s 11 0.0348 0.0158 0.9494 
        047s 11 0.0020 0.0014 0.9966 
        048s 11 0.0425 0.0072 0.9503 
        049s 11 0.0022 0.0010 0.9968 
        050s 11 0.0020 0.0009 0.9971 
        051s 11 0.0521 0.0042 0.9437 
        052s 11 0.0031 0.0068 0.9901 
        053s 11 0.0013 0.0006 0.9982 
        054s 11 0.0010 0.0048 0.9942 
        055s 11 0.0005 0.0541 0.9454 
        001s 12 0.0015 0.0079 0.9906 
        002s 12 0.0014 0.0011 0.9976 
        003s 12 0.0005 0.0008 0.9986 
        004s 12 0.0181 0.0101 0.9718 
        005s 12 0.0011 0.0008 0.9981 
        006s 12 0.0023 0.0397 0.9580 
        007s 12 0.0026 0.0023 0.9951 
        008s 12 0.0009 0.0116 0.9875 
        009s 12 0.0094 0.0196 0.9710 
        010s 12 0.0005 0.0567 0.9428 
        011s 12 0.0010 0.0033 0.9957 
        012s 12 0.0047 0.0058 0.9895 
        013s 12 0.0468 0.0006 0.9526 
        014s 12 0.0500 0.0457 0.9043 
        015s 12 0.0013 0.0031 0.9956 
        016s 12 0.0064 0.0008 0.9929 
        017s 12 0.0018 0.0032 0.9950 
        018s 12 0.0023 0.0011 0.9965 
        019s 12 0.0008 0.0022 0.9970 
        020s 12 0.0013 0.0499 0.9488 
        021s 12 0.0031 0.0018 0.9951 
        022s 12 0.0092 0.0291 0.9616 
        023s 12 0.0017 0.0006 0.9977 
        024s 12 0.0008 0.0008 0.9983 
        025s 12 0.0018 0.0084 0.9898 
        026s 12 0.0018 0.0086 0.9896 
        027s 12 0.0008 0.0042 0.9950 
        028s 12 0.0045 0.0012 0.9943 
        029s 12 0.0017 0.0008 0.9976 
        030s 12 0.0009 0.0018 0.9974 
        031s 12 0.0041 0.0041 0.9918 
        032s 12 0.0014 0.0006 0.9980 
        033s 12 0.0007 0.0076 0.9917 
        034s 12 0.0005 0.0007 0.9989 
        035s 12 0.0007 0.0096 0.9897 
        036s 12 0.0013 0.0188 0.9799 
        037s 12 0.0016 0.0010 0.9975 
        001s 13 0.0040 0.0047 0.9913 
        002s 13 0.0011 0.0638 0.9351 
        003s 13 0.0019 0.0009 0.9973 
        004s 13 0.0058 0.0008 0.9934 
        005s 13 0.0033 0.0112 0.9856 
        006s 13 0.0009 0.0023 0.9969 
        007s 13 0.0016 0.0209 0.9775 
        008s 13 0.0013 0.0459 0.9528 
        009s 13 0.0026 0.1176 0.8798 
        010s 13 0.0018 0.0493 0.9489 
        011s 13 0.0038 0.0500 0.9462 
        012s 13 0.0255 0.0502 0.9243 
        013s 13 0.0112 0.0493 0.9395 
        014s 13 0.0049 0.0174 0.9776 
        015s 13 0.0119 0.0029 0.9852 
        016s 13 0.0013 0.0005 0.9982 
        017s 13 0.0008 0.0537 0.9454 
        018s 13 0.0010 0.0007 0.9983 
        019s 13 0.0014 0.0014 0.9972 
        020s 13 0.0006 0.0092 0.9902 
        021s 13 0.0023 0.0009 0.9968 
        022s 13 0.0014 0.0017 0.9969 
        023s 13 0.0005 0.0009 0.9986 
        024s 13 0.0443 0.0295 0.9262 
        025s 13 0.0034 0.0013 0.9953 
        026s 13 0.0124 0.1031 0.8844 
        027s 13 0.0031 0.0390 0.9579 
        028s 13 0.0047 0.0373 0.9581 
        029s 13 0.0023 0.0131 0.9847 
        030s 13 0.0490 0.0243 0.9267 
        031s 13 0.1023 0.0063 0.8914 
        032s 13 0.0006 0.0015 0.9979 
        033s 13 0.0012 0.0536 0.9452 
        034s 13 0.0019 0.0553 0.9427 
        035s 13 0.0055 0.0010 0.9935 
        036s 13 0.0006 0.0022 0.9971 
        037s 13 0.0024 0.0007 0.9970 
        038s 13 0.0014 0.0033 0.9953 
        039s 13 0.0873 0.0799 0.8328 
        040s 13 0.0018 0.0018 0.9964 
        041s 13 0.0022 0.0674 0.9304 
        042s 13 0.0015 0.0010 0.9975 
        001s 14 0.0013 0.0137 0.9850 
        002s 14 0.0025 0.0627 0.9348 
        003s 14 0.0013 0.0011 0.9976 
        004s 14 0.0049 0.0254 0.9697 
        005s 14 0.0012 0.0004 0.9984 
        006s 14 0.0005 0.0008 0.9987 
        007s 14 0.0021 0.0015 0.9965 
        008s 14 0.0052 0.0892 0.9056 
        009s 14 0.0017 0.0024 0.9958 
        010s 14 0.0032 0.0123 0.9845 
        011s 14 0.0012 0.0669 0.9319 
        012s 14 0.0022 0.0018 0.9960 
        013s 14 0.0072 0.0030 0.9898 
        014s 14 0.0011 0.0130 0.9859 
        015s 14 0.0041 0.0011 0.9948 
        016s 14 0.0150 0.0008 0.9842 
        017s 14 0.0008 0.0788 0.9204 
        018s 14 0.0022 0.0009 0.9968 
        019s 14 0.0011 0.0033 0.9956 
        020s 14 0.0018 0.0007 0.9976 
        021s 14 0.0009 0.0014 0.9977 
        022s 14 0.0023 0.0103 0.9875 
        023s 14 0.0047 0.0037 0.9916 
        024s 14 0.0018 0.0476 0.9506 
        025s 14 0.0006 0.0054 0.9940 
        026s 14 0.0015 0.0005 0.9980 
        027s 14 0.0045 0.0016 0.9940 
        028s 14 0.0013 0.0021 0.9967 
        029s 14 0.0018 0.0004 0.9978 
        030s 14 0.0007 0.0060 0.9933 
        031s 14 0.0018 0.0036 0.9946 
        032s 14 0.0034 0.0018 0.9948 
        033s 14 0.0008 0.0277 0.9715 
        034s 14 0.0012 0.0006 0.9983 
        035s 14 0.0014 0.1619 0.8368 
        036s 14 0.0079 0.1108 0.8814 
        037s 14 0.0046 0.0010 0.9944 
        038s 14 0.0007 0.0013 0.9980 
        039s 14 0.0084 0.0046 0.9870 
        040s 14 0.0017 0.0048 0.9935 
        041s 14 0.0009 0.0020 0.9972 
        042s 14 0.0036 0.0324 0.9641 
        001s 15 0.0019 0.0010 0.9971 
        002s 15 0.0214 0.0874 0.8912 
        003s 15 0.0133 0.0048 0.9820 
        004s 15 0.0003 0.0008 0.9988 
        005s 15 0.0073 0.0179 0.9747 
        006s 15 0.0015 0.0126 0.9859 
        007s 15 0.0007 0.0006 0.9987 
        008s 15 0.0008 0.0006 0.9986 
        009s 15 0.0444 0.0424 0.9132 
        010s 15 0.0015 0.0010 0.9974 
        011s 15 0.0017 0.0609 0.9375 
        012s 15 0.0033 0.0059 0.9907 
        013s 15 0.0019 0.0008 0.9972 
        014s 15 0.0096 0.0024 0.9880 
        015s 15 0.0127 0.0848 0.9026 
        016s 15 0.0008 0.0927 0.9065 
        017s 15 0.0037 0.0018 0.9945 
        018s 15 0.0007 0.0011 0.9982 
        019s 15 0.0068 0.0032 0.9900 
        020s 15 0.0009 0.0008 0.9982 
        021s 15 0.0074 0.0648 0.9277 
        022s 15 0.0009 0.0021 0.9969 
        023s 15 0.0014 0.0350 0.9636 
        024s 15 0.0014 0.0034 0.9952 
        025s 15 0.0382 0.0053 0.9564 
        026s 15 0.0334 0.0013 0.9654 
        027s 15 0.0013 0.0169 0.9818 
        028s 15 0.0017 0.0010 0.9972 
        029s 15 0.0018 0.0013 0.9970 
        030s 15 0.0011 0.0006 0.9984 
        031s 15 0.0135 0.0558 0.9307 
        032s 15 0.0033 0.0005 0.9961 
        033s 15 0.0004 0.0467 0.9529 
        035s 15 0.0011 0.0066 0.9924 
        036s 15 0.0068 0.0019 0.9913 
        037s 15 0.0016 0.0053 0.9930 
        038s 15 0.0004 0.0040 0.9956 
        039s 15 0.0006 0.0356 0.9638 
        040s 15 0.0011 0.0075 0.9914 
        041s 15 0.0049 0.0819 0.9132 
        042s 15 0.0014 0.0021 0.9966 
        043s 15 0.0028 0.0095 0.9877 
        044s 15 0.0014 0.0046 0.9940 
        045s 15 0.0822 0.0350 0.8828 
        046s 15 0.0020 0.0358 0.9622 
        047s 15 0.0008 0.0320 0.9672 
        048s 15 0.0182 0.0011 0.9807 
        049s 15 0.0008 0.0180 0.9812 
        050s 15 0.0091 0.1068 0.8841 
         001 16 0.0013 0.1863 0.8123 
         002 16 0.0012 0.0320 0.9667 
         003 16 0.0031 0.0146 0.9822 
         004 16 0.0022 0.0018 0.9960 
         005 16 0.0344 0.0606 0.9050 
         006 16 0.0177 0.0188 0.9635 
         007 16 0.0025 0.0035 0.9940 
         008 16 0.0011 0.1374 0.8615 
         009 16 0.0008 0.0016 0.9977 
         010 16 0.0016 0.0079 0.9905 
         011 16 0.0032 0.0080 0.9888 
         012 16 0.0016 0.0023 0.9961 
         013 16 0.0007 0.0011 0.9982 
         014 16 0.0005 0.0262 0.9733 
         015 16 0.3683 0.0012 0.6305 
         016 16 0.0201 0.0009 0.9790 
         017 16 0.0017 0.0239 0.9744 
         018 16 0.0427 0.0385 0.9188 
         019 16 0.0011 0.0730 0.9259 
         020 16 0.0010 0.0005 0.9984 
         021 16 0.0010 0.1285 0.8704 
         022 16 0.0049 0.0026 0.9925 
         023 16 0.0168 0.0076 0.9756 
         024 16 0.0329 0.0026 0.9645 
         025 16 0.0044 0.0778 0.9177 
         026 16 0.0056 0.1068 0.8876 
         027 16 0.0029 0.0033 0.9938 
         028 16 0.0005 0.1647 0.8347 
         029 16 0.0015 0.0428 0.9557 
         030 16 0.0006 0.0033 0.9961 
         031 16 0.0010 0.0019 0.9971 
         032 16 0.0137 0.0734 0.9130 
         033 16 0.0005 0.0012 0.9984 
         034 16 0.0017 0.0080 0.9903 
         035 16 0.0004 0.0007 0.9989 
         036 16 0.0029 0.0008 0.9964 
         037 16 0.0049 0.0553 0.9397 
         038 16 0.0111 0.0028 0.9861 
         039 16 0.0010 0.0011 0.9979 
         040 16 0.0025 0.0024 0.9951 
         041 16 0.0019 0.0011 0.9969 
         042 16 0.0010 0.0017 0.9973 
         043 16 0.0019 0.0010 0.9971 
         044 16 0.0020 0.0057 0.9923 
         045 16 0.0004 0.0159 0.9837 
         047 16 0.0016 0.0447 0.9537 
         048 16 0.0009 0.0073 0.9918 
         049 16 0.0048 0.0016 0.9936 
         050 16 0.0005 0.0011 0.9984 
         051 16 0.0010 0.0027 0.9963 
         052 16 0.0010 0.0004 0.9986 
         053 16 0.0008 0.0005 0.9987 
         054 16 0.0012 0.0528 0.9460 
         055 16 0.0005 0.0860 0.9135 
         056 16 0.0109 0.0010 0.9881 
         057 16 0.0003 0.0572 0.9425 
         058 16 0.0184 0.1067 0.8750 
         059 16 0.0968 0.0984 0.8048 
         060 16 0.0136 0.0028 0.9835 
         061 16 0.0025 0.0029 0.9946 
         062 16 0.0008 0.0040 0.9953 
         063 16 0.0011 0.0025 0.9964 
         064 16 0.0040 0.0008 0.9951 
         065 16 0.0038 0.0044 0.9919 
         066 16 0.0008 0.0007 0.9985 
         067 16 0.0784 0.0032 0.9184 
         068 16 0.0358 0.0051 0.9591 
         069 16 0.0009 0.0011 0.9980 
         070 16 0.0009 0.0049 0.9942 
         071 16 0.0006 0.0993 0.9001 
         072 16 0.0021 0.0040 0.9938 
         073 16 0.0006 0.0031 0.9963 
         074 16 0.0005 0.0009 0.9986 
         075 16 0.0012 0.0436 0.9552 
         076 16 0.0007 0.0015 0.9978 
         077 16 0.0646 0.0357 0.8997 
         078 16 0.0045 0.0067 0.9888 
         079 16 0.0020 0.0909 0.9071 
         080 16 0.0022 0.0011 0.9967 
         081 16 0.0009 0.0656 0.9334 
         082 16 0.0005 0.0433 0.9563 
         083 16 0.0024 0.0016 0.9961 
         084 16 0.0016 0.0049 0.9935 
         085 16 0.0143 0.0014 0.9843 
         086 16 0.0009 0.1196 0.8795 
         087 16 0.0006 0.0182 0.9812 
         088 16 0.0042 0.0009 0.9950 
         089 16 0.0016 0.0062 0.9922 
         090 16 0.0008 0.0041 0.9950 
         091 16 0.0011 0.0020 0.9970 
         092 16 0.0015 0.0153 0.9832 
         093 16 0.0007 0.0014 0.9979 
         094 16 0.0499 0.0045 0.9456 
         095 16 0.0006 0.0006 0.9987 
         096 16 0.0051 0.0183 0.9766 
         097 16 0.0068 0.1138 0.8794 
         098 16 0.0067 0.0012 0.9921 
         099 16 0.0090 0.0006 0.9903 
         100 16 0.0030 0.0008 0.9962 
         101 16 0.0076 0.0110 0.9814 
         102 16 0.0022 0.0034 0.9944 
         103 16 0.0040 0.0034 0.9926 
         104 16 0.0058 0.0023 0.9919 
         105 16 0.0097 0.1046 0.8857 
         106 16 0.0035 0.0019 0.9946 
         107 16 0.0125 0.0039 0.9837 
         108 16 0.1791 0.1087 0.7122 
         109 16 0.0009 0.0330 0.9661 
         110 16 0.0021 0.0006 0.9973 
         111 16 0.0022 0.0237 0.9742 
         112 16 0.0029 0.0140 0.9831 
         113 16 0.0014 0.0642 0.9343 
         114 16 0.0028 0.0046 0.9926 
         115 16 0.0010 0.0010 0.9981 
         116 16 0.0017 0.0074 0.9909 
         117 16 0.0014 0.0224 0.9762 
         118 16 0.0166 0.0019 0.9815 
         119 16 0.0017 0.0031 0.9952 
         120 16 0.0009 0.0025 0.9966 
         121 16 0.0338 0.0031 0.9631 
         122 16 0.0007 0.0008 0.9985 
         123 16 0.0008 0.0048 0.9944 
         124 16 0.0022 0.0070 0.9908 
         126 16 0.0069 0.1362 0.8569 
         001 17 0.0010 0.0031 0.9959 
         002 17 0.0008 0.0019 0.9973 
         003 17 0.0007 0.0010 0.9982 
         005 17 0.0006 0.0006 0.9988 
         006 17 0.0006 0.0508 0.9485 
         007 17 0.0441 0.1329 0.8229 
         008 17 0.0019 0.1257 0.8724 
         009 17 0.0007 0.0005 0.9988 
         010 17 0.0018 0.0014 0.9968 
         011 17 0.3914 0.1125 0.4961 
         012 17 0.0025 0.0025 0.9950 
         013 17 0.0004 0.0004 0.9991 
         014 17 0.0006 0.0006 0.9987 
         015 17 0.0005 0.0043 0.9952 
         016 17 0.0007 0.0013 0.9980 
         017 17 0.0018 0.0032 0.9950 
         018 17 0.0007 0.0287 0.9706 
         019 17 0.0012 0.0005 0.9983 
         020 17 0.0012 0.0017 0.9971 
         021 17 0.0014 0.0008 0.9978 
         022 17 0.0022 0.0577 0.9401 
         023 17 0.0009 0.0023 0.9967 
         024 17 0.0032 0.0825 0.9142 
         025 17 0.0005 0.0010 0.9985 
         002 18 0.0029 0.0007 0.9964 
         003 18 0.0015 0.0005 0.9980 
         004 18 0.0019 0.0205 0.9776 
         005 18 0.0378 0.0030 0.9592 
         006 18 0.0013 0.0005 0.9982 
         007 18 0.0006 0.0061 0.9933 
         008 18 0.0031 0.0008 0.9961 
         009 18 0.0031 0.0225 0.9744 
         010 18 0.0131 0.0012 0.9856 
         011 18 0.0026 0.0010 0.9965 
         012 18 0.0047 0.0065 0.9888 
         015 18 0.0030 0.0017 0.9954 
         016 18 0.0006 0.0084 0.9910 
         018 18 0.0094 0.0006 0.9900 
         026 18 0.0009 0.0034 0.9957 
         027 18 0.0025 0.0005 0.9970 
         028 18 0.0004 0.0021 0.9975 
         029 18 0.0008 0.0017 0.9974 
         031 18 0.0860 0.0746 0.8394 
         032 18 0.0005 0.0008 0.9987 
         033 18 0.0014 0.0010 0.9976 
         035 18 0.0010 0.0015 0.9975 
         036 18 0.0139 0.0011 0.9851 
         037 18 0.0181 0.0099 0.9720 
         038 18 0.0059 0.0327 0.9614 
         039 18 0.0018 0.0006 0.9976 
         044 18 0.0011 0.1318 0.8671 
         046 18 0.0386 0.0014 0.9600 
         049 18 0.0005 0.0009 0.9986 
         053 18 0.0010 0.0025 0.9965 
         054 18 0.0015 0.0097 0.9888 
         056 18 0.0066 0.0090 0.9845 
         057 18 0.0049 0.0010 0.9940 
         058 18 0.0057 0.0017 0.9926 
        001s 19 0.0013 0.0601 0.9386 
        002s 19 0.0017 0.0029 0.9954 
        003s 19 0.0007 0.0042 0.9950 
        004s 19 0.0334 0.0022 0.9644 
        005s 19 0.0755 0.0477 0.8768 
        006s 19 0.0026 0.0029 0.9945 
        007s 19 0.0162 0.0298 0.9540 
        008s 19 0.0213 0.0430 0.9357 
        009s 19 0.0033 0.0027 0.9940 
        010s 19 0.0008 0.0109 0.9882 
        011s 19 0.0018 0.0018 0.9965 
        012s 19 0.0009 0.0052 0.9939 
        013s 19 0.0009 0.0198 0.9793 
        014s 19 0.0233 0.0746 0.9020 
        015s 19 0.0008 0.0029 0.9964 
        016s 19 0.0499 0.0027 0.9474 
        017s 19 0.0090 0.0290 0.9619 
        018s 19 0.0045 0.0027 0.9929 
        019s 19 0.0047 0.0859 0.9094 
        020s 19 0.0020 0.0804 0.9176 
        021s 19 0.0007 0.0072 0.9921 
        022s 19 0.0007 0.0134 0.9858 
        023s 19 0.0041 0.0026 0.9933 
        024s 19 0.0035 0.0008 0.9957 
        025s 19 0.0155 0.0889 0.8956 
        026s 19 0.0060 0.0125 0.9815 
        027s 19 0.0014 0.0036 0.9951 
        028s 19 0.0007 0.0088 0.9905 
        029s 19 0.0009 0.0006 0.9985 
        030s 19 0.0010 0.0044 0.9947 
        031s 19 0.0010 0.0042 0.9948 
        032s 19 0.0006 0.0020 0.9974 
        033s 19 0.0064 0.0008 0.9928 
        034s 19 0.0018 0.0015 0.9967 
        035s 19 0.0083 0.0137 0.9780 
        036s 19 0.0022 0.0009 0.9968 
        037s 19 0.0006 0.0007 0.9986 
        038s 19 0.0028 0.0033 0.9939 
        039s 19 0.0006 0.0010 0.9984 
        040s 19 0.0006 0.0109 0.9885 
        041s 19 0.0008 0.0007 0.9984 
        042s 19 0.0234 0.0036 0.9729 
        043s 19 0.0008 0.0467 0.9525 
        044s 19 0.0023 0.0008 0.9969 
        045s 19 0.0022 0.0006 0.9972 
        046s 19 0.0077 0.0037 0.9886 
        047s 19 0.0005 0.0060 0.9935 
        048s 19 0.0012 0.1005 0.8983 
        049s 19 0.0074 0.0276 0.9650 
        050s 19 0.0009 0.0008 0.9983 
        051s 19 0.0131 0.0680 0.9189 
        052s 19 0.0012 0.0015 0.9973 
      LIW2-4 20 0.0039 0.0023 0.9938 
     LIW2-12 21 0.0806 0.0011 0.9183 
     LIW2-20 22 0.0016 0.0019 0.9964 
     LIW2-28 23 0.0769 0.0284 0.8947 
      LIW1-5 24 0.0046 0.0015 0.9939 
     LIW1-13 25 0.0191 0.0740 0.9069 
     LIW1-21 26 0.0410 0.0035 0.9555 
     LIW1-29 27 0.0210 0.0250 0.9539 
      LIW2-5 28 0.0037 0.0011 0.9953 
     LIW2-34 29 0.0050 0.0005 0.9944 
     LIW2-21 30 0.0282 0.0866 0.8851 
     LIW2-29 31 0.0036 0.1805 0.8159 
      LIW1-6 32 0.0044 0.0009 0.9946 
     LIW1-14 33 0.0021 0.0553 0.9426 
     LIW1-22 34 0.0127 0.0010 0.9862 
     LIW1-30 35 0.0053 0.0013 0.9934 
      LIW2-6 36 0.0287 0.0132 0.9581 
     LIW2-14 37 0.0071 0.0015 0.9914 
     LIW2-22 38 0.0940 0.0304 0.8756 
     LIW2-30 39 0.0125 0.0010 0.9865 
      LIW1-7 40 0.0638 0.0180 0.9182 
     LIW1-15 41 0.0143 0.0009 0.9849 
     LIW1-23 42 0.0073 0.0071 0.9857 
     LIW1-31 43 0.0082 0.0043 0.9875 
      LIW2-7 44 0.0016 0.0825 0.9159 
     LIW2-15 45 0.0133 0.0012 0.9855 
     LIW2-23 46 0.0863 0.0019 0.9118 
      LIW1-8 47 0.0039 0.0010 0.9951 
     LIW1-16 48 0.0027 0.0010 0.9963 
      LIW2-8 49 0.0038 0.0008 0.9954 
     LIW2-16 50 0.0439 0.3149 0.6412 
     LIW2-24 51 0.0184 0.1888 0.7928 
     LIW2-32 52 0.0573 0.0131 0.9295 
     LIW1-47 53 0.0171 0.0117 0.9712 
      UMFS-1 54 0.0711 0.0372 0.8918 
     UMFS-19 55 0.1149 0.1150 0.7701 
     UMFS-31 56 0.0760 0.0007 0.9233 
      UMFS-2 57 0.0329 0.0010 0.9661 
     UMFS-10 58 0.0937 0.0046 0.9017 
     UMFS-20 59 0.0522 0.0463 0.9015 
     UMFS-32 60 0.0897 0.0677 0.8425 
      UMFS-3 61 0.1278 0.0722 0.8001 
     UMFS-11 62 0.0116 0.4083 0.5802 
     UMFS-21 63 0.1064 0.0655 0.8281 
     UMFS-33 64 0.0762 0.0265 0.8973 
      UMFS-4 65 0.1026 0.0135 0.8839 
     UMFS-22 66 0.0901 0.0151 0.8948 
     UMFS-34 67 0.1175 0.0538 0.8287 
      UMFS-5 68 0.0903 0.0052 0.9046 
     UMFS-13 69 0.1234 0.0563 0.8203 
     UMFS-23 70 0.0837 0.0211 0.8952 
     UMFS-35 71 0.1093 0.0224 0.8683 
      UMFS-6 72 0.1249 0.0168 0.8583 
     UMFS-14 73 0.0808 0.0112 0.9079 
     UMFS-24 74 0.0276 0.0367 0.9357 
     UMFS-36 75 0.0912 0.0692 0.8396 
      UMFS-7 76 0.1150 0.5625 0.3226 
     UMFS-15 77 0.0951 0.0752 0.8297 
     UMFS-25 78 0.0653 0.0826 0.8522 
     UMFS-37 79 0.0692 0.0802 0.8506 
      UMFS-8 80 0.0904 0.0254 0.8842 
     UMFS-16 81 0.0974 0.0722 0.8304 
     UMFS-26 82 0.1743 0.0518 0.7739 
     UMFS-38 83 0.0518 0.0075 0.9408 
      NEH1-2 84 0.9794 0.0188 0.0019 
     NEH1-11 85 0.9628 0.0354 0.0018 
     NEH1-20 86 0.8816 0.0010 0.1174 
     NEH1-29 87 0.9985 0.0004 0.0012 
      NEH2-2 88 0.9993 0.0002 0.0004 
     NEH2-10 89 0.9923 0.0007 0.0070 
     NEH2-18 90 0.9990 0.0007 0.0002 
     NEH2-26 91 0.9976 0.0010 0.0014 
      NEH1-3 92 0.8455 0.0012 0.1532 
     NEH1-12 93 0.9503 0.0492 0.0005 
     NEH1-21 94 0.9309 0.0031 0.0660 
     NEH1-30 95 0.9158 0.0114 0.0728 
      NEH2-3 96 0.9996 0.0002 0.0002 
     NEH2-11 97 0.9952 0.0042 0.0006 
     NEH2-19 98 0.9950 0.0015 0.0035 
     NEH2-27 99 0.9997 0.0001 0.0001 
      NEH1-4 100 0.9995 0.0004 0.0002 
     NEH1-13 101 0.7708 0.0029 0.2263 
     NEH1-22 102 0.8017 0.0009 0.1975 
     NEH1-31 103 0.9988 0.0005 0.0007 
      NEH2-4 104 0.9950 0.0010 0.0040 
     NEH2-12 105 0.9542 0.0449 0.0009 
     NEH2-20 106 0.8065 0.0004 0.1931 
     NEH2-28 107 0.9944 0.0036 0.0020 
      NEH1-5 108 0.8634 0.0029 0.1337 
     NEH1-14 109 0.7689 0.0710 0.1602 
     NEH1-23 110 0.7728 0.0006 0.2265 
     NEH1-32 111 0.9968 0.0017 0.0014 
      NEH2-5 112 0.9995 0.0002 0.0003 
     NEH2-13 113 0.9903 0.0073 0.0025 
     NEH2-22 114 0.9986 0.0006 0.0007 
     NEH2-29 115 0.9621 0.0006 0.0373 
      NEH1-6 116 0.9994 0.0003 0.0003 
     NEH1-15 117 0.9551 0.0432 0.0017 
     NEH1-24 118 0.9953 0.0037 0.0010 
     NEH1-33 119 0.8766 0.0008 0.1226 
      NEH2-6 120 0.9811 0.0006 0.0183 
     NEH2-14 121 0.9929 0.0020 0.0051 
     NEH2-21 122 0.9551 0.0004 0.0445 
     NEH2-30 123 0.9994 0.0003 0.0003 
      NEH1-7 124 0.8496 0.0815 0.0689 
     NEH1-16 125 0.9991 0.0004 0.0005 
     NEH1-25 126 0.8764 0.0008 0.1228 
     NEH1-34 127 0.9340 0.0107 0.0553 
      NEH2-7 128 0.9960 0.0012 0.0028 
     NEH2-15 129 0.9997 0.0001 0.0001 
     NEH2-23 130 0.9480 0.0349 0.0171 
     NEH2-31 131 0.9996 0.0002 0.0003 
      NEH1-8 132 0.8355 0.0576 0.1070 
     NEH1-17 133 0.9028 0.0953 0.0019 
     NEH1-26 134 0.8519 0.0008 0.1473 
     NEH1-35 135 0.8131 0.0045 0.1824 
      NEH2-8 136 0.9996 0.0002 0.0002 
     NEH2-16 137 0.9984 0.0006 0.0010 
     NEH2-24 138 0.9995 0.0002 0.0003 
     NEH2-32 139 0.9431 0.0563 0.0006 
      NEH1-1 140 0.9220 0.0769 0.0011 
     NEH1-10 141 0.9992 0.0004 0.0003 
     NEH1-19 142 0.8778 0.0015 0.1207 
     NEH1-28 143 0.9568 0.0422 0.0010 
      NEH2-1 144 0.9947 0.0021 0.0031 
      NEH2-9 145 0.9990 0.0003 0.0007 
     NEH2-17 146 0.9637 0.0312 0.0052 
     NEH2-25 147 0.9981 0.0014 0.0004 
      LIW1-1 148 0.1126 0.0946 0.7927 
      LIW1-9 149 0.0743 0.1528 0.7729 
     LIW1-17 150 0.0542 0.0008 0.9450 
     LIW1-25 151 0.0031 0.0007 0.9962 
      LIW2-9 152 0.0026 0.0655 0.9318 
     LIW2-17 153 0.0048 0.0021 0.9931 
     LIW2-25 154 0.0044 0.0014 0.9942 
      LIW1-2 155 0.0180 0.0011 0.9809 
     LIW1-10 156 0.0058 0.0062 0.9881 
     LIW1-18 157 0.0087 0.0038 0.9876 
     LIW1-26 158 0.0245 0.0011 0.9744 
      LIW2-2 159 0.0048 0.0007 0.9945 
     LIW2-10 160 0.0023 0.0019 0.9958 
     LIW2-18 161 0.0662 0.0363 0.8975 
     LIW2-26 162 0.0043 0.0019 0.9938 
      LIW1-3 163 0.0387 0.0045 0.9568 
     LIW1-11 164 0.0092 0.0104 0.9804 
     LIW1-19 165 0.0705 0.0411 0.8883 
     LIW1-27 166 0.0009 0.0064 0.9927 
      LIW2-3 167 0.0040 0.0151 0.9810 
     LIW2-11 168 0.0011 0.0006 0.9983 
     LIW2-19 169 0.0360 0.0021 0.9619 
     LIW2-27 170 0.0186 0.0005 0.9809 
      LIW1-4 171 0.0078 0.0012 0.9910 
     LIW1-12 172 0.0081 0.0235 0.9684 
     LIW1-20 173 0.0020 0.0037 0.9943 
     LIW1-28 174 0.0161 0.0038 0.9801 
        001s 175 0.0022 0.0038 0.9940 
        002s 175 0.0037 0.0686 0.9276 
        003s 175 0.0010 0.0006 0.9984 
        004s 175 0.0020 0.0342 0.9639 
        005s 175 0.0027 0.0022 0.9951 
        006s 175 0.0021 0.1559 0.8420 
        007s 175 0.0014 0.0007 0.9979 
        008s 175 0.0009 0.0031 0.9961 
        009s 175 0.0024 0.1124 0.8852 
        010s 175 0.0018 0.0017 0.9965 
        011s 175 0.0019 0.0040 0.9941 
        012s 175 0.0005 0.0009 0.9986 
        013s 175 0.0004 0.0045 0.9951 
        014s 175 0.0005 0.0795 0.9201 
        015s 175 0.0026 0.0019 0.9955 
        016s 175 0.0005 0.0150 0.9846 
        017s 175 0.0072 0.0115 0.9813 
        018s 175 0.0019 0.0065 0.9917 
        019s 175 0.0114 0.0018 0.9868 
        020s 175 0.0015 0.0021 0.9964 
        021s 175 0.0036 0.0014 0.9950 
        022s 175 0.0053 0.0126 0.9821 
        023s 175 0.0057 0.0055 0.9888 
        024s 175 0.0012 0.0319 0.9670 
        025s 175 0.0008 0.0514 0.9478 
        026s 175 0.0024 0.0045 0.9932 
        027s 175 0.0030 0.0026 0.9944 
        028s 175 0.0616 0.0017 0.9367 
        029s 175 0.0008 0.0010 0.9982 
        030s 175 0.0022 0.0945 0.9033 
        031s 175 0.0007 0.0026 0.9967 
        032s 175 0.0300 0.0021 0.9678 
        033s 175 0.0016 0.0216 0.9768 
        034s 175 0.0005 0.0051 0.9944 
        035s 175 0.0006 0.0082 0.9912 
        036s 175 0.0008 0.0010 0.9982 
        037s 175 0.0169 0.0013 0.9818 
        038s 175 0.0013 0.0131 0.9856 
        039s 175 0.0047 0.0023 0.9930 
        040s 175 0.0030 0.0012 0.9958 
        041s 175 0.0011 0.0037 0.9952 
        042s 175 0.0022 0.0025 0.9953 
        043s 175 0.0062 0.0050 0.9888 
        044s 175 0.0024 0.0011 0.9965 
        045s 175 0.0012 0.0685 0.9303 
        046s 175 0.0032 0.0021 0.9947 
        047s 175 0.0132 0.0008 0.9860 
        048s 175 0.0006 0.0066 0.9927 
        049s 175 0.0011 0.0246 0.9743 
        050s 175 0.0985 0.0361 0.8654 
        001s 176 0.0008 0.0852 0.9140 
        002s 176 0.0033 0.0163 0.9804 
        003s 176 0.0020 0.0017 0.9963 
        004s 176 0.0028 0.0027 0.9946 
        005s 176 0.0249 0.0007 0.9745 
        006s 176 0.0012 0.0013 0.9975 
        007s 176 0.0016 0.0730 0.9254 
        008s 176 0.0004 0.0009 0.9986 
        009s 176 0.0130 0.0008 0.9862 
        010s 176 0.0008 0.0014 0.9977 
        011s 176 0.0045 0.0008 0.9946 
        012s 176 0.0023 0.0640 0.9337 
        013s 176 0.0042 0.0177 0.9782 
        014s 176 0.0009 0.0041 0.9950 
        015s 176 0.0024 0.0012 0.9964 
        016s 176 0.0014 0.0009 0.9977 
        017s 176 0.0007 0.0004 0.9989 
        018s 176 0.0138 0.0008 0.9854 
        019s 176 0.0008 0.0535 0.9457 
        020s 176 0.0023 0.0020 0.9956 
        021s 176 0.0018 0.0048 0.9934 
        022s 176 0.0012 0.0018 0.9970 
        023s 176 0.0005 0.0014 0.9981 
        024s 176 0.0010 0.0465 0.9525 
        025s 176 0.0040 0.0106 0.9854 
        026s 176 0.0042 0.0086 0.9873 
        027s 176 0.0012 0.0006 0.9982 
        028s 176 0.0011 0.0025 0.9964 
        029s 176 0.0032 0.0016 0.9952 
        030s 176 0.0007 0.0530 0.9463 
        031s 176 0.0016 0.0102 0.9882 
        032s 176 0.0378 0.0170 0.9452 
        033s 176 0.0376 0.1175 0.8450 
        034s 176 0.0008 0.0015 0.9976 
        035s 176 0.0694 0.0069 0.9237 
        036s 176 0.0011 0.0016 0.9974 
        037s 176 0.0303 0.0618 0.9079 
        038s 176 0.0011 0.0013 0.9977 
        039s 176 0.0005 0.0008 0.9987 
        040s 176 0.0011 0.0006 0.9982 
        041s 176 0.0013 0.0016 0.9972 
        042s 176 0.0006 0.0008 0.9986 
        043s 176 0.0114 0.0207 0.9679 
        044s 176 0.0005 0.0033 0.9962 
        045s 176 0.0017 0.0136 0.9847 
        046s 176 0.0005 0.0019 0.9976 
        047s 176 0.0017 0.0011 0.9972 
        048s 176 0.0010 0.0090 0.9900 
        050s 176 0.0135 0.0016 0.9849 
        001s 177 0.0228 0.0404 0.9368 
        002s 177 0.0022 0.0007 0.9971 
        003s 177 0.0226 0.0453 0.9321 
        004s 177 0.0022 0.0012 0.9966 
        005s 177 0.0005 0.0025 0.9970 
        006s 177 0.0041 0.0030 0.9929 
        007s 177 0.0013 0.0061 0.9926 
        008s 177 0.0023 0.1473 0.8504 
        009s 177 0.0010 0.0006 0.9984 
        010s 177 0.0018 0.0260 0.9722 
        011s 177 0.0009 0.0019 0.9972 
        012s 177 0.0011 0.0030 0.9958 
        013s 177 0.0032 0.0013 0.9956 
        014s 177 0.0033 0.0316 0.9652 
        015s 177 0.0038 0.0037 0.9925 
        016s 177 0.0008 0.0006 0.9986 
        017s 177 0.0020 0.0356 0.9625 
        018s 177 0.0006 0.0120 0.9874 
        019s 177 0.0071 0.0012 0.9917 
        020s 177 0.0047 0.0028 0.9924 
        021s 177 0.0022 0.0007 0.9971 
        022s 177 0.0213 0.0066 0.9721 
        023s 177 0.0031 0.0169 0.9800 
        024s 177 0.0028 0.0009 0.9963 
        025s 177 0.0009 0.0041 0.9950 
        026s 177 0.0038 0.0009 0.9954 
        027s 177 0.0012 0.0009 0.9980 
        028s 177 0.0011 0.0007 0.9982 
        029s 177 0.0023 0.0903 0.9074 
        030s 177 0.0036 0.0090 0.9874 
        031s 177 0.0135 0.0015 0.9850 
        032s 177 0.0008 0.0272 0.9721 
        033s 177 0.0044 0.0008 0.9948 
        034s 177 0.0010 0.0020 0.9969 
