        001s  1 0.0004 0.0061 0.0022 0.0014 0.2711 0.0147 0.6914 0.0011 0.0109 0.0006 
        002s  1 0.0051 0.0042 0.2403 0.0007 0.5586 0.0323 0.0388 0.0008 0.1181 0.0010 
        003s  1 0.0012 0.0020 0.2607 0.0222 0.6544 0.0377 0.0067 0.0045 0.0082 0.0023 
        004s  1 0.0276 0.0025 0.0338 0.0007 0.5578 0.0196 0.3186 0.0081 0.0233 0.0080 
        005s  1 0.1270 0.0175 0.0013 0.0006 0.3564 0.1525 0.0101 0.1457 0.1870 0.0018 
        006s  1 0.0020 0.0080 0.1194 0.0007 0.0034 0.0015 0.8626 0.0007 0.0015 0.0004 
        007s  1 0.0005 0.0058 0.0027 0.0011 0.0195 0.0021 0.9215 0.0058 0.0359 0.0050 
        008s  1 0.0016 0.0028 0.0023 0.0012 0.4847 0.0336 0.4014 0.0052 0.0660 0.0011 
        009s  1 0.0022 0.0117 0.0030 0.0043 0.2730 0.0337 0.5486 0.0401 0.0761 0.0076 
        010s  1 0.0019 0.0040 0.1977 0.0008 0.1062 0.0014 0.6675 0.0109 0.0089 0.0005 
        011s  1 0.0021 0.0046 0.0878 0.0042 0.0182 0.0034 0.6021 0.0012 0.2729 0.0036 
        012s  1 0.0070 0.0029 0.5510 0.0071 0.0948 0.0180 0.0393 0.0992 0.1785 0.0022 
        013s  1 0.0102 0.0026 0.0722 0.0021 0.0533 0.0301 0.7982 0.0024 0.0181 0.0109 
        014s  1 0.0028 0.0064 0.2960 0.0175 0.0729 0.0040 0.5600 0.0225 0.0117 0.0063 
        015s  1 0.0005 0.0030 0.0018 0.0014 0.0110 0.0011 0.6358 0.0007 0.3439 0.0008 
        016s  1 0.0010 0.0352 0.2509 0.0016 0.0679 0.0058 0.6225 0.0041 0.0044 0.0066 
        018s  1 0.0019 0.1222 0.0320 0.0015 0.0823 0.0157 0.5643 0.1253 0.0538 0.0011 
        019s  1 0.0007 0.0067 0.0054 0.0066 0.0494 0.0114 0.7820 0.0218 0.1147 0.0014 
        020s  1 0.0004 0.0065 0.1498 0.0118 0.1042 0.0009 0.6903 0.0010 0.0286 0.0064 
        021s  1 0.0108 0.0087 0.0229 0.0011 0.0890 0.0014 0.8515 0.0004 0.0051 0.0091 
        022s  1 0.0006 0.0097 0.0092 0.0008 0.8414 0.0466 0.0267 0.0003 0.0635 0.0013 
        023s  1 0.0007 0.0655 0.0592 0.0020 0.3037 0.0033 0.5065 0.0004 0.0435 0.0152 
        024s  1 0.0023 0.0190 0.0077 0.0009 0.1086 0.0016 0.8022 0.0027 0.0537 0.0013 
        025s  1 0.0016 0.0657 0.0077 0.0005 0.0147 0.0013 0.3194 0.0106 0.5767 0.0018 
        026s  1 0.0010 0.0195 0.0099 0.0047 0.0081 0.0015 0.7461 0.0013 0.1951 0.0128 
        027s  1 0.0135 0.0388 0.0038 0.0007 0.0242 0.0030 0.2755 0.0014 0.6352 0.0041 
        028s  1 0.0486 0.2053 0.0581 0.0028 0.0276 0.0069 0.0097 0.0272 0.6130 0.0009 
        029s  1 0.0011 0.0107 0.0029 0.0088 0.0288 0.0021 0.9388 0.0020 0.0039 0.0009 
        030s  1 0.0084 0.0604 0.0835 0.0108 0.0049 0.0035 0.3197 0.0013 0.5065 0.0010 
        031s  1 0.0005 0.0072 0.0071 0.0006 0.2628 0.0034 0.7075 0.0005 0.0089 0.0016 
        032s  1 0.0014 0.0052 0.3343 0.0011 0.0091 0.0012 0.3199 0.0006 0.3267 0.0005 
        033s  1 0.0009 0.0085 0.0109 0.0011 0.0135 0.0153 0.8769 0.0033 0.0683 0.0012 
        034s  1 0.0025 0.0258 0.0473 0.0058 0.4866 0.0320 0.0951 0.0024 0.2452 0.0573 
        035s  1 0.0029 0.0030 0.2618 0.0031 0.0021 0.0010 0.6510 0.0023 0.0714 0.0015 
        036s  1 0.0013 0.0034 0.0769 0.0006 0.3689 0.0267 0.3877 0.0944 0.0384 0.0017 
        037s  1 0.0045 0.0020 0.8507 0.0021 0.0018 0.0174 0.0084 0.0870 0.0038 0.0223 
        038s  1 0.0007 0.0075 0.2468 0.0014 0.1054 0.0025 0.4803 0.0020 0.1521 0.0012 
        039s  1 0.0037 0.0109 0.0045 0.0012 0.1130 0.0351 0.7005 0.0005 0.1300 0.0006 
        040s  1 0.0038 0.0034 0.3757 0.0010 0.1363 0.0083 0.2196 0.0021 0.2458 0.0040 
        041s  1 0.0005 0.0539 0.0075 0.0011 0.0313 0.0032 0.8523 0.0039 0.0401 0.0061 
        042s  1 0.0008 0.0069 0.4005 0.0017 0.2114 0.0075 0.2099 0.0732 0.0091 0.0791 
        043s  1 0.0008 0.0011 0.0082 0.0023 0.5850 0.0699 0.0926 0.0044 0.2349 0.0008 
        044s  1 0.0107 0.0116 0.2761 0.0041 0.1173 0.0315 0.2231 0.0666 0.2497 0.0093 
        045s  1 0.0030 0.0076 0.2186 0.0015 0.0047 0.0006 0.7469 0.0110 0.0051 0.0009 
        046s  1 0.0006 0.0032 0.3020 0.0027 0.0227 0.0095 0.6520 0.0014 0.0045 0.0013 
        047s  1 0.0003 0.0175 0.0850 0.0015 0.0884 0.0007 0.7750 0.0021 0.0234 0.0061 
        048s  1 0.0003 0.0014 0.0029 0.0006 0.5004 0.0277 0.4013 0.0366 0.0279 0.0009 
        049s  1 0.0033 0.0037 0.0058 0.0015 0.8553 0.0390 0.0581 0.0006 0.0322 0.0005 
        050s  1 0.0042 0.0137 0.0028 0.0006 0.1153 0.0088 0.7551 0.0926 0.0062 0.0006 
        051s  1 0.0012 0.0078 0.0805 0.0303 0.0428 0.0008 0.7983 0.0005 0.0359 0.0019 
        052s  1 0.0041 0.1228 0.8015 0.0101 0.0364 0.0034 0.0099 0.0036 0.0066 0.0014 
        053s  1 0.0005 0.0029 0.4341 0.0004 0.0171 0.0040 0.5349 0.0017 0.0034 0.0009 
        054s  1 0.0052 0.0029 0.3848 0.0030 0.0037 0.0013 0.5847 0.0003 0.0131 0.0011 
        055s  1 0.0012 0.0022 0.1328 0.0024 0.0271 0.0316 0.6521 0.0494 0.0303 0.0709 
          01  2 0.0014 0.0021 0.4946 0.0326 0.1146 0.0082 0.1402 0.1053 0.0976 0.0034 
          02  2 0.0010 0.0114 0.3342 0.0018 0.1768 0.0299 0.3455 0.0080 0.0908 0.0006 
          03  2 0.0016 0.0104 0.0092 0.0004 0.0082 0.0017 0.5091 0.0017 0.4563 0.0016 
          04  2 0.0163 0.0627 0.0064 0.0015 0.0538 0.0190 0.2162 0.0018 0.6009 0.0213 
          05  2 0.0004 0.0065 0.0267 0.0005 0.4911 0.0407 0.0045 0.0962 0.3330 0.0005 
          06  2 0.0018 0.0212 0.2041 0.0008 0.0162 0.0107 0.6419 0.0202 0.0821 0.0010 
          07  2 0.0026 0.0032 0.2201 0.0014 0.2725 0.0140 0.4710 0.0063 0.0081 0.0009 
          08  2 0.0006 0.0660 0.0032 0.0014 0.6655 0.0298 0.0581 0.0803 0.0936 0.0014 
          09  2 0.0006 0.0088 0.0088 0.0123 0.2043 0.0031 0.7550 0.0012 0.0055 0.0004 
          10  2 0.0011 0.0134 0.2163 0.0006 0.0273 0.0020 0.4259 0.0010 0.3119 0.0005 
          11  2 0.0015 0.0023 0.0038 0.0101 0.1444 0.0044 0.5099 0.0157 0.3038 0.0042 
          12  2 0.0010 0.1374 0.1561 0.0028 0.0870 0.0011 0.6018 0.0007 0.0111 0.0009 
          13  2 0.0003 0.0044 0.0012 0.0012 0.1553 0.0141 0.6044 0.0005 0.2176 0.0010 
          14  2 0.0085 0.0116 0.0077 0.0044 0.4079 0.0175 0.3533 0.0005 0.1557 0.0328 
          15  2 0.0010 0.0073 0.1788 0.0029 0.3926 0.0092 0.3663 0.0005 0.0389 0.0024 
          16  2 0.0554 0.0104 0.0219 0.0038 0.0047 0.0019 0.7611 0.0010 0.1339 0.0060 
          17  2 0.0011 0.1217 0.2096 0.0023 0.1432 0.0163 0.4089 0.0030 0.0922 0.0018 
          18  2 0.0025 0.0146 0.3713 0.0021 0.0199 0.0103 0.4664 0.0120 0.0994 0.0014 
          19  2 0.0004 0.0199 0.0054 0.0024 0.1576 0.0035 0.7808 0.0024 0.0223 0.0053 
          20  2 0.0065 0.0061 0.8384 0.0013 0.0821 0.0012 0.0302 0.0267 0.0034 0.0041 
          21  2 0.0005 0.0044 0.0023 0.0162 0.0372 0.0060 0.9072 0.0023 0.0227 0.0013 
          22  2 0.0069 0.0131 0.0063 0.0077 0.0046 0.0025 0.4640 0.0019 0.4838 0.0092 
          23  2 0.0022 0.0162 0.5170 0.0014 0.0067 0.0034 0.4367 0.0022 0.0107 0.0034 
          24  2 0.0007 0.0287 0.0111 0.0015 0.1039 0.0011 0.7790 0.0007 0.0720 0.0014 
          25  2 0.0287 0.0045 0.0191 0.0019 0.2083 0.0151 0.6795 0.0058 0.0360 0.0011 
          26  2 0.0006 0.0024 0.0018 0.0015 0.9180 0.0697 0.0028 0.0009 0.0020 0.0004 
          27  2 0.0256 0.0035 0.0044 0.0016 0.1147 0.0021 0.8196 0.0015 0.0212 0.0059 
          28  2 0.0002 0.0450 0.0020 0.0018 0.0810 0.0019 0.6763 0.0014 0.1837 0.0067 
          29  2 0.0018 0.0043 0.2270 0.0010 0.0408 0.0017 0.6988 0.0011 0.0232 0.0004 
          30  2 0.0009 0.0106 0.6404 0.0097 0.0114 0.0070 0.1042 0.1365 0.0049 0.0743 
          01  3 0.0226 0.0112 0.1691 0.0006 0.0322 0.4124 0.0383 0.1890 0.1041 0.0204 
          02  3 0.2933 0.0010 0.1098 0.0683 0.0024 0.2464 0.0032 0.1707 0.1031 0.0016 
          03  3 0.2137 0.0005 0.0033 0.0008 0.0027 0.0960 0.0143 0.1788 0.4892 0.0008 
          04  3 0.1944 0.0021 0.0050 0.0009 0.0050 0.2550 0.0171 0.2692 0.2494 0.0019 
          05  3 0.2690 0.0009 0.0009 0.1110 0.0010 0.1965 0.0005 0.1954 0.1096 0.1153 
          06  3 0.3135 0.0092 0.0034 0.0003 0.0056 0.2684 0.0019 0.2003 0.1966 0.0009 
          07  3 0.1738 0.0051 0.0140 0.0009 0.0014 0.0756 0.0032 0.2500 0.4755 0.0003 
          08  3 0.2170 0.0504 0.0010 0.0061 0.0023 0.1780 0.0020 0.2344 0.3045 0.0044 
          09  3 0.1856 0.0159 0.0070 0.0003 0.0013 0.0804 0.0015 0.3016 0.4046 0.0019 
          10  3 0.2796 0.0095 0.0120 0.2128 0.0027 0.1917 0.0100 0.0643 0.0973 0.1200 
          11  3 0.1956 0.0014 0.0004 0.0004 0.0045 0.0965 0.0219 0.2491 0.4300 0.0002 
          12  3 0.2033 0.0006 0.0007 0.0004 0.0030 0.1046 0.0008 0.2579 0.4284 0.0003 
          13  3 0.3249 0.0028 0.0008 0.0144 0.0015 0.2893 0.0014 0.2212 0.1433 0.0003 
          14  3 0.3124 0.0030 0.0013 0.0399 0.0027 0.2143 0.0023 0.1519 0.1244 0.1478 
          15  3 0.1591 0.0043 0.0009 0.0004 0.0178 0.1626 0.0467 0.2348 0.3726 0.0009 
          16  3 0.3371 0.0026 0.0033 0.0023 0.0051 0.4146 0.0471 0.0699 0.1134 0.0044 
          17  3 0.1002 0.0020 0.0933 0.0010 0.0160 0.1290 0.0069 0.3174 0.3333 0.0008 
          18  3 0.2277 0.0059 0.0018 0.1604 0.0053 0.1605 0.0074 0.0832 0.0756 0.2721 
          19  3 0.2724 0.0337 0.0033 0.0007 0.0096 0.3363 0.0062 0.1446 0.1808 0.0124 
          20  3 0.1581 0.0698 0.0025 0.0004 0.0088 0.2781 0.0093 0.2585 0.1578 0.0567 
          21  3 0.1797 0.0345 0.0091 0.0020 0.0047 0.3596 0.0414 0.1550 0.2037 0.0103 
          22  3 0.1232 0.0056 0.0060 0.0003 0.0033 0.1230 0.0020 0.3114 0.4231 0.0020 
          23  3 0.1866 0.0134 0.0114 0.0004 0.0013 0.2816 0.0194 0.2160 0.2683 0.0017 
          24  3 0.1549 0.0065 0.0043 0.1657 0.0118 0.2139 0.0029 0.3327 0.1053 0.0018 
          25  3 0.1400 0.0007 0.0005 0.2456 0.0005 0.2665 0.0006 0.1340 0.0820 0.1296 
          26  3 0.2187 0.0005 0.0065 0.0006 0.0011 0.1303 0.0026 0.2806 0.3589 0.0003 
          27  3 0.2027 0.0088 0.0007 0.1315 0.0289 0.2552 0.0044 0.0857 0.1075 0.1744 
          28  3 0.2489 0.0247 0.0019 0.0028 0.0221 0.3573 0.0017 0.2117 0.1286 0.0003 
          29  3 0.2256 0.0372 0.0082 0.0032 0.0038 0.3129 0.0042 0.2123 0.1794 0.0131 
          30  3 0.0962 0.0048 0.0028 0.0010 0.1391 0.2760 0.0016 0.2561 0.2218 0.0005 
         001  4 0.0001 0.0001 0.0001 0.0001 0.0001 0.0001 0.0001 0.9990 0.0001 0.0001 
         002  4 0.0007 0.0003 0.0004 0.0003 0.0003 0.0008 0.0003 0.9923 0.0046 0.0001 
         003  4 0.0001 0.0001 0.0001 0.0002 0.0001 0.0001 0.0001 0.9988 0.0001 0.0001 
         004  4 0.0003 0.0001 0.0001 0.0001 0.0001 0.0002 0.0001 0.9987 0.0001 0.0001 
         005  4 0.0003 0.0001 0.0001 0.0003 0.0002 0.0001 0.0001 0.9984 0.0001 0.0001 
         006  4 0.0651 0.0008 0.0005 0.0003 0.0004 0.0274 0.0006 0.8817 0.0229 0.0004 
         007  4 0.0601 0.0010 0.0010 0.0002 0.0018 0.0013 0.0009 0.9081 0.0252 0.0004 
         008  4 0.0014 0.0007 0.0004 0.0017 0.0012 0.0010 0.0007 0.9880 0.0005 0.0043 
         009  4 0.0004 0.0001 0.0001 0.0001 0.0001 0.0001 0.0001 0.9985 0.0001 0.0001 
         010  4 0.0311 0.0001 0.0001 0.0001 0.0001 0.0001 0.0001 0.9681 0.0002 0.0001 
         011  4 0.0415 0.0006 0.0012 0.0005 0.0012 0.0013 0.0006 0.9326 0.0009 0.0196 
         012  4 0.0001 0.0001 0.0001 0.0001 0.0001 0.0001 0.0001 0.9989 0.0003 0.0001 
         013  4 0.0001 0.0001 0.0001 0.0001 0.0001 0.0002 0.0001 0.9990 0.0001 0.0001 
         014  4 0.0002 0.0002 0.0002 0.0001 0.0003 0.0002 0.0002 0.9910 0.0074 0.0002 
         015  4 0.0001 0.0001 0.0001 0.0001 0.0001 0.0004 0.0001 0.9849 0.0141 0.0001 
         016  4 0.0003 0.0001 0.0001 0.0001 0.0001 0.0002 0.0001 0.9988 0.0001 0.0001 
         017  4 0.0003 0.0002 0.0001 0.0002 0.0002 0.0005 0.0002 0.9831 0.0152 0.0001 
         019  4 0.0940 0.0005 0.0003 0.0008 0.0005 0.0070 0.0004 0.8856 0.0099 0.0010 
         020  4 0.0002 0.0002 0.0002 0.0002 0.0002 0.0003 0.0002 0.9982 0.0003 0.0002 
         021  4 0.0365 0.0002 0.0004 0.0002 0.0003 0.0002 0.0003 0.9568 0.0048 0.0002 
         001  5 0.0007 0.0011 0.0024 0.0026 0.0004 0.0070 0.0014 0.9330 0.0217 0.0296 
         002  5 0.0004 0.0016 0.0032 0.0014 0.0206 0.0298 0.0072 0.9327 0.0018 0.0014 
         003  5 0.0426 0.0025 0.0031 0.0003 0.0042 0.0801 0.1572 0.6931 0.0141 0.0029 
         004  5 0.0017 0.0041 0.0011 0.0005 0.0149 0.0052 0.0470 0.9214 0.0030 0.0011 
         005  5 0.0006 0.0007 0.0004 0.0002 0.0004 0.0528 0.0004 0.9265 0.0174 0.0007 
         006  5 0.0398 0.0009 0.0008 0.0004 0.0004 0.1274 0.0010 0.8063 0.0227 0.0002 
         007  5 0.0582 0.0005 0.0005 0.0003 0.0003 0.0650 0.0003 0.8533 0.0212 0.0003 
         008  5 0.0028 0.0002 0.0002 0.0003 0.0001 0.0682 0.0001 0.9079 0.0200 0.0002 
         009  5 0.0062 0.0195 0.0032 0.0003 0.0183 0.0204 0.0133 0.8976 0.0197 0.0016 
         010  5 0.0328 0.0022 0.0017 0.0005 0.0015 0.0912 0.0022 0.8570 0.0091 0.0018 
         011  5 0.0004 0.0012 0.0011 0.0003 0.0007 0.0547 0.0016 0.9252 0.0117 0.0030 
         012  5 0.0784 0.0023 0.0088 0.0011 0.0056 0.0259 0.0167 0.8342 0.0247 0.0024 
         013  5 0.0072 0.0441 0.0015 0.0004 0.0021 0.0700 0.0031 0.6758 0.1951 0.0007 
         014  5 0.0740 0.0015 0.0380 0.0152 0.0506 0.0547 0.0810 0.6717 0.0033 0.0098 
         015  5 0.0235 0.0002 0.0002 0.0003 0.0002 0.0349 0.0003 0.9226 0.0175 0.0002 
         016  5 0.0457 0.0020 0.0018 0.0007 0.0008 0.0319 0.0009 0.8793 0.0364 0.0005 
         017  5 0.0580 0.0050 0.0151 0.0013 0.0043 0.0610 0.0092 0.8117 0.0340 0.0003 
         018  5 0.0062 0.0032 0.0602 0.0150 0.0013 0.0594 0.0030 0.8005 0.0397 0.0115 
         019  5 0.0003 0.0007 0.0008 0.0093 0.0004 0.0010 0.0005 0.9642 0.0215 0.0012 
         020  5 0.0002 0.0002 0.0002 0.0002 0.0002 0.0007 0.0002 0.9968 0.0011 0.0002 
         021  5 0.0005 0.0018 0.0013 0.0005 0.0333 0.0064 0.1094 0.8346 0.0092 0.0031 
         022  5 0.0127 0.0022 0.0140 0.0021 0.0027 0.0018 0.0138 0.8986 0.0320 0.0201 
         023  5 0.0058 0.0008 0.0020 0.0005 0.0006 0.0541 0.0010 0.8979 0.0353 0.0020 
         024  5 0.0712 0.0065 0.0051 0.0004 0.0124 0.0055 0.0226 0.8707 0.0050 0.0006 
         025  5 0.0607 0.0027 0.0017 0.0009 0.0151 0.0205 0.0102 0.8411 0.0466 0.0005 
         026  5 0.0155 0.0042 0.0841 0.0007 0.0013 0.0190 0.0474 0.8049 0.0226 0.0004 
         027  5 0.0013 0.0002 0.0003 0.0002 0.0003 0.0002 0.0002 0.9967 0.0004 0.0002 
         028  5 0.0443 0.0017 0.0078 0.0012 0.0034 0.0033 0.0018 0.8840 0.0453 0.0073 
         029  5 0.0027 0.0006 0.0006 0.0004 0.0006 0.0222 0.0006 0.9491 0.0230 0.0004 
         030  5 0.0007 0.0009 0.0007 0.0048 0.0011 0.0211 0.0007 0.9419 0.0254 0.0027 
        001s  6 0.0161 0.0034 0.1098 0.0013 0.2075 0.0216 0.4060 0.0011 0.2161 0.0171 
        002s  6 0.0006 0.0195 0.0379 0.0258 0.0076 0.0118 0.8409 0.0307 0.0243 0.0011 
        003s  6 0.0004 0.0172 0.4217 0.0007 0.2620 0.0249 0.2540 0.0096 0.0051 0.0044 
        004s  6 0.0004 0.0025 0.6592 0.0008 0.1173 0.0033 0.1981 0.0011 0.0162 0.0011 
        006s  6 0.0164 0.0229 0.5570 0.0012 0.0033 0.0025 0.2073 0.0457 0.1363 0.0075 
        007s  6 0.0036 0.0579 0.0091 0.0008 0.0182 0.0011 0.8879 0.0008 0.0201 0.0006 
        008s  6 0.0008 0.0636 0.3913 0.0036 0.0149 0.0015 0.3367 0.0067 0.1735 0.0075 
        009s  6 0.0006 0.1370 0.0081 0.0010 0.1076 0.0015 0.6755 0.0007 0.0664 0.0015 
        010s  6 0.0097 0.0034 0.1970 0.0096 0.0168 0.0013 0.4988 0.0226 0.2226 0.0182 
        011s  6 0.0009 0.0029 0.5071 0.0002 0.0012 0.0129 0.3416 0.0006 0.1301 0.0024 
        012s  6 0.0029 0.0056 0.1284 0.0042 0.1520 0.0053 0.6207 0.0007 0.0774 0.0029 
        013s  6 0.0014 0.0096 0.5531 0.0010 0.0753 0.0013 0.3491 0.0020 0.0066 0.0006 
        014s  6 0.0003 0.0035 0.0159 0.0003 0.3216 0.0211 0.5674 0.0542 0.0155 0.0004 
        015s  6 0.0103 0.0809 0.6259 0.0014 0.0177 0.0013 0.1129 0.0090 0.1367 0.0040 
        016s  6 0.0017 0.0034 0.0112 0.0010 0.3576 0.0071 0.6066 0.0008 0.0095 0.0011 
        018s  6 0.0011 0.0124 0.0019 0.0010 0.1190 0.0569 0.3858 0.2220 0.1984 0.0016 
        019s  6 0.0011 0.0072 0.0219 0.0009 0.0598 0.0311 0.3364 0.0042 0.5328 0.0046 
        020s  6 0.0005 0.0043 0.0059 0.0011 0.0713 0.0077 0.3739 0.0004 0.5342 0.0007 
        021s  6 0.0098 0.0049 0.1107 0.0020 0.1229 0.0079 0.6749 0.0012 0.0596 0.0061 
        022s  6 0.0003 0.0321 0.0078 0.0010 0.2253 0.0075 0.7044 0.0012 0.0164 0.0040 
        023s  6 0.0007 0.0094 0.0310 0.0005 0.4140 0.0304 0.1034 0.0169 0.3923 0.0014 
        024s  6 0.0032 0.0013 0.0089 0.0025 0.0377 0.0029 0.3814 0.0335 0.5271 0.0015 
        025s  6 0.0011 0.0015 0.3902 0.0009 0.0346 0.0058 0.4910 0.0018 0.0156 0.0576 
        026s  6 0.0010 0.0171 0.3217 0.0038 0.1007 0.0096 0.5394 0.0007 0.0052 0.0008 
        027s  6 0.0008 0.0101 0.1259 0.0020 0.2005 0.0012 0.6510 0.0018 0.0060 0.0007 
        028s  6 0.0093 0.0078 0.0048 0.0489 0.0240 0.0087 0.8648 0.0088 0.0174 0.0055 
        029s  6 0.0006 0.0162 0.0084 0.0017 0.0103 0.0004 0.5011 0.0006 0.4584 0.0022 
        030s  6 0.0007 0.1198 0.0128 0.0023 0.0299 0.0032 0.7414 0.0599 0.0184 0.0116 
        031s  6 0.0068 0.0614 0.0107 0.0006 0.7016 0.0247 0.1743 0.0038 0.0155 0.0006 
        032s  6 0.0008 0.0026 0.0041 0.0005 0.1628 0.0380 0.7844 0.0029 0.0028 0.0011 
        033s  6 0.0003 0.0012 0.0051 0.0005 0.0217 0.0022 0.8738 0.0668 0.0274 0.0010 
        034s  6 0.0093 0.1426 0.0537 0.0007 0.0057 0.0014 0.5482 0.0025 0.2122 0.0237 
        035s  6 0.0007 0.0013 0.0404 0.0018 0.7598 0.0560 0.0011 0.1318 0.0058 0.0011 
        036s  6 0.0032 0.0040 0.0143 0.0003 0.0073 0.0106 0.7137 0.0009 0.2447 0.0011 
        037s  6 0.0010 0.0241 0.0038 0.0032 0.0218 0.0044 0.9329 0.0012 0.0053 0.0021 
        038s  6 0.0040 0.0094 0.0070 0.0018 0.2365 0.0006 0.6085 0.0006 0.1305 0.0011 
        039s  6 0.0006 0.0033 0.4300 0.0013 0.0117 0.0013 0.1840 0.0004 0.3663 0.0012 
        040s  6 0.0031 0.0067 0.6011 0.0007 0.1953 0.0175 0.1000 0.0005 0.0746 0.0005 
        041s  6 0.0003 0.0054 0.0625 0.0059 0.3920 0.0283 0.0321 0.0572 0.4102 0.0059 
        042s  6 0.0013 0.0044 0.0042 0.0060 0.0176 0.0016 0.8346 0.0113 0.0647 0.0543 
        043s  6 0.0024 0.0054 0.0270 0.0004 0.1240 0.0005 0.7936 0.0016 0.0375 0.0075 
        044s  6 0.0006 0.0035 0.0223 0.0023 0.2848 0.0060 0.5428 0.0012 0.1354 0.0011 
        045s  6 0.0009 0.0110 0.1371 0.0010 0.0650 0.0071 0.7617 0.0044 0.0086 0.0031 
        001s  7 0.0006 0.1559 0.0143 0.0005 0.7174 0.0290 0.0574 0.0023 0.0210 0.0016 
        002s  7 0.0008 0.0093 0.3733 0.0012 0.4954 0.0250 0.0750 0.0138 0.0026 0.0036 
        003s  7 0.0018 0.0029 0.0185 0.0027 0.8357 0.0406 0.0288 0.0021 0.0654 0.0014 
        004s  7 0.0052 0.0067 0.0188 0.0012 0.0830 0.0030 0.7386 0.0014 0.1409 0.0012 
        005s  7 0.0028 0.0085 0.1765 0.0007 0.0670 0.0068 0.6757 0.0197 0.0383 0.0040 
        006s  7 0.0013 0.0084 0.1405 0.0007 0.1542 0.0016 0.6169 0.0612 0.0084 0.0068 
        007s  7 0.0125 0.0028 0.3502 0.0230 0.1357 0.0027 0.4571 0.0050 0.0092 0.0018 
        008s  7 0.0006 0.0084 0.0021 0.0044 0.8909 0.0494 0.0116 0.0159 0.0151 0.0017 
        009s  7 0.0025 0.0052 0.0048 0.0008 0.2594 0.0037 0.6923 0.0043 0.0113 0.0157 
        010s  7 0.0003 0.0029 0.0062 0.0011 0.9270 0.0471 0.0059 0.0013 0.0058 0.0023 
        011s  7 0.0010 0.0222 0.0072 0.0011 0.0121 0.0015 0.8806 0.0007 0.0726 0.0011 
        012s  7 0.0008 0.0053 0.3293 0.0004 0.0127 0.0004 0.6000 0.0009 0.0497 0.0004 
        013s  7 0.0103 0.0029 0.3359 0.0013 0.0207 0.0022 0.6031 0.0006 0.0177 0.0054 
        014s  7 0.0009 0.0089 0.1118 0.0008 0.4288 0.0207 0.3767 0.0450 0.0057 0.0005 
        015s  7 0.0026 0.0324 0.4955 0.0012 0.0198 0.0019 0.2596 0.0147 0.1712 0.0012 
        016s  7 0.0003 0.0011 0.0016 0.0006 0.8437 0.0532 0.0012 0.0943 0.0015 0.0026 
        017s  7 0.0018 0.0100 0.0098 0.0005 0.0200 0.0029 0.7026 0.0018 0.2498 0.0008 
        018s  7 0.0005 0.0070 0.0068 0.0023 0.0043 0.0040 0.3071 0.0012 0.6660 0.0008 
        019s  7 0.0008 0.0259 0.8646 0.0028 0.0547 0.0042 0.0395 0.0008 0.0024 0.0044 
        020s  7 0.0015 0.0031 0.0199 0.0004 0.1407 0.0035 0.6253 0.0005 0.2045 0.0006 
        021s  7 0.0006 0.0033 0.0023 0.0013 0.0295 0.0040 0.7012 0.0020 0.2547 0.0010 
        022s  7 0.0053 0.0176 0.0094 0.0006 0.0320 0.0010 0.9268 0.0019 0.0042 0.0010 
        023s  7 0.0013 0.0104 0.5681 0.0018 0.0173 0.0081 0.1855 0.0062 0.1926 0.0087 
        024s  7 0.0008 0.0697 0.1061 0.0017 0.0216 0.0008 0.7735 0.0034 0.0214 0.0010 
        025s  7 0.0052 0.0081 0.2628 0.0018 0.0044 0.0062 0.7022 0.0011 0.0066 0.0016 
        026s  7 0.0005 0.0044 0.0182 0.0020 0.9002 0.0400 0.0212 0.0021 0.0092 0.0023 
        027s  7 0.0016 0.0041 0.0057 0.0029 0.5613 0.0209 0.3943 0.0017 0.0066 0.0008 
        028s  7 0.0009 0.1744 0.2973 0.0003 0.0158 0.0084 0.0083 0.0053 0.4887 0.0006 
        029s  7 0.0011 0.0071 0.0745 0.0011 0.0524 0.0086 0.5520 0.0091 0.2902 0.0040 
        030s  7 0.0012 0.0992 0.0926 0.0060 0.1643 0.0140 0.5582 0.0007 0.0560 0.0080 
        031s  7 0.0018 0.1931 0.0755 0.0006 0.1404 0.0038 0.5459 0.0033 0.0235 0.0122 
        032s  7 0.0005 0.0009 0.3952 0.0061 0.0626 0.0022 0.2358 0.0928 0.2032 0.0007 
        033s  7 0.0006 0.0047 0.0155 0.0038 0.0825 0.0060 0.8386 0.0372 0.0085 0.0026 
        034s  7 0.0339 0.0019 0.1367 0.0016 0.0070 0.0050 0.6486 0.0015 0.1628 0.0010 
        035s  7 0.0005 0.0096 0.0119 0.0005 0.0551 0.0007 0.8772 0.0005 0.0423 0.0017 
        036s  7 0.0042 0.0039 0.0053 0.0011 0.0605 0.0006 0.7703 0.0008 0.1433 0.0099 
        037s  7 0.0019 0.0274 0.2957 0.0012 0.0126 0.0443 0.3276 0.0162 0.2665 0.0067 
        038s  7 0.0005 0.0515 0.1343 0.0018 0.0088 0.0204 0.4091 0.0048 0.3661 0.0028 
        039s  7 0.0003 0.1748 0.2348 0.0006 0.3051 0.0189 0.1280 0.0005 0.1365 0.0005 
        040s  7 0.0349 0.0014 0.1005 0.0005 0.7941 0.0538 0.0025 0.0100 0.0014 0.0009 
        041s  7 0.0006 0.0090 0.0043 0.0021 0.1243 0.0250 0.8061 0.0204 0.0067 0.0017 
        042s  7 0.0010 0.0055 0.0029 0.0004 0.8620 0.0395 0.0409 0.0084 0.0388 0.0006 
        043s  7 0.0004 0.0225 0.0094 0.0005 0.0948 0.0008 0.8439 0.0020 0.0206 0.0053 
        044s  7 0.0069 0.0030 0.5259 0.0015 0.0019 0.0085 0.1516 0.0248 0.2452 0.0309 
         003  8 0.0014 0.0019 0.0079 0.0137 0.0030 0.0017 0.5429 0.0051 0.4213 0.0011 
         009  8 0.0008 0.0024 0.0464 0.0008 0.0118 0.0006 0.8885 0.0021 0.0454 0.0011 
         010  8 0.0004 0.0405 0.0341 0.0005 0.0817 0.0014 0.5811 0.0005 0.2553 0.0045 
         017  8 0.0008 0.0079 0.0110 0.0016 0.0074 0.0017 0.7884 0.0009 0.1759 0.0045 
         002  9 0.0013 0.0093 0.0272 0.0014 0.0981 0.0027 0.7979 0.0005 0.0600 0.0016 
         003  9 0.0005 0.0065 0.0072 0.0006 0.0128 0.0005 0.9623 0.0002 0.0087 0.0008 
         004  9 0.0002 0.0035 0.0143 0.0006 0.1481 0.0004 0.7389 0.0006 0.0912 0.0023 
         005  9 0.0012 0.0333 0.1844 0.0018 0.0169 0.0006 0.6320 0.0005 0.1229 0.0063 
         006  9 0.0012 0.0029 0.1691 0.0007 0.1303 0.0011 0.6878 0.0011 0.0036 0.0022 
         007  9 0.0005 0.0037 0.0141 0.0014 0.0151 0.0011 0.8235 0.0070 0.1316 0.0020 
         009  9 0.0004 0.0025 0.0189 0.0015 0.0772 0.0014 0.8869 0.0019 0.0068 0.0025 
         010  9 0.0006 0.0051 0.1068 0.0026 0.0661 0.0008 0.7939 0.0005 0.0218 0.0017 
         013  9 0.0019 0.0053 0.0215 0.0005 0.0187 0.0038 0.9342 0.0018 0.0102 0.0020 
         014  9 0.0005 0.0180 0.3464 0.0068 0.0752 0.0005 0.5478 0.0004 0.0022 0.0022 
         016  9 0.0003 0.0067 0.0205 0.0014 0.0638 0.0007 0.8952 0.0003 0.0101 0.0010 
         018  9 0.0010 0.0742 0.5763 0.0069 0.0816 0.0007 0.2524 0.0012 0.0040 0.0016 
         019  9 0.0009 0.0055 0.0109 0.0071 0.0058 0.0010 0.9334 0.0016 0.0331 0.0008 
         020  9 0.0004 0.0046 0.1101 0.0004 0.0015 0.0007 0.8768 0.0006 0.0045 0.0004 
         021  9 0.0004 0.0387 0.4624 0.0003 0.0100 0.0006 0.4422 0.0005 0.0441 0.0009 
         022  9 0.0005 0.2489 0.1858 0.0023 0.0123 0.0021 0.5394 0.0006 0.0075 0.0007 
         024  9 0.0005 0.0127 0.0214 0.0026 0.0102 0.0048 0.9387 0.0007 0.0039 0.0046 
         028  9 0.0012 0.0067 0.3015 0.0006 0.0361 0.0004 0.6228 0.0006 0.0283 0.0018 
         029  9 0.0005 0.0123 0.0260 0.0017 0.0516 0.0039 0.8941 0.0004 0.0083 0.0012 
         030  9 0.0004 0.0180 0.0049 0.0011 0.1004 0.0006 0.8401 0.0007 0.0320 0.0017 
         031  9 0.0006 0.0046 0.0449 0.0013 0.0696 0.0048 0.8487 0.0020 0.0229 0.0005 
         033  9 0.0004 0.0043 0.0075 0.0013 0.1710 0.0049 0.7956 0.0072 0.0056 0.0023 
         001 10 0.0007 0.0079 0.0862 0.0011 0.0789 0.0011 0.8158 0.0005 0.0072 0.0006 
         002 10 0.0002 0.0038 0.0036 0.0014 0.0291 0.0006 0.6889 0.0003 0.2711 0.0011 
         003 10 0.0008 0.0102 0.0176 0.0010 0.0456 0.0017 0.8802 0.0005 0.0268 0.0156 
         004 10 0.0005 0.0159 0.0125 0.0007 0.2864 0.0027 0.6508 0.0004 0.0262 0.0040 
         005 10 0.0006 0.0043 0.0054 0.0024 0.0402 0.0009 0.9211 0.0006 0.0231 0.0014 
         006 10 0.0005 0.0042 0.0034 0.0012 0.1120 0.0014 0.8261 0.0013 0.0493 0.0007 
         007 10 0.0005 0.0040 0.0042 0.0006 0.0719 0.0010 0.8982 0.0009 0.0157 0.0030 
         008 10 0.0009 0.0058 0.0046 0.0012 0.0380 0.0013 0.8909 0.0011 0.0507 0.0056 
         009 10 0.0016 0.0040 0.0105 0.0040 0.0823 0.0016 0.8902 0.0010 0.0042 0.0006 
         010 10 0.0004 0.0043 0.0053 0.0037 0.1087 0.0010 0.8323 0.0008 0.0422 0.0014 
         011 10 0.0011 0.0226 0.0038 0.0006 0.0800 0.0008 0.8451 0.0008 0.0077 0.0375 
         012 10 0.0012 0.0098 0.0123 0.0007 0.0245 0.0029 0.9399 0.0006 0.0038 0.0043 
         013 10 0.0027 0.0064 0.0207 0.0010 0.0663 0.0007 0.8220 0.0005 0.0785 0.0012 
         014 10 0.0009 0.0021 0.0088 0.0007 0.3757 0.0163 0.5670 0.0006 0.0268 0.0012 
         016 10 0.0009 0.0061 0.0157 0.0024 0.0055 0.0027 0.8096 0.0005 0.1555 0.0011 
         017 10 0.0009 0.0172 0.6705 0.0021 0.0575 0.0013 0.2375 0.0011 0.0108 0.0011 
         018 10 0.0005 0.0050 0.0890 0.0026 0.0187 0.0030 0.8701 0.0049 0.0054 0.0008 
         019 10 0.0004 0.0061 0.0105 0.0061 0.0058 0.0017 0.9399 0.0006 0.0271 0.0018 
         020 10 0.0011 0.0033 0.1373 0.0083 0.0158 0.0064 0.4965 0.0011 0.3268 0.0035 
         021 10 0.0004 0.0053 0.0046 0.0031 0.1372 0.0083 0.8195 0.0011 0.0199 0.0006 
         022 10 0.0008 0.0070 0.2383 0.0004 0.1767 0.0093 0.5452 0.0004 0.0205 0.0014 
         023 10 0.0008 0.0092 0.0752 0.0007 0.0770 0.0014 0.6240 0.0006 0.2092 0.0019 
         024 10 0.0003 0.0038 0.0052 0.0011 0.0514 0.0007 0.7782 0.0004 0.1572 0.0017 
         026 10 0.0009 0.0199 0.2275 0.0011 0.0802 0.0014 0.6462 0.0005 0.0215 0.0008 
        001s 11 0.0008 0.0089 0.5644 0.0009 0.2226 0.0162 0.0214 0.0846 0.0678 0.0124 
        002s 11 0.0076 0.0065 0.0392 0.0042 0.0576 0.0013 0.8742 0.0009 0.0062 0.0023 
        003s 11 0.0008 0.2577 0.1819 0.0026 0.0259 0.0137 0.1359 0.0071 0.3735 0.0008 
        004s 11 0.0022 0.0347 0.0667 0.0004 0.0340 0.0026 0.8395 0.0006 0.0171 0.0021 
        005s 11 0.0010 0.0391 0.0042 0.0076 0.0960 0.0102 0.7494 0.0021 0.0896 0.0008 
        006s 11 0.0041 0.0028 0.0727 0.0027 0.0492 0.0268 0.7341 0.0013 0.1032 0.0030 
        007s 11 0.0329 0.0041 0.0112 0.0026 0.0886 0.0195 0.8188 0.0102 0.0110 0.0010 
        008s 11 0.0004 0.0069 0.5735 0.0008 0.0041 0.0013 0.2989 0.0008 0.1125 0.0008 
        009s 11 0.0006 0.0019 0.0039 0.0173 0.0044 0.0009 0.6819 0.0004 0.2879 0.0008 
        010s 11 0.0004 0.0029 0.0065 0.0007 0.2391 0.0023 0.7444 0.0009 0.0014 0.0014 
        011s 11 0.0123 0.0188 0.0012 0.0005 0.5455 0.0316 0.0707 0.1028 0.2011 0.0154 
        012s 11 0.0004 0.2677 0.0093 0.0007 0.0323 0.0042 0.1257 0.0830 0.4762 0.0005 
        013s 11 0.0010 0.0121 0.0114 0.0003 0.3380 0.0125 0.5672 0.0014 0.0543 0.0020 
        014s 11 0.0064 0.2331 0.0024 0.0024 0.5438 0.0295 0.0752 0.0048 0.1004 0.0020 
        015s 11 0.0018 0.0238 0.1201 0.0026 0.0286 0.0029 0.5404 0.0023 0.2725 0.0052 
        016s 11 0.0004 0.0039 0.0350 0.0087 0.3695 0.0156 0.4564 0.0477 0.0052 0.0576 
        017s 11 0.0006 0.0133 0.0178 0.0009 0.0077 0.0157 0.2739 0.0647 0.6035 0.0019 
        018s 11 0.0010 0.0035 0.3708 0.0029 0.5360 0.0373 0.0075 0.0043 0.0357 0.0010 
        019s 11 0.0009 0.0040 0.0022 0.0004 0.0056 0.0018 0.9126 0.0008 0.0503 0.0214 
        020s 11 0.0028 0.0048 0.0763 0.0029 0.5950 0.0247 0.1433 0.0016 0.1456 0.0030 
        021s 11 0.0007 0.0344 0.2797 0.0004 0.0212 0.0010 0.6574 0.0009 0.0025 0.0018 
        022s 11 0.0322 0.1238 0.0127 0.0015 0.0457 0.0018 0.7117 0.0040 0.0661 0.0006 
        023s 11 0.0005 0.0031 0.4949 0.0006 0.4270 0.0300 0.0040 0.0179 0.0023 0.0197 
        025s 11 0.0008 0.0046 0.0032 0.0003 0.0723 0.0007 0.9100 0.0007 0.0056 0.0018 
        026s 11 0.0010 0.0038 0.1431 0.0008 0.0714 0.0009 0.6776 0.0366 0.0151 0.0498 
        027s 11 0.0032 0.0178 0.0018 0.0006 0.0063 0.0010 0.9270 0.0010 0.0408 0.0006 
        028s 11 0.0015 0.0489 0.0559 0.0003 0.0234 0.0027 0.8540 0.0061 0.0058 0.0015 
        029s 11 0.0004 0.0049 0.0824 0.0016 0.0055 0.0036 0.7329 0.0313 0.1367 0.0006 
        030s 11 0.0017 0.0395 0.0017 0.0011 0.0023 0.0016 0.2944 0.0346 0.6209 0.0022 
        031s 11 0.0023 0.0346 0.1784 0.0010 0.0100 0.0003 0.6069 0.0006 0.1653 0.0005 
        032s 11 0.0004 0.0111 0.1830 0.0011 0.1334 0.0116 0.6235 0.0019 0.0269 0.0070 
        033s 11 0.0008 0.0126 0.0195 0.0013 0.2632 0.0027 0.6861 0.0057 0.0072 0.0010 
        034s 11 0.0017 0.0061 0.3897 0.0004 0.5629 0.0282 0.0078 0.0011 0.0016 0.0005 
        035s 11 0.0024 0.0063 0.0110 0.0028 0.4653 0.0185 0.1673 0.0017 0.3243 0.0004 
        036s 11 0.0015 0.0150 0.0875 0.0025 0.0227 0.0067 0.2532 0.0128 0.5974 0.0006 
        037s 11 0.0004 0.0076 0.0148 0.0025 0.7455 0.0431 0.0320 0.0018 0.1489 0.0034 
        038s 11 0.0011 0.2435 0.0159 0.0011 0.2752 0.0198 0.2712 0.0028 0.1680 0.0014 
        039s 11 0.0004 0.0031 0.0502 0.0006 0.0087 0.0052 0.8200 0.0017 0.1090 0.0012 
        040s 11 0.0013 0.0042 0.0036 0.0006 0.0071 0.0221 0.3577 0.0332 0.5692 0.0011 
        041s 11 0.0017 0.0168 0.0182 0.0238 0.0173 0.0013 0.7677 0.0012 0.1477 0.0043 
        042s 11 0.0012 0.0214 0.5196 0.0014 0.3553 0.0185 0.0054 0.0009 0.0628 0.0134 
        043s 11 0.0007 0.0033 0.0309 0.0005 0.1825 0.0207 0.7080 0.0148 0.0175 0.0212 
        044s 11 0.0095 0.0536 0.1312 0.0017 0.0602 0.0035 0.5845 0.0007 0.1482 0.0069 
        045s 11 0.0027 0.0223 0.1548 0.0004 0.0241 0.0065 0.4197 0.0005 0.3547 0.0142 
        046s 11 0.0044 0.0180 0.2592 0.0009 0.3820 0.0335 0.0195 0.0362 0.2221 0.0241 
        047s 11 0.0028 0.0083 0.0045 0.0008 0.0045 0.0019 0.5248 0.0009 0.4500 0.0015 
        048s 11 0.0021 0.0048 0.1334 0.0019 0.0989 0.0027 0.6579 0.0039 0.0494 0.0450 
        049s 11 0.0007 0.0268 0.3492 0.0019 0.0082 0.0041 0.5685 0.0015 0.0371 0.0020 
        050s 11 0.0033 0.0047 0.0183 0.0005 0.0419 0.0007 0.6212 0.0007 0.3066 0.0022 
        051s 11 0.0230 0.0062 0.0201 0.0005 0.1345 0.0012 0.5453 0.0008 0.2161 0.0522 
        052s 11 0.0045 0.0213 0.2247 0.0019 0.6157 0.0345 0.0773 0.0032 0.0133 0.0036 
        053s 11 0.0007 0.0101 0.0077 0.0022 0.0709 0.0009 0.8991 0.0006 0.0065 0.0014 
        054s 11 0.0087 0.0180 0.0296 0.0009 0.1173 0.0032 0.6390 0.0011 0.1816 0.0007 
        055s 11 0.0007 0.0258 0.0392 0.0004 0.7765 0.0791 0.0169 0.0184 0.0421 0.0009 
        001s 12 0.0018 0.0036 0.0677 0.0012 0.1690 0.0055 0.7271 0.0024 0.0198 0.0018 
        002s 12 0.0009 0.0027 0.0043 0.0019 0.0209 0.0006 0.9605 0.0016 0.0057 0.0009 
        003s 12 0.0013 0.0206 0.0040 0.0010 0.0489 0.0013 0.7058 0.0006 0.2161 0.0005 
        004s 12 0.0005 0.0405 0.6741 0.0041 0.0693 0.0008 0.0070 0.0680 0.1272 0.0085 
        005s 12 0.0006 0.0115 0.1222 0.0015 0.5390 0.0270 0.2942 0.0005 0.0023 0.0013 
        006s 12 0.0036 0.1391 0.1386 0.0013 0.0453 0.0093 0.2395 0.0144 0.4069 0.0020 
        007s 12 0.0025 0.0064 0.0093 0.0034 0.0054 0.0008 0.8099 0.0016 0.1584 0.0023 
        008s 12 0.0013 0.0193 0.0127 0.0008 0.0685 0.0424 0.7611 0.0029 0.0905 0.0005 
        009s 12 0.0009 0.0087 0.4770 0.0269 0.0381 0.0102 0.3556 0.0227 0.0553 0.0046 
        010s 12 0.0302 0.0162 0.0404 0.0015 0.2002 0.0125 0.5490 0.0069 0.1426 0.0006 
        011s 12 0.0061 0.0041 0.5341 0.0013 0.0197 0.0010 0.4168 0.0021 0.0141 0.0005 
        012s 12 0.0053 0.0245 0.2513 0.0006 0.0065 0.0014 0.2217 0.0014 0.4814 0.0059 
        013s 12 0.0008 0.0206 0.0072 0.0009 0.0242 0.0006 0.5289 0.0008 0.3837 0.0322 
        014s 12 0.0440 0.0411 0.0081 0.0036 0.3551 0.0237 0.2141 0.0010 0.2671 0.0420 
        015s 12 0.0008 0.0040 0.0136 0.0019 0.0559 0.0020 0.8964 0.0058 0.0182 0.0014 
        016s 12 0.0012 0.0364 0.6611 0.0005 0.0426 0.0006 0.0751 0.0009 0.1752 0.0065 
        017s 12 0.0017 0.0064 0.0023 0.0005 0.1753 0.0037 0.6722 0.0064 0.1300 0.0016 
        018s 12 0.0003 0.0053 0.0085 0.0033 0.0064 0.0097 0.3769 0.0013 0.5856 0.0027 
        019s 12 0.0007 0.0128 0.0056 0.0020 0.0381 0.0075 0.9192 0.0074 0.0060 0.0007 
        020s 12 0.0004 0.0044 0.0034 0.0004 0.0029 0.0098 0.8897 0.0699 0.0177 0.0015 
        021s 12 0.0007 0.1320 0.0692 0.0009 0.0029 0.0015 0.3552 0.0028 0.4312 0.0035 
        022s 12 0.0010 0.0508 0.0067 0.0042 0.0960 0.0118 0.5579 0.0289 0.2378 0.0049 
        023s 12 0.0006 0.0059 0.1927 0.0013 0.0154 0.0017 0.7229 0.0008 0.0566 0.0020 
        024s 12 0.0004 0.0029 0.0030 0.0004 0.3542 0.0235 0.1992 0.0010 0.4144 0.0011 
        025s 12 0.0015 0.0050 0.2366 0.0044 0.0196 0.0222 0.6171 0.0030 0.0896 0.0010 
        026s 12 0.0008 0.0199 0.2772 0.0154 0.0516 0.0040 0.6015 0.0253 0.0034 0.0009 
        027s 12 0.0008 0.0048 0.0059 0.0004 0.0527 0.0072 0.9183 0.0028 0.0064 0.0007 
        028s 12 0.0007 0.0089 0.0047 0.0224 0.8733 0.0272 0.0493 0.0029 0.0017 0.0088 
        029s 12 0.0011 0.0089 0.0038 0.0005 0.2952 0.0123 0.6735 0.0008 0.0026 0.0011 
        030s 12 0.0025 0.0219 0.0044 0.0008 0.0064 0.0022 0.8591 0.0016 0.1006 0.0006 
        031s 12 0.0012 0.0093 0.0179 0.0019 0.1602 0.0022 0.6571 0.0047 0.1411 0.0043 
        032s 12 0.0006 0.1002 0.0100 0.0107 0.7142 0.0266 0.1263 0.0008 0.0089 0.0017 
        033s 12 0.0035 0.0022 0.2071 0.0007 0.1604 0.0120 0.4865 0.0011 0.1257 0.0008 
        034s 12 0.0005 0.0026 0.0031 0.0008 0.7908 0.0339 0.1656 0.0004 0.0019 0.0004 
        035s 12 0.0011 0.1547 0.2160 0.0008 0.2364 0.0064 0.3442 0.0134 0.0262 0.0007 
        036s 12 0.0043 0.2985 0.0018 0.0047 0.0098 0.0152 0.3381 0.0017 0.3242 0.0015 
        037s 12 0.0004 0.0049 0.0031 0.0016 0.0222 0.0013 0.7277 0.0014 0.2355 0.0019 
        001s 13 0.0007 0.0040 0.3667 0.0016 0.0131 0.0066 0.4435 0.0204 0.1413 0.0021 
        002s 13 0.0004 0.0187 0.1989 0.0005 0.5953 0.0510 0.0321 0.0591 0.0429 0.0009 
        003s 13 0.0003 0.0221 0.0136 0.0009 0.0787 0.0022 0.8294 0.0010 0.0503 0.0015 
        004s 13 0.0009 0.0330 0.3937 0.0139 0.0884 0.0016 0.2831 0.0015 0.1800 0.0039 
        005s 13 0.0046 0.0218 0.0020 0.0027 0.1174 0.0066 0.8370 0.0033 0.0022 0.0026 
        006s 13 0.0015 0.0359 0.0136 0.0014 0.0240 0.0038 0.9049 0.0010 0.0131 0.0007 
        007s 13 0.0253 0.0071 0.0449 0.0006 0.0047 0.0068 0.8840 0.0010 0.0239 0.0017 
        008s 13 0.0019 0.0103 0.1535 0.0029 0.0053 0.0018 0.4391 0.0506 0.3336 0.0012 
        009s 13 0.0027 0.0183 0.0022 0.0120 0.0067 0.0058 0.4188 0.1184 0.4141 0.0009 
        010s 13 0.0007 0.0532 0.0636 0.0016 0.0938 0.0095 0.2903 0.0420 0.4434 0.0018 
        011s 13 0.0175 0.0044 0.3596 0.0089 0.1060 0.0205 0.3830 0.0031 0.0945 0.0026 
        012s 13 0.0016 0.1609 0.0011 0.0032 0.0064 0.0042 0.1252 0.0124 0.6691 0.0160 
        013s 13 0.0249 0.0030 0.0225 0.0012 0.3782 0.0169 0.1836 0.0172 0.3419 0.0106 
        014s 13 0.0140 0.0086 0.1703 0.0011 0.0014 0.0092 0.4015 0.0008 0.3881 0.0051 
        015s 13 0.0016 0.0038 0.0033 0.0118 0.2001 0.0019 0.7504 0.0092 0.0073 0.0108 
        016s 13 0.0004 0.0072 0.1618 0.0009 0.0073 0.0010 0.6850 0.0004 0.1346 0.0013 
        017s 13 0.0033 0.0740 0.0793 0.0081 0.0288 0.0526 0.7229 0.0042 0.0260 0.0008 
        018s 13 0.0005 0.0535 0.2084 0.0010 0.0285 0.0023 0.6043 0.0008 0.0996 0.0013 
        019s 13 0.0011 0.0500 0.0071 0.0008 0.0933 0.0095 0.4143 0.0006 0.4215 0.0017 
        020s 13 0.0043 0.0040 0.0085 0.0035 0.9081 0.0297 0.0323 0.0021 0.0070 0.0005 
        021s 13 0.0009 0.0047 0.0039 0.0006 0.1656 0.0007 0.8163 0.0021 0.0039 0.0013 
        022s 13 0.0006 0.0029 0.0163 0.0005 0.0111 0.0036 0.7245 0.0017 0.2378 0.0010 
        023s 13 0.0005 0.0044 0.0151 0.0007 0.0639 0.0092 0.8561 0.0010 0.0484 0.0006 
        024s 13 0.0041 0.0109 0.4427 0.0013 0.0150 0.0042 0.4319 0.0356 0.0162 0.0380 
        025s 13 0.0006 0.0018 0.1019 0.0007 0.0042 0.0009 0.8681 0.0014 0.0183 0.0021 
        026s 13 0.0028 0.1922 0.0055 0.0008 0.0247 0.0340 0.0856 0.0529 0.5860 0.0154 
        027s 13 0.0017 0.0021 0.0332 0.0027 0.0250 0.0021 0.8545 0.0522 0.0249 0.0016 
        028s 13 0.0024 0.0054 0.7738 0.0048 0.1695 0.0295 0.0099 0.0019 0.0019 0.0009 
        029s 13 0.0013 0.0274 0.0018 0.0005 0.6741 0.0356 0.0223 0.0174 0.2177 0.0020 
        030s 13 0.0007 0.0931 0.0028 0.0006 0.4720 0.0210 0.0333 0.0669 0.2827 0.0268 
        031s 13 0.0055 0.1178 0.0121 0.0011 0.0221 0.0013 0.4798 0.0046 0.2558 0.1000 
        032s 13 0.0118 0.0142 0.0159 0.0006 0.1775 0.0005 0.6523 0.0006 0.1261 0.0005 
        033s 13 0.0083 0.0364 0.5247 0.0011 0.0024 0.0218 0.1096 0.0034 0.2909 0.0013 
        034s 13 0.0223 0.0043 0.0043 0.0038 0.7902 0.0363 0.0835 0.0442 0.0091 0.0020 
        035s 13 0.0007 0.0039 0.0661 0.0026 0.2770 0.0189 0.5992 0.0011 0.0226 0.0078 
        036s 13 0.0008 0.0114 0.0032 0.0006 0.3045 0.0091 0.5719 0.0021 0.0958 0.0006 
        037s 13 0.0007 0.0046 0.0038 0.0010 0.0115 0.0017 0.9211 0.0007 0.0534 0.0016 
        038s 13 0.0013 0.0136 0.0141 0.0019 0.4092 0.0235 0.4698 0.0011 0.0639 0.0016 
        039s 13 0.0016 0.0034 0.7171 0.0010 0.0611 0.0033 0.0631 0.0813 0.0114 0.0567 
        040s 13 0.0015 0.0444 0.2658 0.0010 0.0333 0.0006 0.3840 0.0015 0.2653 0.0025 
        041s 13 0.0064 0.0041 0.0033 0.0009 0.0045 0.0019 0.4208 0.0392 0.5170 0.0019 
        042s 13 0.0024 0.0068 0.0479 0.0009 0.7951 0.0474 0.0442 0.0006 0.0535 0.0012 
        001s 14 0.0011 0.0204 0.3132 0.0028 0.4333 0.0405 0.0019 0.0179 0.1681 0.0007 
        002s 14 0.0022 0.0408 0.0099 0.0034 0.0160 0.0034 0.8384 0.0661 0.0180 0.0017 
        003s 14 0.0007 0.0106 0.0068 0.0009 0.8995 0.0504 0.0140 0.0009 0.0151 0.0013 
        004s 14 0.0135 0.0018 0.2251 0.0010 0.0095 0.0011 0.7220 0.0140 0.0093 0.0027 
        005s 14 0.0003 0.0129 0.0190 0.0011 0.2491 0.0048 0.5856 0.0006 0.1253 0.0014 
        006s 14 0.0007 0.0063 0.1993 0.0007 0.0293 0.0068 0.5695 0.0004 0.1866 0.0005 
        007s 14 0.0010 0.0037 0.0018 0.0006 0.0990 0.0017 0.8872 0.0010 0.0016 0.0024 
        008s 14 0.0065 0.0018 0.0014 0.0175 0.6147 0.0340 0.0164 0.0949 0.2110 0.0018 
        009s 14 0.0010 0.0085 0.0576 0.0054 0.0458 0.0030 0.8593 0.0029 0.0143 0.0020 
        010s 14 0.0006 0.0020 0.0368 0.0188 0.2295 0.0214 0.2025 0.0541 0.4324 0.0019 
        011s 14 0.0087 0.0289 0.0103 0.0007 0.5313 0.0583 0.1978 0.0008 0.1622 0.0012 
        012s 14 0.0019 0.0221 0.0856 0.0026 0.6899 0.0420 0.0638 0.0007 0.0884 0.0030 
        013s 14 0.0065 0.4868 0.1016 0.0012 0.0981 0.0151 0.0296 0.0011 0.2536 0.0064 
        014s 14 0.0009 0.0110 0.0020 0.0060 0.0048 0.0074 0.4953 0.0387 0.4328 0.0010 
        015s 14 0.0011 0.0027 0.0039 0.0116 0.0381 0.0010 0.6621 0.0012 0.2749 0.0034 
        016s 14 0.0003 0.0335 0.0121 0.0009 0.0248 0.0016 0.9038 0.0022 0.0081 0.0127 
        017s 14 0.0080 0.0739 0.0042 0.0012 0.0173 0.0063 0.3515 0.0605 0.4765 0.0006 
        018s 14 0.0006 0.0048 0.0180 0.0011 0.0083 0.0012 0.6841 0.0007 0.2796 0.0016 
        019s 14 0.0017 0.0035 0.0268 0.0006 0.0741 0.0040 0.8806 0.0026 0.0047 0.0014 
        020s 14 0.0003 0.0020 0.3133 0.0095 0.6384 0.0241 0.0082 0.0007 0.0028 0.0008 
        021s 14 0.0004 0.0134 0.0048 0.0089 0.0992 0.0015 0.8561 0.0079 0.0072 0.0006 
        022s 14 0.0038 0.0047 0.0082 0.0027 0.0316 0.0047 0.5402 0.0070 0.3952 0.0018 
        023s 14 0.0022 0.0722 0.0123 0.0032 0.0710 0.0009 0.4005 0.0102 0.4245 0.0031 
        024s 14 0.0017 0.0024 0.0420 0.0039 0.2141 0.0258 0.2174 0.0360 0.4537 0.0030 
        025s 14 0.0004 0.0155 0.3258 0.0007 0.2509 0.0089 0.3158 0.0696 0.0117 0.0007 
