        001s  1 0.9346 0.0008 0.0003 0.0638 0.0005 
        002s  1 0.9016 0.0004 0.0024 0.0951 0.0005 
        003s  1 0.8631 0.0144 0.0007 0.1205 0.0014 
        004s  1 0.8728 0.0004 0.0304 0.0931 0.0033 
        005s  1 0.4934 0.0003 0.2368 0.2690 0.0005 
        006s  1 0.9974 0.0004 0.0011 0.0007 0.0004 
        007s  1 0.9787 0.0007 0.0007 0.0163 0.0035 
        008s  1 0.9137 0.0007 0.0008 0.0842 0.0007 
        009s  1 0.8752 0.0035 0.0123 0.1042 0.0048 
        010s  1 0.9885 0.0007 0.0012 0.0092 0.0004 
        011s  1 0.9845 0.0045 0.0020 0.0063 0.0027 
        012s  1 0.8186 0.0066 0.0224 0.1512 0.0012 
        013s  1 0.9530 0.0009 0.0275 0.0124 0.0062 
        014s  1 0.9386 0.0191 0.0041 0.0320 0.0062 
        015s  1 0.9948 0.0007 0.0004 0.0036 0.0004 
        016s  1 0.9700 0.0009 0.0008 0.0212 0.0071 
        018s  1 0.8257 0.0011 0.0174 0.1553 0.0005 
        019s  1 0.9397 0.0050 0.0006 0.0540 0.0007 
        020s  1 0.9794 0.0085 0.0003 0.0039 0.0080 
        021s  1 0.9789 0.0008 0.0077 0.0061 0.0065 
        022s  1 0.8849 0.0004 0.0003 0.1137 0.0007 
        023s  1 0.9594 0.0010 0.0003 0.0279 0.0114 
        024s  1 0.9936 0.0004 0.0009 0.0045 0.0006 
        025s  1 0.9807 0.0004 0.0030 0.0146 0.0013 
        026s  1 0.9816 0.0046 0.0007 0.0035 0.0096 
        027s  1 0.9798 0.0004 0.0112 0.0059 0.0027 
        028s  1 0.8930 0.0010 0.0589 0.0466 0.0005 
        029s  1 0.9846 0.0058 0.0004 0.0085 0.0006 
        030s  1 0.9867 0.0085 0.0028 0.0013 0.0007 
        031s  1 0.9830 0.0004 0.0003 0.0156 0.0007 
        032s  1 0.9936 0.0011 0.0005 0.0041 0.0007 
        033s  1 0.9847 0.0008 0.0016 0.0118 0.0011 
        034s  1 0.8820 0.0038 0.0010 0.0682 0.0450 
        035s  1 0.9938 0.0015 0.0014 0.0024 0.0009 
        036s  1 0.8222 0.0004 0.0081 0.1687 0.0006 
        037s  1 0.7938 0.0027 0.0234 0.1333 0.0468 
        038s  1 0.9938 0.0006 0.0007 0.0039 0.0010 
        039s  1 0.9711 0.0008 0.0214 0.0063 0.0004 
        040s  1 0.9809 0.0005 0.0027 0.0129 0.0030 
        041s  1 0.9910 0.0007 0.0007 0.0047 0.0029 
        042s  1 0.8038 0.0011 0.0045 0.1098 0.0808 
        043s  1 0.8755 0.0019 0.0022 0.1200 0.0005 
        044s  1 0.8622 0.0015 0.0217 0.1073 0.0072 
        045s  1 0.9897 0.0011 0.0020 0.0064 0.0008 
        046s  1 0.9915 0.0022 0.0005 0.0052 0.0006 
        047s  1 0.9899 0.0013 0.0003 0.0028 0.0057 
        048s  1 0.8461 0.0003 0.0009 0.1522 0.0005 
        049s  1 0.8841 0.0006 0.0009 0.1139 0.0004 
        050s  1 0.8607 0.0004 0.0134 0.1252 0.0004 
        051s  1 0.9630 0.0281 0.0004 0.0076 0.0008 
        052s  1 0.9595 0.0199 0.0105 0.0083 0.0017 
        053s  1 0.9950 0.0003 0.0005 0.0036 0.0005 
        054s  1 0.9920 0.0023 0.0027 0.0022 0.0009 
        055s  1 0.8099 0.0011 0.0116 0.1015 0.0759 
          01  2 0.8233 0.0312 0.0142 0.1300 0.0013 
          02  2 0.9784 0.0012 0.0038 0.0158 0.0008 
          03  2 0.9959 0.0005 0.0008 0.0017 0.0011 
          04  2 0.9530 0.0011 0.0195 0.0106 0.0159 
          05  2 0.7648 0.0003 0.0091 0.2256 0.0003 
          06  2 0.9641 0.0006 0.0063 0.0281 0.0009 
          07  2 0.9409 0.0009 0.0037 0.0537 0.0008 
          08  2 0.8096 0.0009 0.0033 0.1856 0.0007 
          09  2 0.9759 0.0074 0.0005 0.0159 0.0004 
          10  2 0.9941 0.0005 0.0005 0.0045 0.0004 
          11  2 0.9508 0.0096 0.0014 0.0355 0.0028 
          12  2 0.9955 0.0018 0.0007 0.0014 0.0006 
          13  2 0.9728 0.0009 0.0005 0.0252 0.0006 
          14  2 0.9283 0.0032 0.0039 0.0412 0.0235 
          15  2 0.9492 0.0012 0.0005 0.0478 0.0013 
          16  2 0.9326 0.0047 0.0578 0.0012 0.0037 
          17  2 0.9846 0.0009 0.0011 0.0122 0.0012 
          18  2 0.9748 0.0017 0.0060 0.0165 0.0010 
          19  2 0.9850 0.0017 0.0004 0.0090 0.0039 
          20  2 0.9249 0.0015 0.0140 0.0534 0.0063 
          21  2 0.9722 0.0198 0.0003 0.0070 0.0006 
          22  2 0.9829 0.0047 0.0039 0.0016 0.0070 
          23  2 0.9937 0.0009 0.0019 0.0015 0.0019 
          24  2 0.9967 0.0011 0.0006 0.0010 0.0007 
          25  2 0.9445 0.0014 0.0256 0.0273 0.0011 
          26  2 0.8769 0.0008 0.0004 0.1216 0.0002 
          27  2 0.9581 0.0010 0.0289 0.0084 0.0036 
          28  2 0.9594 0.0011 0.0002 0.0350 0.0043 
          29  2 0.9958 0.0008 0.0009 0.0023 0.0003 
          30  2 0.7573 0.0057 0.0149 0.1377 0.0844 
          01  3 0.3436 0.0004 0.2757 0.3703 0.0099 
          02  3 0.1334 0.0739 0.5081 0.2832 0.0014 
          03  3 0.3720 0.0003 0.3520 0.2750 0.0007 
          04  3 0.1714 0.0011 0.4106 0.4149 0.0021 
          05  3 0.0008 0.1156 0.4501 0.3110 0.1225 
          06  3 0.0818 0.0003 0.5556 0.3617 0.0007 
          07  3 0.3769 0.0013 0.2929 0.3285 0.0004 
          08  3 0.2970 0.0041 0.3687 0.3229 0.0072 
          09  3 0.3074 0.0002 0.3174 0.3729 0.0020 
          10  3 0.0310 0.2191 0.4487 0.1689 0.1322 
          11  3 0.2848 0.0003 0.3542 0.3606 0.0002 
          12  3 0.2689 0.0003 0.3625 0.3678 0.0005 
          13  3 0.0034 0.0189 0.5838 0.3935 0.0003 
          14  3 0.0039 0.0471 0.5063 0.2845 0.1581 
          15  3 0.3453 0.0002 0.3217 0.3316 0.0012 
          16  3 0.0852 0.0025 0.6512 0.2575 0.0036 
          17  3 0.4128 0.0007 0.2252 0.3606 0.0007 
          18  3 0.0041 0.1684 0.3680 0.1757 0.2838 
          19  3 0.1659 0.0004 0.5163 0.3146 0.0029 
          20  3 0.1845 0.0003 0.3679 0.3944 0.0529 
          21  3 0.2517 0.0008 0.4277 0.3134 0.0064 
          22  3 0.2842 0.0006 0.2867 0.4239 0.0047 
          23  3 0.2342 0.0003 0.4107 0.3538 0.0011 
          24  3 0.0456 0.1683 0.3433 0.4398 0.0030 
          25  3 0.0003 0.2517 0.3520 0.2635 0.1324 
          26  3 0.2258 0.0005 0.3938 0.3790 0.0009 
          27  3 0.0479 0.1334 0.4087 0.2314 0.1785 
          28  3 0.0876 0.0012 0.5243 0.3867 0.0003 
          29  3 0.1780 0.0029 0.4726 0.3347 0.0119 
          30  3 0.2657 0.0008 0.3034 0.4297 0.0003 
         001  4 0.0001 0.0001 0.0911 0.9039 0.0047 
         002  4 0.0005 0.0003 0.0896 0.9070 0.0026 
         003  4 0.0002 0.0006 0.0898 0.9068 0.0027 
         004  4 0.0001 0.0002 0.0996 0.8972 0.0029 
         005  4 0.0001 0.0015 0.0900 0.9030 0.0053 
         006  4 0.0003 0.0003 0.1594 0.8379 0.0021 
         007  4 0.0024 0.0002 0.1308 0.8627 0.0039 
         008  4 0.0006 0.0022 0.0848 0.9021 0.0103 
         009  4 0.0002 0.0010 0.0943 0.9000 0.0045 
         010  4 0.0001 0.0001 0.1128 0.8867 0.0003 
         011  4 0.0007 0.0006 0.1044 0.8570 0.0373 
         012  4 0.0002 0.0002 0.0877 0.9062 0.0058 
         013  4 0.0003 0.0001 0.1008 0.8985 0.0004 
         014  4 0.0002 0.0001 0.0905 0.9063 0.0029 
         015  4 0.0001 0.0001 0.1079 0.8915 0.0004 
         016  4 0.0002 0.0018 0.0999 0.8956 0.0026 
         017  4 0.0002 0.0002 0.0960 0.9036 0.0002 
         019  4 0.0041 0.0018 0.1737 0.8116 0.0088 
         020  4 0.0002 0.0006 0.0837 0.9130 0.0025 
         021  4 0.0009 0.0025 0.1010 0.8881 0.0075 
         001  5 0.0076 0.0030 0.0943 0.8600 0.0351 
         002  5 0.0287 0.0018 0.0830 0.8786 0.0080 
         003  5 0.1561 0.0004 0.1438 0.6856 0.0142 
         004  5 0.0497 0.0002 0.0830 0.8584 0.0087 
         005  5 0.0079 0.0003 0.0968 0.8872 0.0078 
         006  5 0.0080 0.0007 0.1891 0.8016 0.0007 
         007  5 0.0015 0.0008 0.1778 0.8160 0.0039 
         008  5 0.0058 0.0006 0.1081 0.8830 0.0025 
         009  5 0.0646 0.0003 0.0900 0.8373 0.0078 
         010  5 0.0085 0.0003 0.1549 0.8277 0.0086 
         011  5 0.0024 0.0003 0.0941 0.8888 0.0144 
         012  5 0.0515 0.0007 0.1592 0.7842 0.0043 
         013  5 0.1837 0.0011 0.1210 0.6916 0.0026 
         014  5 0.1722 0.0122 0.1566 0.6347 0.0244 
         015  5 0.0004 0.0004 0.1250 0.8710 0.0033 
         016  5 0.0075 0.0008 0.1477 0.8422 0.0018 
         017  5 0.0351 0.0036 0.1635 0.7974 0.0004 
         018  5 0.0489 0.0277 0.1168 0.7868 0.0197 
         019  5 0.0005 0.0061 0.0919 0.8952 0.0064 
         020  5 0.0002 0.0002 0.0910 0.9039 0.0048 
         021  5 0.1158 0.0003 0.0727 0.8010 0.0102 
         022  5 0.0313 0.0026 0.0875 0.8272 0.0513 
         023  5 0.0020 0.0007 0.1284 0.8624 0.0066 
         024  5 0.0517 0.0004 0.1397 0.8071 0.0011 
         025  5 0.0277 0.0011 0.1509 0.8188 0.0015 
         026  5 0.1357 0.0003 0.0906 0.7727 0.0007 
         027  5 0.0003 0.0001 0.0955 0.9027 0.0013 
         028  5 0.0117 0.0015 0.1345 0.8394 0.0128 
         029  5 0.0043 0.0005 0.0984 0.8963 0.0005 
         030  5 0.0010 0.0074 0.0901 0.8944 0.0071 
        001s  6 0.9351 0.0005 0.0279 0.0192 0.0172 
        002s  6 0.9300 0.0257 0.0038 0.0396 0.0009 
        003s  6 0.9415 0.0004 0.0006 0.0550 0.0024 
        004s  6 0.9941 0.0004 0.0004 0.0045 0.0005 
        006s  6 0.9049 0.0009 0.0251 0.0536 0.0154 
        007s  6 0.9960 0.0005 0.0018 0.0013 0.0004 
        008s  6 0.9860 0.0025 0.0009 0.0055 0.0051 
        009s  6 0.9960 0.0009 0.0004 0.0020 0.0007 
        010s  6 0.9517 0.0120 0.0105 0.0095 0.0163 
        011s  6 0.9955 0.0003 0.0018 0.0008 0.0015 
        012s  6 0.9905 0.0022 0.0028 0.0030 0.0014 
        013s  6 0.9967 0.0007 0.0006 0.0014 0.0005 
        014s  6 0.8580 0.0002 0.0029 0.1387 0.0003 
        015s  6 0.9781 0.0007 0.0092 0.0073 0.0047 
        016s  6 0.9694 0.0006 0.0008 0.0282 0.0010 
        018s  6 0.6993 0.0005 0.0304 0.2685 0.0013 
        019s  6 0.9716 0.0007 0.0033 0.0218 0.0027 
        020s  6 0.9901 0.0007 0.0007 0.0081 0.0005 
        021s  6 0.9757 0.0015 0.0129 0.0056 0.0043 
        022s  6 0.9877 0.0005 0.0003 0.0084 0.0032 
        023s  6 0.9069 0.0002 0.0009 0.0915 0.0005 
        024s  6 0.9420 0.0021 0.0054 0.0498 0.0008 
        025s  6 0.9239 0.0006 0.0008 0.0052 0.0695 
        026s  6 0.9940 0.0017 0.0005 0.0034 0.0004 
        027s  6 0.9921 0.0012 0.0005 0.0057 0.0005 
        028s  6 0.9181 0.0466 0.0127 0.0145 0.0081 
        029s  6 0.9962 0.0016 0.0003 0.0009 0.0011 
        030s  6 0.9093 0.0018 0.0063 0.0719 0.0107 
        031s  6 0.9110 0.0005 0.0029 0.0851 0.0005 
        032s  6 0.9829 0.0005 0.0030 0.0128 0.0008 
        033s  6 0.9138 0.0004 0.0041 0.0810 0.0007 
        034s  6 0.9821 0.0004 0.0019 0.0023 0.0133 
        035s  6 0.7465 0.0010 0.0093 0.2420 0.0013 
        036s  6 0.9936 0.0003 0.0037 0.0014 0.0010 
        037s  6 0.9928 0.0020 0.0007 0.0031 0.0014 
        038s  6 0.9753 0.0009 0.0015 0.0216 0.0007 
        039s  6 0.9965 0.0009 0.0004 0.0014 0.0008 
        040s  6 0.9821 0.0004 0.0026 0.0145 0.0004 
        041s  6 0.8392 0.0041 0.0004 0.1535 0.0029 
        042s  6 0.9232 0.0045 0.0015 0.0176 0.0532 
        043s  6 0.9907 0.0003 0.0007 0.0012 0.0070 
        044s  6 0.9601 0.0019 0.0004 0.0368 0.0007 
        045s  6 0.9832 0.0007 0.0007 0.0133 0.0021 
        001s  7 0.8883 0.0004 0.0004 0.1098 0.0011 
        002s  7 0.9070 0.0010 0.0010 0.0896 0.0014 
        003s  7 0.8766 0.0011 0.0014 0.1199 0.0010 
        004s  7 0.9864 0.0010 0.0035 0.0084 0.0007 
        005s  7 0.9757 0.0006 0.0040 0.0176 0.0021 
        006s  7 0.9356 0.0005 0.0056 0.0524 0.0059 
        007s  7 0.9679 0.0187 0.0068 0.0054 0.0012 
        008s  7 0.8607 0.0023 0.0005 0.1355 0.0010 
        009s  7 0.9735 0.0006 0.0021 0.0129 0.0109 
        010s  7 0.8764 0.0008 0.0002 0.1213 0.0012 
        011s  7 0.9920 0.0008 0.0006 0.0057 0.0009 
        012s  7 0.9976 0.0004 0.0005 0.0009 0.0006 
        013s  7 0.9837 0.0007 0.0078 0.0029 0.0048 
        014s  7 0.8859 0.0005 0.0012 0.1122 0.0003 
        015s  7 0.9829 0.0012 0.0027 0.0121 0.0011 
        016s  7 0.7745 0.0003 0.0008 0.2221 0.0023 
        017s  7 0.9888 0.0004 0.0010 0.0093 0.0005 
        018s  7 0.9922 0.0038 0.0009 0.0025 0.0006 
        019s  7 0.9771 0.0030 0.0012 0.0070 0.0117 
        020s  7 0.9884 0.0003 0.0012 0.0098 0.0003 
        021s  7 0.9934 0.0012 0.0006 0.0036 0.0012 
        022s  7 0.9928 0.0003 0.0034 0.0025 0.0010 
        023s  7 0.9655 0.0011 0.0028 0.0111 0.0195 
        024s  7 0.9940 0.0017 0.0007 0.0031 0.0005 
        025s  7 0.9918 0.0013 0.0048 0.0011 0.0010 
        026s  7 0.8775 0.0011 0.0003 0.1201 0.0010 
        027s  7 0.9242 0.0011 0.0008 0.0734 0.0005 
        028s  7 0.9931 0.0002 0.0010 0.0053 0.0004 
        029s  7 0.9805 0.0007 0.0008 0.0155 0.0025 
        030s  7 0.9668 0.0045 0.0005 0.0247 0.0036 
        031s  7 0.9777 0.0006 0.0014 0.0076 0.0127 
        032s  7 0.8966 0.0057 0.0056 0.0918 0.0004 
        033s  7 0.9547 0.0036 0.0026 0.0367 0.0024 
        034s  7 0.9555 0.0011 0.0396 0.0032 0.0006 
        035s  7 0.9974 0.0006 0.0003 0.0007 0.0010 
        036s  7 0.9715 0.0007 0.0032 0.0176 0.0070 
        037s  7 0.9240 0.0005 0.0147 0.0547 0.0061 
        038s  7 0.9882 0.0008 0.0013 0.0086 0.0011 
        039s  7 0.9758 0.0004 0.0002 0.0235 0.0002 
        040s  7 0.8381 0.0004 0.0273 0.1333 0.0009 
        041s  7 0.9105 0.0017 0.0013 0.0848 0.0017 
        042s  7 0.8763 0.0003 0.0007 0.1225 0.0003 
        043s  7 0.9786 0.0006 0.0003 0.0175 0.0030 
        044s  7 0.9011 0.0014 0.0241 0.0415 0.0320 
         003  8 0.9800 0.0127 0.0017 0.0048 0.0008 
         009  8 0.9951 0.0005 0.0006 0.0026 0.0012 
         010  8 0.9936 0.0004 0.0002 0.0043 0.0015 
         017  8 0.9928 0.0015 0.0006 0.0012 0.0040 
         002  9 0.9953 0.0006 0.0006 0.0023 0.0012 
         003  9 0.9983 0.0003 0.0002 0.0008 0.0004 
         004  9 0.9899 0.0004 0.0002 0.0086 0.0009 
         005  9 0.9906 0.0011 0.0012 0.0014 0.0056 
         006  9 0.9961 0.0006 0.0006 0.0011 0.0016 
         007  9 0.9904 0.0011 0.0004 0.0071 0.0010 
         009  9 0.9880 0.0013 0.0003 0.0082 0.0023 
         010  9 0.9957 0.0016 0.0003 0.0007 0.0018 
         013  9 0.9871 0.0004 0.0009 0.0102 0.0014 
         014  9 0.9860 0.0057 0.0002 0.0060 0.0021 
         016  9 0.9970 0.0010 0.0002 0.0010 0.0007 
         018  9 0.9915 0.0056 0.0007 0.0008 0.0013 
         019  9 0.9921 0.0048 0.0007 0.0019 0.0006 
         020  9 0.9985 0.0004 0.0002 0.0006 0.0003 
         021  9 0.9980 0.0003 0.0002 0.0008 0.0007 
         022  9 0.9953 0.0012 0.0004 0.0026 0.0005 
         024  9 0.9917 0.0023 0.0004 0.0016 0.0039 
         028  9 0.9933 0.0006 0.0007 0.0040 0.0015 
         029  9 0.9964 0.0012 0.0003 0.0016 0.0005 
         030  9 0.9971 0.0010 0.0003 0.0006 0.0010 
         031  9 0.9927 0.0007 0.0003 0.0058 0.0004 
         033  9 0.9834 0.0006 0.0005 0.0144 0.0011 
         001 10 0.9930 0.0008 0.0005 0.0054 0.0003 
         002 10 0.9944 0.0013 0.0002 0.0035 0.0006 
         003 10 0.9832 0.0004 0.0008 0.0009 0.0146 
         004 10 0.9756 0.0005 0.0003 0.0211 0.0024 
         005 10 0.9946 0.0013 0.0004 0.0026 0.0010 
         006 10 0.9962 0.0005 0.0006 0.0020 0.0007 
         007 10 0.9920 0.0003 0.0004 0.0052 0.0020 
         008 10 0.9940 0.0008 0.0005 0.0008 0.0038 
         009 10 0.9922 0.0044 0.0011 0.0020 0.0003 
         010 10 0.9811 0.0025 0.0005 0.0152 0.0006 
         011 10 0.9594 0.0003 0.0010 0.0073 0.0320 
         012 10 0.9945 0.0005 0.0009 0.0015 0.0026 
         013 10 0.9960 0.0006 0.0016 0.0010 0.0007 
         014 10 0.9648 0.0009 0.0006 0.0329 0.0008 
         016 10 0.9961 0.0015 0.0009 0.0008 0.0008 
         017 10 0.9963 0.0011 0.0008 0.0011 0.0007 
         018 10 0.9897 0.0024 0.0008 0.0066 0.0005 
         019 10 0.9925 0.0053 0.0004 0.0007 0.0011 
         020 10 0.9838 0.0066 0.0009 0.0071 0.0016 
         021 10 0.9868 0.0026 0.0003 0.0101 0.0003 
         022 10 0.9934 0.0003 0.0004 0.0052 0.0008 
         023 10 0.9952 0.0004 0.0006 0.0030 0.0009 
         024 10 0.9949 0.0015 0.0002 0.0015 0.0020 
         026 10 0.9981 0.0005 0.0004 0.0004 0.0006 
        001s 11 0.8410 0.0005 0.0034 0.1449 0.0102 
        002s 11 0.9827 0.0044 0.0056 0.0057 0.0016 
        003s 11 0.9858 0.0013 0.0006 0.0119 0.0004 
        004s 11 0.9924 0.0003 0.0013 0.0046 0.0015 
        005s 11 0.9724 0.0048 0.0007 0.0217 0.0005 
        006s 11 0.9789 0.0022 0.0111 0.0057 0.0020 
        007s 11 0.9408 0.0017 0.0424 0.0142 0.0009 
        008s 11 0.9980 0.0006 0.0003 0.0008 0.0003 
        009s 11 0.9854 0.0133 0.0004 0.0005 0.0004 
        010s 11 0.9633 0.0005 0.0005 0.0350 0.0008 
        011s 11 0.7708 0.0002 0.0135 0.2032 0.0123 
        012s 11 0.8894 0.0006 0.0075 0.1020 0.0005 
        013s 11 0.9629 0.0002 0.0009 0.0351 0.0009 
        014s 11 0.8792 0.0011 0.0050 0.1136 0.0010 
        015s 11 0.9804 0.0012 0.0019 0.0124 0.0041 
        016s 11 0.8413 0.0068 0.0013 0.0919 0.0587 
        017s 11 0.9089 0.0007 0.0076 0.0800 0.0027 
        018s 11 0.8748 0.0014 0.0010 0.1221 0.0008 
        019s 11 0.9703 0.0003 0.0009 0.0062 0.0224 
        020s 11 0.9008 0.0016 0.0010 0.0955 0.0012 
        021s 11 0.9972 0.0004 0.0005 0.0008 0.0012 
        022s 11 0.9629 0.0006 0.0310 0.0051 0.0004 
        023s 11 0.8346 0.0003 0.0004 0.1475 0.0172 
        025s 11 0.9969 0.0002 0.0004 0.0014 0.0010 
        026s 11 0.9221 0.0009 0.0010 0.0240 0.0520 
        027s 11 0.9942 0.0004 0.0017 0.0031 0.0005 
        028s 11 0.9905 0.0004 0.0015 0.0069 0.0008 
        029s 11 0.9500 0.0008 0.0027 0.0461 0.0004 
        030s 11 0.9514 0.0015 0.0042 0.0421 0.0007 
        031s 11 0.9967 0.0009 0.0008 0.0013 0.0003 
        032s 11 0.9747 0.0006 0.0004 0.0219 0.0024 
        033s 11 0.9622 0.0012 0.0006 0.0353 0.0008 
        034s 11 0.8898 0.0003 0.0016 0.1079 0.0004 
        035s 11 0.9114 0.0011 0.0014 0.0858 0.0004 
        036s 11 0.9818 0.0010 0.0035 0.0133 0.0004 
        037s 11 0.8821 0.0010 0.0004 0.1148 0.0018 
        038s 11 0.9580 0.0007 0.0006 0.0401 0.0006 
        039s 11 0.9900 0.0005 0.0002 0.0084 0.0009 
        040s 11 0.9138 0.0007 0.0123 0.0724 0.0008 
        041s 11 0.9727 0.0179 0.0012 0.0053 0.0029 
        042s 11 0.9351 0.0008 0.0008 0.0554 0.0079 
        043s 11 0.9423 0.0006 0.0016 0.0360 0.0196 
        044s 11 0.9787 0.0008 0.0045 0.0122 0.0038 
        045s 11 0.9859 0.0003 0.0025 0.0024 0.0089 
        046s 11 0.8521 0.0008 0.0029 0.1168 0.0274 
        047s 11 0.9964 0.0005 0.0010 0.0009 0.0012 
        048s 11 0.9525 0.0025 0.0038 0.0068 0.0345 
        049s 11 0.9934 0.0010 0.0004 0.0039 0.0013 
        050s 11 0.9961 0.0004 0.0010 0.0014 0.0011 
        051s 11 0.9146 0.0003 0.0199 0.0155 0.0496 
        052s 11 0.8928 0.0010 0.0025 0.1016 0.0022 
        053s 11 0.9891 0.0012 0.0004 0.0085 0.0008 
        054s 11 0.9883 0.0004 0.0051 0.0055 0.0007 
        055s 11 0.8212 0.0003 0.0043 0.1739 0.0003 
        001s 12 0.9863 0.0010 0.0039 0.0079 0.0010 
        002s 12 0.9940 0.0030 0.0003 0.0018 0.0008 
        003s 12 0.9964 0.0008 0.0007 0.0017 0.0004 
        004s 12 0.9360 0.0019 0.0019 0.0521 0.0080 
        005s 12 0.9193 0.0008 0.0004 0.0788 0.0006 
        006s 12 0.9633 0.0006 0.0093 0.0253 0.0015 
        007s 12 0.9917 0.0031 0.0010 0.0025 0.0016 
        008s 12 0.9825 0.0005 0.0029 0.0135 0.0005 
        009s 12 0.9518 0.0205 0.0027 0.0207 0.0043 
        010s 12 0.9447 0.0008 0.0371 0.0171 0.0003 
        011s 12 0.9942 0.0012 0.0022 0.0017 0.0007 
        012s 12 0.9874 0.0004 0.0062 0.0014 0.0046 
        013s 12 0.9631 0.0008 0.0004 0.0012 0.0346 
        014s 12 0.8300 0.0038 0.0388 0.0809 0.0464 
        015s 12 0.9924 0.0022 0.0007 0.0039 0.0008 
        016s 12 0.9949 0.0005 0.0006 0.0006 0.0033 
        017s 12 0.9798 0.0003 0.0008 0.0178 0.0012 
        018s 12 0.9877 0.0023 0.0004 0.0078 0.0018 
        019s 12 0.9875 0.0023 0.0006 0.0091 0.0005 
        020s 12 0.9142 0.0003 0.0070 0.0778 0.0007 
        021s 12 0.9926 0.0004 0.0006 0.0041 0.0023 
        022s 12 0.9211 0.0037 0.0050 0.0650 0.0052 
        023s 12 0.9893 0.0009 0.0004 0.0084 0.0010 
        024s 12 0.9384 0.0003 0.0005 0.0603 0.0005 
        025s 12 0.9844 0.0058 0.0043 0.0043 0.0012 
        026s 12 0.9310 0.0124 0.0019 0.0538 0.0009 
        027s 12 0.9899 0.0005 0.0012 0.0078 0.0005 
        028s 12 0.8656 0.0115 0.0003 0.1198 0.0027 
        029s 12 0.9458 0.0004 0.0005 0.0523 0.0010 
        030s 12 0.9960 0.0005 0.0010 0.0019 0.0006 
        031s 12 0.9924 0.0010 0.0011 0.0035 0.0021 
        032s 12 0.8912 0.0068 0.0004 0.1010 0.0007 
        033s 12 0.9872 0.0005 0.0072 0.0047 0.0004 
        034s 12 0.8814 0.0006 0.0004 0.1173 0.0003 
        035s 12 0.9615 0.0005 0.0012 0.0365 0.0004 
        036s 12 0.9785 0.0028 0.0088 0.0091 0.0007 
        037s 12 0.9967 0.0010 0.0004 0.0013 0.0007 
        001s 13 0.9811 0.0011 0.0012 0.0141 0.0026 
        002s 13 0.8012 0.0003 0.0055 0.1923 0.0007 
        003s 13 0.9948 0.0009 0.0004 0.0026 0.0013 
        004s 13 0.9854 0.0087 0.0004 0.0028 0.0026 
        005s 13 0.9872 0.0025 0.0050 0.0032 0.0020 
        006s 13 0.9955 0.0008 0.0012 0.0021 0.0004 
        007s 13 0.9668 0.0003 0.0301 0.0017 0.0010 
        008s 13 0.9441 0.0014 0.0051 0.0489 0.0005 
        009s 13 0.8618 0.0087 0.0146 0.1140 0.0010 
        010s 13 0.9324 0.0015 0.0054 0.0597 0.0010 
        011s 13 0.9172 0.0063 0.0269 0.0469 0.0027 
        012s 13 0.9247 0.0044 0.0089 0.0430 0.0191 
        013s 13 0.8671 0.0011 0.0159 0.1103 0.0056 
        014s 13 0.9641 0.0013 0.0309 0.0010 0.0027 
        015s 13 0.9563 0.0091 0.0008 0.0248 0.0090 
        016s 13 0.9968 0.0007 0.0004 0.0013 0.0009 
        017s 13 0.9539 0.0043 0.0193 0.0220 0.0005 
        018s 13 0.9935 0.0005 0.0003 0.0050 0.0006 
        019s 13 0.9766 0.0003 0.0013 0.0208 0.0009 
        020s 13 0.8769 0.0020 0.0035 0.1173 0.0003 
        021s 13 0.9904 0.0005 0.0004 0.0076 0.0012 
        022s 13 0.9951 0.0003 0.0007 0.0031 0.0008 
        023s 13 0.9856 0.0004 0.0004 0.0131 0.0004 
        024s 13 0.9383 0.0005 0.0069 0.0176 0.0366 
        025s 13 0.9954 0.0007 0.0006 0.0011 0.0022 
        026s 13 0.8874 0.0003 0.0165 0.0886 0.0072 
        027s 13 0.9404 0.0042 0.0067 0.0477 0.0010 
        028s 13 0.9221 0.0084 0.0118 0.0554 0.0022 
        029s 13 0.8721 0.0004 0.0024 0.1239 0.0011 
        030s 13 0.7989 0.0005 0.0018 0.1777 0.0211 
        031s 13 0.8868 0.0012 0.0025 0.0066 0.1029 
        032s 13 0.9922 0.0006 0.0019 0.0049 0.0004 
        033s 13 0.9629 0.0005 0.0332 0.0026 0.0008 
        034s 13 0.8294 0.0026 0.0073 0.1593 0.0013 
        035s 13 0.9633 0.0013 0.0008 0.0299 0.0048 
        036s 13 0.9587 0.0006 0.0005 0.0398 0.0004 
        037s 13 0.9936 0.0007 0.0005 0.0037 0.0015 
        038s 13 0.9414 0.0013 0.0019 0.0546 0.0009 
        039s 13 0.8058 0.0007 0.0103 0.1071 0.0761 
        040s 13 0.9958 0.0004 0.0010 0.0019 0.0010 
        041s 13 0.9350 0.0003 0.0132 0.0507 0.0008 
        042s 13 0.8851 0.0009 0.0009 0.1121 0.0010 
        001s 14 0.8821 0.0016 0.0012 0.1144 0.0007 
        002s 14 0.9268 0.0037 0.0094 0.0583 0.0018 
        003s 14 0.8788 0.0006 0.0004 0.1195 0.0007 
        004s 14 0.9779 0.0010 0.0065 0.0112 0.0035 
        005s 14 0.9523 0.0006 0.0002 0.0464 0.0005 
        006s 14 0.9935 0.0004 0.0005 0.0053 0.0004 
        007s 14 0.9938 0.0004 0.0009 0.0034 0.0014 
        008s 14 0.7785 0.0146 0.0077 0.1968 0.0024 
        009s 14 0.9769 0.0072 0.0010 0.0140 0.0009 
        010s 14 0.8503 0.0192 0.0010 0.1281 0.0014 
        011s 14 0.9125 0.0007 0.0363 0.0500 0.0006 
        012s 14 0.8854 0.0018 0.0015 0.1100 0.0013 
        013s 14 0.9745 0.0006 0.0029 0.0170 0.0050 
        014s 14 0.9516 0.0061 0.0020 0.0396 0.0007 
        015s 14 0.9735 0.0088 0.0005 0.0140 0.0031 
        016s 14 0.9864 0.0006 0.0004 0.0013 0.0113 
        017s 14 0.9302 0.0006 0.0210 0.0479 0.0004 
        018s 14 0.9952 0.0011 0.0003 0.0022 0.0013 
        019s 14 0.9914 0.0004 0.0017 0.0058 0.0006 
        020s 14 0.8875 0.0081 0.0002 0.1031 0.0011 
        021s 14 0.9816 0.0093 0.0004 0.0083 0.0005 
        022s 14 0.9878 0.0018 0.0024 0.0067 0.0013 
        023s 14 0.9797 0.0025 0.0010 0.0135 0.0034 
        024s 14 0.8746 0.0018 0.0061 0.1162 0.0013 
        025s 14 0.8962 0.0003 0.0008 0.1023 0.0003 
        026s 14 0.9958 0.0016 0.0003 0.0014 0.0009 
        027s 14 0.9869 0.0006 0.0006 0.0088 0.0031 
        028s 14 0.9854 0.0031 0.0018 0.0090 0.0007 
        029s 14 0.9943 0.0006 0.0003 0.0037 0.0011 
        030s 14 0.9701 0.0005 0.0110 0.0181 0.0003 
        031s 14 0.9475 0.0006 0.0134 0.0368 0.0017 
        032s 14 0.9439 0.0003 0.0009 0.0531 0.0018 
        033s 14 0.9101 0.0009 0.0474 0.0408 0.0008 
        034s 14 0.9974 0.0007 0.0003 0.0010 0.0006 
        035s 14 0.8398 0.0003 0.0935 0.0657 0.0008 
        036s 14 0.7788 0.0017 0.0456 0.1677 0.0062 
        037s 14 0.9818 0.0008 0.0004 0.0135 0.0034 
        038s 14 0.9923 0.0010 0.0008 0.0055 0.0004 
        039s 14 0.9812 0.0030 0.0020 0.0083 0.0055 
        040s 14 0.9843 0.0003 0.0006 0.0137 0.0011 
        041s 14 0.9603 0.0007 0.0009 0.0375 0.0006 
        042s 14 0.9200 0.0008 0.0046 0.0725 0.0021 
        001s 15 0.9206 0.0007 0.0004 0.0771 0.0012 
        002s 15 0.8525 0.0041 0.0119 0.1218 0.0097 
        003s 15 0.9795 0.0009 0.0012 0.0110 0.0074 
        004s 15 0.9919 0.0067 0.0005 0.0008 0.0002 
        005s 15 0.9754 0.0010 0.0038 0.0138 0.0060 
        006s 15 0.9804 0.0006 0.0030 0.0151 0.0009 
        007s 15 0.9891 0.0010 0.0005 0.0089 0.0005 
        008s 15 0.9910 0.0007 0.0006 0.0072 0.0005 
        009s 15 0.9300 0.0005 0.0076 0.0258 0.0362 
        010s 15 0.8971 0.0003 0.0004 0.1009 0.0013 
        011s 15 0.9338 0.0003 0.0639 0.0007 0.0013 
        012s 15 0.9929 0.0011 0.0021 0.0027 0.0013 
        013s 15 0.8807 0.0041 0.0003 0.1141 0.0008 
        014s 15 0.9855 0.0044 0.0008 0.0036 0.0057 
        015s 15 0.9086 0.0010 0.0135 0.0689 0.0081 
        016s 15 0.7976 0.0309 0.0649 0.1061 0.0005 
        017s 15 0.9707 0.0144 0.0008 0.0122 0.0020 
        018s 15 0.9278 0.0017 0.0002 0.0699 0.0005 
        019s 15 0.9187 0.0006 0.0004 0.0748 0.0055 
        020s 15 0.9334 0.0004 0.0006 0.0650 0.0005 
        021s 15 0.9042 0.0015 0.0073 0.0826 0.0044 
        022s 15 0.9908 0.0005 0.0020 0.0063 0.0004 
        023s 15 0.9645 0.0006 0.0052 0.0290 0.0006 
        024s 15 0.9954 0.0005 0.0020 0.0012 0.0009 
        025s 15 0.9566 0.0014 0.0017 0.0118 0.0285 
        026s 15 0.9617 0.0036 0.0009 0.0088 0.0249 
        027s 15 0.9613 0.0128 0.0095 0.0154 0.0010 
        028s 15 0.9888 0.0023 0.0012 0.0067 0.0011 
        029s 15 0.9946 0.0015 0.0009 0.0020 0.0011 
        030s 15 0.9950 0.0016 0.0004 0.0024 0.0006 
        031s 15 0.9023 0.0015 0.0072 0.0822 0.0068 
        032s 15 0.9963 0.0009 0.0003 0.0007 0.0018 
        033s 15 0.8239 0.0010 0.0028 0.1719 0.0004 
        035s 15 0.9925 0.0017 0.0028 0.0022 0.0009 
        036s 15 0.9357 0.0003 0.0011 0.0593 0.0036 
        037s 15 0.9847 0.0006 0.0072 0.0065 0.0010 
        038s 15 0.9945 0.0008 0.0012 0.0032 0.0003 
        039s 15 0.8604 0.0004 0.0012 0.1375 0.0004 
        040s 15 0.9875 0.0022 0.0021 0.0076 0.0006 
        041s 15 0.9031 0.0007 0.0146 0.0796 0.0021 
        042s 15 0.9911 0.0025 0.0006 0.0051 0.0007 
        043s 15 0.9227 0.0004 0.0019 0.0735 0.0015 
        044s 15 0.9900 0.0009 0.0010 0.0072 0.0010 
        045s 15 0.8757 0.0026 0.0377 0.0052 0.0789 
        046s 15 0.9659 0.0006 0.0085 0.0240 0.0010 
        047s 15 0.9637 0.0004 0.0057 0.0297 0.0006 
        048s 15 0.9371 0.0009 0.0008 0.0456 0.0156 
        049s 15 0.9708 0.0003 0.0026 0.0257 0.0006 
        050s 15 0.8474 0.0145 0.0128 0.1224 0.0027 
         001 16 0.7265 0.0070 0.0346 0.2313 0.0006 
         002 16 0.9475 0.0003 0.0040 0.0477 0.0006 
         003 16 0.9835 0.0033 0.0073 0.0045 0.0014 
         004 16 0.9964 0.0005 0.0007 0.0012 0.0012 
         005 16 0.9087 0.0021 0.0106 0.0524 0.0262 
         006 16 0.9713 0.0009 0.0022 0.0111 0.0145 
         007 16 0.9880 0.0008 0.0011 0.0086 0.0014 
         008 16 0.8035 0.0011 0.0182 0.1768 0.0004 
         009 16 0.9148 0.0013 0.0003 0.0832 0.0004 
         010 16 0.9416 0.0005 0.0015 0.0554 0.0010 
         011 16 0.8785 0.0005 0.0012 0.1180 0.0018 
         012 16 0.9876 0.0009 0.0020 0.0082 0.0012 
         013 16 0.9973 0.0005 0.0008 0.0009 0.0006 
         014 16 0.9632 0.0010 0.0026 0.0328 0.0003 
         015 16 0.6244 0.0018 0.0021 0.0015 0.3702 
         016 16 0.9790 0.0044 0.0004 0.0024 0.0138 
         017 16 0.8932 0.0008 0.0073 0.0976 0.0011 
         018 16 0.9228 0.0095 0.0069 0.0357 0.0250 
         019 16 0.8261 0.0006 0.0101 0.1628 0.0004 
         020 16 0.9969 0.0009 0.0008 0.0008 0.0006 
         021 16 0.8663 0.0030 0.0424 0.0874 0.0009 
         022 16 0.9660 0.0009 0.0004 0.0308 0.0018 
         023 16 0.8464 0.0004 0.0009 0.1472 0.0051 
         024 16 0.8944 0.0013 0.0004 0.0789 0.0251 
         025 16 0.8327 0.0008 0.0176 0.1459 0.0030 
         026 16 0.8895 0.0003 0.0139 0.0936 0.0027 
         027 16 0.9746 0.0091 0.0006 0.0141 0.0016 
         028 16 0.8042 0.0186 0.0358 0.1411 0.0003 
         029 16 0.9596 0.0015 0.0366 0.0017 0.0006 
         030 16 0.9243 0.0003 0.0041 0.0709 0.0004 
         031 16 0.9833 0.0136 0.0010 0.0014 0.0007 
         032 16 0.8973 0.0008 0.0092 0.0883 0.0044 
         033 16 0.9929 0.0003 0.0007 0.0059 0.0002 
         034 16 0.9147 0.0003 0.0022 0.0815 0.0014 
         035 16 0.9950 0.0005 0.0006 0.0037 0.0002 
         036 16 0.9749 0.0016 0.0003 0.0213 0.0019 
         037 16 0.9194 0.0008 0.0169 0.0597 0.0033 
         038 16 0.9628 0.0013 0.0010 0.0284 0.0064 
         039 16 0.9431 0.0010 0.0005 0.0549 0.0006 
         040 16 0.9925 0.0004 0.0013 0.0043 0.0014 
         041 16 0.9961 0.0004 0.0006 0.0016 0.0013 
         042 16 0.9643 0.0019 0.0008 0.0323 0.0007 
         043 16 0.9876 0.0009 0.0005 0.0103 0.0007 
         044 16 0.9022 0.0015 0.0010 0.0942 0.0011 
         045 16 0.9854 0.0025 0.0082 0.0037 0.0002 
         047 16 0.9457 0.0065 0.0373 0.0099 0.0007 
         048 16 0.9899 0.0006 0.0032 0.0056 0.0007 
         049 16 0.9635 0.0006 0.0021 0.0299 0.0040 
         050 16 0.9971 0.0004 0.0006 0.0017 0.0003 
         051 16 0.9884 0.0014 0.0016 0.0081 0.0005 
         052 16 0.9827 0.0004 0.0003 0.0160 0.0006 
         053 16 0.9899 0.0009 0.0008 0.0078 0.0005 
         054 16 0.8761 0.0010 0.0053 0.1170 0.0006 
         055 16 0.9236 0.0005 0.0577 0.0180 0.0003 
         056 16 0.9897 0.0006 0.0004 0.0020 0.0073 
         057 16 0.7998 0.0005 0.0030 0.1964 0.0003 
         058 16 0.8548 0.0001 0.0170 0.1164 0.0116 
         059 16 0.7654 0.0030 0.0222 0.1242 0.0852 
         060 16 0.9661 0.0013 0.0010 0.0238 0.0077 
         061 16 0.9203 0.0007 0.0009 0.0763 0.0017 
         062 16 0.9872 0.0013 0.0065 0.0046 0.0004 
         063 16 0.9895 0.0005 0.0007 0.0085 0.0008 
         064 16 0.9951 0.0005 0.0004 0.0018 0.0022 
         065 16 0.9456 0.0016 0.0021 0.0486 0.0021 
         066 16 0.9966 0.0011 0.0004 0.0014 0.0006 
         067 16 0.9042 0.0011 0.0031 0.0146 0.0770 
         068 16 0.9602 0.0006 0.0019 0.0055 0.0317 
         069 16 0.9927 0.0042 0.0005 0.0022 0.0005 
         070 16 0.9717 0.0022 0.0008 0.0247 0.0006 
         071 16 0.9131 0.0005 0.0204 0.0655 0.0005 
         072 16 0.9888 0.0007 0.0009 0.0085 0.0011 
         073 16 0.9608 0.0008 0.0027 0.0354 0.0004 
         074 16 0.9969 0.0005 0.0006 0.0018 0.0003 
         075 16 0.9632 0.0006 0.0104 0.0251 0.0008 
         076 16 0.9958 0.0009 0.0007 0.0022 0.0004 
         077 16 0.8933 0.0264 0.0087 0.0143 0.0573 
         078 16 0.8463 0.0006 0.0007 0.1501 0.0022 
         079 16 0.9028 0.0020 0.0137 0.0799 0.0015 
         080 16 0.9061 0.0004 0.0004 0.0917 0.0015 
         081 16 0.8408 0.0017 0.0395 0.1176 0.0004 
         082 16 0.9563 0.0004 0.0119 0.0310 0.0004 
         083 16 0.9957 0.0006 0.0007 0.0010 0.0021 
         084 16 0.9730 0.0028 0.0025 0.0204 0.0013 
         085 16 0.9842 0.0019 0.0005 0.0039 0.0095 
         086 16 0.8787 0.0012 0.0213 0.0979 0.0009 
         087 16 0.8776 0.0014 0.0027 0.1179 0.0003 
         088 16 0.8951 0.0005 0.0003 0.1011 0.0031 
         089 16 0.9869 0.0010 0.0081 0.0031 0.0009 
         090 16 0.9897 0.0016 0.0012 0.0069 0.0006 
         091 16 0.9831 0.0007 0.0014 0.0141 0.0007 
         092 16 0.8470 0.0004 0.0014 0.1503 0.0008 
         093 16 0.9862 0.0019 0.0006 0.0108 0.0005 
         094 16 0.9475 0.0077 0.0012 0.0042 0.0394 
         095 16 0.9714 0.0012 0.0003 0.0268 0.0004 
         096 16 0.9679 0.0004 0.0245 0.0041 0.0032 
         097 16 0.8885 0.0019 0.0901 0.0123 0.0072 
         098 16 0.9864 0.0061 0.0006 0.0025 0.0043 
         099 16 0.9910 0.0009 0.0004 0.0018 0.0058 
         100 16 0.9907 0.0007 0.0004 0.0061 0.0021 
         101 16 0.8412 0.0007 0.0007 0.1538 0.0036 
         102 16 0.8818 0.0005 0.0016 0.1142 0.0018 
         103 16 0.9869 0.0035 0.0023 0.0049 0.0024 
         104 16 0.9899 0.0004 0.0006 0.0051 0.0039 
         105 16 0.8790 0.0043 0.0305 0.0809 0.0053 
         106 16 0.9382 0.0004 0.0004 0.0587 0.0022 
         107 16 0.8928 0.0445 0.0007 0.0569 0.0051 
         108 16 0.6436 0.0677 0.0136 0.1105 0.1646 
         109 16 0.9466 0.0005 0.0083 0.0441 0.0005 
         110 16 0.9915 0.0003 0.0006 0.0063 0.0013 
         111 16 0.8924 0.0007 0.0021 0.1036 0.0011 
         112 16 0.9499 0.0011 0.0022 0.0452 0.0016 
         113 16 0.9382 0.0006 0.0134 0.0465 0.0012 
         114 16 0.9672 0.0063 0.0012 0.0239 0.0013 
         115 16 0.9972 0.0004 0.0010 0.0007 0.0007 
         116 16 0.8671 0.0005 0.0013 0.1302 0.0009 
         117 16 0.9787 0.0052 0.0067 0.0088 0.0006 
         118 16 0.9819 0.0007 0.0006 0.0041 0.0126 
         119 16 0.9446 0.0020 0.0010 0.0514 0.0010 
         120 16 0.9717 0.0009 0.0150 0.0119 0.0005 
         121 16 0.9408 0.0003 0.0054 0.0178 0.0356 
         122 16 0.9801 0.0003 0.0005 0.0186 0.0004 
         123 16 0.9414 0.0036 0.0013 0.0532 0.0005 
         124 16 0.9799 0.0004 0.0012 0.0170 0.0015 
         126 16 0.8253 0.0030 0.0159 0.1540 0.0018 
         001 17 0.9813 0.0114 0.0023 0.0043 0.0007 
         002 17 0.9628 0.0006 0.0006 0.0354 0.0006 
         003 17 0.9970 0.0011 0.0007 0.0007 0.0005 
         005 17 0.9696 0.0229 0.0008 0.0065 0.0003 
         006 17 0.9457 0.0014 0.0515 0.0008 0.0006 
         007 17 0.7464 0.0024 0.0246 0.2041 0.0226 
         008 17 0.8798 0.0007 0.0247 0.0945 0.0004 
         009 17 0.9971 0.0007 0.0003 0.0015 0.0004 
         010 17 0.9781 0.0006 0.0012 0.0190 0.0011 
         011 17 0.4797 0.0016 0.0151 0.1240 0.3796 
         012 17 0.9918 0.0007 0.0005 0.0051 0.0019 
         013 17 0.9979 0.0009 0.0003 0.0006 0.0003 
         014 17 0.8892 0.0014 0.0003 0.1089 0.0003 
         015 17 0.9043 0.0009 0.0033 0.0908 0.0006 
         016 17 0.9973 0.0006 0.0008 0.0009 0.0005 
         017 17 0.9945 0.0009 0.0018 0.0018 0.0010 
         018 17 0.9321 0.0218 0.0031 0.0426 0.0004 
         019 17 0.9395 0.0006 0.0002 0.0590 0.0007 
         020 17 0.9967 0.0003 0.0009 0.0014 0.0008 
         021 17 0.9973 0.0005 0.0008 0.0005 0.0009 
         022 17 0.9378 0.0134 0.0132 0.0343 0.0013 
         023 17 0.9697 0.0021 0.0004 0.0271 0.0006 
         024 17 0.9328 0.0010 0.0444 0.0174 0.0043 
         025 17 0.9857 0.0004 0.0004 0.0132 0.0003 
         002 18 0.9882 0.0051 0.0009 0.0037 0.0020 
         003 18 0.9975 0.0003 0.0003 0.0007 0.0011 
         004 18 0.9405 0.0026 0.0031 0.0530 0.0007 
         005 18 0.9037 0.0008 0.0006 0.0634 0.0314 
         006 18 0.9911 0.0004 0.0003 0.0076 0.0007 
         007 18 0.9861 0.0022 0.0043 0.0071 0.0003 
         008 18 0.9259 0.0004 0.0010 0.0712 0.0015 
         009 18 0.9812 0.0011 0.0065 0.0086 0.0026 
         010 18 0.9761 0.0029 0.0020 0.0097 0.0092 
         011 18 0.9878 0.0020 0.0006 0.0075 0.0021 
         012 18 0.8577 0.0005 0.0008 0.1386 0.0025 
         015 18 0.9685 0.0003 0.0005 0.0285 0.0022 
         016 18 0.9302 0.0004 0.0039 0.0652 0.0003 
         018 18 0.9791 0.0061 0.0005 0.0097 0.0046 
         026 18 0.9087 0.0019 0.0111 0.0779 0.0005 
         027 18 0.9930 0.0026 0.0004 0.0027 0.0013 
         028 18 0.8603 0.0278 0.0007 0.1109 0.0003 
         029 18 0.9939 0.0006 0.0006 0.0042 0.0006 
         031 18 0.7181 0.0405 0.0093 0.1544 0.0776 
         032 18 0.9904 0.0016 0.0005 0.0072 0.0003 
         033 18 0.9935 0.0014 0.0004 0.0041 0.0006 
         035 18 0.8777 0.0005 0.0004 0.1210 0.0004 
         036 18 0.9888 0.0011 0.0006 0.0013 0.0081 
         037 18 0.9496 0.0151 0.0124 0.0124 0.0105 
         038 18 0.9098 0.0515 0.0239 0.0114 0.0034 
         039 18 0.9901 0.0004 0.0003 0.0077 0.0015 
         044 18 0.8503 0.0008 0.0220 0.1265 0.0004 
         046 18 0.9577 0.0089 0.0007 0.0046 0.0280 
         049 18 0.9214 0.0011 0.0004 0.0767 0.0004 
         053 18 0.8947 0.0014 0.0008 0.1026 0.0005 
         054 18 0.9867 0.0008 0.0095 0.0019 0.0011 
         056 18 0.9306 0.0020 0.0007 0.0650 0.0017 
         057 18 0.8980 0.0006 0.0033 0.0951 0.0030 
         058 18 0.9859 0.0057 0.0006 0.0049 0.0030 
        001s 19 0.9295 0.0009 0.0076 0.0614 0.0006 
        002s 19 0.9093 0.0008 0.0009 0.0882 0.0007 
        003s 19 0.9676 0.0006 0.0010 0.0305 0.0004 
        004s 19 0.9553 0.0061 0.0011 0.0127 0.0248 
        005s 19 0.8807 0.0044 0.0295 0.0132 0.0722 
        006s 19 0.9933 0.0018 0.0013 0.0019 0.0017 
        007s 19 0.8989 0.0006 0.0135 0.0679 0.0191 
        008s 19 0.9470 0.0011 0.0064 0.0336 0.0118 
        009s 19 0.8795 0.0005 0.0007 0.1178 0.0015 
        010s 19 0.9790 0.0133 0.0045 0.0027 0.0005 
        011s 19 0.9805 0.0046 0.0044 0.0094 0.0010 
        012s 19 0.9693 0.0017 0.0018 0.0267 0.0005 
        013s 19 0.8984 0.0007 0.0079 0.0925 0.0004 
        014s 19 0.8089 0.0004 0.0107 0.1633 0.0167 
        015s 19 0.9929 0.0007 0.0026 0.0035 0.0004 
        016s 19 0.8942 0.0222 0.0014 0.0382 0.0440 
        017s 19 0.8963 0.0022 0.0015 0.0936 0.0064 
        018s 19 0.9928 0.0011 0.0008 0.0022 0.0031 
        019s 19 0.9090 0.0006 0.0140 0.0738 0.0026 
        020s 19 0.9113 0.0009 0.0114 0.0756 0.0008 
        021s 19 0.9222 0.0021 0.0013 0.0740 0.0004 
        022s 19 0.9788 0.0009 0.0022 0.0177 0.0004 
        023s 19 0.9909 0.0024 0.0032 0.0016 0.0020 
        024s 19 0.9943 0.0025 0.0003 0.0008 0.0020 
        025s 19 0.8345 0.0021 0.0095 0.1495 0.0044 
        026s 19 0.9839 0.0034 0.0048 0.0044 0.0035 
        027s 19 0.9388 0.0005 0.0007 0.0592 0.0008 
        028s 19 0.9912 0.0006 0.0021 0.0058 0.0004 
        029s 19 0.9723 0.0015 0.0013 0.0243 0.0006 
        030s 19 0.8773 0.0035 0.0013 0.1173 0.0007 
        031s 19 0.9875 0.0004 0.0017 0.0098 0.0005 
        032s 19 0.8826 0.0005 0.0013 0.1152 0.0004 
        033s 19 0.9906 0.0010 0.0009 0.0023 0.0052 
        034s 19 0.9573 0.0005 0.0009 0.0404 0.0010 
        035s 19 0.9755 0.0031 0.0036 0.0128 0.0051 
        036s 19 0.9511 0.0003 0.0009 0.0458 0.0019 
        037s 19 0.9293 0.0008 0.0004 0.0692 0.0003 
        038s 19 0.9851 0.0019 0.0017 0.0097 0.0016 
        039s 19 0.9611 0.0006 0.0005 0.0375 0.0004 
        040s 19 0.9639 0.0004 0.0283 0.0072 0.0003 
        041s 19 0.9816 0.0003 0.0006 0.0169 0.0006 
        042s 19 0.9744 0.0118 0.0010 0.0030 0.0097 
        043s 19 0.9406 0.0017 0.0088 0.0481 0.0008 
        044s 19 0.9761 0.0008 0.0005 0.0212 0.0014 
        045s 19 0.9937 0.0008 0.0003 0.0038 0.0014 
        046s 19 0.9878 0.0016 0.0014 0.0023 0.0069 
        047s 19 0.9704 0.0006 0.0070 0.0217 0.0003 
        048s 19 0.8982 0.0014 0.0199 0.0799 0.0006 
        049s 19 0.9768 0.0004 0.0094 0.0075 0.0060 
        050s 19 0.9933 0.0005 0.0003 0.0052 0.0007 
        051s 19 0.8901 0.0006 0.0437 0.0580 0.0076 
        052s 19 0.9761 0.0012 0.0007 0.0213 0.0008 
      LIW2-4 20 0.9894 0.0024 0.0018 0.0037 0.0027 
     LIW2-12 21 0.8797 0.0080 0.0004 0.0348 0.0770 
     LIW2-20 22 0.9841 0.0052 0.0006 0.0089 0.0011 
     LIW2-28 23 0.8783 0.0020 0.0084 0.0455 0.0658 
      LIW1-5 24 0.9884 0.0020 0.0008 0.0062 0.0027 
     LIW1-13 25 0.9121 0.0004 0.0210 0.0550 0.0114 
     LIW1-21 26 0.9294 0.0087 0.0005 0.0291 0.0323 
     LIW1-29 27 0.9559 0.0027 0.0056 0.0206 0.0151 
      LIW2-5 28 0.9878 0.0069 0.0009 0.0014 0.0031 
     LIW2-34 29 0.9772 0.0091 0.0009 0.0093 0.0034 
