        001s  1 0.0006 0.3318 0.0010 0.6648 0.0003 0.0006 0.0004 0.0004 
        002s  1 0.0008 0.8639 0.0014 0.1290 0.0021 0.0005 0.0013 0.0010 
        003s  1 0.0021 0.9711 0.0032 0.0049 0.0005 0.0150 0.0010 0.0022 
        004s  1 0.0064 0.6441 0.0010 0.3193 0.0242 0.0004 0.0017 0.0028 
        005s  1 0.1170 0.2674 0.3032 0.0967 0.1102 0.0004 0.1040 0.0011 
        006s  1 0.0004 0.0035 0.0014 0.9923 0.0013 0.0004 0.0004 0.0003 
        007s  1 0.0031 0.0359 0.0151 0.9400 0.0005 0.0005 0.0010 0.0040 
        008s  1 0.0011 0.7023 0.1962 0.0962 0.0014 0.0009 0.0010 0.0010 
        009s  1 0.0237 0.4301 0.0047 0.5066 0.0008 0.0042 0.0255 0.0045 
        010s  1 0.0109 0.0048 0.0150 0.9669 0.0009 0.0005 0.0007 0.0004 
        011s  1 0.0012 0.0075 0.1236 0.8598 0.0017 0.0028 0.0011 0.0023 
        012s  1 0.1134 0.0347 0.0492 0.7841 0.0062 0.0060 0.0052 0.0012 
        013s  1 0.0019 0.0190 0.0062 0.9395 0.0056 0.0012 0.0172 0.0093 
        014s  1 0.0196 0.0123 0.0588 0.8880 0.0014 0.0132 0.0004 0.0063 
        015s  1 0.0005 0.0075 0.0327 0.9572 0.0004 0.0006 0.0004 0.0006 
        016s  1 0.0055 0.0486 0.0091 0.9273 0.0009 0.0011 0.0004 0.0071 
        018s  1 0.1107 0.0778 0.1340 0.6700 0.0011 0.0014 0.0037 0.0012 
        019s  1 0.0113 0.1797 0.0817 0.7213 0.0004 0.0034 0.0008 0.0014 
        020s  1 0.0006 0.0055 0.0054 0.9711 0.0003 0.0094 0.0004 0.0074 
        021s  1 0.0003 0.0173 0.0082 0.9580 0.0084 0.0007 0.0008 0.0064 
        022s  1 0.0003 0.9727 0.0007 0.0243 0.0003 0.0005 0.0002 0.0010 
        023s  1 0.0003 0.1201 0.0377 0.8300 0.0004 0.0015 0.0004 0.0096 
        024s  1 0.0014 0.0055 0.0097 0.9794 0.0021 0.0003 0.0006 0.0009 
        025s  1 0.0049 0.0050 0.2620 0.7245 0.0011 0.0003 0.0012 0.0010 
        026s  1 0.0007 0.0105 0.0377 0.9328 0.0006 0.0057 0.0021 0.0099 
        027s  1 0.0013 0.0293 0.3487 0.6072 0.0100 0.0006 0.0010 0.0019 
        028s  1 0.0136 0.0147 0.3805 0.5457 0.0408 0.0018 0.0021 0.0007 
        029s  1 0.0013 0.0072 0.0065 0.9789 0.0005 0.0047 0.0004 0.0005 
        030s  1 0.0005 0.0016 0.2363 0.7470 0.0053 0.0078 0.0009 0.0006 
        031s  1 0.0005 0.0418 0.0096 0.9459 0.0003 0.0004 0.0002 0.0014 
        032s  1 0.0009 0.0035 0.0142 0.9783 0.0005 0.0010 0.0007 0.0009 
        033s  1 0.0021 0.0120 0.0532 0.9244 0.0003 0.0007 0.0064 0.0009 
        034s  1 0.0010 0.6468 0.1308 0.1556 0.0028 0.0056 0.0006 0.0568 
        035s  1 0.0016 0.0025 0.0023 0.9878 0.0020 0.0021 0.0008 0.0008 
        036s  1 0.0942 0.5203 0.0014 0.3812 0.0009 0.0003 0.0009 0.0008 
        037s  1 0.1079 0.0474 0.0012 0.7836 0.0041 0.0017 0.0130 0.0411 
        038s  1 0.0011 0.0098 0.0461 0.9394 0.0006 0.0008 0.0014 0.0008 
        039s  1 0.0002 0.0134 0.0806 0.8753 0.0017 0.0013 0.0272 0.0004 
        040s  1 0.0011 0.1013 0.0039 0.8833 0.0052 0.0008 0.0017 0.0027 
        041s  1 0.0032 0.0066 0.0375 0.9475 0.0003 0.0005 0.0015 0.0030 
        042s  1 0.0795 0.0078 0.0020 0.8284 0.0004 0.0012 0.0006 0.0802 
        043s  1 0.0007 0.7648 0.2183 0.0070 0.0004 0.0012 0.0072 0.0003 
        044s  1 0.0580 0.2562 0.0032 0.6388 0.0111 0.0016 0.0242 0.0068 
        045s  1 0.0107 0.0026 0.0011 0.9799 0.0029 0.0012 0.0007 0.0009 
        046s  1 0.0015 0.0153 0.0048 0.9737 0.0004 0.0028 0.0008 0.0007 
        047s  1 0.0015 0.0031 0.0057 0.9831 0.0002 0.0012 0.0005 0.0046 
        048s  1 0.0224 0.6833 0.0052 0.2729 0.0002 0.0005 0.0149 0.0007 
        049s  1 0.0005 0.9419 0.0172 0.0374 0.0012 0.0008 0.0006 0.0004 
        050s  1 0.0936 0.0205 0.0052 0.8743 0.0033 0.0004 0.0024 0.0003 
        051s  1 0.0005 0.0133 0.0176 0.9417 0.0007 0.0248 0.0003 0.0011 
        052s  1 0.0067 0.0188 0.0071 0.9420 0.0046 0.0157 0.0036 0.0015 
        053s  1 0.0012 0.0034 0.0021 0.9874 0.0003 0.0004 0.0047 0.0006 
        054s  1 0.0002 0.0041 0.0010 0.9879 0.0030 0.0018 0.0010 0.0009 
        055s  1 0.0578 0.0025 0.0157 0.8219 0.0003 0.0023 0.0259 0.0737 
          01  2 0.1126 0.0019 0.0168 0.8376 0.0008 0.0261 0.0022 0.0019 
          02  2 0.0031 0.0077 0.0052 0.9526 0.0008 0.0012 0.0285 0.0008 
          03  2 0.0014 0.0059 0.0415 0.9482 0.0006 0.0003 0.0011 0.0009 
          04  2 0.0009 0.0100 0.3596 0.6087 0.0082 0.0011 0.0022 0.0093 
          05  2 0.0800 0.7111 0.2060 0.0010 0.0003 0.0003 0.0009 0.0004 
          06  2 0.0246 0.0043 0.0067 0.9535 0.0019 0.0008 0.0072 0.0010 
          07  2 0.0073 0.1674 0.0036 0.8155 0.0009 0.0009 0.0037 0.0006 
          08  2 0.0726 0.7763 0.0423 0.1058 0.0003 0.0010 0.0009 0.0008 
          09  2 0.0006 0.0190 0.0016 0.9711 0.0004 0.0066 0.0003 0.0003 
          10  2 0.0015 0.0112 0.0238 0.9610 0.0008 0.0005 0.0008 0.0004 
          11  2 0.0247 0.0235 0.0026 0.9352 0.0017 0.0091 0.0007 0.0025 
          12  2 0.0007 0.0153 0.0084 0.9713 0.0010 0.0016 0.0011 0.0007 
          13  2 0.0003 0.2340 0.0756 0.6864 0.0004 0.0009 0.0017 0.0007 
          14  2 0.0003 0.3949 0.0179 0.5526 0.0075 0.0041 0.0012 0.0215 
          15  2 0.0006 0.2712 0.0035 0.7214 0.0006 0.0016 0.0006 0.0006 
          16  2 0.0011 0.0078 0.0371 0.8898 0.0558 0.0044 0.0007 0.0032 
          17  2 0.0021 0.0705 0.0934 0.8273 0.0007 0.0010 0.0037 0.0014 
          18  2 0.0101 0.0027 0.0023 0.9702 0.0023 0.0016 0.0102 0.0006 
          19  2 0.0011 0.0083 0.0086 0.9732 0.0003 0.0020 0.0009 0.0057 
          20  2 0.0600 0.0095 0.0027 0.9105 0.0099 0.0014 0.0006 0.0055 
          21  2 0.0015 0.0143 0.0167 0.9502 0.0003 0.0155 0.0010 0.0004 
          22  2 0.0015 0.0026 0.2743 0.7054 0.0041 0.0071 0.0015 0.0035 
          23  2 0.0008 0.0045 0.0037 0.9854 0.0013 0.0007 0.0015 0.0022 
          24  2 0.0005 0.0042 0.0345 0.9583 0.0005 0.0007 0.0007 0.0007 
          25  2 0.0070 0.0629 0.0031 0.8956 0.0274 0.0008 0.0021 0.0011 
          26  2 0.0003 0.9964 0.0005 0.0012 0.0003 0.0007 0.0003 0.0002 
          27  2 0.0006 0.0430 0.0316 0.8940 0.0228 0.0013 0.0016 0.0052 
          28  2 0.0010 0.0844 0.0601 0.8480 0.0002 0.0010 0.0008 0.0046 
          29  2 0.0008 0.0029 0.0032 0.9898 0.0012 0.0010 0.0006 0.0004 
          30  2 0.1463 0.0094 0.0252 0.7254 0.0003 0.0070 0.0051 0.0814 
          01  3 0.1413 0.0582 0.1252 0.2160 0.0011 0.0004 0.4349 0.0230 
          02  3 0.1348 0.0060 0.2087 0.0496 0.2628 0.0773 0.2504 0.0104 
          03  3 0.1184 0.0118 0.6550 0.0070 0.1728 0.0010 0.0331 0.0009 
          04  3 0.2125 0.0048 0.3843 0.0086 0.1602 0.0012 0.2270 0.0014 
          05  3 0.1334 0.0004 0.2293 0.0003 0.2391 0.1053 0.1836 0.1086 
          06  3 0.1255 0.0002 0.3638 0.0003 0.2675 0.0001 0.2422 0.0003 
          07  3 0.1795 0.0042 0.6306 0.0301 0.1342 0.0014 0.0197 0.0003 
          08  3 0.1939 0.0893 0.3648 0.0083 0.1945 0.0078 0.1387 0.0027 
          09  3 0.2419 0.0022 0.5686 0.0143 0.1447 0.0002 0.0264 0.0016 
          10  3 0.0278 0.0009 0.1984 0.0179 0.2510 0.2087 0.1830 0.1123 
          11  3 0.1705 0.0050 0.6088 0.0257 0.1531 0.0002 0.0366 0.0001 
          12  3 0.1812 0.0027 0.6180 0.0003 0.1581 0.0002 0.0394 0.0002 
          13  3 0.1280 0.0007 0.3131 0.0006 0.2803 0.0024 0.2748 0.0002 
          14  3 0.0900 0.0018 0.2562 0.0013 0.2802 0.0265 0.1996 0.1443 
          15  3 0.1786 0.0845 0.4887 0.0101 0.1248 0.0002 0.1119 0.0013 
          16  3 0.0255 0.0064 0.2286 0.0262 0.2898 0.0032 0.4174 0.0029 
          17  3 0.2810 0.0028 0.3651 0.1805 0.0819 0.0004 0.0874 0.0009 
          18  3 0.0425 0.0015 0.1528 0.0056 0.2093 0.1598 0.1548 0.2738 
          19  3 0.0905 0.0187 0.2849 0.0267 0.2397 0.0009 0.3216 0.0170 
          20  3 0.2067 0.0058 0.3156 0.0182 0.1316 0.0003 0.2575 0.0643 
          21  3 0.1123 0.0016 0.2664 0.1082 0.1476 0.0011 0.3544 0.0084 
          22  3 0.2347 0.0251 0.5917 0.0007 0.0871 0.0003 0.0575 0.0029 
          23  3 0.1769 0.0107 0.2971 0.0819 0.1553 0.0002 0.2761 0.0018 
          24  3 0.2831 0.0011 0.2249 0.0029 0.1276 0.1614 0.1982 0.0009 
          25  3 0.0687 0.0003 0.1776 0.0003 0.1113 0.2428 0.2705 0.1284 
          26  3 0.2171 0.0004 0.5277 0.0007 0.1781 0.0004 0.0751 0.0005 
          27  3 0.0366 0.0029 0.2313 0.0012 0.1699 0.1295 0.2542 0.1744 
          28  3 0.1501 0.0016 0.2887 0.0024 0.2070 0.0011 0.3490 0.0002 
          29  3 0.1720 0.0169 0.2732 0.0064 0.1937 0.0066 0.3075 0.0237 
          30  3 0.2020 0.1413 0.3550 0.0009 0.0603 0.0009 0.2393 0.0004 
         001  4 0.9995 0.0001 0.0001 0.0001 0.0001 0.0000 0.0001 0.0001 
         002  4 0.9929 0.0002 0.0052 0.0001 0.0004 0.0003 0.0008 0.0001 
         003  4 0.9994 0.0001 0.0001 0.0001 0.0001 0.0001 0.0001 0.0001 
         004  4 0.9994 0.0001 0.0001 0.0001 0.0002 0.0001 0.0001 0.0001 
         005  4 0.9991 0.0001 0.0001 0.0001 0.0002 0.0002 0.0001 0.0001 
         006  4 0.8743 0.0002 0.0428 0.0002 0.0591 0.0002 0.0229 0.0002 
         007  4 0.8970 0.0010 0.0452 0.0003 0.0561 0.0001 0.0001 0.0003 
         008  4 0.9920 0.0005 0.0002 0.0006 0.0010 0.0021 0.0007 0.0029 
         009  4 0.9992 0.0001 0.0001 0.0001 0.0002 0.0001 0.0001 0.0001 
         010  4 0.9667 0.0001 0.0002 0.0001 0.0327 0.0001 0.0001 0.0000 
         011  4 0.9428 0.0010 0.0005 0.0006 0.0442 0.0004 0.0011 0.0094 
         012  4 0.9992 0.0001 0.0003 0.0001 0.0001 0.0001 0.0001 0.0001 
         013  4 0.9994 0.0001 0.0001 0.0001 0.0001 0.0001 0.0001 0.0000 
         014  4 0.9892 0.0002 0.0099 0.0001 0.0001 0.0001 0.0002 0.0001 
         015  4 0.9693 0.0001 0.0302 0.0001 0.0001 0.0001 0.0002 0.0001 
         016  4 0.9993 0.0001 0.0001 0.0001 0.0002 0.0001 0.0001 0.0001 
         017  4 0.9721 0.0001 0.0269 0.0001 0.0002 0.0001 0.0004 0.0001 
         019  4 0.8861 0.0002 0.0119 0.0003 0.0923 0.0005 0.0086 0.0002 
         020  4 0.9992 0.0001 0.0001 0.0001 0.0001 0.0001 0.0001 0.0001 
         021  4 0.9580 0.0001 0.0046 0.0001 0.0367 0.0002 0.0001 0.0001 
         001  5 0.9216 0.0003 0.0431 0.0008 0.0006 0.0009 0.0078 0.0250 
         002  5 0.9384 0.0178 0.0004 0.0043 0.0004 0.0010 0.0362 0.0016 
         003  5 0.6910 0.0195 0.0136 0.1405 0.0420 0.0002 0.0899 0.0033 
         004  5 0.9286 0.0089 0.0015 0.0464 0.0024 0.0002 0.0095 0.0025 
         005  5 0.9122 0.0003 0.0347 0.0002 0.0006 0.0002 0.0514 0.0003 
         006  5 0.7909 0.0003 0.0440 0.0004 0.0272 0.0003 0.1369 0.0001 
         007  5 0.8424 0.0002 0.0382 0.0002 0.0516 0.0002 0.0670 0.0002 
         008  5 0.8904 0.0001 0.0407 0.0001 0.0006 0.0002 0.0678 0.0001 
         009  5 0.8964 0.0055 0.0320 0.0450 0.0065 0.0002 0.0134 0.0010 
         010  5 0.8563 0.0014 0.0070 0.0013 0.0306 0.0003 0.1018 0.0012 
         011  5 0.9167 0.0002 0.0214 0.0011 0.0003 0.0002 0.0590 0.0010 
         012  5 0.8352 0.0249 0.0139 0.0212 0.0775 0.0007 0.0254 0.0012 
         013  5 0.6580 0.0056 0.1574 0.1052 0.0026 0.0004 0.0695 0.0013 
         014  5 0.6720 0.0018 0.0020 0.1648 0.0730 0.0158 0.0602 0.0104 
         015  5 0.9128 0.0002 0.0345 0.0002 0.0251 0.0002 0.0269 0.0001 
         016  5 0.8639 0.0004 0.0708 0.0007 0.0342 0.0006 0.0291 0.0004 
         017  5 0.8052 0.0044 0.0659 0.0075 0.0540 0.0018 0.0611 0.0002 
         018  5 0.7941 0.0025 0.0914 0.0066 0.0024 0.0222 0.0580 0.0229 
         019  5 0.9543 0.0002 0.0387 0.0003 0.0001 0.0049 0.0006 0.0008 
         020  5 0.9980 0.0001 0.0007 0.0002 0.0002 0.0002 0.0005 0.0001 
         021  5 0.8397 0.0259 0.0106 0.1130 0.0007 0.0003 0.0072 0.0026 
         022  5 0.8961 0.0017 0.0524 0.0154 0.0115 0.0013 0.0016 0.0199 
         023  5 0.8782 0.0002 0.0671 0.0008 0.0014 0.0004 0.0509 0.0010 
         024  5 0.8750 0.0036 0.0095 0.0342 0.0730 0.0003 0.0041 0.0003 
         025  5 0.8225 0.0042 0.0923 0.0065 0.0553 0.0009 0.0177 0.0006 
         026  5 0.8059 0.0008 0.0365 0.1279 0.0128 0.0003 0.0156 0.0003 
         027  5 0.9980 0.0001 0.0003 0.0002 0.0009 0.0001 0.0002 0.0001 
         028  5 0.8772 0.0009 0.0709 0.0059 0.0378 0.0009 0.0020 0.0045 
         029  5 0.9394 0.0003 0.0441 0.0002 0.0009 0.0003 0.0145 0.0003 
         030  5 0.9323 0.0003 0.0484 0.0003 0.0007 0.0029 0.0136 0.0014 
        001s  6 0.0006 0.1921 0.0431 0.7138 0.0112 0.0004 0.0113 0.0274 
        002s  6 0.0124 0.0109 0.0964 0.8485 0.0005 0.0261 0.0043 0.0009 
        003s  6 0.0074 0.2465 0.0148 0.7216 0.0003 0.0005 0.0060 0.0028 
        004s  6 0.0004 0.0135 0.0019 0.9821 0.0004 0.0005 0.0004 0.0008 
        006s  6 0.0620 0.0026 0.0563 0.8473 0.0215 0.0009 0.0032 0.0061 
        007s  6 0.0002 0.0055 0.0396 0.9493 0.0029 0.0010 0.0010 0.0005 
        008s  6 0.0050 0.0079 0.0083 0.9680 0.0005 0.0036 0.0013 0.0055 
        009s  6 0.0004 0.0090 0.0008 0.9871 0.0004 0.0009 0.0008 0.0006 
        010s  6 0.0252 0.0018 0.0025 0.9387 0.0063 0.0116 0.0013 0.0127 
        011s  6 0.0003 0.0034 0.0082 0.9779 0.0009 0.0002 0.0079 0.0012 
        012s  6 0.0004 0.0073 0.0100 0.9755 0.0014 0.0023 0.0017 0.0015 
        013s  6 0.0009 0.0049 0.0023 0.9894 0.0005 0.0007 0.0008 0.0005 
        014s  6 0.0365 0.4398 0.0208 0.4940 0.0003 0.0003 0.0080 0.0003 
        015s  6 0.0059 0.0017 0.0486 0.9273 0.0087 0.0010 0.0008 0.0060 
        016s  6 0.0002 0.0932 0.0011 0.9019 0.0013 0.0008 0.0005 0.0010 
        018s  6 0.2208 0.0061 0.0185 0.6888 0.0004 0.0003 0.0632 0.0019 
        019s  6 0.0027 0.0754 0.3279 0.5844 0.0006 0.0010 0.0055 0.0025 
        020s  6 0.0002 0.0102 0.2364 0.7505 0.0003 0.0010 0.0010 0.0003 
        021s  6 0.0007 0.0027 0.0606 0.9146 0.0068 0.0014 0.0094 0.0039 
        022s  6 0.0010 0.0370 0.0103 0.9469 0.0002 0.0005 0.0005 0.0036 
        023s  6 0.0103 0.6069 0.2227 0.1579 0.0004 0.0002 0.0008 0.0009 
        024s  6 0.0485 0.0172 0.1255 0.8047 0.0008 0.0019 0.0006 0.0008 
        025s  6 0.0025 0.0022 0.0049 0.9152 0.0007 0.0006 0.0046 0.0695 
        026s  6 0.0004 0.0118 0.0017 0.9833 0.0006 0.0013 0.0006 0.0004 
        027s  6 0.0013 0.0136 0.0053 0.9772 0.0006 0.0012 0.0004 0.0004 
        028s  6 0.0070 0.0017 0.0314 0.8939 0.0048 0.0436 0.0077 0.0100 
        029s  6 0.0005 0.0032 0.0828 0.9104 0.0003 0.0014 0.0003 0.0011 
        030s  6 0.0548 0.0023 0.1261 0.8023 0.0004 0.0020 0.0024 0.0097 
        031s  6 0.0016 0.7037 0.0035 0.2847 0.0047 0.0005 0.0007 0.0007 
        032s  6 0.0012 0.0101 0.0025 0.9474 0.0006 0.0006 0.0370 0.0007 
        033s  6 0.0440 0.0031 0.1146 0.8353 0.0002 0.0003 0.0015 0.0009 
        034s  6 0.0018 0.0082 0.0041 0.9657 0.0041 0.0004 0.0009 0.0147 
        035s  6 0.1230 0.8712 0.0015 0.0013 0.0004 0.0011 0.0010 0.0006 
        036s  6 0.0004 0.0050 0.0309 0.9483 0.0028 0.0003 0.0111 0.0012 
        037s  6 0.0009 0.0056 0.0010 0.9851 0.0006 0.0020 0.0025 0.0024 
        038s  6 0.0004 0.1034 0.0033 0.8872 0.0031 0.0013 0.0006 0.0008 
        039s  6 0.0002 0.0106 0.0315 0.9560 0.0002 0.0006 0.0003 0.0007 
        040s  6 0.0003 0.1736 0.0136 0.8090 0.0017 0.0006 0.0006 0.0006 
        041s  6 0.0575 0.6578 0.0744 0.2025 0.0002 0.0046 0.0004 0.0027 
        042s  6 0.0156 0.0191 0.0021 0.9038 0.0010 0.0040 0.0015 0.0529 
        043s  6 0.0013 0.0021 0.0255 0.9593 0.0011 0.0002 0.0006 0.0099 
        044s  6 0.0008 0.1602 0.0016 0.8333 0.0005 0.0024 0.0007 0.0006 
        045s  6 0.0050 0.0155 0.0041 0.9709 0.0006 0.0007 0.0011 0.0021 
        001s  7 0.0012 0.9185 0.0137 0.0638 0.0004 0.0006 0.0006 0.0012 
        002s  7 0.0154 0.4965 0.0006 0.4788 0.0004 0.0017 0.0045 0.0021 
        003s  7 0.0006 0.9640 0.0203 0.0098 0.0014 0.0015 0.0015 0.0010 
        004s  7 0.0006 0.0218 0.0593 0.9123 0.0035 0.0011 0.0008 0.0005 
        005s  7 0.0166 0.0269 0.0196 0.9313 0.0017 0.0008 0.0012 0.0019 
        006s  7 0.0611 0.0053 0.0031 0.9237 0.0006 0.0005 0.0014 0.0044 
        007s  7 0.0061 0.0044 0.0010 0.9573 0.0123 0.0160 0.0018 0.0011 
        008s  7 0.0057 0.9529 0.0293 0.0084 0.0003 0.0023 0.0004 0.0009 
        009s  7 0.0025 0.0183 0.0018 0.9603 0.0021 0.0003 0.0026 0.0120 
        010s  7 0.0006 0.9908 0.0014 0.0046 0.0002 0.0010 0.0005 0.0010 
        011s  7 0.0005 0.0066 0.0122 0.9768 0.0005 0.0010 0.0011 0.0013 
        012s  7 0.0006 0.0048 0.0055 0.9870 0.0009 0.0004 0.0003 0.0006 
        013s  7 0.0003 0.0085 0.0029 0.9716 0.0104 0.0008 0.0008 0.0047 
        014s  7 0.0391 0.5432 0.0010 0.4139 0.0006 0.0007 0.0010 0.0005 
        015s  7 0.0335 0.0027 0.0043 0.9538 0.0025 0.0013 0.0011 0.0009 
        016s  7 0.0847 0.9101 0.0009 0.0027 0.0002 0.0002 0.0002 0.0011 
        017s  7 0.0016 0.0113 0.0367 0.9474 0.0013 0.0005 0.0006 0.0006 
        018s  7 0.0009 0.0031 0.3776 0.6126 0.0003 0.0038 0.0012 0.0005 
        019s  7 0.0015 0.0053 0.0177 0.9539 0.0007 0.0029 0.0047 0.0134 
        020s  7 0.0008 0.0187 0.0062 0.9716 0.0010 0.0002 0.0010 0.0004 
        021s  7 0.0013 0.0032 0.0469 0.9433 0.0003 0.0014 0.0025 0.0011 
        022s  7 0.0030 0.0042 0.0022 0.9838 0.0044 0.0003 0.0009 0.0011 
        023s  7 0.0031 0.0283 0.1735 0.7716 0.0011 0.0012 0.0017 0.0196 
        024s  7 0.0019 0.0051 0.0022 0.9860 0.0005 0.0024 0.0010 0.0009 
        025s  7 0.0008 0.0046 0.0027 0.9822 0.0036 0.0011 0.0040 0.0009 
        026s  7 0.0015 0.9737 0.0048 0.0177 0.0003 0.0011 0.0003 0.0006 
        027s  7 0.0009 0.5481 0.0050 0.4415 0.0007 0.0026 0.0009 0.0004 
        028s  7 0.0021 0.0039 0.2024 0.7889 0.0006 0.0003 0.0011 0.0007 
        029s  7 0.0050 0.0312 0.0600 0.8975 0.0008 0.0008 0.0022 0.0025 
        030s  7 0.0004 0.1753 0.0527 0.7591 0.0011 0.0071 0.0004 0.0038 
        031s  7 0.0019 0.0244 0.0073 0.9509 0.0015 0.0004 0.0008 0.0129 
        032s  7 0.0929 0.0020 0.0243 0.8738 0.0004 0.0056 0.0006 0.0004 
        033s  7 0.0306 0.0015 0.0050 0.9483 0.0005 0.0036 0.0095 0.0011 
        034s  7 0.0005 0.0039 0.0308 0.9259 0.0314 0.0017 0.0054 0.0005 
        035s  7 0.0005 0.0020 0.0080 0.9872 0.0003 0.0006 0.0004 0.0010 
        036s  7 0.0006 0.0553 0.0096 0.9188 0.0046 0.0006 0.0004 0.0101 
        037s  7 0.0081 0.0268 0.2769 0.6482 0.0009 0.0008 0.0344 0.0039 
        038s  7 0.0028 0.0060 0.1168 0.8591 0.0003 0.0016 0.0116 0.0018 
        039s  7 0.0004 0.1679 0.1578 0.6725 0.0002 0.0003 0.0006 0.0003 
        040s  7 0.0046 0.9628 0.0004 0.0007 0.0289 0.0003 0.0020 0.0004 
        041s  7 0.0134 0.2523 0.0068 0.7137 0.0005 0.0017 0.0103 0.0013 
        042s  7 0.0043 0.9669 0.0011 0.0260 0.0004 0.0002 0.0007 0.0003 
        043s  7 0.0011 0.0158 0.0120 0.9675 0.0002 0.0005 0.0005 0.0024 
        044s  7 0.0240 0.0032 0.0759 0.8411 0.0066 0.0017 0.0110 0.0365 
         003  8 0.0064 0.0035 0.0526 0.9216 0.0013 0.0121 0.0017 0.0007 
         009  8 0.0014 0.0043 0.0031 0.9882 0.0006 0.0005 0.0007 0.0013 
         010  8 0.0005 0.0120 0.0182 0.9649 0.0002 0.0004 0.0005 0.0033 
         017  8 0.0006 0.0041 0.0384 0.9504 0.0006 0.0017 0.0011 0.0031 
         002  9 0.0003 0.0105 0.0046 0.9819 0.0008 0.0006 0.0003 0.0010 
         003  9 0.0002 0.0067 0.0074 0.9844 0.0004 0.0004 0.0002 0.0003 
         004  9 0.0005 0.0071 0.0090 0.9813 0.0003 0.0003 0.0002 0.0013 
         005  9 0.0003 0.0032 0.0088 0.9808 0.0012 0.0009 0.0006 0.0041 
         006  9 0.0011 0.0052 0.0015 0.9883 0.0007 0.0008 0.0008 0.0016 
         007  9 0.0044 0.0034 0.0503 0.9392 0.0004 0.0009 0.0002 0.0012 
         009  9 0.0013 0.0123 0.0097 0.9719 0.0002 0.0013 0.0014 0.0019 
         010  9 0.0006 0.0029 0.0037 0.9880 0.0007 0.0021 0.0002 0.0018 
         013  9 0.0019 0.0305 0.0037 0.9602 0.0015 0.0003 0.0006 0.0012 
         014  9 0.0004 0.0080 0.0040 0.9800 0.0003 0.0057 0.0003 0.0013 
         016  9 0.0002 0.0032 0.0058 0.9882 0.0002 0.0015 0.0002 0.0007 
         018  9 0.0008 0.0022 0.0012 0.9862 0.0007 0.0063 0.0009 0.0016 
         019  9 0.0011 0.0030 0.0141 0.9737 0.0007 0.0062 0.0007 0.0005 
         020  9 0.0002 0.0024 0.0016 0.9946 0.0003 0.0003 0.0004 0.0003 
         021  9 0.0004 0.0030 0.0029 0.9922 0.0002 0.0002 0.0004 0.0006 
         022  9 0.0003 0.0055 0.0014 0.9902 0.0003 0.0010 0.0006 0.0007 
         024  9 0.0004 0.0126 0.0104 0.9694 0.0003 0.0024 0.0017 0.0028 
         028  9 0.0007 0.0054 0.0075 0.9835 0.0007 0.0006 0.0003 0.0012 
         029  9 0.0002 0.0066 0.0039 0.9868 0.0004 0.0013 0.0004 0.0005 
         030  9 0.0004 0.0036 0.0294 0.9640 0.0004 0.0007 0.0005 0.0010 
         031  9 0.0015 0.0094 0.0016 0.9846 0.0003 0.0010 0.0010 0.0006 
         033  9 0.0076 0.0081 0.0183 0.9621 0.0003 0.0009 0.0010 0.0017 
         001 10 0.0004 0.0053 0.0012 0.9909 0.0005 0.0011 0.0003 0.0003 
         002 10 0.0003 0.0092 0.0272 0.9597 0.0001 0.0022 0.0004 0.0008 
         003 10 0.0003 0.0020 0.0093 0.9727 0.0005 0.0006 0.0006 0.0140 
         004 10 0.0006 0.0671 0.0068 0.9214 0.0002 0.0006 0.0004 0.0030 
         005 10 0.0004 0.0053 0.0176 0.9737 0.0004 0.0018 0.0002 0.0007 
         006 10 0.0009 0.0022 0.0028 0.9910 0.0004 0.0006 0.0014 0.0006 
         007 10 0.0004 0.0068 0.0190 0.9706 0.0003 0.0003 0.0004 0.0021 
         008 10 0.0006 0.0016 0.0381 0.9545 0.0006 0.0005 0.0006 0.0034 
         009 10 0.0006 0.0074 0.0011 0.9844 0.0012 0.0036 0.0012 0.0005 
         010 10 0.0008 0.0208 0.0307 0.9423 0.0004 0.0034 0.0004 0.0011 
         011 10 0.0005 0.0061 0.0060 0.9526 0.0015 0.0004 0.0008 0.0320 
         012 10 0.0006 0.0036 0.0062 0.9840 0.0006 0.0005 0.0021 0.0025 
         013 10 0.0003 0.0049 0.0218 0.9691 0.0018 0.0006 0.0005 0.0009 
         014 10 0.0004 0.1731 0.0382 0.7854 0.0006 0.0008 0.0007 0.0008 
         016 10 0.0004 0.0066 0.0202 0.9683 0.0004 0.0010 0.0020 0.0009 
         017 10 0.0007 0.0022 0.0018 0.9926 0.0005 0.0008 0.0006 0.0008 
         018 10 0.0034 0.0035 0.0071 0.9805 0.0006 0.0021 0.0021 0.0007 
         019 10 0.0004 0.0032 0.0076 0.9805 0.0005 0.0055 0.0012 0.0011 
         020 10 0.0006 0.0104 0.0788 0.8979 0.0006 0.0066 0.0031 0.0021 
         021 10 0.0008 0.0380 0.0286 0.9286 0.0002 0.0030 0.0005 0.0004 
         022 10 0.0004 0.0390 0.0013 0.9576 0.0005 0.0003 0.0004 0.0006 
         023 10 0.0003 0.0027 0.0104 0.9842 0.0005 0.0005 0.0005 0.0010 
         024 10 0.0004 0.0022 0.0291 0.9635 0.0002 0.0016 0.0006 0.0023 
         026 10 0.0004 0.0017 0.0019 0.9931 0.0005 0.0008 0.0010 0.0005 
        001s 11 0.0994 0.0940 0.0080 0.7932 0.0006 0.0004 0.0003 0.0041 
        002s 11 0.0007 0.0130 0.0014 0.9707 0.0080 0.0036 0.0009 0.0018 
        003s 11 0.0070 0.0116 0.1182 0.8600 0.0005 0.0011 0.0009 0.0005 
        004s 11 0.0004 0.0120 0.0027 0.9809 0.0016 0.0002 0.0006 0.0015 
        005s 11 0.0021 0.0454 0.0603 0.8835 0.0008 0.0071 0.0005 0.0005 
        006s 11 0.0007 0.0130 0.0597 0.8977 0.0020 0.0018 0.0210 0.0041 
        007s 11 0.0046 0.0423 0.0364 0.8769 0.0325 0.0022 0.0042 0.0008 
        008s 11 0.0004 0.0059 0.0074 0.9837 0.0003 0.0005 0.0013 0.0005 
        009s 11 0.0004 0.0056 0.0945 0.8815 0.0003 0.0170 0.0006 0.0003 
        010s 11 0.0006 0.1813 0.0033 0.8102 0.0003 0.0005 0.0028 0.0010 
        011s 11 0.0993 0.8391 0.0070 0.0351 0.0083 0.0002 0.0007 0.0102 
        012s 11 0.0660 0.0109 0.3518 0.5679 0.0003 0.0014 0.0015 0.0003 
        013s 11 0.0010 0.2145 0.0203 0.7616 0.0007 0.0002 0.0006 0.0011 
        014s 11 0.0028 0.8931 0.0616 0.0328 0.0046 0.0016 0.0022 0.0011 
        015s 11 0.0024 0.0257 0.0161 0.9469 0.0012 0.0013 0.0020 0.0044 
        016s 11 0.0438 0.1664 0.0155 0.7131 0.0005 0.0047 0.0009 0.0553 
        017s 11 0.0396 0.0049 0.4036 0.5479 0.0005 0.0003 0.0011 0.0021 
        018s 11 0.0029 0.9334 0.0066 0.0507 0.0010 0.0021 0.0023 0.0010 
        019s 11 0.0006 0.0053 0.0691 0.9008 0.0008 0.0002 0.0010 0.0220 
        020s 11 0.0015 0.7221 0.0008 0.2695 0.0015 0.0032 0.0005 0.0009 
        021s 11 0.0007 0.0030 0.0011 0.9925 0.0005 0.0004 0.0005 0.0013 
        022s 11 0.0022 0.0189 0.0519 0.8947 0.0295 0.0014 0.0011 0.0003 
        023s 11 0.0195 0.8157 0.0018 0.1390 0.0004 0.0004 0.0015 0.0217 
        025s 11 0.0005 0.0056 0.0201 0.9718 0.0004 0.0002 0.0005 0.0009 
        026s 11 0.0433 0.0011 0.0012 0.8975 0.0007 0.0006 0.0004 0.0552 
        027s 11 0.0006 0.0042 0.0061 0.9843 0.0027 0.0006 0.0010 0.0006 
        028s 11 0.0057 0.0032 0.0652 0.9205 0.0010 0.0003 0.0029 0.0013 
        029s 11 0.0185 0.0010 0.0511 0.9239 0.0004 0.0014 0.0032 0.0005 
        030s 11 0.0215 0.0022 0.3456 0.6263 0.0012 0.0009 0.0011 0.0011 
        031s 11 0.0004 0.0062 0.0020 0.9879 0.0017 0.0010 0.0004 0.0005 
        032s 11 0.0015 0.0682 0.0102 0.9156 0.0003 0.0007 0.0006 0.0030 
        033s 11 0.0055 0.1218 0.0159 0.8525 0.0005 0.0015 0.0011 0.0010 
        034s 11 0.0012 0.9042 0.0006 0.0908 0.0019 0.0004 0.0006 0.0004 
        035s 11 0.0019 0.5953 0.0191 0.3793 0.0018 0.0013 0.0009 0.0004 
        036s 11 0.0097 0.0059 0.3202 0.6587 0.0012 0.0019 0.0021 0.0004 
        037s 11 0.0004 0.8626 0.1232 0.0096 0.0003 0.0011 0.0018 0.0011 
        038s 11 0.0019 0.2540 0.0173 0.7215 0.0004 0.0010 0.0032 0.0008 
        039s 11 0.0016 0.0086 0.0413 0.9463 0.0003 0.0004 0.0008 0.0007 
        040s 11 0.0362 0.0025 0.2190 0.7239 0.0011 0.0007 0.0161 0.0005 
        041s 11 0.0010 0.0053 0.0135 0.9514 0.0009 0.0244 0.0008 0.0026 
        042s 11 0.0007 0.4955 0.0059 0.4869 0.0009 0.0010 0.0005 0.0086 
        043s 11 0.0055 0.0183 0.0106 0.9165 0.0005 0.0004 0.0227 0.0254 
        044s 11 0.0006 0.0186 0.0081 0.9570 0.0087 0.0012 0.0009 0.0050 
        045s 11 0.0003 0.0119 0.0731 0.8992 0.0019 0.0004 0.0015 0.0116 
        046s 11 0.0176 0.7266 0.1362 0.0917 0.0035 0.0006 0.0007 0.0230 
        047s 11 0.0006 0.0021 0.2365 0.7570 0.0009 0.0005 0.0010 0.0015 
        048s 11 0.0028 0.0060 0.0025 0.9496 0.0018 0.0014 0.0028 0.0331 
        049s 11 0.0017 0.0040 0.0261 0.9648 0.0005 0.0011 0.0005 0.0013 
        050s 11 0.0004 0.0033 0.0013 0.9893 0.0040 0.0003 0.0003 0.0011 
        051s 11 0.0004 0.0701 0.0404 0.8160 0.0228 0.0004 0.0011 0.0488 
        052s 11 0.0012 0.8817 0.0043 0.1056 0.0025 0.0008 0.0016 0.0023 
        053s 11 0.0004 0.0064 0.0068 0.9828 0.0004 0.0020 0.0003 0.0008 
        054s 11 0.0008 0.0058 0.0022 0.9834 0.0045 0.0004 0.0023 0.0006 
        055s 11 0.0083 0.9040 0.0025 0.0263 0.0003 0.0003 0.0581 0.0003 
        001s 12 0.0015 0.0093 0.0112 0.9708 0.0010 0.0012 0.0040 0.0010 
        002s 12 0.0018 0.0018 0.0028 0.9892 0.0007 0.0021 0.0005 0.0010 
        003s 12 0.0005 0.0098 0.0011 0.9862 0.0009 0.0006 0.0007 0.0003 
        004s 12 0.0729 0.0009 0.0028 0.9136 0.0005 0.0022 0.0005 0.0067 
        005s 12 0.0003 0.6428 0.0012 0.3533 0.0004 0.0008 0.0007 0.0005 
        006s 12 0.0141 0.0238 0.1004 0.8541 0.0022 0.0007 0.0034 0.0013 
        007s 12 0.0010 0.0039 0.0537 0.9343 0.0011 0.0039 0.0006 0.0015 
        008s 12 0.0012 0.0017 0.0220 0.9298 0.0004 0.0008 0.0433 0.0007 
        009s 12 0.0074 0.0260 0.0962 0.8389 0.0005 0.0228 0.0022 0.0060 
        010s 12 0.0028 0.0290 0.0382 0.9051 0.0217 0.0009 0.0018 0.0003 
        011s 12 0.0010 0.0061 0.0022 0.9832 0.0043 0.0008 0.0013 0.0011 
        012s 12 0.0021 0.0099 0.1339 0.8439 0.0049 0.0004 0.0013 0.0036 
        013s 12 0.0007 0.0023 0.1205 0.8371 0.0005 0.0006 0.0003 0.0380 
        014s 12 0.0010 0.5882 0.0285 0.2954 0.0384 0.0019 0.0031 0.0435 
        015s 12 0.0033 0.0050 0.0240 0.9622 0.0010 0.0023 0.0013 0.0009 
        016s 12 0.0008 0.0035 0.0045 0.9832 0.0007 0.0005 0.0007 0.0061 
        017s 12 0.0063 0.0341 0.0631 0.8938 0.0012 0.0002 0.0005 0.0008 
        018s 12 0.0009 0.0161 0.3318 0.6431 0.0002 0.0044 0.0021 0.0013 
        019s 12 0.0051 0.0380 0.0105 0.9412 0.0007 0.0031 0.0008 0.0005 
        020s 12 0.0693 0.0050 0.1228 0.7987 0.0003 0.0002 0.0028 0.0008 
        021s 12 0.0037 0.0043 0.0666 0.9212 0.0007 0.0006 0.0007 0.0022 
        022s 12 0.0264 0.0170 0.0253 0.9129 0.0006 0.0037 0.0096 0.0045 
        023s 12 0.0004 0.0086 0.0127 0.9755 0.0003 0.0012 0.0004 0.0009 
        024s 12 0.0003 0.4639 0.2286 0.3050 0.0002 0.0007 0.0005 0.0008 
        025s 12 0.0014 0.0028 0.0148 0.9489 0.0010 0.0058 0.0241 0.0012 
        026s 12 0.0277 0.0668 0.0117 0.8800 0.0008 0.0110 0.0009 0.0012 
        027s 12 0.0014 0.0051 0.0140 0.9690 0.0004 0.0004 0.0092 0.0004 
        028s 12 0.0009 0.9584 0.0004 0.0208 0.0004 0.0160 0.0004 0.0026 
        029s 12 0.0010 0.2984 0.0009 0.6971 0.0010 0.0005 0.0002 0.0009 
        030s 12 0.0009 0.0056 0.0290 0.9612 0.0017 0.0004 0.0006 0.0006 
        031s 12 0.0044 0.0032 0.0304 0.9562 0.0009 0.0009 0.0020 0.0020 
        032s 12 0.0004 0.8981 0.0267 0.0648 0.0003 0.0086 0.0002 0.0010 
        033s 12 0.0012 0.0095 0.0252 0.9564 0.0017 0.0008 0.0048 0.0005 
        034s 12 0.0004 0.9367 0.0024 0.0583 0.0005 0.0009 0.0005 0.0003 
        035s 12 0.0078 0.0763 0.0257 0.8866 0.0008 0.0006 0.0016 0.0005 
        036s 12 0.0016 0.0394 0.0212 0.9176 0.0028 0.0042 0.0126 0.0007 
        037s 12 0.0009 0.0038 0.1099 0.8830 0.0002 0.0009 0.0004 0.0008 
        001s 13 0.0176 0.0154 0.0042 0.9583 0.0007 0.0008 0.0006 0.0025 
        002s 13 0.0503 0.8667 0.0695 0.0042 0.0003 0.0003 0.0081 0.0007 
        003s 13 0.0004 0.0048 0.0139 0.9761 0.0002 0.0007 0.0026 0.0013 
        004s 13 0.0011 0.0091 0.0131 0.9605 0.0007 0.0112 0.0005 0.0038 
        005s 13 0.0030 0.0039 0.0024 0.9782 0.0023 0.0025 0.0057 0.0020 
        006s 13 0.0005 0.0106 0.0045 0.9792 0.0010 0.0007 0.0029 0.0006 
        007s 13 0.0009 0.0046 0.0146 0.9545 0.0199 0.0005 0.0038 0.0013 
        008s 13 0.0532 0.0016 0.0711 0.8687 0.0015 0.0008 0.0025 0.0006 
        009s 13 0.1263 0.0012 0.0003 0.8495 0.0010 0.0139 0.0066 0.0012 
        010s 13 0.0239 0.0028 0.3435 0.6252 0.0003 0.0016 0.0021 0.0007 
        011s 13 0.0031 0.2230 0.0325 0.7084 0.0171 0.0064 0.0067 0.0028 
        012s 13 0.0087 0.0030 0.3883 0.5670 0.0011 0.0051 0.0019 0.0250 
        013s 13 0.0130 0.6750 0.0254 0.2504 0.0283 0.0010 0.0004 0.0066 
        014s 13 0.0004 0.0019 0.3081 0.6643 0.0129 0.0012 0.0087 0.0025 
        015s 13 0.0101 0.0212 0.0200 0.9285 0.0007 0.0112 0.0004 0.0080 
        016s 13 0.0004 0.0050 0.0026 0.9895 0.0003 0.0005 0.0006 0.0011 
        017s 13 0.0025 0.0178 0.0057 0.9145 0.0013 0.0019 0.0557 0.0006 
        018s 13 0.0005 0.0077 0.0082 0.9810 0.0003 0.0005 0.0012 0.0006 
        019s 13 0.0006 0.0202 0.0320 0.9425 0.0005 0.0004 0.0033 0.0006 
        020s 13 0.0012 0.9535 0.0018 0.0353 0.0030 0.0018 0.0031 0.0004 
        021s 13 0.0013 0.0090 0.0152 0.9714 0.0004 0.0006 0.0002 0.0019 
        022s 13 0.0010 0.0051 0.0042 0.9859 0.0004 0.0004 0.0020 0.0009 
        023s 13 0.0011 0.0267 0.0012 0.9666 0.0002 0.0004 0.0033 0.0004 
        024s 13 0.0333 0.0400 0.0077 0.8712 0.0041 0.0011 0.0016 0.0410 
        025s 13 0.0009 0.0033 0.0031 0.9882 0.0003 0.0010 0.0013 0.0020 
        026s 13 0.0365 0.0027 0.3583 0.5819 0.0008 0.0004 0.0138 0.0058 
        027s 13 0.0454 0.0062 0.0787 0.8614 0.0023 0.0033 0.0016 0.0011 
        028s 13 0.0025 0.4454 0.0146 0.4947 0.0016 0.0108 0.0275 0.0029 
        029s 13 0.0074 0.8211 0.1545 0.0135 0.0008 0.0003 0.0011 0.0012 
        030s 13 0.0694 0.6348 0.0066 0.2624 0.0006 0.0007 0.0004 0.0251 
        031s 13 0.0032 0.0056 0.0044 0.8803 0.0042 0.0010 0.0010 0.1003 
        032s 13 0.0006 0.0072 0.0048 0.9783 0.0080 0.0004 0.0003 0.0003 
        033s 13 0.0013 0.0122 0.0347 0.9259 0.0058 0.0005 0.0184 0.0011 
        034s 13 0.0388 0.9188 0.0007 0.0221 0.0161 0.0023 0.0002 0.0009 
        035s 13 0.0005 0.1476 0.0082 0.8357 0.0007 0.0021 0.0009 0.0044 
        036s 13 0.0019 0.1409 0.0690 0.7854 0.0004 0.0007 0.0012 0.0005 
        037s 13 0.0004 0.0066 0.0224 0.9666 0.0004 0.0007 0.0004 0.0025 
        038s 13 0.0005 0.5950 0.0914 0.3073 0.0006 0.0009 0.0034 0.0010 
        039s 13 0.0971 0.0074 0.0053 0.8148 0.0008 0.0009 0.0009 0.0728 
        040s 13 0.0015 0.0049 0.0724 0.9178 0.0011 0.0005 0.0006 0.0012 
        041s 13 0.0413 0.0034 0.1068 0.8409 0.0042 0.0004 0.0020 0.0010 
        042s 13 0.0003 0.9683 0.0118 0.0161 0.0014 0.0009 0.0003 0.0008 
        001s 14 0.0082 0.7498 0.1095 0.1257 0.0011 0.0022 0.0021 0.0012 
        002s 14 0.0675 0.0016 0.0100 0.9126 0.0017 0.0031 0.0019 0.0015 
        003s 14 0.0004 0.9818 0.0032 0.0119 0.0003 0.0006 0.0010 0.0008 
        004s 14 0.0133 0.0028 0.0087 0.9534 0.0172 0.0008 0.0009 0.0030 
        005s 14 0.0003 0.2136 0.0606 0.7235 0.0002 0.0007 0.0003 0.0008 
        006s 14 0.0004 0.0127 0.0069 0.9778 0.0006 0.0004 0.0010 0.0003 
        007s 14 0.0007 0.0083 0.0047 0.9819 0.0012 0.0005 0.0014 0.0014 
        008s 14 0.0950 0.8108 0.0708 0.0049 0.0045 0.0116 0.0002 0.0022 
        009s 14 0.0014 0.0210 0.0018 0.9656 0.0003 0.0050 0.0042 0.0007 
        010s 14 0.0601 0.3609 0.0921 0.4713 0.0003 0.0139 0.0003 0.0011 
        011s 14 0.0011 0.4015 0.0052 0.5484 0.0040 0.0005 0.0387 0.0007 
        012s 14 0.0004 0.9372 0.0314 0.0252 0.0010 0.0019 0.0016 0.0013 
        013s 14 0.0007 0.0988 0.0949 0.7924 0.0034 0.0007 0.0010 0.0081 
        014s 14 0.0469 0.0060 0.0997 0.8378 0.0006 0.0072 0.0010 0.0009 
        015s 14 0.0006 0.0172 0.0467 0.9248 0.0006 0.0074 0.0008 0.0018 
        016s 14 0.0010 0.0020 0.0274 0.9558 0.0002 0.0006 0.0006 0.0123 
        017s 14 0.0567 0.0035 0.0823 0.8467 0.0081 0.0007 0.0017 0.0003 
        018s 14 0.0004 0.0035 0.0402 0.9525 0.0004 0.0008 0.0011 0.0012 
        019s 14 0.0009 0.0048 0.0185 0.9712 0.0013 0.0005 0.0023 0.0005 
        020s 14 0.0005 0.8387 0.0016 0.1478 0.0002 0.0089 0.0012 0.0010 
        021s 14 0.0038 0.0025 0.0193 0.9607 0.0003 0.0115 0.0013 0.0005 
        022s 14 0.0019 0.0075 0.2485 0.7357 0.0015 0.0018 0.0014 0.0017 
        023s 14 0.0190 0.0166 0.0018 0.9556 0.0021 0.0026 0.0003 0.0019 
        024s 14 0.0461 0.3912 0.0079 0.5432 0.0009 0.0021 0.0074 0.0013 
        025s 14 0.0715 0.1571 0.0021 0.7677 0.0002 0.0005 0.0004 0.0005 
        026s 14 0.0005 0.0114 0.0034 0.9813 0.0002 0.0020 0.0006 0.0006 
        027s 14 0.0027 0.0373 0.0724 0.8818 0.0004 0.0008 0.0013 0.0033 
        028s 14 0.0005 0.0196 0.0486 0.9252 0.0026 0.0021 0.0008 0.0008 
        029s 14 0.0004 0.0093 0.0034 0.9840 0.0005 0.0005 0.0002 0.0016 
        030s 14 0.0007 0.0653 0.2744 0.6530 0.0039 0.0007 0.0016 0.0005 
        031s 14 0.0008 0.3364 0.0017 0.6316 0.0260 0.0008 0.0004 0.0021 
        032s 14 0.0006 0.3534 0.1062 0.5344 0.0011 0.0004 0.0008 0.0032 
        033s 14 0.0004 0.4315 0.0031 0.5135 0.0489 0.0008 0.0010 0.0007 
        034s 14 0.0003 0.0020 0.0431 0.9530 0.0003 0.0005 0.0003 0.0007 
        035s 14 0.0261 0.2506 0.3588 0.2987 0.0560 0.0004 0.0084 0.0011 
        036s 14 0.0316 0.8699 0.0437 0.0275 0.0186 0.0021 0.0019 0.0047 
        037s 14 0.0014 0.0184 0.0434 0.9323 0.0004 0.0009 0.0006 0.0026 
        038s 14 0.0004 0.0078 0.1715 0.8175 0.0005 0.0006 0.0012 0.0005 
        039s 14 0.0020 0.0109 0.0197 0.9565 0.0017 0.0030 0.0010 0.0051 
        040s 14 0.0161 0.0127 0.0232 0.9449 0.0008 0.0004 0.0010 0.0011 
        041s 14 0.0009 0.3371 0.2462 0.4132 0.0010 0.0007 0.0006 0.0004 
        042s 14 0.0537 0.0081 0.0506 0.8819 0.0003 0.0011 0.0015 0.0028 
        001s 15 0.0011 0.4968 0.0630 0.4351 0.0007 0.0010 0.0004 0.0019 
        002s 15 0.0954 0.2434 0.1293 0.5122 0.0023 0.0061 0.0013 0.0099 
        003s 15 0.0054 0.0047 0.0108 0.9606 0.0005 0.0013 0.0105 0.0063 
        004s 15 0.0010 0.0027 0.0029 0.9809 0.0006 0.0108 0.0009 0.0003 
        005s 15 0.0104 0.0027 0.0065 0.9636 0.0005 0.0008 0.0099 0.0056 
        006s 15 0.0158 0.0152 0.1377 0.8258 0.0027 0.0007 0.0009 0.0011 
        007s 15 0.0007 0.0148 0.0063 0.9753 0.0004 0.0013 0.0006 0.0006 
        008s 15 0.0005 0.0094 0.1893 0.7987 0.0006 0.0005 0.0006 0.0005 
        009s 15 0.0046 0.0089 0.3276 0.6118 0.0010 0.0007 0.0061 0.0392 
        010s 15 0.0005 0.9045 0.0043 0.0868 0.0003 0.0003 0.0009 0.0024 
        011s 15 0.0007 0.0122 0.3358 0.6130 0.0271 0.0003 0.0101 0.0009 
        012s 15 0.0009 0.0025 0.1268 0.8596 0.0005 0.0015 0.0072 0.0010 
        013s 15 0.0009 0.9327 0.0107 0.0465 0.0003 0.0074 0.0004 0.0010 
        014s 15 0.0014 0.0063 0.0054 0.9758 0.0006 0.0039 0.0017 0.0049 
        015s 15 0.0817 0.0016 0.0653 0.8383 0.0055 0.0009 0.0009 0.0059 
        016s 15 0.0048 0.8438 0.0037 0.0569 0.0591 0.0295 0.0017 0.0005 
        017s 15 0.0023 0.0098 0.0017 0.9659 0.0005 0.0165 0.0008 0.0024 
        018s 15 0.0016 0.5790 0.0164 0.3997 0.0001 0.0021 0.0007 0.0003 
        019s 15 0.0018 0.5454 0.2391 0.2038 0.0003 0.0006 0.0018 0.0071 
        020s 15 0.0005 0.5073 0.0034 0.4864 0.0005 0.0004 0.0010 0.0006 
        021s 15 0.0272 0.0587 0.2428 0.6601 0.0008 0.0037 0.0026 0.0041 
        022s 15 0.0005 0.0192 0.2774 0.6982 0.0009 0.0007 0.0024 0.0006 
        023s 15 0.0263 0.0047 0.1699 0.7933 0.0023 0.0008 0.0019 0.0007 
        024s 15 0.0018 0.0023 0.0021 0.9883 0.0035 0.0003 0.0005 0.0013 
        025s 15 0.0050 0.0229 0.0035 0.9386 0.0008 0.0014 0.0024 0.0254 
        026s 15 0.0022 0.0128 0.0102 0.9459 0.0013 0.0027 0.0003 0.0246 
        027s 15 0.0044 0.0207 0.0113 0.9385 0.0110 0.0118 0.0014 0.0009 
        028s 15 0.0003 0.0110 0.0180 0.9622 0.0007 0.0025 0.0042 0.0011 
        029s 15 0.0009 0.0054 0.0016 0.9876 0.0013 0.0014 0.0005 0.0013 
        030s 15 0.0008 0.0035 0.0033 0.9899 0.0004 0.0012 0.0002 0.0008 
        031s 15 0.0615 0.0266 0.0163 0.8834 0.0015 0.0014 0.0026 0.0066 
        032s 15 0.0005 0.0017 0.0011 0.9941 0.0002 0.0007 0.0003 0.0014 
        033s 15 0.0111 0.7761 0.2067 0.0024 0.0005 0.0014 0.0015 0.0003 
        035s 15 0.0014 0.0045 0.0210 0.9636 0.0017 0.0019 0.0050 0.0008 
        036s 15 0.0009 0.5441 0.1411 0.3069 0.0018 0.0003 0.0003 0.0045 
        037s 15 0.0012 0.0128 0.2511 0.7250 0.0076 0.0005 0.0011 0.0007 
        038s 15 0.0060 0.0028 0.0051 0.9813 0.0029 0.0008 0.0007 0.0004 
        039s 15 0.0244 0.3852 0.3229 0.2648 0.0002 0.0006 0.0017 0.0002 
        040s 15 0.0023 0.0164 0.0854 0.8884 0.0019 0.0034 0.0014 0.0008 
        041s 15 0.0489 0.0117 0.1379 0.7934 0.0018 0.0006 0.0033 0.0025 
        042s 15 0.0073 0.0069 0.0017 0.9795 0.0004 0.0021 0.0010 0.0011 
        043s 15 0.0113 0.5035 0.0008 0.4801 0.0015 0.0002 0.0010 0.0016 
        044s 15 0.0050 0.0037 0.0130 0.9744 0.0008 0.0009 0.0015 0.0008 
        045s 15 0.0019 0.0010 0.1560 0.7311 0.0272 0.0022 0.0031 0.0775 
        046s 15 0.0244 0.0196 0.0660 0.8831 0.0035 0.0005 0.0019 0.0010 
        047s 15 0.0090 0.0034 0.0995 0.8812 0.0011 0.0004 0.0051 0.0004 
        048s 15 0.0004 0.3381 0.0045 0.6364 0.0008 0.0010 0.0006 0.0183 
        049s 15 0.0045 0.0234 0.0717 0.8925 0.0010 0.0005 0.0057 0.0007 
        050s 15 0.1395 0.0015 0.0054 0.8404 0.0004 0.0096 0.0010 0.0020 
         001 16 0.0937 0.7125 0.0422 0.0790 0.0017 0.0031 0.0673 0.0004 
         002 16 0.0087 0.0035 0.1560 0.8077 0.0003 0.0003 0.0229 0.0006 
         003 16 0.0020 0.0018 0.0178 0.9639 0.0042 0.0030 0.0060 0.0014 
         004 16 0.0007 0.0027 0.0075 0.9852 0.0007 0.0006 0.0015 0.0012 
         005 16 0.0561 0.0305 0.0638 0.8078 0.0090 0.0019 0.0012 0.0297 
         006 16 0.0014 0.0012 0.1933 0.7788 0.0004 0.0008 0.0103 0.0138 
         007 16 0.0065 0.0179 0.0094 0.9617 0.0010 0.0010 0.0011 0.0015 
         008 16 0.1432 0.2075 0.2464 0.3842 0.0164 0.0011 0.0008 0.0003 
         009 16 0.0022 0.6048 0.0252 0.3648 0.0005 0.0017 0.0004 0.0003 
         010 16 0.0162 0.1479 0.0863 0.7450 0.0004 0.0005 0.0026 0.0010 
         011 16 0.0041 0.8995 0.0614 0.0297 0.0010 0.0007 0.0024 0.0012 
         012 16 0.0004 0.0617 0.0327 0.8993 0.0023 0.0009 0.0016 0.0010 
         013 16 0.0004 0.0033 0.0029 0.9903 0.0008 0.0005 0.0012 0.0008 
         014 16 0.0290 0.0059 0.0019 0.9556 0.0010 0.0016 0.0047 0.0003 
         015 16 0.0003 0.0071 0.0432 0.5757 0.0023 0.0015 0.0013 0.3687 
         016 16 0.0024 0.0037 0.0025 0.9697 0.0003 0.0040 0.0008 0.0166 
         017 16 0.0021 0.6780 0.0245 0.2891 0.0026 0.0006 0.0022 0.0010 
         018 16 0.0379 0.0020 0.0403 0.8895 0.0035 0.0066 0.0013 0.0188 
         019 16 0.0490 0.8995 0.0080 0.0367 0.0035 0.0013 0.0014 0.0005 
         020 16 0.0002 0.0082 0.0038 0.9833 0.0005 0.0009 0.0022 0.0009 
         021 16 0.0546 0.0595 0.0173 0.7894 0.0018 0.0047 0.0722 0.0005 
         022 16 0.0356 0.0028 0.0022 0.9541 0.0002 0.0008 0.0002 0.0041 
