        001s  1 0.0007 0.0006 0.9987 
        002s  1 0.0010 0.0023 0.9966 
        003s  1 0.0031 0.0031 0.9937 
        004s  1 0.0054 0.0454 0.9492 
        005s  1 0.0020 0.4293 0.5687 
        006s  1 0.0007 0.0010 0.9983 
        007s  1 0.0052 0.0015 0.9933 
        008s  1 0.0013 0.0048 0.9939 
        009s  1 0.0107 0.0703 0.9190 
        010s  1 0.0006 0.0066 0.9928 
        011s  1 0.0038 0.0036 0.9926 
        012s  1 0.0022 0.1291 0.8687 
        013s  1 0.0120 0.0278 0.9601 
        014s  1 0.0143 0.0223 0.9634 
        015s  1 0.0008 0.0007 0.9985 
        016s  1 0.0118 0.0018 0.9865 
        018s  1 0.0014 0.1375 0.8612 
        019s  1 0.0020 0.0050 0.9931 
        020s  1 0.0120 0.0005 0.9875 
        021s  1 0.0083 0.0015 0.9902 
        022s  1 0.0011 0.0004 0.9985 
        023s  1 0.0156 0.0005 0.9839 
        024s  1 0.0010 0.0020 0.9970 
        025s  1 0.0020 0.0108 0.9873 
        026s  1 0.0142 0.0013 0.9845 
        027s  1 0.0033 0.0117 0.9850 
        028s  1 0.0013 0.1101 0.8886 
        029s  1 0.0011 0.0010 0.9979 
        030s  1 0.0012 0.0042 0.9946 
        031s  1 0.0016 0.0004 0.9980 
        032s  1 0.0011 0.0011 0.9978 
        033s  1 0.0018 0.0057 0.9926 
        034s  1 0.0590 0.0024 0.9386 
        035s  1 0.0015 0.0035 0.9950 
        036s  1 0.0021 0.0769 0.9210 
        037s  1 0.0613 0.1195 0.8192 
        038s  1 0.0014 0.0020 0.9966 
        039s  1 0.0006 0.0051 0.9944 
        040s  1 0.0048 0.0032 0.9919 
        041s  1 0.0051 0.0020 0.9929 
        042s  1 0.0971 0.0374 0.8655 
        043s  1 0.0006 0.0207 0.9786 
        044s  1 0.0149 0.1108 0.8743 
        045s  1 0.0014 0.0056 0.9931 
        046s  1 0.0010 0.0014 0.9976 
        047s  1 0.0069 0.0006 0.9925 
        048s  1 0.0014 0.0066 0.9920 
        049s  1 0.0007 0.0011 0.9983 
        050s  1 0.0008 0.0989 0.9002 
        051s  1 0.0021 0.0008 0.9971 
        052s  1 0.0025 0.0294 0.9681 
        053s  1 0.0009 0.0015 0.9976 
        054s  1 0.0013 0.0010 0.9977 
        055s  1 0.0839 0.0790 0.8371 
          01  2 0.0076 0.1177 0.8748 
          02  2 0.0010 0.0234 0.9756 
          03  2 0.0020 0.0021 0.9959 
          04  2 0.0148 0.0282 0.9570 
          05  2 0.0008 0.0962 0.9030 
          06  2 0.0012 0.0359 0.9629 
          07  2 0.0012 0.0192 0.9796 
          08  2 0.0013 0.0504 0.9483 
          09  2 0.0005 0.0007 0.9988 
          10  2 0.0007 0.0016 0.9978 
          11  2 0.0052 0.0056 0.9892 
          12  2 0.0009 0.0011 0.9980 
          13  2 0.0008 0.0008 0.9984 
          14  2 0.0251 0.0017 0.9732 
          15  2 0.0019 0.0008 0.9973 
          16  2 0.0064 0.0404 0.9532 
          17  2 0.0017 0.0032 0.9952 
          18  2 0.0015 0.0333 0.9652 
          19  2 0.0065 0.0010 0.9924 
          20  2 0.0112 0.0709 0.9179 
          21  2 0.0011 0.0012 0.9977 
          22  2 0.0087 0.0064 0.9849 
          23  2 0.0030 0.0031 0.9938 
          24  2 0.0010 0.0009 0.9981 
          25  2 0.0015 0.0416 0.9570 
          26  2 0.0004 0.0012 0.9984 
          27  2 0.0051 0.0146 0.9803 
          28  2 0.0066 0.0008 0.9925 
          29  2 0.0005 0.0014 0.9981 
          30  2 0.1019 0.1240 0.7741 
          01  3 0.0218 0.6290 0.3492 
          02  3 0.0128 0.7967 0.1906 
          03  3 0.0036 0.6156 0.3808 
          04  3 0.0025 0.7929 0.2046 
          05  3 0.1525 0.7742 0.0733 
          06  3 0.0016 0.9099 0.0886 
          07  3 0.0006 0.6008 0.3986 
          08  3 0.0247 0.6769 0.2984 
          09  3 0.0165 0.6617 0.3219 
          10  3 0.1374 0.6155 0.2471 
          11  3 0.0005 0.6971 0.3024 
          12  3 0.0011 0.7080 0.2909 
          13  3 0.0008 0.9790 0.0202 
          14  3 0.1708 0.7921 0.0370 
          15  3 0.0055 0.6362 0.3584 
          16  3 0.0023 0.9173 0.0804 
          17  3 0.0019 0.5631 0.4350 
          18  3 0.2910 0.5326 0.1764 
          19  3 0.0094 0.8258 0.1648 
          20  3 0.0748 0.7411 0.1841 
          21  3 0.0126 0.7391 0.2484 
          22  3 0.0158 0.6797 0.3045 
          23  3 0.0030 0.7517 0.2453 
          24  3 0.0177 0.7512 0.2311 
          25  3 0.1898 0.6485 0.1617 
          26  3 0.0012 0.7546 0.2442 
          27  3 0.1786 0.6218 0.1997 
          28  3 0.0003 0.9023 0.0974 
          29  3 0.0250 0.8001 0.1749 
          30  3 0.0006 0.6729 0.3264 
         001  4 0.1079 0.8909 0.0012 
         002  4 0.0676 0.8572 0.0752 
         003  4 0.0846 0.8712 0.0442 
         004  4 0.0663 0.9329 0.0007 
         005  4 0.1227 0.8746 0.0027 
         006  4 0.0398 0.8840 0.0762 
         007  4 0.0812 0.8199 0.0989 
         008  4 0.1264 0.8213 0.0523 
         009  4 0.0965 0.9020 0.0014 
         010  4 0.0007 0.9986 0.0006 
         011  4 0.1511 0.8328 0.0161 
         012  4 0.1130 0.8608 0.0262 
         013  4 0.0207 0.9566 0.0227 
         014  4 0.0884 0.8746 0.0369 
         015  4 0.0023 0.9965 0.0011 
         016  4 0.0627 0.9356 0.0017 
         017  4 0.0031 0.9036 0.0933 
         019  4 0.1014 0.8938 0.0048 
         020  4 0.0860 0.8332 0.0808 
         021  4 0.1053 0.8847 0.0100 
         001  5 0.1162 0.8500 0.0338 
         002  5 0.0987 0.7777 0.1236 
         003  5 0.0893 0.6918 0.2189 
         004  5 0.0981 0.7658 0.1362 
         005  5 0.0988 0.8593 0.0419 
         006  5 0.0059 0.8912 0.1028 
         007  5 0.0789 0.9123 0.0088 
         008  5 0.0514 0.9240 0.0245 
         009  5 0.0748 0.7652 0.1600 
         010  5 0.0993 0.8530 0.0478 
         011  5 0.1397 0.8411 0.0192 
         012  5 0.0743 0.8204 0.1054 
         013  5 0.0325 0.6778 0.2897 
         014  5 0.1043 0.6580 0.2377 
         015  5 0.0610 0.9305 0.0085 
         016  5 0.0282 0.8705 0.1013 
         017  5 0.0057 0.8096 0.1846 
         018  5 0.0922 0.7611 0.1467 
         019  5 0.0881 0.8509 0.0610 
         020  5 0.1092 0.8685 0.0223 
         021  5 0.0983 0.6696 0.2322 
         022  5 0.1282 0.7530 0.1188 
         023  5 0.0733 0.9198 0.0069 
         024  5 0.0322 0.7699 0.1978 
         025  5 0.0302 0.8107 0.1591 
         026  5 0.0216 0.7089 0.2694 
         027  5 0.0645 0.9057 0.0298 
         028  5 0.0899 0.8128 0.0972 
         029  5 0.0136 0.8762 0.1102 
         030  5 0.0917 0.8219 0.0864 
        001s  6 0.0251 0.0199 0.9549 
        002s  6 0.0015 0.0199 0.9786 
        003s  6 0.0035 0.0057 0.9908 
        004s  6 0.0010 0.0006 0.9983 
        006s  6 0.0224 0.0836 0.8940 
        007s  6 0.0008 0.0017 0.9975 
        008s  6 0.0081 0.0022 0.9898 
        009s  6 0.0014 0.0006 0.9981 
        010s  6 0.0236 0.0272 0.9492 
        011s  6 0.0022 0.0021 0.9957 
        012s  6 0.0023 0.0023 0.9955 
        013s  6 0.0006 0.0015 0.9979 
        014s  6 0.0005 0.0520 0.9475 
        015s  6 0.0088 0.0267 0.9645 
        016s  6 0.0014 0.0010 0.9976 
        018s  6 0.0095 0.2349 0.7556 
        019s  6 0.0030 0.0157 0.9813 
        020s  6 0.0007 0.0009 0.9985 
        021s  6 0.0053 0.0123 0.9823 
        022s  6 0.0061 0.0008 0.9930 
        023s  6 0.0011 0.0079 0.9910 
        024s  6 0.0017 0.0241 0.9741 
        025s  6 0.0711 0.0027 0.9262 
        026s  6 0.0007 0.0010 0.9983 
        027s  6 0.0007 0.0010 0.9983 
        028s  6 0.0099 0.0494 0.9407 
        029s  6 0.0017 0.0006 0.9977 
        030s  6 0.0190 0.0533 0.9277 
        031s  6 0.0006 0.0058 0.9936 
        032s  6 0.0010 0.0107 0.9882 
        033s  6 0.0014 0.0379 0.9607 
        034s  6 0.0180 0.0030 0.9790 
        035s  6 0.0041 0.1137 0.8822 
        036s  6 0.0019 0.0044 0.9937 
        037s  6 0.0026 0.0015 0.9958 
        038s  6 0.0012 0.0010 0.9978 
        039s  6 0.0009 0.0005 0.9986 
        040s  6 0.0006 0.0012 0.9982 
        041s  6 0.0107 0.0022 0.9870 
        042s  6 0.0609 0.0049 0.9342 
        043s  6 0.0094 0.0012 0.9895 
        044s  6 0.0011 0.0010 0.9979 
        045s  6 0.0039 0.0016 0.9944 
        001s  7 0.0016 0.0014 0.9970 
        002s  7 0.0029 0.0129 0.9842 
        003s  7 0.0018 0.0033 0.9949 
        004s  7 0.0009 0.0036 0.9955 
        005s  7 0.0033 0.0176 0.9791 
        006s  7 0.0112 0.0429 0.9459 
        007s  7 0.0033 0.0178 0.9789 
        008s  7 0.0020 0.0033 0.9947 
        009s  7 0.0154 0.0065 0.9781 
        010s  7 0.0026 0.0009 0.9965 
        011s  7 0.0012 0.0010 0.9978 
        012s  7 0.0008 0.0009 0.9983 
        013s  7 0.0067 0.0019 0.9914 
        014s  7 0.0005 0.0133 0.9862 
        015s  7 0.0021 0.0139 0.9839 
        016s  7 0.0114 0.0492 0.9394 
        017s  7 0.0010 0.0015 0.9976 
        018s  7 0.0009 0.0020 0.9970 
        019s  7 0.0179 0.0029 0.9792 
        020s  7 0.0007 0.0015 0.9978 
        021s  7 0.0015 0.0018 0.9967 
        022s  7 0.0012 0.0058 0.9930 
        023s  7 0.0288 0.0087 0.9625 
        024s  7 0.0010 0.0014 0.9977 
        025s  7 0.0013 0.0040 0.9946 
        026s  7 0.0015 0.0011 0.9974 
        027s  7 0.0008 0.0020 0.9971 
        028s  7 0.0009 0.0039 0.9951 
        029s  7 0.0037 0.0060 0.9904 
        030s  7 0.0063 0.0007 0.9930 
        031s  7 0.0172 0.0036 0.9792 
        032s  7 0.0006 0.0649 0.9345 
        033s  7 0.0033 0.0218 0.9749 
        034s  7 0.0009 0.0335 0.9657 
        035s  7 0.0017 0.0005 0.9978 
        036s  7 0.0126 0.0017 0.9858 
        037s  7 0.0071 0.0758 0.9171 
        038s  7 0.0024 0.0056 0.9920 
        039s  7 0.0005 0.0006 0.9989 
        040s  7 0.0008 0.0682 0.9309 
        041s  7 0.0027 0.0082 0.9890 
        042s  7 0.0004 0.0039 0.9956 
        043s  7 0.0047 0.0006 0.9947 
        044s  7 0.0335 0.0748 0.8917 
         003  8 0.0015 0.0064 0.9921 
         009  8 0.0017 0.0013 0.9970 
         010  8 0.0030 0.0004 0.9966 
         017  8 0.0056 0.0010 0.9933 
         002  9 0.0018 0.0007 0.9975 
         003  9 0.0007 0.0003 0.9990 
         004  9 0.0017 0.0005 0.9979 
         005  9 0.0065 0.0009 0.9926 
         006  9 0.0020 0.0014 0.9966 
         007  9 0.0021 0.0011 0.9968 
         009  9 0.0028 0.0008 0.9963 
         010  9 0.0025 0.0005 0.9970 
         013  9 0.0024 0.0015 0.9961 
         014  9 0.0029 0.0004 0.9966 
         016  9 0.0010 0.0003 0.9987 
         018  9 0.0024 0.0014 0.9962 
         019  9 0.0010 0.0011 0.9979 
         020  9 0.0005 0.0005 0.9990 
         021  9 0.0011 0.0005 0.9984 
         022  9 0.0009 0.0005 0.9986 
         024  9 0.0050 0.0008 0.9943 
         028  9 0.0022 0.0009 0.9969 
         029  9 0.0009 0.0005 0.9986 
         030  9 0.0016 0.0006 0.9979 
         031  9 0.0008 0.0012 0.9980 
         033  9 0.0017 0.0021 0.9962 
         001 10 0.0006 0.0006 0.9988 
         002 10 0.0011 0.0004 0.9985 
         003 10 0.0143 0.0006 0.9851 
         004 10 0.0033 0.0005 0.9962 
         005 10 0.0013 0.0006 0.9981 
         006 10 0.0011 0.0014 0.9975 
         007 10 0.0030 0.0007 0.9963 
         008 10 0.0060 0.0011 0.9929 
         009 10 0.0006 0.0015 0.9979 
         010 10 0.0012 0.0008 0.9980 
         011 10 0.0398 0.0010 0.9592 
         012 10 0.0042 0.0012 0.9946 
         013 10 0.0010 0.0009 0.9981 
         014 10 0.0015 0.0011 0.9975 
         016 10 0.0014 0.0011 0.9975 
         017 10 0.0014 0.0011 0.9975 
         018 10 0.0011 0.0032 0.9957 
         019 10 0.0018 0.0007 0.9975 
         020 10 0.0031 0.0016 0.9953 
         021 10 0.0006 0.0007 0.9987 
         022 10 0.0013 0.0007 0.9980 
         023 10 0.0013 0.0006 0.9981 
         024 10 0.0035 0.0004 0.9961 
         026 10 0.0009 0.0006 0.9985 
        001s 11 0.0352 0.0543 0.9105 
        002s 11 0.0026 0.0028 0.9946 
        003s 11 0.0008 0.0030 0.9962 
        004s 11 0.0024 0.0010 0.9966 
        005s 11 0.0007 0.0018 0.9975 
        006s 11 0.0036 0.0085 0.9879 
        007s 11 0.0013 0.0654 0.9333 
        008s 11 0.0005 0.0007 0.9987 
        009s 11 0.0008 0.0006 0.9986 
        010s 11 0.0013 0.0012 0.9975 
        011s 11 0.0197 0.1129 0.8674 
        012s 11 0.0006 0.0793 0.9201 
        013s 11 0.0015 0.0013 0.9972 
        014s 11 0.0014 0.0204 0.9781 
        015s 11 0.0060 0.0033 0.9907 
        016s 11 0.0675 0.0059 0.9266 
        017s 11 0.0043 0.0605 0.9352 
        018s 11 0.0015 0.0056 0.9929 
        019s 11 0.0214 0.0014 0.9773 
        020s 11 0.0019 0.0022 0.9959 
        021s 11 0.0020 0.0008 0.9973 
        022s 11 0.0008 0.0206 0.9785 
        023s 11 0.0384 0.0058 0.9558 
        025s 11 0.0014 0.0006 0.9980 
        026s 11 0.0607 0.0097 0.9296 
        027s 11 0.0009 0.0024 0.9967 
        028s 11 0.0016 0.0057 0.9927 
        029s 11 0.0006 0.0169 0.9825 
        030s 11 0.0023 0.0316 0.9660 
        031s 11 0.0005 0.0008 0.9987 
        032s 11 0.0042 0.0009 0.9950 
        033s 11 0.0015 0.0027 0.9959 
        034s 11 0.0007 0.0032 0.9961 
        035s 11 0.0005 0.0052 0.9943 
        036s 11 0.0007 0.0182 0.9812 
        037s 11 0.0023 0.0011 0.9965 
        038s 11 0.0012 0.0025 0.9963 
        039s 11 0.0015 0.0009 0.9976 
        040s 11 0.0009 0.0817 0.9174 
        041s 11 0.0053 0.0017 0.9930 
        042s 11 0.0124 0.0018 0.9858 
        043s 11 0.0305 0.0149 0.9546 
        044s 11 0.0057 0.0019 0.9924 
        045s 11 0.0121 0.0012 0.9867 
        046s 11 0.0349 0.0140 0.9511 
        047s 11 0.0019 0.0017 0.9964 
        048s 11 0.0394 0.0064 0.9542 
        049s 11 0.0025 0.0010 0.9965 
        050s 11 0.0017 0.0008 0.9976 
        051s 11 0.0536 0.0031 0.9433 
        052s 11 0.0030 0.0062 0.9908 
        053s 11 0.0013 0.0006 0.9981 
        054s 11 0.0011 0.0054 0.9934 
        055s 11 0.0005 0.0551 0.9444 
        001s 12 0.0014 0.0067 0.9919 
        002s 12 0.0016 0.0011 0.9973 
        003s 12 0.0005 0.0007 0.9988 
        004s 12 0.0169 0.0096 0.9735 
        005s 12 0.0010 0.0009 0.9982 
        006s 12 0.0020 0.0374 0.9607 
        007s 12 0.0028 0.0022 0.9950 
        008s 12 0.0009 0.0123 0.9868 
        009s 12 0.0078 0.0175 0.9747 
        010s 12 0.0007 0.0605 0.9388 
        011s 12 0.0011 0.0038 0.9950 
        012s 12 0.0047 0.0059 0.9895 
        013s 12 0.0416 0.0008 0.9576 
        014s 12 0.0445 0.0479 0.9076 
        015s 12 0.0015 0.0031 0.9954 
        016s 12 0.0058 0.0010 0.9932 
        017s 12 0.0015 0.0033 0.9952 
        018s 12 0.0021 0.0010 0.9969 
        019s 12 0.0007 0.0023 0.9969 
        020s 12 0.0016 0.0523 0.9461 
        021s 12 0.0035 0.0016 0.9949 
        022s 12 0.0088 0.0296 0.9616 
        023s 12 0.0017 0.0006 0.9977 
        024s 12 0.0009 0.0007 0.9984 
        025s 12 0.0015 0.0088 0.9897 
        026s 12 0.0021 0.0087 0.9892 
        027s 12 0.0007 0.0039 0.9955 
        028s 12 0.0050 0.0014 0.9936 
        029s 12 0.0017 0.0008 0.9974 
        030s 12 0.0009 0.0020 0.9971 
        031s 12 0.0036 0.0040 0.9924 
        032s 12 0.0014 0.0007 0.9979 
        033s 12 0.0007 0.0076 0.9917 
        034s 12 0.0006 0.0007 0.9987 
        035s 12 0.0007 0.0096 0.9898 
        036s 12 0.0014 0.0195 0.9791 
        037s 12 0.0016 0.0010 0.9974 
        001s 13 0.0036 0.0041 0.9923 
        002s 13 0.0012 0.0681 0.9306 
        003s 13 0.0017 0.0009 0.9974 
        004s 13 0.0051 0.0008 0.9941 
        005s 13 0.0034 0.0113 0.9853 
        006s 13 0.0008 0.0021 0.9971 
        007s 13 0.0020 0.0201 0.9780 
        008s 13 0.0011 0.0455 0.9534 
        009s 13 0.0018 0.1181 0.8801 
        010s 13 0.0020 0.0510 0.9470 
        011s 13 0.0035 0.0467 0.9498 
        012s 13 0.0296 0.0507 0.9198 
        013s 13 0.0092 0.0511 0.9397 
        014s 13 0.0064 0.0177 0.9759 
        015s 13 0.0128 0.0031 0.9840 
        016s 13 0.0016 0.0006 0.9978 
        017s 13 0.0009 0.0546 0.9445 
        018s 13 0.0011 0.0007 0.9982 
        019s 13 0.0016 0.0016 0.9969 
        020s 13 0.0006 0.0091 0.9903 
        021s 13 0.0024 0.0007 0.9968 
        022s 13 0.0012 0.0018 0.9970 
        023s 13 0.0006 0.0012 0.9982 
        024s 13 0.0456 0.0250 0.9294 
        025s 13 0.0037 0.0013 0.9950 
        026s 13 0.0138 0.1042 0.8820 
        027s 13 0.0032 0.0390 0.9577 
        028s 13 0.0040 0.0383 0.9577 
        029s 13 0.0024 0.0142 0.9834 
        030s 13 0.0476 0.0200 0.9324 
        031s 13 0.1026 0.0059 0.8915 
        032s 13 0.0006 0.0020 0.9974 
        033s 13 0.0012 0.0532 0.9457 
        034s 13 0.0012 0.0566 0.9421 
        035s 13 0.0053 0.0010 0.9937 
        036s 13 0.0006 0.0020 0.9974 
        037s 13 0.0028 0.0008 0.9964 
        038s 13 0.0013 0.0031 0.9956 
        039s 13 0.0874 0.0823 0.8302 
        040s 13 0.0018 0.0020 0.9962 
        041s 13 0.0031 0.0665 0.9304 
        042s 13 0.0014 0.0012 0.9974 
        001s 14 0.0014 0.0130 0.9856 
        002s 14 0.0026 0.0655 0.9319 
        003s 14 0.0012 0.0012 0.9976 
        004s 14 0.0053 0.0272 0.9674 
        005s 14 0.0010 0.0003 0.9987 
        006s 14 0.0005 0.0008 0.9987 
        007s 14 0.0020 0.0016 0.9964 
        008s 14 0.0051 0.0887 0.9062 
        009s 14 0.0018 0.0021 0.9961 
        010s 14 0.0029 0.0126 0.9846 
        011s 14 0.0013 0.0620 0.9367 
        012s 14 0.0020 0.0020 0.9960 
        013s 14 0.0076 0.0033 0.9891 
        014s 14 0.0015 0.0117 0.9868 
        015s 14 0.0038 0.0010 0.9952 
        016s 14 0.0164 0.0008 0.9828 
        017s 14 0.0012 0.0781 0.9207 
        018s 14 0.0019 0.0008 0.9972 
        019s 14 0.0010 0.0035 0.9955 
        020s 14 0.0018 0.0009 0.9974 
        021s 14 0.0008 0.0016 0.9976 
        022s 14 0.0022 0.0107 0.9871 
        023s 14 0.0050 0.0034 0.9916 
        024s 14 0.0028 0.0488 0.9484 
        025s 14 0.0007 0.0061 0.9931 
        026s 14 0.0013 0.0006 0.9981 
        027s 14 0.0051 0.0016 0.9932 
        028s 14 0.0013 0.0021 0.9966 
        029s 14 0.0017 0.0004 0.9980 
        030s 14 0.0007 0.0067 0.9926 
        031s 14 0.0021 0.0038 0.9941 
        032s 14 0.0034 0.0020 0.9946 
        033s 14 0.0009 0.0310 0.9681 
        034s 14 0.0010 0.0005 0.9985 
        035s 14 0.0010 0.1612 0.8378 
        036s 14 0.0117 0.1102 0.8781 
        037s 14 0.0052 0.0009 0.9939 
        038s 14 0.0006 0.0011 0.9983 
        039s 14 0.0078 0.0044 0.9879 
        040s 14 0.0018 0.0045 0.9937 
        041s 14 0.0008 0.0017 0.9975 
        042s 14 0.0036 0.0326 0.9637 
        001s 15 0.0022 0.0012 0.9966 
        002s 15 0.0288 0.0892 0.8820 
        003s 15 0.0136 0.0050 0.9814 
        004s 15 0.0004 0.0008 0.9988 
        005s 15 0.0081 0.0178 0.9741 
        006s 15 0.0018 0.0110 0.9872 
        007s 15 0.0007 0.0006 0.9987 
        008s 15 0.0008 0.0008 0.9984 
        009s 15 0.0417 0.0430 0.9153 
        010s 15 0.0020 0.0010 0.9970 
        011s 15 0.0015 0.0631 0.9353 
        012s 15 0.0032 0.0061 0.9907 
        013s 15 0.0020 0.0009 0.9972 
        014s 15 0.0091 0.0024 0.9885 
        015s 15 0.0154 0.0823 0.9023 
        016s 15 0.0005 0.0916 0.9079 
        017s 15 0.0038 0.0017 0.9945 
        018s 15 0.0010 0.0010 0.9980 
        019s 15 0.0073 0.0031 0.9896 
        020s 15 0.0010 0.0010 0.9980 
        021s 15 0.0051 0.0627 0.9323 
        022s 15 0.0008 0.0023 0.9969 
        023s 15 0.0014 0.0380 0.9606 
        024s 15 0.0011 0.0031 0.9958 
        025s 15 0.0382 0.0075 0.9543 
        026s 15 0.0308 0.0014 0.9678 
        027s 15 0.0014 0.0173 0.9813 
        028s 15 0.0021 0.0013 0.9966 
        029s 15 0.0018 0.0014 0.9968 
        030s 15 0.0009 0.0006 0.9984 
        031s 15 0.0127 0.0564 0.9309 
        032s 15 0.0029 0.0004 0.9967 
        033s 15 0.0004 0.0511 0.9485 
        035s 15 0.0012 0.0077 0.9911 
        036s 15 0.0068 0.0018 0.9914 
        037s 15 0.0016 0.0061 0.9924 
        038s 15 0.0005 0.0042 0.9952 
        039s 15 0.0005 0.0383 0.9612 
        040s 15 0.0011 0.0078 0.9911 
        041s 15 0.0071 0.0809 0.9120 
        042s 15 0.0013 0.0022 0.9965 
        043s 15 0.0029 0.0097 0.9874 
        044s 15 0.0012 0.0047 0.9941 
        045s 15 0.0798 0.0360 0.8842 
        046s 15 0.0021 0.0358 0.9621 
        047s 15 0.0009 0.0293 0.9697 
        048s 15 0.0215 0.0010 0.9776 
        049s 15 0.0009 0.0203 0.9788 
        050s 15 0.0101 0.1079 0.8820 
         001 16 0.0013 0.1867 0.8120 
         002 16 0.0012 0.0329 0.9659 
         003 16 0.0026 0.0150 0.9824 
         004 16 0.0019 0.0019 0.9962 
         005 16 0.0345 0.0623 0.9032 
         006 16 0.0203 0.0167 0.9630 
         007 16 0.0022 0.0030 0.9947 
         008 16 0.0014 0.1376 0.8611 
         009 16 0.0007 0.0011 0.9982 
         010 16 0.0019 0.0072 0.9909 
         011 16 0.0029 0.0091 0.9880 
         012 16 0.0016 0.0023 0.9960 
         013 16 0.0010 0.0010 0.9980 
         014 16 0.0005 0.0230 0.9765 
         015 16 0.3677 0.0015 0.6308 
         016 16 0.0202 0.0011 0.9787 
         017 16 0.0017 0.0253 0.9730 
         018 16 0.0439 0.0415 0.9146 
         019 16 0.0008 0.0735 0.9256 
         020 16 0.0011 0.0006 0.9983 
         021 16 0.0014 0.1285 0.8702 
         022 16 0.0051 0.0031 0.9918 
         023 16 0.0150 0.0093 0.9757 
         024 16 0.0334 0.0028 0.9637 
         025 16 0.0052 0.0765 0.9183 
         026 16 0.0046 0.1078 0.8876 
         027 16 0.0026 0.0031 0.9943 
         028 16 0.0004 0.1659 0.8337 
         029 16 0.0014 0.0441 0.9544 
         030 16 0.0006 0.0032 0.9962 
         031 16 0.0008 0.0020 0.9972 
         032 16 0.0103 0.0731 0.9166 
         033 16 0.0004 0.0010 0.9985 
         034 16 0.0021 0.0075 0.9905 
         035 16 0.0003 0.0005 0.9991 
         036 16 0.0028 0.0008 0.9964 
         037 16 0.0056 0.0576 0.9368 
         038 16 0.0103 0.0025 0.9871 
         039 16 0.0010 0.0010 0.9980 
         040 16 0.0029 0.0023 0.9948 
         041 16 0.0019 0.0015 0.9966 
         042 16 0.0011 0.0016 0.9973 
         043 16 0.0017 0.0012 0.9970 
         044 16 0.0022 0.0050 0.9929 
         045 16 0.0004 0.0139 0.9857 
         047 16 0.0017 0.0453 0.9530 
         048 16 0.0010 0.0068 0.9922 
         049 16 0.0046 0.0015 0.9939 
         050 16 0.0005 0.0010 0.9985 
         051 16 0.0010 0.0027 0.9964 
         052 16 0.0010 0.0004 0.9987 
         053 16 0.0010 0.0008 0.9983 
         054 16 0.0010 0.0514 0.9476 
         055 16 0.0005 0.0831 0.9164 
         056 16 0.0107 0.0010 0.9882 
         057 16 0.0003 0.0586 0.9411 
         058 16 0.0200 0.1060 0.8740 
         059 16 0.0964 0.1007 0.8029 
         060 16 0.0148 0.0026 0.9826 
         061 16 0.0029 0.0027 0.9945 
         062 16 0.0006 0.0045 0.9949 
         063 16 0.0011 0.0023 0.9966 
         064 16 0.0032 0.0008 0.9960 
         065 16 0.0041 0.0046 0.9913 
         066 16 0.0009 0.0006 0.9985 
         067 16 0.0764 0.0035 0.9201 
         068 16 0.0378 0.0054 0.9568 
         069 16 0.0007 0.0012 0.9981 
         070 16 0.0011 0.0043 0.9947 
         071 16 0.0007 0.1002 0.8991 
         072 16 0.0022 0.0045 0.9933 
         073 16 0.0006 0.0032 0.9962 
         074 16 0.0004 0.0007 0.9990 
         075 16 0.0010 0.0446 0.9544 
         076 16 0.0008 0.0014 0.9978 
         077 16 0.0647 0.0358 0.8995 
         078 16 0.0047 0.0059 0.9895 
         079 16 0.0020 0.0913 0.9067 
         080 16 0.0021 0.0012 0.9968 
         081 16 0.0007 0.0662 0.9331 
         082 16 0.0006 0.0409 0.9585 
         083 16 0.0024 0.0013 0.9963 
         084 16 0.0019 0.0043 0.9938 
         085 16 0.0145 0.0015 0.9840 
         086 16 0.0012 0.1177 0.8811 
         087 16 0.0005 0.0221 0.9774 
         088 16 0.0035 0.0008 0.9956 
         089 16 0.0015 0.0056 0.9929 
         090 16 0.0008 0.0039 0.9953 
         091 16 0.0010 0.0022 0.9968 
         092 16 0.0012 0.0152 0.9836 
         093 16 0.0007 0.0013 0.9981 
         094 16 0.0496 0.0037 0.9467 
         095 16 0.0007 0.0006 0.9987 
         096 16 0.0053 0.0186 0.9761 
         097 16 0.0052 0.1146 0.8801 
         098 16 0.0069 0.0015 0.9916 
         099 16 0.0090 0.0006 0.9903 
         100 16 0.0035 0.0011 0.9955 
         101 16 0.0089 0.0099 0.9811 
         102 16 0.0025 0.0033 0.9942 
         103 16 0.0033 0.0038 0.9929 
         104 16 0.0062 0.0024 0.9915 
         105 16 0.0141 0.1046 0.8814 
         106 16 0.0035 0.0015 0.9950 
         107 16 0.0112 0.0035 0.9854 
         108 16 0.1791 0.1087 0.7122 
         109 16 0.0008 0.0359 0.9633 
         110 16 0.0018 0.0005 0.9976 
         111 16 0.0025 0.0204 0.9771 
         112 16 0.0025 0.0133 0.9842 
         113 16 0.0011 0.0654 0.9335 
         114 16 0.0026 0.0042 0.9932 
         115 16 0.0012 0.0008 0.9980 
         116 16 0.0016 0.0073 0.9911 
         117 16 0.0011 0.0240 0.9749 
         118 16 0.0186 0.0024 0.9790 
         119 16 0.0017 0.0034 0.9949 
         120 16 0.0008 0.0029 0.9963 
         121 16 0.0352 0.0045 0.9603 
         122 16 0.0007 0.0007 0.9986 
         123 16 0.0008 0.0050 0.9942 
         124 16 0.0025 0.0075 0.9900 
         126 16 0.0081 0.1364 0.8556 
         001 17 0.0009 0.0023 0.9968 
         002 17 0.0008 0.0017 0.9975 
         003 17 0.0007 0.0010 0.9983 
         005 17 0.0006 0.0008 0.9986 
         006 17 0.0007 0.0538 0.9456 
         007 17 0.0471 0.1317 0.8213 
         008 17 0.0017 0.1246 0.8736 
         009 17 0.0006 0.0005 0.9990 
         010 17 0.0019 0.0015 0.9966 
         011 17 0.3910 0.1141 0.4949 
         012 17 0.0030 0.0020 0.9951 
         013 17 0.0005 0.0005 0.9991 
         014 17 0.0006 0.0007 0.9987 
         015 17 0.0006 0.0043 0.9951 
         016 17 0.0009 0.0014 0.9977 
         017 17 0.0020 0.0033 0.9948 
         018 17 0.0009 0.0307 0.9685 
         019 17 0.0012 0.0004 0.9983 
         020 17 0.0011 0.0017 0.9972 
         021 17 0.0012 0.0006 0.9982 
         022 17 0.0023 0.0586 0.9390 
         023 17 0.0010 0.0026 0.9964 
         024 17 0.0054 0.0820 0.9125 
         025 17 0.0005 0.0009 0.9986 
         002 18 0.0030 0.0008 0.9962 
         003 18 0.0017 0.0004 0.9979 
         004 18 0.0015 0.0200 0.9784 
         005 18 0.0386 0.0038 0.9576 
         006 18 0.0014 0.0006 0.9980 
         007 18 0.0006 0.0060 0.9934 
         008 18 0.0030 0.0008 0.9962 
         009 18 0.0039 0.0252 0.9709 
         010 18 0.0123 0.0012 0.9864 
         011 18 0.0030 0.0012 0.9958 
         012 18 0.0044 0.0063 0.9893 
         015 18 0.0023 0.0018 0.9960 
         016 18 0.0006 0.0091 0.9903 
         018 18 0.0087 0.0005 0.9909 
         026 18 0.0009 0.0028 0.9963 
         027 18 0.0022 0.0005 0.9973 
         028 18 0.0006 0.0020 0.9974 
         029 18 0.0009 0.0015 0.9975 
         031 18 0.0858 0.0771 0.8371 
         032 18 0.0005 0.0007 0.9988 
         033 18 0.0013 0.0010 0.9977 
         035 18 0.0011 0.0016 0.9973 
         036 18 0.0136 0.0011 0.9853 
         037 18 0.0174 0.0089 0.9736 
         038 18 0.0061 0.0312 0.9627 
         039 18 0.0017 0.0005 0.9978 
         044 18 0.0010 0.1315 0.8675 
         046 18 0.0392 0.0014 0.9593 
         049 18 0.0006 0.0010 0.9984 
         053 18 0.0011 0.0030 0.9960 
         054 18 0.0015 0.0096 0.9890 
         056 18 0.0061 0.0075 0.9864 
         057 18 0.0048 0.0011 0.9941 
         058 18 0.0062 0.0014 0.9925 
        001s 19 0.0016 0.0584 0.9400 
        002s 19 0.0017 0.0032 0.9951 
        003s 19 0.0009 0.0047 0.9944 
        004s 19 0.0344 0.0031 0.9625 
        005s 19 0.0750 0.0538 0.8711 
        006s 19 0.0023 0.0030 0.9947 
        007s 19 0.0175 0.0256 0.9569 
        008s 19 0.0195 0.0419 0.9386 
        009s 19 0.0035 0.0021 0.9944 
        010s 19 0.0010 0.0090 0.9901 
        011s 19 0.0016 0.0016 0.9967 
        012s 19 0.0008 0.0054 0.9938 
        013s 19 0.0008 0.0202 0.9790 
        014s 19 0.0237 0.0773 0.8990 
        015s 19 0.0006 0.0028 0.9965 
        016s 19 0.0521 0.0033 0.9447 
        017s 19 0.0086 0.0296 0.9618 
        018s 19 0.0043 0.0024 0.9934 
        019s 19 0.0050 0.0862 0.9088 
        020s 19 0.0013 0.0784 0.9203 
        021s 19 0.0007 0.0075 0.9919 
        022s 19 0.0009 0.0124 0.9867 
        023s 19 0.0037 0.0030 0.9934 
        024s 19 0.0035 0.0007 0.9957 
        025s 19 0.0070 0.0881 0.9049 
        026s 19 0.0070 0.0142 0.9788 
        027s 19 0.0013 0.0035 0.9952 
        028s 19 0.0006 0.0084 0.9910 
        029s 19 0.0009 0.0006 0.9985 
        030s 19 0.0013 0.0046 0.9941 
        031s 19 0.0011 0.0040 0.9949 
        032s 19 0.0006 0.0016 0.9978 
        033s 19 0.0062 0.0008 0.9930 
        034s 19 0.0019 0.0016 0.9965 
        035s 19 0.0097 0.0141 0.9762 
        036s 19 0.0024 0.0010 0.9966 
        037s 19 0.0005 0.0007 0.9989 
        038s 19 0.0027 0.0034 0.9939 
        039s 19 0.0005 0.0011 0.9984 
        040s 19 0.0006 0.0093 0.9901 
        041s 19 0.0008 0.0007 0.9985 
        042s 19 0.0227 0.0038 0.9735 
        043s 19 0.0007 0.0450 0.9543 
        044s 19 0.0023 0.0005 0.9972 
        045s 19 0.0021 0.0006 0.9973 
        046s 19 0.0078 0.0029 0.9893 
        047s 19 0.0006 0.0058 0.9937 
        048s 19 0.0014 0.1000 0.8986 
        049s 19 0.0087 0.0268 0.9645 
        050s 19 0.0010 0.0008 0.9982 
        051s 19 0.0121 0.0664 0.9215 
        052s 19 0.0011 0.0017 0.9972 
      LIW2-4 20 0.0031 0.0021 0.9948 
     LIW2-12 21 0.0822 0.0009 0.9169 
     LIW2-20 22 0.0018 0.0020 0.9962 
     LIW2-28 23 0.0777 0.0264 0.8959 
      LIW1-5 24 0.0044 0.0015 0.9941 
     LIW1-13 25 0.0182 0.0743 0.9075 
     LIW1-21 26 0.0415 0.0031 0.9554 
     LIW1-29 27 0.0194 0.0236 0.9570 
      LIW2-5 28 0.0040 0.0012 0.9948 
     LIW2-34 29 0.0053 0.0007 0.9939 
     LIW2-21 30 0.0305 0.0872 0.8824 
     LIW2-29 31 0.0041 0.1820 0.8139 
      LIW1-6 32 0.0045 0.0010 0.9944 
     LIW1-14 33 0.0016 0.0511 0.9472 
     LIW1-22 34 0.0131 0.0011 0.9858 
     LIW1-30 35 0.0050 0.0013 0.9937 
      LIW2-6 36 0.0277 0.0155 0.9568 
     LIW2-14 37 0.0084 0.0014 0.9902 
     LIW2-22 38 0.0936 0.0278 0.8786 
     LIW2-30 39 0.0132 0.0010 0.9858 
      LIW1-7 40 0.0639 0.0173 0.9188 
     LIW1-15 41 0.0167 0.0007 0.9826 
     LIW1-23 42 0.0091 0.0060 0.9849 
     LIW1-31 43 0.0077 0.0045 0.9878 
      LIW2-7 44 0.0018 0.0822 0.9160 
     LIW2-15 45 0.0131 0.0010 0.9859 
     LIW2-23 46 0.0874 0.0023 0.9103 
      LIW1-8 47 0.0037 0.0011 0.9952 
     LIW1-16 48 0.0026 0.0010 0.9964 
      LIW2-8 49 0.0035 0.0008 0.9957 
     LIW2-16 50 0.0384 0.3152 0.6464 
     LIW2-24 51 0.0155 0.1882 0.7963 
     LIW2-32 52 0.0539 0.0135 0.9325 
     LIW1-47 53 0.0168 0.0123 0.9709 
      UMFS-1 54 0.0695 0.0367 0.8939 
     UMFS-19 55 0.1148 0.1142 0.7710 
     UMFS-31 56 0.0771 0.0008 0.9221 
      UMFS-2 57 0.0328 0.0010 0.9662 
     UMFS-10 58 0.0934 0.0048 0.9018 
     UMFS-20 59 0.0550 0.0442 0.9008 
     UMFS-32 60 0.0891 0.0682 0.8426 
      UMFS-3 61 0.1273 0.0744 0.7984 
     UMFS-11 62 0.0085 0.4075 0.5840 
     UMFS-21 63 0.1062 0.0560 0.8377 
     UMFS-33 64 0.0774 0.0176 0.9049 
      UMFS-4 65 0.1018 0.0092 0.8890 
     UMFS-22 66 0.0908 0.0146 0.8947 
     UMFS-34 67 0.1168 0.0520 0.8312 
      UMFS-5 68 0.0905 0.0050 0.9045 
     UMFS-13 69 0.1246 0.0451 0.8304 
     UMFS-23 70 0.0822 0.0187 0.8991 
     UMFS-35 71 0.1093 0.0183 0.8724 
      UMFS-6 72 0.1247 0.0140 0.8613 
     UMFS-14 73 0.0786 0.0102 0.9112 
     UMFS-24 74 0.0287 0.0345 0.9368 
     UMFS-36 75 0.0906 0.0704 0.8389 
      UMFS-7 76 0.1150 0.5627 0.3223 
     UMFS-15 77 0.0948 0.0706 0.8346 
     UMFS-25 78 0.0659 0.0794 0.8547 
     UMFS-37 79 0.0677 0.0797 0.8526 
      UMFS-8 80 0.0913 0.0245 0.8841 
     UMFS-16 81 0.0974 0.0691 0.8335 
     UMFS-26 82 0.1736 0.0521 0.7743 
     UMFS-38 83 0.0496 0.0071 0.9433 
      NEH1-2 84 0.9789 0.0194 0.0016 
     NEH1-11 85 0.9639 0.0341 0.0019 
     NEH1-20 86 0.8820 0.0012 0.1168 
     NEH1-29 87 0.9985 0.0004 0.0011 
      NEH2-2 88 0.9993 0.0002 0.0004 
     NEH2-10 89 0.9919 0.0006 0.0074 
     NEH2-18 90 0.9992 0.0005 0.0002 
     NEH2-26 91 0.9977 0.0009 0.0013 
      NEH1-3 92 0.8451 0.0010 0.1539 
     NEH1-12 93 0.9503 0.0491 0.0005 
     NEH1-21 94 0.9306 0.0029 0.0665 
     NEH1-30 95 0.9166 0.0129 0.0705 
      NEH2-3 96 0.9996 0.0002 0.0002 
     NEH2-11 97 0.9956 0.0037 0.0007 
     NEH2-19 98 0.9948 0.0015 0.0037 
     NEH2-27 99 0.9997 0.0001 0.0001 
      NEH1-4 100 0.9995 0.0003 0.0002 
     NEH1-13 101 0.7702 0.0021 0.2277 
     NEH1-22 102 0.8016 0.0005 0.1979 
     NEH1-31 103 0.9987 0.0005 0.0008 
      NEH2-4 104 0.9940 0.0013 0.0046 
     NEH2-12 105 0.9544 0.0447 0.0009 
     NEH2-20 106 0.8080 0.0005 0.1915 
     NEH2-28 107 0.9946 0.0036 0.0018 
      NEH1-5 108 0.8639 0.0034 0.1327 
     NEH1-14 109 0.7684 0.0709 0.1607 
     NEH1-23 110 0.7725 0.0004 0.2271 
     NEH1-32 111 0.9969 0.0017 0.0014 
      NEH2-5 112 0.9996 0.0002 0.0003 
     NEH2-13 113 0.9910 0.0068 0.0022 
     NEH2-22 114 0.9987 0.0006 0.0007 
     NEH2-29 115 0.9628 0.0007 0.0365 
      NEH1-6 116 0.9995 0.0003 0.0002 
     NEH1-15 117 0.9535 0.0445 0.0020 
     NEH1-24 118 0.9956 0.0032 0.0012 
     NEH1-33 119 0.8770 0.0008 0.1223 
      NEH2-6 120 0.9829 0.0006 0.0165 
     NEH2-14 121 0.9926 0.0019 0.0055 
     NEH2-21 122 0.9539 0.0004 0.0457 
     NEH2-30 123 0.9994 0.0002 0.0003 
      NEH1-7 124 0.8486 0.0795 0.0719 
     NEH1-16 125 0.9992 0.0004 0.0004 
     NEH1-25 126 0.8768 0.0011 0.1221 
     NEH1-34 127 0.9344 0.0089 0.0567 
      NEH2-7 128 0.9961 0.0013 0.0026 
     NEH2-15 129 0.9997 0.0001 0.0001 
     NEH2-23 130 0.9465 0.0351 0.0184 
     NEH2-31 131 0.9996 0.0002 0.0003 
      NEH1-8 132 0.8363 0.0620 0.1017 
     NEH1-17 133 0.9020 0.0959 0.0021 
     NEH1-26 134 0.8508 0.0010 0.1482 
     NEH1-35 135 0.8133 0.0046 0.1821 
      NEH2-8 136 0.9997 0.0001 0.0002 
     NEH2-16 137 0.9987 0.0004 0.0008 
     NEH2-24 138 0.9996 0.0002 0.0002 
     NEH2-32 139 0.9425 0.0568 0.0007 
      NEH1-1 140 0.9214 0.0773 0.0013 
     NEH1-10 141 0.9992 0.0004 0.0003 
     NEH1-19 142 0.8795 0.0020 0.1185 
     NEH1-28 143 0.9570 0.0420 0.0010 
      NEH2-1 144 0.9951 0.0019 0.0030 
      NEH2-9 145 0.9991 0.0003 0.0007 
     NEH2-17 146 0.9640 0.0302 0.0058 
     NEH2-25 147 0.9983 0.0013 0.0004 
      LIW1-1 148 0.1117 0.0961 0.7923 
      LIW1-9 149 0.0711 0.1524 0.7765 
     LIW1-17 150 0.0510 0.0007 0.9483 
     LIW1-25 151 0.0034 0.0006 0.9960 
      LIW2-9 152 0.0030 0.0629 0.9341 
     LIW2-17 153 0.0044 0.0024 0.9932 
     LIW2-25 154 0.0045 0.0015 0.9940 
      LIW1-2 155 0.0181 0.0012 0.9808 
     LIW1-10 156 0.0056 0.0049 0.9894 
     LIW1-18 157 0.0092 0.0036 0.9872 
     LIW1-26 158 0.0241 0.0011 0.9749 
      LIW2-2 159 0.0056 0.0007 0.9937 
     LIW2-10 160 0.0020 0.0021 0.9958 
     LIW2-18 161 0.0660 0.0277 0.9064 
     LIW2-26 162 0.0043 0.0014 0.9943 
      LIW1-3 163 0.0401 0.0051 0.9548 
     LIW1-11 164 0.0090 0.0107 0.9803 
     LIW1-19 165 0.0706 0.0407 0.8887 
     LIW1-27 166 0.0009 0.0078 0.9913 
      LIW2-3 167 0.0039 0.0163 0.9798 
     LIW2-11 168 0.0012 0.0007 0.9982 
     LIW2-19 169 0.0356 0.0022 0.9622 
     LIW2-27 170 0.0194 0.0005 0.9801 
      LIW1-4 171 0.0070 0.0013 0.9917 
     LIW1-12 172 0.0083 0.0235 0.9682 
     LIW1-20 173 0.0018 0.0038 0.9944 
     LIW1-28 174 0.0170 0.0036 0.9794 
        001s 175 0.0024 0.0040 0.9936 
        002s 175 0.0024 0.0672 0.9304 
        003s 175 0.0013 0.0008 0.9979 
        004s 175 0.0024 0.0346 0.9630 
        005s 175 0.0024 0.0021 0.9956 
        006s 175 0.0018 0.1564 0.8418 
        007s 175 0.0012 0.0007 0.9981 
        008s 175 0.0010 0.0031 0.9959 
        009s 175 0.0020 0.1105 0.8875 
        010s 175 0.0017 0.0015 0.9968 
        011s 175 0.0016 0.0040 0.9944 
        012s 175 0.0005 0.0010 0.9985 
        013s 175 0.0003 0.0043 0.9954 
        014s 175 0.0006 0.0796 0.9198 
        015s 175 0.0026 0.0019 0.9954 
        016s 175 0.0004 0.0156 0.9839 
        017s 175 0.0079 0.0118 0.9803 
        018s 175 0.0018 0.0064 0.9918 
        019s 175 0.0114 0.0016 0.9870 
        020s 175 0.0015 0.0022 0.9963 
        021s 175 0.0035 0.0015 0.9950 
        022s 175 0.0053 0.0128 0.9818 
        023s 175 0.0063 0.0063 0.9874 
        024s 175 0.0009 0.0335 0.9656 
        025s 175 0.0010 0.0546 0.9443 
        026s 175 0.0023 0.0043 0.9933 
        027s 175 0.0024 0.0024 0.9952 
        028s 175 0.0627 0.0013 0.9360 
        029s 175 0.0007 0.0010 0.9983 
        030s 175 0.0031 0.0948 0.9021 
        031s 175 0.0005 0.0026 0.9969 
        032s 175 0.0285 0.0015 0.9700 
        033s 175 0.0013 0.0209 0.9778 
        034s 175 0.0005 0.0053 0.9942 
        035s 175 0.0007 0.0085 0.9908 
        036s 175 0.0007 0.0011 0.9982 
        037s 175 0.0153 0.0015 0.9832 
        038s 175 0.0013 0.0104 0.9883 
        039s 175 0.0046 0.0021 0.9934 
        040s 175 0.0032 0.0013 0.9955 
        041s 175 0.0010 0.0038 0.9952 
        042s 175 0.0019 0.0024 0.9957 
        043s 175 0.0064 0.0053 0.9884 
        044s 175 0.0024 0.0011 0.9965 
        045s 175 0.0009 0.0676 0.9315 
        046s 175 0.0028 0.0020 0.9952 
        047s 175 0.0115 0.0010 0.9874 
        048s 175 0.0006 0.0064 0.9930 
        049s 175 0.0010 0.0255 0.9735 
        050s 175 0.0987 0.0389 0.8624 
        001s 176 0.0009 0.0829 0.9162 
        002s 176 0.0035 0.0166 0.9799 
        003s 176 0.0017 0.0020 0.9963 
        004s 176 0.0029 0.0025 0.9946 
        005s 176 0.0270 0.0007 0.9723 
        006s 176 0.0011 0.0013 0.9976 
        007s 176 0.0017 0.0710 0.9273 
        008s 176 0.0004 0.0008 0.9988 
        009s 176 0.0129 0.0008 0.9863 
        010s 176 0.0008 0.0012 0.9980 
        011s 176 0.0055 0.0007 0.9937 
        012s 176 0.0019 0.0634 0.9347 
        013s 176 0.0039 0.0185 0.9776 
        014s 176 0.0009 0.0043 0.9948 
        015s 176 0.0027 0.0014 0.9960 
        016s 176 0.0016 0.0010 0.9973 
        017s 176 0.0006 0.0004 0.9990 
        018s 176 0.0138 0.0008 0.9854 
        019s 176 0.0006 0.0554 0.9439 
        020s 176 0.0021 0.0021 0.9958 
        021s 176 0.0018 0.0049 0.9933 
        022s 176 0.0012 0.0021 0.9967 
        023s 176 0.0005 0.0013 0.9982 
        024s 176 0.0012 0.0498 0.9490 
        025s 176 0.0045 0.0110 0.9845 
        026s 176 0.0035 0.0087 0.9879 
        027s 176 0.0013 0.0006 0.9981 
        028s 176 0.0012 0.0024 0.9965 
        029s 176 0.0031 0.0017 0.9952 
        030s 176 0.0009 0.0525 0.9466 
        031s 176 0.0016 0.0085 0.9900 
        032s 176 0.0389 0.0194 0.9417 
        033s 176 0.0308 0.1180 0.8513 
        034s 176 0.0009 0.0015 0.9976 
        035s 176 0.0697 0.0051 0.9251 
        036s 176 0.0008 0.0017 0.9975 
        037s 176 0.0324 0.0615 0.9060 
        038s 176 0.0010 0.0010 0.9979 
        039s 176 0.0004 0.0010 0.9986 
        040s 176 0.0011 0.0006 0.9983 
        041s 176 0.0012 0.0014 0.9975 
        042s 176 0.0008 0.0008 0.9985 
        043s 176 0.0109 0.0206 0.9686 
        044s 176 0.0006 0.0035 0.9959 
        045s 176 0.0018 0.0159 0.9823 
        046s 176 0.0006 0.0018 0.9977 
        047s 176 0.0024 0.0009 0.9967 
        048s 176 0.0009 0.0094 0.9896 
        050s 176 0.0116 0.0018 0.9866 
        001s 177 0.0234 0.0431 0.9335 
        002s 177 0.0021 0.0008 0.9971 
        003s 177 0.0210 0.0440 0.9350 
        004s 177 0.0022 0.0013 0.9965 
        005s 177 0.0005 0.0025 0.9970 
        006s 177 0.0040 0.0029 0.9931 
        007s 177 0.0012 0.0056 0.9932 
        008s 177 0.0026 0.1466 0.8508 
        009s 177 0.0011 0.0007 0.9982 
        010s 177 0.0013 0.0255 0.9732 
        011s 177 0.0008 0.0017 0.9975 
        012s 177 0.0012 0.0030 0.9958 
        013s 177 0.0033 0.0013 0.9954 
        014s 177 0.0028 0.0343 0.9628 
        015s 177 0.0037 0.0040 0.9922 
        016s 177 0.0008 0.0005 0.9987 
        017s 177 0.0015 0.0360 0.9625 
        018s 177 0.0005 0.0138 0.9857 
        019s 177 0.0063 0.0012 0.9925 
        020s 177 0.0046 0.0029 0.9925 
        021s 177 0.0019 0.0006 0.9974 
        022s 177 0.0203 0.0057 0.9739 
        023s 177 0.0036 0.0154 0.9810 
        024s 177 0.0029 0.0010 0.9961 
        025s 177 0.0009 0.0039 0.9952 
        026s 177 0.0034 0.0011 0.9956 
        027s 177 0.0010 0.0008 0.9982 
        028s 177 0.0014 0.0007 0.9979 
        029s 177 0.0021 0.0920 0.9059 
        030s 177 0.0038 0.0090 0.9872 
        031s 177 0.0151 0.0015 0.9834 
        032s 177 0.0010 0.0284 0.9706 
        033s 177 0.0042 0.0008 0.9950 
        034s 177 0.0013 0.0023 0.9964 
