        001s  1 0.9987 0.0006 0.0007 
        002s  1 0.9967 0.0022 0.0011 
        003s  1 0.9933 0.0035 0.0032 
        004s  1 0.9488 0.0448 0.0064 
        005s  1 0.5693 0.4285 0.0022 
        006s  1 0.9984 0.0010 0.0006 
        007s  1 0.9926 0.0016 0.0058 
        008s  1 0.9945 0.0043 0.0012 
        009s  1 0.9178 0.0703 0.0119 
        010s  1 0.9920 0.0074 0.0006 
        011s  1 0.9929 0.0034 0.0037 
        012s  1 0.8664 0.1301 0.0035 
        013s  1 0.9567 0.0314 0.0119 
        014s  1 0.9653 0.0214 0.0133 
        015s  1 0.9986 0.0008 0.0007 
        016s  1 0.9880 0.0019 0.0101 
        018s  1 0.8609 0.1374 0.0018 
        019s  1 0.9933 0.0049 0.0017 
        020s  1 0.9874 0.0005 0.0120 
        021s  1 0.9903 0.0014 0.0082 
        022s  1 0.9984 0.0005 0.0011 
        023s  1 0.9863 0.0006 0.0131 
        024s  1 0.9973 0.0018 0.0009 
        025s  1 0.9866 0.0118 0.0016 
        026s  1 0.9853 0.0016 0.0131 
        027s  1 0.9846 0.0117 0.0037 
        028s  1 0.8896 0.1090 0.0014 
        029s  1 0.9978 0.0010 0.0012 
        030s  1 0.9945 0.0044 0.0011 
        031s  1 0.9981 0.0004 0.0016 
        032s  1 0.9977 0.0011 0.0012 
        033s  1 0.9918 0.0062 0.0020 
        034s  1 0.9430 0.0013 0.0557 
        035s  1 0.9954 0.0032 0.0014 
        036s  1 0.9233 0.0747 0.0020 
        037s  1 0.8197 0.1170 0.0632 
        038s  1 0.9967 0.0020 0.0013 
        039s  1 0.9950 0.0044 0.0006 
        040s  1 0.9925 0.0030 0.0045 
        041s  1 0.9930 0.0017 0.0053 
        042s  1 0.8654 0.0404 0.0942 
        043s  1 0.9799 0.0195 0.0007 
        044s  1 0.8767 0.1103 0.0130 
        045s  1 0.9931 0.0056 0.0013 
        046s  1 0.9978 0.0012 0.0010 
        047s  1 0.9931 0.0006 0.0063 
        048s  1 0.9909 0.0078 0.0013 
        049s  1 0.9980 0.0015 0.0005 
        050s  1 0.8987 0.1004 0.0009 
        051s  1 0.9977 0.0006 0.0017 
        052s  1 0.9705 0.0269 0.0026 
        053s  1 0.9978 0.0014 0.0008 
        054s  1 0.9974 0.0012 0.0014 
        055s  1 0.8378 0.0769 0.0854 
          01  2 0.8762 0.1161 0.0077 
          02  2 0.9742 0.0246 0.0012 
          03  2 0.9963 0.0021 0.0016 
          04  2 0.9585 0.0279 0.0135 
          05  2 0.9046 0.0947 0.0007 
          06  2 0.9616 0.0373 0.0011 
          07  2 0.9807 0.0184 0.0009 
          08  2 0.9496 0.0491 0.0014 
          09  2 0.9989 0.0007 0.0004 
          10  2 0.9976 0.0018 0.0007 
          11  2 0.9891 0.0056 0.0053 
          12  2 0.9978 0.0014 0.0008 
          13  2 0.9985 0.0007 0.0007 
          14  2 0.9716 0.0015 0.0269 
          15  2 0.9970 0.0010 0.0020 
          16  2 0.9513 0.0419 0.0068 
          17  2 0.9945 0.0036 0.0019 
          18  2 0.9664 0.0322 0.0014 
          19  2 0.9932 0.0010 0.0058 
          20  2 0.9181 0.0702 0.0117 
          21  2 0.9976 0.0013 0.0011 
          22  2 0.9846 0.0059 0.0095 
          23  2 0.9943 0.0029 0.0028 
          24  2 0.9980 0.0009 0.0011 
          25  2 0.9560 0.0427 0.0014 
          26  2 0.9984 0.0011 0.0005 
          27  2 0.9799 0.0149 0.0053 
          28  2 0.9930 0.0007 0.0064 
          29  2 0.9983 0.0013 0.0005 
          30  2 0.7713 0.1262 0.1025 
          01  3 0.3499 0.6286 0.0214 
          02  3 0.1957 0.7958 0.0085 
          03  3 0.3842 0.6145 0.0013 
          04  3 0.2025 0.7937 0.0038 
          05  3 0.0734 0.7742 0.1524 
          06  3 0.0881 0.9101 0.0019 
          07  3 0.3972 0.6020 0.0008 
          08  3 0.3071 0.6775 0.0153 
          09  3 0.3252 0.6631 0.0117 
          10  3 0.2462 0.6165 0.1373 
          11  3 0.3016 0.6979 0.0005 
          12  3 0.2897 0.7091 0.0012 
          13  3 0.0210 0.9783 0.0007 
          14  3 0.0387 0.7907 0.1707 
          15  3 0.3582 0.6360 0.0058 
          16  3 0.0796 0.9173 0.0031 
          17  3 0.4349 0.5638 0.0013 
          18  3 0.1780 0.5322 0.2899 
          19  3 0.1643 0.8251 0.0106 
          20  3 0.1841 0.7425 0.0735 
          21  3 0.2470 0.7394 0.0136 
          22  3 0.3071 0.6798 0.0131 
          23  3 0.2457 0.7514 0.0029 
          24  3 0.2284 0.7517 0.0199 
          25  3 0.1609 0.6499 0.1892 
          26  3 0.2445 0.7540 0.0015 
          27  3 0.1961 0.6237 0.1802 
          28  3 0.0963 0.9033 0.0004 
          29  3 0.1754 0.7983 0.0263 
          30  3 0.3270 0.6721 0.0009 
         001  4 0.0010 0.8912 0.1078 
         002  4 0.0765 0.8579 0.0655 
         003  4 0.0376 0.8740 0.0884 
         004  4 0.0008 0.9324 0.0669 
         005  4 0.0039 0.8747 0.1214 
         006  4 0.0774 0.8833 0.0392 
         007  4 0.0956 0.8204 0.0839 
         008  4 0.0552 0.8198 0.1250 
         009  4 0.0024 0.9015 0.0962 
         010  4 0.0005 0.9987 0.0008 
         011  4 0.0111 0.8348 0.1541 
         012  4 0.0173 0.8660 0.1167 
         013  4 0.0225 0.9567 0.0208 
         014  4 0.0266 0.8797 0.0937 
         015  4 0.0010 0.9972 0.0018 
         016  4 0.0019 0.9361 0.0619 
         017  4 0.0930 0.9036 0.0034 
         019  4 0.0047 0.8952 0.1001 
         020  4 0.0797 0.8335 0.0868 
         021  4 0.0125 0.8844 0.1031 
         001  5 0.0250 0.8544 0.1207 
         002  5 0.1228 0.7785 0.0987 
         003  5 0.2174 0.6926 0.0900 
         004  5 0.1330 0.7672 0.0998 
         005  5 0.0494 0.8553 0.0953 
         006  5 0.1020 0.8916 0.0065 
         007  5 0.0065 0.9129 0.0806 
         008  5 0.0256 0.9226 0.0518 
         009  5 0.1567 0.7662 0.0771 
         010  5 0.0463 0.8536 0.1001 
         011  5 0.0147 0.8433 0.1421 
         012  5 0.1040 0.8211 0.0749 
         013  5 0.2863 0.6781 0.0356 
         014  5 0.2356 0.6587 0.1057 
         015  5 0.0055 0.9303 0.0641 
         016  5 0.0982 0.8710 0.0308 
         017  5 0.1840 0.8097 0.0063 
         018  5 0.1451 0.7609 0.0940 
         019  5 0.0456 0.8581 0.0963 
         020  5 0.0232 0.8680 0.1088 
         021  5 0.2304 0.6710 0.0986 
         022  5 0.1169 0.7530 0.1300 
         023  5 0.0054 0.9203 0.0743 
         024  5 0.1953 0.7694 0.0354 
         025  5 0.1582 0.8119 0.0299 
         026  5 0.2620 0.7100 0.0280 
         027  5 0.0208 0.9092 0.0700 
         028  5 0.0926 0.8157 0.0917 
         029  5 0.1130 0.8768 0.0102 
         030  5 0.0849 0.8225 0.0926 
        001s  6 0.9577 0.0189 0.0235 
        002s  6 0.9805 0.0179 0.0016 
        003s  6 0.9913 0.0047 0.0040 
        004s  6 0.9984 0.0006 0.0010 
        006s  6 0.8921 0.0867 0.0212 
        007s  6 0.9977 0.0016 0.0007 
        008s  6 0.9893 0.0021 0.0086 
        009s  6 0.9983 0.0006 0.0011 
        010s  6 0.9500 0.0266 0.0234 
        011s  6 0.9961 0.0018 0.0021 
        012s  6 0.9955 0.0024 0.0021 
        013s  6 0.9977 0.0017 0.0006 
        014s  6 0.9482 0.0512 0.0006 
        015s  6 0.9638 0.0274 0.0089 
        016s  6 0.9976 0.0009 0.0015 
        018s  6 0.7557 0.2346 0.0097 
        019s  6 0.9795 0.0157 0.0049 
        020s  6 0.9986 0.0008 0.0007 
        021s  6 0.9815 0.0129 0.0056 
        022s  6 0.9940 0.0008 0.0052 
        023s  6 0.9922 0.0065 0.0013 
        024s  6 0.9717 0.0265 0.0018 
        025s  6 0.9242 0.0020 0.0738 
        026s  6 0.9981 0.0011 0.0007 
        027s  6 0.9983 0.0010 0.0007 
        028s  6 0.9368 0.0494 0.0138 
        029s  6 0.9976 0.0006 0.0018 
        030s  6 0.9289 0.0514 0.0197 
        031s  6 0.9935 0.0061 0.0004 
        032s  6 0.9856 0.0131 0.0013 
        033s  6 0.9613 0.0369 0.0017 
        034s  6 0.9785 0.0028 0.0187 
        035s  6 0.8800 0.1163 0.0037 
        036s  6 0.9932 0.0050 0.0018 
        037s  6 0.9956 0.0016 0.0028 
        038s  6 0.9979 0.0011 0.0010 
        039s  6 0.9985 0.0005 0.0011 
        040s  6 0.9984 0.0010 0.0005 
        041s  6 0.9876 0.0020 0.0104 
        042s  6 0.9355 0.0035 0.0611 
        043s  6 0.9893 0.0014 0.0094 
        044s  6 0.9974 0.0013 0.0013 
        045s  6 0.9943 0.0020 0.0037 
        001s  7 0.9970 0.0012 0.0017 
        002s  7 0.9837 0.0134 0.0030 
        003s  7 0.9944 0.0040 0.0015 
        004s  7 0.9956 0.0036 0.0008 
        005s  7 0.9794 0.0176 0.0030 
        006s  7 0.9487 0.0393 0.0120 
        007s  7 0.9789 0.0179 0.0032 
        008s  7 0.9941 0.0038 0.0020 
        009s  7 0.9802 0.0049 0.0149 
        010s  7 0.9970 0.0009 0.0022 
        011s  7 0.9981 0.0008 0.0011 
        012s  7 0.9982 0.0009 0.0010 
        013s  7 0.9914 0.0016 0.0070 
        014s  7 0.9863 0.0131 0.0006 
        015s  7 0.9851 0.0126 0.0023 
        016s  7 0.9402 0.0490 0.0108 
        017s  7 0.9972 0.0017 0.0011 
        018s  7 0.9971 0.0019 0.0010 
        019s  7 0.9786 0.0030 0.0184 
        020s  7 0.9979 0.0016 0.0006 
        021s  7 0.9970 0.0016 0.0014 
        022s  7 0.9931 0.0056 0.0013 
        023s  7 0.9649 0.0072 0.0279 
        024s  7 0.9977 0.0014 0.0010 
        025s  7 0.9943 0.0041 0.0016 
        026s  7 0.9974 0.0010 0.0016 
        027s  7 0.9972 0.0020 0.0008 
        028s  7 0.9941 0.0051 0.0008 
        029s  7 0.9910 0.0058 0.0033 
        030s  7 0.9931 0.0006 0.0064 
        031s  7 0.9803 0.0033 0.0164 
        032s  7 0.9318 0.0676 0.0006 
        033s  7 0.9748 0.0222 0.0030 
        034s  7 0.9658 0.0331 0.0011 
        035s  7 0.9977 0.0005 0.0018 
        036s  7 0.9868 0.0016 0.0115 
        037s  7 0.9174 0.0773 0.0053 
        038s  7 0.9924 0.0056 0.0020 
        039s  7 0.9990 0.0005 0.0004 
        040s  7 0.9308 0.0683 0.0009 
        041s  7 0.9883 0.0088 0.0029 
        042s  7 0.9960 0.0036 0.0004 
        043s  7 0.9949 0.0007 0.0044 
        044s  7 0.8900 0.0732 0.0368 
         003  8 0.9925 0.0060 0.0015 
         009  8 0.9966 0.0015 0.0019 
         010  8 0.9965 0.0005 0.0030 
         017  8 0.9938 0.0011 0.0051 
         002  9 0.9974 0.0007 0.0019 
         003  9 0.9990 0.0004 0.0006 
         004  9 0.9979 0.0005 0.0016 
         005  9 0.9932 0.0008 0.0060 
         006  9 0.9961 0.0016 0.0023 
         007  9 0.9965 0.0015 0.0020 
         009  9 0.9959 0.0009 0.0032 
         010  9 0.9971 0.0004 0.0024 
         013  9 0.9959 0.0016 0.0025 
         014  9 0.9961 0.0005 0.0034 
         016  9 0.9988 0.0003 0.0009 
         018  9 0.9961 0.0014 0.0025 
         019  9 0.9977 0.0013 0.0010 
         020  9 0.9989 0.0007 0.0005 
         021  9 0.9984 0.0005 0.0012 
         022  9 0.9987 0.0005 0.0008 
         024  9 0.9946 0.0008 0.0046 
         028  9 0.9966 0.0010 0.0023 
         029  9 0.9985 0.0006 0.0009 
         030  9 0.9978 0.0006 0.0016 
         031  9 0.9981 0.0011 0.0007 
         033  9 0.9965 0.0017 0.0018 
         001 10 0.9987 0.0007 0.0006 
         002 10 0.9985 0.0004 0.0011 
         003 10 0.9836 0.0008 0.0156 
         004 10 0.9954 0.0005 0.0041 
         005 10 0.9980 0.0006 0.0014 
         006 10 0.9975 0.0013 0.0012 
         007 10 0.9961 0.0008 0.0031 
         008 10 0.9925 0.0011 0.0064 
         009 10 0.9978 0.0015 0.0007 
         010 10 0.9976 0.0008 0.0016 
         011 10 0.9593 0.0009 0.0398 
         012 10 0.9945 0.0012 0.0043 
         013 10 0.9981 0.0009 0.0010 
         014 10 0.9976 0.0011 0.0013 
         016 10 0.9977 0.0011 0.0012 
         017 10 0.9974 0.0013 0.0013 
         018 10 0.9959 0.0030 0.0011 
         019 10 0.9974 0.0007 0.0019 
         020 10 0.9956 0.0017 0.0027 
         021 10 0.9987 0.0007 0.0006 
         022 10 0.9982 0.0006 0.0012 
         023 10 0.9982 0.0006 0.0012 
         024 10 0.9964 0.0004 0.0031 
         026 10 0.9983 0.0007 0.0010 
        001s 11 0.9071 0.0572 0.0357 
        002s 11 0.9951 0.0026 0.0023 
        003s 11 0.9962 0.0031 0.0007 
        004s 11 0.9970 0.0010 0.0020 
        005s 11 0.9972 0.0021 0.0007 
        006s 11 0.9870 0.0094 0.0036 
        007s 11 0.9324 0.0661 0.0015 
        008s 11 0.9986 0.0008 0.0007 
        009s 11 0.9988 0.0006 0.0007 
        010s 11 0.9976 0.0012 0.0011 
        011s 11 0.8629 0.1139 0.0232 
        012s 11 0.9224 0.0770 0.0006 
        013s 11 0.9968 0.0015 0.0017 
        014s 11 0.9794 0.0192 0.0014 
        015s 11 0.9895 0.0037 0.0068 
        016s 11 0.9257 0.0077 0.0667 
        017s 11 0.9333 0.0614 0.0053 
        018s 11 0.9934 0.0051 0.0014 
        019s 11 0.9733 0.0013 0.0254 
        020s 11 0.9955 0.0025 0.0020 
        021s 11 0.9974 0.0008 0.0017 
        022s 11 0.9748 0.0246 0.0006 
        023s 11 0.9576 0.0068 0.0356 
        025s 11 0.9981 0.0007 0.0012 
        026s 11 0.9302 0.0073 0.0625 
        027s 11 0.9963 0.0027 0.0010 
        028s 11 0.9933 0.0053 0.0014 
        029s 11 0.9826 0.0168 0.0006 
        030s 11 0.9639 0.0340 0.0021 
        031s 11 0.9989 0.0006 0.0005 
        032s 11 0.9949 0.0008 0.0043 
        033s 11 0.9963 0.0025 0.0012 
        034s 11 0.9962 0.0031 0.0007 
        035s 11 0.9946 0.0049 0.0006 
        036s 11 0.9819 0.0174 0.0007 
        037s 11 0.9959 0.0017 0.0024 
        038s 11 0.9967 0.0022 0.0011 
        039s 11 0.9979 0.0008 0.0013 
        040s 11 0.9197 0.0794 0.0008 
        041s 11 0.9929 0.0017 0.0054 
        042s 11 0.9870 0.0015 0.0116 
        043s 11 0.9513 0.0156 0.0331 
        044s 11 0.9923 0.0020 0.0057 
        045s 11 0.9862 0.0015 0.0123 
        046s 11 0.9430 0.0197 0.0373 
        047s 11 0.9968 0.0015 0.0017 
        048s 11 0.9550 0.0058 0.0392 
        049s 11 0.9963 0.0011 0.0026 
        050s 11 0.9971 0.0008 0.0020 
        051s 11 0.9430 0.0037 0.0534 
        052s 11 0.9908 0.0062 0.0030 
        053s 11 0.9983 0.0006 0.0011 
        054s 11 0.9939 0.0052 0.0009 
        055s 11 0.9473 0.0522 0.0005 
        001s 12 0.9919 0.0068 0.0014 
        002s 12 0.9974 0.0011 0.0015 
        003s 12 0.9986 0.0008 0.0006 
        004s 12 0.9717 0.0107 0.0176 
        005s 12 0.9978 0.0008 0.0014 
        006s 12 0.9591 0.0384 0.0025 
        007s 12 0.9954 0.0021 0.0025 
        008s 12 0.9864 0.0128 0.0008 
        009s 12 0.9744 0.0165 0.0091 
        010s 12 0.9399 0.0596 0.0005 
        011s 12 0.9953 0.0038 0.0010 
        012s 12 0.9878 0.0061 0.0061 
        013s 12 0.9562 0.0008 0.0430 
        014s 12 0.9120 0.0449 0.0431 
        015s 12 0.9953 0.0032 0.0015 
        016s 12 0.9923 0.0008 0.0069 
        017s 12 0.9946 0.0039 0.0014 
        018s 12 0.9963 0.0009 0.0028 
        019s 12 0.9965 0.0027 0.0008 
        020s 12 0.9486 0.0500 0.0015 
        021s 12 0.9943 0.0020 0.0037 
        022s 12 0.9581 0.0314 0.0105 
        023s 12 0.9978 0.0006 0.0016 
        024s 12 0.9985 0.0008 0.0007 
        025s 12 0.9898 0.0083 0.0019 
        026s 12 0.9894 0.0088 0.0018 
        027s 12 0.9953 0.0040 0.0007 
        028s 12 0.9942 0.0012 0.0047 
        029s 12 0.9975 0.0008 0.0017 
        030s 12 0.9974 0.0017 0.0009 
        031s 12 0.9927 0.0040 0.0033 
        032s 12 0.9980 0.0007 0.0013 
        033s 12 0.9915 0.0078 0.0007 
        034s 12 0.9990 0.0005 0.0005 
        035s 12 0.9900 0.0092 0.0008 
        036s 12 0.9786 0.0199 0.0014 
        037s 12 0.9977 0.0008 0.0015 
        001s 13 0.9917 0.0043 0.0040 
        002s 13 0.9325 0.0666 0.0009 
        003s 13 0.9971 0.0009 0.0019 
        004s 13 0.9937 0.0008 0.0055 
        005s 13 0.9838 0.0130 0.0033 
        006s 13 0.9967 0.0025 0.0008 
        007s 13 0.9771 0.0215 0.0014 
        008s 13 0.9513 0.0474 0.0014 
        009s 13 0.8797 0.1183 0.0021 
        010s 13 0.9483 0.0499 0.0018 
        011s 13 0.9485 0.0481 0.0034 
        012s 13 0.9214 0.0470 0.0317 
        013s 13 0.9389 0.0518 0.0092 
        014s 13 0.9763 0.0184 0.0053 
        015s 13 0.9861 0.0033 0.0106 
        016s 13 0.9979 0.0007 0.0014 
        017s 13 0.9445 0.0547 0.0009 
        018s 13 0.9982 0.0006 0.0012 
        019s 13 0.9976 0.0012 0.0012 
        020s 13 0.9909 0.0085 0.0005 
        021s 13 0.9972 0.0007 0.0022 
        022s 13 0.9969 0.0018 0.0013 
        023s 13 0.9985 0.0010 0.0005 
        024s 13 0.9313 0.0259 0.0429 
        025s 13 0.9957 0.0012 0.0031 
        026s 13 0.8825 0.1036 0.0139 
        027s 13 0.9576 0.0389 0.0035 
        028s 13 0.9572 0.0378 0.0050 
        029s 13 0.9834 0.0145 0.0021 
        030s 13 0.9291 0.0234 0.0475 
        031s 13 0.8897 0.0081 0.1022 
        032s 13 0.9976 0.0018 0.0006 
        033s 13 0.9491 0.0500 0.0009 
        034s 13 0.9420 0.0564 0.0017 
        035s 13 0.9931 0.0012 0.0057 
        036s 13 0.9972 0.0022 0.0006 
        037s 13 0.9965 0.0006 0.0028 
        038s 13 0.9950 0.0036 0.0013 
        039s 13 0.8299 0.0829 0.0872 
        040s 13 0.9962 0.0020 0.0018 
        041s 13 0.9285 0.0681 0.0034 
        042s 13 0.9976 0.0011 0.0013 
        001s 14 0.9862 0.0124 0.0014 
        002s 14 0.9350 0.0633 0.0018 
        003s 14 0.9975 0.0012 0.0013 
        004s 14 0.9714 0.0233 0.0053 
        005s 14 0.9986 0.0004 0.0010 
        006s 14 0.9987 0.0007 0.0005 
        007s 14 0.9964 0.0018 0.0018 
        008s 14 0.9060 0.0880 0.0059 
        009s 14 0.9962 0.0022 0.0016 
        010s 14 0.9840 0.0129 0.0031 
        011s 14 0.9374 0.0613 0.0012 
        012s 14 0.9958 0.0018 0.0024 
        013s 14 0.9894 0.0032 0.0074 
        014s 14 0.9876 0.0110 0.0013 
        015s 14 0.9947 0.0010 0.0043 
        016s 14 0.9809 0.0010 0.0181 
        017s 14 0.9191 0.0799 0.0010 
        018s 14 0.9973 0.0009 0.0017 
        019s 14 0.9950 0.0040 0.0010 
        020s 14 0.9975 0.0008 0.0017 
        021s 14 0.9972 0.0018 0.0009 
        022s 14 0.9878 0.0101 0.0021 
        023s 14 0.9917 0.0033 0.0050 
        024s 14 0.9485 0.0493 0.0023 
        025s 14 0.9944 0.0050 0.0006 
        026s 14 0.9979 0.0006 0.0015 
        027s 14 0.9938 0.0015 0.0047 
        028s 14 0.9963 0.0024 0.0013 
        029s 14 0.9979 0.0003 0.0018 
        030s 14 0.9931 0.0062 0.0008 
        031s 14 0.9940 0.0039 0.0021 
        032s 14 0.9948 0.0018 0.0034 
        033s 14 0.9680 0.0309 0.0011 
        034s 14 0.9985 0.0006 0.0010 
        035s 14 0.8368 0.1619 0.0013 
        036s 14 0.8785 0.1101 0.0115 
        037s 14 0.9942 0.0010 0.0048 
        038s 14 0.9982 0.0011 0.0007 
        039s 14 0.9880 0.0047 0.0073 
        040s 14 0.9934 0.0049 0.0017 
        041s 14 0.9972 0.0019 0.0010 
        042s 14 0.9670 0.0298 0.0033 
        001s 15 0.9969 0.0010 0.0020 
        002s 15 0.8841 0.0903 0.0256 
        003s 15 0.9827 0.0054 0.0119 
        004s 15 0.9987 0.0009 0.0005 
        005s 15 0.9731 0.0183 0.0086 
        006s 15 0.9851 0.0134 0.0016 
        007s 15 0.9988 0.0005 0.0007 
        008s 15 0.9984 0.0007 0.0009 
        009s 15 0.9134 0.0465 0.0401 
        010s 15 0.9972 0.0010 0.0017 
        011s 15 0.9357 0.0629 0.0015 
        012s 15 0.9912 0.0058 0.0030 
        013s 15 0.9972 0.0009 0.0019 
        014s 15 0.9878 0.0025 0.0098 
        015s 15 0.9030 0.0823 0.0147 
        016s 15 0.9086 0.0907 0.0006 
        017s 15 0.9946 0.0018 0.0036 
        018s 15 0.9983 0.0009 0.0008 
        019s 15 0.9894 0.0027 0.0078 
        020s 15 0.9979 0.0012 0.0009 
        021s 15 0.9315 0.0619 0.0066 
        022s 15 0.9970 0.0023 0.0007 
        023s 15 0.9613 0.0374 0.0013 
        024s 15 0.9957 0.0031 0.0012 
        025s 15 0.9567 0.0058 0.0375 
        026s 15 0.9672 0.0012 0.0315 
        027s 15 0.9829 0.0159 0.0012 
        028s 15 0.9970 0.0011 0.0019 
        029s 15 0.9970 0.0012 0.0018 
        030s 15 0.9984 0.0006 0.0010 
        031s 15 0.9311 0.0564 0.0125 
        032s 15 0.9966 0.0005 0.0028 
        033s 15 0.9522 0.0474 0.0004 
        035s 15 0.9927 0.0063 0.0011 
        036s 15 0.9909 0.0020 0.0071 
        037s 15 0.9936 0.0049 0.0016 
        038s 15 0.9953 0.0042 0.0005 
        039s 15 0.9646 0.0348 0.0005 
        040s 15 0.9907 0.0082 0.0010 
        041s 15 0.9160 0.0796 0.0044 
        042s 15 0.9963 0.0024 0.0013 
        043s 15 0.9897 0.0080 0.0023 
        044s 15 0.9944 0.0043 0.0013 
        045s 15 0.8839 0.0348 0.0813 
        046s 15 0.9623 0.0360 0.0017 
        047s 15 0.9665 0.0327 0.0008 
        048s 15 0.9794 0.0012 0.0194 
        049s 15 0.9817 0.0173 0.0010 
        050s 15 0.8861 0.1072 0.0066 
         001 16 0.8113 0.1872 0.0014 
         002 16 0.9677 0.0312 0.0010 
         003 16 0.9816 0.0156 0.0028 
         004 16 0.9965 0.0015 0.0020 
         005 16 0.9020 0.0646 0.0333 
         006 16 0.9637 0.0177 0.0186 
         007 16 0.9939 0.0038 0.0023 
         008 16 0.8621 0.1370 0.0009 
         009 16 0.9976 0.0015 0.0009 
         010 16 0.9913 0.0069 0.0019 
         011 16 0.9903 0.0073 0.0023 
         012 16 0.9959 0.0024 0.0017 
         013 16 0.9981 0.0009 0.0010 
         014 16 0.9731 0.0264 0.0004 
         015 16 0.6305 0.0007 0.3688 
         016 16 0.9799 0.0012 0.0189 
         017 16 0.9752 0.0231 0.0017 
         018 16 0.9192 0.0400 0.0408 
         019 16 0.9253 0.0739 0.0007 
         020 16 0.9983 0.0007 0.0010 
         021 16 0.8713 0.1270 0.0017 
         022 16 0.9918 0.0027 0.0054 
         023 16 0.9765 0.0076 0.0159 
         024 16 0.9654 0.0019 0.0327 
         025 16 0.9176 0.0765 0.0059 
         026 16 0.8879 0.1064 0.0057 
         027 16 0.9934 0.0038 0.0028 
         028 16 0.8348 0.1649 0.0003 
         029 16 0.9558 0.0429 0.0013 
         030 16 0.9956 0.0038 0.0006 
         031 16 0.9972 0.0020 0.0008 
         032 16 0.9129 0.0716 0.0155 
         033 16 0.9983 0.0012 0.0004 
         034 16 0.9905 0.0073 0.0022 
         035 16 0.9991 0.0005 0.0003 
         036 16 0.9963 0.0006 0.0031 
         037 16 0.9367 0.0584 0.0049 
         038 16 0.9872 0.0026 0.0102 
         039 16 0.9978 0.0011 0.0011 
         040 16 0.9951 0.0019 0.0030 
         041 16 0.9967 0.0012 0.0021 
         042 16 0.9969 0.0019 0.0011 
         043 16 0.9972 0.0012 0.0016 
         044 16 0.9919 0.0058 0.0023 
         045 16 0.9827 0.0168 0.0004 
         047 16 0.9530 0.0453 0.0017 
         048 16 0.9919 0.0071 0.0010 
         049 16 0.9931 0.0014 0.0054 
         050 16 0.9985 0.0010 0.0004 
         051 16 0.9965 0.0028 0.0007 
         052 16 0.9985 0.0004 0.0010 
         053 16 0.9984 0.0007 0.0009 
         054 16 0.9482 0.0505 0.0012 
         055 16 0.9131 0.0862 0.0008 
         056 16 0.9881 0.0010 0.0109 
         057 16 0.9407 0.0590 0.0004 
         058 16 0.8768 0.1052 0.0180 
         059 16 0.8034 0.0996 0.0970 
         060 16 0.9839 0.0025 0.0135 
         061 16 0.9952 0.0024 0.0025 
         062 16 0.9949 0.0044 0.0007 
         063 16 0.9964 0.0026 0.0010 
         064 16 0.9962 0.0007 0.0031 
         065 16 0.9915 0.0047 0.0038 
         066 16 0.9985 0.0007 0.0008 
         067 16 0.9195 0.0042 0.0763 
         068 16 0.9568 0.0065 0.0366 
         069 16 0.9980 0.0012 0.0007 
         070 16 0.9944 0.0046 0.0011 
         071 16 0.9011 0.0982 0.0006 
         072 16 0.9936 0.0045 0.0019 
         073 16 0.9964 0.0029 0.0007 
         074 16 0.9987 0.0008 0.0004 
         075 16 0.9516 0.0474 0.0010 
         076 16 0.9974 0.0019 0.0007 
         077 16 0.9035 0.0306 0.0660 
         078 16 0.9897 0.0057 0.0046 
         079 16 0.9058 0.0917 0.0025 
         080 16 0.9967 0.0011 0.0022 
         081 16 0.9337 0.0656 0.0006 
         082 16 0.9586 0.0408 0.0006 
         083 16 0.9965 0.0011 0.0024 
         084 16 0.9942 0.0041 0.0017 
         085 16 0.9854 0.0015 0.0131 
         086 16 0.8795 0.1192 0.0013 
         087 16 0.9759 0.0236 0.0005 
         088 16 0.9948 0.0008 0.0044 
         089 16 0.9925 0.0060 0.0015 
         090 16 0.9943 0.0049 0.0009 
         091 16 0.9970 0.0019 0.0011 
         092 16 0.9832 0.0155 0.0013 
         093 16 0.9977 0.0014 0.0009 
         094 16 0.9473 0.0028 0.0499 
         095 16 0.9987 0.0006 0.0006 
         096 16 0.9766 0.0181 0.0053 
         097 16 0.8782 0.1140 0.0078 
         098 16 0.9923 0.0010 0.0067 
         099 16 0.9905 0.0007 0.0089 
         100 16 0.9962 0.0008 0.0030 
         101 16 0.9813 0.0102 0.0084 
         102 16 0.9950 0.0029 0.0021 
         103 16 0.9926 0.0037 0.0037 
         104 16 0.9922 0.0022 0.0056 
         105 16 0.8868 0.1036 0.0096 
         106 16 0.9951 0.0014 0.0035 
         107 16 0.9847 0.0037 0.0117 
         108 16 0.7120 0.1086 0.1795 
         109 16 0.9666 0.0325 0.0009 
         110 16 0.9975 0.0007 0.0018 
         111 16 0.9742 0.0228 0.0029 
         112 16 0.9823 0.0147 0.0030 
         113 16 0.9341 0.0648 0.0011 
         114 16 0.9932 0.0041 0.0027 
         115 16 0.9979 0.0009 0.0012 
         116 16 0.9917 0.0067 0.0017 
         117 16 0.9719 0.0270 0.0011 
         118 16 0.9814 0.0014 0.0172 
         119 16 0.9950 0.0032 0.0017 
         120 16 0.9964 0.0028 0.0008 
         121 16 0.9628 0.0040 0.0332 
         122 16 0.9987 0.0006 0.0007 
         123 16 0.9941 0.0049 0.0010 
         124 16 0.9902 0.0076 0.0022 
         126 16 0.8561 0.1358 0.0081 
         001 17 0.9965 0.0026 0.0009 
         002 17 0.9976 0.0016 0.0008 
         003 17 0.9985 0.0009 0.0006 
         005 17 0.9987 0.0006 0.0007 
         006 17 0.9480 0.0514 0.0006 
         007 17 0.8181 0.1337 0.0482 
         008 17 0.8747 0.1240 0.0012 
         009 17 0.9989 0.0004 0.0006 
         010 17 0.9967 0.0015 0.0018 
         011 17 0.4934 0.1163 0.3903 
         012 17 0.9945 0.0028 0.0027 
         013 17 0.9989 0.0005 0.0005 
         014 17 0.9988 0.0006 0.0006 
         015 17 0.9942 0.0052 0.0006 
         016 17 0.9978 0.0014 0.0008 
         017 17 0.9951 0.0032 0.0017 
         018 17 0.9705 0.0288 0.0007 
         019 17 0.9983 0.0005 0.0012 
         020 17 0.9976 0.0013 0.0010 
         021 17 0.9978 0.0007 0.0015 
         022 17 0.9380 0.0596 0.0023 
         023 17 0.9968 0.0022 0.0009 
         024 17 0.9151 0.0810 0.0039 
         025 17 0.9982 0.0012 0.0005 
         002 18 0.9964 0.0006 0.0029 
         003 18 0.9977 0.0005 0.0018 
         004 18 0.9758 0.0226 0.0016 
         005 18 0.9598 0.0032 0.0369 
         006 18 0.9982 0.0005 0.0013 
         007 18 0.9933 0.0061 0.0005 
         008 18 0.9964 0.0007 0.0029 
         009 18 0.9709 0.0253 0.0038 
         010 18 0.9846 0.0012 0.0142 
         011 18 0.9959 0.0012 0.0029 
         012 18 0.9881 0.0071 0.0048 
         015 18 0.9963 0.0016 0.0021 
         016 18 0.9898 0.0097 0.0005 
         018 18 0.9913 0.0008 0.0079 
         026 18 0.9959 0.0031 0.0009 
         027 18 0.9973 0.0006 0.0021 
         028 18 0.9978 0.0018 0.0005 
         029 18 0.9976 0.0017 0.0007 
         031 18 0.8357 0.0778 0.0866 
         032 18 0.9987 0.0008 0.0005 
         033 18 0.9977 0.0011 0.0011 
         035 18 0.9976 0.0014 0.0010 
         036 18 0.9841 0.0009 0.0149 
         037 18 0.9731 0.0093 0.0177 
         038 18 0.9644 0.0301 0.0055 
         039 18 0.9974 0.0006 0.0020 
         044 18 0.8661 0.1328 0.0011 
         046 18 0.9566 0.0014 0.0421 
         049 18 0.9985 0.0009 0.0006 
         053 18 0.9963 0.0028 0.0009 
         054 18 0.9891 0.0094 0.0015 
         056 18 0.9851 0.0087 0.0062 
         057 18 0.9938 0.0012 0.0051 
         058 18 0.9928 0.0014 0.0058 
        001s 19 0.9425 0.0560 0.0015 
        002s 19 0.9954 0.0031 0.0015 
        003s 19 0.9951 0.0041 0.0007 
        004s 19 0.9636 0.0021 0.0342 
        005s 19 0.8756 0.0487 0.0757 
        006s 19 0.9938 0.0032 0.0030 
        007s 19 0.9584 0.0243 0.0173 
        008s 19 0.9287 0.0451 0.0262 
        009s 19 0.9944 0.0023 0.0033 
        010s 19 0.9897 0.0095 0.0008 
        011s 19 0.9968 0.0016 0.0016 
        012s 19 0.9944 0.0049 0.0008 
        013s 19 0.9818 0.0174 0.0009 
        014s 19 0.9031 0.0753 0.0216 
        015s 19 0.9963 0.0029 0.0008 
        016s 19 0.9476 0.0032 0.0493 
        017s 19 0.9606 0.0294 0.0100 
        018s 19 0.9929 0.0028 0.0043 
        019s 19 0.9061 0.0883 0.0056 
        020s 19 0.9181 0.0804 0.0015 
        021s 19 0.9922 0.0071 0.0007 
        022s 19 0.9857 0.0133 0.0011 
        023s 19 0.9936 0.0027 0.0037 
        024s 19 0.9956 0.0007 0.0037 
        025s 19 0.9019 0.0888 0.0092 
        026s 19 0.9799 0.0141 0.0060 
        027s 19 0.9955 0.0029 0.0016 
        028s 19 0.9924 0.0071 0.0005 
        029s 19 0.9984 0.0005 0.0010 
        030s 19 0.9944 0.0044 0.0012 
        031s 19 0.9942 0.0047 0.0011 
        032s 19 0.9975 0.0020 0.0005 
        033s 19 0.9931 0.0008 0.0061 
        034s 19 0.9970 0.0014 0.0016 
        035s 19 0.9781 0.0134 0.0085 
        036s 19 0.9962 0.0012 0.0025 
        037s 19 0.9986 0.0008 0.0005 
        038s 19 0.9943 0.0029 0.0027 
        039s 19 0.9985 0.0010 0.0006 
        040s 19 0.9893 0.0101 0.0006 
        041s 19 0.9986 0.0005 0.0009 
        042s 19 0.9738 0.0028 0.0234 
        043s 19 0.9588 0.0404 0.0009 
        044s 19 0.9971 0.0007 0.0022 
        045s 19 0.9973 0.0006 0.0022 
        046s 19 0.9891 0.0031 0.0078 
        047s 19 0.9940 0.0056 0.0004 
        048s 19 0.8969 0.1017 0.0013 
        049s 19 0.9649 0.0282 0.0069 
        050s 19 0.9982 0.0009 0.0009 
        051s 19 0.9197 0.0647 0.0156 
        052s 19 0.9975 0.0014 0.0012 
      LIW2-4 20 0.9950 0.0019 0.0032 
     LIW2-12 21 0.9180 0.0008 0.0812 
     LIW2-20 22 0.9964 0.0019 0.0016 
     LIW2-28 23 0.8925 0.0310 0.0764 
      LIW1-5 24 0.9936 0.0015 0.0049 
     LIW1-13 25 0.9066 0.0759 0.0175 
     LIW1-21 26 0.9544 0.0034 0.0422 
     LIW1-29 27 0.9504 0.0272 0.0224 
      LIW2-5 28 0.9953 0.0011 0.0036 
     LIW2-34 29 0.9942 0.0007 0.0051 
     LIW2-21 30 0.8827 0.0867 0.0306 
     LIW2-29 31 0.8138 0.1825 0.0037 
      LIW1-6 32 0.9947 0.0010 0.0043 
     LIW1-14 33 0.9478 0.0506 0.0017 
     LIW1-22 34 0.9860 0.0008 0.0132 
     LIW1-30 35 0.9944 0.0014 0.0042 
      LIW2-6 36 0.9587 0.0115 0.0298 
     LIW2-14 37 0.9915 0.0018 0.0068 
     LIW2-22 38 0.8778 0.0274 0.0948 
     LIW2-30 39 0.9861 0.0009 0.0130 
      LIW1-7 40 0.9210 0.0139 0.0651 
     LIW1-15 41 0.9842 0.0005 0.0153 
     LIW1-23 42 0.9854 0.0065 0.0081 
     LIW1-31 43 0.9884 0.0039 0.0077 
      LIW2-7 44 0.9134 0.0847 0.0019 
     LIW2-15 45 0.9862 0.0011 0.0127 
     LIW2-23 46 0.9105 0.0025 0.0870 
      LIW1-8 47 0.9955 0.0010 0.0035 
     LIW1-16 48 0.9964 0.0010 0.0027 
      LIW2-8 49 0.9951 0.0010 0.0040 
     LIW2-16 50 0.6466 0.3156 0.0378 
     LIW2-24 51 0.7907 0.1889 0.0203 
     LIW2-32 52 0.9326 0.0142 0.0533 
     LIW1-47 53 0.9700 0.0131 0.0168 
      UMFS-1 54 0.8943 0.0380 0.0677 
     UMFS-19 55 0.7722 0.1133 0.1145 
     UMFS-31 56 0.9236 0.0008 0.0756 
      UMFS-2 57 0.9671 0.0011 0.0319 
     UMFS-10 58 0.9014 0.0049 0.0937 
     UMFS-20 59 0.8990 0.0487 0.0522 
     UMFS-32 60 0.8421 0.0699 0.0880 
      UMFS-3 61 0.8012 0.0713 0.1275 
     UMFS-11 62 0.5813 0.4071 0.0116 
     UMFS-21 63 0.8326 0.0620 0.1054 
     UMFS-33 64 0.9066 0.0180 0.0754 
      UMFS-4 65 0.8882 0.0115 0.1003 
     UMFS-22 66 0.8999 0.0124 0.0877 
     UMFS-34 67 0.8267 0.0566 0.1167 
      UMFS-5 68 0.9049 0.0051 0.0900 
     UMFS-13 69 0.8194 0.0576 0.1230 
     UMFS-23 70 0.8965 0.0215 0.0821 
     UMFS-35 71 0.8694 0.0219 0.1087 
      UMFS-6 72 0.8589 0.0165 0.1246 
     UMFS-14 73 0.9117 0.0106 0.0777 
     UMFS-24 74 0.9343 0.0359 0.0299 
     UMFS-36 75 0.8381 0.0720 0.0899 
      UMFS-7 76 0.3226 0.5622 0.1152 
     UMFS-15 77 0.8317 0.0732 0.0951 
     UMFS-25 78 0.8549 0.0820 0.0631 
     UMFS-37 79 0.8509 0.0810 0.0681 
      UMFS-8 80 0.8838 0.0263 0.0899 
     UMFS-16 81 0.8329 0.0707 0.0964 
     UMFS-26 82 0.7670 0.0619 0.1711 
     UMFS-38 83 0.9429 0.0063 0.0508 
      NEH1-2 84 0.0022 0.0183 0.9795 
     NEH1-11 85 0.0016 0.0355 0.9630 
     NEH1-20 86 0.1167 0.0011 0.8821 
     NEH1-29 87 0.0010 0.0003 0.9987 
      NEH2-2 88 0.0004 0.0002 0.9994 
     NEH2-10 89 0.0065 0.0007 0.9928 
     NEH2-18 90 0.0002 0.0005 0.9992 
     NEH2-26 91 0.0012 0.0009 0.9979 
      NEH1-3 92 0.1552 0.0008 0.8440 
     NEH1-12 93 0.0005 0.0495 0.9500 
     NEH1-21 94 0.0673 0.0027 0.9300 
     NEH1-30 95 0.0722 0.0108 0.9171 
      NEH2-3 96 0.0002 0.0002 0.9996 
     NEH2-11 97 0.0007 0.0044 0.9949 
     NEH2-19 98 0.0034 0.0014 0.9953 
     NEH2-27 99 0.0002 0.0001 0.9997 
      NEH1-4 100 0.0002 0.0003 0.9995 
     NEH1-13 101 0.2256 0.0030 0.7715 
     NEH1-22 102 0.1968 0.0008 0.8025 
     NEH1-31 103 0.0007 0.0004 0.9988 
      NEH2-4 104 0.0031 0.0013 0.9955 
     NEH2-12 105 0.0010 0.0446 0.9544 
     NEH2-20 106 0.1919 0.0003 0.8078 
     NEH2-28 107 0.0019 0.0034 0.9947 
      NEH1-5 108 0.1347 0.0026 0.8626 
     NEH1-14 109 0.1603 0.0709 0.7688 
     NEH1-23 110 0.2272 0.0004 0.7724 
     NEH1-32 111 0.0012 0.0020 0.9967 
      NEH2-5 112 0.0003 0.0002 0.9995 
     NEH2-13 113 0.0024 0.0069 0.9907 
     NEH2-22 114 0.0007 0.0007 0.9987 
     NEH2-29 115 0.0393 0.0007 0.9600 
      NEH1-6 116 0.0002 0.0003 0.9995 
     NEH1-15 117 0.0021 0.0438 0.9542 
     NEH1-24 118 0.0011 0.0036 0.9953 
     NEH1-33 119 0.1224 0.0006 0.8769 
      NEH2-6 120 0.0173 0.0006 0.9821 
     NEH2-14 121 0.0057 0.0019 0.9924 
     NEH2-21 122 0.0475 0.0003 0.9521 
     NEH2-30 123 0.0003 0.0002 0.9995 
      NEH1-7 124 0.0770 0.0760 0.8471 
     NEH1-16 125 0.0004 0.0003 0.9992 
     NEH1-25 126 0.1232 0.0013 0.8755 
     NEH1-34 127 0.0588 0.0079 0.9333 
      NEH2-7 128 0.0024 0.0013 0.9962 
     NEH2-15 129 0.0001 0.0001 0.9998 
     NEH2-23 130 0.0148 0.0378 0.9474 
     NEH2-31 131 0.0003 0.0002 0.9995 
      NEH1-8 132 0.1024 0.0607 0.8369 
     NEH1-17 133 0.0020 0.0950 0.9031 
     NEH1-26 134 0.1485 0.0011 0.8504 
     NEH1-35 135 0.1822 0.0033 0.8145 
      NEH2-8 136 0.0002 0.0001 0.9997 
     NEH2-16 137 0.0009 0.0005 0.9986 
     NEH2-24 138 0.0003 0.0002 0.9995 
     NEH2-32 139 0.0006 0.0566 0.9428 
      NEH1-1 140 0.0013 0.0763 0.9224 
     NEH1-10 141 0.0003 0.0004 0.9993 
     NEH1-19 142 0.1189 0.0017 0.8794 
     NEH1-28 143 0.0010 0.0422 0.9568 
      NEH2-1 144 0.0035 0.0019 0.9945 
      NEH2-9 145 0.0006 0.0003 0.9991 
     NEH2-17 146 0.0062 0.0286 0.9652 
     NEH2-25 147 0.0005 0.0014 0.9980 
      LIW1-1 148 0.7961 0.0921 0.1118 
      LIW1-9 149 0.7732 0.1526 0.0742 
     LIW1-17 150 0.9498 0.0008 0.0493 
     LIW1-25 151 0.9961 0.0008 0.0031 
      LIW2-9 152 0.9324 0.0656 0.0021 
     LIW2-17 153 0.9933 0.0024 0.0044 
     LIW2-25 154 0.9948 0.0012 0.0039 
      LIW1-2 155 0.9805 0.0010 0.0185 
     LIW1-10 156 0.9891 0.0054 0.0055 
     LIW1-18 157 0.9872 0.0036 0.0092 
     LIW1-26 158 0.9754 0.0010 0.0236 
      LIW2-2 159 0.9937 0.0007 0.0056 
     LIW2-10 160 0.9961 0.0022 0.0017 
     LIW2-18 161 0.9009 0.0321 0.0670 
     LIW2-26 162 0.9940 0.0017 0.0044 
      LIW1-3 163 0.9577 0.0049 0.0375 
     LIW1-11 164 0.9776 0.0118 0.0106 
     LIW1-19 165 0.8844 0.0459 0.0697 
     LIW1-27 166 0.9920 0.0071 0.0009 
      LIW2-3 167 0.9792 0.0167 0.0041 
     LIW2-11 168 0.9983 0.0006 0.0011 
     LIW2-19 169 0.9623 0.0023 0.0353 
     LIW2-27 170 0.9819 0.0007 0.0174 
      LIW1-4 171 0.9916 0.0012 0.0072 
     LIW1-12 172 0.9687 0.0234 0.0080 
     LIW1-20 173 0.9946 0.0037 0.0018 
     LIW1-28 174 0.9800 0.0037 0.0163 
        001s 175 0.9943 0.0036 0.0021 
        002s 175 0.9297 0.0676 0.0027 
        003s 175 0.9981 0.0009 0.0011 
        004s 175 0.9627 0.0356 0.0017 
        005s 175 0.9952 0.0023 0.0026 
        006s 175 0.8417 0.1562 0.0021 
        007s 175 0.9979 0.0008 0.0013 
        008s 175 0.9955 0.0035 0.0010 
        009s 175 0.8855 0.1126 0.0019 
        010s 175 0.9968 0.0015 0.0017 
        011s 175 0.9940 0.0042 0.0018 
        012s 175 0.9986 0.0008 0.0005 
        013s 175 0.9951 0.0045 0.0004 
        014s 175 0.9189 0.0805 0.0005 
        015s 175 0.9956 0.0020 0.0023 
        016s 175 0.9836 0.0159 0.0005 
        017s 175 0.9796 0.0120 0.0085 
        018s 175 0.9923 0.0058 0.0019 
        019s 175 0.9889 0.0015 0.0096 
        020s 175 0.9966 0.0020 0.0014 
        021s 175 0.9951 0.0014 0.0034 
        022s 175 0.9808 0.0136 0.0057 
        023s 175 0.9882 0.0056 0.0062 
        024s 175 0.9637 0.0352 0.0011 
        025s 175 0.9487 0.0502 0.0011 
        026s 175 0.9938 0.0042 0.0020 
        027s 175 0.9946 0.0027 0.0027 
        028s 175 0.9354 0.0014 0.0632 
        029s 175 0.9982 0.0011 0.0008 
        030s 175 0.9003 0.0961 0.0036 
        031s 175 0.9965 0.0028 0.0007 
        032s 175 0.9684 0.0016 0.0300 
        033s 175 0.9786 0.0200 0.0014 
        034s 175 0.9942 0.0052 0.0006 
        035s 175 0.9895 0.0098 0.0007 
        036s 175 0.9980 0.0011 0.0009 
        037s 175 0.9825 0.0017 0.0158 
        038s 175 0.9874 0.0115 0.0011 
        039s 175 0.9927 0.0024 0.0048 
        040s 175 0.9958 0.0011 0.0031 
        041s 175 0.9956 0.0033 0.0011 
        042s 175 0.9954 0.0025 0.0021 
        043s 175 0.9885 0.0055 0.0060 
        044s 175 0.9965 0.0013 0.0023 
        045s 175 0.9328 0.0660 0.0013 
        046s 175 0.9949 0.0022 0.0030 
        047s 175 0.9870 0.0009 0.0121 
        048s 175 0.9922 0.0071 0.0006 
        049s 175 0.9724 0.0263 0.0013 
        050s 175 0.8677 0.0327 0.0996 
        001s 176 0.9160 0.0830 0.0010 
        002s 176 0.9796 0.0165 0.0039 
        003s 176 0.9964 0.0019 0.0017 
        004s 176 0.9941 0.0029 0.0030 
        005s 176 0.9768 0.0008 0.0224 
        006s 176 0.9973 0.0015 0.0012 
        007s 176 0.9249 0.0732 0.0019 
        008s 176 0.9989 0.0008 0.0004 
        009s 176 0.9866 0.0010 0.0124 
        010s 176 0.9977 0.0016 0.0007 
        011s 176 0.9941 0.0007 0.0052 
        012s 176 0.9359 0.0624 0.0018 
        013s 176 0.9806 0.0151 0.0043 
        014s 176 0.9947 0.0044 0.0009 
        015s 176 0.9960 0.0012 0.0028 
        016s 176 0.9975 0.0011 0.0013 
        017s 176 0.9990 0.0004 0.0006 
        018s 176 0.9864 0.0009 0.0127 
        019s 176 0.9466 0.0525 0.0009 
        020s 176 0.9962 0.0018 0.0020 
        021s 176 0.9926 0.0053 0.0021 
        022s 176 0.9967 0.0020 0.0013 
        023s 176 0.9982 0.0013 0.0005 
        024s 176 0.9478 0.0512 0.0011 
        025s 176 0.9849 0.0102 0.0049 
        026s 176 0.9878 0.0088 0.0034 
        027s 176 0.9978 0.0007 0.0015 
        028s 176 0.9966 0.0022 0.0011 
        029s 176 0.9953 0.0016 0.0031 
        030s 176 0.9484 0.0509 0.0006 
        031s 176 0.9884 0.0099 0.0017 
        032s 176 0.9445 0.0159 0.0396 
        033s 176 0.8464 0.1182 0.0354 
        034s 176 0.9977 0.0013 0.0009 
        035s 176 0.9229 0.0081 0.0690 
        036s 176 0.9977 0.0013 0.0010 
        037s 176 0.9106 0.0640 0.0253 
        038s 176 0.9978 0.0011 0.0011 
        039s 176 0.9987 0.0007 0.0005 
        040s 176 0.9981 0.0006 0.0013 
        041s 176 0.9974 0.0016 0.0011 
        042s 176 0.9986 0.0007 0.0007 
        043s 176 0.9663 0.0221 0.0116 
        044s 176 0.9957 0.0037 0.0006 
        045s 176 0.9844 0.0140 0.0015 
        046s 176 0.9973 0.0022 0.0005 
        047s 176 0.9970 0.0008 0.0022 
        048s 176 0.9895 0.0097 0.0009 
        050s 176 0.9840 0.0017 0.0143 
        001s 177 0.9384 0.0408 0.0208 
        002s 177 0.9974 0.0007 0.0019 
        003s 177 0.9347 0.0449 0.0205 
        004s 177 0.9967 0.0013 0.0020 
        005s 177 0.9969 0.0026 0.0005 
        006s 177 0.9932 0.0026 0.0042 
        007s 177 0.9931 0.0058 0.0011 
        008s 177 0.8517 0.1469 0.0015 
        009s 177 0.9982 0.0006 0.0011 
        010s 177 0.9740 0.0241 0.0019 
        011s 177 0.9974 0.0017 0.0009 
        012s 177 0.9962 0.0029 0.0009 
        013s 177 0.9956 0.0013 0.0032 
        014s 177 0.9632 0.0325 0.0043 
        015s 177 0.9923 0.0038 0.0039 
        016s 177 0.9987 0.0005 0.0008 
        017s 177 0.9631 0.0354 0.0015 
        018s 177 0.9869 0.0125 0.0006 
        019s 177 0.9919 0.0011 0.0070 
        020s 177 0.9934 0.0028 0.0038 
        021s 177 0.9975 0.0007 0.0018 
        022s 177 0.9732 0.0061 0.0207 
        023s 177 0.9805 0.0166 0.0029 
        024s 177 0.9959 0.0013 0.0028 
        025s 177 0.9953 0.0037 0.0010 
        026s 177 0.9949 0.0010 0.0041 
        027s 177 0.9979 0.0008 0.0013 
        028s 177 0.9982 0.0007 0.0012 
        029s 177 0.9056 0.0919 0.0025 
        030s 177 0.9868 0.0094 0.0038 
        031s 177 0.9840 0.0015 0.0146 
        032s 177 0.9676 0.0315 0.0009 
        033s 177 0.9947 0.0007 0.0046 
        034s 177 0.9965 0.0023 0.0012 
