        001s  1 0.9983 0.0008 0.0004 0.0005 
        002s  1 0.9976 0.0004 0.0014 0.0006 
        003s  1 0.9809 0.0151 0.0022 0.0018 
        004s  1 0.9546 0.0003 0.0401 0.0050 
        005s  1 0.5726 0.0003 0.4259 0.0011 
        006s  1 0.9988 0.0004 0.0005 0.0003 
        007s  1 0.9949 0.0006 0.0009 0.0035 
        008s  1 0.9965 0.0008 0.0021 0.0006 
        009s  1 0.9216 0.0028 0.0691 0.0066 
        010s  1 0.9951 0.0006 0.0040 0.0004 
        011s  1 0.9918 0.0041 0.0018 0.0024 
        012s  1 0.8608 0.0086 0.1291 0.0014 
        013s  1 0.9698 0.0010 0.0211 0.0081 
        014s  1 0.9585 0.0184 0.0151 0.0080 
        015s  1 0.9986 0.0007 0.0004 0.0003 
        016s  1 0.9912 0.0007 0.0011 0.0070 
        018s  1 0.8628 0.0007 0.1356 0.0008 
        019s  1 0.9914 0.0047 0.0029 0.0011 
        020s  1 0.9834 0.0092 0.0003 0.0070 
        021s  1 0.9932 0.0007 0.0009 0.0052 
        022s  1 0.9986 0.0005 0.0002 0.0006 
        023s  1 0.9896 0.0011 0.0003 0.0090 
        024s  1 0.9980 0.0004 0.0008 0.0008 
        025s  1 0.9918 0.0005 0.0066 0.0012 
        026s  1 0.9858 0.0048 0.0009 0.0085 
        027s  1 0.9903 0.0006 0.0066 0.0025 
        028s  1 0.8908 0.0012 0.1074 0.0006 
        029s  1 0.9928 0.0060 0.0006 0.0006 
        030s  1 0.9898 0.0071 0.0026 0.0005 
        031s  1 0.9982 0.0004 0.0003 0.0011 
        032s  1 0.9975 0.0011 0.0007 0.0007 
        033s  1 0.9949 0.0008 0.0035 0.0008 
        034s  1 0.9487 0.0028 0.0008 0.0478 
        035s  1 0.9952 0.0020 0.0020 0.0009 
        036s  1 0.9291 0.0003 0.0697 0.0009 
        037s  1 0.8264 0.0017 0.1171 0.0548 
        038s  1 0.9974 0.0006 0.0013 0.0006 
        039s  1 0.9958 0.0008 0.0031 0.0003 
        040s  1 0.9950 0.0006 0.0020 0.0024 
        041s  1 0.9946 0.0009 0.0011 0.0034 
        042s  1 0.8694 0.0012 0.0345 0.0948 
        043s  1 0.9836 0.0015 0.0145 0.0004 
        044s  1 0.8833 0.0029 0.1089 0.0049 
        045s  1 0.9948 0.0013 0.0030 0.0010 
        046s  1 0.9966 0.0018 0.0008 0.0007 
        047s  1 0.9933 0.0015 0.0004 0.0048 
        048s  1 0.9944 0.0004 0.0043 0.0008 
        049s  1 0.9979 0.0007 0.0010 0.0005 
        050s  1 0.9022 0.0006 0.0967 0.0005 
        051s  1 0.9702 0.0286 0.0003 0.0009 
        052s  1 0.9661 0.0151 0.0177 0.0011 
        053s  1 0.9981 0.0004 0.0011 0.0004 
        054s  1 0.9955 0.0028 0.0007 0.0010 
        055s  1 0.8365 0.0034 0.0761 0.0840 
          01  2 0.8506 0.0347 0.1113 0.0034 
          02  2 0.9800 0.0015 0.0180 0.0006 
          03  2 0.9974 0.0004 0.0012 0.0011 
          04  2 0.9745 0.0008 0.0150 0.0098 
          05  2 0.9072 0.0002 0.0919 0.0006 
          06  2 0.9702 0.0005 0.0284 0.0008 
          07  2 0.9888 0.0009 0.0096 0.0007 
          08  2 0.9588 0.0011 0.0392 0.0008 
          09  2 0.9910 0.0083 0.0004 0.0002 
          10  2 0.9980 0.0005 0.0010 0.0005 
          11  2 0.9851 0.0086 0.0033 0.0030 
          12  2 0.9969 0.0018 0.0007 0.0006 
          13  2 0.9985 0.0006 0.0004 0.0005 
          14  2 0.9729 0.0041 0.0007 0.0224 
          15  2 0.9972 0.0012 0.0006 0.0010 
          16  2 0.9543 0.0062 0.0344 0.0051 
          17  2 0.9962 0.0010 0.0019 0.0009 
          18  2 0.9739 0.0018 0.0235 0.0008 
          19  2 0.9933 0.0018 0.0006 0.0043 
          20  2 0.9235 0.0015 0.0672 0.0078 
          21  2 0.9820 0.0166 0.0007 0.0008 
          22  2 0.9851 0.0048 0.0040 0.0061 
          23  2 0.9960 0.0009 0.0014 0.0018 
          24  2 0.9975 0.0013 0.0006 0.0006 
          25  2 0.9656 0.0016 0.0318 0.0010 
          26  2 0.9984 0.0007 0.0007 0.0002 
          27  2 0.9875 0.0011 0.0080 0.0034 
          28  2 0.9946 0.0011 0.0005 0.0039 
          29  2 0.9981 0.0008 0.0008 0.0003 
          30  2 0.7705 0.0090 0.1214 0.0991 
          01  3 0.3633 0.0004 0.6273 0.0090 
          02  3 0.1373 0.0701 0.7887 0.0039 
          03  3 0.3859 0.0007 0.6128 0.0007 
          04  3 0.2042 0.0008 0.7925 0.0026 
          05  3 0.0005 0.1155 0.7537 0.1303 
          06  3 0.0893 0.0003 0.9085 0.0020 
          07  3 0.4000 0.0011 0.5985 0.0004 
          08  3 0.3117 0.0048 0.6748 0.0087 
          09  3 0.3292 0.0003 0.6610 0.0096 
          10  3 0.0109 0.2198 0.6310 0.1383 
          11  3 0.3040 0.0003 0.6953 0.0004 
          12  3 0.2911 0.0005 0.7075 0.0009 
          13  3 0.0047 0.0266 0.9684 0.0003 
          14  3 0.0031 0.0465 0.7867 0.1637 
          15  3 0.3618 0.0002 0.6341 0.0040 
          16  3 0.0801 0.0018 0.9160 0.0021 
          17  3 0.4372 0.0012 0.5606 0.0010 
          18  3 0.0048 0.1665 0.5412 0.2875 
          19  3 0.1693 0.0005 0.8238 0.0064 
          20  3 0.1854 0.0003 0.7414 0.0730 
          21  3 0.2516 0.0010 0.7361 0.0112 
          22  3 0.3155 0.0005 0.6760 0.0081 
          23  3 0.2482 0.0002 0.7496 0.0020 
          24  3 0.0803 0.1718 0.7436 0.0044 
          25  3 0.0006 0.2506 0.6104 0.1385 
          26  3 0.2466 0.0004 0.7518 0.0012 
          27  3 0.0537 0.1324 0.6298 0.1841 
          28  3 0.0971 0.0026 0.9001 0.0002 
          29  3 0.1789 0.0035 0.7971 0.0205 
          30  3 0.3280 0.0016 0.6700 0.0003 
         001  4 0.0012 0.0007 0.8923 0.1058 
         002  4 0.0823 0.0022 0.8531 0.0623 
         003  4 0.0207 0.0188 0.8751 0.0855 
         004  4 0.0006 0.0012 0.9336 0.0646 
         005  4 0.0010 0.0358 0.8583 0.1050 
         006  4 0.0889 0.0006 0.8799 0.0306 
         007  4 0.1019 0.0004 0.8174 0.0804 
         008  4 0.0613 0.0021 0.8160 0.1206 
         009  4 0.0011 0.0186 0.8940 0.0863 
         010  4 0.0003 0.0002 0.9990 0.0005 
         011  4 0.0076 0.0027 0.8368 0.1529 
         012  4 0.0194 0.0026 0.8641 0.1139 
         013  4 0.0223 0.0003 0.9576 0.0198 
         014  4 0.0408 0.0005 0.8726 0.0860 
         015  4 0.0009 0.0004 0.9975 0.0013 
         016  4 0.0011 0.0155 0.9286 0.0548 
         017  4 0.0946 0.0006 0.9017 0.0031 
         019  4 0.0035 0.0086 0.8911 0.0968 
         020  4 0.0496 0.0239 0.8385 0.0881 
         021  4 0.0037 0.0172 0.8793 0.0998 
         001  5 0.0047 0.0235 0.8543 0.1175 
         002  5 0.1261 0.0027 0.7753 0.0959 
         003  5 0.2220 0.0002 0.6907 0.0871 
         004  5 0.1384 0.0002 0.7647 0.0967 
         005  5 0.0465 0.0012 0.8576 0.0946 
         006  5 0.1051 0.0013 0.8905 0.0031 
         007  5 0.0072 0.0039 0.9122 0.0768 
         008  5 0.0195 0.0089 0.9229 0.0487 
         009  5 0.1630 0.0004 0.7641 0.0725 
         010  5 0.0662 0.0002 0.8447 0.0889 
         011  5 0.0157 0.0003 0.8436 0.1404 
         012  5 0.1094 0.0008 0.8178 0.0720 
         013  5 0.3029 0.0002 0.6755 0.0214 
         014  5 0.2264 0.0169 0.6563 0.1004 
         015  5 0.0074 0.0033 0.9292 0.0601 
         016  5 0.1051 0.0012 0.8693 0.0244 
         017  5 0.1845 0.0033 0.8086 0.0036 
         018  5 0.1321 0.0244 0.7575 0.0859 
         019  5 0.0150 0.0380 0.8566 0.0904 
         020  5 0.0322 0.0008 0.8636 0.1033 
         021  5 0.2338 0.0003 0.6692 0.0967 
         022  5 0.1204 0.0021 0.7516 0.1258 
         023  5 0.0034 0.0109 0.9164 0.0693 
         024  5 0.2044 0.0003 0.7681 0.0272 
         025  5 0.1655 0.0005 0.8094 0.0245 
         026  5 0.2795 0.0006 0.7068 0.0131 
         027  5 0.0154 0.0016 0.9121 0.0709 
         028  5 0.1010 0.0011 0.8103 0.0876 
         029  5 0.1162 0.0004 0.8756 0.0078 
         030  5 0.0096 0.0543 0.8345 0.1016 
        001s  6 0.9694 0.0008 0.0122 0.0175 
        002s  6 0.9619 0.0269 0.0102 0.0010 
        003s  6 0.9941 0.0005 0.0029 0.0025 
        004s  6 0.9986 0.0004 0.0004 0.0006 
        006s  6 0.9010 0.0009 0.0834 0.0147 
        007s  6 0.9976 0.0009 0.0010 0.0005 
        008s  6 0.9893 0.0036 0.0012 0.0058 
        009s  6 0.9977 0.0011 0.0004 0.0008 
        010s  6 0.9516 0.0121 0.0241 0.0122 
        011s  6 0.9971 0.0002 0.0015 0.0012 
        012s  6 0.9954 0.0021 0.0011 0.0013 
        013s  6 0.9983 0.0005 0.0008 0.0004 
        014s  6 0.9547 0.0003 0.0447 0.0002 
        015s  6 0.9713 0.0008 0.0218 0.0060 
        016s  6 0.9980 0.0005 0.0006 0.0009 
        018s  6 0.7568 0.0008 0.2333 0.0091 
        019s  6 0.9883 0.0006 0.0084 0.0027 
        020s  6 0.9982 0.0009 0.0004 0.0005 
        021s  6 0.9866 0.0013 0.0082 0.0039 
        022s  6 0.9955 0.0005 0.0005 0.0035 
        023s  6 0.9943 0.0002 0.0047 0.0008 
        024s  6 0.9753 0.0014 0.0222 0.0011 
        025s  6 0.9280 0.0004 0.0007 0.0709 
        026s  6 0.9969 0.0022 0.0005 0.0004 
        027s  6 0.9979 0.0010 0.0006 0.0004 
        028s  6 0.9130 0.0463 0.0331 0.0076 
        029s  6 0.9971 0.0015 0.0003 0.0011 
        030s  6 0.9370 0.0022 0.0447 0.0161 
        031s  6 0.9953 0.0004 0.0040 0.0004 
        032s  6 0.9921 0.0004 0.0068 0.0007 
        033s  6 0.9692 0.0006 0.0291 0.0011 
        034s  6 0.9838 0.0005 0.0021 0.0137 
        035s  6 0.8835 0.0013 0.1130 0.0023 
        036s  6 0.9962 0.0003 0.0025 0.0011 
        037s  6 0.9952 0.0026 0.0008 0.0014 
        038s  6 0.9974 0.0012 0.0006 0.0008 
        039s  6 0.9985 0.0006 0.0003 0.0006 
        040s  6 0.9985 0.0005 0.0006 0.0004 
        041s  6 0.9891 0.0045 0.0014 0.0049 
        042s  6 0.9373 0.0046 0.0033 0.0548 
        043s  6 0.9919 0.0003 0.0009 0.0070 
        044s  6 0.9968 0.0020 0.0005 0.0006 
        045s  6 0.9960 0.0007 0.0011 0.0023 
        001s  7 0.9978 0.0003 0.0007 0.0012 
        002s  7 0.9894 0.0011 0.0073 0.0022 
        003s  7 0.9962 0.0008 0.0020 0.0010 
        004s  7 0.9965 0.0011 0.0017 0.0006 
        005s  7 0.9856 0.0005 0.0120 0.0019 
        006s  7 0.9566 0.0004 0.0342 0.0087 
        007s  7 0.9682 0.0190 0.0112 0.0017 
        008s  7 0.9943 0.0024 0.0020 0.0014 
        009s  7 0.9864 0.0006 0.0035 0.0095 
        010s  7 0.9970 0.0010 0.0005 0.0014 
        011s  7 0.9979 0.0009 0.0005 0.0007 
        012s  7 0.9984 0.0004 0.0005 0.0007 
        013s  7 0.9937 0.0007 0.0009 0.0047 
        014s  7 0.9915 0.0004 0.0078 0.0003 
        015s  7 0.9888 0.0014 0.0083 0.0015 
        016s  7 0.9437 0.0003 0.0471 0.0089 
        017s  7 0.9982 0.0003 0.0008 0.0007 
        018s  7 0.9947 0.0033 0.0015 0.0005 
        019s  7 0.9825 0.0035 0.0017 0.0123 
        020s  7 0.9982 0.0003 0.0011 0.0004 
        021s  7 0.9971 0.0011 0.0011 0.0007 
        022s  7 0.9958 0.0003 0.0033 0.0006 
        023s  7 0.9772 0.0012 0.0051 0.0165 
        024s  7 0.9970 0.0015 0.0009 0.0007 
        025s  7 0.9954 0.0012 0.0024 0.0010 
        026s  7 0.9971 0.0011 0.0007 0.0011 
        027s  7 0.9970 0.0014 0.0011 0.0005 
        028s  7 0.9971 0.0002 0.0023 0.0005 
        029s  7 0.9944 0.0007 0.0027 0.0023 
        030s  7 0.9912 0.0045 0.0004 0.0039 
        031s  7 0.9862 0.0004 0.0020 0.0114 
        032s  7 0.9278 0.0067 0.0652 0.0003 
        033s  7 0.9819 0.0039 0.0124 0.0019 
        034s  7 0.9738 0.0011 0.0245 0.0005 
        035s  7 0.9980 0.0005 0.0003 0.0012 
        036s  7 0.9906 0.0007 0.0010 0.0076 
        037s  7 0.9220 0.0009 0.0734 0.0037 
        038s  7 0.9951 0.0007 0.0029 0.0013 
        039s  7 0.9991 0.0003 0.0003 0.0003 
        040s  7 0.9346 0.0003 0.0644 0.0007 
        041s  7 0.9913 0.0019 0.0048 0.0020 
        042s  7 0.9971 0.0003 0.0024 0.0003 
        043s  7 0.9965 0.0004 0.0004 0.0027 
        044s  7 0.8925 0.0010 0.0747 0.0318 
         003  8 0.9810 0.0142 0.0039 0.0009 
         009  8 0.9976 0.0005 0.0008 0.0012 
         010  8 0.9975 0.0004 0.0003 0.0019 
         017  8 0.9946 0.0015 0.0007 0.0033 
         002  9 0.9980 0.0006 0.0004 0.0010 
         003  9 0.9991 0.0003 0.0002 0.0003 
         004  9 0.9981 0.0004 0.0002 0.0012 
         005  9 0.9945 0.0014 0.0005 0.0036 
         006  9 0.9974 0.0007 0.0008 0.0011 
         007  9 0.9970 0.0009 0.0008 0.0013 
         009  9 0.9964 0.0013 0.0005 0.0019 
         010  9 0.9966 0.0015 0.0003 0.0015 
         013  9 0.9972 0.0004 0.0010 0.0014 
         014  9 0.9939 0.0043 0.0002 0.0016 
         016  9 0.9982 0.0011 0.0002 0.0006 
         018  9 0.9914 0.0064 0.0009 0.0013 
         019  9 0.9930 0.0059 0.0006 0.0005 
         020  9 0.9988 0.0003 0.0004 0.0004 
         021  9 0.9986 0.0003 0.0003 0.0008 
         022  9 0.9977 0.0014 0.0004 0.0005 
         024  9 0.9939 0.0024 0.0004 0.0033 
         028  9 0.9977 0.0006 0.0006 0.0011 
         029  9 0.9978 0.0012 0.0003 0.0006 
         030  9 0.9979 0.0009 0.0003 0.0009 
         031  9 0.9980 0.0008 0.0008 0.0005 
         033  9 0.9974 0.0007 0.0011 0.0008 
         001 10 0.9984 0.0010 0.0003 0.0003 
         002 10 0.9977 0.0014 0.0003 0.0006 
         003 10 0.9881 0.0007 0.0005 0.0107 
         004 10 0.9968 0.0006 0.0003 0.0023 
         005 10 0.9974 0.0014 0.0003 0.0009 
         006 10 0.9981 0.0005 0.0008 0.0006 
         007 10 0.9968 0.0005 0.0006 0.0021 
         008 10 0.9950 0.0009 0.0006 0.0035 
         009 10 0.9942 0.0046 0.0008 0.0004 
         010 10 0.9962 0.0028 0.0004 0.0006 
         011 10 0.9636 0.0003 0.0008 0.0353 
         012 10 0.9960 0.0004 0.0008 0.0028 
         013 10 0.9982 0.0006 0.0006 0.0006 
         014 10 0.9981 0.0007 0.0005 0.0007 
         016 10 0.9974 0.0014 0.0006 0.0007 
         017 10 0.9973 0.0013 0.0008 0.0006 
         018 10 0.9954 0.0020 0.0019 0.0008 
         019 10 0.9933 0.0052 0.0004 0.0011 
         020 10 0.9912 0.0060 0.0013 0.0015 
         021 10 0.9967 0.0027 0.0004 0.0003 
         022 10 0.9986 0.0003 0.0003 0.0008 
         023 10 0.9983 0.0005 0.0005 0.0008 
         024 10 0.9966 0.0015 0.0002 0.0018 
         026 10 0.9985 0.0005 0.0003 0.0007 
        001s 11 0.9223 0.0008 0.0527 0.0242 
        002s 11 0.9935 0.0035 0.0016 0.0014 
        003s 11 0.9966 0.0012 0.0017 0.0005 
        004s 11 0.9978 0.0003 0.0005 0.0013 
        005s 11 0.9923 0.0060 0.0010 0.0006 
        006s 11 0.9901 0.0020 0.0059 0.0020 
        007s 11 0.9403 0.0025 0.0563 0.0009 
        008s 11 0.9987 0.0005 0.0005 0.0004 
        009s 11 0.9837 0.0156 0.0002 0.0004 
        010s 11 0.9980 0.0005 0.0008 0.0007 
        011s 11 0.8773 0.0003 0.1107 0.0117 
        012s 11 0.9237 0.0009 0.0749 0.0005 
        013s 11 0.9978 0.0002 0.0008 0.0012 
        014s 11 0.9859 0.0014 0.0117 0.0009 
        015s 11 0.9918 0.0014 0.0026 0.0042 
        016s 11 0.9266 0.0056 0.0031 0.0647 
        017s 11 0.9379 0.0009 0.0579 0.0033 
        018s 11 0.9940 0.0013 0.0040 0.0008 
        019s 11 0.9798 0.0003 0.0009 0.0190 
        020s 11 0.9951 0.0017 0.0017 0.0015 
        021s 11 0.9982 0.0004 0.0004 0.0010 
        022s 11 0.9837 0.0008 0.0152 0.0004 
        023s 11 0.9683 0.0003 0.0043 0.0271 
        025s 11 0.9985 0.0003 0.0004 0.0009 
        026s 11 0.9384 0.0007 0.0050 0.0560 
        027s 11 0.9974 0.0004 0.0016 0.0006 
        028s 11 0.9957 0.0003 0.0031 0.0009 
        029s 11 0.9874 0.0013 0.0108 0.0004 
        030s 11 0.9721 0.0010 0.0253 0.0016 
        031s 11 0.9986 0.0006 0.0005 0.0003 
        032s 11 0.9964 0.0007 0.0005 0.0024 
        033s 11 0.9963 0.0015 0.0015 0.0007 
        034s 11 0.9975 0.0003 0.0017 0.0004 
        035s 11 0.9957 0.0010 0.0030 0.0003 
        036s 11 0.9863 0.0013 0.0120 0.0004 
        037s 11 0.9961 0.0012 0.0011 0.0017 
        038s 11 0.9972 0.0006 0.0015 0.0007 
        039s 11 0.9980 0.0005 0.0007 0.0008 
        040s 11 0.9214 0.0005 0.0773 0.0008 
        041s 11 0.9745 0.0218 0.0010 0.0027 
        042s 11 0.9904 0.0007 0.0008 0.0080 
        043s 11 0.9633 0.0005 0.0087 0.0275 
        044s 11 0.9935 0.0013 0.0010 0.0043 
        045s 11 0.9915 0.0003 0.0008 0.0074 
        046s 11 0.9569 0.0006 0.0083 0.0342 
        047s 11 0.9974 0.0005 0.0009 0.0012 
        048s 11 0.9590 0.0016 0.0043 0.0351 
        049s 11 0.9969 0.0011 0.0007 0.0013 
        050s 11 0.9980 0.0004 0.0006 0.0011 
        051s 11 0.9470 0.0005 0.0022 0.0503 
        052s 11 0.9929 0.0011 0.0042 0.0018 
        053s 11 0.9975 0.0014 0.0004 0.0007 
        054s 11 0.9956 0.0004 0.0033 0.0007 
        055s 11 0.9514 0.0003 0.0480 0.0003 
        001s 12 0.9935 0.0012 0.0045 0.0008 
        002s 12 0.9965 0.0022 0.0005 0.0008 
        003s 12 0.9983 0.0008 0.0005 0.0004 
        004s 12 0.9786 0.0026 0.0065 0.0123 
        005s 12 0.9981 0.0007 0.0005 0.0006 
        006s 12 0.9643 0.0006 0.0337 0.0014 
        007s 12 0.9937 0.0037 0.0012 0.0014 
        008s 12 0.9896 0.0005 0.0093 0.0006 
        009s 12 0.9676 0.0175 0.0087 0.0062 
        010s 12 0.9466 0.0010 0.0522 0.0003 
        011s 12 0.9966 0.0009 0.0019 0.0006 
        012s 12 0.9928 0.0004 0.0036 0.0032 
        013s 12 0.9580 0.0005 0.0006 0.0409 
        014s 12 0.9145 0.0034 0.0415 0.0406 
        015s 12 0.9948 0.0023 0.0020 0.0009 
        016s 12 0.9950 0.0005 0.0004 0.0041 
        017s 12 0.9967 0.0003 0.0020 0.0010 
        018s 12 0.9954 0.0023 0.0007 0.0017 
        019s 12 0.9950 0.0029 0.0015 0.0006 
        020s 12 0.9561 0.0003 0.0429 0.0007 
        021s 12 0.9964 0.0005 0.0010 0.0021 
        022s 12 0.9680 0.0037 0.0242 0.0041 
        023s 12 0.9977 0.0009 0.0005 0.0009 
        024s 12 0.9987 0.0003 0.0005 0.0005 
        025s 12 0.9887 0.0049 0.0055 0.0009 
        026s 12 0.9765 0.0164 0.0062 0.0009 
        027s 12 0.9971 0.0004 0.0021 0.0004 
        028s 12 0.9857 0.0111 0.0006 0.0025 
        029s 12 0.9980 0.0004 0.0005 0.0011 
        030s 12 0.9981 0.0005 0.0009 0.0005 
        031s 12 0.9939 0.0008 0.0025 0.0028 
        032s 12 0.9916 0.0073 0.0003 0.0008 
        033s 12 0.9945 0.0005 0.0046 0.0004 
        034s 12 0.9987 0.0006 0.0003 0.0004 
        035s 12 0.9933 0.0006 0.0056 0.0005 
        036s 12 0.9833 0.0024 0.0134 0.0009 
        037s 12 0.9975 0.0010 0.0006 0.0009 
        001s 13 0.9945 0.0010 0.0022 0.0024 
        002s 13 0.9410 0.0003 0.0578 0.0008 
        003s 13 0.9975 0.0008 0.0005 0.0011 
        004s 13 0.9856 0.0111 0.0005 0.0029 
        005s 13 0.9879 0.0025 0.0079 0.0017 
        006s 13 0.9973 0.0008 0.0013 0.0006 
        007s 13 0.9883 0.0006 0.0103 0.0008 
        008s 13 0.9619 0.0017 0.0356 0.0008 
        009s 13 0.8743 0.0106 0.1138 0.0012 
        010s 13 0.9536 0.0009 0.0448 0.0007 
        011s 13 0.9526 0.0062 0.0387 0.0025 
        012s 13 0.9317 0.0025 0.0429 0.0229 
        013s 13 0.9467 0.0008 0.0461 0.0064 
        014s 13 0.9864 0.0009 0.0099 0.0027 
        015s 13 0.9788 0.0122 0.0020 0.0070 
        016s 13 0.9980 0.0006 0.0003 0.0011 
        017s 13 0.9518 0.0032 0.0444 0.0006 
        018s 13 0.9984 0.0005 0.0005 0.0006 
        019s 13 0.9979 0.0003 0.0009 0.0008 
        020s 13 0.9930 0.0019 0.0048 0.0003 
        021s 13 0.9976 0.0005 0.0006 0.0013 
        022s 13 0.9977 0.0005 0.0010 0.0008 
        023s 13 0.9987 0.0004 0.0006 0.0003 
        024s 13 0.9305 0.0012 0.0271 0.0413 
        025s 13 0.9965 0.0009 0.0006 0.0020 
        026s 13 0.8892 0.0005 0.1010 0.0094 
        027s 13 0.9594 0.0050 0.0339 0.0017 
        028s 13 0.9595 0.0095 0.0279 0.0031 
        029s 13 0.9908 0.0005 0.0073 0.0014 
        030s 13 0.9392 0.0006 0.0130 0.0473 
        031s 13 0.8934 0.0012 0.0037 0.1016 
        032s 13 0.9980 0.0005 0.0010 0.0004 
        033s 13 0.9518 0.0008 0.0467 0.0007 
        034s 13 0.9483 0.0021 0.0487 0.0009 
        035s 13 0.9947 0.0016 0.0006 0.0031 
        036s 13 0.9979 0.0005 0.0011 0.0004 
        037s 13 0.9976 0.0007 0.0004 0.0013 
        038s 13 0.9960 0.0011 0.0020 0.0009 
        039s 13 0.8323 0.0008 0.0826 0.0842 
        040s 13 0.9973 0.0005 0.0010 0.0012 
        041s 13 0.9334 0.0004 0.0650 0.0012 
        042s 13 0.9978 0.0007 0.0007 0.0008 
        001s 14 0.9912 0.0012 0.0066 0.0009 
        002s 14 0.9348 0.0045 0.0595 0.0011 
        003s 14 0.9981 0.0005 0.0006 0.0008 
        004s 14 0.9766 0.0007 0.0190 0.0037 
        005s 14 0.9987 0.0005 0.0002 0.0006 
        006s 14 0.9988 0.0004 0.0006 0.0003 
        007s 14 0.9973 0.0004 0.0011 0.0012 
        008s 14 0.8920 0.0198 0.0849 0.0032 
        009s 14 0.9915 0.0060 0.0014 0.0010 
        010s 14 0.9703 0.0205 0.0077 0.0015 
        011s 14 0.9390 0.0009 0.0594 0.0007 
        012s 14 0.9963 0.0013 0.0011 0.0013 
        013s 14 0.9927 0.0006 0.0017 0.0049 
        014s 14 0.9825 0.0089 0.0078 0.0009 
        015s 14 0.9882 0.0089 0.0008 0.0022 
        016s 14 0.9893 0.0006 0.0004 0.0097 
        017s 14 0.9224 0.0009 0.0761 0.0006 
        018s 14 0.9972 0.0010 0.0006 0.0012 
        019s 14 0.9968 0.0004 0.0022 0.0007 
        020s 14 0.9906 0.0079 0.0005 0.0010 
        021s 14 0.9882 0.0101 0.0012 0.0005 
        022s 14 0.9888 0.0023 0.0077 0.0013 
        023s 14 0.9931 0.0022 0.0016 0.0030 
        024s 14 0.9546 0.0039 0.0394 0.0021 
        025s 14 0.9958 0.0004 0.0034 0.0004 
        026s 14 0.9969 0.0018 0.0004 0.0009 
        027s 14 0.9956 0.0007 0.0010 0.0027 
        028s 14 0.9961 0.0022 0.0010 0.0007 
        029s 14 0.9979 0.0007 0.0003 0.0012 
        030s 14 0.9953 0.0006 0.0037 0.0004 
        031s 14 0.9964 0.0005 0.0017 0.0014 
        032s 14 0.9962 0.0004 0.0013 0.0021 
        033s 14 0.9751 0.0007 0.0237 0.0005 
        034s 14 0.9983 0.0007 0.0004 0.0006 
        035s 14 0.8418 0.0002 0.1576 0.0004 
        036s 14 0.8843 0.0019 0.1080 0.0058 
        037s 14 0.9961 0.0009 0.0005 0.0025 
        038s 14 0.9985 0.0005 0.0007 0.0003 
        039s 14 0.9899 0.0032 0.0023 0.0046 
        040s 14 0.9955 0.0004 0.0031 0.0010 
        041s 14 0.9978 0.0005 0.0011 0.0006 
        042s 14 0.9712 0.0013 0.0255 0.0020 
        001s 15 0.9973 0.0008 0.0006 0.0013 
        002s 15 0.8899 0.0074 0.0882 0.0145 
        003s 15 0.9882 0.0012 0.0028 0.0077 
        004s 15 0.9910 0.0082 0.0005 0.0002 
        005s 15 0.9800 0.0009 0.0128 0.0063 
        006s 15 0.9904 0.0007 0.0080 0.0009 
        007s 15 0.9981 0.0011 0.0004 0.0005 
        008s 15 0.9986 0.0005 0.0004 0.0004 
        009s 15 0.9261 0.0008 0.0393 0.0338 
        010s 15 0.9978 0.0003 0.0007 0.0012 
        011s 15 0.9433 0.0003 0.0554 0.0010 
        012s 15 0.9935 0.0013 0.0035 0.0017 
        013s 15 0.9943 0.0038 0.0006 0.0013 
        014s 15 0.9897 0.0039 0.0015 0.0049 
        015s 15 0.9099 0.0011 0.0797 0.0093 
        016s 15 0.8840 0.0280 0.0879 0.0002 
        017s 15 0.9788 0.0187 0.0009 0.0016 
        018s 15 0.9969 0.0021 0.0005 0.0005 
        019s 15 0.9932 0.0007 0.0020 0.0040 
        020s 15 0.9983 0.0005 0.0007 0.0005 
        021s 15 0.9317 0.0025 0.0616 0.0041 
        022s 15 0.9978 0.0006 0.0011 0.0005 
        023s 15 0.9742 0.0005 0.0245 0.0008 
        024s 15 0.9972 0.0004 0.0018 0.0006 
        025s 15 0.9674 0.0013 0.0038 0.0275 
        026s 15 0.9733 0.0029 0.0009 0.0229 
        027s 15 0.9809 0.0105 0.0079 0.0007 
        028s 15 0.9962 0.0021 0.0008 0.0010 
        029s 15 0.9968 0.0014 0.0007 0.0010 
        030s 15 0.9974 0.0015 0.0005 0.0006 
        031s 15 0.9419 0.0013 0.0474 0.0094 
        032s 15 0.9971 0.0007 0.0003 0.0019 
        033s 15 0.9610 0.0009 0.0378 0.0003 
        035s 15 0.9942 0.0019 0.0032 0.0007 
        036s 15 0.9952 0.0002 0.0010 0.0035 
        037s 15 0.9955 0.0006 0.0030 0.0009 
        038s 15 0.9968 0.0009 0.0020 0.0003 
        039s 15 0.9693 0.0004 0.0299 0.0004 
        040s 15 0.9907 0.0035 0.0051 0.0007 
        041s 15 0.9187 0.0005 0.0780 0.0028 
        042s 15 0.9952 0.0026 0.0013 0.0008 
        043s 15 0.9934 0.0002 0.0047 0.0017 
        044s 15 0.9949 0.0010 0.0033 0.0007 
        045s 15 0.8899 0.0021 0.0295 0.0786 
        046s 15 0.9691 0.0005 0.0295 0.0009 
        047s 15 0.9748 0.0004 0.0244 0.0005 
        048s 15 0.9818 0.0012 0.0006 0.0164 
        049s 15 0.9878 0.0004 0.0114 0.0005 
        050s 15 0.8747 0.0163 0.1049 0.0042 
         001 16 0.8106 0.0035 0.1853 0.0005 
         002 16 0.9748 0.0002 0.0244 0.0005 
         003 16 0.9862 0.0029 0.0094 0.0015 
         004 16 0.9972 0.0006 0.0009 0.0014 
         005 16 0.9162 0.0026 0.0504 0.0309 
         006 16 0.9731 0.0008 0.0117 0.0143 
         007 16 0.9958 0.0008 0.0017 0.0017 
         008 16 0.8619 0.0007 0.1367 0.0007 
         009 16 0.9978 0.0009 0.0008 0.0005 
         010 16 0.9936 0.0006 0.0047 0.0011 
         011 16 0.9932 0.0005 0.0045 0.0017 
         012 16 0.9967 0.0010 0.0014 0.0009 
         013 16 0.9985 0.0005 0.0004 0.0005 
         014 16 0.9833 0.0015 0.0149 0.0003 
         015 16 0.6308 0.0015 0.0007 0.3669 
         016 16 0.9821 0.0049 0.0008 0.0122 
         017 16 0.9810 0.0008 0.0172 0.0010 
         018 16 0.9215 0.0090 0.0374 0.0321 
         019 16 0.9296 0.0013 0.0685 0.0006 
         020 16 0.9983 0.0010 0.0003 0.0004 
         021 16 0.8703 0.0030 0.1257 0.0011 
         022 16 0.9934 0.0012 0.0020 0.0034 
         023 16 0.9830 0.0005 0.0056 0.0109 
         024 16 0.9704 0.0012 0.0013 0.0272 
         025 16 0.9244 0.0009 0.0725 0.0022 
         026 16 0.8914 0.0004 0.1037 0.0045 
         027 16 0.9863 0.0102 0.0021 0.0015 
         028 16 0.8187 0.0165 0.1644 0.0004 
         029 16 0.9616 0.0012 0.0363 0.0008 
         030 16 0.9974 0.0003 0.0019 0.0004 
         031 16 0.9857 0.0124 0.0013 0.0006 
         032 16 0.9212 0.0007 0.0707 0.0075 
         033 16 0.9985 0.0003 0.0009 0.0002 
         034 16 0.9937 0.0004 0.0046 0.0012 
         035 16 0.9990 0.0005 0.0003 0.0002 
         036 16 0.9964 0.0016 0.0005 0.0015 
         037 16 0.9444 0.0006 0.0523 0.0027 
         038 16 0.9898 0.0016 0.0014 0.0072 
         039 16 0.9978 0.0010 0.0007 0.0006 
         040 16 0.9966 0.0005 0.0014 0.0015 
         041 16 0.9975 0.0003 0.0008 0.0013 
         042 16 0.9962 0.0021 0.0011 0.0007 
         043 16 0.9975 0.0009 0.0006 0.0010 
         044 16 0.9943 0.0018 0.0028 0.0012 
         045 16 0.9903 0.0022 0.0073 0.0002 
         047 16 0.9539 0.0068 0.0384 0.0009 
         048 16 0.9947 0.0007 0.0040 0.0006 
         049 16 0.9950 0.0007 0.0010 0.0033 
         050 16 0.9982 0.0006 0.0009 0.0003 
         051 16 0.9961 0.0014 0.0020 0.0005 
         052 16 0.9987 0.0005 0.0002 0.0006 
         053 16 0.9982 0.0008 0.0004 0.0006 
         054 16 0.9569 0.0009 0.0414 0.0009 
         055 16 0.9189 0.0003 0.0805 0.0003 
         056 16 0.9907 0.0007 0.0007 0.0079 
         057 16 0.9475 0.0006 0.0516 0.0003 
         058 16 0.8767 0.0003 0.1048 0.0183 
         059 16 0.8063 0.0026 0.0977 0.0933 
         060 16 0.9891 0.0014 0.0015 0.0079 
         061 16 0.9961 0.0006 0.0018 0.0015 
         062 16 0.9950 0.0016 0.0029 0.0004 
         063 16 0.9973 0.0007 0.0014 0.0006 
         064 16 0.9972 0.0005 0.0004 0.0020 
         065 16 0.9935 0.0016 0.0026 0.0024 
         066 16 0.9979 0.0012 0.0003 0.0006 
         067 16 0.9214 0.0008 0.0027 0.0751 
         068 16 0.9648 0.0008 0.0040 0.0304 
         069 16 0.9945 0.0044 0.0006 0.0005 
         070 16 0.9939 0.0023 0.0031 0.0007 
         071 16 0.9033 0.0004 0.0958 0.0005 
         072 16 0.9957 0.0009 0.0024 0.0009 
         073 16 0.9974 0.0006 0.0016 0.0004 
         074 16 0.9988 0.0005 0.0004 0.0003 
         075 16 0.9638 0.0004 0.0347 0.0010 
         076 16 0.9978 0.0007 0.0010 0.0005 
         077 16 0.8893 0.0300 0.0203 0.0603 
         078 16 0.9930 0.0008 0.0035 0.0027 
         079 16 0.9082 0.0021 0.0882 0.0015 
         080 16 0.9974 0.0004 0.0007 0.0014 
         081 16 0.9400 0.0012 0.0582 0.0007 
         082 16 0.9595 0.0004 0.0396 0.0004 
         083 16 0.9967 0.0007 0.0011 0.0015 
         084 16 0.9931 0.0031 0.0026 0.0013 
         085 16 0.9891 0.0013 0.0009 0.0086 
         086 16 0.8838 0.0005 0.1150 0.0007 
         087 16 0.9825 0.0016 0.0156 0.0003 
         088 16 0.9966 0.0005 0.0005 0.0024 
         089 16 0.9939 0.0011 0.0040 0.0010 
         090 16 0.9953 0.0014 0.0027 0.0006 
         091 16 0.9973 0.0007 0.0014 0.0006 
         092 16 0.9880 0.0005 0.0105 0.0010 
         093 16 0.9965 0.0021 0.0008 0.0006 
         094 16 0.9511 0.0051 0.0020 0.0418 
         095 16 0.9976 0.0016 0.0004 0.0004 
         096 16 0.9849 0.0005 0.0119 0.0027 
         097 16 0.8794 0.0017 0.1128 0.0061 
         098 16 0.9870 0.0082 0.0006 0.0042 
         099 16 0.9921 0.0007 0.0004 0.0069 
         100 16 0.9969 0.0006 0.0006 0.0018 
         101 16 0.9868 0.0006 0.0065 0.0060 
         102 16 0.9966 0.0004 0.0018 0.0012 
         103 16 0.9918 0.0034 0.0025 0.0024 
         104 16 0.9944 0.0003 0.0012 0.0041 
         105 16 0.8837 0.0070 0.1026 0.0067 
         106 16 0.9965 0.0005 0.0011 0.0020 
         107 16 0.9440 0.0503 0.0014 0.0043 
         108 16 0.6522 0.0713 0.1040 0.1724 
         109 16 0.9776 0.0006 0.0213 0.0005 
         110 16 0.9980 0.0003 0.0004 0.0013 
         111 16 0.9820 0.0009 0.0154 0.0017 
         112 16 0.9899 0.0010 0.0075 0.0016 
         113 16 0.9385 0.0007 0.0602 0.0005 
         114 16 0.9900 0.0058 0.0029 0.0014 
         115 16 0.9984 0.0003 0.0005 0.0008 
         116 16 0.9943 0.0005 0.0040 0.0011 
         117 16 0.9810 0.0043 0.0139 0.0007 
         118 16 0.9861 0.0007 0.0010 0.0122 
         119 16 0.9952 0.0022 0.0015 0.0011 
         120 16 0.9966 0.0012 0.0018 0.0004 
         121 16 0.9683 0.0003 0.0023 0.0292 
         122 16 0.9987 0.0003 0.0004 0.0006 
         123 16 0.9935 0.0026 0.0034 0.0005 
         124 16 0.9940 0.0004 0.0043 0.0013 
         126 16 0.8608 0.0018 0.1344 0.0030 
         001 17 0.9886 0.0091 0.0017 0.0005 
         002 17 0.9981 0.0006 0.0009 0.0004 
         003 17 0.9979 0.0012 0.0006 0.0004 
         005 17 0.9734 0.0258 0.0004 0.0003 
         006 17 0.9527 0.0012 0.0455 0.0006 
         007 17 0.8391 0.0028 0.1332 0.0249 
         008 17 0.8757 0.0007 0.1226 0.0010 
         009 17 0.9986 0.0006 0.0003 0.0004 
         010 17 0.9973 0.0005 0.0010 0.0012 
         011 17 0.4956 0.0023 0.1121 0.3900 
         012 17 0.9959 0.0007 0.0013 0.0021 
         013 17 0.9988 0.0007 0.0003 0.0003 
         014 17 0.9980 0.0012 0.0004 0.0004 
         015 17 0.9964 0.0006 0.0026 0.0004 
         016 17 0.9983 0.0005 0.0007 0.0005 
         017 17 0.9961 0.0009 0.0017 0.0013 
         018 17 0.9593 0.0200 0.0203 0.0005 
         019 17 0.9982 0.0007 0.0003 0.0008 
         020 17 0.9981 0.0004 0.0009 0.0006 
         021 17 0.9982 0.0006 0.0004 0.0008 
         022 17 0.9329 0.0120 0.0535 0.0015 
         023 17 0.9955 0.0023 0.0016 0.0006 
         024 17 0.9188 0.0015 0.0770 0.0027 
         025 17 0.9988 0.0003 0.0006 0.0003 
         002 18 0.9939 0.0042 0.0003 0.0017 
         003 18 0.9981 0.0004 0.0003 0.0012 
         004 18 0.9803 0.0044 0.0144 0.0010 
         005 18 0.9667 0.0008 0.0017 0.0308 
         006 18 0.9984 0.0004 0.0003 0.0009 
         007 18 0.9941 0.0023 0.0032 0.0004 
         008 18 0.9978 0.0003 0.0004 0.0015 
         009 18 0.9824 0.0012 0.0144 0.0019 
         010 18 0.9886 0.0025 0.0008 0.0081 
         011 18 0.9954 0.0017 0.0008 0.0021 
         012 18 0.9926 0.0006 0.0041 0.0027 
         015 18 0.9968 0.0004 0.0011 0.0017 
         016 18 0.9940 0.0005 0.0050 0.0004 
         018 18 0.9873 0.0065 0.0004 0.0058 
         026 18 0.9952 0.0027 0.0015 0.0006 
         027 18 0.9962 0.0021 0.0003 0.0014 
         028 18 0.9688 0.0297 0.0011 0.0003 
         029 18 0.9976 0.0007 0.0011 0.0005 
         031 18 0.8106 0.0358 0.0724 0.0812 
         032 18 0.9980 0.0013 0.0004 0.0003 
         033 18 0.9971 0.0013 0.0008 0.0009 
         035 18 0.9981 0.0005 0.0008 0.0006 
         036 18 0.9910 0.0007 0.0007 0.0076 
         037 18 0.9690 0.0151 0.0061 0.0098 
         038 18 0.9256 0.0522 0.0193 0.0028 
         039 18 0.9982 0.0004 0.0004 0.0011 
         044 18 0.8685 0.0010 0.1299 0.0006 
         046 18 0.9561 0.0065 0.0007 0.0367 
         049 18 0.9982 0.0009 0.0005 0.0004 
         053 18 0.9968 0.0011 0.0015 0.0006 
         054 18 0.9940 0.0010 0.0040 0.0010 
         056 18 0.9858 0.0036 0.0064 0.0043 
         057 18 0.9954 0.0006 0.0008 0.0032 
         058 18 0.9910 0.0053 0.0009 0.0027 
        001s 19 0.9473 0.0004 0.0513 0.0010 
        002s 19 0.9962 0.0011 0.0018 0.0009 
        003s 19 0.9963 0.0006 0.0026 0.0004 
        004s 19 0.9682 0.0054 0.0019 0.0245 
        005s 19 0.8761 0.0059 0.0454 0.0725 
        006s 19 0.9948 0.0017 0.0019 0.0016 
        007s 19 0.9674 0.0005 0.0182 0.0139 
        008s 19 0.9459 0.0011 0.0367 0.0163 
        009s 19 0.9964 0.0005 0.0014 0.0018 
        010s 19 0.9775 0.0143 0.0077 0.0004 
        011s 19 0.9930 0.0052 0.0010 0.0008 
        012s 19 0.9948 0.0021 0.0026 0.0005 
        013s 19 0.9869 0.0006 0.0120 0.0005 
        014s 19 0.9104 0.0005 0.0730 0.0161 
        015s 19 0.9975 0.0006 0.0015 0.0004 
        016s 19 0.9392 0.0222 0.0024 0.0362 
        017s 19 0.9670 0.0025 0.0238 0.0067 
        018s 19 0.9947 0.0014 0.0016 0.0023 
        019s 19 0.9078 0.0005 0.0885 0.0032 
        020s 19 0.9195 0.0006 0.0792 0.0008 
        021s 19 0.9942 0.0014 0.0038 0.0005 
        022s 19 0.9893 0.0011 0.0090 0.0006 
        023s 19 0.9936 0.0020 0.0015 0.0029 
        024s 19 0.9950 0.0024 0.0003 0.0022 
        025s 19 0.9018 0.0011 0.0887 0.0084 
        026s 19 0.9856 0.0030 0.0083 0.0032 
        027s 19 0.9964 0.0009 0.0015 0.0012 
        028s 19 0.9928 0.0008 0.0060 0.0004 
        029s 19 0.9972 0.0019 0.0004 0.0006 
        030s 19 0.9943 0.0027 0.0024 0.0006 
        031s 19 0.9968 0.0004 0.0023 0.0005 
        032s 19 0.9980 0.0005 0.0012 0.0004 
        033s 19 0.9943 0.0012 0.0006 0.0039 
        034s 19 0.9975 0.0006 0.0008 0.0011 
        035s 19 0.9833 0.0031 0.0092 0.0044 
        036s 19 0.9973 0.0003 0.0007 0.0016 
        037s 19 0.9986 0.0008 0.0003 0.0003 
        038s 19 0.9948 0.0018 0.0021 0.0014 
        039s 19 0.9985 0.0005 0.0006 0.0004 
        040s 19 0.9936 0.0004 0.0055 0.0004 
        041s 19 0.9988 0.0003 0.0004 0.0006 
        042s 19 0.9723 0.0110 0.0019 0.0148 
        043s 19 0.9621 0.0017 0.0357 0.0004 
        044s 19 0.9974 0.0010 0.0003 0.0013 
        045s 19 0.9974 0.0009 0.0003 0.0013 
        046s 19 0.9921 0.0016 0.0017 0.0046 
        047s 19 0.9958 0.0006 0.0033 0.0003 
        048s 19 0.9002 0.0015 0.0978 0.0005 
        049s 19 0.9758 0.0004 0.0170 0.0068 
        050s 19 0.9984 0.0004 0.0006 0.0006 
        051s 19 0.9278 0.0006 0.0633 0.0083 
        052s 19 0.9968 0.0013 0.0011 0.0008 
      LIW2-4 20 0.9944 0.0022 0.0012 0.0021 
     LIW2-12 21 0.9104 0.0103 0.0005 0.0788 
     LIW2-20 22 0.9940 0.0041 0.0010 0.0010 
     LIW2-28 23 0.8976 0.0031 0.0237 0.0756 
      LIW1-5 24 0.9935 0.0021 0.0007 0.0037 
     LIW1-13 25 0.9140 0.0006 0.0715 0.0140 
     LIW1-21 26 0.9563 0.0081 0.0028 0.0329 
     LIW1-29 27 0.9619 0.0023 0.0183 0.0174 
      LIW2-5 28 0.9896 0.0075 0.0006 0.0022 
     LIW2-34 29 0.9878 0.0090 0.0003 0.0029 
     LIW2-21 30 0.8939 0.0012 0.0834 0.0215 
     LIW2-29 31 0.8130 0.0039 0.1790 0.0041 
      LIW1-6 32 0.9958 0.0010 0.0005 0.0027 
     LIW1-14 33 0.9168 0.0380 0.0444 0.0007 
     LIW1-22 34 0.9691 0.0253 0.0004 0.0052 
     LIW1-30 35 0.9945 0.0015 0.0010 0.0031 
      LIW2-6 36 0.9641 0.0032 0.0100 0.0227 
     LIW2-14 37 0.9921 0.0004 0.0010 0.0065 
     LIW2-22 38 0.8826 0.0006 0.0239 0.0930 
     LIW2-30 39 0.9537 0.0396 0.0005 0.0062 
      LIW1-7 40 0.9181 0.0130 0.0098 0.0591 
     LIW1-15 41 0.9831 0.0051 0.0005 0.0113 
     LIW1-23 42 0.9877 0.0025 0.0041 0.0057 
     LIW1-31 43 0.9890 0.0033 0.0026 0.0051 
      LIW2-7 44 0.9125 0.0059 0.0807 0.0010 
     LIW2-15 45 0.9411 0.0555 0.0006 0.0028 
     LIW2-23 46 0.9117 0.0008 0.0014 0.0861 
      LIW1-8 47 0.9956 0.0010 0.0007 0.0028 
     LIW1-16 48 0.9966 0.0010 0.0005 0.0019 
      LIW2-8 49 0.9944 0.0026 0.0005 0.0025 
     LIW2-16 50 0.6517 0.0036 0.3120 0.0327 
     LIW2-24 51 0.8009 0.0028 0.1854 0.0109 
     LIW2-32 52 0.9362 0.0070 0.0064 0.0504 
     LIW1-47 53 0.9759 0.0019 0.0081 0.0141 
      UMFS-1 54 0.0004 0.9992 0.0003 0.0001 
     UMFS-19 55 0.0001 0.9996 0.0002 0.0001 
     UMFS-31 56 0.1901 0.8089 0.0002 0.0008 
      UMFS-2 57 0.0619 0.9377 0.0002 0.0002 
     UMFS-10 58 0.1063 0.8928 0.0004 0.0004 
     UMFS-20 59 0.1532 0.8441 0.0023 0.0004 
     UMFS-32 60 0.0004 0.9989 0.0004 0.0002 
      UMFS-3 61 0.0001 0.9997 0.0001 0.0001 
     UMFS-11 62 0.5812 0.0005 0.4060 0.0124 
     UMFS-21 63 0.0509 0.9353 0.0073 0.0065 
     UMFS-33 64 0.0000 0.9999 0.0000 0.0000 
      UMFS-4 65 0.0001 0.9998 0.0001 0.0000 
     UMFS-22 66 0.0506 0.9474 0.0010 0.0009 
     UMFS-34 67 0.3238 0.5853 0.0107 0.0802 
      UMFS-5 68 0.0803 0.9178 0.0011 0.0008 
     UMFS-13 69 0.0013 0.9961 0.0008 0.0018 
     UMFS-23 70 0.2299 0.7685 0.0014 0.0002 
     UMFS-35 71 0.0001 0.9997 0.0001 0.0001 
      UMFS-6 72 0.0001 0.9998 0.0001 0.0001 
     UMFS-14 73 0.0000 0.9999 0.0000 0.0000 
     UMFS-24 74 0.2457 0.7505 0.0035 0.0003 
     UMFS-36 75 0.0000 0.9999 0.0000 0.0000 
      UMFS-7 76 0.3234 0.0003 0.5616 0.1148 
     UMFS-15 77 0.0001 0.9998 0.0001 0.0001 
     UMFS-25 78 0.1976 0.7923 0.0098 0.0002 
     UMFS-37 79 0.0001 0.9998 0.0001 0.0001 
      UMFS-8 80 0.0130 0.9843 0.0017 0.0009 
     UMFS-16 81 0.0001 0.9997 0.0001 0.0001 
     UMFS-26 82 0.3727 0.4827 0.0089 0.1357 
     UMFS-38 83 0.0001 0.9997 0.0001 0.0001 
      NEH1-2 84 0.0018 0.0013 0.0165 0.9804 
     NEH1-11 85 0.0019 0.0007 0.0321 0.9653 
     NEH1-20 86 0.1148 0.0043 0.0013 0.8796 
     NEH1-29 87 0.0007 0.0002 0.0003 0.9989 
      NEH2-2 88 0.0002 0.0002 0.0002 0.9994 
     NEH2-10 89 0.0048 0.0003 0.0004 0.9944 
     NEH2-18 90 0.0001 0.0002 0.0003 0.9993 
     NEH2-26 91 0.0009 0.0003 0.0006 0.9982 
      NEH1-3 92 0.1537 0.0003 0.0007 0.8453 
     NEH1-12 93 0.0002 0.0004 0.0508 0.9486 
     NEH1-21 94 0.0659 0.0002 0.0016 0.9323 
     NEH1-30 95 0.0754 0.0003 0.0066 0.9177 
      NEH2-3 96 0.0001 0.0001 0.0001 0.9996 
     NEH2-11 97 0.0005 0.0036 0.0027 0.9932 
     NEH2-19 98 0.0031 0.0027 0.0010 0.9932 
     NEH2-27 99 0.0001 0.0001 0.0001 0.9998 
      NEH1-4 100 0.0001 0.0002 0.0002 0.9995 
     NEH1-13 101 0.2276 0.0006 0.0012 0.7706 
     NEH1-22 102 0.1970 0.0009 0.0004 0.8017 
     NEH1-31 103 0.0006 0.0002 0.0003 0.9990 
      NEH2-4 104 0.0027 0.0017 0.0009 0.9947 
     NEH2-12 105 0.0006 0.0122 0.0405 0.9467 
     NEH2-20 106 0.1920 0.0010 0.0002 0.8068 
     NEH2-28 107 0.0012 0.0005 0.0024 0.9959 
      NEH1-5 108 0.1335 0.0003 0.0023 0.8639 
     NEH1-14 109 0.1610 0.0007 0.0696 0.7687 
     NEH1-23 110 0.2249 0.0032 0.0003 0.7716 
     NEH1-32 111 0.0008 0.0002 0.0012 0.9978 
      NEH2-5 112 0.0002 0.0002 0.0001 0.9995 
     NEH2-13 113 0.0013 0.0004 0.0057 0.9926 
     NEH2-22 114 0.0006 0.0007 0.0004 0.9983 
     NEH2-29 115 0.0311 0.0007 0.0004 0.9677 
      NEH1-6 116 0.0001 0.0002 0.0001 0.9996 
     NEH1-15 117 0.0013 0.0003 0.0428 0.9557 
     NEH1-24 118 0.0007 0.0014 0.0027 0.9952 
     NEH1-33 119 0.1223 0.0003 0.0004 0.8769 
      NEH2-6 120 0.0093 0.0074 0.0004 0.9829 
     NEH2-14 121 0.0033 0.0008 0.0013 0.9947 
     NEH2-21 122 0.0433 0.0011 0.0002 0.9553 
     NEH2-30 123 0.0002 0.0002 0.0002 0.9995 
      NEH1-7 124 0.0713 0.0009 0.0802 0.8476 
     NEH1-16 125 0.0003 0.0001 0.0003 0.9993 
     NEH1-25 126 0.1217 0.0021 0.0006 0.8757 
     NEH1-34 127 0.0514 0.0010 0.0128 0.9348 
      NEH2-7 128 0.0017 0.0020 0.0010 0.9953 
     NEH2-15 129 0.0001 0.0001 0.0001 0.9997 
     NEH2-23 130 0.0137 0.0014 0.0379 0.9470 
     NEH2-31 131 0.0002 0.0002 0.0001 0.9995 
      NEH1-8 132 0.1070 0.0003 0.0560 0.8366 
     NEH1-17 133 0.0015 0.0003 0.0960 0.9022 
     NEH1-26 134 0.1475 0.0020 0.0007 0.8498 
     NEH1-35 135 0.1830 0.0004 0.0020 0.8146 
      NEH2-8 136 0.0001 0.0001 0.0001 0.9997 
     NEH2-16 137 0.0007 0.0007 0.0004 0.9983 
     NEH2-24 138 0.0002 0.0005 0.0001 0.9993 
     NEH2-32 139 0.0004 0.0004 0.0587 0.9405 
      NEH1-1 140 0.0008 0.0012 0.0783 0.9196 
     NEH1-10 141 0.0002 0.0001 0.0003 0.9994 
     NEH1-19 142 0.1212 0.0003 0.0008 0.8777 
     NEH1-28 143 0.0005 0.0003 0.0420 0.9572 
      NEH2-1 144 0.0017 0.0003 0.0013 0.9967 
      NEH2-9 145 0.0004 0.0003 0.0002 0.9992 
     NEH2-17 146 0.0044 0.0006 0.0304 0.9646 
     NEH2-25 147 0.0004 0.0002 0.0010 0.9984 
