        001s  1 0.9978 0.0005 0.0006 0.0002 0.0009 
        002s  1 0.9963 0.0005 0.0008 0.0020 0.0005 
        003s  1 0.9787 0.0019 0.0057 0.0008 0.0130 
        004s  1 0.9564 0.0032 0.0065 0.0337 0.0003 
        005s  1 0.5622 0.0005 0.2271 0.2098 0.0002 
        006s  1 0.9978 0.0004 0.0004 0.0010 0.0004 
        007s  1 0.9935 0.0026 0.0028 0.0004 0.0008 
        008s  1 0.9933 0.0008 0.0041 0.0011 0.0007 
        009s  1 0.9262 0.0044 0.0648 0.0026 0.0020 
        010s  1 0.9912 0.0004 0.0068 0.0011 0.0005 
        011s  1 0.9912 0.0025 0.0010 0.0016 0.0037 
        012s  1 0.8665 0.0009 0.1216 0.0056 0.0054 
        013s  1 0.9657 0.0089 0.0017 0.0227 0.0010 
        014s  1 0.9423 0.0060 0.0288 0.0014 0.0215 
        015s  1 0.9983 0.0004 0.0005 0.0003 0.0005 
        016s  1 0.9900 0.0062 0.0026 0.0004 0.0007 
        018s  1 0.8470 0.0014 0.1485 0.0023 0.0008 
        019s  1 0.9785 0.0007 0.0154 0.0005 0.0048 
        020s  1 0.9842 0.0077 0.0005 0.0002 0.0074 
        021s  1 0.9836 0.0059 0.0002 0.0093 0.0011 
        022s  1 0.9986 0.0006 0.0002 0.0002 0.0004 
        023s  1 0.9906 0.0078 0.0003 0.0004 0.0010 
        024s  1 0.9969 0.0007 0.0011 0.0009 0.0004 
        025s  1 0.9899 0.0011 0.0070 0.0014 0.0005 
        026s  1 0.9840 0.0102 0.0007 0.0009 0.0043 
        027s  1 0.9871 0.0023 0.0013 0.0090 0.0004 
        028s  1 0.8908 0.0005 0.0549 0.0526 0.0012 
        029s  1 0.9928 0.0005 0.0009 0.0004 0.0054 
        030s  1 0.9861 0.0007 0.0010 0.0034 0.0089 
        031s  1 0.9982 0.0010 0.0003 0.0002 0.0003 
        032s  1 0.9972 0.0006 0.0005 0.0006 0.0011 
        033s  1 0.9926 0.0010 0.0048 0.0008 0.0009 
        034s  1 0.9444 0.0507 0.0010 0.0009 0.0029 
        035s  1 0.9946 0.0008 0.0013 0.0018 0.0015 
        036s  1 0.9037 0.0013 0.0937 0.0008 0.0005 
        037s  1 0.8340 0.0471 0.1105 0.0073 0.0011 
        038s  1 0.9966 0.0010 0.0012 0.0005 0.0007 
        039s  1 0.9745 0.0003 0.0002 0.0240 0.0009 
        040s  1 0.9920 0.0027 0.0007 0.0040 0.0006 
        041s  1 0.9942 0.0024 0.0023 0.0004 0.0007 
        042s  1 0.8425 0.0807 0.0759 0.0005 0.0004 
        043s  1 0.9811 0.0004 0.0163 0.0010 0.0012 
        044s  1 0.8796 0.0098 0.0941 0.0134 0.0032 
        045s  1 0.9925 0.0009 0.0050 0.0007 0.0009 
        046s  1 0.9963 0.0005 0.0012 0.0003 0.0018 
        047s  1 0.9928 0.0047 0.0010 0.0002 0.0013 
        048s  1 0.9355 0.0006 0.0634 0.0002 0.0003 
        049s  1 0.9973 0.0004 0.0005 0.0012 0.0006 
        050s  1 0.8955 0.0005 0.1016 0.0021 0.0004 
        051s  1 0.9715 0.0007 0.0003 0.0004 0.0271 
        052s  1 0.9647 0.0014 0.0054 0.0098 0.0187 
        053s  1 0.9972 0.0005 0.0015 0.0005 0.0003 
        054s  1 0.9935 0.0012 0.0002 0.0028 0.0024 
        055s  1 0.8332 0.0740 0.0898 0.0007 0.0023 
          01  2 0.8451 0.0009 0.1230 0.0011 0.0300 
          02  2 0.9827 0.0008 0.0135 0.0019 0.0011 
          03  2 0.9964 0.0013 0.0014 0.0007 0.0003 
          04  2 0.9678 0.0119 0.0019 0.0177 0.0006 
          05  2 0.8691 0.0003 0.1301 0.0003 0.0001 
          06  2 0.9660 0.0008 0.0313 0.0014 0.0005 
          07  2 0.9892 0.0008 0.0070 0.0021 0.0009 
          08  2 0.9134 0.0006 0.0851 0.0003 0.0006 
          09  2 0.9894 0.0003 0.0005 0.0003 0.0096 
          10  2 0.9969 0.0003 0.0015 0.0008 0.0005 
          11  2 0.9785 0.0019 0.0076 0.0010 0.0110 
          12  2 0.9967 0.0004 0.0006 0.0006 0.0017 
          13  2 0.9978 0.0004 0.0004 0.0005 0.0009 
          14  2 0.9665 0.0251 0.0004 0.0055 0.0025 
          15  2 0.9966 0.0013 0.0006 0.0004 0.0012 
          16  2 0.9336 0.0037 0.0009 0.0578 0.0040 
          17  2 0.9958 0.0011 0.0016 0.0007 0.0008 
          18  2 0.9780 0.0009 0.0163 0.0030 0.0018 
          19  2 0.9942 0.0032 0.0011 0.0003 0.0013 
          20  2 0.9292 0.0074 0.0556 0.0070 0.0008 
          21  2 0.9815 0.0004 0.0011 0.0004 0.0166 
          22  2 0.9826 0.0076 0.0019 0.0033 0.0046 
          23  2 0.9945 0.0017 0.0012 0.0018 0.0008 
          24  2 0.9977 0.0007 0.0004 0.0005 0.0007 
          25  2 0.9660 0.0010 0.0018 0.0296 0.0016 
          26  2 0.9976 0.0002 0.0010 0.0004 0.0008 
          27  2 0.9692 0.0021 0.0010 0.0265 0.0012 
          28  2 0.9938 0.0039 0.0014 0.0002 0.0008 
          29  2 0.9972 0.0002 0.0010 0.0007 0.0010 
          30  2 0.7511 0.0841 0.1590 0.0004 0.0054 
          01  3 0.3420 0.0080 0.4288 0.2208 0.0004 
          02  3 0.1284 0.0043 0.3297 0.4646 0.0730 
          03  3 0.3662 0.0006 0.3179 0.3150 0.0003 
          04  3 0.1799 0.0013 0.4638 0.3543 0.0007 
          05  3 0.0006 0.1200 0.3619 0.4030 0.1144 
          06  3 0.0780 0.0005 0.4207 0.5006 0.0003 
          07  3 0.3703 0.0002 0.3785 0.2501 0.0008 
          08  3 0.2944 0.0038 0.3738 0.3240 0.0040 
          09  3 0.2997 0.0010 0.4301 0.2690 0.0002 
          10  3 0.0098 0.1385 0.2047 0.4238 0.2232 
          11  3 0.2788 0.0002 0.4147 0.3062 0.0002 
          12  3 0.2645 0.0003 0.4206 0.3142 0.0004 
          13  3 0.0014 0.0002 0.4588 0.5268 0.0128 
          14  3 0.0042 0.1562 0.3333 0.4599 0.0465 
          15  3 0.3419 0.0013 0.3800 0.2764 0.0003 
          16  3 0.0810 0.0034 0.3073 0.6058 0.0025 
          17  3 0.3991 0.0009 0.4206 0.1786 0.0007 
          18  3 0.0062 0.2824 0.2052 0.3395 0.1668 
          19  3 0.1639 0.0026 0.3663 0.4668 0.0003 
          20  3 0.1763 0.0546 0.4563 0.3126 0.0002 
          21  3 0.2465 0.0042 0.3692 0.3789 0.0011 
          22  3 0.2762 0.0025 0.4907 0.2304 0.0003 
          23  3 0.2284 0.0013 0.4100 0.3602 0.0002 
          24  3 0.0552 0.0011 0.4905 0.2857 0.1675 
          25  3 0.0004 0.1303 0.3121 0.3075 0.2497 
          26  3 0.2184 0.0005 0.4378 0.3426 0.0007 
          27  3 0.0804 0.1708 0.2510 0.3700 0.1278 
          28  3 0.0839 0.0002 0.4471 0.4677 0.0011 
          29  3 0.1715 0.0095 0.3926 0.4239 0.0026 
          30  3 0.2987 0.0002 0.4499 0.2502 0.0009 
         001  4 0.0001 0.0001 0.9997 0.0001 0.0001 
         002  4 0.0001 0.0001 0.9993 0.0002 0.0002 
         003  4 0.0001 0.0001 0.9997 0.0001 0.0001 
         004  4 0.0001 0.0001 0.9996 0.0001 0.0001 
         005  4 0.0001 0.0001 0.9993 0.0001 0.0004 
         006  4 0.0004 0.0002 0.9295 0.0697 0.0002 
         007  4 0.0031 0.0006 0.9454 0.0507 0.0002 
         008  4 0.0006 0.0037 0.9932 0.0003 0.0022 
         009  4 0.0001 0.0001 0.9996 0.0001 0.0001 
         010  4 0.0001 0.0001 0.9984 0.0015 0.0001 
         011  4 0.0007 0.0348 0.9485 0.0158 0.0003 
         012  4 0.0001 0.0001 0.9997 0.0001 0.0001 
         013  4 0.0001 0.0001 0.9998 0.0001 0.0000 
         014  4 0.0001 0.0001 0.9995 0.0001 0.0001 
         015  4 0.0000 0.0000 0.9998 0.0001 0.0000 
         016  4 0.0001 0.0001 0.9997 0.0001 0.0001 
         017  4 0.0001 0.0001 0.9996 0.0001 0.0001 
         019  4 0.0003 0.0005 0.9184 0.0805 0.0003 
         020  4 0.0001 0.0001 0.9995 0.0001 0.0002 
         021  4 0.0004 0.0003 0.9951 0.0039 0.0003 
         001  5 0.0003 0.0333 0.9655 0.0002 0.0007 
         002  5 0.0368 0.0024 0.9592 0.0003 0.0012 
         003  5 0.1680 0.0019 0.7592 0.0707 0.0002 
         004  5 0.0532 0.0042 0.9420 0.0004 0.0002 
         005  5 0.0003 0.0004 0.9985 0.0006 0.0001 
         006  5 0.0005 0.0002 0.9011 0.0978 0.0004 
         007  5 0.0002 0.0002 0.9150 0.0843 0.0003 
         008  5 0.0001 0.0001 0.9978 0.0018 0.0002 
         009  5 0.0645 0.0007 0.9323 0.0023 0.0002 
         010  5 0.0015 0.0020 0.9312 0.0649 0.0004 
         011  5 0.0010 0.0022 0.9961 0.0004 0.0002 
         012  5 0.0472 0.0023 0.8726 0.0766 0.0012 
         013  5 0.1949 0.0006 0.7559 0.0482 0.0004 
         014  5 0.1705 0.0120 0.7078 0.0926 0.0172 
         015  5 0.0002 0.0002 0.9802 0.0193 0.0001 
         016  5 0.0019 0.0003 0.9424 0.0549 0.0005 
         017  5 0.0304 0.0002 0.8862 0.0800 0.0033 
         018  5 0.0289 0.0290 0.8821 0.0289 0.0311 
         019  5 0.0002 0.0011 0.9947 0.0002 0.0038 
         020  5 0.0001 0.0001 0.9995 0.0001 0.0001 
         021  5 0.1333 0.0022 0.8639 0.0003 0.0002 
         022  5 0.0052 0.0542 0.9342 0.0039 0.0025 
         023  5 0.0017 0.0022 0.9709 0.0247 0.0005 
         024  5 0.0450 0.0003 0.8935 0.0609 0.0003 
         025  5 0.0272 0.0008 0.8991 0.0715 0.0015 
         026  5 0.1431 0.0004 0.8453 0.0107 0.0004 
         027  5 0.0002 0.0001 0.9994 0.0002 0.0001 
         028  5 0.0049 0.0125 0.9319 0.0494 0.0012 
         029  5 0.0004 0.0002 0.9982 0.0011 0.0002 
         030  5 0.0007 0.0012 0.9941 0.0005 0.0035 
        001s  6 0.9555 0.0164 0.0009 0.0266 0.0005 
        002s  6 0.9336 0.0010 0.0439 0.0004 0.0210 
        003s  6 0.9840 0.0022 0.0127 0.0004 0.0006 
        004s  6 0.9983 0.0005 0.0003 0.0004 0.0004 
        006s  6 0.9107 0.0140 0.0638 0.0104 0.0011 
        007s  6 0.9963 0.0004 0.0006 0.0019 0.0009 
        008s  6 0.9882 0.0052 0.0029 0.0006 0.0031 
        009s  6 0.9978 0.0007 0.0003 0.0003 0.0008 
        010s  6 0.9611 0.0118 0.0123 0.0059 0.0089 
        011s  6 0.9960 0.0012 0.0005 0.0021 0.0002 
        012s  6 0.9931 0.0011 0.0005 0.0032 0.0020 
        013s  6 0.9974 0.0004 0.0010 0.0006 0.0006 
        014s  6 0.9135 0.0002 0.0858 0.0003 0.0002 
        015s  6 0.9791 0.0057 0.0072 0.0071 0.0009 
        016s  6 0.9978 0.0006 0.0002 0.0009 0.0005 
        018s  6 0.7295 0.0017 0.2673 0.0010 0.0006 
        019s  6 0.9860 0.0024 0.0095 0.0015 0.0006 
        020s  6 0.9976 0.0004 0.0004 0.0007 0.0009 
        021s  6 0.9807 0.0037 0.0014 0.0129 0.0014 
        022s  6 0.9951 0.0033 0.0009 0.0003 0.0004 
        023s  6 0.9705 0.0010 0.0277 0.0005 0.0003 
        024s  6 0.9668 0.0007 0.0295 0.0015 0.0015 
        025s  6 0.9263 0.0707 0.0020 0.0008 0.0003 
        026s  6 0.9971 0.0004 0.0004 0.0006 0.0016 
        027s  6 0.9973 0.0004 0.0007 0.0003 0.0013 
        028s  6 0.9230 0.0087 0.0097 0.0127 0.0460 
        029s  6 0.9969 0.0011 0.0004 0.0003 0.0013 
        030s  6 0.9193 0.0061 0.0724 0.0005 0.0017 
        031s  6 0.9940 0.0004 0.0017 0.0035 0.0004 
        032s  6 0.9918 0.0005 0.0057 0.0016 0.0004 
        033s  6 0.9077 0.0007 0.0909 0.0003 0.0003 
        034s  6 0.9840 0.0130 0.0011 0.0016 0.0004 
        035s  6 0.8490 0.0006 0.1483 0.0003 0.0018 
        036s  6 0.9919 0.0014 0.0006 0.0059 0.0002 
        037s  6 0.9953 0.0011 0.0009 0.0007 0.0019 
        038s  6 0.9967 0.0005 0.0002 0.0017 0.0010 
        039s  6 0.9979 0.0008 0.0002 0.0003 0.0008 
        040s  6 0.9959 0.0004 0.0003 0.0031 0.0004 
        041s  6 0.9431 0.0028 0.0498 0.0002 0.0041 
        042s  6 0.9316 0.0554 0.0094 0.0007 0.0029 
        043s  6 0.9917 0.0066 0.0005 0.0008 0.0003 
        044s  6 0.9959 0.0006 0.0006 0.0003 0.0025 
        045s  6 0.9927 0.0021 0.0038 0.0004 0.0009 
        001s  7 0.9969 0.0008 0.0014 0.0005 0.0003 
        002s  7 0.9768 0.0011 0.0201 0.0010 0.0010 
        003s  7 0.9950 0.0010 0.0018 0.0013 0.0009 
        004s  7 0.9949 0.0005 0.0008 0.0030 0.0008 
        005s  7 0.9845 0.0024 0.0107 0.0020 0.0004 
        006s  7 0.9374 0.0044 0.0566 0.0013 0.0004 
        007s  7 0.9705 0.0020 0.0043 0.0056 0.0177 
        008s  7 0.9722 0.0010 0.0245 0.0004 0.0020 
        009s  7 0.9830 0.0124 0.0022 0.0018 0.0007 
        010s  7 0.9958 0.0015 0.0014 0.0002 0.0010 
        011s  7 0.9973 0.0008 0.0005 0.0006 0.0007 
        012s  7 0.9983 0.0005 0.0003 0.0005 0.0005 
        013s  7 0.9879 0.0040 0.0003 0.0073 0.0005 
        014s  7 0.9629 0.0003 0.0356 0.0007 0.0005 
        015s  7 0.9830 0.0008 0.0137 0.0013 0.0013 
        016s  7 0.8809 0.0015 0.1171 0.0002 0.0002 
        017s  7 0.9975 0.0005 0.0008 0.0008 0.0003 
        018s  7 0.9931 0.0004 0.0025 0.0004 0.0037 
        019s  7 0.9806 0.0141 0.0013 0.0016 0.0024 
        020s  7 0.9975 0.0003 0.0005 0.0014 0.0003 
        021s  7 0.9959 0.0008 0.0018 0.0005 0.0011 
        022s  7 0.9942 0.0008 0.0019 0.0028 0.0003 
        023s  7 0.9720 0.0196 0.0063 0.0009 0.0012 
        024s  7 0.9965 0.0005 0.0010 0.0005 0.0015 
        025s  7 0.9923 0.0008 0.0005 0.0054 0.0010 
        026s  7 0.9962 0.0007 0.0018 0.0002 0.0011 
        027s  7 0.9958 0.0004 0.0017 0.0007 0.0014 
        028s  7 0.9929 0.0004 0.0057 0.0008 0.0002 
        029s  7 0.9860 0.0017 0.0109 0.0008 0.0006 
        030s  7 0.9913 0.0033 0.0002 0.0006 0.0046 
        031s  7 0.9847 0.0113 0.0022 0.0013 0.0004 
        032s  7 0.8952 0.0003 0.1008 0.0003 0.0034 
        033s  7 0.9563 0.0016 0.0373 0.0008 0.0039 
        034s  7 0.9538 0.0009 0.0012 0.0427 0.0014 
        035s  7 0.9980 0.0012 0.0003 0.0002 0.0004 
        036s  7 0.9880 0.0085 0.0004 0.0026 0.0005 
        037s  7 0.9277 0.0048 0.0637 0.0035 0.0003 
        038s  7 0.9846 0.0012 0.0129 0.0005 0.0007 
        039s  7 0.9989 0.0003 0.0003 0.0002 0.0003 
        040s  7 0.9541 0.0006 0.0164 0.0286 0.0003 
        041s  7 0.9673 0.0013 0.0293 0.0005 0.0017 
        042s  7 0.9935 0.0003 0.0054 0.0006 0.0003 
        043s  7 0.9949 0.0032 0.0011 0.0002 0.0006 
        044s  7 0.9085 0.0235 0.0539 0.0125 0.0016 
         003  8 0.9836 0.0006 0.0034 0.0013 0.0111 
         009  8 0.9968 0.0012 0.0011 0.0005 0.0005 
         010  8 0.9969 0.0021 0.0003 0.0003 0.0004 
         017  8 0.9948 0.0029 0.0006 0.0006 0.0012 
         002  9 0.9974 0.0012 0.0003 0.0005 0.0006 
         003  9 0.9987 0.0004 0.0002 0.0004 0.0003 
         004  9 0.9976 0.0014 0.0003 0.0002 0.0004 
         005  9 0.9930 0.0048 0.0004 0.0009 0.0010 
         006  9 0.9962 0.0015 0.0009 0.0010 0.0004 
         007  9 0.9947 0.0011 0.0031 0.0002 0.0009 
         009  9 0.9955 0.0018 0.0012 0.0002 0.0014 
         010  9 0.9965 0.0013 0.0002 0.0004 0.0016 
         013  9 0.9964 0.0016 0.0008 0.0008 0.0004 
         014  9 0.9930 0.0014 0.0003 0.0002 0.0051 
         016  9 0.9980 0.0006 0.0002 0.0002 0.0010 
         018  9 0.9920 0.0015 0.0006 0.0007 0.0051 
         019  9 0.9933 0.0007 0.0008 0.0007 0.0044 
         020  9 0.9988 0.0003 0.0004 0.0003 0.0003 
         021  9 0.9984 0.0006 0.0004 0.0002 0.0003 
         022  9 0.9973 0.0006 0.0003 0.0004 0.0014 
         024  9 0.9938 0.0031 0.0005 0.0005 0.0021 
         028  9 0.9975 0.0011 0.0003 0.0006 0.0005 
         029  9 0.9975 0.0007 0.0003 0.0003 0.0012 
         030  9 0.9978 0.0007 0.0003 0.0003 0.0008 
         031  9 0.9971 0.0003 0.0014 0.0002 0.0009 
         033  9 0.9922 0.0009 0.0058 0.0005 0.0006 
         001 10 0.9981 0.0003 0.0003 0.0004 0.0009 
         002 10 0.9974 0.0006 0.0003 0.0002 0.0016 
         003 10 0.9849 0.0135 0.0003 0.0006 0.0007 
         004 10 0.9962 0.0025 0.0004 0.0003 0.0006 
         005 10 0.9970 0.0010 0.0003 0.0004 0.0013 
         006 10 0.9973 0.0009 0.0010 0.0004 0.0005 
         007 10 0.9970 0.0019 0.0005 0.0003 0.0003 
         008 10 0.9946 0.0037 0.0006 0.0005 0.0006 
         009 10 0.9941 0.0005 0.0005 0.0011 0.0038 
         010 10 0.9957 0.0007 0.0005 0.0005 0.0027 
         011 10 0.9590 0.0392 0.0003 0.0009 0.0005 
         012 10 0.9949 0.0032 0.0004 0.0011 0.0004 
         013 10 0.9962 0.0007 0.0003 0.0022 0.0007 
         014 10 0.9977 0.0006 0.0005 0.0006 0.0005 
         016 10 0.9964 0.0007 0.0005 0.0009 0.0014 
         017 10 0.9973 0.0008 0.0005 0.0007 0.0008 
         018 10 0.9913 0.0005 0.0052 0.0004 0.0026 
         019 10 0.9938 0.0009 0.0003 0.0004 0.0046 
         020 10 0.9882 0.0018 0.0009 0.0009 0.0082 
         021 10 0.9959 0.0003 0.0009 0.0003 0.0027 
         022 10 0.9983 0.0006 0.0003 0.0006 0.0002 
         023 10 0.9978 0.0010 0.0003 0.0005 0.0004 
         024 10 0.9965 0.0020 0.0002 0.0002 0.0010 
         026 10 0.9981 0.0005 0.0004 0.0002 0.0008 
        001s 11 0.9050 0.0027 0.0910 0.0004 0.0009 
        002s 11 0.9878 0.0014 0.0006 0.0074 0.0028 
        003s 11 0.9921 0.0005 0.0060 0.0005 0.0009 
        004s 11 0.9967 0.0010 0.0004 0.0017 0.0002 
        005s 11 0.9924 0.0005 0.0019 0.0007 0.0045 
        006s 11 0.9855 0.0026 0.0010 0.0090 0.0018 
        007s 11 0.9496 0.0009 0.0102 0.0377 0.0017 
        008s 11 0.9982 0.0004 0.0005 0.0003 0.0006 
        009s 11 0.9860 0.0004 0.0003 0.0003 0.0130 
        010s 11 0.9973 0.0007 0.0012 0.0004 0.0004 
        011s 11 0.8753 0.0093 0.1108 0.0044 0.0002 
        012s 11 0.8874 0.0004 0.1110 0.0005 0.0008 
        013s 11 0.9973 0.0009 0.0011 0.0004 0.0003 
        014s 11 0.9884 0.0009 0.0044 0.0050 0.0013 
        015s 11 0.9913 0.0034 0.0019 0.0017 0.0017 
        016s 11 0.8990 0.0598 0.0354 0.0003 0.0056 
        017s 11 0.9049 0.0020 0.0923 0.0004 0.0004 
        018s 11 0.9926 0.0007 0.0046 0.0009 0.0013 
        019s 11 0.9765 0.0219 0.0004 0.0010 0.0002 
        020s 11 0.9950 0.0011 0.0013 0.0011 0.0016 
        021s 11 0.9974 0.0012 0.0004 0.0007 0.0004 
        022s 11 0.9637 0.0004 0.0010 0.0339 0.0009 
        023s 11 0.9368 0.0121 0.0505 0.0003 0.0003 
        025s 11 0.9985 0.0006 0.0003 0.0004 0.0002 
        026s 11 0.9137 0.0534 0.0310 0.0007 0.0013 
        027s 11 0.9965 0.0004 0.0006 0.0020 0.0004 
        028s 11 0.9916 0.0008 0.0066 0.0006 0.0003 
        029s 11 0.9458 0.0002 0.0525 0.0004 0.0010 
        030s 11 0.9496 0.0012 0.0471 0.0012 0.0008 
        031s 11 0.9980 0.0003 0.0003 0.0008 0.0007 
        032s 11 0.9948 0.0032 0.0009 0.0003 0.0008 
        033s 11 0.9937 0.0008 0.0035 0.0005 0.0015 
        034s 11 0.9961 0.0005 0.0012 0.0017 0.0004 
        035s 11 0.9942 0.0003 0.0028 0.0013 0.0014 
        036s 11 0.9804 0.0003 0.0163 0.0017 0.0013 
        037s 11 0.9949 0.0017 0.0023 0.0003 0.0008 
        038s 11 0.9953 0.0006 0.0030 0.0006 0.0006 
        039s 11 0.9976 0.0007 0.0011 0.0002 0.0004 
        040s 11 0.9237 0.0004 0.0717 0.0039 0.0002 
        041s 11 0.9763 0.0029 0.0006 0.0010 0.0192 
        042s 11 0.9890 0.0090 0.0006 0.0007 0.0008 
        043s 11 0.9475 0.0192 0.0325 0.0004 0.0005 
        044s 11 0.9908 0.0039 0.0004 0.0041 0.0007 
        045s 11 0.9879 0.0095 0.0004 0.0019 0.0003 
        046s 11 0.9468 0.0288 0.0224 0.0015 0.0005 
        047s 11 0.9967 0.0011 0.0005 0.0011 0.0006 
        048s 11 0.9594 0.0331 0.0041 0.0022 0.0011 
        049s 11 0.9965 0.0011 0.0009 0.0004 0.0011 
        050s 11 0.9973 0.0011 0.0003 0.0009 0.0003 
        051s 11 0.9356 0.0481 0.0003 0.0156 0.0004 
        052s 11 0.9937 0.0016 0.0018 0.0019 0.0010 
        053s 11 0.9973 0.0007 0.0003 0.0004 0.0013 
        054s 11 0.9925 0.0006 0.0007 0.0059 0.0003 
        055s 11 0.9296 0.0002 0.0690 0.0010 0.0002 
        001s 12 0.9922 0.0009 0.0018 0.0043 0.0009 
        002s 12 0.9957 0.0007 0.0010 0.0004 0.0022 
        003s 12 0.9982 0.0002 0.0003 0.0006 0.0006 
        004s 12 0.9370 0.0068 0.0533 0.0004 0.0025 
        005s 12 0.9976 0.0007 0.0003 0.0005 0.0008 
        006s 12 0.9652 0.0014 0.0298 0.0029 0.0007 
        007s 12 0.9928 0.0015 0.0008 0.0013 0.0036 
        008s 12 0.9880 0.0005 0.0100 0.0011 0.0004 
        009s 12 0.9570 0.0042 0.0224 0.0013 0.0151 
        010s 12 0.9584 0.0003 0.0062 0.0338 0.0013 
        011s 12 0.9955 0.0005 0.0011 0.0020 0.0008 
        012s 12 0.9883 0.0035 0.0011 0.0066 0.0004 
        013s 12 0.9651 0.0331 0.0007 0.0003 0.0007 
        014s 12 0.9195 0.0387 0.0035 0.0362 0.0022 
        015s 12 0.9930 0.0008 0.0040 0.0007 0.0015 
        016s 12 0.9941 0.0044 0.0005 0.0007 0.0003 
        017s 12 0.9955 0.0010 0.0025 0.0007 0.0003 
        018s 12 0.9939 0.0019 0.0020 0.0003 0.0020 
        019s 12 0.9939 0.0004 0.0028 0.0005 0.0024 
        020s 12 0.9163 0.0005 0.0826 0.0003 0.0003 
        021s 12 0.9940 0.0021 0.0031 0.0005 0.0004 
        022s 12 0.9465 0.0045 0.0462 0.0006 0.0022 
        023s 12 0.9976 0.0008 0.0003 0.0004 0.0009 
        024s 12 0.9980 0.0005 0.0008 0.0003 0.0004 
        025s 12 0.9888 0.0010 0.0026 0.0033 0.0043 
        026s 12 0.9571 0.0008 0.0255 0.0006 0.0160 
        027s 12 0.9959 0.0004 0.0026 0.0007 0.0004 
        028s 12 0.9843 0.0025 0.0018 0.0003 0.0111 
        029s 12 0.9980 0.0008 0.0005 0.0005 0.0002 
        030s 12 0.9969 0.0006 0.0009 0.0011 0.0005 
        031s 12 0.9924 0.0022 0.0038 0.0008 0.0008 
        032s 12 0.9930 0.0007 0.0003 0.0003 0.0056 
        033s 12 0.9916 0.0004 0.0010 0.0064 0.0006 
        034s 12 0.9985 0.0004 0.0003 0.0003 0.0005 
        035s 12 0.9863 0.0004 0.0120 0.0008 0.0005 
        036s 12 0.9853 0.0008 0.0027 0.0083 0.0029 
        037s 12 0.9965 0.0009 0.0012 0.0002 0.0011 
        001s 13 0.9879 0.0021 0.0088 0.0006 0.0007 
        002s 13 0.9088 0.0009 0.0897 0.0004 0.0002 
        003s 13 0.9969 0.0013 0.0008 0.0003 0.0008 
        004s 13 0.9851 0.0026 0.0005 0.0004 0.0114 
        005s 13 0.9872 0.0019 0.0029 0.0053 0.0027 
        006s 13 0.9967 0.0005 0.0008 0.0013 0.0007 
        007s 13 0.9620 0.0010 0.0007 0.0358 0.0006 
        008s 13 0.9418 0.0005 0.0558 0.0009 0.0009 
        009s 13 0.8599 0.0012 0.1280 0.0013 0.0096 
        010s 13 0.9270 0.0009 0.0701 0.0010 0.0010 
        011s 13 0.9632 0.0021 0.0052 0.0222 0.0073 
        012s 13 0.9297 0.0147 0.0521 0.0014 0.0021 
        013s 13 0.9613 0.0060 0.0211 0.0109 0.0008 
        014s 13 0.9592 0.0037 0.0006 0.0359 0.0007 
        015s 13 0.9761 0.0065 0.0053 0.0004 0.0117 
        016s 13 0.9979 0.0009 0.0003 0.0003 0.0005 
        017s 13 0.9701 0.0005 0.0157 0.0101 0.0036 
        018s 13 0.9980 0.0008 0.0003 0.0003 0.0006 
        019s 13 0.9971 0.0007 0.0005 0.0013 0.0003 
        020s 13 0.9935 0.0002 0.0013 0.0031 0.0019 
        021s 13 0.9975 0.0012 0.0005 0.0004 0.0005 
        022s 13 0.9972 0.0006 0.0012 0.0006 0.0004 
        023s 13 0.9976 0.0003 0.0012 0.0003 0.0006 
        024s 13 0.9396 0.0391 0.0180 0.0027 0.0006 
        025s 13 0.9953 0.0026 0.0008 0.0004 0.0010 
        026s 13 0.8965 0.0046 0.0916 0.0070 0.0004 
        027s 13 0.9509 0.0014 0.0421 0.0016 0.0039 
        028s 13 0.9697 0.0031 0.0098 0.0096 0.0078 
        029s 13 0.9789 0.0009 0.0190 0.0007 0.0006 
        030s 13 0.9060 0.0198 0.0735 0.0003 0.0004 
        031s 13 0.8916 0.1031 0.0020 0.0021 0.0012 
        032s 13 0.9969 0.0003 0.0004 0.0019 0.0005 
        033s 13 0.9597 0.0009 0.0027 0.0360 0.0007 
        034s 13 0.9444 0.0010 0.0509 0.0022 0.0015 
        035s 13 0.9944 0.0032 0.0005 0.0006 0.0013 
        036s 13 0.9969 0.0004 0.0018 0.0004 0.0005 
        037s 13 0.9972 0.0013 0.0003 0.0006 0.0006 
        038s 13 0.9956 0.0008 0.0011 0.0017 0.0007 
        039s 13 0.8231 0.0744 0.1012 0.0007 0.0006 
        040s 13 0.9968 0.0010 0.0011 0.0007 0.0004 
        041s 13 0.9335 0.0015 0.0602 0.0043 0.0005 
        042s 13 0.9973 0.0009 0.0005 0.0008 0.0006 
        001s 14 0.9674 0.0009 0.0300 0.0006 0.0011 
        002s 14 0.9314 0.0011 0.0618 0.0024 0.0033 
        003s 14 0.9981 0.0007 0.0006 0.0003 0.0004 
        004s 14 0.9822 0.0032 0.0065 0.0071 0.0008 
        005s 14 0.9987 0.0004 0.0003 0.0002 0.0004 
        006s 14 0.9984 0.0002 0.0004 0.0006 0.0004 
        007s 14 0.9970 0.0013 0.0005 0.0009 0.0003 
        008s 14 0.8799 0.0008 0.0998 0.0025 0.0170 
        009s 14 0.9904 0.0011 0.0019 0.0007 0.0059 
        010s 14 0.9248 0.0006 0.0604 0.0005 0.0137 
        011s 14 0.9614 0.0007 0.0059 0.0316 0.0005 
        012s 14 0.9947 0.0012 0.0006 0.0017 0.0018 
        013s 14 0.9902 0.0053 0.0008 0.0031 0.0007 
        014s 14 0.9531 0.0009 0.0400 0.0004 0.0057 
        015s 14 0.9878 0.0026 0.0006 0.0006 0.0085 
        016s 14 0.9877 0.0107 0.0009 0.0002 0.0005 
        017s 14 0.9301 0.0007 0.0564 0.0123 0.0005 
        018s 14 0.9967 0.0011 0.0008 0.0005 0.0009 
        019s 14 0.9962 0.0007 0.0011 0.0016 0.0004 
        020s 14 0.9899 0.0010 0.0010 0.0002 0.0079 
        021s 14 0.9858 0.0003 0.0045 0.0003 0.0091 
        022s 14 0.9880 0.0017 0.0052 0.0028 0.0022 
        023s 14 0.9924 0.0023 0.0026 0.0007 0.0020 
        024s 14 0.9358 0.0012 0.0590 0.0007 0.0033 
        025s 14 0.9367 0.0004 0.0622 0.0003 0.0004 
        026s 14 0.9965 0.0009 0.0005 0.0003 0.0018 
        027s 14 0.9943 0.0031 0.0016 0.0005 0.0005 
        028s 14 0.9948 0.0008 0.0005 0.0020 0.0019 
        029s 14 0.9981 0.0009 0.0003 0.0002 0.0006 
        030s 14 0.9871 0.0005 0.0007 0.0112 0.0005 
        031s 14 0.9812 0.0011 0.0003 0.0168 0.0005 
        032s 14 0.9955 0.0020 0.0013 0.0009 0.0003 
        033s 14 0.9483 0.0005 0.0004 0.0502 0.0006 
        034s 14 0.9984 0.0006 0.0003 0.0002 0.0005 
        035s 14 0.8380 0.0006 0.0786 0.0825 0.0003 
        036s 14 0.8813 0.0037 0.0727 0.0414 0.0010 
        037s 14 0.9956 0.0025 0.0007 0.0003 0.0009 
        038s 14 0.9975 0.0003 0.0008 0.0008 0.0006 
        039s 14 0.9894 0.0038 0.0021 0.0014 0.0034 
        040s 14 0.9879 0.0011 0.0102 0.0005 0.0004 
        041s 14 0.9972 0.0006 0.0008 0.0010 0.0004 
        042s 14 0.9215 0.0010 0.0763 0.0004 0.0007 
        001s 15 0.9966 0.0011 0.0008 0.0004 0.0011 
        002s 15 0.8870 0.0098 0.0941 0.0026 0.0064 
        003s 15 0.9808 0.0059 0.0118 0.0007 0.0008 
        004s 15 0.9886 0.0002 0.0005 0.0004 0.0103 
        005s 15 0.9784 0.0063 0.0121 0.0022 0.0010 
        006s 15 0.9841 0.0009 0.0133 0.0012 0.0005 
        007s 15 0.9976 0.0005 0.0003 0.0003 0.0012 
        008s 15 0.9982 0.0004 0.0004 0.0004 0.0007 
        009s 15 0.9319 0.0409 0.0214 0.0051 0.0007 
        010s 15 0.9976 0.0011 0.0007 0.0003 0.0002 
        011s 15 0.9344 0.0009 0.0009 0.0636 0.0003 
        012s 15 0.9931 0.0020 0.0024 0.0013 0.0012 
        013s 15 0.9944 0.0011 0.0010 0.0003 0.0033 
        014s 15 0.9891 0.0052 0.0015 0.0009 0.0033 
        015s 15 0.9140 0.0043 0.0774 0.0036 0.0006 
        016s 15 0.8977 0.0002 0.0094 0.0638 0.0288 
        017s 15 0.9792 0.0022 0.0010 0.0007 0.0169 
        018s 15 0.9958 0.0006 0.0020 0.0002 0.0015 
        019s 15 0.9885 0.0028 0.0075 0.0004 0.0007 
        020s 15 0.9978 0.0006 0.0007 0.0005 0.0004 
        021s 15 0.9180 0.0024 0.0767 0.0007 0.0022 
        022s 15 0.9967 0.0005 0.0007 0.0016 0.0005 
        023s 15 0.9683 0.0006 0.0284 0.0024 0.0003 
        024s 15 0.9964 0.0008 0.0011 0.0013 0.0004 
        025s 15 0.9641 0.0292 0.0040 0.0009 0.0018 
        026s 15 0.9722 0.0231 0.0008 0.0005 0.0034 
        027s 15 0.9784 0.0006 0.0027 0.0064 0.0119 
        028s 15 0.9944 0.0012 0.0005 0.0013 0.0025 
        029s 15 0.9960 0.0013 0.0005 0.0008 0.0014 
        030s 15 0.9972 0.0006 0.0003 0.0005 0.0014 
        031s 15 0.9256 0.0048 0.0673 0.0013 0.0011 
        032s 15 0.9968 0.0019 0.0004 0.0002 0.0008 
        033s 15 0.9351 0.0002 0.0625 0.0010 0.0011 
        035s 15 0.9929 0.0007 0.0017 0.0029 0.0017 
        036s 15 0.9942 0.0036 0.0008 0.0011 0.0003 
        037s 15 0.9892 0.0008 0.0009 0.0086 0.0005 
        038s 15 0.9957 0.0003 0.0023 0.0010 0.0007 
        039s 15 0.9172 0.0002 0.0818 0.0002 0.0006 
        040s 15 0.9917 0.0008 0.0033 0.0015 0.0028 
        041s 15 0.9212 0.0028 0.0714 0.0041 0.0005 
        042s 15 0.9913 0.0008 0.0046 0.0003 0.0029 
        043s 15 0.9864 0.0015 0.0109 0.0009 0.0002 
        044s 15 0.9927 0.0006 0.0052 0.0006 0.0009 
        045s 15 0.8842 0.0779 0.0033 0.0321 0.0024 
        046s 15 0.9756 0.0006 0.0171 0.0063 0.0003 
        047s 15 0.9721 0.0005 0.0250 0.0022 0.0003 
        048s 15 0.9782 0.0201 0.0004 0.0005 0.0007 
        049s 15 0.9870 0.0005 0.0107 0.0015 0.0004 
        050s 15 0.8541 0.0021 0.1344 0.0005 0.0089 
         001 16 0.8103 0.0005 0.1688 0.0162 0.0041 
         002 16 0.9542 0.0008 0.0436 0.0011 0.0003 
         003 16 0.9872 0.0017 0.0034 0.0050 0.0027 
         004 16 0.9967 0.0013 0.0007 0.0008 0.0005 
         005 16 0.9081 0.0305 0.0535 0.0065 0.0015 
         006 16 0.9734 0.0122 0.0122 0.0015 0.0007 
         007 16 0.9938 0.0012 0.0036 0.0007 0.0007 
         008 16 0.8506 0.0007 0.1431 0.0043 0.0013 
         009 16 0.9957 0.0004 0.0025 0.0003 0.0011 
         010 16 0.9706 0.0010 0.0278 0.0003 0.0004 
         011 16 0.9901 0.0014 0.0065 0.0014 0.0006 
         012 16 0.9956 0.0011 0.0006 0.0017 0.0010 
         013 16 0.9978 0.0005 0.0004 0.0007 0.0005 
         014 16 0.9589 0.0003 0.0390 0.0008 0.0009 
         015 16 0.6275 0.3676 0.0003 0.0032 0.0015 
         016 16 0.9813 0.0115 0.0016 0.0003 0.0054 
         017 16 0.9864 0.0007 0.0061 0.0059 0.0008 
         018 16 0.9291 0.0257 0.0327 0.0030 0.0096 
         019 16 0.9348 0.0003 0.0606 0.0036 0.0006 
         020 16 0.9974 0.0006 0.0003 0.0007 0.0010 
         021 16 0.8701 0.0008 0.0941 0.0314 0.0035 
         022 16 0.9651 0.0016 0.0322 0.0003 0.0008 
         023 16 0.9619 0.0058 0.0315 0.0004 0.0004 
         024 16 0.9684 0.0240 0.0057 0.0004 0.0015 
         025 16 0.9329 0.0031 0.0507 0.0124 0.0009 
         026 16 0.8881 0.0027 0.1080 0.0007 0.0004 
         027 16 0.9769 0.0012 0.0125 0.0005 0.0089 
         028 16 0.8135 0.0003 0.1463 0.0226 0.0174 
         029 16 0.9579 0.0008 0.0016 0.0389 0.0009 
         030 16 0.9936 0.0005 0.0007 0.0049 0.0003 
         031 16 0.9856 0.0005 0.0008 0.0009 0.0122 
         032 16 0.9061 0.0031 0.0891 0.0007 0.0010 
         033 16 0.9982 0.0002 0.0005 0.0008 0.0003 
         034 16 0.9931 0.0012 0.0031 0.0023 0.0003 
         035 16 0.9983 0.0002 0.0003 0.0007 0.0006 
         036 16 0.9956 0.0018 0.0005 0.0004 0.0017 
         037 16 0.9670 0.0034 0.0187 0.0104 0.0005 
         038 16 0.9904 0.0058 0.0021 0.0008 0.0010 
         039 16 0.9962 0.0005 0.0019 0.0003 0.0011 
         040 16 0.9956 0.0015 0.0007 0.0018 0.0004 
         041 16 0.9971 0.0011 0.0008 0.0007 0.0003 
         042 16 0.9956 0.0006 0.0015 0.0006 0.0017 
         043 16 0.9968 0.0009 0.0007 0.0004 0.0012 
         044 16 0.9907 0.0009 0.0062 0.0007 0.0015 
         045 16 0.9901 0.0002 0.0022 0.0059 0.0016 
         047 16 0.9569 0.0012 0.0021 0.0355 0.0043 
         048 16 0.9926 0.0006 0.0015 0.0046 0.0006 
         049 16 0.9938 0.0029 0.0004 0.0023 0.0005 
         050 16 0.9982 0.0003 0.0005 0.0006 0.0004 
         051 16 0.9955 0.0006 0.0009 0.0012 0.0018 
         052 16 0.9983 0.0006 0.0002 0.0004 0.0005 
         053 16 0.9974 0.0006 0.0003 0.0008 0.0009 
         054 16 0.9285 0.0008 0.0689 0.0007 0.0012 
         055 16 0.9380 0.0002 0.0058 0.0553 0.0006 
         056 16 0.9900 0.0075 0.0014 0.0003 0.0008 
         057 16 0.9069 0.0002 0.0920 0.0004 0.0005 
         058 16 0.8861 0.0144 0.0951 0.0041 0.0002 
         059 16 0.8158 0.0864 0.0872 0.0060 0.0047 
         060 16 0.9853 0.0104 0.0025 0.0007 0.0010 
         061 16 0.9948 0.0019 0.0019 0.0007 0.0007 
         062 16 0.9909 0.0003 0.0006 0.0067 0.0014 
         063 16 0.9959 0.0005 0.0025 0.0005 0.0006 
         064 16 0.9962 0.0023 0.0005 0.0005 0.0005 
         065 16 0.9925 0.0022 0.0013 0.0024 0.0016 
         066 16 0.9975 0.0006 0.0004 0.0004 0.0009 
         067 16 0.9171 0.0772 0.0011 0.0038 0.0008 
         068 16 0.9674 0.0259 0.0048 0.0013 0.0005 
         069 16 0.9934 0.0005 0.0008 0.0005 0.0049 
         070 16 0.9925 0.0006 0.0046 0.0006 0.0017 
         071 16 0.9115 0.0005 0.0758 0.0118 0.0004 
         072 16 0.9907 0.0010 0.0067 0.0009 0.0007 
         073 16 0.9957 0.0004 0.0009 0.0025 0.0006 
         074 16 0.9983 0.0002 0.0004 0.0006 0.0005 
         075 16 0.9690 0.0007 0.0245 0.0052 0.0006 
         076 16 0.9974 0.0003 0.0011 0.0006 0.0006 
         077 16 0.8926 0.0603 0.0144 0.0029 0.0298 
         078 16 0.9620 0.0020 0.0350 0.0005 0.0006 
         079 16 0.9022 0.0012 0.0920 0.0027 0.0019 
         080 16 0.9946 0.0010 0.0038 0.0002 0.0004 
         081 16 0.9508 0.0006 0.0061 0.0418 0.0006 
         082 16 0.9721 0.0004 0.0152 0.0118 0.0004 
         083 16 0.9965 0.0016 0.0005 0.0007 0.0006 
         084 16 0.9929 0.0013 0.0015 0.0015 0.0028 
         085 16 0.9869 0.0099 0.0008 0.0007 0.0017 
         086 16 0.8833 0.0005 0.1090 0.0066 0.0006 
         087 16 0.9809 0.0003 0.0154 0.0018 0.0017 
         088 16 0.9965 0.0018 0.0010 0.0003 0.0005 
         089 16 0.9893 0.0011 0.0010 0.0077 0.0009 
         090 16 0.9918 0.0005 0.0058 0.0006 0.0013 
         091 16 0.9971 0.0005 0.0008 0.0011 0.0005 
         092 16 0.9562 0.0006 0.0423 0.0005 0.0005 
         093 16 0.9960 0.0004 0.0015 0.0004 0.0017 
         094 16 0.9493 0.0382 0.0054 0.0006 0.0065 
         095 16 0.9976 0.0004 0.0004 0.0002 0.0014 
         096 16 0.9683 0.0033 0.0013 0.0267 0.0003 
         097 16 0.8956 0.0096 0.0064 0.0870 0.0014 
         098 16 0.9860 0.0047 0.0012 0.0005 0.0075 
         099 16 0.9936 0.0048 0.0004 0.0003 0.0009 
         100 16 0.9962 0.0017 0.0010 0.0004 0.0007 
         101 16 0.9605 0.0042 0.0343 0.0005 0.0005 
         102 16 0.9957 0.0012 0.0013 0.0015 0.0004 
         103 16 0.9917 0.0022 0.0010 0.0019 0.0032 
         104 16 0.9931 0.0034 0.0025 0.0007 0.0004 
         105 16 0.8808 0.0072 0.0771 0.0322 0.0028 
         106 16 0.9950 0.0021 0.0020 0.0004 0.0005 
         107 16 0.9324 0.0051 0.0136 0.0006 0.0483 
         108 16 0.6463 0.1642 0.1218 0.0012 0.0664 
         109 16 0.9824 0.0006 0.0132 0.0032 0.0006 
         110 16 0.9979 0.0010 0.0003 0.0006 0.0003 
         111 16 0.9352 0.0012 0.0627 0.0004 0.0004 
         112 16 0.9471 0.0012 0.0507 0.0003 0.0008 
         113 16 0.9379 0.0007 0.0542 0.0065 0.0007 
         114 16 0.9793 0.0009 0.0145 0.0006 0.0047 
         115 16 0.9976 0.0006 0.0003 0.0011 0.0004 
         116 16 0.9840 0.0009 0.0142 0.0005 0.0004 
         117 16 0.9848 0.0008 0.0063 0.0043 0.0038 
         118 16 0.9854 0.0089 0.0047 0.0003 0.0008 
         119 16 0.9946 0.0010 0.0016 0.0008 0.0019 
         120 16 0.9824 0.0005 0.0005 0.0156 0.0011 
         121 16 0.9569 0.0330 0.0005 0.0094 0.0002 
         122 16 0.9986 0.0003 0.0003 0.0005 0.0004 
         123 16 0.9920 0.0005 0.0041 0.0012 0.0022 
         124 16 0.9877 0.0013 0.0099 0.0007 0.0003 
         126 16 0.8323 0.0013 0.1627 0.0007 0.0030 
         001 17 0.9872 0.0006 0.0007 0.0023 0.0093 
         002 17 0.9960 0.0005 0.0026 0.0004 0.0005 
         003 17 0.9980 0.0004 0.0004 0.0004 0.0008 
         005 17 0.9780 0.0003 0.0002 0.0006 0.0208 
         006 17 0.9480 0.0003 0.0010 0.0499 0.0008 
         007 17 0.8410 0.0232 0.1192 0.0132 0.0034 
         008 17 0.8771 0.0006 0.1085 0.0131 0.0006 
         009 17 0.9985 0.0004 0.0002 0.0004 0.0005 
         010 17 0.9971 0.0009 0.0006 0.0009 0.0005 
         011 17 0.4828 0.3790 0.1363 0.0011 0.0008 
         012 17 0.9930 0.0016 0.0040 0.0005 0.0008 
         013 17 0.9985 0.0004 0.0003 0.0002 0.0007 
         014 17 0.9979 0.0003 0.0004 0.0003 0.0011 
         015 17 0.9938 0.0003 0.0010 0.0043 0.0005 
         016 17 0.9977 0.0004 0.0007 0.0006 0.0006 
         017 17 0.9946 0.0010 0.0013 0.0022 0.0009 
         018 17 0.9442 0.0003 0.0322 0.0015 0.0218 
         019 17 0.9978 0.0006 0.0006 0.0002 0.0008 
         020 17 0.9975 0.0007 0.0007 0.0008 0.0003 
         021 17 0.9977 0.0008 0.0003 0.0009 0.0004 
         022 17 0.9436 0.0012 0.0406 0.0064 0.0082 
         023 17 0.9869 0.0006 0.0096 0.0003 0.0027 
         024 17 0.9340 0.0037 0.0252 0.0358 0.0013 
         025 17 0.9984 0.0003 0.0005 0.0005 0.0003 
         002 18 0.9918 0.0021 0.0003 0.0010 0.0048 
         003 18 0.9981 0.0010 0.0003 0.0003 0.0004 
         004 18 0.9338 0.0008 0.0613 0.0004 0.0037 
         005 18 0.9607 0.0356 0.0025 0.0006 0.0007 
         006 18 0.9982 0.0008 0.0003 0.0003 0.0004 
         007 18 0.9919 0.0003 0.0012 0.0039 0.0027 
         008 18 0.9968 0.0019 0.0003 0.0007 0.0003 
         009 18 0.9855 0.0017 0.0076 0.0041 0.0011 
         010 18 0.9872 0.0083 0.0004 0.0020 0.0020 
         011 18 0.9956 0.0016 0.0005 0.0005 0.0018 
         012 18 0.9785 0.0017 0.0184 0.0007 0.0006 
         015 18 0.9966 0.0012 0.0014 0.0006 0.0003 
         016 18 0.9938 0.0003 0.0020 0.0034 0.0004 
         018 18 0.9883 0.0053 0.0005 0.0003 0.0056 
         026 18 0.9837 0.0006 0.0005 0.0131 0.0021 
         027 18 0.9958 0.0015 0.0002 0.0005 0.0021 
         028 18 0.9652 0.0002 0.0022 0.0005 0.0319 
         029 18 0.9969 0.0005 0.0011 0.0007 0.0008 
         031 18 0.8137 0.0758 0.0692 0.0025 0.0388 
         032 18 0.9979 0.0003 0.0003 0.0004 0.0011 
         033 18 0.9966 0.0007 0.0008 0.0004 0.0015 
         035 18 0.9973 0.0005 0.0014 0.0003 0.0005 
         036 18 0.9903 0.0077 0.0006 0.0007 0.0007 
         037 18 0.9593 0.0087 0.0007 0.0147 0.0167 
         038 18 0.9267 0.0034 0.0038 0.0150 0.0511 
         039 18 0.9979 0.0010 0.0003 0.0004 0.0003 
         044 18 0.8727 0.0004 0.1204 0.0056 0.0009 
         046 18 0.9596 0.0339 0.0019 0.0003 0.0044 
         049 18 0.9976 0.0004 0.0007 0.0004 0.0009 
         053 18 0.9958 0.0006 0.0021 0.0005 0.0011 
         054 18 0.9858 0.0008 0.0014 0.0109 0.0011 
         056 18 0.9269 0.0017 0.0675 0.0002 0.0036 
         057 18 0.9922 0.0034 0.0004 0.0033 0.0006 
         058 18 0.9894 0.0027 0.0013 0.0007 0.0059 
        001s 19 0.9297 0.0007 0.0673 0.0015 0.0008 
        002s 19 0.9904 0.0007 0.0078 0.0005 0.0006 
        003s 19 0.9664 0.0004 0.0325 0.0002 0.0005 
        004s 19 0.9683 0.0246 0.0013 0.0013 0.0045 
        005s 19 0.8921 0.0728 0.0036 0.0280 0.0035 
        006s 19 0.9941 0.0018 0.0011 0.0015 0.0014 
        007s 19 0.9635 0.0168 0.0018 0.0175 0.0004 
        008s 19 0.9414 0.0111 0.0444 0.0019 0.0011 
        009s 19 0.9960 0.0015 0.0011 0.0007 0.0006 
        010s 19 0.9800 0.0005 0.0017 0.0047 0.0130 
        011s 19 0.9913 0.0013 0.0004 0.0034 0.0036 
        012s 19 0.9940 0.0005 0.0021 0.0016 0.0017 
        013s 19 0.9890 0.0006 0.0038 0.0057 0.0009 
        014s 19 0.9159 0.0165 0.0609 0.0062 0.0004 
        015s 19 0.9962 0.0004 0.0006 0.0022 0.0006 
        016s 19 0.9270 0.0482 0.0009 0.0012 0.0227 
        017s 19 0.9340 0.0028 0.0602 0.0011 0.0020 
        018s 19 0.9933 0.0027 0.0019 0.0007 0.0014 
        019s 19 0.9074 0.0022 0.0852 0.0043 0.0008 
        020s 19 0.9227 0.0007 0.0731 0.0025 0.0011 
        021s 19 0.9930 0.0004 0.0038 0.0014 0.0015 
        022s 19 0.9778 0.0006 0.0197 0.0009 0.0010 
        023s 19 0.9919 0.0020 0.0007 0.0038 0.0016 
        024s 19 0.9950 0.0017 0.0005 0.0003 0.0024 
        025s 19 0.8632 0.0025 0.1330 0.0003 0.0010 
        026s 19 0.9864 0.0028 0.0031 0.0040 0.0036 
        027s 19 0.9945 0.0008 0.0035 0.0007 0.0006 
        028s 19 0.9921 0.0003 0.0058 0.0013 0.0005 
        029s 19 0.9964 0.0008 0.0002 0.0010 0.0015 
        030s 19 0.9925 0.0005 0.0018 0.0012 0.0040 
        031s 19 0.9957 0.0006 0.0021 0.0011 0.0004 
        032s 19 0.9974 0.0003 0.0006 0.0013 0.0004 
        033s 19 0.9927 0.0047 0.0003 0.0011 0.0012 
        034s 19 0.9970 0.0010 0.0006 0.0008 0.0005 
        035s 19 0.9770 0.0037 0.0149 0.0019 0.0024 
        036s 19 0.9970 0.0013 0.0005 0.0009 0.0003 
        037s 19 0.9977 0.0004 0.0005 0.0004 0.0011 
        038s 19 0.9944 0.0015 0.0015 0.0012 0.0013 
        039s 19 0.9983 0.0003 0.0005 0.0005 0.0004 
        040s 19 0.9655 0.0005 0.0004 0.0331 0.0005 
        041s 19 0.9981 0.0006 0.0003 0.0007 0.0003 
        042s 19 0.9747 0.0128 0.0022 0.0009 0.0094 
        043s 19 0.9597 0.0006 0.0370 0.0015 0.0011 
        044s 19 0.9964 0.0015 0.0003 0.0006 0.0012 
        045s 19 0.9974 0.0011 0.0006 0.0003 0.0007 
        046s 19 0.9905 0.0049 0.0021 0.0011 0.0015 
        047s 19 0.9897 0.0003 0.0005 0.0091 0.0005 
        048s 19 0.9045 0.0004 0.0892 0.0042 0.0017 
        049s 19 0.9805 0.0074 0.0060 0.0057 0.0005 
        050s 19 0.9969 0.0005 0.0020 0.0002 0.0004 
        051s 19 0.9382 0.0086 0.0103 0.0419 0.0009 
        052s 19 0.9971 0.0006 0.0009 0.0006 0.0009 
      LIW2-4 20 0.9921 0.0031 0.0005 0.0025 0.0019 
     LIW2-12 21 0.9111 0.0781 0.0011 0.0003 0.0095 
     LIW2-20 22 0.9916 0.0010 0.0022 0.0003 0.0050 
     LIW2-28 23 0.8826 0.0644 0.0502 0.0012 0.0016 
      LIW1-5 24 0.9929 0.0037 0.0009 0.0006 0.0020 
     LIW1-13 25 0.9216 0.0131 0.0572 0.0077 0.0004 
     LIW1-21 26 0.9465 0.0340 0.0104 0.0003 0.0088 
     LIW1-29 27 0.9615 0.0143 0.0177 0.0031 0.0034 
      LIW2-5 28 0.9902 0.0026 0.0004 0.0008 0.0060 
     LIW2-34 29 0.9862 0.0041 0.0002 0.0009 0.0086 
