        001s  1 0.9892 0.0004 0.0011 0.0007 0.0008 0.0075 0.0003 
        002s  1 0.9609 0.0006 0.0017 0.0004 0.0007 0.0335 0.0022 
        003s  1 0.6677 0.0020 0.0014 0.0119 0.0048 0.3114 0.0008 
        004s  1 0.9414 0.0025 0.0010 0.0003 0.0086 0.0192 0.0269 
        005s  1 0.0020 0.0012 0.2359 0.0004 0.1790 0.4373 0.1441 
        006s  1 0.9734 0.0003 0.0009 0.0003 0.0004 0.0234 0.0012 
        007s  1 0.9825 0.0034 0.0007 0.0006 0.0020 0.0104 0.0004 
        008s  1 0.9145 0.0005 0.0589 0.0008 0.0037 0.0205 0.0011 
        009s  1 0.9281 0.0057 0.0126 0.0013 0.0420 0.0078 0.0025 
        010s  1 0.9496 0.0002 0.0049 0.0005 0.0078 0.0358 0.0012 
        011s  1 0.9421 0.0025 0.0447 0.0033 0.0010 0.0047 0.0017 
        012s  1 0.8604 0.0012 0.0036 0.0073 0.1136 0.0093 0.0047 
        013s  1 0.9597 0.0077 0.0131 0.0012 0.0016 0.0040 0.0128 
        014s  1 0.9277 0.0042 0.0084 0.0157 0.0309 0.0117 0.0014 
        015s  1 0.9906 0.0005 0.0031 0.0009 0.0004 0.0041 0.0004 
        016s  1 0.9175 0.0065 0.0005 0.0010 0.0030 0.0709 0.0006 
        018s  1 0.0528 0.0007 0.0607 0.0008 0.1386 0.7456 0.0008 
        019s  1 0.9557 0.0010 0.0085 0.0028 0.0127 0.0189 0.0005 
        020s  1 0.9226 0.0095 0.0114 0.0094 0.0006 0.0462 0.0003 
        021s  1 0.9772 0.0047 0.0012 0.0007 0.0004 0.0104 0.0053 
        022s  1 0.9435 0.0005 0.0015 0.0004 0.0003 0.0535 0.0003 
        023s  1 0.8812 0.0084 0.0088 0.0016 0.0003 0.0994 0.0003 
        024s  1 0.9897 0.0008 0.0016 0.0004 0.0010 0.0052 0.0014 
        025s  1 0.7357 0.0011 0.1541 0.0004 0.0053 0.1014 0.0019 
        026s  1 0.9651 0.0088 0.0031 0.0045 0.0008 0.0171 0.0006 
        027s  1 0.2300 0.0025 0.2058 0.0006 0.0020 0.5439 0.0151 
        028s  1 0.5967 0.0010 0.1874 0.0021 0.0320 0.1242 0.0565 
        029s  1 0.9873 0.0005 0.0011 0.0053 0.0011 0.0041 0.0005 
        030s  1 0.7176 0.0005 0.1378 0.0087 0.0012 0.1301 0.0042 
        031s  1 0.9927 0.0010 0.0012 0.0004 0.0004 0.0041 0.0003 
        032s  1 0.9583 0.0005 0.0014 0.0009 0.0008 0.0375 0.0006 
        033s  1 0.9798 0.0008 0.0116 0.0008 0.0025 0.0036 0.0009 
        034s  1 0.9327 0.0513 0.0031 0.0023 0.0013 0.0070 0.0022 
        035s  1 0.9563 0.0008 0.0119 0.0013 0.0016 0.0262 0.0020 
        036s  1 0.7304 0.0005 0.0024 0.0004 0.0980 0.1674 0.0010 
        037s  1 0.3236 0.0372 0.0084 0.0015 0.1056 0.5160 0.0076 
        038s  1 0.9600 0.0008 0.0273 0.0006 0.0013 0.0092 0.0008 
        039s  1 0.8915 0.0003 0.0811 0.0006 0.0003 0.0206 0.0056 
        040s  1 0.8778 0.0026 0.0009 0.0004 0.0010 0.1135 0.0037 
        041s  1 0.9814 0.0030 0.0029 0.0007 0.0021 0.0095 0.0004 
        042s  1 0.7532 0.0788 0.0070 0.0011 0.0787 0.0805 0.0007 
        043s  1 0.7966 0.0007 0.1892 0.0011 0.0034 0.0082 0.0008 
        044s  1 0.7768 0.0043 0.0685 0.0031 0.0692 0.0667 0.0114 
        045s  1 0.8831 0.0006 0.0025 0.0011 0.0074 0.1033 0.0020 
        046s  1 0.9493 0.0006 0.0037 0.0022 0.0018 0.0421 0.0003 
        047s  1 0.9380 0.0040 0.0095 0.0009 0.0009 0.0466 0.0002 
        048s  1 0.9479 0.0004 0.0048 0.0004 0.0427 0.0036 0.0002 
        049s  1 0.9771 0.0003 0.0111 0.0004 0.0008 0.0089 0.0013 
        050s  1 0.8730 0.0004 0.0018 0.0004 0.0965 0.0253 0.0027 
        051s  1 0.9669 0.0011 0.0008 0.0270 0.0004 0.0031 0.0007 
        052s  1 0.3936 0.0022 0.0112 0.0210 0.0063 0.5619 0.0039 
        053s  1 0.9396 0.0007 0.0032 0.0002 0.0013 0.0546 0.0005 
        054s  1 0.9446 0.0010 0.0022 0.0019 0.0003 0.0477 0.0024 
        055s  1 0.8285 0.0727 0.0255 0.0017 0.0666 0.0044 0.0006 
          01  2 0.8566 0.0014 0.0012 0.0200 0.1181 0.0014 0.0013 
          02  2 0.6606 0.0006 0.0213 0.0019 0.0068 0.3074 0.0012 
          03  2 0.9710 0.0012 0.0060 0.0003 0.0009 0.0198 0.0007 
          04  2 0.4263 0.0143 0.1994 0.0007 0.0016 0.3397 0.0180 
          05  2 0.5483 0.0005 0.1603 0.0003 0.1176 0.1727 0.0003 
          06  2 0.7770 0.0005 0.0218 0.0005 0.0214 0.1769 0.0018 
          07  2 0.9842 0.0006 0.0046 0.0011 0.0043 0.0033 0.0018 
          08  2 0.7949 0.0004 0.0652 0.0009 0.0834 0.0550 0.0002 
          09  2 0.9737 0.0003 0.0006 0.0093 0.0004 0.0153 0.0003 
          10  2 0.8679 0.0004 0.0057 0.0006 0.0013 0.1232 0.0008 
          11  2 0.9668 0.0014 0.0044 0.0079 0.0140 0.0046 0.0009 
          12  2 0.5061 0.0005 0.0119 0.0016 0.0006 0.4786 0.0007 
          13  2 0.9885 0.0006 0.0017 0.0005 0.0004 0.0079 0.0004 
          14  2 0.9302 0.0147 0.0224 0.0031 0.0004 0.0208 0.0085 
          15  2 0.9374 0.0010 0.0010 0.0010 0.0004 0.0585 0.0006 
          16  2 0.9311 0.0044 0.0008 0.0019 0.0006 0.0026 0.0586 
          17  2 0.6565 0.0010 0.0701 0.0008 0.0015 0.2695 0.0007 
          18  2 0.9642 0.0007 0.0076 0.0018 0.0082 0.0144 0.0031 
          19  2 0.9634 0.0039 0.0162 0.0021 0.0010 0.0132 0.0003 
          20  2 0.8058 0.0047 0.0008 0.0021 0.0561 0.1203 0.0102 
          21  2 0.9729 0.0007 0.0016 0.0180 0.0013 0.0051 0.0004 
          22  2 0.8173 0.0059 0.1428 0.0060 0.0015 0.0226 0.0038 
          23  2 0.7557 0.0022 0.0027 0.0008 0.0009 0.2362 0.0014 
          24  2 0.9631 0.0005 0.0052 0.0005 0.0005 0.0297 0.0004 
          25  2 0.9592 0.0009 0.0021 0.0017 0.0026 0.0061 0.0273 
          26  2 0.9742 0.0002 0.0059 0.0006 0.0008 0.0180 0.0003 
          27  2 0.9623 0.0028 0.0025 0.0013 0.0006 0.0083 0.0221 
          28  2 0.9690 0.0038 0.0072 0.0009 0.0010 0.0179 0.0002 
          29  2 0.9771 0.0003 0.0012 0.0011 0.0008 0.0187 0.0008 
          30  2 0.7046 0.0800 0.0108 0.0095 0.1487 0.0460 0.0005 
          01  3 0.0031 0.0130 0.3723 0.0005 0.2425 0.3176 0.0510 
          02  3 0.0092 0.0030 0.2638 0.0755 0.2266 0.0868 0.3351 
          03  3 0.2789 0.0008 0.1765 0.0004 0.2710 0.0055 0.2670 
          04  3 0.0067 0.0018 0.2882 0.0014 0.3414 0.1240 0.2365 
          05  3 0.0006 0.1219 0.1981 0.1149 0.2614 0.0005 0.3026 
          06  3 0.0013 0.0009 0.2918 0.0003 0.2817 0.0555 0.3684 
          07  3 0.0208 0.0002 0.1281 0.0006 0.3425 0.2871 0.2208 
          08  3 0.0061 0.0054 0.2297 0.0046 0.2891 0.2192 0.2459 
          09  3 0.2274 0.0022 0.1472 0.0003 0.3872 0.0016 0.2341 
          10  3 0.0218 0.1299 0.1926 0.2179 0.1025 0.0218 0.3136 
          11  3 0.2152 0.0002 0.1764 0.0002 0.3581 0.0010 0.2487 
          12  3 0.0026 0.0004 0.1768 0.0004 0.3590 0.2037 0.2571 
          13  3 0.0030 0.0002 0.2959 0.0116 0.3117 0.0024 0.3752 
          14  3 0.0007 0.1568 0.2204 0.0448 0.2228 0.0047 0.3498 
          15  3 0.2597 0.0015 0.2334 0.0004 0.3046 0.0007 0.1997 
          16  3 0.0749 0.0020 0.3936 0.0043 0.1226 0.0062 0.3964 
          17  3 0.0017 0.0013 0.2036 0.0009 0.3642 0.3045 0.1238 
          18  3 0.0095 0.2797 0.1602 0.1655 0.1276 0.0043 0.2532 
          19  3 0.0317 0.0031 0.3507 0.0004 0.2058 0.0935 0.3148 
          20  3 0.0311 0.0459 0.3048 0.0003 0.3226 0.1049 0.1904 
          21  3 0.0866 0.0059 0.3814 0.0017 0.2111 0.0931 0.2202 
          22  3 0.0015 0.0019 0.1990 0.0002 0.4122 0.2183 0.1669 
          23  3 0.1702 0.0011 0.3202 0.0002 0.2794 0.0013 0.2277 
          24  3 0.0082 0.0015 0.2210 0.1692 0.3914 0.0234 0.1854 
          25  3 0.0002 0.1341 0.2506 0.2502 0.1883 0.0005 0.1760 
          26  3 0.0636 0.0007 0.1922 0.0005 0.3694 0.1048 0.2689 
          27  3 0.0216 0.1794 0.2697 0.1353 0.1404 0.0125 0.2411 
          28  3 0.0568 0.0002 0.3590 0.0012 0.2758 0.0075 0.2995 
          29  3 0.0650 0.0062 0.3284 0.0025 0.2677 0.0635 0.2666 
          30  3 0.2145 0.0004 0.3156 0.0012 0.3240 0.0120 0.1323 
         001  4 0.0001 0.0001 0.0001 0.0001 0.9996 0.0001 0.0001 
         002  4 0.0002 0.0001 0.0005 0.0002 0.9984 0.0002 0.0003 
         003  4 0.0001 0.0001 0.0001 0.0001 0.9996 0.0001 0.0001 
         004  4 0.0001 0.0001 0.0001 0.0001 0.9995 0.0001 0.0001 
         005  4 0.0001 0.0001 0.0001 0.0002 0.9992 0.0001 0.0002 
         006  4 0.0005 0.0003 0.0179 0.0002 0.9105 0.0005 0.0701 
         007  4 0.0005 0.0005 0.0007 0.0002 0.9350 0.0007 0.0626 
         008  4 0.0004 0.0035 0.0004 0.0021 0.9925 0.0004 0.0006 
         009  4 0.0001 0.0001 0.0001 0.0001 0.9993 0.0001 0.0002 
         010  4 0.0001 0.0001 0.0001 0.0001 0.9850 0.0001 0.0146 
         011  4 0.0008 0.0142 0.0006 0.0002 0.9459 0.0005 0.0379 
         012  4 0.0001 0.0001 0.0001 0.0001 0.9995 0.0001 0.0001 
         013  4 0.0001 0.0000 0.0001 0.0000 0.9995 0.0001 0.0001 
         014  4 0.0001 0.0001 0.0002 0.0001 0.9993 0.0001 0.0001 
         015  4 0.0001 0.0000 0.0003 0.0001 0.9994 0.0001 0.0001 
         016  4 0.0001 0.0001 0.0001 0.0001 0.9995 0.0001 0.0001 
         017  4 0.0001 0.0001 0.0003 0.0001 0.9991 0.0001 0.0001 
         019  4 0.0002 0.0003 0.0032 0.0002 0.9043 0.0002 0.0915 
         020  4 0.0001 0.0001 0.0002 0.0002 0.9992 0.0001 0.0001 
         021  4 0.0002 0.0002 0.0002 0.0002 0.9709 0.0002 0.0281 
         001  5 0.0008 0.0348 0.0083 0.0011 0.9543 0.0004 0.0003 
         002  5 0.0132 0.0020 0.0288 0.0013 0.9480 0.0065 0.0003 
         003  5 0.1192 0.0031 0.0775 0.0002 0.7158 0.0340 0.0502 
         004  5 0.0566 0.0014 0.0014 0.0002 0.9325 0.0075 0.0006 
         005  5 0.0003 0.0004 0.0473 0.0001 0.9508 0.0002 0.0008 
         006  5 0.0005 0.0002 0.1127 0.0005 0.8327 0.0003 0.0532 
         007  5 0.0002 0.0002 0.0601 0.0002 0.8752 0.0003 0.0638 
         008  5 0.0001 0.0001 0.0624 0.0002 0.9345 0.0001 0.0025 
         009  5 0.0369 0.0008 0.0242 0.0003 0.9171 0.0171 0.0035 
         010  5 0.0018 0.0011 0.0784 0.0004 0.8789 0.0012 0.0382 
         011  5 0.0014 0.0016 0.0486 0.0002 0.9466 0.0013 0.0003 
         012  5 0.0276 0.0033 0.0275 0.0008 0.8505 0.0107 0.0796 
         013  5 0.0470 0.0018 0.1231 0.0009 0.7146 0.0990 0.0134 
         014  5 0.1584 0.0114 0.0484 0.0154 0.6840 0.0049 0.0774 
         015  5 0.0001 0.0001 0.0320 0.0002 0.9449 0.0002 0.0224 
         016  5 0.0010 0.0004 0.0341 0.0007 0.9103 0.0011 0.0524 
         017  5 0.0141 0.0003 0.0617 0.0032 0.8448 0.0099 0.0660 
         018  5 0.0110 0.0275 0.0713 0.0258 0.8387 0.0176 0.0082 
         019  5 0.0005 0.0019 0.0005 0.0090 0.9874 0.0004 0.0003 
         020  5 0.0001 0.0001 0.0003 0.0001 0.9992 0.0001 0.0001 
         021  5 0.1352 0.0022 0.0043 0.0003 0.8518 0.0056 0.0005 
         022  5 0.0155 0.0307 0.0035 0.0017 0.9216 0.0080 0.0190 
         023  5 0.0012 0.0015 0.0572 0.0003 0.9289 0.0009 0.0100 
         024  5 0.0103 0.0004 0.0056 0.0003 0.8885 0.0217 0.0733 
         025  5 0.0113 0.0005 0.0307 0.0015 0.8766 0.0084 0.0710 
         026  5 0.0827 0.0003 0.0267 0.0004 0.8245 0.0477 0.0177 
         027  5 0.0002 0.0001 0.0001 0.0001 0.9990 0.0001 0.0004 
         028  5 0.0089 0.0083 0.0053 0.0010 0.9134 0.0115 0.0517 
         029  5 0.0003 0.0002 0.0278 0.0003 0.9689 0.0003 0.0023 
         030  5 0.0007 0.0016 0.0273 0.0042 0.9648 0.0007 0.0007 
        001s  6 0.9270 0.0193 0.0153 0.0008 0.0012 0.0202 0.0161 
        002s  6 0.9149 0.0011 0.0049 0.0169 0.0283 0.0333 0.0005 
        003s  6 0.8734 0.0018 0.0364 0.0004 0.0094 0.0783 0.0004 
        004s  6 0.8707 0.0006 0.0021 0.0005 0.0004 0.1253 0.0003 
        006s  6 0.8954 0.0056 0.0025 0.0014 0.0627 0.0172 0.0152 
        007s  6 0.9500 0.0006 0.0206 0.0009 0.0004 0.0242 0.0033 
        008s  6 0.8345 0.0036 0.0071 0.0024 0.0035 0.1483 0.0007 
        009s  6 0.6491 0.0009 0.0020 0.0009 0.0003 0.3466 0.0003 
        010s  6 0.8510 0.0155 0.0265 0.0100 0.0131 0.0779 0.0060 
        011s  6 0.6838 0.0016 0.0383 0.0003 0.0007 0.2743 0.0011 
        012s  6 0.9829 0.0013 0.0020 0.0020 0.0004 0.0077 0.0037 
        013s  6 0.8307 0.0003 0.0012 0.0006 0.0010 0.1654 0.0008 
        014s  6 0.9239 0.0003 0.0082 0.0003 0.0661 0.0009 0.0003 
        015s  6 0.6070 0.0060 0.0275 0.0008 0.0078 0.3398 0.0111 
        016s  6 0.9929 0.0008 0.0008 0.0006 0.0003 0.0037 0.0008 
        018s  6 0.7060 0.0016 0.0577 0.0007 0.2310 0.0019 0.0011 
        019s  6 0.7930 0.0021 0.1812 0.0007 0.0037 0.0179 0.0013 
        020s  6 0.9040 0.0005 0.0897 0.0004 0.0002 0.0046 0.0004 
        021s  6 0.9729 0.0033 0.0100 0.0016 0.0009 0.0037 0.0075 
        022s  6 0.9367 0.0032 0.0041 0.0004 0.0008 0.0545 0.0003 
        023s  6 0.3338 0.0005 0.1447 0.0002 0.0239 0.4963 0.0005 
        024s  6 0.9477 0.0010 0.0077 0.0017 0.0372 0.0026 0.0021 
        025s  6 0.8869 0.0696 0.0021 0.0005 0.0014 0.0390 0.0006 
        026s  6 0.9180 0.0005 0.0008 0.0019 0.0003 0.0781 0.0004 
        027s  6 0.8474 0.0004 0.0022 0.0014 0.0009 0.1471 0.0005 
        028s  6 0.9135 0.0057 0.0125 0.0454 0.0102 0.0039 0.0088 
        029s  6 0.9370 0.0011 0.0325 0.0019 0.0004 0.0266 0.0004 
        030s  6 0.8785 0.0099 0.0312 0.0020 0.0677 0.0101 0.0007 
        031s  6 0.9213 0.0003 0.0054 0.0004 0.0017 0.0668 0.0042 
        032s  6 0.9547 0.0008 0.0306 0.0004 0.0044 0.0084 0.0006 
        033s  6 0.8781 0.0009 0.0092 0.0006 0.0851 0.0259 0.0002 
        034s  6 0.6178 0.0131 0.0085 0.0004 0.0015 0.3552 0.0035 
        035s  6 0.7601 0.0010 0.0356 0.0008 0.1497 0.0521 0.0006 
        036s  6 0.9769 0.0009 0.0137 0.0003 0.0004 0.0034 0.0044 
        037s  6 0.9827 0.0013 0.0018 0.0017 0.0008 0.0109 0.0007 
        038s  6 0.9757 0.0006 0.0015 0.0012 0.0003 0.0187 0.0020 
        039s  6 0.9468 0.0006 0.0211 0.0006 0.0003 0.0303 0.0003 
        040s  6 0.6871 0.0004 0.0240 0.0004 0.0003 0.2864 0.0014 
        041s  6 0.9190 0.0029 0.0021 0.0028 0.0671 0.0059 0.0002 
        042s  6 0.9324 0.0514 0.0023 0.0026 0.0080 0.0024 0.0009 
        043s  6 0.9691 0.0063 0.0029 0.0002 0.0008 0.0195 0.0011 
        044s  6 0.9868 0.0007 0.0013 0.0020 0.0009 0.0080 0.0003 
        045s  6 0.9608 0.0021 0.0019 0.0006 0.0037 0.0304 0.0004 
        001s  7 0.6855 0.0008 0.0026 0.0003 0.0019 0.3085 0.0005 
        002s  7 0.7989 0.0017 0.0020 0.0011 0.0178 0.1775 0.0010 
        003s  7 0.9829 0.0009 0.0035 0.0012 0.0016 0.0086 0.0013 
        004s  7 0.9882 0.0005 0.0021 0.0010 0.0008 0.0043 0.0032 
        005s  7 0.9548 0.0021 0.0113 0.0007 0.0094 0.0196 0.0021 
        006s  7 0.8654 0.0046 0.0585 0.0003 0.0582 0.0120 0.0010 
        007s  7 0.8713 0.0018 0.0016 0.0145 0.0046 0.1009 0.0053 
        008s  7 0.6703 0.0018 0.0339 0.0026 0.0218 0.2692 0.0004 
        009s  7 0.9812 0.0072 0.0012 0.0005 0.0020 0.0059 0.0020 
        010s  7 0.9758 0.0010 0.0043 0.0007 0.0015 0.0165 0.0002 
        011s  7 0.9857 0.0008 0.0031 0.0007 0.0005 0.0087 0.0005 
        012s  7 0.9190 0.0008 0.0008 0.0004 0.0007 0.0777 0.0006 
        013s  7 0.9502 0.0039 0.0008 0.0005 0.0004 0.0360 0.0083 
        014s  7 0.7921 0.0004 0.0023 0.0004 0.0434 0.1606 0.0006 
        015s  7 0.8694 0.0010 0.0043 0.0008 0.0165 0.1062 0.0017 
        016s  7 0.6652 0.0017 0.0120 0.0005 0.1179 0.2026 0.0002 
        017s  7 0.9804 0.0005 0.0079 0.0003 0.0012 0.0085 0.0011 
        018s  7 0.2938 0.0007 0.2135 0.0030 0.0019 0.4867 0.0004 
        019s  7 0.6693 0.0120 0.0028 0.0035 0.0007 0.3106 0.0010 
        020s  7 0.9873 0.0005 0.0024 0.0003 0.0006 0.0081 0.0008 
        021s  7 0.9907 0.0009 0.0029 0.0010 0.0011 0.0028 0.0005 
        022s  7 0.8104 0.0007 0.0007 0.0003 0.0015 0.1831 0.0033 
        023s  7 0.8984 0.0167 0.0278 0.0019 0.0049 0.0490 0.0013 
        024s  7 0.8712 0.0007 0.0047 0.0016 0.0014 0.1200 0.0004 
        025s  7 0.9259 0.0008 0.0189 0.0007 0.0005 0.0495 0.0038 
        026s  7 0.8778 0.0005 0.0121 0.0011 0.0020 0.1061 0.0003 
        027s  7 0.9923 0.0004 0.0009 0.0014 0.0011 0.0031 0.0008 
        028s  7 0.7170 0.0004 0.1419 0.0002 0.0044 0.1354 0.0007 
        029s  7 0.7942 0.0024 0.0339 0.0009 0.0076 0.1603 0.0009 
        030s  7 0.9650 0.0032 0.0010 0.0043 0.0004 0.0255 0.0007 
        031s  7 0.8240 0.0118 0.0037 0.0006 0.0017 0.1569 0.0014 
        032s  7 0.8763 0.0003 0.0038 0.0060 0.0952 0.0181 0.0003 
        033s  7 0.9530 0.0016 0.0035 0.0021 0.0342 0.0052 0.0004 
        034s  7 0.9432 0.0005 0.0032 0.0013 0.0009 0.0186 0.0324 
        035s  7 0.9823 0.0009 0.0090 0.0005 0.0003 0.0068 0.0003 
        036s  7 0.9799 0.0082 0.0027 0.0006 0.0006 0.0035 0.0045 
        037s  7 0.1890 0.0040 0.1679 0.0008 0.0222 0.6145 0.0016 
        038s  7 0.8051 0.0010 0.1043 0.0011 0.0050 0.0830 0.0003 
        039s  7 0.1040 0.0003 0.1000 0.0003 0.0002 0.7950 0.0002 
        040s  7 0.8524 0.0003 0.0010 0.0004 0.0136 0.1014 0.0310 
        041s  7 0.9620 0.0014 0.0069 0.0010 0.0166 0.0118 0.0004 
        042s  7 0.7882 0.0003 0.0035 0.0003 0.0083 0.1988 0.0007 
        043s  7 0.9883 0.0019 0.0009 0.0005 0.0012 0.0070 0.0001 
        044s  7 0.9087 0.0217 0.0153 0.0009 0.0430 0.0022 0.0082 
         003  8 0.9777 0.0007 0.0019 0.0088 0.0058 0.0037 0.0015 
         009  8 0.9913 0.0009 0.0013 0.0007 0.0010 0.0042 0.0006 
         010  8 0.9732 0.0014 0.0011 0.0003 0.0004 0.0234 0.0002 
         017  8 0.9829 0.0033 0.0081 0.0016 0.0004 0.0032 0.0005 
         002  9 0.9782 0.0011 0.0046 0.0005 0.0004 0.0146 0.0006 
         003  9 0.9766 0.0004 0.0072 0.0003 0.0002 0.0149 0.0004 
         004  9 0.9927 0.0012 0.0010 0.0004 0.0003 0.0041 0.0002 
         005  9 0.9305 0.0045 0.0013 0.0014 0.0004 0.0610 0.0010 
         006  9 0.9699 0.0013 0.0011 0.0005 0.0010 0.0252 0.0009 
         007  9 0.9809 0.0014 0.0058 0.0012 0.0044 0.0059 0.0004 
         009  9 0.9889 0.0015 0.0010 0.0012 0.0013 0.0059 0.0002 
         010  9 0.9873 0.0013 0.0016 0.0015 0.0003 0.0077 0.0003 
         013  9 0.9811 0.0013 0.0115 0.0003 0.0008 0.0043 0.0008 
         014  9 0.9174 0.0017 0.0010 0.0042 0.0004 0.0750 0.0002 
         016  9 0.9848 0.0006 0.0012 0.0012 0.0002 0.0117 0.0002 
         018  9 0.6887 0.0016 0.0011 0.0033 0.0009 0.3035 0.0009 
         019  9 0.9894 0.0005 0.0028 0.0031 0.0005 0.0030 0.0008 
         020  9 0.9824 0.0004 0.0011 0.0003 0.0003 0.0152 0.0003 
         021  9 0.7726 0.0007 0.0226 0.0003 0.0003 0.2032 0.0002 
         022  9 0.5151 0.0004 0.0013 0.0014 0.0002 0.4811 0.0003 
         024  9 0.9830 0.0029 0.0018 0.0024 0.0003 0.0093 0.0003 
         028  9 0.9505 0.0012 0.0076 0.0003 0.0006 0.0391 0.0006 
         029  9 0.9869 0.0005 0.0037 0.0009 0.0002 0.0075 0.0003 
         030  9 0.9402 0.0014 0.0293 0.0008 0.0003 0.0275 0.0004 
         031  9 0.9836 0.0005 0.0046 0.0006 0.0016 0.0088 0.0004 
         033  9 0.9875 0.0013 0.0016 0.0006 0.0051 0.0037 0.0003 
         001 10 0.9438 0.0004 0.0009 0.0014 0.0004 0.0527 0.0005 
         002 10 0.9906 0.0008 0.0035 0.0014 0.0004 0.0032 0.0002 
         003 10 0.9510 0.0140 0.0019 0.0005 0.0003 0.0318 0.0005 
         004 10 0.9848 0.0026 0.0014 0.0004 0.0003 0.0102 0.0003 
         005 10 0.9870 0.0010 0.0023 0.0015 0.0004 0.0074 0.0005 
         006 10 0.9917 0.0006 0.0008 0.0005 0.0007 0.0054 0.0003 
         007 10 0.9926 0.0021 0.0013 0.0005 0.0006 0.0026 0.0004 
         008 10 0.9807 0.0033 0.0099 0.0007 0.0006 0.0042 0.0005 
         009 10 0.9863 0.0004 0.0010 0.0047 0.0005 0.0063 0.0007 
         010 10 0.9896 0.0007 0.0027 0.0026 0.0006 0.0035 0.0004 
         011 10 0.9343 0.0357 0.0032 0.0003 0.0006 0.0248 0.0011 
         012 10 0.9806 0.0027 0.0028 0.0003 0.0003 0.0121 0.0011 
         013 10 0.9869 0.0007 0.0014 0.0006 0.0003 0.0079 0.0022 
         014 10 0.9927 0.0006 0.0020 0.0008 0.0003 0.0030 0.0005 
         016 10 0.9797 0.0010 0.0067 0.0015 0.0005 0.0099 0.0007 
         017 10 0.8721 0.0008 0.0027 0.0011 0.0007 0.1218 0.0007 
         018 10 0.9780 0.0008 0.0032 0.0020 0.0039 0.0115 0.0006 
         019 10 0.9884 0.0012 0.0013 0.0043 0.0003 0.0042 0.0003 
         020 10 0.9804 0.0012 0.0067 0.0077 0.0007 0.0024 0.0009 
         021 10 0.9878 0.0002 0.0036 0.0022 0.0008 0.0051 0.0002 
         022 10 0.9533 0.0008 0.0010 0.0002 0.0003 0.0439 0.0005 
         023 10 0.9887 0.0010 0.0025 0.0004 0.0002 0.0067 0.0005 
         024 10 0.9917 0.0023 0.0015 0.0009 0.0003 0.0030 0.0002 
         026 10 0.9006 0.0004 0.0021 0.0008 0.0004 0.0953 0.0004 
        001s 11 0.5172 0.0070 0.0107 0.0009 0.0965 0.3669 0.0008 
        002s 11 0.9800 0.0012 0.0015 0.0041 0.0006 0.0069 0.0056 
        003s 11 0.4046 0.0004 0.0751 0.0011 0.0084 0.5100 0.0004 
        004s 11 0.8853 0.0014 0.0094 0.0002 0.0003 0.1018 0.0016 
        005s 11 0.9090 0.0005 0.0433 0.0041 0.0012 0.0413 0.0005 
        006s 11 0.9728 0.0015 0.0137 0.0017 0.0008 0.0034 0.0062 
        007s 11 0.9483 0.0009 0.0033 0.0010 0.0080 0.0025 0.0360 
        008s 11 0.7414 0.0004 0.0056 0.0005 0.0005 0.2512 0.0004 
        009s 11 0.9728 0.0004 0.0104 0.0119 0.0004 0.0039 0.0003 
        010s 11 0.9907 0.0007 0.0025 0.0004 0.0011 0.0041 0.0003 
        011s 11 0.8567 0.0121 0.0010 0.0003 0.1108 0.0135 0.0055 
        012s 11 0.2996 0.0003 0.1907 0.0007 0.0986 0.4100 0.0002 
        013s 11 0.9715 0.0011 0.0108 0.0002 0.0009 0.0150 0.0005 
        014s 11 0.6223 0.0007 0.0205 0.0008 0.0050 0.3448 0.0060 
        015s 11 0.9062 0.0028 0.0029 0.0013 0.0012 0.0835 0.0022 
        016s 11 0.8835 0.0505 0.0013 0.0056 0.0473 0.0114 0.0005 
        017s 11 0.0188 0.0010 0.2000 0.0004 0.0830 0.6966 0.0003 
        018s 11 0.6343 0.0007 0.0017 0.0016 0.0057 0.3550 0.0010 
        019s 11 0.9539 0.0175 0.0210 0.0004 0.0007 0.0058 0.0007 
        020s 11 0.9618 0.0011 0.0007 0.0019 0.0024 0.0305 0.0015 
        021s 11 0.9436 0.0011 0.0009 0.0004 0.0003 0.0530 0.0006 
        022s 11 0.7755 0.0005 0.0574 0.0006 0.0014 0.1344 0.0302 
        023s 11 0.6179 0.0140 0.0016 0.0006 0.0450 0.3207 0.0002 
        025s 11 0.9879 0.0009 0.0052 0.0002 0.0004 0.0050 0.0003 
        026s 11 0.8538 0.0464 0.0004 0.0006 0.0350 0.0630 0.0008 
        027s 11 0.9698 0.0005 0.0028 0.0005 0.0007 0.0224 0.0034 
        028s 11 0.9294 0.0011 0.0098 0.0003 0.0049 0.0538 0.0007 
        029s 11 0.8884 0.0003 0.0471 0.0014 0.0354 0.0270 0.0004 
        030s 11 0.7019 0.0013 0.1576 0.0009 0.0437 0.0934 0.0011 
        031s 11 0.7932 0.0003 0.0015 0.0008 0.0003 0.2022 0.0017 
        032s 11 0.8787 0.0033 0.0006 0.0006 0.0009 0.1156 0.0003 
        033s 11 0.8975 0.0005 0.0018 0.0011 0.0043 0.0939 0.0008 
        034s 11 0.6245 0.0004 0.0044 0.0003 0.0012 0.3679 0.0013 
        035s 11 0.9870 0.0004 0.0010 0.0012 0.0035 0.0053 0.0017 
        036s 11 0.7366 0.0003 0.1836 0.0015 0.0116 0.0651 0.0013 
        037s 11 0.8774 0.0021 0.1089 0.0013 0.0009 0.0089 0.0003 
        038s 11 0.8886 0.0006 0.0159 0.0006 0.0019 0.0921 0.0004 
        039s 11 0.9771 0.0009 0.0158 0.0004 0.0011 0.0046 0.0002 
        040s 11 0.7978 0.0005 0.1457 0.0009 0.0482 0.0051 0.0018 
        041s 11 0.9566 0.0021 0.0015 0.0178 0.0011 0.0203 0.0007 
        042s 11 0.3440 0.0073 0.0108 0.0011 0.0009 0.6350 0.0009 
        043s 11 0.9403 0.0197 0.0185 0.0004 0.0136 0.0068 0.0007 
        044s 11 0.8861 0.0033 0.0016 0.0011 0.0004 0.1019 0.0056 
        045s 11 0.8833 0.0098 0.0422 0.0002 0.0003 0.0632 0.0008 
        046s 11 0.4450 0.0274 0.0911 0.0007 0.0394 0.3948 0.0017 
        047s 11 0.8475 0.0014 0.1372 0.0008 0.0007 0.0109 0.0015 
        048s 11 0.9228 0.0297 0.0024 0.0024 0.0029 0.0378 0.0020 
        049s 11 0.9560 0.0012 0.0031 0.0012 0.0014 0.0367 0.0004 
        050s 11 0.9894 0.0012 0.0012 0.0004 0.0004 0.0050 0.0024 
        051s 11 0.9133 0.0489 0.0050 0.0003 0.0003 0.0125 0.0196 
        052s 11 0.4858 0.0024 0.0047 0.0010 0.0013 0.5022 0.0026 
        053s 11 0.9889 0.0006 0.0044 0.0014 0.0004 0.0040 0.0004 
        054s 11 0.9722 0.0010 0.0062 0.0005 0.0007 0.0152 0.0044 
        055s 11 0.9273 0.0002 0.0420 0.0003 0.0239 0.0057 0.0006 
        001s 12 0.9688 0.0008 0.0045 0.0011 0.0010 0.0218 0.0020 
        002s 12 0.9897 0.0006 0.0031 0.0020 0.0008 0.0032 0.0005 
        003s 12 0.9866 0.0003 0.0016 0.0006 0.0004 0.0100 0.0004 
        004s 12 0.7486 0.0064 0.0004 0.0021 0.0644 0.1776 0.0005 
        005s 12 0.9572 0.0008 0.0026 0.0006 0.0004 0.0380 0.0004 
        006s 12 0.8348 0.0011 0.0719 0.0006 0.0192 0.0692 0.0032 
        007s 12 0.9846 0.0014 0.0036 0.0030 0.0010 0.0046 0.0016 
        008s 12 0.9070 0.0004 0.0552 0.0009 0.0042 0.0318 0.0006 
        009s 12 0.6863 0.0058 0.0584 0.0201 0.0152 0.2134 0.0008 
        010s 12 0.9079 0.0005 0.0187 0.0007 0.0078 0.0314 0.0331 
        011s 12 0.7379 0.0008 0.0011 0.0012 0.0013 0.2541 0.0035 
        012s 12 0.6925 0.0032 0.0813 0.0005 0.0011 0.2148 0.0066 
        013s 12 0.8969 0.0329 0.0633 0.0004 0.0007 0.0052 0.0005 
        014s 12 0.8630 0.0400 0.0268 0.0045 0.0016 0.0230 0.0411 
        015s 12 0.9817 0.0007 0.0051 0.0011 0.0040 0.0065 0.0010 
        016s 12 0.6618 0.0047 0.0168 0.0004 0.0004 0.3155 0.0004 
        017s 12 0.9813 0.0008 0.0061 0.0004 0.0042 0.0062 0.0010 
        018s 12 0.8194 0.0012 0.1666 0.0030 0.0010 0.0086 0.0002 
        019s 12 0.9824 0.0006 0.0026 0.0027 0.0039 0.0073 0.0005 
        020s 12 0.8974 0.0003 0.0278 0.0003 0.0693 0.0045 0.0004 
        021s 12 0.8554 0.0018 0.0810 0.0005 0.0023 0.0585 0.0004 
        022s 12 0.9229 0.0022 0.0128 0.0040 0.0290 0.0283 0.0008 
        023s 12 0.9839 0.0009 0.0015 0.0009 0.0003 0.0123 0.0003 
        024s 12 0.8459 0.0006 0.1387 0.0003 0.0006 0.0136 0.0002 
        025s 12 0.9752 0.0009 0.0135 0.0036 0.0015 0.0033 0.0020 
        026s 12 0.9449 0.0008 0.0013 0.0097 0.0256 0.0167 0.0010 
        027s 12 0.9897 0.0004 0.0051 0.0004 0.0019 0.0019 0.0005 
        028s 12 0.9710 0.0034 0.0005 0.0087 0.0021 0.0138 0.0005 
        029s 12 0.9852 0.0010 0.0007 0.0002 0.0005 0.0117 0.0007 
        030s 12 0.9751 0.0005 0.0137 0.0004 0.0009 0.0077 0.0016 
        031s 12 0.9729 0.0018 0.0101 0.0008 0.0034 0.0101 0.0009 
        032s 12 0.9096 0.0010 0.0010 0.0080 0.0005 0.0795 0.0004 
        033s 12 0.9450 0.0005 0.0098 0.0004 0.0010 0.0409 0.0025 
        034s 12 0.9928 0.0003 0.0024 0.0005 0.0005 0.0033 0.0003 
        035s 12 0.8742 0.0004 0.0138 0.0004 0.0085 0.1017 0.0011 
        036s 12 0.5508 0.0007 0.0176 0.0024 0.0021 0.4221 0.0043 
        037s 12 0.9689 0.0009 0.0236 0.0011 0.0007 0.0045 0.0003 
        001s 13 0.8497 0.0025 0.0017 0.0008 0.0107 0.1339 0.0007 
        002s 13 0.4607 0.0003 0.0045 0.0003 0.0795 0.4544 0.0003 
        003s 13 0.9229 0.0015 0.0173 0.0007 0.0008 0.0567 0.0002 
        004s 13 0.8554 0.0024 0.0022 0.0065 0.0007 0.1324 0.0004 
        005s 13 0.9726 0.0019 0.0049 0.0023 0.0018 0.0131 0.0033 
        006s 13 0.7639 0.0004 0.0216 0.0010 0.0004 0.2109 0.0017 
        007s 13 0.9443 0.0012 0.0042 0.0006 0.0011 0.0206 0.0280 
        008s 13 0.9264 0.0006 0.0251 0.0014 0.0418 0.0026 0.0020 
        009s 13 0.8248 0.0011 0.0031 0.0098 0.1226 0.0374 0.0012 
        010s 13 0.4952 0.0008 0.1993 0.0010 0.0553 0.2480 0.0004 
        011s 13 0.9450 0.0022 0.0058 0.0047 0.0044 0.0203 0.0177 
        012s 13 0.0107 0.0197 0.2016 0.0025 0.0427 0.7217 0.0011 
        013s 13 0.9374 0.0038 0.0009 0.0008 0.0295 0.0050 0.0226 
        014s 13 0.7774 0.0039 0.1740 0.0015 0.0005 0.0259 0.0167 
        015s 13 0.9728 0.0068 0.0016 0.0073 0.0051 0.0054 0.0010 
        016s 13 0.8007 0.0012 0.0033 0.0005 0.0003 0.1935 0.0003 
        017s 13 0.8520 0.0007 0.0523 0.0050 0.0037 0.0821 0.0042 
        018s 13 0.7708 0.0007 0.0086 0.0006 0.0005 0.2185 0.0004 
        019s 13 0.9184 0.0007 0.0404 0.0005 0.0004 0.0389 0.0007 
        020s 13 0.9608 0.0004 0.0021 0.0019 0.0014 0.0302 0.0032 
        021s 13 0.9891 0.0011 0.0042 0.0006 0.0011 0.0033 0.0005 
        022s 13 0.9913 0.0008 0.0017 0.0004 0.0013 0.0041 0.0005 
        023s 13 0.9704 0.0003 0.0029 0.0007 0.0012 0.0242 0.0003 
        024s 13 0.8612 0.0363 0.0007 0.0008 0.0269 0.0710 0.0033 
        025s 13 0.9716 0.0025 0.0104 0.0008 0.0007 0.0134 0.0005 
        026s 13 0.4763 0.0034 0.2107 0.0004 0.0707 0.2357 0.0028 
        027s 13 0.9439 0.0012 0.0041 0.0030 0.0413 0.0038 0.0028 
        028s 13 0.5319 0.0032 0.0275 0.0082 0.0041 0.4224 0.0028 
        029s 13 0.6870 0.0009 0.1193 0.0005 0.0193 0.1720 0.0010 
        030s 13 0.8575 0.0171 0.0014 0.0005 0.0760 0.0472 0.0004 
        031s 13 0.8244 0.0996 0.0009 0.0007 0.0050 0.0669 0.0024 
        032s 13 0.9652 0.0003 0.0011 0.0005 0.0004 0.0245 0.0080 
        033s 13 0.7992 0.0010 0.0492 0.0007 0.0027 0.1365 0.0107 
        034s 13 0.8404 0.0006 0.0082 0.0019 0.0585 0.0765 0.0138 
        035s 13 0.9829 0.0030 0.0038 0.0011 0.0006 0.0080 0.0006 
        036s 13 0.9408 0.0003 0.0333 0.0004 0.0022 0.0226 0.0004 
        037s 13 0.9895 0.0012 0.0015 0.0006 0.0004 0.0063 0.0005 
        038s 13 0.8617 0.0011 0.0524 0.0011 0.0011 0.0816 0.0009 
        039s 13 0.7643 0.0710 0.0012 0.0013 0.0975 0.0641 0.0007 
        040s 13 0.9224 0.0011 0.0257 0.0004 0.0016 0.0477 0.0012 
        041s 13 0.9014 0.0015 0.0327 0.0006 0.0562 0.0039 0.0037 
        042s 13 0.9683 0.0008 0.0015 0.0004 0.0005 0.0272 0.0012 
        001s 14 0.5025 0.0008 0.1111 0.0014 0.0293 0.3544 0.0006 
        002s 14 0.9253 0.0012 0.0036 0.0042 0.0631 0.0015 0.0011 
        003s 14 0.9721 0.0009 0.0050 0.0005 0.0009 0.0201 0.0004 
        004s 14 0.9179 0.0027 0.0013 0.0007 0.0115 0.0550 0.0108 
        005s 14 0.9889 0.0005 0.0008 0.0005 0.0003 0.0088 0.0002 
        006s 14 0.9527 0.0003 0.0028 0.0003 0.0003 0.0429 0.0005 
        007s 14 0.9733 0.0013 0.0015 0.0004 0.0005 0.0223 0.0007 
        008s 14 0.8482 0.0015 0.0045 0.0149 0.1107 0.0135 0.0067 
        009s 14 0.9437 0.0010 0.0013 0.0058 0.0019 0.0459 0.0004 
        010s 14 0.9137 0.0006 0.0029 0.0095 0.0631 0.0095 0.0007 
        011s 14 0.9041 0.0005 0.0688 0.0005 0.0027 0.0135 0.0098 
        012s 14 0.7516 0.0010 0.0163 0.0020 0.0005 0.2274 0.0013 
        013s 14 0.0339 0.0044 0.0425 0.0006 0.0010 0.9148 0.0029 
        014s 14 0.8320 0.0005 0.0842 0.0066 0.0401 0.0359 0.0006 
        015s 14 0.9751 0.0029 0.0077 0.0059 0.0007 0.0071 0.0006 
        016s 14 0.9176 0.0091 0.0256 0.0005 0.0013 0.0457 0.0002 
        017s 14 0.8737 0.0004 0.0446 0.0007 0.0591 0.0118 0.0097 
        018s 14 0.9664 0.0014 0.0263 0.0006 0.0008 0.0042 0.0003 
        019s 14 0.9887 0.0007 0.0043 0.0004 0.0010 0.0039 0.0010 
        020s 14 0.9392 0.0006 0.0009 0.0076 0.0008 0.0507 0.0002 
        021s 14 0.9709 0.0005 0.0035 0.0095 0.0043 0.0109 0.0003 
        022s 14 0.8852 0.0010 0.0914 0.0021 0.0032 0.0139 0.0032 
        023s 14 0.9394 0.0020 0.0007 0.0020 0.0064 0.0480 0.0015 
        024s 14 0.9093 0.0009 0.0044 0.0024 0.0510 0.0308 0.0011 
        025s 14 0.8339 0.0004 0.0095 0.0003 0.0663 0.0894 0.0002 
        026s 14 0.3514 0.0006 0.0027 0.0021 0.0004 0.6426 0.0002 
        027s 14 0.9001 0.0029 0.0368 0.0004 0.0024 0.0569 0.0005 
        028s 14 0.9598 0.0007 0.0042 0.0026 0.0005 0.0301 0.0022 
        029s 14 0.9670 0.0012 0.0027 0.0005 0.0004 0.0278 0.0002 
        030s 14 0.3509 0.0005 0.1509 0.0007 0.0007 0.4903 0.0061 
        031s 14 0.8857 0.0010 0.0015 0.0006 0.0004 0.0913 0.0195 
        032s 14 0.9582 0.0022 0.0318 0.0004 0.0008 0.0053 0.0013 
        033s 14 0.8018 0.0006 0.0025 0.0008 0.0006 0.1458 0.0481 
        034s 14 0.9687 0.0006 0.0028 0.0006 0.0004 0.0266 0.0003 
        035s 14 0.0243 0.0007 0.1809 0.0004 0.0721 0.6562 0.0655 
        036s 14 0.8682 0.0044 0.0081 0.0017 0.0724 0.0156 0.0295 
        037s 14 0.9871 0.0021 0.0041 0.0005 0.0007 0.0052 0.0003 
        038s 14 0.9013 0.0004 0.0913 0.0007 0.0008 0.0049 0.0006 
        039s 14 0.9732 0.0050 0.0031 0.0038 0.0014 0.0110 0.0024 
        040s 14 0.9582 0.0008 0.0091 0.0003 0.0177 0.0130 0.0009 
        041s 14 0.5125 0.0006 0.1582 0.0006 0.0006 0.3263 0.0012 
        042s 14 0.8556 0.0018 0.0013 0.0007 0.0701 0.0702 0.0003 
        001s 15 0.9779 0.0010 0.0041 0.0007 0.0014 0.0146 0.0004 
        002s 15 0.8756 0.0091 0.0004 0.0073 0.0979 0.0082 0.0014 
        003s 15 0.9763 0.0050 0.0049 0.0007 0.0080 0.0047 0.0004 
        004s 15 0.0371 0.0003 0.0055 0.0084 0.0007 0.9474 0.0006 
        005s 15 0.9637 0.0046 0.0148 0.0010 0.0100 0.0047 0.0012 
        006s 15 0.9344 0.0010 0.0400 0.0007 0.0140 0.0083 0.0016 
        007s 15 0.9411 0.0007 0.0041 0.0013 0.0004 0.0520 0.0004 
        008s 15 0.9119 0.0005 0.0652 0.0007 0.0004 0.0208 0.0006 
        009s 15 0.3497 0.0400 0.2062 0.0004 0.0160 0.3868 0.0009 
        010s 15 0.7000 0.0013 0.0044 0.0003 0.0006 0.2932 0.0003 
        011s 15 0.0284 0.0013 0.1971 0.0005 0.0008 0.7341 0.0378 
        012s 15 0.9529 0.0017 0.0329 0.0011 0.0021 0.0084 0.0009 
        013s 15 0.9700 0.0011 0.0050 0.0025 0.0013 0.0198 0.0003 
        014s 15 0.9624 0.0049 0.0022 0.0042 0.0013 0.0243 0.0006 
        015s 15 0.9060 0.0027 0.0057 0.0009 0.0774 0.0018 0.0056 
        016s 15 0.5455 0.0004 0.0613 0.0271 0.0051 0.2988 0.0617 
        017s 15 0.8681 0.0023 0.0011 0.0137 0.0012 0.1130 0.0006 
        018s 15 0.7534 0.0006 0.0234 0.0014 0.0026 0.2184 0.0002 
        019s 15 0.0141 0.0043 0.1645 0.0008 0.0052 0.8107 0.0004 
        020s 15 0.9471 0.0005 0.0049 0.0005 0.0007 0.0459 0.0005 
        021s 15 0.5414 0.0035 0.0823 0.0026 0.0649 0.3041 0.0013 
        022s 15 0.6565 0.0004 0.1731 0.0005 0.0004 0.1681 0.0009 
        023s 15 0.3164 0.0007 0.0713 0.0004 0.0234 0.5853 0.0026 
        024s 15 0.7937 0.0011 0.0031 0.0004 0.0016 0.1976 0.0025 
        025s 15 0.9589 0.0229 0.0058 0.0014 0.0051 0.0052 0.0009 
        026s 15 0.9649 0.0173 0.0041 0.0020 0.0014 0.0089 0.0013 
        027s 15 0.9683 0.0009 0.0013 0.0112 0.0021 0.0039 0.0122 
        028s 15 0.9847 0.0015 0.0030 0.0020 0.0005 0.0077 0.0007 
        029s 15 0.9884 0.0012 0.0011 0.0015 0.0005 0.0066 0.0007 
        030s 15 0.7710 0.0005 0.0009 0.0012 0.0006 0.2251 0.0007 
        031s 15 0.9149 0.0046 0.0075 0.0010 0.0604 0.0109 0.0008 
        032s 15 0.8236 0.0019 0.0008 0.0006 0.0005 0.1723 0.0002 
        033s 15 0.7528 0.0003 0.1792 0.0006 0.0609 0.0052 0.0010 
        035s 15 0.5483 0.0007 0.0362 0.0017 0.0010 0.4101 0.0022 
        036s 15 0.8569 0.0045 0.0565 0.0002 0.0011 0.0790 0.0018 
        037s 15 0.8814 0.0010 0.1001 0.0005 0.0010 0.0096 0.0064 
        038s 15 0.3972 0.0004 0.0035 0.0009 0.0043 0.5918 0.0020 
        039s 15 0.5325 0.0003 0.1576 0.0007 0.0674 0.2412 0.0003 
        040s 15 0.9500 0.0005 0.0216 0.0025 0.0019 0.0208 0.0026 
        041s 15 0.7714 0.0029 0.0702 0.0007 0.0670 0.0846 0.0032 
        042s 15 0.8992 0.0011 0.0105 0.0029 0.0035 0.0825 0.0003 
        043s 15 0.9067 0.0014 0.0039 0.0003 0.0131 0.0735 0.0011 
        044s 15 0.9763 0.0006 0.0034 0.0009 0.0035 0.0144 0.0008 
        045s 15 0.1738 0.0757 0.0766 0.0015 0.0030 0.6403 0.0291 
        046s 15 0.9598 0.0011 0.0083 0.0006 0.0171 0.0100 0.0031 
        047s 15 0.9017 0.0004 0.0539 0.0003 0.0129 0.0299 0.0010 
        048s 15 0.9366 0.0138 0.0009 0.0009 0.0005 0.0467 0.0006 
        049s 15 0.9471 0.0006 0.0342 0.0004 0.0090 0.0076 0.0011 
        050s 15 0.8505 0.0016 0.0014 0.0092 0.1341 0.0026 0.0006 
         001 16 0.1638 0.0012 0.0613 0.0024 0.1313 0.6355 0.0045 
         002 16 0.8958 0.0007 0.0736 0.0002 0.0169 0.0122 0.0006 
         003 16 0.9197 0.0021 0.0368 0.0034 0.0031 0.0319 0.0029 
         004 16 0.4473 0.0015 0.0372 0.0007 0.0005 0.5120 0.0009 
         005 16 0.9049 0.0209 0.0015 0.0019 0.0556 0.0096 0.0056 
         006 16 0.8633 0.0137 0.1050 0.0010 0.0041 0.0120 0.0010 
         007 16 0.9151 0.0012 0.0336 0.0009 0.0054 0.0433 0.0005 
         008 16 0.8154 0.0003 0.0133 0.0005 0.1512 0.0065 0.0127 
         009 16 0.9679 0.0005 0.0188 0.0012 0.0038 0.0073 0.0005 
         010 16 0.5881 0.0007 0.0363 0.0005 0.0199 0.3541 0.0004 
         011 16 0.2313 0.0018 0.0612 0.0004 0.0046 0.6993 0.0013 
         012 16 0.9079 0.0012 0.0250 0.0008 0.0006 0.0624 0.0020 
         013 16 0.9220 0.0005 0.0130 0.0008 0.0004 0.0623 0.0010 
         014 16 0.8549 0.0003 0.0055 0.0015 0.0284 0.1083 0.0012 
         015 16 0.5989 0.3674 0.0195 0.0011 0.0003 0.0115 0.0013 
         016 16 0.9099 0.0122 0.0019 0.0043 0.0015 0.0699 0.0003 
         017 16 0.9399 0.0010 0.0078 0.0005 0.0067 0.0362 0.0078 
         018 16 0.9096 0.0242 0.0068 0.0084 0.0396 0.0086 0.0028 
         019 16 0.9219 0.0004 0.0051 0.0009 0.0651 0.0027 0.0040 
         020 16 0.9599 0.0007 0.0204 0.0009 0.0002 0.0176 0.0005 
         021 16 0.7835 0.0008 0.0801 0.0045 0.0591 0.0619 0.0100 
         022 16 0.9554 0.0017 0.0017 0.0009 0.0320 0.0081 0.0002 
         023 16 0.9522 0.0072 0.0041 0.0004 0.0290 0.0064 0.0006 
         024 16 0.9093 0.0209 0.0012 0.0014 0.0059 0.0607 0.0006 
         025 16 0.8884 0.0035 0.0028 0.0014 0.0380 0.0457 0.0202 
         026 16 0.4426 0.0036 0.2115 0.0005 0.0810 0.2604 0.0004 
         027 16 0.9597 0.0016 0.0166 0.0070 0.0109 0.0038 0.0005 
         028 16 0.7467 0.0003 0.0039 0.0201 0.1443 0.0611 0.0235 
         029 16 0.5031 0.0011 0.2074 0.0015 0.0019 0.2704 0.0145 
         030 16 0.9575 0.0004 0.0076 0.0003 0.0007 0.0287 0.0048 
         031 16 0.9720 0.0006 0.0049 0.0137 0.0006 0.0076 0.0006 
         032 16 0.7895 0.0068 0.0034 0.0011 0.0872 0.1115 0.0004 
         033 16 0.9793 0.0003 0.0027 0.0003 0.0005 0.0160 0.0009 
         034 16 0.9675 0.0014 0.0157 0.0004 0.0030 0.0080 0.0040 
         035 16 0.9711 0.0002 0.0013 0.0005 0.0002 0.0260 0.0007 
         036 16 0.9371 0.0016 0.0020 0.0013 0.0004 0.0573 0.0004 
         037 16 0.4789 0.0030 0.0066 0.0006 0.0243 0.4730 0.0135 
         038 16 0.9677 0.0034 0.0206 0.0009 0.0026 0.0038 0.0009 
         039 16 0.9892 0.0005 0.0012 0.0008 0.0020 0.0061 0.0003 
         040 16 0.9877 0.0018 0.0021 0.0005 0.0007 0.0059 0.0014 
         041 16 0.8492 0.0016 0.1109 0.0002 0.0008 0.0367 0.0005 
         042 16 0.9890 0.0006 0.0016 0.0016 0.0012 0.0047 0.0013 
         043 16 0.9369 0.0008 0.0007 0.0009 0.0009 0.0592 0.0006 
         044 16 0.9552 0.0012 0.0021 0.0014 0.0085 0.0305 0.0010 
         045 16 0.9258 0.0002 0.0489 0.0019 0.0014 0.0196 0.0022 
         047 16 0.9392 0.0010 0.0017 0.0041 0.0030 0.0181 0.0329 
         048 16 0.9727 0.0006 0.0063 0.0007 0.0020 0.0123 0.0055 
         049 16 0.8164 0.0029 0.0012 0.0007 0.0005 0.1763 0.0019 
         050 16 0.7181 0.0003 0.0884 0.0004 0.0005 0.1918 0.0005 
         051 16 0.9851 0.0006 0.0025 0.0014 0.0008 0.0082 0.0013 
         052 16 0.9886 0.0006 0.0039 0.0005 0.0002 0.0057 0.0004 
         053 16 0.8716 0.0005 0.0025 0.0009 0.0003 0.1232 0.0010 
         054 16 0.9323 0.0006 0.0107 0.0010 0.0479 0.0069 0.0006 
         055 16 0.7468 0.0003 0.0911 0.0005 0.0035 0.1113 0.0466 
         056 16 0.5234 0.0074 0.1951 0.0005 0.0011 0.2721 0.0004 
         057 16 0.4383 0.0002 0.0006 0.0005 0.0896 0.4704 0.0005 
         058 16 0.5557 0.0086 0.0419 0.0002 0.0674 0.3233 0.0029 
         059 16 0.7881 0.0846 0.0313 0.0046 0.0721 0.0100 0.0093 
         060 16 0.9326 0.0061 0.0343 0.0016 0.0020 0.0227 0.0006 
         061 16 0.9776 0.0016 0.0071 0.0005 0.0014 0.0106 0.0012 
         062 16 0.9690 0.0004 0.0042 0.0013 0.0005 0.0186 0.0060 
         063 16 0.9849 0.0008 0.0044 0.0004 0.0032 0.0060 0.0004 
         064 16 0.9490 0.0018 0.0191 0.0006 0.0004 0.0284 0.0007 
         065 16 0.9702 0.0020 0.0113 0.0011 0.0008 0.0134 0.0012 
         066 16 0.9754 0.0007 0.0174 0.0012 0.0004 0.0045 0.0004 
         067 16 0.8524 0.0735 0.0007 0.0006 0.0011 0.0688 0.0029 
         068 16 0.9450 0.0292 0.0024 0.0007 0.0040 0.0171 0.0015 
         069 16 0.5862 0.0004 0.0079 0.0072 0.0005 0.3974 0.0005 
         070 16 0.7623 0.0004 0.0031 0.0021 0.0044 0.2273 0.0005 
         071 16 0.9093 0.0005 0.0025 0.0009 0.0702 0.0043 0.0123 
         072 16 0.9458 0.0009 0.0109 0.0010 0.0055 0.0354 0.0006 
         073 16 0.9507 0.0003 0.0270 0.0006 0.0014 0.0178 0.0022 
         074 16 0.9217 0.0003 0.0356 0.0006 0.0003 0.0411 0.0004 
         075 16 0.0170 0.0008 0.2052 0.0007 0.0079 0.7656 0.0027 
         076 16 0.9825 0.0003 0.0065 0.0007 0.0014 0.0077 0.0009 
         077 16 0.8876 0.0534 0.0049 0.0330 0.0129 0.0036 0.0046 
         078 16 0.5045 0.0012 0.0004 0.0005 0.0454 0.4473 0.0006 
         079 16 0.9056 0.0012 0.0056 0.0019 0.0804 0.0019 0.0034 
         080 16 0.9873 0.0016 0.0009 0.0004 0.0033 0.0063 0.0002 
         081 16 0.0570 0.0006 0.0154 0.0012 0.0049 0.8993 0.0216 
         082 16 0.7462 0.0002 0.0047 0.0005 0.0163 0.2170 0.0151 
