        001s  1 0.9752 0.0004 0.0230 0.0004 0.0011 
        002s  1 0.9410 0.0017 0.0560 0.0008 0.0005 
        003s  1 0.9039 0.0006 0.0813 0.0022 0.0120 
        004s  1 0.9146 0.0303 0.0489 0.0059 0.0003 
        005s  1 0.5213 0.2229 0.2545 0.0009 0.0003 
        006s  1 0.9976 0.0009 0.0006 0.0005 0.0004 
        007s  1 0.9875 0.0006 0.0075 0.0037 0.0008 
        008s  1 0.9457 0.0010 0.0518 0.0006 0.0009 
        009s  1 0.8919 0.0091 0.0900 0.0065 0.0026 
        010s  1 0.9912 0.0012 0.0067 0.0003 0.0006 
        011s  1 0.9885 0.0023 0.0020 0.0027 0.0045 
        012s  1 0.8418 0.0178 0.1327 0.0009 0.0067 
        013s  1 0.9629 0.0270 0.0023 0.0065 0.0013 
        014s  1 0.9436 0.0030 0.0258 0.0079 0.0196 
        015s  1 0.9959 0.0005 0.0024 0.0006 0.0006 
        016s  1 0.9807 0.0006 0.0105 0.0072 0.0010 
        018s  1 0.8231 0.0123 0.1621 0.0013 0.0012 
        019s  1 0.9592 0.0008 0.0334 0.0011 0.0055 
        020s  1 0.9820 0.0003 0.0009 0.0083 0.0085 
        021s  1 0.9843 0.0090 0.0008 0.0052 0.0008 
        022s  1 0.9263 0.0003 0.0723 0.0005 0.0005 
        023s  1 0.9788 0.0004 0.0093 0.0104 0.0011 
        024s  1 0.9960 0.0008 0.0021 0.0006 0.0004 
        025s  1 0.9813 0.0028 0.0141 0.0013 0.0003 
        026s  1 0.9845 0.0008 0.0015 0.0090 0.0043 
        027s  1 0.9718 0.0086 0.0163 0.0029 0.0004 
        028s  1 0.8921 0.0603 0.0456 0.0004 0.0016 
        029s  1 0.9926 0.0006 0.0010 0.0007 0.0052 
        030s  1 0.9870 0.0024 0.0013 0.0008 0.0085 
        031s  1 0.9963 0.0002 0.0018 0.0013 0.0003 
        032s  1 0.9967 0.0005 0.0009 0.0007 0.0013 
        033s  1 0.9923 0.0015 0.0046 0.0007 0.0008 
        034s  1 0.9002 0.0007 0.0438 0.0520 0.0033 
        035s  1 0.9938 0.0017 0.0016 0.0009 0.0021 
        036s  1 0.8625 0.0046 0.1315 0.0012 0.0003 
        037s  1 0.8373 0.0177 0.1009 0.0420 0.0022 
        038s  1 0.9938 0.0008 0.0037 0.0009 0.0008 
        039s  1 0.9786 0.0197 0.0006 0.0003 0.0007 
        040s  1 0.9882 0.0027 0.0052 0.0034 0.0005 
        041s  1 0.9918 0.0004 0.0043 0.0028 0.0007 
        042s  1 0.8311 0.0035 0.0819 0.0830 0.0006 
        043s  1 0.9119 0.0015 0.0851 0.0004 0.0011 
        044s  1 0.8687 0.0204 0.1002 0.0075 0.0033 
        045s  1 0.9918 0.0015 0.0046 0.0009 0.0011 
        046s  1 0.9946 0.0006 0.0022 0.0006 0.0021 
        047s  1 0.9916 0.0003 0.0011 0.0059 0.0011 
        048s  1 0.8890 0.0004 0.1094 0.0007 0.0005 
        049s  1 0.9274 0.0007 0.0710 0.0003 0.0005 
        050s  1 0.8797 0.0083 0.1107 0.0007 0.0005 
        051s  1 0.9677 0.0004 0.0011 0.0009 0.0298 
        052s  1 0.9630 0.0078 0.0098 0.0018 0.0176 
        053s  1 0.9967 0.0005 0.0019 0.0005 0.0004 
        054s  1 0.9934 0.0021 0.0004 0.0010 0.0031 
        055s  1 0.8329 0.0085 0.0809 0.0757 0.0021 
          01  2 0.8447 0.0103 0.1153 0.0026 0.0271 
          02  2 0.9781 0.0037 0.0159 0.0007 0.0016 
          03  2 0.9952 0.0007 0.0021 0.0015 0.0005 
          04  2 0.9519 0.0217 0.0157 0.0096 0.0011 
          05  2 0.8026 0.0055 0.1913 0.0003 0.0003 
          06  2 0.9575 0.0046 0.0367 0.0007 0.0006 
          07  2 0.9753 0.0045 0.0187 0.0006 0.0008 
          08  2 0.8507 0.0020 0.1456 0.0006 0.0010 
          09  2 0.9874 0.0003 0.0031 0.0004 0.0087 
          10  2 0.9962 0.0006 0.0022 0.0004 0.0006 
          11  2 0.9745 0.0011 0.0134 0.0026 0.0085 
          12  2 0.9940 0.0007 0.0034 0.0006 0.0013 
          13  2 0.9875 0.0004 0.0107 0.0007 0.0007 
          14  2 0.9482 0.0052 0.0178 0.0252 0.0035 
          15  2 0.9734 0.0005 0.0236 0.0013 0.0011 
          16  2 0.9338 0.0572 0.0013 0.0040 0.0038 
          17  2 0.9764 0.0008 0.0207 0.0012 0.0008 
          18  2 0.9777 0.0058 0.0143 0.0008 0.0014 
          19  2 0.9914 0.0004 0.0013 0.0047 0.0023 
          20  2 0.9276 0.0133 0.0519 0.0055 0.0017 
          21  2 0.9787 0.0004 0.0023 0.0005 0.0180 
          22  2 0.9840 0.0035 0.0014 0.0065 0.0046 
          23  2 0.9937 0.0020 0.0012 0.0022 0.0009 
          24  2 0.9978 0.0005 0.0004 0.0005 0.0007 
          25  2 0.9669 0.0246 0.0057 0.0012 0.0016 
          26  2 0.9190 0.0004 0.0799 0.0002 0.0005 
          27  2 0.9670 0.0254 0.0035 0.0030 0.0012 
          28  2 0.9798 0.0002 0.0154 0.0036 0.0010 
          29  2 0.9971 0.0006 0.0013 0.0003 0.0007 
          30  2 0.7309 0.0101 0.1634 0.0849 0.0107 
          01  3 0.3384 0.2574 0.3945 0.0094 0.0003 
          02  3 0.1305 0.4934 0.2988 0.0031 0.0742 
          03  3 0.3702 0.3394 0.2889 0.0010 0.0005 
          04  3 0.1827 0.3910 0.4246 0.0011 0.0006 
          05  3 0.0006 0.4353 0.3258 0.1220 0.1164 
          06  3 0.0770 0.5371 0.3844 0.0013 0.0002 
          07  3 0.3748 0.2784 0.3458 0.0003 0.0007 
          08  3 0.2823 0.3532 0.3542 0.0047 0.0055 
          09  3 0.3018 0.3006 0.3943 0.0029 0.0005 
          10  3 0.0216 0.4406 0.1819 0.1348 0.2211 
          11  3 0.2573 0.3368 0.4054 0.0002 0.0003 
          12  3 0.2421 0.3453 0.4114 0.0006 0.0005 
          13  3 0.0050 0.5638 0.4149 0.0002 0.0162 
          14  3 0.0023 0.4914 0.2992 0.1594 0.0476 
          15  3 0.3179 0.3064 0.3744 0.0010 0.0002 
          16  3 0.0849 0.6358 0.2748 0.0019 0.0026 
          17  3 0.4050 0.2088 0.3852 0.0003 0.0007 
          18  3 0.0106 0.3556 0.1874 0.2811 0.1653 
          19  3 0.1626 0.4994 0.3347 0.0029 0.0004 
          20  3 0.1654 0.3489 0.4330 0.0523 0.0004 
          21  3 0.2512 0.4119 0.3317 0.0041 0.0011 
          22  3 0.2509 0.2658 0.4789 0.0039 0.0006 
          23  3 0.2228 0.3937 0.3821 0.0011 0.0004 
          24  3 0.0474 0.3235 0.4589 0.0018 0.1683 
          25  3 0.0002 0.3370 0.2784 0.1328 0.2516 
          26  3 0.2206 0.3763 0.4013 0.0006 0.0012 
          27  3 0.0545 0.3966 0.2384 0.1776 0.1328 
          28  3 0.0841 0.5047 0.4095 0.0002 0.0014 
          29  3 0.1804 0.4563 0.3565 0.0050 0.0019 
          30  3 0.2735 0.2851 0.4402 0.0002 0.0010 
         001  4 0.0001 0.0593 0.9373 0.0032 0.0001 
         002  4 0.0002 0.0574 0.9412 0.0011 0.0002 
         003  4 0.0003 0.0577 0.9401 0.0017 0.0002 
         004  4 0.0001 0.0643 0.9344 0.0011 0.0001 
         005  4 0.0001 0.0576 0.9359 0.0041 0.0023 
         006  4 0.0003 0.1282 0.8703 0.0009 0.0003 
         007  4 0.0018 0.1030 0.8929 0.0021 0.0002 
         008  4 0.0005 0.0550 0.9338 0.0078 0.0028 
         009  4 0.0003 0.0608 0.9356 0.0023 0.0010 
         010  4 0.0002 0.0738 0.9258 0.0002 0.0001 
         011  4 0.0010 0.0731 0.8904 0.0352 0.0003 
         012  4 0.0001 0.0564 0.9405 0.0030 0.0001 
         013  4 0.0001 0.0650 0.9346 0.0003 0.0001 
         014  4 0.0002 0.0581 0.9400 0.0016 0.0001 
         015  4 0.0001 0.0688 0.9310 0.0001 0.0001 
         016  4 0.0001 0.0635 0.9346 0.0009 0.0009 
         017  4 0.0001 0.0614 0.9383 0.0001 0.0001 
         019  4 0.0020 0.1400 0.8512 0.0050 0.0018 
         020  4 0.0002 0.0540 0.9441 0.0013 0.0004 
         021  4 0.0004 0.0675 0.9272 0.0038 0.0011 
         001  5 0.0058 0.0610 0.8979 0.0340 0.0013 
         002  5 0.0391 0.0543 0.9004 0.0048 0.0013 
         003  5 0.1647 0.1194 0.7058 0.0098 0.0002 
         004  5 0.0584 0.0545 0.8786 0.0083 0.0002 
         005  5 0.0047 0.0625 0.9279 0.0047 0.0002 
         006  5 0.0044 0.1574 0.8373 0.0005 0.0004 
         007  5 0.0023 0.1449 0.8486 0.0036 0.0007 
         008  5 0.0029 0.0702 0.9253 0.0014 0.0003 
         009  5 0.0655 0.0584 0.8709 0.0049 0.0002 
         010  5 0.0016 0.1239 0.8690 0.0051 0.0004 
         011  5 0.0014 0.0611 0.9268 0.0104 0.0002 
         012  5 0.0433 0.1315 0.8176 0.0068 0.0008 
         013  5 0.1749 0.0964 0.7271 0.0006 0.0009 
         014  5 0.1530 0.1342 0.6748 0.0257 0.0123 
         015  5 0.0004 0.0888 0.9083 0.0020 0.0005 
         016  5 0.0078 0.1160 0.8731 0.0020 0.0011 
         017  5 0.0324 0.1342 0.8292 0.0003 0.0039 
         018  5 0.0266 0.0862 0.8289 0.0328 0.0255 
         019  5 0.0004 0.0590 0.9309 0.0040 0.0057 
         020  5 0.0003 0.0587 0.9373 0.0036 0.0001 
         021  5 0.1364 0.0481 0.8071 0.0081 0.0003 
         022  5 0.0166 0.0570 0.8749 0.0498 0.0018 
         023  5 0.0016 0.0915 0.9001 0.0052 0.0016 
         024  5 0.0441 0.1148 0.8381 0.0027 0.0004 
         025  5 0.0297 0.1224 0.8471 0.0005 0.0002 
         026  5 0.1451 0.0576 0.7954 0.0016 0.0003 
         027  5 0.0066 0.0623 0.9291 0.0017 0.0003 
         028  5 0.0161 0.1013 0.8688 0.0129 0.0009 
         029  5 0.0007 0.0639 0.9348 0.0002 0.0004 
         030  5 0.0073 0.0584 0.9237 0.0048 0.0058 
        001s  6 0.9495 0.0236 0.0101 0.0162 0.0006 
        002s  6 0.9344 0.0026 0.0396 0.0008 0.0227 
        003s  6 0.9608 0.0009 0.0358 0.0021 0.0004 
        004s  6 0.9973 0.0002 0.0012 0.0007 0.0005 
        006s  6 0.9065 0.0230 0.0556 0.0129 0.0020 
        007s  6 0.9962 0.0018 0.0009 0.0003 0.0007 
        008s  6 0.9874 0.0005 0.0038 0.0057 0.0027 
        009s  6 0.9971 0.0005 0.0008 0.0009 0.0007 
        010s  6 0.9524 0.0098 0.0097 0.0146 0.0134 
        011s  6 0.9945 0.0028 0.0010 0.0015 0.0003 
        012s  6 0.9926 0.0036 0.0007 0.0011 0.0020 
        013s  6 0.9972 0.0006 0.0013 0.0003 0.0006 
        014s  6 0.8912 0.0037 0.1046 0.0003 0.0002 
        015s  6 0.9736 0.0091 0.0098 0.0065 0.0011 
        016s  6 0.9941 0.0007 0.0037 0.0010 0.0004 
        018s  6 0.7322 0.0204 0.2454 0.0016 0.0003 
        019s  6 0.9748 0.0031 0.0191 0.0023 0.0007 
        020s  6 0.9862 0.0006 0.0118 0.0006 0.0008 
        021s  6 0.9805 0.0119 0.0018 0.0046 0.0011 
        022s  6 0.9899 0.0003 0.0058 0.0035 0.0005 
        023s  6 0.9156 0.0005 0.0831 0.0006 0.0002 
        024s  6 0.9557 0.0039 0.0371 0.0012 0.0021 
        025s  6 0.9239 0.0007 0.0029 0.0720 0.0005 
        026s  6 0.9940 0.0006 0.0032 0.0004 0.0018 
        027s  6 0.9905 0.0004 0.0074 0.0004 0.0013 
        028s  6 0.9266 0.0082 0.0086 0.0094 0.0472 
        029s  6 0.9961 0.0003 0.0007 0.0013 0.0016 
        030s  6 0.9169 0.0045 0.0671 0.0100 0.0015 
        031s  6 0.9425 0.0032 0.0536 0.0004 0.0003 
        032s  6 0.9896 0.0023 0.0071 0.0005 0.0005 
        033s  6 0.9108 0.0029 0.0852 0.0008 0.0003 
        034s  6 0.9824 0.0012 0.0015 0.0146 0.0003 
        035s  6 0.7815 0.0061 0.2108 0.0009 0.0007 
        036s  6 0.9929 0.0051 0.0008 0.0010 0.0002 
        037s  6 0.9941 0.0009 0.0012 0.0015 0.0024 
        038s  6 0.9905 0.0016 0.0059 0.0007 0.0013 
        039s  6 0.9976 0.0003 0.0008 0.0007 0.0007 
        040s  6 0.9817 0.0023 0.0151 0.0004 0.0005 
        041s  6 0.8707 0.0003 0.1218 0.0034 0.0039 
        042s  6 0.9252 0.0009 0.0146 0.0570 0.0023 
        043s  6 0.9914 0.0008 0.0010 0.0065 0.0003 
        044s  6 0.9912 0.0004 0.0056 0.0007 0.0021 
        045s  6 0.9918 0.0007 0.0047 0.0022 0.0006 
        001s  7 0.9239 0.0005 0.0743 0.0010 0.0004 
        002s  7 0.9314 0.0010 0.0649 0.0017 0.0011 
        003s  7 0.9182 0.0014 0.0784 0.0010 0.0010 
        004s  7 0.9938 0.0027 0.0021 0.0004 0.0009 
        005s  7 0.9813 0.0038 0.0124 0.0018 0.0007 
        006s  7 0.9384 0.0050 0.0509 0.0052 0.0006 
        007s  7 0.9678 0.0065 0.0052 0.0020 0.0186 
        008s  7 0.8946 0.0004 0.1017 0.0010 0.0022 
        009s  7 0.9839 0.0024 0.0028 0.0103 0.0006 
        010s  7 0.9173 0.0003 0.0803 0.0012 0.0010 
        011s  7 0.9967 0.0004 0.0010 0.0011 0.0008 
        012s  7 0.9977 0.0005 0.0006 0.0008 0.0004 
        013s  7 0.9883 0.0051 0.0009 0.0049 0.0008 
        014s  7 0.9197 0.0018 0.0775 0.0003 0.0006 
        015s  7 0.9825 0.0024 0.0126 0.0011 0.0013 
        016s  7 0.8101 0.0006 0.1875 0.0015 0.0002 
        017s  7 0.9961 0.0006 0.0024 0.0006 0.0003 
        018s  7 0.9894 0.0006 0.0056 0.0006 0.0037 
        019s  7 0.9800 0.0019 0.0031 0.0122 0.0028 
        020s  7 0.9963 0.0014 0.0016 0.0004 0.0003 
        021s  7 0.9952 0.0007 0.0024 0.0009 0.0008 
        022s  7 0.9941 0.0022 0.0024 0.0010 0.0003 
        023s  7 0.9640 0.0013 0.0154 0.0180 0.0013 
        024s  7 0.9949 0.0005 0.0023 0.0006 0.0017 
        025s  7 0.9919 0.0054 0.0009 0.0007 0.0011 
        026s  7 0.9186 0.0003 0.0791 0.0009 0.0010 
        027s  7 0.9615 0.0008 0.0360 0.0004 0.0012 
        028s  7 0.9941 0.0012 0.0040 0.0005 0.0002 
        029s  7 0.9689 0.0010 0.0273 0.0020 0.0009 
        030s  7 0.9743 0.0005 0.0177 0.0031 0.0044 
        031s  7 0.9775 0.0013 0.0085 0.0123 0.0004 
        032s  7 0.8969 0.0046 0.0933 0.0005 0.0046 
        033s  7 0.9567 0.0021 0.0360 0.0018 0.0033 
        034s  7 0.9528 0.0429 0.0013 0.0007 0.0023 
        035s  7 0.9977 0.0003 0.0005 0.0011 0.0004 
        036s  7 0.9825 0.0037 0.0045 0.0086 0.0006 
        037s  7 0.9219 0.0100 0.0641 0.0033 0.0008 
        038s  7 0.9846 0.0010 0.0117 0.0018 0.0009 
        039s  7 0.9700 0.0003 0.0290 0.0003 0.0003 
        040s  7 0.8811 0.0245 0.0934 0.0005 0.0004 
        041s  7 0.9402 0.0009 0.0556 0.0012 0.0020 
        042s  7 0.9181 0.0006 0.0808 0.0003 0.0003 
        043s  7 0.9928 0.0002 0.0036 0.0028 0.0006 
        044s  7 0.8991 0.0220 0.0482 0.0296 0.0011 
         003  8 0.9817 0.0017 0.0041 0.0008 0.0117 
         009  8 0.9958 0.0006 0.0019 0.0013 0.0005 
         010  8 0.9952 0.0003 0.0022 0.0020 0.0004 
         017  8 0.9925 0.0006 0.0017 0.0038 0.0014 
         002  9 0.9974 0.0006 0.0004 0.0010 0.0006 
         003  9 0.9985 0.0003 0.0004 0.0005 0.0003 
         004  9 0.9977 0.0002 0.0007 0.0011 0.0004 
         005  9 0.9927 0.0009 0.0007 0.0044 0.0012 
         006  9 0.9964 0.0010 0.0010 0.0012 0.0005 
         007  9 0.9938 0.0003 0.0036 0.0013 0.0010 
         009  9 0.9951 0.0003 0.0012 0.0020 0.0014 
         010  9 0.9960 0.0004 0.0004 0.0013 0.0019 
         013  9 0.9955 0.0007 0.0025 0.0011 0.0002 
         014  9 0.9921 0.0002 0.0010 0.0017 0.0049 
         016  9 0.9975 0.0002 0.0003 0.0005 0.0015 
         018  9 0.9925 0.0008 0.0005 0.0011 0.0051 
         019  9 0.9929 0.0007 0.0009 0.0006 0.0049 
         020  9 0.9985 0.0003 0.0005 0.0004 0.0004 
         021  9 0.9980 0.0003 0.0006 0.0008 0.0004 
         022  9 0.9972 0.0004 0.0005 0.0006 0.0013 
         024  9 0.9920 0.0005 0.0008 0.0037 0.0030 
         028  9 0.9967 0.0004 0.0008 0.0016 0.0005 
         029  9 0.9971 0.0002 0.0008 0.0006 0.0012 
         030  9 0.9970 0.0003 0.0006 0.0011 0.0010 
         031  9 0.9956 0.0003 0.0027 0.0004 0.0010 
         033  9 0.9928 0.0004 0.0053 0.0010 0.0004 
         001 10 0.9976 0.0004 0.0009 0.0003 0.0008 
         002 10 0.9964 0.0002 0.0013 0.0006 0.0015 
         003 10 0.9846 0.0005 0.0004 0.0140 0.0005 
         004 10 0.9900 0.0004 0.0064 0.0027 0.0005 
         005 10 0.9966 0.0004 0.0006 0.0006 0.0017 
         006 10 0.9972 0.0004 0.0012 0.0006 0.0006 
         007 10 0.9969 0.0003 0.0005 0.0018 0.0005 
         008 10 0.9940 0.0006 0.0008 0.0038 0.0009 
         009 10 0.9924 0.0010 0.0011 0.0005 0.0050 
         010 10 0.9944 0.0003 0.0018 0.0008 0.0026 
         011 10 0.9625 0.0008 0.0011 0.0353 0.0003 
         012 10 0.9948 0.0011 0.0007 0.0031 0.0004 
         013 10 0.9960 0.0018 0.0008 0.0008 0.0006 
         014 10 0.9966 0.0006 0.0013 0.0009 0.0006 
         016 10 0.9957 0.0009 0.0011 0.0008 0.0016 
         017 10 0.9962 0.0008 0.0010 0.0008 0.0012 
         018 10 0.9912 0.0008 0.0051 0.0006 0.0024 
         019 10 0.9926 0.0004 0.0008 0.0012 0.0050 
         020 10 0.9885 0.0009 0.0017 0.0017 0.0072 
         021 10 0.9934 0.0003 0.0037 0.0004 0.0022 
         022 10 0.9966 0.0006 0.0017 0.0009 0.0003 
         023 10 0.9977 0.0006 0.0003 0.0010 0.0004 
         024 10 0.9963 0.0002 0.0004 0.0018 0.0013 
         026 10 0.9979 0.0005 0.0005 0.0005 0.0006 
        001s 11 0.8600 0.0020 0.1275 0.0092 0.0013 
        002s 11 0.9857 0.0064 0.0018 0.0016 0.0045 
        003s 11 0.9895 0.0006 0.0083 0.0004 0.0011 
        004s 11 0.9958 0.0016 0.0006 0.0017 0.0003 
        005s 11 0.9751 0.0006 0.0192 0.0005 0.0046 
        006s 11 0.9846 0.0095 0.0022 0.0020 0.0016 
        007s 11 0.9449 0.0389 0.0142 0.0006 0.0014 
        008s 11 0.9961 0.0003 0.0025 0.0005 0.0007 
        009s 11 0.9840 0.0004 0.0003 0.0004 0.0148 
        010s 11 0.9920 0.0004 0.0064 0.0007 0.0005 
        011s 11 0.8145 0.0099 0.1666 0.0088 0.0002 
        012s 11 0.8647 0.0059 0.1282 0.0004 0.0008 
        013s 11 0.9776 0.0005 0.0204 0.0013 0.0002 
        014s 11 0.9175 0.0056 0.0747 0.0007 0.0015 
        015s 11 0.9812 0.0015 0.0116 0.0044 0.0013 
        016s 11 0.8674 0.0008 0.0699 0.0579 0.0040 
        017s 11 0.8802 0.0017 0.1158 0.0018 0.0005 
        018s 11 0.9209 0.0013 0.0759 0.0006 0.0012 
        019s 11 0.9772 0.0008 0.0008 0.0210 0.0002 
        020s 11 0.9532 0.0012 0.0421 0.0015 0.0021 
        021s 11 0.9972 0.0007 0.0006 0.0011 0.0005 
        022s 11 0.9659 0.0309 0.0021 0.0005 0.0006 
        023s 11 0.8700 0.0004 0.1154 0.0139 0.0003 
        025s 11 0.9976 0.0005 0.0009 0.0007 0.0003 
        026s 11 0.9171 0.0008 0.0292 0.0523 0.0006 
        027s 11 0.9964 0.0019 0.0008 0.0005 0.0004 
        028s 11 0.9919 0.0013 0.0057 0.0008 0.0003 
        029s 11 0.9543 0.0012 0.0430 0.0004 0.0011 
        030s 11 0.9388 0.0027 0.0565 0.0014 0.0006 
        031s 11 0.9976 0.0008 0.0006 0.0003 0.0007 
        032s 11 0.9821 0.0004 0.0140 0.0028 0.0008 
        033s 11 0.9881 0.0008 0.0092 0.0009 0.0010 
        034s 11 0.9282 0.0017 0.0693 0.0004 0.0003 
        035s 11 0.9472 0.0016 0.0497 0.0004 0.0011 
        036s 11 0.9729 0.0038 0.0215 0.0003 0.0015 
        037s 11 0.9230 0.0003 0.0741 0.0015 0.0011 
        038s 11 0.9707 0.0006 0.0275 0.0006 0.0006 
        039s 11 0.9963 0.0003 0.0018 0.0011 0.0006 
        040s 11 0.9199 0.0089 0.0695 0.0007 0.0010 
        041s 11 0.9696 0.0012 0.0054 0.0032 0.0204 
        042s 11 0.9506 0.0011 0.0387 0.0086 0.0009 
        043s 11 0.9400 0.0012 0.0356 0.0229 0.0005 
        044s 11 0.9842 0.0051 0.0056 0.0043 0.0008 
        045s 11 0.9847 0.0019 0.0020 0.0110 0.0004 
        046s 11 0.8717 0.0021 0.0942 0.0315 0.0005 
        047s 11 0.9965 0.0012 0.0007 0.0011 0.0005 
        048s 11 0.9570 0.0020 0.0033 0.0361 0.0016 
        049s 11 0.9953 0.0004 0.0021 0.0012 0.0010 
        050s 11 0.9964 0.0009 0.0013 0.0010 0.0003 
        051s 11 0.9189 0.0201 0.0090 0.0515 0.0004 
        052s 11 0.9261 0.0029 0.0683 0.0018 0.0010 
        053s 11 0.9966 0.0004 0.0007 0.0008 0.0015 
        054s 11 0.9921 0.0056 0.0013 0.0005 0.0004 
        055s 11 0.8626 0.0033 0.1334 0.0005 0.0002 
        001s 12 0.9915 0.0034 0.0029 0.0012 0.0010 
        002s 12 0.9948 0.0006 0.0015 0.0009 0.0021 
        003s 12 0.9974 0.0006 0.0011 0.0004 0.0006 
        004s 12 0.9217 0.0007 0.0687 0.0063 0.0026 
        005s 12 0.9634 0.0006 0.0344 0.0006 0.0010 
        006s 12 0.9594 0.0047 0.0338 0.0013 0.0007 
        007s 12 0.9924 0.0013 0.0012 0.0013 0.0038 
        008s 12 0.9899 0.0030 0.0061 0.0005 0.0004 
        009s 12 0.9506 0.0019 0.0236 0.0043 0.0197 
        010s 12 0.9539 0.0378 0.0070 0.0005 0.0008 
        011s 12 0.9949 0.0021 0.0016 0.0005 0.0009 
        012s 12 0.9884 0.0064 0.0013 0.0036 0.0004 
        013s 12 0.9593 0.0003 0.0009 0.0387 0.0008 
        014s 12 0.8757 0.0376 0.0475 0.0361 0.0030 
        015s 12 0.9931 0.0006 0.0038 0.0009 0.0017 
        016s 12 0.9940 0.0005 0.0009 0.0042 0.0004 
        017s 12 0.9919 0.0014 0.0055 0.0009 0.0003 
        018s 12 0.9903 0.0003 0.0058 0.0013 0.0023 
        019s 12 0.9910 0.0007 0.0047 0.0004 0.0033 
        020s 12 0.9203 0.0035 0.0749 0.0010 0.0003 
        021s 12 0.9923 0.0005 0.0048 0.0020 0.0004 
        022s 12 0.9419 0.0025 0.0482 0.0043 0.0031 
        023s 12 0.9971 0.0003 0.0010 0.0009 0.0007 
        024s 12 0.9656 0.0004 0.0330 0.0006 0.0004 
        025s 12 0.9867 0.0033 0.0027 0.0012 0.0061 
        026s 12 0.9582 0.0007 0.0277 0.0005 0.0128 
        027s 12 0.9957 0.0008 0.0027 0.0005 0.0004 
        028s 12 0.9093 0.0005 0.0777 0.0032 0.0092 
        029s 12 0.9869 0.0005 0.0112 0.0010 0.0003 
        030s 12 0.9966 0.0010 0.0016 0.0005 0.0004 
        031s 12 0.9924 0.0009 0.0034 0.0024 0.0009 
        032s 12 0.9265 0.0003 0.0644 0.0008 0.0080 
        033s 12 0.9925 0.0053 0.0014 0.0004 0.0005 
        034s 12 0.9408 0.0003 0.0579 0.0003 0.0007 
        035s 12 0.9815 0.0013 0.0162 0.0005 0.0005 
        036s 12 0.9754 0.0083 0.0128 0.0007 0.0028 
        037s 12 0.9964 0.0003 0.0011 0.0011 0.0010 
        001s 13 0.9832 0.0009 0.0120 0.0030 0.0009 
        002s 13 0.8416 0.0034 0.1539 0.0008 0.0003 
        003s 13 0.9957 0.0002 0.0021 0.0011 0.0009 
        004s 13 0.9839 0.0003 0.0009 0.0025 0.0123 
        005s 13 0.9868 0.0060 0.0023 0.0020 0.0029 
        006s 13 0.9952 0.0014 0.0017 0.0005 0.0012 
        007s 13 0.9669 0.0302 0.0017 0.0007 0.0005 
        008s 13 0.9393 0.0045 0.0544 0.0005 0.0014 
        009s 13 0.8505 0.0104 0.1246 0.0010 0.0135 
        010s 13 0.9279 0.0036 0.0663 0.0008 0.0014 
        011s 13 0.9457 0.0239 0.0235 0.0019 0.0050 
        012s 13 0.9015 0.0057 0.0753 0.0140 0.0035 
        013s 13 0.8980 0.0119 0.0817 0.0074 0.0009 
        014s 13 0.9586 0.0358 0.0009 0.0038 0.0008 
        015s 13 0.9684 0.0005 0.0107 0.0087 0.0116 
        016s 13 0.9976 0.0003 0.0005 0.0009 0.0007 
        017s 13 0.9682 0.0147 0.0116 0.0006 0.0050 
        018s 13 0.9964 0.0004 0.0019 0.0007 0.0006 
        019s 13 0.9901 0.0010 0.0076 0.0008 0.0005 
        020s 13 0.9306 0.0033 0.0640 0.0005 0.0016 
        021s 13 0.9969 0.0003 0.0012 0.0011 0.0005 
        022s 13 0.9966 0.0006 0.0013 0.0011 0.0005 
        023s 13 0.9975 0.0004 0.0013 0.0004 0.0005 
        024s 13 0.9207 0.0062 0.0311 0.0411 0.0008 
        025s 13 0.9954 0.0006 0.0012 0.0020 0.0007 
        026s 13 0.8812 0.0128 0.1008 0.0048 0.0004 
        027s 13 0.9481 0.0050 0.0406 0.0010 0.0052 
        028s 13 0.9385 0.0109 0.0405 0.0024 0.0077 
        029s 13 0.9056 0.0008 0.0917 0.0013 0.0005 
        030s 13 0.8409 0.0008 0.1363 0.0214 0.0006 
        031s 13 0.8926 0.0026 0.0038 0.1002 0.0007 
        032s 13 0.9962 0.0019 0.0009 0.0004 0.0006 
        033s 13 0.9588 0.0368 0.0031 0.0007 0.0006 
        034s 13 0.8710 0.0047 0.1225 0.0005 0.0013 
        035s 13 0.9911 0.0006 0.0031 0.0037 0.0016 
        036s 13 0.9815 0.0004 0.0173 0.0003 0.0004 
        037s 13 0.9966 0.0005 0.0006 0.0015 0.0008 
        038s 13 0.9532 0.0020 0.0424 0.0012 0.0012 
        039s 13 0.8230 0.0072 0.0941 0.0753 0.0004 
        040s 13 0.9961 0.0008 0.0014 0.0012 0.0005 
        041s 13 0.9375 0.0076 0.0526 0.0019 0.0004 
        042s 13 0.9221 0.0008 0.0758 0.0007 0.0006 
        001s 14 0.9010 0.0008 0.0956 0.0008 0.0017 
        002s 14 0.9290 0.0077 0.0596 0.0012 0.0025 
        003s 14 0.9205 0.0004 0.0779 0.0007 0.0004 
        004s 14 0.9785 0.0090 0.0075 0.0040 0.0010 
        005s 14 0.9763 0.0002 0.0221 0.0008 0.0006 
        006s 14 0.9968 0.0006 0.0020 0.0003 0.0003 
        007s 14 0.9963 0.0008 0.0015 0.0011 0.0003 
        008s 14 0.8135 0.0052 0.1661 0.0016 0.0137 
        009s 14 0.9871 0.0008 0.0049 0.0009 0.0064 
        010s 14 0.8802 0.0004 0.1082 0.0012 0.0100 
        011s 14 0.9351 0.0362 0.0274 0.0006 0.0007 
        012s 14 0.9291 0.0014 0.0664 0.0014 0.0017 
        013s 14 0.9760 0.0026 0.0153 0.0055 0.0006 
        014s 14 0.9414 0.0018 0.0471 0.0008 0.0089 
        015s 14 0.9869 0.0006 0.0018 0.0027 0.0080 
        016s 14 0.9866 0.0003 0.0016 0.0110 0.0005 
        017s 14 0.9311 0.0154 0.0525 0.0005 0.0005 
        018s 14 0.9966 0.0004 0.0012 0.0011 0.0007 
        019s 14 0.9954 0.0020 0.0014 0.0007 0.0005 
        020s 14 0.9417 0.0003 0.0481 0.0012 0.0088 
        021s 14 0.9837 0.0002 0.0062 0.0004 0.0095 
        022s 14 0.9832 0.0036 0.0104 0.0013 0.0016 
        023s 14 0.9852 0.0009 0.0090 0.0028 0.0021 
        024s 14 0.8952 0.0045 0.0974 0.0007 0.0021 
        025s 14 0.9213 0.0003 0.0778 0.0003 0.0002 
        026s 14 0.9946 0.0002 0.0031 0.0008 0.0012 
        027s 14 0.9831 0.0006 0.0133 0.0025 0.0005 
        028s 14 0.9902 0.0015 0.0055 0.0008 0.0020 
        029s 14 0.9976 0.0003 0.0004 0.0013 0.0004 
        030s 14 0.9788 0.0101 0.0104 0.0004 0.0004 
        031s 14 0.9697 0.0113 0.0170 0.0015 0.0004 
        032s 14 0.9719 0.0008 0.0248 0.0022 0.0003 
        033s 14 0.9195 0.0470 0.0319 0.0005 0.0011 
        034s 14 0.9978 0.0003 0.0008 0.0005 0.0006 
        035s 14 0.8258 0.0883 0.0851 0.0005 0.0003 
        036s 14 0.8176 0.0370 0.1383 0.0057 0.0014 
        037s 14 0.9922 0.0003 0.0040 0.0025 0.0010 
        038s 14 0.9964 0.0006 0.0021 0.0004 0.0005 
        039s 14 0.9868 0.0020 0.0031 0.0045 0.0036 
        040s 14 0.9835 0.0009 0.0140 0.0010 0.0005 
        041s 14 0.9673 0.0010 0.0305 0.0007 0.0006 
        042s 14 0.9133 0.0024 0.0818 0.0016 0.0009 
        001s 15 0.9663 0.0004 0.0315 0.0010 0.0009 
        002s 15 0.8388 0.0083 0.1349 0.0097 0.0083 
        003s 15 0.9790 0.0010 0.0123 0.0066 0.0012 
        004s 15 0.9893 0.0004 0.0010 0.0002 0.0092 
        005s 15 0.9798 0.0032 0.0095 0.0063 0.0012 
        006s 15 0.9776 0.0020 0.0194 0.0006 0.0004 
        007s 15 0.9974 0.0004 0.0007 0.0004 0.0012 
        008s 15 0.9944 0.0004 0.0041 0.0005 0.0006 
        009s 15 0.9192 0.0076 0.0362 0.0365 0.0005 
        010s 15 0.9273 0.0005 0.0706 0.0013 0.0003 
        011s 15 0.9333 0.0644 0.0010 0.0011 0.0003 
        012s 15 0.9918 0.0023 0.0028 0.0020 0.0010 
        013s 15 0.9186 0.0003 0.0762 0.0012 0.0036 
        014s 15 0.9869 0.0010 0.0025 0.0049 0.0047 
        015s 15 0.9097 0.0112 0.0700 0.0087 0.0004 
        016s 15 0.8441 0.0659 0.0579 0.0004 0.0317 
        017s 15 0.9810 0.0007 0.0017 0.0017 0.0148 
        018s 15 0.9488 0.0002 0.0491 0.0004 0.0015 
        019s 15 0.9288 0.0006 0.0666 0.0035 0.0005 
        020s 15 0.9625 0.0006 0.0360 0.0005 0.0004 
        021s 15 0.9000 0.0050 0.0898 0.0027 0.0025 
        022s 15 0.9846 0.0017 0.0125 0.0005 0.0007 
        023s 15 0.9701 0.0038 0.0245 0.0010 0.0005 
        024s 15 0.9961 0.0017 0.0011 0.0007 0.0004 
        025s 15 0.9603 0.0020 0.0100 0.0257 0.0020 
        026s 15 0.9659 0.0008 0.0072 0.0235 0.0026 
        027s 15 0.9749 0.0077 0.0056 0.0008 0.0109 
        028s 15 0.9944 0.0013 0.0009 0.0014 0.0020 
        029s 15 0.9955 0.0012 0.0011 0.0009 0.0013 
        030s 15 0.9964 0.0003 0.0012 0.0007 0.0014 
        031s 15 0.9078 0.0059 0.0778 0.0070 0.0015 
        032s 15 0.9968 0.0002 0.0006 0.0016 0.0008 
        033s 15 0.8629 0.0018 0.1345 0.0003 0.0006 
        035s 15 0.9914 0.0032 0.0022 0.0008 0.0023 
        036s 15 0.9645 0.0010 0.0301 0.0041 0.0003 
        037s 15 0.9883 0.0072 0.0027 0.0012 0.0005 
        038s 15 0.9948 0.0008 0.0033 0.0003 0.0008 
        039s 15 0.8661 0.0013 0.1316 0.0003 0.0006 
        040s 15 0.9866 0.0022 0.0079 0.0008 0.0025 
        041s 15 0.9043 0.0111 0.0813 0.0026 0.0007 
        042s 15 0.9912 0.0004 0.0046 0.0007 0.0030 
        043s 15 0.9579 0.0010 0.0390 0.0018 0.0003 
        044s 15 0.9931 0.0010 0.0042 0.0009 0.0008 
        045s 15 0.8807 0.0312 0.0083 0.0781 0.0017 
        046s 15 0.9704 0.0078 0.0204 0.0010 0.0004 
        047s 15 0.9638 0.0055 0.0299 0.0006 0.0003 
        048s 15 0.9482 0.0008 0.0349 0.0152 0.0009 
        049s 15 0.9743 0.0028 0.0217 0.0008 0.0004 
        050s 15 0.8553 0.0087 0.1236 0.0028 0.0097 
         001 16 0.7497 0.0272 0.2197 0.0007 0.0027 
         002 16 0.9555 0.0033 0.0404 0.0005 0.0003 
         003 16 0.9855 0.0062 0.0035 0.0015 0.0033 
         004 16 0.9965 0.0008 0.0008 0.0015 0.0004 
         005 16 0.9151 0.0093 0.0512 0.0227 0.0016 
         006 16 0.9714 0.0040 0.0107 0.0133 0.0008 
         007 16 0.9899 0.0009 0.0070 0.0015 0.0008 
         008 16 0.8104 0.0111 0.1774 0.0003 0.0009 
         009 16 0.9481 0.0004 0.0500 0.0004 0.0011 
         010 16 0.9424 0.0006 0.0555 0.0009 0.0006 
         011 16 0.9226 0.0011 0.0742 0.0016 0.0006 
         012 16 0.9864 0.0024 0.0085 0.0016 0.0010 
         013 16 0.9976 0.0007 0.0005 0.0006 0.0006 
         014 16 0.9600 0.0023 0.0361 0.0003 0.0013 
         015 16 0.6253 0.0028 0.0010 0.3695 0.0015 
         016 16 0.9806 0.0003 0.0020 0.0134 0.0037 
         017 16 0.9396 0.0066 0.0521 0.0011 0.0007 
         018 16 0.9252 0.0055 0.0272 0.0322 0.0100 
         019 16 0.8616 0.0063 0.1309 0.0005 0.0007 
         020 16 0.9974 0.0006 0.0004 0.0007 0.0009 
         021 16 0.8536 0.0459 0.0968 0.0009 0.0028 
         022 16 0.9633 0.0004 0.0329 0.0026 0.0008 
         023 16 0.8882 0.0005 0.1042 0.0066 0.0005 
         024 16 0.9243 0.0004 0.0477 0.0266 0.0010 
         025 16 0.8676 0.0144 0.1147 0.0024 0.0009 
         026 16 0.8886 0.0085 0.0986 0.0041 0.0003 
         027 16 0.9718 0.0006 0.0164 0.0013 0.0099 
         028 16 0.8097 0.0387 0.1363 0.0006 0.0148 
         029 16 0.9567 0.0390 0.0022 0.0009 0.0013 
         030 16 0.9541 0.0042 0.0410 0.0004 0.0004 
         031 16 0.9823 0.0009 0.0014 0.0007 0.0147 
         032 16 0.8935 0.0067 0.0946 0.0045 0.0007 
         033 16 0.9980 0.0008 0.0006 0.0003 0.0003 
         034 16 0.9528 0.0022 0.0434 0.0014 0.0003 
         035 16 0.9980 0.0007 0.0005 0.0002 0.0005 
         036 16 0.9782 0.0004 0.0180 0.0018 0.0016 
         037 16 0.9250 0.0165 0.0539 0.0042 0.0005 
         038 16 0.9803 0.0010 0.0113 0.0061 0.0014 
         039 16 0.9773 0.0003 0.0207 0.0006 0.0011 
         040 16 0.9955 0.0013 0.0011 0.0017 0.0004 
         041 16 0.9964 0.0008 0.0012 0.0013 0.0004 
         042 16 0.9816 0.0009 0.0151 0.0006 0.0019 
         043 16 0.9965 0.0007 0.0010 0.0011 0.0008 
         044 16 0.9420 0.0009 0.0540 0.0011 0.0019 
         045 16 0.9867 0.0093 0.0019 0.0002 0.0019 
         047 16 0.9572 0.0356 0.0029 0.0009 0.0034 
         048 16 0.9930 0.0042 0.0016 0.0005 0.0007 
         049 16 0.9819 0.0023 0.0111 0.0040 0.0007 
         050 16 0.9976 0.0009 0.0008 0.0003 0.0004 
         051 16 0.9930 0.0014 0.0032 0.0007 0.0018 
         052 16 0.9969 0.0003 0.0014 0.0007 0.0007 
         053 16 0.9966 0.0007 0.0013 0.0006 0.0008 
         054 16 0.8995 0.0037 0.0946 0.0008 0.0014 
         055 16 0.9309 0.0567 0.0116 0.0005 0.0003 
         056 16 0.9860 0.0003 0.0061 0.0070 0.0007 
         057 16 0.8361 0.0030 0.1603 0.0002 0.0004 
         058 16 0.8637 0.0132 0.1087 0.0142 0.0002 
         059 16 0.8098 0.0203 0.0770 0.0892 0.0037 
         060 16 0.9715 0.0009 0.0151 0.0110 0.0014 
         061 16 0.9516 0.0011 0.0451 0.0016 0.0007 
         062 16 0.9901 0.0066 0.0015 0.0005 0.0013 
         063 16 0.9934 0.0010 0.0042 0.0008 0.0008 
         064 16 0.9958 0.0004 0.0010 0.0022 0.0005 
         065 16 0.9656 0.0022 0.0279 0.0030 0.0014 
         066 16 0.9974 0.0004 0.0006 0.0007 0.0009 
         067 16 0.9157 0.0026 0.0022 0.0789 0.0007 
         068 16 0.9594 0.0017 0.0041 0.0341 0.0007 
         069 16 0.9925 0.0006 0.0024 0.0005 0.0040 
         070 16 0.9860 0.0012 0.0101 0.0006 0.0021 
         071 16 0.9099 0.0211 0.0684 0.0003 0.0003 
         072 16 0.9902 0.0012 0.0066 0.0010 0.0010 
         073 16 0.9759 0.0020 0.0211 0.0003 0.0007 
         074 16 0.9982 0.0006 0.0005 0.0002 0.0004 
         075 16 0.9540 0.0073 0.0376 0.0007 0.0004 
         076 16 0.9973 0.0008 0.0009 0.0003 0.0007 
         077 16 0.8895 0.0068 0.0089 0.0578 0.0370 
         078 16 0.8851 0.0005 0.1120 0.0018 0.0006 
         079 16 0.9052 0.0101 0.0817 0.0010 0.0020 
         080 16 0.9476 0.0002 0.0505 0.0013 0.0004 
         081 16 0.8794 0.0406 0.0787 0.0003 0.0010 
         082 16 0.9665 0.0132 0.0193 0.0004 0.0006 
         083 16 0.9958 0.0009 0.0007 0.0020 0.0006 
         084 16 0.9790 0.0017 0.0144 0.0017 0.0031 
         085 16 0.9882 0.0007 0.0013 0.0080 0.0017 
         086 16 0.8863 0.0118 0.1009 0.0007 0.0003 
         087 16 0.9282 0.0026 0.0674 0.0003 0.0016 
         088 16 0.9418 0.0003 0.0551 0.0024 0.0006 
         089 16 0.9817 0.0079 0.0089 0.0007 0.0008 
         090 16 0.9906 0.0012 0.0062 0.0005 0.0015 
         091 16 0.9933 0.0014 0.0038 0.0007 0.0008 
         092 16 0.8916 0.0012 0.1059 0.0008 0.0006 
         093 16 0.9913 0.0005 0.0060 0.0004 0.0018 
         094 16 0.9494 0.0009 0.0034 0.0412 0.0052 
         095 16 0.9943 0.0002 0.0038 0.0004 0.0013 
         096 16 0.9726 0.0222 0.0023 0.0024 0.0006 
         097 16 0.8967 0.0880 0.0088 0.0049 0.0016 
         098 16 0.9853 0.0006 0.0015 0.0046 0.0079 
         099 16 0.9912 0.0004 0.0010 0.0064 0.0010 
         100 16 0.9963 0.0004 0.0012 0.0015 0.0006 
         101 16 0.8815 0.0006 0.1131 0.0042 0.0006 
         102 16 0.9272 0.0018 0.0693 0.0011 0.0005 
         103 16 0.9900 0.0026 0.0014 0.0025 0.0035 
         104 16 0.9916 0.0007 0.0038 0.0035 0.0004 
         105 16 0.8904 0.0255 0.0722 0.0070 0.0049 
         106 16 0.9561 0.0004 0.0403 0.0028 0.0005 
         107 16 0.9041 0.0005 0.0441 0.0053 0.0461 
         108 16 0.6492 0.0100 0.1078 0.1651 0.0679 
         109 16 0.9694 0.0049 0.0246 0.0006 0.0004 
         110 16 0.9947 0.0005 0.0032 0.0013 0.0004 
         111 16 0.9167 0.0018 0.0799 0.0009 0.0008 
         112 16 0.9515 0.0017 0.0453 0.0008 0.0007 
         113 16 0.9395 0.0095 0.0492 0.0009 0.0010 
         114 16 0.9714 0.0008 0.0204 0.0014 0.0061 
         115 16 0.9974 0.0008 0.0006 0.0007 0.0005 
         116 16 0.9178 0.0008 0.0797 0.0012 0.0004 
         117 16 0.9822 0.0047 0.0089 0.0008 0.0033 
         118 16 0.9815 0.0004 0.0072 0.0101 0.0008 
         119 16 0.9651 0.0010 0.0303 0.0014 0.0023 
         120 16 0.9811 0.0164 0.0011 0.0003 0.0011 
         121 16 0.9410 0.0063 0.0214 0.0310 0.0003 
         122 16 0.9939 0.0004 0.0050 0.0004 0.0003 
         123 16 0.9564 0.0013 0.0394 0.0004 0.0026 
         124 16 0.9890 0.0010 0.0083 0.0013 0.0004 
         126 16 0.8325 0.0104 0.1519 0.0030 0.0022 
         001 17 0.9877 0.0025 0.0015 0.0007 0.0077 
         002 17 0.9877 0.0005 0.0109 0.0004 0.0005 
         003 17 0.9973 0.0006 0.0007 0.0004 0.0010 
         005 17 0.9730 0.0006 0.0007 0.0004 0.0252 
         006 17 0.9468 0.0504 0.0008 0.0003 0.0017 
         007 17 0.7757 0.0185 0.1759 0.0269 0.0029 
         008 17 0.8729 0.0278 0.0975 0.0012 0.0006 
         009 17 0.9983 0.0003 0.0004 0.0004 0.0006 
         010 17 0.9940 0.0010 0.0033 0.0010 0.0007 
         011 17 0.4850 0.0108 0.1238 0.3786 0.0018 
         012 17 0.9937 0.0006 0.0037 0.0012 0.0007 
         013 17 0.9982 0.0003 0.0004 0.0004 0.0007 
         014 17 0.9448 0.0004 0.0532 0.0003 0.0013 
         015 17 0.9497 0.0032 0.0463 0.0004 0.0004 
         016 17 0.9970 0.0007 0.0013 0.0006 0.0004 
         017 17 0.9951 0.0021 0.0009 0.0012 0.0008 
         018 17 0.9359 0.0026 0.0400 0.0003 0.0213 
         019 17 0.9650 0.0003 0.0333 0.0008 0.0006 
         020 17 0.9971 0.0009 0.0009 0.0007 0.0003 
         021 17 0.9976 0.0008 0.0003 0.0008 0.0005 
         022 17 0.9404 0.0108 0.0360 0.0014 0.0114 
         023 17 0.9788 0.0003 0.0179 0.0007 0.0023 
         024 17 0.9319 0.0428 0.0199 0.0036 0.0018 
         025 17 0.9974 0.0006 0.0015 0.0003 0.0003 
         002 18 0.9903 0.0007 0.0014 0.0023 0.0053 
         003 18 0.9976 0.0003 0.0004 0.0013 0.0004 
         004 18 0.9379 0.0021 0.0566 0.0008 0.0026 
         005 18 0.9189 0.0006 0.0463 0.0334 0.0009 
         006 18 0.9976 0.0003 0.0009 0.0008 0.0004 
         007 18 0.9907 0.0037 0.0028 0.0004 0.0025 
         008 18 0.9453 0.0009 0.0517 0.0017 0.0004 
         009 18 0.9808 0.0061 0.0100 0.0018 0.0012 
         010 18 0.9853 0.0019 0.0023 0.0082 0.0022 
         011 18 0.9947 0.0005 0.0011 0.0020 0.0016 
         012 18 0.9007 0.0007 0.0953 0.0024 0.0008 
         015 18 0.9829 0.0006 0.0145 0.0017 0.0003 
         016 18 0.9577 0.0033 0.0381 0.0003 0.0005 
         018 18 0.9869 0.0003 0.0007 0.0064 0.0056 
         026 18 0.9367 0.0090 0.0512 0.0006 0.0024 
         027 18 0.9957 0.0006 0.0006 0.0011 0.0020 
         028 18 0.8944 0.0004 0.0746 0.0003 0.0302 
         029 18 0.9961 0.0006 0.0022 0.0004 0.0006 
         031 18 0.7699 0.0078 0.1074 0.0765 0.0384 
         032 18 0.9963 0.0005 0.0018 0.0003 0.0011 
         033 18 0.9940 0.0005 0.0035 0.0010 0.0010 
         035 18 0.9189 0.0005 0.0796 0.0006 0.0005 
         036 18 0.9898 0.0005 0.0008 0.0082 0.0007 
         037 18 0.9615 0.0112 0.0014 0.0104 0.0155 
         038 18 0.9191 0.0218 0.0028 0.0038 0.0526 
         039 18 0.9970 0.0003 0.0010 0.0013 0.0004 
         044 18 0.8375 0.0176 0.1432 0.0004 0.0013 
         046 18 0.9587 0.0003 0.0028 0.0322 0.0060 
         049 18 0.9542 0.0006 0.0440 0.0003 0.0009 
         053 18 0.9484 0.0007 0.0489 0.0006 0.0014 
         054 18 0.9871 0.0095 0.0013 0.0011 0.0010 
         056 18 0.9056 0.0004 0.0879 0.0028 0.0033 
         057 18 0.9487 0.0033 0.0447 0.0028 0.0005 
         058 18 0.9890 0.0006 0.0018 0.0031 0.0055 
        001s 19 0.9236 0.0045 0.0703 0.0009 0.0006 
        002s 19 0.9429 0.0005 0.0551 0.0006 0.0008 
        003s 19 0.9557 0.0007 0.0428 0.0003 0.0004 
        004s 19 0.9632 0.0012 0.0012 0.0282 0.0061 
        005s 19 0.8831 0.0282 0.0087 0.0758 0.0042 
        006s 19 0.9940 0.0016 0.0014 0.0015 0.0015 
        007s 19 0.9238 0.0174 0.0413 0.0172 0.0004 
        008s 19 0.9439 0.0044 0.0364 0.0140 0.0013 
        009s 19 0.9241 0.0006 0.0728 0.0020 0.0005 
        010s 19 0.9789 0.0048 0.0032 0.0006 0.0125 
        011s 19 0.9893 0.0034 0.0014 0.0009 0.0049 
        012s 19 0.9735 0.0018 0.0224 0.0005 0.0017 
        013s 19 0.9366 0.0076 0.0546 0.0006 0.0006 
        014s 19 0.8433 0.0097 0.1300 0.0163 0.0006 
        015s 19 0.9953 0.0026 0.0010 0.0005 0.0005 
        016s 19 0.9030 0.0015 0.0259 0.0463 0.0232 
        017s 19 0.9114 0.0014 0.0801 0.0047 0.0024 
        018s 19 0.9932 0.0009 0.0018 0.0030 0.0011 
        019s 19 0.9098 0.0113 0.0762 0.0019 0.0009 
        020s 19 0.9202 0.0099 0.0682 0.0011 0.0007 
        021s 19 0.9625 0.0013 0.0348 0.0005 0.0010 
        022s 19 0.9704 0.0017 0.0262 0.0005 0.0012 
        023s 19 0.9912 0.0033 0.0012 0.0018 0.0024 
        024s 19 0.9941 0.0004 0.0006 0.0023 0.0026 
        025s 19 0.8385 0.0059 0.1523 0.0024 0.0009 
        026s 19 0.9841 0.0055 0.0037 0.0033 0.0034 
        027s 19 0.9634 0.0008 0.0346 0.0007 0.0006 
        028s 19 0.9916 0.0021 0.0053 0.0003 0.0007 
        029s 19 0.9864 0.0010 0.0106 0.0005 0.0016 
        030s 19 0.9181 0.0011 0.0763 0.0007 0.0038 
        031s 19 0.9934 0.0015 0.0040 0.0007 0.0004 
        032s 19 0.9294 0.0013 0.0687 0.0003 0.0004 
        033s 19 0.9927 0.0012 0.0006 0.0044 0.0011 
        034s 19 0.9713 0.0007 0.0261 0.0014 0.0005 
        035s 19 0.9736 0.0032 0.0153 0.0048 0.0031 
        036s 19 0.9750 0.0010 0.0222 0.0015 0.0003 
        037s 19 0.9558 0.0002 0.0426 0.0003 0.0010 
        038s 19 0.9918 0.0016 0.0032 0.0018 0.0016 
        039s 19 0.9859 0.0006 0.0124 0.0006 0.0005 
        040s 19 0.9719 0.0260 0.0013 0.0004 0.0005 
        041s 19 0.9960 0.0006 0.0025 0.0006 0.0003 
        042s 19 0.9695 0.0013 0.0030 0.0165 0.0096 
        043s 19 0.9450 0.0053 0.0476 0.0006 0.0015 
        044s 19 0.9884 0.0007 0.0082 0.0016 0.0010 
        045s 19 0.9943 0.0002 0.0030 0.0013 0.0011 
        046s 19 0.9882 0.0014 0.0028 0.0057 0.0018 
        047s 19 0.9729 0.0076 0.0186 0.0004 0.0005 
        048s 19 0.9027 0.0121 0.0836 0.0008 0.0008 
        049s 19 0.9745 0.0095 0.0085 0.0069 0.0006 
        050s 19 0.9896 0.0002 0.0090 0.0007 0.0005 
        051s 19 0.9269 0.0408 0.0225 0.0092 0.0005 
        052s 19 0.9933 0.0009 0.0039 0.0008 0.0011 
      LIW2-4 20 0.9934 0.0013 0.0007 0.0024 0.0022 
     LIW2-12 21 0.9014 0.0003 0.0137 0.0773 0.0074 
     LIW2-20 22 0.9907 0.0007 0.0035 0.0009 0.0042 
     LIW2-28 23 0.8856 0.0037 0.0441 0.0646 0.0021 
      LIW1-5 24 0.9938 0.0007 0.0010 0.0029 0.0016 
     LIW1-13 25 0.9083 0.0136 0.0615 0.0161 0.0006 
     LIW1-21 26 0.9203 0.0004 0.0408 0.0326 0.0059 
     LIW1-29 27 0.9610 0.0047 0.0122 0.0192 0.0029 
      LIW2-5 28 0.9882 0.0008 0.0017 0.0027 0.0065 
     LIW2-34 29 0.9862 0.0007 0.0010 0.0025 0.0097 
