        001s  1 0.0197 0.0004 0.0075 0.0004 0.0005 0.0093 0.0008 0.0013 0.2779 0.6821 
        002s  1 0.0038 0.0030 0.3369 0.0027 0.0009 0.0087 0.0009 0.0003 0.6351 0.0077 
        003s  1 0.0023 0.0009 0.0374 0.0008 0.0040 0.0133 0.0054 0.0243 0.8943 0.0173 
        004s  1 0.0086 0.0274 0.0087 0.0017 0.0062 0.0018 0.0069 0.0004 0.4252 0.5132 
        005s  1 0.1875 0.1059 0.0042 0.0942 0.0022 0.0027 0.0980 0.0003 0.4709 0.0340 
        006s  1 0.0004 0.0015 0.9391 0.0005 0.0004 0.0061 0.0005 0.0004 0.0061 0.0450 
        007s  1 0.0271 0.0005 0.0156 0.0010 0.0038 0.0083 0.0012 0.0008 0.0146 0.9271 
        008s  1 0.0517 0.0005 0.0157 0.0003 0.0008 0.0052 0.0013 0.0008 0.5186 0.4052 
        009s  1 0.0139 0.0015 0.0221 0.0166 0.0090 0.0060 0.0254 0.0036 0.2610 0.6407 
        010s  1 0.0031 0.0012 0.4387 0.0009 0.0006 0.0110 0.0084 0.0009 0.0051 0.5301 
        011s  1 0.0149 0.0024 0.7243 0.0012 0.0022 0.0033 0.0012 0.0030 0.0062 0.2414 
        012s  1 0.0409 0.0093 0.0338 0.0076 0.0009 0.0012 0.1070 0.0045 0.0204 0.7745 
        013s  1 0.0195 0.0051 0.3668 0.0171 0.0089 0.0047 0.0019 0.0008 0.0223 0.5528 
        014s  1 0.0345 0.0012 0.0141 0.0006 0.0054 0.0041 0.0132 0.0164 0.0253 0.8853 
        015s  1 0.0008 0.0004 0.0246 0.0005 0.0003 0.0048 0.0009 0.0009 0.0068 0.9601 
        016s  1 0.0003 0.0013 0.0233 0.0004 0.0077 0.0218 0.0058 0.0016 0.0489 0.8889 
        018s  1 0.0733 0.0009 0.0098 0.0022 0.0011 0.1743 0.0993 0.0013 0.0384 0.5994 
        019s  1 0.0369 0.0006 0.1049 0.0004 0.0006 0.0099 0.0094 0.0061 0.0929 0.7383 
        020s  1 0.0019 0.0002 0.9171 0.0004 0.0099 0.0105 0.0008 0.0095 0.0062 0.0434 
        021s  1 0.0042 0.0063 0.1029 0.0010 0.0073 0.0075 0.0003 0.0011 0.0264 0.8429 
        022s  1 0.0056 0.0005 0.0117 0.0002 0.0017 0.0054 0.0004 0.0007 0.9402 0.0336 
        023s  1 0.0008 0.0005 0.0061 0.0006 0.0098 0.0543 0.0005 0.0013 0.0993 0.8269 
        024s  1 0.0111 0.0016 0.0079 0.0004 0.0007 0.0099 0.0015 0.0003 0.0046 0.9620 
        025s  1 0.0536 0.0012 0.0637 0.0007 0.0018 0.0845 0.0045 0.0005 0.0031 0.7864 
        026s  1 0.0198 0.0006 0.0794 0.0020 0.0098 0.0261 0.0009 0.0065 0.0073 0.8475 
        027s  1 0.0151 0.0159 0.2370 0.0007 0.0025 0.0929 0.0022 0.0005 0.0160 0.6170 
        028s  1 0.0908 0.0388 0.0732 0.0005 0.0014 0.0133 0.0078 0.0016 0.0135 0.7590 
        029s  1 0.0008 0.0007 0.0104 0.0006 0.0006 0.0074 0.0015 0.0043 0.0110 0.9625 
        030s  1 0.0106 0.0052 0.7945 0.0005 0.0009 0.0780 0.0013 0.0069 0.0044 0.0978 
        031s  1 0.0012 0.0003 0.3098 0.0002 0.0012 0.0054 0.0005 0.0004 0.0519 0.6292 
        032s  1 0.0163 0.0005 0.9337 0.0002 0.0009 0.0064 0.0009 0.0011 0.0068 0.0331 
        033s  1 0.0344 0.0004 0.0083 0.0035 0.0011 0.0064 0.0009 0.0012 0.0027 0.9411 
        034s  1 0.0355 0.0023 0.0165 0.0005 0.0566 0.0229 0.0009 0.0049 0.4578 0.4021 
        035s  1 0.0017 0.0023 0.8473 0.0004 0.0010 0.0033 0.0024 0.0033 0.0047 0.1337 
        036s  1 0.0105 0.0012 0.4886 0.0009 0.0005 0.0022 0.0946 0.0003 0.3582 0.0430 
        037s  1 0.0006 0.0027 0.8162 0.0168 0.0409 0.0008 0.1027 0.0011 0.0160 0.0022 
        038s  1 0.0133 0.0007 0.8831 0.0010 0.0011 0.0082 0.0012 0.0011 0.0136 0.0766 
        039s  1 0.0051 0.0018 0.0057 0.0231 0.0004 0.0260 0.0003 0.0006 0.0101 0.9269 
        040s  1 0.0121 0.0055 0.6224 0.0008 0.0021 0.0040 0.0022 0.0007 0.0894 0.2607 
        041s  1 0.0012 0.0004 0.0092 0.0023 0.0034 0.0233 0.0016 0.0010 0.0056 0.9520 
        042s  1 0.0128 0.0009 0.0876 0.0004 0.0752 0.0073 0.0757 0.0011 0.0407 0.6984 
        043s  1 0.1026 0.0006 0.0268 0.0052 0.0008 0.0097 0.0006 0.0012 0.8396 0.0129 
        044s  1 0.0106 0.0138 0.7728 0.0209 0.0059 0.0135 0.0551 0.0026 0.0811 0.0238 
        045s  1 0.0012 0.0026 0.9419 0.0005 0.0011 0.0078 0.0101 0.0009 0.0036 0.0304 
        046s  1 0.0012 0.0006 0.9321 0.0004 0.0005 0.0032 0.0021 0.0021 0.0200 0.0379 
        047s  1 0.0019 0.0003 0.9582 0.0005 0.0053 0.0072 0.0010 0.0016 0.0055 0.0186 
        048s  1 0.0040 0.0002 0.4964 0.0190 0.0010 0.0015 0.0178 0.0004 0.4538 0.0059 
        049s  1 0.0150 0.0023 0.0169 0.0004 0.0007 0.0058 0.0006 0.0011 0.8874 0.0699 
        050s  1 0.0113 0.0031 0.8609 0.0011 0.0004 0.0033 0.0865 0.0005 0.0308 0.0022 
        051s  1 0.0002 0.0008 0.0551 0.0003 0.0008 0.0022 0.0006 0.0274 0.0160 0.8965 
        052s  1 0.0045 0.0024 0.6411 0.0038 0.0019 0.2935 0.0070 0.0184 0.0207 0.0066 
        053s  1 0.0005 0.0003 0.9323 0.0041 0.0007 0.0018 0.0016 0.0004 0.0039 0.0545 
        054s  1 0.0019 0.0037 0.9431 0.0019 0.0011 0.0030 0.0002 0.0027 0.0033 0.0391 
        055s  1 0.0410 0.0005 0.3285 0.0154 0.0631 0.0010 0.0413 0.0022 0.0039 0.5031 
          01  2 0.0666 0.0011 0.4859 0.0018 0.0022 0.0013 0.0987 0.0266 0.0114 0.3044 
          02  2 0.0033 0.0009 0.1147 0.0313 0.0006 0.1058 0.0026 0.0012 0.0028 0.7369 
          03  2 0.0334 0.0006 0.8561 0.0010 0.0014 0.0065 0.0016 0.0003 0.0113 0.0878 
          04  2 0.0790 0.0107 0.3011 0.0018 0.0147 0.1088 0.0006 0.0011 0.0591 0.4233 
          05  2 0.1027 0.0003 0.0544 0.0012 0.0006 0.0033 0.0775 0.0005 0.7560 0.0036 
          06  2 0.0229 0.0015 0.9393 0.0056 0.0008 0.0021 0.0164 0.0007 0.0066 0.0041 
          07  2 0.0119 0.0015 0.6730 0.0041 0.0009 0.0025 0.0034 0.0013 0.2712 0.0303 
          08  2 0.0069 0.0004 0.0958 0.0007 0.0008 0.0388 0.0753 0.0010 0.6217 0.1586 
          09  2 0.0018 0.0004 0.0134 0.0004 0.0003 0.0075 0.0007 0.0106 0.0501 0.9148 
          10  2 0.0213 0.0008 0.8501 0.0008 0.0005 0.0437 0.0013 0.0008 0.0179 0.0628 
          11  2 0.0465 0.0012 0.2778 0.0009 0.0032 0.0083 0.0246 0.0095 0.0173 0.6109 
          12  2 0.0011 0.0011 0.1871 0.0013 0.0005 0.1343 0.0005 0.0017 0.0097 0.6627 
          13  2 0.0078 0.0004 0.0246 0.0022 0.0007 0.0019 0.0004 0.0007 0.1289 0.8324 
          14  2 0.0183 0.0095 0.2445 0.0010 0.0248 0.0070 0.0003 0.0041 0.2742 0.4163 
          15  2 0.0047 0.0009 0.0451 0.0008 0.0008 0.0185 0.0008 0.0012 0.2706 0.6567 
          16  2 0.0053 0.0517 0.0075 0.0007 0.0033 0.0047 0.0004 0.0056 0.0175 0.9032 
          17  2 0.0010 0.0005 0.8498 0.0047 0.0013 0.0818 0.0030 0.0013 0.0503 0.0062 
          18  2 0.0030 0.0023 0.9471 0.0107 0.0010 0.0052 0.0070 0.0016 0.0051 0.0169 
          19  2 0.0262 0.0003 0.7660 0.0008 0.0051 0.0087 0.0018 0.0026 0.0061 0.1824 
          20  2 0.0014 0.0082 0.0018 0.0007 0.0031 0.0048 0.0578 0.0025 0.0034 0.9163 
          21  2 0.0293 0.0004 0.0497 0.0005 0.0007 0.0024 0.0018 0.0179 0.0133 0.8840 
          22  2 0.0162 0.0064 0.0271 0.0012 0.0048 0.0084 0.0021 0.0058 0.0025 0.9254 
          23  2 0.0164 0.0018 0.9458 0.0021 0.0023 0.0227 0.0011 0.0011 0.0020 0.0047 
          24  2 0.0302 0.0005 0.0153 0.0004 0.0006 0.0210 0.0005 0.0011 0.0022 0.9282 
          25  2 0.0098 0.0253 0.0355 0.0012 0.0009 0.0018 0.0069 0.0014 0.1110 0.8061 
          26  2 0.0004 0.0004 0.0015 0.0008 0.0003 0.0009 0.0010 0.0011 0.9927 0.0009 
          27  2 0.0112 0.0250 0.0621 0.0013 0.0032 0.0031 0.0009 0.0013 0.0190 0.8727 
          28  2 0.0050 0.0002 0.0858 0.0009 0.0045 0.0233 0.0011 0.0009 0.0851 0.7932 
          29  2 0.0151 0.0011 0.9500 0.0005 0.0003 0.0032 0.0013 0.0013 0.0048 0.0224 
          30  2 0.0021 0.0004 0.0185 0.0052 0.0832 0.1168 0.1401 0.0127 0.0604 0.5606 
          01  3 0.1726 0.0004 0.2594 0.4195 0.0156 0.0079 0.1158 0.0005 0.0070 0.0013 
          02  3 0.2894 0.2473 0.0184 0.2294 0.0128 0.0093 0.1066 0.0767 0.0032 0.0068 
          03  3 0.7476 0.1401 0.0200 0.0064 0.0014 0.0019 0.0571 0.0007 0.0054 0.0195 
          04  3 0.4456 0.1430 0.0065 0.2011 0.0017 0.0072 0.1737 0.0015 0.0034 0.0164 
          05  3 0.3233 0.2257 0.0004 0.1549 0.1024 0.0005 0.0889 0.1034 0.0003 0.0002 
          06  3 0.4683 0.2429 0.0003 0.2053 0.0006 0.0003 0.0810 0.0002 0.0003 0.0007 
          07  3 0.7121 0.1038 0.0316 0.0044 0.0003 0.0041 0.1130 0.0028 0.0020 0.0258 
          08  3 0.3665 0.1827 0.0760 0.1186 0.0058 0.0028 0.1641 0.0112 0.0015 0.0709 
          09  3 0.6599 0.1145 0.0156 0.0062 0.0017 0.0036 0.1824 0.0002 0.0062 0.0097 
          10  3 0.2759 0.2375 0.0011 0.1577 0.1072 0.0004 0.0090 0.2072 0.0005 0.0034 
          11  3 0.7541 0.1248 0.0008 0.0078 0.0002 0.0011 0.1092 0.0003 0.0010 0.0006 
          12  3 0.7334 0.1318 0.0004 0.0094 0.0002 0.0005 0.1226 0.0002 0.0013 0.0003 
          13  3 0.4219 0.2629 0.0003 0.2407 0.0002 0.0007 0.0705 0.0015 0.0002 0.0012 
          14  3 0.3581 0.2646 0.0004 0.1690 0.1396 0.0021 0.0398 0.0254 0.0006 0.0004 
          15  3 0.5129 0.1053 0.0149 0.0878 0.0019 0.0088 0.1364 0.0002 0.0022 0.1296 
          16  3 0.3210 0.2692 0.0031 0.3788 0.0023 0.0028 0.0083 0.0044 0.0048 0.0054 
          17  3 0.2972 0.0713 0.2835 0.0721 0.0008 0.0097 0.2523 0.0009 0.0083 0.0039 
          18  3 0.2126 0.2019 0.0015 0.1369 0.2704 0.0010 0.0153 0.1577 0.0013 0.0015 
          19  3 0.3361 0.2257 0.0268 0.2956 0.0132 0.0374 0.0575 0.0009 0.0022 0.0048 
          20  3 0.3519 0.1206 0.0083 0.2327 0.0639 0.0209 0.1712 0.0003 0.0101 0.0201 
          21  3 0.2674 0.1356 0.0448 0.3347 0.0088 0.0092 0.0889 0.0022 0.0048 0.1036 
          22  3 0.6727 0.0647 0.0059 0.0338 0.0018 0.0158 0.1718 0.0003 0.0215 0.0116 
          23  3 0.3140 0.1440 0.0763 0.2598 0.0030 0.0013 0.1469 0.0005 0.0121 0.0421 
          24  3 0.2903 0.1153 0.0012 0.1762 0.0014 0.0011 0.2470 0.1606 0.0033 0.0035 
          25  3 0.2456 0.1003 0.0004 0.2507 0.1251 0.0004 0.0357 0.2412 0.0004 0.0004 
          26  3 0.6286 0.1520 0.0011 0.0472 0.0006 0.0008 0.1662 0.0003 0.0012 0.0021 
          27  3 0.2719 0.1579 0.0018 0.2341 0.1739 0.0021 0.0127 0.1306 0.0021 0.0129 
          28  3 0.3491 0.1901 0.0045 0.3207 0.0002 0.0058 0.1178 0.0028 0.0021 0.0069 
          29  3 0.2942 0.1793 0.0010 0.2872 0.0159 0.0109 0.1440 0.0025 0.0071 0.0580 
          30  3 0.3616 0.0539 0.0018 0.2152 0.0003 0.0018 0.1659 0.0013 0.1963 0.0019 
         001  4 0.0001 0.0001 0.0001 0.0001 0.0001 0.0001 0.9992 0.0001 0.0001 0.0001 
         002  4 0.0238 0.0005 0.0003 0.0015 0.0001 0.0003 0.9729 0.0002 0.0002 0.0002 
         003  4 0.0001 0.0001 0.0001 0.0001 0.0001 0.0001 0.9992 0.0001 0.0001 0.0001 
         004  4 0.0001 0.0002 0.0001 0.0002 0.0001 0.0001 0.9990 0.0001 0.0001 0.0001 
         005  4 0.0001 0.0004 0.0001 0.0002 0.0001 0.0001 0.9986 0.0002 0.0001 0.0001 
         006  4 0.0732 0.0544 0.0004 0.0217 0.0002 0.0004 0.8483 0.0002 0.0004 0.0006 
         007  4 0.0785 0.0488 0.0004 0.0002 0.0002 0.0003 0.8707 0.0002 0.0004 0.0003 
         008  4 0.0003 0.0015 0.0005 0.0011 0.0016 0.0006 0.9912 0.0018 0.0010 0.0004 
         009  4 0.0001 0.0003 0.0001 0.0001 0.0001 0.0001 0.9988 0.0001 0.0001 0.0001 
         010  4 0.0007 0.0401 0.0001 0.0001 0.0001 0.0001 0.9586 0.0001 0.0001 0.0001 
         011  4 0.0011 0.0440 0.0011 0.0019 0.0155 0.0006 0.9329 0.0005 0.0019 0.0005 
         012  4 0.0011 0.0001 0.0001 0.0001 0.0001 0.0001 0.9980 0.0001 0.0001 0.0001 
         013  4 0.0002 0.0001 0.0001 0.0002 0.0001 0.0001 0.9991 0.0001 0.0001 0.0001 
         014  4 0.0314 0.0002 0.0001 0.0001 0.0001 0.0002 0.9673 0.0001 0.0003 0.0002 
         015  4 0.0577 0.0001 0.0001 0.0002 0.0001 0.0001 0.9416 0.0001 0.0001 0.0001 
         016  4 0.0001 0.0002 0.0001 0.0002 0.0001 0.0001 0.9991 0.0001 0.0001 0.0001 
         017  4 0.0561 0.0002 0.0001 0.0003 0.0001 0.0001 0.9427 0.0001 0.0002 0.0001 
         019  4 0.0396 0.0900 0.0002 0.0064 0.0006 0.0003 0.8620 0.0003 0.0002 0.0002 
         020  4 0.0001 0.0002 0.0001 0.0002 0.0001 0.0001 0.9987 0.0002 0.0002 0.0001 
         021  4 0.0239 0.0352 0.0002 0.0001 0.0002 0.0002 0.9396 0.0002 0.0002 0.0002 
         001  5 0.0754 0.0004 0.0007 0.0061 0.0220 0.0005 0.8924 0.0014 0.0004 0.0006 
         002  5 0.0013 0.0005 0.0074 0.0378 0.0011 0.0018 0.9254 0.0008 0.0138 0.0101 
         003  5 0.0408 0.0390 0.0045 0.0876 0.0017 0.0426 0.6717 0.0002 0.0065 0.1054 
         004  5 0.0007 0.0017 0.0174 0.0092 0.0011 0.0011 0.9173 0.0004 0.0020 0.0492 
         005  5 0.0700 0.0004 0.0002 0.0463 0.0004 0.0004 0.8818 0.0002 0.0002 0.0002 
         006  5 0.0810 0.0127 0.0005 0.1366 0.0002 0.0005 0.7673 0.0004 0.0003 0.0004 
         007  5 0.0695 0.0463 0.0002 0.0637 0.0002 0.0002 0.8192 0.0002 0.0002 0.0003 
         008  5 0.0783 0.0004 0.0002 0.0629 0.0001 0.0001 0.8575 0.0002 0.0001 0.0002 
         009  5 0.0621 0.0041 0.0150 0.0190 0.0009 0.0037 0.8718 0.0003 0.0029 0.0202 
         010  5 0.0300 0.0283 0.0017 0.0996 0.0014 0.0021 0.8345 0.0005 0.0014 0.0005 
         011  5 0.0538 0.0002 0.0008 0.0531 0.0006 0.0005 0.8901 0.0002 0.0004 0.0003 
         012  5 0.0428 0.0718 0.0061 0.0281 0.0019 0.0035 0.8136 0.0011 0.0091 0.0219 
         013  5 0.1907 0.0009 0.0106 0.0575 0.0009 0.0759 0.6269 0.0004 0.0009 0.0352 
         014  5 0.0042 0.0723 0.0320 0.0632 0.0042 0.0064 0.6591 0.0090 0.0043 0.1453 
         015  5 0.0679 0.0185 0.0001 0.0258 0.0002 0.0002 0.8868 0.0001 0.0002 0.0002 
         016  5 0.1207 0.0314 0.0006 0.0157 0.0003 0.0007 0.8289 0.0006 0.0005 0.0007 
         017  5 0.1091 0.0491 0.0050 0.0547 0.0002 0.0010 0.7770 0.0011 0.0015 0.0013 
         018  5 0.1217 0.0018 0.0096 0.0514 0.0162 0.0061 0.7673 0.0215 0.0009 0.0036 
         019  5 0.0698 0.0002 0.0003 0.0004 0.0007 0.0003 0.9256 0.0024 0.0002 0.0003 
         020  5 0.0051 0.0002 0.0002 0.0011 0.0002 0.0002 0.9924 0.0002 0.0002 0.0002 
         021  5 0.0346 0.0005 0.0262 0.0051 0.0020 0.0012 0.8199 0.0003 0.0228 0.0875 
         022  5 0.0904 0.0062 0.0042 0.0009 0.0205 0.0023 0.8690 0.0024 0.0011 0.0031 
         023  5 0.1102 0.0013 0.0003 0.0381 0.0006 0.0005 0.8480 0.0002 0.0003 0.0005 
         024  5 0.0268 0.0696 0.0198 0.0073 0.0004 0.0016 0.8574 0.0002 0.0012 0.0157 
         025  5 0.1429 0.0459 0.0014 0.0124 0.0005 0.0013 0.7884 0.0005 0.0029 0.0039 
         026  5 0.0659 0.0156 0.1003 0.0097 0.0003 0.0044 0.7822 0.0004 0.0018 0.0193 
         027  5 0.0005 0.0019 0.0003 0.0002 0.0002 0.0004 0.9959 0.0002 0.0002 0.0002 
         028  5 0.1043 0.0296 0.0025 0.0009 0.0036 0.0017 0.8536 0.0006 0.0011 0.0021 
         029  5 0.0764 0.0010 0.0003 0.0076 0.0001 0.0004 0.9133 0.0003 0.0002 0.0003 
         030  5 0.0805 0.0002 0.0005 0.0070 0.0005 0.0006 0.9072 0.0026 0.0005 0.0005 
        001s  6 0.0021 0.0101 0.7056 0.0095 0.0260 0.0068 0.0010 0.0008 0.2164 0.0216 
        002s  6 0.0340 0.0005 0.0642 0.0033 0.0008 0.0423 0.0138 0.0189 0.0064 0.8158 
        003s  6 0.0016 0.0003 0.6977 0.0047 0.0032 0.0140 0.0084 0.0006 0.2130 0.0564 
        004s  6 0.0007 0.0004 0.9386 0.0003 0.0009 0.0040 0.0006 0.0004 0.0201 0.0340 
        006s  6 0.0010 0.0215 0.0183 0.0045 0.0055 0.0100 0.0596 0.0021 0.0029 0.8745 
        007s  6 0.0006 0.0027 0.0121 0.0009 0.0006 0.0558 0.0005 0.0010 0.0045 0.9214 
        008s  6 0.0214 0.0007 0.8976 0.0010 0.0071 0.0384 0.0034 0.0027 0.0056 0.0221 
        009s  6 0.0028 0.0004 0.0502 0.0009 0.0010 0.1108 0.0005 0.0009 0.0057 0.8269 
        010s  6 0.0012 0.0086 0.2048 0.0015 0.0115 0.0055 0.0203 0.0087 0.0009 0.7370 
        011s  6 0.0143 0.0009 0.9358 0.0108 0.0017 0.0173 0.0003 0.0004 0.0013 0.0174 
        012s  6 0.0099 0.0017 0.0216 0.0009 0.0010 0.0043 0.0005 0.0030 0.0093 0.9478 
        013s  6 0.0011 0.0009 0.9522 0.0006 0.0005 0.0052 0.0011 0.0007 0.0043 0.0335 
        014s  6 0.0472 0.0004 0.2052 0.0079 0.0005 0.0016 0.0256 0.0003 0.3600 0.3513 
        015s  6 0.0464 0.0089 0.8767 0.0007 0.0056 0.0378 0.0041 0.0016 0.0016 0.0166 
        016s  6 0.0097 0.0011 0.2702 0.0008 0.0020 0.0014 0.0004 0.0006 0.1944 0.5193 
        018s  6 0.0051 0.0004 0.0023 0.0617 0.0020 0.0050 0.2133 0.0005 0.0034 0.7062 
        019s  6 0.0553 0.0004 0.7745 0.0060 0.0043 0.0200 0.0025 0.0008 0.0908 0.0455 
        020s  6 0.0034 0.0003 0.0256 0.0010 0.0006 0.0043 0.0003 0.0011 0.0466 0.9169 
        021s  6 0.0072 0.0066 0.8592 0.0074 0.0048 0.0031 0.0011 0.0014 0.0038 0.1053 
        022s  6 0.0090 0.0003 0.0236 0.0006 0.0042 0.0139 0.0006 0.0006 0.0144 0.9326 
        023s  6 0.0371 0.0009 0.2359 0.0006 0.0012 0.0797 0.0149 0.0003 0.4807 0.1488 
        024s  6 0.0645 0.0022 0.8603 0.0006 0.0006 0.0034 0.0437 0.0015 0.0180 0.0051 
        025s  6 0.0005 0.0009 0.7246 0.0050 0.0679 0.0206 0.0016 0.0006 0.0551 0.1232 
        026s  6 0.0024 0.0006 0.8426 0.0005 0.0005 0.0058 0.0004 0.0024 0.0276 0.1173 
        027s  6 0.0007 0.0006 0.0060 0.0005 0.0006 0.0089 0.0011 0.0009 0.0257 0.9548 
        028s  6 0.0284 0.0020 0.3830 0.0057 0.0096 0.0039 0.0048 0.0411 0.0012 0.5203 
        029s  6 0.0068 0.0004 0.0109 0.0003 0.0014 0.0357 0.0005 0.0018 0.0033 0.9391 
        030s  6 0.0343 0.0005 0.0272 0.0016 0.0086 0.0796 0.0423 0.0016 0.0041 0.8000 
        031s  6 0.0209 0.0067 0.1394 0.0005 0.0004 0.0780 0.0023 0.0005 0.5773 0.1739 
        032s  6 0.0020 0.0005 0.0824 0.0395 0.0006 0.0011 0.0020 0.0004 0.0217 0.8499 
        033s  6 0.0830 0.0002 0.0128 0.0008 0.0007 0.0037 0.0251 0.0005 0.0056 0.8675 
        034s  6 0.0085 0.0059 0.7090 0.0005 0.0181 0.0614 0.0022 0.0006 0.0085 0.1853 
        035s  6 0.0046 0.0006 0.0013 0.0007 0.0006 0.0006 0.1243 0.0009 0.8627 0.0037 
        036s  6 0.0025 0.0027 0.0396 0.0092 0.0012 0.0039 0.0004 0.0002 0.0026 0.9377 
        037s  6 0.0007 0.0007 0.0083 0.0026 0.0020 0.0111 0.0010 0.0017 0.0074 0.9645 
        038s  6 0.0102 0.0026 0.0333 0.0008 0.0007 0.0080 0.0005 0.0007 0.1054 0.8378 
        039s  6 0.0010 0.0003 0.9292 0.0003 0.0011 0.0380 0.0003 0.0006 0.0108 0.0185 
        040s  6 0.0070 0.0011 0.7929 0.0008 0.0004 0.0243 0.0003 0.0005 0.1700 0.0028 
        041s  6 0.0676 0.0003 0.2556 0.0001 0.0038 0.0018 0.0580 0.0039 0.4979 0.1109 
        042s  6 0.0211 0.0008 0.0580 0.0014 0.0497 0.0036 0.0130 0.0033 0.0080 0.8411 
        043s  6 0.0012 0.0024 0.0833 0.0003 0.0077 0.0060 0.0010 0.0004 0.0039 0.8938 
        044s  6 0.0157 0.0004 0.0342 0.0005 0.0006 0.0020 0.0009 0.0022 0.1629 0.7804 
        045s  6 0.0089 0.0005 0.2429 0.0007 0.0020 0.0259 0.0062 0.0006 0.0201 0.6921 
        001s  7 0.0035 0.0005 0.0201 0.0006 0.0010 0.1784 0.0020 0.0007 0.7036 0.0897 
        002s  7 0.0028 0.0011 0.5438 0.0074 0.0021 0.0078 0.0107 0.0010 0.4209 0.0023 
        003s  7 0.0177 0.0020 0.0138 0.0016 0.0014 0.0040 0.0011 0.0019 0.9232 0.0334 
        004s  7 0.0132 0.0028 0.0446 0.0008 0.0006 0.0026 0.0010 0.0010 0.0162 0.9172 
        005s  7 0.0189 0.0026 0.5068 0.0016 0.0015 0.0176 0.0170 0.0009 0.0288 0.4043 
        006s  7 0.0018 0.0010 0.3790 0.0012 0.0033 0.0061 0.0583 0.0007 0.0085 0.5403 
        007s  7 0.0008 0.0078 0.1022 0.0035 0.0023 0.0011 0.0054 0.0148 0.0064 0.8556 
        008s  7 0.0440 0.0003 0.0013 0.0007 0.0019 0.0035 0.0043 0.0032 0.9362 0.0047 
        009s  7 0.0009 0.0023 0.0044 0.0030 0.0081 0.0014 0.0029 0.0006 0.0149 0.9616 
        010s  7 0.0012 0.0003 0.0039 0.0009 0.0021 0.0033 0.0013 0.0011 0.9820 0.0040 
        011s  7 0.0007 0.0005 0.0472 0.0007 0.0006 0.0090 0.0004 0.0008 0.0092 0.9309 
        012s  7 0.0017 0.0009 0.9446 0.0002 0.0005 0.0072 0.0013 0.0004 0.0027 0.0405 
        013s  7 0.0014 0.0125 0.4727 0.0007 0.0052 0.0044 0.0003 0.0005 0.0176 0.4846 
        014s  7 0.0033 0.0007 0.5373 0.0005 0.0004 0.0077 0.0469 0.0005 0.3863 0.0164 
        015s  7 0.0004 0.0016 0.8288 0.0010 0.0011 0.0067 0.0387 0.0014 0.0139 0.1063 
        016s  7 0.0022 0.0003 0.0006 0.0003 0.0018 0.0015 0.0902 0.0002 0.9015 0.0014 
        017s  7 0.0105 0.0015 0.2209 0.0004 0.0007 0.0068 0.0014 0.0003 0.0291 0.7283 
        018s  7 0.0888 0.0003 0.7286 0.0004 0.0007 0.0417 0.0006 0.0040 0.0041 0.1309 
        019s  7 0.0007 0.0014 0.1929 0.0034 0.0094 0.0717 0.0015 0.0031 0.0130 0.7029 
        020s  7 0.0298 0.0008 0.3119 0.0008 0.0004 0.0020 0.0006 0.0003 0.0143 0.6391 
        021s  7 0.0051 0.0005 0.0586 0.0027 0.0008 0.0018 0.0014 0.0013 0.0040 0.9237 
        022s  7 0.0028 0.0054 0.9028 0.0009 0.0008 0.0141 0.0029 0.0003 0.0033 0.0667 
        023s  7 0.0337 0.0012 0.0167 0.0021 0.0168 0.0045 0.0025 0.0018 0.0252 0.8955 
        024s  7 0.0154 0.0005 0.8584 0.0005 0.0010 0.0755 0.0035 0.0011 0.0036 0.0405 
        025s  7 0.0019 0.0030 0.6630 0.0042 0.0011 0.0096 0.0008 0.0012 0.0066 0.3085 
        026s  7 0.0116 0.0004 0.0149 0.0004 0.0014 0.0092 0.0016 0.0021 0.9403 0.0181 
        027s  7 0.0020 0.0011 0.1429 0.0014 0.0003 0.0019 0.0012 0.0009 0.4748 0.3735 
        028s  7 0.0265 0.0005 0.9240 0.0005 0.0008 0.0141 0.0037 0.0002 0.0043 0.0254 
        029s  7 0.0118 0.0005 0.0449 0.0015 0.0030 0.0128 0.0056 0.0006 0.0623 0.8570 
        030s  7 0.0011 0.0007 0.0393 0.0003 0.0045 0.0285 0.0003 0.0047 0.1803 0.7403 
        031s  7 0.0013 0.0025 0.0381 0.0013 0.0134 0.1336 0.0031 0.0005 0.0310 0.7751 
        032s  7 0.0474 0.0004 0.7941 0.0009 0.0004 0.0019 0.0814 0.0049 0.0023 0.0662 
        033s  7 0.0013 0.0007 0.1160 0.0074 0.0019 0.0017 0.0278 0.0029 0.0039 0.8364 
        034s  7 0.0026 0.0255 0.0071 0.0037 0.0006 0.0018 0.0011 0.0013 0.0023 0.9541 
        035s  7 0.0006 0.0003 0.0189 0.0004 0.0007 0.0034 0.0004 0.0005 0.0035 0.9714 
        036s  7 0.0013 0.0050 0.2636 0.0006 0.0091 0.0024 0.0004 0.0005 0.0780 0.6391 
        037s  7 0.0506 0.0010 0.8275 0.0261 0.0059 0.0625 0.0050 0.0004 0.0171 0.0038 
        038s  7 0.0116 0.0004 0.8486 0.0141 0.0020 0.0446 0.0022 0.0011 0.0055 0.0699 
        039s  7 0.0006 0.0003 0.3407 0.0007 0.0003 0.2886 0.0004 0.0005 0.2890 0.0789 
        040s  7 0.0006 0.0368 0.0022 0.0022 0.0009 0.0006 0.0074 0.0004 0.9475 0.0014 
        041s  7 0.0260 0.0005 0.7442 0.0085 0.0017 0.0043 0.0093 0.0013 0.1622 0.0420 
        042s  7 0.0088 0.0012 0.0151 0.0010 0.0005 0.0088 0.0077 0.0005 0.9188 0.0377 
        043s  7 0.0230 0.0003 0.0309 0.0005 0.0038 0.0169 0.0011 0.0003 0.0085 0.9148 
        044s  7 0.0380 0.0063 0.5840 0.0098 0.0236 0.0047 0.0178 0.0015 0.0032 0.3111 
         003  8 0.0102 0.0010 0.0154 0.0021 0.0005 0.0013 0.0043 0.0129 0.0034 0.9489 
         009  8 0.0006 0.0006 0.5105 0.0005 0.0015 0.0020 0.0014 0.0003 0.0105 0.4720 
         010  8 0.0004 0.0002 0.0307 0.0005 0.0022 0.0164 0.0005 0.0006 0.0104 0.9381 
         017  8 0.0046 0.0004 0.0182 0.0014 0.0039 0.0082 0.0011 0.0018 0.0028 0.9575 
         002  9 0.0017 0.0012 0.0342 0.0003 0.0014 0.0072 0.0004 0.0005 0.0130 0.9401 
         003  9 0.0017 0.0005 0.2203 0.0003 0.0006 0.0046 0.0002 0.0002 0.0030 0.7687 
         004  9 0.0027 0.0002 0.5200 0.0003 0.0014 0.0019 0.0003 0.0003 0.0196 0.4533 
         005  9 0.0007 0.0017 0.7103 0.0007 0.0052 0.0261 0.0004 0.0012 0.0074 0.2463 
         006  9 0.0021 0.0011 0.6574 0.0004 0.0021 0.0018 0.0007 0.0005 0.0019 0.3320 
         007  9 0.0014 0.0005 0.2160 0.0003 0.0011 0.0030 0.0054 0.0012 0.0089 0.7623 
         009  9 0.0006 0.0003 0.0207 0.0010 0.0015 0.0030 0.0011 0.0016 0.0169 0.9535 
         010  9 0.0138 0.0006 0.8611 0.0003 0.0015 0.0039 0.0003 0.0021 0.0037 0.1127 
         013  9 0.0017 0.0021 0.9187 0.0004 0.0017 0.0080 0.0017 0.0005 0.0229 0.0421 
         014  9 0.0052 0.0003 0.8821 0.0003 0.0030 0.0477 0.0005 0.0068 0.0074 0.0466 
         016  9 0.0007 0.0003 0.0990 0.0002 0.0004 0.0022 0.0003 0.0011 0.0032 0.8925 
         018  9 0.0008 0.0011 0.5218 0.0016 0.0014 0.1103 0.0007 0.0040 0.0030 0.3551 
         019  9 0.0013 0.0010 0.0429 0.0010 0.0007 0.0045 0.0008 0.0041 0.0031 0.9407 
         020  9 0.0007 0.0003 0.8307 0.0006 0.0005 0.0133 0.0004 0.0004 0.0022 0.1509 
         021  9 0.0059 0.0002 0.8499 0.0005 0.0007 0.0764 0.0003 0.0003 0.0030 0.0627 
         022  9 0.0099 0.0004 0.8191 0.0004 0.0007 0.1601 0.0003 0.0011 0.0045 0.0036 
         024  9 0.0028 0.0004 0.0581 0.0018 0.0037 0.0074 0.0005 0.0027 0.0051 0.9175 
         028  9 0.0010 0.0009 0.8951 0.0003 0.0015 0.0063 0.0006 0.0007 0.0033 0.0904 
         029  9 0.0129 0.0003 0.5166 0.0003 0.0006 0.0155 0.0004 0.0016 0.0088 0.4430 
         030  9 0.0009 0.0002 0.8804 0.0005 0.0011 0.0221 0.0004 0.0011 0.0034 0.0899 
         031  9 0.0154 0.0003 0.1806 0.0015 0.0006 0.0024 0.0019 0.0013 0.0135 0.7825 
         033  9 0.0107 0.0003 0.0460 0.0007 0.0010 0.0033 0.0077 0.0005 0.0088 0.9209 
         001 10 0.0024 0.0006 0.6714 0.0003 0.0004 0.0192 0.0005 0.0016 0.0062 0.2975 
         002 10 0.0012 0.0002 0.0105 0.0004 0.0008 0.0033 0.0003 0.0007 0.0067 0.9759 
         003 10 0.0005 0.0009 0.5085 0.0005 0.0165 0.0090 0.0004 0.0004 0.0022 0.4611 
         004 10 0.0072 0.0003 0.0345 0.0007 0.0018 0.0045 0.0004 0.0005 0.1434 0.8067 
         005 10 0.0011 0.0004 0.0061 0.0004 0.0009 0.0019 0.0003 0.0018 0.0031 0.9839 
         006 10 0.0005 0.0003 0.0054 0.0011 0.0004 0.0019 0.0008 0.0009 0.0025 0.9861 
         007 10 0.0113 0.0002 0.0530 0.0003 0.0027 0.0022 0.0006 0.0004 0.0045 0.9248 
         008 10 0.0126 0.0008 0.8048 0.0007 0.0037 0.0050 0.0008 0.0013 0.0020 0.1682 
         009 10 0.0011 0.0011 0.0747 0.0014 0.0006 0.0034 0.0005 0.0041 0.0049 0.9082 
         010 10 0.0061 0.0005 0.0091 0.0006 0.0010 0.0025 0.0008 0.0026 0.0161 0.9606 
         011 10 0.0006 0.0014 0.0054 0.0006 0.0329 0.0088 0.0005 0.0005 0.0021 0.9473 
         012 10 0.0012 0.0010 0.0160 0.0021 0.0032 0.0088 0.0004 0.0004 0.0040 0.9629 
         013 10 0.0016 0.0017 0.2868 0.0007 0.0007 0.0070 0.0004 0.0008 0.0055 0.6949 
         014 10 0.0005 0.0010 0.0183 0.0006 0.0018 0.0011 0.0004 0.0006 0.2383 0.7374 
         016 10 0.0056 0.0005 0.0053 0.0021 0.0010 0.0040 0.0005 0.0017 0.0037 0.9756 
         017 10 0.0021 0.0007 0.8966 0.0007 0.0008 0.0221 0.0005 0.0010 0.0033 0.0723 
         018 10 0.0017 0.0003 0.1009 0.0027 0.0008 0.0035 0.0026 0.0018 0.0020 0.8837 
         019 10 0.0006 0.0003 0.1088 0.0017 0.0009 0.0054 0.0004 0.0047 0.0035 0.8737 
         020 10 0.0077 0.0008 0.8548 0.0036 0.0023 0.0016 0.0007 0.0079 0.0179 0.1026 
         021 10 0.0023 0.0003 0.0101 0.0005 0.0003 0.0049 0.0008 0.0025 0.0222 0.9561 
         022 10 0.0004 0.0006 0.7523 0.0005 0.0008 0.0074 0.0005 0.0004 0.0542 0.1829 
         023 10 0.0062 0.0005 0.6067 0.0005 0.0009 0.0041 0.0004 0.0005 0.0024 0.3780 
         024 10 0.0145 0.0002 0.0058 0.0005 0.0015 0.0025 0.0003 0.0015 0.0018 0.9713 
         026 10 0.0003 0.0004 0.9658 0.0009 0.0006 0.0108 0.0005 0.0007 0.0014 0.0186 
        001s 11 0.0402 0.0007 0.4227 0.0003 0.0071 0.0910 0.0958 0.0010 0.2108 0.1304 
        002s 11 0.0054 0.0088 0.9159 0.0013 0.0019 0.0070 0.0009 0.0044 0.0089 0.0454 
        003s 11 0.0055 0.0006 0.8981 0.0006 0.0004 0.0759 0.0035 0.0012 0.0065 0.0079 
        004s 11 0.0119 0.0022 0.2789 0.0006 0.0018 0.1174 0.0004 0.0003 0.0158 0.5707 
        005s 11 0.0138 0.0007 0.0428 0.0005 0.0006 0.0068 0.0018 0.0063 0.0215 0.9052 
        006s 11 0.0082 0.0021 0.8791 0.0182 0.0021 0.0023 0.0008 0.0022 0.0181 0.0669 
        007s 11 0.0078 0.0338 0.0332 0.0019 0.0008 0.0021 0.0076 0.0012 0.0615 0.8502 
        008s 11 0.0018 0.0007 0.8776 0.0005 0.0006 0.0292 0.0004 0.0010 0.0073 0.0809 
        009s 11 0.0020 0.0004 0.5500 0.0004 0.0006 0.0050 0.0005 0.0163 0.0058 0.4190 
        010s 11 0.0011 0.0003 0.7462 0.0017 0.0014 0.0039 0.0011 0.0008 0.1531 0.0903 
        011s 11 0.0022 0.0148 0.0628 0.0005 0.0266 0.0329 0.0986 0.0005 0.6868 0.0744 
        012s 11 0.0849 0.0002 0.5741 0.0014 0.0005 0.2643 0.0584 0.0015 0.0073 0.0074 
        013s 11 0.0131 0.0007 0.0606 0.0006 0.0007 0.0058 0.0012 0.0003 0.1759 0.7412 
        014s 11 0.0093 0.0054 0.0087 0.0039 0.0016 0.2048 0.0031 0.0015 0.6623 0.0993 
        015s 11 0.0028 0.0015 0.9540 0.0016 0.0048 0.0117 0.0018 0.0015 0.0148 0.0054 
        016s 11 0.0199 0.0004 0.6052 0.0004 0.0560 0.0029 0.0426 0.0076 0.2162 0.0487 
        017s 11 0.1226 0.0006 0.5031 0.0003 0.0025 0.2914 0.0340 0.0005 0.0184 0.0268 
        018s 11 0.0114 0.0011 0.0491 0.0039 0.0016 0.0220 0.0052 0.0024 0.8680 0.0353 
        019s 11 0.0008 0.0008 0.1206 0.0010 0.0172 0.0059 0.0008 0.0004 0.0059 0.8467 
        020s 11 0.0372 0.0023 0.3860 0.0006 0.0020 0.0151 0.0008 0.0046 0.5454 0.0059 
        021s 11 0.0030 0.0003 0.7558 0.0010 0.0015 0.0084 0.0007 0.0006 0.0029 0.2257 
        022s 11 0.0017 0.0319 0.1670 0.0008 0.0005 0.0594 0.0016 0.0009 0.0186 0.7176 
        023s 11 0.0046 0.0004 0.1624 0.0010 0.0324 0.0114 0.0250 0.0007 0.6339 0.1282 
        025s 11 0.0009 0.0005 0.0613 0.0004 0.0009 0.0037 0.0003 0.0003 0.0100 0.9217 
        026s 11 0.0010 0.0010 0.1680 0.0005 0.0491 0.0028 0.0441 0.0008 0.0050 0.7277 
        027s 11 0.0048 0.0016 0.0337 0.0005 0.0005 0.0059 0.0009 0.0004 0.0037 0.9481 
        028s 11 0.0005 0.0016 0.0149 0.0033 0.0013 0.1032 0.0048 0.0003 0.0080 0.8621 
        029s 11 0.0464 0.0003 0.5063 0.0015 0.0004 0.0064 0.0099 0.0008 0.0022 0.4258 
        030s 11 0.0502 0.0014 0.0039 0.0007 0.0011 0.0118 0.0216 0.0010 0.0010 0.9073 
        031s 11 0.0030 0.0022 0.8863 0.0004 0.0004 0.0444 0.0005 0.0010 0.0086 0.0532 
        032s 11 0.0010 0.0004 0.7977 0.0003 0.0025 0.0243 0.0015 0.0007 0.0973 0.0742 
        033s 11 0.0040 0.0005 0.0029 0.0011 0.0010 0.0177 0.0034 0.0016 0.0516 0.9162 
        034s 11 0.0004 0.0027 0.2349 0.0006 0.0006 0.0151 0.0024 0.0006 0.7173 0.0255 
        035s 11 0.0655 0.0030 0.0990 0.0013 0.0004 0.0077 0.0021 0.0012 0.4727 0.3470 
        036s 11 0.0326 0.0008 0.8924 0.0020 0.0004 0.0410 0.0100 0.0011 0.0077 0.0121 
        037s 11 0.0070 0.0004 0.0279 0.0046 0.0023 0.0101 0.0009 0.0016 0.8668 0.0785 
        038s 11 0.0341 0.0005 0.5538 0.0046 0.0008 0.1096 0.0021 0.0010 0.2896 0.0038 
        039s 11 0.0044 0.0003 0.9442 0.0005 0.0013 0.0024 0.0017 0.0007 0.0050 0.0396 
        040s 11 0.0574 0.0016 0.0505 0.0143 0.0007 0.0034 0.0387 0.0007 0.0042 0.8285 
        041s 11 0.0067 0.0013 0.0070 0.0008 0.0035 0.0055 0.0009 0.0226 0.0082 0.9435 
        042s 11 0.0010 0.0018 0.3314 0.0009 0.0207 0.1533 0.0013 0.0009 0.4350 0.0539 
        043s 11 0.0256 0.0005 0.0179 0.0216 0.0187 0.0064 0.0046 0.0005 0.0121 0.8921 
        044s 11 0.0172 0.0113 0.7142 0.0008 0.0064 0.0681 0.0004 0.0010 0.0356 0.1451 
        045s 11 0.0065 0.0012 0.9133 0.0025 0.0088 0.0146 0.0005 0.0005 0.0071 0.0451 
        046s 11 0.0260 0.0045 0.4782 0.0004 0.0302 0.0105 0.0234 0.0008 0.4206 0.0055 
        047s 11 0.0316 0.0015 0.9378 0.0005 0.0012 0.0034 0.0008 0.0006 0.0045 0.0181 
        048s 11 0.0046 0.0024 0.8886 0.0031 0.0362 0.0034 0.0034 0.0021 0.0041 0.0521 
        049s 11 0.0023 0.0004 0.0279 0.0004 0.0013 0.0488 0.0021 0.0011 0.0097 0.9059 
        050s 11 0.0007 0.0055 0.0119 0.0003 0.0010 0.0017 0.0006 0.0003 0.0050 0.9730 
        051s 11 0.0038 0.0193 0.1528 0.0004 0.0517 0.0023 0.0005 0.0003 0.0736 0.6953 
        052s 11 0.0056 0.0030 0.4217 0.0012 0.0023 0.0128 0.0017 0.0008 0.5460 0.0048 
        053s 11 0.0188 0.0004 0.2518 0.0005 0.0011 0.0037 0.0006 0.0010 0.0071 0.7152 
        054s 11 0.0038 0.0058 0.0287 0.0015 0.0006 0.0106 0.0009 0.0005 0.0139 0.9337 
        055s 11 0.0105 0.0005 0.0637 0.0651 0.0003 0.0079 0.0079 0.0005 0.8313 0.0125 
        001s 12 0.0137 0.0010 0.4800 0.0028 0.0005 0.0024 0.0018 0.0013 0.0131 0.4832 
        002s 12 0.0008 0.0008 0.8535 0.0004 0.0012 0.0010 0.0018 0.0034 0.0022 0.1350 
        003s 12 0.0023 0.0007 0.0376 0.0004 0.0004 0.0090 0.0005 0.0006 0.0058 0.9426 
        004s 12 0.0638 0.0006 0.7671 0.0002 0.0046 0.0743 0.0626 0.0014 0.0030 0.0223 
        005s 12 0.0022 0.0007 0.2679 0.0004 0.0008 0.0060 0.0004 0.0017 0.5361 0.1839 
        006s 12 0.0408 0.0013 0.6446 0.0027 0.0017 0.1342 0.0117 0.0009 0.0118 0.1502 
        007s 12 0.0307 0.0025 0.0465 0.0006 0.0015 0.0054 0.0008 0.0035 0.0030 0.9056 
        008s 12 0.0089 0.0004 0.6336 0.0400 0.0007 0.0068 0.0011 0.0006 0.0053 0.3026 
        009s 12 0.0468 0.0012 0.6455 0.0007 0.0054 0.1240 0.0046 0.0244 0.0514 0.0959 
        010s 12 0.0475 0.0161 0.8715 0.0018 0.0005 0.0042 0.0038 0.0008 0.0427 0.0111 
        011s 12 0.0018 0.0026 0.9544 0.0011 0.0008 0.0038 0.0010 0.0008 0.0089 0.0248 
        012s 12 0.0144 0.0051 0.5932 0.0008 0.0041 0.0927 0.0012 0.0005 0.0037 0.2842 
        013s 12 0.0040 0.0007 0.0075 0.0004 0.0320 0.0175 0.0006 0.0009 0.0027 0.9337 
        014s 12 0.0234 0.0418 0.1582 0.0012 0.0490 0.0356 0.0012 0.0051 0.4350 0.2495 
        015s 12 0.0020 0.0007 0.0092 0.0010 0.0011 0.0036 0.0039 0.0016 0.0025 0.9745 
        016s 12 0.0051 0.0007 0.9463 0.0003 0.0035 0.0357 0.0005 0.0006 0.0029 0.0045 
        017s 12 0.0023 0.0011 0.0684 0.0007 0.0012 0.0063 0.0068 0.0004 0.0273 0.8855 
        018s 12 0.0364 0.0002 0.0104 0.0011 0.0017 0.0039 0.0006 0.0020 0.0053 0.9382 
        019s 12 0.0010 0.0005 0.4141 0.0006 0.0007 0.0063 0.0047 0.0025 0.0318 0.5378 
        020s 12 0.0085 0.0004 0.0513 0.0030 0.0009 0.0061 0.0629 0.0002 0.0099 0.8568 
        021s 12 0.0026 0.0005 0.3804 0.0006 0.0017 0.0879 0.0030 0.0006 0.0047 0.5179 
        022s 12 0.0239 0.0009 0.1159 0.0108 0.0053 0.0182 0.0176 0.0033 0.0268 0.7773 
        023s 12 0.0079 0.0003 0.1831 0.0008 0.0007 0.0098 0.0005 0.0012 0.0110 0.7847 
        024s 12 0.0037 0.0003 0.1257 0.0005 0.0007 0.0112 0.0005 0.0005 0.4202 0.4369 
        025s 12 0.0021 0.0010 0.9309 0.0232 0.0013 0.0026 0.0015 0.0044 0.0050 0.0281 
        026s 12 0.0006 0.0018 0.0578 0.0010 0.0014 0.0079 0.0325 0.0134 0.0633 0.8203 
        027s 12 0.0034 0.0006 0.1136 0.0082 0.0004 0.0017 0.0017 0.0005 0.0047 0.8652 
        028s 12 0.0081 0.0008 0.0072 0.0009 0.0064 0.0095 0.0015 0.0146 0.8662 0.0848 
        029s 12 0.0049 0.0010 0.1009 0.0004 0.0017 0.0020 0.0007 0.0004 0.2977 0.5903 
        030s 12 0.0034 0.0017 0.0059 0.0004 0.0006 0.0039 0.0009 0.0004 0.0080 0.9749 
        031s 12 0.0073 0.0008 0.0051 0.0014 0.0023 0.0030 0.0024 0.0007 0.0016 0.9753 
        032s 12 0.0067 0.0007 0.0021 0.0002 0.0011 0.0235 0.0007 0.0050 0.5620 0.3982 
        033s 12 0.0251 0.0014 0.9381 0.0022 0.0005 0.0029 0.0014 0.0007 0.0120 0.0157 
        034s 12 0.0201 0.0004 0.0315 0.0006 0.0004 0.0012 0.0005 0.0009 0.7642 0.1802 
        035s 12 0.0158 0.0015 0.7755 0.0012 0.0006 0.0760 0.0081 0.0006 0.0344 0.0864 
        036s 12 0.0159 0.0033 0.0366 0.0141 0.0008 0.1611 0.0017 0.0026 0.0253 0.7386 
        037s 12 0.0017 0.0003 0.0124 0.0004 0.0010 0.0022 0.0015 0.0008 0.0022 0.9778 
        001s 13 0.0143 0.0009 0.9366 0.0009 0.0029 0.0063 0.0138 0.0011 0.0087 0.0145 
        002s 13 0.0423 0.0003 0.0218 0.0098 0.0008 0.0092 0.0349 0.0003 0.6597 0.2209 
        003s 13 0.0011 0.0002 0.5022 0.0028 0.0010 0.0085 0.0008 0.0008 0.0070 0.4756 
        004s 13 0.0006 0.0005 0.8221 0.0003 0.0041 0.0399 0.0011 0.0141 0.0121 0.1051 
        005s 13 0.0046 0.0028 0.0090 0.0045 0.0018 0.0063 0.0025 0.0018 0.0031 0.9636 
        006s 13 0.0066 0.0015 0.1206 0.0015 0.0006 0.0204 0.0005 0.0008 0.0079 0.8396 
        007s 13 0.0072 0.0184 0.9225 0.0039 0.0013 0.0040 0.0007 0.0006 0.0045 0.0370 
        008s 13 0.0037 0.0017 0.0191 0.0028 0.0005 0.0044 0.0548 0.0020 0.0030 0.9081 
        009s 13 0.0468 0.0031 0.0239 0.0083 0.0007 0.0195 0.1183 0.0066 0.0018 0.7709 
        010s 13 0.0825 0.0005 0.6877 0.0023 0.0010 0.0511 0.0159 0.0012 0.0076 0.1502 
        011s 13 0.0112 0.0185 0.7851 0.0031 0.0026 0.0033 0.0032 0.0085 0.1380 0.0265 
        012s 13 0.1362 0.0012 0.2816 0.0017 0.0271 0.2987 0.0081 0.0051 0.0050 0.2356 
        013s 13 0.0590 0.0329 0.3545 0.0005 0.0063 0.0041 0.0144 0.0015 0.5050 0.0219 
        014s 13 0.0033 0.0138 0.6069 0.0107 0.0027 0.0057 0.0006 0.0014 0.0036 0.3513 
        015s 13 0.0089 0.0009 0.6372 0.0004 0.0079 0.0049 0.0087 0.0118 0.0121 0.3073 
        016s 13 0.0005 0.0003 0.0437 0.0009 0.0011 0.0149 0.0002 0.0006 0.0048 0.9329 
        017s 13 0.0154 0.0007 0.8176 0.0514 0.0007 0.0639 0.0009 0.0030 0.0136 0.0328 
        018s 13 0.0004 0.0003 0.8965 0.0011 0.0010 0.0063 0.0005 0.0007 0.0126 0.0806 
        019s 13 0.0171 0.0006 0.5182 0.0035 0.0012 0.0268 0.0007 0.0004 0.0769 0.3545 
        020s 13 0.0065 0.0035 0.1798 0.0060 0.0003 0.0019 0.0016 0.0013 0.7936 0.0054 
        021s 13 0.0135 0.0005 0.0898 0.0003 0.0017 0.0069 0.0021 0.0006 0.0195 0.8652 
        022s 13 0.0144 0.0005 0.0204 0.0021 0.0010 0.0010 0.0012 0.0004 0.0029 0.9561 
        023s 13 0.0024 0.0004 0.0598 0.0023 0.0005 0.0035 0.0011 0.0007 0.0432 0.8862 
        024s 13 0.0043 0.0042 0.0162 0.0009 0.0330 0.0182 0.0273 0.0013 0.0078 0.8869 
        025s 13 0.0037 0.0003 0.9639 0.0007 0.0020 0.0038 0.0011 0.0009 0.0017 0.0219 
        026s 13 0.0872 0.0009 0.4051 0.0106 0.0099 0.1655 0.0390 0.0007 0.0082 0.2729 
        027s 13 0.0141 0.0015 0.6316 0.0008 0.0014 0.0043 0.0454 0.0028 0.0057 0.2924 
        028s 13 0.0022 0.0026 0.0637 0.0300 0.0033 0.0495 0.0016 0.0115 0.4127 0.4229 
        029s 13 0.0307 0.0013 0.0318 0.0014 0.0021 0.0424 0.0243 0.0008 0.7107 0.1545 
        030s 13 0.0603 0.0006 0.0084 0.0007 0.0266 0.1047 0.0721 0.0006 0.5552 0.1710 
        031s 13 0.0436 0.0034 0.0097 0.0008 0.0970 0.0349 0.0061 0.0012 0.0032 0.8001 
        032s 13 0.0013 0.0105 0.0110 0.0004 0.0006 0.0042 0.0010 0.0005 0.0067 0.9638 
        033s 13 0.0337 0.0055 0.8983 0.0122 0.0006 0.0223 0.0016 0.0009 0.0114 0.0134 
        034s 13 0.0010 0.0225 0.0046 0.0006 0.0010 0.0080 0.0524 0.0025 0.8874 0.0200 
        035s 13 0.0113 0.0008 0.5947 0.0005 0.0050 0.0040 0.0008 0.0012 0.2541 0.1275 
        036s 13 0.0119 0.0004 0.0147 0.0006 0.0007 0.0044 0.0022 0.0005 0.1020 0.8626 
        037s 13 0.0231 0.0005 0.0066 0.0004 0.0021 0.0047 0.0004 0.0010 0.0118 0.9495 
        038s 13 0.0036 0.0012 0.0298 0.0060 0.0015 0.0208 0.0011 0.0015 0.4313 0.5031 
        039s 13 0.0057 0.0008 0.0009 0.0009 0.0684 0.0025 0.0912 0.0008 0.0222 0.8066 
        040s 13 0.0084 0.0014 0.5644 0.0004 0.0017 0.0284 0.0013 0.0005 0.0079 0.3857 
        041s 13 0.0642 0.0024 0.1753 0.0020 0.0021 0.0085 0.0300 0.0006 0.0039 0.7110 
        042s 13 0.0243 0.0022 0.0219 0.0004 0.0022 0.0035 0.0005 0.0012 0.9245 0.0194 
        001s 14 0.0196 0.0005 0.4813 0.0007 0.0013 0.0046 0.0110 0.0014 0.4787 0.0010 
        002s 14 0.0169 0.0018 0.0284 0.0036 0.0016 0.0080 0.0613 0.0032 0.0040 0.8711 
        003s 14 0.0029 0.0006 0.0105 0.0008 0.0009 0.0048 0.0005 0.0006 0.9716 0.0068 
        004s 14 0.0053 0.0133 0.9570 0.0006 0.0027 0.0013 0.0093 0.0008 0.0028 0.0071 
        005s 14 0.0353 0.0002 0.0105 0.0002 0.0007 0.0350 0.0004 0.0007 0.1595 0.7577 
        006s 14 0.0191 0.0007 0.8632 0.0004 0.0003 0.0053 0.0006 0.0004 0.0276 0.0825 
        007s 14 0.0004 0.0007 0.0355 0.0014 0.0016 0.0020 0.0005 0.0005 0.0127 0.9447 
        008s 14 0.0720 0.0098 0.0079 0.0002 0.0026 0.0100 0.0954 0.0211 0.7516 0.0292 
        009s 14 0.0027 0.0005 0.8525 0.0035 0.0012 0.0084 0.0017 0.0062 0.0401 0.0832 
        010s 14 0.0728 0.0004 0.0644 0.0007 0.0012 0.0056 0.0572 0.0225 0.3323 0.4429 
        011s 14 0.0087 0.0057 0.2458 0.0411 0.0013 0.0103 0.0008 0.0008 0.3723 0.3131 
        012s 14 0.0153 0.0025 0.0873 0.0029 0.0023 0.0137 0.0005 0.0031 0.7943 0.0782 
        013s 14 0.0038 0.0054 0.1538 0.0005 0.0042 0.3705 0.0012 0.0009 0.0718 0.3879 
        014s 14 0.0485 0.0006 0.8485 0.0005 0.0008 0.0092 0.0376 0.0092 0.0056 0.0394 
        015s 14 0.0200 0.0005 0.1571 0.0007 0.0032 0.0027 0.0010 0.0087 0.0209 0.7851 
        016s 14 0.0009 0.0002 0.0441 0.0007 0.0083 0.0206 0.0019 0.0006 0.0020 0.9207 
        017s 14 0.0068 0.0077 0.0076 0.0021 0.0007 0.0368 0.0538 0.0011 0.0076 0.8759 
        018s 14 0.0126 0.0005 0.6466 0.0011 0.0013 0.0034 0.0006 0.0008 0.0094 0.3236 
        019s 14 0.0059 0.0017 0.5252 0.0018 0.0008 0.0019 0.0012 0.0005 0.0084 0.4527 
        020s 14 0.0065 0.0002 0.3644 0.0009 0.0012 0.0012 0.0006 0.0051 0.6174 0.0025 
        021s 14 0.0008 0.0003 0.0840 0.0011 0.0006 0.0096 0.0078 0.0074 0.0049 0.8835 
        022s 14 0.0583 0.0021 0.0305 0.0004 0.0014 0.0030 0.0026 0.0014 0.0177 0.8826 
        023s 14 0.0428 0.0018 0.0151 0.0004 0.0039 0.0354 0.0176 0.0017 0.0051 0.8762 
        024s 14 0.0585 0.0015 0.5177 0.0114 0.0015 0.0067 0.0444 0.0030 0.2481 0.1073 
        025s 14 0.0026 0.0004 0.8345 0.0002 0.0003 0.0019 0.0688 0.0004 0.0879 0.0030 
