        001s  1 0.0004 0.0011 0.0002 0.9977 0.0006 
        002s  1 0.0006 0.0004 0.0017 0.9965 0.0008 
        003s  1 0.0017 0.0126 0.0007 0.9813 0.0037 
        004s  1 0.0033 0.0002 0.0301 0.9603 0.0060 
        005s  1 0.0008 0.0002 0.2093 0.5618 0.2279 
        006s  1 0.0004 0.0003 0.0009 0.9980 0.0003 
        007s  1 0.0035 0.0008 0.0004 0.9931 0.0023 
        008s  1 0.0007 0.0009 0.0007 0.9938 0.0039 
        009s  1 0.0051 0.0026 0.0040 0.9292 0.0590 
        010s  1 0.0003 0.0006 0.0007 0.9934 0.0050 
        011s  1 0.0021 0.0040 0.0016 0.9914 0.0009 
        012s  1 0.0007 0.0057 0.0064 0.8648 0.1225 
        013s  1 0.0062 0.0008 0.0233 0.9675 0.0022 
        014s  1 0.0055 0.0199 0.0018 0.9481 0.0247 
        015s  1 0.0005 0.0007 0.0003 0.9980 0.0004 
        016s  1 0.0070 0.0008 0.0004 0.9900 0.0018 
        018s  1 0.0012 0.0009 0.0021 0.8477 0.1481 
        019s  1 0.0007 0.0042 0.0005 0.9801 0.0144 
        020s  1 0.0073 0.0101 0.0002 0.9820 0.0004 
        021s  1 0.0059 0.0006 0.0101 0.9832 0.0002 
        022s  1 0.0006 0.0004 0.0002 0.9985 0.0002 
        023s  1 0.0101 0.0008 0.0004 0.9884 0.0003 
        024s  1 0.0006 0.0003 0.0009 0.9973 0.0009 
        025s  1 0.0010 0.0004 0.0016 0.9914 0.0056 
        026s  1 0.0113 0.0039 0.0008 0.9832 0.0007 
        027s  1 0.0027 0.0005 0.0090 0.9865 0.0013 
        028s  1 0.0006 0.0031 0.0514 0.8972 0.0476 
        029s  1 0.0006 0.0050 0.0004 0.9931 0.0010 
        030s  1 0.0006 0.0076 0.0039 0.9871 0.0008 
        031s  1 0.0013 0.0004 0.0002 0.9979 0.0003 
        032s  1 0.0006 0.0008 0.0005 0.9977 0.0004 
        033s  1 0.0009 0.0010 0.0009 0.9920 0.0051 
        034s  1 0.0452 0.0034 0.0009 0.9491 0.0013 
        035s  1 0.0009 0.0017 0.0013 0.9949 0.0012 
        036s  1 0.0010 0.0002 0.0007 0.9035 0.0946 
        037s  1 0.0468 0.0011 0.0098 0.8327 0.1095 
        038s  1 0.0008 0.0006 0.0006 0.9966 0.0014 
        039s  1 0.0003 0.0009 0.0208 0.9775 0.0004 
        040s  1 0.0032 0.0007 0.0030 0.9922 0.0009 
        041s  1 0.0024 0.0009 0.0003 0.9938 0.0026 
        042s  1 0.0830 0.0010 0.0005 0.8382 0.0774 
        043s  1 0.0005 0.0011 0.0012 0.9789 0.0183 
        044s  1 0.0067 0.0023 0.0127 0.8871 0.0911 
        045s  1 0.0007 0.0009 0.0010 0.9926 0.0048 
        046s  1 0.0006 0.0018 0.0004 0.9960 0.0012 
        047s  1 0.0046 0.0012 0.0002 0.9931 0.0009 
        048s  1 0.0007 0.0006 0.0003 0.9362 0.0622 
        049s  1 0.0004 0.0005 0.0010 0.9976 0.0005 
        050s  1 0.0004 0.0005 0.0021 0.8989 0.0981 
        051s  1 0.0011 0.0267 0.0004 0.9715 0.0004 
        052s  1 0.0015 0.0164 0.0069 0.9669 0.0083 
        053s  1 0.0006 0.0004 0.0004 0.9973 0.0014 
        054s  1 0.0006 0.0025 0.0026 0.9941 0.0002 
        055s  1 0.0769 0.0025 0.0005 0.8299 0.0902 
          01  2 0.0010 0.0289 0.0007 0.8472 0.1221 
          02  2 0.0006 0.0014 0.0020 0.9823 0.0137 
          03  2 0.0016 0.0003 0.0007 0.9966 0.0008 
          04  2 0.0102 0.0008 0.0159 0.9709 0.0021 
          05  2 0.0005 0.0003 0.0002 0.8693 0.1296 
          06  2 0.0007 0.0006 0.0022 0.9656 0.0309 
          07  2 0.0006 0.0009 0.0027 0.9891 0.0067 
          08  2 0.0005 0.0008 0.0003 0.9140 0.0844 
          09  2 0.0002 0.0074 0.0003 0.9918 0.0004 
          10  2 0.0005 0.0006 0.0006 0.9967 0.0016 
          11  2 0.0029 0.0106 0.0009 0.9776 0.0079 
          12  2 0.0005 0.0015 0.0006 0.9967 0.0006 
          13  2 0.0004 0.0005 0.0004 0.9983 0.0004 
          14  2 0.0266 0.0024 0.0051 0.9657 0.0002 
          15  2 0.0009 0.0012 0.0006 0.9969 0.0005 
          16  2 0.0058 0.0054 0.0565 0.9316 0.0008 
          17  2 0.0011 0.0008 0.0009 0.9952 0.0020 
          18  2 0.0007 0.0012 0.0033 0.9779 0.0170 
          19  2 0.0047 0.0022 0.0004 0.9917 0.0010 
          20  2 0.0071 0.0014 0.0046 0.9292 0.0576 
          21  2 0.0005 0.0182 0.0003 0.9800 0.0009 
          22  2 0.0062 0.0047 0.0041 0.9832 0.0019 
          23  2 0.0020 0.0008 0.0014 0.9948 0.0010 
          24  2 0.0005 0.0012 0.0007 0.9972 0.0004 
          25  2 0.0009 0.0011 0.0255 0.9701 0.0025 
          26  2 0.0002 0.0006 0.0003 0.9982 0.0008 
          27  2 0.0034 0.0012 0.0268 0.9679 0.0007 
          28  2 0.0034 0.0009 0.0002 0.9941 0.0014 
          29  2 0.0004 0.0009 0.0005 0.9976 0.0007 
          30  2 0.0840 0.0065 0.0003 0.7506 0.1586 
          01  3 0.0106 0.0003 0.2205 0.3393 0.4294 
          02  3 0.0025 0.0730 0.4648 0.1293 0.3304 
          03  3 0.0005 0.0003 0.3148 0.3659 0.3185 
          04  3 0.0018 0.0005 0.3540 0.1787 0.4650 
          05  3 0.1217 0.1142 0.4027 0.0005 0.3609 
          06  3 0.0007 0.0002 0.5006 0.0767 0.4217 
          07  3 0.0002 0.0008 0.2506 0.3712 0.3772 
          08  3 0.0040 0.0042 0.3240 0.2933 0.3744 
          09  3 0.0038 0.0001 0.2690 0.2968 0.4302 
          10  3 0.1282 0.2169 0.4180 0.0404 0.1965 
          11  3 0.0003 0.0003 0.3053 0.2790 0.4151 
          12  3 0.0005 0.0003 0.3145 0.2643 0.4205 
          13  3 0.0002 0.0145 0.5253 0.0025 0.4575 
          14  3 0.1575 0.0446 0.4607 0.0033 0.3339 
          15  3 0.0011 0.0002 0.2763 0.3417 0.3808 
          16  3 0.0032 0.0029 0.6052 0.0812 0.3074 
          17  3 0.0007 0.0006 0.1782 0.3990 0.4214 
          18  3 0.2819 0.1671 0.3393 0.0057 0.2060 
          19  3 0.0015 0.0003 0.4657 0.1649 0.3677 
          20  3 0.0519 0.0002 0.3115 0.1806 0.4559 
          21  3 0.0055 0.0007 0.3786 0.2451 0.3702 
          22  3 0.0009 0.0004 0.2300 0.2777 0.4910 
          23  3 0.0009 0.0004 0.3590 0.2289 0.4109 
          24  3 0.0018 0.1675 0.2862 0.0525 0.4921 
          25  3 0.1299 0.2502 0.3077 0.0004 0.3119 
          26  3 0.0005 0.0005 0.3421 0.2180 0.4389 
          27  3 0.1726 0.1305 0.3704 0.0709 0.2556 
          28  3 0.0002 0.0019 0.4662 0.0852 0.4465 
          29  3 0.0055 0.0023 0.4232 0.1760 0.3930 
          30  3 0.0002 0.0012 0.2492 0.2989 0.4506 
         001  4 0.0001 0.0001 0.0001 0.0001 0.9997 
         002  4 0.0001 0.0002 0.0002 0.0002 0.9994 
         003  4 0.0001 0.0001 0.0001 0.0001 0.9997 
         004  4 0.0001 0.0001 0.0001 0.0001 0.9997 
         005  4 0.0001 0.0003 0.0001 0.0001 0.9994 
         006  4 0.0003 0.0002 0.0699 0.0004 0.9292 
         007  4 0.0008 0.0002 0.0523 0.0016 0.9451 
         008  4 0.0035 0.0022 0.0003 0.0007 0.9932 
         009  4 0.0001 0.0001 0.0001 0.0001 0.9996 
         010  4 0.0001 0.0001 0.0022 0.0001 0.9976 
         011  4 0.0316 0.0004 0.0182 0.0005 0.9494 
         012  4 0.0001 0.0001 0.0000 0.0001 0.9997 
         013  4 0.0001 0.0000 0.0001 0.0001 0.9998 
         014  4 0.0001 0.0001 0.0001 0.0001 0.9996 
         015  4 0.0000 0.0000 0.0001 0.0000 0.9998 
         016  4 0.0001 0.0001 0.0001 0.0001 0.9997 
         017  4 0.0001 0.0001 0.0001 0.0001 0.9996 
         019  4 0.0004 0.0003 0.0823 0.0002 0.9168 
         020  4 0.0001 0.0002 0.0001 0.0002 0.9994 
         021  4 0.0003 0.0004 0.0063 0.0003 0.9927 
         001  5 0.0322 0.0010 0.0003 0.0005 0.9660 
         002  5 0.0013 0.0024 0.0003 0.0372 0.9588 
         003  5 0.0053 0.0002 0.0722 0.1641 0.7582 
         004  5 0.0023 0.0001 0.0004 0.0584 0.9388 
         005  5 0.0005 0.0002 0.0009 0.0002 0.9982 
         006  5 0.0001 0.0004 0.0985 0.0003 0.9006 
         007  5 0.0003 0.0002 0.0850 0.0003 0.9141 
         008  5 0.0001 0.0003 0.0022 0.0001 0.9973 
         009  5 0.0013 0.0002 0.0015 0.0639 0.9330 
         010  5 0.0029 0.0004 0.0662 0.0010 0.9295 
         011  5 0.0026 0.0002 0.0005 0.0010 0.9957 
         012  5 0.0015 0.0005 0.0768 0.0507 0.8705 
         013  5 0.0008 0.0003 0.0475 0.1969 0.7545 
         014  5 0.0215 0.0096 0.0932 0.1689 0.7069 
         015  5 0.0001 0.0002 0.0211 0.0002 0.9784 
         016  5 0.0003 0.0007 0.0561 0.0027 0.9402 
         017  5 0.0002 0.0034 0.0797 0.0307 0.8860 
         018  5 0.0324 0.0269 0.0377 0.0195 0.8835 
         019  5 0.0014 0.0042 0.0001 0.0003 0.9939 
         020  5 0.0001 0.0001 0.0001 0.0001 0.9996 
         021  5 0.0040 0.0004 0.0004 0.1314 0.8639 
         022  5 0.0447 0.0024 0.0031 0.0202 0.9296 
         023  5 0.0020 0.0005 0.0256 0.0016 0.9703 
         024  5 0.0005 0.0004 0.0633 0.0411 0.8947 
         025  5 0.0009 0.0020 0.0724 0.0244 0.9002 
         026  5 0.0003 0.0007 0.0088 0.1455 0.8448 
         027  5 0.0001 0.0001 0.0002 0.0002 0.9994 
         028  5 0.0121 0.0011 0.0496 0.0053 0.9320 
         029  5 0.0002 0.0002 0.0015 0.0005 0.9976 
         030  5 0.0014 0.0039 0.0004 0.0008 0.9934 
        001s  6 0.0192 0.0008 0.0284 0.9505 0.0011 
        002s  6 0.0010 0.0186 0.0005 0.9379 0.0421 
        003s  6 0.0019 0.0005 0.0004 0.9798 0.0173 
        004s  6 0.0007 0.0005 0.0004 0.9981 0.0004 
        006s  6 0.0140 0.0013 0.0154 0.9092 0.0602 
        007s  6 0.0005 0.0006 0.0019 0.9965 0.0005 
        008s  6 0.0046 0.0030 0.0005 0.9889 0.0030 
        009s  6 0.0007 0.0008 0.0004 0.9978 0.0003 
        010s  6 0.0119 0.0115 0.0077 0.9586 0.0103 
        011s  6 0.0010 0.0003 0.0019 0.9963 0.0005 
        012s  6 0.0019 0.0020 0.0040 0.9917 0.0004 
        013s  6 0.0004 0.0005 0.0006 0.9976 0.0009 
        014s  6 0.0003 0.0003 0.0002 0.9139 0.0854 
        015s  6 0.0060 0.0008 0.0066 0.9773 0.0092 
        016s  6 0.0009 0.0004 0.0007 0.9975 0.0004 
        018s  6 0.0019 0.0004 0.0015 0.7289 0.2673 
        019s  6 0.0027 0.0008 0.0016 0.9868 0.0081 
        020s  6 0.0004 0.0010 0.0006 0.9978 0.0002 
        021s  6 0.0045 0.0013 0.0149 0.9784 0.0010 
        022s  6 0.0035 0.0004 0.0003 0.9949 0.0010 
        023s  6 0.0005 0.0003 0.0004 0.9704 0.0284 
        024s  6 0.0008 0.0012 0.0021 0.9676 0.0284 
        025s  6 0.0695 0.0004 0.0006 0.9285 0.0010 
        026s  6 0.0005 0.0020 0.0006 0.9965 0.0004 
        027s  6 0.0004 0.0011 0.0003 0.9974 0.0008 
        028s  6 0.0076 0.0499 0.0125 0.9171 0.0128 
        029s  6 0.0010 0.0012 0.0003 0.9971 0.0003 
        030s  6 0.0064 0.0013 0.0005 0.9191 0.0726 
        031s  6 0.0003 0.0004 0.0026 0.9952 0.0016 
        032s  6 0.0007 0.0003 0.0021 0.9904 0.0064 
        033s  6 0.0005 0.0003 0.0001 0.9079 0.0912 
        034s  6 0.0133 0.0004 0.0014 0.9838 0.0011 
        035s  6 0.0009 0.0013 0.0005 0.8490 0.1482 
        036s  6 0.0008 0.0003 0.0059 0.9924 0.0007 
        037s  6 0.0016 0.0021 0.0008 0.9947 0.0008 
        038s  6 0.0006 0.0011 0.0020 0.9961 0.0003 
        039s  6 0.0008 0.0008 0.0003 0.9977 0.0003 
        040s  6 0.0004 0.0004 0.0025 0.9964 0.0003 
        041s  6 0.0034 0.0040 0.0002 0.9426 0.0499 
        042s  6 0.0593 0.0038 0.0006 0.9278 0.0086 
        043s  6 0.0068 0.0003 0.0007 0.9916 0.0006 
        044s  6 0.0007 0.0024 0.0003 0.9959 0.0006 
        045s  6 0.0019 0.0006 0.0004 0.9939 0.0032 
        001s  7 0.0009 0.0004 0.0004 0.9970 0.0013 
        002s  7 0.0015 0.0012 0.0009 0.9753 0.0211 
        003s  7 0.0010 0.0009 0.0016 0.9946 0.0019 
        004s  7 0.0006 0.0010 0.0032 0.9945 0.0006 
        005s  7 0.0022 0.0006 0.0019 0.9861 0.0092 
        006s  7 0.0055 0.0004 0.0013 0.9335 0.0592 
        007s  7 0.0018 0.0160 0.0061 0.9715 0.0046 
        008s  7 0.0015 0.0017 0.0003 0.9728 0.0237 
        009s  7 0.0105 0.0006 0.0016 0.9850 0.0023 
        010s  7 0.0017 0.0007 0.0002 0.9959 0.0014 
        011s  7 0.0008 0.0011 0.0005 0.9973 0.0004 
        012s  7 0.0006 0.0004 0.0004 0.9984 0.0003 
        013s  7 0.0042 0.0006 0.0075 0.9873 0.0004 
        014s  7 0.0002 0.0005 0.0005 0.9607 0.0380 
        015s  7 0.0009 0.0014 0.0011 0.9822 0.0145 
        016s  7 0.0033 0.0003 0.0001 0.8799 0.1164 
        017s  7 0.0006 0.0004 0.0008 0.9970 0.0012 
        018s  7 0.0006 0.0041 0.0006 0.9925 0.0022 
        019s  7 0.0107 0.0037 0.0013 0.9832 0.0011 
        020s  7 0.0003 0.0003 0.0015 0.9975 0.0005 
        021s  7 0.0014 0.0010 0.0005 0.9956 0.0015 
        022s  7 0.0007 0.0002 0.0021 0.9954 0.0016 
        023s  7 0.0169 0.0009 0.0016 0.9739 0.0067 
        024s  7 0.0006 0.0014 0.0005 0.9965 0.0010 
        025s  7 0.0008 0.0010 0.0042 0.9933 0.0007 
        026s  7 0.0010 0.0012 0.0002 0.9958 0.0019 
        027s  7 0.0004 0.0011 0.0006 0.9966 0.0013 
        028s  7 0.0005 0.0002 0.0007 0.9940 0.0045 
        029s  7 0.0021 0.0007 0.0006 0.9887 0.0079 
        030s  7 0.0038 0.0052 0.0006 0.9902 0.0002 
        031s  7 0.0121 0.0004 0.0011 0.9848 0.0016 
        032s  7 0.0003 0.0049 0.0004 0.8942 0.1003 
        033s  7 0.0025 0.0026 0.0008 0.9570 0.0372 
        034s  7 0.0007 0.0016 0.0449 0.9519 0.0009 
        035s  7 0.0011 0.0005 0.0003 0.9977 0.0003 
        036s  7 0.0094 0.0005 0.0035 0.9862 0.0004 
        037s  7 0.0078 0.0008 0.0056 0.9231 0.0628 
        038s  7 0.0013 0.0010 0.0003 0.9874 0.0100 
        039s  7 0.0002 0.0003 0.0003 0.9989 0.0003 
        040s  7 0.0005 0.0003 0.0280 0.9516 0.0196 
        041s  7 0.0012 0.0020 0.0004 0.9644 0.0319 
        042s  7 0.0003 0.0002 0.0006 0.9935 0.0054 
        043s  7 0.0028 0.0005 0.0002 0.9956 0.0009 
        044s  7 0.0302 0.0017 0.0185 0.9028 0.0468 
         003  8 0.0008 0.0136 0.0011 0.9802 0.0043 
         009  8 0.0012 0.0004 0.0006 0.9968 0.0009 
         010  8 0.0022 0.0004 0.0002 0.9968 0.0003 
         017  8 0.0030 0.0012 0.0005 0.9946 0.0006 
         002  9 0.0011 0.0005 0.0006 0.9975 0.0003 
         003  9 0.0004 0.0003 0.0003 0.9989 0.0002 
         004  9 0.0010 0.0004 0.0002 0.9981 0.0004 
         005  9 0.0040 0.0013 0.0010 0.9934 0.0003 
         006  9 0.0017 0.0007 0.0007 0.9962 0.0008 
         007  9 0.0012 0.0011 0.0003 0.9949 0.0024 
         009  9 0.0018 0.0014 0.0002 0.9952 0.0014 
         010  9 0.0014 0.0015 0.0003 0.9966 0.0002 
         013  9 0.0013 0.0003 0.0007 0.9967 0.0010 
         014  9 0.0013 0.0042 0.0002 0.9937 0.0005 
         016  9 0.0007 0.0010 0.0001 0.9980 0.0002 
         018  9 0.0011 0.0049 0.0009 0.9924 0.0007 
         019  9 0.0005 0.0059 0.0008 0.9920 0.0007 
         020  9 0.0004 0.0005 0.0003 0.9984 0.0004 
         021  9 0.0005 0.0003 0.0002 0.9986 0.0004 
         022  9 0.0004 0.0013 0.0004 0.9976 0.0003 
         024  9 0.0039 0.0023 0.0005 0.9928 0.0005 
         028  9 0.0010 0.0005 0.0006 0.9974 0.0005 
         029  9 0.0007 0.0011 0.0003 0.9976 0.0003 
         030  9 0.0009 0.0007 0.0003 0.9978 0.0003 
         031  9 0.0004 0.0010 0.0003 0.9965 0.0018 
         033  9 0.0009 0.0005 0.0003 0.9943 0.0040 
         001 10 0.0003 0.0010 0.0003 0.9980 0.0004 
         002 10 0.0006 0.0018 0.0002 0.9970 0.0004 
         003 10 0.0132 0.0005 0.0006 0.9854 0.0002 
         004 10 0.0018 0.0004 0.0003 0.9971 0.0004 
         005 10 0.0009 0.0014 0.0003 0.9971 0.0004 
         006 10 0.0008 0.0005 0.0005 0.9970 0.0013 
         007 10 0.0024 0.0003 0.0004 0.9964 0.0006 
         008 10 0.0034 0.0008 0.0007 0.9945 0.0005 
         009 10 0.0005 0.0053 0.0012 0.9925 0.0005 
         010 10 0.0007 0.0026 0.0005 0.9958 0.0005 
         011 10 0.0348 0.0003 0.0009 0.9636 0.0004 
         012 10 0.0030 0.0004 0.0011 0.9949 0.0005 
         013 10 0.0007 0.0005 0.0018 0.9968 0.0002 
         014 10 0.0009 0.0006 0.0008 0.9973 0.0004 
         016 10 0.0007 0.0013 0.0010 0.9965 0.0005 
         017 10 0.0006 0.0010 0.0007 0.9973 0.0004 
         018 10 0.0010 0.0025 0.0003 0.9910 0.0052 
         019 10 0.0008 0.0056 0.0005 0.9927 0.0005 
         020 10 0.0015 0.0052 0.0007 0.9918 0.0008 
         021 10 0.0003 0.0027 0.0003 0.9961 0.0006 
         022 10 0.0007 0.0002 0.0004 0.9984 0.0003 
         023 10 0.0007 0.0004 0.0006 0.9981 0.0003 
         024 10 0.0023 0.0012 0.0002 0.9960 0.0003 
         026 10 0.0006 0.0005 0.0004 0.9981 0.0004 
        001s 11 0.0095 0.0015 0.0008 0.8992 0.0890 
        002s 11 0.0011 0.0031 0.0055 0.9897 0.0006 
        003s 11 0.0005 0.0011 0.0003 0.9931 0.0049 
        004s 11 0.0013 0.0002 0.0015 0.9967 0.0003 
        005s 11 0.0005 0.0053 0.0004 0.9923 0.0015 
        006s 11 0.0020 0.0016 0.0086 0.9866 0.0012 
        007s 11 0.0008 0.0022 0.0340 0.9555 0.0076 
        008s 11 0.0005 0.0005 0.0004 0.9982 0.0004 
        009s 11 0.0004 0.0140 0.0003 0.9849 0.0003 
        010s 11 0.0009 0.0006 0.0002 0.9971 0.0012 
        011s 11 0.0064 0.0003 0.0056 0.8801 0.1076 
        012s 11 0.0003 0.0006 0.0002 0.8882 0.1107 
        013s 11 0.0009 0.0002 0.0006 0.9974 0.0009 
        014s 11 0.0008 0.0009 0.0063 0.9881 0.0040 
        015s 11 0.0047 0.0016 0.0013 0.9902 0.0022 
        016s 11 0.0595 0.0059 0.0004 0.8942 0.0400 
        017s 11 0.0017 0.0007 0.0005 0.9076 0.0896 
        018s 11 0.0008 0.0015 0.0009 0.9914 0.0055 
        019s 11 0.0226 0.0002 0.0009 0.9758 0.0005 
        020s 11 0.0015 0.0018 0.0007 0.9946 0.0014 
        021s 11 0.0012 0.0004 0.0004 0.9975 0.0004 
        022s 11 0.0006 0.0010 0.0316 0.9654 0.0015 
        023s 11 0.0136 0.0003 0.0002 0.9368 0.0491 
        025s 11 0.0011 0.0002 0.0003 0.9982 0.0003 
        026s 11 0.0531 0.0006 0.0005 0.9174 0.0284 
        027s 11 0.0004 0.0003 0.0021 0.9963 0.0008 
        028s 11 0.0010 0.0002 0.0007 0.9916 0.0065 
        029s 11 0.0003 0.0011 0.0004 0.9437 0.0546 
        030s 11 0.0013 0.0011 0.0013 0.9516 0.0446 
        031s 11 0.0003 0.0008 0.0009 0.9977 0.0003 
        032s 11 0.0029 0.0007 0.0003 0.9955 0.0007 
        033s 11 0.0008 0.0013 0.0005 0.9938 0.0037 
        034s 11 0.0003 0.0003 0.0018 0.9966 0.0010 
        035s 11 0.0004 0.0012 0.0012 0.9949 0.0023 
        036s 11 0.0004 0.0014 0.0019 0.9837 0.0126 
        037s 11 0.0012 0.0010 0.0003 0.9950 0.0024 
        038s 11 0.0005 0.0006 0.0005 0.9966 0.0017 
        039s 11 0.0009 0.0004 0.0002 0.9973 0.0012 
        040s 11 0.0007 0.0005 0.0010 0.9258 0.0720 
        041s 11 0.0035 0.0208 0.0012 0.9737 0.0008 
        042s 11 0.0075 0.0006 0.0006 0.9906 0.0007 
        043s 11 0.0233 0.0004 0.0005 0.9415 0.0342 
        044s 11 0.0044 0.0008 0.0045 0.9899 0.0004 
        045s 11 0.0082 0.0004 0.0021 0.9891 0.0003 
        046s 11 0.0331 0.0006 0.0012 0.9440 0.0211 
        047s 11 0.0012 0.0006 0.0015 0.9959 0.0007 
        048s 11 0.0410 0.0011 0.0019 0.9522 0.0037 
        049s 11 0.0011 0.0009 0.0005 0.9966 0.0010 
        050s 11 0.0010 0.0003 0.0010 0.9974 0.0003 
        051s 11 0.0537 0.0003 0.0187 0.9270 0.0002 
        052s 11 0.0017 0.0011 0.0029 0.9927 0.0016 
        053s 11 0.0008 0.0014 0.0004 0.9971 0.0003 
        054s 11 0.0006 0.0004 0.0054 0.9929 0.0008 
        055s 11 0.0004 0.0005 0.0008 0.9310 0.0673 
        001s 12 0.0009 0.0009 0.0041 0.9929 0.0013 
        002s 12 0.0010 0.0024 0.0004 0.9952 0.0009 
        003s 12 0.0003 0.0006 0.0005 0.9982 0.0004 
        004s 12 0.0052 0.0024 0.0005 0.9399 0.0520 
        005s 12 0.0008 0.0009 0.0004 0.9975 0.0004 
        006s 12 0.0011 0.0006 0.0024 0.9656 0.0303 
        007s 12 0.0014 0.0037 0.0010 0.9930 0.0009 
        008s 12 0.0005 0.0005 0.0010 0.9889 0.0090 
        009s 12 0.0028 0.0181 0.0011 0.9592 0.0188 
        010s 12 0.0006 0.0010 0.0348 0.9573 0.0064 
        011s 12 0.0007 0.0009 0.0020 0.9954 0.0011 
        012s 12 0.0042 0.0004 0.0046 0.9900 0.0008 
        013s 12 0.0393 0.0007 0.0003 0.9588 0.0008 
        014s 12 0.0435 0.0025 0.0356 0.9154 0.0030 
        015s 12 0.0012 0.0018 0.0006 0.9930 0.0034 
        016s 12 0.0048 0.0004 0.0005 0.9939 0.0005 
        017s 12 0.0008 0.0003 0.0008 0.9952 0.0029 
        018s 12 0.0014 0.0023 0.0002 0.9943 0.0017 
        019s 12 0.0003 0.0025 0.0003 0.9925 0.0044 
        020s 12 0.0009 0.0002 0.0003 0.9173 0.0813 
        021s 12 0.0016 0.0004 0.0005 0.9949 0.0026 
        022s 12 0.0063 0.0029 0.0006 0.9488 0.0413 
        023s 12 0.0007 0.0007 0.0002 0.9979 0.0004 
        024s 12 0.0005 0.0003 0.0003 0.9982 0.0008 
        025s 12 0.0012 0.0049 0.0028 0.9888 0.0023 
        026s 12 0.0008 0.0137 0.0007 0.9629 0.0219 
        027s 12 0.0005 0.0003 0.0008 0.9959 0.0025 
        028s 12 0.0025 0.0099 0.0003 0.9861 0.0013 
        029s 12 0.0008 0.0003 0.0005 0.9978 0.0005 
        030s 12 0.0005 0.0003 0.0011 0.9973 0.0008 
        031s 12 0.0020 0.0010 0.0008 0.9926 0.0036 
        032s 12 0.0007 0.0065 0.0004 0.9920 0.0004 
        033s 12 0.0005 0.0005 0.0065 0.9918 0.0008 
        034s 12 0.0004 0.0005 0.0002 0.9985 0.0004 
        035s 12 0.0004 0.0005 0.0008 0.9849 0.0134 
        036s 12 0.0008 0.0021 0.0078 0.9864 0.0029 
        037s 12 0.0007 0.0007 0.0002 0.9975 0.0008 
        001s 13 0.0026 0.0009 0.0007 0.9878 0.0080 
        002s 13 0.0004 0.0004 0.0006 0.9103 0.0883 
        003s 13 0.0012 0.0008 0.0003 0.9970 0.0008 
        004s 13 0.0027 0.0103 0.0003 0.9862 0.0005 
        005s 13 0.0018 0.0027 0.0045 0.9874 0.0036 
        006s 13 0.0005 0.0010 0.0012 0.9966 0.0008 
        007s 13 0.0012 0.0003 0.0312 0.9667 0.0007 
        008s 13 0.0004 0.0018 0.0012 0.9366 0.0600 
        009s 13 0.0008 0.0090 0.0013 0.8600 0.1289 
        010s 13 0.0013 0.0015 0.0010 0.9265 0.0697 
        011s 13 0.0025 0.0062 0.0245 0.9612 0.0056 
        012s 13 0.0179 0.0016 0.0012 0.9302 0.0491 
        013s 13 0.0064 0.0008 0.0117 0.9627 0.0184 
        014s 13 0.0018 0.0008 0.0369 0.9598 0.0007 
        015s 13 0.0069 0.0112 0.0003 0.9775 0.0042 
        016s 13 0.0011 0.0006 0.0004 0.9977 0.0003 
        017s 13 0.0004 0.0033 0.0127 0.9707 0.0129 
        018s 13 0.0009 0.0006 0.0003 0.9978 0.0005 
        019s 13 0.0009 0.0003 0.0013 0.9969 0.0005 
        020s 13 0.0003 0.0014 0.0028 0.9939 0.0015 
        021s 13 0.0014 0.0004 0.0003 0.9972 0.0007 
        022s 13 0.0008 0.0005 0.0006 0.9969 0.0013 
        023s 13 0.0003 0.0005 0.0003 0.9979 0.0010 
        024s 13 0.0331 0.0007 0.0028 0.9459 0.0175 
        025s 13 0.0020 0.0008 0.0006 0.9957 0.0009 
        026s 13 0.0073 0.0003 0.0040 0.8973 0.0910 
        027s 13 0.0014 0.0041 0.0013 0.9466 0.0466 
        028s 13 0.0027 0.0080 0.0099 0.9717 0.0076 
        029s 13 0.0011 0.0005 0.0010 0.9809 0.0166 
        030s 13 0.0239 0.0004 0.0003 0.9046 0.0708 
        031s 13 0.1025 0.0010 0.0009 0.8919 0.0037 
        032s 13 0.0003 0.0004 0.0024 0.9964 0.0006 
        033s 13 0.0008 0.0004 0.0348 0.9613 0.0027 
        034s 13 0.0007 0.0019 0.0022 0.9449 0.0503 
        035s 13 0.0034 0.0013 0.0006 0.9941 0.0005 
        036s 13 0.0004 0.0004 0.0005 0.9964 0.0023 
        037s 13 0.0015 0.0006 0.0004 0.9971 0.0004 
        038s 13 0.0009 0.0010 0.0014 0.9957 0.0009 
        039s 13 0.0766 0.0011 0.0006 0.8217 0.1000 
        040s 13 0.0011 0.0003 0.0008 0.9968 0.0010 
        041s 13 0.0021 0.0005 0.0042 0.9385 0.0547 
        042s 13 0.0008 0.0007 0.0009 0.9971 0.0005 
        001s 14 0.0007 0.0017 0.0006 0.9669 0.0300 
        002s 14 0.0007 0.0025 0.0029 0.9301 0.0638 
        003s 14 0.0010 0.0005 0.0004 0.9974 0.0007 
        004s 14 0.0039 0.0006 0.0055 0.9828 0.0073 
        005s 14 0.0006 0.0005 0.0002 0.9985 0.0002 
        006s 14 0.0004 0.0005 0.0004 0.9983 0.0004 
        007s 14 0.0014 0.0004 0.0007 0.9968 0.0007 
        008s 14 0.0009 0.0167 0.0014 0.8821 0.0990 
        009s 14 0.0008 0.0050 0.0007 0.9920 0.0015 
        010s 14 0.0015 0.0145 0.0004 0.9291 0.0545 
        011s 14 0.0006 0.0007 0.0314 0.9615 0.0059 
        012s 14 0.0015 0.0019 0.0015 0.9944 0.0007 
        013s 14 0.0044 0.0005 0.0022 0.9921 0.0007 
        014s 14 0.0007 0.0079 0.0005 0.9565 0.0345 
        015s 14 0.0021 0.0072 0.0005 0.9896 0.0006 
        016s 14 0.0110 0.0006 0.0003 0.9872 0.0009 
        017s 14 0.0006 0.0007 0.0097 0.9350 0.0541 
        018s 14 0.0008 0.0009 0.0005 0.9969 0.0008 
        019s 14 0.0007 0.0003 0.0015 0.9963 0.0012 
        020s 14 0.0012 0.0053 0.0002 0.9923 0.0010 
        021s 14 0.0004 0.0091 0.0002 0.9837 0.0066 
        022s 14 0.0013 0.0020 0.0022 0.9904 0.0040 
        023s 14 0.0026 0.0019 0.0009 0.9910 0.0037 
        024s 14 0.0012 0.0016 0.0013 0.9367 0.0592 
        025s 14 0.0003 0.0003 0.0002 0.9388 0.0604 
        026s 14 0.0009 0.0015 0.0002 0.9968 0.0006 
        027s 14 0.0033 0.0006 0.0006 0.9933 0.0022 
        028s 14 0.0007 0.0022 0.0018 0.9947 0.0006 
        029s 14 0.0010 0.0005 0.0002 0.9979 0.0003 
        030s 14 0.0004 0.0006 0.0104 0.9877 0.0009 
        031s 14 0.0012 0.0006 0.0143 0.9834 0.0005 
        032s 14 0.0018 0.0003 0.0008 0.9964 0.0006 
        033s 14 0.0008 0.0005 0.0514 0.9467 0.0006 
        034s 14 0.0007 0.0004 0.0003 0.9983 0.0003 
        035s 14 0.0008 0.0003 0.0822 0.8424 0.0742 
        036s 14 0.0033 0.0018 0.0336 0.8858 0.0755 
        037s 14 0.0023 0.0007 0.0003 0.9956 0.0010 
        038s 14 0.0004 0.0005 0.0004 0.9980 0.0007 
        039s 14 0.0051 0.0030 0.0014 0.9884 0.0020 
        040s 14 0.0008 0.0004 0.0006 0.9872 0.0111 
        041s 14 0.0006 0.0005 0.0010 0.9972 0.0007 
        042s 14 0.0008 0.0007 0.0004 0.9234 0.0746 
        001s 15 0.0012 0.0009 0.0003 0.9966 0.0009 
        002s 15 0.0134 0.0066 0.0030 0.8841 0.0930 
        003s 15 0.0064 0.0011 0.0005 0.9825 0.0094 
        004s 15 0.0002 0.0098 0.0004 0.9892 0.0004 
        005s 15 0.0056 0.0007 0.0021 0.9795 0.0121 
        006s 15 0.0009 0.0005 0.0010 0.9844 0.0132 
        007s 15 0.0004 0.0010 0.0004 0.9979 0.0003 
        008s 15 0.0005 0.0007 0.0004 0.9980 0.0004 
        009s 15 0.0376 0.0006 0.0045 0.9286 0.0287 
        010s 15 0.0013 0.0003 0.0004 0.9974 0.0007 
        011s 15 0.0015 0.0004 0.0624 0.9348 0.0009 
        012s 15 0.0015 0.0012 0.0014 0.9935 0.0024 
        013s 15 0.0008 0.0030 0.0003 0.9950 0.0008 
        014s 15 0.0052 0.0038 0.0008 0.9890 0.0012 
        015s 15 0.0068 0.0006 0.0023 0.9139 0.0763 
        016s 15 0.0003 0.0320 0.0653 0.8982 0.0043 
        017s 15 0.0017 0.0129 0.0006 0.9833 0.0016 
        018s 15 0.0005 0.0018 0.0001 0.9947 0.0029 
        019s 15 0.0047 0.0007 0.0004 0.9876 0.0067 
        020s 15 0.0005 0.0005 0.0005 0.9979 0.0006 
        021s 15 0.0043 0.0017 0.0008 0.9154 0.0777 
        022s 15 0.0004 0.0005 0.0016 0.9967 0.0008 
        023s 15 0.0008 0.0005 0.0019 0.9726 0.0241 
        024s 15 0.0009 0.0003 0.0013 0.9964 0.0011 
        025s 15 0.0283 0.0010 0.0011 0.9646 0.0050 
        026s 15 0.0214 0.0024 0.0008 0.9746 0.0008 
        027s 15 0.0006 0.0121 0.0065 0.9783 0.0025 
        028s 15 0.0010 0.0023 0.0014 0.9950 0.0003 
        029s 15 0.0013 0.0012 0.0009 0.9961 0.0006 
        030s 15 0.0005 0.0014 0.0003 0.9973 0.0004 
        031s 15 0.0038 0.0007 0.0011 0.9292 0.0653 
        032s 15 0.0014 0.0008 0.0002 0.9972 0.0004 
        033s 15 0.0003 0.0006 0.0007 0.9386 0.0598 
        035s 15 0.0007 0.0019 0.0019 0.9934 0.0021 
        036s 15 0.0032 0.0002 0.0013 0.9943 0.0010 
        037s 15 0.0011 0.0004 0.0085 0.9893 0.0007 
        038s 15 0.0003 0.0009 0.0009 0.9946 0.0034 
        039s 15 0.0003 0.0005 0.0004 0.9202 0.0787 
        040s 15 0.0006 0.0017 0.0020 0.9921 0.0035 
        041s 15 0.0020 0.0004 0.0048 0.9216 0.0711 
        042s 15 0.0006 0.0034 0.0004 0.9913 0.0044 
        043s 15 0.0017 0.0002 0.0012 0.9875 0.0093 
        044s 15 0.0005 0.0010 0.0005 0.9934 0.0045 
        045s 15 0.0780 0.0011 0.0394 0.8808 0.0007 
        046s 15 0.0013 0.0004 0.0051 0.9748 0.0184 
        047s 15 0.0004 0.0004 0.0021 0.9693 0.0278 
        048s 15 0.0156 0.0006 0.0008 0.9825 0.0005 
        049s 15 0.0006 0.0004 0.0012 0.9874 0.0104 
        050s 15 0.0016 0.0145 0.0006 0.8507 0.1327 
         001 16 0.0006 0.0047 0.0140 0.8126 0.1682 
         002 16 0.0005 0.0004 0.0005 0.9536 0.0450 
         003 16 0.0021 0.0033 0.0045 0.9871 0.0030 
         004 16 0.0013 0.0005 0.0007 0.9967 0.0008 
         005 16 0.0272 0.0020 0.0048 0.9188 0.0473 
         006 16 0.0152 0.0006 0.0012 0.9698 0.0132 
         007 16 0.0012 0.0009 0.0007 0.9941 0.0030 
         008 16 0.0003 0.0010 0.0042 0.8503 0.1442 
         009 16 0.0004 0.0009 0.0002 0.9957 0.0028 
         010 16 0.0012 0.0006 0.0004 0.9717 0.0262 
         011 16 0.0020 0.0005 0.0013 0.9900 0.0062 
         012 16 0.0009 0.0010 0.0020 0.9955 0.0006 
         013 16 0.0006 0.0006 0.0007 0.9978 0.0004 
         014 16 0.0004 0.0011 0.0012 0.9648 0.0326 
         015 16 0.3691 0.0012 0.0019 0.6275 0.0004 
         016 16 0.0144 0.0044 0.0002 0.9792 0.0018 
         017 16 0.0009 0.0006 0.0068 0.9857 0.0058 
         018 16 0.0268 0.0067 0.0022 0.9282 0.0362 
         019 16 0.0004 0.0008 0.0050 0.9323 0.0615 
         020 16 0.0005 0.0009 0.0006 0.9978 0.0003 
         021 16 0.0008 0.0021 0.0341 0.8689 0.0940 
         022 16 0.0018 0.0011 0.0002 0.9664 0.0305 
         023 16 0.0086 0.0005 0.0005 0.9570 0.0334 
         024 16 0.0269 0.0014 0.0004 0.9645 0.0068 
         025 16 0.0027 0.0009 0.0131 0.9410 0.0424 
         026 16 0.0035 0.0004 0.0011 0.8880 0.1070 
         027 16 0.0011 0.0098 0.0004 0.9755 0.0133 
         028 16 0.0002 0.0170 0.0250 0.8121 0.1456 
         029 16 0.0010 0.0012 0.0376 0.9584 0.0018 
         030 16 0.0003 0.0004 0.0058 0.9929 0.0006 
         031 16 0.0005 0.0128 0.0006 0.9850 0.0011 
         032 16 0.0047 0.0010 0.0010 0.9050 0.0883 
         033 16 0.0003 0.0003 0.0007 0.9983 0.0004 
         034 16 0.0011 0.0003 0.0023 0.9935 0.0029 
         035 16 0.0002 0.0005 0.0006 0.9986 0.0002 
         036 16 0.0020 0.0015 0.0004 0.9956 0.0005 
         037 16 0.0037 0.0008 0.0126 0.9620 0.0209 
         038 16 0.0059 0.0012 0.0007 0.9901 0.0021 
         039 16 0.0006 0.0009 0.0004 0.9961 0.0020 
         040 16 0.0015 0.0003 0.0012 0.9961 0.0008 
         041 16 0.0012 0.0002 0.0008 0.9972 0.0006 
         042 16 0.0005 0.0016 0.0006 0.9962 0.0010 
         043 16 0.0010 0.0011 0.0004 0.9968 0.0007 
         044 16 0.0010 0.0017 0.0008 0.9904 0.0061 
         045 16 0.0002 0.0025 0.0070 0.9884 0.0020 
         047 16 0.0009 0.0062 0.0383 0.9531 0.0015 
         048 16 0.0007 0.0007 0.0033 0.9939 0.0014 
         049 16 0.0028 0.0005 0.0022 0.9941 0.0005 
         050 16 0.0004 0.0004 0.0007 0.9982 0.0003 
         051 16 0.0005 0.0016 0.0019 0.9952 0.0009 
         052 16 0.0008 0.0004 0.0004 0.9982 0.0002 
         053 16 0.0005 0.0009 0.0007 0.9976 0.0003 
         054 16 0.0004 0.0006 0.0007 0.9320 0.0662 
         055 16 0.0003 0.0004 0.0541 0.9410 0.0041 
         056 16 0.0077 0.0006 0.0003 0.9897 0.0017 
         057 16 0.0002 0.0002 0.0005 0.9082 0.0909 
         058 16 0.0136 0.0002 0.0046 0.8883 0.0932 
         059 16 0.0865 0.0041 0.0081 0.8144 0.0869 
         060 16 0.0101 0.0013 0.0008 0.9854 0.0024 
         061 16 0.0017 0.0005 0.0006 0.9957 0.0015 
         062 16 0.0003 0.0013 0.0073 0.9902 0.0008 
         063 16 0.0006 0.0005 0.0005 0.9954 0.0030 
         064 16 0.0017 0.0004 0.0005 0.9971 0.0003 
         065 16 0.0027 0.0014 0.0022 0.9928 0.0009 
         066 16 0.0006 0.0009 0.0004 0.9977 0.0004 
         067 16 0.0774 0.0008 0.0031 0.9184 0.0004 
         068 16 0.0292 0.0006 0.0010 0.9653 0.0040 
         069 16 0.0004 0.0050 0.0005 0.9935 0.0006 
         070 16 0.0006 0.0021 0.0006 0.9913 0.0054 
         071 16 0.0004 0.0003 0.0098 0.9137 0.0759 
         072 16 0.0010 0.0008 0.0007 0.9929 0.0046 
         073 16 0.0003 0.0007 0.0024 0.9954 0.0012 
         074 16 0.0003 0.0004 0.0006 0.9985 0.0002 
         075 16 0.0007 0.0006 0.0042 0.9739 0.0206 
         076 16 0.0004 0.0007 0.0006 0.9973 0.0010 
         077 16 0.0589 0.0347 0.0026 0.8901 0.0137 
         078 16 0.0019 0.0007 0.0003 0.9682 0.0289 
         079 16 0.0010 0.0025 0.0036 0.9039 0.0889 
         080 16 0.0013 0.0004 0.0002 0.9945 0.0036 
         081 16 0.0005 0.0007 0.0345 0.9592 0.0051 
         082 16 0.0003 0.0005 0.0111 0.9748 0.0133 
         083 16 0.0013 0.0007 0.0013 0.9963 0.0005 
         084 16 0.0009 0.0023 0.0015 0.9939 0.0014 
         085 16 0.0089 0.0014 0.0005 0.9880 0.0012 
         086 16 0.0004 0.0004 0.0048 0.8867 0.1076 
         087 16 0.0003 0.0015 0.0021 0.9800 0.0161 
         088 16 0.0027 0.0007 0.0002 0.9955 0.0009 
         089 16 0.0008 0.0009 0.0084 0.9892 0.0006 
         090 16 0.0004 0.0018 0.0005 0.9926 0.0047 
         091 16 0.0006 0.0008 0.0013 0.9965 0.0008 
         092 16 0.0010 0.0005 0.0006 0.9604 0.0375 
         093 16 0.0004 0.0020 0.0005 0.9959 0.0012 
         094 16 0.0407 0.0059 0.0007 0.9492 0.0035 
         095 16 0.0004 0.0013 0.0002 0.9976 0.0006 
         096 16 0.0044 0.0005 0.0266 0.9676 0.0009 
         097 16 0.0058 0.0024 0.0862 0.8968 0.0089 
         098 16 0.0037 0.0085 0.0005 0.9862 0.0010 
         099 16 0.0055 0.0008 0.0003 0.9931 0.0003 
         100 16 0.0015 0.0006 0.0003 0.9969 0.0007 
         101 16 0.0059 0.0005 0.0004 0.9559 0.0374 
         102 16 0.0012 0.0004 0.0013 0.9960 0.0011 
         103 16 0.0023 0.0039 0.0017 0.9910 0.0011 
         104 16 0.0030 0.0004 0.0005 0.9935 0.0026 
         105 16 0.0019 0.0047 0.0253 0.8887 0.0794 
         106 16 0.0025 0.0004 0.0003 0.9949 0.0019 
         107 16 0.0042 0.0477 0.0003 0.9351 0.0128 
         108 16 0.1652 0.0685 0.0011 0.6441 0.1212 
         109 16 0.0005 0.0004 0.0036 0.9820 0.0135 
         110 16 0.0012 0.0003 0.0005 0.9977 0.0003 
         111 16 0.0010 0.0008 0.0005 0.9365 0.0612 
         112 16 0.0014 0.0009 0.0004 0.9511 0.0462 
         113 16 0.0006 0.0005 0.0044 0.9436 0.0508 
         114 16 0.0012 0.0040 0.0004 0.9824 0.0120 
         115 16 0.0007 0.0003 0.0009 0.9978 0.0002 
         116 16 0.0008 0.0004 0.0007 0.9850 0.0131 
         117 16 0.0009 0.0048 0.0040 0.9838 0.0066 
         118 16 0.0117 0.0008 0.0003 0.9818 0.0053 
         119 16 0.0011 0.0019 0.0008 0.9942 0.0021 
         120 16 0.0004 0.0009 0.0179 0.9802 0.0005 
         121 16 0.0323 0.0004 0.0071 0.9595 0.0007 
         122 16 0.0004 0.0003 0.0006 0.9984 0.0003 
         123 16 0.0004 0.0027 0.0008 0.9921 0.0039 
         124 16 0.0016 0.0004 0.0007 0.9887 0.0087 
         126 16 0.0014 0.0035 0.0007 0.8323 0.1621 
         001 17 0.0006 0.0104 0.0023 0.9861 0.0005 
         002 17 0.0004 0.0004 0.0003 0.9959 0.0029 
         003 17 0.0005 0.0007 0.0004 0.9980 0.0005 
         005 17 0.0003 0.0196 0.0007 0.9791 0.0002 
         006 17 0.0004 0.0010 0.0501 0.9471 0.0013 
         007 17 0.0167 0.0028 0.0115 0.8487 0.1204 
         008 17 0.0004 0.0005 0.0087 0.8810 0.1095 
         009 17 0.0004 0.0007 0.0003 0.9983 0.0002 
         010 17 0.0007 0.0008 0.0009 0.9968 0.0007 
         011 17 0.3781 0.0016 0.0017 0.4830 0.1355 
         012 17 0.0012 0.0007 0.0003 0.9939 0.0039 
         013 17 0.0003 0.0008 0.0003 0.9982 0.0004 
         014 17 0.0003 0.0011 0.0004 0.9978 0.0005 
         015 17 0.0003 0.0006 0.0036 0.9947 0.0008 
         016 17 0.0005 0.0005 0.0006 0.9976 0.0008 
         017 17 0.0009 0.0009 0.0021 0.9950 0.0012 
         018 17 0.0005 0.0233 0.0010 0.9444 0.0308 
         019 17 0.0011 0.0006 0.0001 0.9975 0.0007 
         020 17 0.0008 0.0003 0.0007 0.9974 0.0009 
         021 17 0.0011 0.0005 0.0010 0.9972 0.0003 
         022 17 0.0012 0.0077 0.0070 0.9498 0.0343 
         023 17 0.0004 0.0017 0.0004 0.9880 0.0095 
         024 17 0.0062 0.0018 0.0414 0.9345 0.0161 
         025 17 0.0002 0.0003 0.0004 0.9986 0.0004 
         002 18 0.0023 0.0046 0.0006 0.9923 0.0002 
         003 18 0.0013 0.0005 0.0002 0.9978 0.0003 
         004 18 0.0008 0.0035 0.0004 0.9368 0.0586 
         005 18 0.0375 0.0006 0.0004 0.9571 0.0045 
         006 18 0.0008 0.0004 0.0002 0.9982 0.0004 
         007 18 0.0003 0.0025 0.0035 0.9924 0.0012 
         008 18 0.0022 0.0003 0.0009 0.9964 0.0002 
         009 18 0.0020 0.0009 0.0040 0.9848 0.0083 
         010 18 0.0079 0.0026 0.0019 0.9873 0.0004 
         011 18 0.0019 0.0017 0.0005 0.9952 0.0006 
         012 18 0.0024 0.0005 0.0006 0.9788 0.0177 
         015 18 0.0015 0.0003 0.0007 0.9960 0.0015 
         016 18 0.0003 0.0004 0.0029 0.9945 0.0020 
         018 18 0.0055 0.0066 0.0005 0.9871 0.0003 
         026 18 0.0007 0.0021 0.0130 0.9838 0.0004 
         027 18 0.0011 0.0021 0.0004 0.9961 0.0002 
         028 18 0.0003 0.0300 0.0005 0.9677 0.0015 
         029 18 0.0004 0.0006 0.0005 0.9972 0.0013 
         031 18 0.0771 0.0332 0.0029 0.8182 0.0686 
         032 18 0.0003 0.0013 0.0005 0.9976 0.0003 
         033 18 0.0007 0.0014 0.0003 0.9965 0.0010 
         035 18 0.0005 0.0005 0.0004 0.9970 0.0017 
         036 18 0.0084 0.0008 0.0005 0.9898 0.0005 
         037 18 0.0108 0.0140 0.0151 0.9590 0.0011 
         038 18 0.0022 0.0505 0.0135 0.9319 0.0019 
         039 18 0.0009 0.0004 0.0004 0.9978 0.0005 
         044 18 0.0008 0.0007 0.0065 0.8735 0.1185 
         046 18 0.0342 0.0055 0.0003 0.9574 0.0027 
         049 18 0.0003 0.0012 0.0004 0.9976 0.0005 
         053 18 0.0006 0.0011 0.0006 0.9950 0.0026 
         054 18 0.0008 0.0009 0.0099 0.9871 0.0013 
         056 18 0.0017 0.0016 0.0003 0.9299 0.0665 
         057 18 0.0029 0.0007 0.0039 0.9922 0.0003 
         058 18 0.0033 0.0042 0.0005 0.9908 0.0012 
        001s 19 0.0009 0.0006 0.0010 0.9279 0.0697 
        002s 19 0.0009 0.0009 0.0004 0.9915 0.0063 
        003s 19 0.0005 0.0004 0.0004 0.9723 0.0264 
        004s 19 0.0252 0.0054 0.0012 0.9670 0.0013 
        005s 19 0.0756 0.0039 0.0228 0.8919 0.0059 
        006s 19 0.0018 0.0014 0.0014 0.9942 0.0012 
        007s 19 0.0164 0.0004 0.0153 0.9657 0.0022 
        008s 19 0.0131 0.0010 0.0026 0.9437 0.0396 
        009s 19 0.0020 0.0006 0.0006 0.9957 0.0011 
        010s 19 0.0005 0.0147 0.0044 0.9780 0.0024 
        011s 19 0.0009 0.0040 0.0038 0.9908 0.0005 
        012s 19 0.0004 0.0014 0.0019 0.9945 0.0018 
        013s 19 0.0005 0.0007 0.0063 0.9895 0.0030 
        014s 19 0.0179 0.0006 0.0088 0.9118 0.0608 
        015s 19 0.0004 0.0005 0.0024 0.9962 0.0004 
        016s 19 0.0446 0.0146 0.0015 0.9381 0.0012 
        017s 19 0.0046 0.0017 0.0007 0.9318 0.0613 
        018s 19 0.0027 0.0013 0.0007 0.9938 0.0014 
        019s 19 0.0014 0.0007 0.0038 0.9084 0.0857 
        020s 19 0.0016 0.0006 0.0034 0.9231 0.0713 
        021s 19 0.0004 0.0014 0.0012 0.9926 0.0044 
        022s 19 0.0005 0.0012 0.0009 0.9797 0.0177 
        023s 19 0.0025 0.0025 0.0039 0.9906 0.0006 
        024s 19 0.0024 0.0026 0.0003 0.9943 0.0004 
        025s 19 0.0038 0.0006 0.0002 0.8656 0.1298 
        026s 19 0.0044 0.0030 0.0032 0.9850 0.0044 
        027s 19 0.0008 0.0005 0.0005 0.9953 0.0029 
        028s 19 0.0003 0.0006 0.0011 0.9927 0.0052 
        029s 19 0.0005 0.0014 0.0012 0.9967 0.0002 
        030s 19 0.0007 0.0040 0.0015 0.9920 0.0019 
        031s 19 0.0008 0.0003 0.0013 0.9956 0.0019 
        032s 19 0.0003 0.0004 0.0011 0.9977 0.0005 
        033s 19 0.0058 0.0012 0.0010 0.9918 0.0002 
        034s 19 0.0014 0.0003 0.0008 0.9969 0.0006 
        035s 19 0.0038 0.0027 0.0019 0.9754 0.0161 
        036s 19 0.0019 0.0003 0.0011 0.9963 0.0004 
        037s 19 0.0003 0.0010 0.0004 0.9978 0.0005 
        038s 19 0.0016 0.0016 0.0014 0.9942 0.0012 
        039s 19 0.0004 0.0006 0.0005 0.9980 0.0006 
        040s 19 0.0004 0.0004 0.0242 0.9744 0.0006 
        041s 19 0.0006 0.0003 0.0007 0.9980 0.0003 
        042s 19 0.0134 0.0086 0.0008 0.9727 0.0045 
        043s 19 0.0005 0.0024 0.0017 0.9588 0.0367 
        044s 19 0.0013 0.0009 0.0005 0.9969 0.0004 
        045s 19 0.0012 0.0012 0.0002 0.9969 0.0005 
        046s 19 0.0044 0.0011 0.0012 0.9916 0.0017 
        047s 19 0.0004 0.0005 0.0089 0.9898 0.0005 
        048s 19 0.0007 0.0009 0.0044 0.9042 0.0899 
        049s 19 0.0078 0.0005 0.0066 0.9782 0.0069 
        050s 19 0.0005 0.0004 0.0002 0.9972 0.0017 
        051s 19 0.0093 0.0011 0.0425 0.9400 0.0071 
        052s 19 0.0008 0.0013 0.0007 0.9962 0.0011 
      LIW2-4 20 0.0022 0.0019 0.0018 0.9934 0.0007 
     LIW2-12 21 0.0785 0.0136 0.0004 0.9066 0.0010 
     LIW2-20 22 0.0008 0.0047 0.0005 0.9924 0.0017 
     LIW2-28 23 0.0622 0.0019 0.0010 0.8839 0.0510 
      LIW1-5 24 0.0029 0.0015 0.0005 0.9943 0.0008 
     LIW1-13 25 0.0153 0.0006 0.0076 0.9194 0.0572 
     LIW1-21 26 0.0304 0.0088 0.0003 0.9502 0.0103 
     LIW1-29 27 0.0165 0.0027 0.0039 0.9636 0.0133 
      LIW2-5 28 0.0021 0.0074 0.0007 0.9894 0.0005 
     LIW2-34 29 0.0034 0.0068 0.0009 0.9886 0.0003 
