        001s  1 0.0003 0.0004 0.0005 0.2159 0.0015 0.1715 0.0079 0.5998 0.0015 0.0006 
        002s  1 0.0021 0.0042 0.0008 0.6863 0.0006 0.0864 0.1743 0.0391 0.0049 0.0013 
        003s  1 0.0011 0.0009 0.0047 0.8267 0.0208 0.1104 0.0093 0.0176 0.0048 0.0036 
        004s  1 0.0011 0.0299 0.0073 0.3804 0.0005 0.0081 0.5602 0.0041 0.0015 0.0070 
        005s  1 0.1058 0.1108 0.1188 0.4422 0.0006 0.0080 0.0038 0.0039 0.2047 0.0017 
        006s  1 0.0006 0.0017 0.0003 0.0024 0.0005 0.0203 0.3108 0.6609 0.0019 0.0006 
        007s  1 0.0008 0.0005 0.0014 0.0073 0.0006 0.9668 0.0109 0.0070 0.0019 0.0027 
        008s  1 0.0005 0.0010 0.0017 0.4754 0.0006 0.2048 0.0192 0.2572 0.0386 0.0009 
        009s  1 0.0200 0.0013 0.0288 0.2866 0.0034 0.0200 0.0293 0.5973 0.0065 0.0069 
        010s  1 0.0012 0.0010 0.0131 0.0088 0.0010 0.0126 0.8181 0.1380 0.0058 0.0004 
        011s  1 0.0008 0.0019 0.0019 0.0064 0.0052 0.2196 0.6527 0.1033 0.0060 0.0023 
        012s  1 0.0040 0.0055 0.1044 0.0340 0.0076 0.0649 0.0027 0.7749 0.0012 0.0009 
        013s  1 0.0197 0.0074 0.0014 0.0466 0.0009 0.0193 0.5619 0.3271 0.0032 0.0124 
        014s  1 0.0006 0.0013 0.0123 0.0029 0.0137 0.0027 0.0103 0.9440 0.0093 0.0029 
        015s  1 0.0004 0.0005 0.0012 0.0095 0.0012 0.0302 0.8622 0.0898 0.0045 0.0004 
        016s  1 0.0003 0.0009 0.0041 0.0876 0.0007 0.7714 0.0036 0.1213 0.0026 0.0074 
        018s  1 0.0057 0.0008 0.1011 0.0018 0.0007 0.8094 0.0036 0.0040 0.0720 0.0008 
        019s  1 0.0008 0.0004 0.0133 0.1410 0.0074 0.1325 0.6584 0.0319 0.0131 0.0011 
        020s  1 0.0004 0.0004 0.0010 0.0091 0.0075 0.5685 0.2847 0.1083 0.0113 0.0091 
        021s  1 0.0010 0.0081 0.0003 0.0078 0.0009 0.0067 0.7861 0.1770 0.0027 0.0094 
        022s  1 0.0002 0.0005 0.0003 0.8675 0.0005 0.0079 0.1106 0.0065 0.0046 0.0014 
        023s  1 0.0004 0.0004 0.0004 0.1494 0.0016 0.0207 0.2087 0.6019 0.0105 0.0061 
        024s  1 0.0004 0.0022 0.0018 0.0098 0.0005 0.1956 0.7123 0.0668 0.0097 0.0008 
        025s  1 0.0011 0.0017 0.0073 0.0062 0.0004 0.0196 0.6340 0.1730 0.1553 0.0014 
        026s  1 0.0015 0.0005 0.0009 0.0044 0.0046 0.6140 0.1191 0.2386 0.0052 0.0111 
        027s  1 0.0005 0.0151 0.0030 0.0064 0.0007 0.0048 0.8019 0.0277 0.1367 0.0033 
        028s  1 0.0014 0.0434 0.0234 0.0035 0.0018 0.0411 0.7455 0.0013 0.1379 0.0007 
        029s  1 0.0003 0.0011 0.0013 0.0127 0.0064 0.2369 0.5969 0.1376 0.0063 0.0007 
        030s  1 0.0005 0.0052 0.0009 0.0032 0.0091 0.0051 0.8516 0.0136 0.1101 0.0007 
        031s  1 0.0003 0.0004 0.0004 0.0516 0.0004 0.0101 0.3543 0.5752 0.0063 0.0012 
        032s  1 0.0003 0.0008 0.0010 0.0052 0.0016 0.1261 0.7581 0.0799 0.0257 0.0013 
        033s  1 0.0069 0.0005 0.0017 0.0186 0.0011 0.2048 0.0209 0.7285 0.0157 0.0012 
        034s  1 0.0004 0.0024 0.0019 0.4434 0.0045 0.0048 0.0162 0.4686 0.0046 0.0532 
        035s  1 0.0008 0.0029 0.0032 0.0033 0.0019 0.0241 0.9035 0.0580 0.0016 0.0007 
        036s  1 0.0012 0.0012 0.0964 0.4251 0.0004 0.1412 0.3293 0.0021 0.0022 0.0009 
        037s  1 0.0069 0.0035 0.0998 0.0176 0.0017 0.0477 0.0021 0.7866 0.0167 0.0173 
        038s  1 0.0013 0.0009 0.0013 0.0120 0.0011 0.0685 0.8494 0.0464 0.0179 0.0011 
        039s  1 0.0233 0.0013 0.0003 0.0112 0.0008 0.0025 0.0242 0.9304 0.0056 0.0005 
        040s  1 0.0011 0.0063 0.0011 0.1144 0.0006 0.3697 0.4043 0.0808 0.0182 0.0036 
        041s  1 0.0014 0.0004 0.0038 0.0107 0.0012 0.1697 0.4818 0.3150 0.0122 0.0037 
        042s  1 0.0003 0.0007 0.0787 0.1553 0.0011 0.0028 0.5501 0.1282 0.0017 0.0811 
        043s  1 0.0146 0.0004 0.0014 0.7954 0.0020 0.0117 0.0454 0.0181 0.1105 0.0005 
        044s  1 0.0229 0.0110 0.0630 0.1341 0.0026 0.5453 0.1658 0.0367 0.0098 0.0088 
        045s  1 0.0005 0.0025 0.0116 0.0035 0.0008 0.4949 0.4081 0.0715 0.0056 0.0011 
        046s  1 0.0004 0.0004 0.0021 0.0302 0.0030 0.0275 0.4460 0.4859 0.0039 0.0006 
        047s  1 0.0006 0.0003 0.0016 0.0032 0.0015 0.0072 0.8353 0.1371 0.0069 0.0060 
        048s  1 0.0158 0.0002 0.0313 0.4460 0.0004 0.0015 0.4981 0.0047 0.0013 0.0007 
        049s  1 0.0003 0.0020 0.0007 0.8040 0.0009 0.0070 0.0650 0.1162 0.0034 0.0006 
        050s  1 0.0018 0.0036 0.0905 0.0597 0.0005 0.0577 0.1375 0.6438 0.0045 0.0005 
        051s  1 0.0004 0.0009 0.0005 0.0094 0.0252 0.4712 0.3144 0.1733 0.0042 0.0007 
        052s  1 0.0036 0.0027 0.0074 0.0151 0.0143 0.0157 0.1516 0.7308 0.0571 0.0016 
        053s  1 0.0030 0.0003 0.0011 0.0023 0.0005 0.4958 0.0340 0.4602 0.0024 0.0005 
        054s  1 0.0013 0.0038 0.0002 0.0031 0.0024 0.0134 0.8872 0.0852 0.0018 0.0015 
        055s  1 0.0177 0.0003 0.0477 0.0012 0.0027 0.0197 0.0078 0.8166 0.0192 0.0670 
          01  2 0.0023 0.0010 0.1052 0.0384 0.0303 0.5731 0.1024 0.1238 0.0219 0.0015 
          02  2 0.0309 0.0010 0.0043 0.0041 0.0014 0.8057 0.1447 0.0033 0.0038 0.0007 
          03  2 0.0013 0.0008 0.0016 0.0054 0.0006 0.5013 0.4678 0.0172 0.0030 0.0011 
          04  2 0.0019 0.0152 0.0014 0.0283 0.0012 0.0082 0.7041 0.0519 0.1700 0.0179 
          05  2 0.0015 0.0003 0.0897 0.7016 0.0004 0.0010 0.0051 0.1168 0.0831 0.0005 
          06  2 0.0088 0.0014 0.0129 0.0050 0.0008 0.9402 0.0040 0.0153 0.0110 0.0007 
          07  2 0.0042 0.0021 0.0026 0.1495 0.0014 0.0054 0.2401 0.5891 0.0050 0.0006 
          08  2 0.0010 0.0004 0.0769 0.6489 0.0014 0.0415 0.0245 0.1730 0.0313 0.0011 
          09  2 0.0004 0.0005 0.0010 0.0778 0.0102 0.1996 0.6754 0.0325 0.0021 0.0005 
          10  2 0.0010 0.0009 0.0009 0.0146 0.0007 0.9131 0.0318 0.0313 0.0053 0.0004 
          11  2 0.0006 0.0009 0.0248 0.0292 0.0092 0.1982 0.5865 0.1465 0.0020 0.0021 
          12  2 0.0015 0.0010 0.0007 0.0117 0.0015 0.0096 0.9263 0.0352 0.0119 0.0007 
          13  2 0.0015 0.0003 0.0006 0.1487 0.0010 0.0091 0.8317 0.0054 0.0010 0.0008 
          14  2 0.0008 0.0069 0.0004 0.2721 0.0048 0.0076 0.0206 0.6606 0.0022 0.0240 
          15  2 0.0009 0.0006 0.0004 0.2596 0.0012 0.0037 0.7289 0.0013 0.0021 0.0014 
          16  2 0.0007 0.0525 0.0008 0.0085 0.0043 0.8539 0.0597 0.0078 0.0037 0.0081 
          17  2 0.0029 0.0004 0.0022 0.0374 0.0012 0.6122 0.0748 0.1714 0.0957 0.0016 
          18  2 0.0082 0.0031 0.0035 0.0015 0.0013 0.2349 0.0198 0.7245 0.0027 0.0006 
          19  2 0.0008 0.0004 0.0018 0.0081 0.0013 0.3677 0.4313 0.1771 0.0072 0.0042 
          20  2 0.0012 0.0087 0.0516 0.0070 0.0024 0.0108 0.3289 0.5775 0.0076 0.0042 
          21  2 0.0009 0.0004 0.0010 0.0099 0.0100 0.9126 0.0362 0.0244 0.0040 0.0007 
          22  2 0.0012 0.0052 0.0028 0.0022 0.0049 0.1293 0.5029 0.2695 0.0729 0.0090 
          23  2 0.0016 0.0017 0.0007 0.0037 0.0007 0.9494 0.0032 0.0211 0.0166 0.0014 
          24  2 0.0008 0.0005 0.0005 0.0034 0.0013 0.6040 0.2021 0.1599 0.0264 0.0011 
          25  2 0.0027 0.0230 0.0089 0.0938 0.0025 0.0875 0.7316 0.0464 0.0027 0.0008 
          26  2 0.0007 0.0003 0.0005 0.9926 0.0010 0.0018 0.0011 0.0009 0.0008 0.0003 
          27  2 0.0022 0.0164 0.0007 0.0355 0.0013 0.1688 0.1432 0.6231 0.0051 0.0037 
          28  2 0.0008 0.0003 0.0005 0.0709 0.0011 0.0385 0.8640 0.0142 0.0058 0.0039 
          29  2 0.0004 0.0011 0.0007 0.0082 0.0010 0.7068 0.2599 0.0204 0.0011 0.0004 
          30  2 0.0045 0.0006 0.1349 0.0104 0.0085 0.0596 0.0030 0.6963 0.0076 0.0747 
          01  3 0.4329 0.0013 0.1372 0.0071 0.0006 0.0113 0.0046 0.2692 0.1201 0.0158 
          02  3 0.2497 0.2614 0.1312 0.0024 0.0734 0.0222 0.0106 0.0341 0.2058 0.0092 
          03  3 0.0311 0.1733 0.1247 0.0017 0.0008 0.0106 0.0106 0.1247 0.5212 0.0011 
          04  3 0.2272 0.1599 0.2173 0.0032 0.0017 0.0057 0.0099 0.0294 0.3426 0.0031 
          05  3 0.1832 0.2382 0.1350 0.0003 0.1055 0.0005 0.0005 0.0005 0.2291 0.1073 
          06  3 0.2420 0.2675 0.1297 0.0003 0.0002 0.0010 0.0004 0.0067 0.3517 0.0005 
          07  3 0.0181 0.1341 0.1832 0.0045 0.0008 0.0429 0.0243 0.0699 0.5220 0.0003 
          08  3 0.1389 0.1942 0.1989 0.0034 0.0103 0.0518 0.0478 0.0229 0.3267 0.0051 
          09  3 0.0258 0.1452 0.2468 0.0045 0.0003 0.0600 0.0037 0.0058 0.5066 0.0014 
          10  3 0.1823 0.2495 0.0257 0.0068 0.2088 0.0089 0.0039 0.0059 0.1975 0.1108 
          11  3 0.0358 0.1546 0.1806 0.0005 0.0003 0.0006 0.0006 0.0610 0.5659 0.0002 
          12  3 0.0396 0.1612 0.1912 0.0044 0.0002 0.0006 0.0022 0.0591 0.5411 0.0004 
          13  3 0.2748 0.2801 0.1325 0.0010 0.0066 0.0007 0.0006 0.0015 0.3019 0.0002 
          14  3 0.1991 0.2784 0.0914 0.0012 0.0247 0.0021 0.0009 0.0031 0.2569 0.1422 
          15  3 0.1127 0.1260 0.1858 0.0033 0.0002 0.1103 0.0058 0.0610 0.3923 0.0026 
          16  3 0.4169 0.2870 0.0245 0.0006 0.0028 0.0088 0.0064 0.0226 0.2272 0.0032 
          17  3 0.0877 0.0823 0.2826 0.0027 0.0006 0.0813 0.0119 0.1967 0.2539 0.0004 
          18  3 0.1529 0.2079 0.0421 0.0040 0.1580 0.0020 0.0017 0.0049 0.1569 0.2695 
          19  3 0.3208 0.2388 0.0934 0.0114 0.0007 0.0095 0.0120 0.0068 0.2895 0.0171 
          20  3 0.2560 0.1303 0.2057 0.0172 0.0004 0.0077 0.0034 0.0044 0.3155 0.0594 
          21  3 0.3542 0.1472 0.1139 0.0011 0.0012 0.0197 0.1144 0.0330 0.2087 0.0066 
          22  3 0.0634 0.0860 0.2442 0.0125 0.0006 0.0033 0.0082 0.0073 0.5724 0.0021 
          23  3 0.2773 0.1562 0.1792 0.0007 0.0004 0.0299 0.0447 0.0376 0.2730 0.0010 
          24  3 0.1985 0.1265 0.2841 0.0021 0.1622 0.0031 0.0008 0.0070 0.2147 0.0009 
          25  3 0.2700 0.1093 0.0781 0.0004 0.2418 0.0004 0.0004 0.0004 0.1733 0.1259 
          26  3 0.0746 0.1799 0.2232 0.0006 0.0007 0.0197 0.0158 0.0015 0.4836 0.0003 
          27  3 0.2546 0.1708 0.0385 0.0202 0.1313 0.0012 0.0013 0.0037 0.2030 0.1753 
          28  3 0.3495 0.2066 0.1516 0.0085 0.0020 0.0053 0.0046 0.0062 0.2653 0.0003 
          29  3 0.3070 0.1917 0.1719 0.0050 0.0069 0.0186 0.0189 0.0157 0.2497 0.0146 
          30  3 0.2400 0.0685 0.2071 0.0939 0.0012 0.0016 0.0009 0.1375 0.2489 0.0004 
         001  4 0.0001 0.0001 0.9992 0.0001 0.0001 0.0001 0.0001 0.0001 0.0001 0.0001 
         002  4 0.0008 0.0007 0.9897 0.0003 0.0002 0.0004 0.0003 0.0002 0.0073 0.0001 
         003  4 0.0001 0.0001 0.9992 0.0001 0.0001 0.0001 0.0001 0.0001 0.0001 0.0001 
         004  4 0.0001 0.0002 0.9991 0.0001 0.0001 0.0001 0.0001 0.0001 0.0001 0.0001 
         005  4 0.0001 0.0003 0.9988 0.0001 0.0002 0.0001 0.0001 0.0001 0.0001 0.0001 
         006  4 0.0254 0.0588 0.8718 0.0004 0.0003 0.0005 0.0004 0.0004 0.0418 0.0003 
         007  4 0.0002 0.0547 0.8933 0.0012 0.0002 0.0005 0.0004 0.0006 0.0485 0.0003 
         008  4 0.0010 0.0014 0.9899 0.0011 0.0021 0.0006 0.0004 0.0006 0.0002 0.0026 
         009  4 0.0001 0.0002 0.9989 0.0001 0.0001 0.0001 0.0001 0.0001 0.0001 0.0001 
         010  4 0.0001 0.0291 0.9700 0.0001 0.0001 0.0001 0.0001 0.0001 0.0003 0.0001 
         011  4 0.0015 0.0432 0.9378 0.0023 0.0004 0.0010 0.0007 0.0019 0.0007 0.0105 
         012  4 0.0001 0.0001 0.9989 0.0001 0.0001 0.0001 0.0001 0.0001 0.0003 0.0001 
         013  4 0.0002 0.0001 0.9991 0.0001 0.0001 0.0001 0.0001 0.0001 0.0001 0.0001 
         014  4 0.0002 0.0002 0.9867 0.0003 0.0001 0.0002 0.0003 0.0002 0.0118 0.0002 
         015  4 0.0003 0.0001 0.9677 0.0001 0.0001 0.0001 0.0001 0.0001 0.0315 0.0000 
         016  4 0.0001 0.0002 0.9991 0.0001 0.0001 0.0001 0.0001 0.0001 0.0001 0.0001 
         017  4 0.0006 0.0001 0.9719 0.0002 0.0001 0.0001 0.0001 0.0001 0.0266 0.0001 
         019  4 0.0049 0.0933 0.8823 0.0002 0.0004 0.0003 0.0002 0.0003 0.0176 0.0005 
         020  4 0.0002 0.0001 0.9986 0.0002 0.0002 0.0001 0.0001 0.0002 0.0001 0.0001 
         021  4 0.0002 0.0365 0.9542 0.0002 0.0002 0.0002 0.0002 0.0002 0.0079 0.0002 
         001  5 0.0042 0.0005 0.9194 0.0008 0.0016 0.0006 0.0005 0.0017 0.0439 0.0270 
         002  5 0.0370 0.0003 0.9304 0.0162 0.0008 0.0036 0.0032 0.0067 0.0005 0.0013 
         003  5 0.0881 0.0413 0.6807 0.0011 0.0003 0.1503 0.0094 0.0074 0.0194 0.0020 
         004  5 0.0145 0.0019 0.9215 0.0147 0.0003 0.0206 0.0210 0.0040 0.0004 0.0011 
         005  5 0.0541 0.0004 0.9068 0.0003 0.0003 0.0003 0.0003 0.0002 0.0370 0.0003 
         006  5 0.1395 0.0245 0.7851 0.0005 0.0005 0.0008 0.0006 0.0006 0.0478 0.0002 
         007  5 0.0697 0.0490 0.8381 0.0002 0.0004 0.0003 0.0002 0.0003 0.0415 0.0002 
         008  5 0.0715 0.0006 0.8863 0.0001 0.0002 0.0001 0.0002 0.0001 0.0407 0.0001 
         009  5 0.0191 0.0060 0.8893 0.0096 0.0003 0.0241 0.0159 0.0033 0.0313 0.0011 
         010  5 0.1010 0.0312 0.8473 0.0022 0.0005 0.0016 0.0011 0.0022 0.0118 0.0010 
         011  5 0.0588 0.0003 0.9095 0.0007 0.0002 0.0005 0.0007 0.0012 0.0265 0.0017 
         012  5 0.0291 0.0743 0.8274 0.0028 0.0010 0.0441 0.0033 0.0055 0.0112 0.0013 
         013  5 0.0700 0.0015 0.6548 0.0311 0.0009 0.0534 0.0085 0.0053 0.1726 0.0019 
         014  5 0.0618 0.0722 0.6682 0.0079 0.0092 0.0144 0.1006 0.0571 0.0016 0.0070 
         015  5 0.0356 0.0195 0.9098 0.0002 0.0002 0.0002 0.0003 0.0002 0.0338 0.0002 
         016  5 0.0328 0.0304 0.8572 0.0005 0.0005 0.0013 0.0008 0.0007 0.0757 0.0002 
         017  5 0.0615 0.0508 0.7978 0.0019 0.0012 0.0066 0.0071 0.0068 0.0661 0.0002 
         018  5 0.0597 0.0027 0.7883 0.0012 0.0169 0.0049 0.0143 0.0078 0.0902 0.0139 
         019  5 0.0004 0.0002 0.9503 0.0003 0.0064 0.0003 0.0004 0.0004 0.0402 0.0011 
         020  5 0.0005 0.0002 0.9967 0.0002 0.0001 0.0002 0.0002 0.0002 0.0016 0.0002 
         021  5 0.0067 0.0005 0.8348 0.0185 0.0003 0.0626 0.0597 0.0087 0.0070 0.0012 
         022  5 0.0012 0.0096 0.8863 0.0008 0.0017 0.0216 0.0025 0.0017 0.0542 0.0205 
         023  5 0.0498 0.0022 0.8744 0.0004 0.0003 0.0005 0.0007 0.0006 0.0702 0.0009 
         024  5 0.0053 0.0709 0.8675 0.0068 0.0003 0.0263 0.0086 0.0021 0.0119 0.0003 
         025  5 0.0169 0.0548 0.8181 0.0065 0.0008 0.0031 0.0040 0.0024 0.0928 0.0005 
         026  5 0.0156 0.0130 0.7961 0.0006 0.0004 0.1244 0.0076 0.0032 0.0388 0.0003 
         027  5 0.0002 0.0013 0.9969 0.0001 0.0002 0.0002 0.0003 0.0002 0.0004 0.0002 
         028  5 0.0034 0.0355 0.8737 0.0014 0.0009 0.0034 0.0065 0.0038 0.0684 0.0031 
         029  5 0.0171 0.0009 0.9356 0.0002 0.0003 0.0004 0.0005 0.0004 0.0444 0.0002 
         030  5 0.0159 0.0003 0.9281 0.0004 0.0044 0.0006 0.0006 0.0007 0.0480 0.0009 
        001s  6 0.0132 0.0096 0.0008 0.2258 0.0012 0.0704 0.0313 0.6318 0.0033 0.0126 
        002s  6 0.0038 0.0005 0.0216 0.0041 0.0241 0.0676 0.3877 0.4724 0.0170 0.0012 
        003s  6 0.0056 0.0004 0.0040 0.0709 0.0006 0.0047 0.0090 0.8994 0.0034 0.0021 
        004s  6 0.0005 0.0003 0.0006 0.0080 0.0007 0.0143 0.9543 0.0058 0.0148 0.0007 
        006s  6 0.0028 0.0192 0.0384 0.0014 0.0015 0.0069 0.0096 0.9055 0.0104 0.0042 
        007s  6 0.0008 0.0029 0.0006 0.0043 0.0009 0.0181 0.9509 0.0100 0.0108 0.0007 
        008s  6 0.0011 0.0006 0.0035 0.0031 0.0024 0.9193 0.0282 0.0095 0.0279 0.0042 
        009s  6 0.0005 0.0005 0.0004 0.0044 0.0018 0.1772 0.0393 0.7527 0.0221 0.0011 
        010s  6 0.0015 0.0069 0.0328 0.0007 0.0091 0.0578 0.8525 0.0234 0.0045 0.0107 
        011s  6 0.0096 0.0009 0.0003 0.0012 0.0003 0.8720 0.0682 0.0096 0.0364 0.0014 
        012s  6 0.0011 0.0017 0.0006 0.0038 0.0028 0.0155 0.9437 0.0185 0.0108 0.0016 
        013s  6 0.0007 0.0007 0.0015 0.0146 0.0008 0.5530 0.3772 0.0386 0.0123 0.0007 
        014s  6 0.0054 0.0003 0.0347 0.2836 0.0004 0.0032 0.0675 0.5744 0.0302 0.0004 
        015s  6 0.0009 0.0085 0.0035 0.0030 0.0010 0.4640 0.0900 0.3027 0.1220 0.0046 
        016s  6 0.0008 0.0010 0.0004 0.1800 0.0008 0.2064 0.5012 0.1070 0.0014 0.0009 
        018s  6 0.0646 0.0006 0.2199 0.0119 0.0008 0.0475 0.6083 0.0407 0.0041 0.0016 
        019s  6 0.0056 0.0008 0.0034 0.0431 0.0012 0.0054 0.5707 0.2732 0.0940 0.0029 
        020s  6 0.0012 0.0004 0.0003 0.0286 0.0009 0.0023 0.9411 0.0035 0.0208 0.0009 
        021s  6 0.0090 0.0082 0.0006 0.0070 0.0015 0.0266 0.0879 0.8541 0.0025 0.0027 
        022s  6 0.0004 0.0003 0.0014 0.0479 0.0004 0.0631 0.8524 0.0080 0.0205 0.0057 
        023s  6 0.0009 0.0007 0.0257 0.4349 0.0003 0.0226 0.2380 0.1517 0.1245 0.0006 
        024s  6 0.0007 0.0024 0.0293 0.0202 0.0010 0.9230 0.0069 0.0134 0.0023 0.0009 
        025s  6 0.0033 0.0008 0.0030 0.0069 0.0005 0.0204 0.8816 0.0104 0.0030 0.0701 
        026s  6 0.0009 0.0007 0.0005 0.0309 0.0021 0.5029 0.3215 0.1347 0.0052 0.0006 
        027s  6 0.0004 0.0007 0.0011 0.0148 0.0015 0.4959 0.0410 0.4385 0.0057 0.0005 
        028s  6 0.0045 0.0038 0.0039 0.0013 0.0394 0.0346 0.0031 0.8814 0.0233 0.0046 
        029s  6 0.0003 0.0004 0.0008 0.0020 0.0020 0.0094 0.9652 0.0049 0.0137 0.0013 
        030s  6 0.0019 0.0006 0.0474 0.0014 0.0014 0.0031 0.0031 0.9149 0.0138 0.0124 
        031s  6 0.0008 0.0053 0.0021 0.5550 0.0005 0.0357 0.0236 0.3707 0.0059 0.0005 
        032s  6 0.0326 0.0007 0.0015 0.0241 0.0005 0.6211 0.1507 0.1666 0.0016 0.0007 
        033s  6 0.0006 0.0002 0.0422 0.0025 0.0005 0.0064 0.0022 0.8888 0.0560 0.0005 
        034s  6 0.0005 0.0042 0.0016 0.0055 0.0004 0.8100 0.0594 0.0825 0.0212 0.0148 
        035s  6 0.0005 0.0006 0.1300 0.8576 0.0015 0.0028 0.0011 0.0024 0.0018 0.0016 
        036s  6 0.0120 0.0028 0.0004 0.0041 0.0003 0.0116 0.8978 0.0692 0.0009 0.0010 
        037s  6 0.0025 0.0006 0.0008 0.0033 0.0019 0.0119 0.9679 0.0048 0.0040 0.0021 
        038s  6 0.0008 0.0045 0.0004 0.2037 0.0021 0.0861 0.4874 0.2135 0.0008 0.0006 
        039s  6 0.0004 0.0003 0.0003 0.0045 0.0010 0.0286 0.5562 0.3873 0.0202 0.0012 
        040s  6 0.0010 0.0026 0.0003 0.1851 0.0005 0.1647 0.5507 0.0046 0.0900 0.0004 
        041s  6 0.0001 0.0003 0.0575 0.3174 0.0021 0.6145 0.0016 0.0031 0.0011 0.0022 
        042s  6 0.0021 0.0011 0.0066 0.0131 0.0039 0.5690 0.3454 0.0052 0.0027 0.0509 
        043s  6 0.0004 0.0014 0.0009 0.0015 0.0003 0.0134 0.6502 0.3142 0.0104 0.0073 
        044s  6 0.0004 0.0004 0.0012 0.1913 0.0041 0.6973 0.0920 0.0089 0.0036 0.0008 
        045s  6 0.0014 0.0005 0.0034 0.0242 0.0007 0.8718 0.0877 0.0018 0.0067 0.0019 
        001s  7 0.0008 0.0005 0.0014 0.6533 0.0003 0.0148 0.3135 0.0085 0.0055 0.0015 
        002s  7 0.0047 0.0007 0.0235 0.3746 0.0013 0.0026 0.5623 0.0259 0.0019 0.0025 
        003s  7 0.0020 0.0015 0.0011 0.8311 0.0018 0.1363 0.0115 0.0110 0.0015 0.0021 
        004s  7 0.0011 0.0032 0.0006 0.0265 0.0014 0.0157 0.1117 0.8354 0.0040 0.0004 
        005s  7 0.0013 0.0019 0.0169 0.0157 0.0006 0.1873 0.2803 0.4867 0.0073 0.0020 
        006s  7 0.0008 0.0010 0.0582 0.0023 0.0004 0.0042 0.0172 0.9097 0.0029 0.0034 
        007s  7 0.0031 0.0107 0.0039 0.0045 0.0132 0.5272 0.4283 0.0062 0.0010 0.0019 
        008s  7 0.0009 0.0005 0.0072 0.8772 0.0050 0.0014 0.0366 0.0178 0.0505 0.0028 
        009s  7 0.0033 0.0015 0.0028 0.0310 0.0007 0.3524 0.5920 0.0025 0.0005 0.0135 
        010s  7 0.0009 0.0003 0.0008 0.9494 0.0010 0.0031 0.0273 0.0126 0.0028 0.0018 
        011s  7 0.0008 0.0005 0.0008 0.0103 0.0008 0.0274 0.7728 0.1841 0.0016 0.0010 
        012s  7 0.0002 0.0012 0.0007 0.0021 0.0008 0.3049 0.4402 0.2439 0.0054 0.0006 
        013s  7 0.0007 0.0101 0.0005 0.0081 0.0006 0.5757 0.3899 0.0058 0.0030 0.0056 
        014s  7 0.0009 0.0008 0.0423 0.4120 0.0008 0.4832 0.0146 0.0428 0.0024 0.0003 
        015s  7 0.0009 0.0022 0.0192 0.0062 0.0013 0.6943 0.0060 0.2681 0.0008 0.0010 
        016s  7 0.0003 0.0002 0.0924 0.8994 0.0003 0.0013 0.0020 0.0009 0.0012 0.0021 
        017s  7 0.0004 0.0015 0.0015 0.0394 0.0005 0.0339 0.5753 0.3415 0.0052 0.0007 
        018s  7 0.0003 0.0004 0.0014 0.0015 0.0041 0.0628 0.6462 0.0302 0.2525 0.0007 
        019s  7 0.0024 0.0006 0.0011 0.0061 0.0024 0.0076 0.1421 0.8102 0.0215 0.0060 
        020s  7 0.0007 0.0011 0.0007 0.0207 0.0003 0.4435 0.4855 0.0429 0.0038 0.0007 
        021s  7 0.0027 0.0005 0.0014 0.0039 0.0010 0.0040 0.9017 0.0807 0.0023 0.0016 
        022s  7 0.0006 0.0044 0.0031 0.0023 0.0004 0.1161 0.8436 0.0125 0.0157 0.0010 
        023s  7 0.0016 0.0009 0.0036 0.0070 0.0018 0.0075 0.0325 0.9285 0.0100 0.0065 
        024s  7 0.0004 0.0004 0.0012 0.0042 0.0014 0.9470 0.0201 0.0046 0.0199 0.0008 
        025s  7 0.0046 0.0030 0.0007 0.0051 0.0011 0.4162 0.5144 0.0438 0.0098 0.0013 
        026s  7 0.0005 0.0003 0.0025 0.8742 0.0016 0.0139 0.0571 0.0409 0.0070 0.0019 
        027s  7 0.0009 0.0013 0.0012 0.4204 0.0017 0.0068 0.2645 0.3014 0.0013 0.0006 
        028s  7 0.0016 0.0005 0.0042 0.0027 0.0002 0.0098 0.8256 0.0173 0.1374 0.0008 
        029s  7 0.0010 0.0005 0.0053 0.0177 0.0009 0.8945 0.0649 0.0031 0.0097 0.0023 
        030s  7 0.0002 0.0011 0.0005 0.1558 0.0059 0.3012 0.0176 0.5077 0.0063 0.0036 
        031s  7 0.0011 0.0017 0.0027 0.0210 0.0005 0.3635 0.3951 0.1603 0.0393 0.0149 
        032s  7 0.0009 0.0005 0.0916 0.0029 0.0034 0.0716 0.7828 0.0368 0.0090 0.0004 
        033s  7 0.0063 0.0005 0.0409 0.0048 0.0047 0.0083 0.9094 0.0218 0.0022 0.0011 
        034s  7 0.0063 0.0178 0.0006 0.0025 0.0012 0.9637 0.0046 0.0015 0.0011 0.0006 
        035s  7 0.0004 0.0003 0.0004 0.0036 0.0005 0.0097 0.9361 0.0458 0.0018 0.0013 
        036s  7 0.0005 0.0035 0.0006 0.0516 0.0010 0.0894 0.3726 0.4688 0.0014 0.0107 
        037s  7 0.0338 0.0006 0.0070 0.0181 0.0006 0.0025 0.0939 0.7246 0.1158 0.0031 
        038s  7 0.0136 0.0003 0.0017 0.0068 0.0012 0.8359 0.0446 0.0215 0.0727 0.0018 
        039s  7 0.0008 0.0002 0.0004 0.2756 0.0004 0.0142 0.5871 0.0057 0.1152 0.0003 
        040s  7 0.0017 0.0384 0.0094 0.9403 0.0007 0.0022 0.0023 0.0034 0.0005 0.0010 
        041s  7 0.0099 0.0004 0.0131 0.1688 0.0022 0.0201 0.1936 0.5870 0.0039 0.0010 
        042s  7 0.0007 0.0009 0.0065 0.8347 0.0004 0.1180 0.0140 0.0215 0.0027 0.0005 
        043s  7 0.0004 0.0002 0.0017 0.0093 0.0007 0.0851 0.1810 0.7178 0.0010 0.0028 
        044s  7 0.0060 0.0076 0.0197 0.0012 0.0018 0.0018 0.0546 0.8702 0.0156 0.0215 
         003  8 0.0011 0.0012 0.0108 0.0041 0.0119 0.0123 0.9523 0.0039 0.0013 0.0011 
         009  8 0.0006 0.0010 0.0012 0.0094 0.0005 0.1232 0.8525 0.0089 0.0014 0.0012 
         010  8 0.0005 0.0002 0.0004 0.0174 0.0004 0.0322 0.9366 0.0063 0.0026 0.0033 
         017  8 0.0012 0.0004 0.0008 0.0013 0.0016 0.0063 0.9783 0.0051 0.0016 0.0032 
         002  9 0.0004 0.0012 0.0004 0.0171 0.0008 0.0247 0.9266 0.0257 0.0013 0.0017 
         003  9 0.0003 0.0004 0.0002 0.0051 0.0004 0.0063 0.9217 0.0646 0.0005 0.0004 
         004  9 0.0003 0.0002 0.0006 0.0127 0.0004 0.1120 0.8644 0.0066 0.0014 0.0014 
         005  9 0.0005 0.0012 0.0005 0.0028 0.0012 0.0663 0.8877 0.0198 0.0140 0.0060 
         006  9 0.0005 0.0009 0.0010 0.0026 0.0006 0.1980 0.7890 0.0043 0.0018 0.0013 
         007  9 0.0003 0.0007 0.0081 0.0034 0.0012 0.0089 0.9360 0.0375 0.0018 0.0021 
         009  9 0.0012 0.0002 0.0014 0.0159 0.0016 0.0162 0.8528 0.1076 0.0010 0.0020 
         010  9 0.0003 0.0006 0.0003 0.0031 0.0018 0.2211 0.7111 0.0527 0.0067 0.0023 
         013  9 0.0004 0.0021 0.0009 0.0314 0.0004 0.2883 0.1644 0.5084 0.0021 0.0017 
         014  9 0.0004 0.0004 0.0005 0.0069 0.0075 0.0200 0.7214 0.2338 0.0067 0.0023 
         016  9 0.0002 0.0002 0.0002 0.0040 0.0009 0.0201 0.9639 0.0083 0.0013 0.0007 
         018  9 0.0017 0.0013 0.0005 0.0050 0.0051 0.8275 0.0620 0.0454 0.0502 0.0014 
         019  9 0.0008 0.0007 0.0013 0.0028 0.0049 0.0263 0.6061 0.3554 0.0011 0.0008 
         020  9 0.0006 0.0005 0.0004 0.0021 0.0007 0.0328 0.8258 0.1282 0.0086 0.0004 
         021  9 0.0004 0.0002 0.0004 0.0028 0.0004 0.0722 0.8557 0.0223 0.0448 0.0007 
         022  9 0.0008 0.0003 0.0003 0.0088 0.0014 0.1097 0.7811 0.0105 0.0864 0.0007 
         024  9 0.0017 0.0003 0.0004 0.0104 0.0028 0.0256 0.7748 0.1799 0.0011 0.0030 
         028  9 0.0004 0.0012 0.0005 0.0049 0.0007 0.0079 0.8486 0.1196 0.0143 0.0019 
         029  9 0.0004 0.0006 0.0004 0.0117 0.0010 0.0171 0.8627 0.1005 0.0046 0.0009 
         030  9 0.0005 0.0005 0.0005 0.0021 0.0009 0.0079 0.8651 0.1185 0.0031 0.0009 
         031  9 0.0014 0.0003 0.0017 0.0268 0.0009 0.3759 0.5406 0.0503 0.0016 0.0005 
         033  9 0.0012 0.0004 0.0097 0.0086 0.0007 0.0063 0.8145 0.1546 0.0032 0.0009 
         001 10 0.0004 0.0005 0.0007 0.0040 0.0010 0.0134 0.9335 0.0451 0.0009 0.0005 
         002 10 0.0003 0.0002 0.0004 0.0044 0.0016 0.0026 0.9828 0.0055 0.0014 0.0007 
         003 10 0.0007 0.0007 0.0003 0.0023 0.0006 0.0145 0.9030 0.0660 0.0016 0.0103 
         004 10 0.0008 0.0003 0.0005 0.0933 0.0009 0.0885 0.7749 0.0348 0.0019 0.0042 
         005 10 0.0004 0.0005 0.0005 0.0041 0.0018 0.0615 0.9082 0.0165 0.0050 0.0014 
         006 10 0.0013 0.0004 0.0019 0.0033 0.0008 0.0174 0.9651 0.0078 0.0009 0.0011 
         007 10 0.0006 0.0003 0.0005 0.0052 0.0004 0.0060 0.9370 0.0438 0.0036 0.0026 
         008 10 0.0011 0.0007 0.0006 0.0028 0.0011 0.1117 0.3357 0.5352 0.0058 0.0053 
         009 10 0.0015 0.0012 0.0009 0.0035 0.0046 0.0054 0.9576 0.0229 0.0021 0.0004 
         010 10 0.0003 0.0006 0.0007 0.0179 0.0036 0.0062 0.2597 0.7082 0.0020 0.0008 
         011 10 0.0008 0.0007 0.0009 0.0038 0.0004 0.0392 0.8776 0.0372 0.0007 0.0387 
         012 10 0.0017 0.0007 0.0006 0.0055 0.0004 0.0075 0.7682 0.2104 0.0024 0.0026 
         013 10 0.0007 0.0029 0.0004 0.0025 0.0007 0.0049 0.9475 0.0371 0.0024 0.0010 
         014 10 0.0007 0.0006 0.0008 0.1732 0.0008 0.0053 0.7570 0.0594 0.0010 0.0013 
         016 10 0.0030 0.0006 0.0003 0.0027 0.0016 0.0038 0.9777 0.0069 0.0021 0.0013 
         017 10 0.0007 0.0009 0.0010 0.0099 0.0012 0.1674 0.7658 0.0161 0.0362 0.0009 
         018 10 0.0029 0.0004 0.0033 0.0023 0.0027 0.0063 0.9510 0.0274 0.0030 0.0007 
         019 10 0.0018 0.0004 0.0005 0.0045 0.0059 0.0808 0.8829 0.0170 0.0046 0.0016 
         020 10 0.0030 0.0008 0.0010 0.0067 0.0057 0.0089 0.9605 0.0102 0.0013 0.0020 
         021 10 0.0008 0.0004 0.0012 0.0170 0.0028 0.0153 0.9424 0.0179 0.0017 0.0005 
         022 10 0.0004 0.0006 0.0004 0.0451 0.0003 0.0140 0.9326 0.0033 0.0023 0.0010 
         023 10 0.0006 0.0009 0.0003 0.0040 0.0004 0.0410 0.9377 0.0121 0.0023 0.0009 
         024 10 0.0006 0.0002 0.0004 0.0026 0.0014 0.0199 0.9366 0.0350 0.0009 0.0023 
         026 10 0.0011 0.0003 0.0005 0.0007 0.0006 0.0017 0.9691 0.0042 0.0208 0.0009 
        001s 11 0.0005 0.0009 0.0899 0.1439 0.0007 0.7245 0.0024 0.0089 0.0228 0.0055 
        002s 11 0.0011 0.0076 0.0008 0.0143 0.0055 0.1979 0.3390 0.4293 0.0026 0.0020 
        003s 11 0.0008 0.0005 0.0076 0.0269 0.0016 0.0497 0.7250 0.0781 0.1091 0.0007 
        004s 11 0.0006 0.0018 0.0004 0.0220 0.0004 0.6507 0.0561 0.2339 0.0320 0.0021 
        005s 11 0.0005 0.0006 0.0024 0.0370 0.0083 0.0461 0.5268 0.3617 0.0161 0.0005 
        006s 11 0.0188 0.0020 0.0005 0.0195 0.0019 0.0162 0.4083 0.5279 0.0024 0.0024 
        007s 11 0.0035 0.0284 0.0051 0.0274 0.0018 0.8773 0.0195 0.0316 0.0044 0.0009 
        008s 11 0.0005 0.0004 0.0004 0.0020 0.0009 0.9850 0.0027 0.0049 0.0028 0.0004 
        009s 11 0.0005 0.0004 0.0005 0.0050 0.0172 0.3162 0.6374 0.0163 0.0061 0.0004 
        010s 11 0.0018 0.0003 0.0012 0.1489 0.0004 0.0232 0.2854 0.5338 0.0041 0.0009 
        011s 11 0.0009 0.0115 0.1025 0.6024 0.0004 0.0051 0.2511 0.0013 0.0042 0.0206 
        012s 11 0.0019 0.0005 0.0673 0.0099 0.0011 0.0043 0.1695 0.5593 0.1859 0.0003 
        013s 11 0.0006 0.0008 0.0014 0.2767 0.0005 0.0370 0.6528 0.0262 0.0021 0.0018 
        014s 11 0.0038 0.0065 0.0046 0.6515 0.0019 0.1249 0.0639 0.0806 0.0608 0.0015 
        015s 11 0.0014 0.0020 0.0026 0.0124 0.0015 0.1661 0.0281 0.7777 0.0038 0.0044 
        016s 11 0.0008 0.0005 0.0418 0.1450 0.0063 0.0666 0.1577 0.5238 0.0024 0.0551 
        017s 11 0.0004 0.0007 0.0583 0.0112 0.0006 0.0177 0.5021 0.1290 0.2785 0.0016 
        018s 11 0.0025 0.0011 0.0034 0.6977 0.0027 0.0032 0.0060 0.2809 0.0015 0.0009 
        019s 11 0.0014 0.0007 0.0006 0.0088 0.0002 0.0425 0.8457 0.0733 0.0037 0.0229 
        020s 11 0.0005 0.0021 0.0014 0.4678 0.0013 0.1818 0.0055 0.3346 0.0026 0.0023 
        021s 11 0.0007 0.0003 0.0007 0.0021 0.0005 0.0704 0.8452 0.0735 0.0052 0.0014 
        022s 11 0.0010 0.0339 0.0039 0.0185 0.0009 0.0333 0.8811 0.0102 0.0167 0.0006 
        023s 11 0.0009 0.0004 0.0289 0.6278 0.0007 0.0132 0.0455 0.2026 0.0453 0.0346 
        025s 11 0.0005 0.0005 0.0004 0.0083 0.0004 0.0081 0.0349 0.9443 0.0017 0.0008 
        026s 11 0.0006 0.0007 0.0272 0.0015 0.0007 0.5580 0.0091 0.3513 0.0012 0.0498 
        027s 11 0.0011 0.0041 0.0008 0.0021 0.0005 0.3188 0.5642 0.0947 0.0131 0.0005 
        028s 11 0.0015 0.0012 0.0034 0.0023 0.0003 0.0978 0.1097 0.7734 0.0093 0.0012 
        029s 11 0.0029 0.0003 0.0163 0.0023 0.0013 0.3739 0.3842 0.1759 0.0425 0.0004 
        030s 11 0.0008 0.0017 0.0223 0.0024 0.0007 0.8037 0.0274 0.0246 0.1152 0.0012 
        031s 11 0.0003 0.0019 0.0004 0.0052 0.0009 0.5062 0.4647 0.0023 0.0178 0.0003 
        032s 11 0.0005 0.0005 0.0007 0.0740 0.0006 0.8469 0.0520 0.0139 0.0086 0.0024 
        033s 11 0.0010 0.0006 0.0037 0.1336 0.0021 0.6187 0.0099 0.2235 0.0056 0.0014 
        034s 11 0.0012 0.0029 0.0017 0.6853 0.0006 0.1597 0.0663 0.0798 0.0021 0.0004 
        035s 11 0.0015 0.0017 0.0015 0.4239 0.0016 0.1941 0.0305 0.3427 0.0022 0.0003 
        036s 11 0.0027 0.0012 0.0084 0.0092 0.0017 0.2527 0.4444 0.1347 0.1446 0.0004 
        037s 11 0.0023 0.0006 0.0010 0.7454 0.0008 0.0070 0.2269 0.0109 0.0025 0.0026 
        038s 11 0.0041 0.0005 0.0022 0.3130 0.0011 0.1787 0.0779 0.3653 0.0568 0.0005 
        039s 11 0.0004 0.0003 0.0013 0.0097 0.0006 0.0210 0.0469 0.9178 0.0011 0.0010 
        040s 11 0.0122 0.0013 0.0404 0.0032 0.0016 0.0302 0.2228 0.6277 0.0601 0.0005 
        041s 11 0.0013 0.0013 0.0012 0.0066 0.0258 0.3874 0.4365 0.1310 0.0052 0.0037 
        042s 11 0.0008 0.0017 0.0005 0.3373 0.0011 0.5720 0.0048 0.0252 0.0426 0.0139 
        043s 11 0.0270 0.0006 0.0085 0.0183 0.0005 0.0446 0.7576 0.1111 0.0036 0.0282 
        044s 11 0.0006 0.0070 0.0005 0.0213 0.0008 0.0118 0.0550 0.8776 0.0210 0.0042 
        045s 11 0.0020 0.0016 0.0004 0.0149 0.0003 0.9079 0.0381 0.0236 0.0054 0.0057 
        046s 11 0.0005 0.0022 0.0295 0.4806 0.0007 0.3000 0.0154 0.0079 0.1298 0.0334 
        047s 11 0.0004 0.0014 0.0008 0.0030 0.0007 0.8671 0.0219 0.0677 0.0360 0.0010 
        048s 11 0.0027 0.0012 0.0020 0.0017 0.0030 0.6514 0.0689 0.2390 0.0029 0.0270 
        049s 11 0.0005 0.0004 0.0014 0.0038 0.0016 0.0959 0.7201 0.1664 0.0076 0.0023 
        050s 11 0.0004 0.0059 0.0010 0.0026 0.0005 0.0292 0.9536 0.0043 0.0013 0.0012 
        051s 11 0.0007 0.0265 0.0004 0.0303 0.0006 0.0074 0.8546 0.0186 0.0092 0.0518 
        052s 11 0.0014 0.0033 0.0013 0.5686 0.0021 0.3508 0.0037 0.0024 0.0627 0.0036 
        053s 11 0.0004 0.0003 0.0004 0.0032 0.0022 0.0156 0.0172 0.9576 0.0025 0.0007 
        054s 11 0.0017 0.0057 0.0008 0.0039 0.0004 0.0815 0.8178 0.0825 0.0052 0.0006 
        055s 11 0.0631 0.0004 0.0064 0.7250 0.0005 0.0189 0.1621 0.0224 0.0006 0.0006 
        001s 12 0.0049 0.0009 0.0019 0.0215 0.0011 0.0235 0.7315 0.1979 0.0154 0.0012 
        002s 12 0.0004 0.0009 0.0012 0.0019 0.0021 0.1956 0.4875 0.3084 0.0010 0.0010 
        003s 12 0.0007 0.0010 0.0006 0.0155 0.0007 0.1465 0.7640 0.0668 0.0035 0.0007 
        004s 12 0.0002 0.0007 0.0612 0.0023 0.0027 0.5283 0.0021 0.3290 0.0671 0.0064 
        005s 12 0.0008 0.0004 0.0004 0.4504 0.0009 0.0040 0.5357 0.0052 0.0012 0.0011 
        006s 12 0.0029 0.0036 0.0196 0.0172 0.0006 0.1379 0.6758 0.0683 0.0721 0.0020 
        007s 12 0.0006 0.0012 0.0013 0.0031 0.0033 0.7036 0.1452 0.1368 0.0027 0.0020 
        008s 12 0.0375 0.0004 0.0008 0.0052 0.0007 0.0152 0.0093 0.9282 0.0023 0.0005 
        009s 12 0.0020 0.0007 0.0042 0.0154 0.0234 0.8893 0.0173 0.0080 0.0360 0.0037 
        010s 12 0.0026 0.0237 0.0028 0.0482 0.0008 0.0149 0.5869 0.2816 0.0380 0.0005 
        011s 12 0.0008 0.0022 0.0011 0.0043 0.0014 0.9689 0.0048 0.0091 0.0068 0.0007 
        012s 12 0.0005 0.0049 0.0026 0.0025 0.0006 0.3221 0.5657 0.0274 0.0689 0.0047 
        013s 12 0.0004 0.0006 0.0008 0.0019 0.0008 0.1006 0.4769 0.3467 0.0365 0.0348 
        014s 12 0.0018 0.0403 0.0015 0.3678 0.0053 0.0193 0.5089 0.0045 0.0046 0.0460 
        015s 12 0.0011 0.0007 0.0046 0.0019 0.0018 0.0340 0.8285 0.1236 0.0031 0.0007 
        016s 12 0.0004 0.0007 0.0007 0.0028 0.0005 0.3678 0.2130 0.3588 0.0522 0.0032 
        017s 12 0.0009 0.0015 0.0101 0.0388 0.0004 0.0065 0.9010 0.0378 0.0019 0.0010 
        018s 12 0.0015 0.0002 0.0010 0.0062 0.0018 0.0129 0.4722 0.4192 0.0833 0.0016 
        019s 12 0.0005 0.0007 0.0073 0.0710 0.0042 0.2234 0.5338 0.1571 0.0016 0.0005 
        020s 12 0.0026 0.0003 0.0550 0.0023 0.0002 0.0025 0.0116 0.9181 0.0066 0.0009 
        021s 12 0.0007 0.0007 0.0026 0.0015 0.0004 0.1198 0.5061 0.2772 0.0896 0.0014 
        022s 12 0.0135 0.0007 0.0190 0.0351 0.0061 0.3804 0.3438 0.1812 0.0137 0.0065 
        023s 12 0.0007 0.0003 0.0005 0.0081 0.0008 0.5087 0.0330 0.4456 0.0016 0.0009 
        024s 12 0.0006 0.0002 0.0009 0.3558 0.0004 0.0044 0.5712 0.0204 0.0453 0.0007 
        025s 12 0.0236 0.0006 0.0013 0.0068 0.0036 0.0100 0.0131 0.9378 0.0021 0.0011 
        026s 12 0.0010 0.0013 0.0195 0.0091 0.0150 0.0085 0.1727 0.7708 0.0007 0.0015 
        027s 12 0.0054 0.0007 0.0013 0.0057 0.0003 0.0047 0.0186 0.9608 0.0018 0.0006 
        028s 12 0.0007 0.0008 0.0024 0.8538 0.0188 0.0146 0.0707 0.0309 0.0015 0.0058 
        029s 12 0.0004 0.0015 0.0007 0.3368 0.0006 0.4143 0.1714 0.0680 0.0042 0.0022 
        030s 12 0.0004 0.0022 0.0014 0.0106 0.0005 0.0168 0.9456 0.0160 0.0057 0.0007 
        031s 12 0.0013 0.0009 0.0034 0.0036 0.0008 0.3846 0.2671 0.3325 0.0035 0.0023 
        032s 12 0.0002 0.0004 0.0011 0.6067 0.0115 0.0053 0.3545 0.0114 0.0081 0.0007 
        033s 12 0.0027 0.0027 0.0012 0.0055 0.0006 0.4396 0.5245 0.0067 0.0161 0.0005 
        034s 12 0.0007 0.0007 0.0004 0.7619 0.0009 0.0032 0.0194 0.2118 0.0006 0.0005 
        035s 12 0.0018 0.0008 0.0075 0.0591 0.0004 0.0149 0.0512 0.8192 0.0449 0.0003 
        036s 12 0.0121 0.0035 0.0024 0.0166 0.0032 0.0029 0.8972 0.0047 0.0560 0.0014 
        037s 12 0.0007 0.0005 0.0016 0.0029 0.0010 0.1747 0.8046 0.0093 0.0037 0.0011 
        001s 13 0.0009 0.0009 0.0188 0.0270 0.0010 0.1922 0.6387 0.1025 0.0158 0.0022 
        002s 13 0.0097 0.0004 0.0519 0.6049 0.0004 0.2665 0.0261 0.0144 0.0244 0.0012 
        003s 13 0.0030 0.0002 0.0007 0.0046 0.0007 0.1493 0.5908 0.2410 0.0078 0.0020 
        004s 13 0.0003 0.0006 0.0010 0.0058 0.0107 0.3556 0.2086 0.3983 0.0160 0.0031 
        005s 13 0.0044 0.0020 0.0016 0.0022 0.0024 0.9424 0.0327 0.0068 0.0033 0.0022 
        006s 13 0.0016 0.0014 0.0006 0.0143 0.0011 0.0255 0.0432 0.9023 0.0094 0.0006 
        007s 13 0.0039 0.0153 0.0009 0.0038 0.0006 0.6530 0.0219 0.2955 0.0041 0.0009 
        008s 13 0.0023 0.0021 0.0397 0.0017 0.0020 0.0204 0.0134 0.9165 0.0014 0.0006 
        009s 13 0.0072 0.0014 0.1090 0.0012 0.0074 0.8657 0.0037 0.0006 0.0031 0.0007 
        010s 13 0.0025 0.0004 0.0291 0.0040 0.0018 0.0095 0.0106 0.7682 0.1728 0.0010 
        011s 13 0.0032 0.0226 0.0025 0.1189 0.0051 0.0573 0.0275 0.7518 0.0086 0.0026 
        012s 13 0.0020 0.0014 0.0200 0.0025 0.0036 0.4704 0.2233 0.0135 0.2479 0.0155 
        013s 13 0.0006 0.0229 0.0191 0.3791 0.0009 0.1157 0.0071 0.4479 0.0026 0.0041 
        014s 13 0.0069 0.0139 0.0007 0.0024 0.0014 0.0999 0.0838 0.7631 0.0248 0.0032 
        015s 13 0.0005 0.0008 0.0118 0.0406 0.0133 0.0844 0.0396 0.7956 0.0015 0.0120 
        016s 13 0.0007 0.0004 0.0005 0.0051 0.0008 0.0462 0.9389 0.0040 0.0021 0.0013 
        017s 13 0.0560 0.0007 0.0011 0.0117 0.0052 0.0072 0.8515 0.0448 0.0212 0.0006 
        018s 13 0.0011 0.0004 0.0007 0.0182 0.0007 0.7095 0.2514 0.0098 0.0072 0.0011 
        019s 13 0.0040 0.0007 0.0008 0.0275 0.0006 0.0054 0.7898 0.1594 0.0102 0.0016 
        020s 13 0.0053 0.0022 0.0008 0.8374 0.0021 0.0107 0.0127 0.1277 0.0005 0.0006 
        021s 13 0.0004 0.0007 0.0016 0.0149 0.0010 0.0183 0.8777 0.0825 0.0020 0.0010 
        022s 13 0.0023 0.0005 0.0009 0.0022 0.0005 0.0587 0.0064 0.9263 0.0015 0.0007 
        023s 13 0.0017 0.0004 0.0018 0.0624 0.0009 0.1805 0.4376 0.3133 0.0010 0.0004 
        024s 13 0.0009 0.0038 0.0219 0.0031 0.0012 0.9231 0.0063 0.0028 0.0017 0.0353 
        025s 13 0.0009 0.0006 0.0006 0.0036 0.0008 0.8906 0.0705 0.0250 0.0054 0.0019 
        026s 13 0.0242 0.0011 0.0319 0.0150 0.0005 0.0093 0.2651 0.4470 0.1987 0.0072 
        027s 13 0.0013 0.0018 0.0316 0.0018 0.0040 0.0024 0.0263 0.9275 0.0018 0.0014 
        028s 13 0.0209 0.0017 0.0017 0.1979 0.0038 0.0290 0.0025 0.7299 0.0101 0.0024 
        029s 13 0.0011 0.0012 0.0169 0.6101 0.0007 0.0223 0.2645 0.0323 0.0494 0.0015 
        030s 13 0.0006 0.0005 0.0691 0.4070 0.0008 0.3898 0.0076 0.0965 0.0041 0.0239 
        031s 13 0.0009 0.0025 0.0028 0.0031 0.0011 0.8484 0.0400 0.0036 0.0042 0.0935 
        032s 13 0.0005 0.0096 0.0007 0.0038 0.0004 0.5765 0.0424 0.3620 0.0037 0.0003 
        033s 13 0.0186 0.0043 0.0015 0.0018 0.0006 0.1110 0.6589 0.1370 0.0654 0.0010 
        034s 13 0.0004 0.0202 0.0509 0.8540 0.0033 0.0210 0.0140 0.0334 0.0016 0.0013 
        035s 13 0.0010 0.0006 0.0006 0.1285 0.0020 0.0201 0.7925 0.0491 0.0011 0.0045 
        036s 13 0.0010 0.0004 0.0034 0.1023 0.0005 0.0195 0.8631 0.0042 0.0051 0.0005 
        037s 13 0.0006 0.0006 0.0006 0.0087 0.0008 0.0112 0.9656 0.0070 0.0033 0.0017 
        038s 13 0.0058 0.0007 0.0012 0.4130 0.0021 0.0091 0.5116 0.0106 0.0447 0.0012 
        039s 13 0.0006 0.0009 0.0872 0.0032 0.0005 0.5360 0.0141 0.2847 0.0046 0.0682 
        040s 13 0.0004 0.0011 0.0013 0.0050 0.0007 0.1358 0.1145 0.7301 0.0099 0.0014 
        041s 13 0.0014 0.0057 0.0409 0.0015 0.0004 0.0428 0.8251 0.0432 0.0371 0.0019 
        042s 13 0.0003 0.0018 0.0005 0.8911 0.0014 0.0259 0.0208 0.0548 0.0019 0.0015 
        001s 14 0.0013 0.0006 0.0148 0.5300 0.0016 0.2769 0.0502 0.0032 0.1205 0.0010 
        002s 14 0.0015 0.0012 0.0586 0.0041 0.0023 0.0060 0.0173 0.9053 0.0030 0.0008 
        003s 14 0.0017 0.0005 0.0006 0.9027 0.0009 0.0022 0.0121 0.0760 0.0022 0.0011 
        004s 14 0.0003 0.0161 0.0059 0.0097 0.0008 0.6876 0.0726 0.2015 0.0030 0.0026 
        005s 14 0.0003 0.0003 0.0003 0.1930 0.0007 0.0151 0.4988 0.2732 0.0173 0.0009 
        006s 14 0.0004 0.0008 0.0005 0.0242 0.0004 0.0236 0.9432 0.0046 0.0019 0.0004 
        007s 14 0.0018 0.0015 0.0005 0.0130 0.0004 0.6940 0.2543 0.0323 0.0009 0.0015 
        008s 14 0.0002 0.0087 0.1008 0.7310 0.0222 0.0101 0.0225 0.0954 0.0058 0.0034 
        009s 14 0.0032 0.0004 0.0018 0.0313 0.0061 0.8137 0.0163 0.1241 0.0024 0.0007 
        010s 14 0.0003 0.0004 0.0663 0.2482 0.0112 0.1350 0.5238 0.0079 0.0051 0.0018 
        011s 14 0.0460 0.0039 0.0009 0.2015 0.0005 0.0048 0.7324 0.0021 0.0068 0.0010 
        012s 14 0.0019 0.0025 0.0005 0.7619 0.0030 0.0531 0.0554 0.1159 0.0036 0.0021 
        013s 14 0.0006 0.0037 0.0010 0.1335 0.0009 0.2882 0.0886 0.3501 0.1240 0.0094 
        014s 14 0.0005 0.0003 0.0323 0.0037 0.0052 0.8739 0.0124 0.0345 0.0364 0.0007 
        015s 14 0.0005 0.0005 0.0009 0.0078 0.0113 0.0431 0.4373 0.4872 0.0081 0.0033 
        016s 14 0.0005 0.0003 0.0010 0.0026 0.0006 0.0165 0.0368 0.9267 0.0073 0.0076 
        017s 14 0.0026 0.0070 0.0591 0.0048 0.0006 0.1208 0.6298 0.1488 0.0254 0.0010 
        018s 14 0.0010 0.0004 0.0007 0.0032 0.0012 0.0455 0.9373 0.0040 0.0048 0.0019 
        019s 14 0.0014 0.0014 0.0015 0.0036 0.0005 0.1411 0.4926 0.3528 0.0043 0.0007 
        020s 14 0.0013 0.0002 0.0007 0.6315 0.0087 0.0236 0.3098 0.0212 0.0017 0.0013 
        021s 14 0.0008 0.0003 0.0041 0.0103 0.0095 0.0803 0.2941 0.5945 0.0054 0.0006 
        022s 14 0.0008 0.0030 0.0042 0.0108 0.0022 0.0163 0.1272 0.7945 0.0400 0.0011 
        023s 14 0.0004 0.0023 0.0074 0.0123 0.0029 0.6509 0.2868 0.0168 0.0184 0.0018 
        024s 14 0.0115 0.0015 0.0282 0.0486 0.0023 0.8910 0.0075 0.0022 0.0056 0.0016 
        025s 14 0.0002 0.0004 0.0693 0.1635 0.0004 0.4474 0.2302 0.0843 0.0037 0.0005 
