        001s  1 0.0042 0.0012 0.0003 0.0007 0.0013 0.7109 0.0010 0.0106 0.0005 0.2693 
        002s  1 0.0042 0.0029 0.0041 0.0016 0.0006 0.0043 0.0006 0.3131 0.0007 0.6678 
        003s  1 0.0092 0.0022 0.0009 0.0886 0.0189 0.0103 0.0036 0.0179 0.0029 0.8457 
        004s  1 0.0023 0.0048 0.0235 0.0190 0.0004 0.5276 0.0086 0.0336 0.0057 0.3745 
        005s  1 0.0452 0.0960 0.1067 0.1748 0.0004 0.0509 0.1029 0.0070 0.0008 0.4153 
        006s  1 0.0092 0.0007 0.0013 0.0050 0.0004 0.2175 0.0005 0.7278 0.0007 0.0367 
        007s  1 0.0156 0.0007 0.0005 0.0123 0.0010 0.8310 0.0031 0.0454 0.0029 0.0874 
        008s  1 0.0055 0.0019 0.0008 0.0614 0.0013 0.2875 0.0023 0.0015 0.0008 0.6369 
        009s  1 0.0044 0.0140 0.0013 0.0322 0.0019 0.6655 0.0327 0.0175 0.0099 0.2206 
        010s  1 0.0061 0.0019 0.0013 0.0233 0.0006 0.1178 0.0104 0.8193 0.0004 0.0188 
        011s  1 0.0030 0.0016 0.0025 0.0056 0.0029 0.5693 0.0014 0.1627 0.0022 0.2491 
        012s  1 0.0022 0.0061 0.0067 0.0022 0.0040 0.6217 0.1111 0.1887 0.0011 0.0563 
        013s  1 0.0038 0.0185 0.0078 0.0166 0.0011 0.5140 0.0014 0.3458 0.0092 0.0819 
        014s  1 0.0030 0.0007 0.0017 0.0334 0.0171 0.8890 0.0143 0.0200 0.0086 0.0123 
        015s  1 0.0045 0.0004 0.0003 0.0018 0.0010 0.8390 0.0007 0.0250 0.0004 0.1269 
        016s  1 0.0142 0.0005 0.0005 0.0248 0.0009 0.6160 0.0059 0.2924 0.0075 0.0372 
        018s  1 0.1853 0.0041 0.0010 0.1689 0.0009 0.3714 0.0964 0.1040 0.0010 0.0669 
        019s  1 0.0059 0.0025 0.0006 0.0134 0.0044 0.5230 0.0115 0.4185 0.0010 0.0193 
        020s  1 0.0047 0.0003 0.0003 0.0108 0.0098 0.2542 0.0007 0.6917 0.0094 0.0182 
        021s  1 0.0095 0.0011 0.0095 0.0026 0.0010 0.2610 0.0003 0.6683 0.0079 0.0386 
        022s  1 0.0212 0.0019 0.0004 0.0149 0.0007 0.0072 0.0003 0.0688 0.0015 0.8831 
        023s  1 0.0592 0.0010 0.0005 0.0081 0.0012 0.7982 0.0003 0.0079 0.0120 0.1117 
        024s  1 0.0171 0.0006 0.0032 0.0162 0.0005 0.3326 0.0016 0.5400 0.0006 0.0875 
        025s  1 0.1043 0.0011 0.0017 0.0208 0.0006 0.7005 0.0073 0.0082 0.0004 0.1551 
        026s  1 0.0242 0.0017 0.0007 0.0007 0.0062 0.7713 0.0011 0.0306 0.0085 0.1551 
        027s  1 0.0652 0.0009 0.0166 0.0126 0.0008 0.5587 0.0020 0.0133 0.0021 0.3278 
        028s  1 0.0692 0.0025 0.0363 0.1125 0.0030 0.5076 0.0121 0.0846 0.0009 0.1712 
        029s  1 0.0078 0.0006 0.0007 0.0081 0.0071 0.9237 0.0011 0.0419 0.0008 0.0082 
        030s  1 0.0381 0.0017 0.0059 0.0165 0.0110 0.0276 0.0009 0.8184 0.0011 0.0788 
        031s  1 0.0077 0.0009 0.0003 0.0009 0.0003 0.5567 0.0004 0.1932 0.0014 0.2382 
        032s  1 0.0043 0.0004 0.0007 0.0085 0.0010 0.0091 0.0006 0.9640 0.0010 0.0105 
        033s  1 0.0036 0.0062 0.0007 0.0248 0.0012 0.8178 0.0020 0.0090 0.0015 0.1330 
        034s  1 0.0236 0.0020 0.0023 0.0118 0.0040 0.2850 0.0022 0.0089 0.0540 0.6062 
        035s  1 0.0037 0.0011 0.0029 0.0390 0.0019 0.0460 0.0017 0.8963 0.0012 0.0062 
        036s  1 0.0025 0.0019 0.0007 0.0011 0.0005 0.0019 0.0975 0.6215 0.0012 0.2714 
        037s  1 0.0043 0.0130 0.0044 0.0007 0.0022 0.0196 0.1061 0.8088 0.0347 0.0062 
        038s  1 0.0048 0.0014 0.0007 0.0020 0.0010 0.0153 0.0019 0.9412 0.0011 0.0306 
        039s  1 0.0181 0.0259 0.0017 0.0065 0.0010 0.9270 0.0003 0.0040 0.0004 0.0151 
        040s  1 0.0056 0.0017 0.0047 0.0029 0.0009 0.0608 0.0014 0.8700 0.0039 0.0481 
        041s  1 0.0308 0.0027 0.0004 0.0283 0.0010 0.8594 0.0029 0.0602 0.0031 0.0111 
        042s  1 0.0300 0.0005 0.0010 0.0094 0.0013 0.6609 0.0738 0.1088 0.0759 0.0386 
        043s  1 0.0100 0.0067 0.0004 0.0877 0.0015 0.0249 0.0015 0.0516 0.0006 0.8151 
        044s  1 0.0119 0.0134 0.0111 0.0111 0.0034 0.3020 0.0652 0.3161 0.0124 0.2534 
        045s  1 0.0282 0.0008 0.0030 0.0030 0.0012 0.2866 0.0121 0.6423 0.0012 0.0215 
        046s  1 0.0059 0.0014 0.0004 0.0240 0.0027 0.0159 0.0022 0.9083 0.0011 0.0380 
        047s  1 0.0065 0.0007 0.0003 0.0100 0.0018 0.0180 0.0012 0.9487 0.0041 0.0087 
        048s  1 0.0036 0.0140 0.0002 0.0007 0.0007 0.3210 0.0314 0.0044 0.0012 0.6228 
        049s  1 0.0045 0.0021 0.0022 0.0014 0.0009 0.0645 0.0006 0.0171 0.0006 0.9062 
        050s  1 0.0044 0.0025 0.0029 0.0169 0.0007 0.0255 0.0899 0.7456 0.0008 0.1110 
        051s  1 0.0050 0.0003 0.0005 0.0136 0.0253 0.9186 0.0005 0.0201 0.0015 0.0146 
        052s  1 0.2565 0.0036 0.0044 0.0088 0.0167 0.3129 0.0072 0.3865 0.0019 0.0015 
        053s  1 0.0023 0.0053 0.0003 0.0192 0.0003 0.0374 0.0021 0.9245 0.0007 0.0080 
        054s  1 0.0031 0.0017 0.0036 0.0089 0.0023 0.0682 0.0003 0.8993 0.0010 0.0117 
        055s  1 0.0007 0.0158 0.0005 0.0417 0.0025 0.7777 0.0421 0.0264 0.0738 0.0187 
          01  2 0.0021 0.0017 0.0015 0.0283 0.0291 0.0101 0.1034 0.8200 0.0011 0.0028 
          02  2 0.0181 0.0284 0.0013 0.0025 0.0025 0.1710 0.0075 0.7622 0.0008 0.0057 
          03  2 0.0129 0.0008 0.0010 0.0121 0.0007 0.0241 0.0012 0.8987 0.0013 0.0472 
          04  2 0.1095 0.0029 0.0095 0.0380 0.0009 0.2053 0.0005 0.2598 0.0163 0.3574 
          05  2 0.0311 0.0037 0.0004 0.0638 0.0003 0.0180 0.0797 0.0119 0.0006 0.7906 
          06  2 0.0086 0.0062 0.0023 0.0030 0.0009 0.0257 0.0216 0.8551 0.0007 0.0759 
          07  2 0.0028 0.0058 0.0012 0.0080 0.0011 0.0223 0.0045 0.8145 0.0010 0.1387 
          08  2 0.0096 0.0018 0.0006 0.0042 0.0010 0.2349 0.0752 0.0230 0.0011 0.6487 
          09  2 0.0061 0.0008 0.0004 0.0070 0.0136 0.6341 0.0008 0.1501 0.0003 0.1868 
          10  2 0.0143 0.0007 0.0009 0.0086 0.0006 0.2224 0.0015 0.7288 0.0005 0.0217 
          11  2 0.0041 0.0007 0.0018 0.0013 0.0098 0.3663 0.0261 0.4395 0.0037 0.1468 
          12  2 0.1583 0.0018 0.0010 0.0213 0.0021 0.6548 0.0004 0.1234 0.0005 0.0364 
          13  2 0.0017 0.0019 0.0006 0.0025 0.0008 0.6045 0.0004 0.0083 0.0006 0.3787 
          14  2 0.0043 0.0026 0.0068 0.0005 0.0052 0.5663 0.0006 0.0198 0.0253 0.3686 
          15  2 0.0067 0.0014 0.0005 0.0122 0.0016 0.0222 0.0007 0.7281 0.0014 0.2252 
          16  2 0.0039 0.0009 0.0521 0.0578 0.0039 0.7236 0.0007 0.0145 0.0042 0.1385 
          17  2 0.1253 0.0041 0.0007 0.0312 0.0010 0.0066 0.0022 0.7577 0.0014 0.0698 
          18  2 0.0039 0.0109 0.0026 0.0044 0.0020 0.0442 0.0079 0.9006 0.0013 0.0222 
          19  2 0.0297 0.0006 0.0003 0.0005 0.0015 0.7412 0.0018 0.1856 0.0055 0.0332 
          20  2 0.0210 0.0010 0.0081 0.0226 0.0021 0.7772 0.0587 0.1010 0.0053 0.0030 
          21  2 0.0042 0.0006 0.0003 0.0233 0.0185 0.8833 0.0021 0.0362 0.0008 0.0307 
          22  2 0.0140 0.0011 0.0065 0.0241 0.0044 0.7513 0.0019 0.0416 0.0061 0.1490 
          23  2 0.0172 0.0017 0.0019 0.0066 0.0014 0.0128 0.0010 0.9397 0.0029 0.0149 
          24  2 0.0283 0.0007 0.0005 0.0012 0.0017 0.9032 0.0006 0.0450 0.0011 0.0178 
          25  2 0.0016 0.0026 0.0262 0.0033 0.0017 0.6636 0.0049 0.1395 0.0008 0.1558 
          26  2 0.0019 0.0031 0.0005 0.0057 0.0008 0.0036 0.0008 0.0541 0.0003 0.9291 
          27  2 0.0113 0.0021 0.0266 0.0063 0.0017 0.6214 0.0008 0.0960 0.0037 0.2301 
          28  2 0.0561 0.0013 0.0002 0.0128 0.0012 0.6702 0.0008 0.0241 0.0065 0.2267 
          29  2 0.0066 0.0009 0.0013 0.0029 0.0009 0.0453 0.0020 0.9275 0.0003 0.0122 
          30  2 0.0187 0.0052 0.0006 0.0561 0.0109 0.0068 0.1420 0.6581 0.0842 0.0174 
          01  3 0.0405 0.4187 0.0022 0.1937 0.0004 0.0636 0.1207 0.1296 0.0244 0.0060 
          02  3 0.0022 0.2290 0.2485 0.2792 0.0731 0.0314 0.1074 0.0193 0.0074 0.0026 
          03  3 0.0005 0.0159 0.1413 0.7299 0.0007 0.0103 0.0684 0.0250 0.0022 0.0059 
          04  3 0.0127 0.2047 0.1446 0.4296 0.0016 0.0088 0.1830 0.0080 0.0026 0.0044 
          05  3 0.0003 0.1560 0.2270 0.3152 0.1044 0.0003 0.0930 0.0004 0.1028 0.0004 
          06  3 0.0005 0.2082 0.2448 0.4489 0.0002 0.0002 0.0895 0.0005 0.0004 0.0068 
          07  3 0.0052 0.0115 0.1030 0.7041 0.0013 0.0325 0.1198 0.0201 0.0003 0.0022 
          08  3 0.1076 0.1224 0.1843 0.3474 0.0095 0.0215 0.1724 0.0127 0.0052 0.0169 
          09  3 0.0021 0.0125 0.1142 0.6585 0.0002 0.0085 0.1904 0.0061 0.0018 0.0057 
          10  3 0.0018 0.1556 0.2386 0.2694 0.2073 0.0084 0.0096 0.0021 0.1067 0.0006 
          11  3 0.0010 0.0175 0.1259 0.7307 0.0004 0.0010 0.1207 0.0016 0.0003 0.0010 
          12  3 0.0003 0.0186 0.1320 0.7082 0.0003 0.0016 0.1315 0.0068 0.0003 0.0005 
          13  3 0.0005 0.2396 0.2631 0.4112 0.0022 0.0004 0.0814 0.0006 0.0003 0.0008 
          14  3 0.0009 0.1689 0.2655 0.3506 0.0288 0.0008 0.0431 0.0008 0.1392 0.0014 
          15  3 0.0030 0.0925 0.1054 0.5011 0.0004 0.1028 0.1426 0.0353 0.0019 0.0149 
          16  3 0.0085 0.3774 0.2720 0.3144 0.0040 0.0055 0.0105 0.0022 0.0031 0.0022 
          17  3 0.0080 0.0758 0.0714 0.3094 0.0012 0.1714 0.2569 0.0911 0.0007 0.0143 
          18  3 0.0020 0.1348 0.2028 0.2077 0.1567 0.0030 0.0200 0.0010 0.2690 0.0030 
          19  3 0.0436 0.2962 0.2276 0.3158 0.0008 0.0094 0.0639 0.0078 0.0085 0.0263 
          20  3 0.0174 0.2337 0.1217 0.3465 0.0005 0.0309 0.1737 0.0086 0.0605 0.0065 
          21  3 0.0286 0.3359 0.1372 0.2703 0.0027 0.0568 0.0933 0.0077 0.0062 0.0612 
          22  3 0.0109 0.0377 0.0632 0.6609 0.0005 0.0106 0.1812 0.0070 0.0021 0.0260 
          23  3 0.0651 0.2618 0.1463 0.3027 0.0004 0.0089 0.1576 0.0206 0.0018 0.0348 
          24  3 0.0046 0.1777 0.1164 0.2796 0.1619 0.0022 0.2539 0.0013 0.0010 0.0014 
          25  3 0.0005 0.2472 0.0998 0.2374 0.2402 0.0003 0.0509 0.0003 0.1229 0.0004 
          26  3 0.0028 0.0546 0.1530 0.6037 0.0004 0.0052 0.1741 0.0029 0.0004 0.0030 
          27  3 0.0025 0.2323 0.1601 0.2670 0.1303 0.0155 0.0139 0.0020 0.1745 0.0019 
          28  3 0.0031 0.3186 0.1907 0.3439 0.0015 0.0139 0.1208 0.0041 0.0003 0.0032 
          29  3 0.0363 0.2876 0.1821 0.2763 0.0059 0.0165 0.1484 0.0197 0.0170 0.0101 
          30  3 0.0020 0.2187 0.0558 0.3535 0.0012 0.0095 0.1740 0.0263 0.0004 0.1586 
         001  4 0.0001 0.0001 0.0001 0.0001 0.0001 0.0001 0.9992 0.0001 0.0001 0.0001 
         002  4 0.0003 0.0008 0.0007 0.0205 0.0003 0.0002 0.9765 0.0003 0.0001 0.0003 
         003  4 0.0001 0.0002 0.0001 0.0001 0.0001 0.0001 0.9990 0.0001 0.0001 0.0001 
         004  4 0.0001 0.0002 0.0003 0.0001 0.0001 0.0001 0.9990 0.0001 0.0001 0.0001 
         005  4 0.0001 0.0001 0.0003 0.0001 0.0002 0.0001 0.9986 0.0001 0.0001 0.0001 
         006  4 0.0005 0.0199 0.0553 0.0691 0.0002 0.0009 0.8530 0.0003 0.0002 0.0004 
         007  4 0.0003 0.0007 0.0493 0.0728 0.0002 0.0004 0.8748 0.0004 0.0003 0.0008 
         008  4 0.0004 0.0008 0.0018 0.0003 0.0019 0.0005 0.9909 0.0004 0.0025 0.0004 
         009  4 0.0001 0.0001 0.0003 0.0001 0.0001 0.0001 0.9987 0.0001 0.0001 0.0001 
         010  4 0.0001 0.0001 0.0375 0.0006 0.0001 0.0001 0.9612 0.0001 0.0001 0.0001 
         011  4 0.0005 0.0010 0.0435 0.0008 0.0005 0.0006 0.9332 0.0013 0.0171 0.0016 
         012  4 0.0001 0.0001 0.0001 0.0005 0.0001 0.0001 0.9987 0.0001 0.0001 0.0001 
         013  4 0.0001 0.0002 0.0002 0.0002 0.0001 0.0001 0.9990 0.0001 0.0001 0.0001 
         014  4 0.0002 0.0002 0.0002 0.0264 0.0001 0.0002 0.9720 0.0002 0.0002 0.0002 
         015  4 0.0001 0.0002 0.0001 0.0500 0.0001 0.0001 0.9492 0.0001 0.0000 0.0001 
         016  4 0.0001 0.0002 0.0003 0.0001 0.0001 0.0001 0.9988 0.0001 0.0001 0.0001 
         017  4 0.0001 0.0004 0.0002 0.0475 0.0001 0.0001 0.9512 0.0001 0.0001 0.0001 
         019  4 0.0003 0.0057 0.0904 0.0380 0.0002 0.0003 0.8641 0.0002 0.0006 0.0003 
         020  4 0.0001 0.0002 0.0002 0.0001 0.0002 0.0001 0.9986 0.0002 0.0001 0.0001 
         021  4 0.0003 0.0002 0.0374 0.0178 0.0002 0.0002 0.9434 0.0002 0.0002 0.0002 
         001  5 0.0005 0.0057 0.0004 0.0697 0.0007 0.0010 0.8961 0.0005 0.0251 0.0004 
         002  5 0.0020 0.0374 0.0004 0.0015 0.0013 0.0075 0.9263 0.0079 0.0020 0.0138 
         003  5 0.0066 0.0844 0.0384 0.0665 0.0003 0.0299 0.6696 0.0925 0.0036 0.0081 
         004  5 0.0013 0.0107 0.0026 0.0007 0.0003 0.0471 0.9154 0.0116 0.0023 0.0082 
         005  5 0.0003 0.0470 0.0004 0.0648 0.0002 0.0002 0.8862 0.0002 0.0005 0.0002 
         006  5 0.0005 0.1337 0.0151 0.0784 0.0005 0.0006 0.7701 0.0004 0.0002 0.0005 
         007  5 0.0003 0.0620 0.0476 0.0674 0.0003 0.0003 0.8211 0.0003 0.0003 0.0003 
         008  5 0.0001 0.0615 0.0006 0.0757 0.0002 0.0002 0.8613 0.0001 0.0001 0.0001 
         009  5 0.0080 0.0126 0.0054 0.0623 0.0002 0.0312 0.8717 0.0048 0.0016 0.0022 
         010  5 0.0016 0.0990 0.0295 0.0277 0.0003 0.0014 0.8366 0.0012 0.0012 0.0015 
         011  5 0.0006 0.0528 0.0003 0.0504 0.0002 0.0006 0.8928 0.0005 0.0012 0.0005 
         012  5 0.0010 0.0257 0.0726 0.0481 0.0013 0.0170 0.8138 0.0117 0.0010 0.0077 
         013  5 0.1165 0.0591 0.0022 0.1677 0.0005 0.0064 0.6310 0.0133 0.0009 0.0023 
         014  5 0.0066 0.0596 0.0725 0.0066 0.0071 0.1791 0.6571 0.0028 0.0076 0.0009 
         015  5 0.0002 0.0255 0.0201 0.0642 0.0003 0.0002 0.8888 0.0002 0.0002 0.0003 
         016  5 0.0006 0.0157 0.0310 0.1183 0.0004 0.0005 0.8318 0.0005 0.0004 0.0007 
         017  5 0.0037 0.0506 0.0492 0.1042 0.0012 0.0065 0.7796 0.0038 0.0002 0.0009 
         018  5 0.0044 0.0519 0.0022 0.1152 0.0242 0.0060 0.7711 0.0026 0.0192 0.0032 
         019  5 0.0003 0.0004 0.0002 0.0633 0.0039 0.0003 0.9302 0.0003 0.0007 0.0004 
         020  5 0.0002 0.0009 0.0001 0.0046 0.0002 0.0002 0.9930 0.0003 0.0002 0.0002 
         021  5 0.0008 0.0033 0.0005 0.0309 0.0003 0.1288 0.8183 0.0111 0.0020 0.0041 
         022  5 0.0020 0.0009 0.0033 0.0981 0.0023 0.0029 0.8667 0.0032 0.0201 0.0006 
         023  5 0.0004 0.0386 0.0013 0.1060 0.0003 0.0004 0.8510 0.0005 0.0009 0.0005 
         024  5 0.0009 0.0035 0.0682 0.0309 0.0003 0.0358 0.8539 0.0035 0.0004 0.0026 
         025  5 0.0027 0.0098 0.0482 0.1411 0.0007 0.0017 0.7915 0.0010 0.0003 0.0030 
         026  5 0.0070 0.0091 0.0133 0.0849 0.0006 0.0563 0.7821 0.0376 0.0004 0.0087 
         027  5 0.0002 0.0002 0.0019 0.0007 0.0002 0.0002 0.9959 0.0002 0.0002 0.0002 
         028  5 0.0025 0.0014 0.0341 0.0960 0.0005 0.0043 0.8557 0.0015 0.0027 0.0012 
         029  5 0.0004 0.0088 0.0009 0.0714 0.0003 0.0005 0.9165 0.0005 0.0003 0.0004 
         030  5 0.0004 0.0074 0.0006 0.0751 0.0042 0.0006 0.9099 0.0004 0.0010 0.0004 
        001s  6 0.0055 0.0165 0.0106 0.0161 0.0012 0.1537 0.0007 0.6466 0.0208 0.1282 
        002s  6 0.0498 0.0055 0.0005 0.0212 0.0257 0.2195 0.0205 0.6220 0.0014 0.0340 
        003s  6 0.0141 0.0060 0.0003 0.0177 0.0005 0.0164 0.0109 0.8060 0.0036 0.1246 
        004s  6 0.0013 0.0006 0.0006 0.0033 0.0007 0.0055 0.0005 0.9788 0.0008 0.0079 
        006s  6 0.0262 0.0030 0.0253 0.0294 0.0013 0.8010 0.0539 0.0185 0.0140 0.0274 
        007s  6 0.1312 0.0016 0.0034 0.0235 0.0012 0.3630 0.0009 0.3192 0.0009 0.1552 
        008s  6 0.0442 0.0009 0.0006 0.0019 0.0034 0.0115 0.0052 0.9062 0.0072 0.0188 
        009s  6 0.0725 0.0012 0.0005 0.0068 0.0014 0.7255 0.0003 0.0359 0.0009 0.1550 
        010s  6 0.0023 0.0013 0.0078 0.0006 0.0132 0.3094 0.0261 0.5777 0.0113 0.0502 
        011s  6 0.0107 0.0079 0.0009 0.0049 0.0003 0.0043 0.0006 0.9671 0.0011 0.0023 
        012s  6 0.0034 0.0015 0.0019 0.0082 0.0026 0.5670 0.0005 0.4051 0.0024 0.0073 
        013s  6 0.0045 0.0015 0.0012 0.0014 0.0007 0.0381 0.0017 0.9430 0.0004 0.0076 
        014s  6 0.0035 0.0076 0.0004 0.0415 0.0003 0.0328 0.0278 0.5153 0.0004 0.3705 
        015s  6 0.0241 0.0007 0.0087 0.0345 0.0012 0.0081 0.0043 0.9076 0.0070 0.0038 
        016s  6 0.0021 0.0017 0.0010 0.0031 0.0007 0.0811 0.0007 0.7720 0.0010 0.1366 
        018s  6 0.0048 0.0593 0.0005 0.0028 0.0007 0.6938 0.2123 0.0037 0.0033 0.0187 
        019s  6 0.0283 0.0092 0.0009 0.0136 0.0011 0.0293 0.0020 0.6097 0.0037 0.3021 
        020s  6 0.0034 0.0011 0.0005 0.0017 0.0012 0.5743 0.0002 0.0688 0.0008 0.3478 
        021s  6 0.0028 0.0086 0.0077 0.0012 0.0010 0.3537 0.0006 0.6037 0.0029 0.0178 
        022s  6 0.0318 0.0016 0.0003 0.0090 0.0007 0.0605 0.0011 0.7184 0.0050 0.1715 
        023s  6 0.1119 0.0022 0.0005 0.0254 0.0003 0.1017 0.0195 0.0897 0.0006 0.6484 
        024s  6 0.0009 0.0006 0.0023 0.0021 0.0022 0.0090 0.0476 0.9316 0.0006 0.0031 
        025s  6 0.0044 0.0046 0.0011 0.0004 0.0008 0.0467 0.0021 0.8642 0.0665 0.0091 
        026s  6 0.0045 0.0011 0.0004 0.0042 0.0019 0.1198 0.0005 0.8529 0.0005 0.0142 
        027s  6 0.0322 0.0007 0.0007 0.0298 0.0012 0.9071 0.0017 0.0185 0.0004 0.0076 
        028s  6 0.0025 0.0062 0.0040 0.0370 0.0480 0.8682 0.0038 0.0062 0.0082 0.0161 
        029s  6 0.0550 0.0004 0.0003 0.0225 0.0017 0.8278 0.0006 0.0199 0.0014 0.0704 
        030s  6 0.1454 0.0023 0.0005 0.0262 0.0032 0.2469 0.0490 0.5042 0.0083 0.0139 
        031s  6 0.0177 0.0016 0.0084 0.0011 0.0005 0.1197 0.0021 0.1386 0.0004 0.7099 
        032s  6 0.0038 0.0365 0.0006 0.0013 0.0004 0.9142 0.0008 0.0353 0.0006 0.0065 
        033s  6 0.0076 0.0016 0.0002 0.1286 0.0004 0.0243 0.0309 0.7722 0.0009 0.0334 
        034s  6 0.0877 0.0005 0.0061 0.0269 0.0006 0.5878 0.0026 0.1577 0.0188 0.1112 
        035s  6 0.0020 0.0022 0.0006 0.0782 0.0013 0.0023 0.1272 0.0013 0.0018 0.7831 
        036s  6 0.0100 0.0100 0.0030 0.0138 0.0003 0.7419 0.0006 0.0087 0.0017 0.2100 
        037s  6 0.0117 0.0019 0.0007 0.0010 0.0026 0.9495 0.0008 0.0117 0.0018 0.0184 
        038s  6 0.0071 0.0008 0.0036 0.0030 0.0021 0.8743 0.0004 0.0063 0.0010 0.1015 
        039s  6 0.0291 0.0005 0.0003 0.0156 0.0008 0.0148 0.0004 0.9216 0.0008 0.0161 
        040s  6 0.0041 0.0023 0.0016 0.0069 0.0005 0.0027 0.0002 0.9012 0.0007 0.0798 
        041s  6 0.0076 0.0013 0.0003 0.0416 0.0066 0.0119 0.0655 0.4797 0.0029 0.3826 
        042s  6 0.0106 0.0015 0.0012 0.0133 0.0042 0.8205 0.0123 0.0372 0.0554 0.0439 
        043s  6 0.0137 0.0005 0.0016 0.0016 0.0003 0.8603 0.0009 0.0223 0.0059 0.0930 
        044s  6 0.0038 0.0008 0.0004 0.0092 0.0031 0.7773 0.0011 0.0771 0.0011 0.1261 
        045s  6 0.0158 0.0008 0.0006 0.0105 0.0007 0.6911 0.0058 0.2521 0.0027 0.0199 
        001s  7 0.1145 0.0020 0.0004 0.0014 0.0005 0.0534 0.0016 0.0182 0.0026 0.8054 
        002s  7 0.0260 0.0053 0.0011 0.0023 0.0012 0.0081 0.0164 0.5904 0.0020 0.3472 
        003s  7 0.0026 0.0039 0.0020 0.0740 0.0017 0.0887 0.0012 0.0312 0.0019 0.7929 
        004s  7 0.0073 0.0016 0.0032 0.0083 0.0011 0.7432 0.0007 0.0257 0.0009 0.2079 
        005s  7 0.0149 0.0022 0.0035 0.0107 0.0008 0.6534 0.0119 0.1826 0.0035 0.1164 
        006s  7 0.0015 0.0015 0.0010 0.0146 0.0005 0.7677 0.0535 0.0380 0.0035 0.1182 
        007s  7 0.0012 0.0019 0.0103 0.0166 0.0196 0.1484 0.0049 0.7891 0.0023 0.0057 
        008s  7 0.0107 0.0028 0.0005 0.0358 0.0040 0.0069 0.0054 0.0024 0.0018 0.9296 
        009s  7 0.0023 0.0037 0.0015 0.0055 0.0005 0.9335 0.0032 0.0251 0.0108 0.0138 
        010s  7 0.0153 0.0032 0.0002 0.0031 0.0013 0.0052 0.0012 0.0208 0.0016 0.9481 
        011s  7 0.0173 0.0010 0.0008 0.0080 0.0013 0.8644 0.0004 0.0282 0.0010 0.0777 
        012s  7 0.0052 0.0003 0.0013 0.0017 0.0007 0.0242 0.0006 0.9611 0.0010 0.0040 
        013s  7 0.0029 0.0007 0.0111 0.0156 0.0011 0.1464 0.0005 0.8067 0.0046 0.0103 
        014s  7 0.0011 0.0018 0.0008 0.0066 0.0007 0.2472 0.0471 0.3536 0.0004 0.3408 
        015s  7 0.0206 0.0012 0.0052 0.0459 0.0020 0.3630 0.0249 0.5049 0.0011 0.0310 
        016s  7 0.0221 0.0025 0.0002 0.0011 0.0003 0.1627 0.0975 0.0013 0.0011 0.7112 
        017s  7 0.0088 0.0007 0.0015 0.0117 0.0004 0.5448 0.0014 0.2464 0.0008 0.1833 
        018s  7 0.0863 0.0006 0.0005 0.0546 0.0030 0.3875 0.0010 0.2756 0.0007 0.1903 
        019s  7 0.0264 0.0054 0.0008 0.0265 0.0043 0.0126 0.0016 0.8888 0.0124 0.0210 
        020s  7 0.0023 0.0009 0.0012 0.0063 0.0004 0.6738 0.0005 0.2533 0.0006 0.0606 
        021s  7 0.0027 0.0037 0.0005 0.0011 0.0013 0.6757 0.0013 0.0207 0.0011 0.2920 
        022s  7 0.0197 0.0006 0.0040 0.0022 0.0004 0.0554 0.0035 0.8712 0.0008 0.0421 
        023s  7 0.0100 0.0026 0.0009 0.0445 0.0014 0.6175 0.0023 0.2759 0.0213 0.0236 
        024s  7 0.0722 0.0012 0.0008 0.0134 0.0024 0.3136 0.0022 0.5838 0.0007 0.0097 
        025s  7 0.0083 0.0031 0.0033 0.0234 0.0017 0.0999 0.0009 0.8345 0.0012 0.0236 
        026s  7 0.0232 0.0025 0.0003 0.0021 0.0015 0.0295 0.0027 0.0647 0.0016 0.8719 
        027s  7 0.0022 0.0030 0.0016 0.0010 0.0012 0.1928 0.0014 0.2238 0.0007 0.5723 
        028s  7 0.0128 0.0013 0.0007 0.0224 0.0003 0.0255 0.0058 0.8185 0.0005 0.1122 
        029s  7 0.0109 0.0021 0.0007 0.0829 0.0009 0.1709 0.0043 0.5801 0.0030 0.1440 
        030s  7 0.1145 0.0010 0.0015 0.0179 0.0073 0.6348 0.0006 0.0562 0.0040 0.1621 
        031s  7 0.1838 0.0009 0.0018 0.0038 0.0009 0.1237 0.0024 0.6410 0.0214 0.0205 
        032s  7 0.0012 0.0007 0.0004 0.0131 0.0042 0.0104 0.0865 0.8481 0.0005 0.0348 
        033s  7 0.0035 0.0065 0.0005 0.0051 0.0041 0.6274 0.0375 0.2780 0.0031 0.0341 
        034s  7 0.0023 0.0074 0.0262 0.0981 0.0014 0.6406 0.0008 0.1749 0.0006 0.0478 
        035s  7 0.0032 0.0005 0.0003 0.0075 0.0007 0.9419 0.0005 0.0399 0.0012 0.0044 
        036s  7 0.0026 0.0007 0.0048 0.0028 0.0006 0.6507 0.0007 0.0082 0.0073 0.3215 
        037s  7 0.1831 0.0336 0.0008 0.0532 0.0006 0.0091 0.0073 0.5720 0.0061 0.1342 
        038s  7 0.0414 0.0185 0.0005 0.0223 0.0011 0.0087 0.0029 0.8368 0.0034 0.0645 
        039s  7 0.2917 0.0014 0.0003 0.0116 0.0005 0.0053 0.0003 0.2156 0.0005 0.4729 
        040s  7 0.0049 0.0042 0.0375 0.0109 0.0004 0.0050 0.0102 0.0460 0.0007 0.8802 
        041s  7 0.0084 0.0121 0.0004 0.0037 0.0030 0.3725 0.0102 0.2861 0.0016 0.3021 
        042s  7 0.0094 0.0027 0.0011 0.0035 0.0003 0.1916 0.0078 0.0125 0.0005 0.7707 
        043s  7 0.0186 0.0005 0.0002 0.0063 0.0006 0.8530 0.0016 0.0114 0.0030 0.1049 
        044s  7 0.0023 0.0094 0.0063 0.0324 0.0019 0.2263 0.0201 0.5718 0.0295 0.0999 
         003  8 0.0020 0.0014 0.0015 0.0053 0.0109 0.6119 0.0079 0.1617 0.0008 0.1966 
         009  8 0.0029 0.0007 0.0008 0.0039 0.0007 0.0300 0.0014 0.9170 0.0019 0.0408 
         010  8 0.0194 0.0004 0.0002 0.0200 0.0004 0.8246 0.0005 0.0913 0.0017 0.0415 
         017  8 0.0096 0.0019 0.0007 0.0053 0.0011 0.6637 0.0012 0.2763 0.0048 0.0354 
         002  9 0.0069 0.0009 0.0014 0.0223 0.0006 0.2434 0.0004 0.6540 0.0018 0.0683 
         003  9 0.0069 0.0003 0.0004 0.0017 0.0004 0.0123 0.0003 0.9240 0.0006 0.0531 
         004  9 0.0025 0.0005 0.0003 0.0109 0.0006 0.1053 0.0004 0.6773 0.0018 0.2005 
         005  9 0.0329 0.0006 0.0014 0.0021 0.0018 0.5455 0.0005 0.4043 0.0054 0.0055 
         006  9 0.0030 0.0009 0.0015 0.0095 0.0005 0.0439 0.0010 0.9310 0.0016 0.0070 
         007  9 0.0041 0.0003 0.0007 0.0164 0.0012 0.4233 0.0082 0.4789 0.0010 0.0660 
         009  9 0.0023 0.0017 0.0002 0.0009 0.0019 0.7178 0.0019 0.1450 0.0021 0.1263 
         010  9 0.0017 0.0003 0.0006 0.0005 0.0017 0.0018 0.0004 0.9565 0.0012 0.0354 
         013  9 0.0040 0.0004 0.0016 0.0109 0.0005 0.0729 0.0014 0.7992 0.0014 0.1076 
         014  9 0.0303 0.0004 0.0003 0.0004 0.0053 0.0275 0.0007 0.9232 0.0020 0.0099 
         016  9 0.0048 0.0003 0.0002 0.0088 0.0012 0.3783 0.0003 0.5991 0.0011 0.0060 
         018  9 0.0712 0.0013 0.0011 0.0024 0.0055 0.0397 0.0006 0.8717 0.0018 0.0047 
         019  9 0.0027 0.0007 0.0008 0.0013 0.0048 0.8579 0.0013 0.1172 0.0006 0.0127 
         020  9 0.0064 0.0007 0.0004 0.0012 0.0004 0.2767 0.0006 0.6904 0.0005 0.0227 
         021  9 0.0265 0.0006 0.0002 0.0241 0.0004 0.0085 0.0004 0.9354 0.0007 0.0031 
         022  9 0.1172 0.0005 0.0004 0.0009 0.0015 0.0113 0.0004 0.8586 0.0004 0.0086 
         024  9 0.0056 0.0021 0.0004 0.0013 0.0020 0.8779 0.0003 0.0589 0.0051 0.0463 
         028  9 0.0097 0.0007 0.0009 0.0029 0.0006 0.0767 0.0007 0.8924 0.0018 0.0135 
         029  9 0.0063 0.0006 0.0005 0.0045 0.0011 0.1338 0.0004 0.8414 0.0011 0.0103 
         030  9 0.0510 0.0005 0.0005 0.0058 0.0014 0.2355 0.0004 0.6875 0.0013 0.0161 
         031  9 0.0023 0.0022 0.0004 0.0125 0.0011 0.1886 0.0019 0.7687 0.0003 0.0220 
         033  9 0.0029 0.0017 0.0004 0.0017 0.0007 0.7446 0.0045 0.1050 0.0015 0.1370 
         001 10 0.0104 0.0003 0.0009 0.0005 0.0014 0.3853 0.0007 0.5847 0.0005 0.0152 
         002 10 0.0097 0.0007 0.0002 0.0138 0.0015 0.6987 0.0003 0.0759 0.0009 0.1984 
         003 10 0.0136 0.0008 0.0007 0.0041 0.0005 0.2995 0.0003 0.6156 0.0168 0.0480 
         004 10 0.0160 0.0013 0.0004 0.0139 0.0006 0.5797 0.0003 0.0835 0.0025 0.3018 
         005 10 0.0040 0.0005 0.0005 0.0029 0.0014 0.9551 0.0005 0.0290 0.0012 0.0049 
         006 10 0.0038 0.0016 0.0004 0.0012 0.0007 0.9459 0.0009 0.0068 0.0012 0.0375 
         007 10 0.0053 0.0003 0.0002 0.0051 0.0004 0.7709 0.0004 0.1274 0.0023 0.0875 
         008 10 0.0048 0.0011 0.0007 0.0041 0.0011 0.1916 0.0011 0.7339 0.0045 0.0570 
         009 10 0.0053 0.0011 0.0023 0.0111 0.0051 0.1847 0.0010 0.7754 0.0007 0.0132 
         010 10 0.0043 0.0005 0.0005 0.0010 0.0042 0.7304 0.0009 0.0187 0.0010 0.2384 
         011 10 0.0080 0.0008 0.0015 0.0069 0.0004 0.9206 0.0006 0.0092 0.0325 0.0195 
         012 10 0.0125 0.0030 0.0010 0.0014 0.0004 0.2619 0.0006 0.7110 0.0041 0.0041 
         013 10 0.0045 0.0004 0.0028 0.0009 0.0010 0.5674 0.0003 0.3529 0.0007 0.0691 
         014 10 0.0032 0.0014 0.0009 0.0014 0.0007 0.6603 0.0006 0.0174 0.0014 0.3126 
         016 10 0.0081 0.0024 0.0007 0.0204 0.0020 0.7642 0.0005 0.0306 0.0007 0.1704 
         017 10 0.0051 0.0009 0.0008 0.0012 0.0011 0.0059 0.0012 0.9803 0.0010 0.0025 
         018 10 0.0048 0.0024 0.0004 0.0068 0.0022 0.3439 0.0050 0.6215 0.0007 0.0124 
         019 10 0.0054 0.0019 0.0003 0.0170 0.0041 0.7341 0.0006 0.2141 0.0014 0.0211 
         020 10 0.0021 0.0030 0.0011 0.0046 0.0086 0.0232 0.0010 0.8450 0.0015 0.1098 
         021 10 0.0017 0.0005 0.0004 0.0030 0.0041 0.8674 0.0009 0.0051 0.0005 0.1163 
         022 10 0.0032 0.0010 0.0008 0.0008 0.0003 0.0171 0.0004 0.9250 0.0014 0.0499 
         023 10 0.0050 0.0007 0.0003 0.0019 0.0005 0.7540 0.0004 0.2339 0.0011 0.0022 
         024 10 0.0032 0.0004 0.0002 0.0020 0.0017 0.9147 0.0003 0.0134 0.0019 0.0622 
         026 10 0.0069 0.0011 0.0004 0.0010 0.0006 0.0043 0.0005 0.9801 0.0009 0.0044 
        001s 11 0.0161 0.0009 0.0008 0.0020 0.0010 0.0053 0.0960 0.7970 0.0097 0.0712 
        002s 11 0.0148 0.0018 0.0075 0.0033 0.0057 0.5577 0.0009 0.3532 0.0022 0.0529 
        003s 11 0.1591 0.0008 0.0007 0.0311 0.0015 0.0075 0.0085 0.6927 0.0007 0.0974 
        004s 11 0.0345 0.0006 0.0021 0.0017 0.0003 0.6896 0.0006 0.1980 0.0021 0.0705 
        005s 11 0.0112 0.0014 0.0008 0.0246 0.0078 0.8570 0.0013 0.0143 0.0006 0.0809 
        006s 11 0.0039 0.0238 0.0024 0.0079 0.0018 0.1526 0.0008 0.7214 0.0026 0.0827 
        007s 11 0.0018 0.0042 0.0274 0.0575 0.0014 0.7556 0.0053 0.0063 0.0009 0.1396 
        008s 11 0.0082 0.0005 0.0005 0.1045 0.0008 0.0169 0.0004 0.8630 0.0007 0.0045 
        009s 11 0.0037 0.0004 0.0004 0.0009 0.0141 0.0280 0.0004 0.8956 0.0006 0.0557 
        010s 11 0.0033 0.0020 0.0004 0.0007 0.0005 0.2832 0.0008 0.4449 0.0012 0.2630 
        011s 11 0.0204 0.0016 0.0096 0.0047 0.0004 0.0935 0.0997 0.0037 0.0201 0.7463 
        012s 11 0.3112 0.0025 0.0003 0.0900 0.0007 0.2673 0.0618 0.0632 0.0004 0.2027 
        013s 11 0.0195 0.0013 0.0007 0.0206 0.0004 0.6181 0.0012 0.0733 0.0014 0.2635 
        014s 11 0.1264 0.0046 0.0069 0.0012 0.0013 0.2101 0.0037 0.0036 0.0009 0.6413 
        015s 11 0.0381 0.0017 0.0027 0.0132 0.0021 0.0102 0.0016 0.8832 0.0079 0.0394 
        016s 11 0.0034 0.0018 0.0006 0.0098 0.0067 0.0949 0.0404 0.6030 0.0581 0.1812 
        017s 11 0.3468 0.0020 0.0004 0.0927 0.0008 0.4965 0.0496 0.0055 0.0025 0.0032 
        018s 11 0.0077 0.0037 0.0006 0.0294 0.0011 0.0048 0.0069 0.2610 0.0015 0.6833 
        019s 11 0.0062 0.0010 0.0008 0.0292 0.0003 0.9306 0.0007 0.0047 0.0194 0.0071 
        020s 11 0.0096 0.0016 0.0025 0.0218 0.0026 0.0483 0.0028 0.3002 0.0023 0.6083 
        021s 11 0.0106 0.0014 0.0006 0.0010 0.0006 0.0240 0.0004 0.9472 0.0022 0.0119 
        022s 11 0.1105 0.0009 0.0325 0.0045 0.0012 0.5490 0.0026 0.1468 0.0005 0.1514 
        023s 11 0.0020 0.0023 0.0003 0.0043 0.0007 0.0045 0.0331 0.4575 0.0219 0.4735 
        025s 11 0.0161 0.0006 0.0006 0.0121 0.0003 0.9343 0.0003 0.0073 0.0012 0.0270 
        026s 11 0.0028 0.0009 0.0010 0.0010 0.0006 0.8992 0.0377 0.0103 0.0441 0.0023 
        027s 11 0.0088 0.0009 0.0027 0.0086 0.0005 0.9605 0.0005 0.0067 0.0006 0.0102 
        028s 11 0.1119 0.0028 0.0014 0.0008 0.0005 0.1443 0.0070 0.6174 0.0017 0.1122 
        029s 11 0.0091 0.0017 0.0003 0.0675 0.0015 0.0292 0.0147 0.8731 0.0004 0.0025 
        030s 11 0.0407 0.0011 0.0013 0.0855 0.0011 0.7621 0.0307 0.0013 0.0015 0.0748 
        031s 11 0.0230 0.0004 0.0025 0.0402 0.0008 0.1265 0.0005 0.7824 0.0004 0.0233 
        032s 11 0.0101 0.0010 0.0004 0.0287 0.0007 0.0117 0.0011 0.8621 0.0032 0.0810 
        033s 11 0.0099 0.0011 0.0006 0.0008 0.0013 0.9494 0.0033 0.0067 0.0012 0.0258 
        034s 11 0.0070 0.0021 0.0026 0.0218 0.0004 0.0028 0.0023 0.3644 0.0008 0.5958 
        035s 11 0.0020 0.0018 0.0026 0.0022 0.0022 0.2770 0.0037 0.1322 0.0004 0.5759 
        036s 11 0.0349 0.0023 0.0015 0.0067 0.0016 0.0425 0.0118 0.6786 0.0006 0.2195 
        037s 11 0.0072 0.0057 0.0004 0.0017 0.0012 0.0884 0.0008 0.0233 0.0019 0.8693 
        038s 11 0.2172 0.0064 0.0004 0.0096 0.0010 0.0061 0.0023 0.4202 0.0008 0.3361 
        039s 11 0.0030 0.0008 0.0004 0.0005 0.0007 0.1885 0.0019 0.5857 0.0006 0.2179 
        040s 11 0.0061 0.0143 0.0012 0.0187 0.0007 0.5156 0.0382 0.1708 0.0011 0.2332 
        041s 11 0.0082 0.0011 0.0011 0.0023 0.0216 0.9230 0.0014 0.0034 0.0034 0.0345 
        042s 11 0.0656 0.0020 0.0009 0.0008 0.0010 0.1750 0.0007 0.4287 0.0161 0.3091 
        043s 11 0.0053 0.0233 0.0004 0.0041 0.0006 0.7454 0.0059 0.1707 0.0246 0.0199 
        044s 11 0.0314 0.0016 0.0110 0.0041 0.0012 0.0737 0.0004 0.7795 0.0041 0.0931 
        045s 11 0.0297 0.0025 0.0018 0.0013 0.0004 0.1478 0.0004 0.5852 0.0120 0.2189 
        046s 11 0.0350 0.0019 0.0034 0.0071 0.0007 0.0585 0.0347 0.3769 0.0379 0.4440 
        047s 11 0.0207 0.0009 0.0020 0.0462 0.0007 0.7045 0.0006 0.1055 0.0013 0.1176 
        048s 11 0.0042 0.0033 0.0017 0.0021 0.0019 0.3080 0.0028 0.5577 0.0351 0.0832 
        049s 11 0.0521 0.0008 0.0005 0.0415 0.0016 0.5820 0.0016 0.2763 0.0013 0.0423 
        050s 11 0.0025 0.0003 0.0041 0.0038 0.0004 0.8836 0.0007 0.0088 0.0016 0.0942 
        051s 11 0.0257 0.0008 0.0186 0.0282 0.0008 0.0141 0.0007 0.7032 0.0506 0.1575 
        052s 11 0.0076 0.0024 0.0026 0.0028 0.0012 0.0035 0.0019 0.3373 0.0038 0.6369 
        053s 11 0.0036 0.0004 0.0004 0.0014 0.0015 0.8875 0.0005 0.0563 0.0008 0.0476 
        054s 11 0.0093 0.0028 0.0052 0.0109 0.0006 0.7756 0.0010 0.0632 0.0006 0.1309 
        055s 11 0.0258 0.0605 0.0003 0.0093 0.0004 0.0670 0.0152 0.0045 0.0005 0.8165 
        001s 12 0.0073 0.0026 0.0014 0.0224 0.0013 0.0748 0.0015 0.8590 0.0011 0.0286 
        002s 12 0.0017 0.0005 0.0006 0.0055 0.0013 0.9583 0.0021 0.0213 0.0009 0.0077 
        003s 12 0.0291 0.0005 0.0010 0.0162 0.0006 0.8944 0.0004 0.0169 0.0004 0.0406 
        004s 12 0.0181 0.0002 0.0006 0.0018 0.0025 0.0059 0.0678 0.8953 0.0068 0.0011 
        005s 12 0.0039 0.0017 0.0006 0.0014 0.0006 0.0079 0.0010 0.4706 0.0012 0.5110 
        006s 12 0.1067 0.0043 0.0018 0.0322 0.0010 0.0050 0.0109 0.7368 0.0014 0.0999 
        007s 12 0.0051 0.0008 0.0016 0.0150 0.0035 0.8604 0.0017 0.0158 0.0022 0.0939 
        008s 12 0.0056 0.0399 0.0007 0.0032 0.0005 0.7286 0.0006 0.1301 0.0008 0.0902 
        009s 12 0.0563 0.0027 0.0009 0.1460 0.0243 0.0706 0.0045 0.6787 0.0048 0.0111 
        010s 12 0.0139 0.0042 0.0178 0.0357 0.0010 0.5356 0.0039 0.3629 0.0008 0.0243 
        011s 12 0.0024 0.0009 0.0047 0.0307 0.0009 0.2292 0.0015 0.7198 0.0008 0.0090 
        012s 12 0.0748 0.0008 0.0046 0.0904 0.0003 0.0295 0.0013 0.7722 0.0059 0.0203 
        013s 12 0.0208 0.0005 0.0005 0.0011 0.0008 0.8086 0.0007 0.0200 0.0325 0.1145 
        014s 12 0.0224 0.0034 0.0408 0.0406 0.0042 0.2666 0.0010 0.0646 0.0489 0.5076 
        015s 12 0.0084 0.0013 0.0009 0.0066 0.0022 0.8413 0.0037 0.0248 0.0010 0.1097 
        016s 12 0.0145 0.0003 0.0008 0.0019 0.0005 0.0103 0.0007 0.9657 0.0034 0.0021 
        017s 12 0.0079 0.0009 0.0012 0.0036 0.0005 0.6685 0.0041 0.0403 0.0014 0.2716 
        018s 12 0.0044 0.0033 0.0002 0.0311 0.0018 0.7657 0.0006 0.0059 0.0014 0.1856 
        019s 12 0.0208 0.0008 0.0010 0.0012 0.0033 0.5267 0.0070 0.2861 0.0007 0.1525 
        020s 12 0.0049 0.0020 0.0003 0.0139 0.0002 0.2346 0.0650 0.5492 0.0011 0.1287 
        021s 12 0.1332 0.0008 0.0006 0.0036 0.0008 0.0583 0.0033 0.5870 0.0021 0.2103 
        022s 12 0.0129 0.0122 0.0007 0.0050 0.0070 0.4583 0.0216 0.3478 0.0041 0.1304 
        023s 12 0.0037 0.0005 0.0003 0.0047 0.0013 0.8206 0.0005 0.1161 0.0011 0.0513 
        024s 12 0.0049 0.0017 0.0003 0.0064 0.0004 0.3719 0.0010 0.0078 0.0009 0.6048 
        025s 12 0.0037 0.0317 0.0012 0.0117 0.0043 0.0784 0.0017 0.8547 0.0011 0.0115 
        026s 12 0.0038 0.0010 0.0011 0.0006 0.0173 0.2116 0.0349 0.5679 0.0010 0.1607 
        027s 12 0.0029 0.0054 0.0006 0.0047 0.0005 0.9299 0.0012 0.0464 0.0006 0.0078 
        028s 12 0.0041 0.0019 0.0009 0.0059 0.0168 0.0229 0.0025 0.0167 0.0069 0.9214 
        029s 12 0.0085 0.0006 0.0013 0.0012 0.0006 0.7953 0.0007 0.0132 0.0013 0.1773 
        030s 12 0.0122 0.0008 0.0014 0.0318 0.0005 0.7331 0.0009 0.0226 0.0008 0.1959 
        031s 12 0.0039 0.0010 0.0008 0.0030 0.0011 0.9734 0.0034 0.0042 0.0026 0.0066 
        032s 12 0.0345 0.0015 0.0006 0.0010 0.0083 0.2369 0.0007 0.0060 0.0013 0.7092 
        033s 12 0.0037 0.0050 0.0022 0.0294 0.0006 0.0270 0.0009 0.9124 0.0004 0.0185 
        034s 12 0.0018 0.0021 0.0005 0.0006 0.0005 0.1238 0.0004 0.0342 0.0005 0.8356 
        035s 12 0.0857 0.0035 0.0010 0.0084 0.0007 0.0172 0.0091 0.7678 0.0007 0.1060 
        036s 12 0.2131 0.0183 0.0056 0.0112 0.0037 0.3877 0.0017 0.1611 0.0013 0.1965 
        037s 12 0.0038 0.0005 0.0003 0.0174 0.0015 0.9405 0.0012 0.0047 0.0006 0.0295 
        001s 13 0.0033 0.0012 0.0007 0.0014 0.0013 0.0108 0.0219 0.9409 0.0031 0.0155 
        002s 13 0.0030 0.0091 0.0003 0.1105 0.0003 0.0057 0.0517 0.0626 0.0008 0.7559 
        003s 13 0.0149 0.0030 0.0003 0.0106 0.0011 0.6038 0.0008 0.2075 0.0015 0.1565 
        004s 13 0.0178 0.0008 0.0006 0.0019 0.0130 0.0408 0.0012 0.9009 0.0031 0.0198 
        005s 13 0.0057 0.0036 0.0031 0.0018 0.0023 0.9709 0.0019 0.0056 0.0024 0.0027 
        006s 13 0.0308 0.0015 0.0014 0.0525 0.0012 0.8216 0.0005 0.0304 0.0005 0.0596 
        007s 13 0.0054 0.0048 0.0202 0.0186 0.0005 0.0494 0.0008 0.8762 0.0019 0.0223 
        008s 13 0.0065 0.0029 0.0026 0.0312 0.0019 0.8647 0.0519 0.0075 0.0004 0.0305 
        009s 13 0.0087 0.0033 0.0022 0.0007 0.0052 0.8461 0.1201 0.0106 0.0011 0.0019 
        010s 13 0.1287 0.0020 0.0004 0.0540 0.0019 0.0374 0.0283 0.5057 0.0012 0.2405 
        011s 13 0.0035 0.0084 0.0169 0.0326 0.0061 0.0293 0.0027 0.7441 0.0042 0.1523 
        012s 13 0.3216 0.0016 0.0013 0.0728 0.0050 0.3268 0.0125 0.0145 0.0256 0.2183 
        013s 13 0.0029 0.0013 0.0277 0.0036 0.0015 0.3861 0.0250 0.0203 0.0067 0.5248 
        014s 13 0.0101 0.0092 0.0164 0.0259 0.0015 0.8099 0.0008 0.1075 0.0041 0.0147 
        015s 13 0.0052 0.0005 0.0013 0.0033 0.0095 0.8839 0.0094 0.0095 0.0083 0.0692 
        016s 13 0.0089 0.0008 0.0005 0.0178 0.0006 0.1905 0.0002 0.7392 0.0010 0.0405 
        017s 13 0.0895 0.0535 0.0010 0.0098 0.0037 0.0106 0.0011 0.8187 0.0005 0.0116 
        018s 13 0.0162 0.0015 0.0003 0.0119 0.0009 0.5255 0.0006 0.3489 0.0007 0.0934 
        019s 13 0.0885 0.0040 0.0009 0.0007 0.0005 0.3760 0.0007 0.1603 0.0009 0.3675 
        020s 13 0.0029 0.0088 0.0032 0.0009 0.0022 0.0349 0.0012 0.1416 0.0007 0.8036 
        021s 13 0.0044 0.0004 0.0006 0.0008 0.0007 0.7523 0.0015 0.0289 0.0015 0.2088 
        022s 13 0.0023 0.0022 0.0005 0.0014 0.0005 0.9412 0.0010 0.0068 0.0008 0.0434 
        023s 13 0.0048 0.0039 0.0003 0.0285 0.0007 0.8186 0.0011 0.1178 0.0005 0.0238 
        024s 13 0.0058 0.0014 0.0048 0.1026 0.0007 0.0123 0.0215 0.7956 0.0448 0.0106 
        025s 13 0.0021 0.0009 0.0006 0.0026 0.0007 0.0245 0.0012 0.9542 0.0025 0.0109 
        026s 13 0.0640 0.0145 0.0011 0.0718 0.0004 0.6206 0.0330 0.0064 0.0072 0.1809 
        027s 13 0.0036 0.0011 0.0019 0.0106 0.0046 0.6668 0.0429 0.1368 0.0011 0.1306 
        028s 13 0.0088 0.0297 0.0033 0.0034 0.0106 0.0864 0.0030 0.5651 0.0026 0.2871 
        029s 13 0.0490 0.0022 0.0020 0.0036 0.0010 0.0588 0.0176 0.0175 0.0018 0.8465 
        030s 13 0.0089 0.0010 0.0007 0.0032 0.0005 0.2636 0.0736 0.0486 0.0251 0.5747 
        031s 13 0.0380 0.0009 0.0043 0.0144 0.0010 0.3231 0.0057 0.5059 0.0992 0.0076 
        032s 13 0.0026 0.0004 0.0083 0.0007 0.0006 0.9742 0.0007 0.0086 0.0003 0.0036 
        033s 13 0.0128 0.0158 0.0034 0.0333 0.0010 0.0581 0.0025 0.8502 0.0014 0.0216 
        034s 13 0.0049 0.0019 0.0163 0.0010 0.0035 0.1568 0.0522 0.0034 0.0012 0.7588 
        035s 13 0.0047 0.0015 0.0011 0.0082 0.0014 0.0113 0.0008 0.6964 0.0055 0.2691 
        036s 13 0.0206 0.0015 0.0005 0.0231 0.0007 0.3345 0.0016 0.1465 0.0006 0.4704 
        037s 13 0.0170 0.0005 0.0005 0.0226 0.0007 0.8527 0.0005 0.0109 0.0019 0.0926 
        038s 13 0.0449 0.0044 0.0008 0.0033 0.0013 0.0495 0.0006 0.2948 0.0013 0.5991 
        039s 13 0.0014 0.0008 0.0010 0.0077 0.0015 0.8146 0.0892 0.0144 0.0684 0.0010 
        040s 13 0.0327 0.0004 0.0013 0.0267 0.0005 0.1359 0.0019 0.7700 0.0014 0.0292 
        041s 13 0.0030 0.0009 0.0042 0.0237 0.0009 0.0076 0.0416 0.8240 0.0018 0.0923 
        042s 13 0.0191 0.0022 0.0013 0.0103 0.0014 0.0128 0.0004 0.0837 0.0013 0.8675 
        001s 14 0.0153 0.0026 0.0006 0.0210 0.0009 0.0085 0.0152 0.5669 0.0011 0.3679 
        002s 14 0.0263 0.0021 0.0018 0.0024 0.0041 0.8556 0.0643 0.0035 0.0020 0.0379 
        003s 14 0.0061 0.0034 0.0004 0.0125 0.0009 0.0071 0.0008 0.0160 0.0011 0.9518 
        004s 14 0.0009 0.0010 0.0146 0.0082 0.0008 0.2582 0.0109 0.6975 0.0032 0.0046 
        005s 14 0.0034 0.0003 0.0003 0.0011 0.0010 0.1145 0.0004 0.5302 0.0008 0.3482 
        006s 14 0.0045 0.0011 0.0007 0.0326 0.0005 0.0159 0.0005 0.9245 0.0005 0.0192 
        007s 14 0.0022 0.0016 0.0010 0.0028 0.0006 0.9274 0.0008 0.0520 0.0014 0.0101 
        008s 14 0.0129 0.0021 0.0069 0.0047 0.0225 0.0406 0.1014 0.0690 0.0025 0.7375 
        009s 14 0.0099 0.0052 0.0004 0.0148 0.0063 0.2640 0.0024 0.6739 0.0016 0.0214 
        010s 14 0.0033 0.0010 0.0006 0.0032 0.0126 0.0108 0.0644 0.7793 0.0016 0.1232 
        011s 14 0.0114 0.0408 0.0037 0.0122 0.0014 0.0701 0.0015 0.2693 0.0007 0.5889 
        012s 14 0.0069 0.0046 0.0018 0.0216 0.0021 0.0763 0.0008 0.0540 0.0025 0.8294 
        013s 14 0.4014 0.0015 0.0052 0.0179 0.0008 0.2955 0.0011 0.0374 0.0033 0.2360 
        014s 14 0.0084 0.0011 0.0006 0.0076 0.0070 0.6166 0.0455 0.2894 0.0007 0.0232 
        015s 14 0.0117 0.0014 0.0006 0.0021 0.0101 0.7159 0.0007 0.0143 0.0031 0.2401 
        016s 14 0.0581 0.0009 0.0003 0.0008 0.0007 0.3801 0.0013 0.4701 0.0144 0.0734 
        017s 14 0.0128 0.0015 0.0093 0.0182 0.0010 0.6807 0.0546 0.0070 0.0008 0.2142 
        018s 14 0.0052 0.0009 0.0005 0.0241 0.0018 0.0723 0.0006 0.7605 0.0012 0.1329 
        019s 14 0.0024 0.0012 0.0012 0.0039 0.0006 0.7461 0.0018 0.2311 0.0006 0.0111 
        020s 14 0.0045 0.0020 0.0003 0.0029 0.0063 0.0148 0.0012 0.4633 0.0020 0.5028 
        021s 14 0.0276 0.0008 0.0003 0.0005 0.0125 0.7563 0.0058 0.0874 0.0006 0.1081 
        022s 14 0.0095 0.0015 0.0011 0.0471 0.0019 0.8118 0.0037 0.0085 0.0011 0.1137 
        023s 14 0.0595 0.0004 0.0038 0.0024 0.0019 0.5285 0.0171 0.3591 0.0033 0.0239 
        024s 14 0.0029 0.0109 0.0015 0.0007 0.0026 0.0350 0.0473 0.7094 0.0013 0.1883 
        025s 14 0.0035 0.0005 0.0004 0.0021 0.0005 0.4021 0.0687 0.3448 0.0005 0.1770 
