        001s  1 0.9402 0.0003 0.0008 0.0576 0.0006 0.0004 
        002s  1 0.0504 0.0027 0.0004 0.9447 0.0008 0.0010 
        003s  1 0.0060 0.0006 0.0103 0.9778 0.0033 0.0021 
        004s  1 0.5763 0.0338 0.0002 0.3814 0.0046 0.0036 
        005s  1 0.0065 0.2073 0.0003 0.5624 0.2226 0.0009 
        006s  1 0.9934 0.0016 0.0004 0.0039 0.0003 0.0004 
        007s  1 0.9761 0.0003 0.0007 0.0174 0.0029 0.0026 
        008s  1 0.0910 0.0011 0.0012 0.9024 0.0034 0.0010 
        009s  1 0.5092 0.0056 0.0019 0.4183 0.0580 0.0070 
        010s  1 0.9834 0.0007 0.0006 0.0071 0.0079 0.0004 
        011s  1 0.9846 0.0023 0.0043 0.0054 0.0015 0.0019 
        012s  1 0.8466 0.0046 0.0044 0.0211 0.1220 0.0012 
        013s  1 0.9567 0.0258 0.0008 0.0062 0.0020 0.0084 
        014s  1 0.9465 0.0014 0.0165 0.0046 0.0255 0.0055 
        015s  1 0.9914 0.0004 0.0006 0.0067 0.0006 0.0004 
        016s  1 0.8845 0.0004 0.0009 0.1050 0.0022 0.0071 
        018s  1 0.4994 0.0018 0.0007 0.3504 0.1464 0.0013 
        019s  1 0.9182 0.0004 0.0045 0.0594 0.0165 0.0010 
        020s  1 0.9708 0.0002 0.0066 0.0143 0.0005 0.0075 
        021s  1 0.9731 0.0094 0.0007 0.0108 0.0003 0.0057 
        022s  1 0.0065 0.0002 0.0005 0.9921 0.0002 0.0005 
        023s  1 0.4613 0.0003 0.0010 0.5270 0.0003 0.0100 
        024s  1 0.9889 0.0007 0.0005 0.0082 0.0009 0.0007 
        025s  1 0.8683 0.0014 0.0004 0.1236 0.0054 0.0010 
        026s  1 0.9663 0.0007 0.0044 0.0199 0.0009 0.0077 
        027s  1 0.8061 0.0091 0.0005 0.1795 0.0016 0.0031 
        028s  1 0.8742 0.0533 0.0008 0.0135 0.0576 0.0006 
        029s  1 0.9830 0.0005 0.0043 0.0107 0.0007 0.0008 
        030s  1 0.9644 0.0035 0.0079 0.0228 0.0008 0.0007 
        031s  1 0.9879 0.0002 0.0004 0.0100 0.0004 0.0010 
        032s  1 0.9916 0.0007 0.0013 0.0052 0.0006 0.0007 
        033s  1 0.9865 0.0010 0.0008 0.0067 0.0039 0.0011 
        034s  1 0.0389 0.0011 0.0030 0.9030 0.0011 0.0528 
        035s  1 0.9919 0.0012 0.0016 0.0032 0.0013 0.0008 
        036s  1 0.5330 0.0009 0.0003 0.3734 0.0917 0.0006 
        037s  1 0.8031 0.0077 0.0011 0.0367 0.1117 0.0398 
        038s  1 0.9814 0.0005 0.0006 0.0151 0.0014 0.0009 
        039s  1 0.9556 0.0205 0.0008 0.0224 0.0003 0.0004 
        040s  1 0.9737 0.0034 0.0006 0.0185 0.0010 0.0029 
        041s  1 0.9765 0.0004 0.0008 0.0160 0.0031 0.0031 
        042s  1 0.7878 0.0004 0.0007 0.0570 0.0761 0.0780 
        043s  1 0.0076 0.0009 0.0012 0.9783 0.0115 0.0005 
        044s  1 0.1790 0.0121 0.0025 0.7052 0.0914 0.0097 
        045s  1 0.9855 0.0014 0.0007 0.0068 0.0051 0.0006 
        046s  1 0.9886 0.0004 0.0020 0.0075 0.0010 0.0005 
        047s  1 0.9825 0.0003 0.0013 0.0106 0.0008 0.0046 
        048s  1 0.7524 0.0003 0.0002 0.1819 0.0644 0.0007 
        049s  1 0.0307 0.0009 0.0006 0.9670 0.0004 0.0004 
        050s  1 0.8735 0.0029 0.0004 0.0221 0.1006 0.0005 
        051s  1 0.9701 0.0004 0.0224 0.0060 0.0004 0.0007 
        052s  1 0.3906 0.0089 0.0193 0.5732 0.0061 0.0020 
        053s  1 0.9950 0.0004 0.0003 0.0019 0.0019 0.0005 
        054s  1 0.9889 0.0029 0.0018 0.0053 0.0003 0.0008 
        055s  1 0.8419 0.0015 0.0020 0.0008 0.0891 0.0647 
          01  2 0.8475 0.0012 0.0271 0.0024 0.1205 0.0012 
          02  2 0.9714 0.0021 0.0016 0.0099 0.0144 0.0007 
          03  2 0.9784 0.0007 0.0005 0.0178 0.0013 0.0013 
          04  2 0.6592 0.0153 0.0007 0.3097 0.0036 0.0114 
          05  2 0.0017 0.0003 0.0003 0.8742 0.1231 0.0005 
          06  2 0.9404 0.0014 0.0005 0.0247 0.0324 0.0006 
          07  2 0.9752 0.0025 0.0008 0.0117 0.0092 0.0007 
          08  2 0.0081 0.0005 0.0009 0.9083 0.0812 0.0009 
          09  2 0.9735 0.0003 0.0084 0.0169 0.0005 0.0004 
          10  2 0.9744 0.0007 0.0006 0.0225 0.0014 0.0004 
          11  2 0.9716 0.0011 0.0083 0.0090 0.0075 0.0025 
          12  2 0.8412 0.0007 0.0014 0.1558 0.0006 0.0003 
          13  2 0.9493 0.0004 0.0007 0.0485 0.0005 0.0006 
          14  2 0.6362 0.0061 0.0027 0.3282 0.0002 0.0266 
          15  2 0.7506 0.0008 0.0011 0.2461 0.0005 0.0009 
          16  2 0.9291 0.0591 0.0020 0.0055 0.0011 0.0033 
          17  2 0.6764 0.0009 0.0008 0.3185 0.0024 0.0009 
          18  2 0.9748 0.0033 0.0014 0.0044 0.0152 0.0009 
          19  2 0.9830 0.0003 0.0017 0.0099 0.0011 0.0041 
          20  2 0.9133 0.0059 0.0011 0.0196 0.0528 0.0073 
          21  2 0.9745 0.0004 0.0171 0.0063 0.0012 0.0006 
          22  2 0.9796 0.0032 0.0049 0.0067 0.0014 0.0042 
          23  2 0.9858 0.0020 0.0008 0.0086 0.0010 0.0017 
          24  2 0.9844 0.0005 0.0011 0.0130 0.0005 0.0006 
          25  2 0.9548 0.0251 0.0019 0.0124 0.0052 0.0007 
          26  2 0.0031 0.0004 0.0007 0.9951 0.0004 0.0003 
          27  2 0.9422 0.0282 0.0009 0.0246 0.0009 0.0032 
          28  2 0.9583 0.0002 0.0007 0.0362 0.0012 0.0034 
          29  2 0.9893 0.0009 0.0008 0.0081 0.0007 0.0002 
          30  2 0.6573 0.0005 0.0090 0.0923 0.1582 0.0827 
          01  3 0.1087 0.2191 0.0003 0.2330 0.4300 0.0090 
          02  3 0.1254 0.4625 0.0737 0.0016 0.3315 0.0053 
          03  3 0.3657 0.3137 0.0003 0.0035 0.3157 0.0011 
          04  3 0.1811 0.3521 0.0008 0.0007 0.4645 0.0008 
          05  3 0.0006 0.4015 0.1146 0.0005 0.3615 0.1213 
          06  3 0.0782 0.4977 0.0003 0.0007 0.4226 0.0006 
          07  3 0.3704 0.2498 0.0010 0.0024 0.3761 0.0002 
          08  3 0.0153 0.3239 0.0053 0.2767 0.3743 0.0046 
          09  3 0.2987 0.2679 0.0002 0.0021 0.4274 0.0036 
          10  3 0.0140 0.4186 0.2209 0.0101 0.2028 0.1336 
          11  3 0.2739 0.3064 0.0004 0.0044 0.4148 0.0002 
          12  3 0.2529 0.3141 0.0002 0.0120 0.4202 0.0005 
          13  3 0.0011 0.5209 0.0175 0.0034 0.4569 0.0002 
          14  3 0.0021 0.4585 0.0462 0.0020 0.3344 0.1570 
          15  3 0.3076 0.2767 0.0003 0.0338 0.3802 0.0015 
          16  3 0.0473 0.6026 0.0057 0.0281 0.3118 0.0045 
          17  3 0.3894 0.1787 0.0007 0.0098 0.4210 0.0003 
          18  3 0.0094 0.3366 0.1663 0.0014 0.2070 0.2794 
          19  3 0.0530 0.4643 0.0008 0.1075 0.3714 0.0032 
          20  3 0.1672 0.3116 0.0004 0.0043 0.4586 0.0579 
          21  3 0.2327 0.3759 0.0011 0.0150 0.3724 0.0030 
          22  3 0.0655 0.2291 0.0003 0.2143 0.4870 0.0038 
          23  3 0.1687 0.3582 0.0003 0.0596 0.4123 0.0009 
          24  3 0.0273 0.2875 0.1713 0.0148 0.4948 0.0042 
          25  3 0.0003 0.3064 0.2503 0.0004 0.3128 0.1298 
          26  3 0.2142 0.3416 0.0008 0.0063 0.4365 0.0004 
          27  3 0.0230 0.3704 0.1323 0.0392 0.2592 0.1759 
          28  3 0.0642 0.4648 0.0022 0.0195 0.4491 0.0003 
          29  3 0.0466 0.4214 0.0030 0.1255 0.3946 0.0089 
          30  3 0.0981 0.2493 0.0013 0.2027 0.4484 0.0002 
         001  4 0.0001 0.0001 0.0001 0.0001 0.9996 0.0001 
         002  4 0.0002 0.0002 0.0002 0.0002 0.9991 0.0001 
         003  4 0.0001 0.0001 0.0001 0.0001 0.9995 0.0001 
         004  4 0.0001 0.0001 0.0001 0.0001 0.9995 0.0001 
         005  4 0.0001 0.0002 0.0003 0.0001 0.9991 0.0001 
         006  4 0.0005 0.0727 0.0002 0.0004 0.9259 0.0003 
         007  4 0.0019 0.0529 0.0002 0.0036 0.9407 0.0007 
         008  4 0.0006 0.0003 0.0028 0.0006 0.9881 0.0077 
         009  4 0.0001 0.0001 0.0001 0.0001 0.9994 0.0001 
         010  4 0.0001 0.0041 0.0001 0.0001 0.9957 0.0001 
         011  4 0.0006 0.0163 0.0004 0.0004 0.9430 0.0392 
         012  4 0.0001 0.0000 0.0001 0.0001 0.9996 0.0001 
         013  4 0.0001 0.0001 0.0001 0.0001 0.9996 0.0001 
         014  4 0.0001 0.0001 0.0001 0.0001 0.9994 0.0002 
         015  4 0.0001 0.0001 0.0001 0.0001 0.9997 0.0001 
         016  4 0.0001 0.0001 0.0001 0.0001 0.9996 0.0001 
         017  4 0.0001 0.0002 0.0001 0.0001 0.9994 0.0001 
         019  4 0.0003 0.0845 0.0003 0.0003 0.9141 0.0005 
         020  4 0.0002 0.0001 0.0003 0.0001 0.9992 0.0001 
         021  4 0.0003 0.0096 0.0003 0.0004 0.9891 0.0003 
         001  5 0.0005 0.0003 0.0012 0.0004 0.9619 0.0357 
         002  5 0.0256 0.0005 0.0013 0.0112 0.9578 0.0037 
         003  5 0.0972 0.0753 0.0003 0.0674 0.7552 0.0046 
         004  5 0.0469 0.0006 0.0003 0.0116 0.9364 0.0041 
         005  5 0.0003 0.0012 0.0002 0.0003 0.9973 0.0006 
         006  5 0.0003 0.1017 0.0006 0.0002 0.8970 0.0002 
         007  5 0.0003 0.0884 0.0002 0.0003 0.9104 0.0003 
         008  5 0.0001 0.0033 0.0002 0.0001 0.9962 0.0001 
         009  5 0.0449 0.0033 0.0002 0.0217 0.9289 0.0009 
         010  5 0.0019 0.0686 0.0003 0.0011 0.9259 0.0022 
         011  5 0.0012 0.0007 0.0003 0.0013 0.9924 0.0042 
         012  5 0.0381 0.0784 0.0007 0.0140 0.8670 0.0018 
         013  5 0.1724 0.0517 0.0004 0.0224 0.7522 0.0009 
         014  5 0.0874 0.0950 0.0137 0.0677 0.7025 0.0337 
         015  5 0.0002 0.0306 0.0002 0.0001 0.9687 0.0002 
         016  5 0.0017 0.0592 0.0008 0.0011 0.9367 0.0004 
         017  5 0.0306 0.0800 0.0023 0.0076 0.8793 0.0002 
         018  5 0.0057 0.0407 0.0285 0.0138 0.8759 0.0353 
         019  5 0.0004 0.0001 0.0075 0.0003 0.9898 0.0018 
         020  5 0.0001 0.0001 0.0001 0.0001 0.9994 0.0001 
         021  5 0.1362 0.0002 0.0004 0.0038 0.8577 0.0017 
         022  5 0.0114 0.0047 0.0025 0.0036 0.9261 0.0517 
         023  5 0.0022 0.0296 0.0003 0.0006 0.9652 0.0021 
         024  5 0.0312 0.0657 0.0003 0.0142 0.8880 0.0005 
         025  5 0.0256 0.0724 0.0010 0.0092 0.8913 0.0005 
         026  5 0.1441 0.0141 0.0003 0.0025 0.8384 0.0005 
         027  5 0.0001 0.0002 0.0001 0.0001 0.9993 0.0002 
         028  5 0.0113 0.0498 0.0005 0.0033 0.9227 0.0125 
         029  5 0.0004 0.0020 0.0002 0.0003 0.9969 0.0002 
         030  5 0.0005 0.0010 0.0056 0.0007 0.9901 0.0022 
        001s  6 0.7793 0.0280 0.0006 0.1769 0.0007 0.0146 
        002s  6 0.9225 0.0005 0.0187 0.0118 0.0458 0.0006 
        003s  6 0.4960 0.0005 0.0004 0.4892 0.0104 0.0035 
        004s  6 0.9695 0.0002 0.0004 0.0288 0.0005 0.0007 
        006s  6 0.8979 0.0138 0.0012 0.0187 0.0585 0.0099 
        007s  6 0.9847 0.0022 0.0007 0.0114 0.0005 0.0005 
        008s  6 0.9491 0.0005 0.0025 0.0411 0.0023 0.0045 
        009s  6 0.9808 0.0005 0.0010 0.0167 0.0003 0.0007 
        010s  6 0.9615 0.0075 0.0084 0.0042 0.0074 0.0110 
        011s  6 0.9879 0.0020 0.0002 0.0080 0.0005 0.0013 
        012s  6 0.9862 0.0038 0.0025 0.0054 0.0006 0.0014 
        013s  6 0.9851 0.0006 0.0005 0.0121 0.0012 0.0005 
        014s  6 0.7983 0.0003 0.0003 0.1140 0.0868 0.0004 
        015s  6 0.9699 0.0065 0.0006 0.0089 0.0081 0.0060 
        016s  6 0.9921 0.0008 0.0005 0.0049 0.0005 0.0013 
        018s  6 0.7093 0.0014 0.0006 0.0201 0.2659 0.0028 
        019s  6 0.9012 0.0016 0.0007 0.0844 0.0095 0.0026 
        020s  6 0.9648 0.0006 0.0005 0.0332 0.0003 0.0005 
        021s  6 0.9763 0.0119 0.0013 0.0056 0.0014 0.0035 
        022s  6 0.9571 0.0003 0.0005 0.0378 0.0011 0.0033 
        023s  6 0.0181 0.0006 0.0004 0.9588 0.0213 0.0008 
        024s  6 0.9558 0.0022 0.0021 0.0077 0.0316 0.0006 
        025s  6 0.9147 0.0010 0.0006 0.0157 0.0017 0.0663 
        026s  6 0.9877 0.0006 0.0016 0.0091 0.0005 0.0005 
        027s  6 0.9524 0.0004 0.0011 0.0447 0.0010 0.0004 
        028s  6 0.9346 0.0071 0.0440 0.0029 0.0072 0.0041 
        029s  6 0.9892 0.0003 0.0014 0.0077 0.0004 0.0009 
        030s  6 0.9037 0.0010 0.0014 0.0156 0.0721 0.0063 
        031s  6 0.0251 0.0033 0.0004 0.9693 0.0015 0.0004 
        032s  6 0.9857 0.0014 0.0004 0.0046 0.0072 0.0006 
        033s  6 0.9057 0.0002 0.0004 0.0013 0.0919 0.0004 
        034s  6 0.9398 0.0020 0.0005 0.0436 0.0012 0.0129 
        035s  6 0.0033 0.0004 0.0010 0.8537 0.1399 0.0017 
        036s  6 0.9875 0.0055 0.0003 0.0051 0.0007 0.0009 
        037s  6 0.9877 0.0006 0.0022 0.0068 0.0008 0.0019 
        038s  6 0.9072 0.0020 0.0010 0.0888 0.0003 0.0008 
        039s  6 0.9495 0.0004 0.0007 0.0486 0.0003 0.0006 
        040s  6 0.5415 0.0029 0.0007 0.4542 0.0003 0.0004 
        041s  6 0.0985 0.0002 0.0057 0.8475 0.0430 0.0052 
        042s  6 0.9363 0.0005 0.0019 0.0058 0.0085 0.0471 
        043s  6 0.9836 0.0009 0.0002 0.0091 0.0007 0.0054 
        044s  6 0.9791 0.0004 0.0025 0.0164 0.0007 0.0008 
        045s  6 0.9722 0.0004 0.0008 0.0187 0.0059 0.0020 
        001s  7 0.0050 0.0003 0.0003 0.9925 0.0008 0.0011 
        002s  7 0.1339 0.0014 0.0013 0.8434 0.0186 0.0015 
        003s  7 0.0191 0.0013 0.0014 0.9760 0.0013 0.0010 
        004s  7 0.9877 0.0025 0.0012 0.0073 0.0008 0.0006 
        005s  7 0.9744 0.0017 0.0006 0.0119 0.0094 0.0020 
        006s  7 0.9348 0.0010 0.0003 0.0028 0.0548 0.0064 
        007s  7 0.9691 0.0066 0.0124 0.0047 0.0056 0.0017 
        008s  7 0.0040 0.0004 0.0026 0.9774 0.0146 0.0011 
        009s  7 0.9778 0.0017 0.0004 0.0086 0.0029 0.0087 
        010s  7 0.0075 0.0003 0.0010 0.9891 0.0010 0.0011 
        011s  7 0.9798 0.0005 0.0010 0.0171 0.0006 0.0009 
        012s  7 0.9898 0.0006 0.0004 0.0083 0.0005 0.0005 
        013s  7 0.9850 0.0059 0.0006 0.0043 0.0004 0.0039 
        014s  7 0.1961 0.0007 0.0007 0.7688 0.0334 0.0003 
        015s  7 0.9759 0.0010 0.0015 0.0087 0.0120 0.0009 
        016s  7 0.0017 0.0002 0.0002 0.8887 0.1072 0.0019 
        017s  7 0.9854 0.0007 0.0003 0.0121 0.0011 0.0005 
        018s  7 0.9741 0.0005 0.0033 0.0195 0.0023 0.0004 
        019s  7 0.9325 0.0012 0.0026 0.0538 0.0014 0.0085 
        020s  7 0.9939 0.0014 0.0002 0.0035 0.0006 0.0003 
        021s  7 0.9920 0.0005 0.0014 0.0039 0.0014 0.0008 
        022s  7 0.9890 0.0027 0.0003 0.0053 0.0019 0.0008 
        023s  7 0.9601 0.0012 0.0014 0.0146 0.0082 0.0146 
        024s  7 0.9709 0.0006 0.0015 0.0251 0.0013 0.0007 
        025s  7 0.9870 0.0047 0.0010 0.0057 0.0008 0.0009 
        026s  7 0.0066 0.0002 0.0010 0.9899 0.0015 0.0008 
        027s  7 0.6525 0.0008 0.0017 0.3437 0.0008 0.0005 
        028s  7 0.9451 0.0006 0.0002 0.0480 0.0056 0.0006 
        029s  7 0.9071 0.0009 0.0008 0.0811 0.0081 0.0020 
        030s  7 0.8440 0.0005 0.0039 0.1474 0.0002 0.0040 
        031s  7 0.7898 0.0010 0.0005 0.1952 0.0019 0.0116 
        032s  7 0.8946 0.0003 0.0036 0.0037 0.0976 0.0003 
        033s  7 0.9508 0.0009 0.0030 0.0074 0.0363 0.0016 
        034s  7 0.9544 0.0397 0.0013 0.0029 0.0012 0.0005 
        035s  7 0.9942 0.0003 0.0005 0.0033 0.0003 0.0014 
        036s  7 0.9784 0.0035 0.0007 0.0094 0.0006 0.0074 
        037s  7 0.7321 0.0048 0.0004 0.1958 0.0633 0.0036 
        038s  7 0.9431 0.0006 0.0008 0.0406 0.0132 0.0017 
        039s  7 0.0310 0.0003 0.0004 0.9674 0.0005 0.0003 
        040s  7 0.0018 0.0210 0.0003 0.9641 0.0121 0.0007 
        041s  7 0.9477 0.0007 0.0018 0.0188 0.0300 0.0010 
        042s  7 0.0071 0.0006 0.0003 0.9883 0.0033 0.0004 
        043s  7 0.9872 0.0002 0.0006 0.0073 0.0010 0.0037 
        044s  7 0.9099 0.0126 0.0010 0.0042 0.0500 0.0223 
         003  8 0.9825 0.0012 0.0092 0.0031 0.0034 0.0006 
         009  8 0.9913 0.0004 0.0005 0.0052 0.0012 0.0014 
         010  8 0.9722 0.0002 0.0004 0.0248 0.0004 0.0020 
         017  8 0.9885 0.0007 0.0012 0.0055 0.0007 0.0034 
         002  9 0.9906 0.0006 0.0006 0.0070 0.0003 0.0009 
         003  9 0.9956 0.0003 0.0003 0.0033 0.0002 0.0004 
         004  9 0.9926 0.0003 0.0005 0.0052 0.0004 0.0011 
         005  9 0.9852 0.0010 0.0009 0.0081 0.0003 0.0044 
         006  9 0.9934 0.0007 0.0006 0.0032 0.0006 0.0015 
         007  9 0.9897 0.0003 0.0012 0.0047 0.0030 0.0012 
         009  9 0.9897 0.0003 0.0013 0.0055 0.0017 0.0015 
         010  9 0.9906 0.0004 0.0017 0.0057 0.0003 0.0014 
         013  9 0.9824 0.0006 0.0004 0.0142 0.0010 0.0015 
         014  9 0.9807 0.0003 0.0042 0.0128 0.0004 0.0018 
         016  9 0.9945 0.0002 0.0010 0.0037 0.0002 0.0005 
         018  9 0.9678 0.0010 0.0036 0.0258 0.0006 0.0012 
         019  9 0.9922 0.0006 0.0038 0.0025 0.0005 0.0004 
         020  9 0.9955 0.0003 0.0005 0.0031 0.0004 0.0003 
         021  9 0.9775 0.0002 0.0004 0.0207 0.0004 0.0008 
         022  9 0.8848 0.0004 0.0013 0.1127 0.0003 0.0006 
         024  9 0.9870 0.0004 0.0020 0.0070 0.0005 0.0031 
         028  9 0.9911 0.0005 0.0005 0.0061 0.0004 0.0014 
         029  9 0.9908 0.0004 0.0011 0.0067 0.0003 0.0007 
         030  9 0.9903 0.0003 0.0009 0.0072 0.0004 0.0009 
         031  9 0.9898 0.0004 0.0010 0.0063 0.0022 0.0004 
         033  9 0.9855 0.0004 0.0006 0.0069 0.0055 0.0011 
         001 10 0.9854 0.0004 0.0009 0.0124 0.0006 0.0004 
         002 10 0.9941 0.0002 0.0011 0.0037 0.0003 0.0006 
         003 10 0.9818 0.0008 0.0005 0.0065 0.0002 0.0101 
         004 10 0.9616 0.0003 0.0005 0.0344 0.0003 0.0029 
         005 10 0.9919 0.0004 0.0012 0.0053 0.0004 0.0008 
         006 10 0.9941 0.0004 0.0005 0.0033 0.0012 0.0005 
         007 10 0.9937 0.0004 0.0005 0.0033 0.0005 0.0016 
         008 10 0.9906 0.0006 0.0007 0.0044 0.0006 0.0031 
         009 10 0.9907 0.0013 0.0028 0.0044 0.0005 0.0003 
         010 10 0.9897 0.0004 0.0024 0.0061 0.0006 0.0008 
         011 10 0.9572 0.0012 0.0004 0.0091 0.0005 0.0316 
         012 10 0.9907 0.0009 0.0004 0.0048 0.0006 0.0026 
         013 10 0.9881 0.0023 0.0008 0.0078 0.0003 0.0006 
         014 10 0.9862 0.0007 0.0005 0.0113 0.0004 0.0008 
         016 10 0.9845 0.0008 0.0015 0.0119 0.0006 0.0008 
         017 10 0.9894 0.0009 0.0013 0.0071 0.0006 0.0007 
         018 10 0.9869 0.0003 0.0021 0.0036 0.0064 0.0007 
         019 10 0.9906 0.0003 0.0042 0.0033 0.0004 0.0012 
         020 10 0.9853 0.0008 0.0057 0.0058 0.0007 0.0017 
         021 10 0.9843 0.0003 0.0014 0.0129 0.0007 0.0004 
         022 10 0.9802 0.0007 0.0004 0.0175 0.0002 0.0010 
         023 10 0.9928 0.0005 0.0005 0.0051 0.0002 0.0008 
         024 10 0.9945 0.0002 0.0011 0.0025 0.0003 0.0014 
         026 10 0.9953 0.0004 0.0005 0.0030 0.0004 0.0004 
        001s 11 0.3657 0.0004 0.0009 0.5361 0.0869 0.0101 
        002s 11 0.9790 0.0069 0.0031 0.0095 0.0005 0.0011 
        003s 11 0.7777 0.0004 0.0010 0.2153 0.0050 0.0007 
        004s 11 0.9312 0.0017 0.0003 0.0655 0.0004 0.0010 
        005s 11 0.9205 0.0005 0.0032 0.0736 0.0018 0.0005 
        006s 11 0.9782 0.0099 0.0016 0.0071 0.0014 0.0019 
        007s 11 0.9359 0.0361 0.0015 0.0177 0.0077 0.0010 
        008s 11 0.9597 0.0005 0.0006 0.0381 0.0006 0.0004 
        009s 11 0.9789 0.0004 0.0154 0.0045 0.0003 0.0004 
        010s 11 0.9864 0.0003 0.0003 0.0105 0.0018 0.0006 
        011s 11 0.0205 0.0046 0.0003 0.8646 0.1019 0.0082 
        012s 11 0.8428 0.0003 0.0005 0.0449 0.1112 0.0004 
        013s 11 0.8626 0.0007 0.0002 0.1344 0.0013 0.0009 
        014s 11 0.0061 0.0042 0.0014 0.9838 0.0034 0.0011 
        015s 11 0.9352 0.0017 0.0011 0.0567 0.0016 0.0037 
        016s 11 0.8857 0.0006 0.0058 0.0139 0.0446 0.0495 
        017s 11 0.0507 0.0007 0.0006 0.8573 0.0876 0.0031 
        018s 11 0.0083 0.0009 0.0008 0.9855 0.0037 0.0008 
        019s 11 0.9739 0.0008 0.0003 0.0052 0.0007 0.0192 
        020s 11 0.2126 0.0007 0.0023 0.7813 0.0013 0.0018 
        021s 11 0.9906 0.0006 0.0004 0.0070 0.0005 0.0009 
        022s 11 0.8472 0.0298 0.0007 0.1209 0.0008 0.0006 
        023s 11 0.0079 0.0003 0.0005 0.9326 0.0409 0.0178 
        025s 11 0.9916 0.0005 0.0002 0.0064 0.0003 0.0010 
        026s 11 0.9169 0.0005 0.0006 0.0045 0.0283 0.0493 
        027s 11 0.9923 0.0016 0.0004 0.0045 0.0007 0.0004 
        028s 11 0.9701 0.0007 0.0004 0.0202 0.0072 0.0013 
        029s 11 0.9409 0.0004 0.0007 0.0052 0.0526 0.0003 
        030s 11 0.9429 0.0018 0.0008 0.0053 0.0482 0.0010 
        031s 11 0.9687 0.0008 0.0006 0.0292 0.0003 0.0004 
        032s 11 0.8195 0.0003 0.0008 0.1761 0.0012 0.0021 
        033s 11 0.7632 0.0003 0.0010 0.2310 0.0035 0.0009 
        034s 11 0.0096 0.0012 0.0003 0.9875 0.0009 0.0004 
        035s 11 0.2858 0.0023 0.0014 0.7078 0.0023 0.0004 
        036s 11 0.9398 0.0018 0.0016 0.0403 0.0161 0.0004 
        037s 11 0.0123 0.0004 0.0012 0.9821 0.0024 0.0017 
        038s 11 0.1679 0.0006 0.0008 0.8280 0.0019 0.0008 
        039s 11 0.9929 0.0002 0.0004 0.0041 0.0018 0.0006 
        040s 11 0.9246 0.0024 0.0005 0.0006 0.0715 0.0003 
        041s 11 0.9585 0.0008 0.0209 0.0164 0.0005 0.0029 
        042s 11 0.0263 0.0008 0.0009 0.9595 0.0008 0.0116 
        043s 11 0.9453 0.0005 0.0004 0.0072 0.0336 0.0131 
        044s 11 0.9349 0.0042 0.0013 0.0542 0.0004 0.0050 
        045s 11 0.9091 0.0016 0.0004 0.0795 0.0004 0.0090 
        046s 11 0.0601 0.0015 0.0009 0.8838 0.0199 0.0338 
        047s 11 0.9914 0.0013 0.0006 0.0053 0.0005 0.0009 
        048s 11 0.9585 0.0021 0.0017 0.0034 0.0038 0.0305 
        049s 11 0.9595 0.0005 0.0010 0.0369 0.0011 0.0010 
        050s 11 0.9933 0.0013 0.0004 0.0035 0.0005 0.0010 
        051s 11 0.8770 0.0209 0.0005 0.0530 0.0004 0.0482 
        052s 11 0.0079 0.0019 0.0013 0.9854 0.0018 0.0017 
        053s 11 0.9886 0.0003 0.0013 0.0086 0.0004 0.0007 
        054s 11 0.9812 0.0060 0.0005 0.0106 0.0010 0.0007 
        055s 11 0.0095 0.0008 0.0002 0.9244 0.0646 0.0005 
        001s 12 0.9855 0.0045 0.0011 0.0066 0.0015 0.0008 
        002s 12 0.9935 0.0005 0.0024 0.0021 0.0008 0.0006 
        003s 12 0.9930 0.0006 0.0005 0.0052 0.0004 0.0003 
        004s 12 0.9087 0.0006 0.0018 0.0294 0.0532 0.0063 
        005s 12 0.1297 0.0005 0.0009 0.8676 0.0004 0.0008 
        006s 12 0.8737 0.0025 0.0008 0.0915 0.0306 0.0009 
        007s 12 0.9905 0.0010 0.0031 0.0032 0.0009 0.0014 
        008s 12 0.9821 0.0009 0.0005 0.0078 0.0080 0.0007 
        009s 12 0.8157 0.0012 0.0212 0.1404 0.0182 0.0034 
        010s 12 0.9386 0.0293 0.0013 0.0230 0.0073 0.0005 
        011s 12 0.9802 0.0016 0.0008 0.0152 0.0014 0.0007 
        012s 12 0.9706 0.0067 0.0005 0.0181 0.0010 0.0032 
        013s 12 0.9550 0.0004 0.0006 0.0084 0.0007 0.0349 
        014s 12 0.1337 0.0356 0.0027 0.7827 0.0017 0.0436 
        015s 12 0.9887 0.0005 0.0015 0.0050 0.0033 0.0010 
        016s 12 0.9721 0.0004 0.0005 0.0214 0.0005 0.0051 
        017s 12 0.9664 0.0007 0.0003 0.0282 0.0033 0.0011 
        018s 12 0.9764 0.0003 0.0024 0.0171 0.0023 0.0016 
        019s 12 0.9810 0.0006 0.0025 0.0113 0.0042 0.0004 
        020s 12 0.9123 0.0004 0.0002 0.0046 0.0815 0.0009 
        021s 12 0.9524 0.0004 0.0005 0.0416 0.0029 0.0022 
        022s 12 0.9298 0.0011 0.0032 0.0206 0.0407 0.0047 
        023s 12 0.9904 0.0003 0.0007 0.0074 0.0004 0.0009 
        024s 12 0.1987 0.0003 0.0004 0.7991 0.0007 0.0008 
        025s 12 0.9867 0.0024 0.0036 0.0032 0.0031 0.0011 
        026s 12 0.9347 0.0005 0.0174 0.0149 0.0319 0.0007 
        027s 12 0.9921 0.0006 0.0004 0.0041 0.0024 0.0004 
        028s 12 0.0089 0.0004 0.0099 0.9759 0.0016 0.0033 
        029s 12 0.9369 0.0005 0.0002 0.0611 0.0005 0.0009 
        030s 12 0.9926 0.0011 0.0004 0.0048 0.0007 0.0004 
        031s 12 0.9860 0.0011 0.0006 0.0059 0.0043 0.0021 
        032s 12 0.0133 0.0004 0.0090 0.9762 0.0004 0.0006 
        033s 12 0.9897 0.0055 0.0006 0.0028 0.0011 0.0003 
        034s 12 0.1598 0.0004 0.0009 0.8384 0.0003 0.0003 
        035s 12 0.8303 0.0009 0.0005 0.1560 0.0118 0.0004 
        036s 12 0.7123 0.0062 0.0042 0.2737 0.0029 0.0007 
        037s 12 0.9936 0.0003 0.0011 0.0035 0.0008 0.0007 
        001s 13 0.9764 0.0005 0.0009 0.0091 0.0112 0.0018 
        002s 13 0.0126 0.0004 0.0003 0.9035 0.0826 0.0006 
        003s 13 0.9899 0.0003 0.0008 0.0072 0.0008 0.0010 
        004s 13 0.9500 0.0004 0.0106 0.0351 0.0006 0.0032 
        005s 13 0.9784 0.0044 0.0019 0.0111 0.0021 0.0020 
        006s 13 0.9778 0.0011 0.0008 0.0192 0.0006 0.0005 
        007s 13 0.9601 0.0311 0.0005 0.0067 0.0008 0.0008 
        008s 13 0.9374 0.0014 0.0011 0.0082 0.0513 0.0007 
        009s 13 0.8527 0.0026 0.0092 0.0073 0.1270 0.0013 
        010s 13 0.9161 0.0010 0.0012 0.0117 0.0687 0.0013 
        011s 13 0.9278 0.0283 0.0061 0.0301 0.0050 0.0027 
        012s 13 0.4267 0.0011 0.0032 0.4969 0.0529 0.0191 
        013s 13 0.5939 0.0113 0.0012 0.3677 0.0187 0.0072 
        014s 13 0.9558 0.0329 0.0007 0.0066 0.0007 0.0033 
        015s 13 0.9698 0.0008 0.0100 0.0088 0.0045 0.0062 
        016s 13 0.9858 0.0004 0.0007 0.0118 0.0004 0.0009 
        017s 13 0.9358 0.0091 0.0022 0.0378 0.0145 0.0005 
        018s 13 0.9755 0.0003 0.0005 0.0229 0.0004 0.0005 
        019s 13 0.7374 0.0012 0.0003 0.2596 0.0005 0.0009 
        020s 13 0.0959 0.0042 0.0015 0.8966 0.0015 0.0004 
        021s 13 0.9884 0.0003 0.0006 0.0090 0.0009 0.0009 
        022s 13 0.9951 0.0006 0.0003 0.0024 0.0009 0.0007 
        023s 13 0.9860 0.0004 0.0005 0.0116 0.0012 0.0003 
        024s 13 0.9200 0.0030 0.0006 0.0161 0.0217 0.0385 
        025s 13 0.9927 0.0004 0.0008 0.0037 0.0007 0.0017 
        026s 13 0.7865 0.0055 0.0004 0.1130 0.0896 0.0049 
        027s 13 0.9480 0.0021 0.0028 0.0027 0.0429 0.0015 
        028s 13 0.0489 0.0104 0.0082 0.9209 0.0073 0.0043 
        029s 13 0.0063 0.0009 0.0004 0.9775 0.0142 0.0007 
        030s 13 0.0209 0.0004 0.0006 0.8907 0.0652 0.0222 
        031s 13 0.8779 0.0011 0.0006 0.0184 0.0038 0.0983 
        032s 13 0.9899 0.0022 0.0006 0.0065 0.0005 0.0004 
        033s 13 0.9592 0.0307 0.0006 0.0053 0.0032 0.0009 
        034s 13 0.0134 0.0042 0.0018 0.9430 0.0368 0.0008 
        035s 13 0.9314 0.0007 0.0014 0.0627 0.0006 0.0033 
        036s 13 0.7946 0.0004 0.0005 0.2021 0.0020 0.0004 
        037s 13 0.9874 0.0005 0.0005 0.0093 0.0004 0.0019 
        038s 13 0.0815 0.0017 0.0011 0.9137 0.0010 0.0010 
        039s 13 0.8187 0.0010 0.0007 0.0064 0.1004 0.0728 
        040s 13 0.9744 0.0007 0.0003 0.0224 0.0012 0.0009 
        041s 13 0.9317 0.0024 0.0005 0.0033 0.0601 0.0020 
        042s 13 0.0080 0.0007 0.0006 0.9897 0.0003 0.0007 
        001s 14 0.0185 0.0006 0.0012 0.9567 0.0222 0.0007 
        002s 14 0.9253 0.0026 0.0030 0.0064 0.0619 0.0009 
        003s 14 0.0045 0.0004 0.0005 0.9931 0.0006 0.0009 
        004s 14 0.9808 0.0052 0.0008 0.0018 0.0083 0.0031 
        005s 14 0.8930 0.0002 0.0005 0.1055 0.0002 0.0006 
        006s 14 0.9925 0.0006 0.0002 0.0061 0.0003 0.0003 
        007s 14 0.9926 0.0006 0.0004 0.0049 0.0007 0.0009 
        008s 14 0.0044 0.0010 0.0164 0.8835 0.0916 0.0032 
        009s 14 0.9771 0.0007 0.0055 0.0138 0.0019 0.0010 
        010s 14 0.7189 0.0005 0.0164 0.2049 0.0582 0.0012 
        011s 14 0.5007 0.0292 0.0007 0.4623 0.0064 0.0007 
        012s 14 0.0082 0.0020 0.0017 0.9859 0.0006 0.0015 
        013s 14 0.0205 0.0039 0.0008 0.9680 0.0008 0.0060 
        014s 14 0.9361 0.0004 0.0046 0.0220 0.0365 0.0004 
        015s 14 0.9761 0.0006 0.0094 0.0107 0.0007 0.0025 
        016s 14 0.9849 0.0002 0.0005 0.0035 0.0013 0.0095 
        017s 14 0.9094 0.0109 0.0009 0.0251 0.0530 0.0006 
        018s 14 0.9902 0.0004 0.0011 0.0063 0.0006 0.0014 
        019s 14 0.9927 0.0016 0.0004 0.0034 0.0011 0.0008 
        020s 14 0.0406 0.0002 0.0098 0.9472 0.0009 0.0013 
        021s 14 0.9783 0.0003 0.0079 0.0077 0.0052 0.0006 
        022s 14 0.9386 0.0026 0.0017 0.0517 0.0042 0.0011 
        023s 14 0.8912 0.0007 0.0027 0.0989 0.0040 0.0025 
        024s 14 0.6407 0.0021 0.0019 0.2978 0.0557 0.0018 
        025s 14 0.9142 0.0002 0.0003 0.0234 0.0615 0.0004 
        026s 14 0.7642 0.0002 0.0019 0.2317 0.0007 0.0013 
        027s 14 0.9616 0.0006 0.0006 0.0315 0.0023 0.0034 
        028s 14 0.9016 0.0021 0.0023 0.0927 0.0005 0.0008 
        029s 14 0.9686 0.0003 0.0005 0.0292 0.0003 0.0011 
        030s 14 0.1628 0.0118 0.0006 0.8236 0.0006 0.0005 
        031s 14 0.4930 0.0161 0.0006 0.4887 0.0005 0.0012 
        032s 14 0.9444 0.0011 0.0004 0.0514 0.0009 0.0017 
        033s 14 0.6529 0.0505 0.0009 0.2945 0.0006 0.0005 
        034s 14 0.9922 0.0003 0.0006 0.0059 0.0004 0.0005 
        035s 14 0.7410 0.0822 0.0004 0.0963 0.0795 0.0006 
        036s 14 0.2072 0.0376 0.0015 0.6771 0.0698 0.0069 
        037s 14 0.9698 0.0003 0.0007 0.0259 0.0010 0.0023 
        038s 14 0.9881 0.0007 0.0005 0.0094 0.0007 0.0005 
        039s 14 0.9790 0.0016 0.0020 0.0096 0.0026 0.0052 
        040s 14 0.9740 0.0007 0.0004 0.0124 0.0111 0.0013 
        041s 14 0.1207 0.0011 0.0006 0.8763 0.0008 0.0005 
        042s 14 0.7535 0.0004 0.0009 0.1684 0.0757 0.0012 
        001s 15 0.3825 0.0003 0.0007 0.6134 0.0007 0.0024 
        002s 15 0.1881 0.0035 0.0087 0.6925 0.0914 0.0158 
        003s 15 0.9763 0.0006 0.0011 0.0060 0.0104 0.0055 
        004s 15 0.9661 0.0004 0.0088 0.0237 0.0008 0.0003 
        005s 15 0.9756 0.0022 0.0008 0.0040 0.0128 0.0045 
        006s 15 0.9659 0.0011 0.0006 0.0188 0.0127 0.0009 
        007s 15 0.9401 0.0004 0.0010 0.0576 0.0003 0.0006 
        008s 15 0.9711 0.0005 0.0006 0.0269 0.0004 0.0005 
        009s 15 0.8842 0.0028 0.0004 0.0512 0.0292 0.0322 
        010s 15 0.0208 0.0005 0.0003 0.9765 0.0005 0.0015 
        011s 15 0.8700 0.0630 0.0003 0.0647 0.0008 0.0011 
        012s 15 0.9884 0.0015 0.0014 0.0048 0.0022 0.0017 
        013s 15 0.0097 0.0003 0.0036 0.9844 0.0008 0.0012 
        014s 15 0.9806 0.0009 0.0043 0.0083 0.0021 0.0038 
        015s 15 0.9131 0.0041 0.0016 0.0018 0.0759 0.0034 
        016s 15 0.0075 0.0623 0.0328 0.8922 0.0049 0.0003 
        017s 15 0.9786 0.0007 0.0107 0.0061 0.0020 0.0019 
        018s 15 0.0632 0.0002 0.0021 0.9316 0.0024 0.0005 
        019s 15 0.0056 0.0005 0.0008 0.9839 0.0051 0.0042 
        020s 15 0.1200 0.0006 0.0004 0.8781 0.0005 0.0004 
        021s 15 0.8348 0.0006 0.0013 0.0818 0.0789 0.0027 
        022s 15 0.6846 0.0018 0.0006 0.3116 0.0008 0.0006 
        023s 15 0.7901 0.0024 0.0005 0.1790 0.0274 0.0007 
        024s 15 0.9924 0.0016 0.0003 0.0041 0.0010 0.0006 
        025s 15 0.9583 0.0009 0.0016 0.0095 0.0059 0.0238 
        026s 15 0.9604 0.0005 0.0035 0.0141 0.0008 0.0207 
        027s 15 0.9669 0.0077 0.0121 0.0095 0.0032 0.0006 
        028s 15 0.9867 0.0014 0.0017 0.0088 0.0004 0.0011 
        029s 15 0.9902 0.0009 0.0016 0.0056 0.0008 0.0009 
        030s 15 0.9825 0.0004 0.0014 0.0147 0.0005 0.0005 
        031s 15 0.8821 0.0014 0.0013 0.0429 0.0658 0.0065 
        032s 15 0.9898 0.0002 0.0007 0.0075 0.0006 0.0012 
        033s 15 0.0144 0.0010 0.0013 0.9357 0.0473 0.0003 
        035s 15 0.9747 0.0025 0.0015 0.0188 0.0018 0.0008 
        036s 15 0.0981 0.0009 0.0003 0.8952 0.0005 0.0050 
        037s 15 0.9755 0.0096 0.0004 0.0123 0.0009 0.0013 
        038s 15 0.9476 0.0010 0.0007 0.0467 0.0036 0.0003 
        039s 15 0.0449 0.0003 0.0004 0.8798 0.0742 0.0004 
        040s 15 0.9630 0.0017 0.0024 0.0281 0.0044 0.0005 
        041s 15 0.9143 0.0039 0.0008 0.0086 0.0707 0.0016 
        042s 15 0.9843 0.0005 0.0025 0.0073 0.0046 0.0007 
        043s 15 0.8470 0.0012 0.0003 0.1404 0.0091 0.0021 
        044s 15 0.9831 0.0007 0.0012 0.0093 0.0049 0.0009 
        045s 15 0.8323 0.0345 0.0027 0.0520 0.0019 0.0766 
        046s 15 0.9695 0.0037 0.0007 0.0068 0.0184 0.0009 
        047s 15 0.9450 0.0016 0.0006 0.0255 0.0269 0.0004 
        048s 15 0.8681 0.0005 0.0008 0.1171 0.0005 0.0130 
        049s 15 0.9528 0.0013 0.0004 0.0338 0.0112 0.0005 
        050s 15 0.8480 0.0008 0.0088 0.0082 0.1325 0.0018 
         001 16 0.0088 0.0157 0.0033 0.8074 0.1642 0.0006 
         002 16 0.9380 0.0009 0.0003 0.0165 0.0438 0.0006 
         003 16 0.9736 0.0047 0.0028 0.0133 0.0042 0.0013 
         004 16 0.9825 0.0007 0.0005 0.0142 0.0009 0.0012 
         005 16 0.9095 0.0046 0.0019 0.0071 0.0524 0.0244 
         006 16 0.9685 0.0013 0.0006 0.0070 0.0103 0.0123 
         007 16 0.9625 0.0008 0.0007 0.0306 0.0044 0.0011 
         008 16 0.0519 0.0081 0.0009 0.7988 0.1397 0.0007 
         009 16 0.5230 0.0004 0.0013 0.4723 0.0026 0.0004 
         010 16 0.3796 0.0005 0.0004 0.6005 0.0181 0.0010 
         011 16 0.0028 0.0013 0.0006 0.9894 0.0043 0.0017 
         012 16 0.8949 0.0022 0.0010 0.1002 0.0005 0.0012 
         013 16 0.9907 0.0010 0.0004 0.0068 0.0004 0.0006 
         014 16 0.9544 0.0008 0.0010 0.0091 0.0345 0.0002 
         015 16 0.6026 0.0015 0.0020 0.0269 0.0004 0.3665 
         016 16 0.9696 0.0003 0.0038 0.0120 0.0016 0.0127 
         017 16 0.1291 0.0067 0.0009 0.8575 0.0049 0.0008 
         018 16 0.9306 0.0025 0.0042 0.0026 0.0357 0.0244 
         019 16 0.0204 0.0032 0.0008 0.9207 0.0543 0.0006 
         020 16 0.9899 0.0006 0.0010 0.0077 0.0002 0.0007 
         021 16 0.8473 0.0292 0.0043 0.0247 0.0940 0.0005 
         022 16 0.9669 0.0002 0.0008 0.0015 0.0284 0.0022 
         023 16 0.0409 0.0005 0.0006 0.9279 0.0210 0.0091 
         024 16 0.2322 0.0005 0.0011 0.7386 0.0052 0.0225 
         025 16 0.0359 0.0152 0.0007 0.9031 0.0431 0.0020 
         026 16 0.8830 0.0006 0.0003 0.0054 0.1081 0.0026 
         027 16 0.9675 0.0005 0.0083 0.0107 0.0119 0.0011 
         028 16 0.6729 0.0319 0.0144 0.1359 0.1447 0.0003 
         029 16 0.9537 0.0376 0.0011 0.0044 0.0023 0.0010 
         030 16 0.0641 0.0048 0.0004 0.9298 0.0005 0.0004 
         031 16 0.9787 0.0008 0.0129 0.0061 0.0010 0.0005 
         032 16 0.8913 0.0008 0.0005 0.0167 0.0879 0.0028 
         033 16 0.9925 0.0008 0.0003 0.0054 0.0006 0.0004 
         034 16 0.3579 0.0030 0.0003 0.6350 0.0026 0.0012 
         035 16 0.9913 0.0009 0.0005 0.0068 0.0002 0.0002 
         036 16 0.9050 0.0004 0.0015 0.0909 0.0005 0.0017 
         037 16 0.2098 0.0135 0.0010 0.7515 0.0201 0.0041 
         038 16 0.9827 0.0007 0.0011 0.0080 0.0021 0.0054 
         039 16 0.8987 0.0003 0.0011 0.0978 0.0015 0.0007 
         040 16 0.9896 0.0012 0.0005 0.0059 0.0006 0.0022 
         041 16 0.9809 0.0006 0.0003 0.0163 0.0007 0.0012 
         042 16 0.9814 0.0006 0.0013 0.0147 0.0013 0.0007 
         043 16 0.9904 0.0006 0.0010 0.0064 0.0008 0.0007 
         044 16 0.1008 0.0008 0.0021 0.8892 0.0059 0.0012 
         045 16 0.9837 0.0054 0.0018 0.0068 0.0021 0.0002 
         047 16 0.9525 0.0339 0.0035 0.0069 0.0020 0.0010 
         048 16 0.9904 0.0034 0.0005 0.0036 0.0015 0.0005 
         049 16 0.8939 0.0033 0.0005 0.0975 0.0004 0.0044 
         050 16 0.9774 0.0008 0.0005 0.0206 0.0004 0.0003 
         051 16 0.9686 0.0015 0.0017 0.0266 0.0011 0.0005 
         052 16 0.9815 0.0003 0.0004 0.0167 0.0003 0.0008 
         053 16 0.9595 0.0008 0.0009 0.0379 0.0003 0.0006 
         054 16 0.6274 0.0011 0.0006 0.3023 0.0680 0.0006 
         055 16 0.7723 0.0545 0.0006 0.1662 0.0061 0.0003 
         056 16 0.9761 0.0004 0.0005 0.0163 0.0016 0.0050 
         057 16 0.0028 0.0004 0.0002 0.9116 0.0846 0.0003 
         058 16 0.1948 0.0075 0.0002 0.6929 0.0922 0.0123 
         059 16 0.7037 0.0066 0.0045 0.1113 0.0879 0.0860 
         060 16 0.7866 0.0007 0.0014 0.1998 0.0025 0.0090 
         061 16 0.4535 0.0010 0.0007 0.5416 0.0014 0.0018 
         062 16 0.9764 0.0061 0.0013 0.0151 0.0007 0.0004 
         063 16 0.9844 0.0005 0.0006 0.0106 0.0034 0.0006 
         064 16 0.9855 0.0005 0.0006 0.0114 0.0003 0.0017 
         065 16 0.7634 0.0020 0.0018 0.2300 0.0013 0.0016 
         066 16 0.9909 0.0005 0.0009 0.0067 0.0004 0.0007 
         067 16 0.9013 0.0027 0.0009 0.0229 0.0008 0.0714 
         068 16 0.9587 0.0011 0.0007 0.0108 0.0044 0.0244 
         069 16 0.9449 0.0005 0.0045 0.0491 0.0006 0.0004 
         070 16 0.3181 0.0011 0.0026 0.6740 0.0035 0.0007 
         071 16 0.9066 0.0121 0.0004 0.0047 0.0758 0.0004 
         072 16 0.9622 0.0006 0.0010 0.0290 0.0060 0.0012 
         073 16 0.8244 0.0025 0.0007 0.1712 0.0008 0.0004 
         074 16 0.9823 0.0008 0.0004 0.0159 0.0003 0.0003 
         075 16 0.1372 0.0053 0.0007 0.8391 0.0167 0.0011 
         076 16 0.9928 0.0006 0.0007 0.0046 0.0010 0.0004 
         077 16 0.8943 0.0039 0.0261 0.0054 0.0170 0.0533 
         078 16 0.0016 0.0006 0.0007 0.9819 0.0134 0.0017 
         079 16 0.9027 0.0026 0.0017 0.0046 0.0874 0.0010 
         080 16 0.3104 0.0002 0.0004 0.6840 0.0040 0.0009 
         081 16 0.0024 0.0356 0.0014 0.9571 0.0031 0.0004 
         082 16 0.9349 0.0096 0.0006 0.0411 0.0133 0.0005 
         083 16 0.9911 0.0007 0.0005 0.0053 0.0007 0.0017 
         084 16 0.7445 0.0019 0.0028 0.2478 0.0019 0.0011 
         085 16 0.9308 0.0004 0.0015 0.0576 0.0009 0.0088 
         086 16 0.8867 0.0048 0.0004 0.0016 0.1062 0.0004 
         087 16 0.6374 0.0015 0.0013 0.3458 0.0137 0.0003 
         088 16 0.0282 0.0002 0.0005 0.9673 0.0009 0.0028 
         089 16 0.8842 0.0063 0.0008 0.1066 0.0011 0.0010 
         090 16 0.9848 0.0007 0.0012 0.0058 0.0068 0.0007 
         091 16 0.9918 0.0013 0.0006 0.0049 0.0009 0.0005 
         092 16 0.0316 0.0008 0.0005 0.9301 0.0363 0.0006 
         093 16 0.9567 0.0004 0.0018 0.0394 0.0014 0.0004 
         094 16 0.9527 0.0008 0.0044 0.0057 0.0040 0.0325 
         095 16 0.9853 0.0002 0.0011 0.0123 0.0005 0.0006 
         096 16 0.9530 0.0242 0.0004 0.0190 0.0011 0.0023 
         097 16 0.8959 0.0856 0.0025 0.0047 0.0060 0.0053 
         098 16 0.9751 0.0004 0.0071 0.0128 0.0007 0.0037 
         099 16 0.9876 0.0003 0.0007 0.0053 0.0005 0.0056 
         100 16 0.9905 0.0004 0.0005 0.0058 0.0014 0.0013 
         101 16 0.0192 0.0005 0.0006 0.9523 0.0234 0.0040 
         102 16 0.0057 0.0016 0.0004 0.9897 0.0007 0.0019 
         103 16 0.9867 0.0016 0.0028 0.0061 0.0013 0.0015 
         104 16 0.9561 0.0006 0.0004 0.0352 0.0030 0.0047 
         105 16 0.8729 0.0238 0.0050 0.0175 0.0783 0.0025 
         106 16 0.3758 0.0005 0.0006 0.6186 0.0017 0.0029 
         107 16 0.8468 0.0004 0.0450 0.0820 0.0193 0.0066 
         108 16 0.5921 0.0007 0.0665 0.0564 0.1215 0.1628 
         109 16 0.7905 0.0032 0.0004 0.1922 0.0132 0.0004 
         110 16 0.9819 0.0005 0.0004 0.0158 0.0003 0.0010 
         111 16 0.8892 0.0006 0.0006 0.0457 0.0618 0.0021 
         112 16 0.9490 0.0006 0.0009 0.0019 0.0465 0.0010 
         113 16 0.9254 0.0048 0.0008 0.0166 0.0512 0.0012 
         114 16 0.9696 0.0005 0.0040 0.0065 0.0181 0.0012 
         115 16 0.9933 0.0011 0.0004 0.0041 0.0003 0.0009 
         116 16 0.0347 0.0006 0.0006 0.9489 0.0145 0.0008 
         117 16 0.9730 0.0033 0.0046 0.0101 0.0083 0.0007 
         118 16 0.9798 0.0004 0.0008 0.0059 0.0048 0.0083 
         119 16 0.7843 0.0009 0.0022 0.2096 0.0022 0.0008 
         120 16 0.9480 0.0162 0.0010 0.0341 0.0004 0.0004 
         121 16 0.9120 0.0082 0.0004 0.0515 0.0005 0.0273 
         122 16 0.9578 0.0005 0.0003 0.0407 0.0003 0.0003 
         123 16 0.1406 0.0007 0.0026 0.8525 0.0030 0.0006 
         124 16 0.9844 0.0009 0.0003 0.0028 0.0105 0.0011 
         126 16 0.8171 0.0007 0.0030 0.0163 0.1614 0.0015 
         001 17 0.9835 0.0028 0.0076 0.0050 0.0006 0.0005 
         002 17 0.9887 0.0004 0.0005 0.0069 0.0030 0.0004 
         003 17 0.9941 0.0005 0.0011 0.0032 0.0006 0.0005 
         005 17 0.9770 0.0006 0.0177 0.0041 0.0003 0.0003 
         006 17 0.9423 0.0485 0.0010 0.0061 0.0017 0.0004 
         007 17 0.0019 0.0071 0.0031 0.8481 0.1125 0.0273 
         008 17 0.8665 0.0179 0.0004 0.0092 0.1052 0.0007 
         009 17 0.9942 0.0004 0.0007 0.0040 0.0002 0.0005 
         010 17 0.8310 0.0010 0.0006 0.1655 0.0006 0.0013 
         011 17 0.4798 0.0011 0.0022 0.0045 0.1364 0.3760 
         012 17 0.9731 0.0005 0.0006 0.0207 0.0031 0.0020 
         013 17 0.9952 0.0003 0.0007 0.0033 0.0003 0.0002 
         014 17 0.2053 0.0005 0.0013 0.7920 0.0006 0.0003 
         015 17 0.7041 0.0055 0.0006 0.2883 0.0010 0.0004 
         016 17 0.9908 0.0006 0.0004 0.0070 0.0007 0.0005 
         017 17 0.9876 0.0018 0.0009 0.0074 0.0011 0.0012 
         018 17 0.9174 0.0011 0.0230 0.0270 0.0310 0.0005 
         019 17 0.2125 0.0002 0.0007 0.7852 0.0007 0.0007 
         020 17 0.9925 0.0009 0.0003 0.0047 0.0009 0.0007 
         021 17 0.9951 0.0009 0.0004 0.0026 0.0003 0.0007 
         022 17 0.9397 0.0065 0.0109 0.0088 0.0327 0.0014 
         023 17 0.8851 0.0003 0.0025 0.0995 0.0119 0.0006 
         024 17 0.9368 0.0377 0.0014 0.0028 0.0177 0.0035 
         025 17 0.9834 0.0005 0.0003 0.0150 0.0005 0.0003 
         002 18 0.9674 0.0008 0.0045 0.0249 0.0003 0.0022 
         003 18 0.9900 0.0002 0.0004 0.0080 0.0004 0.0010 
         004 18 0.9314 0.0004 0.0030 0.0057 0.0588 0.0007 
         005 18 0.7466 0.0006 0.0009 0.2182 0.0035 0.0302 
