        001s  1 0.0006 0.7377 0.2519 0.0027 0.0014 0.0046 0.0006 0.0004 
        002s  1 0.0008 0.1675 0.7767 0.0475 0.0008 0.0017 0.0013 0.0037 
        003s  1 0.0056 0.0087 0.9364 0.0195 0.0238 0.0017 0.0035 0.0007 
        004s  1 0.0067 0.4806 0.4649 0.0089 0.0005 0.0028 0.0057 0.0299 
        005s  1 0.1804 0.0062 0.4397 0.0015 0.0004 0.2189 0.0009 0.1520 
        006s  1 0.0006 0.9656 0.0036 0.0259 0.0005 0.0013 0.0006 0.0019 
        007s  1 0.0034 0.9210 0.0297 0.0262 0.0008 0.0144 0.0038 0.0006 
        008s  1 0.0050 0.2656 0.5866 0.0079 0.0013 0.1307 0.0010 0.0020 
        009s  1 0.0306 0.5786 0.3439 0.0054 0.0052 0.0234 0.0103 0.0026 
        010s  1 0.0122 0.9070 0.0045 0.0307 0.0008 0.0438 0.0003 0.0007 
        011s  1 0.0015 0.9256 0.0063 0.0083 0.0054 0.0481 0.0023 0.0024 
        012s  1 0.1166 0.8069 0.0241 0.0321 0.0064 0.0045 0.0014 0.0080 
        013s  1 0.0015 0.8917 0.0262 0.0114 0.0012 0.0389 0.0120 0.0172 
        014s  1 0.0302 0.9234 0.0059 0.0049 0.0194 0.0101 0.0040 0.0020 
        015s  1 0.0007 0.9818 0.0075 0.0043 0.0007 0.0039 0.0007 0.0004 
        016s  1 0.0032 0.8350 0.0658 0.0465 0.0009 0.0374 0.0101 0.0011 
        018s  1 0.1404 0.1750 0.1020 0.5071 0.0017 0.0710 0.0013 0.0015 
        019s  1 0.0168 0.7882 0.0889 0.0136 0.0045 0.0860 0.0013 0.0007 
        020s  1 0.0006 0.8744 0.0045 0.0724 0.0072 0.0322 0.0084 0.0003 
        021s  1 0.0004 0.9202 0.0283 0.0107 0.0008 0.0217 0.0074 0.0103 
        022s  1 0.0004 0.0449 0.9423 0.0075 0.0008 0.0023 0.0010 0.0006 
        023s  1 0.0005 0.6502 0.2066 0.0494 0.0016 0.0783 0.0129 0.0005 
        024s  1 0.0015 0.9723 0.0064 0.0141 0.0006 0.0024 0.0008 0.0019 
        025s  1 0.0079 0.2080 0.0062 0.4954 0.0004 0.2784 0.0011 0.0026 
        026s  1 0.0008 0.8553 0.0104 0.0818 0.0044 0.0337 0.0127 0.0008 
        027s  1 0.0024 0.0985 0.0162 0.5513 0.0007 0.3176 0.0028 0.0105 
        028s  1 0.0383 0.0740 0.0013 0.5376 0.0033 0.2890 0.0011 0.0554 
        029s  1 0.0011 0.9655 0.0088 0.0044 0.0058 0.0130 0.0006 0.0008 
        030s  1 0.0014 0.2316 0.0023 0.4967 0.0084 0.2539 0.0010 0.0047 
        031s  1 0.0004 0.9381 0.0445 0.0116 0.0005 0.0029 0.0014 0.0004 
        032s  1 0.0007 0.9125 0.0048 0.0468 0.0013 0.0325 0.0006 0.0008 
        033s  1 0.0057 0.9440 0.0094 0.0051 0.0013 0.0323 0.0011 0.0010 
        034s  1 0.0021 0.4128 0.4884 0.0244 0.0068 0.0068 0.0562 0.0025 
        035s  1 0.0019 0.9621 0.0028 0.0055 0.0024 0.0227 0.0011 0.0016 
        036s  1 0.0929 0.4312 0.4177 0.0034 0.0005 0.0522 0.0014 0.0006 
        037s  1 0.1062 0.4849 0.1081 0.2380 0.0025 0.0087 0.0416 0.0100 
        038s  1 0.0020 0.8774 0.0246 0.0187 0.0010 0.0743 0.0013 0.0006 
        039s  1 0.0004 0.9279 0.0078 0.0062 0.0011 0.0468 0.0004 0.0093 
        040s  1 0.0011 0.8059 0.0710 0.0850 0.0009 0.0293 0.0026 0.0041 
        041s  1 0.0033 0.9320 0.0147 0.0215 0.0008 0.0238 0.0035 0.0005 
        042s  1 0.0780 0.6981 0.1178 0.0232 0.0009 0.0022 0.0793 0.0005 
        043s  1 0.0034 0.0165 0.7719 0.0386 0.0024 0.1658 0.0005 0.0009 
        044s  1 0.0762 0.4962 0.1784 0.0854 0.0036 0.1415 0.0084 0.0103 
        045s  1 0.0111 0.9219 0.0017 0.0385 0.0013 0.0219 0.0014 0.0022 
        046s  1 0.0018 0.9657 0.0186 0.0051 0.0031 0.0042 0.0009 0.0006 
        047s  1 0.0010 0.8683 0.0049 0.0217 0.0013 0.0966 0.0058 0.0003 
        048s  1 0.0443 0.4640 0.4799 0.0045 0.0006 0.0054 0.0008 0.0004 
        049s  1 0.0006 0.0484 0.9296 0.0095 0.0006 0.0089 0.0004 0.0020 
        050s  1 0.0984 0.7584 0.0576 0.0806 0.0005 0.0013 0.0006 0.0025 
        051s  1 0.0004 0.9006 0.0071 0.0119 0.0243 0.0538 0.0012 0.0008 
        052s  1 0.0081 0.2831 0.0192 0.5171 0.0226 0.1409 0.0022 0.0068 
        053s  1 0.0021 0.9448 0.0052 0.0401 0.0003 0.0065 0.0006 0.0005 
        054s  1 0.0002 0.9405 0.0040 0.0178 0.0039 0.0286 0.0015 0.0035 
        055s  1 0.0681 0.8282 0.0058 0.0014 0.0021 0.0217 0.0717 0.0009 
          01  2 0.1196 0.8148 0.0197 0.0117 0.0286 0.0028 0.0012 0.0016 
          02  2 0.0098 0.7622 0.0061 0.1550 0.0017 0.0631 0.0006 0.0016 
          03  2 0.0024 0.8622 0.0089 0.1124 0.0005 0.0109 0.0021 0.0007 
          04  2 0.0020 0.1521 0.0400 0.4677 0.0010 0.3074 0.0143 0.0155 
          05  2 0.1103 0.0067 0.6880 0.0552 0.0004 0.1387 0.0003 0.0004 
          06  2 0.0220 0.7462 0.0083 0.1788 0.0006 0.0413 0.0009 0.0019 
          07  2 0.0060 0.8545 0.1280 0.0022 0.0011 0.0053 0.0009 0.0020 
          08  2 0.0784 0.0608 0.6902 0.0571 0.0011 0.1111 0.0009 0.0004 
          09  2 0.0008 0.9072 0.0446 0.0225 0.0089 0.0152 0.0004 0.0005 
          10  2 0.0018 0.8791 0.0167 0.0495 0.0006 0.0509 0.0005 0.0008 
          11  2 0.0232 0.9393 0.0140 0.0096 0.0080 0.0016 0.0030 0.0014 
          12  2 0.0009 0.6459 0.0246 0.2310 0.0019 0.0944 0.0005 0.0008 
          13  2 0.0005 0.7619 0.2092 0.0029 0.0010 0.0234 0.0007 0.0004 
          14  2 0.0004 0.5560 0.3097 0.0055 0.0026 0.0849 0.0341 0.0066 
          15  2 0.0006 0.6629 0.2974 0.0335 0.0020 0.0015 0.0013 0.0007 
          16  2 0.0012 0.8907 0.0041 0.0147 0.0043 0.0184 0.0078 0.0588 
          17  2 0.0030 0.4984 0.1178 0.2807 0.0010 0.0970 0.0015 0.0007 
          18  2 0.0133 0.9423 0.0034 0.0138 0.0018 0.0213 0.0007 0.0035 
          19  2 0.0016 0.8866 0.0066 0.0494 0.0016 0.0503 0.0036 0.0003 
          20  2 0.0580 0.8785 0.0031 0.0233 0.0019 0.0178 0.0049 0.0124 
          21  2 0.0011 0.9227 0.0085 0.0116 0.0138 0.0408 0.0008 0.0008 
          22  2 0.0019 0.6578 0.0042 0.0656 0.0064 0.2515 0.0079 0.0048 
          23  2 0.0012 0.7606 0.0038 0.2193 0.0010 0.0105 0.0017 0.0019 
          24  2 0.0005 0.9194 0.0045 0.0285 0.0014 0.0441 0.0009 0.0007 
          25  2 0.0062 0.8156 0.1024 0.0031 0.0016 0.0396 0.0011 0.0304 
          26  2 0.0006 0.0013 0.9947 0.0007 0.0011 0.0009 0.0003 0.0003 
          27  2 0.0008 0.9090 0.0442 0.0080 0.0015 0.0035 0.0042 0.0289 
          28  2 0.0013 0.8657 0.0767 0.0231 0.0009 0.0279 0.0041 0.0003 
          29  2 0.0013 0.9271 0.0093 0.0487 0.0014 0.0106 0.0003 0.0012 
          30  2 0.1509 0.2156 0.0434 0.4633 0.0102 0.0324 0.0833 0.0008 
          01  3 0.2694 0.2054 0.0009 0.1112 0.0006 0.3147 0.0238 0.0740 
          02  3 0.2409 0.0026 0.0015 0.0797 0.0740 0.2462 0.0029 0.3522 
          03  3 0.2765 0.2936 0.0025 0.0321 0.0006 0.1201 0.0007 0.2739 
          04  3 0.3571 0.0866 0.0063 0.0532 0.0008 0.2423 0.0015 0.2522 
          05  3 0.2748 0.0005 0.0007 0.0008 0.1147 0.1717 0.1211 0.3158 
          06  3 0.3006 0.0111 0.0095 0.0407 0.0004 0.2513 0.0010 0.3854 
          07  3 0.3442 0.0835 0.0012 0.2501 0.0016 0.0941 0.0005 0.2247 
          08  3 0.2981 0.0022 0.0149 0.1838 0.0024 0.2410 0.0023 0.2551 
          09  3 0.3907 0.0628 0.0021 0.2034 0.0002 0.0999 0.0019 0.2390 
          10  3 0.1155 0.0228 0.0064 0.0180 0.2166 0.1655 0.1277 0.3275 
          11  3 0.3607 0.0265 0.0009 0.1881 0.0004 0.1683 0.0003 0.2549 
          12  3 0.3662 0.0402 0.0079 0.1672 0.0004 0.1528 0.0005 0.2647 
          13  3 0.3317 0.0026 0.0028 0.0029 0.0145 0.2495 0.0003 0.3956 
          14  3 0.2376 0.0033 0.0032 0.0059 0.0410 0.1914 0.1537 0.3640 
          15  3 0.3111 0.0268 0.0133 0.2145 0.0003 0.2228 0.0018 0.2095 
          16  3 0.1482 0.0544 0.0031 0.0240 0.0028 0.3381 0.0053 0.4241 
          17  3 0.3678 0.0031 0.0009 0.2677 0.0009 0.2277 0.0008 0.1311 
          18  3 0.1371 0.0077 0.0104 0.0059 0.1648 0.1320 0.2780 0.2641 
          19  3 0.2267 0.0045 0.0013 0.1048 0.0006 0.3248 0.0037 0.3336 
          20  3 0.3400 0.0018 0.0128 0.1162 0.0003 0.2727 0.0495 0.2067 
          21  3 0.2321 0.0390 0.0010 0.1317 0.0011 0.3483 0.0054 0.2413 
          22  3 0.4175 0.0026 0.0017 0.1920 0.0004 0.2090 0.0024 0.1743 
          23  3 0.2919 0.0368 0.0028 0.1136 0.0003 0.3091 0.0011 0.2444 
          24  3 0.4018 0.0044 0.0189 0.0153 0.1671 0.1911 0.0025 0.1988 
          25  3 0.2057 0.0005 0.0004 0.0009 0.2499 0.2149 0.1332 0.1947 
          26  3 0.3777 0.1724 0.0017 0.0146 0.0004 0.1532 0.0008 0.2792 
          27  3 0.1525 0.0165 0.0163 0.0287 0.1318 0.2236 0.1738 0.2567 
          28  3 0.2996 0.0090 0.0458 0.0016 0.0020 0.3191 0.0002 0.3227 
          29  3 0.2840 0.0997 0.0020 0.0044 0.0032 0.3069 0.0121 0.2877 
          30  3 0.3336 0.0029 0.2050 0.0036 0.0009 0.3068 0.0004 0.1468 
         001  4 0.9993 0.0001 0.0001 0.0001 0.0001 0.0001 0.0001 0.0001 
         002  4 0.9978 0.0002 0.0003 0.0003 0.0003 0.0006 0.0001 0.0004 
         003  4 0.9992 0.0001 0.0001 0.0001 0.0001 0.0001 0.0001 0.0001 
         004  4 0.9992 0.0001 0.0001 0.0001 0.0001 0.0001 0.0001 0.0002 
         005  4 0.9987 0.0001 0.0002 0.0001 0.0004 0.0002 0.0001 0.0002 
         006  4 0.9080 0.0004 0.0003 0.0004 0.0003 0.0211 0.0004 0.0691 
         007  4 0.9274 0.0007 0.0112 0.0005 0.0002 0.0005 0.0004 0.0591 
         008  4 0.9891 0.0009 0.0011 0.0005 0.0029 0.0005 0.0044 0.0007 
         009  4 0.9990 0.0001 0.0001 0.0001 0.0002 0.0001 0.0001 0.0003 
         010  4 0.9818 0.0001 0.0001 0.0001 0.0001 0.0001 0.0001 0.0176 
         011  4 0.9437 0.0009 0.0009 0.0006 0.0006 0.0009 0.0147 0.0377 
         012  4 0.9992 0.0001 0.0001 0.0001 0.0001 0.0001 0.0002 0.0001 
         013  4 0.9993 0.0001 0.0001 0.0001 0.0001 0.0001 0.0001 0.0001 
         014  4 0.9988 0.0002 0.0002 0.0002 0.0001 0.0002 0.0002 0.0002 
         015  4 0.9993 0.0001 0.0001 0.0001 0.0001 0.0002 0.0001 0.0001 
         016  4 0.9992 0.0001 0.0001 0.0001 0.0001 0.0001 0.0001 0.0002 
         017  4 0.9986 0.0002 0.0002 0.0002 0.0001 0.0004 0.0001 0.0002 
         019  4 0.9045 0.0004 0.0004 0.0003 0.0003 0.0017 0.0007 0.0916 
         020  4 0.9988 0.0001 0.0003 0.0001 0.0002 0.0002 0.0001 0.0001 
         021  4 0.9713 0.0003 0.0003 0.0004 0.0004 0.0002 0.0002 0.0269 
         001  5 0.9551 0.0009 0.0009 0.0009 0.0015 0.0061 0.0340 0.0007 
         002  5 0.9418 0.0114 0.0202 0.0023 0.0009 0.0213 0.0016 0.0004 
         003  5 0.7172 0.1577 0.0008 0.0093 0.0003 0.0591 0.0032 0.0523 
         004  5 0.9296 0.0459 0.0115 0.0031 0.0004 0.0061 0.0026 0.0008 
         005  5 0.9566 0.0004 0.0003 0.0004 0.0002 0.0405 0.0006 0.0011 
         006  5 0.8415 0.0008 0.0005 0.0005 0.0007 0.0959 0.0002 0.0599 
         007  5 0.8805 0.0005 0.0003 0.0003 0.0003 0.0503 0.0002 0.0675 
         008  5 0.9429 0.0002 0.0002 0.0002 0.0002 0.0528 0.0001 0.0033 
         009  5 0.9147 0.0227 0.0032 0.0349 0.0002 0.0182 0.0012 0.0049 
         010  5 0.8827 0.0026 0.0011 0.0016 0.0004 0.0658 0.0022 0.0436 
         011  5 0.9517 0.0014 0.0007 0.0009 0.0003 0.0419 0.0024 0.0006 
         012  5 0.8517 0.0249 0.0113 0.0038 0.0012 0.0256 0.0013 0.0801 
         013  5 0.7152 0.0340 0.0008 0.1157 0.0004 0.1154 0.0005 0.0179 
         014  5 0.6856 0.1227 0.0111 0.0353 0.0122 0.0411 0.0120 0.0801 
         015  5 0.9454 0.0002 0.0003 0.0002 0.0001 0.0262 0.0002 0.0275 
         016  5 0.9120 0.0017 0.0013 0.0016 0.0007 0.0289 0.0004 0.0534 
         017  5 0.8446 0.0161 0.0039 0.0146 0.0018 0.0528 0.0003 0.0659 
         018  5 0.8361 0.0091 0.0028 0.0336 0.0161 0.0744 0.0149 0.0130 
         019  5 0.9872 0.0007 0.0004 0.0008 0.0074 0.0010 0.0022 0.0003 
         020  5 0.9987 0.0002 0.0002 0.0002 0.0001 0.0003 0.0002 0.0001 
         021  5 0.8486 0.1092 0.0305 0.0019 0.0005 0.0048 0.0040 0.0005 
         022  5 0.9179 0.0118 0.0050 0.0115 0.0014 0.0041 0.0297 0.0187 
         023  5 0.9330 0.0009 0.0007 0.0012 0.0004 0.0498 0.0023 0.0117 
         024  5 0.8807 0.0265 0.0035 0.0159 0.0003 0.0036 0.0005 0.0691 
         025  5 0.8734 0.0103 0.0116 0.0082 0.0006 0.0264 0.0006 0.0689 
         026  5 0.8262 0.0851 0.0042 0.0492 0.0005 0.0190 0.0004 0.0156 
         027  5 0.9984 0.0002 0.0002 0.0002 0.0002 0.0002 0.0001 0.0005 
         028  5 0.9094 0.0073 0.0022 0.0081 0.0010 0.0138 0.0105 0.0477 
         029  5 0.9723 0.0005 0.0006 0.0005 0.0005 0.0233 0.0003 0.0020 
         030  5 0.9671 0.0007 0.0012 0.0005 0.0073 0.0204 0.0021 0.0007 
        001s  6 0.0010 0.6782 0.2627 0.0074 0.0011 0.0109 0.0199 0.0187 
        002s  6 0.0357 0.8717 0.0101 0.0171 0.0222 0.0418 0.0009 0.0005 
        003s  6 0.0122 0.7473 0.1589 0.0130 0.0007 0.0637 0.0036 0.0006 
        004s  6 0.0007 0.8811 0.0165 0.0859 0.0006 0.0140 0.0009 0.0004 
        006s  6 0.0640 0.8951 0.0016 0.0075 0.0017 0.0035 0.0109 0.0156 
        007s  6 0.0006 0.9204 0.0038 0.0275 0.0011 0.0434 0.0005 0.0028 
        008s  6 0.0052 0.7945 0.0104 0.1410 0.0041 0.0384 0.0057 0.0007 
        009s  6 0.0004 0.7195 0.0084 0.2430 0.0014 0.0254 0.0011 0.0007 
        010s  6 0.0157 0.9132 0.0034 0.0078 0.0107 0.0294 0.0132 0.0066 
        011s  6 0.0006 0.7722 0.0012 0.1252 0.0004 0.0975 0.0013 0.0015 
        012s  6 0.0006 0.9714 0.0041 0.0121 0.0027 0.0025 0.0024 0.0042 
        013s  6 0.0009 0.8035 0.0126 0.1588 0.0009 0.0219 0.0004 0.0010 
        014s  6 0.0613 0.5588 0.3624 0.0035 0.0003 0.0127 0.0005 0.0004 
        015s  6 0.0150 0.3915 0.0019 0.4403 0.0013 0.1339 0.0032 0.0128 
        016s  6 0.0004 0.8352 0.1489 0.0038 0.0005 0.0093 0.0009 0.0010 
        018s  6 0.2366 0.6962 0.0121 0.0068 0.0009 0.0431 0.0031 0.0013 
        019s  6 0.0055 0.5142 0.0732 0.1126 0.0007 0.2893 0.0028 0.0016 
        020s  6 0.0004 0.7207 0.0526 0.0233 0.0008 0.2009 0.0007 0.0007 
        021s  6 0.0016 0.9173 0.0048 0.0032 0.0017 0.0580 0.0052 0.0082 
        022s  6 0.0012 0.9072 0.0496 0.0207 0.0005 0.0148 0.0057 0.0003 
        023s  6 0.0141 0.0166 0.4534 0.3081 0.0005 0.2058 0.0006 0.0008 
        024s  6 0.0435 0.8242 0.0067 0.0061 0.0017 0.1137 0.0012 0.0029 
        025s  6 0.0022 0.8519 0.0285 0.0095 0.0005 0.0374 0.0692 0.0009 
        026s  6 0.0005 0.9314 0.0259 0.0364 0.0024 0.0022 0.0006 0.0006 
        027s  6 0.0015 0.8508 0.0235 0.1077 0.0018 0.0132 0.0008 0.0007 
        028s  6 0.0114 0.9024 0.0012 0.0101 0.0482 0.0128 0.0078 0.0062 
        029s  6 0.0007 0.8700 0.0068 0.0534 0.0014 0.0657 0.0016 0.0004 
        030s  6 0.0684 0.7643 0.0042 0.0121 0.0015 0.1374 0.0111 0.0009 
        031s  6 0.0020 0.1982 0.6659 0.0971 0.0007 0.0293 0.0005 0.0062 
        032s  6 0.0051 0.9194 0.0192 0.0135 0.0006 0.0401 0.0010 0.0012 
        033s  6 0.0853 0.8316 0.0032 0.0075 0.0004 0.0712 0.0006 0.0003 
        034s  6 0.0019 0.6435 0.0077 0.2903 0.0004 0.0371 0.0138 0.0053 
        035s  6 0.1296 0.0015 0.8654 0.0009 0.0009 0.0005 0.0007 0.0005 
        036s  6 0.0006 0.9415 0.0067 0.0098 0.0003 0.0359 0.0013 0.0038 
        037s  6 0.0008 0.9767 0.0050 0.0070 0.0018 0.0053 0.0025 0.0009 
        038s  6 0.0006 0.8164 0.1577 0.0152 0.0011 0.0058 0.0011 0.0021 
        039s  6 0.0004 0.5471 0.0075 0.4058 0.0006 0.0373 0.0010 0.0003 
        040s  6 0.0004 0.4603 0.2270 0.2613 0.0007 0.0470 0.0006 0.0026 
        041s  6 0.0596 0.1755 0.5652 0.1552 0.0053 0.0347 0.0042 0.0003 
        042s  6 0.0094 0.8375 0.0122 0.0200 0.0050 0.0610 0.0538 0.0011 
        043s  6 0.0011 0.9309 0.0049 0.0226 0.0003 0.0309 0.0073 0.0019 
        044s  6 0.0013 0.8560 0.1276 0.0080 0.0037 0.0021 0.0009 0.0004 
        045s  6 0.0055 0.8910 0.0287 0.0538 0.0006 0.0176 0.0022 0.0006 
        001s  7 0.0022 0.0593 0.8238 0.0818 0.0005 0.0297 0.0021 0.0005 
        002s  7 0.0215 0.3827 0.4690 0.1171 0.0014 0.0047 0.0026 0.0009 
        003s  7 0.0017 0.0220 0.9586 0.0041 0.0017 0.0072 0.0021 0.0027 
        004s  7 0.0011 0.9504 0.0351 0.0051 0.0013 0.0024 0.0005 0.0041 
        005s  7 0.0158 0.9330 0.0223 0.0174 0.0007 0.0056 0.0024 0.0029 
        006s  7 0.0595 0.8735 0.0041 0.0137 0.0008 0.0405 0.0067 0.0013 
        007s  7 0.0079 0.9101 0.0083 0.0339 0.0179 0.0101 0.0022 0.0095 
        008s  7 0.0127 0.0049 0.9630 0.0085 0.0048 0.0038 0.0018 0.0005 
        009s  7 0.0027 0.9531 0.0173 0.0042 0.0008 0.0073 0.0113 0.0033 
        010s  7 0.0010 0.0081 0.9823 0.0025 0.0011 0.0021 0.0026 0.0003 
        011s  7 0.0005 0.9662 0.0065 0.0216 0.0011 0.0022 0.0015 0.0005 
        012s  7 0.0007 0.9378 0.0043 0.0429 0.0005 0.0120 0.0007 0.0011 
        013s  7 0.0004 0.9068 0.0069 0.0667 0.0007 0.0040 0.0047 0.0097 
        014s  7 0.0385 0.3199 0.5297 0.0169 0.0006 0.0930 0.0003 0.0012 
        015s  7 0.0231 0.9540 0.0034 0.0095 0.0013 0.0056 0.0013 0.0018 
        016s  7 0.0930 0.0012 0.9021 0.0005 0.0003 0.0004 0.0024 0.0002 
        017s  7 0.0017 0.9473 0.0275 0.0052 0.0006 0.0158 0.0007 0.0012 
        018s  7 0.0023 0.1430 0.0035 0.5229 0.0049 0.3220 0.0008 0.0007 
        019s  7 0.0019 0.7495 0.0176 0.2074 0.0033 0.0041 0.0150 0.0013 
        020s  7 0.0007 0.9771 0.0107 0.0056 0.0004 0.0038 0.0004 0.0013 
        021s  7 0.0023 0.9834 0.0054 0.0030 0.0013 0.0027 0.0014 0.0006 
        022s  7 0.0036 0.8696 0.0023 0.1119 0.0005 0.0071 0.0010 0.0040 
        023s  7 0.0068 0.8408 0.0234 0.0259 0.0014 0.0764 0.0233 0.0020 
        024s  7 0.0016 0.7812 0.0087 0.1733 0.0024 0.0312 0.0009 0.0007 
        025s  7 0.0009 0.9215 0.0024 0.0615 0.0011 0.0070 0.0011 0.0045 
        026s  7 0.0019 0.0085 0.9662 0.0065 0.0016 0.0134 0.0016 0.0003 
        027s  7 0.0011 0.5082 0.4767 0.0076 0.0030 0.0021 0.0005 0.0008 
        028s  7 0.0075 0.3677 0.0081 0.3689 0.0002 0.2460 0.0007 0.0009 
        029s  7 0.0115 0.8307 0.0422 0.0873 0.0012 0.0230 0.0033 0.0007 
        030s  7 0.0003 0.8042 0.1379 0.0336 0.0061 0.0109 0.0063 0.0007 
        031s  7 0.0026 0.7903 0.0254 0.0960 0.0006 0.0696 0.0134 0.0020 
        032s  7 0.0966 0.8760 0.0012 0.0113 0.0046 0.0096 0.0003 0.0003 
        033s  7 0.0335 0.9276 0.0061 0.0077 0.0030 0.0198 0.0016 0.0006 
        034s  7 0.0011 0.9227 0.0061 0.0265 0.0011 0.0055 0.0007 0.0364 
        035s  7 0.0004 0.9824 0.0051 0.0045 0.0006 0.0052 0.0013 0.0006 
        036s  7 0.0007 0.9278 0.0486 0.0058 0.0007 0.0038 0.0078 0.0048 
        037s  7 0.0307 0.0736 0.0093 0.6029 0.0007 0.2770 0.0040 0.0018 
        038s  7 0.0084 0.5938 0.0052 0.2491 0.0012 0.1406 0.0014 0.0004 
        039s  7 0.0007 0.1297 0.3219 0.3555 0.0003 0.1912 0.0004 0.0002 
        040s  7 0.0065 0.0010 0.9586 0.0007 0.0003 0.0013 0.0005 0.0313 
        041s  7 0.0232 0.7038 0.2525 0.0021 0.0018 0.0144 0.0018 0.0005 
        042s  7 0.0056 0.0259 0.9513 0.0070 0.0003 0.0082 0.0006 0.0010 
        043s  7 0.0018 0.9650 0.0174 0.0110 0.0009 0.0011 0.0026 0.0003 
        044s  7 0.0375 0.8696 0.0017 0.0048 0.0019 0.0428 0.0305 0.0113 
         003  8 0.0068 0.9619 0.0041 0.0044 0.0132 0.0073 0.0008 0.0014 
         009  8 0.0015 0.9822 0.0049 0.0034 0.0006 0.0058 0.0008 0.0007 
         010  8 0.0004 0.9173 0.0202 0.0263 0.0004 0.0328 0.0022 0.0002 
         017  8 0.0009 0.9438 0.0048 0.0058 0.0014 0.0397 0.0028 0.0006 
         002  9 0.0004 0.9671 0.0139 0.0119 0.0007 0.0038 0.0010 0.0011 
         003  9 0.0002 0.9805 0.0055 0.0043 0.0004 0.0081 0.0005 0.0005 
         004  9 0.0004 0.9811 0.0088 0.0039 0.0007 0.0037 0.0012 0.0002 
         005  9 0.0005 0.8941 0.0040 0.0832 0.0015 0.0116 0.0039 0.0012 
         006  9 0.0012 0.9799 0.0041 0.0079 0.0007 0.0034 0.0019 0.0008 
         007  9 0.0059 0.9663 0.0046 0.0048 0.0015 0.0152 0.0013 0.0004 
         009  9 0.0010 0.9716 0.0136 0.0045 0.0018 0.0049 0.0023 0.0005 
         010  9 0.0003 0.9297 0.0031 0.0136 0.0010 0.0503 0.0015 0.0004 
         013  9 0.0019 0.9358 0.0265 0.0072 0.0004 0.0241 0.0022 0.0019 
         014  9 0.0006 0.8719 0.0073 0.1108 0.0045 0.0025 0.0021 0.0002 
         016  9 0.0002 0.9881 0.0024 0.0047 0.0015 0.0019 0.0008 0.0003 
         018  9 0.0009 0.7864 0.0034 0.1435 0.0055 0.0575 0.0019 0.0008 
         019  9 0.0008 0.9787 0.0037 0.0059 0.0045 0.0048 0.0007 0.0007 
         020  9 0.0004 0.9664 0.0017 0.0270 0.0004 0.0035 0.0004 0.0003 
         021  9 0.0006 0.7702 0.0044 0.1738 0.0004 0.0498 0.0005 0.0003 
         022  9 0.0003 0.7113 0.0072 0.2731 0.0015 0.0055 0.0007 0.0003 
         024  9 0.0005 0.9155 0.0076 0.0217 0.0025 0.0479 0.0038 0.0005 
         028  9 0.0005 0.9359 0.0043 0.0192 0.0005 0.0372 0.0015 0.0009 
         029  9 0.0003 0.9745 0.0093 0.0104 0.0014 0.0028 0.0007 0.0004 
         030  9 0.0006 0.9051 0.0061 0.0173 0.0009 0.0684 0.0013 0.0003 
         031  9 0.0020 0.9543 0.0178 0.0072 0.0010 0.0168 0.0005 0.0004 
         033  9 0.0090 0.9641 0.0172 0.0046 0.0008 0.0025 0.0015 0.0004 
         001 10 0.0005 0.9531 0.0083 0.0349 0.0015 0.0009 0.0003 0.0005 
         002 10 0.0003 0.9731 0.0090 0.0054 0.0014 0.0098 0.0009 0.0002 
         003 10 0.0003 0.9610 0.0040 0.0163 0.0006 0.0024 0.0147 0.0007 
         004 10 0.0005 0.8734 0.1104 0.0101 0.0007 0.0020 0.0026 0.0003 
         005 10 0.0005 0.9704 0.0045 0.0060 0.0015 0.0154 0.0010 0.0006 
         006 10 0.0013 0.9700 0.0032 0.0028 0.0005 0.0211 0.0007 0.0005 
         007 10 0.0007 0.9850 0.0040 0.0058 0.0004 0.0013 0.0025 0.0003 
         008 10 0.0008 0.9587 0.0020 0.0077 0.0009 0.0256 0.0038 0.0006 
         009 10 0.0006 0.9778 0.0065 0.0033 0.0057 0.0044 0.0006 0.0011 
         010 10 0.0005 0.9512 0.0227 0.0049 0.0026 0.0165 0.0013 0.0003 
         011 10 0.0006 0.9221 0.0033 0.0165 0.0004 0.0212 0.0345 0.0014 
         012 10 0.0005 0.9769 0.0044 0.0076 0.0005 0.0048 0.0042 0.0011 
         013 10 0.0004 0.9783 0.0038 0.0061 0.0009 0.0072 0.0008 0.0026 
         014 10 0.0005 0.8034 0.1837 0.0035 0.0010 0.0060 0.0011 0.0007 
         016 10 0.0006 0.9692 0.0061 0.0089 0.0018 0.0109 0.0011 0.0014 
         017 10 0.0008 0.8665 0.0034 0.0790 0.0009 0.0474 0.0009 0.0010 
         018 10 0.0066 0.9358 0.0037 0.0077 0.0021 0.0425 0.0007 0.0009 
         019 10 0.0005 0.9675 0.0029 0.0070 0.0044 0.0158 0.0014 0.0006 
         020 10 0.0004 0.8923 0.0174 0.0024 0.0100 0.0741 0.0022 0.0010 
         021 10 0.0009 0.9598 0.0241 0.0040 0.0029 0.0077 0.0004 0.0003 
         022 10 0.0004 0.9189 0.0429 0.0304 0.0003 0.0051 0.0014 0.0005 
         023 10 0.0003 0.9483 0.0032 0.0046 0.0004 0.0415 0.0009 0.0007 
         024 10 0.0004 0.9877 0.0032 0.0030 0.0013 0.0023 0.0019 0.0003 
         026 10 0.0006 0.9483 0.0024 0.0283 0.0007 0.0187 0.0006 0.0005 
        001s 11 0.0931 0.0821 0.2578 0.5529 0.0011 0.0028 0.0096 0.0007 
        002s 11 0.0006 0.9320 0.0127 0.0131 0.0032 0.0263 0.0020 0.0101 
        003s 11 0.0112 0.4033 0.0521 0.3549 0.0021 0.1754 0.0006 0.0003 
        004s 11 0.0004 0.8737 0.0182 0.0750 0.0003 0.0290 0.0018 0.0016 
        005s 11 0.0016 0.7734 0.0744 0.0434 0.0061 0.0996 0.0007 0.0008 
        006s 11 0.0008 0.8299 0.0431 0.0095 0.0026 0.1053 0.0032 0.0056 
        007s 11 0.0094 0.8409 0.0642 0.0068 0.0028 0.0361 0.0009 0.0389 
        008s 11 0.0006 0.4121 0.0040 0.5105 0.0011 0.0708 0.0005 0.0005 
        009s 11 0.0004 0.8643 0.0029 0.0096 0.0146 0.1071 0.0007 0.0004 
        010s 11 0.0013 0.8470 0.1444 0.0028 0.0008 0.0021 0.0012 0.0005 
        011s 11 0.1038 0.0988 0.7553 0.0104 0.0004 0.0035 0.0174 0.0104 
        012s 11 0.0985 0.1037 0.0345 0.4948 0.0010 0.2663 0.0006 0.0005 
        013s 11 0.0010 0.6932 0.2714 0.0046 0.0005 0.0276 0.0011 0.0007 
        014s 11 0.0035 0.0465 0.7635 0.0974 0.0023 0.0790 0.0011 0.0068 
        015s 11 0.0019 0.8484 0.0152 0.0486 0.0020 0.0765 0.0052 0.0022 
        016s 11 0.0410 0.6817 0.1950 0.0134 0.0095 0.0020 0.0567 0.0006 
        017s 11 0.0824 0.0080 0.0059 0.5977 0.0007 0.3020 0.0027 0.0006 
        018s 11 0.0063 0.0326 0.9098 0.0332 0.0026 0.0125 0.0013 0.0018 
        019s 11 0.0007 0.9106 0.0049 0.0047 0.0004 0.0581 0.0199 0.0008 
        020s 11 0.0027 0.4169 0.5573 0.0155 0.0031 0.0006 0.0024 0.0015 
        021s 11 0.0005 0.9254 0.0013 0.0685 0.0005 0.0022 0.0011 0.0004 
        022s 11 0.0011 0.6585 0.0212 0.1588 0.0013 0.1250 0.0006 0.0336 
        023s 11 0.0319 0.1340 0.6881 0.1139 0.0005 0.0022 0.0289 0.0005 
        025s 11 0.0004 0.9675 0.0040 0.0101 0.0003 0.0161 0.0012 0.0005 
        026s 11 0.0365 0.8236 0.0028 0.0696 0.0007 0.0164 0.0495 0.0009 
        027s 11 0.0012 0.9399 0.0041 0.0300 0.0005 0.0210 0.0008 0.0026 
        028s 11 0.0049 0.8051 0.0049 0.0230 0.0004 0.1589 0.0019 0.0010 
        029s 11 0.0442 0.8903 0.0026 0.0139 0.0017 0.0463 0.0004 0.0005 
        030s 11 0.0391 0.2246 0.0017 0.4357 0.0016 0.2947 0.0016 0.0011 
        031s 11 0.0004 0.7647 0.0087 0.2113 0.0009 0.0115 0.0004 0.0020 
        032s 11 0.0017 0.7283 0.0994 0.1366 0.0007 0.0288 0.0040 0.0005 
        033s 11 0.0050 0.7400 0.1276 0.0948 0.0015 0.0293 0.0010 0.0008 
        034s 11 0.0014 0.0662 0.8591 0.0656 0.0006 0.0039 0.0006 0.0027 
        035s 11 0.0022 0.4927 0.4863 0.0090 0.0022 0.0044 0.0005 0.0027 
        036s 11 0.0136 0.0886 0.0203 0.5618 0.0021 0.3112 0.0005 0.0019 
        037s 11 0.0014 0.0155 0.8610 0.0082 0.0019 0.1090 0.0026 0.0004 
        038s 11 0.0025 0.4662 0.3203 0.1842 0.0006 0.0248 0.0006 0.0009 
        039s 11 0.0022 0.9817 0.0062 0.0022 0.0007 0.0060 0.0007 0.0003 
        040s 11 0.0502 0.7511 0.0027 0.0256 0.0008 0.1658 0.0009 0.0028 
        041s 11 0.0008 0.8733 0.0092 0.0222 0.0241 0.0662 0.0029 0.0013 
        042s 11 0.0010 0.0849 0.4628 0.4240 0.0012 0.0104 0.0137 0.0020 
        043s 11 0.0178 0.8616 0.0140 0.0337 0.0005 0.0488 0.0227 0.0009 
        044s 11 0.0007 0.7783 0.0544 0.1418 0.0007 0.0123 0.0048 0.0071 
        045s 11 0.0004 0.7362 0.0133 0.1231 0.0004 0.1122 0.0113 0.0030 
        046s 11 0.0314 0.1009 0.5482 0.1483 0.0009 0.1408 0.0261 0.0034 
        047s 11 0.0007 0.6755 0.0025 0.0393 0.0008 0.2791 0.0010 0.0011 
        048s 11 0.0038 0.8540 0.0043 0.0921 0.0020 0.0055 0.0360 0.0023 
        049s 11 0.0014 0.8953 0.0087 0.0623 0.0014 0.0293 0.0012 0.0005 
        050s 11 0.0008 0.9826 0.0058 0.0044 0.0004 0.0012 0.0015 0.0033 
        051s 11 0.0005 0.8664 0.0555 0.0015 0.0004 0.0018 0.0495 0.0243 
        052s 11 0.0022 0.0589 0.7580 0.1698 0.0017 0.0032 0.0025 0.0038 
        053s 11 0.0004 0.9662 0.0075 0.0051 0.0014 0.0179 0.0010 0.0005 
        054s 11 0.0014 0.9320 0.0155 0.0163 0.0005 0.0276 0.0005 0.0061 
        055s 11 0.0268 0.0609 0.8577 0.0064 0.0003 0.0457 0.0006 0.0016 
        001s 12 0.0013 0.9487 0.0233 0.0133 0.0014 0.0068 0.0014 0.0038 
        002s 12 0.0018 0.9381 0.0024 0.0130 0.0026 0.0405 0.0009 0.0006 
        003s 12 0.0004 0.9785 0.0095 0.0077 0.0007 0.0022 0.0004 0.0006 
        004s 12 0.0669 0.6231 0.0012 0.2749 0.0036 0.0242 0.0056 0.0006 
        005s 12 0.0004 0.4180 0.5506 0.0249 0.0012 0.0034 0.0011 0.0004 
        006s 12 0.0279 0.6592 0.0143 0.1076 0.0006 0.1846 0.0020 0.0039 
        007s 12 0.0007 0.9424 0.0024 0.0233 0.0037 0.0236 0.0019 0.0019 
        008s 12 0.0054 0.9101 0.0083 0.0116 0.0006 0.0621 0.0009 0.0010 
        009s 12 0.0144 0.6912 0.0398 0.0431 0.0250 0.1798 0.0057 0.0011 
        010s 12 0.0079 0.7399 0.0731 0.0413 0.0013 0.1032 0.0004 0.0328 
        011s 12 0.0015 0.7857 0.0108 0.1899 0.0012 0.0054 0.0006 0.0048 
        012s 12 0.0013 0.2547 0.0053 0.5523 0.0007 0.1733 0.0046 0.0079 
        013s 12 0.0010 0.8126 0.0034 0.0221 0.0007 0.1242 0.0354 0.0006 
        014s 12 0.0016 0.3927 0.4825 0.0043 0.0045 0.0198 0.0529 0.0417 
        015s 12 0.0049 0.9456 0.0047 0.0095 0.0016 0.0318 0.0011 0.0008 
        016s 12 0.0008 0.5692 0.0059 0.3324 0.0005 0.0869 0.0038 0.0006 
        017s 12 0.0055 0.9179 0.0426 0.0173 0.0005 0.0134 0.0013 0.0013 
        018s 12 0.0022 0.4672 0.0133 0.2053 0.0039 0.3058 0.0021 0.0003 
        019s 12 0.0057 0.9092 0.0295 0.0198 0.0031 0.0318 0.0005 0.0005 
        020s 12 0.0762 0.8510 0.0092 0.0058 0.0002 0.0556 0.0015 0.0005 
        021s 12 0.0036 0.5833 0.0035 0.2507 0.0006 0.1554 0.0024 0.0006 
        022s 12 0.0367 0.7390 0.0881 0.0231 0.0045 0.1033 0.0046 0.0008 
        023s 12 0.0005 0.9572 0.0117 0.0139 0.0009 0.0142 0.0011 0.0005 
        024s 12 0.0009 0.3001 0.4580 0.0393 0.0005 0.2002 0.0006 0.0004 
        025s 12 0.0026 0.9647 0.0058 0.0042 0.0057 0.0134 0.0011 0.0025 
        026s 12 0.0329 0.8468 0.0519 0.0125 0.0128 0.0408 0.0013 0.0010 
        027s 12 0.0032 0.9773 0.0052 0.0061 0.0006 0.0065 0.0005 0.0006 
        028s 12 0.0016 0.0181 0.9449 0.0048 0.0225 0.0017 0.0057 0.0006 
        029s 12 0.0007 0.6920 0.2738 0.0135 0.0006 0.0168 0.0015 0.0011 
        030s 12 0.0015 0.9669 0.0049 0.0125 0.0004 0.0119 0.0005 0.0013 
        031s 12 0.0061 0.9138 0.0045 0.0203 0.0010 0.0507 0.0028 0.0007 
        032s 12 0.0006 0.1559 0.7484 0.0695 0.0150 0.0086 0.0016 0.0004 
        033s 12 0.0016 0.9674 0.0089 0.0041 0.0006 0.0124 0.0005 0.0045 
        034s 12 0.0004 0.1368 0.8495 0.0047 0.0009 0.0067 0.0007 0.0004 
        035s 12 0.0144 0.7639 0.0752 0.0829 0.0006 0.0614 0.0006 0.0010 
        036s 12 0.0026 0.5774 0.0287 0.3611 0.0035 0.0192 0.0011 0.0065 
        037s 12 0.0011 0.8861 0.0012 0.0055 0.0015 0.1034 0.0010 0.0003 
        001s 13 0.0152 0.8797 0.0117 0.0849 0.0012 0.0036 0.0030 0.0007 
        002s 13 0.0751 0.0524 0.7494 0.0933 0.0004 0.0280 0.0008 0.0005 
        003s 13 0.0012 0.9314 0.0043 0.0230 0.0010 0.0372 0.0016 0.0003 
        004s 13 0.0010 0.7819 0.0107 0.1530 0.0136 0.0363 0.0027 0.0006 
        005s 13 0.0033 0.9027 0.0052 0.0421 0.0031 0.0368 0.0024 0.0042 
        006s 13 0.0008 0.9217 0.0086 0.0377 0.0014 0.0279 0.0007 0.0013 
        007s 13 0.0009 0.8874 0.0094 0.0597 0.0005 0.0143 0.0015 0.0262 
        008s 13 0.0507 0.8606 0.0021 0.0141 0.0024 0.0677 0.0007 0.0017 
        009s 13 0.1250 0.6230 0.0101 0.2245 0.0119 0.0023 0.0011 0.0021 
        010s 13 0.0575 0.0971 0.0055 0.5247 0.0020 0.3114 0.0010 0.0008 
        011s 13 0.0062 0.5859 0.2574 0.0326 0.0118 0.0806 0.0027 0.0228 
        012s 13 0.0416 0.0019 0.0030 0.6240 0.0021 0.3041 0.0205 0.0027 
        013s 13 0.0196 0.3597 0.5214 0.0669 0.0012 0.0024 0.0056 0.0231 
        014s 13 0.0010 0.5726 0.0018 0.1309 0.0011 0.2685 0.0064 0.0177 
        015s 13 0.0077 0.9346 0.0303 0.0038 0.0113 0.0026 0.0090 0.0006 
        016s 13 0.0003 0.9104 0.0047 0.0810 0.0010 0.0011 0.0010 0.0005 
        017s 13 0.0079 0.8806 0.0096 0.0497 0.0035 0.0434 0.0004 0.0050 
        018s 13 0.0007 0.8395 0.0095 0.1096 0.0006 0.0389 0.0009 0.0003 
        019s 13 0.0006 0.8292 0.0700 0.0528 0.0006 0.0444 0.0012 0.0011 
        020s 13 0.0016 0.0365 0.9460 0.0072 0.0026 0.0024 0.0005 0.0031 
        021s 13 0.0014 0.9272 0.0256 0.0102 0.0009 0.0321 0.0021 0.0005 
        022s 13 0.0017 0.9804 0.0024 0.0040 0.0005 0.0090 0.0012 0.0007 
        023s 13 0.0017 0.9378 0.0387 0.0145 0.0008 0.0059 0.0004 0.0003 
        024s 13 0.0283 0.7993 0.0042 0.1240 0.0013 0.0020 0.0349 0.0060 
        025s 13 0.0010 0.9115 0.0038 0.0103 0.0010 0.0695 0.0023 0.0005 
        026s 13 0.0722 0.0144 0.0046 0.5960 0.0007 0.3008 0.0091 0.0023 
        027s 13 0.0462 0.9375 0.0051 0.0039 0.0031 0.0013 0.0011 0.0017 
        028s 13 0.0067 0.3777 0.4449 0.0736 0.0161 0.0710 0.0038 0.0062 
        029s 13 0.0180 0.0285 0.7292 0.0847 0.0006 0.1361 0.0011 0.0016 
        030s 13 0.0692 0.0046 0.5871 0.3047 0.0006 0.0031 0.0303 0.0005 
        031s 13 0.0038 0.6558 0.0046 0.2245 0.0019 0.0061 0.1006 0.0027 
        032s 13 0.0006 0.9606 0.0059 0.0219 0.0007 0.0016 0.0004 0.0085 
        033s 13 0.0050 0.8378 0.0070 0.0487 0.0008 0.0845 0.0014 0.0148 
        034s 13 0.0353 0.0087 0.9249 0.0029 0.0038 0.0051 0.0014 0.0180 
        035s 13 0.0006 0.7173 0.2553 0.0072 0.0015 0.0120 0.0054 0.0007 
        036s 13 0.0033 0.7951 0.1503 0.0118 0.0004 0.0380 0.0005 0.0005 
        037s 13 0.0005 0.9732 0.0098 0.0074 0.0010 0.0055 0.0019 0.0006 
        038s 13 0.0012 0.4342 0.4511 0.0266 0.0024 0.0822 0.0012 0.0011 
        039s 13 0.0997 0.6735 0.0138 0.0922 0.0007 0.0483 0.0709 0.0009 
        040s 13 0.0016 0.8145 0.0043 0.1115 0.0005 0.0657 0.0011 0.0008 
        041s 13 0.0564 0.8362 0.0060 0.0292 0.0007 0.0634 0.0022 0.0059 
        042s 13 0.0005 0.0157 0.9630 0.0154 0.0011 0.0012 0.0016 0.0015 
        001s 14 0.0155 0.0465 0.5849 0.1860 0.0021 0.1628 0.0013 0.0009 
        002s 14 0.0619 0.8929 0.0050 0.0144 0.0052 0.0164 0.0013 0.0028 
        003s 14 0.0006 0.0059 0.9842 0.0046 0.0006 0.0024 0.0012 0.0004 
        004s 14 0.0111 0.9308 0.0036 0.0204 0.0007 0.0171 0.0038 0.0126 
        005s 14 0.0002 0.7271 0.2424 0.0065 0.0009 0.0218 0.0008 0.0003 
        006s 14 0.0005 0.9166 0.0173 0.0558 0.0003 0.0083 0.0004 0.0007 
        007s 14 0.0007 0.9137 0.0206 0.0195 0.0004 0.0423 0.0017 0.0011 
        008s 14 0.1000 0.0208 0.8212 0.0084 0.0183 0.0198 0.0031 0.0083 
        009s 14 0.0026 0.9444 0.0262 0.0115 0.0075 0.0056 0.0012 0.0010 
        010s 14 0.0612 0.6698 0.2437 0.0038 0.0112 0.0082 0.0014 0.0007 
        011s 14 0.0043 0.3137 0.4333 0.1933 0.0010 0.0400 0.0012 0.0132 
        012s 14 0.0006 0.0451 0.8520 0.0549 0.0028 0.0394 0.0027 0.0024 
        013s 14 0.0010 0.0125 0.1680 0.7677 0.0008 0.0391 0.0073 0.0036 
        014s 14 0.0414 0.6187 0.0137 0.1708 0.0067 0.1472 0.0009 0.0006 
        015s 14 0.0011 0.9529 0.0169 0.0085 0.0068 0.0104 0.0027 0.0006 
        016s 14 0.0025 0.8620 0.0019 0.0296 0.0005 0.0912 0.0120 0.0003 
        017s 14 0.0582 0.8551 0.0045 0.0532 0.0007 0.0138 0.0005 0.0140 
        018s 14 0.0011 0.9654 0.0059 0.0115 0.0012 0.0128 0.0015 0.0005 
        019s 14 0.0023 0.9552 0.0041 0.0060 0.0004 0.0295 0.0007 0.0017 
        020s 14 0.0008 0.2090 0.7378 0.0205 0.0085 0.0215 0.0016 0.0003 
        021s 14 0.0077 0.9445 0.0071 0.0207 0.0097 0.0093 0.0006 0.0004 
        022s 14 0.0066 0.7809 0.0345 0.0288 0.0022 0.1410 0.0017 0.0043 
        023s 14 0.0089 0.8140 0.0125 0.1498 0.0038 0.0047 0.0046 0.0017 
        024s 14 0.0474 0.4648 0.3274 0.1478 0.0024 0.0068 0.0018 0.0016 
        025s 14 0.0692 0.7422 0.0943 0.0083 0.0004 0.0849 0.0004 0.0003 
        026s 14 0.0009 0.2328 0.0129 0.7063 0.0018 0.0441 0.0008 0.0002 
        027s 14 0.0029 0.9242 0.0393 0.0104 0.0007 0.0191 0.0027 0.0007 
        028s 14 0.0011 0.9062 0.0247 0.0500 0.0025 0.0128 0.0007 0.0021 
        029s 14 0.0004 0.9249 0.0231 0.0459 0.0007 0.0036 0.0010 0.0003 
        030s 14 0.0008 0.1144 0.1236 0.4855 0.0008 0.2673 0.0006 0.0070 
        031s 14 0.0004 0.5252 0.3290 0.0812 0.0007 0.0384 0.0017 0.0234 
        032s 14 0.0014 0.6532 0.2422 0.0091 0.0006 0.0884 0.0037 0.0014 
        033s 14 0.0006 0.4385 0.4341 0.0637 0.0017 0.0096 0.0008 0.0509 
        034s 14 0.0004 0.9311 0.0031 0.0238 0.0005 0.0398 0.0008 0.0004 
        035s 14 0.0692 0.0560 0.0594 0.4642 0.0004 0.2824 0.0011 0.0674 
        036s 14 0.0644 0.1760 0.6936 0.0108 0.0035 0.0085 0.0044 0.0387 
        037s 14 0.0012 0.9496 0.0168 0.0060 0.0009 0.0217 0.0034 0.0004 
        038s 14 0.0007 0.9036 0.0110 0.0070 0.0008 0.0756 0.0006 0.0007 
        039s 14 0.0021 0.9148 0.0205 0.0062 0.0038 0.0450 0.0048 0.0027 
        040s 14 0.0173 0.9412 0.0204 0.0079 0.0005 0.0100 0.0016 0.0010 
        041s 14 0.0009 0.1771 0.3473 0.2513 0.0006 0.2197 0.0011 0.0019 
        042s 14 0.0705 0.5312 0.0024 0.3864 0.0009 0.0069 0.0015 0.0004 
        001s 15 0.0017 0.5323 0.4421 0.0073 0.0015 0.0117 0.0029 0.0006 
        002s 15 0.0967 0.0195 0.2869 0.5694 0.0091 0.0006 0.0140 0.0038 
        003s 15 0.0095 0.9577 0.0088 0.0094 0.0015 0.0078 0.0043 0.0009 
        004s 15 0.0008 0.0456 0.0023 0.9185 0.0105 0.0214 0.0002 0.0005 
        005s 15 0.0142 0.9221 0.0031 0.0166 0.0016 0.0333 0.0077 0.0014 
        006s 15 0.0230 0.8388 0.0191 0.0077 0.0005 0.1079 0.0017 0.0013 
        007s 15 0.0004 0.8292 0.0324 0.1297 0.0015 0.0054 0.0007 0.0006 
        008s 15 0.0007 0.8126 0.0240 0.0471 0.0010 0.1132 0.0007 0.0007 
        009s 15 0.0089 0.1669 0.0053 0.4583 0.0011 0.3166 0.0412 0.0018 
        010s 15 0.0010 0.0853 0.7989 0.1096 0.0004 0.0021 0.0020 0.0007 
        011s 15 0.0006 0.0182 0.0039 0.6374 0.0004 0.2953 0.0019 0.0422 
        012s 15 0.0026 0.7910 0.0053 0.0073 0.0011 0.1890 0.0025 0.0011 
        013s 15 0.0008 0.0353 0.9289 0.0148 0.0084 0.0096 0.0017 0.0004 
        014s 15 0.0015 0.9521 0.0048 0.0223 0.0047 0.0073 0.0062 0.0011 
        015s 15 0.0779 0.8402 0.0011 0.0630 0.0010 0.0056 0.0041 0.0070 
        016s 15 0.0061 0.0629 0.7961 0.0199 0.0442 0.0049 0.0006 0.0652 
        017s 15 0.0016 0.9403 0.0071 0.0279 0.0171 0.0034 0.0019 0.0008 
        018s 15 0.0023 0.3810 0.5302 0.0420 0.0031 0.0403 0.0008 0.0003 
        019s 15 0.0037 0.0049 0.4196 0.3499 0.0008 0.2113 0.0093 0.0005 
        020s 15 0.0005 0.3775 0.4816 0.1334 0.0005 0.0047 0.0010 0.0007 
        021s 15 0.0687 0.6158 0.0223 0.0838 0.0029 0.2009 0.0045 0.0010 
        022s 15 0.0005 0.1446 0.0376 0.5224 0.0011 0.2915 0.0007 0.0018 
        023s 15 0.0288 0.4233 0.0088 0.4234 0.0011 0.1096 0.0009 0.0041 
        024s 15 0.0023 0.8045 0.0021 0.1379 0.0004 0.0488 0.0015 0.0025 
        025s 15 0.0070 0.8813 0.0470 0.0270 0.0012 0.0066 0.0281 0.0019 
        026s 15 0.0014 0.9342 0.0222 0.0078 0.0040 0.0041 0.0251 0.0012 
        027s 15 0.0030 0.9162 0.0354 0.0090 0.0135 0.0065 0.0009 0.0154 
        028s 15 0.0006 0.9735 0.0105 0.0061 0.0022 0.0045 0.0015 0.0011 
        029s 15 0.0009 0.9624 0.0065 0.0243 0.0014 0.0015 0.0018 0.0011 
        030s 15 0.0008 0.7466 0.0201 0.1530 0.0027 0.0752 0.0010 0.0006 
        031s 15 0.0624 0.8316 0.0087 0.0783 0.0019 0.0095 0.0056 0.0019 
        032s 15 0.0008 0.8364 0.0011 0.1300 0.0011 0.0289 0.0014 0.0003 
        033s 15 0.0409 0.0332 0.8166 0.0027 0.0012 0.1037 0.0006 0.0011 
        035s 15 0.0034 0.8054 0.0039 0.1542 0.0023 0.0288 0.0006 0.0014 
        036s 15 0.0013 0.3542 0.4528 0.0468 0.0006 0.1369 0.0050 0.0024 
        037s 15 0.0014 0.7927 0.0117 0.0137 0.0004 0.1719 0.0013 0.0068 
        038s 15 0.0071 0.6170 0.0026 0.3357 0.0008 0.0341 0.0003 0.0022 
        039s 15 0.0636 0.0112 0.3683 0.3518 0.0007 0.2036 0.0005 0.0004 
        040s 15 0.0041 0.9237 0.0290 0.0245 0.0030 0.0116 0.0007 0.0034 
        041s 15 0.0709 0.7575 0.0152 0.0132 0.0006 0.1352 0.0028 0.0046 
        042s 15 0.0059 0.9070 0.0080 0.0464 0.0028 0.0281 0.0012 0.0005 
        043s 15 0.0099 0.5628 0.4094 0.0100 0.0003 0.0046 0.0014 0.0016 
        044s 15 0.0051 0.9679 0.0043 0.0166 0.0010 0.0036 0.0008 0.0008 
        045s 15 0.0020 0.3526 0.0024 0.3140 0.0026 0.2194 0.0785 0.0286 
        046s 15 0.0215 0.9212 0.0188 0.0042 0.0005 0.0270 0.0009 0.0057 
        047s 15 0.0183 0.8584 0.0169 0.0441 0.0007 0.0589 0.0007 0.0021 
        048s 15 0.0005 0.6378 0.2923 0.0045 0.0014 0.0425 0.0199 0.0010 
        049s 15 0.0107 0.8196 0.0252 0.0293 0.0005 0.1126 0.0009 0.0011 
        050s 15 0.1356 0.8198 0.0029 0.0182 0.0130 0.0070 0.0030 0.0005 
         001 16 0.1341 0.1947 0.5612 0.0350 0.0041 0.0633 0.0008 0.0067 
         002 16 0.0227 0.8520 0.0098 0.0293 0.0003 0.0846 0.0007 0.0006 
         003 16 0.0048 0.7793 0.0046 0.1048 0.0034 0.0975 0.0015 0.0040 
         004 16 0.0009 0.7492 0.0024 0.2401 0.0006 0.0042 0.0020 0.0007 
         005 16 0.0560 0.7300 0.0341 0.0098 0.0040 0.1281 0.0280 0.0100 
         006 16 0.0070 0.7205 0.0023 0.0325 0.0011 0.2212 0.0144 0.0009 
         007 16 0.0055 0.8562 0.0240 0.0251 0.0011 0.0852 0.0016 0.0012 
         008 16 0.1480 0.1316 0.2747 0.3269 0.0018 0.1036 0.0005 0.0129 
         009 16 0.0032 0.3998 0.5008 0.0243 0.0015 0.0694 0.0005 0.0005 
         010 16 0.0292 0.1434 0.2337 0.5101 0.0007 0.0805 0.0018 0.0007 
         011 16 0.0051 0.0359 0.7992 0.0758 0.0009 0.0787 0.0030 0.0013 
         012 16 0.0007 0.8118 0.0805 0.0473 0.0014 0.0551 0.0012 0.0021 
         013 16 0.0007 0.8816 0.0070 0.0236 0.0008 0.0841 0.0009 0.0013 
         014 16 0.0351 0.7745 0.0070 0.1581 0.0014 0.0219 0.0004 0.0015 
         015 16 0.0003 0.4397 0.0040 0.0997 0.0029 0.0841 0.3664 0.0029 
         016 16 0.0027 0.8874 0.0044 0.0487 0.0051 0.0361 0.0152 0.0004 
         017 16 0.0032 0.3276 0.6059 0.0215 0.0006 0.0285 0.0021 0.0107 
         018 16 0.0431 0.9169 0.0018 0.0069 0.0067 0.0048 0.0165 0.0033 
         019 16 0.0583 0.0474 0.8755 0.0036 0.0011 0.0059 0.0008 0.0073 
         020 16 0.0002 0.9539 0.0092 0.0267 0.0009 0.0074 0.0008 0.0008 
         021 16 0.0695 0.7256 0.0119 0.0499 0.0041 0.1252 0.0007 0.0131 
         022 16 0.0329 0.9346 0.0010 0.0180 0.0009 0.0107 0.0016 0.0004 
