        001s  1 0.0004 0.0015 0.2559 0.6577 0.0003 0.0005 0.0007 0.0702 0.0124 0.0004 
        002s  1 0.0013 0.0005 0.6873 0.0046 0.0028 0.0018 0.0005 0.1402 0.1580 0.0030 
        003s  1 0.0010 0.0111 0.6246 0.0035 0.0007 0.0012 0.0026 0.3512 0.0037 0.0005 
        004s  1 0.0026 0.0003 0.5100 0.1029 0.0322 0.0017 0.0045 0.0098 0.3341 0.0019 
        005s  1 0.0014 0.0003 0.4134 0.0044 0.1048 0.2071 0.0790 0.1001 0.0017 0.0877 
        006s  1 0.0004 0.0004 0.0029 0.0257 0.0019 0.0005 0.0005 0.0534 0.9141 0.0004 
        007s  1 0.0031 0.0006 0.0176 0.9427 0.0004 0.0010 0.0026 0.0184 0.0128 0.0007 
        008s  1 0.0009 0.0012 0.5543 0.2536 0.0008 0.0515 0.0013 0.1331 0.0029 0.0004 
        009s  1 0.0092 0.0027 0.3686 0.3393 0.0022 0.0115 0.0268 0.2167 0.0071 0.0160 
        010s  1 0.0004 0.0007 0.0086 0.1089 0.0013 0.0018 0.0150 0.0418 0.8208 0.0007 
        011s  1 0.0044 0.0041 0.0118 0.2428 0.0019 0.0169 0.0012 0.2604 0.4559 0.0007 
        012s  1 0.0014 0.0063 0.0530 0.7967 0.0102 0.0010 0.0929 0.0187 0.0132 0.0066 
        013s  1 0.0084 0.0008 0.0286 0.0968 0.0075 0.0067 0.0012 0.1138 0.7201 0.0161 
        014s  1 0.0048 0.0172 0.0032 0.8995 0.0013 0.0304 0.0077 0.0071 0.0283 0.0005 
        015s  1 0.0005 0.0010 0.0074 0.7128 0.0004 0.0032 0.0007 0.1007 0.1729 0.0005 
        016s  1 0.0066 0.0008 0.0761 0.6315 0.0007 0.0004 0.0036 0.2011 0.0785 0.0006 
        018s  1 0.0011 0.0011 0.1314 0.1292 0.0009 0.0567 0.0705 0.6051 0.0015 0.0025 
        019s  1 0.0010 0.0059 0.0750 0.8834 0.0006 0.0154 0.0082 0.0021 0.0079 0.0006 
        020s  1 0.0121 0.0093 0.0023 0.0329 0.0003 0.0027 0.0009 0.0301 0.9093 0.0002 
        021s  1 0.0070 0.0008 0.0436 0.1437 0.0090 0.0004 0.0003 0.0033 0.7906 0.0011 
        022s  1 0.0018 0.0007 0.9577 0.0124 0.0004 0.0011 0.0004 0.0053 0.0201 0.0002 
        023s  1 0.0083 0.0012 0.1194 0.6593 0.0005 0.0012 0.0004 0.0606 0.1488 0.0004 
        024s  1 0.0008 0.0003 0.0055 0.9190 0.0019 0.0014 0.0015 0.0396 0.0294 0.0005 
        025s  1 0.0009 0.0004 0.0028 0.8230 0.0014 0.0444 0.0081 0.1039 0.0146 0.0005 
        026s  1 0.0112 0.0041 0.0069 0.9117 0.0003 0.0006 0.0004 0.0451 0.0179 0.0016 
        027s  1 0.0032 0.0006 0.0314 0.5460 0.0119 0.0461 0.0018 0.3292 0.0290 0.0008 
        028s  1 0.0008 0.0020 0.0049 0.1829 0.0346 0.1102 0.0085 0.3437 0.3109 0.0014 
        029s  1 0.0006 0.0069 0.0134 0.0992 0.0005 0.0031 0.0014 0.0158 0.8584 0.0006 
        030s  1 0.0012 0.0096 0.0064 0.0810 0.0066 0.0379 0.0011 0.1830 0.6727 0.0005 
        031s  1 0.0013 0.0004 0.0738 0.8171 0.0003 0.0011 0.0005 0.0025 0.1029 0.0002 
        032s  1 0.0007 0.0012 0.0082 0.0894 0.0006 0.0095 0.0007 0.0114 0.8781 0.0003 
        033s  1 0.0006 0.0012 0.0041 0.9262 0.0004 0.0206 0.0012 0.0291 0.0119 0.0048 
        034s  1 0.0534 0.0043 0.4644 0.4299 0.0022 0.0080 0.0009 0.0300 0.0067 0.0003 
        035s  1 0.0007 0.0021 0.0025 0.0282 0.0033 0.0008 0.0023 0.0907 0.8689 0.0004 
        036s  1 0.0005 0.0003 0.3303 0.0026 0.0007 0.0009 0.0937 0.0037 0.5663 0.0011 
        037s  1 0.0412 0.0014 0.1522 0.0598 0.0043 0.0017 0.0899 0.2866 0.3434 0.0195 
        038s  1 0.0007 0.0008 0.0173 0.1318 0.0007 0.0115 0.0016 0.0109 0.8235 0.0012 
        039s  1 0.0003 0.0009 0.0333 0.7331 0.0016 0.0153 0.0004 0.0058 0.1846 0.0248 
        040s  1 0.0049 0.0008 0.1110 0.0568 0.0056 0.0015 0.0013 0.0299 0.7870 0.0011 
        041s  1 0.0033 0.0010 0.0077 0.9509 0.0005 0.0017 0.0019 0.0187 0.0130 0.0012 
        042s  1 0.0756 0.0018 0.0419 0.7196 0.0004 0.0096 0.0661 0.0164 0.0678 0.0007 
        043s  1 0.0003 0.0018 0.8526 0.0186 0.0004 0.1181 0.0004 0.0033 0.0015 0.0031 
        044s  1 0.0098 0.0027 0.1369 0.0043 0.0161 0.0255 0.0519 0.0188 0.7214 0.0124 
        045s  1 0.0007 0.0018 0.0036 0.0080 0.0019 0.0008 0.0148 0.0884 0.8795 0.0005 
        046s  1 0.0009 0.0025 0.0101 0.2377 0.0003 0.0010 0.0023 0.0422 0.7023 0.0006 
        047s  1 0.0042 0.0013 0.0035 0.0775 0.0003 0.0034 0.0010 0.0250 0.8834 0.0003 
        048s  1 0.0009 0.0006 0.6066 0.1079 0.0002 0.0026 0.0337 0.0075 0.2273 0.0127 
        049s  1 0.0006 0.0011 0.8979 0.0535 0.0027 0.0065 0.0005 0.0043 0.0326 0.0004 
        050s  1 0.0006 0.0004 0.0427 0.6258 0.0038 0.0095 0.0764 0.0443 0.1952 0.0014 
        051s  1 0.0011 0.0284 0.0081 0.3294 0.0008 0.0005 0.0005 0.0435 0.5876 0.0003 
        052s  1 0.0014 0.0155 0.0192 0.6879 0.0036 0.0047 0.0062 0.0110 0.2485 0.0021 
        053s  1 0.0005 0.0003 0.0036 0.0166 0.0003 0.0008 0.0013 0.0377 0.9355 0.0034 
        054s  1 0.0014 0.0036 0.0054 0.0273 0.0026 0.0013 0.0005 0.1249 0.8318 0.0012 
        055s  1 0.0743 0.0022 0.0074 0.7462 0.0002 0.0279 0.0421 0.0677 0.0211 0.0110 
          01  2 0.0014 0.0339 0.0061 0.0043 0.0007 0.0296 0.0914 0.0208 0.8106 0.0012 
          02  2 0.0007 0.0018 0.0025 0.0107 0.0009 0.0009 0.0035 0.0033 0.9468 0.0289 
          03  2 0.0017 0.0004 0.0107 0.1018 0.0006 0.0016 0.0015 0.1239 0.7570 0.0008 
          04  2 0.0163 0.0011 0.0478 0.2113 0.0058 0.0854 0.0008 0.1530 0.4770 0.0016 
          05  2 0.0005 0.0003 0.8073 0.0147 0.0003 0.0875 0.0747 0.0059 0.0077 0.0010 
          06  2 0.0007 0.0006 0.0076 0.0364 0.0020 0.0018 0.0181 0.1272 0.7992 0.0064 
          07  2 0.0007 0.0010 0.1060 0.7152 0.0016 0.0093 0.0051 0.0013 0.1559 0.0039 
          08  2 0.0009 0.0014 0.6563 0.0021 0.0004 0.0166 0.0657 0.0102 0.2458 0.0006 
          09  2 0.0003 0.0104 0.0935 0.0723 0.0004 0.0007 0.0007 0.0373 0.7839 0.0005 
          10  2 0.0005 0.0004 0.0197 0.0941 0.0009 0.0038 0.0016 0.1790 0.6994 0.0007 
          11  2 0.0023 0.0074 0.0282 0.7397 0.0009 0.0013 0.0246 0.0119 0.1832 0.0006 
          12  2 0.0005 0.0021 0.0172 0.6672 0.0012 0.0008 0.0004 0.1307 0.1785 0.0015 
          13  2 0.0006 0.0005 0.1104 0.6514 0.0003 0.0031 0.0003 0.2276 0.0039 0.0020 
          14  2 0.0230 0.0048 0.2830 0.6266 0.0128 0.0120 0.0002 0.0343 0.0024 0.0010 
          15  2 0.0013 0.0013 0.3467 0.0670 0.0007 0.0003 0.0009 0.0017 0.5792 0.0008 
          16  2 0.0060 0.0031 0.0025 0.4427 0.0498 0.0048 0.0005 0.3868 0.1032 0.0005 
          17  2 0.0011 0.0007 0.0469 0.0133 0.0005 0.0024 0.0017 0.4891 0.4411 0.0033 
          18  2 0.0010 0.0016 0.0037 0.6213 0.0023 0.0033 0.0042 0.0129 0.3419 0.0079 
          19  2 0.0039 0.0031 0.0100 0.3809 0.0003 0.0016 0.0021 0.0014 0.5961 0.0006 
          20  2 0.0065 0.0012 0.0090 0.4120 0.0100 0.0012 0.0480 0.0132 0.4979 0.0010 
          21  2 0.0009 0.0149 0.0072 0.7748 0.0004 0.0034 0.0012 0.0561 0.1406 0.0006 
          22  2 0.0052 0.0050 0.0026 0.8284 0.0058 0.0260 0.0014 0.0905 0.0346 0.0007 
          23  2 0.0018 0.0012 0.0016 0.0310 0.0013 0.0057 0.0014 0.0097 0.9449 0.0015 
          24  2 0.0005 0.0007 0.0034 0.9606 0.0006 0.0033 0.0005 0.0015 0.0285 0.0006 
          25  2 0.0010 0.0014 0.1300 0.3934 0.0222 0.0081 0.0084 0.0808 0.3523 0.0023 
          26  2 0.0002 0.0006 0.9924 0.0011 0.0003 0.0006 0.0010 0.0018 0.0015 0.0005 
          27  2 0.0030 0.0009 0.0238 0.8989 0.0221 0.0041 0.0009 0.0071 0.0380 0.0011 
          28  2 0.0040 0.0007 0.0876 0.8442 0.0002 0.0078 0.0008 0.0161 0.0379 0.0007 
          29  2 0.0003 0.0012 0.0026 0.0901 0.0011 0.0039 0.0017 0.0058 0.8928 0.0004 
          30  2 0.0824 0.0089 0.0461 0.3568 0.0006 0.0012 0.1242 0.3172 0.0570 0.0055 
          01  3 0.0149 0.0003 0.0789 0.0036 0.0004 0.1623 0.0934 0.2158 0.0125 0.4178 
          02  3 0.0061 0.0759 0.0024 0.0212 0.2454 0.2935 0.0842 0.0392 0.0109 0.2214 
          03  3 0.0014 0.0007 0.0028 0.0257 0.1409 0.7030 0.0499 0.0579 0.0135 0.0042 
          04  3 0.0033 0.0010 0.0056 0.0055 0.1411 0.4331 0.1513 0.0484 0.0165 0.1941 
          05  3 0.1010 0.1027 0.0002 0.0002 0.2229 0.3340 0.0719 0.0195 0.0003 0.1472 
          06  3 0.0005 0.0002 0.0002 0.0004 0.2416 0.4728 0.0703 0.0185 0.0002 0.1954 
          07  3 0.0002 0.0010 0.0024 0.0173 0.1022 0.6654 0.0925 0.0980 0.0193 0.0017 
          08  3 0.0031 0.0103 0.0239 0.0561 0.1822 0.3509 0.1501 0.0946 0.0162 0.1127 
          09  3 0.0013 0.0002 0.0015 0.0038 0.1127 0.6217 0.1434 0.1056 0.0061 0.0037 
          10  3 0.1061 0.2061 0.0005 0.0005 0.2338 0.2924 0.0045 0.0041 0.0034 0.1487 
          11  3 0.0002 0.0003 0.0006 0.0024 0.1246 0.7196 0.0903 0.0562 0.0013 0.0046 
          12  3 0.0001 0.0002 0.0010 0.0003 0.1285 0.6983 0.1006 0.0658 0.0002 0.0050 
          13  3 0.0001 0.0007 0.0002 0.0002 0.2564 0.4436 0.0684 0.0034 0.0002 0.2268 
          14  3 0.1377 0.0207 0.0013 0.0026 0.2603 0.3774 0.0415 0.0025 0.0004 0.1557 
          15  3 0.0016 0.0003 0.0140 0.0820 0.1041 0.4830 0.1141 0.1152 0.0046 0.0811 
          16  3 0.0031 0.0043 0.0016 0.0028 0.2652 0.3403 0.0042 0.0082 0.0036 0.3668 
          17  3 0.0007 0.0010 0.0013 0.1163 0.0693 0.3021 0.2213 0.0710 0.1514 0.0656 
          18  3 0.2669 0.1557 0.0011 0.0017 0.1987 0.2263 0.0184 0.0024 0.0010 0.1278 
          19  3 0.0184 0.0007 0.0178 0.0172 0.2244 0.3462 0.0490 0.0202 0.0190 0.2872 
          20  3 0.0612 0.0004 0.0139 0.0200 0.1195 0.3688 0.1516 0.0316 0.0102 0.2228 
          21  3 0.0092 0.0011 0.0092 0.0920 0.1349 0.2635 0.0751 0.0287 0.0569 0.3293 
          22  3 0.0014 0.0003 0.0300 0.0009 0.0604 0.6399 0.1365 0.1058 0.0048 0.0201 
          23  3 0.0017 0.0003 0.0009 0.1158 0.1419 0.3053 0.1336 0.0286 0.0184 0.2535 
          24  3 0.0007 0.1594 0.0008 0.0012 0.1131 0.2925 0.2194 0.0450 0.0009 0.1670 
          25  3 0.1236 0.2403 0.0003 0.0003 0.0963 0.2585 0.0341 0.0038 0.0004 0.2424 
          26  3 0.0002 0.0004 0.0009 0.0016 0.1515 0.6004 0.1329 0.0689 0.0019 0.0412 
          27  3 0.1753 0.1306 0.0025 0.0018 0.1556 0.2953 0.0076 0.0034 0.0023 0.2256 
          28  3 0.0002 0.0017 0.0039 0.0024 0.1857 0.3703 0.1047 0.0209 0.0014 0.3088 
          29  3 0.0159 0.0051 0.0089 0.0127 0.1779 0.3044 0.1281 0.0264 0.0399 0.2806 
          30  3 0.0003 0.0011 0.1841 0.0008 0.0540 0.3652 0.1471 0.0400 0.0011 0.2063 
         001  4 0.0001 0.0001 0.0001 0.0001 0.0001 0.0001 0.9993 0.0001 0.0001 0.0001 
         002  4 0.0001 0.0002 0.0003 0.0003 0.0006 0.0196 0.9483 0.0290 0.0003 0.0013 
         003  4 0.0001 0.0001 0.0001 0.0001 0.0001 0.0001 0.9992 0.0001 0.0001 0.0001 
         004  4 0.0001 0.0001 0.0001 0.0001 0.0002 0.0001 0.9991 0.0001 0.0001 0.0002 
         005  4 0.0001 0.0002 0.0001 0.0001 0.0003 0.0001 0.9810 0.0178 0.0001 0.0001 
         006  4 0.0002 0.0001 0.0004 0.0003 0.0548 0.0582 0.8061 0.0560 0.0005 0.0233 
         007  4 0.0003 0.0002 0.0007 0.0003 0.0474 0.0705 0.8395 0.0406 0.0004 0.0002 
         008  4 0.0026 0.0014 0.0007 0.0004 0.0011 0.0002 0.9542 0.0380 0.0005 0.0009 
         009  4 0.0001 0.0001 0.0001 0.0001 0.0003 0.0001 0.9774 0.0216 0.0001 0.0001 
         010  4 0.0001 0.0001 0.0001 0.0001 0.0413 0.0003 0.9222 0.0356 0.0001 0.0001 
         011  4 0.0155 0.0004 0.0019 0.0021 0.0443 0.0005 0.9162 0.0165 0.0014 0.0013 
         012  4 0.0001 0.0001 0.0001 0.0001 0.0001 0.0020 0.9792 0.0181 0.0001 0.0001 
         013  4 0.0001 0.0001 0.0001 0.0001 0.0001 0.0002 0.9734 0.0257 0.0001 0.0002 
         014  4 0.0002 0.0001 0.0002 0.0002 0.0001 0.0259 0.9479 0.0250 0.0002 0.0002 
         015  4 0.0000 0.0001 0.0001 0.0001 0.0001 0.0560 0.9313 0.0121 0.0001 0.0002 
         016  4 0.0001 0.0001 0.0001 0.0001 0.0003 0.0001 0.9733 0.0258 0.0001 0.0002 
         017  4 0.0001 0.0001 0.0002 0.0001 0.0001 0.0398 0.9073 0.0517 0.0002 0.0004 
         019  4 0.0003 0.0005 0.0003 0.0003 0.0922 0.0235 0.8190 0.0590 0.0003 0.0048 
         020  4 0.0001 0.0001 0.0002 0.0001 0.0002 0.0001 0.9988 0.0002 0.0001 0.0001 
         021  4 0.0002 0.0002 0.0002 0.0003 0.0363 0.0070 0.8840 0.0715 0.0002 0.0001 
         001  5 0.0218 0.0011 0.0005 0.0008 0.0005 0.0520 0.8141 0.1049 0.0006 0.0037 
         002  5 0.0016 0.0009 0.0206 0.0034 0.0002 0.0006 0.8743 0.0609 0.0018 0.0358 
         003  5 0.0023 0.0002 0.0027 0.0028 0.0275 0.0055 0.5610 0.3104 0.0016 0.0859 
         004  5 0.0011 0.0002 0.0040 0.0107 0.0013 0.0002 0.8143 0.1215 0.0340 0.0125 
         005  5 0.0004 0.0002 0.0002 0.0002 0.0005 0.0422 0.7845 0.1304 0.0003 0.0411 
         006  5 0.0001 0.0005 0.0006 0.0004 0.0159 0.0475 0.6706 0.1374 0.0004 0.1268 
         007  5 0.0002 0.0002 0.0002 0.0003 0.0390 0.0413 0.7038 0.1581 0.0002 0.0568 
         008  5 0.0001 0.0002 0.0002 0.0001 0.0006 0.0500 0.7826 0.1071 0.0001 0.0591 
         009  5 0.0011 0.0002 0.0090 0.0189 0.0029 0.0338 0.7461 0.1649 0.0067 0.0164 
         010  5 0.0012 0.0004 0.0009 0.0016 0.0249 0.0070 0.7525 0.1115 0.0011 0.0988 
         011  5 0.0012 0.0002 0.0004 0.0008 0.0002 0.0241 0.8125 0.1086 0.0006 0.0515 
         012  5 0.0012 0.0005 0.0021 0.0067 0.0690 0.0078 0.7455 0.1449 0.0014 0.0210 
         013  5 0.0006 0.0004 0.0048 0.0703 0.0009 0.1573 0.5627 0.1057 0.0396 0.0575 
         014  5 0.0107 0.0125 0.0323 0.0027 0.0659 0.0009 0.5574 0.1524 0.1037 0.0614 
         015  5 0.0002 0.0002 0.0002 0.0002 0.0177 0.0402 0.8039 0.1130 0.0002 0.0241 
         016  5 0.0001 0.0004 0.0005 0.0008 0.0225 0.0705 0.7175 0.1735 0.0007 0.0135 
         017  5 0.0002 0.0018 0.0010 0.0041 0.0467 0.0896 0.6940 0.1133 0.0040 0.0454 
         018  5 0.0120 0.0194 0.0013 0.0018 0.0010 0.0932 0.6670 0.1531 0.0047 0.0464 
         019  5 0.0005 0.0029 0.0002 0.0004 0.0002 0.0462 0.8391 0.1095 0.0003 0.0006 
         020  5 0.0001 0.0001 0.0002 0.0002 0.0001 0.0028 0.9276 0.0680 0.0002 0.0006 
         021  5 0.0017 0.0004 0.0039 0.0020 0.0005 0.0076 0.7192 0.1455 0.1142 0.0050 
         022  5 0.0090 0.0013 0.0003 0.0022 0.0031 0.0429 0.7332 0.2060 0.0015 0.0004 
         023  5 0.0006 0.0003 0.0003 0.0002 0.0009 0.0866 0.7633 0.1147 0.0005 0.0325 
         024  5 0.0003 0.0002 0.0055 0.0056 0.0560 0.0090 0.7430 0.1566 0.0143 0.0095 
         025  5 0.0006 0.0008 0.0017 0.0011 0.0357 0.1173 0.7286 0.1026 0.0017 0.0100 
         026  5 0.0002 0.0003 0.0004 0.0018 0.0083 0.0204 0.6714 0.2674 0.0218 0.0079 
         027  5 0.0001 0.0001 0.0002 0.0002 0.0015 0.0004 0.9255 0.0715 0.0003 0.0002 
         028  5 0.0018 0.0005 0.0010 0.0020 0.0293 0.0893 0.7799 0.0933 0.0021 0.0008 
         029  5 0.0002 0.0003 0.0003 0.0002 0.0008 0.0499 0.8378 0.1029 0.0003 0.0074 
         030  5 0.0007 0.0025 0.0003 0.0005 0.0006 0.0577 0.8295 0.1012 0.0003 0.0066 
        001s  6 0.0188 0.0008 0.1999 0.6854 0.0082 0.0028 0.0009 0.0541 0.0155 0.0137 
        002s  6 0.0008 0.0241 0.0067 0.8265 0.0006 0.0203 0.0136 0.0019 0.1023 0.0032 
        003s  6 0.0030 0.0005 0.1286 0.8035 0.0003 0.0022 0.0071 0.0029 0.0481 0.0037 
        004s  6 0.0006 0.0007 0.0077 0.0264 0.0004 0.0006 0.0008 0.0020 0.9605 0.0003 
        006s  6 0.0075 0.0013 0.0027 0.8079 0.0207 0.0011 0.0440 0.0323 0.0782 0.0043 
        007s  6 0.0006 0.0011 0.0031 0.8500 0.0019 0.0031 0.0004 0.0998 0.0390 0.0009 
        008s  6 0.0081 0.0031 0.0088 0.1851 0.0005 0.0028 0.0040 0.0177 0.7689 0.0011 
        009s  6 0.0007 0.0010 0.0065 0.8655 0.0004 0.0006 0.0003 0.0259 0.0986 0.0005 
        010s  6 0.0135 0.0135 0.0017 0.0194 0.0067 0.0095 0.0292 0.0260 0.8795 0.0009 
        011s  6 0.0021 0.0003 0.0018 0.0109 0.0010 0.0016 0.0004 0.0044 0.9691 0.0084 
        012s  6 0.0017 0.0045 0.0054 0.0325 0.0012 0.0138 0.0005 0.0427 0.8966 0.0012 
        013s  6 0.0005 0.0007 0.0026 0.0052 0.0010 0.0018 0.0006 0.0199 0.9671 0.0006 
        014s  6 0.0004 0.0003 0.3798 0.4454 0.0002 0.0447 0.0221 0.0009 0.1012 0.0051 
        015s  6 0.0062 0.0009 0.0027 0.0558 0.0068 0.0414 0.0043 0.0051 0.8761 0.0007 
        016s  6 0.0011 0.0005 0.1278 0.0268 0.0009 0.0005 0.0005 0.0055 0.8356 0.0008 
        018s  6 0.0018 0.0004 0.0041 0.0422 0.0003 0.0033 0.2012 0.0230 0.6615 0.0621 
        019s  6 0.0029 0.0009 0.0789 0.7765 0.0011 0.0481 0.0034 0.0535 0.0290 0.0057 
        020s  6 0.0005 0.0010 0.0289 0.8154 0.0006 0.0272 0.0003 0.0955 0.0299 0.0008 
        021s  6 0.0064 0.0014 0.0030 0.1127 0.0083 0.0008 0.0012 0.0064 0.8502 0.0096 
        022s  6 0.0040 0.0005 0.0403 0.2339 0.0003 0.0091 0.0006 0.0030 0.7080 0.0004 
        023s  6 0.0007 0.0002 0.5767 0.1951 0.0005 0.0391 0.0093 0.1332 0.0448 0.0004 
        024s  6 0.0010 0.0017 0.0044 0.9332 0.0031 0.0078 0.0396 0.0025 0.0062 0.0004 
        025s  6 0.0708 0.0004 0.0076 0.0086 0.0007 0.0044 0.0022 0.0101 0.8908 0.0042 
        026s  6 0.0004 0.0018 0.0134 0.0133 0.0005 0.0029 0.0003 0.0028 0.9642 0.0005 
        027s  6 0.0004 0.0018 0.0202 0.2604 0.0006 0.0011 0.0014 0.1132 0.6005 0.0004 
        028s  6 0.0036 0.0457 0.0019 0.8184 0.0045 0.0217 0.0051 0.0134 0.0815 0.0043 
        029s  6 0.0012 0.0019 0.0058 0.8951 0.0004 0.0131 0.0005 0.0084 0.0733 0.0004 
        030s  6 0.0117 0.0017 0.0029 0.8968 0.0005 0.0313 0.0372 0.0017 0.0144 0.0017 
        031s  6 0.0005 0.0007 0.6446 0.1796 0.0060 0.0122 0.0019 0.0075 0.1465 0.0005 
        032s  6 0.0009 0.0005 0.0083 0.0042 0.0003 0.0015 0.0012 0.0043 0.9367 0.0420 
        033s  6 0.0007 0.0003 0.0040 0.7828 0.0002 0.0779 0.0157 0.1146 0.0036 0.0005 
        034s  6 0.0136 0.0003 0.0177 0.5645 0.0043 0.0032 0.0015 0.1666 0.2280 0.0004 
        035s  6 0.0010 0.0007 0.7564 0.0032 0.0007 0.0045 0.1203 0.1120 0.0008 0.0006 
        036s  6 0.0012 0.0003 0.0025 0.7479 0.0028 0.0015 0.0005 0.2241 0.0111 0.0082 
        037s  6 0.0021 0.0028 0.0033 0.0276 0.0006 0.0009 0.0009 0.0021 0.9571 0.0028 
        038s  6 0.0010 0.0020 0.1607 0.6281 0.0024 0.0012 0.0003 0.1466 0.0572 0.0006 
        039s  6 0.0007 0.0007 0.0057 0.8912 0.0004 0.0052 0.0003 0.0498 0.0456 0.0005 
        040s  6 0.0004 0.0005 0.0980 0.0121 0.0012 0.0166 0.0005 0.0024 0.8673 0.0008 
        041s  6 0.0049 0.0039 0.4189 0.4248 0.0002 0.0018 0.0619 0.0514 0.0320 0.0002 
        042s  6 0.0484 0.0034 0.0210 0.7056 0.0005 0.0006 0.0121 0.1996 0.0081 0.0007 
        043s  6 0.0053 0.0003 0.0039 0.9395 0.0013 0.0026 0.0014 0.0037 0.0415 0.0003 
        044s  6 0.0012 0.0019 0.1442 0.0932 0.0005 0.0016 0.0008 0.0865 0.6693 0.0007 
        045s  6 0.0025 0.0006 0.0059 0.0279 0.0003 0.0006 0.0066 0.1676 0.7863 0.0016 
        001s  7 0.0015 0.0005 0.8362 0.1016 0.0006 0.0006 0.0022 0.0204 0.0356 0.0008 
        002s  7 0.0026 0.0008 0.4818 0.0079 0.0012 0.0009 0.0174 0.0067 0.4729 0.0077 
        003s  7 0.0013 0.0014 0.7907 0.0284 0.0021 0.0019 0.0011 0.1710 0.0013 0.0008 
        004s  7 0.0005 0.0011 0.0094 0.9739 0.0027 0.0046 0.0008 0.0028 0.0034 0.0007 
        005s  7 0.0021 0.0007 0.0222 0.7885 0.0027 0.0033 0.0115 0.0917 0.0763 0.0011 
        006s  7 0.0040 0.0005 0.0013 0.7930 0.0012 0.0022 0.0417 0.1471 0.0081 0.0010 
        007s  7 0.0016 0.0154 0.0030 0.0069 0.0091 0.0009 0.0068 0.0187 0.9347 0.0029 
        008s  7 0.0017 0.0031 0.9228 0.0112 0.0004 0.0480 0.0050 0.0044 0.0030 0.0004 
        009s  7 0.0127 0.0008 0.0206 0.0149 0.0021 0.0004 0.0040 0.0149 0.9261 0.0036 
        010s  7 0.0020 0.0009 0.9844 0.0022 0.0003 0.0010 0.0010 0.0029 0.0046 0.0007 
        011s  7 0.0009 0.0010 0.0206 0.7706 0.0005 0.0010 0.0004 0.1376 0.0666 0.0009 
        012s  7 0.0006 0.0006 0.0050 0.0659 0.0009 0.0023 0.0005 0.0088 0.9152 0.0002 
        013s  7 0.0039 0.0006 0.0071 0.0361 0.0078 0.0006 0.0003 0.0017 0.9409 0.0009 
        014s  7 0.0003 0.0005 0.4751 0.0074 0.0004 0.0004 0.0401 0.0507 0.4243 0.0008 
        015s  7 0.0010 0.0013 0.0064 0.1938 0.0022 0.0010 0.0295 0.2745 0.4892 0.0012 
        016s  7 0.0011 0.0004 0.9001 0.0006 0.0002 0.0013 0.0797 0.0129 0.0034 0.0003 
        017s  7 0.0008 0.0003 0.0162 0.8828 0.0013 0.0052 0.0028 0.0556 0.0346 0.0005 
        018s  7 0.0005 0.0019 0.0016 0.8660 0.0002 0.1069 0.0008 0.0021 0.0197 0.0003 
        019s  7 0.0089 0.0028 0.0086 0.8968 0.0014 0.0003 0.0009 0.0238 0.0525 0.0040 
        020s  7 0.0003 0.0004 0.0240 0.0188 0.0012 0.0010 0.0006 0.0065 0.9466 0.0006 
        021s  7 0.0012 0.0015 0.0051 0.9454 0.0005 0.0036 0.0012 0.0333 0.0056 0.0027 
        022s  7 0.0008 0.0003 0.0024 0.0146 0.0051 0.0027 0.0034 0.0449 0.9254 0.0004 
        023s  7 0.0120 0.0012 0.0061 0.9097 0.0013 0.0154 0.0024 0.0423 0.0080 0.0015 
        024s  7 0.0008 0.0017 0.0047 0.1114 0.0005 0.0012 0.0033 0.0342 0.8417 0.0006 
        025s  7 0.0014 0.0012 0.0071 0.0091 0.0041 0.0013 0.0007 0.0451 0.9260 0.0040 
        026s  7 0.0009 0.0018 0.9532 0.0207 0.0003 0.0015 0.0021 0.0046 0.0146 0.0003 
        027s  7 0.0005 0.0022 0.4832 0.4827 0.0009 0.0012 0.0022 0.0010 0.0252 0.0009 
        028s  7 0.0005 0.0003 0.0052 0.0257 0.0006 0.0569 0.0045 0.0052 0.9003 0.0009 
        029s  7 0.0028 0.0008 0.0206 0.0055 0.0006 0.0050 0.0025 0.5415 0.4194 0.0014 
        030s  7 0.0050 0.0052 0.1910 0.7419 0.0009 0.0017 0.0004 0.0414 0.0123 0.0003 
        031s  7 0.0067 0.0004 0.0109 0.6380 0.0012 0.0051 0.0018 0.0032 0.3315 0.0013 
        032s  7 0.0004 0.0044 0.0018 0.6228 0.0003 0.0111 0.0799 0.0038 0.2749 0.0007 
        033s  7 0.0013 0.0033 0.0024 0.8487 0.0005 0.0011 0.0290 0.0149 0.0942 0.0047 
        034s  7 0.0007 0.0014 0.0029 0.3012 0.0201 0.0011 0.0006 0.6457 0.0215 0.0049 
        035s  7 0.0007 0.0005 0.0033 0.0592 0.0004 0.0004 0.0007 0.0461 0.8885 0.0004 
        036s  7 0.0088 0.0007 0.0169 0.8533 0.0053 0.0041 0.0007 0.0647 0.0451 0.0004 
        037s  7 0.0048 0.0005 0.0039 0.7639 0.0007 0.0740 0.0068 0.0527 0.0673 0.0254 
        038s  7 0.0016 0.0013 0.0038 0.0117 0.0005 0.0129 0.0023 0.2433 0.7095 0.0131 
        039s  7 0.0003 0.0005 0.3303 0.0064 0.0002 0.0175 0.0003 0.0296 0.6143 0.0005 
        040s  7 0.0006 0.0004 0.9431 0.0018 0.0369 0.0018 0.0075 0.0040 0.0017 0.0021 
        041s  7 0.0016 0.0017 0.2667 0.5351 0.0004 0.0036 0.0107 0.0833 0.0883 0.0086 
        042s  7 0.0004 0.0003 0.9150 0.0135 0.0009 0.0010 0.0065 0.0046 0.0567 0.0010 
        043s  7 0.0031 0.0005 0.0101 0.9612 0.0003 0.0004 0.0009 0.0053 0.0178 0.0004 
        044s  7 0.0173 0.0012 0.0017 0.8998 0.0054 0.0271 0.0187 0.0093 0.0076 0.0118 
         003  8 0.0010 0.0118 0.0055 0.5251 0.0010 0.0050 0.0042 0.1319 0.3128 0.0016 
         009  8 0.0007 0.0005 0.0052 0.0045 0.0006 0.0009 0.0015 0.0198 0.9656 0.0006 
         010  8 0.0016 0.0004 0.0180 0.8069 0.0003 0.0035 0.0005 0.0037 0.1646 0.0004 
         017  8 0.0043 0.0017 0.0043 0.1151 0.0007 0.0065 0.0008 0.0269 0.8382 0.0015 
         002  9 0.0015 0.0007 0.0141 0.1145 0.0009 0.0013 0.0004 0.0235 0.8428 0.0004 
         003  9 0.0004 0.0003 0.0041 0.4713 0.0003 0.0013 0.0003 0.0213 0.5004 0.0002 
         004  9 0.0013 0.0004 0.0117 0.8756 0.0003 0.0016 0.0005 0.0181 0.0902 0.0003 
         005  9 0.0065 0.0015 0.0053 0.0381 0.0012 0.0012 0.0005 0.0167 0.9286 0.0004 
         006  9 0.0015 0.0005 0.0037 0.0062 0.0014 0.0013 0.0008 0.0078 0.9763 0.0004 
         007  9 0.0017 0.0011 0.0101 0.5106 0.0005 0.0075 0.0043 0.0249 0.4391 0.0002 
         009  9 0.0013 0.0015 0.0198 0.8919 0.0002 0.0004 0.0012 0.0429 0.0398 0.0009 
         010  9 0.0022 0.0018 0.0028 0.1716 0.0005 0.0019 0.0004 0.0243 0.7941 0.0003 
         013  9 0.0020 0.0003 0.0355 0.0868 0.0018 0.0082 0.0016 0.0057 0.8576 0.0005 
         014  9 0.0029 0.0053 0.0128 0.0820 0.0003 0.0003 0.0005 0.0236 0.8720 0.0003 
         016  9 0.0009 0.0013 0.0042 0.0601 0.0003 0.0010 0.0002 0.0143 0.9177 0.0001 
         018  9 0.0016 0.0056 0.0021 0.0194 0.0011 0.0006 0.0009 0.0031 0.9648 0.0009 
         019  9 0.0006 0.0040 0.0025 0.8751 0.0007 0.0019 0.0010 0.0701 0.0434 0.0007 
         020  9 0.0003 0.0003 0.0014 0.0187 0.0004 0.0017 0.0003 0.0190 0.9576 0.0004 
         021  9 0.0007 0.0003 0.0036 0.0191 0.0002 0.0075 0.0004 0.0400 0.9280 0.0004 
         022  9 0.0004 0.0012 0.0075 0.0398 0.0004 0.0006 0.0003 0.0009 0.9486 0.0005 
         024  9 0.0032 0.0041 0.0149 0.3302 0.0005 0.0066 0.0005 0.0145 0.6242 0.0013 
         028  9 0.0013 0.0007 0.0035 0.0129 0.0009 0.0050 0.0004 0.0505 0.9245 0.0003 
         029  9 0.0006 0.0011 0.0188 0.2109 0.0004 0.0042 0.0004 0.0631 0.7001 0.0005 
         030  9 0.0010 0.0009 0.0049 0.0139 0.0005 0.0081 0.0004 0.0029 0.9671 0.0002 
         031  9 0.0004 0.0012 0.0104 0.0287 0.0004 0.0038 0.0016 0.0211 0.9312 0.0012 
         033  9 0.0008 0.0007 0.0087 0.9001 0.0003 0.0021 0.0088 0.0045 0.0728 0.0013 
         001 10 0.0003 0.0008 0.0078 0.0289 0.0005 0.0007 0.0006 0.0193 0.9406 0.0004 
         002 10 0.0006 0.0015 0.0051 0.7264 0.0002 0.0038 0.0003 0.1748 0.0868 0.0005 
         003 10 0.0114 0.0005 0.0016 0.4660 0.0008 0.0006 0.0003 0.0512 0.4671 0.0006 
         004 10 0.0028 0.0007 0.2034 0.1730 0.0004 0.0017 0.0002 0.0682 0.5490 0.0006 
         005 10 0.0015 0.0018 0.0058 0.1183 0.0004 0.0047 0.0004 0.0050 0.8616 0.0004 
         006 10 0.0010 0.0005 0.0040 0.7827 0.0004 0.0010 0.0014 0.0032 0.2047 0.0011 
         007 10 0.0029 0.0004 0.0052 0.4260 0.0003 0.0064 0.0004 0.0095 0.5485 0.0004 
         008 10 0.0048 0.0006 0.0014 0.0376 0.0007 0.0107 0.0007 0.0135 0.9291 0.0009 
         009 10 0.0005 0.0038 0.0141 0.1007 0.0012 0.0009 0.0007 0.0040 0.8732 0.0009 
         010 10 0.0007 0.0034 0.0171 0.9495 0.0005 0.0015 0.0009 0.0054 0.0202 0.0006 
         011 10 0.0391 0.0004 0.0047 0.0084 0.0015 0.0061 0.0011 0.0271 0.9110 0.0007 
         012 10 0.0014 0.0005 0.0036 0.0554 0.0006 0.0024 0.0004 0.0296 0.9031 0.0029 
         013 10 0.0006 0.0007 0.0049 0.0502 0.0022 0.0008 0.0003 0.0320 0.9074 0.0008 
         014 10 0.0006 0.0009 0.2471 0.5667 0.0009 0.0056 0.0004 0.0040 0.1734 0.0005 
         016 10 0.0010 0.0014 0.0047 0.9077 0.0005 0.0013 0.0003 0.0747 0.0063 0.0020 
         017 10 0.0013 0.0012 0.0026 0.0094 0.0007 0.0021 0.0008 0.0038 0.9775 0.0006 
         018 10 0.0007 0.0033 0.0032 0.2473 0.0004 0.0055 0.0038 0.0183 0.7151 0.0023 
         019 10 0.0011 0.0048 0.0031 0.1298 0.0004 0.0017 0.0003 0.0068 0.8508 0.0011 
         020 10 0.0014 0.0079 0.0126 0.1659 0.0008 0.0159 0.0009 0.0132 0.7784 0.0030 
         021 10 0.0003 0.0020 0.0370 0.8347 0.0002 0.0023 0.0006 0.0130 0.1096 0.0003 
         022 10 0.0007 0.0004 0.0277 0.0161 0.0008 0.0006 0.0007 0.0253 0.9274 0.0004 
         023 10 0.0016 0.0005 0.0028 0.0160 0.0007 0.0074 0.0003 0.0148 0.9554 0.0006 
         024 10 0.0020 0.0015 0.0052 0.8496 0.0002 0.0007 0.0004 0.0217 0.1181 0.0005 
         026 10 0.0005 0.0007 0.0022 0.0039 0.0004 0.0009 0.0005 0.0090 0.9810 0.0009 
        001s 11 0.0098 0.0005 0.1576 0.2906 0.0009 0.0011 0.0900 0.0192 0.4298 0.0004 
        002s 11 0.0022 0.0043 0.0210 0.7244 0.0052 0.0005 0.0007 0.0042 0.2363 0.0013 
        003s 11 0.0005 0.0015 0.0282 0.0403 0.0007 0.0188 0.0075 0.2348 0.6669 0.0007 
        004s 11 0.0023 0.0003 0.0130 0.0930 0.0015 0.0008 0.0005 0.0950 0.7930 0.0006 
        005s 11 0.0007 0.0037 0.0621 0.6440 0.0006 0.0173 0.0019 0.0319 0.2372 0.0006 
        006s 11 0.0016 0.0020 0.0169 0.8687 0.0019 0.0083 0.0012 0.0127 0.0645 0.0222 
        007s 11 0.0009 0.0015 0.0479 0.1158 0.0210 0.0034 0.0024 0.5527 0.2510 0.0034 
        008s 11 0.0003 0.0006 0.0025 0.0197 0.0003 0.0021 0.0002 0.6594 0.3142 0.0005 
        009s 11 0.0004 0.0162 0.0036 0.4483 0.0003 0.0117 0.0004 0.0564 0.4623 0.0003 
        010s 11 0.0008 0.0005 0.1138 0.5948 0.0003 0.0006 0.0017 0.0014 0.2836 0.0025 
        011s 11 0.0085 0.0003 0.7358 0.1014 0.0106 0.0051 0.1003 0.0229 0.0144 0.0006 
        012s 11 0.0003 0.0013 0.0174 0.6605 0.0002 0.0966 0.0499 0.1585 0.0144 0.0009 
        013s 11 0.0014 0.0003 0.2849 0.0317 0.0007 0.0057 0.0010 0.0226 0.6513 0.0004 
        014s 11 0.0013 0.0014 0.7069 0.2473 0.0064 0.0139 0.0027 0.0054 0.0114 0.0034 
        015s 11 0.0042 0.0024 0.0093 0.8443 0.0021 0.0016 0.0017 0.1204 0.0129 0.0011 
        016s 11 0.0566 0.0056 0.1494 0.0959 0.0005 0.0052 0.0398 0.0627 0.5838 0.0005 
        017s 11 0.0017 0.0009 0.0359 0.4561 0.0003 0.1363 0.0369 0.1403 0.1913 0.0003 
        018s 11 0.0012 0.0012 0.8757 0.0821 0.0010 0.0014 0.0092 0.0073 0.0176 0.0031 
        019s 11 0.0257 0.0004 0.0139 0.1205 0.0005 0.0147 0.0010 0.0562 0.7659 0.0012 
        020s 11 0.0013 0.0021 0.6028 0.1465 0.0014 0.0008 0.0051 0.1782 0.0613 0.0005 
        021s 11 0.0013 0.0004 0.0046 0.0123 0.0005 0.0009 0.0007 0.0286 0.9500 0.0006 
        022s 11 0.0007 0.0008 0.0229 0.1686 0.0295 0.0097 0.0023 0.3561 0.4086 0.0008 
        023s 11 0.0316 0.0007 0.7119 0.0334 0.0004 0.0023 0.0256 0.0047 0.1879 0.0015 
        025s 11 0.0009 0.0003 0.0052 0.8392 0.0006 0.0015 0.0003 0.0706 0.0809 0.0006 
        026s 11 0.0470 0.0010 0.0071 0.0362 0.0010 0.0010 0.0328 0.0172 0.8560 0.0007 
        027s 11 0.0009 0.0006 0.0090 0.5618 0.0032 0.0037 0.0007 0.0201 0.3992 0.0009 
        028s 11 0.0009 0.0004 0.0034 0.9627 0.0011 0.0024 0.0035 0.0101 0.0133 0.0022 
        029s 11 0.0005 0.0010 0.0040 0.0162 0.0003 0.0428 0.0125 0.0408 0.8807 0.0013 
        030s 11 0.0019 0.0011 0.0016 0.4149 0.0014 0.0474 0.0150 0.5111 0.0049 0.0007 
        031s 11 0.0004 0.0007 0.0044 0.0069 0.0020 0.0005 0.0006 0.1724 0.8117 0.0003 
        032s 11 0.0023 0.0008 0.0918 0.0837 0.0005 0.0011 0.0014 0.1576 0.6604 0.0004 
        033s 11 0.0009 0.0013 0.0695 0.0143 0.0006 0.0009 0.0046 0.0042 0.9023 0.0014 
        034s 11 0.0005 0.0003 0.7452 0.0886 0.0034 0.0011 0.0010 0.0035 0.1556 0.0008 
        035s 11 0.0004 0.0014 0.4025 0.5827 0.0017 0.0008 0.0041 0.0049 0.0009 0.0006 
        036s 11 0.0005 0.0023 0.0215 0.3309 0.0008 0.0446 0.0129 0.1072 0.4772 0.0022 
        037s 11 0.0020 0.0014 0.9025 0.0532 0.0003 0.0230 0.0010 0.0071 0.0071 0.0024 
        038s 11 0.0009 0.0007 0.3031 0.2618 0.0004 0.0106 0.0016 0.0553 0.3633 0.0024 
        039s 11 0.0009 0.0005 0.0036 0.9625 0.0003 0.0065 0.0011 0.0121 0.0119 0.0005 
        040s 11 0.0004 0.0006 0.0010 0.8930 0.0010 0.0467 0.0399 0.0019 0.0044 0.0111 
        041s 11 0.0022 0.0206 0.0055 0.9220 0.0010 0.0026 0.0009 0.0280 0.0163 0.0009 
        042s 11 0.0120 0.0010 0.4336 0.0024 0.0008 0.0035 0.0009 0.0030 0.5423 0.0007 
        043s 11 0.0165 0.0004 0.0106 0.8066 0.0005 0.0016 0.0093 0.0047 0.1273 0.0225 
        044s 11 0.0047 0.0018 0.0319 0.7501 0.0082 0.0006 0.0005 0.1378 0.0638 0.0005 
        045s 11 0.0091 0.0004 0.0074 0.0320 0.0013 0.0012 0.0004 0.2406 0.7049 0.0027 
        046s 11 0.0257 0.0011 0.5660 0.0565 0.0055 0.0202 0.0194 0.2027 0.1025 0.0003 
        047s 11 0.0013 0.0005 0.0031 0.2228 0.0013 0.0344 0.0004 0.4462 0.2896 0.0003 
        048s 11 0.0337 0.0025 0.0050 0.1549 0.0017 0.0008 0.0033 0.2683 0.5275 0.0023 
        049s 11 0.0021 0.0008 0.0078 0.3501 0.0006 0.0011 0.0014 0.1744 0.4615 0.0004 
        050s 11 0.0013 0.0005 0.0071 0.0800 0.0038 0.0012 0.0004 0.0229 0.8826 0.0003 
        051s 11 0.0544 0.0006 0.1245 0.1702 0.0248 0.0057 0.0005 0.0351 0.5835 0.0008 
        052s 11 0.0029 0.0013 0.6733 0.0088 0.0041 0.0033 0.0018 0.0926 0.2105 0.0014 
        053s 11 0.0007 0.0015 0.0079 0.8205 0.0003 0.0019 0.0003 0.0431 0.1232 0.0005 
        054s 11 0.0009 0.0004 0.0048 0.8587 0.0047 0.0022 0.0009 0.0508 0.0741 0.0026 
        055s 11 0.0005 0.0002 0.8565 0.0183 0.0004 0.0056 0.0187 0.0018 0.0385 0.0596 
        001s 12 0.0013 0.0009 0.0224 0.4979 0.0009 0.0180 0.0014 0.0100 0.4443 0.0029 
        002s 12 0.0010 0.0031 0.0033 0.0804 0.0005 0.0010 0.0020 0.1633 0.7447 0.0006 
        003s 12 0.0005 0.0005 0.0225 0.0496 0.0007 0.0004 0.0004 0.1057 0.8192 0.0005 
        004s 12 0.0046 0.0029 0.0029 0.2055 0.0004 0.0011 0.0701 0.0023 0.7101 0.0002 
        005s 12 0.0010 0.0006 0.5437 0.0071 0.0005 0.0016 0.0004 0.0121 0.4320 0.0011 
        006s 12 0.0017 0.0005 0.0244 0.8218 0.0029 0.0386 0.0080 0.0213 0.0783 0.0025 
        007s 12 0.0013 0.0041 0.0023 0.6439 0.0018 0.0008 0.0008 0.3375 0.0069 0.0005 
        008s 12 0.0007 0.0006 0.0074 0.8106 0.0003 0.0052 0.0016 0.0674 0.0673 0.0388 
        009s 12 0.0069 0.0146 0.0515 0.0790 0.0010 0.0162 0.0028 0.6432 0.1828 0.0019 
        010s 12 0.0004 0.0012 0.0395 0.0796 0.0169 0.0469 0.0044 0.0786 0.7299 0.0025 
        011s 12 0.0008 0.0011 0.0057 0.0073 0.0028 0.0017 0.0010 0.2699 0.7086 0.0011 
        012s 12 0.0035 0.0003 0.0013 0.1429 0.0028 0.0232 0.0013 0.4882 0.3358 0.0005 
        013s 12 0.0373 0.0007 0.0016 0.7896 0.0004 0.0193 0.0009 0.0055 0.1442 0.0003 
        014s 12 0.0485 0.0028 0.4342 0.2435 0.0376 0.0082 0.0008 0.0088 0.2137 0.0020 
        015s 12 0.0009 0.0013 0.0044 0.9228 0.0008 0.0017 0.0035 0.0546 0.0089 0.0011 
        016s 12 0.0060 0.0004 0.0016 0.1619 0.0005 0.0067 0.0004 0.0022 0.8198 0.0005 
        017s 12 0.0015 0.0002 0.0305 0.8275 0.0016 0.0025 0.0099 0.0299 0.0958 0.0006 
        018s 12 0.0026 0.0029 0.0103 0.7074 0.0002 0.0567 0.0006 0.1940 0.0244 0.0009 
        019s 12 0.0005 0.0028 0.0532 0.7606 0.0005 0.0033 0.0058 0.0053 0.1676 0.0005 
        020s 12 0.0007 0.0003 0.0087 0.9114 0.0002 0.0089 0.0594 0.0043 0.0030 0.0032 
        021s 12 0.0023 0.0005 0.0061 0.9255 0.0006 0.0219 0.0034 0.0220 0.0172 0.0005 
        022s 12 0.0049 0.0026 0.0229 0.9067 0.0009 0.0062 0.0196 0.0082 0.0193 0.0088 
        023s 12 0.0010 0.0007 0.0219 0.2271 0.0003 0.0007 0.0004 0.0078 0.7392 0.0009 
        024s 12 0.0008 0.0004 0.4456 0.5062 0.0003 0.0321 0.0007 0.0065 0.0070 0.0003 
        025s 12 0.0019 0.0033 0.0077 0.8920 0.0011 0.0005 0.0020 0.0052 0.0614 0.0251 
        026s 12 0.0008 0.0129 0.0560 0.8894 0.0012 0.0010 0.0265 0.0031 0.0084 0.0006 
        027s 12 0.0005 0.0004 0.0065 0.4747 0.0006 0.0018 0.0012 0.0016 0.5055 0.0072 
        028s 12 0.0057 0.0169 0.9112 0.0359 0.0008 0.0004 0.0021 0.0221 0.0042 0.0006 
        029s 12 0.0018 0.0005 0.2910 0.4111 0.0008 0.0008 0.0005 0.0283 0.2650 0.0003 
        030s 12 0.0004 0.0003 0.0061 0.7648 0.0018 0.0038 0.0005 0.1690 0.0526 0.0005 
        031s 12 0.0034 0.0008 0.0034 0.6752 0.0006 0.0066 0.0035 0.0584 0.2470 0.0012 
        032s 12 0.0009 0.0120 0.7341 0.2416 0.0006 0.0011 0.0011 0.0045 0.0039 0.0002 
        033s 12 0.0007 0.0004 0.0075 0.0603 0.0020 0.0257 0.0013 0.0882 0.8113 0.0026 
        034s 12 0.0006 0.0007 0.8430 0.1440 0.0004 0.0004 0.0003 0.0049 0.0051 0.0006 
        035s 12 0.0004 0.0007 0.0888 0.6076 0.0007 0.0100 0.0064 0.0062 0.2771 0.0020 
        036s 12 0.0010 0.0027 0.0482 0.9123 0.0052 0.0059 0.0012 0.0052 0.0090 0.0093 
        037s 12 0.0008 0.0012 0.0030 0.6319 0.0003 0.0164 0.0012 0.2035 0.1414 0.0003 
        001s 13 0.0023 0.0009 0.0097 0.0746 0.0011 0.0007 0.0255 0.0061 0.8784 0.0006 
        002s 13 0.0005 0.0002 0.5957 0.0014 0.0003 0.0132 0.0335 0.3442 0.0029 0.0080 
        003s 13 0.0018 0.0009 0.0077 0.5411 0.0003 0.0024 0.0008 0.0440 0.3995 0.0015 
        004s 13 0.0024 0.0108 0.0179 0.0080 0.0007 0.0036 0.0010 0.0278 0.9275 0.0003 
        005s 13 0.0028 0.0042 0.0031 0.4493 0.0038 0.0020 0.0015 0.0247 0.5047 0.0039 
        006s 13 0.0005 0.0014 0.0063 0.5713 0.0010 0.0031 0.0005 0.3646 0.0501 0.0013 
        007s 13 0.0012 0.0005 0.0052 0.6945 0.0186 0.0081 0.0006 0.1060 0.1618 0.0034 
        008s 13 0.0007 0.0017 0.0032 0.8153 0.0031 0.0049 0.0432 0.0764 0.0496 0.0018 
        009s 13 0.0008 0.0096 0.0039 0.0249 0.0021 0.0017 0.1139 0.0425 0.7950 0.0056 
        010s 13 0.0011 0.0022 0.0018 0.8490 0.0004 0.0976 0.0132 0.0025 0.0312 0.0008 
        011s 13 0.0036 0.0056 0.1543 0.1098 0.0181 0.0108 0.0044 0.1368 0.5524 0.0042 
        012s 13 0.0189 0.0040 0.0020 0.7526 0.0009 0.1000 0.0145 0.0989 0.0073 0.0010 
        013s 13 0.0073 0.0008 0.3757 0.5594 0.0170 0.0030 0.0266 0.0060 0.0036 0.0005 
        014s 13 0.0052 0.0012 0.0019 0.6936 0.0155 0.0337 0.0006 0.0260 0.2121 0.0101 
        015s 13 0.0101 0.0088 0.0356 0.8026 0.0008 0.0016 0.0059 0.0349 0.0991 0.0006 
        016s 13 0.0014 0.0007 0.0036 0.0057 0.0005 0.0003 0.0003 0.0093 0.9774 0.0008 
        017s 13 0.0006 0.0053 0.0092 0.1041 0.0006 0.0028 0.0008 0.0027 0.8196 0.0544 
        018s 13 0.0005 0.0007 0.0165 0.0127 0.0004 0.0005 0.0005 0.0654 0.9019 0.0010 
        019s 13 0.0014 0.0005 0.0512 0.8083 0.0006 0.0140 0.0007 0.0992 0.0203 0.0038 
        020s 13 0.0005 0.0025 0.9286 0.0089 0.0039 0.0008 0.0010 0.0049 0.0422 0.0067 
        021s 13 0.0016 0.0004 0.0119 0.8566 0.0005 0.0039 0.0014 0.0121 0.1114 0.0003 
        022s 13 0.0006 0.0005 0.0030 0.8198 0.0004 0.0053 0.0013 0.0542 0.1130 0.0019 
        023s 13 0.0005 0.0007 0.0307 0.0233 0.0003 0.0004 0.0013 0.0366 0.9043 0.0020 
        024s 13 0.0435 0.0009 0.0034 0.2557 0.0018 0.0008 0.0083 0.6637 0.0203 0.0015 
        025s 13 0.0021 0.0009 0.0026 0.0134 0.0003 0.0013 0.0012 0.0443 0.9331 0.0008 
        026s 13 0.0070 0.0005 0.0378 0.6250 0.0008 0.1084 0.0352 0.0436 0.1317 0.0099 
        027s 13 0.0011 0.0044 0.0064 0.8649 0.0020 0.0030 0.0326 0.0796 0.0045 0.0013 
        028s 13 0.0050 0.0091 0.4226 0.4495 0.0014 0.0023 0.0016 0.0051 0.0762 0.0272 
        029s 13 0.0013 0.0008 0.7836 0.0265 0.0020 0.0251 0.0192 0.0993 0.0409 0.0014 
        030s 13 0.0247 0.0004 0.5435 0.2990 0.0005 0.0016 0.0713 0.0429 0.0157 0.0004 
        031s 13 0.0955 0.0007 0.0016 0.8623 0.0034 0.0011 0.0059 0.0044 0.0243 0.0007 
        032s 13 0.0004 0.0007 0.0062 0.3380 0.0085 0.0012 0.0006 0.0052 0.6386 0.0005 
        033s 13 0.0011 0.0009 0.0042 0.0351 0.0034 0.0349 0.0012 0.0360 0.8674 0.0158 
        034s 13 0.0011 0.0026 0.9045 0.0155 0.0213 0.0006 0.0449 0.0071 0.0020 0.0003 
        035s 13 0.0051 0.0016 0.2111 0.2707 0.0007 0.0031 0.0007 0.0144 0.4919 0.0007 
        036s 13 0.0006 0.0008 0.2224 0.1184 0.0005 0.0118 0.0021 0.0363 0.6066 0.0006 
        037s 13 0.0015 0.0007 0.0068 0.8089 0.0006 0.0009 0.0003 0.1707 0.0092 0.0003 
        038s 13 0.0013 0.0009 0.4880 0.2922 0.0011 0.0169 0.0006 0.0202 0.1750 0.0038 
        039s 13 0.0716 0.0006 0.0047 0.0049 0.0013 0.0128 0.0730 0.0250 0.8053 0.0008 
        040s 13 0.0006 0.0005 0.0056 0.4672 0.0014 0.0029 0.0016 0.1627 0.3569 0.0005 
        041s 13 0.0016 0.0005 0.0026 0.9001 0.0025 0.0436 0.0297 0.0085 0.0093 0.0014 
        042s 13 0.0016 0.0008 0.9386 0.0084 0.0014 0.0020 0.0004 0.0356 0.0109 0.0004 
        001s 14 0.0007 0.0019 0.5365 0.0012 0.0008 0.0418 0.0099 0.0012 0.4054 0.0005 
        002s 14 0.0005 0.0029 0.0073 0.8872 0.0014 0.0029 0.0570 0.0048 0.0329 0.0032 
        003s 14 0.0008 0.0007 0.9630 0.0236 0.0005 0.0008 0.0004 0.0063 0.0025 0.0014 
        004s 14 0.0025 0.0010 0.0018 0.0304 0.0177 0.0048 0.0129 0.0025 0.9258 0.0005 
        005s 14 0.0008 0.0007 0.0871 0.8995 0.0002 0.0008 0.0004 0.0033 0.0069 0.0003 
        006s 14 0.0005 0.0004 0.0253 0.0221 0.0006 0.0014 0.0005 0.1505 0.7983 0.0005 
        007s 14 0.0019 0.0005 0.0119 0.0135 0.0010 0.0010 0.0007 0.0060 0.9617 0.0019 
        008s 14 0.0012 0.0188 0.7216 0.1326 0.0073 0.0118 0.0989 0.0048 0.0027 0.0002 
        009s 14 0.0009 0.0086 0.0196 0.0310 0.0004 0.0007 0.0014 0.0301 0.9021 0.0054 
        010s 14 0.0016 0.0207 0.3351 0.5626 0.0006 0.0050 0.0598 0.0128 0.0015 0.0003 
        011s 14 0.0008 0.0005 0.4230 0.1312 0.0079 0.0172 0.0019 0.0605 0.3263 0.0307 
        012s 14 0.0035 0.0026 0.8660 0.0323 0.0023 0.0054 0.0004 0.0401 0.0449 0.0025 
        013s 14 0.0084 0.0006 0.1675 0.0525 0.0058 0.0078 0.0013 0.1927 0.5628 0.0008 
        014s 14 0.0008 0.0068 0.0060 0.6474 0.0004 0.0174 0.0423 0.0114 0.2666 0.0010 
        015s 14 0.0021 0.0093 0.0181 0.7245 0.0006 0.0013 0.0005 0.1394 0.1036 0.0006 
        016s 14 0.0101 0.0005 0.0011 0.9555 0.0002 0.0056 0.0015 0.0051 0.0199 0.0005 
        017s 14 0.0008 0.0007 0.0155 0.6066 0.0052 0.0115 0.0496 0.2034 0.1051 0.0015 
        018s 14 0.0013 0.0012 0.0024 0.1275 0.0004 0.0081 0.0005 0.1662 0.6918 0.0006 
        019s 14 0.0006 0.0004 0.0073 0.1030 0.0009 0.0064 0.0022 0.0021 0.8747 0.0023 
        020s 14 0.0018 0.0079 0.6198 0.0051 0.0002 0.0011 0.0008 0.0481 0.3145 0.0007 
        021s 14 0.0007 0.0096 0.0082 0.9093 0.0003 0.0071 0.0043 0.0047 0.0545 0.0014 
        022s 14 0.0019 0.0012 0.0089 0.8398 0.0014 0.0466 0.0021 0.0918 0.0054 0.0008 
        023s 14 0.0014 0.0019 0.0112 0.7774 0.0021 0.0006 0.0184 0.0053 0.1813 0.0003 
        024s 14 0.0010 0.0031 0.1821 0.2372 0.0006 0.0024 0.0500 0.0522 0.4629 0.0086 
        025s 14 0.0004 0.0005 0.0321 0.0041 0.0003 0.0015 0.0616 0.0118 0.8876 0.0002 
