        001s  1 0.6356 0.0010 0.3624 0.0002 0.0005 0.0004 
        002s  1 0.0664 0.0005 0.9297 0.0018 0.0006 0.0009 
        003s  1 0.0045 0.0125 0.9788 0.0007 0.0022 0.0013 
        004s  1 0.1469 0.0003 0.8138 0.0304 0.0036 0.0051 
        005s  1 0.0039 0.0003 0.5695 0.2076 0.2178 0.0009 
        006s  1 0.9943 0.0004 0.0033 0.0012 0.0005 0.0004 
        007s  1 0.9682 0.0009 0.0242 0.0004 0.0026 0.0037 
        008s  1 0.2492 0.0008 0.7465 0.0008 0.0014 0.0012 
        009s  1 0.5285 0.0026 0.4056 0.0023 0.0560 0.0051 
        010s  1 0.9855 0.0008 0.0048 0.0007 0.0078 0.0004 
        011s  1 0.9820 0.0048 0.0073 0.0017 0.0017 0.0025 
        012s  1 0.7942 0.0059 0.0709 0.0064 0.1220 0.0006 
        013s  1 0.9399 0.0012 0.0210 0.0265 0.0021 0.0093 
        014s  1 0.9301 0.0191 0.0128 0.0012 0.0307 0.0061 
        015s  1 0.9911 0.0007 0.0067 0.0004 0.0006 0.0005 
        016s  1 0.9411 0.0010 0.0462 0.0006 0.0028 0.0084 
        018s  1 0.7795 0.0014 0.0681 0.0008 0.1492 0.0010 
        019s  1 0.8237 0.0041 0.1570 0.0005 0.0137 0.0011 
        020s  1 0.9794 0.0089 0.0033 0.0003 0.0008 0.0073 
        021s  1 0.9594 0.0009 0.0235 0.0091 0.0002 0.0068 
        022s  1 0.0087 0.0005 0.9894 0.0002 0.0002 0.0010 
        023s  1 0.8901 0.0011 0.0992 0.0003 0.0003 0.0090 
        024s  1 0.9907 0.0004 0.0062 0.0008 0.0011 0.0007 
        025s  1 0.9786 0.0003 0.0107 0.0018 0.0073 0.0013 
        026s  1 0.9792 0.0046 0.0044 0.0009 0.0009 0.0102 
        027s  1 0.9585 0.0006 0.0284 0.0083 0.0020 0.0022 
        028s  1 0.8826 0.0016 0.0044 0.0535 0.0572 0.0007 
        029s  1 0.9833 0.0057 0.0093 0.0005 0.0008 0.0005 
        030s  1 0.9850 0.0062 0.0039 0.0028 0.0015 0.0006 
        031s  1 0.9645 0.0003 0.0334 0.0002 0.0003 0.0012 
        032s  1 0.9923 0.0013 0.0042 0.0005 0.0008 0.0008 
        033s  1 0.9811 0.0010 0.0099 0.0011 0.0059 0.0010 
        034s  1 0.3252 0.0018 0.6237 0.0011 0.0006 0.0476 
        035s  1 0.9918 0.0017 0.0021 0.0017 0.0018 0.0008 
        036s  1 0.3489 0.0004 0.5638 0.0009 0.0850 0.0011 
        037s  1 0.7910 0.0025 0.0377 0.0102 0.1098 0.0487 
        038s  1 0.9803 0.0005 0.0161 0.0007 0.0015 0.0010 
        039s  1 0.9640 0.0009 0.0156 0.0187 0.0004 0.0003 
        040s  1 0.8843 0.0005 0.1077 0.0041 0.0007 0.0026 
        041s  1 0.9834 0.0009 0.0093 0.0004 0.0033 0.0027 
        042s  1 0.7810 0.0010 0.0557 0.0003 0.0778 0.0842 
        043s  1 0.0078 0.0015 0.9817 0.0010 0.0075 0.0005 
        044s  1 0.6757 0.0025 0.2143 0.0100 0.0913 0.0062 
        045s  1 0.9893 0.0009 0.0017 0.0012 0.0061 0.0007 
        046s  1 0.9809 0.0019 0.0145 0.0005 0.0014 0.0008 
        047s  1 0.9898 0.0012 0.0028 0.0002 0.0009 0.0052 
        048s  1 0.2597 0.0004 0.6810 0.0003 0.0576 0.0010 
        049s  1 0.0109 0.0006 0.9868 0.0008 0.0004 0.0005 
        050s  1 0.7813 0.0003 0.1145 0.0020 0.1016 0.0004 
        051s  1 0.9634 0.0282 0.0068 0.0004 0.0003 0.0008 
        052s  1 0.9368 0.0166 0.0285 0.0081 0.0085 0.0015 
        053s  1 0.9925 0.0003 0.0042 0.0003 0.0022 0.0004 
        054s  1 0.9890 0.0028 0.0039 0.0031 0.0003 0.0009 
        055s  1 0.8252 0.0012 0.0081 0.0009 0.0916 0.0731 
          01  2 0.8365 0.0299 0.0055 0.0013 0.1246 0.0021 
          02  2 0.9721 0.0015 0.0042 0.0032 0.0184 0.0006 
          03  2 0.9896 0.0004 0.0067 0.0009 0.0014 0.0011 
          04  2 0.9326 0.0009 0.0317 0.0203 0.0024 0.0121 
          05  2 0.0091 0.0002 0.8736 0.0003 0.1163 0.0004 
          06  2 0.9537 0.0007 0.0082 0.0011 0.0358 0.0005 
          07  2 0.7942 0.0008 0.1958 0.0018 0.0070 0.0005 
          08  2 0.0730 0.0012 0.8504 0.0003 0.0741 0.0010 
          09  2 0.9519 0.0081 0.0387 0.0003 0.0007 0.0002 
          10  2 0.9866 0.0005 0.0102 0.0006 0.0016 0.0004 
          11  2 0.9553 0.0088 0.0220 0.0008 0.0102 0.0029 
          12  2 0.9832 0.0017 0.0132 0.0009 0.0007 0.0004 
          13  2 0.8385 0.0007 0.1591 0.0006 0.0005 0.0006 
          14  2 0.5519 0.0032 0.4076 0.0068 0.0002 0.0303 
          15  2 0.6615 0.0013 0.3349 0.0006 0.0004 0.0012 
          16  2 0.9322 0.0044 0.0035 0.0553 0.0006 0.0040 
          17  2 0.9227 0.0012 0.0709 0.0011 0.0030 0.0011 
          18  2 0.9765 0.0018 0.0031 0.0029 0.0150 0.0008 
          19  2 0.9864 0.0023 0.0059 0.0003 0.0011 0.0039 
          20  2 0.9251 0.0021 0.0032 0.0076 0.0602 0.0018 
          21  2 0.9743 0.0153 0.0080 0.0005 0.0013 0.0005 
          22  2 0.9803 0.0054 0.0022 0.0045 0.0017 0.0059 
          23  2 0.9916 0.0010 0.0021 0.0025 0.0008 0.0020 
          24  2 0.9940 0.0008 0.0036 0.0006 0.0004 0.0006 
          25  2 0.8558 0.0017 0.1088 0.0294 0.0033 0.0010 
          26  2 0.0011 0.0005 0.9974 0.0003 0.0004 0.0003 
          27  2 0.9283 0.0010 0.0374 0.0290 0.0006 0.0036 
          28  2 0.8879 0.0011 0.1051 0.0002 0.0011 0.0046 
          29  2 0.9917 0.0006 0.0059 0.0008 0.0008 0.0002 
          30  2 0.7172 0.0122 0.0273 0.0006 0.1565 0.0863 
          01  3 0.3398 0.0004 0.0064 0.2169 0.4305 0.0059 
          02  3 0.1286 0.0734 0.0008 0.4614 0.3325 0.0033 
          03  3 0.3646 0.0003 0.0021 0.3135 0.3181 0.0015 
          04  3 0.1788 0.0013 0.0034 0.3512 0.4646 0.0007 
          05  3 0.0006 0.1152 0.0004 0.4011 0.3623 0.1204 
          06  3 0.0703 0.0003 0.0074 0.4969 0.4247 0.0003 
          07  3 0.3668 0.0009 0.0045 0.2493 0.3781 0.0003 
          08  3 0.2804 0.0037 0.0162 0.3222 0.3752 0.0023 
          09  3 0.2968 0.0002 0.0053 0.2668 0.4293 0.0016 
          10  3 0.0181 0.2178 0.0226 0.4154 0.1974 0.1288 
          11  3 0.1621 0.0002 0.1169 0.3057 0.4148 0.0002 
          12  3 0.0904 0.0004 0.1751 0.3141 0.4195 0.0004 
          13  3 0.0029 0.0187 0.0017 0.5200 0.4565 0.0002 
          14  3 0.0022 0.0456 0.0028 0.4575 0.3354 0.1566 
          15  3 0.3329 0.0002 0.0091 0.2751 0.3816 0.0013 
          16  3 0.0656 0.0027 0.0156 0.6003 0.3129 0.0031 
          17  3 0.3912 0.0008 0.0089 0.1777 0.4205 0.0009 
          18  3 0.0051 0.1670 0.0055 0.3364 0.2063 0.2798 
          19  3 0.0824 0.0006 0.0771 0.4625 0.3723 0.0051 
          20  3 0.0505 0.0004 0.1257 0.3111 0.4598 0.0523 
          21  3 0.2434 0.0011 0.0049 0.3743 0.3729 0.0034 
          22  3 0.0204 0.0002 0.2635 0.2278 0.4855 0.0025 
          23  3 0.2242 0.0002 0.0052 0.3568 0.4125 0.0012 
          24  3 0.0203 0.1678 0.0353 0.2840 0.4911 0.0015 
          25  3 0.0007 0.2506 0.0004 0.3051 0.3130 0.1302 
          26  3 0.2182 0.0005 0.0030 0.3404 0.4375 0.0005 
          27  3 0.0067 0.1317 0.0610 0.3683 0.2579 0.1743 
          28  3 0.0101 0.0023 0.0729 0.4639 0.4506 0.0002 
          29  3 0.1694 0.0027 0.0070 0.4194 0.3951 0.0065 
          30  3 0.0024 0.0010 0.3065 0.2464 0.4432 0.0005 
         001  4 0.0001 0.0001 0.0001 0.0001 0.9996 0.0001 
         002  4 0.0002 0.0002 0.0003 0.0002 0.9989 0.0001 
         003  4 0.0001 0.0001 0.0001 0.0001 0.9996 0.0001 
         004  4 0.0001 0.0001 0.0001 0.0002 0.9994 0.0001 
         005  4 0.0001 0.0004 0.0001 0.0002 0.9990 0.0001 
         006  4 0.0005 0.0003 0.0004 0.0714 0.9272 0.0002 
         007  4 0.0022 0.0002 0.0031 0.0538 0.9397 0.0010 
         008  4 0.0007 0.0026 0.0009 0.0004 0.9891 0.0064 
         009  4 0.0001 0.0001 0.0001 0.0002 0.9993 0.0001 
         010  4 0.0001 0.0001 0.0001 0.0035 0.9962 0.0001 
         011  4 0.0006 0.0003 0.0008 0.0176 0.9442 0.0364 
         012  4 0.0001 0.0001 0.0001 0.0001 0.9996 0.0001 
         013  4 0.0001 0.0001 0.0001 0.0001 0.9997 0.0001 
         014  4 0.0001 0.0001 0.0002 0.0001 0.9993 0.0002 
         015  4 0.0001 0.0001 0.0001 0.0001 0.9997 0.0001 
         016  4 0.0001 0.0001 0.0001 0.0001 0.9995 0.0001 
         017  4 0.0001 0.0001 0.0002 0.0001 0.9994 0.0001 
         019  4 0.0002 0.0003 0.0003 0.0840 0.9145 0.0007 
         020  4 0.0001 0.0002 0.0001 0.0001 0.9993 0.0001 
         021  4 0.0004 0.0003 0.0003 0.0109 0.9877 0.0004 
         001  5 0.0004 0.0013 0.0004 0.0003 0.9628 0.0348 
         002  5 0.0077 0.0010 0.0344 0.0003 0.9533 0.0033 
         003  5 0.1652 0.0002 0.0022 0.0724 0.7543 0.0056 
         004  5 0.0418 0.0002 0.0172 0.0006 0.9360 0.0042 
         005  5 0.0003 0.0002 0.0003 0.0008 0.9978 0.0006 
         006  5 0.0006 0.0006 0.0003 0.1006 0.8978 0.0002 
         007  5 0.0002 0.0003 0.0002 0.0879 0.9112 0.0002 
         008  5 0.0001 0.0002 0.0001 0.0048 0.9946 0.0001 
         009  5 0.0399 0.0002 0.0243 0.0034 0.9303 0.0019 
         010  5 0.0026 0.0004 0.0011 0.0674 0.9263 0.0022 
         011  5 0.0014 0.0003 0.0010 0.0005 0.9915 0.0054 
         012  5 0.0397 0.0011 0.0063 0.0802 0.8677 0.0049 
         013  5 0.1743 0.0008 0.0247 0.0464 0.7533 0.0006 
         014  5 0.1507 0.0223 0.0093 0.0952 0.7050 0.0176 
         015  5 0.0002 0.0002 0.0002 0.0276 0.9716 0.0002 
         016  5 0.0018 0.0006 0.0008 0.0588 0.9376 0.0005 
         017  5 0.0293 0.0031 0.0061 0.0800 0.8812 0.0002 
         018  5 0.0053 0.0332 0.0104 0.0410 0.8777 0.0323 
         019  5 0.0003 0.0061 0.0003 0.0001 0.9907 0.0025 
         020  5 0.0002 0.0001 0.0001 0.0001 0.9993 0.0002 
         021  5 0.1017 0.0003 0.0321 0.0004 0.8600 0.0054 
         022  5 0.0196 0.0022 0.0063 0.0059 0.9230 0.0431 
         023  5 0.0013 0.0004 0.0012 0.0287 0.9663 0.0021 
         024  5 0.0352 0.0004 0.0087 0.0655 0.8897 0.0005 
         025  5 0.0192 0.0011 0.0203 0.0701 0.8882 0.0012 
         026  5 0.1369 0.0004 0.0092 0.0142 0.8391 0.0003 
         027  5 0.0002 0.0001 0.0001 0.0003 0.9991 0.0001 
         028  5 0.0036 0.0009 0.0072 0.0487 0.9258 0.0137 
         029  5 0.0004 0.0003 0.0005 0.0026 0.9959 0.0002 
         030  5 0.0007 0.0049 0.0008 0.0010 0.9904 0.0022 
        001s  6 0.7476 0.0009 0.2070 0.0297 0.0008 0.0139 
        002s  6 0.9053 0.0199 0.0281 0.0004 0.0448 0.0015 
        003s  6 0.7949 0.0006 0.1839 0.0003 0.0171 0.0032 
        004s  6 0.9883 0.0005 0.0098 0.0004 0.0004 0.0006 
        006s  6 0.9002 0.0012 0.0067 0.0175 0.0619 0.0127 
        007s  6 0.9922 0.0009 0.0039 0.0019 0.0006 0.0005 
        008s  6 0.9766 0.0030 0.0116 0.0005 0.0027 0.0055 
        009s  6 0.9931 0.0010 0.0046 0.0003 0.0002 0.0007 
        010s  6 0.9554 0.0086 0.0038 0.0062 0.0120 0.0141 
        011s  6 0.9929 0.0002 0.0027 0.0021 0.0005 0.0015 
        012s  6 0.9869 0.0021 0.0050 0.0040 0.0005 0.0015 
        013s  6 0.9937 0.0006 0.0035 0.0005 0.0014 0.0004 
        014s  6 0.4518 0.0002 0.4683 0.0003 0.0790 0.0004 
        015s  6 0.9745 0.0008 0.0016 0.0065 0.0101 0.0065 
        016s  6 0.8827 0.0006 0.1136 0.0013 0.0004 0.0014 
        018s  6 0.7098 0.0004 0.0192 0.0007 0.2672 0.0026 
        019s  6 0.9105 0.0009 0.0757 0.0026 0.0069 0.0033 
        020s  6 0.9706 0.0009 0.0269 0.0009 0.0003 0.0004 
        021s  6 0.9736 0.0018 0.0050 0.0123 0.0013 0.0060 
        022s  6 0.9606 0.0005 0.0342 0.0003 0.0011 0.0034 
        023s  6 0.3129 0.0003 0.6715 0.0003 0.0142 0.0009 
        024s  6 0.9436 0.0020 0.0208 0.0023 0.0304 0.0009 
        025s  6 0.9164 0.0005 0.0104 0.0007 0.0013 0.0707 
        026s  6 0.9804 0.0018 0.0162 0.0005 0.0006 0.0004 
        027s  6 0.9815 0.0011 0.0156 0.0003 0.0009 0.0005 
        028s  6 0.9302 0.0429 0.0010 0.0061 0.0134 0.0063 
        029s  6 0.9939 0.0015 0.0027 0.0004 0.0004 0.0011 
        030s  6 0.9159 0.0021 0.0016 0.0005 0.0725 0.0072 
        031s  6 0.3231 0.0003 0.6734 0.0018 0.0011 0.0003 
        032s  6 0.9782 0.0004 0.0107 0.0013 0.0087 0.0007 
        033s  6 0.8981 0.0006 0.0077 0.0003 0.0928 0.0006 
        034s  6 0.9724 0.0005 0.0072 0.0021 0.0011 0.0167 
        035s  6 0.0009 0.0009 0.8753 0.0004 0.1221 0.0004 
        036s  6 0.9878 0.0003 0.0046 0.0050 0.0010 0.0012 
        037s  6 0.9890 0.0018 0.0063 0.0006 0.0008 0.0015 
        038s  6 0.8557 0.0016 0.1401 0.0017 0.0003 0.0005 
        039s  6 0.9923 0.0006 0.0058 0.0003 0.0003 0.0006 
        040s  6 0.8131 0.0003 0.1824 0.0035 0.0003 0.0004 
        041s  6 0.1779 0.0046 0.7810 0.0001 0.0315 0.0049 
        042s  6 0.9117 0.0050 0.0168 0.0006 0.0126 0.0532 
        043s  6 0.9892 0.0003 0.0032 0.0008 0.0006 0.0058 
        044s  6 0.7895 0.0018 0.2069 0.0003 0.0007 0.0008 
        045s  6 0.9764 0.0007 0.0139 0.0004 0.0057 0.0029 
        001s  7 0.0261 0.0004 0.9712 0.0004 0.0007 0.0012 
        002s  7 0.4601 0.0009 0.5196 0.0006 0.0170 0.0018 
        003s  7 0.0059 0.0008 0.9908 0.0010 0.0007 0.0009 
        004s  7 0.9725 0.0012 0.0214 0.0033 0.0010 0.0005 
        005s  7 0.9579 0.0008 0.0255 0.0025 0.0112 0.0022 
        006s  7 0.9338 0.0003 0.0014 0.0006 0.0593 0.0047 
        007s  7 0.9630 0.0172 0.0065 0.0057 0.0057 0.0020 
        008s  7 0.0031 0.0020 0.9877 0.0003 0.0061 0.0008 
        009s  7 0.9661 0.0006 0.0177 0.0018 0.0018 0.0121 
        010s  7 0.0022 0.0007 0.9949 0.0003 0.0009 0.0011 
        011s  7 0.9874 0.0008 0.0100 0.0004 0.0005 0.0008 
        012s  7 0.9946 0.0005 0.0032 0.0004 0.0007 0.0006 
        013s  7 0.9779 0.0007 0.0099 0.0070 0.0004 0.0041 
        014s  7 0.3521 0.0005 0.6244 0.0006 0.0221 0.0003 
        015s  7 0.9736 0.0014 0.0053 0.0016 0.0168 0.0013 
        016s  7 0.0014 0.0003 0.9139 0.0002 0.0830 0.0012 
        017s  7 0.9872 0.0003 0.0101 0.0006 0.0013 0.0005 
        018s  7 0.9909 0.0025 0.0028 0.0005 0.0028 0.0005 
        019s  7 0.9756 0.0033 0.0064 0.0018 0.0014 0.0115 
        020s  7 0.9806 0.0003 0.0168 0.0013 0.0006 0.0004 
        021s  7 0.9882 0.0014 0.0067 0.0004 0.0021 0.0011 
        022s  7 0.9915 0.0004 0.0026 0.0023 0.0023 0.0009 
        023s  7 0.9436 0.0013 0.0252 0.0012 0.0084 0.0202 
        024s  7 0.9911 0.0014 0.0049 0.0006 0.0013 0.0007 
        025s  7 0.9849 0.0012 0.0055 0.0069 0.0008 0.0007 
        026s  7 0.0033 0.0012 0.9934 0.0002 0.0010 0.0009 
        027s  7 0.4103 0.0007 0.5868 0.0007 0.0010 0.0004 
        028s  7 0.9889 0.0002 0.0039 0.0006 0.0060 0.0003 
        029s  7 0.9494 0.0006 0.0357 0.0006 0.0111 0.0026 
        030s  7 0.8607 0.0051 0.1292 0.0006 0.0004 0.0038 
        031s  7 0.9595 0.0005 0.0253 0.0014 0.0020 0.0113 
        032s  7 0.8936 0.0040 0.0010 0.0003 0.1009 0.0002 
        033s  7 0.9480 0.0038 0.0074 0.0010 0.0386 0.0012 
        034s  7 0.9515 0.0015 0.0029 0.0426 0.0009 0.0007 
        035s  7 0.9951 0.0004 0.0027 0.0003 0.0005 0.0010 
        036s  7 0.9288 0.0008 0.0576 0.0035 0.0005 0.0088 
        037s  7 0.9237 0.0007 0.0042 0.0024 0.0659 0.0031 
        038s  7 0.9766 0.0011 0.0060 0.0004 0.0142 0.0017 
        039s  7 0.7451 0.0003 0.2533 0.0004 0.0005 0.0004 
        040s  7 0.0020 0.0003 0.9784 0.0160 0.0029 0.0004 
        041s  7 0.6984 0.0022 0.2765 0.0004 0.0209 0.0017 
        042s  7 0.0104 0.0003 0.9857 0.0005 0.0028 0.0004 
        043s  7 0.9847 0.0006 0.0092 0.0002 0.0013 0.0040 
        044s  7 0.9048 0.0019 0.0032 0.0117 0.0554 0.0229 
         003  8 0.9786 0.0112 0.0032 0.0013 0.0049 0.0009 
         009  8 0.9911 0.0004 0.0053 0.0004 0.0013 0.0014 
         010  8 0.9883 0.0005 0.0090 0.0003 0.0004 0.0015 
         017  8 0.9910 0.0016 0.0026 0.0008 0.0005 0.0035 
         002  9 0.9865 0.0007 0.0106 0.0007 0.0003 0.0012 
         003  9 0.9953 0.0003 0.0036 0.0002 0.0002 0.0004 
         004  9 0.9921 0.0003 0.0060 0.0001 0.0004 0.0010 
         005  9 0.9884 0.0015 0.0037 0.0010 0.0003 0.0051 
         006  9 0.9944 0.0005 0.0020 0.0008 0.0008 0.0014 
         007  9 0.9903 0.0011 0.0034 0.0003 0.0037 0.0012 
         009  9 0.9855 0.0014 0.0096 0.0002 0.0015 0.0018 
         010  9 0.9935 0.0016 0.0033 0.0003 0.0002 0.0011 
         013  9 0.9730 0.0003 0.0234 0.0006 0.0011 0.0015 
         014  9 0.9835 0.0066 0.0076 0.0002 0.0005 0.0017 
         016  9 0.9950 0.0009 0.0031 0.0002 0.0002 0.0006 
         018  9 0.9893 0.0048 0.0030 0.0008 0.0006 0.0014 
         019  9 0.9906 0.0046 0.0030 0.0006 0.0008 0.0005 
         020  9 0.9974 0.0004 0.0012 0.0003 0.0004 0.0003 
         021  9 0.9951 0.0003 0.0034 0.0002 0.0004 0.0006 
         022  9 0.9897 0.0012 0.0079 0.0003 0.0003 0.0005 
         024  9 0.9809 0.0032 0.0123 0.0003 0.0004 0.0028 
         028  9 0.9911 0.0006 0.0059 0.0008 0.0005 0.0011 
         029  9 0.9910 0.0011 0.0063 0.0003 0.0004 0.0009 
         030  9 0.9938 0.0008 0.0034 0.0004 0.0004 0.0012 
         031  9 0.9819 0.0010 0.0142 0.0004 0.0019 0.0005 
         033  9 0.9763 0.0006 0.0166 0.0006 0.0050 0.0009 
         001 10 0.9906 0.0010 0.0073 0.0003 0.0004 0.0004 
         002 10 0.9900 0.0010 0.0079 0.0002 0.0003 0.0007 
         003 10 0.9861 0.0005 0.0014 0.0008 0.0003 0.0108 
         004 10 0.8632 0.0005 0.1336 0.0003 0.0003 0.0020 
         005 10 0.9931 0.0017 0.0033 0.0004 0.0004 0.0012 
         006 10 0.9948 0.0004 0.0027 0.0004 0.0012 0.0006 
         007 10 0.9892 0.0004 0.0066 0.0003 0.0007 0.0028 
         008 10 0.9916 0.0009 0.0023 0.0006 0.0006 0.0040 
         009 10 0.9866 0.0038 0.0073 0.0013 0.0004 0.0005 
         010 10 0.9770 0.0027 0.0186 0.0003 0.0006 0.0007 
         011 10 0.9544 0.0003 0.0042 0.0009 0.0004 0.0399 
         012 10 0.9911 0.0004 0.0035 0.0008 0.0005 0.0037 
         013 10 0.9928 0.0005 0.0035 0.0022 0.0003 0.0007 
         014 10 0.8100 0.0006 0.1874 0.0007 0.0004 0.0010 
         016 10 0.9918 0.0015 0.0043 0.0009 0.0007 0.0008 
         017 10 0.9941 0.0009 0.0031 0.0006 0.0006 0.0007 
         018 10 0.9872 0.0018 0.0024 0.0004 0.0076 0.0007 
         019 10 0.9909 0.0044 0.0026 0.0004 0.0005 0.0012 
         020 10 0.9746 0.0062 0.0158 0.0009 0.0010 0.0014 
         021 10 0.9529 0.0021 0.0435 0.0003 0.0007 0.0004 
         022 10 0.9594 0.0002 0.0387 0.0006 0.0003 0.0007 
         023 10 0.9959 0.0004 0.0018 0.0006 0.0003 0.0010 
         024 10 0.9912 0.0016 0.0046 0.0002 0.0004 0.0020 
         026 10 0.9965 0.0007 0.0015 0.0003 0.0004 0.0006 
        001s 11 0.5860 0.0008 0.3222 0.0004 0.0841 0.0065 
        002s 11 0.9792 0.0040 0.0095 0.0054 0.0006 0.0013 
        003s 11 0.9752 0.0012 0.0169 0.0005 0.0058 0.0005 
        004s 11 0.9881 0.0003 0.0083 0.0016 0.0004 0.0014 
        005s 11 0.9130 0.0057 0.0784 0.0005 0.0018 0.0005 
        006s 11 0.9629 0.0019 0.0221 0.0097 0.0012 0.0021 
        007s 11 0.8545 0.0013 0.0968 0.0381 0.0085 0.0008 
        008s 11 0.9909 0.0007 0.0071 0.0004 0.0006 0.0004 
        009s 11 0.9816 0.0142 0.0033 0.0003 0.0003 0.0004 
        010s 11 0.8461 0.0005 0.1506 0.0003 0.0017 0.0009 
        011s 11 0.0155 0.0002 0.8768 0.0050 0.0947 0.0077 
        012s 11 0.8692 0.0010 0.0188 0.0003 0.1105 0.0003 
        013s 11 0.7519 0.0002 0.2453 0.0005 0.0010 0.0010 
        014s 11 0.0412 0.0014 0.9498 0.0043 0.0020 0.0012 
        015s 11 0.9716 0.0013 0.0188 0.0018 0.0021 0.0045 
        016s 11 0.5916 0.0032 0.3163 0.0004 0.0319 0.0567 
        017s 11 0.8685 0.0010 0.0362 0.0004 0.0921 0.0019 
        018s 11 0.0145 0.0016 0.9798 0.0008 0.0023 0.0010 
        019s 11 0.9710 0.0003 0.0061 0.0007 0.0007 0.0212 
        020s 11 0.2171 0.0027 0.7767 0.0011 0.0010 0.0014 
        021s 11 0.9936 0.0004 0.0040 0.0004 0.0005 0.0011 
        022s 11 0.9431 0.0007 0.0218 0.0328 0.0011 0.0004 
        023s 11 0.0482 0.0004 0.8986 0.0003 0.0280 0.0245 
        025s 11 0.9897 0.0003 0.0081 0.0005 0.0005 0.0011 
        026s 11 0.9115 0.0008 0.0041 0.0007 0.0278 0.0551 
        027s 11 0.9907 0.0005 0.0050 0.0024 0.0009 0.0005 
        028s 11 0.9882 0.0003 0.0028 0.0008 0.0068 0.0011 
        029s 11 0.9434 0.0012 0.0015 0.0003 0.0532 0.0003 
        030s 11 0.9464 0.0013 0.0022 0.0004 0.0486 0.0010 
        031s 11 0.9898 0.0005 0.0080 0.0011 0.0003 0.0003 
        032s 11 0.9193 0.0008 0.0756 0.0004 0.0014 0.0025 
        033s 11 0.8752 0.0015 0.1159 0.0006 0.0059 0.0009 
        034s 11 0.0372 0.0004 0.9595 0.0015 0.0010 0.0004 
        035s 11 0.4079 0.0016 0.5863 0.0021 0.0017 0.0004 
        036s 11 0.9728 0.0013 0.0099 0.0014 0.0142 0.0004 
        037s 11 0.0119 0.0010 0.9839 0.0004 0.0012 0.0016 
        038s 11 0.7057 0.0007 0.2899 0.0006 0.0026 0.0005 
        039s 11 0.9890 0.0006 0.0075 0.0002 0.0018 0.0008 
        040s 11 0.9186 0.0005 0.0060 0.0030 0.0713 0.0006 
        041s 11 0.9640 0.0215 0.0094 0.0011 0.0008 0.0032 
        042s 11 0.4698 0.0008 0.5146 0.0008 0.0005 0.0135 
        043s 11 0.9399 0.0004 0.0029 0.0006 0.0391 0.0171 
        044s 11 0.9633 0.0010 0.0259 0.0052 0.0004 0.0042 
        045s 11 0.9791 0.0005 0.0087 0.0025 0.0004 0.0088 
        046s 11 0.1470 0.0008 0.8049 0.0014 0.0121 0.0339 
        047s 11 0.9944 0.0006 0.0020 0.0014 0.0006 0.0010 
        048s 11 0.9556 0.0017 0.0025 0.0027 0.0053 0.0323 
        049s 11 0.9923 0.0010 0.0040 0.0005 0.0012 0.0009 
        050s 11 0.9925 0.0003 0.0045 0.0012 0.0004 0.0010 
        051s 11 0.8938 0.0004 0.0322 0.0197 0.0005 0.0535 
        052s 11 0.0453 0.0012 0.9474 0.0022 0.0012 0.0028 
        053s 11 0.9880 0.0021 0.0084 0.0004 0.0003 0.0008 
        054s 11 0.9833 0.0004 0.0077 0.0074 0.0007 0.0006 
        055s 11 0.0278 0.0005 0.9155 0.0010 0.0549 0.0003 
        001s 12 0.9793 0.0011 0.0128 0.0041 0.0018 0.0010 
        002s 12 0.9923 0.0026 0.0028 0.0004 0.0012 0.0006 
        003s 12 0.9915 0.0007 0.0063 0.0008 0.0004 0.0003 
        004s 12 0.9321 0.0031 0.0047 0.0005 0.0528 0.0069 
        005s 12 0.2935 0.0012 0.7038 0.0004 0.0003 0.0007 
        006s 12 0.9280 0.0005 0.0296 0.0019 0.0388 0.0013 
        007s 12 0.9902 0.0033 0.0023 0.0010 0.0013 0.0018 
        008s 12 0.9832 0.0004 0.0037 0.0011 0.0110 0.0007 
        009s 12 0.9361 0.0195 0.0148 0.0011 0.0217 0.0069 
        010s 12 0.9360 0.0008 0.0269 0.0300 0.0060 0.0004 
        011s 12 0.9842 0.0012 0.0106 0.0018 0.0014 0.0009 
        012s 12 0.9863 0.0004 0.0028 0.0061 0.0013 0.0032 
        013s 12 0.9640 0.0005 0.0021 0.0004 0.0009 0.0321 
        014s 12 0.3917 0.0013 0.5309 0.0375 0.0015 0.0369 
        015s 12 0.9883 0.0020 0.0042 0.0006 0.0041 0.0007 
        016s 12 0.9922 0.0004 0.0024 0.0006 0.0004 0.0040 
        017s 12 0.9568 0.0004 0.0370 0.0011 0.0035 0.0012 
        018s 12 0.9841 0.0025 0.0094 0.0003 0.0022 0.0015 
        019s 12 0.9604 0.0023 0.0305 0.0003 0.0059 0.0005 
        020s 12 0.9137 0.0003 0.0017 0.0007 0.0831 0.0006 
        021s 12 0.9889 0.0006 0.0043 0.0006 0.0035 0.0022 
        022s 12 0.9113 0.0026 0.0345 0.0009 0.0464 0.0044 
        023s 12 0.9850 0.0010 0.0123 0.0003 0.0003 0.0010 
        024s 12 0.5045 0.0004 0.4937 0.0003 0.0006 0.0006 
        025s 12 0.9834 0.0054 0.0056 0.0026 0.0021 0.0008 
        026s 12 0.8796 0.0155 0.0726 0.0007 0.0308 0.0007 
        027s 12 0.9901 0.0003 0.0054 0.0007 0.0031 0.0004 
        028s 12 0.0035 0.0133 0.9792 0.0004 0.0010 0.0027 
        029s 12 0.6920 0.0003 0.3060 0.0005 0.0003 0.0009 
        030s 12 0.9898 0.0005 0.0071 0.0012 0.0009 0.0004 
        031s 12 0.9871 0.0009 0.0045 0.0008 0.0041 0.0027 
        032s 12 0.0398 0.0087 0.9498 0.0004 0.0003 0.0009 
        033s 12 0.9826 0.0006 0.0100 0.0052 0.0012 0.0004 
        034s 12 0.0177 0.0006 0.9806 0.0004 0.0003 0.0003 
        035s 12 0.9141 0.0007 0.0681 0.0007 0.0160 0.0004 
        036s 12 0.9451 0.0024 0.0405 0.0077 0.0035 0.0009 
        037s 12 0.9925 0.0008 0.0045 0.0003 0.0009 0.0009 
        001s 13 0.9774 0.0009 0.0077 0.0005 0.0114 0.0021 
        002s 13 0.0208 0.0003 0.9018 0.0004 0.0762 0.0005 
        003s 13 0.9905 0.0008 0.0062 0.0003 0.0010 0.0011 
        004s 13 0.9779 0.0107 0.0080 0.0005 0.0005 0.0024 
        005s 13 0.9836 0.0022 0.0042 0.0048 0.0031 0.0022 
        006s 13 0.9901 0.0008 0.0062 0.0016 0.0007 0.0005 
        007s 13 0.9576 0.0006 0.0077 0.0320 0.0007 0.0015 
        008s 13 0.9358 0.0016 0.0023 0.0011 0.0585 0.0006 
        009s 13 0.8509 0.0134 0.0028 0.0029 0.1291 0.0008 
        010s 13 0.9236 0.0010 0.0036 0.0006 0.0704 0.0008 
        011s 13 0.6646 0.0081 0.2963 0.0257 0.0035 0.0018 
        012s 13 0.9164 0.0019 0.0115 0.0018 0.0563 0.0120 
        013s 13 0.2253 0.0008 0.7456 0.0124 0.0084 0.0075 
        014s 13 0.9582 0.0008 0.0020 0.0357 0.0008 0.0026 
        015s 13 0.9380 0.0124 0.0321 0.0007 0.0061 0.0106 
        016s 13 0.9938 0.0005 0.0038 0.0004 0.0005 0.0010 
        017s 13 0.9515 0.0038 0.0169 0.0094 0.0180 0.0004 
        018s 13 0.9856 0.0006 0.0122 0.0003 0.0006 0.0007 
        019s 13 0.9631 0.0004 0.0340 0.0012 0.0006 0.0008 
        020s 13 0.0110 0.0019 0.9832 0.0029 0.0007 0.0004 
        021s 13 0.9880 0.0007 0.0089 0.0004 0.0007 0.0013 
        022s 13 0.9934 0.0004 0.0034 0.0005 0.0013 0.0008 
        023s 13 0.9749 0.0005 0.0226 0.0003 0.0014 0.0004 
        024s 13 0.9115 0.0009 0.0211 0.0031 0.0241 0.0393 
        025s 13 0.9927 0.0008 0.0030 0.0005 0.0008 0.0022 
        026s 13 0.8872 0.0003 0.0077 0.0035 0.0931 0.0082 
        027s 13 0.9422 0.0050 0.0049 0.0017 0.0445 0.0016 
        028s 13 0.4581 0.0080 0.5135 0.0120 0.0059 0.0025 
        029s 13 0.0292 0.0005 0.9582 0.0014 0.0095 0.0012 
        030s 13 0.1250 0.0008 0.7901 0.0005 0.0619 0.0217 
        031s 13 0.8839 0.0016 0.0077 0.0013 0.0048 0.1007 
        032s 13 0.9913 0.0004 0.0052 0.0023 0.0005 0.0003 
        033s 13 0.9476 0.0005 0.0093 0.0374 0.0044 0.0008 
        034s 13 0.0063 0.0028 0.9644 0.0052 0.0205 0.0008 
        035s 13 0.7618 0.0016 0.2316 0.0008 0.0005 0.0037 
        036s 13 0.8527 0.0005 0.1441 0.0007 0.0015 0.0005 
        037s 13 0.9900 0.0009 0.0066 0.0005 0.0004 0.0016 
        038s 13 0.4260 0.0011 0.5698 0.0015 0.0007 0.0009 
        039s 13 0.8140 0.0008 0.0107 0.0006 0.1010 0.0729 
        040s 13 0.9920 0.0004 0.0039 0.0008 0.0015 0.0014 
        041s 13 0.9347 0.0004 0.0012 0.0032 0.0587 0.0017 
        042s 13 0.0046 0.0006 0.9930 0.0008 0.0003 0.0008 
        001s 14 0.1530 0.0022 0.8243 0.0009 0.0188 0.0009 
        002s 14 0.9270 0.0032 0.0032 0.0016 0.0637 0.0012 
        003s 14 0.0031 0.0006 0.9948 0.0005 0.0005 0.0006 
        004s 14 0.9743 0.0009 0.0050 0.0081 0.0076 0.0042 
        005s 14 0.7363 0.0005 0.2621 0.0002 0.0004 0.0005 
        006s 14 0.9809 0.0004 0.0173 0.0006 0.0004 0.0004 
        007s 14 0.9877 0.0004 0.0091 0.0008 0.0007 0.0013 
        008s 14 0.0022 0.0096 0.9008 0.0019 0.0841 0.0014 
        009s 14 0.9680 0.0075 0.0209 0.0007 0.0020 0.0009 
        010s 14 0.4720 0.0224 0.4616 0.0003 0.0425 0.0012 
        011s 14 0.5576 0.0006 0.4072 0.0296 0.0042 0.0008 
        012s 14 0.0173 0.0016 0.9777 0.0011 0.0005 0.0018 
        013s 14 0.9232 0.0006 0.0680 0.0029 0.0008 0.0046 
        014s 14 0.9487 0.0074 0.0061 0.0006 0.0364 0.0008 
        015s 14 0.9656 0.0093 0.0207 0.0007 0.0008 0.0029 
        016s 14 0.9831 0.0004 0.0035 0.0003 0.0016 0.0110 
        017s 14 0.9215 0.0006 0.0120 0.0134 0.0521 0.0004 
        018s 14 0.9914 0.0013 0.0049 0.0003 0.0007 0.0014 
        019s 14 0.9894 0.0005 0.0068 0.0015 0.0013 0.0006 
        020s 14 0.0589 0.0077 0.9311 0.0002 0.0005 0.0015 
        021s 14 0.9774 0.0093 0.0056 0.0003 0.0068 0.0006 
        022s 14 0.9724 0.0015 0.0168 0.0027 0.0056 0.0011 
        023s 14 0.9685 0.0023 0.0220 0.0006 0.0032 0.0034 
        024s 14 0.6728 0.0031 0.2708 0.0014 0.0502 0.0017 
        025s 14 0.8116 0.0004 0.1246 0.0002 0.0629 0.0003 
        026s 14 0.9901 0.0018 0.0064 0.0002 0.0005 0.0010 
        027s 14 0.9535 0.0006 0.0396 0.0005 0.0024 0.0034 
        028s 14 0.9634 0.0020 0.0312 0.0019 0.0006 0.0008 
        029s 14 0.9905 0.0006 0.0075 0.0002 0.0003 0.0010 
        030s 14 0.9012 0.0006 0.0846 0.0124 0.0008 0.0004 
        031s 14 0.6409 0.0009 0.3418 0.0148 0.0005 0.0011 
        032s 14 0.6569 0.0004 0.3380 0.0009 0.0011 0.0026 
        033s 14 0.5265 0.0010 0.4219 0.0497 0.0006 0.0004 
        034s 14 0.9957 0.0006 0.0025 0.0002 0.0003 0.0006 
        035s 14 0.8165 0.0004 0.0206 0.0814 0.0807 0.0005 
        036s 14 0.0358 0.0030 0.8615 0.0343 0.0590 0.0064 
        037s 14 0.9765 0.0010 0.0187 0.0003 0.0011 0.0024 
        038s 14 0.9825 0.0008 0.0151 0.0006 0.0006 0.0005 
        039s 14 0.9749 0.0036 0.0120 0.0020 0.0022 0.0054 
        040s 14 0.9711 0.0003 0.0127 0.0006 0.0142 0.0011 
        041s 14 0.6598 0.0007 0.3373 0.0008 0.0007 0.0007 
        042s 14 0.9152 0.0006 0.0060 0.0005 0.0761 0.0016 
        001s 15 0.4741 0.0007 0.5224 0.0005 0.0006 0.0018 
        002s 15 0.7010 0.0070 0.1816 0.0027 0.0912 0.0164 
        003s 15 0.9723 0.0008 0.0051 0.0005 0.0148 0.0064 
        004s 15 0.9865 0.0093 0.0026 0.0005 0.0009 0.0002 
        005s 15 0.9717 0.0013 0.0027 0.0021 0.0152 0.0069 
        006s 15 0.9760 0.0005 0.0060 0.0013 0.0152 0.0010 
        007s 15 0.9788 0.0009 0.0190 0.0004 0.0005 0.0004 
        008s 15 0.9826 0.0007 0.0146 0.0007 0.0007 0.0007 
        009s 15 0.9275 0.0007 0.0059 0.0030 0.0280 0.0348 
        010s 15 0.0204 0.0004 0.9770 0.0004 0.0005 0.0013 
        011s 15 0.9325 0.0005 0.0023 0.0624 0.0008 0.0015 
        012s 15 0.9901 0.0012 0.0034 0.0011 0.0025 0.0017 
        013s 15 0.0103 0.0044 0.9833 0.0003 0.0005 0.0011 
        014s 15 0.9826 0.0043 0.0055 0.0006 0.0017 0.0053 
        015s 15 0.9084 0.0008 0.0029 0.0043 0.0781 0.0055 
        016s 15 0.1096 0.0293 0.7968 0.0617 0.0024 0.0003 
        017s 15 0.9725 0.0147 0.0084 0.0007 0.0016 0.0022 
        018s 15 0.4674 0.0027 0.5275 0.0002 0.0015 0.0006 
        019s 15 0.3859 0.0005 0.6046 0.0004 0.0020 0.0065 
        020s 15 0.4876 0.0006 0.5104 0.0005 0.0004 0.0004 
        021s 15 0.8536 0.0022 0.0600 0.0007 0.0796 0.0038 
        022s 15 0.9811 0.0006 0.0155 0.0018 0.0007 0.0004 
        023s 15 0.9662 0.0005 0.0042 0.0028 0.0257 0.0007 
        024s 15 0.9938 0.0004 0.0023 0.0016 0.0014 0.0005 
        025s 15 0.9425 0.0017 0.0238 0.0013 0.0048 0.0259 
        026s 15 0.9553 0.0028 0.0141 0.0005 0.0016 0.0257 
        027s 15 0.9411 0.0135 0.0328 0.0088 0.0031 0.0007 
        028s 15 0.9864 0.0017 0.0087 0.0013 0.0004 0.0015 
        029s 15 0.9900 0.0015 0.0058 0.0008 0.0007 0.0012 
        030s 15 0.9909 0.0016 0.0060 0.0003 0.0005 0.0007 
        031s 15 0.9141 0.0016 0.0077 0.0010 0.0680 0.0076 
        032s 15 0.9962 0.0005 0.0013 0.0002 0.0005 0.0013 
        033s 15 0.0076 0.0012 0.9557 0.0008 0.0344 0.0003 
        035s 15 0.9871 0.0023 0.0046 0.0030 0.0023 0.0006 
        036s 15 0.4762 0.0002 0.5175 0.0008 0.0008 0.0044 
        037s 15 0.9774 0.0006 0.0115 0.0085 0.0008 0.0011 
        038s 15 0.9903 0.0009 0.0046 0.0008 0.0032 0.0003 
        039s 15 0.5030 0.0007 0.4220 0.0003 0.0737 0.0003 
        040s 15 0.9705 0.0020 0.0211 0.0017 0.0040 0.0006 
        041s 15 0.9138 0.0004 0.0074 0.0043 0.0713 0.0028 
        042s 15 0.9845 0.0029 0.0059 0.0004 0.0055 0.0007 
        043s 15 0.4948 0.0003 0.4948 0.0009 0.0076 0.0016 
        044s 15 0.9872 0.0011 0.0036 0.0005 0.0069 0.0007 
        045s 15 0.8754 0.0023 0.0044 0.0387 0.0019 0.0771 
        046s 15 0.9509 0.0004 0.0249 0.0061 0.0167 0.0010 
        047s 15 0.9601 0.0005 0.0071 0.0014 0.0305 0.0004 
        048s 15 0.6240 0.0009 0.3539 0.0005 0.0005 0.0203 
        049s 15 0.9595 0.0004 0.0258 0.0015 0.0123 0.0005 
        050s 15 0.8426 0.0113 0.0108 0.0007 0.1334 0.0012 
         001 16 0.0158 0.0028 0.8077 0.0114 0.1613 0.0009 
         002 16 0.9467 0.0003 0.0066 0.0012 0.0448 0.0005 
         003 16 0.9848 0.0022 0.0030 0.0052 0.0033 0.0015 
         004 16 0.9941 0.0005 0.0025 0.0008 0.0007 0.0013 
         005 16 0.9021 0.0034 0.0036 0.0046 0.0546 0.0318 
         006 16 0.9712 0.0008 0.0015 0.0009 0.0142 0.0114 
         007 16 0.9808 0.0009 0.0111 0.0006 0.0052 0.0014 
         008 16 0.6512 0.0009 0.2043 0.0033 0.1396 0.0007 
         009 16 0.3836 0.0013 0.6128 0.0004 0.0015 0.0003 
         010 16 0.7763 0.0008 0.1991 0.0005 0.0224 0.0009 
         011 16 0.0305 0.0010 0.9613 0.0009 0.0048 0.0015 
         012 16 0.9504 0.0009 0.0446 0.0021 0.0006 0.0014 
         013 16 0.9911 0.0005 0.0065 0.0009 0.0004 0.0005 
         014 16 0.9572 0.0011 0.0038 0.0006 0.0368 0.0004 
         015 16 0.6225 0.0023 0.0046 0.0029 0.0004 0.3673 
         016 16 0.9766 0.0044 0.0044 0.0003 0.0017 0.0126 
         017 16 0.2830 0.0006 0.7046 0.0071 0.0032 0.0014 
         018 16 0.9238 0.0049 0.0025 0.0028 0.0399 0.0261 
         019 16 0.0088 0.0010 0.9416 0.0055 0.0423 0.0007 
         020 16 0.9869 0.0009 0.0104 0.0009 0.0002 0.0007 
         021 16 0.8552 0.0030 0.0144 0.0283 0.0987 0.0005 
         022 16 0.9602 0.0008 0.0011 0.0002 0.0356 0.0021 
         023 16 0.0066 0.0005 0.9720 0.0004 0.0113 0.0092 
         024 16 0.3419 0.0014 0.6298 0.0004 0.0051 0.0215 
         025 16 0.0509 0.0011 0.9029 0.0159 0.0261 0.0033 
         026 16 0.8881 0.0005 0.0009 0.0007 0.1074 0.0025 
         027 16 0.9654 0.0084 0.0084 0.0003 0.0159 0.0015 
         028 16 0.7881 0.0181 0.0212 0.0259 0.1463 0.0004 
         029 16 0.9610 0.0014 0.0015 0.0341 0.0010 0.0009 
         030 16 0.3706 0.0004 0.6224 0.0057 0.0005 0.0004 
         031 16 0.9804 0.0139 0.0031 0.0010 0.0011 0.0006 
         032 16 0.8731 0.0008 0.0310 0.0009 0.0899 0.0042 
         033 16 0.9918 0.0004 0.0062 0.0008 0.0006 0.0003 
         034 16 0.3092 0.0003 0.6849 0.0023 0.0022 0.0011 
         035 16 0.9927 0.0005 0.0055 0.0008 0.0003 0.0003 
         036 16 0.8223 0.0017 0.1733 0.0005 0.0007 0.0015 
         037 16 0.5091 0.0008 0.4594 0.0105 0.0150 0.0053 
         038 16 0.9026 0.0011 0.0870 0.0011 0.0033 0.0049 
         039 16 0.5404 0.0019 0.4554 0.0003 0.0014 0.0006 
         040 16 0.9798 0.0007 0.0159 0.0014 0.0009 0.0013 
         041 16 0.9913 0.0003 0.0057 0.0007 0.0007 0.0013 
         042 16 0.8783 0.0016 0.1174 0.0010 0.0011 0.0005 
         043 16 0.9793 0.0008 0.0180 0.0005 0.0007 0.0008 
         044 16 0.1984 0.0019 0.7920 0.0009 0.0053 0.0014 
         045 16 0.9819 0.0022 0.0072 0.0060 0.0024 0.0002 
         047 16 0.9418 0.0071 0.0101 0.0379 0.0021 0.0009 
         048 16 0.9859 0.0006 0.0073 0.0042 0.0015 0.0005 
         049 16 0.8345 0.0007 0.1584 0.0029 0.0005 0.0030 
         050 16 0.9927 0.0006 0.0054 0.0006 0.0005 0.0003 
         051 16 0.9602 0.0019 0.0351 0.0016 0.0008 0.0004 
         052 16 0.9716 0.0004 0.0267 0.0003 0.0003 0.0008 
         053 16 0.9679 0.0008 0.0296 0.0006 0.0003 0.0007 
         054 16 0.4780 0.0013 0.4625 0.0006 0.0570 0.0006 
         055 16 0.8926 0.0007 0.0448 0.0543 0.0073 0.0003 
         056 16 0.9849 0.0006 0.0054 0.0003 0.0015 0.0073 
         057 16 0.0034 0.0005 0.9183 0.0005 0.0771 0.0003 
         058 16 0.5347 0.0002 0.3470 0.0082 0.0876 0.0224 
         059 16 0.6293 0.0036 0.1855 0.0081 0.0875 0.0860 
         060 16 0.7309 0.0017 0.2543 0.0007 0.0023 0.0102 
         061 16 0.4446 0.0005 0.5523 0.0004 0.0008 0.0014 
         062 16 0.9826 0.0012 0.0078 0.0075 0.0007 0.0003 
         063 16 0.9770 0.0006 0.0174 0.0007 0.0036 0.0006 
         064 16 0.9894 0.0006 0.0061 0.0006 0.0005 0.0029 
         065 16 0.5860 0.0015 0.4058 0.0025 0.0012 0.0029 
         066 16 0.9937 0.0010 0.0039 0.0004 0.0004 0.0006 
         067 16 0.8871 0.0010 0.0308 0.0040 0.0006 0.0765 
         068 16 0.9567 0.0006 0.0079 0.0013 0.0060 0.0276 
         069 16 0.9887 0.0053 0.0043 0.0007 0.0006 0.0005 
         070 16 0.8802 0.0018 0.1109 0.0006 0.0056 0.0009 
         071 16 0.9078 0.0007 0.0026 0.0107 0.0775 0.0006 
         072 16 0.9789 0.0009 0.0135 0.0008 0.0050 0.0009 
         073 16 0.8261 0.0008 0.1696 0.0023 0.0008 0.0004 
         074 16 0.9919 0.0006 0.0059 0.0007 0.0004 0.0004 
         075 16 0.9543 0.0006 0.0149 0.0050 0.0238 0.0013 
         076 16 0.9922 0.0007 0.0051 0.0006 0.0010 0.0003 
         077 16 0.8937 0.0212 0.0009 0.0063 0.0207 0.0572 
         078 16 0.0008 0.0006 0.9939 0.0004 0.0033 0.0010 
         079 16 0.9014 0.0009 0.0042 0.0037 0.0888 0.0010 
         080 16 0.2409 0.0005 0.7551 0.0002 0.0023 0.0010 
         081 16 0.0019 0.0013 0.9605 0.0336 0.0022 0.0005 
         082 16 0.8839 0.0004 0.0861 0.0149 0.0143 0.0003 
         083 16 0.9930 0.0007 0.0032 0.0010 0.0005 0.0017 
         084 16 0.8531 0.0024 0.1392 0.0023 0.0017 0.0013 
         085 16 0.9750 0.0016 0.0121 0.0007 0.0012 0.0095 
         086 16 0.8804 0.0005 0.0070 0.0038 0.1078 0.0006 
         087 16 0.0810 0.0017 0.9088 0.0023 0.0059 0.0003 
         088 16 0.1445 0.0005 0.8503 0.0002 0.0005 0.0039 
         089 16 0.9706 0.0010 0.0173 0.0090 0.0009 0.0012 
         090 16 0.9832 0.0019 0.0063 0.0008 0.0072 0.0005 
         091 16 0.9536 0.0009 0.0429 0.0014 0.0006 0.0006 
         092 16 0.0100 0.0005 0.9689 0.0006 0.0192 0.0008 
         093 16 0.9608 0.0025 0.0336 0.0005 0.0021 0.0005 
         094 16 0.9409 0.0053 0.0090 0.0007 0.0055 0.0386 
         095 16 0.9118 0.0012 0.0856 0.0002 0.0008 0.0004 
         096 16 0.9551 0.0004 0.0109 0.0297 0.0016 0.0022 
         097 16 0.8742 0.0026 0.0251 0.0852 0.0075 0.0054 
         098 16 0.9824 0.0049 0.0075 0.0006 0.0010 0.0036 
         099 16 0.9893 0.0008 0.0033 0.0003 0.0006 0.0057 
         100 16 0.9701 0.0008 0.0254 0.0004 0.0010 0.0022 
         101 16 0.0050 0.0006 0.9796 0.0006 0.0105 0.0037 
         102 16 0.0198 0.0005 0.9755 0.0013 0.0009 0.0020 
         103 16 0.9820 0.0031 0.0092 0.0013 0.0012 0.0032 
         104 16 0.9888 0.0003 0.0034 0.0005 0.0028 0.0042 
         105 16 0.8736 0.0029 0.0140 0.0246 0.0797 0.0051 
         106 16 0.5015 0.0005 0.4933 0.0005 0.0015 0.0028 
         107 16 0.8207 0.0503 0.1136 0.0003 0.0109 0.0043 
         108 16 0.6454 0.0661 0.0037 0.0011 0.1225 0.1612 
         109 16 0.8897 0.0006 0.0893 0.0044 0.0153 0.0006 
         110 16 0.9861 0.0003 0.0117 0.0005 0.0004 0.0011 
         111 16 0.7228 0.0005 0.2238 0.0005 0.0514 0.0010 
         112 16 0.9350 0.0008 0.0090 0.0006 0.0530 0.0016 
         113 16 0.9388 0.0007 0.0040 0.0051 0.0510 0.0005 
         114 16 0.9510 0.0062 0.0257 0.0005 0.0150 0.0015 
         115 16 0.9954 0.0003 0.0021 0.0010 0.0004 0.0008 
         116 16 0.0521 0.0004 0.9413 0.0007 0.0050 0.0006 
         117 16 0.9745 0.0036 0.0098 0.0036 0.0077 0.0008 
         118 16 0.9751 0.0013 0.0062 0.0005 0.0056 0.0113 
         119 16 0.5638 0.0009 0.4319 0.0011 0.0013 0.0011 
         120 16 0.9629 0.0012 0.0157 0.0191 0.0005 0.0006 
         121 16 0.7486 0.0003 0.2041 0.0099 0.0007 0.0365 
         122 16 0.9369 0.0003 0.0616 0.0004 0.0003 0.0005 
         123 16 0.5418 0.0024 0.4507 0.0014 0.0031 0.0006 
         124 16 0.9802 0.0004 0.0075 0.0009 0.0096 0.0013 
         126 16 0.8266 0.0040 0.0019 0.0009 0.1637 0.0030 
         001 17 0.9739 0.0097 0.0125 0.0026 0.0008 0.0006 
         002 17 0.9277 0.0006 0.0680 0.0003 0.0029 0.0005 
         003 17 0.9947 0.0009 0.0027 0.0004 0.0008 0.0005 
         005 17 0.9654 0.0251 0.0084 0.0005 0.0003 0.0003 
         006 17 0.9424 0.0009 0.0043 0.0507 0.0012 0.0004 
         007 17 0.0038 0.0044 0.8523 0.0146 0.1037 0.0212 
         008 17 0.8743 0.0012 0.0025 0.0132 0.1078 0.0010 
         009 17 0.9956 0.0007 0.0028 0.0003 0.0002 0.0004 
         010 17 0.9341 0.0009 0.0622 0.0008 0.0008 0.0013 
         011 17 0.4799 0.0019 0.0017 0.0008 0.1382 0.3776 
         012 17 0.9863 0.0008 0.0074 0.0006 0.0035 0.0013 
         013 17 0.9967 0.0007 0.0017 0.0003 0.0005 0.0003 
         014 17 0.0552 0.0013 0.9421 0.0004 0.0006 0.0004 
         015 17 0.1717 0.0007 0.8214 0.0049 0.0009 0.0004 
         016 17 0.9915 0.0006 0.0059 0.0006 0.0009 0.0004 
         017 17 0.9924 0.0011 0.0022 0.0019 0.0013 0.0010 
         018 17 0.9222 0.0222 0.0192 0.0013 0.0347 0.0004 
         019 17 0.5198 0.0009 0.4773 0.0002 0.0007 0.0012 
         020 17 0.9944 0.0002 0.0030 0.0007 0.0010 0.0007 
         021 17 0.9953 0.0005 0.0020 0.0010 0.0003 0.0009 
         022 17 0.9323 0.0134 0.0096 0.0084 0.0350 0.0013 
         023 17 0.9558 0.0024 0.0330 0.0003 0.0080 0.0005 
         024 17 0.9241 0.0015 0.0089 0.0373 0.0253 0.0029 
         025 17 0.9645 0.0003 0.0337 0.0005 0.0007 0.0004 
         002 18 0.9709 0.0067 0.0194 0.0009 0.0002 0.0019 
         003 18 0.9945 0.0004 0.0031 0.0003 0.0004 0.0012 
         004 18 0.9298 0.0044 0.0039 0.0004 0.0606 0.0008 
         005 18 0.3787 0.0006 0.5829 0.0006 0.0024 0.0349 
