        001s  1 0.0496 0.0013 0.0003 0.9484 0.0003 
        002s  1 0.1063 0.0005 0.0006 0.8904 0.0023 
        003s  1 0.1303 0.0147 0.0015 0.8527 0.0008 
        004s  1 0.0800 0.0004 0.0054 0.8832 0.0311 
        005s  1 0.2711 0.0003 0.0008 0.4914 0.2364 
        006s  1 0.0007 0.0004 0.0004 0.9977 0.0008 
        007s  1 0.0128 0.0007 0.0034 0.9826 0.0005 
        008s  1 0.0828 0.0007 0.0008 0.9143 0.0013 
        009s  1 0.0997 0.0020 0.0052 0.8806 0.0125 
        010s  1 0.0072 0.0005 0.0004 0.9898 0.0021 
        011s  1 0.0032 0.0041 0.0020 0.9887 0.0020 
        012s  1 0.1523 0.0048 0.0007 0.8213 0.0209 
        013s  1 0.0071 0.0013 0.0081 0.9563 0.0272 
        014s  1 0.0244 0.0196 0.0078 0.9450 0.0032 
        015s  1 0.0009 0.0007 0.0005 0.9975 0.0004 
        016s  1 0.0199 0.0009 0.0068 0.9719 0.0006 
        018s  1 0.1714 0.0012 0.0011 0.8087 0.0176 
        019s  1 0.0408 0.0062 0.0008 0.9512 0.0009 
        020s  1 0.0023 0.0077 0.0073 0.9823 0.0003 
        021s  1 0.0017 0.0008 0.0052 0.9847 0.0076 
        022s  1 0.1183 0.0004 0.0006 0.8804 0.0003 
        023s  1 0.0142 0.0008 0.0107 0.9739 0.0004 
        024s  1 0.0018 0.0005 0.0007 0.9962 0.0008 
        025s  1 0.0110 0.0005 0.0013 0.9848 0.0025 
        026s  1 0.0043 0.0044 0.0103 0.9802 0.0009 
        027s  1 0.0049 0.0006 0.0018 0.9833 0.0093 
        028s  1 0.0492 0.0017 0.0004 0.8863 0.0624 
        029s  1 0.0042 0.0052 0.0006 0.9893 0.0006 
        030s  1 0.0016 0.0083 0.0007 0.9863 0.0032 
        031s  1 0.0057 0.0003 0.0011 0.9926 0.0002 
        032s  1 0.0019 0.0009 0.0009 0.9957 0.0006 
        033s  1 0.0057 0.0007 0.0008 0.9912 0.0016 
        034s  1 0.0719 0.0027 0.0521 0.8723 0.0010 
        035s  1 0.0015 0.0020 0.0007 0.9941 0.0017 
        036s  1 0.1655 0.0003 0.0005 0.8267 0.0070 
        037s  1 0.1353 0.0011 0.0469 0.7938 0.0229 
        038s  1 0.0041 0.0004 0.0009 0.9938 0.0008 
        039s  1 0.0048 0.0010 0.0004 0.9748 0.0189 
        040s  1 0.0211 0.0005 0.0033 0.9730 0.0021 
        041s  1 0.0044 0.0009 0.0030 0.9911 0.0005 
        042s  1 0.1109 0.0011 0.0808 0.7999 0.0073 
        043s  1 0.1251 0.0012 0.0004 0.8715 0.0018 
        044s  1 0.1047 0.0029 0.0080 0.8593 0.0252 
        045s  1 0.0046 0.0011 0.0007 0.9921 0.0015 
        046s  1 0.0074 0.0022 0.0005 0.9894 0.0005 
        047s  1 0.0027 0.0010 0.0049 0.9911 0.0003 
        048s  1 0.1448 0.0005 0.0006 0.8535 0.0006 
        049s  1 0.1224 0.0007 0.0004 0.8757 0.0008 
        050s  1 0.0967 0.0004 0.0005 0.8893 0.0131 
        051s  1 0.0063 0.0290 0.0010 0.9632 0.0005 
        052s  1 0.0138 0.0202 0.0012 0.9559 0.0088 
        053s  1 0.0023 0.0004 0.0006 0.9963 0.0006 
        054s  1 0.0006 0.0024 0.0011 0.9934 0.0025 
        055s  1 0.0872 0.0025 0.0765 0.8224 0.0114 
          01  2 0.1126 0.0319 0.0012 0.8385 0.0157 
          02  2 0.0132 0.0012 0.0007 0.9794 0.0054 
          03  2 0.0024 0.0004 0.0011 0.9951 0.0009 
          04  2 0.0024 0.0014 0.0128 0.9622 0.0212 
          05  2 0.2304 0.0002 0.0003 0.7603 0.0087 
          06  2 0.0255 0.0004 0.0005 0.9662 0.0073 
          07  2 0.0417 0.0010 0.0006 0.9539 0.0027 
          08  2 0.1806 0.0006 0.0006 0.8152 0.0030 
          09  2 0.0170 0.0105 0.0003 0.9719 0.0003 
          10  2 0.0033 0.0007 0.0007 0.9948 0.0006 
          11  2 0.0335 0.0097 0.0023 0.9535 0.0010 
          12  2 0.0055 0.0018 0.0004 0.9916 0.0007 
          13  2 0.0134 0.0006 0.0005 0.9850 0.0004 
          14  2 0.0292 0.0043 0.0281 0.9345 0.0039 
          15  2 0.0431 0.0017 0.0011 0.9536 0.0006 
          16  2 0.0008 0.0056 0.0038 0.9336 0.0562 
          17  2 0.0181 0.0009 0.0010 0.9786 0.0014 
          18  2 0.0152 0.0019 0.0010 0.9752 0.0067 
          19  2 0.0028 0.0020 0.0043 0.9905 0.0004 
          20  2 0.0495 0.0019 0.0052 0.9293 0.0142 
          21  2 0.0029 0.0125 0.0008 0.9834 0.0004 
          22  2 0.0019 0.0053 0.0065 0.9824 0.0039 
          23  2 0.0015 0.0008 0.0017 0.9939 0.0021 
          24  2 0.0014 0.0009 0.0007 0.9966 0.0005 
          25  2 0.0229 0.0020 0.0007 0.9479 0.0264 
          26  2 0.1313 0.0005 0.0002 0.8675 0.0005 
          27  2 0.0081 0.0010 0.0047 0.9618 0.0244 
          28  2 0.0191 0.0009 0.0041 0.9756 0.0003 
          29  2 0.0016 0.0007 0.0003 0.9967 0.0007 
          30  2 0.1750 0.0081 0.0841 0.7173 0.0155 
          01  3 0.3654 0.0005 0.0069 0.3490 0.2782 
          02  3 0.2839 0.0738 0.0051 0.1282 0.5090 
          03  3 0.2718 0.0007 0.0009 0.3726 0.3540 
          04  3 0.3989 0.0013 0.0012 0.1845 0.4141 
          05  3 0.3087 0.1156 0.1225 0.0007 0.4525 
          06  3 0.3594 0.0002 0.0006 0.0825 0.5573 
          07  3 0.3287 0.0009 0.0003 0.3747 0.2954 
          08  3 0.3169 0.0024 0.0062 0.3018 0.3727 
          09  3 0.3724 0.0002 0.0024 0.3056 0.3193 
          10  3 0.1726 0.2205 0.1325 0.0247 0.4497 
          11  3 0.3588 0.0004 0.0002 0.2840 0.3566 
          12  3 0.3769 0.0004 0.0003 0.2574 0.3651 
          13  3 0.3917 0.0202 0.0003 0.0019 0.5859 
          14  3 0.2870 0.0460 0.1590 0.0019 0.5060 
          15  3 0.3279 0.0004 0.0011 0.3467 0.3240 
          16  3 0.2587 0.0037 0.0055 0.0796 0.6524 
          17  3 0.3642 0.0006 0.0007 0.4067 0.2278 
          18  3 0.1787 0.1658 0.2824 0.0067 0.3664 
          19  3 0.3124 0.0007 0.0043 0.1659 0.5167 
          20  3 0.3879 0.0002 0.0525 0.1875 0.3718 
          21  3 0.3143 0.0011 0.0035 0.2522 0.4289 
          22  3 0.4642 0.0004 0.0021 0.2460 0.2872 
          23  3 0.3530 0.0002 0.0009 0.2326 0.4133 
          24  3 0.4277 0.1680 0.0014 0.0568 0.3461 
          25  3 0.2655 0.2511 0.1314 0.0006 0.3513 
          26  3 0.3782 0.0004 0.0007 0.2244 0.3963 
          27  3 0.2234 0.1353 0.1805 0.0500 0.4108 
          28  3 0.3858 0.0025 0.0002 0.0846 0.5269 
          29  3 0.3356 0.0032 0.0089 0.1788 0.4735 
          30  3 0.4341 0.0015 0.0004 0.2585 0.3056 
         001  4 0.8976 0.0001 0.0042 0.0001 0.0980 
         002  4 0.9035 0.0003 0.0007 0.0002 0.0954 
         003  4 0.9024 0.0004 0.0016 0.0001 0.0956 
         004  4 0.8916 0.0002 0.0016 0.0001 0.1066 
         005  4 0.8980 0.0014 0.0048 0.0002 0.0956 
         006  4 0.8320 0.0002 0.0011 0.0019 0.1648 
         007  4 0.8587 0.0002 0.0026 0.0020 0.1365 
         008  4 0.8960 0.0019 0.0102 0.0007 0.0912 
         009  4 0.8947 0.0009 0.0034 0.0001 0.1008 
         010  4 0.8773 0.0001 0.0001 0.0001 0.1224 
         011  4 0.8526 0.0003 0.0406 0.0007 0.1058 
         012  4 0.9009 0.0001 0.0051 0.0001 0.0938 
         013  4 0.8918 0.0001 0.0001 0.0002 0.1078 
         014  4 0.8998 0.0001 0.0031 0.0002 0.0968 
         015  4 0.8848 0.0001 0.0002 0.0001 0.1148 
         016  4 0.8909 0.0015 0.0018 0.0001 0.1058 
         017  4 0.8973 0.0001 0.0001 0.0002 0.1022 
         019  4 0.8100 0.0016 0.0087 0.0019 0.1779 
         020  4 0.9088 0.0003 0.0011 0.0002 0.0896 
         021  4 0.8761 0.0040 0.0083 0.0029 0.1086 
         001  5 0.8561 0.0026 0.0354 0.0052 0.1006 
         002  5 0.8724 0.0016 0.0083 0.0293 0.0885 
         003  5 0.6763 0.0002 0.0100 0.1658 0.1476 
         004  5 0.8527 0.0001 0.0084 0.0494 0.0894 
         005  5 0.8780 0.0003 0.0074 0.0114 0.1029 
         006  5 0.7987 0.0005 0.0004 0.0059 0.1945 
         007  5 0.8050 0.0012 0.0044 0.0048 0.1845 
         008  5 0.8766 0.0012 0.0007 0.0070 0.1145 
         009  5 0.8151 0.0003 0.0069 0.0826 0.0952 
         010  5 0.8281 0.0005 0.0086 0.0023 0.1605 
         011  5 0.8844 0.0003 0.0143 0.0009 0.1001 
         012  5 0.7853 0.0007 0.0093 0.0390 0.1657 
         013  5 0.6860 0.0005 0.0019 0.1875 0.1242 
         014  5 0.6445 0.0115 0.0223 0.1600 0.1616 
         015  5 0.8661 0.0003 0.0029 0.0002 0.1305 
         016  5 0.8347 0.0008 0.0008 0.0081 0.1555 
         017  5 0.7859 0.0078 0.0003 0.0347 0.1713 
         018  5 0.7761 0.0306 0.0321 0.0383 0.1229 
         019  5 0.8762 0.0080 0.0050 0.0118 0.0989 
         020  5 0.8971 0.0002 0.0046 0.0004 0.0977 
         021  5 0.7738 0.0005 0.0101 0.1365 0.0792 
         022  5 0.8254 0.0022 0.0486 0.0321 0.0917 
         023  5 0.8516 0.0028 0.0079 0.0015 0.1362 
         024  5 0.8013 0.0003 0.0014 0.0475 0.1495 
         025  5 0.8129 0.0007 0.0015 0.0285 0.1564 
         026  5 0.7526 0.0004 0.0008 0.1503 0.0959 
         027  5 0.8912 0.0007 0.0014 0.0033 0.1034 
         028  5 0.8097 0.0005 0.0166 0.0333 0.1400 
         029  5 0.8839 0.0003 0.0002 0.0102 0.1055 
         030  5 0.8852 0.0077 0.0075 0.0040 0.0956 
        001s  6 0.0319 0.0006 0.0152 0.9278 0.0245 
        002s  6 0.0425 0.0194 0.0007 0.9350 0.0023 
        003s  6 0.0518 0.0003 0.0023 0.9451 0.0005 
        004s  6 0.0024 0.0005 0.0006 0.9962 0.0003 
        006s  6 0.0507 0.0013 0.0120 0.9099 0.0261 
        007s  6 0.0007 0.0010 0.0005 0.9959 0.0020 
        008s  6 0.0057 0.0027 0.0060 0.9847 0.0009 
        009s  6 0.0013 0.0010 0.0008 0.9964 0.0006 
        010s  6 0.0090 0.0105 0.0137 0.9552 0.0116 
        011s  6 0.0010 0.0002 0.0013 0.9950 0.0024 
        012s  6 0.0012 0.0026 0.0017 0.9906 0.0039 
        013s  6 0.0026 0.0005 0.0005 0.9956 0.0007 
        014s  6 0.1279 0.0002 0.0004 0.8667 0.0049 
        015s  6 0.0063 0.0010 0.0057 0.9778 0.0092 
        016s  6 0.0064 0.0006 0.0010 0.9911 0.0008 
        018s  6 0.2336 0.0003 0.0022 0.7318 0.0321 
        019s  6 0.0247 0.0010 0.0032 0.9677 0.0034 
        020s  6 0.0076 0.0007 0.0006 0.9906 0.0005 
        021s  6 0.0019 0.0014 0.0041 0.9787 0.0139 
        022s  6 0.0087 0.0004 0.0036 0.9869 0.0004 
        023s  6 0.1021 0.0003 0.0010 0.8956 0.0010 
        024s  6 0.0505 0.0009 0.0007 0.9429 0.0050 
        025s  6 0.0064 0.0007 0.0730 0.9191 0.0007 
        026s  6 0.0034 0.0019 0.0004 0.9937 0.0007 
        027s  6 0.0065 0.0015 0.0005 0.9912 0.0003 
        028s  6 0.0131 0.0453 0.0082 0.9204 0.0131 
        029s  6 0.0006 0.0014 0.0011 0.9966 0.0003 
        030s  6 0.0610 0.0018 0.0125 0.9174 0.0073 
        031s  6 0.0913 0.0004 0.0004 0.9051 0.0028 
        032s  6 0.0070 0.0004 0.0009 0.9885 0.0033 
        033s  6 0.0829 0.0007 0.0005 0.9109 0.0049 
        034s  6 0.0047 0.0004 0.0131 0.9802 0.0015 
        035s  6 0.2491 0.0011 0.0003 0.7393 0.0102 
        036s  6 0.0016 0.0003 0.0012 0.9914 0.0056 
        037s  6 0.0015 0.0024 0.0019 0.9935 0.0007 
        038s  6 0.0137 0.0011 0.0006 0.9834 0.0013 
        039s  6 0.0010 0.0007 0.0006 0.9974 0.0004 
        040s  6 0.0124 0.0004 0.0003 0.9843 0.0025 
        041s  6 0.1584 0.0031 0.0030 0.8352 0.0002 
        042s  6 0.0149 0.0052 0.0514 0.9271 0.0014 
        043s  6 0.0015 0.0002 0.0062 0.9911 0.0009 
        044s  6 0.0284 0.0023 0.0008 0.9681 0.0004 
        045s  6 0.0094 0.0007 0.0023 0.9872 0.0004 
        001s  7 0.1090 0.0003 0.0008 0.8893 0.0005 
        002s  7 0.0833 0.0012 0.0013 0.9118 0.0025 
        003s  7 0.1281 0.0011 0.0009 0.8685 0.0014 
        004s  7 0.0046 0.0012 0.0005 0.9904 0.0033 
        005s  7 0.0107 0.0007 0.0019 0.9826 0.0041 
        006s  7 0.0496 0.0006 0.0081 0.9355 0.0062 
        007s  7 0.0050 0.0198 0.0019 0.9650 0.0083 
        008s  7 0.1492 0.0028 0.0010 0.8467 0.0004 
        009s  7 0.0104 0.0007 0.0124 0.9742 0.0024 
        010s  7 0.1302 0.0008 0.0012 0.8676 0.0002 
        011s  7 0.0030 0.0009 0.0007 0.9949 0.0005 
        012s  7 0.0016 0.0004 0.0005 0.9968 0.0006 
        013s  7 0.0009 0.0006 0.0043 0.9890 0.0053 
        014s  7 0.1183 0.0005 0.0003 0.8789 0.0020 
        015s  7 0.0141 0.0013 0.0010 0.9809 0.0027 
        016s  7 0.2324 0.0003 0.0022 0.7646 0.0005 
        017s  7 0.0083 0.0004 0.0005 0.9901 0.0007 
        018s  7 0.0027 0.0039 0.0006 0.9922 0.0006 
        019s  7 0.0043 0.0031 0.0126 0.9786 0.0014 
        020s  7 0.0027 0.0004 0.0005 0.9952 0.0012 
        021s  7 0.0033 0.0014 0.0009 0.9938 0.0006 
        022s  7 0.0019 0.0003 0.0008 0.9942 0.0029 
        023s  7 0.0219 0.0014 0.0198 0.9558 0.0011 
        024s  7 0.0035 0.0019 0.0007 0.9933 0.0005 
        025s  7 0.0008 0.0011 0.0011 0.9928 0.0043 
        026s  7 0.1295 0.0011 0.0008 0.8683 0.0003 
        027s  7 0.0645 0.0010 0.0004 0.9335 0.0006 
        028s  7 0.0047 0.0002 0.0005 0.9932 0.0014 
        029s  7 0.0214 0.0010 0.0028 0.9736 0.0013 
        030s  7 0.0279 0.0051 0.0048 0.9615 0.0008 
        031s  7 0.0066 0.0004 0.0106 0.9809 0.0015 
        032s  7 0.0867 0.0041 0.0003 0.9009 0.0080 
        033s  7 0.0304 0.0033 0.0020 0.9611 0.0031 
        034s  7 0.0013 0.0020 0.0005 0.9547 0.0414 
        035s  7 0.0010 0.0006 0.0012 0.9969 0.0004 
        036s  7 0.0197 0.0006 0.0090 0.9690 0.0017 
        037s  7 0.0562 0.0006 0.0025 0.9257 0.0151 
        038s  7 0.0104 0.0008 0.0022 0.9854 0.0013 
        039s  7 0.0269 0.0003 0.0003 0.9722 0.0003 
        040s  7 0.1398 0.0005 0.0006 0.8322 0.0269 
        041s  7 0.0759 0.0016 0.0018 0.9194 0.0012 
        042s  7 0.1318 0.0003 0.0003 0.8669 0.0006 
        043s  7 0.0047 0.0004 0.0027 0.9918 0.0003 
        044s  7 0.0453 0.0021 0.0313 0.8999 0.0215 
         003  8 0.0041 0.0148 0.0006 0.9788 0.0016 
         009  8 0.0018 0.0005 0.0012 0.9957 0.0007 
         010  8 0.0015 0.0003 0.0022 0.9956 0.0003 
         017  8 0.0007 0.0010 0.0034 0.9943 0.0007 
         002  9 0.0020 0.0007 0.0011 0.9955 0.0007 
         003  9 0.0008 0.0003 0.0005 0.9981 0.0003 
         004  9 0.0016 0.0004 0.0012 0.9966 0.0002 
         005  9 0.0015 0.0009 0.0044 0.9925 0.0007 
         006  9 0.0011 0.0007 0.0018 0.9958 0.0006 
         007  9 0.0042 0.0011 0.0010 0.9933 0.0005 
         009  9 0.0037 0.0012 0.0016 0.9932 0.0003 
         010  9 0.0011 0.0017 0.0013 0.9955 0.0004 
         013  9 0.0088 0.0004 0.0014 0.9887 0.0007 
         014  9 0.0019 0.0057 0.0019 0.9903 0.0002 
         016  9 0.0007 0.0012 0.0006 0.9973 0.0002 
         018  9 0.0014 0.0057 0.0014 0.9906 0.0009 
         019  9 0.0011 0.0059 0.0006 0.9917 0.0007 
         020  9 0.0005 0.0005 0.0003 0.9984 0.0003 
         021  9 0.0008 0.0002 0.0008 0.9980 0.0002 
         022  9 0.0019 0.0013 0.0005 0.9960 0.0003 
         024  9 0.0016 0.0030 0.0035 0.9915 0.0004 
         028  9 0.0009 0.0005 0.0013 0.9965 0.0006 
         029  9 0.0009 0.0010 0.0006 0.9972 0.0003 
         030  9 0.0007 0.0010 0.0011 0.9968 0.0003 
         031  9 0.0045 0.0009 0.0004 0.9936 0.0005 
         033  9 0.0074 0.0007 0.0009 0.9906 0.0005 
         001 10 0.0019 0.0008 0.0002 0.9966 0.0005 
         002 10 0.0011 0.0014 0.0006 0.9967 0.0002 
         003 10 0.0003 0.0004 0.0139 0.9846 0.0008 
         004 10 0.0114 0.0006 0.0032 0.9844 0.0003 
         005 10 0.0006 0.0019 0.0012 0.9961 0.0003 
         006 10 0.0013 0.0006 0.0006 0.9970 0.0005 
         007 10 0.0028 0.0004 0.0023 0.9942 0.0004 
         008 10 0.0007 0.0007 0.0042 0.9938 0.0005 
         009 10 0.0015 0.0048 0.0005 0.9922 0.0010 
         010 10 0.0023 0.0027 0.0008 0.9939 0.0003 
         011 10 0.0025 0.0004 0.0355 0.9605 0.0012 
         012 10 0.0017 0.0005 0.0030 0.9940 0.0008 
         013 10 0.0006 0.0007 0.0006 0.9965 0.0017 
         014 10 0.0273 0.0006 0.0010 0.9703 0.0008 
         016 10 0.0034 0.0012 0.0007 0.9937 0.0010 
         017 10 0.0008 0.0010 0.0009 0.9965 0.0008 
         018 10 0.0053 0.0023 0.0005 0.9911 0.0007 
         019 10 0.0006 0.0044 0.0012 0.9934 0.0004 
         020 10 0.0047 0.0070 0.0015 0.9861 0.0008 
         021 10 0.0101 0.0026 0.0003 0.9867 0.0004 
         022 10 0.0117 0.0003 0.0007 0.9867 0.0006 
         023 10 0.0004 0.0003 0.0008 0.9980 0.0006 
         024 10 0.0013 0.0017 0.0021 0.9946 0.0002 
         026 10 0.0006 0.0006 0.0005 0.9978 0.0005 
        001s 11 0.1524 0.0011 0.0109 0.8309 0.0047 
        002s 11 0.0027 0.0039 0.0013 0.9875 0.0046 
        003s 11 0.0100 0.0011 0.0005 0.9876 0.0008 
        004s 11 0.0044 0.0002 0.0013 0.9925 0.0016 
        005s 11 0.0171 0.0062 0.0004 0.9757 0.0005 
        006s 11 0.0047 0.0016 0.0021 0.9806 0.0110 
        007s 11 0.0237 0.0016 0.0006 0.9329 0.0412 
        008s 11 0.0014 0.0006 0.0005 0.9971 0.0003 
        009s 11 0.0003 0.0170 0.0004 0.9819 0.0004 
        010s 11 0.0131 0.0005 0.0007 0.9852 0.0004 
        011s 11 0.2110 0.0003 0.0125 0.7614 0.0149 
        012s 11 0.1096 0.0007 0.0004 0.8811 0.0082 
        013s 11 0.0359 0.0003 0.0011 0.9624 0.0003 
        014s 11 0.1172 0.0014 0.0008 0.8743 0.0064 
        015s 11 0.0159 0.0014 0.0056 0.9756 0.0015 
        016s 11 0.0929 0.0052 0.0587 0.8428 0.0004 
        017s 11 0.0869 0.0004 0.0012 0.9037 0.0078 
        018s 11 0.1220 0.0014 0.0007 0.8745 0.0013 
        019s 11 0.0014 0.0003 0.0219 0.9758 0.0006 
        020s 11 0.0837 0.0019 0.0013 0.9123 0.0008 
        021s 11 0.0018 0.0005 0.0010 0.9961 0.0006 
        022s 11 0.0042 0.0006 0.0004 0.9639 0.0309 
        023s 11 0.1643 0.0004 0.0131 0.8216 0.0005 
        025s 11 0.0014 0.0002 0.0009 0.9972 0.0003 
        026s 11 0.0256 0.0005 0.0512 0.9214 0.0013 
        027s 11 0.0035 0.0004 0.0005 0.9930 0.0026 
        028s 11 0.0061 0.0003 0.0012 0.9912 0.0013 
        029s 11 0.0433 0.0015 0.0003 0.9523 0.0026 
        030s 11 0.0428 0.0010 0.0006 0.9504 0.0052 
        031s 11 0.0008 0.0007 0.0003 0.9975 0.0008 
        032s 11 0.0175 0.0005 0.0023 0.9795 0.0003 
        033s 11 0.0180 0.0012 0.0007 0.9795 0.0006 
        034s 11 0.1097 0.0003 0.0004 0.8882 0.0014 
        035s 11 0.0881 0.0015 0.0003 0.9087 0.0014 
        036s 11 0.0148 0.0013 0.0003 0.9793 0.0043 
        037s 11 0.1267 0.0012 0.0017 0.8700 0.0004 
        038s 11 0.0473 0.0007 0.0005 0.9508 0.0006 
        039s 11 0.0036 0.0005 0.0007 0.9948 0.0004 
        040s 11 0.0672 0.0007 0.0004 0.9167 0.0150 
        041s 11 0.0030 0.0189 0.0021 0.9746 0.0013 
        042s 11 0.0619 0.0010 0.0084 0.9280 0.0007 
        043s 11 0.0303 0.0004 0.0186 0.9478 0.0028 
        044s 11 0.0080 0.0008 0.0036 0.9833 0.0043 
        045s 11 0.0018 0.0003 0.0103 0.9856 0.0019 
        046s 11 0.1312 0.0006 0.0306 0.8358 0.0018 
        047s 11 0.0010 0.0004 0.0011 0.9961 0.0014 
        048s 11 0.0032 0.0017 0.0334 0.9584 0.0033 
        049s 11 0.0019 0.0009 0.0014 0.9953 0.0004 
        050s 11 0.0016 0.0003 0.0011 0.9958 0.0012 
        051s 11 0.0009 0.0004 0.0489 0.9339 0.0159 
        052s 11 0.1036 0.0011 0.0021 0.8902 0.0030 
        053s 11 0.0013 0.0013 0.0009 0.9963 0.0003 
        054s 11 0.0023 0.0004 0.0007 0.9907 0.0059 
        055s 11 0.1680 0.0005 0.0004 0.8262 0.0050 
        001s 12 0.0029 0.0013 0.0008 0.9907 0.0044 
        002s 12 0.0012 0.0025 0.0008 0.9949 0.0006 
        003s 12 0.0022 0.0006 0.0003 0.9965 0.0004 
        004s 12 0.0678 0.0017 0.0078 0.9216 0.0012 
        005s 12 0.0696 0.0010 0.0005 0.9283 0.0005 
        006s 12 0.0435 0.0007 0.0014 0.9474 0.0070 
        007s 12 0.0019 0.0031 0.0014 0.9922 0.0013 
        008s 12 0.0089 0.0007 0.0005 0.9867 0.0033 
        009s 12 0.0159 0.0196 0.0046 0.9574 0.0025 
        010s 12 0.0128 0.0008 0.0003 0.9486 0.0374 
        011s 12 0.0038 0.0010 0.0008 0.9921 0.0023 
        012s 12 0.0016 0.0004 0.0035 0.9886 0.0058 
        013s 12 0.0010 0.0005 0.0333 0.9647 0.0004 
        014s 12 0.0744 0.0023 0.0398 0.8533 0.0301 
        015s 12 0.0045 0.0014 0.0009 0.9924 0.0009 
        016s 12 0.0007 0.0006 0.0050 0.9932 0.0005 
        017s 12 0.0118 0.0005 0.0011 0.9854 0.0012 
        018s 12 0.0067 0.0026 0.0015 0.9888 0.0004 
        019s 12 0.0098 0.0028 0.0004 0.9864 0.0005 
        020s 12 0.0758 0.0003 0.0006 0.9175 0.0058 
        021s 12 0.0042 0.0003 0.0022 0.9924 0.0009 
        022s 12 0.0497 0.0034 0.0043 0.9373 0.0052 
        023s 12 0.0013 0.0007 0.0010 0.9968 0.0003 
        024s 12 0.0463 0.0004 0.0006 0.9523 0.0003 
        025s 12 0.0038 0.0053 0.0010 0.9870 0.0029 
        026s 12 0.0431 0.0155 0.0009 0.9394 0.0011 
        027s 12 0.0034 0.0004 0.0004 0.9944 0.0014 
        028s 12 0.1274 0.0109 0.0033 0.8580 0.0005 
        029s 12 0.0389 0.0003 0.0008 0.9596 0.0004 
        030s 12 0.0020 0.0004 0.0005 0.9959 0.0012 
        031s 12 0.0042 0.0011 0.0027 0.9906 0.0014 
        032s 12 0.1007 0.0076 0.0008 0.8905 0.0004 
        033s 12 0.0041 0.0004 0.0003 0.9896 0.0056 
        034s 12 0.1128 0.0008 0.0004 0.8857 0.0004 
        035s 12 0.0332 0.0005 0.0004 0.9641 0.0018 
        036s 12 0.0133 0.0031 0.0008 0.9745 0.0083 
        037s 12 0.0010 0.0011 0.0008 0.9968 0.0003 
        001s 13 0.0148 0.0009 0.0016 0.9819 0.0008 
        002s 13 0.1966 0.0003 0.0007 0.7965 0.0058 
        003s 13 0.0023 0.0008 0.0012 0.9953 0.0004 
        004s 13 0.0014 0.0111 0.0022 0.9847 0.0006 
        005s 13 0.0032 0.0021 0.0016 0.9879 0.0052 
        006s 13 0.0018 0.0009 0.0005 0.9953 0.0015 
        007s 13 0.0015 0.0005 0.0012 0.9671 0.0297 
        008s 13 0.0511 0.0013 0.0008 0.9393 0.0075 
        009s 13 0.1228 0.0078 0.0008 0.8518 0.0167 
        010s 13 0.0585 0.0016 0.0007 0.9329 0.0064 
        011s 13 0.0254 0.0062 0.0026 0.9394 0.0264 
        012s 13 0.0629 0.0034 0.0139 0.9107 0.0090 
        013s 13 0.1190 0.0010 0.0061 0.8619 0.0120 
        014s 13 0.0008 0.0009 0.0036 0.9641 0.0307 
        015s 13 0.0097 0.0099 0.0082 0.9716 0.0005 
        016s 13 0.0007 0.0007 0.0009 0.9974 0.0003 
        017s 13 0.0157 0.0042 0.0005 0.9652 0.0144 
        018s 13 0.0031 0.0004 0.0007 0.9954 0.0004 
        019s 13 0.0076 0.0004 0.0008 0.9900 0.0012 
        020s 13 0.1166 0.0021 0.0003 0.8782 0.0028 
        021s 13 0.0035 0.0005 0.0009 0.9947 0.0005 
        022s 13 0.0020 0.0005 0.0009 0.9957 0.0009 
        023s 13 0.0060 0.0003 0.0003 0.9929 0.0004 
        024s 13 0.0216 0.0010 0.0363 0.9336 0.0074 
        025s 13 0.0019 0.0008 0.0019 0.9948 0.0006 
        026s 13 0.0778 0.0006 0.0081 0.8938 0.0196 
        027s 13 0.0413 0.0054 0.0019 0.9458 0.0055 
        028s 13 0.0670 0.0084 0.0034 0.9097 0.0115 
        029s 13 0.1408 0.0006 0.0011 0.8558 0.0016 
        030s 13 0.1738 0.0005 0.0192 0.8056 0.0009 
        031s 13 0.0122 0.0009 0.1003 0.8844 0.0023 
        032s 13 0.0025 0.0004 0.0004 0.9951 0.0016 
        033s 13 0.0038 0.0003 0.0009 0.9563 0.0387 
        034s 13 0.1634 0.0017 0.0007 0.8275 0.0067 
        035s 13 0.0256 0.0012 0.0033 0.9691 0.0008 
        036s 13 0.0304 0.0005 0.0004 0.9679 0.0008 
        037s 13 0.0026 0.0007 0.0015 0.9948 0.0003 
        038s 13 0.0649 0.0011 0.0010 0.9315 0.0015 
        039s 13 0.1077 0.0008 0.0754 0.8050 0.0112 
        040s 13 0.0021 0.0005 0.0010 0.9956 0.0009 
        041s 13 0.0506 0.0004 0.0024 0.9337 0.0128 
        042s 13 0.1257 0.0008 0.0011 0.8716 0.0009 
        001s 14 0.1217 0.0018 0.0007 0.8747 0.0011 
        002s 14 0.0601 0.0041 0.0008 0.9243 0.0108 
        003s 14 0.1280 0.0006 0.0011 0.8699 0.0005 
        004s 14 0.0054 0.0008 0.0027 0.9808 0.0103 
        005s 14 0.0314 0.0007 0.0008 0.9669 0.0002 
        006s 14 0.0026 0.0004 0.0003 0.9961 0.0006 
        007s 14 0.0015 0.0003 0.0014 0.9961 0.0007 
        008s 14 0.2040 0.0113 0.0019 0.7742 0.0086 
        009s 14 0.0105 0.0064 0.0008 0.9814 0.0009 
        010s 14 0.1298 0.0166 0.0008 0.8514 0.0014 
        011s 14 0.0433 0.0005 0.0008 0.9190 0.0363 
        012s 14 0.1202 0.0020 0.0015 0.8748 0.0015 
        013s 14 0.0127 0.0007 0.0057 0.9788 0.0020 
        014s 14 0.0419 0.0090 0.0010 0.9474 0.0008 
        015s 14 0.0052 0.0072 0.0026 0.9845 0.0006 
        016s 14 0.0012 0.0005 0.0113 0.9867 0.0003 
        017s 14 0.0505 0.0005 0.0006 0.9277 0.0207 
        018s 14 0.0013 0.0010 0.0013 0.9959 0.0005 
        019s 14 0.0017 0.0004 0.0006 0.9953 0.0020 
        020s 14 0.0899 0.0072 0.0012 0.9014 0.0004 
        021s 14 0.0055 0.0095 0.0005 0.9841 0.0004 
        022s 14 0.0064 0.0019 0.0011 0.9867 0.0038 
        023s 14 0.0174 0.0025 0.0031 0.9759 0.0011 
        024s 14 0.1229 0.0029 0.0019 0.8675 0.0049 
        025s 14 0.0942 0.0003 0.0003 0.9045 0.0006 
        026s 14 0.0011 0.0016 0.0008 0.9962 0.0002 
        027s 14 0.0147 0.0006 0.0029 0.9813 0.0005 
        028s 14 0.0043 0.0026 0.0007 0.9904 0.0019 
        029s 14 0.0019 0.0005 0.0011 0.9963 0.0002 
        030s 14 0.0170 0.0005 0.0004 0.9718 0.0103 
        031s 14 0.0398 0.0006 0.0013 0.9473 0.0110 
        032s 14 0.0376 0.0003 0.0018 0.9595 0.0007 
        033s 14 0.0434 0.0006 0.0007 0.9081 0.0471 
        034s 14 0.0008 0.0006 0.0006 0.9976 0.0004 
        035s 14 0.0675 0.0002 0.0007 0.8397 0.0918 
        036s 14 0.1691 0.0010 0.0055 0.7822 0.0421 
        037s 14 0.0069 0.0006 0.0027 0.9894 0.0004 
        038s 14 0.0034 0.0007 0.0005 0.9949 0.0006 
        039s 14 0.0046 0.0029 0.0046 0.9860 0.0019 
        040s 14 0.0163 0.0004 0.0013 0.9812 0.0008 
        041s 14 0.0361 0.0005 0.0006 0.9615 0.0014 
        042s 14 0.0696 0.0011 0.0016 0.9230 0.0048 
        001s 15 0.0603 0.0007 0.0016 0.9371 0.0004 
        002s 15 0.1338 0.0046 0.0122 0.8370 0.0124 
        003s 15 0.0104 0.0010 0.0072 0.9802 0.0013 
        004s 15 0.0007 0.0104 0.0002 0.9883 0.0004 
        005s 15 0.0130 0.0011 0.0054 0.9756 0.0050 
        006s 15 0.0136 0.0007 0.0011 0.9823 0.0023 
        007s 15 0.0017 0.0010 0.0004 0.9966 0.0003 
        008s 15 0.0034 0.0006 0.0007 0.9948 0.0005 
        009s 15 0.0248 0.0006 0.0343 0.9319 0.0083 
        010s 15 0.1150 0.0003 0.0016 0.8826 0.0004 
        011s 15 0.0023 0.0003 0.0011 0.9316 0.0647 
        012s 15 0.0032 0.0011 0.0020 0.9917 0.0019 
        013s 15 0.1224 0.0034 0.0009 0.8729 0.0004 
        014s 15 0.0018 0.0043 0.0048 0.9876 0.0014 
        015s 15 0.0685 0.0009 0.0036 0.9122 0.0148 
        016s 15 0.1166 0.0337 0.0004 0.7838 0.0655 
        017s 15 0.0059 0.0155 0.0016 0.9762 0.0008 
        018s 15 0.0729 0.0018 0.0005 0.9245 0.0003 
        019s 15 0.0770 0.0007 0.0050 0.9169 0.0004 
        020s 15 0.0529 0.0006 0.0005 0.9454 0.0007 
        021s 15 0.0715 0.0020 0.0027 0.9153 0.0085 
        022s 15 0.0018 0.0006 0.0005 0.9954 0.0017 
        023s 15 0.0230 0.0005 0.0007 0.9682 0.0076 
        024s 15 0.0014 0.0004 0.0009 0.9953 0.0019 
        025s 15 0.0134 0.0012 0.0259 0.9571 0.0023 
        026s 15 0.0095 0.0042 0.0242 0.9615 0.0006 
        027s 15 0.0135 0.0121 0.0010 0.9652 0.0083 
        028s 15 0.0034 0.0021 0.0010 0.9923 0.0012 
        029s 15 0.0027 0.0014 0.0012 0.9940 0.0007 
        030s 15 0.0023 0.0014 0.0007 0.9952 0.0004 
        031s 15 0.0903 0.0013 0.0068 0.8957 0.0058 
        032s 15 0.0006 0.0008 0.0013 0.9972 0.0002 
        033s 15 0.1766 0.0012 0.0003 0.8186 0.0033 
        035s 15 0.0026 0.0019 0.0005 0.9926 0.0023 
        036s 15 0.0488 0.0004 0.0053 0.9445 0.0011 
        037s 15 0.0063 0.0004 0.0010 0.9840 0.0084 
        038s 15 0.0031 0.0007 0.0004 0.9949 0.0009 
        039s 15 0.1468 0.0005 0.0003 0.8492 0.0032 
        040s 15 0.0046 0.0024 0.0008 0.9898 0.0025 
        041s 15 0.0767 0.0004 0.0017 0.9093 0.0119 
        042s 15 0.0046 0.0026 0.0007 0.9915 0.0006 
        043s 15 0.0536 0.0002 0.0015 0.9430 0.0017 
        044s 15 0.0044 0.0009 0.0008 0.9929 0.0010 
        045s 15 0.0064 0.0023 0.0790 0.8783 0.0340 
        046s 15 0.0241 0.0004 0.0011 0.9645 0.0099 
        047s 15 0.0220 0.0006 0.0004 0.9724 0.0047 
        048s 15 0.0458 0.0011 0.0187 0.9337 0.0007 
        049s 15 0.0201 0.0004 0.0006 0.9744 0.0044 
        050s 15 0.1497 0.0065 0.0015 0.8296 0.0127 
         001 16 0.2550 0.0026 0.0005 0.7119 0.0300 
         002 16 0.0383 0.0003 0.0005 0.9554 0.0055 
         003 16 0.0030 0.0031 0.0018 0.9856 0.0065 
         004 16 0.0010 0.0006 0.0013 0.9962 0.0009 
         005 16 0.0459 0.0017 0.0271 0.9135 0.0118 
         006 16 0.0115 0.0008 0.0161 0.9680 0.0035 
         007 16 0.0066 0.0008 0.0010 0.9903 0.0013 
         008 16 0.1921 0.0010 0.0004 0.7861 0.0205 
         009 16 0.0722 0.0009 0.0004 0.9261 0.0003 
         010 16 0.0599 0.0006 0.0010 0.9375 0.0009 
         011 16 0.1131 0.0005 0.0017 0.8831 0.0017 
         012 16 0.0073 0.0010 0.0015 0.9884 0.0017 
         013 16 0.0014 0.0004 0.0005 0.9970 0.0008 
         014 16 0.0310 0.0009 0.0003 0.9642 0.0037 
         015 16 0.0006 0.0013 0.3697 0.6275 0.0010 
         016 16 0.0031 0.0056 0.0127 0.9782 0.0003 
         017 16 0.0739 0.0007 0.0012 0.9187 0.0055 
         018 16 0.0360 0.0077 0.0283 0.9197 0.0083 
         019 16 0.1688 0.0008 0.0005 0.8200 0.0099 
         020 16 0.0018 0.0008 0.0007 0.9962 0.0005 
         021 16 0.0824 0.0025 0.0008 0.8675 0.0468 
         022 16 0.0258 0.0009 0.0016 0.9710 0.0007 
         023 16 0.1527 0.0006 0.0080 0.8379 0.0008 
         024 16 0.0749 0.0013 0.0253 0.8976 0.0009 
         025 16 0.1551 0.0009 0.0034 0.8230 0.0175 
         026 16 0.0925 0.0005 0.0030 0.8896 0.0144 
         027 16 0.0190 0.0084 0.0018 0.9697 0.0011 
         028 16 0.1495 0.0185 0.0003 0.7955 0.0362 
         029 16 0.0013 0.0011 0.0012 0.9586 0.0378 
         030 16 0.0665 0.0003 0.0005 0.9276 0.0050 
         031 16 0.0013 0.0123 0.0006 0.9848 0.0010 
         032 16 0.0829 0.0013 0.0027 0.9033 0.0098 
         033 16 0.0037 0.0004 0.0003 0.9947 0.0009 
         034 16 0.0736 0.0003 0.0015 0.9215 0.0031 
         035 16 0.0006 0.0006 0.0002 0.9981 0.0006 
         036 16 0.0197 0.0018 0.0016 0.9765 0.0004 
         037 16 0.0718 0.0009 0.0042 0.9076 0.0155 
         038 16 0.0197 0.0013 0.0072 0.9711 0.0007 
         039 16 0.0552 0.0010 0.0007 0.9428 0.0004 
         040 16 0.0033 0.0005 0.0015 0.9931 0.0016 
         041 16 0.0016 0.0003 0.0014 0.9959 0.0008 
         042 16 0.0251 0.0022 0.0006 0.9710 0.0011 
         043 16 0.0090 0.0008 0.0010 0.9887 0.0004 
         044 16 0.0921 0.0015 0.0012 0.9044 0.0008 
         045 16 0.0025 0.0022 0.0002 0.9876 0.0074 
         047 16 0.0027 0.0046 0.0011 0.9543 0.0372 
         048 16 0.0019 0.0009 0.0006 0.9926 0.0040 
         049 16 0.0393 0.0005 0.0030 0.9552 0.0020 
         050 16 0.0022 0.0004 0.0004 0.9962 0.0007 
         051 16 0.0098 0.0017 0.0006 0.9864 0.0015 
         052 16 0.0083 0.0004 0.0006 0.9904 0.0003 
         053 16 0.0046 0.0010 0.0005 0.9931 0.0007 
         054 16 0.1137 0.0009 0.0005 0.8775 0.0074 
         055 16 0.0101 0.0004 0.0005 0.9286 0.0604 
         056 16 0.0022 0.0007 0.0069 0.9898 0.0004 
         057 16 0.2056 0.0007 0.0003 0.7899 0.0035 
         058 16 0.1379 0.0003 0.0135 0.8312 0.0171 
         059 16 0.1125 0.0040 0.0880 0.7728 0.0227 
         060 16 0.0160 0.0011 0.0103 0.9719 0.0008 
         061 16 0.0657 0.0005 0.0015 0.9316 0.0006 
         062 16 0.0030 0.0013 0.0004 0.9890 0.0062 
         063 16 0.0053 0.0006 0.0008 0.9925 0.0008 
         064 16 0.0026 0.0003 0.0019 0.9946 0.0005 
         065 16 0.0428 0.0020 0.0026 0.9506 0.0020 
         066 16 0.0009 0.0012 0.0006 0.9969 0.0005 
         067 16 0.0089 0.0007 0.0761 0.9112 0.0032 
         068 16 0.0053 0.0007 0.0284 0.9635 0.0021 
         069 16 0.0050 0.0060 0.0005 0.9880 0.0006 
         070 16 0.0274 0.0020 0.0005 0.9681 0.0019 
         071 16 0.0649 0.0005 0.0003 0.9102 0.0240 
         072 16 0.0065 0.0007 0.0011 0.9906 0.0011 
         073 16 0.0314 0.0006 0.0004 0.9653 0.0024 
         074 16 0.0007 0.0004 0.0003 0.9980 0.0007 
         075 16 0.0204 0.0006 0.0006 0.9694 0.0091 
         076 16 0.0022 0.0007 0.0004 0.9959 0.0007 
         077 16 0.0156 0.0297 0.0575 0.8916 0.0056 
         078 16 0.1599 0.0008 0.0017 0.8371 0.0005 
         079 16 0.0765 0.0016 0.0007 0.9091 0.0121 
         080 16 0.0892 0.0005 0.0012 0.9088 0.0003 
         081 16 0.1261 0.0015 0.0006 0.8336 0.0382 
         082 16 0.0324 0.0005 0.0004 0.9504 0.0162 
         083 16 0.0009 0.0006 0.0018 0.9958 0.0008 
         084 16 0.0260 0.0032 0.0015 0.9667 0.0026 
         085 16 0.0014 0.0014 0.0104 0.9862 0.0005 
         086 16 0.0950 0.0006 0.0006 0.8849 0.0190 
         087 16 0.1068 0.0021 0.0002 0.8870 0.0038 
         088 16 0.0974 0.0005 0.0023 0.8996 0.0003 
         089 16 0.0061 0.0008 0.0011 0.9849 0.0070 
         090 16 0.0064 0.0014 0.0007 0.9902 0.0014 
         091 16 0.0033 0.0006 0.0007 0.9941 0.0013 
         092 16 0.1605 0.0008 0.0008 0.8367 0.0012 
         093 16 0.0140 0.0019 0.0005 0.9832 0.0005 
         094 16 0.0043 0.0068 0.0377 0.9504 0.0008 
         095 16 0.0080 0.0014 0.0004 0.9899 0.0002 
         096 16 0.0025 0.0005 0.0031 0.9675 0.0265 
         097 16 0.0131 0.0022 0.0037 0.8914 0.0896 
         098 16 0.0022 0.0075 0.0038 0.9856 0.0009 
         099 16 0.0007 0.0009 0.0059 0.9922 0.0004 
         100 16 0.0055 0.0006 0.0020 0.9917 0.0003 
         101 16 0.1608 0.0004 0.0039 0.8339 0.0009 
         102 16 0.1239 0.0004 0.0016 0.8727 0.0014 
         103 16 0.0025 0.0035 0.0021 0.9895 0.0023 
         104 16 0.0046 0.0003 0.0036 0.9908 0.0007 
         105 16 0.0686 0.0063 0.0035 0.8834 0.0383 
         106 16 0.0686 0.0005 0.0024 0.9280 0.0005 
         107 16 0.0679 0.0512 0.0045 0.8758 0.0006 
         108 16 0.1052 0.0674 0.1655 0.6467 0.0151 
         109 16 0.0298 0.0005 0.0005 0.9623 0.0069 
         110 16 0.0061 0.0002 0.0012 0.9919 0.0005 
         111 16 0.1044 0.0008 0.0009 0.8920 0.0018 
         112 16 0.0409 0.0009 0.0011 0.9553 0.0018 
         113 16 0.0505 0.0008 0.0013 0.9349 0.0126 
         114 16 0.0291 0.0051 0.0014 0.9636 0.0007 
         115 16 0.0005 0.0004 0.0006 0.9978 0.0007 
         116 16 0.1360 0.0005 0.0009 0.8620 0.0007 
         117 16 0.0065 0.0042 0.0009 0.9806 0.0078 
         118 16 0.0052 0.0007 0.0135 0.9801 0.0004 
         119 16 0.0646 0.0022 0.0013 0.9308 0.0010 
         120 16 0.0039 0.0010 0.0008 0.9781 0.0162 
         121 16 0.0156 0.0003 0.0278 0.9471 0.0091 
         122 16 0.0031 0.0004 0.0004 0.9955 0.0007 
         123 16 0.0588 0.0033 0.0004 0.9360 0.0015 
         124 16 0.0098 0.0004 0.0017 0.9862 0.0019 
         126 16 0.1498 0.0030 0.0024 0.8275 0.0172 
         001 17 0.0033 0.0084 0.0005 0.9856 0.0022 
         002 17 0.0109 0.0006 0.0005 0.9874 0.0006 
         003 17 0.0006 0.0010 0.0004 0.9974 0.0005 
         005 17 0.0005 0.0258 0.0004 0.9726 0.0007 
         006 17 0.0010 0.0009 0.0004 0.9470 0.0506 
         007 17 0.2138 0.0030 0.0231 0.7354 0.0247 
         008 17 0.0937 0.0008 0.0008 0.8757 0.0290 
         009 17 0.0006 0.0005 0.0004 0.9982 0.0004 
         010 17 0.0115 0.0006 0.0013 0.9856 0.0009 
         011 17 0.1160 0.0015 0.3797 0.4878 0.0151 
         012 17 0.0047 0.0007 0.0012 0.9927 0.0007 
         013 17 0.0004 0.0007 0.0003 0.9984 0.0002 
         014 17 0.0901 0.0013 0.0004 0.9080 0.0002 
         015 17 0.0799 0.0007 0.0003 0.9158 0.0033 
         016 17 0.0012 0.0005 0.0005 0.9970 0.0009 
         017 17 0.0020 0.0009 0.0009 0.9945 0.0017 
         018 17 0.0368 0.0207 0.0005 0.9375 0.0045 
         019 17 0.0503 0.0005 0.0009 0.9481 0.0002 
         020 17 0.0014 0.0003 0.0007 0.9968 0.0007 
         021 17 0.0003 0.0006 0.0008 0.9973 0.0010 
         022 17 0.0306 0.0136 0.0016 0.9426 0.0115 
         023 17 0.0152 0.0018 0.0005 0.9821 0.0005 
         024 17 0.0168 0.0011 0.0033 0.9311 0.0476 
         025 17 0.0050 0.0005 0.0004 0.9936 0.0006 
         002 18 0.0015 0.0049 0.0024 0.9907 0.0006 
         003 18 0.0015 0.0004 0.0013 0.9965 0.0003 
         004 18 0.0536 0.0029 0.0011 0.9393 0.0031 
         005 18 0.0668 0.0009 0.0266 0.9052 0.0005 
         006 18 0.0030 0.0004 0.0008 0.9955 0.0003 
         007 18 0.0062 0.0024 0.0004 0.9867 0.0044 
         008 18 0.0633 0.0003 0.0015 0.9339 0.0010 
         009 18 0.0114 0.0011 0.0019 0.9785 0.0072 
         010 18 0.0036 0.0023 0.0083 0.9835 0.0023 
         011 18 0.0014 0.0017 0.0023 0.9939 0.0007 
         012 18 0.1426 0.0006 0.0020 0.8539 0.0009 
         015 18 0.0310 0.0004 0.0022 0.9657 0.0007 
         016 18 0.0598 0.0005 0.0003 0.9358 0.0036 
         018 18 0.0038 0.0051 0.0052 0.9855 0.0004 
         026 18 0.0732 0.0025 0.0004 0.9133 0.0105 
         027 18 0.0008 0.0022 0.0012 0.9955 0.0004 
         028 18 0.1242 0.0296 0.0002 0.8455 0.0005 
         029 18 0.0023 0.0007 0.0004 0.9958 0.0008 
         031 18 0.1391 0.0358 0.0784 0.7369 0.0098 
         032 18 0.0051 0.0015 0.0003 0.9928 0.0004 
         033 18 0.0039 0.0011 0.0009 0.9936 0.0005 
         035 18 0.1301 0.0005 0.0005 0.8684 0.0005 
         036 18 0.0015 0.0009 0.0089 0.9880 0.0007 
         037 18 0.0026 0.0161 0.0078 0.9621 0.0114 
         038 18 0.0064 0.0551 0.0019 0.9147 0.0219 
         039 18 0.0028 0.0004 0.0014 0.9951 0.0003 
         044 18 0.1309 0.0012 0.0004 0.8457 0.0218 
         046 18 0.0053 0.0070 0.0293 0.9580 0.0004 
         049 18 0.0685 0.0011 0.0003 0.9297 0.0004 
         053 18 0.0874 0.0009 0.0006 0.9105 0.0006 
         054 18 0.0020 0.0011 0.0009 0.9849 0.0112 
         056 18 0.0796 0.0026 0.0013 0.9159 0.0005 
         057 18 0.0844 0.0008 0.0027 0.9095 0.0026 
         058 18 0.0020 0.0051 0.0034 0.9890 0.0006 
        001s 19 0.0624 0.0003 0.0008 0.9288 0.0077 
        002s 19 0.0937 0.0009 0.0010 0.9040 0.0004 
        003s 19 0.0287 0.0007 0.0005 0.9694 0.0007 
        004s 19 0.0035 0.0041 0.0238 0.9678 0.0008 
        005s 19 0.0099 0.0026 0.0767 0.8801 0.0307 
        006s 19 0.0016 0.0016 0.0020 0.9934 0.0013 
        007s 19 0.0708 0.0005 0.0165 0.8955 0.0167 
        008s 19 0.0403 0.0005 0.0154 0.9367 0.0071 
        009s 19 0.1247 0.0005 0.0016 0.8723 0.0008 
        010s 19 0.0028 0.0156 0.0007 0.9760 0.0050 
        011s 19 0.0059 0.0047 0.0011 0.9839 0.0043 
        012s 19 0.0193 0.0017 0.0003 0.9767 0.0020 
        013s 19 0.0771 0.0010 0.0004 0.9126 0.0089 
        014s 19 0.1713 0.0005 0.0103 0.8039 0.0140 
        015s 19 0.0023 0.0006 0.0004 0.9940 0.0028 
        016s 19 0.0341 0.0203 0.0492 0.8947 0.0017 
        017s 19 0.0976 0.0020 0.0045 0.8932 0.0027 
        018s 19 0.0020 0.0015 0.0027 0.9930 0.0009 
        019s 19 0.0742 0.0005 0.0021 0.9080 0.0153 
        020s 19 0.0662 0.0007 0.0009 0.9203 0.0120 
        021s 19 0.0677 0.0015 0.0005 0.9277 0.0026 
        022s 19 0.0149 0.0012 0.0007 0.9801 0.0031 
        023s 19 0.0014 0.0022 0.0020 0.9916 0.0027 
        024s 19 0.0008 0.0024 0.0022 0.9943 0.0003 
        025s 19 0.1633 0.0015 0.0035 0.8215 0.0103 
        026s 19 0.0034 0.0031 0.0030 0.9852 0.0053 
        027s 19 0.0538 0.0006 0.0010 0.9440 0.0005 
        028s 19 0.0038 0.0007 0.0004 0.9925 0.0026 
        029s 19 0.0133 0.0020 0.0007 0.9831 0.0009 
        030s 19 0.1278 0.0039 0.0005 0.8666 0.0012 
        031s 19 0.0061 0.0005 0.0006 0.9911 0.0017 
        032s 19 0.1162 0.0004 0.0005 0.8819 0.0011 
        033s 19 0.0011 0.0009 0.0044 0.9927 0.0010 
        034s 19 0.0310 0.0005 0.0014 0.9661 0.0009 
        035s 19 0.0151 0.0033 0.0038 0.9742 0.0036 
        036s 19 0.0409 0.0003 0.0016 0.9564 0.0008 
        037s 19 0.0785 0.0018 0.0004 0.9190 0.0003 
        038s 19 0.0026 0.0021 0.0013 0.9919 0.0021 
        039s 19 0.0375 0.0004 0.0004 0.9612 0.0005 
        040s 19 0.0017 0.0003 0.0004 0.9720 0.0255 
        041s 19 0.0035 0.0003 0.0007 0.9950 0.0005 
        042s 19 0.0035 0.0094 0.0161 0.9696 0.0013 
        043s 19 0.0626 0.0017 0.0004 0.9278 0.0074 
        044s 19 0.0105 0.0012 0.0021 0.9857 0.0006 
        045s 19 0.0021 0.0009 0.0011 0.9957 0.0003 
        046s 19 0.0044 0.0014 0.0073 0.9851 0.0017 
        047s 19 0.0361 0.0005 0.0003 0.9548 0.0083 
        048s 19 0.0776 0.0014 0.0009 0.9020 0.0181 
        049s 19 0.0060 0.0004 0.0068 0.9780 0.0088 
        050s 19 0.0068 0.0006 0.0006 0.9917 0.0003 
        051s 19 0.0581 0.0009 0.0095 0.8906 0.0409 
        052s 19 0.0089 0.0013 0.0006 0.9885 0.0006 
      LIW2-4 20 0.0035 0.0017 0.0029 0.9903 0.0015 
     LIW2-12 21 0.0281 0.0120 0.0776 0.8819 0.0004 
     LIW2-20 22 0.0053 0.0057 0.0011 0.9873 0.0006 
     LIW2-28 23 0.0455 0.0019 0.0649 0.8821 0.0057 
      LIW1-5 24 0.0012 0.0022 0.0030 0.9930 0.0006 
     LIW1-13 25 0.0527 0.0003 0.0154 0.9114 0.0202 
     LIW1-21 26 0.0457 0.0070 0.0342 0.9122 0.0008 
     LIW1-29 27 0.0187 0.0023 0.0181 0.9545 0.0063 
      LIW2-5 28 0.0014 0.0070 0.0028 0.9879 0.0008 
     LIW2-34 29 0.0058 0.0089 0.0044 0.9802 0.0007 
