        001s  1 0.0002 0.0006 0.9979 0.0009 0.0004 
        002s  1 0.0019 0.0007 0.9964 0.0003 0.0007 
        003s  1 0.0008 0.0039 0.9783 0.0154 0.0016 
        004s  1 0.0301 0.0066 0.9595 0.0004 0.0034 
        005s  1 0.2100 0.2268 0.5617 0.0002 0.0013 
        006s  1 0.0011 0.0004 0.9977 0.0005 0.0004 
        007s  1 0.0004 0.0028 0.9932 0.0007 0.0029 
        008s  1 0.0008 0.0035 0.9943 0.0008 0.0005 
        009s  1 0.0046 0.0616 0.9260 0.0024 0.0054 
        010s  1 0.0008 0.0080 0.9903 0.0006 0.0003 
        011s  1 0.0018 0.0013 0.9900 0.0041 0.0028 
        012s  1 0.0044 0.1223 0.8682 0.0045 0.0006 
        013s  1 0.0288 0.0017 0.9602 0.0008 0.0086 
        014s  1 0.0014 0.0259 0.9447 0.0240 0.0040 
        015s  1 0.0004 0.0006 0.9979 0.0006 0.0005 
        016s  1 0.0004 0.0020 0.9892 0.0011 0.0073 
        018s  1 0.0020 0.1491 0.8475 0.0007 0.0008 
        019s  1 0.0005 0.0147 0.9798 0.0042 0.0008 
        020s  1 0.0002 0.0006 0.9828 0.0090 0.0073 
        021s  1 0.0089 0.0003 0.9823 0.0007 0.0079 
        022s  1 0.0002 0.0002 0.9986 0.0004 0.0006 
        023s  1 0.0004 0.0003 0.9870 0.0012 0.0111 
        024s  1 0.0007 0.0011 0.9970 0.0005 0.0008 
        025s  1 0.0017 0.0059 0.9909 0.0004 0.0011 
        026s  1 0.0009 0.0008 0.9853 0.0044 0.0086 
        027s  1 0.0087 0.0018 0.9871 0.0003 0.0021 
        028s  1 0.0559 0.0557 0.8855 0.0022 0.0007 
        029s  1 0.0005 0.0009 0.9920 0.0058 0.0007 
        030s  1 0.0035 0.0009 0.9857 0.0092 0.0007 
        031s  1 0.0003 0.0003 0.9982 0.0004 0.0009 
        032s  1 0.0005 0.0007 0.9972 0.0011 0.0005 
        033s  1 0.0008 0.0048 0.9926 0.0008 0.0010 
        034s  1 0.0009 0.0011 0.9399 0.0044 0.0537 
        035s  1 0.0011 0.0017 0.9949 0.0013 0.0009 
        036s  1 0.0008 0.0933 0.9050 0.0003 0.0006 
        037s  1 0.0107 0.1086 0.8310 0.0013 0.0484 
        038s  1 0.0004 0.0016 0.9969 0.0005 0.0006 
        039s  1 0.0248 0.0004 0.9734 0.0011 0.0003 
        040s  1 0.0029 0.0008 0.9921 0.0007 0.0035 
        041s  1 0.0005 0.0028 0.9932 0.0008 0.0027 
        042s  1 0.0004 0.0747 0.8418 0.0011 0.0820 
        043s  1 0.0008 0.0129 0.9849 0.0011 0.0004 
        044s  1 0.0083 0.0941 0.8857 0.0042 0.0077 
        045s  1 0.0009 0.0069 0.9902 0.0012 0.0008 
        046s  1 0.0004 0.0010 0.9959 0.0020 0.0006 
        047s  1 0.0002 0.0008 0.9922 0.0015 0.0053 
        048s  1 0.0002 0.0649 0.9340 0.0003 0.0006 
        049s  1 0.0010 0.0007 0.9974 0.0005 0.0004 
        050s  1 0.0025 0.0993 0.8973 0.0003 0.0006 
        051s  1 0.0005 0.0003 0.9710 0.0275 0.0008 
        052s  1 0.0066 0.0081 0.9684 0.0152 0.0017 
        053s  1 0.0004 0.0018 0.9969 0.0003 0.0006 
        054s  1 0.0036 0.0003 0.9924 0.0024 0.0013 
        055s  1 0.0007 0.0900 0.8307 0.0021 0.0764 
          01  2 0.0018 0.1217 0.8405 0.0344 0.0015 
          02  2 0.0025 0.0150 0.9807 0.0013 0.0005 
          03  2 0.0008 0.0013 0.9963 0.0004 0.0011 
          04  2 0.0184 0.0023 0.9648 0.0007 0.0137 
          05  2 0.0002 0.1296 0.8696 0.0002 0.0004 
          06  2 0.0021 0.0351 0.9618 0.0005 0.0005 
          07  2 0.0022 0.0083 0.9878 0.0011 0.0007 
          08  2 0.0003 0.0879 0.9101 0.0010 0.0006 
          09  2 0.0003 0.0005 0.9894 0.0096 0.0003 
          10  2 0.0005 0.0010 0.9975 0.0004 0.0005 
          11  2 0.0010 0.0078 0.9800 0.0088 0.0023 
          12  2 0.0007 0.0004 0.9966 0.0017 0.0005 
          13  2 0.0004 0.0004 0.9981 0.0006 0.0005 
          14  2 0.0045 0.0004 0.9725 0.0026 0.0200 
          15  2 0.0005 0.0004 0.9972 0.0009 0.0010 
          16  2 0.0581 0.0012 0.9344 0.0036 0.0026 
          17  2 0.0009 0.0023 0.9950 0.0008 0.0010 
          18  2 0.0032 0.0160 0.9781 0.0016 0.0011 
          19  2 0.0002 0.0011 0.9925 0.0018 0.0044 
          20  2 0.0051 0.0553 0.9300 0.0014 0.0083 
          21  2 0.0005 0.0012 0.9775 0.0202 0.0006 
          22  2 0.0045 0.0020 0.9829 0.0052 0.0054 
          23  2 0.0014 0.0010 0.9945 0.0010 0.0020 
          24  2 0.0006 0.0004 0.9975 0.0009 0.0006 
          25  2 0.0268 0.0040 0.9666 0.0017 0.0009 
          26  2 0.0004 0.0007 0.9981 0.0005 0.0002 
          27  2 0.0285 0.0009 0.9666 0.0014 0.0025 
          28  2 0.0002 0.0013 0.9943 0.0009 0.0033 
          29  2 0.0006 0.0007 0.9974 0.0009 0.0004 
          30  2 0.0005 0.1582 0.7486 0.0090 0.0837 
          01  3 0.2208 0.4295 0.3400 0.0003 0.0094 
          02  3 0.4651 0.3297 0.1301 0.0730 0.0020 
          03  3 0.3148 0.3180 0.3662 0.0002 0.0009 
          04  3 0.3532 0.4641 0.1809 0.0010 0.0008 
          05  3 0.4039 0.3615 0.0003 0.1140 0.1203 
          06  3 0.5006 0.4211 0.0766 0.0002 0.0015 
          07  3 0.2503 0.3786 0.3700 0.0009 0.0002 
          08  3 0.3239 0.3751 0.2940 0.0040 0.0029 
          09  3 0.2685 0.4308 0.2976 0.0002 0.0029 
          10  3 0.4197 0.1985 0.0331 0.2183 0.1305 
          11  3 0.3064 0.4151 0.2781 0.0003 0.0002 
          12  3 0.3144 0.4204 0.2646 0.0002 0.0004 
          13  3 0.5263 0.4583 0.0028 0.0124 0.0003 
          14  3 0.4612 0.3340 0.0040 0.0435 0.1574 
          15  3 0.2761 0.3803 0.3420 0.0002 0.0014 
          16  3 0.6061 0.3065 0.0821 0.0022 0.0032 
          17  3 0.1790 0.4210 0.3992 0.0005 0.0003 
          18  3 0.3379 0.2043 0.0130 0.1651 0.2797 
          19  3 0.4667 0.3675 0.1617 0.0004 0.0037 
          20  3 0.3126 0.4556 0.1806 0.0003 0.0509 
          21  3 0.3787 0.3709 0.2460 0.0015 0.0028 
          22  3 0.2303 0.4906 0.2756 0.0004 0.0031 
          23  3 0.3602 0.4106 0.2273 0.0003 0.0016 
          24  3 0.2869 0.4924 0.0492 0.1687 0.0028 
          25  3 0.3077 0.3122 0.0004 0.2502 0.1295 
          26  3 0.3419 0.4377 0.2192 0.0005 0.0006 
          27  3 0.3721 0.2557 0.0674 0.1305 0.1742 
          28  3 0.4671 0.4460 0.0853 0.0015 0.0002 
          29  3 0.4230 0.3919 0.1766 0.0030 0.0055 
          30  3 0.2502 0.4503 0.2981 0.0012 0.0003 
         001  4 0.0001 0.9997 0.0001 0.0001 0.0001 
         002  4 0.0003 0.9993 0.0002 0.0002 0.0001 
         003  4 0.0001 0.9997 0.0001 0.0001 0.0001 
         004  4 0.0001 0.9997 0.0001 0.0001 0.0001 
         005  4 0.0001 0.9993 0.0001 0.0003 0.0001 
         006  4 0.0688 0.9304 0.0004 0.0003 0.0002 
         007  4 0.0517 0.9458 0.0017 0.0002 0.0007 
         008  4 0.0002 0.9934 0.0008 0.0022 0.0034 
         009  4 0.0001 0.9995 0.0001 0.0002 0.0001 
         010  4 0.0016 0.9982 0.0001 0.0001 0.0000 
         011  4 0.0130 0.9512 0.0007 0.0003 0.0347 
         012  4 0.0001 0.9997 0.0001 0.0001 0.0001 
         013  4 0.0001 0.9997 0.0001 0.0001 0.0000 
         014  4 0.0001 0.9995 0.0002 0.0001 0.0002 
         015  4 0.0001 0.9998 0.0001 0.0001 0.0000 
         016  4 0.0001 0.9997 0.0001 0.0001 0.0001 
         017  4 0.0001 0.9996 0.0001 0.0001 0.0001 
         019  4 0.0809 0.9181 0.0002 0.0003 0.0004 
         020  4 0.0001 0.9994 0.0001 0.0002 0.0001 
         021  4 0.0055 0.9935 0.0004 0.0003 0.0003 
         001  5 0.0003 0.9651 0.0004 0.0010 0.0333 
         002  5 0.0003 0.9598 0.0357 0.0009 0.0033 
         003  5 0.0718 0.7591 0.1648 0.0003 0.0040 
         004  5 0.0004 0.9407 0.0557 0.0002 0.0030 
         005  5 0.0006 0.9985 0.0003 0.0002 0.0005 
         006  5 0.0984 0.9005 0.0003 0.0006 0.0002 
         007  5 0.0848 0.9145 0.0003 0.0002 0.0002 
         008  5 0.0023 0.9972 0.0001 0.0002 0.0001 
         009  5 0.0014 0.9328 0.0648 0.0002 0.0007 
         010  5 0.0660 0.9301 0.0017 0.0003 0.0018 
         011  5 0.0004 0.9947 0.0014 0.0002 0.0033 
         012  5 0.0785 0.8726 0.0428 0.0011 0.0050 
         013  5 0.0488 0.7558 0.1944 0.0004 0.0005 
         014  5 0.0925 0.7074 0.1713 0.0136 0.0153 
         015  5 0.0225 0.9769 0.0002 0.0001 0.0002 
         016  5 0.0560 0.9413 0.0020 0.0004 0.0003 
         017  5 0.0807 0.8881 0.0252 0.0057 0.0003 
         018  5 0.0306 0.8806 0.0347 0.0227 0.0314 
         019  5 0.0002 0.9941 0.0003 0.0040 0.0015 
         020  5 0.0001 0.9996 0.0001 0.0001 0.0001 
         021  5 0.0004 0.8631 0.1311 0.0004 0.0050 
         022  5 0.0027 0.9313 0.0156 0.0030 0.0473 
         023  5 0.0268 0.9695 0.0014 0.0004 0.0019 
         024  5 0.0640 0.8964 0.0389 0.0002 0.0005 
         025  5 0.0705 0.8967 0.0306 0.0011 0.0011 
         026  5 0.0163 0.8442 0.1388 0.0003 0.0004 
         027  5 0.0002 0.9995 0.0001 0.0001 0.0001 
         028  5 0.0475 0.9296 0.0094 0.0006 0.0130 
         029  5 0.0013 0.9979 0.0004 0.0002 0.0001 
         030  5 0.0005 0.9943 0.0006 0.0034 0.0013 
        001s  6 0.0297 0.0007 0.9502 0.0008 0.0185 
        002s  6 0.0007 0.0381 0.9386 0.0220 0.0006 
        003s  6 0.0004 0.0136 0.9831 0.0005 0.0025 
        004s  6 0.0003 0.0004 0.9983 0.0004 0.0005 
        006s  6 0.0154 0.0613 0.9092 0.0010 0.0130 
        007s  6 0.0016 0.0004 0.9967 0.0009 0.0004 
        008s  6 0.0006 0.0029 0.9895 0.0028 0.0042 
        009s  6 0.0005 0.0002 0.9979 0.0007 0.0007 
        010s  6 0.0061 0.0106 0.9575 0.0123 0.0135 
        011s  6 0.0024 0.0004 0.9959 0.0002 0.0010 
        012s  6 0.0036 0.0005 0.9921 0.0022 0.0016 
        013s  6 0.0005 0.0013 0.9974 0.0005 0.0003 
        014s  6 0.0005 0.0847 0.9144 0.0002 0.0002 
        015s  6 0.0065 0.0091 0.9771 0.0009 0.0064 
        016s  6 0.0011 0.0004 0.9969 0.0006 0.0009 
        018s  6 0.0010 0.2683 0.7289 0.0002 0.0016 
        019s  6 0.0017 0.0102 0.9841 0.0009 0.0031 
        020s  6 0.0006 0.0003 0.9978 0.0009 0.0004 
        021s  6 0.0131 0.0018 0.9805 0.0017 0.0029 
        022s  6 0.0003 0.0010 0.9950 0.0004 0.0034 
        023s  6 0.0004 0.0335 0.9654 0.0003 0.0004 
        024s  6 0.0023 0.0302 0.9655 0.0014 0.0006 
        025s  6 0.0004 0.0011 0.9263 0.0003 0.0720 
        026s  6 0.0005 0.0004 0.9971 0.0016 0.0004 
        027s  6 0.0004 0.0009 0.9974 0.0010 0.0003 
        028s  6 0.0093 0.0081 0.9286 0.0459 0.0082 
        029s  6 0.0004 0.0003 0.9969 0.0015 0.0009 
        030s  6 0.0009 0.0710 0.9189 0.0024 0.0067 
        031s  6 0.0028 0.0017 0.9948 0.0004 0.0003 
        032s  6 0.0021 0.0065 0.9903 0.0005 0.0006 
        033s  6 0.0002 0.0923 0.9063 0.0006 0.0006 
        034s  6 0.0017 0.0014 0.9831 0.0003 0.0134 
        035s  6 0.0007 0.1500 0.8468 0.0011 0.0013 
        036s  6 0.0060 0.0006 0.9921 0.0003 0.0010 
        037s  6 0.0007 0.0008 0.9947 0.0021 0.0016 
        038s  6 0.0018 0.0004 0.9961 0.0010 0.0007 
        039s  6 0.0003 0.0002 0.9982 0.0006 0.0007 
        040s  6 0.0028 0.0003 0.9962 0.0005 0.0003 
        041s  6 0.0002 0.0512 0.9424 0.0034 0.0029 
        042s  6 0.0010 0.0075 0.9285 0.0042 0.0588 
        043s  6 0.0008 0.0006 0.9916 0.0002 0.0069 
        044s  6 0.0005 0.0008 0.9959 0.0022 0.0006 
        045s  6 0.0004 0.0043 0.9919 0.0007 0.0027 
        001s  7 0.0004 0.0017 0.9966 0.0004 0.0009 
        002s  7 0.0010 0.0210 0.9755 0.0012 0.0014 
        003s  7 0.0016 0.0018 0.9947 0.0010 0.0009 
        004s  7 0.0029 0.0006 0.9948 0.0010 0.0006 
        005s  7 0.0023 0.0102 0.9843 0.0005 0.0027 
        006s  7 0.0011 0.0576 0.9376 0.0006 0.0031 
        007s  7 0.0056 0.0057 0.9713 0.0160 0.0014 
        008s  7 0.0003 0.0254 0.9707 0.0020 0.0016 
        009s  7 0.0019 0.0025 0.9826 0.0006 0.0123 
        010s  7 0.0002 0.0014 0.9964 0.0009 0.0010 
        011s  7 0.0005 0.0006 0.9974 0.0008 0.0007 
        012s  7 0.0005 0.0007 0.9976 0.0005 0.0006 
        013s  7 0.0062 0.0004 0.9877 0.0006 0.0051 
        014s  7 0.0008 0.0344 0.9641 0.0004 0.0004 
        015s  7 0.0014 0.0133 0.9830 0.0012 0.0011 
        016s  7 0.0002 0.1170 0.8799 0.0003 0.0026 
        017s  7 0.0006 0.0012 0.9972 0.0003 0.0006 
        018s  7 0.0006 0.0026 0.9929 0.0033 0.0006 
        019s  7 0.0015 0.0016 0.9833 0.0027 0.0109 
        020s  7 0.0013 0.0004 0.9976 0.0003 0.0004 
        021s  7 0.0004 0.0019 0.9956 0.0012 0.0009 
        022s  7 0.0023 0.0016 0.9952 0.0002 0.0007 
        023s  7 0.0011 0.0071 0.9728 0.0010 0.0180 
        024s  7 0.0005 0.0011 0.9960 0.0018 0.0006 
        025s  7 0.0054 0.0008 0.9919 0.0011 0.0007 
        026s  7 0.0002 0.0020 0.9957 0.0011 0.0009 
        027s  7 0.0006 0.0013 0.9962 0.0013 0.0006 
        028s  7 0.0008 0.0057 0.9928 0.0002 0.0005 
        029s  7 0.0009 0.0085 0.9877 0.0006 0.0023 
        030s  7 0.0005 0.0003 0.9902 0.0049 0.0041 
        031s  7 0.0009 0.0019 0.9830 0.0005 0.0138 
        032s  7 0.0003 0.1007 0.8962 0.0023 0.0004 
        033s  7 0.0008 0.0379 0.9557 0.0028 0.0028 
        034s  7 0.0453 0.0008 0.9523 0.0011 0.0005 
        035s  7 0.0003 0.0003 0.9978 0.0005 0.0012 
        036s  7 0.0029 0.0004 0.9867 0.0008 0.0091 
        037s  7 0.0051 0.0649 0.9264 0.0007 0.0029 
        038s  7 0.0005 0.0113 0.9855 0.0008 0.0019 
        039s  7 0.0003 0.0004 0.9986 0.0003 0.0004 
        040s  7 0.0285 0.0174 0.9529 0.0004 0.0008 
        041s  7 0.0007 0.0297 0.9656 0.0023 0.0018 
        042s  7 0.0006 0.0065 0.9924 0.0002 0.0003 
        043s  7 0.0002 0.0010 0.9954 0.0004 0.0030 
        044s  7 0.0153 0.0549 0.9043 0.0016 0.0237 
         003  8 0.0009 0.0037 0.9802 0.0144 0.0008 
         009  8 0.0006 0.0010 0.9967 0.0004 0.0012 
         010  8 0.0002 0.0004 0.9967 0.0004 0.0023 
         017  8 0.0005 0.0006 0.9940 0.0012 0.0037 
         002  9 0.0008 0.0003 0.9974 0.0005 0.0010 
         003  9 0.0003 0.0002 0.9989 0.0002 0.0005 
         004  9 0.0002 0.0003 0.9981 0.0003 0.0011 
         005  9 0.0010 0.0004 0.9944 0.0009 0.0034 
         006  9 0.0007 0.0008 0.9965 0.0006 0.0014 
         007  9 0.0003 0.0031 0.9946 0.0010 0.0010 
         009  9 0.0002 0.0014 0.9954 0.0013 0.0017 
         010  9 0.0004 0.0002 0.9965 0.0015 0.0014 
         013  9 0.0007 0.0009 0.9966 0.0003 0.0015 
         014  9 0.0002 0.0004 0.9926 0.0045 0.0022 
         016  9 0.0002 0.0002 0.9978 0.0011 0.0007 
         018  9 0.0008 0.0005 0.9921 0.0048 0.0017 
         019  9 0.0006 0.0007 0.9934 0.0048 0.0006 
         020  9 0.0003 0.0004 0.9985 0.0004 0.0004 
         021  9 0.0002 0.0004 0.9985 0.0003 0.0006 
         022  9 0.0004 0.0002 0.9978 0.0011 0.0005 
         024  9 0.0004 0.0004 0.9940 0.0022 0.0030 
         028  9 0.0007 0.0005 0.9971 0.0005 0.0013 
         029  9 0.0003 0.0002 0.9978 0.0011 0.0006 
         030  9 0.0003 0.0004 0.9975 0.0010 0.0008 
         031  9 0.0003 0.0016 0.9965 0.0011 0.0005 
         033  9 0.0004 0.0038 0.9942 0.0006 0.0011 
         001 10 0.0005 0.0004 0.9976 0.0013 0.0003 
         002 10 0.0002 0.0003 0.9969 0.0018 0.0007 
         003 10 0.0006 0.0003 0.9858 0.0006 0.0128 
         004 10 0.0003 0.0005 0.9964 0.0005 0.0023 
         005 10 0.0004 0.0004 0.9970 0.0013 0.0009 
         006 10 0.0003 0.0010 0.9978 0.0004 0.0005 
         007 10 0.0004 0.0004 0.9970 0.0003 0.0019 
         008 10 0.0006 0.0007 0.9946 0.0006 0.0035 
         009 10 0.0010 0.0004 0.9936 0.0046 0.0004 
         010 10 0.0003 0.0005 0.9954 0.0030 0.0008 
         011 10 0.0011 0.0006 0.9589 0.0003 0.0391 
         012 10 0.0012 0.0005 0.9952 0.0003 0.0028 
         013 10 0.0018 0.0003 0.9967 0.0006 0.0006 
         014 10 0.0007 0.0004 0.9975 0.0006 0.0008 
         016 10 0.0008 0.0006 0.9963 0.0015 0.0008 
         017 10 0.0009 0.0005 0.9969 0.0009 0.0008 
         018 10 0.0005 0.0058 0.9912 0.0019 0.0007 
         019 10 0.0004 0.0006 0.9945 0.0035 0.0010 
         020 10 0.0008 0.0012 0.9901 0.0062 0.0017 
         021 10 0.0003 0.0009 0.9960 0.0025 0.0003 
         022 10 0.0005 0.0003 0.9983 0.0003 0.0006 
         023 10 0.0007 0.0003 0.9980 0.0003 0.0008 
         024 10 0.0002 0.0003 0.9959 0.0014 0.0022 
         026 10 0.0004 0.0004 0.9982 0.0005 0.0005 
        001s 11 0.0006 0.0900 0.8972 0.0008 0.0115 
        002s 11 0.0066 0.0005 0.9886 0.0032 0.0011 
        003s 11 0.0004 0.0047 0.9933 0.0011 0.0004 
        004s 11 0.0013 0.0003 0.9971 0.0002 0.0011 
        005s 11 0.0006 0.0015 0.9929 0.0046 0.0004 
        006s 11 0.0093 0.0011 0.9852 0.0021 0.0024 
        007s 11 0.0369 0.0075 0.9531 0.0013 0.0012 
        008s 11 0.0004 0.0004 0.9981 0.0006 0.0004 
        009s 11 0.0003 0.0004 0.9845 0.0143 0.0005 
        010s 11 0.0004 0.0011 0.9972 0.0005 0.0008 
        011s 11 0.0032 0.1100 0.8757 0.0003 0.0107 
        012s 11 0.0002 0.1102 0.8886 0.0007 0.0003 
        013s 11 0.0004 0.0009 0.9976 0.0003 0.0008 
        014s 11 0.0051 0.0056 0.9873 0.0012 0.0009 
        015s 11 0.0016 0.0021 0.9901 0.0019 0.0044 
        016s 11 0.0003 0.0444 0.8933 0.0057 0.0564 
        017s 11 0.0003 0.0901 0.9079 0.0006 0.0012 
        018s 11 0.0009 0.0046 0.9925 0.0014 0.0006 
        019s 11 0.0010 0.0005 0.9751 0.0003 0.0231 
        020s 11 0.0009 0.0012 0.9949 0.0018 0.0011 
        021s 11 0.0005 0.0004 0.9975 0.0005 0.0012 
        022s 11 0.0319 0.0012 0.9657 0.0007 0.0005 
        023s 11 0.0003 0.0519 0.9371 0.0004 0.0103 
        025s 11 0.0003 0.0003 0.9982 0.0002 0.0009 
        026s 11 0.0006 0.0322 0.9104 0.0007 0.0561 
        027s 11 0.0022 0.0009 0.9960 0.0004 0.0006 
        028s 11 0.0007 0.0046 0.9930 0.0003 0.0013 
        029s 11 0.0003 0.0568 0.9417 0.0010 0.0003 
        030s 11 0.0011 0.0487 0.9481 0.0010 0.0011 
        031s 11 0.0012 0.0003 0.9975 0.0007 0.0003 
        032s 11 0.0004 0.0009 0.9955 0.0004 0.0027 
        033s 11 0.0005 0.0044 0.9925 0.0018 0.0008 
        034s 11 0.0021 0.0009 0.9964 0.0003 0.0003 
        035s 11 0.0013 0.0027 0.9944 0.0013 0.0004 
        036s 11 0.0017 0.0175 0.9791 0.0012 0.0005 
        037s 11 0.0003 0.0024 0.9947 0.0011 0.0015 
        038s 11 0.0007 0.0019 0.9962 0.0006 0.0006 
        039s 11 0.0003 0.0015 0.9967 0.0005 0.0010 
        040s 11 0.0036 0.0721 0.9230 0.0007 0.0007 
        041s 11 0.0011 0.0006 0.9733 0.0222 0.0028 
        042s 11 0.0006 0.0007 0.9904 0.0007 0.0076 
        043s 11 0.0007 0.0361 0.9442 0.0004 0.0186 
        044s 11 0.0054 0.0005 0.9883 0.0010 0.0047 
        045s 11 0.0022 0.0004 0.9858 0.0004 0.0112 
        046s 11 0.0010 0.0215 0.9490 0.0005 0.0280 
        047s 11 0.0010 0.0005 0.9969 0.0006 0.0010 
        048s 11 0.0018 0.0037 0.9566 0.0020 0.0360 
        049s 11 0.0004 0.0009 0.9962 0.0012 0.0013 
        050s 11 0.0015 0.0004 0.9966 0.0004 0.0012 
        051s 11 0.0172 0.0004 0.9321 0.0003 0.0500 
        052s 11 0.0023 0.0018 0.9930 0.0010 0.0019 
        053s 11 0.0003 0.0003 0.9973 0.0013 0.0008 
        054s 11 0.0055 0.0005 0.9929 0.0004 0.0006 
        055s 11 0.0005 0.0676 0.9313 0.0002 0.0004 
        001s 12 0.0032 0.0015 0.9935 0.0009 0.0009 
        002s 12 0.0004 0.0009 0.9957 0.0018 0.0011 
        003s 12 0.0006 0.0004 0.9980 0.0006 0.0004 
        004s 12 0.0005 0.0520 0.9386 0.0025 0.0064 
        005s 12 0.0005 0.0005 0.9976 0.0007 0.0008 
        006s 12 0.0029 0.0327 0.9624 0.0006 0.0014 
        007s 12 0.0014 0.0012 0.9926 0.0032 0.0017 
        008s 12 0.0010 0.0086 0.9894 0.0006 0.0005 
        009s 12 0.0009 0.0185 0.9546 0.0219 0.0041 
        010s 12 0.0340 0.0052 0.9592 0.0011 0.0005 
        011s 12 0.0021 0.0014 0.9948 0.0010 0.0007 
        012s 12 0.0055 0.0010 0.9898 0.0005 0.0032 
        013s 12 0.0003 0.0006 0.9620 0.0008 0.0363 
        014s 12 0.0372 0.0026 0.9115 0.0038 0.0449 
        015s 12 0.0007 0.0038 0.9929 0.0017 0.0009 
        016s 12 0.0005 0.0006 0.9944 0.0004 0.0041 
        017s 12 0.0007 0.0033 0.9948 0.0003 0.0009 
        018s 12 0.0002 0.0024 0.9927 0.0031 0.0016 
        019s 12 0.0004 0.0044 0.9919 0.0027 0.0005 
        020s 12 0.0004 0.0826 0.9162 0.0003 0.0006 
        021s 12 0.0004 0.0029 0.9944 0.0004 0.0018 
        022s 12 0.0013 0.0455 0.9451 0.0036 0.0046 
        023s 12 0.0004 0.0005 0.9974 0.0007 0.0010 
        024s 12 0.0003 0.0007 0.9982 0.0004 0.0005 
        025s 12 0.0028 0.0030 0.9882 0.0046 0.0014 
        026s 12 0.0006 0.0268 0.9539 0.0184 0.0004 
        027s 12 0.0008 0.0025 0.9959 0.0003 0.0004 
        028s 12 0.0003 0.0016 0.9848 0.0105 0.0028 
        029s 12 0.0005 0.0006 0.9976 0.0004 0.0009 
        030s 12 0.0010 0.0010 0.9971 0.0004 0.0004 
        031s 12 0.0007 0.0036 0.9933 0.0009 0.0015 
        032s 12 0.0003 0.0004 0.9927 0.0060 0.0006 
        033s 12 0.0060 0.0011 0.9920 0.0004 0.0005 
        034s 12 0.0004 0.0004 0.9983 0.0006 0.0003 
        035s 12 0.0007 0.0154 0.9829 0.0004 0.0005 
        036s 12 0.0062 0.0032 0.9873 0.0025 0.0007 
        037s 12 0.0003 0.0009 0.9970 0.0011 0.0008 
        001s 13 0.0005 0.0093 0.9868 0.0008 0.0026 
        002s 13 0.0005 0.0904 0.9083 0.0002 0.0005 
        003s 13 0.0004 0.0009 0.9964 0.0011 0.0012 
        004s 13 0.0004 0.0005 0.9852 0.0118 0.0021 
        005s 13 0.0048 0.0023 0.9883 0.0027 0.0019 
        006s 13 0.0016 0.0006 0.9966 0.0007 0.0005 
        007s 13 0.0330 0.0010 0.9645 0.0005 0.0010 
        008s 13 0.0008 0.0580 0.9391 0.0015 0.0005 
        009s 13 0.0014 0.1290 0.8600 0.0082 0.0014 
        010s 13 0.0010 0.0704 0.9271 0.0009 0.0006 
        011s 13 0.0229 0.0064 0.9597 0.0074 0.0035 
        012s 13 0.0018 0.0529 0.9225 0.0037 0.0191 
        013s 13 0.0117 0.0204 0.9611 0.0007 0.0062 
        014s 13 0.0349 0.0004 0.9597 0.0008 0.0043 
        015s 13 0.0006 0.0047 0.9752 0.0117 0.0078 
        016s 13 0.0003 0.0003 0.9976 0.0005 0.0012 
        017s 13 0.0118 0.0153 0.9683 0.0040 0.0006 
        018s 13 0.0003 0.0005 0.9981 0.0006 0.0005 
        019s 13 0.0016 0.0005 0.9968 0.0004 0.0007 
        020s 13 0.0033 0.0012 0.9936 0.0016 0.0003 
        021s 13 0.0003 0.0007 0.9973 0.0006 0.0011 
        022s 13 0.0005 0.0011 0.9973 0.0003 0.0007 
        023s 13 0.0003 0.0012 0.9976 0.0006 0.0003 
        024s 13 0.0035 0.0179 0.9398 0.0009 0.0378 
        025s 13 0.0005 0.0009 0.9961 0.0006 0.0019 
        026s 13 0.0060 0.0894 0.8992 0.0004 0.0049 
        027s 13 0.0011 0.0489 0.9441 0.0047 0.0012 
        028s 13 0.0090 0.0076 0.9718 0.0083 0.0032 
        029s 13 0.0008 0.0205 0.9772 0.0005 0.0010 
        030s 13 0.0004 0.0739 0.8991 0.0004 0.0262 
        031s 13 0.0020 0.0031 0.8910 0.0014 0.1025 
        032s 13 0.0016 0.0006 0.9970 0.0004 0.0004 
        033s 13 0.0363 0.0036 0.9589 0.0006 0.0006 
        034s 13 0.0025 0.0486 0.9466 0.0017 0.0006 
        035s 13 0.0006 0.0007 0.9933 0.0016 0.0038 
        036s 13 0.0006 0.0025 0.9960 0.0004 0.0005 
        037s 13 0.0005 0.0003 0.9969 0.0005 0.0019 
        038s 13 0.0013 0.0014 0.9956 0.0009 0.0008 
        039s 13 0.0008 0.1017 0.8215 0.0007 0.0753 
        040s 13 0.0007 0.0011 0.9967 0.0004 0.0011 
        041s 13 0.0020 0.0566 0.9392 0.0005 0.0017 
        042s 13 0.0010 0.0004 0.9970 0.0006 0.0009 
        001s 14 0.0009 0.0297 0.9671 0.0014 0.0009 
        002s 14 0.0029 0.0639 0.9282 0.0038 0.0012 
        003s 14 0.0004 0.0007 0.9976 0.0005 0.0007 
        004s 14 0.0066 0.0097 0.9785 0.0007 0.0046 
        005s 14 0.0002 0.0003 0.9984 0.0005 0.0006 
        006s 14 0.0005 0.0003 0.9986 0.0003 0.0003 
        007s 14 0.0007 0.0005 0.9972 0.0004 0.0013 
        008s 14 0.0016 0.0979 0.8856 0.0132 0.0017 
        009s 14 0.0005 0.0022 0.9899 0.0064 0.0010 
        010s 14 0.0003 0.0582 0.9267 0.0135 0.0013 
        011s 14 0.0299 0.0061 0.9625 0.0004 0.0012 
        012s 14 0.0014 0.0007 0.9946 0.0016 0.0017 
        013s 14 0.0024 0.0007 0.9908 0.0008 0.0053 
        014s 14 0.0006 0.0360 0.9556 0.0072 0.0006 
        015s 14 0.0005 0.0010 0.9874 0.0088 0.0023 
        016s 14 0.0002 0.0014 0.9873 0.0006 0.0105 
        017s 14 0.0143 0.0563 0.9282 0.0008 0.0004 
        018s 14 0.0004 0.0007 0.9967 0.0010 0.0012 
        019s 14 0.0016 0.0012 0.9961 0.0004 0.0006 
        020s 14 0.0003 0.0009 0.9896 0.0081 0.0010 
        021s 14 0.0002 0.0059 0.9852 0.0081 0.0006 
        022s 14 0.0028 0.0048 0.9894 0.0017 0.0014 
        023s 14 0.0009 0.0033 0.9907 0.0025 0.0027 
        024s 14 0.0011 0.0584 0.9362 0.0024 0.0018 
        025s 14 0.0003 0.0618 0.9373 0.0003 0.0003 
        026s 14 0.0002 0.0006 0.9961 0.0019 0.0011 
        027s 14 0.0006 0.0025 0.9941 0.0004 0.0024 
        028s 14 0.0014 0.0006 0.9951 0.0023 0.0006 
        029s 14 0.0003 0.0003 0.9979 0.0004 0.0010 
        030s 14 0.0121 0.0008 0.9861 0.0006 0.0004 
        031s 14 0.0171 0.0004 0.9806 0.0005 0.0014 
        032s 14 0.0008 0.0013 0.9958 0.0004 0.0017 
        033s 14 0.0483 0.0008 0.9498 0.0006 0.0005 
        034s 14 0.0003 0.0003 0.9981 0.0006 0.0006 
        035s 14 0.0825 0.0787 0.8373 0.0004 0.0011 
        036s 14 0.0349 0.0755 0.8819 0.0018 0.0059 
        037s 14 0.0004 0.0009 0.9954 0.0010 0.0023 
        038s 14 0.0007 0.0008 0.9975 0.0004 0.0006 
        039s 14 0.0014 0.0024 0.9877 0.0033 0.0052 
        040s 14 0.0006 0.0120 0.9859 0.0004 0.0011 
        041s 14 0.0009 0.0008 0.9971 0.0005 0.0007 
        042s 14 0.0005 0.0756 0.9216 0.0013 0.0010 
        001s 15 0.0004 0.0010 0.9969 0.0006 0.0010 
        002s 15 0.0021 0.0938 0.8819 0.0081 0.0142 
        003s 15 0.0006 0.0106 0.9807 0.0005 0.0076 
        004s 15 0.0004 0.0006 0.9921 0.0066 0.0003 
        005s 15 0.0019 0.0133 0.9779 0.0013 0.0056 
        006s 15 0.0012 0.0124 0.9848 0.0008 0.0009 
        007s 15 0.0003 0.0005 0.9977 0.0011 0.0005 
        008s 15 0.0003 0.0004 0.9982 0.0006 0.0005 
        009s 15 0.0032 0.0236 0.9337 0.0008 0.0388 
        010s 15 0.0005 0.0008 0.9971 0.0003 0.0012 
        011s 15 0.0633 0.0006 0.9346 0.0005 0.0010 
        012s 15 0.0012 0.0037 0.9919 0.0013 0.0020 
        013s 15 0.0003 0.0009 0.9940 0.0036 0.0012 
        014s 15 0.0008 0.0019 0.9879 0.0045 0.0050 
        015s 15 0.0042 0.0786 0.9124 0.0007 0.0042 
        016s 15 0.0648 0.0056 0.8966 0.0326 0.0004 
        017s 15 0.0008 0.0015 0.9782 0.0176 0.0019 
        018s 15 0.0001 0.0031 0.9949 0.0014 0.0005 
        019s 15 0.0005 0.0076 0.9859 0.0006 0.0055 
        020s 15 0.0005 0.0005 0.9981 0.0004 0.0005 
        021s 15 0.0013 0.0779 0.9149 0.0014 0.0046 
        022s 15 0.0017 0.0008 0.9964 0.0006 0.0005 
        023s 15 0.0024 0.0290 0.9671 0.0005 0.0010 
        024s 15 0.0019 0.0012 0.9955 0.0005 0.0008 
        025s 15 0.0011 0.0058 0.9603 0.0013 0.0315 
        026s 15 0.0007 0.0009 0.9687 0.0030 0.0267 
        027s 15 0.0061 0.0033 0.9752 0.0147 0.0008 
        028s 15 0.0013 0.0004 0.9950 0.0021 0.0013 
        029s 15 0.0009 0.0007 0.9957 0.0015 0.0012 
        030s 15 0.0003 0.0003 0.9974 0.0014 0.0005 
        031s 15 0.0010 0.0677 0.9244 0.0014 0.0056 
        032s 15 0.0002 0.0006 0.9966 0.0007 0.0019 
        033s 15 0.0010 0.0616 0.9359 0.0013 0.0003 
        035s 15 0.0028 0.0019 0.9930 0.0016 0.0007 
        036s 15 0.0015 0.0011 0.9920 0.0003 0.0051 
        037s 15 0.0073 0.0008 0.9906 0.0004 0.0009 
        038s 15 0.0008 0.0031 0.9950 0.0007 0.0003 
        039s 15 0.0003 0.0801 0.9189 0.0003 0.0004 
        040s 15 0.0017 0.0036 0.9906 0.0034 0.0007 
        041s 15 0.0052 0.0689 0.9229 0.0006 0.0024 
        042s 15 0.0003 0.0048 0.9907 0.0034 0.0008 
        043s 15 0.0010 0.0092 0.9880 0.0003 0.0014 
        044s 15 0.0008 0.0050 0.9926 0.0009 0.0007 
        045s 15 0.0379 0.0041 0.8778 0.0019 0.0783 
        046s 15 0.0045 0.0160 0.9782 0.0005 0.0008 
        047s 15 0.0015 0.0235 0.9742 0.0004 0.0004 
        048s 15 0.0005 0.0004 0.9825 0.0009 0.0157 
        049s 15 0.0015 0.0144 0.9833 0.0003 0.0005 
        050s 15 0.0008 0.1337 0.8552 0.0094 0.0009 
         001 16 0.0145 0.1681 0.8137 0.0029 0.0008 
         002 16 0.0008 0.0442 0.9543 0.0003 0.0004 
         003 16 0.0053 0.0031 0.9874 0.0027 0.0015 
         004 16 0.0008 0.0008 0.9968 0.0005 0.0012 
         005 16 0.0038 0.0522 0.9135 0.0012 0.0294 
         006 16 0.0014 0.0115 0.9722 0.0008 0.0141 
         007 16 0.0007 0.0043 0.9926 0.0009 0.0015 
         008 16 0.0033 0.1447 0.8495 0.0018 0.0007 
         009 16 0.0004 0.0021 0.9962 0.0010 0.0004 
         010 16 0.0005 0.0240 0.9739 0.0006 0.0010 
         011 16 0.0010 0.0068 0.9900 0.0005 0.0017 
         012 16 0.0022 0.0006 0.9953 0.0008 0.0011 
         013 16 0.0010 0.0005 0.9973 0.0006 0.0005 
         014 16 0.0009 0.0353 0.9627 0.0008 0.0002 
         015 16 0.0027 0.0003 0.6253 0.0015 0.3702 
         016 16 0.0003 0.0014 0.9809 0.0039 0.0134 
         017 16 0.0070 0.0056 0.9855 0.0009 0.0010 
         018 16 0.0025 0.0292 0.9287 0.0062 0.0334 
         019 16 0.0067 0.0640 0.9279 0.0009 0.0005 
         020 16 0.0006 0.0003 0.9975 0.0009 0.0006 
         021 16 0.0352 0.0953 0.8655 0.0035 0.0005 
         022 16 0.0002 0.0321 0.9646 0.0007 0.0024 
         023 16 0.0003 0.0301 0.9641 0.0005 0.0051 
         024 16 0.0003 0.0069 0.9679 0.0010 0.0239 
         025 16 0.0122 0.0517 0.9319 0.0009 0.0033 
         026 16 0.0006 0.1076 0.8898 0.0003 0.0016 
         027 16 0.0005 0.0121 0.9769 0.0093 0.0011 
         028 16 0.0263 0.1471 0.8128 0.0135 0.0003 
         029 16 0.0390 0.0012 0.9577 0.0013 0.0008 
         030 16 0.0046 0.0011 0.9937 0.0003 0.0003 
         031 16 0.0007 0.0013 0.9815 0.0159 0.0006 
         032 16 0.0009 0.0881 0.9053 0.0004 0.0054 
         033 16 0.0008 0.0004 0.9982 0.0002 0.0003 
         034 16 0.0028 0.0029 0.9928 0.0004 0.0012 
         035 16 0.0007 0.0002 0.9984 0.0005 0.0002 
         036 16 0.0004 0.0004 0.9951 0.0021 0.0020 
         037 16 0.0150 0.0199 0.9612 0.0006 0.0033 
         038 16 0.0007 0.0022 0.9883 0.0015 0.0074 
         039 16 0.0003 0.0026 0.9958 0.0007 0.0006 
         040 16 0.0016 0.0007 0.9957 0.0005 0.0014 
         041 16 0.0006 0.0007 0.9971 0.0003 0.0012 
         042 16 0.0006 0.0009 0.9962 0.0015 0.0008 
         043 16 0.0005 0.0010 0.9965 0.0010 0.0010 
         044 16 0.0008 0.0073 0.9889 0.0016 0.0014 
         045 16 0.0059 0.0022 0.9895 0.0022 0.0002 
         047 16 0.0373 0.0026 0.9564 0.0028 0.0008 
         048 16 0.0042 0.0015 0.9929 0.0007 0.0007 
         049 16 0.0024 0.0005 0.9935 0.0005 0.0031 
         050 16 0.0006 0.0004 0.9982 0.0004 0.0003 
         051 16 0.0018 0.0011 0.9952 0.0014 0.0006 
         052 16 0.0004 0.0002 0.9984 0.0005 0.0006 
         053 16 0.0005 0.0003 0.9979 0.0008 0.0005 
         054 16 0.0007 0.0684 0.9294 0.0008 0.0007 
         055 16 0.0562 0.0057 0.9371 0.0005 0.0005 
         056 16 0.0003 0.0016 0.9894 0.0005 0.0082 
         057 16 0.0005 0.0909 0.9080 0.0004 0.0002 
         058 16 0.0081 0.0934 0.8830 0.0002 0.0153 
         059 16 0.0075 0.0859 0.8135 0.0052 0.0880 
         060 16 0.0006 0.0022 0.9869 0.0015 0.0087 
         061 16 0.0010 0.0019 0.9946 0.0007 0.0018 
         062 16 0.0055 0.0008 0.9920 0.0013 0.0004 
         063 16 0.0004 0.0031 0.9953 0.0004 0.0007 
         064 16 0.0006 0.0003 0.9968 0.0004 0.0018 
         065 16 0.0021 0.0013 0.9929 0.0014 0.0023 
         066 16 0.0004 0.0005 0.9976 0.0011 0.0004 
         067 16 0.0025 0.0013 0.9175 0.0008 0.0779 
         068 16 0.0011 0.0050 0.9642 0.0008 0.0288 
         069 16 0.0006 0.0006 0.9936 0.0048 0.0004 
         070 16 0.0007 0.0047 0.9915 0.0024 0.0006 
         071 16 0.0095 0.0776 0.9120 0.0005 0.0004 
         072 16 0.0008 0.0060 0.9913 0.0007 0.0011 
         073 16 0.0024 0.0013 0.9950 0.0008 0.0004 
         074 16 0.0005 0.0004 0.9984 0.0005 0.0002 
         075 16 0.0039 0.0239 0.9709 0.0006 0.0007 
         076 16 0.0007 0.0010 0.9972 0.0007 0.0004 
         077 16 0.0065 0.0128 0.8934 0.0299 0.0574 
         078 16 0.0003 0.0384 0.9590 0.0007 0.0017 
         079 16 0.0027 0.0886 0.9056 0.0018 0.0012 
         080 16 0.0002 0.0055 0.9927 0.0005 0.0011 
         081 16 0.0367 0.0062 0.9560 0.0007 0.0005 
         082 16 0.0112 0.0124 0.9756 0.0005 0.0004 
         083 16 0.0009 0.0005 0.9962 0.0006 0.0017 
         084 16 0.0017 0.0016 0.9930 0.0023 0.0014 
         085 16 0.0004 0.0011 0.9878 0.0016 0.0091 
         086 16 0.0043 0.1079 0.8870 0.0005 0.0003 
         087 16 0.0017 0.0174 0.9792 0.0013 0.0003 
         088 16 0.0002 0.0008 0.9958 0.0005 0.0027 
         089 16 0.0069 0.0010 0.9901 0.0011 0.0010 
         090 16 0.0005 0.0071 0.9900 0.0019 0.0004 
         091 16 0.0017 0.0006 0.9963 0.0007 0.0007 
         092 16 0.0008 0.0400 0.9580 0.0006 0.0005 
         093 16 0.0005 0.0012 0.9962 0.0018 0.0003 
         094 16 0.0008 0.0060 0.9479 0.0054 0.0399 
         095 16 0.0002 0.0006 0.9976 0.0011 0.0004 
         096 16 0.0262 0.0013 0.9694 0.0005 0.0025 
         097 16 0.0868 0.0096 0.8920 0.0032 0.0084 
         098 16 0.0006 0.0008 0.9873 0.0077 0.0036 
         099 16 0.0004 0.0004 0.9925 0.0009 0.0058 
         100 16 0.0003 0.0010 0.9966 0.0007 0.0014 
         101 16 0.0004 0.0380 0.9579 0.0006 0.0031 
         102 16 0.0012 0.0012 0.9955 0.0005 0.0016 
         103 16 0.0021 0.0015 0.9906 0.0034 0.0024 
         104 16 0.0007 0.0035 0.9929 0.0005 0.0024 
         105 16 0.0196 0.0803 0.8899 0.0050 0.0053 
         106 16 0.0004 0.0018 0.9948 0.0004 0.0026 
         107 16 0.0002 0.0122 0.9339 0.0475 0.0062 
         108 16 0.0011 0.1221 0.6437 0.0681 0.1650 
         109 16 0.0036 0.0140 0.9813 0.0004 0.0006 
         110 16 0.0006 0.0003 0.9974 0.0004 0.0012 
         111 16 0.0005 0.0599 0.9380 0.0008 0.0008 
         112 16 0.0007 0.0470 0.9504 0.0005 0.0013 
         113 16 0.0041 0.0528 0.9413 0.0008 0.0010 
         114 16 0.0006 0.0129 0.9801 0.0048 0.0016 
         115 16 0.0009 0.0003 0.9976 0.0004 0.0009 
         116 16 0.0006 0.0136 0.9844 0.0004 0.0010 
         117 16 0.0033 0.0085 0.9840 0.0036 0.0006 
         118 16 0.0003 0.0049 0.9839 0.0008 0.0100 
         119 16 0.0008 0.0020 0.9942 0.0017 0.0013 
         120 16 0.0170 0.0003 0.9812 0.0010 0.0004 
         121 16 0.0086 0.0005 0.9572 0.0003 0.0334 
         122 16 0.0006 0.0002 0.9983 0.0003 0.0005 
         123 16 0.0010 0.0035 0.9921 0.0030 0.0004 
         124 16 0.0007 0.0117 0.9860 0.0003 0.0012 
         126 16 0.0008 0.1633 0.8325 0.0021 0.0013 
         001 17 0.0020 0.0008 0.9866 0.0101 0.0005 
         002 17 0.0005 0.0029 0.9957 0.0004 0.0005 
         003 17 0.0005 0.0005 0.9977 0.0010 0.0004 
         005 17 0.0005 0.0003 0.9742 0.0247 0.0004 
         006 17 0.0506 0.0016 0.9467 0.0009 0.0002 
         007 17 0.0125 0.1189 0.8373 0.0040 0.0273 
         008 17 0.0121 0.1063 0.8801 0.0006 0.0010 
         009 17 0.0005 0.0002 0.9984 0.0005 0.0005 
         010 17 0.0009 0.0005 0.9968 0.0006 0.0012 
         011 17 0.0011 0.1371 0.4803 0.0019 0.3796 
         012 17 0.0004 0.0042 0.9932 0.0006 0.0016 
         013 17 0.0003 0.0002 0.9982 0.0009 0.0003 
         014 17 0.0004 0.0005 0.9977 0.0011 0.0003 
         015 17 0.0050 0.0014 0.9928 0.0005 0.0004 
         016 17 0.0006 0.0009 0.9975 0.0005 0.0004 
         017 17 0.0024 0.0015 0.9944 0.0009 0.0009 
         018 17 0.0021 0.0327 0.9385 0.0263 0.0004 
         019 17 0.0002 0.0005 0.9978 0.0007 0.0007 
         020 17 0.0008 0.0009 0.9970 0.0003 0.0009 
         021 17 0.0007 0.0002 0.9975 0.0004 0.0011 
         022 17 0.0064 0.0321 0.9501 0.0101 0.0013 
         023 17 0.0002 0.0092 0.9873 0.0028 0.0005 
         024 17 0.0426 0.0137 0.9380 0.0018 0.0039 
         025 17 0.0005 0.0005 0.9983 0.0003 0.0003 
         002 18 0.0009 0.0002 0.9921 0.0048 0.0020 
         003 18 0.0003 0.0003 0.9983 0.0003 0.0009 
         004 18 0.0003 0.0585 0.9370 0.0034 0.0008 
         005 18 0.0005 0.0043 0.9595 0.0007 0.0351 
         006 18 0.0002 0.0006 0.9981 0.0004 0.0007 
         007 18 0.0041 0.0015 0.9912 0.0028 0.0004 
         008 18 0.0010 0.0003 0.9965 0.0003 0.0019 
         009 18 0.0047 0.0098 0.9816 0.0011 0.0028 
         010 18 0.0020 0.0005 0.9866 0.0026 0.0083 
         011 18 0.0005 0.0006 0.9955 0.0015 0.0018 
         012 18 0.0007 0.0181 0.9780 0.0006 0.0026 
         015 18 0.0006 0.0013 0.9963 0.0003 0.0015 
         016 18 0.0034 0.0023 0.9935 0.0005 0.0003 
         018 18 0.0004 0.0004 0.9901 0.0051 0.0040 
         026 18 0.0107 0.0006 0.9855 0.0025 0.0008 
         027 18 0.0005 0.0003 0.9959 0.0021 0.0013 
         028 18 0.0007 0.0013 0.9674 0.0303 0.0002 
         029 18 0.0005 0.0009 0.9976 0.0006 0.0004 
         031 18 0.0053 0.0695 0.8156 0.0326 0.0770 
         032 18 0.0005 0.0003 0.9976 0.0013 0.0003 
         033 18 0.0003 0.0009 0.9967 0.0012 0.0009 
         035 18 0.0005 0.0011 0.9977 0.0003 0.0004 
         036 18 0.0006 0.0005 0.9881 0.0008 0.0100 
         037 18 0.0147 0.0008 0.9545 0.0169 0.0131 
         038 18 0.0250 0.0019 0.9189 0.0521 0.0020 
         039 18 0.0004 0.0003 0.9973 0.0004 0.0016 
         044 18 0.0062 0.1180 0.8741 0.0013 0.0004 
         046 18 0.0003 0.0041 0.9535 0.0059 0.0363 
         049 18 0.0003 0.0005 0.9977 0.0011 0.0004 
         053 18 0.0006 0.0029 0.9951 0.0009 0.0005 
         054 18 0.0117 0.0013 0.9852 0.0009 0.0008 
         056 18 0.0002 0.0650 0.9291 0.0034 0.0022 
         057 18 0.0036 0.0003 0.9922 0.0005 0.0033 
         058 18 0.0006 0.0014 0.9902 0.0046 0.0033 
        001s 19 0.0011 0.0691 0.9284 0.0007 0.0008 
        002s 19 0.0005 0.0068 0.9905 0.0013 0.0009 
        003s 19 0.0003 0.0369 0.9620 0.0005 0.0005 
        004s 19 0.0011 0.0013 0.9643 0.0074 0.0258 
        005s 19 0.0203 0.0050 0.8913 0.0047 0.0788 
        006s 19 0.0013 0.0010 0.9941 0.0015 0.0022 
        007s 19 0.0166 0.0023 0.9664 0.0005 0.0143 
        008s 19 0.0024 0.0425 0.9412 0.0008 0.0131 
        009s 19 0.0006 0.0014 0.9954 0.0005 0.0020 
        010s 19 0.0043 0.0022 0.9786 0.0145 0.0004 
        011s 19 0.0038 0.0005 0.9906 0.0040 0.0011 
        012s 19 0.0018 0.0018 0.9942 0.0017 0.0005 
        013s 19 0.0074 0.0042 0.9870 0.0009 0.0005 
        014s 19 0.0092 0.0646 0.9093 0.0006 0.0163 
        015s 19 0.0026 0.0006 0.9958 0.0006 0.0004 
        016s 19 0.0012 0.0011 0.9254 0.0226 0.0498 
        017s 19 0.0006 0.0588 0.9342 0.0023 0.0041 
        018s 19 0.0005 0.0018 0.9939 0.0014 0.0024 
        019s 19 0.0039 0.0848 0.9081 0.0006 0.0026 
        020s 19 0.0020 0.0735 0.9226 0.0009 0.0011 
        021s 19 0.0016 0.0045 0.9919 0.0016 0.0004 
        022s 19 0.0012 0.0166 0.9807 0.0010 0.0005 
        023s 19 0.0036 0.0005 0.9913 0.0019 0.0027 
        024s 19 0.0003 0.0004 0.9954 0.0018 0.0022 
        025s 19 0.0004 0.1305 0.8623 0.0020 0.0049 
        026s 19 0.0031 0.0036 0.9857 0.0033 0.0042 
        027s 19 0.0007 0.0036 0.9943 0.0006 0.0009 
        028s 19 0.0015 0.0058 0.9917 0.0006 0.0004 
        029s 19 0.0010 0.0002 0.9966 0.0016 0.0006 
        030s 19 0.0012 0.0018 0.9925 0.0039 0.0006 
        031s 19 0.0011 0.0029 0.9950 0.0004 0.0006 
        032s 19 0.0010 0.0007 0.9976 0.0003 0.0004 
        033s 19 0.0012 0.0003 0.9918 0.0011 0.0056 
        034s 19 0.0008 0.0007 0.9967 0.0005 0.0013 
        035s 19 0.0021 0.0141 0.9766 0.0031 0.0042 
        036s 19 0.0011 0.0004 0.9968 0.0003 0.0015 
        037s 19 0.0003 0.0004 0.9978 0.0011 0.0003 
        038s 19 0.0012 0.0018 0.9937 0.0016 0.0017 
        039s 19 0.0006 0.0006 0.9979 0.0005 0.0004 
        040s 19 0.0281 0.0004 0.9707 0.0005 0.0003 
        041s 19 0.0007 0.0003 0.9983 0.0002 0.0005 
        042s 19 0.0009 0.0033 0.9716 0.0096 0.0146 
        043s 19 0.0021 0.0320 0.9637 0.0017 0.0005 
        044s 19 0.0005 0.0003 0.9968 0.0009 0.0015 
        045s 19 0.0003 0.0006 0.9969 0.0009 0.0013 
        046s 19 0.0012 0.0016 0.9905 0.0014 0.0052 
        047s 19 0.0089 0.0005 0.9898 0.0004 0.0004 
        048s 19 0.0039 0.0893 0.9048 0.0011 0.0009 
        049s 19 0.0060 0.0073 0.9799 0.0006 0.0061 
        050s 19 0.0003 0.0018 0.9968 0.0004 0.0007 
        051s 19 0.0423 0.0077 0.9358 0.0006 0.0135 
        052s 19 0.0006 0.0009 0.9967 0.0011 0.0007 
      LIW2-4 20 0.0012 0.0006 0.9940 0.0020 0.0023 
     LIW2-12 21 0.0003 0.0011 0.9136 0.0066 0.0784 
     LIW2-20 22 0.0004 0.0025 0.9915 0.0045 0.0011 
     LIW2-28 23 0.0013 0.0397 0.8892 0.0025 0.0674 
      LIW1-5 24 0.0006 0.0011 0.9939 0.0021 0.0024 
     LIW1-13 25 0.0082 0.0580 0.9231 0.0003 0.0104 
     LIW1-21 26 0.0005 0.0102 0.9467 0.0071 0.0355 
     LIW1-29 27 0.0036 0.0162 0.9577 0.0028 0.0196 
      LIW2-5 28 0.0010 0.0005 0.9905 0.0061 0.0019 
     LIW2-34 29 0.0007 0.0002 0.9861 0.0089 0.0042 
