        001s  1 0.0011 0.0433 0.0003 0.0151 0.0007 0.0054 0.0004 0.3223 0.0008 0.6106 
        002s  1 0.0005 0.0020 0.0006 0.0020 0.0011 0.2212 0.0039 0.7480 0.0005 0.0204 
        003s  1 0.0088 0.2979 0.0025 0.0009 0.0014 0.0014 0.0004 0.6827 0.0011 0.0029 
        004s  1 0.0005 0.0372 0.0059 0.0065 0.0036 0.0126 0.0301 0.4736 0.0018 0.4282 
        005s  1 0.0004 0.0422 0.0729 0.0867 0.0011 0.0037 0.1088 0.4635 0.2136 0.0070 
        006s  1 0.0004 0.0166 0.0004 0.0110 0.0005 0.0297 0.0017 0.0041 0.0006 0.9350 
        007s  1 0.0006 0.0989 0.0027 0.0098 0.0023 0.0284 0.0004 0.0538 0.0028 0.8002 
        008s  1 0.0007 0.1376 0.0014 0.0114 0.0011 0.0409 0.0012 0.5934 0.0543 0.1580 
        009s  1 0.0025 0.0844 0.0283 0.0170 0.0039 0.0019 0.0016 0.2754 0.0111 0.5740 
        010s  1 0.0008 0.0180 0.0098 0.0006 0.0006 0.2694 0.0014 0.0070 0.0017 0.6907 
        011s  1 0.0058 0.0230 0.0013 0.0092 0.0021 0.1458 0.0023 0.0079 0.0040 0.7985 
        012s  1 0.0052 0.2773 0.0778 0.0066 0.0006 0.0018 0.0043 0.0789 0.0014 0.5461 
        013s  1 0.0010 0.0477 0.0013 0.0250 0.0106 0.2875 0.0067 0.0546 0.0023 0.5632 
        014s  1 0.0101 0.1051 0.0086 0.0109 0.0055 0.0057 0.0007 0.0044 0.0172 0.8318 
        015s  1 0.0010 0.0028 0.0005 0.0022 0.0005 0.0067 0.0005 0.0051 0.0020 0.9785 
        016s  1 0.0016 0.2426 0.0022 0.0046 0.0035 0.0254 0.0010 0.0960 0.0005 0.6225 
        018s  1 0.0007 0.5182 0.0634 0.0029 0.0007 0.1121 0.0009 0.0867 0.0607 0.1537 
        019s  1 0.0052 0.0365 0.0137 0.0067 0.0008 0.0655 0.0005 0.0880 0.0163 0.7669 
        020s  1 0.0101 0.0075 0.0007 0.0005 0.0090 0.2068 0.0003 0.0033 0.0006 0.7612 
        021s  1 0.0009 0.0032 0.0003 0.0058 0.0064 0.0678 0.0077 0.0236 0.0025 0.8819 
        022s  1 0.0006 0.0041 0.0004 0.0007 0.0010 0.0048 0.0005 0.9587 0.0013 0.0279 
        023s  1 0.0018 0.0223 0.0005 0.0007 0.0099 0.0141 0.0004 0.1537 0.0043 0.7922 
        024s  1 0.0004 0.0055 0.0009 0.0083 0.0008 0.0097 0.0024 0.0083 0.0037 0.9600 
        025s  1 0.0004 0.0277 0.0111 0.0132 0.0006 0.1216 0.0008 0.0078 0.0802 0.7365 
        026s  1 0.0058 0.0257 0.0012 0.0092 0.0077 0.0340 0.0006 0.0062 0.0014 0.9082 
        027s  1 0.0005 0.0476 0.0026 0.0010 0.0027 0.2267 0.0130 0.0110 0.0710 0.6239 
        028s  1 0.0023 0.0578 0.0084 0.0087 0.0007 0.0013 0.0371 0.0014 0.1291 0.7533 
        029s  1 0.0073 0.0413 0.0010 0.0052 0.0007 0.0095 0.0005 0.0063 0.0026 0.9257 
        030s  1 0.0072 0.0015 0.0006 0.0013 0.0009 0.7694 0.0069 0.0030 0.0507 0.1584 
        031s  1 0.0003 0.0082 0.0004 0.0050 0.0012 0.0136 0.0004 0.0637 0.0020 0.9052 
        032s  1 0.0015 0.0040 0.0006 0.0019 0.0007 0.9021 0.0007 0.0058 0.0068 0.0759 
        033s  1 0.0009 0.0535 0.0018 0.0207 0.0008 0.0041 0.0005 0.0117 0.0228 0.8833 
        034s  1 0.0045 0.0222 0.0008 0.0132 0.0573 0.1906 0.0026 0.5502 0.0100 0.1487 
        035s  1 0.0024 0.0540 0.0022 0.0007 0.0007 0.4516 0.0023 0.0045 0.0022 0.4794 
        036s  1 0.0003 0.0086 0.0888 0.0024 0.0008 0.5023 0.0010 0.3922 0.0011 0.0025 
        037s  1 0.0012 0.3527 0.0641 0.0223 0.0233 0.4420 0.0023 0.0882 0.0009 0.0030 
        038s  1 0.0010 0.0017 0.0022 0.0016 0.0007 0.8533 0.0011 0.0190 0.0108 0.1087 
        039s  1 0.0007 0.0076 0.0003 0.0333 0.0003 0.0043 0.0028 0.0078 0.0221 0.9208 
        040s  1 0.0006 0.0124 0.0016 0.0020 0.0043 0.7271 0.0042 0.1001 0.0006 0.1471 
        041s  1 0.0011 0.0386 0.0019 0.0059 0.0038 0.0092 0.0004 0.0174 0.0040 0.9176 
        042s  1 0.0009 0.1097 0.0498 0.0004 0.0762 0.0051 0.0007 0.0486 0.0010 0.7077 
        043s  1 0.0018 0.0048 0.0012 0.0063 0.0007 0.0308 0.0003 0.8335 0.1166 0.0040 
        044s  1 0.0030 0.0431 0.0483 0.0202 0.0064 0.6887 0.0102 0.1350 0.0122 0.0328 
        045s  1 0.0012 0.0073 0.0145 0.0050 0.0011 0.9378 0.0019 0.0014 0.0026 0.0271 
        046s  1 0.0024 0.0249 0.0016 0.0015 0.0007 0.1915 0.0007 0.0108 0.0038 0.7621 
        047s  1 0.0017 0.0148 0.0007 0.0015 0.0045 0.6819 0.0003 0.0062 0.0012 0.2873 
        048s  1 0.0007 0.0011 0.0289 0.0147 0.0004 0.0126 0.0002 0.4843 0.0009 0.4561 
        049s  1 0.0008 0.0103 0.0006 0.0066 0.0009 0.0090 0.0030 0.9379 0.0018 0.0291 
        050s  1 0.0003 0.0234 0.0697 0.0159 0.0005 0.0150 0.0026 0.0889 0.0086 0.7750 
        051s  1 0.0234 0.0863 0.0003 0.0014 0.0005 0.0065 0.0009 0.0054 0.0034 0.8720 
        052s  1 0.0090 0.2823 0.0010 0.0022 0.0017 0.2910 0.0028 0.0183 0.0173 0.3745 
        053s  1 0.0004 0.1328 0.0015 0.0039 0.0006 0.8013 0.0003 0.0037 0.0006 0.0547 
        054s  1 0.0029 0.0268 0.0003 0.0025 0.0009 0.4381 0.0045 0.0019 0.0002 0.5219 
        055s  1 0.0012 0.2070 0.0228 0.0239 0.0701 0.0029 0.0005 0.0089 0.0253 0.6374 
          01  2 0.0240 0.1133 0.0804 0.0098 0.0024 0.1914 0.0010 0.0159 0.0127 0.5490 
          02  2 0.0018 0.0039 0.0059 0.0247 0.0007 0.8391 0.0009 0.0105 0.0133 0.0992 
          03  2 0.0006 0.0029 0.0018 0.0087 0.0013 0.9488 0.0009 0.0070 0.0013 0.0268 
          04  2 0.0014 0.0438 0.0012 0.0041 0.0101 0.1852 0.0063 0.0579 0.0927 0.5973 
          05  2 0.0003 0.0034 0.0771 0.0047 0.0006 0.0179 0.0003 0.7975 0.0970 0.0010 
          06  2 0.0008 0.0054 0.0156 0.0178 0.0008 0.9268 0.0018 0.0166 0.0079 0.0065 
          07  2 0.0010 0.0030 0.0071 0.0068 0.0006 0.0043 0.0019 0.0850 0.0101 0.8802 
          08  2 0.0012 0.0281 0.0593 0.0011 0.0008 0.0279 0.0007 0.7622 0.0275 0.0911 
          09  2 0.0073 0.0100 0.0009 0.0033 0.0004 0.0503 0.0005 0.0430 0.0017 0.8826 
          10  2 0.0009 0.0291 0.0012 0.0047 0.0004 0.9294 0.0007 0.0153 0.0033 0.0150 
          11  2 0.0104 0.0014 0.0355 0.0070 0.0014 0.1328 0.0009 0.0089 0.0009 0.8008 
          12  2 0.0028 0.0145 0.0004 0.0011 0.0006 0.0069 0.0011 0.0116 0.0126 0.9484 
          13  2 0.0007 0.0208 0.0004 0.0083 0.0005 0.0055 0.0004 0.1200 0.0031 0.8402 
          14  2 0.0044 0.0010 0.0004 0.0177 0.0337 0.0772 0.0094 0.3182 0.0171 0.5210 
          15  2 0.0017 0.0093 0.0011 0.0009 0.0012 0.0385 0.0005 0.3023 0.0007 0.6439 
          16  2 0.0056 0.2212 0.0005 0.0008 0.0043 0.0049 0.0507 0.0025 0.0032 0.7063 
          17  2 0.0011 0.2428 0.0020 0.0056 0.0009 0.6791 0.0004 0.0538 0.0076 0.0067 
          18  2 0.0017 0.0265 0.0072 0.0066 0.0009 0.3206 0.0022 0.0031 0.0025 0.6287 
          19  2 0.0020 0.0058 0.0010 0.0006 0.0029 0.1048 0.0004 0.0095 0.0055 0.8675 
          20  2 0.0013 0.3653 0.0129 0.0007 0.0017 0.0079 0.0051 0.0031 0.0022 0.5999 
          21  2 0.0154 0.0060 0.0013 0.0088 0.0009 0.0107 0.0004 0.0139 0.0030 0.9397 
          22  2 0.0059 0.0422 0.0027 0.0011 0.0055 0.0139 0.0045 0.0051 0.0340 0.8851 
          23  2 0.0010 0.0046 0.0010 0.0048 0.0026 0.9748 0.0022 0.0020 0.0033 0.0037 
          24  2 0.0014 0.0189 0.0007 0.0086 0.0006 0.1371 0.0006 0.0030 0.0110 0.8182 
          25  2 0.0015 0.0046 0.0045 0.0076 0.0011 0.0277 0.0252 0.0705 0.0012 0.8560 
          26  2 0.0011 0.0006 0.0007 0.0004 0.0002 0.0010 0.0004 0.9941 0.0005 0.0009 
          27  2 0.0013 0.0205 0.0010 0.0158 0.0017 0.0230 0.0214 0.0527 0.0025 0.8601 
          28  2 0.0013 0.0248 0.0006 0.0052 0.0041 0.0075 0.0002 0.0421 0.0031 0.9112 
          29  2 0.0007 0.0039 0.0027 0.0012 0.0003 0.7234 0.0015 0.0117 0.0011 0.2534 
          30  2 0.0061 0.4599 0.1083 0.0037 0.0768 0.2495 0.0005 0.0581 0.0014 0.0357 
          01  3 0.0002 0.1128 0.0970 0.4103 0.0156 0.1819 0.0108 0.0108 0.1591 0.0014 
          02  3 0.0684 0.0983 0.0762 0.2182 0.0051 0.0028 0.2535 0.0018 0.2640 0.0118 
          03  3 0.0008 0.0718 0.0533 0.0404 0.0020 0.0219 0.1441 0.0067 0.6365 0.0225 
          04  3 0.0012 0.0588 0.1538 0.1949 0.0032 0.0041 0.1510 0.0066 0.4098 0.0166 
          05  3 0.1038 0.0324 0.0779 0.1407 0.1021 0.0005 0.2316 0.0003 0.3103 0.0005 
          06  3 0.0002 0.0257 0.0810 0.1940 0.0004 0.0003 0.2537 0.0004 0.4440 0.0003 
          07  3 0.0019 0.1086 0.0886 0.0371 0.0004 0.0269 0.1060 0.0007 0.6144 0.0155 
          08  3 0.0116 0.0411 0.1509 0.1245 0.0057 0.1302 0.1887 0.0319 0.3148 0.0007 
          09  3 0.0003 0.1109 0.1355 0.0329 0.0015 0.0069 0.1192 0.0096 0.5816 0.0018 
          10  3 0.2071 0.0016 0.0147 0.1428 0.1063 0.0037 0.2428 0.0038 0.2750 0.0022 
          11  3 0.0003 0.0732 0.0869 0.0367 0.0003 0.0007 0.1287 0.0008 0.6711 0.0014 
          12  3 0.0002 0.0931 0.0928 0.0354 0.0002 0.0002 0.1320 0.0004 0.6452 0.0005 
          13  3 0.0015 0.0052 0.0869 0.2166 0.0001 0.0002 0.2689 0.0004 0.4197 0.0005 
          14  3 0.0201 0.0048 0.0506 0.1494 0.1385 0.0007 0.2704 0.0021 0.3629 0.0005 
          15  3 0.0003 0.0839 0.1111 0.1026 0.0007 0.0082 0.1115 0.0368 0.4529 0.0921 
          16  3 0.0034 0.0060 0.0201 0.3499 0.0055 0.0043 0.2825 0.0022 0.3217 0.0044 
          17  3 0.0011 0.1241 0.2091 0.0848 0.0010 0.0313 0.0750 0.0027 0.2984 0.1724 
          18  3 0.1559 0.0004 0.0236 0.1266 0.2688 0.0013 0.2053 0.0019 0.2146 0.0016 
          19  3 0.0010 0.0458 0.0545 0.2766 0.0208 0.0083 0.2354 0.0094 0.3348 0.0133 
          20  3 0.0004 0.0523 0.1512 0.2172 0.0595 0.0114 0.1273 0.0190 0.3530 0.0087 
          21  3 0.0012 0.0378 0.0765 0.3160 0.0061 0.0053 0.1473 0.0017 0.2607 0.1473 
          22  3 0.0003 0.1424 0.1255 0.0503 0.0015 0.0007 0.0609 0.0145 0.5959 0.0080 
          23  3 0.0003 0.0766 0.1351 0.2436 0.0024 0.0843 0.1509 0.0008 0.3005 0.0054 
          24  3 0.1597 0.0682 0.2102 0.1616 0.0013 0.0010 0.1223 0.0015 0.2728 0.0014 
          25  3 0.2402 0.0073 0.0519 0.2295 0.1224 0.0003 0.1066 0.0004 0.2412 0.0002 
          26  3 0.0004 0.1012 0.1207 0.0629 0.0005 0.0012 0.1579 0.0013 0.5531 0.0009 
          27  3 0.1301 0.0059 0.0194 0.2173 0.1744 0.0008 0.1658 0.0037 0.2741 0.0084 
          28  3 0.0011 0.0278 0.1150 0.2938 0.0003 0.0028 0.1987 0.0024 0.3536 0.0045 
          29  3 0.0060 0.0424 0.1282 0.2696 0.0160 0.0020 0.1895 0.0091 0.2947 0.0425 
          30  3 0.0010 0.1094 0.1475 0.2088 0.0003 0.0053 0.0640 0.1091 0.3480 0.0067 
         001  4 0.0001 0.0001 0.9993 0.0001 0.0001 0.0001 0.0001 0.0001 0.0001 0.0001 
         002  4 0.0002 0.0530 0.9290 0.0009 0.0001 0.0004 0.0006 0.0003 0.0152 0.0001 
         003  4 0.0001 0.0001 0.9991 0.0002 0.0001 0.0001 0.0001 0.0001 0.0001 0.0001 
         004  4 0.0001 0.0001 0.9992 0.0001 0.0001 0.0001 0.0002 0.0001 0.0001 0.0001 
         005  4 0.0003 0.0328 0.9659 0.0001 0.0001 0.0001 0.0003 0.0001 0.0001 0.0002 
         006  4 0.0003 0.0933 0.7779 0.0173 0.0002 0.0003 0.0566 0.0004 0.0533 0.0003 
         007  4 0.0002 0.0664 0.8161 0.0002 0.0002 0.0004 0.0475 0.0020 0.0666 0.0003 
         008  4 0.0014 0.0607 0.9321 0.0009 0.0024 0.0005 0.0007 0.0006 0.0002 0.0005 
         009  4 0.0002 0.0397 0.9592 0.0001 0.0001 0.0001 0.0003 0.0001 0.0001 0.0001 
         010  4 0.0001 0.0575 0.9029 0.0001 0.0001 0.0001 0.0388 0.0001 0.0003 0.0001 
         011  4 0.0006 0.0321 0.9012 0.0020 0.0140 0.0010 0.0433 0.0038 0.0007 0.0012 
         012  4 0.0001 0.0337 0.9641 0.0001 0.0001 0.0001 0.0001 0.0001 0.0015 0.0001 
         013  4 0.0001 0.0436 0.9556 0.0001 0.0001 0.0001 0.0002 0.0001 0.0001 0.0001 
         014  4 0.0001 0.0409 0.9326 0.0002 0.0002 0.0003 0.0001 0.0002 0.0253 0.0002 
         015  4 0.0001 0.0208 0.9250 0.0002 0.0001 0.0001 0.0001 0.0001 0.0536 0.0001 
         016  4 0.0001 0.0465 0.9526 0.0002 0.0001 0.0001 0.0003 0.0001 0.0001 0.0001 
         017  4 0.0001 0.0841 0.8813 0.0006 0.0001 0.0001 0.0002 0.0002 0.0333 0.0001 
         019  4 0.0003 0.1039 0.7811 0.0057 0.0007 0.0003 0.0898 0.0002 0.0178 0.0003 
         020  4 0.0002 0.0001 0.9987 0.0002 0.0001 0.0001 0.0001 0.0002 0.0001 0.0001 
         021  4 0.0002 0.1226 0.8361 0.0002 0.0002 0.0002 0.0321 0.0002 0.0080 0.0002 
         001  5 0.0014 0.1808 0.7553 0.0034 0.0195 0.0005 0.0004 0.0004 0.0377 0.0006 
         002  5 0.0008 0.0960 0.8432 0.0352 0.0015 0.0031 0.0004 0.0114 0.0004 0.0080 
         003  5 0.0002 0.3716 0.5031 0.0783 0.0020 0.0037 0.0309 0.0056 0.0035 0.0013 
         004  5 0.0002 0.1829 0.7606 0.0050 0.0005 0.0010 0.0016 0.0020 0.0003 0.0459 
         005  5 0.0001 0.2088 0.7247 0.0315 0.0004 0.0004 0.0006 0.0003 0.0331 0.0001 
         006  5 0.0004 0.2129 0.6124 0.1142 0.0002 0.0004 0.0182 0.0003 0.0406 0.0004 
         007  5 0.0002 0.2495 0.6307 0.0487 0.0002 0.0001 0.0371 0.0002 0.0331 0.0002 
         008  5 0.0002 0.1707 0.7390 0.0489 0.0001 0.0002 0.0014 0.0002 0.0391 0.0001 
         009  5 0.0002 0.2475 0.6766 0.0106 0.0010 0.0119 0.0028 0.0049 0.0307 0.0138 
         010  5 0.0003 0.1792 0.6943 0.0890 0.0011 0.0011 0.0210 0.0007 0.0117 0.0014 
         011  5 0.0002 0.1790 0.7579 0.0394 0.0012 0.0004 0.0002 0.0002 0.0210 0.0004 
         012  5 0.0006 0.1713 0.7081 0.0240 0.0023 0.0081 0.0708 0.0034 0.0080 0.0034 
         013  5 0.0004 0.1534 0.5250 0.0569 0.0005 0.0465 0.0026 0.0033 0.1589 0.0527 
         014  5 0.0115 0.2217 0.4983 0.0576 0.0096 0.0061 0.0641 0.0037 0.0005 0.1270 
         015  5 0.0001 0.1760 0.7543 0.0168 0.0002 0.0001 0.0199 0.0002 0.0321 0.0002 
         016  5 0.0004 0.2613 0.6469 0.0099 0.0002 0.0010 0.0250 0.0004 0.0543 0.0006 
         017  5 0.0015 0.1781 0.6431 0.0384 0.0002 0.0073 0.0494 0.0013 0.0772 0.0033 
         018  5 0.0134 0.2683 0.5934 0.0360 0.0067 0.0013 0.0023 0.0016 0.0749 0.0020 
         019  5 0.0044 0.1798 0.7798 0.0005 0.0006 0.0003 0.0001 0.0002 0.0341 0.0003 
         020  5 0.0001 0.1127 0.8843 0.0009 0.0002 0.0001 0.0001 0.0001 0.0012 0.0002 
         021  5 0.0004 0.2144 0.6584 0.0045 0.0032 0.0029 0.0003 0.0060 0.0117 0.0982 
         022  5 0.0006 0.3002 0.6590 0.0008 0.0036 0.0007 0.0024 0.0003 0.0320 0.0004 
         023  5 0.0003 0.1966 0.7039 0.0250 0.0008 0.0002 0.0017 0.0004 0.0709 0.0002 
         024  5 0.0002 0.2241 0.6810 0.0047 0.0004 0.0057 0.0493 0.0013 0.0063 0.0270 
         025  5 0.0007 0.1378 0.6986 0.0046 0.0005 0.0011 0.0417 0.0016 0.1114 0.0020 
         026  5 0.0004 0.3485 0.6074 0.0091 0.0002 0.0010 0.0069 0.0019 0.0228 0.0018 
         027  5 0.0001 0.1147 0.8825 0.0002 0.0003 0.0002 0.0015 0.0001 0.0002 0.0002 
         028  5 0.0006 0.1589 0.7281 0.0007 0.0038 0.0013 0.0269 0.0006 0.0778 0.0013 
         029  5 0.0003 0.1603 0.7908 0.0057 0.0002 0.0005 0.0010 0.0002 0.0405 0.0004 
         030  5 0.0027 0.1615 0.7801 0.0067 0.0011 0.0005 0.0003 0.0005 0.0461 0.0004 
        001s  6 0.0008 0.0015 0.0008 0.0129 0.0230 0.0098 0.0129 0.2523 0.0031 0.6830 
        002s  6 0.0268 0.0486 0.0209 0.0076 0.0006 0.0183 0.0004 0.0106 0.0125 0.8535 
        003s  6 0.0005 0.1155 0.0057 0.0048 0.0023 0.0367 0.0004 0.1546 0.0049 0.6745 
        004s  6 0.0007 0.0135 0.0005 0.0004 0.0006 0.9550 0.0004 0.0173 0.0007 0.0108 
        006s  6 0.0011 0.2848 0.0181 0.0036 0.0046 0.0062 0.0202 0.0022 0.0015 0.6577 
        007s  6 0.0008 0.0346 0.0006 0.0009 0.0002 0.0108 0.0030 0.0028 0.0048 0.9414 
        008s  6 0.0040 0.0047 0.0044 0.0009 0.0064 0.9200 0.0005 0.0116 0.0148 0.0327 
        009s  6 0.0014 0.0055 0.0004 0.0010 0.0010 0.1553 0.0003 0.0088 0.0022 0.8242 
        010s  6 0.0116 0.0042 0.0255 0.0023 0.0118 0.6092 0.0070 0.0020 0.0008 0.3255 
        011s  6 0.0003 0.0167 0.0003 0.0065 0.0020 0.9658 0.0016 0.0028 0.0009 0.0032 
        012s  6 0.0023 0.0018 0.0004 0.0011 0.0014 0.0532 0.0025 0.0050 0.0094 0.9230 
        013s  6 0.0007 0.0224 0.0006 0.0080 0.0006 0.9324 0.0010 0.0086 0.0013 0.0244 
        014s  6 0.0003 0.0025 0.0362 0.0145 0.0003 0.0335 0.0005 0.3004 0.0412 0.5706 
        015s  6 0.0012 0.0213 0.0037 0.0083 0.0066 0.9210 0.0098 0.0012 0.0236 0.0032 
        016s  6 0.0006 0.0011 0.0004 0.0010 0.0010 0.0683 0.0010 0.0787 0.0006 0.8472 
        018s  6 0.0006 0.0286 0.1924 0.0614 0.0010 0.0067 0.0003 0.0063 0.0041 0.6986 
        019s  6 0.0010 0.0093 0.0023 0.0207 0.0040 0.4217 0.0012 0.0733 0.0689 0.3977 
        020s  6 0.0009 0.0007 0.0003 0.0006 0.0007 0.0186 0.0006 0.0202 0.0323 0.9252 
        021s  6 0.0016 0.0121 0.0010 0.0087 0.0033 0.0229 0.0060 0.0062 0.0015 0.9366 
        022s  6 0.0005 0.0016 0.0007 0.0012 0.0042 0.0548 0.0003 0.0456 0.0112 0.8800 
        023s  6 0.0005 0.0372 0.0120 0.0013 0.0014 0.2906 0.0005 0.5390 0.0538 0.0637 
        024s  6 0.0015 0.0109 0.0498 0.0080 0.0007 0.6144 0.0015 0.0159 0.0014 0.2958 
        025s  6 0.0006 0.0217 0.0026 0.0059 0.0688 0.8364 0.0010 0.0306 0.0009 0.0316 
        026s  6 0.0026 0.0080 0.0005 0.0019 0.0005 0.3356 0.0007 0.0185 0.0022 0.6295 
        027s  6 0.0011 0.0779 0.0020 0.0004 0.0004 0.0187 0.0005 0.0102 0.0032 0.8855 
        028s  6 0.0456 0.0082 0.0029 0.0168 0.0056 0.0042 0.0044 0.0007 0.0242 0.8874 
        029s  6 0.0012 0.0214 0.0005 0.0015 0.0016 0.0165 0.0003 0.0031 0.0193 0.9347 
        030s  6 0.0019 0.2021 0.0504 0.0022 0.0103 0.0508 0.0006 0.0025 0.0219 0.6573 
        031s  6 0.0005 0.0011 0.0020 0.0009 0.0005 0.0815 0.0060 0.6185 0.0031 0.2859 
        032s  6 0.0003 0.0032 0.0017 0.0337 0.0007 0.0819 0.0005 0.0129 0.0011 0.8640 
        033s  6 0.0005 0.2769 0.0140 0.0064 0.0005 0.0076 0.0003 0.0016 0.0724 0.6197 
        034s  6 0.0007 0.0062 0.0021 0.0046 0.0168 0.5141 0.0064 0.0042 0.0037 0.4411 
        035s  6 0.0009 0.1340 0.1145 0.0005 0.0011 0.0011 0.0006 0.7446 0.0021 0.0005 
        036s  6 0.0003 0.0472 0.0004 0.0089 0.0015 0.0034 0.0031 0.0029 0.0011 0.9313 
        037s  6 0.0024 0.0029 0.0009 0.0071 0.0016 0.0407 0.0007 0.0070 0.0013 0.9353 
        038s  6 0.0013 0.0033 0.0004 0.0021 0.0006 0.0032 0.0020 0.0875 0.0008 0.8989 
        039s  6 0.0008 0.0141 0.0003 0.0043 0.0006 0.2363 0.0004 0.0077 0.0154 0.7202 
        040s  6 0.0006 0.0030 0.0002 0.0015 0.0004 0.8548 0.0012 0.1061 0.0161 0.0162 
        041s  6 0.0033 0.1868 0.0632 0.0042 0.0017 0.0188 0.0003 0.5624 0.0021 0.1572 
        042s  6 0.0039 0.0158 0.0143 0.0036 0.0468 0.0156 0.0006 0.0072 0.0007 0.8914 
        043s  6 0.0003 0.0080 0.0012 0.0018 0.0070 0.0097 0.0012 0.0027 0.0028 0.9654 
        044s  6 0.0031 0.0183 0.0007 0.0089 0.0011 0.0826 0.0004 0.1614 0.0018 0.7219 
        045s  6 0.0007 0.0099 0.0070 0.0051 0.0022 0.3492 0.0004 0.0129 0.0025 0.6101 
        001s  7 0.0004 0.0087 0.0014 0.0008 0.0020 0.0428 0.0005 0.8878 0.0032 0.0524 
        002s  7 0.0008 0.0028 0.0203 0.0049 0.0015 0.4343 0.0011 0.4830 0.0006 0.0507 
        003s  7 0.0009 0.1981 0.0012 0.0012 0.0007 0.0014 0.0015 0.7918 0.0009 0.0023 
        004s  7 0.0011 0.0297 0.0012 0.0018 0.0007 0.0067 0.0034 0.0109 0.0040 0.9406 
        005s  7 0.0006 0.0321 0.0088 0.0085 0.0019 0.0468 0.0028 0.0394 0.0040 0.8551 
        006s  7 0.0007 0.0245 0.0420 0.0111 0.0016 0.0061 0.0010 0.0031 0.0020 0.9079 
        007s  7 0.0133 0.0422 0.0044 0.0024 0.0021 0.3851 0.0089 0.0113 0.0003 0.5301 
        008s  7 0.0029 0.0029 0.0072 0.0006 0.0014 0.0026 0.0003 0.9338 0.0451 0.0031 
        009s  7 0.0006 0.0184 0.0048 0.0029 0.0083 0.0666 0.0017 0.0458 0.0004 0.8505 
        010s  7 0.0010 0.0020 0.0010 0.0028 0.0015 0.0021 0.0002 0.9846 0.0006 0.0042 
        011s  7 0.0012 0.0064 0.0005 0.0051 0.0007 0.0067 0.0006 0.0060 0.0008 0.9721 
        012s  7 0.0005 0.0106 0.0005 0.0020 0.0007 0.8203 0.0009 0.0025 0.0005 0.1615 
        013s  7 0.0010 0.0262 0.0006 0.0026 0.0077 0.8801 0.0122 0.0268 0.0013 0.0415 
        014s  7 0.0006 0.1248 0.0281 0.0161 0.0003 0.1401 0.0008 0.5482 0.0011 0.1398 
        015s  7 0.0017 0.3167 0.0089 0.0043 0.0006 0.5966 0.0016 0.0032 0.0004 0.0660 
        016s  7 0.0003 0.0200 0.0703 0.0004 0.0022 0.0014 0.0002 0.9021 0.0023 0.0007 
        017s  7 0.0005 0.0297 0.0047 0.0004 0.0006 0.0049 0.0014 0.0114 0.0021 0.9443 
        018s  7 0.0047 0.0016 0.0009 0.0064 0.0009 0.8121 0.0004 0.0013 0.1296 0.0420 
        019s  7 0.0016 0.2951 0.0006 0.0033 0.0044 0.1426 0.0009 0.0070 0.0013 0.5433 
        020s  7 0.0004 0.0019 0.0007 0.0014 0.0004 0.0593 0.0016 0.0113 0.0014 0.9216 
        021s  7 0.0011 0.0020 0.0013 0.0072 0.0005 0.0040 0.0006 0.0045 0.0005 0.9783 
        022s  7 0.0004 0.0011 0.0026 0.0011 0.0008 0.7768 0.0045 0.0043 0.0026 0.2058 
        023s  7 0.0011 0.3566 0.0023 0.0059 0.0067 0.0122 0.0008 0.0087 0.0162 0.5895 
        024s  7 0.0028 0.0127 0.0019 0.0069 0.0011 0.9092 0.0004 0.0080 0.0032 0.0538 
        025s  7 0.0014 0.0792 0.0004 0.0092 0.0012 0.5149 0.0036 0.0041 0.0021 0.3839 
        026s  7 0.0013 0.0038 0.0025 0.0034 0.0018 0.0094 0.0004 0.9516 0.0040 0.0219 
        027s  7 0.0015 0.0013 0.0017 0.0031 0.0006 0.0010 0.0013 0.4694 0.0008 0.5193 
        028s  7 0.0003 0.0037 0.0054 0.0011 0.0007 0.8900 0.0005 0.0024 0.0627 0.0332 
        029s  7 0.0008 0.2996 0.0028 0.0014 0.0024 0.0217 0.0005 0.0048 0.0037 0.6624 
        030s  7 0.0046 0.1919 0.0002 0.0044 0.0049 0.0186 0.0007 0.2125 0.0010 0.5612 
        031s  7 0.0005 0.0232 0.0025 0.0016 0.0132 0.2360 0.0012 0.0309 0.0173 0.6736 
        032s  7 0.0073 0.0053 0.0815 0.0016 0.0004 0.5881 0.0005 0.0046 0.0098 0.3008 
        033s  7 0.0029 0.0124 0.0284 0.0081 0.0012 0.0099 0.0006 0.0028 0.0019 0.9318 
        034s  7 0.0019 0.4448 0.0005 0.0069 0.0008 0.0289 0.0205 0.0051 0.0015 0.4890 
        035s  7 0.0007 0.0136 0.0004 0.0017 0.0008 0.0037 0.0004 0.0031 0.0005 0.9753 
        036s  7 0.0006 0.0014 0.0007 0.0029 0.0072 0.0053 0.0035 0.0654 0.0018 0.9111 
        037s  7 0.0006 0.1030 0.0075 0.0279 0.0048 0.0629 0.0016 0.0149 0.0877 0.6891 
        038s  7 0.0013 0.0713 0.0033 0.0109 0.0021 0.8374 0.0004 0.0031 0.0237 0.0464 
        039s  7 0.0004 0.0028 0.0002 0.0007 0.0003 0.5970 0.0002 0.3522 0.0366 0.0096 
        040s  7 0.0006 0.0239 0.0043 0.0015 0.0007 0.0010 0.0365 0.9290 0.0008 0.0019 
        041s  7 0.0025 0.0923 0.0088 0.0207 0.0021 0.0972 0.0004 0.2464 0.0044 0.5251 
        042s  7 0.0003 0.0020 0.0076 0.0009 0.0004 0.0060 0.0007 0.9357 0.0014 0.0451 
        043s  7 0.0006 0.0060 0.0018 0.0011 0.0048 0.0141 0.0002 0.0109 0.0024 0.9582 
        044s  7 0.0014 0.2704 0.0056 0.0196 0.0190 0.0147 0.0043 0.0035 0.0187 0.6428 
         003  8 0.0119 0.0258 0.0074 0.0026 0.0008 0.0458 0.0012 0.0052 0.0020 0.8973 
         009  8 0.0008 0.0199 0.0010 0.0010 0.0015 0.3731 0.0004 0.0045 0.0010 0.5967 
         010  8 0.0003 0.0162 0.0004 0.0005 0.0022 0.0108 0.0002 0.0101 0.0128 0.9466 
         017  8 0.0018 0.0010 0.0006 0.0010 0.0031 0.0227 0.0005 0.0016 0.0051 0.9626 
         002  9 0.0008 0.0086 0.0004 0.0043 0.0009 0.1776 0.0012 0.0191 0.0015 0.7856 
         003  9 0.0004 0.0081 0.0003 0.0021 0.0003 0.0120 0.0004 0.0028 0.0017 0.9719 
         004  9 0.0006 0.0027 0.0004 0.0011 0.0011 0.0206 0.0002 0.0098 0.0005 0.9629 
         005  9 0.0009 0.0089 0.0004 0.0015 0.0038 0.3790 0.0007 0.0047 0.0017 0.5984 
         006  9 0.0007 0.0027 0.0009 0.0011 0.0014 0.7445 0.0010 0.0043 0.0012 0.2423 
         007  9 0.0009 0.0387 0.0051 0.0053 0.0012 0.0618 0.0003 0.0025 0.0005 0.8837 
         009  9 0.0011 0.0061 0.0025 0.0032 0.0020 0.0103 0.0003 0.0134 0.0005 0.9605 
         010  9 0.0015 0.0082 0.0003 0.0010 0.0019 0.9538 0.0004 0.0051 0.0003 0.0275 
         013  9 0.0004 0.0447 0.0009 0.0060 0.0015 0.1180 0.0023 0.0207 0.0008 0.8048 
         014  9 0.0062 0.0051 0.0005 0.0004 0.0019 0.1522 0.0003 0.0066 0.0008 0.8259 
         016  9 0.0012 0.0057 0.0003 0.0080 0.0006 0.1720 0.0002 0.0022 0.0010 0.8087 
         018  9 0.0057 0.0307 0.0008 0.0016 0.0012 0.9369 0.0016 0.0042 0.0014 0.0160 
         019  9 0.0041 0.0161 0.0008 0.0009 0.0004 0.0079 0.0007 0.0015 0.0004 0.9673 
         020  9 0.0004 0.0058 0.0004 0.0052 0.0003 0.4180 0.0003 0.0024 0.0005 0.5667 
         021  9 0.0004 0.0359 0.0004 0.0026 0.0009 0.8964 0.0002 0.0029 0.0017 0.0586 
         022  9 0.0008 0.0010 0.0004 0.0005 0.0005 0.9763 0.0005 0.0077 0.0017 0.0106 
         024  9 0.0031 0.0183 0.0003 0.0082 0.0038 0.0922 0.0003 0.0075 0.0026 0.8638 
         028  9 0.0005 0.0275 0.0007 0.0004 0.0020 0.6151 0.0011 0.0106 0.0053 0.3368 
         029  9 0.0014 0.0162 0.0003 0.0074 0.0008 0.0694 0.0004 0.0048 0.0040 0.8954 
         030  9 0.0008 0.0036 0.0003 0.0009 0.0013 0.0636 0.0003 0.0043 0.0080 0.9168 
         031  9 0.0006 0.0087 0.0010 0.0013 0.0005 0.0445 0.0004 0.0120 0.0009 0.9302 
         033  9 0.0005 0.0021 0.0058 0.0013 0.0012 0.0187 0.0003 0.0055 0.0025 0.9621 
         001 10 0.0007 0.0048 0.0006 0.0064 0.0003 0.2003 0.0005 0.0093 0.0009 0.7762 
         002 10 0.0017 0.0029 0.0004 0.0004 0.0007 0.0078 0.0002 0.0082 0.0053 0.9724 
         003 10 0.0006 0.0020 0.0004 0.0004 0.0085 0.0224 0.0007 0.0030 0.0014 0.9606 
         004 10 0.0005 0.0041 0.0003 0.0007 0.0020 0.0221 0.0003 0.0850 0.0012 0.8837 
         005 10 0.0023 0.0028 0.0003 0.0005 0.0010 0.0070 0.0005 0.0056 0.0037 0.9763 
         006 10 0.0005 0.0018 0.0015 0.0029 0.0006 0.0038 0.0003 0.0032 0.0009 0.9845 
         007 10 0.0004 0.0062 0.0004 0.0042 0.0019 0.0165 0.0002 0.0046 0.0031 0.9623 
         008 10 0.0008 0.0058 0.0006 0.0012 0.0039 0.7718 0.0007 0.0025 0.0048 0.2079 
         009 10 0.0039 0.0072 0.0005 0.0014 0.0005 0.0524 0.0013 0.0094 0.0006 0.9228 
         010 10 0.0020 0.0078 0.0006 0.0051 0.0005 0.0034 0.0004 0.0051 0.0007 0.9745 
         011 10 0.0002 0.0072 0.0014 0.0011 0.0300 0.0163 0.0013 0.0073 0.0033 0.9320 
         012 10 0.0005 0.0185 0.0005 0.0017 0.0035 0.0348 0.0014 0.0073 0.0015 0.9303 
         013 10 0.0009 0.0017 0.0004 0.0080 0.0007 0.0567 0.0024 0.0028 0.0027 0.9236 
         014 10 0.0006 0.0005 0.0004 0.0005 0.0010 0.0035 0.0007 0.1595 0.0006 0.8326 
         016 10 0.0016 0.0427 0.0006 0.0014 0.0012 0.0046 0.0007 0.0042 0.0015 0.9416 
         017 10 0.0008 0.0026 0.0006 0.0006 0.0007 0.9590 0.0008 0.0029 0.0008 0.0313 
         018 10 0.0020 0.0244 0.0030 0.0022 0.0006 0.0461 0.0006 0.0025 0.0025 0.9162 
         019 10 0.0032 0.0110 0.0005 0.0060 0.0012 0.0121 0.0004 0.0034 0.0011 0.9611 
         020 10 0.0049 0.0126 0.0014 0.0015 0.0019 0.1645 0.0007 0.0128 0.0033 0.7963 
         021 10 0.0024 0.0019 0.0005 0.0048 0.0004 0.0112 0.0004 0.0218 0.0010 0.9556 
         022 10 0.0003 0.0020 0.0005 0.0007 0.0004 0.8215 0.0009 0.0528 0.0004 0.1205 
         023 10 0.0004 0.0008 0.0002 0.0020 0.0010 0.2280 0.0005 0.0044 0.0020 0.7607 
         024 10 0.0014 0.0044 0.0003 0.0109 0.0016 0.0291 0.0002 0.0027 0.0008 0.9484 
         026 10 0.0009 0.0009 0.0005 0.0006 0.0009 0.9278 0.0004 0.0010 0.0013 0.0658 
        001s 11 0.0012 0.1798 0.0772 0.0005 0.0064 0.5973 0.0006 0.1315 0.0010 0.0045 
        002s 11 0.0036 0.0151 0.0008 0.0017 0.0020 0.0497 0.0076 0.0153 0.0014 0.9029 
        003s 11 0.0015 0.0843 0.0047 0.0069 0.0004 0.7857 0.0005 0.0147 0.0334 0.0679 
        004s 11 0.0003 0.0177 0.0005 0.0044 0.0015 0.0483 0.0020 0.0184 0.0041 0.9029 
        005s 11 0.0058 0.0165 0.0014 0.0023 0.0004 0.0043 0.0006 0.0385 0.0149 0.9153 
        006s 11 0.0012 0.0991 0.0007 0.0281 0.0031 0.0467 0.0030 0.0374 0.0029 0.7779 
        007s 11 0.0010 0.2812 0.0030 0.0063 0.0010 0.0067 0.0201 0.0577 0.0013 0.6218 
        008s 11 0.0007 0.5082 0.0003 0.0006 0.0005 0.4713 0.0005 0.0047 0.0014 0.0119 
        009s 11 0.0137 0.0416 0.0005 0.0041 0.0006 0.1482 0.0005 0.0020 0.0114 0.7774 
        010s 11 0.0008 0.0020 0.0009 0.0023 0.0015 0.0078 0.0004 0.1430 0.0008 0.8405 
        011s 11 0.0004 0.0051 0.0981 0.0017 0.0167 0.0018 0.0108 0.7940 0.0033 0.0680 
        012s 11 0.0012 0.1306 0.0489 0.0132 0.0003 0.0019 0.0003 0.0136 0.1217 0.6682 
        013s 11 0.0003 0.0026 0.0015 0.0069 0.0015 0.0246 0.0005 0.2489 0.0021 0.7111 
        014s 11 0.0019 0.0442 0.0034 0.0043 0.0010 0.0193 0.0066 0.7786 0.0205 0.1203 
        015s 11 0.0018 0.0791 0.0025 0.0012 0.0049 0.7378 0.0019 0.0144 0.0027 0.1537 
        016s 11 0.0105 0.0297 0.0243 0.0070 0.0618 0.5017 0.0007 0.3519 0.0022 0.0102 
        017s 11 0.0006 0.0020 0.0444 0.0084 0.0025 0.5478 0.0007 0.0276 0.1581 0.2079 
        018s 11 0.0021 0.1226 0.0090 0.0017 0.0011 0.0164 0.0011 0.8366 0.0014 0.0081 
        019s 11 0.0003 0.0383 0.0007 0.0009 0.0106 0.0023 0.0006 0.0032 0.0042 0.9391 
        020s 11 0.0031 0.0841 0.0048 0.0118 0.0019 0.1309 0.0021 0.6621 0.0008 0.0985 
        021s 11 0.0005 0.0043 0.0007 0.0008 0.0017 0.4223 0.0005 0.0049 0.0015 0.5629 
        022s 11 0.0011 0.0412 0.0013 0.0053 0.0005 0.0281 0.0240 0.0049 0.0229 0.8709 
        023s 11 0.0005 0.1458 0.0123 0.0011 0.0236 0.0687 0.0004 0.7385 0.0025 0.0067 
        025s 11 0.0002 0.0388 0.0004 0.0140 0.0011 0.0042 0.0003 0.0089 0.0009 0.9310 
        026s 11 0.0010 0.0274 0.0324 0.0058 0.0457 0.0029 0.0009 0.0019 0.0028 0.8792 
        027s 11 0.0005 0.0324 0.0007 0.0124 0.0011 0.0077 0.0027 0.0043 0.0018 0.9364 
        028s 11 0.0003 0.1080 0.0052 0.0042 0.0009 0.3405 0.0012 0.0049 0.0020 0.5328 
        029s 11 0.0009 0.0451 0.0109 0.0098 0.0004 0.6572 0.0003 0.0038 0.0383 0.2333 
        030s 11 0.0013 0.3027 0.0141 0.0022 0.0008 0.0026 0.0018 0.0009 0.0564 0.6172 
        031s 11 0.0007 0.0034 0.0005 0.0072 0.0005 0.8138 0.0021 0.0122 0.0033 0.1563 
        032s 11 0.0011 0.0886 0.0012 0.0010 0.0020 0.7885 0.0003 0.0900 0.0015 0.0259 
        033s 11 0.0012 0.0233 0.0053 0.0015 0.0008 0.0154 0.0006 0.1175 0.0008 0.8336 
        034s 11 0.0004 0.0424 0.0017 0.0008 0.0005 0.1670 0.0030 0.7764 0.0003 0.0074 
        035s 11 0.0020 0.0036 0.0116 0.0048 0.0006 0.0380 0.0017 0.4692 0.0032 0.4653 
        036s 11 0.0012 0.0613 0.0152 0.0050 0.0003 0.8421 0.0007 0.0055 0.0618 0.0069 
        037s 11 0.0014 0.0021 0.0015 0.0041 0.0016 0.0087 0.0005 0.9217 0.0286 0.0299 
        038s 11 0.0012 0.0118 0.0022 0.0127 0.0013 0.5490 0.0003 0.3486 0.0131 0.0597 
        039s 11 0.0005 0.0039 0.0022 0.0085 0.0010 0.0168 0.0004 0.0051 0.0019 0.9598 
        040s 11 0.0009 0.0030 0.0527 0.0142 0.0005 0.0242 0.0014 0.0016 0.0495 0.8521 
        041s 11 0.0211 0.0388 0.0008 0.0074 0.0034 0.0062 0.0015 0.0049 0.0014 0.9145 
        042s 11 0.0009 0.0019 0.0010 0.0008 0.0120 0.5882 0.0009 0.3894 0.0013 0.0036 
        043s 11 0.0005 0.0093 0.0111 0.0229 0.0153 0.1001 0.0006 0.0147 0.0033 0.8222 
        044s 11 0.0010 0.0347 0.0006 0.0116 0.0072 0.3079 0.0105 0.0584 0.0022 0.5660 
        045s 11 0.0003 0.0152 0.0005 0.0019 0.0109 0.8017 0.0020 0.0223 0.0017 0.1436 
        046s 11 0.0007 0.0012 0.0170 0.0072 0.0193 0.4385 0.0038 0.4865 0.0218 0.0038 
        047s 11 0.0006 0.1071 0.0005 0.0010 0.0026 0.2292 0.0013 0.0036 0.0388 0.6153 
        048s 11 0.0029 0.0032 0.0034 0.0085 0.0352 0.7434 0.0025 0.0024 0.0016 0.1969 
        049s 11 0.0012 0.1825 0.0008 0.0056 0.0010 0.1110 0.0006 0.0087 0.0029 0.6857 
        050s 11 0.0004 0.0054 0.0005 0.0088 0.0016 0.0171 0.0040 0.0046 0.0004 0.9572 
        051s 11 0.0004 0.0041 0.0004 0.0007 0.0470 0.0311 0.0179 0.0630 0.0020 0.8333 
        052s 11 0.0009 0.0024 0.0017 0.0039 0.0016 0.4103 0.0030 0.5704 0.0029 0.0029 
        053s 11 0.0015 0.0429 0.0004 0.0106 0.0009 0.0425 0.0004 0.0062 0.0037 0.8910 
        054s 11 0.0004 0.0109 0.0008 0.0020 0.0009 0.0084 0.0055 0.0094 0.0068 0.9549 
        055s 11 0.0002 0.0011 0.0259 0.0556 0.0003 0.0862 0.0005 0.8174 0.0006 0.0123 
        001s 12 0.0013 0.0056 0.0014 0.0080 0.0010 0.0235 0.0013 0.0080 0.0112 0.9387 
        002s 12 0.0019 0.0026 0.0014 0.0112 0.0006 0.0258 0.0004 0.0025 0.0005 0.9531 
        003s 12 0.0008 0.0140 0.0004 0.0006 0.0004 0.0556 0.0006 0.0168 0.0007 0.9100 
        004s 12 0.0027 0.0085 0.0644 0.0089 0.0071 0.9000 0.0008 0.0030 0.0022 0.0024 
        005s 12 0.0009 0.0074 0.0006 0.0006 0.0009 0.1478 0.0005 0.5632 0.0009 0.2772 
        006s 12 0.0010 0.0455 0.0111 0.0071 0.0014 0.8466 0.0022 0.0329 0.0352 0.0169 
        007s 12 0.0021 0.1068 0.0010 0.0036 0.0010 0.0267 0.0022 0.0023 0.0022 0.8519 
        008s 12 0.0007 0.0017 0.0021 0.0385 0.0007 0.0293 0.0004 0.0074 0.0019 0.9171 
        009s 12 0.0170 0.5121 0.0029 0.0007 0.0057 0.3695 0.0010 0.0272 0.0171 0.0466 
        010s 12 0.0018 0.0019 0.0057 0.0107 0.0005 0.0494 0.0172 0.0663 0.0423 0.8041 
        011s 12 0.0009 0.2301 0.0007 0.0007 0.0006 0.6834 0.0025 0.0206 0.0023 0.0581 
        012s 12 0.0004 0.3071 0.0014 0.0010 0.0022 0.1758 0.0019 0.0049 0.0286 0.4768 
        013s 12 0.0006 0.0030 0.0009 0.0059 0.0384 0.0162 0.0004 0.0021 0.0249 0.9076 
        014s 12 0.0060 0.0150 0.0017 0.0082 0.0356 0.0048 0.0398 0.2735 0.0218 0.5935 
        015s 12 0.0012 0.0410 0.0059 0.0012 0.0010 0.0063 0.0006 0.0031 0.0027 0.9369 
        016s 12 0.0007 0.0143 0.0006 0.0016 0.0039 0.9629 0.0006 0.0021 0.0021 0.0112 
        017s 12 0.0004 0.0029 0.0085 0.0105 0.0014 0.0075 0.0017 0.0405 0.0023 0.9243 
        018s 12 0.0026 0.0737 0.0004 0.0026 0.0022 0.0055 0.0002 0.0064 0.0669 0.8395 
        019s 12 0.0033 0.0051 0.0044 0.0102 0.0004 0.0135 0.0005 0.0353 0.0032 0.9240 
        020s 12 0.0002 0.1092 0.0635 0.0162 0.0008 0.0077 0.0003 0.0144 0.0118 0.7758 
        021s 12 0.0005 0.0319 0.0031 0.0039 0.0021 0.2401 0.0004 0.0047 0.0316 0.6817 
        022s 12 0.0045 0.0017 0.0258 0.0080 0.0027 0.0399 0.0010 0.0295 0.0044 0.8825 
        023s 12 0.0013 0.0351 0.0006 0.0063 0.0011 0.4378 0.0003 0.0113 0.0006 0.5055 
        024s 12 0.0005 0.0007 0.0008 0.0016 0.0007 0.0021 0.0003 0.3971 0.0374 0.5590 
        025s 12 0.0034 0.0835 0.0015 0.0334 0.0011 0.0541 0.0012 0.0066 0.0004 0.8147 
        026s 12 0.0101 0.2352 0.0181 0.0007 0.0007 0.0267 0.0010 0.0638 0.0007 0.6431 
        027s 12 0.0003 0.0022 0.0023 0.0184 0.0004 0.0134 0.0006 0.0058 0.0040 0.9527 
        028s 12 0.0139 0.0120 0.0012 0.0007 0.0055 0.0048 0.0008 0.9370 0.0003 0.0237 
        029s 12 0.0004 0.0616 0.0005 0.0143 0.0011 0.0039 0.0010 0.2982 0.0006 0.6186 
        030s 12 0.0004 0.0477 0.0008 0.0056 0.0006 0.0036 0.0012 0.0034 0.0032 0.9336 
        031s 12 0.0008 0.0095 0.0020 0.0075 0.0023 0.0046 0.0006 0.0022 0.0038 0.9667 
        032s 12 0.0123 0.0171 0.0008 0.0008 0.0011 0.0061 0.0005 0.7443 0.0019 0.2151 
        033s 12 0.0005 0.0302 0.0013 0.0018 0.0007 0.1612 0.0027 0.0045 0.0244 0.7727 
        034s 12 0.0005 0.0060 0.0004 0.0083 0.0007 0.0087 0.0004 0.8508 0.0006 0.1237 
        035s 12 0.0008 0.0208 0.0068 0.0065 0.0009 0.6282 0.0010 0.0716 0.0079 0.2556 
        036s 12 0.0026 0.0053 0.0024 0.0123 0.0010 0.0099 0.0044 0.0270 0.0182 0.9169 
        037s 12 0.0008 0.0296 0.0012 0.0053 0.0007 0.0022 0.0005 0.0015 0.0156 0.9426 
        001s 13 0.0008 0.0026 0.0270 0.0014 0.0042 0.9242 0.0008 0.0145 0.0023 0.0220 
        002s 13 0.0003 0.2986 0.0240 0.0036 0.0007 0.0018 0.0004 0.6521 0.0175 0.0011 
        003s 13 0.0005 0.0215 0.0009 0.0125 0.0013 0.0344 0.0003 0.0100 0.0022 0.9165 
        004s 13 0.0126 0.0078 0.0013 0.0051 0.0034 0.9344 0.0007 0.0173 0.0050 0.0123 
        005s 13 0.0019 0.0111 0.0030 0.0069 0.0020 0.0115 0.0031 0.0062 0.0038 0.9505 
        006s 13 0.0009 0.0861 0.0004 0.0075 0.0005 0.0092 0.0010 0.0063 0.0049 0.8833 
        007s 13 0.0006 0.1321 0.0005 0.0145 0.0011 0.5987 0.0189 0.0083 0.0040 0.2212 
        008s 13 0.0016 0.1425 0.0362 0.0065 0.0008 0.0015 0.0026 0.0013 0.0020 0.8050 
        009s 13 0.0136 0.0232 0.1064 0.0042 0.0011 0.6119 0.0012 0.0056 0.0006 0.2323 
        010s 13 0.0020 0.0020 0.0192 0.0052 0.0014 0.8371 0.0005 0.0056 0.1175 0.0095 
        011s 13 0.0065 0.2598 0.0020 0.0030 0.0034 0.1336 0.0183 0.3148 0.0059 0.2527 
        012s 13 0.0042 0.0032 0.0259 0.0043 0.0232 0.0668 0.0008 0.0045 0.1384 0.7287 
        013s 13 0.0008 0.0266 0.0309 0.0122 0.0086 0.0279 0.0241 0.5308 0.0049 0.3333 
        014s 13 0.0012 0.0814 0.0005 0.0182 0.0029 0.0782 0.0155 0.0013 0.0415 0.7594 
        015s 13 0.0088 0.0021 0.0060 0.0055 0.0081 0.0200 0.0011 0.0253 0.0012 0.9219 
        016s 13 0.0006 0.0065 0.0003 0.0021 0.0010 0.1365 0.0006 0.0071 0.0069 0.8384 
        017s 13 0.0067 0.0022 0.0013 0.0528 0.0004 0.7932 0.0020 0.0198 0.0091 0.1125 
        018s 13 0.0008 0.0025 0.0004 0.0015 0.0009 0.8533 0.0003 0.0181 0.0057 0.1165 
        019s 13 0.0005 0.0007 0.0006 0.0102 0.0012 0.0163 0.0009 0.0556 0.0142 0.8998 
        020s 13 0.0018 0.0013 0.0009 0.0062 0.0003 0.0148 0.0039 0.9240 0.0007 0.0460 
        021s 13 0.0007 0.0072 0.0011 0.0069 0.0017 0.0073 0.0007 0.0163 0.0028 0.9553 
        022s 13 0.0006 0.0194 0.0012 0.0084 0.0012 0.0460 0.0006 0.0023 0.0005 0.9198 
        023s 13 0.0007 0.0440 0.0007 0.0019 0.0003 0.0853 0.0003 0.0510 0.0007 0.8151 
        024s 13 0.0004 0.5401 0.0067 0.0009 0.0348 0.0187 0.0032 0.0026 0.0011 0.3914 
        025s 13 0.0009 0.0039 0.0013 0.0121 0.0029 0.9057 0.0005 0.0035 0.0026 0.0665 
        026s 13 0.0003 0.0636 0.0382 0.0182 0.0092 0.0035 0.0017 0.0224 0.1314 0.7112 
        027s 13 0.0029 0.0857 0.0278 0.0127 0.0015 0.0065 0.0012 0.0091 0.0039 0.8487 
        028s 13 0.0067 0.3030 0.0009 0.0134 0.0017 0.0495 0.0023 0.4640 0.0021 0.1565 
        029s 13 0.0007 0.0252 0.0204 0.0010 0.0022 0.0302 0.0018 0.7476 0.0376 0.1331 
        030s 13 0.0006 0.0012 0.0710 0.0010 0.0252 0.2564 0.0004 0.6125 0.0008 0.0308 
        031s 13 0.0012 0.0338 0.0076 0.0033 0.0982 0.1942 0.0028 0.0118 0.0025 0.6446 
        032s 13 0.0005 0.0028 0.0007 0.0026 0.0003 0.0265 0.0098 0.0144 0.0009 0.9415 
        033s 13 0.0007 0.0158 0.0024 0.0152 0.0011 0.8948 0.0095 0.0136 0.0265 0.0204 
        034s 13 0.0029 0.0103 0.0347 0.0005 0.0013 0.0008 0.0209 0.9021 0.0009 0.0255 
        035s 13 0.0016 0.0046 0.0007 0.0079 0.0036 0.1846 0.0007 0.2566 0.0009 0.5387 
        036s 13 0.0006 0.0151 0.0023 0.0009 0.0005 0.0744 0.0004 0.1384 0.0212 0.7463 
        037s 13 0.0005 0.0321 0.0005 0.0053 0.0018 0.0084 0.0006 0.0056 0.0028 0.9424 
        038s 13 0.0015 0.0871 0.0009 0.0020 0.0014 0.2900 0.0011 0.4810 0.0105 0.1244 
        039s 13 0.0010 0.2728 0.0506 0.0014 0.0546 0.0130 0.0010 0.0164 0.0060 0.5832 
        040s 13 0.0005 0.0940 0.0012 0.0095 0.0014 0.3144 0.0009 0.0090 0.0165 0.5527 
        041s 13 0.0004 0.0311 0.0336 0.0137 0.0018 0.1278 0.0022 0.0052 0.0501 0.7341 
        042s 13 0.0010 0.0080 0.0003 0.0051 0.0011 0.0142 0.0013 0.9598 0.0015 0.0079 
        001s 14 0.0020 0.0032 0.0102 0.0014 0.0009 0.4864 0.0009 0.4587 0.0349 0.0014 
        002s 14 0.0024 0.0120 0.0588 0.0024 0.0011 0.0030 0.0022 0.0039 0.0015 0.9127 
        003s 14 0.0007 0.0021 0.0005 0.0089 0.0011 0.0025 0.0005 0.9770 0.0018 0.0050 
        004s 14 0.0008 0.0185 0.0165 0.0181 0.0023 0.6382 0.0097 0.0043 0.0036 0.2881 
        005s 14 0.0007 0.0405 0.0007 0.0055 0.0005 0.0153 0.0002 0.1811 0.0007 0.7548 
        006s 14 0.0005 0.0112 0.0005 0.0116 0.0004 0.6925 0.0006 0.0507 0.0017 0.2303 
        007s 14 0.0006 0.0156 0.0006 0.0015 0.0010 0.0274 0.0010 0.0098 0.0005 0.9421 
        008s 14 0.0182 0.0010 0.0990 0.0023 0.0017 0.0111 0.0048 0.8059 0.0090 0.0469 
        009s 14 0.0068 0.0869 0.0017 0.0047 0.0011 0.5034 0.0005 0.0456 0.0012 0.3481 
        010s 14 0.0139 0.0036 0.0672 0.0006 0.0007 0.5643 0.0006 0.3417 0.0027 0.0048 
        011s 14 0.0005 0.0025 0.0049 0.0299 0.0014 0.1094 0.0061 0.3803 0.0154 0.4495 
        012s 14 0.0017 0.0754 0.0004 0.0021 0.0030 0.0053 0.0022 0.8527 0.0091 0.0481 
        013s 14 0.0007 0.0218 0.0015 0.0033 0.0050 0.1769 0.0053 0.1498 0.0338 0.6018 
        014s 14 0.0079 0.0049 0.0433 0.0036 0.0009 0.8136 0.0006 0.0036 0.0171 0.1044 
        015s 14 0.0086 0.0053 0.0007 0.0106 0.0029 0.0311 0.0007 0.0179 0.0147 0.9075 
        016s 14 0.0005 0.0112 0.0012 0.0078 0.0107 0.0789 0.0002 0.0012 0.0176 0.8706 
        017s 14 0.0007 0.0094 0.0567 0.0118 0.0007 0.0034 0.0086 0.0019 0.0162 0.8907 
        018s 14 0.0015 0.0082 0.0011 0.0038 0.0012 0.2652 0.0004 0.0047 0.0073 0.7065 
        019s 14 0.0004 0.0046 0.0029 0.0122 0.0009 0.0670 0.0012 0.0166 0.0057 0.8886 
        020s 14 0.0085 0.0127 0.0007 0.0010 0.0014 0.2633 0.0003 0.6996 0.0008 0.0118 
        021s 14 0.0089 0.0152 0.0072 0.0068 0.0004 0.0133 0.0003 0.0024 0.0011 0.9444 
        022s 14 0.0022 0.1022 0.0021 0.0090 0.0011 0.0035 0.0014 0.0072 0.0536 0.8177 
        023s 14 0.0015 0.0014 0.0296 0.0004 0.0034 0.1401 0.0022 0.0169 0.0010 0.8034 
        024s 14 0.0035 0.0046 0.0527 0.0081 0.0007 0.7205 0.0012 0.2001 0.0021 0.0065 
        025s 14 0.0003 0.0181 0.0517 0.0082 0.0004 0.6516 0.0003 0.1661 0.0013 0.1019 
