        001s  1 0.0012 0.7063 0.0005 0.0007 0.0029 0.0004 0.2880 
        002s  1 0.0005 0.1604 0.0009 0.0007 0.0137 0.0023 0.8215 
        003s  1 0.0207 0.0054 0.0026 0.0037 0.0157 0.0007 0.9514 
        004s  1 0.0004 0.4402 0.0059 0.0048 0.0054 0.0297 0.5135 
        005s  1 0.0002 0.0248 0.0014 0.2216 0.0069 0.2087 0.5364 
        006s  1 0.0007 0.9631 0.0005 0.0005 0.0299 0.0012 0.0041 
        007s  1 0.0009 0.9099 0.0046 0.0042 0.0583 0.0003 0.0218 
        008s  1 0.0012 0.3562 0.0013 0.0042 0.0264 0.0014 0.6093 
        009s  1 0.0032 0.4296 0.0079 0.0565 0.0989 0.0068 0.3971 
        010s  1 0.0006 0.8272 0.0004 0.0106 0.1500 0.0011 0.0101 
        011s  1 0.0045 0.9715 0.0025 0.0019 0.0093 0.0016 0.0087 
        012s  1 0.0099 0.5557 0.0012 0.1195 0.2057 0.0086 0.0994 
        013s  1 0.0012 0.9269 0.0120 0.0028 0.0126 0.0232 0.0212 
        014s  1 0.0186 0.7990 0.0072 0.0288 0.1386 0.0017 0.0061 
        015s  1 0.0009 0.9863 0.0005 0.0007 0.0055 0.0005 0.0057 
        016s  1 0.0013 0.7248 0.0085 0.0019 0.1846 0.0006 0.0783 
        018s  1 0.0012 0.5761 0.0010 0.1480 0.1970 0.0020 0.0747 
        019s  1 0.0047 0.7399 0.0014 0.0176 0.0476 0.0005 0.1884 
        020s  1 0.0108 0.8457 0.0089 0.0006 0.1260 0.0004 0.0076 
        021s  1 0.0008 0.8448 0.0083 0.0003 0.0818 0.0092 0.0550 
        022s  1 0.0005 0.0143 0.0013 0.0002 0.0092 0.0003 0.9742 
        023s  1 0.0013 0.4639 0.0116 0.0004 0.3463 0.0006 0.1759 
        024s  1 0.0005 0.9742 0.0010 0.0014 0.0161 0.0008 0.0059 
        025s  1 0.0004 0.9409 0.0012 0.0087 0.0412 0.0019 0.0057 
        026s  1 0.0045 0.7286 0.0080 0.0011 0.2512 0.0012 0.0054 
        027s  1 0.0004 0.8808 0.0038 0.0022 0.0861 0.0103 0.0165 
        028s  1 0.0030 0.8585 0.0005 0.0524 0.0303 0.0533 0.0021 
        029s  1 0.0073 0.8917 0.0010 0.0011 0.0827 0.0005 0.0157 
        030s  1 0.0075 0.9501 0.0008 0.0012 0.0349 0.0035 0.0019 
        031s  1 0.0004 0.9218 0.0014 0.0002 0.0084 0.0004 0.0674 
        032s  1 0.0012 0.9337 0.0006 0.0009 0.0558 0.0006 0.0072 
        033s  1 0.0011 0.9613 0.0012 0.0070 0.0174 0.0007 0.0112 
        034s  1 0.0046 0.4202 0.0538 0.0012 0.0093 0.0009 0.5099 
        035s  1 0.0025 0.9691 0.0007 0.0013 0.0219 0.0016 0.0029 
        036s  1 0.0004 0.3713 0.0009 0.0871 0.0495 0.0011 0.4897 
        037s  1 0.0015 0.4322 0.0404 0.1087 0.3229 0.0073 0.0871 
        038s  1 0.0008 0.9530 0.0012 0.0012 0.0322 0.0008 0.0107 
        039s  1 0.0013 0.9521 0.0004 0.0004 0.0113 0.0217 0.0127 
        040s  1 0.0011 0.8651 0.0031 0.0011 0.0316 0.0027 0.0953 
        041s  1 0.0014 0.8942 0.0039 0.0029 0.0795 0.0005 0.0176 
        042s  1 0.0011 0.5557 0.0796 0.0765 0.1231 0.0005 0.1636 
        043s  1 0.0023 0.0426 0.0006 0.0135 0.0057 0.0016 0.9337 
        044s  1 0.0039 0.4244 0.0126 0.0886 0.2389 0.0153 0.2164 
        045s  1 0.0009 0.8096 0.0010 0.0061 0.1795 0.0011 0.0017 
        046s  1 0.0025 0.9376 0.0009 0.0015 0.0327 0.0006 0.0242 
        047s  1 0.0017 0.9001 0.0064 0.0007 0.0851 0.0003 0.0058 
        048s  1 0.0005 0.4319 0.0008 0.0538 0.0064 0.0002 0.5064 
        049s  1 0.0014 0.0150 0.0006 0.0004 0.0093 0.0018 0.9715 
        050s  1 0.0003 0.7218 0.0007 0.1000 0.0629 0.0022 0.1120 
        051s  1 0.0247 0.9213 0.0007 0.0005 0.0362 0.0004 0.0162 
        052s  1 0.0223 0.1628 0.0012 0.0050 0.7762 0.0058 0.0268 
        053s  1 0.0004 0.8241 0.0006 0.0019 0.1688 0.0005 0.0037 
        054s  1 0.0032 0.8904 0.0010 0.0003 0.0975 0.0027 0.0050 
        055s  1 0.0012 0.8292 0.0716 0.0904 0.0055 0.0010 0.0011 
          01  2 0.0262 0.8071 0.0025 0.1232 0.0356 0.0020 0.0034 
          02  2 0.0020 0.7572 0.0007 0.0193 0.2151 0.0020 0.0036 
          03  2 0.0003 0.9614 0.0014 0.0013 0.0284 0.0009 0.0062 
          04  2 0.0016 0.8617 0.0140 0.0029 0.0523 0.0222 0.0454 
          05  2 0.0003 0.0119 0.0004 0.1235 0.0106 0.0007 0.8526 
          06  2 0.0006 0.8501 0.0006 0.0390 0.1015 0.0027 0.0054 
          07  2 0.0011 0.8171 0.0007 0.0075 0.0181 0.0022 0.1532 
          08  2 0.0011 0.0771 0.0014 0.0821 0.0228 0.0004 0.8150 
          09  2 0.0089 0.7889 0.0003 0.0008 0.1360 0.0005 0.0646 
          10  2 0.0008 0.7783 0.0005 0.0013 0.1986 0.0008 0.0197 
          11  2 0.0083 0.9573 0.0028 0.0093 0.0044 0.0013 0.0165 
          12  2 0.0020 0.5407 0.0008 0.0009 0.4381 0.0010 0.0165 
          13  2 0.0010 0.7814 0.0007 0.0003 0.0058 0.0006 0.2101 
          14  2 0.0050 0.5877 0.0267 0.0005 0.0098 0.0091 0.3611 
          15  2 0.0015 0.6157 0.0013 0.0008 0.0816 0.0006 0.2984 
          16  2 0.0041 0.8587 0.0032 0.0008 0.0601 0.0577 0.0154 
          17  2 0.0011 0.4643 0.0018 0.0018 0.4214 0.0010 0.1086 
          18  2 0.0014 0.7454 0.0009 0.0186 0.2263 0.0042 0.0031 
          19  2 0.0024 0.8704 0.0045 0.0013 0.1166 0.0003 0.0045 
          20  2 0.0034 0.4697 0.0051 0.0542 0.4543 0.0069 0.0064 
          21  2 0.0189 0.9269 0.0005 0.0014 0.0347 0.0004 0.0172 
          22  2 0.0053 0.9668 0.0056 0.0024 0.0133 0.0040 0.0026 
          23  2 0.0008 0.6747 0.0025 0.0014 0.3150 0.0020 0.0038 
          24  2 0.0016 0.9085 0.0008 0.0005 0.0833 0.0008 0.0044 
          25  2 0.0017 0.8004 0.0012 0.0081 0.0492 0.0214 0.1180 
          26  2 0.0010 0.0009 0.0003 0.0005 0.0007 0.0004 0.9963 
          27  2 0.0013 0.9103 0.0031 0.0009 0.0183 0.0283 0.0377 
          28  2 0.0010 0.8721 0.0033 0.0017 0.0194 0.0002 0.1023 
          29  2 0.0007 0.9624 0.0004 0.0013 0.0288 0.0009 0.0055 
          30  2 0.0073 0.0770 0.0818 0.1593 0.6628 0.0005 0.0113 
          01  3 0.0004 0.0029 0.0068 0.4323 0.3324 0.2169 0.0083 
          02  3 0.0734 0.0802 0.0050 0.3323 0.0428 0.4611 0.0052 
          03  3 0.0004 0.3694 0.0015 0.3145 0.0008 0.3111 0.0022 
          04  3 0.0005 0.1814 0.0011 0.4642 0.0017 0.3489 0.0022 
          05  3 0.1142 0.0005 0.1207 0.3635 0.0005 0.3999 0.0007 
          06  3 0.0003 0.0525 0.0007 0.4237 0.0254 0.4946 0.0029 
          07  3 0.0006 0.3742 0.0003 0.3745 0.0010 0.2473 0.0020 
          08  3 0.0040 0.2287 0.0037 0.3735 0.0672 0.3206 0.0024 
          09  3 0.0003 0.2950 0.0035 0.4260 0.0061 0.2660 0.0031 
          10  3 0.2160 0.0177 0.1258 0.1958 0.0248 0.4135 0.0064 
          11  3 0.0004 0.2810 0.0004 0.4119 0.0016 0.3036 0.0012 
          12  3 0.0004 0.1170 0.0003 0.4183 0.0364 0.3131 0.1144 
          13  3 0.0157 0.0041 0.0002 0.4574 0.0024 0.5193 0.0008 
          14  3 0.0451 0.0034 0.1545 0.3336 0.0047 0.4561 0.0025 
          15  3 0.0003 0.3427 0.0013 0.3789 0.0014 0.2725 0.0029 
          16  3 0.0050 0.0077 0.0035 0.3127 0.0469 0.5988 0.0254 
          17  3 0.0007 0.3992 0.0004 0.4187 0.0016 0.1770 0.0024 
          18  3 0.1657 0.0042 0.2771 0.2062 0.0077 0.3346 0.0045 
          19  3 0.0005 0.0531 0.0036 0.3706 0.1093 0.4603 0.0026 
          20  3 0.0003 0.0062 0.0521 0.4576 0.1616 0.3083 0.0139 
          21  3 0.0015 0.0564 0.0034 0.3721 0.1909 0.3735 0.0021 
          22  3 0.0008 0.1859 0.0022 0.4885 0.0123 0.2289 0.0815 
          23  3 0.0004 0.2003 0.0012 0.4111 0.0252 0.3545 0.0073 
          24  3 0.1675 0.0080 0.0016 0.4902 0.0137 0.2835 0.0357 
          25  3 0.2503 0.0006 0.1293 0.3154 0.0004 0.3035 0.0005 
          26  3 0.0006 0.1200 0.0007 0.4361 0.1026 0.3391 0.0010 
          27  3 0.1308 0.0188 0.1723 0.2576 0.0311 0.3672 0.0222 
          28  3 0.0033 0.0566 0.0003 0.4507 0.0099 0.4617 0.0175 
          29  3 0.0044 0.0414 0.0039 0.3932 0.1347 0.4183 0.0041 
          30  3 0.0014 0.0070 0.0004 0.4447 0.0019 0.2472 0.2975 
         001  4 0.0001 0.0001 0.0001 0.9994 0.0001 0.0001 0.0001 
         002  4 0.0002 0.0003 0.0001 0.9986 0.0002 0.0002 0.0003 
         003  4 0.0002 0.0001 0.0001 0.9993 0.0001 0.0001 0.0001 
         004  4 0.0001 0.0001 0.0001 0.9993 0.0001 0.0002 0.0001 
         005  4 0.0004 0.0001 0.0002 0.9989 0.0001 0.0002 0.0002 
         006  4 0.0003 0.0004 0.0004 0.9258 0.0005 0.0717 0.0008 
         007  4 0.0002 0.0025 0.0013 0.9342 0.0012 0.0510 0.0096 
         008  4 0.0028 0.0008 0.0064 0.9873 0.0008 0.0004 0.0015 
         009  4 0.0002 0.0001 0.0001 0.9990 0.0001 0.0002 0.0002 
         010  4 0.0001 0.0001 0.0001 0.9947 0.0001 0.0049 0.0001 
         011  4 0.0005 0.0006 0.0347 0.9400 0.0005 0.0232 0.0005 
         012  4 0.0001 0.0001 0.0001 0.9994 0.0001 0.0001 0.0001 
         013  4 0.0001 0.0001 0.0001 0.9995 0.0001 0.0001 0.0001 
         014  4 0.0001 0.0002 0.0002 0.9990 0.0002 0.0001 0.0002 
         015  4 0.0001 0.0001 0.0001 0.9996 0.0001 0.0001 0.0001 
         016  4 0.0001 0.0001 0.0001 0.9993 0.0001 0.0002 0.0001 
         017  4 0.0001 0.0001 0.0001 0.9992 0.0001 0.0002 0.0001 
         019  4 0.0003 0.0002 0.0007 0.9137 0.0004 0.0844 0.0003 
         020  4 0.0003 0.0002 0.0001 0.9988 0.0002 0.0001 0.0003 
         021  4 0.0004 0.0003 0.0004 0.9882 0.0006 0.0096 0.0004 
         001  5 0.0015 0.0007 0.0361 0.9602 0.0005 0.0005 0.0004 
         002  5 0.0011 0.0060 0.0017 0.9500 0.0017 0.0002 0.0392 
         003  5 0.0002 0.1617 0.0050 0.7505 0.0087 0.0722 0.0016 
         004  5 0.0003 0.0437 0.0029 0.9318 0.0108 0.0004 0.0102 
         005  5 0.0002 0.0004 0.0006 0.9970 0.0004 0.0009 0.0004 
         006  5 0.0005 0.0004 0.0002 0.8967 0.0007 0.1011 0.0004 
         007  5 0.0003 0.0003 0.0003 0.9099 0.0003 0.0885 0.0004 
         008  5 0.0002 0.0002 0.0002 0.9944 0.0002 0.0047 0.0001 
         009  5 0.0002 0.0290 0.0015 0.9263 0.0300 0.0031 0.0099 
         010  5 0.0004 0.0019 0.0039 0.9235 0.0019 0.0669 0.0015 
         011  5 0.0003 0.0019 0.0076 0.9872 0.0015 0.0006 0.0010 
         012  5 0.0007 0.0320 0.0029 0.8643 0.0148 0.0774 0.0079 
         013  5 0.0007 0.1410 0.0009 0.7506 0.0562 0.0476 0.0029 
         014  5 0.0208 0.1288 0.0167 0.7024 0.0028 0.0952 0.0333 
         015  5 0.0003 0.0002 0.0002 0.9707 0.0003 0.0282 0.0002 
         016  5 0.0008 0.0012 0.0004 0.9360 0.0016 0.0587 0.0012 
         017  5 0.0014 0.0119 0.0003 0.8788 0.0121 0.0793 0.0163 
         018  5 0.0289 0.0144 0.0223 0.8712 0.0248 0.0348 0.0036 
         019  5 0.0098 0.0004 0.0014 0.9875 0.0004 0.0001 0.0003 
         020  5 0.0001 0.0002 0.0001 0.9992 0.0001 0.0001 0.0001 
         021  5 0.0004 0.1011 0.0067 0.8555 0.0019 0.0004 0.0340 
         022  5 0.0025 0.0179 0.0469 0.9194 0.0074 0.0040 0.0018 
         023  5 0.0005 0.0011 0.0032 0.9646 0.0012 0.0281 0.0013 
         024  5 0.0005 0.0334 0.0008 0.8848 0.0105 0.0645 0.0056 
         025  5 0.0011 0.0198 0.0005 0.8860 0.0043 0.0691 0.0192 
         026  5 0.0004 0.1171 0.0003 0.8369 0.0342 0.0106 0.0005 
         027  5 0.0001 0.0002 0.0001 0.9989 0.0002 0.0003 0.0002 
         028  5 0.0009 0.0125 0.0105 0.9210 0.0071 0.0457 0.0024 
         029  5 0.0003 0.0006 0.0003 0.9950 0.0006 0.0029 0.0004 
         030  5 0.0082 0.0009 0.0020 0.9864 0.0010 0.0007 0.0008 
        001s  6 0.0007 0.6875 0.0198 0.0012 0.0097 0.0253 0.2558 
        002s  6 0.0214 0.7729 0.0006 0.0465 0.1541 0.0007 0.0037 
        003s  6 0.0004 0.4502 0.0026 0.0226 0.2680 0.0006 0.2555 
        004s  6 0.0005 0.8309 0.0008 0.0004 0.1390 0.0004 0.0280 
        006s  6 0.0021 0.8756 0.0110 0.0594 0.0241 0.0228 0.0049 
        007s  6 0.0010 0.8296 0.0006 0.0007 0.1596 0.0027 0.0058 
        008s  6 0.0032 0.8849 0.0056 0.0037 0.0868 0.0007 0.0150 
        009s  6 0.0010 0.5719 0.0009 0.0004 0.4162 0.0005 0.0091 
        010s  6 0.0109 0.9413 0.0171 0.0095 0.0113 0.0079 0.0020 
        011s  6 0.0003 0.7161 0.0012 0.0007 0.2774 0.0022 0.0022 
        012s  6 0.0034 0.9392 0.0017 0.0007 0.0393 0.0060 0.0096 
        013s  6 0.0007 0.7683 0.0004 0.0014 0.2218 0.0011 0.0063 
        014s  6 0.0004 0.4008 0.0004 0.0814 0.1293 0.0003 0.3873 
        015s  6 0.0010 0.5981 0.0060 0.0097 0.3772 0.0056 0.0023 
        016s  6 0.0006 0.8510 0.0011 0.0003 0.0323 0.0010 0.1136 
        018s  6 0.0005 0.6872 0.0019 0.2654 0.0238 0.0018 0.0193 
        019s  6 0.0010 0.8976 0.0022 0.0102 0.0095 0.0022 0.0772 
        020s  6 0.0009 0.9497 0.0006 0.0003 0.0082 0.0009 0.0394 
        021s  6 0.0019 0.9665 0.0039 0.0016 0.0096 0.0125 0.0041 
        022s  6 0.0005 0.8262 0.0049 0.0008 0.1207 0.0003 0.0466 
        023s  6 0.0003 0.3137 0.0005 0.0174 0.1129 0.0004 0.5549 
        024s  6 0.0018 0.9563 0.0006 0.0260 0.0055 0.0019 0.0080 
        025s  6 0.0007 0.9059 0.0690 0.0016 0.0156 0.0007 0.0065 
        026s  6 0.0017 0.8494 0.0005 0.0005 0.1101 0.0008 0.0370 
        027s  6 0.0013 0.8559 0.0005 0.0011 0.1207 0.0006 0.0200 
        028s  6 0.0456 0.9012 0.0039 0.0158 0.0213 0.0113 0.0010 
        029s  6 0.0019 0.9666 0.0010 0.0006 0.0269 0.0003 0.0027 
        030s  6 0.0024 0.6327 0.0093 0.0686 0.2794 0.0008 0.0067 
        031s  6 0.0006 0.2326 0.0006 0.0013 0.0919 0.0056 0.6673 
        032s  6 0.0004 0.9126 0.0007 0.0075 0.0657 0.0014 0.0116 
        033s  6 0.0004 0.7581 0.0007 0.0921 0.1445 0.0002 0.0039 
        034s  6 0.0006 0.6251 0.0140 0.0014 0.3447 0.0031 0.0111 
        035s  6 0.0009 0.0014 0.0009 0.1279 0.0009 0.0003 0.8677 
        036s  6 0.0003 0.9713 0.0018 0.0008 0.0157 0.0065 0.0036 
        037s  6 0.0023 0.9389 0.0016 0.0011 0.0429 0.0008 0.0124 
        038s  6 0.0013 0.8116 0.0006 0.0004 0.0134 0.0026 0.1702 
        039s  6 0.0008 0.7379 0.0007 0.0003 0.2542 0.0004 0.0058 
        040s  6 0.0006 0.4918 0.0004 0.0004 0.2484 0.0041 0.2543 
        041s  6 0.0054 0.3901 0.0044 0.0343 0.0203 0.0002 0.5454 
        042s  6 0.0038 0.9014 0.0531 0.0098 0.0100 0.0008 0.0210 
        043s  6 0.0003 0.9394 0.0059 0.0008 0.0492 0.0008 0.0036 
        044s  6 0.0035 0.8153 0.0006 0.0007 0.0170 0.0005 0.1623 
        045s  6 0.0008 0.8849 0.0022 0.0056 0.0825 0.0004 0.0236 
        001s  7 0.0005 0.0256 0.0016 0.0011 0.1151 0.0006 0.8556 
        002s  7 0.0011 0.3903 0.0019 0.0239 0.0953 0.0018 0.4858 
        003s  7 0.0016 0.0154 0.0013 0.0010 0.0044 0.0023 0.9739 
        004s  7 0.0017 0.9347 0.0006 0.0010 0.0153 0.0035 0.0432 
        005s  7 0.0005 0.9337 0.0023 0.0120 0.0228 0.0026 0.0262 
        006s  7 0.0004 0.9029 0.0045 0.0623 0.0258 0.0008 0.0033 
        007s  7 0.0166 0.8164 0.0017 0.0064 0.1468 0.0068 0.0054 
        008s  7 0.0026 0.0046 0.0016 0.0157 0.0039 0.0003 0.9713 
        009s  7 0.0006 0.9169 0.0092 0.0023 0.0294 0.0021 0.0394 
        010s  7 0.0013 0.0040 0.0020 0.0010 0.0030 0.0004 0.9883 
        011s  7 0.0008 0.8847 0.0011 0.0005 0.0886 0.0007 0.0237 
        012s  7 0.0004 0.9599 0.0009 0.0007 0.0343 0.0005 0.0032 
        013s  7 0.0006 0.9626 0.0049 0.0005 0.0145 0.0074 0.0095 
        014s  7 0.0011 0.3981 0.0005 0.0268 0.0386 0.0013 0.5336 
        015s  7 0.0011 0.9558 0.0014 0.0154 0.0195 0.0014 0.0053 
        016s  7 0.0002 0.0010 0.0021 0.0886 0.0007 0.0002 0.9072 
        017s  7 0.0004 0.9697 0.0006 0.0009 0.0072 0.0006 0.0205 
        018s  7 0.0032 0.9123 0.0008 0.0022 0.0773 0.0005 0.0037 
        019s  7 0.0024 0.5629 0.0097 0.0014 0.4146 0.0016 0.0074 
        020s  7 0.0002 0.9747 0.0005 0.0006 0.0087 0.0012 0.0141 
        021s  7 0.0011 0.9849 0.0010 0.0019 0.0048 0.0007 0.0055 
        022s  7 0.0004 0.7692 0.0014 0.0016 0.2211 0.0031 0.0033 
        023s  7 0.0014 0.9141 0.0177 0.0089 0.0284 0.0012 0.0283 
        024s  7 0.0015 0.9036 0.0007 0.0018 0.0875 0.0006 0.0042 
        025s  7 0.0011 0.8983 0.0011 0.0010 0.0886 0.0056 0.0042 
        026s  7 0.0011 0.0066 0.0013 0.0015 0.0028 0.0003 0.9865 
        027s  7 0.0016 0.4707 0.0004 0.0014 0.0236 0.0012 0.5011 
        028s  7 0.0002 0.9144 0.0006 0.0055 0.0693 0.0009 0.0091 
        029s  7 0.0010 0.8946 0.0024 0.0098 0.0477 0.0010 0.0435 
        030s  7 0.0048 0.5966 0.0041 0.0003 0.2350 0.0008 0.1584 
        031s  7 0.0005 0.4065 0.0120 0.0026 0.5440 0.0009 0.0335 
        032s  7 0.0034 0.7928 0.0005 0.0989 0.1011 0.0006 0.0027 
        033s  7 0.0023 0.9207 0.0017 0.0358 0.0349 0.0011 0.0035 
        034s  7 0.0013 0.9445 0.0008 0.0013 0.0081 0.0401 0.0039 
        035s  7 0.0006 0.9658 0.0011 0.0005 0.0287 0.0003 0.0031 
        036s  7 0.0008 0.9436 0.0101 0.0004 0.0058 0.0036 0.0358 
        037s  7 0.0009 0.1859 0.0043 0.0689 0.7276 0.0041 0.0083 
        038s  7 0.0013 0.8797 0.0025 0.0143 0.0981 0.0005 0.0037 
        039s  7 0.0004 0.1991 0.0003 0.0005 0.3918 0.0003 0.4076 
        040s  7 0.0006 0.0014 0.0008 0.0066 0.0016 0.0264 0.9625 
        041s  7 0.0020 0.8559 0.0018 0.0301 0.0084 0.0007 0.1012 
        042s  7 0.0004 0.0102 0.0004 0.0046 0.0048 0.0010 0.9787 
        043s  7 0.0006 0.9446 0.0034 0.0016 0.0297 0.0002 0.0200 
        044s  7 0.0017 0.8409 0.0294 0.0538 0.0568 0.0141 0.0031 
         003  8 0.0100 0.9768 0.0010 0.0044 0.0035 0.0014 0.0031 
         009  8 0.0007 0.9788 0.0014 0.0012 0.0070 0.0006 0.0103 
         010  8 0.0005 0.9559 0.0023 0.0005 0.0282 0.0003 0.0124 
         017  8 0.0016 0.9786 0.0046 0.0009 0.0101 0.0006 0.0036 
         002  9 0.0010 0.9450 0.0010 0.0004 0.0334 0.0008 0.0184 
         003  9 0.0005 0.9267 0.0005 0.0002 0.0673 0.0005 0.0043 
         004  9 0.0005 0.9835 0.0012 0.0003 0.0032 0.0002 0.0110 
         005  9 0.0011 0.8784 0.0043 0.0005 0.1059 0.0011 0.0087 
         006  9 0.0005 0.9485 0.0020 0.0009 0.0432 0.0010 0.0039 
         007  9 0.0012 0.9843 0.0015 0.0035 0.0040 0.0004 0.0050 
         009  9 0.0013 0.9538 0.0026 0.0013 0.0212 0.0002 0.0196 
         010  9 0.0027 0.8438 0.0031 0.0003 0.1457 0.0004 0.0040 
         013  9 0.0004 0.9529 0.0015 0.0011 0.0229 0.0009 0.0204 
         014  9 0.0067 0.6321 0.0020 0.0003 0.3485 0.0003 0.0102 
         016  9 0.0010 0.9798 0.0008 0.0002 0.0123 0.0002 0.0056 
         018  9 0.0068 0.5623 0.0021 0.0008 0.4234 0.0008 0.0037 
         019  9 0.0054 0.9614 0.0004 0.0008 0.0269 0.0009 0.0042 
         020  9 0.0005 0.9156 0.0004 0.0004 0.0814 0.0003 0.0014 
         021  9 0.0003 0.8486 0.0006 0.0005 0.1432 0.0002 0.0066 
         022  9 0.0009 0.7330 0.0005 0.0004 0.2564 0.0005 0.0083 
         024  9 0.0022 0.9238 0.0030 0.0005 0.0556 0.0004 0.0145 
         028  9 0.0006 0.9491 0.0018 0.0006 0.0430 0.0010 0.0039 
         029  9 0.0009 0.9566 0.0005 0.0002 0.0316 0.0004 0.0098 
         030  9 0.0009 0.9744 0.0013 0.0004 0.0185 0.0003 0.0041 
         031  9 0.0015 0.9573 0.0004 0.0017 0.0276 0.0003 0.0113 
         033  9 0.0008 0.9745 0.0010 0.0052 0.0026 0.0005 0.0154 
         001 10 0.0013 0.9485 0.0005 0.0004 0.0329 0.0005 0.0159 
         002 10 0.0016 0.9835 0.0006 0.0004 0.0063 0.0002 0.0074 
         003 10 0.0006 0.9557 0.0159 0.0003 0.0233 0.0007 0.0034 
         004 10 0.0004 0.8002 0.0028 0.0003 0.0604 0.0003 0.1356 
         005 10 0.0020 0.9626 0.0010 0.0003 0.0280 0.0004 0.0056 
         006 10 0.0005 0.9797 0.0009 0.0015 0.0119 0.0005 0.0050 
         007 10 0.0005 0.9863 0.0026 0.0008 0.0044 0.0004 0.0050 
         008 10 0.0011 0.9859 0.0041 0.0008 0.0047 0.0007 0.0027 
         009 10 0.0048 0.9642 0.0005 0.0007 0.0204 0.0016 0.0078 
         010 10 0.0030 0.9638 0.0008 0.0005 0.0129 0.0005 0.0186 
         011 10 0.0003 0.9059 0.0355 0.0005 0.0446 0.0017 0.0114 
         012 10 0.0005 0.9517 0.0035 0.0006 0.0388 0.0015 0.0035 
         013 10 0.0008 0.9748 0.0005 0.0002 0.0146 0.0020 0.0071 
         014 10 0.0011 0.8168 0.0009 0.0006 0.0055 0.0010 0.1741 
         016 10 0.0017 0.9749 0.0007 0.0005 0.0169 0.0009 0.0044 
         017 10 0.0013 0.8381 0.0009 0.0006 0.1550 0.0010 0.0031 
         018 10 0.0024 0.8828 0.0006 0.0065 0.1033 0.0004 0.0039 
         019 10 0.0038 0.9696 0.0013 0.0004 0.0213 0.0003 0.0032 
         020 10 0.0066 0.9623 0.0021 0.0010 0.0041 0.0013 0.0226 
         021 10 0.0033 0.9528 0.0005 0.0009 0.0079 0.0003 0.0344 
         022 10 0.0003 0.9238 0.0006 0.0004 0.0178 0.0006 0.0564 
         023 10 0.0004 0.9765 0.0009 0.0004 0.0172 0.0006 0.0041 
         024 10 0.0014 0.9872 0.0015 0.0005 0.0050 0.0002 0.0042 
         026 10 0.0006 0.9494 0.0005 0.0006 0.0465 0.0006 0.0018 
        001s 11 0.0011 0.2935 0.0066 0.0863 0.4306 0.0007 0.1812 
        002s 11 0.0032 0.8848 0.0016 0.0005 0.0836 0.0063 0.0200 
        003s 11 0.0018 0.8009 0.0006 0.0054 0.1675 0.0005 0.0232 
        004s 11 0.0004 0.8712 0.0017 0.0004 0.1129 0.0015 0.0120 
        005s 11 0.0050 0.8999 0.0006 0.0022 0.0285 0.0006 0.0632 
        006s 11 0.0024 0.9303 0.0038 0.0016 0.0242 0.0096 0.0281 
        007s 11 0.0023 0.8115 0.0011 0.0065 0.0064 0.0404 0.1318 
        008s 11 0.0005 0.7418 0.0004 0.0008 0.2500 0.0004 0.0061 
        009s 11 0.0167 0.9474 0.0004 0.0005 0.0297 0.0003 0.0050 
        010s 11 0.0006 0.7851 0.0012 0.0016 0.0250 0.0004 0.1861 
        011s 11 0.0004 0.0403 0.0158 0.1011 0.0076 0.0053 0.8295 
        012s 11 0.0010 0.5350 0.0004 0.1102 0.3328 0.0004 0.0202 
        013s 11 0.0003 0.6614 0.0011 0.0012 0.0097 0.0004 0.3259 
        014s 11 0.0018 0.0955 0.0013 0.0044 0.1229 0.0097 0.7643 
        015s 11 0.0011 0.6117 0.0042 0.0025 0.3505 0.0018 0.0280 
        016s 11 0.0083 0.6598 0.0580 0.0350 0.0068 0.0005 0.2316 
        017s 11 0.0009 0.4088 0.0025 0.0901 0.4463 0.0006 0.0508 
        018s 11 0.0025 0.0254 0.0013 0.0059 0.0416 0.0017 0.9215 
        019s 11 0.0003 0.9632 0.0213 0.0007 0.0035 0.0010 0.0100 
        020s 11 0.0041 0.4180 0.0014 0.0013 0.0095 0.0013 0.5645 
        021s 11 0.0005 0.9106 0.0012 0.0005 0.0819 0.0007 0.0046 
        022s 11 0.0011 0.7870 0.0004 0.0021 0.1640 0.0300 0.0153 
        023s 11 0.0006 0.0437 0.0355 0.0343 0.0290 0.0004 0.8566 
        025s 11 0.0003 0.9710 0.0011 0.0004 0.0193 0.0004 0.0074 
        026s 11 0.0007 0.6658 0.0513 0.0262 0.2517 0.0006 0.0036 
        027s 11 0.0006 0.9666 0.0007 0.0008 0.0211 0.0019 0.0084 
        028s 11 0.0003 0.7407 0.0011 0.0084 0.2439 0.0009 0.0047 
        029s 11 0.0014 0.7839 0.0005 0.0487 0.1590 0.0005 0.0059 
        030s 11 0.0009 0.9364 0.0014 0.0453 0.0123 0.0011 0.0027 
        031s 11 0.0008 0.8609 0.0003 0.0004 0.1250 0.0010 0.0114 
        032s 11 0.0008 0.7031 0.0026 0.0011 0.1467 0.0003 0.1454 
        033s 11 0.0018 0.4278 0.0009 0.0043 0.3386 0.0005 0.2261 
        034s 11 0.0005 0.0267 0.0005 0.0014 0.1041 0.0018 0.8650 
        035s 11 0.0017 0.5000 0.0004 0.0025 0.0048 0.0016 0.4891 
        036s 11 0.0010 0.9445 0.0005 0.0195 0.0232 0.0018 0.0094 
        037s 11 0.0013 0.0391 0.0024 0.0026 0.0064 0.0005 0.9476 
        038s 11 0.0008 0.3965 0.0008 0.0023 0.2487 0.0007 0.3502 
        039s 11 0.0006 0.9797 0.0009 0.0014 0.0084 0.0004 0.0087 
        040s 11 0.0005 0.9017 0.0007 0.0706 0.0194 0.0030 0.0040 
        041s 11 0.0189 0.8157 0.0035 0.0007 0.1428 0.0013 0.0172 
        042s 11 0.0007 0.1693 0.0107 0.0006 0.3603 0.0007 0.4577 
        043s 11 0.0005 0.8677 0.0222 0.0382 0.0594 0.0005 0.0116 
        044s 11 0.0010 0.7259 0.0058 0.0005 0.2031 0.0054 0.0582 
        045s 11 0.0003 0.9373 0.0105 0.0005 0.0320 0.0023 0.0170 
        046s 11 0.0008 0.2468 0.0400 0.0247 0.0231 0.0015 0.6631 
        047s 11 0.0005 0.9868 0.0014 0.0007 0.0069 0.0015 0.0023 
        048s 11 0.0023 0.9232 0.0340 0.0042 0.0296 0.0024 0.0043 
        049s 11 0.0013 0.8785 0.0016 0.0013 0.1093 0.0004 0.0077 
        050s 11 0.0005 0.9831 0.0014 0.0004 0.0066 0.0014 0.0066 
        051s 11 0.0005 0.8317 0.0515 0.0004 0.0190 0.0235 0.0735 
        052s 11 0.0018 0.0667 0.0032 0.0015 0.0995 0.0041 0.8232 
        053s 11 0.0014 0.9340 0.0009 0.0004 0.0550 0.0005 0.0078 
        054s 11 0.0005 0.9626 0.0005 0.0012 0.0151 0.0083 0.0118 
        055s 11 0.0003 0.0951 0.0003 0.0655 0.0100 0.0010 0.8277 
        001s 12 0.0012 0.9425 0.0010 0.0012 0.0329 0.0053 0.0159 
        002s 12 0.0031 0.9785 0.0010 0.0012 0.0128 0.0004 0.0030 
        003s 12 0.0009 0.9644 0.0004 0.0004 0.0211 0.0007 0.0121 
        004s 12 0.0038 0.7701 0.0087 0.0539 0.1617 0.0005 0.0012 
        005s 12 0.0010 0.3521 0.0010 0.0003 0.0607 0.0006 0.5842 
        006s 12 0.0009 0.8388 0.0021 0.0337 0.0948 0.0024 0.0273 
        007s 12 0.0035 0.9763 0.0014 0.0011 0.0135 0.0013 0.0029 
        008s 12 0.0007 0.9568 0.0007 0.0128 0.0194 0.0010 0.0085 
        009s 12 0.0213 0.6875 0.0066 0.0230 0.2340 0.0011 0.0265 
        010s 12 0.0016 0.9069 0.0004 0.0077 0.0363 0.0307 0.0164 
        011s 12 0.0014 0.7467 0.0007 0.0009 0.2339 0.0018 0.0147 
        012s 12 0.0005 0.9069 0.0031 0.0012 0.0795 0.0047 0.0040 
        013s 12 0.0006 0.9539 0.0330 0.0009 0.0099 0.0004 0.0012 
        014s 12 0.0030 0.1756 0.0424 0.0020 0.2069 0.0421 0.5281 
        015s 12 0.0019 0.9580 0.0013 0.0043 0.0317 0.0005 0.0024 
        016s 12 0.0004 0.4207 0.0043 0.0007 0.5713 0.0007 0.0019 
        017s 12 0.0004 0.9272 0.0013 0.0037 0.0126 0.0012 0.0537 
        018s 12 0.0019 0.9798 0.0015 0.0025 0.0080 0.0002 0.0061 
        019s 12 0.0023 0.8807 0.0004 0.0059 0.0641 0.0007 0.0459 
        020s 12 0.0004 0.8339 0.0010 0.0835 0.0710 0.0005 0.0097 
        021s 12 0.0006 0.8955 0.0028 0.0038 0.0916 0.0004 0.0054 
        022s 12 0.0034 0.8084 0.0053 0.0434 0.0777 0.0014 0.0605 
        023s 12 0.0011 0.9342 0.0011 0.0004 0.0486 0.0003 0.0143 
        024s 12 0.0005 0.5316 0.0007 0.0008 0.0079 0.0003 0.4582 
        025s 12 0.0050 0.9675 0.0015 0.0032 0.0129 0.0036 0.0063 
        026s 12 0.0149 0.6357 0.0009 0.0286 0.2402 0.0006 0.0791 
        027s 12 0.0004 0.9313 0.0004 0.0036 0.0585 0.0011 0.0046 
        028s 12 0.0192 0.0113 0.0042 0.0011 0.0045 0.0004 0.9592 
        029s 12 0.0005 0.6429 0.0010 0.0006 0.0511 0.0006 0.3032 
        030s 12 0.0004 0.9689 0.0006 0.0011 0.0207 0.0014 0.0070 
        031s 12 0.0008 0.9485 0.0028 0.0034 0.0390 0.0010 0.0046 
        032s 12 0.0132 0.1081 0.0008 0.0005 0.0473 0.0004 0.8297 
        033s 12 0.0005 0.9614 0.0005 0.0008 0.0135 0.0086 0.0146 
        034s 12 0.0009 0.0819 0.0004 0.0004 0.0060 0.0006 0.9099 
        035s 12 0.0006 0.6735 0.0005 0.0166 0.2025 0.0011 0.1051 
        036s 12 0.0028 0.3944 0.0014 0.0030 0.5405 0.0066 0.0513 
        037s 12 0.0011 0.9874 0.0009 0.0014 0.0061 0.0004 0.0028 
        001s 13 0.0012 0.8628 0.0022 0.0131 0.1053 0.0007 0.0147 
        002s 13 0.0005 0.0293 0.0011 0.0837 0.0373 0.0013 0.8469 
        003s 13 0.0008 0.9634 0.0015 0.0013 0.0266 0.0004 0.0060 
        004s 13 0.0130 0.8277 0.0020 0.0007 0.1358 0.0004 0.0204 
        005s 13 0.0024 0.8870 0.0020 0.0031 0.0943 0.0060 0.0053 
        006s 13 0.0014 0.7233 0.0007 0.0007 0.2577 0.0015 0.0146 
        007s 13 0.0006 0.8293 0.0012 0.0007 0.1258 0.0366 0.0058 
        008s 13 0.0017 0.9134 0.0008 0.0574 0.0201 0.0013 0.0053 
        009s 13 0.0097 0.8530 0.0006 0.1273 0.0051 0.0023 0.0020 
        010s 13 0.0011 0.8759 0.0013 0.0693 0.0485 0.0009 0.0031 
        011s 13 0.0074 0.7147 0.0025 0.0043 0.0492 0.0271 0.1948 
        012s 13 0.0031 0.6916 0.0140 0.0515 0.2348 0.0015 0.0034 
        013s 13 0.0010 0.3802 0.0092 0.0128 0.0053 0.0183 0.5732 
        014s 13 0.0010 0.9494 0.0036 0.0009 0.0097 0.0338 0.0017 
        015s 13 0.0101 0.9371 0.0100 0.0071 0.0083 0.0007 0.0268 
        016s 13 0.0005 0.8859 0.0009 0.0005 0.1071 0.0005 0.0046 
        017s 13 0.0055 0.8514 0.0008 0.0158 0.1053 0.0089 0.0123 
        018s 13 0.0007 0.8409 0.0009 0.0005 0.1462 0.0003 0.0103 
        019s 13 0.0005 0.8510 0.0010 0.0007 0.0867 0.0014 0.0586 
        020s 13 0.0033 0.0263 0.0003 0.0008 0.0037 0.0038 0.9620 
        021s 13 0.0007 0.9621 0.0012 0.0010 0.0186 0.0005 0.0160 
        022s 13 0.0004 0.9861 0.0008 0.0022 0.0077 0.0006 0.0023 
        023s 13 0.0006 0.9260 0.0004 0.0016 0.0148 0.0004 0.0561 
        024s 13 0.0012 0.8592 0.0370 0.0228 0.0676 0.0041 0.0081 
        025s 13 0.0009 0.9619 0.0029 0.0010 0.0284 0.0005 0.0043 
        026s 13 0.0004 0.8238 0.0050 0.0916 0.0655 0.0107 0.0031 
        027s 13 0.0046 0.9358 0.0011 0.0468 0.0054 0.0011 0.0051 
        028s 13 0.0085 0.0583 0.0024 0.0079 0.4601 0.0108 0.4520 
        029s 13 0.0007 0.1057 0.0017 0.0196 0.0563 0.0015 0.8144 
        030s 13 0.0005 0.1377 0.0286 0.0664 0.1761 0.0004 0.5904 
        031s 13 0.0013 0.8422 0.1001 0.0030 0.0491 0.0021 0.0020 
        032s 13 0.0005 0.9670 0.0005 0.0008 0.0173 0.0029 0.0111 
        033s 13 0.0006 0.9139 0.0010 0.0034 0.0384 0.0342 0.0085 
        034s 13 0.0041 0.0068 0.0014 0.0325 0.0033 0.0076 0.9443 
        035s 13 0.0012 0.6739 0.0051 0.0006 0.0202 0.0006 0.2984 
        036s 13 0.0006 0.7846 0.0007 0.0022 0.0114 0.0006 0.1999 
        037s 13 0.0011 0.9752 0.0016 0.0004 0.0142 0.0005 0.0071 
        038s 13 0.0010 0.3530 0.0010 0.0017 0.1274 0.0017 0.5141 
        039s 13 0.0009 0.5288 0.0710 0.0998 0.2902 0.0007 0.0085 
        040s 13 0.0005 0.7733 0.0010 0.0013 0.2188 0.0008 0.0044 
        041s 13 0.0005 0.9258 0.0019 0.0577 0.0043 0.0044 0.0053 
        042s 13 0.0009 0.0176 0.0013 0.0005 0.0060 0.0012 0.9725 
        001s 14 0.0049 0.2074 0.0013 0.0273 0.0966 0.0012 0.6613 
        002s 14 0.0031 0.8732 0.0010 0.0638 0.0492 0.0026 0.0071 
        003s 14 0.0006 0.0063 0.0009 0.0006 0.0033 0.0004 0.9880 
        004s 14 0.0010 0.9653 0.0039 0.0106 0.0101 0.0042 0.0048 
        005s 14 0.0004 0.6684 0.0004 0.0003 0.0493 0.0002 0.2808 
        006s 14 0.0003 0.9699 0.0003 0.0007 0.0143 0.0005 0.0139 
        007s 14 0.0004 0.8332 0.0017 0.0008 0.1361 0.0009 0.0268 
        008s 14 0.0185 0.0453 0.0018 0.0895 0.0065 0.0017 0.8367 
        009s 14 0.0064 0.7977 0.0012 0.0027 0.1518 0.0007 0.0395 
        010s 14 0.0166 0.6179 0.0011 0.0489 0.0011 0.0005 0.3139 
        011s 14 0.0005 0.5147 0.0007 0.0058 0.0045 0.0374 0.4364 
        012s 14 0.0024 0.0280 0.0027 0.0006 0.0278 0.0021 0.9364 
        013s 14 0.0007 0.0490 0.0065 0.0010 0.8350 0.0028 0.1049 
        014s 14 0.0078 0.9368 0.0007 0.0384 0.0111 0.0006 0.0047 
        015s 14 0.0089 0.9541 0.0026 0.0010 0.0054 0.0005 0.0275 
        016s 14 0.0008 0.8215 0.0114 0.0014 0.1622 0.0002 0.0025 
        017s 14 0.0008 0.8658 0.0005 0.0521 0.0560 0.0152 0.0095 
        018s 14 0.0012 0.9727 0.0014 0.0009 0.0161 0.0005 0.0073 
        019s 14 0.0006 0.9801 0.0006 0.0016 0.0086 0.0019 0.0066 
        020s 14 0.0107 0.1547 0.0019 0.0007 0.0134 0.0003 0.8182 
        021s 14 0.0113 0.9427 0.0006 0.0065 0.0308 0.0003 0.0077 
        022s 14 0.0017 0.9479 0.0011 0.0056 0.0226 0.0032 0.0179 
        023s 14 0.0024 0.9121 0.0041 0.0048 0.0655 0.0013 0.0099 
        024s 14 0.0039 0.7520 0.0015 0.0486 0.0063 0.0020 0.1856 
        025s 14 0.0005 0.7259 0.0004 0.0588 0.0166 0.0003 0.1975 
        026s 14 0.0019 0.5045 0.0011 0.0004 0.4822 0.0002 0.0097 
        027s 14 0.0006 0.9305 0.0047 0.0019 0.0277 0.0007 0.0339 
        028s 14 0.0021 0.8478 0.0009 0.0008 0.0997 0.0019 0.0468 
        029s 14 0.0007 0.7958 0.0014 0.0005 0.1787 0.0003 0.0228 
        030s 14 0.0004 0.6391 0.0005 0.0010 0.1694 0.0107 0.1788 
        031s 14 0.0005 0.3070 0.0015 0.0005 0.2727 0.0189 0.3988 
        032s 14 0.0006 0.6933 0.0021 0.0008 0.0136 0.0011 0.2884 
        033s 14 0.0008 0.3633 0.0009 0.0009 0.1979 0.0533 0.3830 
        034s 14 0.0007 0.9244 0.0008 0.0004 0.0705 0.0004 0.0029 
        035s 14 0.0004 0.6882 0.0006 0.0804 0.1371 0.0825 0.0108 
        036s 14 0.0039 0.0386 0.0076 0.0681 0.0154 0.0355 0.8309 
        037s 14 0.0011 0.9499 0.0027 0.0014 0.0147 0.0004 0.0298 
        038s 14 0.0008 0.9779 0.0005 0.0007 0.0057 0.0008 0.0136 
        039s 14 0.0027 0.9487 0.0058 0.0022 0.0288 0.0019 0.0098 
        040s 14 0.0004 0.9617 0.0013 0.0110 0.0064 0.0006 0.0186 
        041s 14 0.0007 0.4803 0.0008 0.0007 0.1969 0.0009 0.3197 
        042s 14 0.0007 0.4839 0.0020 0.0757 0.4312 0.0005 0.0060 
        001s 15 0.0008 0.4553 0.0019 0.0008 0.0673 0.0004 0.4735 
        002s 15 0.0061 0.7803 0.0161 0.0924 0.0199 0.0023 0.0830 
        003s 15 0.0010 0.9070 0.0055 0.0122 0.0669 0.0009 0.0065 
        004s 15 0.0096 0.3470 0.0004 0.0010 0.6374 0.0004 0.0042 
        005s 15 0.0012 0.9363 0.0065 0.0135 0.0385 0.0018 0.0022 
        006s 15 0.0007 0.9577 0.0011 0.0157 0.0175 0.0015 0.0059 
        007s 15 0.0013 0.8806 0.0005 0.0003 0.0761 0.0007 0.0405 
        008s 15 0.0008 0.9670 0.0006 0.0006 0.0185 0.0005 0.0119 
        009s 15 0.0006 0.7640 0.0357 0.0307 0.1607 0.0026 0.0056 
        010s 15 0.0006 0.0522 0.0024 0.0006 0.0645 0.0006 0.8792 
        011s 15 0.0007 0.3978 0.0017 0.0012 0.5246 0.0615 0.0125 
        012s 15 0.0012 0.8012 0.0024 0.0029 0.1862 0.0022 0.0038 
        013s 15 0.0072 0.0342 0.0012 0.0008 0.0121 0.0003 0.9442 
        014s 15 0.0047 0.7695 0.0051 0.0016 0.2127 0.0011 0.0053 
        015s 15 0.0012 0.8975 0.0058 0.0784 0.0117 0.0038 0.0016 
        016s 15 0.0381 0.0974 0.0007 0.0026 0.0151 0.0681 0.7781 
        017s 15 0.0154 0.8679 0.0025 0.0019 0.0950 0.0006 0.0165 
        018s 15 0.0018 0.4023 0.0006 0.0033 0.0819 0.0004 0.5097 
        019s 15 0.0007 0.1317 0.0066 0.0083 0.3598 0.0005 0.4923 
        020s 15 0.0005 0.2791 0.0005 0.0005 0.1955 0.0006 0.5232 
        021s 15 0.0020 0.7187 0.0026 0.0791 0.1692 0.0010 0.0274 
        022s 15 0.0008 0.8834 0.0005 0.0008 0.0867 0.0022 0.0256 
        023s 15 0.0006 0.6458 0.0011 0.0301 0.3086 0.0025 0.0112 
        024s 15 0.0004 0.8478 0.0006 0.0022 0.1449 0.0016 0.0024 
        025s 15 0.0016 0.7229 0.0248 0.0057 0.2143 0.0012 0.0296 
        026s 15 0.0037 0.8489 0.0234 0.0008 0.1009 0.0009 0.0215 
        027s 15 0.0106 0.9535 0.0007 0.0029 0.0035 0.0101 0.0186 
        028s 15 0.0023 0.9495 0.0012 0.0006 0.0345 0.0012 0.0108 
        029s 15 0.0018 0.8958 0.0017 0.0006 0.0912 0.0011 0.0078 
        030s 15 0.0020 0.7282 0.0007 0.0003 0.2586 0.0004 0.0098 
        031s 15 0.0014 0.9017 0.0065 0.0647 0.0041 0.0020 0.0196 
        032s 15 0.0008 0.5754 0.0016 0.0007 0.4189 0.0002 0.0024 
        033s 15 0.0014 0.0474 0.0002 0.0442 0.0031 0.0015 0.9021 
        035s 15 0.0021 0.5987 0.0008 0.0020 0.3897 0.0031 0.0036 
        036s 15 0.0004 0.4859 0.0067 0.0006 0.0221 0.0012 0.4830 
        037s 15 0.0006 0.9710 0.0014 0.0007 0.0083 0.0090 0.0090 
        038s 15 0.0008 0.5690 0.0003 0.0039 0.4227 0.0012 0.0022 
        039s 15 0.0007 0.3832 0.0004 0.0774 0.1307 0.0003 0.4072 
        040s 15 0.0034 0.9602 0.0005 0.0045 0.0123 0.0022 0.0169 
        041s 15 0.0008 0.8928 0.0024 0.0695 0.0097 0.0059 0.0189 
        042s 15 0.0028 0.9175 0.0010 0.0073 0.0620 0.0006 0.0088 
        043s 15 0.0002 0.5752 0.0009 0.0105 0.0068 0.0010 0.4052 
        044s 15 0.0011 0.8940 0.0010 0.0072 0.0925 0.0007 0.0035 
        045s 15 0.0025 0.1464 0.0744 0.0028 0.7276 0.0324 0.0139 
        046s 15 0.0006 0.9437 0.0009 0.0174 0.0085 0.0049 0.0239 
        047s 15 0.0005 0.8993 0.0003 0.0309 0.0609 0.0021 0.0060 
        048s 15 0.0008 0.6824 0.0208 0.0003 0.0048 0.0006 0.2902 
        049s 15 0.0003 0.9297 0.0008 0.0152 0.0290 0.0016 0.0233 
        050s 15 0.0110 0.8391 0.0020 0.1326 0.0102 0.0007 0.0044 
         001 16 0.0042 0.0323 0.0014 0.1653 0.1085 0.0184 0.6700 
         002 16 0.0003 0.9037 0.0008 0.0440 0.0364 0.0009 0.0138 
         003 16 0.0037 0.8828 0.0021 0.0041 0.0982 0.0057 0.0035 
         004 16 0.0005 0.6521 0.0016 0.0009 0.3411 0.0008 0.0031 
         005 16 0.0035 0.8895 0.0247 0.0547 0.0161 0.0053 0.0062 
         006 16 0.0010 0.6801 0.0135 0.0122 0.2880 0.0018 0.0033 
         007 16 0.0010 0.9559 0.0013 0.0053 0.0177 0.0009 0.0181 
         008 16 0.0015 0.7815 0.0008 0.1418 0.0151 0.0052 0.0542 
         009 16 0.0013 0.4487 0.0006 0.0018 0.0100 0.0004 0.5372 
         010 16 0.0005 0.5377 0.0013 0.0276 0.2631 0.0006 0.1692 
         011 16 0.0007 0.0565 0.0031 0.0077 0.0578 0.0019 0.8723 
         012 16 0.0014 0.9079 0.0015 0.0008 0.0316 0.0022 0.0547 
         013 16 0.0006 0.8355 0.0007 0.0004 0.1564 0.0009 0.0054 
         014 16 0.0010 0.7301 0.0003 0.0421 0.2222 0.0009 0.0034 
         015 16 0.0012 0.6083 0.3655 0.0004 0.0139 0.0035 0.0073 
         016 16 0.0053 0.7950 0.0147 0.0020 0.1800 0.0003 0.0027 
         017 16 0.0008 0.3322 0.0018 0.0064 0.0267 0.0069 0.6252 
         018 16 0.0062 0.9165 0.0232 0.0330 0.0160 0.0041 0.0009 
         019 16 0.0014 0.0487 0.0007 0.0539 0.0087 0.0059 0.8807 
         020 16 0.0013 0.9803 0.0007 0.0003 0.0096 0.0008 0.0070 
         021 16 0.0019 0.8462 0.0009 0.0958 0.0093 0.0328 0.0130 
         022 16 0.0009 0.9245 0.0019 0.0312 0.0376 0.0003 0.0037 
         023 16 0.0008 0.0482 0.0154 0.0190 0.0078 0.0008 0.9079 
         024 16 0.0019 0.4608 0.0231 0.0029 0.0127 0.0008 0.4977 
         025 16 0.0014 0.2205 0.0041 0.0366 0.0313 0.0216 0.6844 
         026 16 0.0004 0.8851 0.0017 0.1084 0.0026 0.0010 0.0009 
         027 16 0.0101 0.9679 0.0015 0.0122 0.0042 0.0005 0.0035 
         028 16 0.0133 0.3525 0.0002 0.1470 0.4234 0.0210 0.0425 
         029 16 0.0009 0.8318 0.0007 0.0013 0.1295 0.0324 0.0034 
         030 16 0.0004 0.3313 0.0003 0.0006 0.0663 0.0061 0.5950 
         031 16 0.0142 0.9102 0.0006 0.0012 0.0689 0.0009 0.0039 
         032 16 0.0008 0.7978 0.0090 0.0889 0.0891 0.0012 0.0133 
         033 16 0.0004 0.9616 0.0004 0.0005 0.0188 0.0007 0.0177 
         034 16 0.0003 0.4462 0.0013 0.0025 0.0037 0.0030 0.5431 
         035 16 0.0008 0.8644 0.0003 0.0002 0.1253 0.0007 0.0083 
         036 16 0.0022 0.8016 0.0030 0.0007 0.0506 0.0005 0.1415 
         037 16 0.0009 0.0793 0.0053 0.0094 0.5140 0.0114 0.3797 
         038 16 0.0012 0.8667 0.0087 0.0025 0.0073 0.0013 0.1123 
         039 16 0.0013 0.5510 0.0009 0.0020 0.0019 0.0003 0.4426 
         040 16 0.0004 0.8700 0.0020 0.0010 0.1115 0.0016 0.0136 
         041 16 0.0004 0.9663 0.0015 0.0010 0.0232 0.0008 0.0068 
         042 16 0.0018 0.8090 0.0008 0.0015 0.0034 0.0010 0.1826 
         043 16 0.0014 0.8063 0.0009 0.0010 0.1351 0.0007 0.0546 
         044 16 0.0027 0.1891 0.0015 0.0039 0.1351 0.0012 0.6666 
         045 16 0.0030 0.9605 0.0003 0.0025 0.0235 0.0060 0.0043 
         047 16 0.0045 0.9279 0.0010 0.0018 0.0072 0.0330 0.0247 
         048 16 0.0009 0.9241 0.0004 0.0018 0.0597 0.0050 0.0081 
         049 16 0.0007 0.6078 0.0037 0.0006 0.1847 0.0021 0.2004 
         050 16 0.0005 0.9331 0.0004 0.0003 0.0596 0.0008 0.0054 
         051 16 0.0015 0.9397 0.0006 0.0016 0.0244 0.0018 0.0304 
         052 16 0.0005 0.8801 0.0006 0.0003 0.0185 0.0004 0.0996 
         053 16 0.0010 0.8205 0.0005 0.0004 0.1164 0.0009 0.0603 
         054 16 0.0015 0.4694 0.0009 0.0618 0.0644 0.0008 0.4011 
         055 16 0.0006 0.7979 0.0003 0.0114 0.0670 0.0547 0.0680 
         056 16 0.0006 0.9282 0.0062 0.0017 0.0595 0.0004 0.0035 
         057 16 0.0004 0.0072 0.0002 0.0824 0.0208 0.0006 0.8883 
         058 16 0.0002 0.1514 0.0211 0.0923 0.3338 0.0067 0.3945 
         059 16 0.0093 0.0107 0.0876 0.0806 0.4772 0.0108 0.3239 
         060 16 0.0013 0.6543 0.0117 0.0027 0.1237 0.0011 0.2053 
         061 16 0.0008 0.4970 0.0027 0.0014 0.0163 0.0009 0.4808 
         062 16 0.0015 0.8113 0.0005 0.0012 0.1676 0.0083 0.0097 
         063 16 0.0006 0.9401 0.0009 0.0033 0.0189 0.0006 0.0356 
         064 16 0.0005 0.9585 0.0025 0.0005 0.0282 0.0006 0.0091 
         065 16 0.0022 0.6108 0.0022 0.0016 0.0135 0.0023 0.3674 
         066 16 0.0009 0.9581 0.0005 0.0007 0.0299 0.0005 0.0095 
         067 16 0.0011 0.6402 0.0738 0.0013 0.2442 0.0037 0.0357 
         068 16 0.0010 0.8647 0.0283 0.0052 0.0817 0.0017 0.0174 
         069 16 0.0059 0.8664 0.0008 0.0007 0.1160 0.0007 0.0095 
         070 16 0.0026 0.3455 0.0007 0.0069 0.5124 0.0009 0.1310 
         071 16 0.0005 0.8389 0.0004 0.0758 0.0699 0.0112 0.0033 
         072 16 0.0010 0.9139 0.0012 0.0067 0.0683 0.0009 0.0079 
         073 16 0.0009 0.3780 0.0004 0.0008 0.3405 0.0032 0.2762 
         074 16 0.0006 0.9260 0.0002 0.0005 0.0649 0.0009 0.0069 
         075 16 0.0009 0.3787 0.0009 0.0284 0.5725 0.0052 0.0133 
         076 16 0.0007 0.9780 0.0004 0.0009 0.0116 0.0008 0.0076 
         077 16 0.0304 0.3425 0.0553 0.0201 0.5427 0.0028 0.0063 
         078 16 0.0005 0.0014 0.0012 0.0054 0.0012 0.0005 0.9897 
         079 16 0.0023 0.8410 0.0015 0.0891 0.0613 0.0022 0.0026 
         080 16 0.0004 0.4293 0.0016 0.0032 0.0051 0.0003 0.5600 
         081 16 0.0017 0.0047 0.0011 0.0032 0.0068 0.0400 0.9426 
         082 16 0.0008 0.5927 0.0003 0.0118 0.2480 0.0139 0.1325 
