        001s  1 0.2378 0.0010 0.0286 0.0006 0.7277 0.0012 0.0005 0.0026 
        002s  1 0.6321 0.0010 0.3474 0.0008 0.0114 0.0006 0.0045 0.0022 
        003s  1 0.8794 0.0053 0.0269 0.0025 0.0477 0.0262 0.0008 0.0112 
        004s  1 0.4877 0.0065 0.0656 0.0083 0.3937 0.0006 0.0298 0.0078 
        005s  1 0.4786 0.2024 0.0036 0.0017 0.0385 0.0005 0.1844 0.0903 
        006s  1 0.0030 0.0004 0.2221 0.0007 0.7670 0.0007 0.0017 0.0044 
        007s  1 0.0518 0.0031 0.0330 0.0046 0.8921 0.0009 0.0006 0.0141 
        008s  1 0.5175 0.0038 0.0045 0.0017 0.4253 0.0013 0.0022 0.0436 
        009s  1 0.2483 0.0511 0.0034 0.0081 0.6689 0.0044 0.0039 0.0119 
        010s  1 0.0119 0.0147 0.5694 0.0005 0.3960 0.0007 0.0016 0.0052 
        011s  1 0.0093 0.0015 0.0277 0.0026 0.9487 0.0042 0.0023 0.0037 
        012s  1 0.0398 0.1162 0.0151 0.0014 0.7832 0.0082 0.0057 0.0304 
        013s  1 0.0241 0.0030 0.4612 0.0136 0.4675 0.0009 0.0243 0.0054 
        014s  1 0.0108 0.0245 0.0046 0.0047 0.9283 0.0184 0.0022 0.0065 
        015s  1 0.0059 0.0007 0.0059 0.0006 0.9825 0.0008 0.0005 0.0030 
        016s  1 0.0468 0.0037 0.2783 0.0105 0.5787 0.0017 0.0006 0.0797 
        018s  1 0.0215 0.1433 0.0029 0.0009 0.6892 0.0016 0.0026 0.1380 
        019s  1 0.1062 0.0150 0.1260 0.0016 0.7398 0.0043 0.0005 0.0066 
        020s  1 0.0085 0.0009 0.8841 0.0138 0.0791 0.0111 0.0004 0.0020 
        021s  1 0.0437 0.0004 0.3177 0.0052 0.6110 0.0008 0.0118 0.0093 
        022s  1 0.9121 0.0003 0.0555 0.0016 0.0223 0.0006 0.0004 0.0071 
        023s  1 0.0714 0.0004 0.0077 0.0099 0.8429 0.0011 0.0006 0.0659 
        024s  1 0.0111 0.0020 0.0363 0.0013 0.9395 0.0005 0.0016 0.0077 
        025s  1 0.0076 0.0088 0.0045 0.0014 0.8839 0.0004 0.0024 0.0910 
        026s  1 0.0059 0.0010 0.0186 0.0111 0.9241 0.0060 0.0011 0.0322 
        027s  1 0.0110 0.0024 0.0036 0.0033 0.9021 0.0005 0.0108 0.0662 
        028s  1 0.0093 0.0514 0.0063 0.0007 0.8296 0.0019 0.0505 0.0505 
        029s  1 0.0118 0.0010 0.0202 0.0006 0.9548 0.0046 0.0007 0.0064 
        030s  1 0.0053 0.0017 0.7483 0.0010 0.1265 0.0126 0.0051 0.0995 
        031s  1 0.0666 0.0004 0.0650 0.0016 0.8610 0.0004 0.0003 0.0048 
        032s  1 0.0054 0.0012 0.8875 0.0010 0.0973 0.0021 0.0009 0.0047 
        033s  1 0.0069 0.0044 0.0051 0.0008 0.9743 0.0010 0.0007 0.0068 
        034s  1 0.5126 0.0016 0.0901 0.0577 0.3263 0.0064 0.0021 0.0033 
        035s  1 0.0023 0.0015 0.4626 0.0012 0.5256 0.0027 0.0022 0.0017 
        036s  1 0.3582 0.0900 0.5421 0.0007 0.0059 0.0004 0.0015 0.0012 
        037s  1 0.0289 0.1113 0.5918 0.0362 0.2167 0.0021 0.0108 0.0023 
        038s  1 0.0288 0.0024 0.7822 0.0020 0.1774 0.0011 0.0010 0.0051 
        039s  1 0.0131 0.0006 0.0077 0.0004 0.9232 0.0010 0.0167 0.0372 
        040s  1 0.1078 0.0011 0.7441 0.0054 0.1306 0.0008 0.0067 0.0035 
        041s  1 0.0060 0.0027 0.0042 0.0043 0.9618 0.0008 0.0006 0.0197 
        042s  1 0.0486 0.0754 0.0020 0.0755 0.7810 0.0009 0.0006 0.0158 
        043s  1 0.8358 0.0114 0.0129 0.0010 0.0924 0.0021 0.0009 0.0436 
        044s  1 0.1883 0.0845 0.6268 0.0114 0.0470 0.0037 0.0160 0.0223 
        045s  1 0.0023 0.0103 0.9066 0.0017 0.0683 0.0015 0.0015 0.0080 
        046s  1 0.0158 0.0017 0.1168 0.0011 0.8580 0.0031 0.0007 0.0027 
        047s  1 0.0039 0.0017 0.7738 0.0067 0.2064 0.0018 0.0003 0.0054 
        048s  1 0.4610 0.0510 0.0687 0.0011 0.4122 0.0007 0.0004 0.0051 
        049s  1 0.8459 0.0004 0.0218 0.0006 0.1253 0.0008 0.0020 0.0033 
        050s  1 0.0537 0.0972 0.1026 0.0007 0.7383 0.0006 0.0041 0.0028 
        051s  1 0.0056 0.0006 0.0100 0.0010 0.9529 0.0271 0.0008 0.0020 
        052s  1 0.0095 0.0083 0.2030 0.0027 0.5448 0.0203 0.0120 0.1995 
        053s  1 0.0053 0.0026 0.9651 0.0007 0.0230 0.0004 0.0005 0.0024 
        054s  1 0.0029 0.0004 0.8619 0.0011 0.1233 0.0032 0.0049 0.0023 
        055s  1 0.0025 0.0804 0.0018 0.0661 0.8392 0.0021 0.0006 0.0073 
          01  2 0.0376 0.1200 0.4859 0.0031 0.3134 0.0323 0.0036 0.0040 
          02  2 0.0040 0.0199 0.9332 0.0009 0.0085 0.0020 0.0024 0.0290 
          03  2 0.0072 0.0021 0.8466 0.0019 0.1118 0.0004 0.0012 0.0287 
          04  2 0.0226 0.0026 0.0047 0.0146 0.8405 0.0015 0.0184 0.0952 
          05  2 0.7257 0.1182 0.0057 0.0005 0.0682 0.0005 0.0004 0.0810 
          06  2 0.0087 0.0396 0.9207 0.0008 0.0217 0.0008 0.0022 0.0054 
          07  2 0.1940 0.0118 0.2280 0.0012 0.5566 0.0018 0.0031 0.0035 
          08  2 0.6048 0.0809 0.1342 0.0017 0.1051 0.0015 0.0007 0.0711 
          09  2 0.1080 0.0006 0.5373 0.0004 0.3370 0.0089 0.0005 0.0073 
          10  2 0.0098 0.0020 0.7736 0.0009 0.1940 0.0009 0.0007 0.0181 
          11  2 0.0208 0.0156 0.1432 0.0020 0.8046 0.0093 0.0018 0.0026 
          12  2 0.0090 0.0009 0.0394 0.0007 0.8487 0.0025 0.0013 0.0976 
          13  2 0.1212 0.0004 0.0049 0.0006 0.8691 0.0008 0.0006 0.0024 
          14  2 0.2511 0.0005 0.0079 0.0257 0.6992 0.0035 0.0089 0.0033 
          15  2 0.3061 0.0008 0.4740 0.0023 0.2109 0.0023 0.0008 0.0028 
          16  2 0.0066 0.0009 0.0185 0.0032 0.9075 0.0036 0.0565 0.0032 
          17  2 0.0933 0.0034 0.6297 0.0019 0.0815 0.0013 0.0014 0.1876 
          18  2 0.0065 0.0179 0.1855 0.0010 0.7761 0.0022 0.0035 0.0074 
          19  2 0.0070 0.0013 0.5224 0.0054 0.4434 0.0022 0.0005 0.0178 
          20  2 0.0072 0.0554 0.1366 0.0081 0.7567 0.0017 0.0083 0.0260 
          21  2 0.0096 0.0015 0.0347 0.0011 0.9198 0.0199 0.0007 0.0128 
          22  2 0.0027 0.0018 0.0042 0.0056 0.9594 0.0053 0.0042 0.0169 
          23  2 0.0037 0.0016 0.9615 0.0026 0.0082 0.0012 0.0025 0.0187 
          24  2 0.0054 0.0006 0.0399 0.0008 0.9273 0.0013 0.0007 0.0241 
          25  2 0.1231 0.0057 0.2452 0.0009 0.5901 0.0020 0.0290 0.0040 
          26  2 0.9925 0.0007 0.0023 0.0002 0.0016 0.0013 0.0003 0.0010 
          27  2 0.0558 0.0008 0.0637 0.0040 0.8352 0.0022 0.0269 0.0113 
          28  2 0.0488 0.0022 0.0087 0.0048 0.9169 0.0011 0.0003 0.0172 
          29  2 0.0089 0.0015 0.9180 0.0004 0.0616 0.0012 0.0017 0.0066 
          30  2 0.0684 0.1543 0.1378 0.0836 0.4199 0.0118 0.0007 0.1235 
          01  3 0.0039 0.3577 0.1811 0.0179 0.0500 0.0005 0.1545 0.2345 
          02  3 0.0046 0.2912 0.0724 0.0040 0.0331 0.0755 0.4143 0.1050 
          03  3 0.2560 0.2969 0.0991 0.0026 0.0048 0.0006 0.2973 0.0426 
          04  3 0.0216 0.4123 0.0012 0.0019 0.1105 0.0010 0.3057 0.1456 
          05  3 0.0010 0.3223 0.0010 0.1206 0.0007 0.1150 0.3631 0.0763 
          06  3 0.0089 0.3649 0.0016 0.0009 0.0464 0.0004 0.4466 0.1302 
          07  3 0.2401 0.3587 0.0919 0.0004 0.0264 0.0013 0.2394 0.0419 
          08  3 0.0210 0.3376 0.0824 0.0069 0.0947 0.0068 0.2925 0.1579 
          09  3 0.1974 0.4084 0.0084 0.0027 0.0955 0.0004 0.2557 0.0315 
          10  3 0.0067 0.1600 0.0165 0.1284 0.0151 0.2177 0.3761 0.0794 
          11  3 0.1832 0.3849 0.0104 0.0005 0.0752 0.0003 0.2829 0.0626 
          12  3 0.2134 0.3850 0.0011 0.0010 0.0519 0.0003 0.2889 0.0584 
          13  3 0.0024 0.3949 0.0009 0.0004 0.0020 0.0172 0.4624 0.1198 
          14  3 0.0021 0.2886 0.0042 0.1544 0.0032 0.0443 0.4163 0.0870 
          15  3 0.1867 0.3484 0.0096 0.0021 0.1269 0.0002 0.2475 0.0786 
          16  3 0.0023 0.2368 0.0287 0.0032 0.0326 0.0026 0.5212 0.1725 
          17  3 0.0277 0.3961 0.0937 0.0012 0.1907 0.0010 0.1574 0.1322 
          18  3 0.0052 0.1725 0.0104 0.2762 0.0066 0.1632 0.3031 0.0628 
          19  3 0.0209 0.3037 0.0349 0.0049 0.0115 0.0005 0.4039 0.2197 
          20  3 0.0044 0.4019 0.0502 0.0496 0.0306 0.0003 0.2622 0.2009 
          21  3 0.0171 0.3075 0.0049 0.0101 0.1662 0.0015 0.3153 0.1774 
          22  3 0.2298 0.4481 0.0039 0.0023 0.0049 0.0004 0.2031 0.1074 
          23  3 0.0018 0.3573 0.0063 0.0009 0.1697 0.0005 0.3055 0.1580 
          24  3 0.0204 0.4487 0.0025 0.0042 0.0171 0.1686 0.2472 0.0914 
          25  3 0.0005 0.2650 0.0005 0.1327 0.0004 0.2510 0.2565 0.0933 
          26  3 0.1516 0.4061 0.0061 0.0009 0.0579 0.0010 0.3129 0.0635 
          27  3 0.0259 0.2086 0.0061 0.1729 0.0263 0.1316 0.3173 0.1113 
          28  3 0.0188 0.3797 0.0113 0.0003 0.0166 0.0019 0.3995 0.1719 
          29  3 0.0442 0.3421 0.0047 0.0125 0.0708 0.0037 0.3599 0.1621 
          30  3 0.2403 0.3930 0.0091 0.0003 0.0137 0.0016 0.2022 0.1398 
         001  4 0.0001 0.9992 0.0001 0.0001 0.0001 0.0001 0.0001 0.0001 
         002  4 0.0003 0.9979 0.0003 0.0002 0.0003 0.0003 0.0004 0.0003 
         003  4 0.0001 0.9992 0.0001 0.0001 0.0001 0.0001 0.0001 0.0001 
         004  4 0.0001 0.9992 0.0001 0.0001 0.0001 0.0001 0.0002 0.0001 
         005  4 0.0002 0.9985 0.0001 0.0002 0.0002 0.0004 0.0002 0.0002 
         006  4 0.0007 0.9145 0.0007 0.0006 0.0010 0.0003 0.0715 0.0108 
         007  4 0.0115 0.9281 0.0022 0.0007 0.0017 0.0004 0.0545 0.0008 
         008  4 0.0014 0.9877 0.0010 0.0049 0.0010 0.0029 0.0006 0.0006 
         009  4 0.0002 0.9988 0.0001 0.0002 0.0001 0.0002 0.0003 0.0001 
         010  4 0.0001 0.9891 0.0001 0.0001 0.0001 0.0001 0.0102 0.0001 
         011  4 0.0024 0.9366 0.0006 0.0301 0.0008 0.0003 0.0287 0.0004 
         012  4 0.0001 0.9992 0.0001 0.0001 0.0001 0.0001 0.0001 0.0001 
         013  4 0.0001 0.9993 0.0001 0.0001 0.0001 0.0001 0.0001 0.0001 
         014  4 0.0003 0.9986 0.0002 0.0002 0.0002 0.0001 0.0001 0.0002 
         015  4 0.0001 0.9993 0.0001 0.0001 0.0001 0.0001 0.0001 0.0002 
         016  4 0.0001 0.9991 0.0001 0.0001 0.0001 0.0001 0.0002 0.0001 
         017  4 0.0003 0.9988 0.0002 0.0001 0.0001 0.0002 0.0002 0.0002 
         019  4 0.0003 0.9075 0.0004 0.0007 0.0005 0.0005 0.0880 0.0021 
         020  4 0.0004 0.9982 0.0003 0.0002 0.0003 0.0003 0.0002 0.0002 
         021  4 0.0005 0.9767 0.0004 0.0004 0.0005 0.0005 0.0206 0.0005 
         001  5 0.0005 0.9560 0.0006 0.0359 0.0009 0.0021 0.0005 0.0036 
         002  5 0.0289 0.9447 0.0107 0.0025 0.0038 0.0011 0.0005 0.0079 
         003  5 0.0073 0.7343 0.0658 0.0061 0.0944 0.0003 0.0646 0.0272 
         004  5 0.0048 0.9291 0.0331 0.0029 0.0272 0.0004 0.0011 0.0013 
         005  5 0.0004 0.9772 0.0006 0.0010 0.0004 0.0003 0.0011 0.0190 
         006  5 0.0006 0.8699 0.0007 0.0002 0.0007 0.0006 0.0840 0.0434 
         007  5 0.0003 0.8954 0.0003 0.0005 0.0003 0.0004 0.0808 0.0220 
         008  5 0.0002 0.9697 0.0002 0.0002 0.0002 0.0003 0.0053 0.0239 
         009  5 0.0043 0.9190 0.0402 0.0019 0.0192 0.0003 0.0039 0.0113 
         010  5 0.0025 0.9033 0.0017 0.0028 0.0021 0.0005 0.0560 0.0312 
         011  5 0.0009 0.9689 0.0017 0.0078 0.0013 0.0003 0.0006 0.0186 
         012  5 0.0119 0.8565 0.0197 0.0041 0.0184 0.0011 0.0796 0.0087 
         013  5 0.0119 0.7329 0.0070 0.0012 0.0535 0.0009 0.0375 0.1550 
         014  5 0.0262 0.6919 0.1053 0.0213 0.0253 0.0191 0.0888 0.0221 
         015  5 0.0002 0.9570 0.0002 0.0003 0.0002 0.0002 0.0299 0.0119 
         016  5 0.0017 0.9229 0.0038 0.0006 0.0017 0.0007 0.0569 0.0118 
         017  5 0.0054 0.8587 0.0248 0.0004 0.0063 0.0027 0.0727 0.0290 
         018  5 0.0024 0.8569 0.0127 0.0283 0.0110 0.0267 0.0252 0.0368 
         019  5 0.0004 0.9842 0.0005 0.0018 0.0004 0.0119 0.0002 0.0007 
         020  5 0.0003 0.9987 0.0002 0.0002 0.0002 0.0002 0.0001 0.0002 
         021  5 0.0365 0.8508 0.0796 0.0035 0.0246 0.0005 0.0006 0.0039 
         022  5 0.0036 0.9176 0.0068 0.0406 0.0137 0.0022 0.0116 0.0038 
         023  5 0.0012 0.9489 0.0015 0.0028 0.0016 0.0006 0.0209 0.0225 
         024  5 0.0013 0.8781 0.0408 0.0005 0.0111 0.0004 0.0645 0.0032 
         025  5 0.0237 0.8740 0.0046 0.0005 0.0124 0.0007 0.0680 0.0161 
         026  5 0.0008 0.8273 0.1434 0.0005 0.0052 0.0005 0.0151 0.0072 
         027  5 0.0002 0.9983 0.0002 0.0002 0.0003 0.0001 0.0005 0.0002 
         028  5 0.0017 0.9147 0.0042 0.0136 0.0088 0.0011 0.0498 0.0060 
         029  5 0.0004 0.9822 0.0005 0.0004 0.0007 0.0004 0.0050 0.0104 
         030  5 0.0014 0.9741 0.0008 0.0020 0.0014 0.0096 0.0011 0.0095 
        001s  6 0.1897 0.0015 0.0594 0.0175 0.6993 0.0012 0.0251 0.0063 
        002s  6 0.0157 0.0390 0.1036 0.0011 0.7263 0.0213 0.0006 0.0924 
        003s  6 0.1435 0.0164 0.0182 0.0034 0.8061 0.0006 0.0005 0.0113 
        004s  6 0.0065 0.0006 0.9854 0.0010 0.0029 0.0008 0.0005 0.0024 
        006s  6 0.0020 0.0587 0.0087 0.0079 0.8911 0.0016 0.0189 0.0112 
        007s  6 0.0042 0.0006 0.1330 0.0005 0.8174 0.0011 0.0025 0.0407 
        008s  6 0.0127 0.0048 0.8694 0.0079 0.0324 0.0046 0.0007 0.0674 
        009s  6 0.0054 0.0005 0.0460 0.0009 0.8754 0.0010 0.0007 0.0701 
        010s  6 0.0040 0.0201 0.6000 0.0141 0.3346 0.0133 0.0076 0.0063 
        011s  6 0.0044 0.0007 0.9647 0.0019 0.0067 0.0004 0.0036 0.0175 
        012s  6 0.0108 0.0006 0.5583 0.0020 0.4164 0.0031 0.0058 0.0029 
        013s  6 0.0056 0.0018 0.9803 0.0006 0.0074 0.0009 0.0011 0.0024 
        014s  6 0.3399 0.0749 0.0924 0.0005 0.4631 0.0004 0.0004 0.0284 
        015s  6 0.0025 0.0137 0.9207 0.0092 0.0180 0.0013 0.0119 0.0227 
        016s  6 0.1805 0.0006 0.6692 0.0018 0.1438 0.0008 0.0017 0.0017 
        018s  6 0.0118 0.2526 0.0128 0.0031 0.6932 0.0007 0.0022 0.0237 
        019s  6 0.0811 0.0068 0.0163 0.0031 0.8399 0.0008 0.0018 0.0501 
        020s  6 0.0363 0.0005 0.0236 0.0006 0.9284 0.0014 0.0008 0.0084 
        021s  6 0.0052 0.0015 0.0551 0.0041 0.9146 0.0017 0.0121 0.0057 
        022s  6 0.1126 0.0017 0.7132 0.0059 0.1533 0.0008 0.0004 0.0122 
        023s  6 0.4986 0.0231 0.0159 0.0010 0.3644 0.0005 0.0008 0.0957 
        024s  6 0.0236 0.0378 0.4277 0.0013 0.4900 0.0029 0.0027 0.0141 
        025s  6 0.0120 0.0037 0.8919 0.0721 0.0157 0.0010 0.0015 0.0022 
        026s  6 0.0131 0.0006 0.9599 0.0009 0.0158 0.0027 0.0010 0.0060 
        027s  6 0.0166 0.0015 0.2395 0.0009 0.7164 0.0016 0.0005 0.0231 
        028s  6 0.0015 0.0137 0.0065 0.0045 0.9152 0.0437 0.0083 0.0066 
        029s  6 0.0041 0.0005 0.0215 0.0018 0.9431 0.0020 0.0006 0.0264 
        030s  6 0.0054 0.0685 0.1172 0.0076 0.6172 0.0030 0.0007 0.1804 
        031s  6 0.6012 0.0014 0.1142 0.0007 0.2335 0.0005 0.0066 0.0421 
        032s  6 0.0162 0.0085 0.9272 0.0010 0.0290 0.0007 0.0016 0.0158 
        033s  6 0.0039 0.0863 0.0380 0.0006 0.8056 0.0005 0.0004 0.0647 
        034s  6 0.0167 0.0013 0.4821 0.0232 0.4114 0.0005 0.0034 0.0613 
        035s  6 0.8622 0.1291 0.0020 0.0013 0.0024 0.0017 0.0005 0.0008 
        036s  6 0.0041 0.0008 0.0047 0.0011 0.9762 0.0004 0.0056 0.0072 
        037s  6 0.0054 0.0013 0.2632 0.0019 0.7106 0.0021 0.0009 0.0147 
        038s  6 0.1388 0.0004 0.0066 0.0011 0.8434 0.0015 0.0026 0.0056 
        039s  6 0.0067 0.0004 0.3992 0.0009 0.5394 0.0010 0.0005 0.0518 
        040s  6 0.1247 0.0006 0.8600 0.0005 0.0062 0.0004 0.0041 0.0033 
        041s  6 0.4903 0.0502 0.0431 0.0064 0.3968 0.0066 0.0003 0.0064 
        042s  6 0.0094 0.0107 0.0509 0.0527 0.8600 0.0041 0.0010 0.0112 
        043s  6 0.0040 0.0011 0.0184 0.0062 0.9530 0.0004 0.0015 0.0153 
        044s  6 0.1809 0.0010 0.1517 0.0009 0.6548 0.0027 0.0005 0.0076 
        045s  6 0.0279 0.0103 0.8052 0.0048 0.1433 0.0011 0.0006 0.0069 
        001s  7 0.7493 0.0016 0.0669 0.0024 0.0472 0.0004 0.0006 0.1314 
        002s  7 0.3906 0.0222 0.5599 0.0036 0.0155 0.0023 0.0019 0.0040 
        003s  7 0.8642 0.0012 0.0125 0.0016 0.1125 0.0017 0.0025 0.0039 
        004s  7 0.0111 0.0016 0.0051 0.0009 0.9733 0.0016 0.0038 0.0026 
        005s  7 0.0425 0.0165 0.2015 0.0023 0.7159 0.0007 0.0031 0.0175 
        006s  7 0.0026 0.0551 0.0195 0.0046 0.9112 0.0006 0.0017 0.0046 
        007s  7 0.0070 0.0095 0.9277 0.0023 0.0205 0.0208 0.0097 0.0024 
        008s  7 0.9437 0.0186 0.0128 0.0024 0.0063 0.0057 0.0006 0.0099 
        009s  7 0.0366 0.0028 0.5027 0.0138 0.4367 0.0012 0.0034 0.0028 
        010s  7 0.9794 0.0011 0.0070 0.0025 0.0060 0.0013 0.0003 0.0023 
        011s  7 0.0125 0.0005 0.0614 0.0012 0.9163 0.0010 0.0007 0.0065 
        012s  7 0.0054 0.0007 0.9582 0.0007 0.0309 0.0007 0.0009 0.0027 
        013s  7 0.0132 0.0006 0.9415 0.0068 0.0206 0.0010 0.0113 0.0051 
        014s  7 0.4312 0.0398 0.4674 0.0005 0.0566 0.0010 0.0012 0.0024 
        015s  7 0.0060 0.0154 0.1122 0.0012 0.8535 0.0017 0.0017 0.0083 
        016s  7 0.9005 0.0912 0.0032 0.0028 0.0012 0.0003 0.0003 0.0006 
        017s  7 0.0167 0.0013 0.0082 0.0008 0.9689 0.0004 0.0010 0.0028 
        018s  7 0.0023 0.0028 0.0609 0.0010 0.8165 0.0053 0.0005 0.1108 
        019s  7 0.0185 0.0033 0.5960 0.0145 0.3120 0.0060 0.0020 0.0477 
        020s  7 0.0171 0.0005 0.4445 0.0006 0.5330 0.0004 0.0023 0.0016 
        021s  7 0.0028 0.0022 0.0024 0.0015 0.9874 0.0015 0.0005 0.0016 
        022s  7 0.0025 0.0035 0.9574 0.0013 0.0258 0.0005 0.0050 0.0041 
        023s  7 0.0156 0.0071 0.0146 0.0180 0.9151 0.0016 0.0019 0.0262 
        024s  7 0.0049 0.0027 0.8808 0.0010 0.0560 0.0023 0.0008 0.0514 
        025s  7 0.0060 0.0016 0.8070 0.0012 0.1677 0.0019 0.0076 0.0070 
        026s  7 0.9282 0.0024 0.0312 0.0018 0.0263 0.0021 0.0005 0.0074 
        027s  7 0.4581 0.0022 0.1268 0.0006 0.4076 0.0015 0.0015 0.0017 
        028s  7 0.0072 0.0084 0.6607 0.0006 0.2454 0.0004 0.0011 0.0762 
        029s  7 0.0668 0.0134 0.3008 0.0032 0.6010 0.0009 0.0012 0.0127 
        030s  7 0.1476 0.0006 0.0159 0.0053 0.7949 0.0076 0.0009 0.0272 
        031s  7 0.0389 0.0035 0.3670 0.0137 0.4618 0.0008 0.0019 0.1123 
        032s  7 0.0033 0.1012 0.7129 0.0005 0.1716 0.0051 0.0009 0.0044 
        033s  7 0.0042 0.0396 0.0095 0.0013 0.9352 0.0042 0.0007 0.0052 
        034s  7 0.0034 0.0012 0.0581 0.0006 0.8940 0.0020 0.0359 0.0048 
        035s  7 0.0054 0.0005 0.0391 0.0011 0.9485 0.0007 0.0005 0.0041 
        036s  7 0.0375 0.0008 0.0143 0.0085 0.9314 0.0008 0.0041 0.0025 
        037s  7 0.0221 0.0485 0.0192 0.0042 0.7844 0.0011 0.0058 0.1146 
        038s  7 0.0048 0.0188 0.8183 0.0027 0.0888 0.0012 0.0006 0.0648 
        039s  7 0.3089 0.0006 0.5298 0.0005 0.0056 0.0005 0.0004 0.1537 
        040s  7 0.9499 0.0061 0.0016 0.0006 0.0047 0.0006 0.0347 0.0018 
        041s  7 0.1649 0.0260 0.0112 0.0014 0.7888 0.0033 0.0009 0.0036 
        042s  7 0.8477 0.0064 0.0962 0.0005 0.0416 0.0004 0.0009 0.0063 
        043s  7 0.0109 0.0015 0.0104 0.0039 0.9635 0.0010 0.0003 0.0085 
        044s  7 0.0026 0.0439 0.0047 0.0208 0.9079 0.0014 0.0104 0.0082 
         003  8 0.0030 0.0036 0.0201 0.0010 0.9553 0.0127 0.0018 0.0025 
         009  8 0.0113 0.0027 0.9467 0.0018 0.0351 0.0005 0.0006 0.0014 
         010  8 0.0150 0.0005 0.0220 0.0023 0.9426 0.0004 0.0003 0.0169 
         017  8 0.0035 0.0009 0.0890 0.0047 0.8971 0.0011 0.0006 0.0030 
         002  9 0.0153 0.0005 0.3046 0.0011 0.6734 0.0007 0.0008 0.0035 
         003  9 0.0038 0.0003 0.3906 0.0005 0.6006 0.0004 0.0004 0.0035 
         004  9 0.0094 0.0005 0.2248 0.0019 0.7610 0.0006 0.0002 0.0016 
         005  9 0.0053 0.0007 0.6400 0.0061 0.3325 0.0017 0.0014 0.0123 
         006  9 0.0058 0.0009 0.9742 0.0016 0.0146 0.0007 0.0011 0.0012 
         007  9 0.0049 0.0045 0.0959 0.0015 0.8882 0.0018 0.0004 0.0028 
         009  9 0.0149 0.0015 0.0815 0.0016 0.8963 0.0022 0.0003 0.0017 
         010  9 0.0034 0.0003 0.9455 0.0024 0.0385 0.0029 0.0006 0.0064 
         013  9 0.0225 0.0019 0.0736 0.0014 0.8952 0.0005 0.0012 0.0038 
         014  9 0.0101 0.0006 0.6206 0.0022 0.3505 0.0050 0.0003 0.0108 
         016  9 0.0052 0.0004 0.9190 0.0008 0.0700 0.0014 0.0003 0.0030 
         018  9 0.0052 0.0009 0.9241 0.0017 0.0126 0.0074 0.0014 0.0467 
         019  9 0.0018 0.0010 0.0129 0.0008 0.9733 0.0059 0.0009 0.0035 
         020  9 0.0022 0.0005 0.8722 0.0005 0.1209 0.0006 0.0004 0.0028 
         021  9 0.0034 0.0006 0.9480 0.0014 0.0170 0.0003 0.0004 0.0290 
         022  9 0.0083 0.0005 0.9236 0.0008 0.0046 0.0020 0.0006 0.0595 
         024  9 0.0109 0.0006 0.0226 0.0040 0.9513 0.0032 0.0005 0.0069 
         028  9 0.0053 0.0006 0.6965 0.0018 0.2916 0.0008 0.0011 0.0022 
         029  9 0.0075 0.0004 0.2491 0.0006 0.7334 0.0012 0.0005 0.0075 
         030  9 0.0030 0.0004 0.1742 0.0015 0.7942 0.0017 0.0005 0.0246 
         031  9 0.0093 0.0022 0.5535 0.0006 0.4293 0.0015 0.0005 0.0031 
         033  9 0.0160 0.0062 0.0839 0.0010 0.8893 0.0007 0.0006 0.0023 
         001 10 0.0129 0.0005 0.7474 0.0006 0.2315 0.0013 0.0009 0.0049 
         002 10 0.0077 0.0005 0.0103 0.0007 0.9760 0.0021 0.0003 0.0024 
         003 10 0.0030 0.0004 0.1596 0.0153 0.8164 0.0007 0.0009 0.0036 
         004 10 0.1683 0.0005 0.0911 0.0038 0.7266 0.0010 0.0005 0.0083 
         005 10 0.0046 0.0007 0.0287 0.0012 0.9601 0.0015 0.0005 0.0027 
         006 10 0.0049 0.0017 0.0208 0.0007 0.9686 0.0009 0.0006 0.0017 
         007 10 0.0100 0.0010 0.0466 0.0022 0.9358 0.0004 0.0005 0.0035 
         008 10 0.0021 0.0011 0.1713 0.0031 0.8164 0.0012 0.0009 0.0039 
         009 10 0.0100 0.0007 0.6028 0.0006 0.3734 0.0054 0.0017 0.0054 
         010 10 0.0181 0.0007 0.0161 0.0012 0.9567 0.0035 0.0006 0.0030 
         011 10 0.0054 0.0008 0.1507 0.0343 0.7948 0.0006 0.0022 0.0113 
         012 10 0.0042 0.0006 0.2020 0.0044 0.7805 0.0007 0.0012 0.0065 
         013 10 0.0049 0.0005 0.1646 0.0010 0.8197 0.0009 0.0036 0.0048 
         014 10 0.1499 0.0005 0.0176 0.0012 0.8265 0.0014 0.0009 0.0021 
         016 10 0.0045 0.0006 0.0427 0.0008 0.9379 0.0018 0.0016 0.0101 
         017 10 0.0022 0.0010 0.9822 0.0007 0.0073 0.0012 0.0013 0.0041 
         018 10 0.0020 0.0066 0.3360 0.0009 0.6447 0.0035 0.0008 0.0056 
         019 10 0.0051 0.0005 0.0254 0.0013 0.9588 0.0056 0.0005 0.0026 
         020 10 0.0088 0.0023 0.4722 0.0022 0.4998 0.0086 0.0010 0.0049 
         021 10 0.0257 0.0013 0.0693 0.0006 0.8944 0.0030 0.0004 0.0054 
         022 10 0.0557 0.0005 0.9097 0.0013 0.0280 0.0003 0.0010 0.0035 
         023 10 0.0078 0.0004 0.6281 0.0012 0.3593 0.0006 0.0008 0.0018 
         024 10 0.0042 0.0004 0.0381 0.0024 0.9517 0.0013 0.0003 0.0015 
         026 10 0.0018 0.0006 0.9768 0.0009 0.0159 0.0009 0.0005 0.0026 
        001s 11 0.2442 0.0904 0.6294 0.0121 0.0127 0.0010 0.0014 0.0087 
        002s 11 0.0094 0.0007 0.0376 0.0024 0.9227 0.0041 0.0079 0.0152 
        003s 11 0.0201 0.0085 0.4799 0.0005 0.3816 0.0010 0.0005 0.1080 
        004s 11 0.0087 0.0005 0.1840 0.0019 0.7215 0.0004 0.0026 0.0805 
        005s 11 0.0471 0.0018 0.0052 0.0007 0.9323 0.0077 0.0007 0.0046 
        006s 11 0.0244 0.0017 0.0433 0.0022 0.9089 0.0027 0.0084 0.0085 
        007s 11 0.1273 0.0096 0.0261 0.0008 0.7958 0.0018 0.0362 0.0023 
        008s 11 0.0149 0.0006 0.7395 0.0005 0.1964 0.0012 0.0007 0.0463 
        009s 11 0.0039 0.0006 0.7109 0.0006 0.2608 0.0170 0.0005 0.0057 
        010s 11 0.1511 0.0021 0.2608 0.0011 0.5795 0.0009 0.0006 0.0040 
        011s 11 0.6595 0.1006 0.0097 0.0151 0.1632 0.0004 0.0113 0.0401 
        012s 11 0.0071 0.1049 0.0045 0.0003 0.7027 0.0008 0.0006 0.1790 
        013s 11 0.2487 0.0015 0.3206 0.0013 0.4112 0.0003 0.0009 0.0156 
        014s 11 0.6572 0.0048 0.0091 0.0011 0.1696 0.0015 0.0067 0.1500 
        015s 11 0.0269 0.0034 0.1199 0.0034 0.7816 0.0017 0.0020 0.0610 
        016s 11 0.3410 0.0464 0.5306 0.0606 0.0067 0.0087 0.0008 0.0052 
        017s 11 0.0124 0.0919 0.2815 0.0020 0.3660 0.0007 0.0008 0.2447 
        018s 11 0.8178 0.0076 0.0330 0.0023 0.1074 0.0030 0.0020 0.0269 
        019s 11 0.0053 0.0006 0.0131 0.0140 0.9608 0.0005 0.0010 0.0047 
        020s 11 0.5490 0.0014 0.0513 0.0021 0.3869 0.0029 0.0021 0.0043 
        021s 11 0.0046 0.0008 0.9191 0.0018 0.0640 0.0006 0.0008 0.0084 
        022s 11 0.0170 0.0019 0.1314 0.0007 0.7924 0.0011 0.0352 0.0202 
        023s 11 0.5760 0.0340 0.3573 0.0252 0.0056 0.0008 0.0004 0.0006 
        025s 11 0.0068 0.0006 0.0053 0.0014 0.9800 0.0003 0.0005 0.0051 
        026s 11 0.0053 0.0397 0.5775 0.0529 0.3201 0.0011 0.0009 0.0024 
        027s 11 0.0038 0.0012 0.0169 0.0008 0.9635 0.0007 0.0029 0.0102 
        028s 11 0.0052 0.0093 0.1928 0.0015 0.6743 0.0005 0.0013 0.1151 
        029s 11 0.0029 0.0519 0.8284 0.0005 0.1108 0.0015 0.0006 0.0034 
        030s 11 0.0035 0.0383 0.0025 0.0010 0.8718 0.0010 0.0014 0.0805 
        031s 11 0.0073 0.0006 0.9062 0.0005 0.0715 0.0014 0.0017 0.0108 
        032s 11 0.1182 0.0016 0.8314 0.0042 0.0342 0.0015 0.0008 0.0081 
        033s 11 0.1034 0.0064 0.7724 0.0012 0.0879 0.0025 0.0009 0.0253 
        034s 11 0.6188 0.0009 0.3638 0.0004 0.0082 0.0007 0.0033 0.0038 
        035s 11 0.4431 0.0032 0.0217 0.0007 0.4976 0.0017 0.0022 0.0298 
        036s 11 0.0099 0.0172 0.1659 0.0006 0.7192 0.0016 0.0018 0.0837 
        037s 11 0.7878 0.0036 0.0274 0.0024 0.1468 0.0012 0.0005 0.0303 
        038s 11 0.3352 0.0036 0.3025 0.0006 0.1730 0.0014 0.0007 0.1829 
        039s 11 0.0060 0.0021 0.0254 0.0013 0.9626 0.0007 0.0003 0.0015 
        040s 11 0.0017 0.0653 0.0078 0.0007 0.9005 0.0007 0.0035 0.0198 
        041s 11 0.0096 0.0008 0.0047 0.0028 0.9475 0.0202 0.0016 0.0127 
        042s 11 0.3411 0.0008 0.6002 0.0120 0.0023 0.0009 0.0008 0.0419 
        043s 11 0.0057 0.0265 0.2030 0.0223 0.7126 0.0005 0.0007 0.0287 
        044s 11 0.0550 0.0006 0.2766 0.0062 0.6156 0.0011 0.0090 0.0359 
        045s 11 0.0352 0.0006 0.7176 0.0141 0.2190 0.0005 0.0044 0.0086 
        046s 11 0.4847 0.0290 0.4307 0.0371 0.0084 0.0013 0.0028 0.0060 
        047s 11 0.0028 0.0011 0.0086 0.0015 0.9665 0.0006 0.0019 0.0170 
        048s 11 0.0016 0.0039 0.7795 0.0400 0.1659 0.0024 0.0030 0.0037 
        049s 11 0.0165 0.0019 0.1255 0.0018 0.8008 0.0010 0.0005 0.0520 
        050s 11 0.0059 0.0005 0.0366 0.0012 0.9516 0.0004 0.0020 0.0018 
        051s 11 0.0807 0.0007 0.0201 0.0483 0.8134 0.0005 0.0234 0.0129 
        052s 11 0.5453 0.0021 0.4323 0.0029 0.0031 0.0011 0.0044 0.0087 
        053s 11 0.0073 0.0006 0.0199 0.0011 0.9626 0.0013 0.0004 0.0066 
        054s 11 0.0077 0.0009 0.0215 0.0009 0.9583 0.0005 0.0067 0.0035 
        055s 11 0.7114 0.0462 0.0324 0.0005 0.1810 0.0005 0.0013 0.0267 
        001s 12 0.0138 0.0023 0.0946 0.0013 0.8768 0.0013 0.0044 0.0056 
        002s 12 0.0019 0.0010 0.2855 0.0009 0.7046 0.0034 0.0007 0.0019 
        003s 12 0.0153 0.0005 0.1665 0.0004 0.8066 0.0007 0.0009 0.0092 
        004s 12 0.0058 0.0637 0.8546 0.0086 0.0185 0.0029 0.0006 0.0453 
        005s 12 0.4896 0.0005 0.4862 0.0009 0.0138 0.0014 0.0009 0.0067 
        006s 12 0.0394 0.0403 0.5323 0.0021 0.2899 0.0014 0.0044 0.0901 
        007s 12 0.0022 0.0014 0.0095 0.0012 0.9749 0.0045 0.0020 0.0044 
        008s 12 0.0042 0.0096 0.0441 0.0008 0.9202 0.0010 0.0012 0.0188 
        009s 12 0.0393 0.0195 0.1435 0.0082 0.6923 0.0219 0.0017 0.0736 
        010s 12 0.0417 0.0105 0.0545 0.0005 0.8558 0.0013 0.0319 0.0037 
        011s 12 0.0094 0.0023 0.9334 0.0008 0.0400 0.0015 0.0047 0.0080 
        012s 12 0.0030 0.0012 0.0762 0.0046 0.8517 0.0006 0.0080 0.0547 
        013s 12 0.0032 0.0010 0.0110 0.0348 0.9389 0.0007 0.0004 0.0102 
        014s 12 0.3868 0.0018 0.0087 0.0393 0.5144 0.0044 0.0421 0.0026 
        015s 12 0.0038 0.0054 0.0236 0.0011 0.9568 0.0019 0.0009 0.0065 
        016s 12 0.0032 0.0009 0.9551 0.0069 0.0100 0.0007 0.0009 0.0222 
        017s 12 0.0304 0.0050 0.0254 0.0012 0.9329 0.0006 0.0009 0.0035 
        018s 12 0.0060 0.0017 0.0058 0.0021 0.9539 0.0021 0.0003 0.0281 
        019s 12 0.0357 0.0061 0.0170 0.0007 0.9285 0.0030 0.0005 0.0085 
        020s 12 0.0047 0.0787 0.0204 0.0010 0.8622 0.0004 0.0006 0.0320 
        021s 12 0.0048 0.0035 0.0374 0.0033 0.9089 0.0006 0.0008 0.0407 
        022s 12 0.0487 0.0372 0.0572 0.0046 0.8188 0.0051 0.0012 0.0271 
        023s 12 0.0114 0.0006 0.3979 0.0012 0.5740 0.0010 0.0005 0.0134 
        024s 12 0.3798 0.0009 0.0086 0.0007 0.5948 0.0007 0.0005 0.0140 
        025s 12 0.0056 0.0023 0.0377 0.0015 0.9390 0.0050 0.0029 0.0061 
        026s 12 0.0571 0.0312 0.0208 0.0008 0.8532 0.0176 0.0010 0.0184 
        027s 12 0.0043 0.0040 0.0319 0.0006 0.9531 0.0003 0.0010 0.0046 
        028s 12 0.8814 0.0017 0.0471 0.0079 0.0336 0.0208 0.0006 0.0069 
        029s 12 0.2436 0.0007 0.0500 0.0010 0.6952 0.0005 0.0005 0.0085 
        030s 12 0.0093 0.0011 0.0230 0.0011 0.9555 0.0004 0.0021 0.0074 
        031s 12 0.0036 0.0046 0.0643 0.0038 0.9110 0.0011 0.0011 0.0105 
        032s 12 0.6596 0.0007 0.0310 0.0013 0.2627 0.0159 0.0005 0.0282 
        033s 12 0.0130 0.0024 0.6917 0.0008 0.2794 0.0008 0.0088 0.0031 
        034s 12 0.7726 0.0005 0.0217 0.0004 0.2014 0.0007 0.0006 0.0021 
        035s 12 0.1038 0.0210 0.7084 0.0009 0.0979 0.0008 0.0008 0.0664 
        036s 12 0.0330 0.0025 0.0058 0.0011 0.8439 0.0037 0.0061 0.1039 
        037s 12 0.0025 0.0011 0.0071 0.0008 0.9841 0.0011 0.0004 0.0030 
        001s 13 0.0120 0.0207 0.9343 0.0041 0.0230 0.0018 0.0009 0.0032 
        002s 13 0.6878 0.0778 0.0358 0.0008 0.1884 0.0006 0.0008 0.0078 
        003s 13 0.0072 0.0014 0.0942 0.0016 0.8806 0.0009 0.0005 0.0137 
        004s 13 0.0091 0.0013 0.9401 0.0047 0.0154 0.0156 0.0007 0.0132 
        005s 13 0.0062 0.0043 0.8865 0.0020 0.0693 0.0035 0.0059 0.0222 
        006s 13 0.0121 0.0010 0.0093 0.0005 0.9376 0.0010 0.0020 0.0365 
        007s 13 0.0016 0.0011 0.4398 0.0015 0.4993 0.0008 0.0337 0.0222 
        008s 13 0.0017 0.0474 0.0043 0.0008 0.9142 0.0018 0.0013 0.0286 
        009s 13 0.0068 0.1264 0.7872 0.0012 0.0292 0.0134 0.0021 0.0336 
        010s 13 0.0027 0.0640 0.0223 0.0010 0.7979 0.0012 0.0010 0.1098 
        011s 13 0.1800 0.0066 0.0120 0.0040 0.7598 0.0086 0.0251 0.0038 
        012s 13 0.0017 0.0515 0.0026 0.0185 0.6629 0.0045 0.0019 0.2564 
        013s 13 0.4284 0.0194 0.0038 0.0077 0.5199 0.0012 0.0188 0.0009 
        014s 13 0.0027 0.0011 0.0086 0.0051 0.9391 0.0014 0.0255 0.0165 
        015s 13 0.0327 0.0083 0.0863 0.0097 0.8455 0.0082 0.0010 0.0082 
        016s 13 0.0067 0.0005 0.9116 0.0016 0.0685 0.0009 0.0005 0.0097 
        017s 13 0.0085 0.0170 0.8657 0.0008 0.0314 0.0070 0.0124 0.0571 
        018s 13 0.0116 0.0008 0.9167 0.0008 0.0374 0.0010 0.0005 0.0312 
        019s 13 0.0296 0.0008 0.0056 0.0009 0.9399 0.0006 0.0013 0.0214 
        020s 13 0.7828 0.0012 0.1592 0.0006 0.0454 0.0029 0.0060 0.0019 
        021s 13 0.0138 0.0014 0.0233 0.0016 0.9530 0.0007 0.0005 0.0056 
        022s 13 0.0036 0.0019 0.0615 0.0009 0.9282 0.0004 0.0009 0.0026 
        023s 13 0.0359 0.0019 0.0721 0.0004 0.8849 0.0007 0.0005 0.0035 
        024s 13 0.0082 0.0307 0.0514 0.0370 0.8575 0.0017 0.0051 0.0084 
        025s 13 0.0039 0.0014 0.9396 0.0028 0.0462 0.0012 0.0008 0.0040 
        026s 13 0.0041 0.0797 0.0058 0.0106 0.7928 0.0005 0.0065 0.1001 
        027s 13 0.0041 0.0399 0.0026 0.0021 0.9436 0.0039 0.0017 0.0020 
        028s 13 0.3813 0.0139 0.5009 0.0033 0.0289 0.0130 0.0110 0.0477 
        029s 13 0.7157 0.0160 0.0113 0.0020 0.1834 0.0011 0.0016 0.0690 
        030s 13 0.5181 0.0691 0.1559 0.0250 0.1916 0.0009 0.0003 0.0392 
        031s 13 0.0060 0.0044 0.0270 0.0965 0.8064 0.0014 0.0032 0.0551 
        032s 13 0.0125 0.0007 0.3469 0.0005 0.6256 0.0006 0.0061 0.0071 
        033s 13 0.0034 0.0091 0.6747 0.0009 0.2611 0.0010 0.0270 0.0229 
        034s 13 0.8814 0.0426 0.0087 0.0013 0.0432 0.0063 0.0119 0.0048 
        035s 13 0.2177 0.0011 0.4802 0.0065 0.2882 0.0022 0.0008 0.0032 
        036s 13 0.2113 0.0031 0.2168 0.0006 0.5617 0.0004 0.0008 0.0053 
        037s 13 0.0063 0.0005 0.0059 0.0015 0.9795 0.0011 0.0008 0.0045 
        038s 13 0.4302 0.0013 0.2052 0.0018 0.3040 0.0018 0.0017 0.0538 
        039s 13 0.0132 0.1019 0.6586 0.0733 0.1486 0.0013 0.0014 0.0017 
        040s 13 0.0055 0.0015 0.2499 0.0016 0.7169 0.0006 0.0011 0.0229 
        041s 13 0.0061 0.0538 0.0411 0.0011 0.8826 0.0011 0.0054 0.0088 
        042s 13 0.9049 0.0006 0.0587 0.0018 0.0276 0.0009 0.0016 0.0038 
        001s 14 0.4559 0.0233 0.4995 0.0009 0.0038 0.0016 0.0011 0.0139 
        002s 14 0.0054 0.0627 0.0165 0.0010 0.8898 0.0030 0.0026 0.0191 
        003s 14 0.9663 0.0008 0.0104 0.0009 0.0144 0.0009 0.0009 0.0055 
        004s 14 0.0066 0.0168 0.9260 0.0033 0.0312 0.0011 0.0126 0.0024 
        005s 14 0.1475 0.0005 0.0073 0.0006 0.8012 0.0008 0.0003 0.0419 
        006s 14 0.0482 0.0006 0.8221 0.0006 0.1245 0.0006 0.0009 0.0026 
        007s 14 0.0252 0.0009 0.6605 0.0018 0.3066 0.0006 0.0013 0.0032 
        008s 14 0.7791 0.0941 0.0101 0.0016 0.0768 0.0275 0.0057 0.0050 
        009s 14 0.0472 0.0026 0.7487 0.0013 0.1823 0.0105 0.0011 0.0062 
        010s 14 0.3262 0.0585 0.5037 0.0019 0.0886 0.0174 0.0005 0.0032 
        011s 14 0.4192 0.0046 0.3655 0.0014 0.1460 0.0011 0.0307 0.0315 
        012s 14 0.7519 0.0008 0.0368 0.0027 0.1919 0.0024 0.0026 0.0109 
        013s 14 0.1526 0.0018 0.5094 0.0086 0.0729 0.0010 0.0041 0.2496 
        014s 14 0.0097 0.0425 0.2543 0.0009 0.6318 0.0077 0.0009 0.0521 
        015s 14 0.0192 0.0013 0.0117 0.0028 0.9504 0.0090 0.0008 0.0049 
        016s 14 0.0033 0.0019 0.0498 0.0112 0.8856 0.0009 0.0003 0.0470 
        017s 14 0.0042 0.0592 0.0136 0.0007 0.8953 0.0009 0.0119 0.0142 
        018s 14 0.0074 0.0014 0.5731 0.0015 0.4101 0.0018 0.0006 0.0042 
        019s 14 0.0036 0.0015 0.2722 0.0007 0.7132 0.0005 0.0019 0.0064 
        020s 14 0.5473 0.0011 0.4342 0.0019 0.0028 0.0105 0.0003 0.0020 
        021s 14 0.0073 0.0089 0.1138 0.0006 0.8316 0.0111 0.0004 0.0263 
        022s 14 0.0088 0.0056 0.0032 0.0015 0.9667 0.0022 0.0035 0.0085 
        023s 14 0.0130 0.0075 0.2202 0.0033 0.7158 0.0028 0.0019 0.0355 
        024s 14 0.2364 0.0522 0.6760 0.0028 0.0140 0.0030 0.0015 0.0141 
        025s 14 0.0570 0.0681 0.8538 0.0004 0.0169 0.0003 0.0004 0.0030 
        026s 14 0.0055 0.0006 0.8270 0.0010 0.0277 0.0030 0.0004 0.1348 
        027s 14 0.0899 0.0033 0.2916 0.0043 0.6033 0.0008 0.0007 0.0061 
        028s 14 0.0219 0.0007 0.0068 0.0009 0.9473 0.0029 0.0023 0.0173 
        029s 14 0.0074 0.0003 0.0332 0.0011 0.9127 0.0008 0.0003 0.0441 
        030s 14 0.0727 0.0014 0.6474 0.0006 0.1725 0.0010 0.0115 0.0927 
        031s 14 0.3184 0.0004 0.5562 0.0019 0.0893 0.0009 0.0241 0.0086 
        032s 14 0.2284 0.0011 0.0026 0.0026 0.7604 0.0004 0.0017 0.0029 
        033s 14 0.3308 0.0009 0.0379 0.0007 0.5729 0.0011 0.0509 0.0049 
        034s 14 0.0017 0.0004 0.3411 0.0009 0.6371 0.0007 0.0005 0.0177 
        035s 14 0.0353 0.0793 0.0204 0.0009 0.6925 0.0004 0.0756 0.0956 
        036s 14 0.5780 0.0635 0.0241 0.0058 0.2876 0.0027 0.0374 0.0008 
        037s 14 0.0133 0.0014 0.0084 0.0028 0.9679 0.0013 0.0003 0.0045 
        038s 14 0.0187 0.0008 0.0804 0.0005 0.8879 0.0008 0.0008 0.0102 
        039s 14 0.0109 0.0024 0.0362 0.0063 0.9337 0.0042 0.0028 0.0034 
        040s 14 0.0213 0.0159 0.2067 0.0015 0.7460 0.0004 0.0011 0.0070 
        041s 14 0.2771 0.0010 0.0047 0.0007 0.6668 0.0005 0.0018 0.0473 
        042s 14 0.0229 0.0766 0.6609 0.0029 0.1394 0.0010 0.0005 0.0960 
        001s 15 0.3878 0.0013 0.0117 0.0016 0.5932 0.0012 0.0007 0.0024 
        002s 15 0.1669 0.0921 0.0052 0.0087 0.7150 0.0084 0.0026 0.0011 
        003s 15 0.0062 0.0105 0.0371 0.0045 0.9321 0.0015 0.0008 0.0074 
        004s 15 0.0015 0.0010 0.2315 0.0004 0.6418 0.0114 0.0007 0.1117 
        005s 15 0.0034 0.0142 0.1731 0.0091 0.7876 0.0015 0.0020 0.0091 
        006s 15 0.0214 0.0182 0.0377 0.0010 0.9028 0.0008 0.0018 0.0163 
        007s 15 0.0357 0.0005 0.2691 0.0008 0.6791 0.0013 0.0006 0.0128 
        008s 15 0.0161 0.0009 0.0173 0.0007 0.9529 0.0007 0.0008 0.0106 
        009s 15 0.0052 0.0235 0.1631 0.0367 0.6392 0.0010 0.0030 0.1283 
        010s 15 0.6196 0.0007 0.3523 0.0016 0.0131 0.0006 0.0006 0.0116 
        011s 15 0.0030 0.0016 0.0524 0.0015 0.6114 0.0006 0.0539 0.2756 
        012s 15 0.0043 0.0034 0.0448 0.0020 0.9188 0.0015 0.0015 0.0238 
        013s 15 0.8116 0.0014 0.0224 0.0021 0.1326 0.0070 0.0005 0.0224 
        014s 15 0.0062 0.0028 0.1112 0.0056 0.8622 0.0049 0.0011 0.0059 
        015s 15 0.0014 0.0781 0.0085 0.0036 0.8893 0.0013 0.0043 0.0136 
        016s 15 0.6622 0.0061 0.1771 0.0006 0.0482 0.0370 0.0651 0.0036 
        017s 15 0.0086 0.0036 0.9312 0.0047 0.0304 0.0186 0.0007 0.0022 
        018s 15 0.4497 0.0026 0.5131 0.0006 0.0081 0.0036 0.0003 0.0220 
        019s 15 0.5097 0.0054 0.1300 0.0103 0.0169 0.0008 0.0006 0.3263 
        020s 15 0.4118 0.0015 0.5017 0.0013 0.0716 0.0008 0.0006 0.0107 
        021s 15 0.0177 0.0704 0.1133 0.0045 0.6930 0.0022 0.0012 0.0977 
        022s 15 0.0091 0.0008 0.7516 0.0008 0.1635 0.0008 0.0025 0.0709 
        023s 15 0.0100 0.0298 0.0061 0.0007 0.8287 0.0006 0.0029 0.1213 
        024s 15 0.0046 0.0020 0.9635 0.0010 0.0094 0.0006 0.0031 0.0157 
        025s 15 0.0359 0.0069 0.1134 0.0280 0.8043 0.0013 0.0012 0.0090 
        026s 15 0.0185 0.0013 0.0099 0.0241 0.9364 0.0032 0.0014 0.0051 
        027s 15 0.0579 0.0039 0.5263 0.0008 0.3814 0.0142 0.0126 0.0028 
        028s 15 0.0084 0.0005 0.1603 0.0021 0.8198 0.0019 0.0018 0.0052 
        029s 15 0.0103 0.0008 0.6619 0.0017 0.3161 0.0022 0.0019 0.0052 
        030s 15 0.0094 0.0007 0.9358 0.0010 0.0400 0.0023 0.0006 0.0102 
        031s 15 0.0742 0.0682 0.7881 0.0080 0.0544 0.0020 0.0019 0.0032 
        032s 15 0.0011 0.0008 0.8718 0.0023 0.0700 0.0014 0.0003 0.0522 
        033s 15 0.8131 0.0459 0.0078 0.0006 0.1103 0.0016 0.0016 0.0192 
        035s 15 0.0033 0.0021 0.0093 0.0010 0.9534 0.0033 0.0023 0.0252 
        036s 15 0.3707 0.0011 0.0058 0.0056 0.5919 0.0004 0.0026 0.0218 
        037s 15 0.0124 0.0013 0.0380 0.0014 0.9265 0.0007 0.0094 0.0102 
        038s 15 0.0031 0.0058 0.0343 0.0004 0.8821 0.0012 0.0016 0.0715 
        039s 15 0.2484 0.0697 0.0052 0.0004 0.5686 0.0007 0.0005 0.1065 
        040s 15 0.0247 0.0034 0.0044 0.0009 0.9500 0.0025 0.0029 0.0112 
        041s 15 0.0179 0.0694 0.3175 0.0026 0.5828 0.0006 0.0052 0.0041 
        042s 15 0.0067 0.0071 0.9366 0.0009 0.0375 0.0042 0.0006 0.0064 
        043s 15 0.3974 0.0125 0.5757 0.0023 0.0070 0.0004 0.0021 0.0026 
        044s 15 0.0037 0.0057 0.0305 0.0011 0.9460 0.0010 0.0010 0.0110 
        045s 15 0.0074 0.0028 0.0029 0.0747 0.7283 0.0023 0.0333 0.1483 
        046s 15 0.0114 0.0148 0.0105 0.0011 0.9510 0.0006 0.0070 0.0035 
        047s 15 0.0060 0.0248 0.0354 0.0007 0.8463 0.0006 0.0022 0.0840 
        048s 15 0.3191 0.0006 0.4213 0.0220 0.2324 0.0012 0.0012 0.0022 
        049s 15 0.0354 0.0125 0.0210 0.0007 0.9175 0.0007 0.0016 0.0107 
        050s 15 0.0096 0.1332 0.0071 0.0017 0.8302 0.0108 0.0008 0.0066 
         001 16 0.5781 0.1525 0.0431 0.0006 0.0678 0.0053 0.0116 0.1412 
         002 16 0.0055 0.0380 0.0009 0.0008 0.8810 0.0004 0.0009 0.0725 
         003 16 0.0076 0.0050 0.0926 0.0013 0.8547 0.0039 0.0064 0.0285 
         004 16 0.0029 0.0013 0.8185 0.0015 0.0941 0.0007 0.0018 0.0792 
         005 16 0.0113 0.0520 0.0300 0.0292 0.8655 0.0028 0.0058 0.0032 
         006 16 0.0017 0.0108 0.0053 0.0097 0.8842 0.0009 0.0009 0.0865 
         007 16 0.0336 0.0064 0.0913 0.0022 0.8450 0.0010 0.0008 0.0197 
         008 16 0.1289 0.1425 0.0045 0.0008 0.7066 0.0011 0.0092 0.0064 
         009 16 0.4591 0.0049 0.0921 0.0009 0.4321 0.0022 0.0005 0.0084 
         010 16 0.1987 0.0295 0.4663 0.0016 0.2835 0.0010 0.0006 0.0189 
         011 16 0.6996 0.0098 0.2313 0.0034 0.0312 0.0012 0.0018 0.0216 
         012 16 0.0291 0.0006 0.0219 0.0015 0.9265 0.0014 0.0027 0.0162 
         013 16 0.0119 0.0006 0.0464 0.0007 0.9288 0.0007 0.0011 0.0097 
         014 16 0.0036 0.0452 0.9059 0.0002 0.0355 0.0014 0.0014 0.0068 
         015 16 0.0155 0.0003 0.0084 0.3638 0.6045 0.0027 0.0033 0.0015 
         016 16 0.0062 0.0019 0.6941 0.0161 0.2380 0.0045 0.0006 0.0388 
         017 16 0.5617 0.0050 0.1304 0.0013 0.2784 0.0011 0.0091 0.0130 
         018 16 0.0019 0.0355 0.0065 0.0183 0.9219 0.0063 0.0029 0.0066 
         019 16 0.7806 0.0580 0.0807 0.0008 0.0622 0.0017 0.0043 0.0116 
         020 16 0.0159 0.0003 0.2698 0.0011 0.7019 0.0015 0.0006 0.0088 
         021 16 0.0056 0.0748 0.0380 0.0008 0.8241 0.0047 0.0283 0.0238 
         022 16 0.0018 0.0393 0.3109 0.0019 0.6009 0.0012 0.0004 0.0437 
