        001s  1 0.0003 0.0009 0.9972 0.0002 0.0007 0.0003 0.0004 
        002s  1 0.0011 0.0004 0.9949 0.0020 0.0004 0.0006 0.0006 
        003s  1 0.0006 0.0130 0.9783 0.0006 0.0047 0.0016 0.0011 
        004s  1 0.0012 0.0003 0.9535 0.0340 0.0062 0.0013 0.0036 
        005s  1 0.0845 0.0002 0.5033 0.0966 0.0890 0.2258 0.0005 
        006s  1 0.0004 0.0004 0.9964 0.0018 0.0004 0.0002 0.0004 
        007s  1 0.0006 0.0009 0.9925 0.0003 0.0016 0.0010 0.0030 
        008s  1 0.0003 0.0008 0.9383 0.0003 0.0006 0.0592 0.0005 
        009s  1 0.0202 0.0014 0.9302 0.0010 0.0303 0.0118 0.0051 
        010s  1 0.0009 0.0004 0.9884 0.0009 0.0082 0.0009 0.0004 
        011s  1 0.0008 0.0038 0.9886 0.0016 0.0008 0.0023 0.0020 
        012s  1 0.0064 0.0057 0.8687 0.0040 0.1131 0.0014 0.0008 
        013s  1 0.0177 0.0011 0.9638 0.0058 0.0011 0.0031 0.0075 
        014s  1 0.0004 0.0139 0.9316 0.0008 0.0049 0.0426 0.0059 
        015s  1 0.0005 0.0006 0.9971 0.0003 0.0005 0.0006 0.0005 
        016s  1 0.0004 0.0008 0.9843 0.0006 0.0075 0.0003 0.0061 
        018s  1 0.0010 0.0007 0.8187 0.0005 0.0929 0.0853 0.0008 
        019s  1 0.0003 0.0050 0.9736 0.0004 0.0098 0.0102 0.0007 
        020s  1 0.0003 0.0089 0.9826 0.0002 0.0005 0.0003 0.0073 
        021s  1 0.0012 0.0009 0.9826 0.0099 0.0003 0.0003 0.0047 
        022s  1 0.0001 0.0004 0.9980 0.0002 0.0003 0.0004 0.0006 
        023s  1 0.0004 0.0007 0.9891 0.0004 0.0004 0.0002 0.0088 
        024s  1 0.0003 0.0003 0.9954 0.0016 0.0010 0.0008 0.0007 
        025s  1 0.0004 0.0004 0.9648 0.0008 0.0030 0.0299 0.0008 
        026s  1 0.0019 0.0044 0.9843 0.0004 0.0006 0.0005 0.0078 
        027s  1 0.0005 0.0003 0.9745 0.0111 0.0010 0.0098 0.0028 
        028s  1 0.0003 0.0029 0.8575 0.0337 0.0032 0.1021 0.0003 
        029s  1 0.0004 0.0072 0.9898 0.0005 0.0012 0.0003 0.0006 
        030s  1 0.0002 0.0084 0.9745 0.0062 0.0007 0.0094 0.0005 
        031s  1 0.0002 0.0003 0.9975 0.0002 0.0002 0.0005 0.0011 
        032s  1 0.0002 0.0012 0.9909 0.0004 0.0007 0.0059 0.0008 
        033s  1 0.0028 0.0009 0.9716 0.0002 0.0009 0.0230 0.0007 
        034s  1 0.0002 0.0029 0.9338 0.0014 0.0011 0.0092 0.0514 
        035s  1 0.0005 0.0022 0.9914 0.0027 0.0017 0.0007 0.0008 
        036s  1 0.0007 0.0003 0.8934 0.0006 0.1027 0.0014 0.0009 
        037s  1 0.0175 0.0016 0.8347 0.0036 0.1069 0.0009 0.0348 
        038s  1 0.0010 0.0006 0.9954 0.0005 0.0008 0.0012 0.0005 
        039s  1 0.0319 0.0006 0.9627 0.0008 0.0002 0.0036 0.0003 
        040s  1 0.0007 0.0005 0.9902 0.0042 0.0007 0.0007 0.0029 
        041s  1 0.0017 0.0007 0.9926 0.0003 0.0020 0.0005 0.0023 
        042s  1 0.0003 0.0011 0.8411 0.0003 0.0751 0.0012 0.0808 
        043s  1 0.0007 0.0009 0.8947 0.0003 0.0003 0.1027 0.0004 
        044s  1 0.0110 0.0041 0.8929 0.0097 0.0675 0.0087 0.0062 
        045s  1 0.0004 0.0007 0.9860 0.0019 0.0097 0.0008 0.0006 
        046s  1 0.0004 0.0025 0.9939 0.0002 0.0015 0.0010 0.0004 
        047s  1 0.0004 0.0010 0.9934 0.0002 0.0007 0.0002 0.0041 
        048s  1 0.0143 0.0004 0.9506 0.0002 0.0336 0.0004 0.0005 
        049s  1 0.0004 0.0007 0.9958 0.0013 0.0005 0.0009 0.0004 
        050s  1 0.0011 0.0004 0.8947 0.0019 0.0896 0.0118 0.0005 
        051s  1 0.0003 0.0242 0.9730 0.0009 0.0006 0.0002 0.0008 
        052s  1 0.0035 0.0142 0.9656 0.0030 0.0063 0.0059 0.0015 
        053s  1 0.0044 0.0003 0.9932 0.0002 0.0012 0.0003 0.0004 
        054s  1 0.0011 0.0033 0.9915 0.0028 0.0002 0.0002 0.0009 
        055s  1 0.0137 0.0024 0.8249 0.0003 0.0319 0.0481 0.0786 
          01  2 0.0004 0.0258 0.8312 0.0005 0.0985 0.0421 0.0015 
          02  2 0.0292 0.0018 0.9642 0.0007 0.0019 0.0016 0.0006 
          03  2 0.0006 0.0003 0.9954 0.0006 0.0009 0.0010 0.0012 
          04  2 0.0012 0.0006 0.9272 0.0029 0.0006 0.0588 0.0086 
          05  2 0.0004 0.0002 0.8458 0.0002 0.0809 0.0722 0.0003 
          06  2 0.0055 0.0006 0.9749 0.0014 0.0141 0.0029 0.0007 
          07  2 0.0035 0.0008 0.9812 0.0015 0.0037 0.0087 0.0006 
          08  2 0.0003 0.0006 0.9151 0.0003 0.0819 0.0014 0.0005 
          09  2 0.0004 0.0076 0.9903 0.0004 0.0007 0.0002 0.0003 
          10  2 0.0006 0.0006 0.9961 0.0007 0.0010 0.0006 0.0004 
          11  2 0.0004 0.0064 0.9636 0.0006 0.0254 0.0008 0.0028 
          12  2 0.0008 0.0014 0.9956 0.0005 0.0003 0.0008 0.0005 
          13  2 0.0013 0.0006 0.9968 0.0003 0.0003 0.0003 0.0003 
          14  2 0.0008 0.0018 0.9599 0.0098 0.0002 0.0005 0.0270 
          15  2 0.0007 0.0008 0.9964 0.0004 0.0004 0.0002 0.0011 
          16  2 0.0004 0.0039 0.9350 0.0516 0.0006 0.0040 0.0044 
          17  2 0.0027 0.0011 0.9923 0.0005 0.0015 0.0008 0.0012 
          18  2 0.0080 0.0014 0.9771 0.0021 0.0066 0.0038 0.0010 
          19  2 0.0004 0.0017 0.9928 0.0003 0.0009 0.0006 0.0034 
          20  2 0.0005 0.0020 0.9253 0.0068 0.0593 0.0018 0.0042 
          21  2 0.0005 0.0124 0.9836 0.0004 0.0010 0.0016 0.0006 
          22  2 0.0008 0.0054 0.9790 0.0045 0.0022 0.0020 0.0061 
          23  2 0.0008 0.0006 0.9918 0.0014 0.0007 0.0028 0.0018 
          24  2 0.0005 0.0008 0.9965 0.0004 0.0005 0.0007 0.0006 
          25  2 0.0014 0.0013 0.9644 0.0250 0.0062 0.0009 0.0009 
          26  2 0.0007 0.0006 0.9967 0.0004 0.0010 0.0004 0.0002 
          27  2 0.0018 0.0008 0.9688 0.0210 0.0005 0.0036 0.0034 
          28  2 0.0005 0.0006 0.9936 0.0002 0.0004 0.0004 0.0043 
          29  2 0.0003 0.0007 0.9964 0.0008 0.0010 0.0006 0.0002 
          30  2 0.0032 0.0093 0.7609 0.0004 0.1422 0.0012 0.0828 
          01  3 0.4119 0.0002 0.2708 0.0002 0.0969 0.2113 0.0087 
          02  3 0.2159 0.0753 0.0269 0.2294 0.0777 0.3599 0.0149 
          03  3 0.0001 0.0006 0.0050 0.0930 0.0010 0.8995 0.0008 
          04  3 0.1858 0.0012 0.0152 0.1210 0.1470 0.5284 0.0014 
          05  3 0.1397 0.1013 0.0001 0.2083 0.0519 0.4005 0.0981 
          06  3 0.1860 0.0001 0.0002 0.2175 0.0409 0.5550 0.0003 
          07  3 0.0001 0.0006 0.0526 0.0582 0.0252 0.8632 0.0002 
          08  3 0.1031 0.0059 0.1655 0.1652 0.1402 0.4174 0.0027 
          09  3 0.0003 0.0002 0.0036 0.0655 0.1236 0.8064 0.0004 
          10  3 0.1418 0.2043 0.0005 0.2224 0.0002 0.3290 0.1018 
          11  3 0.0002 0.0002 0.0003 0.0816 0.0120 0.9055 0.0002 
          12  3 0.0001 0.0001 0.0002 0.0745 0.0361 0.8889 0.0001 
          13  3 0.2233 0.0004 0.0002 0.2416 0.0139 0.5206 0.0001 
          14  3 0.1536 0.0214 0.0003 0.2462 0.0023 0.4381 0.1381 
          15  3 0.0691 0.0001 0.1521 0.0737 0.0938 0.6103 0.0010 
          16  3 0.3638 0.0027 0.0037 0.2533 0.0003 0.3741 0.0020 
          17  3 0.0570 0.0011 0.2823 0.0515 0.2295 0.3781 0.0005 
          18  3 0.1242 0.1542 0.0009 0.1910 0.0027 0.2572 0.2698 
          19  3 0.2825 0.0010 0.0374 0.2120 0.0324 0.4056 0.0290 
          20  3 0.2169 0.0002 0.0338 0.1061 0.1475 0.4317 0.0637 
          21  3 0.3235 0.0010 0.1648 0.1218 0.0696 0.3115 0.0077 
          22  3 0.0110 0.0004 0.0363 0.0144 0.1179 0.8186 0.0015 
          23  3 0.2501 0.0003 0.1396 0.1272 0.1283 0.3530 0.0015 
          24  3 0.1587 0.1584 0.0007 0.0975 0.2231 0.3611 0.0006 
          25  3 0.2387 0.2392 0.0003 0.0849 0.0080 0.3070 0.1220 
          26  3 0.0139 0.0001 0.0010 0.1146 0.1130 0.7571 0.0003 
          27  3 0.2189 0.1273 0.0016 0.1420 0.0005 0.3356 0.1742 
          28  3 0.3020 0.0017 0.0055 0.1673 0.0904 0.4329 0.0002 
          29  3 0.2755 0.0062 0.0495 0.1651 0.1217 0.3593 0.0227 
          30  3 0.2007 0.0008 0.1898 0.0339 0.1457 0.4288 0.0003 
         001  4 0.0000 0.0000 0.0001 0.0001 0.9997 0.0000 0.0001 
         002  4 0.0007 0.0002 0.0002 0.0002 0.9976 0.0010 0.0001 
         003  4 0.0001 0.0001 0.0001 0.0001 0.9996 0.0000 0.0000 
         004  4 0.0001 0.0000 0.0001 0.0002 0.9995 0.0001 0.0000 
         005  4 0.0001 0.0001 0.0001 0.0002 0.9994 0.0001 0.0001 
         006  4 0.0071 0.0001 0.0004 0.0503 0.8741 0.0679 0.0001 
         007  4 0.0001 0.0001 0.0002 0.0376 0.8871 0.0747 0.0002 
         008  4 0.0004 0.0006 0.0003 0.0006 0.9970 0.0001 0.0010 
         009  4 0.0001 0.0001 0.0001 0.0002 0.9994 0.0001 0.0001 
         010  4 0.0001 0.0000 0.0001 0.0245 0.9750 0.0002 0.0000 
         011  4 0.0008 0.0002 0.0005 0.0413 0.9526 0.0004 0.0042 
         012  4 0.0001 0.0001 0.0001 0.0000 0.9995 0.0002 0.0001 
         013  4 0.0001 0.0000 0.0001 0.0001 0.9995 0.0001 0.0000 
         014  4 0.0001 0.0001 0.0002 0.0001 0.9953 0.0042 0.0001 
         015  4 0.0001 0.0000 0.0001 0.0001 0.9753 0.0244 0.0000 
         016  4 0.0001 0.0000 0.0001 0.0002 0.9995 0.0001 0.0000 
         017  4 0.0002 0.0001 0.0001 0.0001 0.9713 0.0281 0.0001 
         019  4 0.0028 0.0002 0.0003 0.0908 0.8947 0.0108 0.0004 
         020  4 0.0001 0.0001 0.0001 0.0001 0.9995 0.0001 0.0001 
         021  4 0.0001 0.0001 0.0001 0.0327 0.9652 0.0016 0.0001 
         001  5 0.0007 0.0006 0.0007 0.0002 0.9121 0.0743 0.0113 
         002  5 0.0347 0.0008 0.0174 0.0002 0.9456 0.0005 0.0007 
         003  5 0.0841 0.0002 0.1688 0.0365 0.6967 0.0121 0.0016 
         004  5 0.0032 0.0002 0.0543 0.0016 0.9400 0.0002 0.0005 
         005  5 0.0409 0.0001 0.0001 0.0002 0.9213 0.0372 0.0001 
         006  5 0.1276 0.0003 0.0002 0.0056 0.7797 0.0866 0.0001 
         007  5 0.0542 0.0001 0.0003 0.0338 0.8319 0.0796 0.0001 
         008  5 0.0585 0.0001 0.0001 0.0003 0.8997 0.0412 0.0001 
         009  5 0.0065 0.0002 0.0412 0.0014 0.9002 0.0492 0.0013 
         010  5 0.0984 0.0003 0.0016 0.0306 0.8611 0.0074 0.0007 
         011  5 0.0516 0.0001 0.0006 0.0001 0.9173 0.0299 0.0005 
         012  5 0.0181 0.0007 0.0533 0.0720 0.8386 0.0162 0.0012 
         013  5 0.0496 0.0002 0.1264 0.0003 0.6321 0.1910 0.0004 
         014  5 0.0561 0.0099 0.1786 0.0704 0.6794 0.0007 0.0049 
         015  5 0.0150 0.0002 0.0001 0.0180 0.9295 0.0372 0.0001 
         016  5 0.0096 0.0003 0.0006 0.0149 0.8472 0.1272 0.0002 
         017  5 0.0463 0.0010 0.0025 0.0446 0.7977 0.1077 0.0001 
         018  5 0.0362 0.0223 0.0113 0.0011 0.7804 0.1372 0.0114 
         019  5 0.0001 0.0007 0.0002 0.0001 0.9392 0.0594 0.0003 
         020  5 0.0003 0.0001 0.0001 0.0001 0.9984 0.0008 0.0001 
         021  5 0.0012 0.0003 0.1391 0.0005 0.8478 0.0103 0.0009 
         022  5 0.0003 0.0022 0.0013 0.0018 0.8963 0.0841 0.0140 
         023  5 0.0252 0.0003 0.0002 0.0002 0.8626 0.1111 0.0004 
         024  5 0.0032 0.0001 0.0192 0.0699 0.8901 0.0170 0.0005 
         025  5 0.0052 0.0004 0.0016 0.0389 0.8045 0.1491 0.0002 
         026  5 0.0066 0.0003 0.1185 0.0079 0.8023 0.0642 0.0002 
         027  5 0.0001 0.0001 0.0001 0.0005 0.9990 0.0002 0.0001 
         028  5 0.0003 0.0005 0.0009 0.0201 0.8616 0.1158 0.0009 
         029  5 0.0012 0.0002 0.0001 0.0004 0.9358 0.0621 0.0001 
         030  5 0.0012 0.0006 0.0003 0.0002 0.9240 0.0734 0.0003 
        001s  6 0.0094 0.0005 0.9562 0.0107 0.0005 0.0024 0.0203 
        002s  6 0.0024 0.0244 0.9333 0.0003 0.0120 0.0270 0.0006 
        003s  6 0.0050 0.0004 0.9840 0.0003 0.0067 0.0017 0.0020 
        004s  6 0.0003 0.0004 0.9978 0.0003 0.0005 0.0004 0.0004 
        006s  6 0.0026 0.0010 0.9073 0.0163 0.0629 0.0005 0.0095 
        007s  6 0.0010 0.0006 0.9946 0.0029 0.0004 0.0002 0.0004 
        008s  6 0.0011 0.0027 0.9869 0.0005 0.0035 0.0004 0.0049 
        009s  6 0.0006 0.0008 0.9973 0.0003 0.0003 0.0002 0.0005 
        010s  6 0.0015 0.0118 0.9398 0.0037 0.0268 0.0014 0.0151 
        011s  6 0.0092 0.0002 0.9872 0.0008 0.0003 0.0012 0.0012 
        012s  6 0.0008 0.0021 0.9860 0.0010 0.0002 0.0078 0.0020 
        013s  6 0.0005 0.0005 0.9964 0.0007 0.0006 0.0011 0.0003 
        014s  6 0.0020 0.0002 0.9214 0.0003 0.0217 0.0541 0.0003 
        015s  6 0.0005 0.0009 0.9435 0.0081 0.0021 0.0398 0.0051 
        016s  6 0.0005 0.0003 0.9969 0.0008 0.0003 0.0005 0.0007 
        018s  6 0.0625 0.0007 0.7145 0.0003 0.2185 0.0025 0.0010 
        019s  6 0.0034 0.0006 0.9628 0.0005 0.0020 0.0284 0.0023 
        020s  6 0.0009 0.0007 0.9967 0.0004 0.0002 0.0008 0.0004 
        021s  6 0.0113 0.0014 0.9739 0.0069 0.0010 0.0009 0.0045 
        022s  6 0.0003 0.0004 0.9914 0.0002 0.0005 0.0047 0.0025 
        023s  6 0.0004 0.0003 0.9717 0.0004 0.0168 0.0095 0.0009 
        024s  6 0.0004 0.0013 0.9462 0.0009 0.0497 0.0008 0.0006 
        025s  6 0.0031 0.0007 0.9251 0.0007 0.0008 0.0002 0.0694 
        026s  6 0.0003 0.0020 0.9948 0.0004 0.0003 0.0018 0.0004 
        027s  6 0.0004 0.0009 0.9968 0.0004 0.0010 0.0003 0.0002 
        028s  6 0.0039 0.0473 0.8858 0.0015 0.0016 0.0502 0.0098 
        029s  6 0.0002 0.0014 0.9962 0.0004 0.0003 0.0006 0.0010 
        030s  6 0.0017 0.0033 0.9190 0.0004 0.0347 0.0338 0.0071 
        031s  6 0.0006 0.0004 0.9905 0.0059 0.0014 0.0009 0.0003 
        032s  6 0.0357 0.0004 0.9612 0.0006 0.0008 0.0008 0.0005 
        033s  6 0.0002 0.0003 0.8887 0.0002 0.0176 0.0924 0.0006 
        034s  6 0.0003 0.0003 0.9821 0.0024 0.0018 0.0013 0.0118 
        035s  6 0.0002 0.0006 0.8468 0.0005 0.1446 0.0067 0.0006 
        036s  6 0.0078 0.0002 0.9875 0.0022 0.0004 0.0010 0.0009 
        037s  6 0.0021 0.0016 0.9932 0.0004 0.0008 0.0004 0.0014 
        038s  6 0.0005 0.0010 0.9940 0.0033 0.0003 0.0002 0.0006 
        039s  6 0.0003 0.0004 0.9980 0.0002 0.0002 0.0003 0.0006 
        040s  6 0.0004 0.0004 0.9924 0.0008 0.0002 0.0055 0.0003 
        041s  6 0.0001 0.0024 0.9239 0.0002 0.0707 0.0006 0.0021 
        042s  6 0.0013 0.0032 0.9287 0.0006 0.0100 0.0004 0.0557 
        043s  6 0.0004 0.0003 0.9901 0.0012 0.0007 0.0006 0.0068 
        044s  6 0.0003 0.0023 0.9946 0.0004 0.0006 0.0010 0.0007 
        045s  6 0.0010 0.0006 0.9917 0.0004 0.0042 0.0003 0.0019 
        001s  7 0.0005 0.0002 0.9960 0.0004 0.0018 0.0004 0.0008 
        002s  7 0.0061 0.0008 0.9688 0.0007 0.0211 0.0005 0.0020 
        003s  7 0.0011 0.0009 0.9931 0.0012 0.0009 0.0021 0.0007 
        004s  7 0.0007 0.0010 0.9918 0.0024 0.0006 0.0030 0.0005 
        005s  7 0.0011 0.0004 0.9810 0.0015 0.0123 0.0020 0.0018 
        006s  7 0.0012 0.0005 0.9354 0.0011 0.0553 0.0017 0.0048 
        007s  7 0.0014 0.0145 0.9645 0.0126 0.0048 0.0007 0.0014 
        008s  7 0.0003 0.0019 0.9481 0.0002 0.0029 0.0448 0.0018 
        009s  7 0.0035 0.0006 0.9823 0.0018 0.0020 0.0004 0.0094 
        010s  7 0.0005 0.0008 0.9959 0.0002 0.0008 0.0008 0.0010 
        011s  7 0.0012 0.0008 0.9963 0.0006 0.0004 0.0002 0.0006 
        012s  7 0.0001 0.0004 0.9971 0.0008 0.0005 0.0005 0.0006 
        013s  7 0.0004 0.0006 0.9826 0.0122 0.0003 0.0004 0.0036 
        014s  7 0.0003 0.0005 0.9457 0.0006 0.0522 0.0004 0.0003 
        015s  7 0.0012 0.0014 0.9593 0.0011 0.0362 0.0002 0.0007 
        016s  7 0.0002 0.0003 0.8802 0.0002 0.1163 0.0011 0.0018 
        017s  7 0.0003 0.0003 0.9960 0.0016 0.0009 0.0005 0.0005 
        018s  7 0.0002 0.0027 0.9293 0.0003 0.0005 0.0669 0.0002 
        019s  7 0.0038 0.0027 0.9801 0.0006 0.0011 0.0005 0.0112 
        020s  7 0.0006 0.0003 0.9964 0.0009 0.0004 0.0011 0.0003 
        021s  7 0.0034 0.0009 0.9936 0.0003 0.0006 0.0004 0.0008 
        022s  7 0.0006 0.0002 0.9897 0.0048 0.0020 0.0021 0.0006 
        023s  7 0.0014 0.0016 0.9592 0.0007 0.0019 0.0162 0.0189 
        024s  7 0.0003 0.0015 0.9952 0.0005 0.0013 0.0008 0.0004 
        025s  7 0.0031 0.0008 0.9909 0.0027 0.0009 0.0009 0.0007 
        026s  7 0.0002 0.0008 0.9938 0.0002 0.0028 0.0011 0.0010 
        027s  7 0.0010 0.0013 0.9946 0.0011 0.0012 0.0005 0.0003 
        028s  7 0.0007 0.0002 0.9748 0.0004 0.0026 0.0209 0.0004 
        029s  7 0.0010 0.0004 0.9837 0.0007 0.0050 0.0075 0.0016 
        030s  7 0.0002 0.0045 0.9905 0.0008 0.0002 0.0007 0.0030 
        031s  7 0.0006 0.0004 0.9794 0.0009 0.0022 0.0010 0.0156 
        032s  7 0.0006 0.0039 0.8948 0.0003 0.0896 0.0103 0.0005 
        033s  7 0.0076 0.0033 0.9516 0.0003 0.0341 0.0019 0.0013 
        034s  7 0.0058 0.0013 0.9596 0.0304 0.0010 0.0013 0.0006 
        035s  7 0.0002 0.0004 0.9971 0.0003 0.0003 0.0003 0.0013 
        036s  7 0.0004 0.0006 0.9852 0.0035 0.0004 0.0011 0.0089 
        037s  7 0.0187 0.0003 0.9068 0.0007 0.0035 0.0665 0.0035 
        038s  7 0.0126 0.0010 0.9802 0.0002 0.0027 0.0013 0.0021 
        039s  7 0.0005 0.0003 0.9982 0.0002 0.0002 0.0003 0.0003 
        040s  7 0.0014 0.0003 0.9440 0.0348 0.0179 0.0010 0.0006 
        041s  7 0.0109 0.0019 0.9736 0.0003 0.0092 0.0028 0.0013 
        042s  7 0.0006 0.0002 0.9899 0.0006 0.0073 0.0010 0.0004 
        043s  7 0.0002 0.0005 0.9947 0.0001 0.0013 0.0004 0.0027 
        044s  7 0.0102 0.0015 0.9014 0.0032 0.0069 0.0495 0.0274 
         003  8 0.0019 0.0108 0.9782 0.0009 0.0070 0.0007 0.0006 
         009  8 0.0004 0.0004 0.9965 0.0006 0.0009 0.0004 0.0008 
         010  8 0.0004 0.0003 0.9969 0.0002 0.0003 0.0002 0.0017 
         017  8 0.0011 0.0012 0.9921 0.0005 0.0005 0.0005 0.0041 
         002  9 0.0003 0.0005 0.9962 0.0009 0.0004 0.0004 0.0013 
         003  9 0.0002 0.0003 0.9985 0.0003 0.0001 0.0002 0.0004 
         004  9 0.0002 0.0004 0.9976 0.0001 0.0003 0.0002 0.0012 
         005  9 0.0004 0.0013 0.9929 0.0008 0.0003 0.0004 0.0038 
         006  9 0.0004 0.0005 0.9945 0.0007 0.0007 0.0014 0.0019 
         007  9 0.0002 0.0009 0.9934 0.0004 0.0034 0.0008 0.0010 
         009  9 0.0009 0.0012 0.9950 0.0002 0.0009 0.0002 0.0015 
         010  9 0.0003 0.0015 0.9961 0.0003 0.0002 0.0003 0.0013 
         013  9 0.0003 0.0004 0.9956 0.0009 0.0011 0.0007 0.0011 
         014  9 0.0002 0.0033 0.9948 0.0003 0.0003 0.0001 0.0009 
         016  9 0.0002 0.0010 0.9973 0.0002 0.0002 0.0005 0.0005 
         018  9 0.0008 0.0039 0.9922 0.0007 0.0006 0.0003 0.0015 
         019  9 0.0006 0.0033 0.9937 0.0007 0.0011 0.0002 0.0005 
         020  9 0.0003 0.0002 0.9983 0.0003 0.0002 0.0004 0.0003 
         021  9 0.0003 0.0002 0.9979 0.0002 0.0003 0.0003 0.0007 
         022  9 0.0005 0.0012 0.9973 0.0003 0.0002 0.0002 0.0004 
         024  9 0.0012 0.0024 0.9925 0.0002 0.0003 0.0004 0.0029 
         028  9 0.0002 0.0005 0.9961 0.0004 0.0007 0.0009 0.0012 
         029  9 0.0002 0.0010 0.9973 0.0004 0.0002 0.0004 0.0004 
         030  9 0.0004 0.0008 0.9972 0.0003 0.0003 0.0004 0.0007 
         031  9 0.0010 0.0009 0.9959 0.0003 0.0012 0.0004 0.0004 
         033  9 0.0008 0.0005 0.9904 0.0002 0.0062 0.0011 0.0007 
         001 10 0.0002 0.0011 0.9973 0.0006 0.0003 0.0003 0.0003 
         002 10 0.0004 0.0013 0.9968 0.0002 0.0003 0.0004 0.0006 
         003 10 0.0004 0.0006 0.9857 0.0006 0.0003 0.0003 0.0122 
         004 10 0.0004 0.0004 0.9958 0.0002 0.0002 0.0004 0.0026 
         005 10 0.0002 0.0012 0.9960 0.0003 0.0003 0.0011 0.0009 
         006 10 0.0010 0.0004 0.9962 0.0003 0.0010 0.0006 0.0005 
         007 10 0.0002 0.0004 0.9934 0.0002 0.0004 0.0038 0.0017 
         008 10 0.0010 0.0008 0.9935 0.0006 0.0005 0.0004 0.0032 
         009 10 0.0009 0.0044 0.9924 0.0012 0.0005 0.0002 0.0004 
         010 10 0.0003 0.0028 0.9948 0.0004 0.0004 0.0005 0.0009 
         011 10 0.0007 0.0003 0.9553 0.0008 0.0006 0.0009 0.0413 
         012 10 0.0019 0.0003 0.9932 0.0005 0.0004 0.0008 0.0029 
         013 10 0.0006 0.0006 0.9961 0.0014 0.0002 0.0006 0.0007 
         014 10 0.0006 0.0006 0.9967 0.0004 0.0005 0.0005 0.0007 
         016 10 0.0017 0.0011 0.9943 0.0005 0.0005 0.0013 0.0006 
         017 10 0.0004 0.0012 0.9957 0.0005 0.0005 0.0011 0.0007 
         018 10 0.0025 0.0019 0.9912 0.0005 0.0021 0.0014 0.0005 
         019 10 0.0016 0.0050 0.9912 0.0003 0.0003 0.0003 0.0012 
         020 10 0.0027 0.0059 0.9879 0.0005 0.0007 0.0006 0.0017 
         021 10 0.0004 0.0023 0.9955 0.0002 0.0005 0.0008 0.0003 
         022 10 0.0003 0.0002 0.9978 0.0004 0.0003 0.0004 0.0008 
         023 10 0.0004 0.0003 0.9974 0.0004 0.0002 0.0006 0.0007 
         024 10 0.0004 0.0008 0.9961 0.0001 0.0003 0.0003 0.0019 
         026 10 0.0007 0.0005 0.9975 0.0002 0.0003 0.0004 0.0004 
        001s 11 0.0003 0.0004 0.8925 0.0007 0.0995 0.0004 0.0062 
        002s 11 0.0007 0.0029 0.9854 0.0094 0.0003 0.0003 0.0009 
        003s 11 0.0006 0.0010 0.9902 0.0004 0.0053 0.0021 0.0003 
        004s 11 0.0004 0.0002 0.9961 0.0013 0.0004 0.0003 0.0013 
        005s 11 0.0004 0.0052 0.9910 0.0005 0.0010 0.0014 0.0004 
        006s 11 0.0175 0.0017 0.9734 0.0022 0.0004 0.0029 0.0019 
        007s 11 0.0014 0.0006 0.9549 0.0318 0.0039 0.0067 0.0007 
        008s 11 0.0003 0.0006 0.9963 0.0003 0.0004 0.0017 0.0004 
        009s 11 0.0004 0.0136 0.9845 0.0003 0.0004 0.0004 0.0004 
        010s 11 0.0014 0.0003 0.9962 0.0002 0.0008 0.0004 0.0007 
        011s 11 0.0004 0.0003 0.8724 0.0070 0.1109 0.0016 0.0075 
        012s 11 0.0005 0.0006 0.8642 0.0002 0.0405 0.0938 0.0004 
        013s 11 0.0004 0.0002 0.9962 0.0005 0.0009 0.0010 0.0008 
        014s 11 0.0029 0.0008 0.9852 0.0060 0.0035 0.0010 0.0006 
        015s 11 0.0014 0.0011 0.9891 0.0011 0.0014 0.0012 0.0047 
        016s 11 0.0003 0.0066 0.8882 0.0003 0.0404 0.0047 0.0594 
        017s 11 0.0001 0.0006 0.8662 0.0004 0.0144 0.1169 0.0014 
        018s 11 0.0012 0.0010 0.9907 0.0009 0.0042 0.0013 0.0007 
        019s 11 0.0007 0.0002 0.9778 0.0005 0.0003 0.0006 0.0200 
        020s 11 0.0004 0.0022 0.9915 0.0017 0.0024 0.0008 0.0011 
        021s 11 0.0005 0.0004 0.9967 0.0003 0.0004 0.0005 0.0011 
        022s 11 0.0008 0.0009 0.9614 0.0338 0.0014 0.0013 0.0005 
        023s 11 0.0004 0.0003 0.9420 0.0002 0.0418 0.0021 0.0133 
        025s 11 0.0003 0.0002 0.9977 0.0004 0.0002 0.0004 0.0007 
        026s 11 0.0005 0.0005 0.9045 0.0007 0.0382 0.0011 0.0545 
        027s 11 0.0008 0.0005 0.9947 0.0019 0.0006 0.0011 0.0005 
        028s 11 0.0021 0.0003 0.9917 0.0007 0.0038 0.0004 0.0010 
        029s 11 0.0009 0.0009 0.9392 0.0002 0.0065 0.0519 0.0004 
        030s 11 0.0003 0.0009 0.9414 0.0011 0.0199 0.0350 0.0015 
        031s 11 0.0002 0.0010 0.9960 0.0018 0.0004 0.0003 0.0003 
        032s 11 0.0003 0.0007 0.9941 0.0003 0.0010 0.0006 0.0030 
        033s 11 0.0012 0.0013 0.9913 0.0004 0.0045 0.0008 0.0005 
        034s 11 0.0007 0.0004 0.9936 0.0023 0.0023 0.0003 0.0003 
        035s 11 0.0011 0.0010 0.9915 0.0023 0.0028 0.0009 0.0003 
        036s 11 0.0021 0.0013 0.9784 0.0009 0.0082 0.0087 0.0003 
        037s 11 0.0021 0.0008 0.9936 0.0002 0.0010 0.0012 0.0011 
        038s 11 0.0033 0.0006 0.9932 0.0003 0.0012 0.0007 0.0007 
        039s 11 0.0006 0.0005 0.9966 0.0003 0.0011 0.0004 0.0006 
        040s 11 0.0138 0.0005 0.9238 0.0017 0.0397 0.0199 0.0007 
        041s 11 0.0007 0.0200 0.9750 0.0007 0.0010 0.0005 0.0021 
        042s 11 0.0005 0.0007 0.9888 0.0011 0.0008 0.0005 0.0077 
        043s 11 0.0266 0.0004 0.9456 0.0002 0.0063 0.0016 0.0192 
        044s 11 0.0005 0.0007 0.9878 0.0060 0.0003 0.0006 0.0042 
        045s 11 0.0018 0.0003 0.9885 0.0011 0.0003 0.0002 0.0078 
        046s 11 0.0002 0.0004 0.9240 0.0041 0.0315 0.0087 0.0311 
        047s 11 0.0002 0.0006 0.9769 0.0008 0.0004 0.0199 0.0012 
        048s 11 0.0029 0.0013 0.9563 0.0012 0.0024 0.0023 0.0338 
        049s 11 0.0003 0.0011 0.9948 0.0004 0.0018 0.0007 0.0010 
        050s 11 0.0001 0.0002 0.9939 0.0038 0.0004 0.0003 0.0013 
        051s 11 0.0008 0.0003 0.9219 0.0218 0.0003 0.0014 0.0534 
        052s 11 0.0012 0.0013 0.9879 0.0027 0.0017 0.0034 0.0019 
        053s 11 0.0002 0.0013 0.9964 0.0004 0.0003 0.0006 0.0008 
        054s 11 0.0017 0.0004 0.9903 0.0047 0.0005 0.0018 0.0006 
        055s 11 0.0581 0.0002 0.9219 0.0002 0.0189 0.0003 0.0004 
        001s 12 0.0018 0.0009 0.9807 0.0008 0.0010 0.0139 0.0008 
        002s 12 0.0004 0.0020 0.9949 0.0006 0.0011 0.0003 0.0007 
        003s 12 0.0004 0.0006 0.9976 0.0006 0.0003 0.0003 0.0003 
        004s 12 0.0002 0.0010 0.9237 0.0005 0.0703 0.0007 0.0037 
        005s 12 0.0004 0.0007 0.9970 0.0004 0.0003 0.0005 0.0006 
        006s 12 0.0028 0.0007 0.9532 0.0015 0.0110 0.0296 0.0012 
        007s 12 0.0004 0.0028 0.9914 0.0016 0.0010 0.0012 0.0017 
        008s 12 0.0427 0.0005 0.9533 0.0002 0.0003 0.0025 0.0006 
        009s 12 0.0004 0.0168 0.9335 0.0006 0.0030 0.0424 0.0034 
        010s 12 0.0008 0.0015 0.9339 0.0096 0.0010 0.0526 0.0005 
        011s 12 0.0005 0.0009 0.9935 0.0021 0.0010 0.0017 0.0004 
        012s 12 0.0004 0.0003 0.9783 0.0029 0.0009 0.0137 0.0035 
        013s 12 0.0003 0.0005 0.9599 0.0005 0.0005 0.0008 0.0374 
        014s 12 0.0009 0.0023 0.9115 0.0388 0.0010 0.0041 0.0412 
        015s 12 0.0010 0.0015 0.9910 0.0007 0.0036 0.0016 0.0006 
        016s 12 0.0002 0.0005 0.9933 0.0003 0.0004 0.0008 0.0044 
        017s 12 0.0003 0.0004 0.9903 0.0007 0.0059 0.0012 0.0011 
        018s 12 0.0009 0.0019 0.9608 0.0002 0.0004 0.0339 0.0019 
        019s 12 0.0004 0.0028 0.9905 0.0006 0.0046 0.0006 0.0004 
        020s 12 0.0016 0.0002 0.9270 0.0002 0.0581 0.0123 0.0005 
        021s 12 0.0005 0.0004 0.9931 0.0003 0.0019 0.0022 0.0016 
        022s 12 0.0081 0.0052 0.9566 0.0007 0.0233 0.0024 0.0037 
        023s 12 0.0005 0.0012 0.9965 0.0003 0.0003 0.0003 0.0009 
        024s 12 0.0003 0.0003 0.9952 0.0003 0.0004 0.0030 0.0004 
        025s 12 0.0291 0.0054 0.9617 0.0010 0.0015 0.0004 0.0010 
        026s 12 0.0007 0.0119 0.9539 0.0007 0.0318 0.0004 0.0005 
        027s 12 0.0081 0.0003 0.9885 0.0005 0.0006 0.0014 0.0004 
        028s 12 0.0007 0.0092 0.9841 0.0004 0.0027 0.0002 0.0026 
        029s 12 0.0003 0.0003 0.9961 0.0009 0.0011 0.0006 0.0007 
        030s 12 0.0004 0.0003 0.9938 0.0016 0.0005 0.0030 0.0005 
        031s 12 0.0013 0.0006 0.9909 0.0006 0.0021 0.0022 0.0023 
        032s 12 0.0002 0.0060 0.9912 0.0005 0.0005 0.0008 0.0008 
        033s 12 0.0019 0.0003 0.9719 0.0014 0.0005 0.0235 0.0004 
        034s 12 0.0005 0.0004 0.9981 0.0002 0.0002 0.0003 0.0003 
        035s 12 0.0010 0.0004 0.9846 0.0008 0.0069 0.0058 0.0004 
        036s 12 0.0126 0.0034 0.9754 0.0037 0.0011 0.0033 0.0004 
        037s 12 0.0003 0.0009 0.9967 0.0003 0.0008 0.0003 0.0007 
        001s 13 0.0012 0.0010 0.9835 0.0006 0.0102 0.0008 0.0026 
        002s 13 0.0033 0.0002 0.9103 0.0004 0.0345 0.0507 0.0006 
        003s 13 0.0015 0.0008 0.9944 0.0002 0.0004 0.0015 0.0011 
        004s 13 0.0003 0.0093 0.9861 0.0006 0.0007 0.0003 0.0026 
        005s 13 0.0048 0.0026 0.9845 0.0028 0.0021 0.0014 0.0018 
        006s 13 0.0009 0.0009 0.9904 0.0009 0.0005 0.0060 0.0004 
        007s 13 0.0026 0.0003 0.9665 0.0222 0.0006 0.0069 0.0009 
        008s 13 0.0020 0.0016 0.9389 0.0009 0.0557 0.0004 0.0005 
        009s 13 0.0045 0.0109 0.8562 0.0020 0.1254 0.0004 0.0006 
        010s 13 0.0010 0.0007 0.9108 0.0003 0.0115 0.0748 0.0008 
        011s 13 0.0024 0.0080 0.9548 0.0202 0.0037 0.0059 0.0051 
        012s 13 0.0006 0.0038 0.8901 0.0004 0.0074 0.0825 0.0152 
        013s 13 0.0004 0.0006 0.9408 0.0248 0.0239 0.0039 0.0057 
        014s 13 0.0069 0.0005 0.9702 0.0134 0.0004 0.0056 0.0029 
        015s 13 0.0004 0.0112 0.9742 0.0009 0.0066 0.0011 0.0057 
        016s 13 0.0006 0.0004 0.9974 0.0003 0.0002 0.0002 0.0009 
        017s 13 0.0545 0.0034 0.9336 0.0004 0.0005 0.0072 0.0004 
        018s 13 0.0012 0.0005 0.9968 0.0002 0.0003 0.0002 0.0007 
        019s 13 0.0027 0.0003 0.9946 0.0006 0.0004 0.0005 0.0008 
        020s 13 0.0081 0.0017 0.9851 0.0028 0.0018 0.0003 0.0003 
        021s 13 0.0003 0.0007 0.9963 0.0004 0.0009 0.0004 0.0012 
        022s 13 0.0018 0.0003 0.9951 0.0005 0.0011 0.0006 0.0007 
        023s 13 0.0020 0.0004 0.9959 0.0002 0.0009 0.0003 0.0004 
        024s 13 0.0005 0.0006 0.9283 0.0017 0.0269 0.0029 0.0391 
        025s 13 0.0005 0.0008 0.9950 0.0003 0.0006 0.0010 0.0018 
        026s 13 0.0063 0.0003 0.8733 0.0006 0.0184 0.0955 0.0055 
        027s 13 0.0008 0.0035 0.9445 0.0014 0.0457 0.0024 0.0017 
        028s 13 0.0258 0.0099 0.9557 0.0035 0.0029 0.0010 0.0014 
        029s 13 0.0006 0.0006 0.9709 0.0006 0.0209 0.0054 0.0010 
        030s 13 0.0005 0.0004 0.9093 0.0005 0.0811 0.0003 0.0080 
        031s 13 0.0005 0.0007 0.8919 0.0018 0.0021 0.0008 0.1021 
        032s 13 0.0002 0.0004 0.9885 0.0094 0.0007 0.0003 0.0004 
        033s 13 0.0109 0.0005 0.9385 0.0047 0.0008 0.0435 0.0011 
        034s 13 0.0002 0.0013 0.9186 0.0169 0.0619 0.0006 0.0005 
        035s 13 0.0006 0.0014 0.9922 0.0005 0.0007 0.0008 0.0039 
        036s 13 0.0005 0.0006 0.9934 0.0003 0.0010 0.0038 0.0003 
        037s 13 0.0004 0.0005 0.9964 0.0006 0.0004 0.0003 0.0014 
        038s 13 0.0036 0.0011 0.9911 0.0007 0.0006 0.0020 0.0009 
        039s 13 0.0006 0.0010 0.8250 0.0008 0.0919 0.0077 0.0730 
        040s 13 0.0003 0.0004 0.9937 0.0007 0.0014 0.0023 0.0013 
        041s 13 0.0012 0.0003 0.9315 0.0036 0.0266 0.0361 0.0007 
        042s 13 0.0003 0.0005 0.9963 0.0012 0.0003 0.0009 0.0005 
        001s 14 0.0005 0.0009 0.9636 0.0008 0.0154 0.0183 0.0005 
        002s 14 0.0028 0.0020 0.9263 0.0010 0.0662 0.0009 0.0009 
        003s 14 0.0008 0.0004 0.9965 0.0003 0.0007 0.0007 0.0007 
        004s 14 0.0006 0.0004 0.9615 0.0163 0.0110 0.0065 0.0037 
        005s 14 0.0002 0.0007 0.9982 0.0001 0.0003 0.0002 0.0004 
        006s 14 0.0004 0.0004 0.9967 0.0005 0.0004 0.0014 0.0003 
        007s 14 0.0012 0.0003 0.9956 0.0013 0.0005 0.0003 0.0007 
        008s 14 0.0001 0.0066 0.8708 0.0048 0.1066 0.0096 0.0014 
        009s 14 0.0034 0.0063 0.9874 0.0004 0.0011 0.0004 0.0009 
        010s 14 0.0002 0.0122 0.9194 0.0003 0.0663 0.0010 0.0005 
        011s 14 0.0375 0.0004 0.9492 0.0039 0.0027 0.0058 0.0005 
        012s 14 0.0014 0.0017 0.9927 0.0018 0.0004 0.0010 0.0009 
        013s 14 0.0006 0.0007 0.9870 0.0033 0.0009 0.0024 0.0051 
        014s 14 0.0003 0.0057 0.9468 0.0004 0.0447 0.0015 0.0006 
        015s 14 0.0005 0.0061 0.9901 0.0006 0.0006 0.0007 0.0015 
        016s 14 0.0005 0.0005 0.9865 0.0002 0.0007 0.0006 0.0110 
        017s 14 0.0012 0.0012 0.9254 0.0052 0.0568 0.0098 0.0004 
        018s 14 0.0006 0.0007 0.9956 0.0003 0.0004 0.0015 0.0009 
        019s 14 0.0011 0.0004 0.9933 0.0006 0.0010 0.0031 0.0005 
        020s 14 0.0008 0.0093 0.9881 0.0002 0.0005 0.0003 0.0009 
        021s 14 0.0009 0.0076 0.9864 0.0003 0.0039 0.0005 0.0004 
        022s 14 0.0007 0.0012 0.9543 0.0011 0.0019 0.0400 0.0010 
        023s 14 0.0002 0.0021 0.9783 0.0017 0.0142 0.0003 0.0031 
        024s 14 0.0075 0.0013 0.9325 0.0006 0.0559 0.0006 0.0015 
        025s 14 0.0001 0.0003 0.9258 0.0002 0.0717 0.0016 0.0003 
        026s 14 0.0004 0.0013 0.9962 0.0002 0.0003 0.0008 0.0009 
        027s 14 0.0005 0.0004 0.9877 0.0004 0.0018 0.0060 0.0031 
        028s 14 0.0005 0.0019 0.9934 0.0015 0.0006 0.0014 0.0007 
        029s 14 0.0002 0.0004 0.9975 0.0003 0.0003 0.0003 0.0011 
        030s 14 0.0010 0.0003 0.9831 0.0032 0.0007 0.0113 0.0004 
        031s 14 0.0003 0.0005 0.9686 0.0291 0.0006 0.0002 0.0006 
        032s 14 0.0004 0.0003 0.9942 0.0016 0.0007 0.0012 0.0016 
        033s 14 0.0018 0.0005 0.9455 0.0504 0.0004 0.0006 0.0007 
        034s 14 0.0004 0.0007 0.9972 0.0002 0.0003 0.0006 0.0006 
        035s 14 0.0006 0.0002 0.8269 0.0490 0.0032 0.1192 0.0008 
        036s 14 0.0005 0.0012 0.8766 0.0115 0.0192 0.0844 0.0066 
        037s 14 0.0004 0.0007 0.9948 0.0003 0.0009 0.0007 0.0023 
        038s 14 0.0006 0.0008 0.9964 0.0007 0.0005 0.0007 0.0003 
        039s 14 0.0006 0.0024 0.9870 0.0016 0.0015 0.0025 0.0044 
        040s 14 0.0003 0.0003 0.9835 0.0007 0.0115 0.0027 0.0011 
        041s 14 0.0002 0.0004 0.9813 0.0009 0.0006 0.0162 0.0004 
        042s 14 0.0004 0.0010 0.9164 0.0003 0.0387 0.0417 0.0016 
        001s 15 0.0003 0.0006 0.9961 0.0005 0.0012 0.0003 0.0009 
        002s 15 0.0004 0.0042 0.8805 0.0016 0.1036 0.0008 0.0090 
        003s 15 0.0118 0.0008 0.9748 0.0004 0.0058 0.0006 0.0057 
        004s 15 0.0002 0.0082 0.9893 0.0005 0.0005 0.0011 0.0002 
        005s 15 0.0111 0.0011 0.9727 0.0008 0.0070 0.0024 0.0049 
        006s 15 0.0006 0.0006 0.9780 0.0026 0.0148 0.0024 0.0011 
        007s 15 0.0003 0.0011 0.9973 0.0004 0.0003 0.0003 0.0003 
        008s 15 0.0002 0.0005 0.9943 0.0004 0.0004 0.0038 0.0005 
        009s 15 0.0066 0.0004 0.9149 0.0007 0.0032 0.0409 0.0332 
        010s 15 0.0008 0.0003 0.9951 0.0002 0.0005 0.0024 0.0007 
        011s 15 0.0049 0.0004 0.9211 0.0169 0.0005 0.0548 0.0015 
        012s 15 0.0044 0.0012 0.9815 0.0005 0.0011 0.0100 0.0012 
        013s 15 0.0003 0.0048 0.9917 0.0005 0.0014 0.0004 0.0009 
        014s 15 0.0013 0.0033 0.9827 0.0006 0.0010 0.0067 0.0045 
        015s 15 0.0005 0.0010 0.9025 0.0083 0.0847 0.0004 0.0026 
        016s 15 0.0010 0.0300 0.9001 0.0624 0.0037 0.0025 0.0003 
        017s 15 0.0013 0.0132 0.9815 0.0004 0.0013 0.0004 0.0020 
        018s 15 0.0005 0.0015 0.9945 0.0002 0.0018 0.0012 0.0004 
        019s 15 0.0005 0.0005 0.9784 0.0003 0.0017 0.0137 0.0049 
        020s 15 0.0005 0.0004 0.9966 0.0004 0.0005 0.0013 0.0004 
        021s 15 0.0010 0.0017 0.8976 0.0005 0.0096 0.0875 0.0022 
        022s 15 0.0018 0.0005 0.9942 0.0007 0.0007 0.0016 0.0006 
        023s 15 0.0016 0.0004 0.9689 0.0036 0.0219 0.0027 0.0010 
        024s 15 0.0005 0.0004 0.9929 0.0038 0.0015 0.0004 0.0005 
        025s 15 0.0044 0.0015 0.9629 0.0009 0.0062 0.0008 0.0233 
        026s 15 0.0004 0.0027 0.9709 0.0011 0.0018 0.0004 0.0227 
        027s 15 0.0006 0.0156 0.9609 0.0095 0.0017 0.0111 0.0005 
        028s 15 0.0038 0.0019 0.9918 0.0005 0.0003 0.0006 0.0011 
        029s 15 0.0005 0.0013 0.9949 0.0011 0.0006 0.0004 0.0012 
        030s 15 0.0002 0.0013 0.9967 0.0005 0.0004 0.0003 0.0006 
        031s 15 0.0038 0.0013 0.9296 0.0010 0.0563 0.0010 0.0070 
        032s 15 0.0002 0.0008 0.9965 0.0001 0.0005 0.0005 0.0014 
        033s 15 0.0002 0.0009 0.8987 0.0005 0.0147 0.0847 0.0003 
        035s 15 0.0043 0.0017 0.9879 0.0014 0.0007 0.0034 0.0006 
        036s 15 0.0003 0.0003 0.9914 0.0023 0.0015 0.0003 0.0039 
        037s 15 0.0005 0.0004 0.9882 0.0077 0.0012 0.0013 0.0008 
        038s 15 0.0002 0.0006 0.9908 0.0029 0.0041 0.0012 0.0003 
        039s 15 0.0005 0.0002 0.9030 0.0002 0.0128 0.0831 0.0002 
        040s 15 0.0004 0.0017 0.9511 0.0012 0.0006 0.0445 0.0004 
        041s 15 0.0011 0.0004 0.8949 0.0012 0.0328 0.0665 0.0031 
        042s 15 0.0007 0.0024 0.9909 0.0003 0.0049 0.0003 0.0006 
        043s 15 0.0007 0.0002 0.9788 0.0021 0.0164 0.0005 0.0013 
        044s 15 0.0014 0.0010 0.9919 0.0005 0.0035 0.0006 0.0010 
        045s 15 0.0026 0.0012 0.8841 0.0210 0.0011 0.0097 0.0803 
        046s 15 0.0019 0.0005 0.9713 0.0025 0.0190 0.0035 0.0013 
        047s 15 0.0074 0.0004 0.9709 0.0009 0.0075 0.0126 0.0003 
        048s 15 0.0004 0.0007 0.9766 0.0005 0.0003 0.0033 0.0181 
        049s 15 0.0073 0.0003 0.9800 0.0007 0.0053 0.0057 0.0007 
        050s 15 0.0004 0.0073 0.8519 0.0003 0.1384 0.0006 0.0010 
         001 16 0.0612 0.0021 0.7762 0.0006 0.0855 0.0738 0.0006 
         002 16 0.0178 0.0002 0.9535 0.0004 0.0079 0.0198 0.0004 
         003 16 0.0080 0.0020 0.9811 0.0030 0.0021 0.0019 0.0019 
         004 16 0.0006 0.0005 0.9955 0.0004 0.0007 0.0010 0.0013 
         005 16 0.0013 0.0018 0.9040 0.0078 0.0563 0.0003 0.0285 
         006 16 0.0022 0.0004 0.9167 0.0003 0.0006 0.0700 0.0098 
         007 16 0.0007 0.0008 0.9891 0.0009 0.0063 0.0007 0.0017 
         008 16 0.0002 0.0006 0.8324 0.0084 0.1489 0.0090 0.0005 
         009 16 0.0002 0.0010 0.9900 0.0004 0.0024 0.0058 0.0003 
         010 16 0.0009 0.0003 0.9701 0.0003 0.0188 0.0089 0.0007 
         011 16 0.0026 0.0004 0.9877 0.0009 0.0057 0.0008 0.0019 
         012 16 0.0015 0.0009 0.9938 0.0014 0.0005 0.0009 0.0010 
         013 16 0.0005 0.0006 0.9966 0.0007 0.0003 0.0008 0.0004 
         014 16 0.0057 0.0011 0.9648 0.0006 0.0263 0.0013 0.0002 
         015 16 0.0024 0.0020 0.6257 0.0008 0.0002 0.0003 0.3685 
         016 16 0.0005 0.0045 0.9799 0.0002 0.0014 0.0005 0.0131 
         017 16 0.0006 0.0007 0.9501 0.0039 0.0010 0.0424 0.0012 
         018 16 0.0008 0.0089 0.9199 0.0023 0.0273 0.0093 0.0314 
         019 16 0.0008 0.0009 0.9221 0.0040 0.0711 0.0008 0.0002 
         020 16 0.0017 0.0008 0.9962 0.0003 0.0001 0.0003 0.0006 
         021 16 0.0730 0.0034 0.8654 0.0011 0.0549 0.0018 0.0005 
         022 16 0.0002 0.0011 0.9613 0.0002 0.0343 0.0010 0.0019 
         023 16 0.0007 0.0003 0.9580 0.0005 0.0276 0.0022 0.0107 
         024 16 0.0008 0.0016 0.9675 0.0003 0.0056 0.0022 0.0221 
         025 16 0.0022 0.0016 0.9301 0.0176 0.0430 0.0021 0.0034 
         026 16 0.0035 0.0002 0.8485 0.0002 0.0072 0.1375 0.0029 
         027 16 0.0003 0.0091 0.9699 0.0003 0.0081 0.0111 0.0012 
         028 16 0.0012 0.0141 0.8177 0.0203 0.1427 0.0038 0.0002 
         029 16 0.0008 0.0012 0.9161 0.0017 0.0003 0.0789 0.0010 
         030 16 0.0004 0.0003 0.9926 0.0047 0.0006 0.0010 0.0004 
         031 16 0.0030 0.0129 0.9816 0.0004 0.0005 0.0009 0.0007 
         032 16 0.0011 0.0004 0.8945 0.0005 0.0708 0.0257 0.0069 
         033 16 0.0011 0.0003 0.9971 0.0005 0.0004 0.0003 0.0003 
         034 16 0.0005 0.0002 0.9826 0.0026 0.0019 0.0113 0.0008 
         035 16 0.0006 0.0004 0.9977 0.0007 0.0002 0.0002 0.0002 
         036 16 0.0005 0.0016 0.9951 0.0003 0.0004 0.0007 0.0015 
         037 16 0.0006 0.0007 0.9339 0.0034 0.0080 0.0505 0.0029 
         038 16 0.0005 0.0016 0.9881 0.0015 0.0030 0.0003 0.0051 
         039 16 0.0004 0.0010 0.9948 0.0003 0.0021 0.0009 0.0005 
         040 16 0.0016 0.0005 0.9935 0.0011 0.0006 0.0014 0.0013 
         041 16 0.0002 0.0004 0.9939 0.0008 0.0005 0.0023 0.0018 
         042 16 0.0004 0.0011 0.9949 0.0009 0.0019 0.0002 0.0006 
         043 16 0.0003 0.0011 0.9955 0.0008 0.0013 0.0002 0.0009 
         044 16 0.0004 0.0012 0.9814 0.0013 0.0140 0.0006 0.0012 
         045 16 0.0081 0.0013 0.9575 0.0007 0.0004 0.0319 0.0002 
         047 16 0.0005 0.0038 0.9274 0.0123 0.0006 0.0542 0.0011 
         048 16 0.0009 0.0005 0.9895 0.0063 0.0014 0.0010 0.0004 
         049 16 0.0005 0.0005 0.9938 0.0013 0.0005 0.0003 0.0031 
         050 16 0.0024 0.0003 0.9959 0.0006 0.0004 0.0003 0.0003 
         051 16 0.0033 0.0011 0.9926 0.0012 0.0008 0.0005 0.0005 
         052 16 0.0002 0.0003 0.9981 0.0005 0.0002 0.0002 0.0004 
         053 16 0.0003 0.0007 0.9966 0.0009 0.0002 0.0008 0.0004 
         054 16 0.0029 0.0011 0.9182 0.0002 0.0058 0.0709 0.0010 
         055 16 0.0061 0.0002 0.9263 0.0331 0.0011 0.0331 0.0002 
         056 16 0.0002 0.0006 0.9394 0.0002 0.0005 0.0554 0.0038 
         057 16 0.0003 0.0006 0.9119 0.0004 0.0856 0.0011 0.0002 
         058 16 0.0570 0.0001 0.8718 0.0014 0.0613 0.0002 0.0082 
         059 16 0.0241 0.0041 0.8104 0.0052 0.0684 0.0004 0.0873 
         060 16 0.0011 0.0014 0.9847 0.0004 0.0011 0.0040 0.0075 
         061 16 0.0008 0.0004 0.9935 0.0006 0.0010 0.0024 0.0013 
         062 16 0.0019 0.0011 0.9902 0.0051 0.0005 0.0008 0.0004 
         063 16 0.0017 0.0006 0.9935 0.0004 0.0022 0.0009 0.0008 
         064 16 0.0002 0.0004 0.9965 0.0005 0.0003 0.0009 0.0012 
         065 16 0.0106 0.0012 0.9839 0.0009 0.0007 0.0007 0.0021 
         066 16 0.0003 0.0007 0.9969 0.0003 0.0002 0.0011 0.0005 
         067 16 0.0008 0.0010 0.9130 0.0022 0.0005 0.0044 0.0782 
         068 16 0.0018 0.0005 0.9585 0.0027 0.0042 0.0006 0.0317 
         069 16 0.0005 0.0047 0.9927 0.0004 0.0005 0.0007 0.0005 
         070 16 0.0012 0.0015 0.9912 0.0005 0.0027 0.0024 0.0006 
         071 16 0.0030 0.0005 0.9159 0.0093 0.0649 0.0062 0.0002 
         072 16 0.0011 0.0011 0.9869 0.0003 0.0024 0.0070 0.0012 
         073 16 0.0005 0.0006 0.9918 0.0025 0.0009 0.0033 0.0003 
         074 16 0.0036 0.0003 0.9950 0.0003 0.0002 0.0003 0.0002 
         075 16 0.0015 0.0007 0.9228 0.0007 0.0009 0.0728 0.0006 
         076 16 0.0004 0.0008 0.9962 0.0007 0.0012 0.0004 0.0004 
         077 16 0.0029 0.0339 0.8857 0.0046 0.0089 0.0048 0.0594 
         078 16 0.0002 0.0003 0.9486 0.0004 0.0460 0.0029 0.0014 
         079 16 0.0015 0.0010 0.9007 0.0017 0.0553 0.0380 0.0017 
         080 16 0.0005 0.0004 0.9937 0.0001 0.0029 0.0014 0.0009 
         081 16 0.0047 0.0011 0.9435 0.0083 0.0013 0.0406 0.0003 
         082 16 0.0006 0.0004 0.9604 0.0176 0.0135 0.0072 0.0002 
