        001s  1 0.0004 0.0005 0.0010 0.9980 
        002s  1 0.0016 0.0007 0.0004 0.9974 
        003s  1 0.0019 0.0013 0.0157 0.9810 
        004s  1 0.0401 0.0027 0.0004 0.9568 
        005s  1 0.4250 0.0012 0.0003 0.5735 
        006s  1 0.0006 0.0004 0.0004 0.9986 
        007s  1 0.0010 0.0028 0.0007 0.9956 
        008s  1 0.0027 0.0008 0.0009 0.9956 
        009s  1 0.0682 0.0049 0.0016 0.9252 
        010s  1 0.0044 0.0005 0.0006 0.9945 
        011s  1 0.0025 0.0026 0.0043 0.9906 
        012s  1 0.1269 0.0017 0.0072 0.8642 
        013s  1 0.0198 0.0085 0.0008 0.9709 
        014s  1 0.0114 0.0078 0.0224 0.9584 
        015s  1 0.0005 0.0006 0.0006 0.9983 
        016s  1 0.0009 0.0085 0.0009 0.9897 
        018s  1 0.1347 0.0010 0.0010 0.8633 
        019s  1 0.0037 0.0010 0.0052 0.9901 
        020s  1 0.0003 0.0073 0.0087 0.9837 
        021s  1 0.0008 0.0059 0.0007 0.9926 
        022s  1 0.0002 0.0005 0.0004 0.9989 
        023s  1 0.0004 0.0098 0.0010 0.9888 
        024s  1 0.0011 0.0007 0.0004 0.9977 
        025s  1 0.0063 0.0010 0.0004 0.9922 
        026s  1 0.0009 0.0084 0.0048 0.9859 
        027s  1 0.0065 0.0021 0.0004 0.9910 
        028s  1 0.1090 0.0010 0.0015 0.8885 
        029s  1 0.0007 0.0008 0.0055 0.9931 
        030s  1 0.0025 0.0007 0.0095 0.9873 
        031s  1 0.0003 0.0009 0.0004 0.9985 
        032s  1 0.0007 0.0008 0.0010 0.9975 
        033s  1 0.0033 0.0010 0.0006 0.9951 
        034s  1 0.0009 0.0509 0.0037 0.9444 
        035s  1 0.0019 0.0009 0.0019 0.9953 
        036s  1 0.0696 0.0007 0.0002 0.9294 
        037s  1 0.1155 0.0581 0.0009 0.8255 
        038s  1 0.0014 0.0006 0.0006 0.9974 
        039s  1 0.0026 0.0004 0.0010 0.9961 
        040s  1 0.0018 0.0030 0.0006 0.9946 
        041s  1 0.0011 0.0029 0.0007 0.9953 
        042s  1 0.0381 0.0937 0.0012 0.8670 
        043s  1 0.0129 0.0004 0.0014 0.9853 
        044s  1 0.1092 0.0082 0.0022 0.8804 
        045s  1 0.0033 0.0008 0.0012 0.9947 
        046s  1 0.0008 0.0005 0.0018 0.9968 
        047s  1 0.0004 0.0048 0.0014 0.9934 
        048s  1 0.0043 0.0010 0.0005 0.9942 
        049s  1 0.0008 0.0004 0.0007 0.9981 
        050s  1 0.0968 0.0006 0.0004 0.9022 
        051s  1 0.0004 0.0009 0.0267 0.9720 
        052s  1 0.0176 0.0014 0.0165 0.9645 
        053s  1 0.0008 0.0005 0.0003 0.9983 
        054s  1 0.0005 0.0008 0.0026 0.9961 
        055s  1 0.0776 0.0811 0.0019 0.8394 
          01  2 0.1110 0.0059 0.0359 0.8473 
          02  2 0.0184 0.0007 0.0017 0.9791 
          03  2 0.0011 0.0012 0.0003 0.9974 
          04  2 0.0231 0.0099 0.0010 0.9660 
          05  2 0.0939 0.0005 0.0003 0.9053 
          06  2 0.0308 0.0005 0.0006 0.9680 
          07  2 0.0122 0.0007 0.0009 0.9862 
          08  2 0.0409 0.0006 0.0007 0.9578 
          09  2 0.0003 0.0003 0.0077 0.9916 
          10  2 0.0008 0.0004 0.0006 0.9982 
          11  2 0.0034 0.0030 0.0105 0.9832 
          12  2 0.0008 0.0005 0.0017 0.9970 
          13  2 0.0005 0.0005 0.0005 0.9985 
          14  2 0.0008 0.0184 0.0035 0.9773 
          15  2 0.0005 0.0010 0.0012 0.9972 
          16  2 0.0318 0.0056 0.0050 0.9576 
          17  2 0.0024 0.0010 0.0009 0.9956 
          18  2 0.0269 0.0011 0.0012 0.9708 
          19  2 0.0006 0.0044 0.0020 0.9929 
          20  2 0.0694 0.0056 0.0019 0.9232 
          21  2 0.0008 0.0006 0.0144 0.9842 
          22  2 0.0036 0.0045 0.0048 0.9872 
          23  2 0.0017 0.0016 0.0010 0.9957 
          24  2 0.0006 0.0007 0.0010 0.9977 
          25  2 0.0331 0.0012 0.0017 0.9640 
          26  2 0.0008 0.0002 0.0007 0.9983 
          27  2 0.0086 0.0039 0.0011 0.9863 
          28  2 0.0005 0.0039 0.0011 0.9945 
          29  2 0.0009 0.0003 0.0007 0.9981 
          30  2 0.1212 0.1000 0.0140 0.7647 
          01  3 0.6265 0.0082 0.0007 0.3645 
          02  3 0.7876 0.0035 0.0706 0.1383 
          03  3 0.6127 0.0010 0.0006 0.3857 
          04  3 0.7922 0.0028 0.0008 0.2043 
          05  3 0.7538 0.1294 0.1163 0.0005 
          06  3 0.9091 0.0016 0.0002 0.0891 
          07  3 0.5990 0.0004 0.0009 0.3998 
          08  3 0.6745 0.0141 0.0034 0.3080 
          09  3 0.6591 0.0067 0.0002 0.3340 
          10  3 0.6278 0.1352 0.2185 0.0185 
          11  3 0.6958 0.0006 0.0003 0.3033 
          12  3 0.7061 0.0006 0.0003 0.2931 
          13  3 0.9678 0.0003 0.0276 0.0043 
          14  3 0.7866 0.1645 0.0467 0.0022 
          15  3 0.6338 0.0014 0.0003 0.3645 
          16  3 0.9158 0.0026 0.0038 0.0778 
          17  3 0.5601 0.0006 0.0006 0.4387 
          18  3 0.5407 0.2871 0.1657 0.0065 
          19  3 0.8244 0.0079 0.0004 0.1673 
          20  3 0.7390 0.0708 0.0003 0.1899 
          21  3 0.7353 0.0144 0.0013 0.2489 
          22  3 0.6761 0.0084 0.0004 0.3151 
          23  3 0.7489 0.0011 0.0004 0.2496 
          24  3 0.7413 0.0025 0.1709 0.0852 
          25  3 0.6102 0.1388 0.2506 0.0003 
          26  3 0.7525 0.0010 0.0004 0.2462 
          27  3 0.6226 0.1790 0.1277 0.0707 
          28  3 0.8989 0.0001 0.0024 0.0985 
          29  3 0.7973 0.0246 0.0019 0.1762 
          30  3 0.6702 0.0002 0.0010 0.3286 
         001  4 0.8923 0.1061 0.0008 0.0008 
         002  4 0.8551 0.0640 0.0020 0.0790 
         003  4 0.8701 0.0815 0.0109 0.0374 
         004  4 0.9333 0.0654 0.0009 0.0005 
         005  4 0.8602 0.1045 0.0342 0.0012 
         006  4 0.8787 0.0280 0.0007 0.0926 
         007  4 0.8183 0.0807 0.0002 0.1008 
         008  4 0.8160 0.1220 0.0017 0.0603 
         009  4 0.8943 0.0884 0.0161 0.0012 
         010  4 0.9988 0.0005 0.0002 0.0005 
         011  4 0.8363 0.1522 0.0013 0.0101 
         012  4 0.8629 0.1150 0.0030 0.0192 
         013  4 0.9554 0.0200 0.0002 0.0245 
         014  4 0.8713 0.0858 0.0005 0.0423 
         015  4 0.9972 0.0017 0.0004 0.0007 
         016  4 0.9302 0.0539 0.0141 0.0018 
         017  4 0.9016 0.0022 0.0004 0.0958 
         019  4 0.8914 0.0957 0.0100 0.0028 
         020  4 0.8338 0.0844 0.0123 0.0696 
         021  4 0.8760 0.0956 0.0182 0.0102 
         001  5 0.8539 0.1185 0.0185 0.0092 
         002  5 0.7750 0.0936 0.0014 0.1300 
         003  5 0.6895 0.0879 0.0003 0.2223 
         004  5 0.7628 0.0943 0.0003 0.1425 
         005  5 0.8603 0.0979 0.0009 0.0409 
         006  5 0.8899 0.0046 0.0014 0.1041 
         007  5 0.9117 0.0750 0.0050 0.0082 
         008  5 0.9240 0.0513 0.0057 0.0190 
         009  5 0.7635 0.0734 0.0004 0.1627 
         010  5 0.8464 0.0924 0.0002 0.0610 
         011  5 0.8430 0.1418 0.0003 0.0150 
         012  5 0.8169 0.0695 0.0008 0.1128 
         013  5 0.6752 0.0218 0.0004 0.3026 
         014  5 0.6555 0.1006 0.0131 0.2308 
         015  5 0.9302 0.0616 0.0040 0.0042 
         016  5 0.8687 0.0194 0.0014 0.1105 
         017  5 0.8066 0.0056 0.0022 0.1856 
         018  5 0.7573 0.0863 0.0226 0.1338 
         019  5 0.8507 0.0851 0.0379 0.0263 
         020  5 0.8636 0.1031 0.0011 0.0322 
         021  5 0.6679 0.0955 0.0004 0.2362 
         022  5 0.7524 0.1271 0.0011 0.1194 
         023  5 0.9159 0.0691 0.0131 0.0018 
         024  5 0.7675 0.0322 0.0004 0.1999 
         025  5 0.8081 0.0162 0.0006 0.1751 
         026  5 0.7064 0.0118 0.0009 0.2809 
         027  5 0.9063 0.0661 0.0011 0.0265 
         028  5 0.8093 0.0854 0.0008 0.1046 
         029  5 0.8749 0.0051 0.0006 0.1193 
         030  5 0.8318 0.0994 0.0502 0.0187 
        001s  6 0.0106 0.0169 0.0007 0.9718 
        002s  6 0.0106 0.0014 0.0230 0.9651 
        003s  6 0.0034 0.0023 0.0005 0.9938 
        004s  6 0.0004 0.0005 0.0005 0.9985 
        006s  6 0.0815 0.0196 0.0016 0.8974 
        007s  6 0.0009 0.0004 0.0009 0.9977 
        008s  6 0.0011 0.0052 0.0032 0.9904 
        009s  6 0.0003 0.0008 0.0010 0.9979 
        010s  6 0.0147 0.0168 0.0135 0.9549 
        011s  6 0.0011 0.0014 0.0003 0.9972 
        012s  6 0.0010 0.0014 0.0021 0.9955 
        013s  6 0.0009 0.0004 0.0005 0.9982 
        014s  6 0.0391 0.0003 0.0003 0.9603 
        015s  6 0.0162 0.0068 0.0009 0.9760 
        016s  6 0.0008 0.0007 0.0004 0.9980 
        018s  6 0.2314 0.0022 0.0006 0.7658 
        019s  6 0.0096 0.0026 0.0009 0.9870 
        020s  6 0.0005 0.0003 0.0009 0.9983 
        021s  6 0.0076 0.0041 0.0015 0.9868 
        022s  6 0.0006 0.0033 0.0004 0.9957 
        023s  6 0.0042 0.0006 0.0003 0.9948 
        024s  6 0.0233 0.0009 0.0019 0.9740 
        025s  6 0.0017 0.0704 0.0003 0.9276 
        026s  6 0.0005 0.0005 0.0017 0.9974 
        027s  6 0.0006 0.0005 0.0011 0.9978 
        028s  6 0.0407 0.0075 0.0460 0.9058 
        029s  6 0.0003 0.0011 0.0015 0.9971 
        030s  6 0.0454 0.0135 0.0026 0.9384 
        031s  6 0.0037 0.0004 0.0004 0.9955 
        032s  6 0.0077 0.0006 0.0004 0.9913 
        033s  6 0.0325 0.0008 0.0005 0.9662 
        034s  6 0.0018 0.0145 0.0005 0.9832 
        035s  6 0.1126 0.0019 0.0012 0.8843 
        036s  6 0.0023 0.0009 0.0003 0.9966 
        037s  6 0.0008 0.0016 0.0025 0.9951 
        038s  6 0.0007 0.0006 0.0012 0.9974 
        039s  6 0.0003 0.0008 0.0010 0.9979 
        040s  6 0.0006 0.0004 0.0005 0.9985 
        041s  6 0.0012 0.0057 0.0043 0.9888 
        042s  6 0.0035 0.0590 0.0037 0.9337 
        043s  6 0.0007 0.0079 0.0003 0.9912 
        044s  6 0.0006 0.0008 0.0023 0.9963 
        045s  6 0.0012 0.0023 0.0006 0.9959 
        001s  7 0.0008 0.0009 0.0003 0.9980 
        002s  7 0.0076 0.0017 0.0011 0.9896 
        003s  7 0.0024 0.0010 0.0009 0.9957 
        004s  7 0.0017 0.0007 0.0011 0.9964 
        005s  7 0.0095 0.0022 0.0006 0.9877 
        006s  7 0.0344 0.0081 0.0004 0.9571 
        007s  7 0.0123 0.0015 0.0180 0.9681 
        008s  7 0.0025 0.0011 0.0027 0.9937 
        009s  7 0.0028 0.0107 0.0006 0.9858 
        010s  7 0.0005 0.0015 0.0010 0.9971 
        011s  7 0.0005 0.0007 0.0007 0.9980 
        012s  7 0.0006 0.0006 0.0005 0.9984 
        013s  7 0.0012 0.0041 0.0006 0.9941 
        014s  7 0.0080 0.0003 0.0005 0.9912 
        015s  7 0.0084 0.0014 0.0013 0.9890 
        016s  7 0.0450 0.0095 0.0003 0.9452 
        017s  7 0.0011 0.0006 0.0003 0.9980 
        018s  7 0.0014 0.0005 0.0042 0.9939 
        019s  7 0.0019 0.0115 0.0029 0.9837 
        020s  7 0.0007 0.0004 0.0003 0.9986 
        021s  7 0.0011 0.0008 0.0011 0.9969 
        022s  7 0.0036 0.0008 0.0003 0.9954 
        023s  7 0.0049 0.0187 0.0018 0.9746 
        024s  7 0.0007 0.0007 0.0014 0.9972 
        025s  7 0.0026 0.0008 0.0011 0.9956 
        026s  7 0.0006 0.0009 0.0010 0.9974 
        027s  7 0.0014 0.0005 0.0015 0.9966 
        028s  7 0.0021 0.0005 0.0002 0.9972 
        029s  7 0.0028 0.0023 0.0007 0.9943 
        030s  7 0.0004 0.0029 0.0054 0.9914 
        031s  7 0.0022 0.0131 0.0004 0.9842 
        032s  7 0.0633 0.0005 0.0055 0.9307 
        033s  7 0.0151 0.0021 0.0037 0.9791 
        034s  7 0.0211 0.0006 0.0013 0.9769 
        035s  7 0.0005 0.0011 0.0004 0.9981 
        036s  7 0.0012 0.0058 0.0008 0.9921 
        037s  7 0.0734 0.0027 0.0006 0.9232 
        038s  7 0.0029 0.0012 0.0009 0.9949 
        039s  7 0.0004 0.0003 0.0003 0.9990 
        040s  7 0.0640 0.0004 0.0002 0.9354 
        041s  7 0.0047 0.0017 0.0019 0.9917 
        042s  7 0.0023 0.0003 0.0004 0.9971 
        043s  7 0.0003 0.0025 0.0005 0.9968 
        044s  7 0.0740 0.0399 0.0018 0.8843 
         003  8 0.0035 0.0009 0.0130 0.9827 
         009  8 0.0007 0.0012 0.0005 0.9976 
         010  8 0.0003 0.0018 0.0004 0.9975 
         017  8 0.0006 0.0039 0.0011 0.9944 
         002  9 0.0004 0.0011 0.0006 0.9979 
         003  9 0.0002 0.0003 0.0004 0.9991 
         004  9 0.0003 0.0012 0.0003 0.9983 
         005  9 0.0005 0.0038 0.0011 0.9946 
         006  9 0.0010 0.0014 0.0007 0.9969 
         007  9 0.0006 0.0011 0.0009 0.9974 
         009  9 0.0005 0.0019 0.0011 0.9964 
         010  9 0.0003 0.0016 0.0018 0.9964 
         013  9 0.0008 0.0012 0.0004 0.9976 
         014  9 0.0003 0.0016 0.0054 0.9927 
         016  9 0.0002 0.0007 0.0009 0.9983 
         018  9 0.0010 0.0011 0.0060 0.9919 
         019  9 0.0006 0.0006 0.0059 0.9930 
         020  9 0.0003 0.0004 0.0004 0.9989 
         021  9 0.0003 0.0007 0.0004 0.9987 
         022  9 0.0003 0.0005 0.0014 0.9978 
         024  9 0.0004 0.0033 0.0020 0.9943 
         028  9 0.0006 0.0012 0.0007 0.9975 
         029  9 0.0003 0.0005 0.0012 0.9980 
         030  9 0.0003 0.0009 0.0007 0.9980 
         031  9 0.0007 0.0005 0.0011 0.9977 
         033  9 0.0011 0.0007 0.0006 0.9976 
         001 10 0.0003 0.0002 0.0012 0.9983 
         002 10 0.0003 0.0005 0.0017 0.9975 
         003 10 0.0005 0.0114 0.0005 0.9876 
         004 10 0.0003 0.0022 0.0006 0.9969 
         005 10 0.0004 0.0009 0.0016 0.9970 
         006 10 0.0009 0.0007 0.0006 0.9978 
         007 10 0.0004 0.0019 0.0004 0.9973 
         008 10 0.0006 0.0036 0.0007 0.9951 
         009 10 0.0007 0.0004 0.0046 0.9943 
         010 10 0.0005 0.0007 0.0024 0.9964 
         011 10 0.0007 0.0351 0.0004 0.9639 
         012 10 0.0008 0.0029 0.0004 0.9959 
         013 10 0.0004 0.0007 0.0008 0.9981 
         014 10 0.0008 0.0009 0.0008 0.9975 
         016 10 0.0009 0.0008 0.0015 0.9969 
         017 10 0.0007 0.0009 0.0008 0.9976 
         018 10 0.0022 0.0006 0.0024 0.9947 
         019 10 0.0004 0.0011 0.0056 0.9930 
         020 10 0.0011 0.0015 0.0071 0.9904 
         021 10 0.0008 0.0004 0.0031 0.9957 
         022 10 0.0003 0.0008 0.0002 0.9986 
         023 10 0.0004 0.0007 0.0004 0.9984 
         024 10 0.0003 0.0021 0.0013 0.9963 
         026 10 0.0004 0.0007 0.0006 0.9983 
        001s 11 0.0550 0.0285 0.0014 0.9151 
        002s 11 0.0015 0.0015 0.0038 0.9932 
        003s 11 0.0019 0.0006 0.0012 0.9964 
        004s 11 0.0006 0.0013 0.0003 0.9978 
        005s 11 0.0012 0.0004 0.0054 0.9930 
        006s 11 0.0056 0.0020 0.0018 0.9905 
        007s 11 0.0578 0.0010 0.0016 0.9396 
        008s 11 0.0006 0.0004 0.0006 0.9985 
        009s 11 0.0003 0.0005 0.0162 0.9830 
        010s 11 0.0007 0.0009 0.0005 0.9980 
        011s 11 0.1110 0.0144 0.0003 0.8743 
        012s 11 0.0758 0.0005 0.0006 0.9231 
        013s 11 0.0007 0.0010 0.0003 0.9980 
        014s 11 0.0139 0.0008 0.0011 0.9842 
        015s 11 0.0027 0.0041 0.0017 0.9915 
        016s 11 0.0047 0.0647 0.0045 0.9262 
        017s 11 0.0533 0.0036 0.0007 0.9424 
        018s 11 0.0035 0.0007 0.0013 0.9945 
        019s 11 0.0008 0.0176 0.0003 0.9814 
        020s 11 0.0015 0.0014 0.0019 0.9952 
        021s 11 0.0006 0.0013 0.0005 0.9976 
        022s 11 0.0179 0.0005 0.0007 0.9809 
        023s 11 0.0045 0.0296 0.0004 0.9655 
        025s 11 0.0004 0.0010 0.0002 0.9984 
        026s 11 0.0045 0.0563 0.0008 0.9384 
        027s 11 0.0017 0.0006 0.0004 0.9974 
        028s 11 0.0033 0.0009 0.0004 0.9954 
        029s 11 0.0081 0.0004 0.0012 0.9904 
        030s 11 0.0224 0.0016 0.0010 0.9749 
        031s 11 0.0005 0.0003 0.0008 0.9984 
        032s 11 0.0006 0.0024 0.0006 0.9965 
        033s 11 0.0017 0.0010 0.0015 0.9959 
        034s 11 0.0017 0.0004 0.0004 0.9976 
        035s 11 0.0033 0.0003 0.0011 0.9953 
        036s 11 0.0100 0.0005 0.0015 0.9881 
        037s 11 0.0009 0.0015 0.0012 0.9963 
        038s 11 0.0014 0.0007 0.0006 0.9973 
        039s 11 0.0007 0.0009 0.0006 0.9979 
        040s 11 0.0770 0.0005 0.0006 0.9220 
        041s 11 0.0009 0.0023 0.0225 0.9743 
        042s 11 0.0009 0.0085 0.0007 0.9898 
        043s 11 0.0094 0.0277 0.0004 0.9625 
        044s 11 0.0011 0.0040 0.0009 0.9941 
        045s 11 0.0009 0.0082 0.0003 0.9906 
        046s 11 0.0095 0.0316 0.0005 0.9584 
        047s 11 0.0009 0.0010 0.0005 0.9976 
        048s 11 0.0048 0.0363 0.0022 0.9567 
        049s 11 0.0006 0.0014 0.0013 0.9967 
        050s 11 0.0004 0.0012 0.0004 0.9980 
        051s 11 0.0036 0.0506 0.0004 0.9454 
        052s 11 0.0042 0.0019 0.0012 0.9927 
        053s 11 0.0003 0.0010 0.0013 0.9973 
        054s 11 0.0027 0.0006 0.0005 0.9962 
        055s 11 0.0438 0.0003 0.0003 0.9556 
        001s 12 0.0051 0.0009 0.0009 0.9931 
        002s 12 0.0004 0.0010 0.0023 0.9962 
        003s 12 0.0005 0.0003 0.0008 0.9984 
        004s 12 0.0068 0.0124 0.0035 0.9773 
        005s 12 0.0005 0.0005 0.0009 0.9981 
        006s 12 0.0287 0.0015 0.0006 0.9692 
        007s 12 0.0010 0.0015 0.0027 0.9948 
        008s 12 0.0081 0.0004 0.0006 0.9908 
        009s 12 0.0095 0.0051 0.0203 0.9651 
        010s 12 0.0556 0.0005 0.0005 0.9435 
        011s 12 0.0024 0.0007 0.0011 0.9959 
        012s 12 0.0037 0.0041 0.0005 0.9918 
        013s 12 0.0005 0.0334 0.0006 0.9655 
        014s 12 0.0374 0.0412 0.0029 0.9184 
        015s 12 0.0021 0.0009 0.0020 0.9950 
        016s 12 0.0004 0.0044 0.0005 0.9947 
        017s 12 0.0023 0.0012 0.0003 0.9961 
        018s 12 0.0008 0.0017 0.0023 0.9952 
        019s 12 0.0016 0.0004 0.0030 0.9951 
        020s 12 0.0411 0.0009 0.0002 0.9579 
        021s 12 0.0011 0.0023 0.0004 0.9962 
        022s 12 0.0241 0.0052 0.0040 0.9666 
        023s 12 0.0005 0.0011 0.0009 0.9976 
        024s 12 0.0005 0.0005 0.0004 0.9986 
        025s 12 0.0058 0.0009 0.0049 0.9883 
        026s 12 0.0045 0.0009 0.0181 0.9765 
        027s 12 0.0019 0.0005 0.0003 0.9973 
        028s 12 0.0007 0.0024 0.0095 0.9873 
        029s 12 0.0005 0.0008 0.0004 0.9983 
        030s 12 0.0012 0.0006 0.0005 0.9977 
        031s 12 0.0023 0.0024 0.0009 0.9944 
        032s 12 0.0004 0.0007 0.0087 0.9901 
        033s 12 0.0051 0.0004 0.0004 0.9941 
        034s 12 0.0004 0.0003 0.0006 0.9988 
        035s 12 0.0060 0.0003 0.0006 0.9931 
        036s 12 0.0096 0.0007 0.0024 0.9873 
        037s 12 0.0007 0.0007 0.0010 0.9976 
        001s 13 0.0033 0.0020 0.0009 0.9938 
        002s 13 0.0611 0.0007 0.0003 0.9379 
        003s 13 0.0006 0.0014 0.0008 0.9972 
        004s 13 0.0005 0.0028 0.0090 0.9876 
        005s 13 0.0079 0.0018 0.0021 0.9882 
        006s 13 0.0014 0.0005 0.0010 0.9971 
        007s 13 0.0107 0.0011 0.0004 0.9878 
        008s 13 0.0349 0.0009 0.0016 0.9626 
        009s 13 0.1133 0.0018 0.0120 0.8729 
        010s 13 0.0411 0.0010 0.0014 0.9565 
        011s 13 0.0409 0.0020 0.0045 0.9526 
        012s 13 0.0422 0.0199 0.0034 0.9346 
        013s 13 0.0442 0.0072 0.0006 0.9480 
        014s 13 0.0104 0.0036 0.0010 0.9850 
        015s 13 0.0018 0.0072 0.0122 0.9788 
        016s 13 0.0004 0.0009 0.0006 0.9981 
        017s 13 0.0463 0.0005 0.0030 0.9502 
        018s 13 0.0003 0.0008 0.0006 0.9983 
        019s 13 0.0009 0.0010 0.0004 0.9977 
        020s 13 0.0054 0.0004 0.0015 0.9927 
        021s 13 0.0005 0.0011 0.0005 0.9979 
        022s 13 0.0010 0.0008 0.0005 0.9977 
        023s 13 0.0006 0.0003 0.0006 0.9985 
        024s 13 0.0174 0.0406 0.0009 0.9411 
        025s 13 0.0008 0.0023 0.0009 0.9960 
        026s 13 0.1028 0.0085 0.0003 0.8885 
        027s 13 0.0339 0.0022 0.0045 0.9594 
        028s 13 0.0275 0.0028 0.0092 0.9604 
        029s 13 0.0082 0.0012 0.0006 0.9901 
        030s 13 0.0168 0.0447 0.0004 0.9380 
        031s 13 0.0046 0.0992 0.0008 0.8954 
        032s 13 0.0010 0.0004 0.0005 0.9980 
        033s 13 0.0450 0.0008 0.0006 0.9537 
        034s 13 0.0468 0.0009 0.0023 0.9500 
        035s 13 0.0006 0.0041 0.0016 0.9937 
        036s 13 0.0009 0.0004 0.0004 0.9982 
        037s 13 0.0004 0.0015 0.0007 0.9975 
        038s 13 0.0018 0.0009 0.0011 0.9962 
        039s 13 0.0802 0.0845 0.0008 0.8345 
        040s 13 0.0010 0.0011 0.0005 0.9975 
        041s 13 0.0652 0.0015 0.0007 0.9326 
        042s 13 0.0006 0.0010 0.0006 0.9978 
        001s 14 0.0066 0.0007 0.0015 0.9912 
        002s 14 0.0586 0.0018 0.0024 0.9372 
        003s 14 0.0007 0.0007 0.0006 0.9980 
        004s 14 0.0181 0.0037 0.0008 0.9775 
        005s 14 0.0002 0.0006 0.0005 0.9986 
        006s 14 0.0004 0.0004 0.0004 0.9988 
        007s 14 0.0009 0.0013 0.0004 0.9973 
        008s 14 0.0860 0.0039 0.0161 0.8939 
        009s 14 0.0011 0.0010 0.0065 0.9913 
        010s 14 0.0068 0.0017 0.0173 0.9742 
        011s 14 0.0611 0.0008 0.0006 0.9375 
        012s 14 0.0011 0.0013 0.0022 0.9954 
        013s 14 0.0019 0.0040 0.0006 0.9934 
        014s 14 0.0076 0.0006 0.0098 0.9821 
        015s 14 0.0007 0.0022 0.0077 0.9893 
        016s 14 0.0004 0.0125 0.0004 0.9867 
        017s 14 0.0726 0.0005 0.0005 0.9264 
        018s 14 0.0006 0.0013 0.0008 0.9972 
        019s 14 0.0025 0.0007 0.0004 0.9964 
        020s 14 0.0005 0.0010 0.0086 0.9899 
        021s 14 0.0008 0.0005 0.0100 0.9886 
        022s 14 0.0054 0.0012 0.0015 0.9919 
        023s 14 0.0024 0.0027 0.0022 0.9927 
        024s 14 0.0451 0.0012 0.0032 0.9504 
        025s 14 0.0026 0.0004 0.0004 0.9966 
        026s 14 0.0004 0.0010 0.0017 0.9970 
        027s 14 0.0012 0.0034 0.0006 0.9948 
        028s 14 0.0012 0.0007 0.0025 0.9956 
        029s 14 0.0002 0.0010 0.0005 0.9982 
        030s 14 0.0041 0.0005 0.0005 0.9948 
        031s 14 0.0022 0.0011 0.0005 0.9962 
        032s 14 0.0008 0.0019 0.0005 0.9968 
        033s 14 0.0188 0.0006 0.0013 0.9793 
        034s 14 0.0003 0.0006 0.0007 0.9985 
        035s 14 0.1588 0.0010 0.0004 0.8399 
        036s 14 0.1072 0.0097 0.0011 0.8819 
        037s 14 0.0005 0.0032 0.0007 0.9956 
        038s 14 0.0008 0.0004 0.0006 0.9982 
        039s 14 0.0029 0.0044 0.0028 0.9899 
        040s 14 0.0026 0.0010 0.0003 0.9961 
        041s 14 0.0010 0.0006 0.0005 0.9979 
        042s 14 0.0216 0.0025 0.0013 0.9745 
        001s 15 0.0005 0.0013 0.0008 0.9974 
        002s 15 0.0879 0.0156 0.0085 0.8880 
        003s 15 0.0032 0.0079 0.0009 0.9880 
        004s 15 0.0005 0.0003 0.0090 0.9902 
        005s 15 0.0107 0.0048 0.0016 0.9830 
        006s 15 0.0084 0.0009 0.0006 0.9900 
        007s 15 0.0003 0.0005 0.0010 0.9981 
        008s 15 0.0004 0.0005 0.0006 0.9985 
        009s 15 0.0378 0.0307 0.0005 0.9309 
        010s 15 0.0006 0.0010 0.0003 0.9980 
        011s 15 0.0515 0.0010 0.0003 0.9472 
        012s 15 0.0032 0.0020 0.0010 0.9937 
        013s 15 0.0005 0.0012 0.0041 0.9941 
        014s 15 0.0015 0.0047 0.0040 0.9898 
        015s 15 0.0813 0.0082 0.0005 0.9100 
        016s 15 0.0887 0.0003 0.0233 0.8878 
        017s 15 0.0011 0.0029 0.0145 0.9816 
        018s 15 0.0006 0.0005 0.0018 0.9971 
        019s 15 0.0019 0.0041 0.0006 0.9933 
        020s 15 0.0007 0.0005 0.0004 0.9984 
        021s 15 0.0608 0.0021 0.0022 0.9349 
        022s 15 0.0015 0.0005 0.0005 0.9975 
        023s 15 0.0257 0.0011 0.0004 0.9728 
        024s 15 0.0019 0.0008 0.0005 0.9969 
        025s 15 0.0037 0.0303 0.0018 0.9642 
        026s 15 0.0009 0.0205 0.0037 0.9749 
        027s 15 0.0093 0.0007 0.0124 0.9777 
        028s 15 0.0007 0.0011 0.0024 0.9959 
        029s 15 0.0009 0.0013 0.0017 0.9961 
        030s 15 0.0003 0.0007 0.0016 0.9974 
        031s 15 0.0492 0.0070 0.0018 0.9421 
        032s 15 0.0003 0.0016 0.0009 0.9972 
        033s 15 0.0385 0.0004 0.0012 0.9599 
        035s 15 0.0040 0.0007 0.0015 0.9937 
        036s 15 0.0013 0.0044 0.0003 0.9939 
        037s 15 0.0029 0.0008 0.0004 0.9959 
        038s 15 0.0024 0.0004 0.0008 0.9965 
        039s 15 0.0311 0.0004 0.0005 0.9680 
        040s 15 0.0047 0.0007 0.0026 0.9920 
        041s 15 0.0786 0.0032 0.0005 0.9177 
        042s 15 0.0013 0.0007 0.0031 0.9949 
        043s 15 0.0055 0.0017 0.0002 0.9926 
        044s 15 0.0034 0.0008 0.0011 0.9948 
        045s 15 0.0338 0.0778 0.0012 0.8872 
        046s 15 0.0305 0.0013 0.0005 0.9677 
        047s 15 0.0220 0.0006 0.0004 0.9771 
        048s 15 0.0006 0.0149 0.0010 0.9835 
        049s 15 0.0108 0.0006 0.0004 0.9881 
        050s 15 0.1057 0.0047 0.0138 0.8757 
         001 16 0.1846 0.0008 0.0032 0.8114 
         002 16 0.0233 0.0006 0.0003 0.9759 
         003 16 0.0081 0.0019 0.0028 0.9872 
         004 16 0.0011 0.0012 0.0007 0.9970 
         005 16 0.0576 0.0271 0.0019 0.9133 
         006 16 0.0143 0.0139 0.0010 0.9708 
         007 16 0.0021 0.0017 0.0008 0.9954 
         008 16 0.1349 0.0005 0.0015 0.8631 
         009 16 0.0011 0.0006 0.0009 0.9974 
         010 16 0.0044 0.0011 0.0005 0.9940 
         011 16 0.0046 0.0021 0.0005 0.9927 
         012 16 0.0013 0.0012 0.0009 0.9966 
         013 16 0.0006 0.0005 0.0005 0.9984 
         014 16 0.0167 0.0003 0.0012 0.9818 
         015 16 0.0006 0.3670 0.0012 0.6312 
         016 16 0.0006 0.0128 0.0038 0.9828 
         017 16 0.0172 0.0007 0.0006 0.9814 
         018 16 0.0302 0.0361 0.0075 0.9262 
         019 16 0.0704 0.0003 0.0010 0.9283 
         020 16 0.0004 0.0006 0.0009 0.9982 
         021 16 0.1263 0.0006 0.0024 0.8706 
         022 16 0.0021 0.0032 0.0014 0.9934 
         023 16 0.0057 0.0118 0.0005 0.9820 
         024 16 0.0016 0.0284 0.0013 0.9687 
         025 16 0.0734 0.0022 0.0009 0.9235 
         026 16 0.1060 0.0024 0.0003 0.8912 
         027 16 0.0021 0.0015 0.0098 0.9866 
         028 16 0.1629 0.0003 0.0226 0.8141 
         029 16 0.0387 0.0005 0.0011 0.9597 
         030 16 0.0019 0.0004 0.0003 0.9974 
         031 16 0.0014 0.0006 0.0131 0.9849 
         032 16 0.0692 0.0064 0.0009 0.9235 
         033 16 0.0006 0.0002 0.0003 0.9988 
         034 16 0.0047 0.0013 0.0004 0.9936 
         035 16 0.0004 0.0003 0.0006 0.9987 
         036 16 0.0004 0.0017 0.0016 0.9962 
         037 16 0.0482 0.0052 0.0009 0.9458 
         038 16 0.0019 0.0058 0.0011 0.9911 
         039 16 0.0006 0.0006 0.0010 0.9978 
         040 16 0.0012 0.0015 0.0004 0.9969 
         041 16 0.0008 0.0010 0.0003 0.9979 
         042 16 0.0011 0.0008 0.0020 0.9961 
         043 16 0.0006 0.0012 0.0010 0.9972 
         044 16 0.0034 0.0011 0.0018 0.9938 
         045 16 0.0123 0.0003 0.0020 0.9854 
         047 16 0.0398 0.0009 0.0043 0.9551 
         048 16 0.0045 0.0005 0.0008 0.9942 
         049 16 0.0009 0.0031 0.0004 0.9956 
         050 16 0.0008 0.0004 0.0004 0.9984 
         051 16 0.0016 0.0005 0.0017 0.9962 
         052 16 0.0002 0.0005 0.0004 0.9988 
         053 16 0.0004 0.0006 0.0011 0.9979 
         054 16 0.0406 0.0010 0.0011 0.9574 
         055 16 0.0827 0.0004 0.0002 0.9166 
         056 16 0.0008 0.0076 0.0006 0.9910 
         057 16 0.0499 0.0003 0.0003 0.9495 
         058 16 0.1042 0.0138 0.0002 0.8818 
         059 16 0.0999 0.0930 0.0031 0.8041 
         060 16 0.0012 0.0096 0.0013 0.9878 
         061 16 0.0012 0.0016 0.0005 0.9966 
         062 16 0.0022 0.0004 0.0017 0.9957 
         063 16 0.0015 0.0006 0.0007 0.9973 
         064 16 0.0004 0.0018 0.0005 0.9973 
         065 16 0.0027 0.0023 0.0016 0.9934 
         066 16 0.0005 0.0005 0.0008 0.9983 
         067 16 0.0014 0.0749 0.0008 0.9228 
         068 16 0.0036 0.0330 0.0009 0.9625 
         069 16 0.0010 0.0004 0.0040 0.9946 
         070 16 0.0027 0.0006 0.0020 0.9947 
         071 16 0.0965 0.0005 0.0009 0.9020 
         072 16 0.0029 0.0013 0.0007 0.9951 
         073 16 0.0016 0.0004 0.0008 0.9972 
         074 16 0.0006 0.0002 0.0005 0.9988 
         075 16 0.0356 0.0009 0.0005 0.9630 
         076 16 0.0011 0.0004 0.0007 0.9977 
         077 16 0.0245 0.0584 0.0280 0.8892 
         078 16 0.0040 0.0023 0.0007 0.9930 
         079 16 0.0894 0.0014 0.0018 0.9075 
         080 16 0.0006 0.0014 0.0005 0.9976 
         081 16 0.0606 0.0004 0.0011 0.9379 
         082 16 0.0354 0.0003 0.0006 0.9637 
         083 16 0.0006 0.0016 0.0007 0.9972 
         084 16 0.0028 0.0013 0.0031 0.9929 
         085 16 0.0008 0.0095 0.0021 0.9875 
         086 16 0.1160 0.0004 0.0007 0.8830 
         087 16 0.0127 0.0004 0.0014 0.9855 
         088 16 0.0005 0.0026 0.0005 0.9964 
         089 16 0.0036 0.0010 0.0008 0.9947 
         090 16 0.0028 0.0005 0.0018 0.9950 
         091 16 0.0012 0.0005 0.0010 0.9973 
         092 16 0.0108 0.0008 0.0005 0.9879 
         093 16 0.0011 0.0006 0.0019 0.9964 
         094 16 0.0020 0.0399 0.0061 0.9520 
         095 16 0.0004 0.0003 0.0014 0.9979 
         096 16 0.0133 0.0023 0.0004 0.9840 
         097 16 0.1127 0.0046 0.0021 0.8805 
         098 16 0.0006 0.0039 0.0072 0.9882 
         099 16 0.0004 0.0057 0.0009 0.9929 
         100 16 0.0006 0.0018 0.0007 0.9969 
         101 16 0.0053 0.0059 0.0005 0.9883 
         102 16 0.0021 0.0014 0.0005 0.9960 
         103 16 0.0020 0.0021 0.0038 0.9921 
         104 16 0.0014 0.0037 0.0004 0.9945 
         105 16 0.1021 0.0090 0.0051 0.8838 
         106 16 0.0009 0.0021 0.0005 0.9965 
         107 16 0.0017 0.0058 0.0458 0.9467 
         108 16 0.1039 0.1723 0.0697 0.6540 
         109 16 0.0267 0.0007 0.0006 0.9721 
         110 16 0.0004 0.0012 0.0003 0.9982 
         111 16 0.0148 0.0015 0.0008 0.9828 
         112 16 0.0105 0.0016 0.0009 0.9871 
         113 16 0.0624 0.0011 0.0004 0.9362 
         114 16 0.0031 0.0018 0.0040 0.9911 
         115 16 0.0004 0.0005 0.0003 0.9987 
         116 16 0.0031 0.0008 0.0005 0.9956 
         117 16 0.0142 0.0007 0.0037 0.9814 
         118 16 0.0013 0.0130 0.0010 0.9848 
         119 16 0.0018 0.0011 0.0017 0.9954 
         120 16 0.0016 0.0005 0.0012 0.9967 
         121 16 0.0020 0.0298 0.0004 0.9678 
         122 16 0.0003 0.0004 0.0004 0.9989 
         123 16 0.0032 0.0005 0.0026 0.9937 
         124 16 0.0039 0.0016 0.0004 0.9942 
         126 16 0.1346 0.0042 0.0034 0.8578 
         001 17 0.0018 0.0006 0.0104 0.9872 
         002 17 0.0012 0.0005 0.0005 0.9978 
         003 17 0.0006 0.0004 0.0008 0.9981 
         005 17 0.0004 0.0003 0.0241 0.9752 
         006 17 0.0465 0.0004 0.0008 0.9523 
         007 17 0.1327 0.0320 0.0020 0.8332 
         008 17 0.1213 0.0004 0.0005 0.8777 
         009 17 0.0002 0.0004 0.0007 0.9987 
         010 17 0.0007 0.0009 0.0007 0.9977 
         011 17 0.1118 0.3905 0.0019 0.4958 
         012 17 0.0012 0.0018 0.0008 0.9962 
         013 17 0.0003 0.0003 0.0006 0.9988 
         014 17 0.0005 0.0003 0.0011 0.9982 
         015 17 0.0027 0.0003 0.0007 0.9963 
         016 17 0.0008 0.0005 0.0006 0.9981 
         017 17 0.0025 0.0013 0.0008 0.9954 
         018 17 0.0197 0.0004 0.0217 0.9582 
         019 17 0.0003 0.0008 0.0007 0.9982 
         020 17 0.0009 0.0007 0.0003 0.9981 
         021 17 0.0005 0.0010 0.0006 0.9979 
         022 17 0.0492 0.0011 0.0135 0.9362 
         023 17 0.0015 0.0006 0.0027 0.9952 
         024 17 0.0772 0.0048 0.0015 0.9165 
         025 17 0.0005 0.0003 0.0005 0.9987 
         002 18 0.0005 0.0016 0.0049 0.9930 
         003 18 0.0003 0.0012 0.0003 0.9982 
         004 18 0.0149 0.0012 0.0028 0.9811 
         005 18 0.0016 0.0323 0.0008 0.9653 
         006 18 0.0004 0.0009 0.0004 0.9983 
         007 18 0.0037 0.0004 0.0024 0.9936 
         008 18 0.0006 0.0019 0.0003 0.9973 
         009 18 0.0165 0.0025 0.0013 0.9797 
         010 18 0.0007 0.0084 0.0028 0.9881 
         011 18 0.0006 0.0015 0.0018 0.9961 
         012 18 0.0052 0.0028 0.0007 0.9914 
         015 18 0.0011 0.0017 0.0003 0.9968 
         016 18 0.0054 0.0004 0.0004 0.9937 
         018 18 0.0004 0.0059 0.0059 0.9879 
         026 18 0.0017 0.0006 0.0026 0.9951 
         027 18 0.0004 0.0011 0.0019 0.9966 
         028 18 0.0011 0.0003 0.0305 0.9681 
         029 18 0.0011 0.0004 0.0007 0.9978 
         031 18 0.0722 0.0813 0.0388 0.8077 
         032 18 0.0005 0.0004 0.0012 0.9979 
         033 18 0.0007 0.0008 0.0014 0.9971 
         035 18 0.0007 0.0006 0.0004 0.9983 
         036 18 0.0007 0.0098 0.0008 0.9887 
         037 18 0.0064 0.0117 0.0176 0.9644 
         038 18 0.0156 0.0028 0.0517 0.9299 
         039 18 0.0004 0.0009 0.0004 0.9983 
         044 18 0.1326 0.0005 0.0013 0.8656 
         046 18 0.0011 0.0283 0.0071 0.9634 
         049 18 0.0004 0.0003 0.0012 0.9980 
         053 18 0.0013 0.0005 0.0013 0.9969 
         054 18 0.0062 0.0011 0.0008 0.9919 
         056 18 0.0056 0.0037 0.0035 0.9872 
         057 18 0.0008 0.0037 0.0007 0.9949 
         058 18 0.0010 0.0039 0.0054 0.9897 
        001s 19 0.0539 0.0012 0.0005 0.9444 
        002s 19 0.0014 0.0011 0.0010 0.9965 
        003s 19 0.0029 0.0005 0.0005 0.9961 
        004s 19 0.0023 0.0235 0.0064 0.9678 
        005s 19 0.0409 0.0732 0.0032 0.8828 
        006s 19 0.0019 0.0016 0.0013 0.9952 
        007s 19 0.0201 0.0125 0.0005 0.9669 
        008s 19 0.0340 0.0166 0.0014 0.9480 
        009s 19 0.0012 0.0021 0.0005 0.9962 
        010s 19 0.0044 0.0004 0.0165 0.9787 
        011s 19 0.0010 0.0010 0.0047 0.9933 
        012s 19 0.0036 0.0004 0.0020 0.9940 
        013s 19 0.0121 0.0005 0.0009 0.9865 
        014s 19 0.0735 0.0209 0.0008 0.9048 
        015s 19 0.0017 0.0004 0.0006 0.9973 
        016s 19 0.0026 0.0408 0.0197 0.9369 
        017s 19 0.0207 0.0069 0.0022 0.9703 
        018s 19 0.0014 0.0027 0.0013 0.9945 
        019s 19 0.0853 0.0050 0.0007 0.9090 
        020s 19 0.0762 0.0011 0.0005 0.9222 
        021s 19 0.0047 0.0005 0.0013 0.9935 
        022s 19 0.0088 0.0006 0.0012 0.9894 
        023s 19 0.0018 0.0021 0.0026 0.9935 
        024s 19 0.0003 0.0019 0.0020 0.9957 
        025s 19 0.0893 0.0041 0.0017 0.9050 
        026s 19 0.0088 0.0033 0.0038 0.9841 
        027s 19 0.0021 0.0011 0.0007 0.9962 
        028s 19 0.0048 0.0003 0.0006 0.9944 
        029s 19 0.0004 0.0006 0.0016 0.9975 
        030s 19 0.0030 0.0007 0.0038 0.9925 
        031s 19 0.0025 0.0008 0.0006 0.9962 
        032s 19 0.0011 0.0003 0.0005 0.9981 
        033s 19 0.0004 0.0035 0.0011 0.9950 
        034s 19 0.0010 0.0010 0.0006 0.9974 
        035s 19 0.0096 0.0053 0.0026 0.9825 
        036s 19 0.0006 0.0016 0.0002 0.9975 
        037s 19 0.0005 0.0004 0.0010 0.9981 
        038s 19 0.0020 0.0013 0.0015 0.9952 
        039s 19 0.0007 0.0005 0.0005 0.9983 
        040s 19 0.0048 0.0004 0.0005 0.9943 
        041s 19 0.0004 0.0005 0.0003 0.9988 
        042s 19 0.0019 0.0160 0.0108 0.9713 
        043s 19 0.0356 0.0004 0.0013 0.9627 
        044s 19 0.0003 0.0014 0.0010 0.9972 
        045s 19 0.0003 0.0011 0.0010 0.9976 
        046s 19 0.0020 0.0050 0.0015 0.9916 
        047s 19 0.0035 0.0003 0.0004 0.9957 
        048s 19 0.0993 0.0005 0.0018 0.8985 
        049s 19 0.0180 0.0076 0.0006 0.9738 
        050s 19 0.0006 0.0005 0.0004 0.9985 
        051s 19 0.0624 0.0092 0.0007 0.9276 
        052s 19 0.0011 0.0007 0.0012 0.9970 
      LIW2-4 20 0.0013 0.0017 0.0018 0.9951 
     LIW2-12 21 0.0009 0.0770 0.0109 0.9112 
     LIW2-20 22 0.0011 0.0011 0.0043 0.9935 
     LIW2-28 23 0.0250 0.0744 0.0032 0.8974 
      LIW1-5 24 0.0008 0.0027 0.0023 0.9943 
     LIW1-13 25 0.0719 0.0138 0.0004 0.9138 
     LIW1-21 26 0.0021 0.0359 0.0086 0.9534 
     LIW1-29 27 0.0176 0.0186 0.0033 0.9606 
      LIW2-5 28 0.0006 0.0023 0.0074 0.9898 
     LIW2-34 29 0.0003 0.0036 0.0085 0.9875 
     LIW2-21 30 0.0872 0.0247 0.0017 0.8864 
     LIW2-29 31 0.1804 0.0018 0.0049 0.8129 
      LIW1-6 32 0.0005 0.0028 0.0012 0.9955 
     LIW1-14 33 0.0432 0.0006 0.0368 0.9193 
     LIW1-22 34 0.0007 0.0045 0.0284 0.9664 
     LIW1-30 35 0.0008 0.0033 0.0012 0.9947 
      LIW2-6 36 0.0093 0.0276 0.0029 0.9602 
     LIW2-14 37 0.0009 0.0067 0.0005 0.9920 
     LIW2-22 38 0.0163 0.0940 0.0013 0.8883 
     LIW2-30 39 0.0007 0.0034 0.0401 0.9558 
      LIW1-7 40 0.0084 0.0565 0.0153 0.9198 
     LIW1-15 41 0.0004 0.0107 0.0051 0.9838 
     LIW1-23 42 0.0042 0.0063 0.0032 0.9863 
     LIW1-31 43 0.0024 0.0066 0.0035 0.9875 
      LIW2-7 44 0.0801 0.0013 0.0042 0.9143 
     LIW2-15 45 0.0006 0.0029 0.0551 0.9414 
     LIW2-23 46 0.0015 0.0857 0.0009 0.9119 
      LIW1-8 47 0.0006 0.0026 0.0009 0.9959 
     LIW1-16 48 0.0007 0.0020 0.0010 0.9962 
      LIW2-8 49 0.0005 0.0027 0.0031 0.9938 
     LIW2-16 50 0.3120 0.0353 0.0050 0.6477 
     LIW2-24 51 0.1855 0.0147 0.0028 0.7971 
     LIW2-32 52 0.0084 0.0525 0.0039 0.9352 
     LIW1-47 53 0.0065 0.0130 0.0021 0.9785 
      UMFS-1 54 0.0002 0.0001 0.9994 0.0003 
     UMFS-19 55 0.0003 0.0001 0.9995 0.0001 
     UMFS-31 56 0.0002 0.0008 0.8084 0.1906 
      UMFS-2 57 0.0002 0.0003 0.9381 0.0615 
     UMFS-10 58 0.0002 0.0003 0.8933 0.1062 
     UMFS-20 59 0.0023 0.0005 0.8431 0.1542 
     UMFS-32 60 0.0003 0.0002 0.9990 0.0005 
      UMFS-3 61 0.0001 0.0001 0.9998 0.0001 
     UMFS-11 62 0.4055 0.0102 0.0004 0.5838 
     UMFS-21 63 0.0151 0.0074 0.9372 0.0403 
     UMFS-33 64 0.0000 0.0000 0.9999 0.0000 
      UMFS-4 65 0.0000 0.0000 0.9999 0.0001 
     UMFS-22 66 0.0020 0.0010 0.9489 0.0481 
     UMFS-34 67 0.0060 0.0789 0.5859 0.3293 
      UMFS-5 68 0.0020 0.0013 0.9183 0.0785 
     UMFS-13 69 0.0007 0.0017 0.9966 0.0011 
     UMFS-23 70 0.0014 0.0008 0.7687 0.2291 
     UMFS-35 71 0.0001 0.0001 0.9996 0.0001 
      UMFS-6 72 0.0001 0.0001 0.9998 0.0001 
     UMFS-14 73 0.0000 0.0000 0.9999 0.0000 
     UMFS-24 74 0.0020 0.0003 0.7504 0.2473 
     UMFS-36 75 0.0000 0.0000 0.9999 0.0000 
      UMFS-7 76 0.5594 0.1141 0.0003 0.3262 
     UMFS-15 77 0.0001 0.0001 0.9998 0.0001 
     UMFS-25 78 0.0105 0.0003 0.7912 0.1979 
     UMFS-37 79 0.0001 0.0001 0.9998 0.0001 
      UMFS-8 80 0.0016 0.0010 0.9842 0.0133 
     UMFS-16 81 0.0001 0.0001 0.9997 0.0001 
     UMFS-26 82 0.0148 0.1352 0.4818 0.3683 
     UMFS-38 83 0.0001 0.0001 0.9997 0.0001 
      NEH1-2 84 0.0165 0.9813 0.0009 0.0014 
     NEH1-11 85 0.0349 0.9628 0.0006 0.0017 
     NEH1-20 86 0.0006 0.8803 0.0041 0.1151 
     NEH1-29 87 0.0003 0.9987 0.0002 0.0008 
      NEH2-2 88 0.0002 0.9994 0.0002 0.0002 
     NEH2-10 89 0.0004 0.9940 0.0002 0.0053 
     NEH2-18 90 0.0004 0.9992 0.0002 0.0002 
     NEH2-26 91 0.0006 0.9982 0.0004 0.0009 
      NEH1-3 92 0.0008 0.8450 0.0003 0.1539 
     NEH1-12 93 0.0511 0.9477 0.0007 0.0004 
     NEH1-21 94 0.0020 0.9322 0.0003 0.0656 
     NEH1-30 95 0.0070 0.9157 0.0002 0.0770 
      NEH2-3 96 0.0001 0.9996 0.0001 0.0001 
     NEH2-11 97 0.0033 0.9930 0.0031 0.0005 
     NEH2-19 98 0.0010 0.9931 0.0031 0.0028 
     NEH2-27 99 0.0001 0.9997 0.0001 0.0001 
      NEH1-4 100 0.0002 0.9996 0.0001 0.0001 
     NEH1-13 101 0.0019 0.7713 0.0007 0.2261 
     NEH1-22 102 0.0005 0.8018 0.0007 0.1970 
     NEH1-31 103 0.0004 0.9989 0.0001 0.0006 
      NEH2-4 104 0.0006 0.9942 0.0019 0.0034 
     NEH2-12 105 0.0404 0.9464 0.0127 0.0006 
     NEH2-20 106 0.0002 0.8062 0.0007 0.1929 
     NEH2-28 107 0.0031 0.9954 0.0006 0.0010 
      NEH1-5 108 0.0009 0.8632 0.0003 0.1355 
     NEH1-14 109 0.0709 0.7686 0.0007 0.1598 
     NEH1-23 110 0.0004 0.7715 0.0048 0.2233 
     NEH1-32 111 0.0013 0.9979 0.0002 0.0006 
      NEH2-5 112 0.0001 0.9996 0.0002 0.0002 
     NEH2-13 113 0.0057 0.9922 0.0004 0.0016 
     NEH2-22 114 0.0003 0.9984 0.0008 0.0005 
     NEH2-29 115 0.0004 0.9650 0.0007 0.0339 
      NEH1-6 116 0.0002 0.9996 0.0001 0.0001 
     NEH1-15 117 0.0443 0.9547 0.0002 0.0008 
     NEH1-24 118 0.0023 0.9953 0.0018 0.0006 
     NEH1-33 119 0.0003 0.8780 0.0007 0.1210 
      NEH2-6 120 0.0004 0.9843 0.0078 0.0075 
     NEH2-14 121 0.0015 0.9933 0.0008 0.0044 
     NEH2-21 122 0.0002 0.9547 0.0012 0.0438 
     NEH2-30 123 0.0001 0.9995 0.0002 0.0002 
      NEH1-7 124 0.0795 0.8467 0.0004 0.0733 
     NEH1-16 125 0.0002 0.9994 0.0001 0.0003 
     NEH1-25 126 0.0006 0.8760 0.0021 0.1213 
     NEH1-34 127 0.0095 0.9347 0.0009 0.0549 
      NEH2-7 128 0.0010 0.9956 0.0022 0.0012 
     NEH2-15 129 0.0001 0.9998 0.0001 0.0001 
     NEH2-23 130 0.0445 0.9489 0.0016 0.0050 
     NEH2-31 131 0.0001 0.9996 0.0002 0.0001 
      NEH1-8 132 0.0634 0.8353 0.0002 0.1010 
     NEH1-17 133 0.0962 0.9020 0.0004 0.0014 
     NEH1-26 134 0.0007 0.8503 0.0010 0.1480 
     NEH1-35 135 0.0023 0.8141 0.0005 0.1831 
      NEH2-8 136 0.0001 0.9997 0.0001 0.0001 
     NEH2-16 137 0.0003 0.9984 0.0008 0.0006 
     NEH2-24 138 0.0001 0.9995 0.0003 0.0001 
     NEH2-32 139 0.0576 0.9411 0.0008 0.0005 
      NEH1-1 140 0.0783 0.9194 0.0012 0.0011 
     NEH1-10 141 0.0002 0.9994 0.0001 0.0002 
     NEH1-19 142 0.0014 0.8797 0.0003 0.1187 
     NEH1-28 143 0.0425 0.9567 0.0003 0.0005 
      NEH2-1 144 0.0015 0.9964 0.0004 0.0017 
      NEH2-9 145 0.0002 0.9990 0.0003 0.0005 
     NEH2-17 146 0.0290 0.9660 0.0006 0.0044 
     NEH2-25 147 0.0008 0.9987 0.0001 0.0003 
