        001s  1 0.0003 0.0006 0.0017 0.2723 0.0093 0.0007 0.0005 0.7147 
        002s  1 0.0025 0.0005 0.0006 0.8380 0.0194 0.0006 0.0018 0.1365 
        003s  1 0.0007 0.0031 0.0177 0.9562 0.0109 0.0025 0.0007 0.0081 
        004s  1 0.0270 0.0058 0.0004 0.5049 0.0036 0.0028 0.0016 0.4538 
        005s  1 0.1276 0.1664 0.0004 0.5281 0.0341 0.0009 0.1385 0.0040 
        006s  1 0.0014 0.0003 0.0003 0.0018 0.0121 0.0004 0.0006 0.9832 
        007s  1 0.0004 0.0024 0.0007 0.0294 0.0103 0.0030 0.0009 0.9529 
        008s  1 0.0014 0.0037 0.0010 0.6055 0.1159 0.0010 0.0009 0.2707 
        009s  1 0.0021 0.0326 0.0037 0.4550 0.2116 0.0153 0.0268 0.2529 
        010s  1 0.0010 0.0092 0.0006 0.0045 0.0124 0.0004 0.0006 0.9712 
        011s  1 0.0015 0.0013 0.0028 0.0152 0.0696 0.0017 0.0011 0.9068 
        012s  1 0.0061 0.1118 0.0027 0.0286 0.0202 0.0016 0.0084 0.8205 
        013s  1 0.0078 0.0011 0.0008 0.0289 0.0029 0.0076 0.0195 0.9315 
        014s  1 0.0014 0.0310 0.0185 0.0213 0.0186 0.0027 0.0007 0.9058 
        015s  1 0.0004 0.0006 0.0010 0.0212 0.0155 0.0005 0.0004 0.9603 
        016s  1 0.0009 0.0042 0.0008 0.0421 0.0198 0.0071 0.0005 0.9246 
        018s  1 0.0011 0.1338 0.0011 0.0546 0.7844 0.0008 0.0062 0.0181 
        019s  1 0.0004 0.0175 0.0043 0.1200 0.0416 0.0014 0.0011 0.8138 
        020s  1 0.0004 0.0007 0.0068 0.0050 0.0093 0.0073 0.0004 0.9701 
        021s  1 0.0065 0.0004 0.0008 0.0265 0.0081 0.0049 0.0007 0.9521 
        022s  1 0.0004 0.0004 0.0007 0.9818 0.0045 0.0007 0.0002 0.0113 
        023s  1 0.0003 0.0003 0.0016 0.2159 0.2286 0.0071 0.0003 0.5459 
        024s  1 0.0021 0.0014 0.0004 0.0049 0.0299 0.0007 0.0002 0.9603 
        025s  1 0.0016 0.0119 0.0005 0.0049 0.8366 0.0006 0.0007 0.1433 
        026s  1 0.0005 0.0008 0.0066 0.0086 0.0694 0.0100 0.0011 0.9030 
        027s  1 0.0169 0.0015 0.0005 0.0122 0.9427 0.0021 0.0005 0.0236 
        028s  1 0.0535 0.0478 0.0019 0.0024 0.8911 0.0010 0.0011 0.0011 
        029s  1 0.0007 0.0010 0.0052 0.0157 0.0065 0.0007 0.0004 0.9698 
        030s  1 0.0057 0.0011 0.0090 0.0022 0.9004 0.0009 0.0006 0.0800 
        031s  1 0.0004 0.0004 0.0005 0.0391 0.0072 0.0014 0.0003 0.9508 
        032s  1 0.0011 0.0008 0.0010 0.0030 0.0060 0.0006 0.0003 0.9872 
        033s  1 0.0006 0.0026 0.0009 0.0241 0.0315 0.0005 0.0128 0.9270 
        034s  1 0.0028 0.0015 0.0064 0.5759 0.1357 0.0526 0.0003 0.2249 
        035s  1 0.0015 0.0025 0.0023 0.0014 0.0091 0.0007 0.0005 0.9820 
        036s  1 0.0012 0.0947 0.0004 0.4461 0.0009 0.0008 0.0011 0.4548 
        037s  1 0.0045 0.1057 0.0022 0.0551 0.0064 0.0441 0.0109 0.7712 
        038s  1 0.0004 0.0013 0.0006 0.0177 0.0141 0.0010 0.0015 0.9634 
        039s  1 0.0026 0.0003 0.0005 0.0137 0.0150 0.0003 0.0318 0.9358 
        040s  1 0.0025 0.0013 0.0007 0.1140 0.0132 0.0023 0.0008 0.8653 
        041s  1 0.0005 0.0026 0.0009 0.0046 0.1203 0.0032 0.0015 0.8665 
        042s  1 0.0006 0.0791 0.0008 0.0591 0.0037 0.0766 0.0005 0.7796 
        043s  1 0.0004 0.0030 0.0019 0.9025 0.0474 0.0007 0.0270 0.0172 
        044s  1 0.0134 0.0676 0.0036 0.1343 0.0280 0.0054 0.0204 0.7273 
        045s  1 0.0029 0.0098 0.0007 0.0014 0.0108 0.0008 0.0003 0.9732 
        046s  1 0.0005 0.0016 0.0023 0.0089 0.0091 0.0008 0.0006 0.9762 
        047s  1 0.0002 0.0012 0.0014 0.0044 0.0115 0.0050 0.0005 0.9757 
        048s  1 0.0002 0.0301 0.0005 0.5456 0.0053 0.0007 0.0116 0.4060 
        049s  1 0.0019 0.0006 0.0006 0.9655 0.0049 0.0006 0.0003 0.0256 
        050s  1 0.0030 0.0972 0.0003 0.0347 0.0027 0.0004 0.0019 0.8598 
        051s  1 0.0005 0.0003 0.0232 0.0066 0.0351 0.0011 0.0003 0.9329 
        052s  1 0.0050 0.0059 0.0195 0.0240 0.2994 0.0017 0.0049 0.6396 
        053s  1 0.0003 0.0017 0.0003 0.0028 0.0049 0.0005 0.0034 0.9861 
        054s  1 0.0022 0.0003 0.0028 0.0038 0.0088 0.0012 0.0013 0.9797 
        055s  1 0.0005 0.0624 0.0020 0.0049 0.0014 0.0714 0.0328 0.8246 
          01  2 0.0011 0.1194 0.0257 0.0109 0.0015 0.0031 0.0023 0.8358 
          02  2 0.0008 0.0061 0.0015 0.0051 0.0269 0.0008 0.0291 0.9297 
          03  2 0.0006 0.0011 0.0004 0.0082 0.0423 0.0015 0.0008 0.9451 
          04  2 0.0171 0.0021 0.0015 0.0429 0.8927 0.0111 0.0025 0.0301 
          05  2 0.0005 0.1104 0.0003 0.7135 0.1669 0.0004 0.0024 0.0055 
          06  2 0.0013 0.0234 0.0007 0.0063 0.0273 0.0010 0.0079 0.9320 
          07  2 0.0022 0.0043 0.0012 0.0989 0.0030 0.0006 0.0038 0.8861 
          08  2 0.0006 0.0787 0.0013 0.7218 0.1687 0.0011 0.0006 0.0273 
          09  2 0.0003 0.0007 0.0078 0.0826 0.0052 0.0004 0.0003 0.9026 
          10  2 0.0008 0.0018 0.0009 0.0083 0.0979 0.0006 0.0009 0.8889 
          11  2 0.0008 0.0248 0.0061 0.0369 0.0100 0.0038 0.0007 0.9169 
          12  2 0.0008 0.0008 0.0017 0.0287 0.1689 0.0006 0.0011 0.7974 
          13  2 0.0004 0.0003 0.0007 0.2349 0.0625 0.0005 0.0018 0.6990 
          14  2 0.0058 0.0002 0.0044 0.4082 0.0094 0.0226 0.0009 0.5483 
          15  2 0.0008 0.0005 0.0010 0.2966 0.0053 0.0008 0.0007 0.6943 
          16  2 0.0573 0.0008 0.0057 0.0062 0.1290 0.0032 0.0006 0.7972 
          17  2 0.0004 0.0013 0.0014 0.1026 0.5476 0.0010 0.0038 0.3418 
          18  2 0.0017 0.0071 0.0019 0.0027 0.0038 0.0012 0.0120 0.9697 
          19  2 0.0003 0.0017 0.0018 0.0085 0.0276 0.0036 0.0005 0.9559 
          20  2 0.0105 0.0593 0.0015 0.0048 0.0027 0.0031 0.0006 0.9176 
          21  2 0.0003 0.0012 0.0155 0.0166 0.0228 0.0006 0.0007 0.9423 
          22  2 0.0050 0.0024 0.0045 0.0028 0.3815 0.0051 0.0008 0.5979 
          23  2 0.0013 0.0008 0.0007 0.0039 0.0103 0.0018 0.0020 0.9791 
          24  2 0.0004 0.0004 0.0009 0.0030 0.0288 0.0005 0.0006 0.9654 
          25  2 0.0265 0.0051 0.0017 0.0603 0.0017 0.0009 0.0023 0.9016 
          26  2 0.0004 0.0004 0.0008 0.9960 0.0009 0.0003 0.0004 0.0009 
          27  2 0.0245 0.0005 0.0015 0.0527 0.0091 0.0030 0.0021 0.9065 
          28  2 0.0002 0.0009 0.0010 0.0728 0.0594 0.0055 0.0008 0.8594 
          29  2 0.0010 0.0016 0.0009 0.0092 0.0096 0.0002 0.0004 0.9770 
          30  2 0.0005 0.1471 0.0067 0.0291 0.1193 0.0814 0.0035 0.6124 
          01  3 0.0008 0.1901 0.0005 0.1042 0.1341 0.0256 0.4702 0.0744 
          02  3 0.2978 0.1988 0.0739 0.0010 0.1228 0.0025 0.3012 0.0019 
          03  3 0.2597 0.2670 0.0006 0.0352 0.3359 0.0011 0.0924 0.0081 
          04  3 0.2069 0.3119 0.0010 0.0010 0.1758 0.0018 0.2945 0.0071 
          05  3 0.2741 0.2337 0.1158 0.0005 0.0006 0.1222 0.2524 0.0007 
          06  3 0.3341 0.2490 0.0004 0.0043 0.0611 0.0019 0.3340 0.0151 
          07  3 0.2172 0.3379 0.0012 0.0074 0.3342 0.0002 0.0574 0.0445 
          08  3 0.2267 0.2714 0.0041 0.0047 0.2955 0.0041 0.1906 0.0030 
          09  3 0.2292 0.3820 0.0003 0.0055 0.2881 0.0023 0.0734 0.0193 
          10  3 0.2851 0.0786 0.2188 0.0141 0.0065 0.1315 0.2466 0.0187 
          11  3 0.2393 0.3529 0.0004 0.0261 0.2740 0.0003 0.1058 0.0012 
          12  3 0.2494 0.3547 0.0005 0.0286 0.2486 0.0002 0.1159 0.0021 
          13  3 0.3341 0.2732 0.0194 0.0023 0.0034 0.0002 0.3663 0.0011 
          14  3 0.3196 0.1931 0.0482 0.0009 0.0037 0.1570 0.2768 0.0008 
          15  3 0.1820 0.2888 0.0003 0.0009 0.3514 0.0010 0.1737 0.0019 
          16  3 0.3350 0.0713 0.0025 0.0030 0.0419 0.0053 0.5057 0.0353 
          17  3 0.1101 0.3510 0.0008 0.0028 0.3853 0.0004 0.1312 0.0182 
          18  3 0.2308 0.1064 0.1676 0.0085 0.0025 0.2813 0.1998 0.0031 
          19  3 0.2735 0.1651 0.0003 0.0026 0.1686 0.0025 0.3861 0.0013 
          20  3 0.1583 0.2892 0.0003 0.0019 0.1776 0.0535 0.3163 0.0029 
          21  3 0.1759 0.1695 0.0008 0.0012 0.2349 0.0089 0.4053 0.0035 
          22  3 0.1578 0.4043 0.0004 0.0017 0.2995 0.0010 0.1346 0.0007 
          23  3 0.1919 0.2469 0.0003 0.0006 0.2362 0.0010 0.3222 0.0009 
          24  3 0.1584 0.3658 0.1706 0.0150 0.0193 0.0011 0.2567 0.0131 
          25  3 0.1382 0.1547 0.2506 0.0002 0.0004 0.1352 0.3204 0.0003 
          26  3 0.2538 0.3588 0.0007 0.0010 0.2314 0.0006 0.1520 0.0018 
          27  3 0.2055 0.1097 0.1398 0.0300 0.0088 0.1829 0.3100 0.0133 
          28  3 0.2532 0.2308 0.0015 0.0164 0.0711 0.0003 0.4246 0.0021 
          29  3 0.2230 0.2348 0.0043 0.0018 0.1360 0.0127 0.3573 0.0301 
          30  3 0.1015 0.2915 0.0016 0.2179 0.0849 0.0005 0.3008 0.0012 
         001  4 0.0001 0.9995 0.0001 0.0001 0.0001 0.0001 0.0001 0.0001 
         002  4 0.0004 0.9979 0.0002 0.0003 0.0002 0.0001 0.0006 0.0002 
         003  4 0.0001 0.9994 0.0001 0.0001 0.0001 0.0001 0.0001 0.0001 
         004  4 0.0002 0.9993 0.0001 0.0001 0.0001 0.0001 0.0001 0.0001 
         005  4 0.0003 0.9989 0.0002 0.0001 0.0001 0.0001 0.0001 0.0001 
         006  4 0.0678 0.9015 0.0002 0.0005 0.0006 0.0002 0.0287 0.0005 
         007  4 0.0672 0.9305 0.0001 0.0007 0.0004 0.0004 0.0002 0.0005 
         008  4 0.0010 0.9915 0.0021 0.0008 0.0004 0.0030 0.0006 0.0006 
         009  4 0.0002 0.9992 0.0001 0.0001 0.0001 0.0001 0.0001 0.0001 
         010  4 0.0238 0.9758 0.0001 0.0001 0.0001 0.0001 0.0001 0.0001 
         011  4 0.0425 0.9448 0.0005 0.0012 0.0003 0.0087 0.0010 0.0010 
         012  4 0.0001 0.9994 0.0001 0.0001 0.0001 0.0001 0.0001 0.0001 
         013  4 0.0001 0.9994 0.0000 0.0001 0.0001 0.0001 0.0002 0.0001 
         014  4 0.0001 0.9991 0.0001 0.0002 0.0001 0.0001 0.0001 0.0001 
         015  4 0.0001 0.9993 0.0001 0.0001 0.0001 0.0000 0.0003 0.0001 
         016  4 0.0002 0.9993 0.0001 0.0001 0.0001 0.0001 0.0001 0.0001 
         017  4 0.0002 0.9988 0.0001 0.0001 0.0002 0.0001 0.0004 0.0001 
         019  4 0.0928 0.8981 0.0004 0.0003 0.0003 0.0004 0.0075 0.0003 
         020  4 0.0001 0.9989 0.0002 0.0002 0.0002 0.0001 0.0001 0.0001 
         021  4 0.0337 0.9654 0.0002 0.0001 0.0001 0.0001 0.0001 0.0002 
         001  5 0.0005 0.9515 0.0015 0.0006 0.0012 0.0343 0.0098 0.0007 
         002  5 0.0002 0.9394 0.0013 0.0169 0.0020 0.0019 0.0325 0.0058 
         003  5 0.0389 0.7017 0.0002 0.0013 0.0010 0.0020 0.0919 0.1629 
         004  5 0.0022 0.9299 0.0003 0.0152 0.0050 0.0014 0.0037 0.0423 
         005  5 0.0006 0.9359 0.0002 0.0002 0.0002 0.0003 0.0625 0.0002 
         006  5 0.0392 0.8137 0.0003 0.0003 0.0005 0.0002 0.1455 0.0003 
         007  5 0.0547 0.8656 0.0003 0.0003 0.0002 0.0002 0.0784 0.0003 
         008  5 0.0004 0.9173 0.0001 0.0001 0.0002 0.0001 0.0817 0.0001 
         009  5 0.0057 0.9126 0.0002 0.0022 0.0356 0.0014 0.0264 0.0159 
         010  5 0.0301 0.8636 0.0003 0.0012 0.0014 0.0016 0.1007 0.0010 
         011  5 0.0003 0.9333 0.0002 0.0005 0.0006 0.0015 0.0630 0.0006 
         012  5 0.0784 0.8445 0.0014 0.0091 0.0092 0.0012 0.0311 0.0253 
         013  5 0.0028 0.7033 0.0005 0.0031 0.1951 0.0011 0.0913 0.0029 
         014  5 0.0734 0.6799 0.0163 0.0559 0.0580 0.0094 0.0612 0.0460 
         015  5 0.0239 0.9328 0.0002 0.0001 0.0001 0.0002 0.0424 0.0002 
         016  5 0.0498 0.9015 0.0006 0.0005 0.0011 0.0005 0.0449 0.0011 
         017  5 0.0595 0.8307 0.0018 0.0045 0.0091 0.0003 0.0793 0.0147 
         018  5 0.0037 0.8250 0.0211 0.0014 0.0495 0.0107 0.0777 0.0110 
         019  5 0.0003 0.9843 0.0120 0.0002 0.0005 0.0015 0.0009 0.0004 
         020  5 0.0001 0.9989 0.0001 0.0002 0.0001 0.0001 0.0003 0.0001 
         021  5 0.0005 0.8475 0.0002 0.0370 0.0018 0.0031 0.0057 0.1043 
         022  5 0.0230 0.9194 0.0008 0.0034 0.0094 0.0258 0.0038 0.0144 
         023  5 0.0027 0.9175 0.0006 0.0006 0.0009 0.0016 0.0754 0.0007 
         024  5 0.0730 0.8838 0.0003 0.0039 0.0086 0.0005 0.0038 0.0263 
         025  5 0.0686 0.8677 0.0013 0.0156 0.0051 0.0007 0.0364 0.0046 
         026  5 0.0183 0.8216 0.0004 0.0009 0.0059 0.0002 0.0203 0.1326 
         027  5 0.0006 0.9984 0.0001 0.0001 0.0002 0.0001 0.0002 0.0002 
         028  5 0.0534 0.9091 0.0013 0.0048 0.0095 0.0063 0.0055 0.0101 
         029  5 0.0010 0.9614 0.0002 0.0003 0.0004 0.0002 0.0361 0.0004 
         030  5 0.0007 0.9580 0.0039 0.0006 0.0005 0.0007 0.0347 0.0009 
        001s  6 0.0117 0.0005 0.0009 0.2701 0.0154 0.0200 0.0109 0.6705 
        002s  6 0.0004 0.0268 0.0171 0.0125 0.0102 0.0009 0.0033 0.9287 
        003s  6 0.0003 0.0081 0.0004 0.2138 0.0133 0.0035 0.0078 0.7529 
        004s  6 0.0004 0.0007 0.0006 0.0203 0.0030 0.0011 0.0003 0.9736 
        006s  6 0.0196 0.0615 0.0018 0.0026 0.0285 0.0062 0.0014 0.8784 
        007s  6 0.0025 0.0006 0.0008 0.0038 0.0773 0.0004 0.0007 0.9139 
        008s  6 0.0004 0.0048 0.0026 0.0092 0.0425 0.0064 0.0010 0.9331 
        009s  6 0.0004 0.0003 0.0015 0.0047 0.2115 0.0007 0.0004 0.7804 
        010s  6 0.0060 0.0230 0.0093 0.0031 0.0068 0.0119 0.0007 0.9393 
        011s  6 0.0010 0.0003 0.0003 0.0025 0.0335 0.0018 0.0084 0.9521 
        012s  6 0.0034 0.0005 0.0021 0.0097 0.0044 0.0019 0.0014 0.9767 
        013s  6 0.0008 0.0017 0.0008 0.0029 0.0091 0.0006 0.0007 0.9834 
        014s  6 0.0002 0.0610 0.0003 0.3854 0.0087 0.0003 0.0062 0.5378 
        015s  6 0.0157 0.0120 0.0007 0.0020 0.1826 0.0052 0.0010 0.7808 
        016s  6 0.0008 0.0003 0.0006 0.0869 0.0039 0.0011 0.0006 0.9058 
        018s  6 0.0006 0.2217 0.0006 0.0086 0.0273 0.0020 0.0670 0.6722 
        019s  6 0.0012 0.0042 0.0009 0.0535 0.4071 0.0035 0.0096 0.5201 
        020s  6 0.0005 0.0003 0.0010 0.0879 0.1255 0.0005 0.0008 0.7835 
        021s  6 0.0050 0.0015 0.0013 0.0034 0.0034 0.0027 0.0081 0.9746 
        022s  6 0.0003 0.0009 0.0008 0.0437 0.0167 0.0053 0.0005 0.9320 
        023s  6 0.0010 0.0158 0.0004 0.5056 0.4309 0.0008 0.0007 0.0448 
        024s  6 0.0022 0.0492 0.0011 0.0069 0.0066 0.0007 0.0004 0.9329 
        025s  6 0.0006 0.0013 0.0006 0.0063 0.0053 0.0663 0.0027 0.9170 
        026s  6 0.0006 0.0005 0.0017 0.0220 0.0075 0.0006 0.0008 0.9663 
        027s  6 0.0006 0.0007 0.0014 0.0185 0.0216 0.0004 0.0004 0.9563 
        028s  6 0.0074 0.0101 0.0472 0.0014 0.0146 0.0094 0.0049 0.9050 
        029s  6 0.0004 0.0005 0.0015 0.0027 0.1282 0.0011 0.0004 0.8652 
        030s  6 0.0004 0.0697 0.0019 0.0056 0.0363 0.0078 0.0020 0.8763 
        031s  6 0.0053 0.0028 0.0005 0.7030 0.0377 0.0006 0.0008 0.2493 
        032s  6 0.0006 0.0010 0.0005 0.0106 0.0031 0.0008 0.0355 0.9477 
        033s  6 0.0002 0.0847 0.0004 0.0067 0.0453 0.0005 0.0012 0.8611 
        034s  6 0.0049 0.0016 0.0004 0.0103 0.2691 0.0153 0.0005 0.6979 
        035s  6 0.0005 0.1311 0.0016 0.8631 0.0016 0.0006 0.0003 0.0011 
        036s  6 0.0020 0.0006 0.0003 0.0086 0.0406 0.0010 0.0090 0.9379 
        037s  6 0.0007 0.0008 0.0019 0.0071 0.0089 0.0012 0.0014 0.9780 
        038s  6 0.0017 0.0004 0.0011 0.1528 0.0251 0.0011 0.0004 0.8173 
        039s  6 0.0003 0.0003 0.0007 0.0056 0.1155 0.0008 0.0004 0.8763 
        040s  6 0.0015 0.0003 0.0005 0.2252 0.0413 0.0004 0.0009 0.7299 
        041s  6 0.0002 0.0677 0.0044 0.5903 0.0759 0.0039 0.0002 0.2574 
        042s  6 0.0008 0.0093 0.0034 0.0118 0.0641 0.0525 0.0008 0.8573 
        043s  6 0.0013 0.0009 0.0003 0.0036 0.0255 0.0047 0.0004 0.9633 
        044s  6 0.0005 0.0014 0.0024 0.1255 0.0038 0.0009 0.0004 0.8650 
        045s  6 0.0004 0.0040 0.0007 0.0174 0.0263 0.0022 0.0007 0.9483 
        001s  7 0.0005 0.0015 0.0004 0.8590 0.1233 0.0013 0.0006 0.0134 
        002s  7 0.0011 0.0148 0.0012 0.4470 0.0066 0.0026 0.0053 0.5215 
        003s  7 0.0013 0.0019 0.0017 0.9751 0.0049 0.0013 0.0012 0.0125 
        004s  7 0.0034 0.0010 0.0008 0.0420 0.0052 0.0005 0.0009 0.9461 
        005s  7 0.0024 0.0150 0.0005 0.0240 0.0121 0.0013 0.0012 0.9435 
        006s  7 0.0009 0.0593 0.0003 0.0026 0.1914 0.0037 0.0010 0.7407 
        007s  7 0.0074 0.0037 0.0159 0.0038 0.0037 0.0013 0.0017 0.9625 
        008s  7 0.0004 0.0142 0.0035 0.9739 0.0020 0.0012 0.0008 0.0039 
        009s  7 0.0019 0.0024 0.0006 0.0169 0.0029 0.0106 0.0017 0.9630 
        010s  7 0.0002 0.0008 0.0008 0.9895 0.0014 0.0013 0.0007 0.0051 
        011s  7 0.0006 0.0005 0.0010 0.0241 0.0174 0.0013 0.0008 0.9545 
        012s  7 0.0006 0.0007 0.0003 0.0035 0.0089 0.0007 0.0003 0.9850 
        013s  7 0.0087 0.0003 0.0007 0.0071 0.0123 0.0034 0.0009 0.9665 
        014s  7 0.0008 0.0368 0.0005 0.4977 0.0086 0.0003 0.0006 0.4547 
        015s  7 0.0017 0.0211 0.0014 0.0044 0.0803 0.0012 0.0006 0.8893 
        016s  7 0.0002 0.0912 0.0003 0.9043 0.0012 0.0019 0.0003 0.0006 
        017s  7 0.0013 0.0014 0.0003 0.0338 0.0122 0.0004 0.0003 0.9502 
        018s  7 0.0006 0.0017 0.0042 0.0025 0.9761 0.0008 0.0006 0.0135 
        019s  7 0.0010 0.0008 0.0025 0.0062 0.0169 0.0095 0.0034 0.9597 
        020s  7 0.0011 0.0006 0.0004 0.0144 0.0049 0.0004 0.0005 0.9778 
        021s  7 0.0005 0.0015 0.0011 0.0048 0.0232 0.0009 0.0020 0.9660 
        022s  7 0.0045 0.0022 0.0003 0.0024 0.0358 0.0011 0.0010 0.9525 
        023s  7 0.0014 0.0076 0.0012 0.0327 0.0711 0.0177 0.0024 0.8659 
        024s  7 0.0005 0.0013 0.0016 0.0048 0.0332 0.0008 0.0006 0.9571 
        025s  7 0.0035 0.0008 0.0009 0.0059 0.0165 0.0012 0.0029 0.9683 
        026s  7 0.0003 0.0019 0.0015 0.9766 0.0048 0.0016 0.0005 0.0129 
        027s  7 0.0008 0.0013 0.0020 0.4772 0.0032 0.0003 0.0010 0.5142 
        028s  7 0.0007 0.0056 0.0002 0.0061 0.4884 0.0005 0.0013 0.4972 
        029s  7 0.0008 0.0057 0.0009 0.0346 0.1952 0.0026 0.0018 0.7583 
        030s  7 0.0009 0.0003 0.0063 0.1965 0.0511 0.0058 0.0003 0.7387 
        031s  7 0.0010 0.0015 0.0004 0.0200 0.1404 0.0121 0.0006 0.8239 
        032s  7 0.0003 0.0954 0.0042 0.0011 0.0028 0.0004 0.0005 0.8953 
        033s  7 0.0004 0.0388 0.0032 0.0038 0.0049 0.0015 0.0048 0.9426 
        034s  7 0.0285 0.0011 0.0019 0.0075 0.1771 0.0004 0.0031 0.7803 
        035s  7 0.0003 0.0005 0.0006 0.0031 0.0098 0.0010 0.0004 0.9843 
        036s  7 0.0043 0.0006 0.0008 0.0602 0.0122 0.0100 0.0008 0.9112 
        037s  7 0.0011 0.0142 0.0006 0.0213 0.8579 0.0050 0.0524 0.0475 
        038s  7 0.0002 0.0027 0.0014 0.0034 0.4787 0.0017 0.0165 0.4954 
        039s  7 0.0002 0.0004 0.0006 0.3605 0.5427 0.0003 0.0005 0.0948 
        040s  7 0.0307 0.0067 0.0004 0.9584 0.0013 0.0003 0.0009 0.0013 
        041s  7 0.0004 0.0109 0.0025 0.2409 0.0021 0.0020 0.0078 0.7333 
        042s  7 0.0008 0.0059 0.0003 0.9770 0.0061 0.0004 0.0004 0.0091 
        043s  7 0.0002 0.0008 0.0005 0.0122 0.0202 0.0033 0.0005 0.9622 
        044s  7 0.0056 0.0407 0.0021 0.0023 0.0369 0.0259 0.0127 0.8738 
         003  8 0.0010 0.0062 0.0092 0.0025 0.0129 0.0007 0.0017 0.9659 
         009  8 0.0007 0.0011 0.0006 0.0047 0.0042 0.0014 0.0006 0.9867 
         010  8 0.0002 0.0004 0.0004 0.0104 0.0390 0.0015 0.0003 0.9477 
         017  8 0.0005 0.0007 0.0014 0.0023 0.0256 0.0026 0.0011 0.9658 
         002  9 0.0008 0.0005 0.0006 0.0151 0.0099 0.0013 0.0003 0.9716 
         003  9 0.0005 0.0002 0.0005 0.0046 0.0088 0.0005 0.0002 0.9847 
         004  9 0.0002 0.0003 0.0004 0.0048 0.0039 0.0011 0.0003 0.9889 
         005  9 0.0012 0.0003 0.0010 0.0049 0.0123 0.0053 0.0005 0.9745 
         006  9 0.0009 0.0010 0.0005 0.0043 0.0030 0.0016 0.0006 0.9881 
         007  9 0.0005 0.0048 0.0009 0.0043 0.0088 0.0012 0.0003 0.9792 
         009  9 0.0003 0.0014 0.0012 0.0148 0.0039 0.0017 0.0009 0.9759 
         010  9 0.0004 0.0003 0.0022 0.0041 0.0107 0.0011 0.0003 0.9808 
         013  9 0.0013 0.0018 0.0003 0.0206 0.0060 0.0014 0.0003 0.9682 
         014  9 0.0002 0.0004 0.0038 0.0125 0.0254 0.0014 0.0003 0.9561 
         016  9 0.0002 0.0003 0.0010 0.0026 0.0043 0.0006 0.0002 0.9908 
         018  9 0.0007 0.0007 0.0044 0.0034 0.0444 0.0018 0.0007 0.9439 
         019  9 0.0005 0.0008 0.0051 0.0032 0.0073 0.0005 0.0007 0.9818 
         020  9 0.0003 0.0004 0.0005 0.0007 0.0061 0.0004 0.0004 0.9912 
         021  9 0.0002 0.0003 0.0003 0.0062 0.0962 0.0007 0.0005 0.8954 
         022  9 0.0003 0.0004 0.0015 0.0127 0.1245 0.0005 0.0003 0.8597 
         024  9 0.0004 0.0005 0.0028 0.0077 0.0070 0.0037 0.0017 0.9764 
         028  9 0.0012 0.0005 0.0007 0.0080 0.0111 0.0014 0.0003 0.9768 
         029  9 0.0003 0.0002 0.0012 0.0058 0.0196 0.0006 0.0006 0.9715 
         030  9 0.0003 0.0004 0.0008 0.0028 0.0144 0.0013 0.0004 0.9797 
         031  9 0.0003 0.0013 0.0012 0.0111 0.0058 0.0003 0.0012 0.9788 
         033  9 0.0003 0.0054 0.0007 0.0153 0.0047 0.0011 0.0014 0.9711 
         001 10 0.0005 0.0005 0.0007 0.0055 0.0062 0.0004 0.0003 0.9859 
         002 10 0.0002 0.0003 0.0016 0.0136 0.0202 0.0005 0.0007 0.9630 
         003 10 0.0006 0.0004 0.0004 0.0026 0.0105 0.0119 0.0006 0.9731 
         004 10 0.0003 0.0005 0.0007 0.1018 0.0157 0.0022 0.0006 0.8782 
         005 10 0.0004 0.0004 0.0012 0.0056 0.0106 0.0010 0.0003 0.9805 
         006 10 0.0004 0.0007 0.0004 0.0046 0.0020 0.0010 0.0010 0.9898 
         007 10 0.0003 0.0007 0.0004 0.0065 0.0039 0.0019 0.0007 0.9856 
         008 10 0.0005 0.0006 0.0011 0.0019 0.0074 0.0030 0.0009 0.9846 
         009 10 0.0008 0.0005 0.0038 0.0043 0.0023 0.0004 0.0008 0.9872 
         010 10 0.0006 0.0006 0.0020 0.0178 0.0051 0.0008 0.0004 0.9727 
         011 10 0.0011 0.0004 0.0003 0.0030 0.0200 0.0378 0.0007 0.9368 
         012 10 0.0007 0.0004 0.0005 0.0025 0.0094 0.0039 0.0019 0.9807 
         013 10 0.0020 0.0004 0.0008 0.0021 0.0099 0.0010 0.0004 0.9833 
         014 10 0.0007 0.0006 0.0007 0.2413 0.0019 0.0011 0.0005 0.7531 
         016 10 0.0007 0.0007 0.0013 0.0078 0.0316 0.0007 0.0028 0.9544 
         017 10 0.0007 0.0006 0.0010 0.0018 0.0071 0.0009 0.0006 0.9872 
         018 10 0.0005 0.0034 0.0020 0.0026 0.0042 0.0008 0.0021 0.9844 
         019 10 0.0003 0.0003 0.0038 0.0033 0.0068 0.0008 0.0012 0.9835 
         020 10 0.0005 0.0007 0.0071 0.0151 0.0137 0.0014 0.0034 0.9581 
         021 10 0.0002 0.0009 0.0023 0.0196 0.0041 0.0004 0.0007 0.9718 
         022 10 0.0006 0.0003 0.0003 0.0516 0.0035 0.0011 0.0003 0.9423 
         023 10 0.0008 0.0003 0.0003 0.0029 0.0072 0.0011 0.0005 0.9870 
         024 10 0.0001 0.0003 0.0012 0.0037 0.0038 0.0019 0.0004 0.9885 
         026 10 0.0003 0.0004 0.0006 0.0017 0.0181 0.0004 0.0008 0.9776 
        001s 11 0.0007 0.0984 0.0006 0.2431 0.0467 0.0069 0.0003 0.6033 
        002s 11 0.0077 0.0006 0.0036 0.0173 0.0081 0.0018 0.0008 0.9600 
        003s 11 0.0005 0.0100 0.0012 0.0116 0.6455 0.0006 0.0007 0.3300 
        004s 11 0.0014 0.0004 0.0002 0.0105 0.0375 0.0015 0.0005 0.9481 
        005s 11 0.0009 0.0015 0.0057 0.0733 0.0718 0.0005 0.0005 0.8459 
        006s 11 0.0023 0.0007 0.0011 0.0222 0.0074 0.0019 0.0210 0.9433 
        007s 11 0.0385 0.0070 0.0015 0.0815 0.0641 0.0006 0.0018 0.8051 
        008s 11 0.0004 0.0004 0.0004 0.0058 0.5117 0.0006 0.0006 0.4800 
        009s 11 0.0003 0.0005 0.0129 0.0024 0.0326 0.0004 0.0006 0.9503 
        010s 11 0.0004 0.0008 0.0005 0.1293 0.0044 0.0009 0.0019 0.8619 
        011s 11 0.0159 0.1021 0.0004 0.8150 0.0048 0.0181 0.0006 0.0433 
        012s 11 0.0003 0.0978 0.0010 0.0080 0.8451 0.0004 0.0015 0.0459 
        013s 11 0.0007 0.0015 0.0003 0.2485 0.0276 0.0009 0.0006 0.7198 
        014s 11 0.0053 0.0022 0.0017 0.7759 0.1804 0.0008 0.0027 0.0310 
        015s 11 0.0020 0.0022 0.0015 0.0244 0.0481 0.0045 0.0015 0.9159 
        016s 11 0.0005 0.0458 0.0059 0.2227 0.0087 0.0556 0.0005 0.6604 
        017s 11 0.0008 0.0868 0.0007 0.0037 0.8974 0.0014 0.0004 0.0088 
        018s 11 0.0012 0.0046 0.0019 0.9459 0.0117 0.0013 0.0027 0.0307 
        019s 11 0.0006 0.0005 0.0003 0.0071 0.0153 0.0248 0.0008 0.9506 
        020s 11 0.0034 0.0020 0.0022 0.5735 0.0160 0.0018 0.0004 0.4006 
        021s 11 0.0004 0.0006 0.0006 0.0019 0.0071 0.0012 0.0008 0.9875 
        022s 11 0.0303 0.0020 0.0014 0.0070 0.3561 0.0005 0.0008 0.6019 
        023s 11 0.0003 0.0347 0.0004 0.8081 0.0042 0.0302 0.0014 0.1206 
        025s 11 0.0007 0.0004 0.0002 0.0146 0.0293 0.0010 0.0006 0.9531 
        026s 11 0.0008 0.0403 0.0005 0.0029 0.0051 0.0484 0.0006 0.9014 
        027s 11 0.0039 0.0008 0.0005 0.0110 0.0650 0.0004 0.0007 0.9178 
        028s 11 0.0009 0.0040 0.0003 0.0037 0.0196 0.0010 0.0017 0.9688 
        029s 11 0.0004 0.0374 0.0012 0.0053 0.0266 0.0002 0.0037 0.9251 
        030s 11 0.0015 0.0416 0.0011 0.0014 0.8813 0.0009 0.0007 0.0716 
        031s 11 0.0018 0.0003 0.0010 0.0060 0.0518 0.0003 0.0003 0.9385 
        032s 11 0.0004 0.0011 0.0010 0.0899 0.0243 0.0032 0.0003 0.8797 
        033s 11 0.0005 0.0036 0.0010 0.1792 0.0454 0.0008 0.0010 0.7685 
        034s 11 0.0014 0.0013 0.0004 0.8947 0.0087 0.0006 0.0006 0.0923 
        035s 11 0.0019 0.0037 0.0010 0.5250 0.0062 0.0005 0.0008 0.4610 
        036s 11 0.0011 0.0113 0.0015 0.0095 0.9462 0.0005 0.0024 0.0276 
        037s 11 0.0003 0.0012 0.0020 0.9489 0.0209 0.0020 0.0035 0.0212 
        038s 11 0.0005 0.0015 0.0006 0.3867 0.4056 0.0009 0.0027 0.2014 
        039s 11 0.0003 0.0018 0.0005 0.0073 0.0055 0.0008 0.0007 0.9830 
        040s 11 0.0016 0.0565 0.0004 0.0050 0.1430 0.0006 0.0155 0.7775 
        041s 11 0.0012 0.0008 0.0201 0.0164 0.0388 0.0023 0.0009 0.9196 
        042s 11 0.0007 0.0008 0.0004 0.4803 0.0228 0.0079 0.0007 0.4864 
        043s 11 0.0004 0.0049 0.0004 0.0198 0.0103 0.0180 0.0234 0.9228 
        044s 11 0.0115 0.0005 0.0008 0.0812 0.0524 0.0036 0.0006 0.8494 
        045s 11 0.0016 0.0004 0.0004 0.0118 0.1033 0.0089 0.0019 0.8718 
        046s 11 0.0037 0.0387 0.0008 0.6019 0.2920 0.0205 0.0003 0.0421 
        047s 11 0.0014 0.0007 0.0007 0.0040 0.3118 0.0021 0.0004 0.6789 
        048s 11 0.0011 0.0030 0.0018 0.0031 0.0091 0.0336 0.0033 0.9449 
        049s 11 0.0004 0.0024 0.0011 0.0094 0.0427 0.0012 0.0003 0.9426 
        050s 11 0.0041 0.0006 0.0003 0.0019 0.0055 0.0012 0.0003 0.9861 
        051s 11 0.0278 0.0005 0.0004 0.0442 0.0164 0.0504 0.0010 0.8593 
        052s 11 0.0033 0.0013 0.0011 0.7972 0.0920 0.0034 0.0012 0.1006 
        053s 11 0.0003 0.0004 0.0011 0.0076 0.0113 0.0009 0.0004 0.9779 
        054s 11 0.0029 0.0011 0.0004 0.0125 0.0319 0.0007 0.0026 0.9479 
        055s 11 0.0004 0.0063 0.0004 0.8736 0.0075 0.0004 0.0592 0.0522 
        001s 12 0.0012 0.0015 0.0012 0.0142 0.0079 0.0007 0.0054 0.9679 
        002s 12 0.0005 0.0011 0.0027 0.0022 0.0043 0.0010 0.0004 0.9878 
        003s 12 0.0005 0.0004 0.0005 0.0095 0.0101 0.0003 0.0005 0.9782 
        004s 12 0.0009 0.0723 0.0017 0.0107 0.0284 0.0040 0.0002 0.8818 
        005s 12 0.0007 0.0004 0.0014 0.5701 0.0038 0.0009 0.0009 0.4217 
        006s 12 0.0036 0.0302 0.0008 0.0239 0.2165 0.0007 0.0031 0.7212 
        007s 12 0.0012 0.0010 0.0025 0.0053 0.0667 0.0016 0.0007 0.9210 
        008s 12 0.0002 0.0005 0.0004 0.0085 0.0181 0.0008 0.0508 0.9207 
        009s 12 0.0016 0.0100 0.0191 0.0190 0.5623 0.0072 0.0026 0.3782 
        010s 12 0.0303 0.0056 0.0014 0.0476 0.0263 0.0004 0.0032 0.8851 
        011s 12 0.0038 0.0012 0.0010 0.0109 0.0147 0.0008 0.0010 0.9666 
        012s 12 0.0045 0.0020 0.0006 0.0026 0.7677 0.0050 0.0009 0.2167 
        013s 12 0.0004 0.0007 0.0008 0.0022 0.0445 0.0370 0.0004 0.9139 
        014s 12 0.0446 0.0017 0.0033 0.4974 0.3351 0.0491 0.0017 0.0670 
        015s 12 0.0006 0.0037 0.0013 0.0045 0.0389 0.0007 0.0013 0.9489 
        016s 12 0.0007 0.0006 0.0005 0.0015 0.0353 0.0030 0.0004 0.9582 
        017s 12 0.0010 0.0057 0.0004 0.0574 0.0126 0.0012 0.0008 0.9209 
        018s 12 0.0002 0.0013 0.0023 0.0090 0.5880 0.0019 0.0024 0.3949 
        019s 12 0.0005 0.0051 0.0030 0.0536 0.0044 0.0006 0.0006 0.9321 
        020s 12 0.0004 0.0742 0.0002 0.0145 0.0090 0.0007 0.0023 0.8987 
        021s 12 0.0004 0.0026 0.0005 0.0024 0.4467 0.0023 0.0006 0.5445 
        022s 12 0.0005 0.0280 0.0057 0.0681 0.0260 0.0043 0.0136 0.8538 
        023s 12 0.0002 0.0005 0.0009 0.0071 0.0031 0.0010 0.0007 0.9864 
        024s 12 0.0003 0.0005 0.0004 0.4902 0.3875 0.0004 0.0005 0.1202 
        025s 12 0.0009 0.0009 0.0051 0.0122 0.0041 0.0011 0.0146 0.9611 
        026s 12 0.0008 0.0313 0.0118 0.0958 0.0045 0.0009 0.0005 0.8544 
        027s 12 0.0004 0.0020 0.0005 0.0037 0.0057 0.0003 0.0040 0.9835 
        028s 12 0.0006 0.0014 0.0190 0.9594 0.0027 0.0043 0.0004 0.0122 
        029s 12 0.0011 0.0007 0.0003 0.3360 0.0025 0.0007 0.0003 0.6584 
        030s 12 0.0025 0.0009 0.0004 0.0147 0.0490 0.0004 0.0004 0.9315 
        031s 12 0.0007 0.0046 0.0009 0.0079 0.0527 0.0025 0.0019 0.9288 
        032s 12 0.0005 0.0007 0.0136 0.7852 0.0529 0.0011 0.0002 0.1457 
        033s 12 0.0024 0.0012 0.0005 0.0181 0.0090 0.0004 0.0043 0.9640 
        034s 12 0.0004 0.0003 0.0009 0.9538 0.0051 0.0003 0.0006 0.0385 
        035s 12 0.0010 0.0103 0.0007 0.1065 0.0214 0.0005 0.0018 0.8578 
        036s 12 0.0038 0.0015 0.0029 0.0957 0.3935 0.0009 0.0139 0.4878 
        037s 12 0.0005 0.0011 0.0008 0.0011 0.0727 0.0009 0.0004 0.9225 
        001s 13 0.0007 0.0150 0.0010 0.0110 0.0077 0.0026 0.0005 0.9615 
        002s 13 0.0004 0.0660 0.0005 0.7466 0.0913 0.0006 0.0142 0.0805 
        003s 13 0.0003 0.0006 0.0008 0.0057 0.0962 0.0009 0.0032 0.8923 
        004s 13 0.0005 0.0011 0.0111 0.0133 0.0162 0.0021 0.0003 0.9554 
        005s 13 0.0024 0.0024 0.0018 0.0052 0.0191 0.0020 0.0080 0.9591 
        006s 13 0.0016 0.0005 0.0011 0.0090 0.1519 0.0005 0.0024 0.8330 
        007s 13 0.0244 0.0007 0.0006 0.0057 0.0064 0.0010 0.0039 0.9572 
        008s 13 0.0012 0.0498 0.0017 0.0069 0.0383 0.0010 0.0015 0.8997 
        009s 13 0.0015 0.1221 0.0135 0.0050 0.0383 0.0011 0.0055 0.8129 
        010s 13 0.0004 0.0598 0.0016 0.0009 0.8265 0.0007 0.0034 0.1066 
        011s 13 0.0191 0.0061 0.0077 0.2146 0.0059 0.0018 0.0068 0.7380 
        012s 13 0.0017 0.0468 0.0026 0.0010 0.9321 0.0121 0.0009 0.0029 
        013s 13 0.0228 0.0251 0.0008 0.6462 0.0027 0.0113 0.0006 0.2905 
        014s 13 0.0145 0.0009 0.0014 0.0018 0.1817 0.0036 0.0083 0.7879 
        015s 13 0.0009 0.0077 0.0091 0.0369 0.0049 0.0070 0.0005 0.9330 
        016s 13 0.0004 0.0003 0.0006 0.0060 0.0216 0.0014 0.0006 0.9691 
        017s 13 0.0008 0.0012 0.0035 0.0056 0.0079 0.0005 0.0602 0.9203 
        018s 13 0.0003 0.0005 0.0006 0.0146 0.0152 0.0007 0.0008 0.9674 
        019s 13 0.0005 0.0007 0.0005 0.0683 0.2293 0.0015 0.0027 0.6964 
        020s 13 0.0022 0.0010 0.0032 0.9518 0.0024 0.0003 0.0030 0.0360 
        021s 13 0.0005 0.0014 0.0008 0.0256 0.0074 0.0016 0.0003 0.9625 
        022s 13 0.0006 0.0010 0.0006 0.0017 0.0078 0.0010 0.0019 0.9854 
        023s 13 0.0003 0.0007 0.0007 0.0535 0.0110 0.0004 0.0014 0.9320 
        024s 13 0.0030 0.0410 0.0007 0.0087 0.1904 0.0355 0.0006 0.7201 
        025s 13 0.0003 0.0008 0.0007 0.0030 0.0089 0.0026 0.0010 0.9826 
        026s 13 0.0009 0.0692 0.0004 0.0033 0.8755 0.0091 0.0283 0.0134 
        027s 13 0.0023 0.0412 0.0023 0.0047 0.0300 0.0014 0.0013 0.9168 
        028s 13 0.0031 0.0029 0.0090 0.4340 0.0025 0.0024 0.0333 0.5129 
        029s 13 0.0015 0.0155 0.0005 0.7491 0.2211 0.0017 0.0019 0.0087 
        030s 13 0.0004 0.0691 0.0007 0.6629 0.1766 0.0306 0.0005 0.0591 
        031s 13 0.0050 0.0048 0.0009 0.0021 0.1088 0.0995 0.0004 0.7784 
        032s 13 0.0080 0.0005 0.0005 0.0088 0.0074 0.0005 0.0004 0.9740 
        033s 13 0.0078 0.0019 0.0005 0.0045 0.0252 0.0010 0.0296 0.9296 
        034s 13 0.0237 0.0455 0.0019 0.9206 0.0014 0.0008 0.0004 0.0058 
        035s 13 0.0006 0.0005 0.0012 0.1924 0.0085 0.0034 0.0006 0.7928 
        036s 13 0.0007 0.0022 0.0005 0.2097 0.0632 0.0004 0.0016 0.7217 
        037s 13 0.0005 0.0004 0.0007 0.0074 0.0225 0.0015 0.0005 0.9665 
        038s 13 0.0007 0.0008 0.0013 0.5272 0.1697 0.0016 0.0056 0.2931 
        039s 13 0.0007 0.0997 0.0011 0.0105 0.0018 0.0656 0.0010 0.8194 
        040s 13 0.0013 0.0014 0.0007 0.0074 0.1387 0.0016 0.0006 0.8483 
        041s 13 0.0065 0.0558 0.0005 0.0052 0.1297 0.0016 0.0022 0.7986 
        042s 13 0.0020 0.0004 0.0007 0.9841 0.0032 0.0010 0.0004 0.0081 
        001s 14 0.0009 0.0238 0.0028 0.6116 0.2475 0.0010 0.0009 0.1115 
        002s 14 0.0007 0.0654 0.0041 0.0079 0.0140 0.0012 0.0017 0.9050 
        003s 14 0.0004 0.0006 0.0006 0.9881 0.0024 0.0008 0.0010 0.0061 
        004s 14 0.0153 0.0147 0.0006 0.0030 0.0030 0.0033 0.0006 0.9596 
        005s 14 0.0002 0.0004 0.0005 0.1850 0.0192 0.0006 0.0002 0.7938 
        006s 14 0.0008 0.0006 0.0004 0.0214 0.0058 0.0003 0.0004 0.9703 
        007s 14 0.0010 0.0005 0.0005 0.0092 0.0038 0.0014 0.0009 0.9828 
        008s 14 0.0079 0.1057 0.0156 0.8480 0.0125 0.0009 0.0002 0.0091 
        009s 14 0.0004 0.0018 0.0050 0.0286 0.0077 0.0008 0.0035 0.9523 
        010s 14 0.0005 0.0633 0.0096 0.3345 0.0123 0.0011 0.0003 0.5782 
        011s 14 0.0017 0.0009 0.0004 0.4495 0.0149 0.0011 0.0555 0.4758 
        012s 14 0.0011 0.0004 0.0027 0.9236 0.0424 0.0020 0.0016 0.0263 
        013s 14 0.0045 0.0012 0.0006 0.2118 0.6937 0.0036 0.0007 0.0839 
        014s 14 0.0006 0.0486 0.0051 0.0090 0.0330 0.0007 0.0007 0.9024 
        015s 14 0.0005 0.0009 0.0063 0.0274 0.0455 0.0021 0.0007 0.9167 
        016s 14 0.0003 0.0012 0.0006 0.0026 0.0424 0.0101 0.0006 0.9423 
        017s 14 0.0050 0.0640 0.0012 0.0118 0.3390 0.0003 0.0013 0.5774 
        018s 14 0.0003 0.0007 0.0010 0.0071 0.0323 0.0009 0.0009 0.9567 
        019s 14 0.0009 0.0017 0.0004 0.0049 0.0044 0.0008 0.0020 0.9850 
        020s 14 0.0002 0.0006 0.0074 0.7908 0.0036 0.0017 0.0011 0.1946 
        021s 14 0.0004 0.0042 0.0099 0.0071 0.0107 0.0006 0.0009 0.9661 
        022s 14 0.0039 0.0049 0.0026 0.0215 0.2976 0.0021 0.0013 0.6660 
        023s 14 0.0013 0.0127 0.0027 0.0342 0.0294 0.0039 0.0003 0.9155 
        024s 14 0.0011 0.0489 0.0020 0.2465 0.0030 0.0015 0.0072 0.6898 
        025s 14 0.0003 0.0716 0.0003 0.1223 0.0031 0.0004 0.0003 0.8017 
        026s 14 0.0003 0.0005 0.0023 0.0058 0.2444 0.0014 0.0006 0.7448 
        027s 14 0.0006 0.0035 0.0007 0.0558 0.1381 0.0034 0.0008 0.7972 
        028s 14 0.0022 0.0006 0.0021 0.0277 0.1420 0.0007 0.0013 0.8235 
        029s 14 0.0003 0.0002 0.0005 0.0150 0.0310 0.0010 0.0002 0.9518 
        030s 14 0.0046 0.0010 0.0007 0.0961 0.8667 0.0004 0.0024 0.0281 
        031s 14 0.0249 0.0007 0.0006 0.3286 0.0287 0.0015 0.0005 0.6145 
        032s 14 0.0017 0.0012 0.0004 0.3003 0.0083 0.0016 0.0006 0.6859 
        033s 14 0.0478 0.0010 0.0010 0.4067 0.0092 0.0007 0.0026 0.5310 
        034s 14 0.0003 0.0004 0.0005 0.0027 0.0267 0.0006 0.0004 0.9684 
        035s 14 0.0631 0.0736 0.0004 0.0122 0.8015 0.0009 0.0113 0.0370 
        036s 14 0.0307 0.0668 0.0034 0.8265 0.0018 0.0045 0.0025 0.0638 
        037s 14 0.0004 0.0013 0.0008 0.0326 0.0270 0.0022 0.0007 0.9351 
        038s 14 0.0006 0.0006 0.0006 0.0310 0.0558 0.0007 0.0013 0.9094 
        039s 14 0.0022 0.0025 0.0026 0.0121 0.0152 0.0062 0.0011 0.9580 
        040s 14 0.0012 0.0210 0.0004 0.0357 0.0214 0.0010 0.0004 0.9188 
        041s 14 0.0009 0.0010 0.0005 0.3095 0.6767 0.0007 0.0004 0.0103 
        042s 14 0.0006 0.0700 0.0012 0.0084 0.3681 0.0018 0.0005 0.5494 
        001s 15 0.0006 0.0009 0.0014 0.4921 0.0061 0.0017 0.0004 0.4968 
        002s 15 0.0026 0.0976 0.0089 0.1935 0.5158 0.0070 0.0009 0.1738 
        003s 15 0.0005 0.0056 0.0005 0.0030 0.0085 0.0056 0.0060 0.9704 
        004s 15 0.0006 0.0008 0.0057 0.0021 0.8041 0.0003 0.0002 0.1863 
        005s 15 0.0007 0.0066 0.0009 0.0049 0.0372 0.0049 0.0103 0.9344 
        006s 15 0.0028 0.0192 0.0007 0.0118 0.0641 0.0011 0.0007 0.8997 
        007s 15 0.0004 0.0004 0.0010 0.0346 0.0909 0.0005 0.0004 0.8718 
        008s 15 0.0004 0.0007 0.0006 0.0198 0.1657 0.0006 0.0003 0.8118 
        009s 15 0.0010 0.0113 0.0007 0.0092 0.9140 0.0400 0.0146 0.0091 
        010s 15 0.0004 0.0009 0.0003 0.8921 0.0572 0.0025 0.0012 0.0454 
        011s 15 0.0340 0.0006 0.0005 0.0016 0.9431 0.0007 0.0158 0.0036 
        012s 15 0.0007 0.0013 0.0011 0.0047 0.0343 0.0018 0.0112 0.9448 
        013s 15 0.0005 0.0013 0.0083 0.9558 0.0126 0.0016 0.0004 0.0195 
        014s 15 0.0007 0.0009 0.0038 0.0027 0.0052 0.0055 0.0021 0.9790 
        015s 15 0.0045 0.0782 0.0006 0.0017 0.1594 0.0039 0.0007 0.7509 
        016s 15 0.0625 0.0029 0.0397 0.7926 0.0292 0.0005 0.0028 0.0699 
        017s 15 0.0008 0.0015 0.0122 0.0050 0.0046 0.0022 0.0008 0.9730 
        018s 15 0.0002 0.0020 0.0023 0.5329 0.0356 0.0007 0.0008 0.4256 
        019s 15 0.0004 0.0016 0.0007 0.4407 0.5425 0.0053 0.0012 0.0077 
        020s 15 0.0004 0.0007 0.0006 0.4920 0.0644 0.0005 0.0009 0.4406 
        021s 15 0.0006 0.0648 0.0036 0.0789 0.0241 0.0029 0.0046 0.8204 
        022s 15 0.0014 0.0006 0.0010 0.0356 0.8485 0.0004 0.0021 0.1104 
        023s 15 0.0032 0.0262 0.0007 0.0154 0.6632 0.0006 0.0011 0.2896 
        024s 15 0.0028 0.0023 0.0004 0.0012 0.0089 0.0009 0.0004 0.9831 
        025s 15 0.0010 0.0052 0.0012 0.0299 0.0101 0.0223 0.0021 0.9283 
        026s 15 0.0009 0.0019 0.0042 0.0395 0.0649 0.0216 0.0005 0.8664 
        027s 15 0.0165 0.0020 0.0106 0.0442 0.0106 0.0007 0.0010 0.9144 
        028s 15 0.0005 0.0003 0.0020 0.0149 0.0114 0.0013 0.0041 0.9655 
        029s 15 0.0011 0.0008 0.0008 0.0067 0.0027 0.0011 0.0005 0.9863 
        030s 15 0.0006 0.0006 0.0015 0.0106 0.0395 0.0008 0.0002 0.9462 
        031s 15 0.0009 0.0620 0.0012 0.0216 0.0037 0.0060 0.0022 0.9024 
        032s 15 0.0002 0.0005 0.0008 0.0012 0.0265 0.0012 0.0005 0.9692 
        033s 15 0.0011 0.0501 0.0014 0.9248 0.0107 0.0003 0.0008 0.0109 
        035s 15 0.0018 0.0017 0.0019 0.0028 0.2193 0.0007 0.0040 0.7678 
        036s 15 0.0034 0.0010 0.0003 0.4954 0.1478 0.0054 0.0005 0.3462 
        037s 15 0.0098 0.0008 0.0006 0.0087 0.0821 0.0016 0.0007 0.8957 
        038s 15 0.0026 0.0065 0.0007 0.0048 0.3495 0.0003 0.0004 0.6353 
        039s 15 0.0002 0.0660 0.0005 0.3680 0.5384 0.0004 0.0016 0.0248 
        040s 15 0.0041 0.0025 0.0034 0.0263 0.0866 0.0007 0.0011 0.8753 
        041s 15 0.0036 0.0709 0.0008 0.0073 0.0313 0.0016 0.0027 0.8818 
        042s 15 0.0003 0.0039 0.0025 0.0078 0.0096 0.0010 0.0012 0.9738 
        043s 15 0.0012 0.0144 0.0004 0.4314 0.0022 0.0012 0.0010 0.5481 
        044s 15 0.0006 0.0041 0.0010 0.0039 0.0167 0.0008 0.0015 0.9715 
        045s 15 0.0232 0.0038 0.0015 0.0044 0.2990 0.0760 0.0028 0.5892 
        046s 15 0.0052 0.0236 0.0005 0.0163 0.0220 0.0009 0.0022 0.9293 
        047s 15 0.0011 0.0118 0.0004 0.0156 0.1508 0.0005 0.0181 0.8015 
        048s 15 0.0006 0.0006 0.0010 0.3373 0.0099 0.0210 0.0004 0.6292 
        049s 15 0.0008 0.0074 0.0005 0.0246 0.0849 0.0009 0.0092 0.8717 
        050s 15 0.0006 0.1366 0.0099 0.0158 0.0474 0.0026 0.0007 0.7864 
         001 16 0.0009 0.1195 0.0037 0.6347 0.0480 0.0008 0.0752 0.1172 
         002 16 0.0004 0.0168 0.0004 0.0312 0.2023 0.0004 0.0307 0.7178 
         003 16 0.0025 0.0039 0.0029 0.0027 0.2063 0.0016 0.0052 0.7750 
         004 16 0.0011 0.0009 0.0007 0.0043 0.2132 0.0009 0.0011 0.7779 
         005 16 0.0071 0.0557 0.0018 0.0168 0.0321 0.0235 0.0009 0.8621 
         006 16 0.0006 0.0016 0.0008 0.0034 0.1231 0.0128 0.0295 0.8283 
         007 16 0.0011 0.0078 0.0007 0.0107 0.0826 0.0013 0.0008 0.8951 
         008 16 0.0191 0.1525 0.0007 0.1424 0.6694 0.0005 0.0003 0.0150 
         009 16 0.0007 0.0050 0.0024 0.5212 0.0355 0.0005 0.0003 0.4344 
         010 16 0.0004 0.0221 0.0008 0.1467 0.5043 0.0012 0.0026 0.3220 
         011 16 0.0013 0.0062 0.0006 0.8396 0.1264 0.0020 0.0031 0.0209 
         012 16 0.0018 0.0008 0.0011 0.0798 0.2216 0.0009 0.0018 0.6923 
         013 16 0.0009 0.0005 0.0006 0.0054 0.0557 0.0004 0.0006 0.9360 
         014 16 0.0007 0.0269 0.0014 0.0045 0.0236 0.0002 0.0056 0.9371 
         015 16 0.0017 0.0004 0.0011 0.0088 0.0593 0.3675 0.0017 0.5595 
         016 16 0.0002 0.0019 0.0051 0.0021 0.0363 0.0150 0.0006 0.9388 
         017 16 0.0059 0.0033 0.0009 0.6600 0.1054 0.0012 0.0041 0.2192 
         018 16 0.0035 0.0431 0.0041 0.0026 0.0927 0.0233 0.0014 0.8293 
         019 16 0.0059 0.0567 0.0016 0.9102 0.0096 0.0006 0.0017 0.0137 
         020 16 0.0005 0.0002 0.0008 0.0130 0.0358 0.0006 0.0022 0.9469 
         021 16 0.0009 0.0556 0.0041 0.0243 0.0721 0.0005 0.0751 0.7673 
         022 16 0.0002 0.0366 0.0004 0.0012 0.0167 0.0014 0.0004 0.9431 
