        001s  1 0.0011 0.6990 0.0008 0.0004 0.2920 0.0037 0.0016 0.0014 
        002s  1 0.0009 0.1557 0.0009 0.0041 0.8074 0.0161 0.0144 0.0005 
        003s  1 0.0030 0.0027 0.0021 0.0010 0.6074 0.3727 0.0012 0.0100 
        004s  1 0.0063 0.0690 0.0038 0.0287 0.5905 0.2972 0.0040 0.0004 
        005s  1 0.1835 0.0151 0.0009 0.1651 0.3851 0.0261 0.2238 0.0004 
        006s  1 0.0007 0.9534 0.0007 0.0018 0.0030 0.0344 0.0052 0.0008 
        007s  1 0.0025 0.9393 0.0033 0.0005 0.0199 0.0289 0.0046 0.0009 
        008s  1 0.0039 0.1925 0.0015 0.0014 0.6059 0.1177 0.0762 0.0010 
        009s  1 0.0381 0.5651 0.0089 0.0054 0.3537 0.0120 0.0143 0.0024 
        010s  1 0.0111 0.9136 0.0004 0.0011 0.0040 0.0646 0.0044 0.0009 
        011s  1 0.0022 0.9395 0.0032 0.0029 0.0079 0.0350 0.0038 0.0054 
        012s  1 0.1015 0.1279 0.0014 0.0071 0.1261 0.6253 0.0033 0.0074 
        013s  1 0.0015 0.9127 0.0106 0.0227 0.0280 0.0122 0.0115 0.0008 
        014s  1 0.0217 0.7094 0.0063 0.0019 0.0088 0.2313 0.0033 0.0173 
        015s  1 0.0005 0.9766 0.0008 0.0004 0.0123 0.0042 0.0043 0.0009 
        016s  1 0.0024 0.5829 0.0087 0.0009 0.0713 0.3273 0.0056 0.0010 
        018s  1 0.1231 0.0867 0.0011 0.0011 0.0340 0.7443 0.0087 0.0010 
        019s  1 0.0188 0.8362 0.0011 0.0007 0.1231 0.0043 0.0100 0.0058 
        020s  1 0.0007 0.8339 0.0089 0.0004 0.0070 0.1262 0.0132 0.0096 
        021s  1 0.0003 0.9245 0.0062 0.0111 0.0346 0.0189 0.0036 0.0007 
        022s  1 0.0004 0.0322 0.0017 0.0004 0.9445 0.0167 0.0035 0.0006 
        023s  1 0.0006 0.5456 0.0133 0.0004 0.2116 0.1828 0.0440 0.0016 
        024s  1 0.0015 0.9620 0.0009 0.0014 0.0078 0.0196 0.0062 0.0006 
        025s  1 0.0074 0.6627 0.0013 0.0014 0.0067 0.0283 0.2919 0.0004 
        026s  1 0.0012 0.9605 0.0100 0.0008 0.0074 0.0077 0.0057 0.0068 
        027s  1 0.0021 0.4141 0.0029 0.0114 0.0246 0.1992 0.3450 0.0006 
        028s  1 0.0406 0.4421 0.0007 0.0512 0.0069 0.1298 0.3263 0.0024 
        029s  1 0.0013 0.9344 0.0005 0.0008 0.0070 0.0447 0.0037 0.0076 
        030s  1 0.0012 0.6663 0.0007 0.0027 0.0019 0.0337 0.2833 0.0103 
        031s  1 0.0002 0.9069 0.0017 0.0004 0.0820 0.0057 0.0027 0.0004 
        032s  1 0.0011 0.9440 0.0010 0.0009 0.0066 0.0143 0.0307 0.0014 
        033s  1 0.0044 0.8774 0.0010 0.0011 0.0077 0.0994 0.0084 0.0008 
        034s  1 0.0016 0.3318 0.0552 0.0014 0.5663 0.0363 0.0029 0.0046 
        035s  1 0.0016 0.9544 0.0011 0.0023 0.0039 0.0274 0.0065 0.0028 
        036s  1 0.0921 0.4145 0.0016 0.0018 0.4622 0.0177 0.0097 0.0005 
        037s  1 0.0906 0.2834 0.0262 0.0108 0.0923 0.4722 0.0233 0.0011 
        038s  1 0.0021 0.9020 0.0012 0.0011 0.0313 0.0118 0.0496 0.0009 
        039s  1 0.0003 0.8121 0.0005 0.0164 0.0305 0.0388 0.1001 0.0014 
        040s  1 0.0007 0.5309 0.0026 0.0042 0.1131 0.3341 0.0138 0.0006 
        041s  1 0.0034 0.8296 0.0035 0.0005 0.0075 0.1471 0.0076 0.0009 
        042s  1 0.0690 0.4503 0.0772 0.0007 0.0536 0.3200 0.0282 0.0010 
        043s  1 0.0064 0.0068 0.0006 0.0013 0.7729 0.0142 0.1959 0.0020 
        044s  1 0.0769 0.6175 0.0108 0.0154 0.1848 0.0097 0.0829 0.0018 
        045s  1 0.0089 0.9607 0.0009 0.0022 0.0027 0.0156 0.0077 0.0012 
        046s  1 0.0019 0.8261 0.0010 0.0003 0.0188 0.1458 0.0033 0.0028 
        047s  1 0.0009 0.9518 0.0065 0.0003 0.0057 0.0127 0.0199 0.0021 
        048s  1 0.0467 0.4194 0.0008 0.0003 0.5255 0.0020 0.0045 0.0007 
        049s  1 0.0003 0.0311 0.0006 0.0018 0.9071 0.0509 0.0075 0.0007 
        050s  1 0.0984 0.8189 0.0004 0.0041 0.0710 0.0029 0.0037 0.0005 
        051s  1 0.0005 0.7124 0.0014 0.0007 0.0123 0.2413 0.0059 0.0255 
        052s  1 0.0034 0.2617 0.0016 0.0060 0.0110 0.5418 0.1628 0.0117 
        053s  1 0.0017 0.7608 0.0008 0.0005 0.0034 0.2291 0.0033 0.0004 
        054s  1 0.0003 0.9692 0.0015 0.0026 0.0041 0.0098 0.0100 0.0026 
        055s  1 0.0661 0.5567 0.0701 0.0013 0.0019 0.2888 0.0128 0.0023 
          01  2 0.1123 0.5805 0.0020 0.0023 0.0199 0.2452 0.0157 0.0221 
          02  2 0.0090 0.4879 0.0009 0.0015 0.0080 0.4250 0.0658 0.0019 
          03  2 0.0019 0.9168 0.0013 0.0010 0.0074 0.0191 0.0519 0.0006 
          04  2 0.0027 0.4906 0.0200 0.0169 0.0620 0.0744 0.3320 0.0015 
          05  2 0.1084 0.0082 0.0007 0.0005 0.7015 0.0113 0.1691 0.0003 
          06  2 0.0305 0.9065 0.0008 0.0013 0.0043 0.0077 0.0484 0.0006 
          07  2 0.0071 0.8041 0.0006 0.0032 0.1606 0.0190 0.0043 0.0011 
          08  2 0.0796 0.0155 0.0013 0.0005 0.7474 0.0270 0.1274 0.0012 
          09  2 0.0007 0.8905 0.0003 0.0006 0.0721 0.0171 0.0051 0.0136 
          10  2 0.0028 0.9354 0.0006 0.0006 0.0097 0.0196 0.0305 0.0008 
          11  2 0.0169 0.9199 0.0029 0.0012 0.0374 0.0049 0.0061 0.0107 
          12  2 0.0009 0.6826 0.0007 0.0010 0.0403 0.2297 0.0434 0.0014 
          13  2 0.0004 0.8066 0.0006 0.0004 0.1840 0.0047 0.0024 0.0008 
          14  2 0.0004 0.6266 0.0247 0.0088 0.3293 0.0033 0.0040 0.0031 
          15  2 0.0004 0.6189 0.0020 0.0009 0.3430 0.0284 0.0043 0.0020 
          16  2 0.0008 0.5090 0.0058 0.0548 0.0053 0.4163 0.0011 0.0069 
          17  2 0.0040 0.7024 0.0019 0.0008 0.0403 0.1161 0.1337 0.0007 
          18  2 0.0144 0.8738 0.0010 0.0039 0.0026 0.0787 0.0238 0.0019 
          19  2 0.0018 0.9504 0.0046 0.0005 0.0103 0.0071 0.0232 0.0021 
          20  2 0.0233 0.1462 0.0043 0.0038 0.0059 0.8126 0.0027 0.0014 
          21  2 0.0020 0.8041 0.0008 0.0007 0.0116 0.1606 0.0012 0.0192 
          22  2 0.0020 0.7856 0.0084 0.0056 0.0036 0.0172 0.1694 0.0083 
          23  2 0.0012 0.9253 0.0020 0.0020 0.0031 0.0200 0.0456 0.0009 
          24  2 0.0006 0.9692 0.0009 0.0006 0.0031 0.0099 0.0142 0.0014 
          25  2 0.0040 0.8129 0.0010 0.0293 0.1388 0.0090 0.0031 0.0019 
          26  2 0.0005 0.0016 0.0003 0.0003 0.9940 0.0016 0.0007 0.0009 
          27  2 0.0010 0.9221 0.0029 0.0302 0.0350 0.0032 0.0040 0.0016 
          28  2 0.0020 0.8624 0.0050 0.0002 0.0959 0.0186 0.0146 0.0014 
          29  2 0.0012 0.9487 0.0004 0.0011 0.0092 0.0245 0.0137 0.0012 
          30  2 0.1358 0.1169 0.0744 0.0005 0.0056 0.6566 0.0026 0.0076 
          01  3 0.3021 0.0110 0.0100 0.1144 0.0618 0.2738 0.2264 0.0006 
          02  3 0.2437 0.0083 0.0014 0.3736 0.0026 0.1686 0.1334 0.0684 
          03  3 0.2509 0.2264 0.0015 0.2647 0.0028 0.1701 0.0827 0.0010 
          04  3 0.3622 0.0150 0.0018 0.2686 0.0241 0.0985 0.2291 0.0008 
          05  3 0.2787 0.0006 0.1189 0.3341 0.0007 0.0445 0.1086 0.1140 
          06  3 0.3075 0.0208 0.0012 0.4014 0.0004 0.0830 0.1854 0.0004 
          07  3 0.3062 0.1323 0.0004 0.2125 0.0316 0.2173 0.0984 0.0012 
          08  3 0.3034 0.1209 0.0045 0.2668 0.0007 0.0511 0.2497 0.0029 
          09  3 0.3586 0.0928 0.0015 0.2242 0.0007 0.2167 0.1053 0.0002 
          10  3 0.1267 0.0036 0.1243 0.3457 0.0131 0.0644 0.1072 0.2150 
          11  3 0.3299 0.0890 0.0003 0.2482 0.0231 0.1287 0.1803 0.0006 
          12  3 0.3332 0.0882 0.0003 0.2575 0.0444 0.1701 0.1060 0.0003 
          13  3 0.3392 0.0011 0.0003 0.4207 0.0027 0.0570 0.1626 0.0165 
          14  3 0.2460 0.0036 0.1526 0.3840 0.0025 0.0446 0.1244 0.0422 
          15  3 0.3047 0.0181 0.0021 0.2152 0.0474 0.1637 0.2485 0.0004 
          16  3 0.1866 0.0147 0.0044 0.4662 0.0301 0.0632 0.2307 0.0041 
          17  3 0.3635 0.0545 0.0008 0.1382 0.0021 0.2875 0.1521 0.0012 
          18  3 0.1469 0.0069 0.2784 0.2808 0.0020 0.0317 0.0887 0.1647 
          19  3 0.2471 0.0119 0.0101 0.3603 0.0008 0.0968 0.2727 0.0003 
          20  3 0.3509 0.0018 0.0503 0.2285 0.0014 0.1460 0.2206 0.0004 
          21  3 0.2586 0.1004 0.0035 0.2722 0.0010 0.0445 0.3184 0.0013 
          22  3 0.3860 0.0005 0.0009 0.1697 0.0119 0.2056 0.2252 0.0003 
          23  3 0.3093 0.0662 0.0009 0.2664 0.0016 0.0709 0.2843 0.0005 
          24  3 0.4089 0.0044 0.0016 0.2175 0.0075 0.0668 0.1277 0.1656 
          25  3 0.2229 0.0006 0.1317 0.2204 0.0007 0.0313 0.1442 0.2482 
          26  3 0.3499 0.0324 0.0005 0.2766 0.0137 0.1651 0.1616 0.0004 
          27  3 0.1713 0.0254 0.1754 0.2832 0.0071 0.0503 0.1547 0.1325 
          28  3 0.3263 0.0061 0.0002 0.3528 0.0292 0.0568 0.2263 0.0022 
          29  3 0.3002 0.0387 0.0141 0.3188 0.0077 0.0929 0.2209 0.0067 
          30  3 0.3444 0.0197 0.0003 0.1667 0.0274 0.1490 0.2913 0.0011 
         001  4 0.9992 0.0001 0.0001 0.0001 0.0001 0.0001 0.0001 0.0001 
         002  4 0.9968 0.0003 0.0002 0.0005 0.0004 0.0009 0.0006 0.0003 
         003  4 0.9992 0.0001 0.0001 0.0001 0.0001 0.0001 0.0001 0.0001 
         004  4 0.9991 0.0001 0.0001 0.0003 0.0001 0.0001 0.0001 0.0001 
         005  4 0.9986 0.0001 0.0002 0.0003 0.0002 0.0002 0.0001 0.0003 
         006  4 0.9042 0.0007 0.0004 0.0698 0.0009 0.0070 0.0167 0.0003 
         007  4 0.9185 0.0016 0.0007 0.0550 0.0116 0.0120 0.0003 0.0002 
         008  4 0.9868 0.0006 0.0061 0.0010 0.0011 0.0008 0.0008 0.0028 
         009  4 0.9989 0.0001 0.0001 0.0002 0.0002 0.0001 0.0001 0.0002 
         010  4 0.9838 0.0001 0.0001 0.0157 0.0001 0.0001 0.0001 0.0001 
         011  4 0.9344 0.0013 0.0293 0.0320 0.0012 0.0005 0.0010 0.0004 
         012  4 0.9993 0.0001 0.0001 0.0001 0.0001 0.0001 0.0001 0.0001 
         013  4 0.9993 0.0001 0.0001 0.0001 0.0001 0.0001 0.0001 0.0001 
         014  4 0.9975 0.0002 0.0002 0.0002 0.0002 0.0014 0.0003 0.0001 
         015  4 0.9968 0.0001 0.0001 0.0001 0.0001 0.0027 0.0001 0.0001 
         016  4 0.9991 0.0001 0.0001 0.0002 0.0001 0.0001 0.0001 0.0001 
         017  4 0.9955 0.0002 0.0001 0.0002 0.0001 0.0035 0.0004 0.0001 
         019  4 0.9009 0.0005 0.0008 0.0923 0.0004 0.0010 0.0036 0.0005 
         020  4 0.9985 0.0002 0.0001 0.0002 0.0004 0.0001 0.0002 0.0003 
         021  4 0.9706 0.0004 0.0005 0.0264 0.0004 0.0008 0.0004 0.0005 
         001  5 0.9462 0.0007 0.0333 0.0005 0.0008 0.0102 0.0067 0.0016 
         002  5 0.9402 0.0108 0.0023 0.0003 0.0257 0.0022 0.0175 0.0011 
         003  5 0.7092 0.0192 0.0030 0.0549 0.0020 0.1701 0.0411 0.0003 
         004  5 0.9246 0.0311 0.0022 0.0005 0.0138 0.0243 0.0031 0.0003 
         005  5 0.9631 0.0004 0.0007 0.0017 0.0004 0.0043 0.0292 0.0003 
         006  5 0.8517 0.0008 0.0002 0.0729 0.0004 0.0049 0.0685 0.0005 
         007  5 0.8824 0.0005 0.0003 0.0761 0.0004 0.0041 0.0359 0.0004 
         008  5 0.9526 0.0002 0.0002 0.0050 0.0002 0.0038 0.0377 0.0004 
         009  5 0.9102 0.0132 0.0011 0.0055 0.0089 0.0450 0.0158 0.0004 
         010  5 0.8882 0.0037 0.0028 0.0515 0.0020 0.0014 0.0498 0.0005 
         011  5 0.9538 0.0018 0.0061 0.0006 0.0009 0.0054 0.0312 0.0003 
         012  5 0.8454 0.0036 0.0018 0.0776 0.0088 0.0477 0.0141 0.0010 
         013  5 0.7142 0.0599 0.0012 0.0268 0.0020 0.0690 0.1263 0.0007 
         014  5 0.6816 0.0093 0.0140 0.0826 0.0335 0.1313 0.0301 0.0176 
         015  5 0.9465 0.0002 0.0002 0.0294 0.0002 0.0029 0.0202 0.0003 
         016  5 0.9044 0.0015 0.0004 0.0536 0.0016 0.0192 0.0186 0.0007 
         017  5 0.8423 0.0162 0.0003 0.0695 0.0047 0.0302 0.0346 0.0022 
         018  5 0.8267 0.0065 0.0126 0.0177 0.0017 0.0714 0.0500 0.0133 
         019  5 0.9782 0.0006 0.0023 0.0003 0.0004 0.0074 0.0007 0.0101 
         020  5 0.9985 0.0002 0.0001 0.0002 0.0002 0.0002 0.0004 0.0002 
         021  5 0.8452 0.0892 0.0049 0.0006 0.0028 0.0551 0.0018 0.0004 
         022  5 0.8925 0.0015 0.0065 0.0063 0.0008 0.0905 0.0008 0.0011 
         023  5 0.9301 0.0014 0.0023 0.0170 0.0008 0.0152 0.0326 0.0006 
         024  5 0.8728 0.0032 0.0008 0.0659 0.0096 0.0436 0.0037 0.0004 
         025  5 0.8622 0.0181 0.0007 0.0661 0.0077 0.0263 0.0177 0.0012 
         026  5 0.8093 0.0178 0.0003 0.0092 0.0007 0.1534 0.0090 0.0003 
         027  5 0.9980 0.0003 0.0002 0.0007 0.0003 0.0003 0.0002 0.0002 
         028  5 0.8991 0.0076 0.0070 0.0454 0.0019 0.0313 0.0070 0.0007 
         029  5 0.9724 0.0005 0.0004 0.0035 0.0007 0.0079 0.0143 0.0004 
         030  5 0.9650 0.0018 0.0013 0.0012 0.0010 0.0070 0.0153 0.0074 
        001s  6 0.0018 0.7263 0.0219 0.0220 0.2153 0.0039 0.0079 0.0008 
        002s  6 0.0323 0.8974 0.0012 0.0005 0.0029 0.0287 0.0148 0.0224 
        003s  6 0.0129 0.3391 0.0023 0.0006 0.2480 0.3566 0.0399 0.0006 
        004s  6 0.0007 0.7332 0.0007 0.0003 0.0208 0.2015 0.0421 0.0007 
        006s  6 0.0311 0.3049 0.0069 0.0194 0.0078 0.6216 0.0059 0.0024 
        007s  6 0.0007 0.9169 0.0006 0.0034 0.0036 0.0469 0.0267 0.0011 
        008s  6 0.0043 0.8213 0.0048 0.0007 0.0152 0.0594 0.0883 0.0061 
        009s  6 0.0003 0.7968 0.0008 0.0006 0.0095 0.1612 0.0295 0.0011 
        010s  6 0.0175 0.9241 0.0138 0.0099 0.0022 0.0049 0.0158 0.0117 
        011s  6 0.0006 0.8047 0.0016 0.0017 0.0024 0.0659 0.1227 0.0004 
        012s  6 0.0005 0.8981 0.0014 0.0049 0.0064 0.0836 0.0023 0.0028 
        013s  6 0.0011 0.8973 0.0004 0.0008 0.0076 0.0748 0.0171 0.0008 
        014s  6 0.0678 0.5291 0.0003 0.0003 0.3816 0.0140 0.0065 0.0003 
        015s  6 0.0102 0.6922 0.0069 0.0105 0.0033 0.1112 0.1647 0.0011 
        016s  6 0.0005 0.8294 0.0013 0.0008 0.1567 0.0089 0.0015 0.0008 
        018s  6 0.2435 0.5978 0.0020 0.0021 0.0037 0.1190 0.0313 0.0006 
        019s  6 0.0045 0.5585 0.0039 0.0020 0.1467 0.0048 0.2787 0.0010 
        020s  6 0.0004 0.8674 0.0009 0.0011 0.0404 0.0048 0.0841 0.0011 
        021s  6 0.0019 0.9118 0.0047 0.0137 0.0043 0.0332 0.0288 0.0017 
        022s  6 0.0015 0.8207 0.0044 0.0002 0.0625 0.0531 0.0569 0.0005 
        023s  6 0.0182 0.1277 0.0012 0.0006 0.5329 0.0583 0.2607 0.0005 
        024s  6 0.0460 0.9004 0.0011 0.0030 0.0120 0.0033 0.0321 0.0021 
        025s  6 0.0036 0.8543 0.0671 0.0007 0.0188 0.0308 0.0241 0.0007 
        026s  6 0.0005 0.8877 0.0005 0.0007 0.0136 0.0919 0.0033 0.0019 
        027s  6 0.0011 0.5797 0.0006 0.0005 0.0150 0.3992 0.0028 0.0011 
        028s  6 0.0137 0.8505 0.0076 0.0073 0.0014 0.0696 0.0043 0.0457 
        029s  6 0.0005 0.9183 0.0014 0.0004 0.0025 0.0282 0.0467 0.0018 
        030s  6 0.0672 0.8453 0.0095 0.0007 0.0039 0.0298 0.0410 0.0025 
        031s  6 0.0024 0.3052 0.0007 0.0039 0.6384 0.0317 0.0172 0.0006 
        032s  6 0.0046 0.7297 0.0011 0.0014 0.0148 0.2301 0.0179 0.0004 
        033s  6 0.0800 0.7991 0.0012 0.0003 0.0034 0.1135 0.0019 0.0006 
        034s  6 0.0025 0.7591 0.0169 0.0041 0.0087 0.1945 0.0137 0.0006 
        035s  6 0.1245 0.0022 0.0010 0.0006 0.7863 0.0830 0.0013 0.0011 
        036s  6 0.0008 0.9629 0.0021 0.0051 0.0064 0.0135 0.0087 0.0005 
        037s  6 0.0011 0.9642 0.0020 0.0010 0.0080 0.0167 0.0046 0.0024 
        038s  6 0.0004 0.7917 0.0011 0.0033 0.1760 0.0219 0.0035 0.0020 
        039s  6 0.0004 0.8340 0.0006 0.0004 0.0073 0.1132 0.0431 0.0009 
        040s  6 0.0005 0.4940 0.0007 0.0036 0.2505 0.0786 0.1714 0.0007 
        041s  6 0.0471 0.0355 0.0047 0.0002 0.6178 0.2628 0.0263 0.0055 
        042s  6 0.0114 0.9065 0.0535 0.0010 0.0079 0.0136 0.0019 0.0043 
        043s  6 0.0011 0.9377 0.0082 0.0012 0.0047 0.0180 0.0288 0.0004 
        044s  6 0.0012 0.7459 0.0011 0.0003 0.1943 0.0486 0.0033 0.0052 
        045s  6 0.0043 0.7607 0.0028 0.0005 0.0288 0.1977 0.0043 0.0008 
        001s  7 0.0014 0.0906 0.0023 0.0006 0.8654 0.0081 0.0311 0.0004 
        002s  7 0.0158 0.4438 0.0025 0.0016 0.4785 0.0370 0.0193 0.0015 
        003s  7 0.0012 0.0066 0.0012 0.0026 0.7679 0.2180 0.0014 0.0011 
        004s  7 0.0011 0.9483 0.0010 0.0049 0.0268 0.0130 0.0034 0.0016 
        005s  7 0.0157 0.8895 0.0022 0.0029 0.0215 0.0456 0.0220 0.0007 
        006s  7 0.0550 0.4285 0.0049 0.0014 0.0021 0.4850 0.0223 0.0006 
        007s  7 0.0063 0.5810 0.0024 0.0079 0.0077 0.3728 0.0035 0.0185 
        008s  7 0.0164 0.0073 0.0019 0.0005 0.9495 0.0089 0.0115 0.0041 
        009s  7 0.0020 0.6030 0.0103 0.0023 0.0214 0.3587 0.0014 0.0008 
        010s  7 0.0016 0.0051 0.0018 0.0002 0.9827 0.0037 0.0034 0.0015 
        011s  7 0.0006 0.9668 0.0012 0.0005 0.0122 0.0133 0.0042 0.0011 
        012s  7 0.0007 0.9132 0.0009 0.0010 0.0051 0.0452 0.0333 0.0006 
        013s  7 0.0005 0.7474 0.0052 0.0089 0.0117 0.2043 0.0212 0.0007 
        014s  7 0.0433 0.2161 0.0005 0.0009 0.6053 0.1308 0.0024 0.0008 
        015s  7 0.0101 0.3255 0.0006 0.0012 0.0117 0.6459 0.0036 0.0013 
        016s  7 0.0913 0.0014 0.0024 0.0003 0.9027 0.0008 0.0008 0.0004 
        017s  7 0.0020 0.9317 0.0009 0.0011 0.0444 0.0157 0.0037 0.0004 
        018s  7 0.0018 0.5262 0.0010 0.0006 0.0034 0.0114 0.4486 0.0069 
        019s  7 0.0008 0.2422 0.0059 0.0015 0.0136 0.7252 0.0090 0.0019 
        020s  7 0.0008 0.8484 0.0006 0.0015 0.0347 0.1096 0.0038 0.0005 
        021s  7 0.0024 0.9801 0.0008 0.0007 0.0076 0.0039 0.0030 0.0016 
        022s  7 0.0036 0.9245 0.0008 0.0031 0.0045 0.0512 0.0120 0.0003 
        023s  7 0.0055 0.4537 0.0129 0.0011 0.0165 0.4854 0.0234 0.0015 
        024s  7 0.0020 0.9212 0.0009 0.0007 0.0040 0.0136 0.0546 0.0030 
        025s  7 0.0008 0.7289 0.0010 0.0046 0.0065 0.2441 0.0128 0.0014 
        026s  7 0.0035 0.0291 0.0019 0.0003 0.9442 0.0080 0.0116 0.0014 
        027s  7 0.0014 0.4940 0.0005 0.0012 0.4868 0.0096 0.0042 0.0023 
        028s  7 0.0064 0.7177 0.0004 0.0007 0.0040 0.0239 0.2465 0.0003 
        029s  7 0.0047 0.2806 0.0020 0.0012 0.0465 0.6588 0.0054 0.0007 
        030s  7 0.0004 0.5584 0.0057 0.0009 0.2107 0.2079 0.0081 0.0079 
        031s  7 0.0024 0.8046 0.0196 0.0015 0.0329 0.0322 0.1061 0.0007 
        032s  7 0.0968 0.8757 0.0005 0.0004 0.0028 0.0062 0.0123 0.0054 
        033s  7 0.0389 0.9395 0.0013 0.0008 0.0060 0.0061 0.0033 0.0042 
        034s  7 0.0011 0.1937 0.0009 0.0245 0.0023 0.7712 0.0049 0.0014 
        035s  7 0.0004 0.9539 0.0012 0.0005 0.0047 0.0360 0.0024 0.0008 
        036s  7 0.0006 0.9013 0.0077 0.0051 0.0741 0.0087 0.0014 0.0010 
        037s  7 0.0381 0.6508 0.0056 0.0063 0.0135 0.0225 0.2618 0.0012 
        038s  7 0.0083 0.5593 0.0018 0.0006 0.0026 0.2113 0.2150 0.0011 
        039s  7 0.0005 0.4242 0.0003 0.0002 0.2835 0.0184 0.2724 0.0003 
        040s  7 0.0048 0.0011 0.0011 0.0340 0.9529 0.0044 0.0012 0.0005 
        041s  7 0.0238 0.7920 0.0017 0.0006 0.1660 0.0033 0.0097 0.0028 
        042s  7 0.0049 0.0062 0.0004 0.0010 0.8755 0.1096 0.0020 0.0005 
        043s  7 0.0020 0.9520 0.0049 0.0002 0.0160 0.0184 0.0056 0.0009 
        044s  7 0.0304 0.6271 0.0266 0.0080 0.0028 0.2927 0.0105 0.0019 
         003  8 0.0057 0.9616 0.0010 0.0017 0.0053 0.0050 0.0076 0.0122 
         009  8 0.0018 0.9590 0.0015 0.0007 0.0113 0.0234 0.0016 0.0007 
         010  8 0.0004 0.8847 0.0031 0.0003 0.0195 0.0558 0.0357 0.0006 
         017  8 0.0008 0.9360 0.0043 0.0007 0.0048 0.0383 0.0138 0.0013 
         002  9 0.0004 0.9285 0.0016 0.0009 0.0269 0.0254 0.0156 0.0006 
         003  9 0.0002 0.9457 0.0004 0.0005 0.0088 0.0383 0.0057 0.0004 
         004  9 0.0005 0.9638 0.0016 0.0003 0.0107 0.0212 0.0014 0.0005 
         005  9 0.0006 0.9742 0.0056 0.0009 0.0043 0.0041 0.0087 0.0017 
         006  9 0.0010 0.9538 0.0016 0.0008 0.0039 0.0363 0.0020 0.0007 
         007  9 0.0059 0.9732 0.0014 0.0006 0.0056 0.0079 0.0042 0.0012 
         009  9 0.0016 0.9656 0.0026 0.0003 0.0186 0.0068 0.0032 0.0013 
         010  9 0.0005 0.9618 0.0015 0.0006 0.0040 0.0042 0.0257 0.0017 
         013  9 0.0017 0.9551 0.0024 0.0013 0.0187 0.0124 0.0080 0.0004 
         014  9 0.0005 0.9301 0.0025 0.0004 0.0154 0.0214 0.0244 0.0053 
         016  9 0.0002 0.9858 0.0009 0.0002 0.0047 0.0043 0.0025 0.0014 
         018  9 0.0009 0.8969 0.0019 0.0011 0.0034 0.0222 0.0659 0.0076 
         019  9 0.0007 0.9767 0.0006 0.0009 0.0037 0.0103 0.0022 0.0049 
         020  9 0.0003 0.9857 0.0006 0.0004 0.0014 0.0044 0.0068 0.0004 
         021  9 0.0006 0.8663 0.0010 0.0003 0.0043 0.0270 0.1002 0.0005 
         022  9 0.0004 0.8993 0.0008 0.0003 0.0060 0.0037 0.0882 0.0013 
         024  9 0.0006 0.9725 0.0046 0.0004 0.0076 0.0057 0.0059 0.0027 
         028  9 0.0009 0.9246 0.0016 0.0013 0.0044 0.0329 0.0337 0.0006 
         029  9 0.0004 0.9685 0.0006 0.0005 0.0097 0.0070 0.0115 0.0018 
         030  9 0.0005 0.9483 0.0013 0.0005 0.0041 0.0088 0.0351 0.0016 
         031  9 0.0025 0.8683 0.0004 0.0004 0.0240 0.0999 0.0035 0.0010 
         033  9 0.0073 0.9714 0.0013 0.0004 0.0107 0.0056 0.0024 0.0009 
         001 10 0.0005 0.9807 0.0003 0.0009 0.0067 0.0052 0.0045 0.0012 
         002 10 0.0004 0.9818 0.0007 0.0003 0.0068 0.0045 0.0040 0.0015 
         003 10 0.0004 0.9712 0.0111 0.0010 0.0035 0.0027 0.0093 0.0007 
         004 10 0.0003 0.7903 0.0034 0.0003 0.1332 0.0667 0.0048 0.0010 
         005 10 0.0006 0.9686 0.0010 0.0006 0.0059 0.0150 0.0060 0.0023 
         006 10 0.0014 0.9475 0.0007 0.0004 0.0036 0.0445 0.0011 0.0007 
         007 10 0.0004 0.9812 0.0036 0.0003 0.0063 0.0065 0.0013 0.0004 
         008 10 0.0010 0.9634 0.0044 0.0007 0.0035 0.0032 0.0229 0.0009 
         009 10 0.0006 0.9539 0.0004 0.0018 0.0074 0.0243 0.0065 0.0051 
         010 10 0.0008 0.9649 0.0009 0.0005 0.0221 0.0053 0.0024 0.0032 
         011 10 0.0006 0.8913 0.0343 0.0008 0.0030 0.0631 0.0062 0.0006 
         012 10 0.0010 0.9711 0.0030 0.0016 0.0040 0.0144 0.0044 0.0006 
         013 10 0.0004 0.9730 0.0010 0.0023 0.0036 0.0069 0.0120 0.0008 
         014 10 0.0006 0.7459 0.0014 0.0017 0.2368 0.0090 0.0037 0.0008 
         016 10 0.0006 0.9686 0.0008 0.0012 0.0052 0.0147 0.0067 0.0020 
         017 10 0.0012 0.8236 0.0008 0.0007 0.0054 0.1099 0.0569 0.0016 
         018 10 0.0089 0.9691 0.0008 0.0004 0.0026 0.0123 0.0033 0.0026 
         019 10 0.0006 0.9748 0.0013 0.0006 0.0025 0.0120 0.0030 0.0052 
         020 10 0.0013 0.9593 0.0013 0.0010 0.0160 0.0056 0.0080 0.0074 
         021 10 0.0012 0.9403 0.0005 0.0005 0.0456 0.0072 0.0016 0.0031 
         022 10 0.0003 0.9280 0.0010 0.0008 0.0579 0.0029 0.0087 0.0004 
         023 10 0.0003 0.9724 0.0013 0.0006 0.0049 0.0053 0.0147 0.0005 
         024 10 0.0005 0.9838 0.0024 0.0002 0.0041 0.0057 0.0021 0.0012 
         026 10 0.0005 0.9443 0.0006 0.0004 0.0017 0.0087 0.0431 0.0007 
        001s 11 0.0782 0.0032 0.0135 0.0008 0.4298 0.3940 0.0793 0.0012 
        002s 11 0.0007 0.9495 0.0024 0.0088 0.0199 0.0111 0.0030 0.0046 
        003s 11 0.0072 0.7015 0.0005 0.0005 0.0094 0.1015 0.1777 0.0018 
        004s 11 0.0006 0.9306 0.0012 0.0017 0.0186 0.0153 0.0317 0.0003 
        005s 11 0.0017 0.7684 0.0008 0.0007 0.0924 0.1100 0.0200 0.0060 
        006s 11 0.0013 0.9397 0.0030 0.0077 0.0229 0.0121 0.0111 0.0022 
        007s 11 0.0078 0.2946 0.0014 0.0309 0.2126 0.4471 0.0032 0.0023 
        008s 11 0.0004 0.1479 0.0004 0.0004 0.0036 0.8436 0.0030 0.0007 
        009s 11 0.0004 0.9553 0.0005 0.0005 0.0027 0.0054 0.0192 0.0160 
        010s 11 0.0013 0.8037 0.0012 0.0004 0.1849 0.0067 0.0010 0.0008 
        011s 11 0.1033 0.0113 0.0175 0.0075 0.7820 0.0648 0.0131 0.0005 
        012s 11 0.0972 0.5354 0.0007 0.0004 0.0164 0.0387 0.3100 0.0011 
        013s 11 0.0014 0.4950 0.0014 0.0005 0.3114 0.1631 0.0268 0.0004 
        014s 11 0.0040 0.0977 0.0014 0.0080 0.7766 0.0335 0.0766 0.0022 
        015s 11 0.0029 0.9248 0.0034 0.0017 0.0304 0.0303 0.0050 0.0015 
        016s 11 0.0497 0.6142 0.0519 0.0005 0.2642 0.0063 0.0025 0.0107 
        017s 11 0.0816 0.4325 0.0040 0.0006 0.0146 0.0157 0.4501 0.0009 
        018s 11 0.0050 0.0074 0.0013 0.0013 0.8184 0.1529 0.0120 0.0016 
        019s 11 0.0011 0.9219 0.0257 0.0008 0.0036 0.0389 0.0074 0.0004 
        020s 11 0.0014 0.2559 0.0017 0.0018 0.6635 0.0696 0.0039 0.0022 
        021s 11 0.0006 0.9664 0.0019 0.0006 0.0042 0.0169 0.0088 0.0006 
        022s 11 0.0019 0.7647 0.0005 0.0306 0.0131 0.1161 0.0717 0.0015 
        023s 11 0.0188 0.0068 0.0183 0.0004 0.6081 0.3385 0.0087 0.0005 
        025s 11 0.0005 0.9806 0.0011 0.0005 0.0075 0.0051 0.0044 0.0003 
        026s 11 0.0206 0.3453 0.0520 0.0009 0.0038 0.5752 0.0016 0.0006 
        027s 11 0.0008 0.9342 0.0006 0.0027 0.0078 0.0419 0.0113 0.0007 
        028s 11 0.0077 0.9581 0.0016 0.0013 0.0047 0.0081 0.0179 0.0005 
        029s 11 0.0431 0.9041 0.0003 0.0004 0.0016 0.0225 0.0263 0.0018 
        030s 11 0.0255 0.2158 0.0017 0.0015 0.0051 0.5531 0.1961 0.0013 
        031s 11 0.0004 0.9136 0.0004 0.0020 0.0084 0.0574 0.0170 0.0009 
        032s 11 0.0017 0.8543 0.0034 0.0004 0.0968 0.0279 0.0141 0.0014 
        033s 11 0.0035 0.3742 0.0011 0.0005 0.1694 0.4366 0.0134 0.0014 
        034s 11 0.0014 0.0167 0.0004 0.0035 0.8219 0.1525 0.0032 0.0004 
        035s 11 0.0035 0.4348 0.0003 0.0018 0.5521 0.0030 0.0020 0.0026 
        036s 11 0.0167 0.5325 0.0004 0.0018 0.0057 0.0649 0.3761 0.0019 
        037s 11 0.0019 0.0124 0.0021 0.0006 0.8559 0.0106 0.1146 0.0019 
        038s 11 0.0024 0.5934 0.0009 0.0008 0.2768 0.0182 0.1062 0.0013 
        039s 11 0.0028 0.9632 0.0008 0.0004 0.0069 0.0165 0.0087 0.0007 
        040s 11 0.0585 0.7352 0.0008 0.0032 0.0041 0.0091 0.1881 0.0009 
        041s 11 0.0013 0.9383 0.0038 0.0015 0.0048 0.0218 0.0070 0.0215 
        042s 11 0.0007 0.1738 0.0125 0.0010 0.4320 0.2868 0.0923 0.0009 
        043s 11 0.0235 0.9185 0.0224 0.0006 0.0070 0.0110 0.0163 0.0007 
        044s 11 0.0005 0.8668 0.0059 0.0066 0.0581 0.0424 0.0187 0.0011 
        045s 11 0.0007 0.9149 0.0105 0.0024 0.0145 0.0106 0.0461 0.0004 
        046s 11 0.0204 0.0612 0.0348 0.0023 0.6535 0.0436 0.1828 0.0014 
        047s 11 0.0007 0.7878 0.0015 0.0019 0.0021 0.0405 0.1649 0.0007 
        048s 11 0.0038 0.9376 0.0281 0.0017 0.0056 0.0155 0.0056 0.0021 
        049s 11 0.0016 0.7229 0.0010 0.0006 0.0042 0.2473 0.0209 0.0015 
        050s 11 0.0005 0.9041 0.0011 0.0030 0.0053 0.0836 0.0020 0.0005 
        051s 11 0.0005 0.7831 0.0532 0.0289 0.0628 0.0686 0.0023 0.0006 
        052s 11 0.0031 0.1382 0.0041 0.0040 0.7981 0.0037 0.0471 0.0016 
        053s 11 0.0006 0.9322 0.0010 0.0004 0.0155 0.0462 0.0025 0.0016 
        054s 11 0.0011 0.6823 0.0004 0.0067 0.0120 0.2872 0.0098 0.0006 
        055s 11 0.0385 0.0793 0.0004 0.0018 0.8342 0.0085 0.0368 0.0004 
        001s 12 0.0023 0.9396 0.0009 0.0065 0.0248 0.0191 0.0053 0.0014 
        002s 12 0.0016 0.9863 0.0008 0.0006 0.0019 0.0050 0.0017 0.0020 
        003s 12 0.0005 0.9240 0.0003 0.0010 0.0185 0.0508 0.0039 0.0010 
        004s 12 0.0628 0.7818 0.0077 0.0006 0.0064 0.0184 0.1182 0.0042 
        005s 12 0.0005 0.3376 0.0016 0.0006 0.5980 0.0381 0.0226 0.0011 
        006s 12 0.0349 0.8058 0.0012 0.0037 0.0146 0.0120 0.1270 0.0008 
        007s 12 0.0015 0.9738 0.0020 0.0019 0.0042 0.0095 0.0032 0.0040 
        008s 12 0.0086 0.9392 0.0006 0.0011 0.0100 0.0044 0.0356 0.0005 
        009s 12 0.0068 0.1447 0.0063 0.0013 0.0065 0.8113 0.0073 0.0158 
        010s 12 0.0067 0.8471 0.0006 0.0301 0.0636 0.0136 0.0373 0.0009 
        011s 12 0.0008 0.3286 0.0008 0.0024 0.0112 0.6502 0.0042 0.0017 
        012s 12 0.0009 0.2934 0.0056 0.0056 0.0022 0.5793 0.1123 0.0007 
        013s 12 0.0011 0.8518 0.0378 0.0005 0.0019 0.0185 0.0873 0.0011 
        014s 12 0.0024 0.0138 0.0499 0.0427 0.5926 0.2894 0.0032 0.0059 
        015s 12 0.0065 0.9282 0.0009 0.0009 0.0039 0.0552 0.0025 0.0017 
        016s 12 0.0008 0.7422 0.0048 0.0006 0.0060 0.1672 0.0779 0.0005 
        017s 12 0.0044 0.9156 0.0016 0.0015 0.0452 0.0165 0.0149 0.0004 
        018s 12 0.0024 0.4686 0.0017 0.0003 0.0105 0.2226 0.2901 0.0039 
        019s 12 0.0053 0.9378 0.0006 0.0006 0.0458 0.0037 0.0026 0.0035 
        020s 12 0.0775 0.8942 0.0010 0.0005 0.0105 0.0071 0.0088 0.0003 
        021s 12 0.0049 0.7602 0.0038 0.0006 0.0067 0.0724 0.1509 0.0004 
        022s 12 0.0374 0.8882 0.0037 0.0009 0.0319 0.0131 0.0221 0.0027 
        023s 12 0.0007 0.9069 0.0012 0.0005 0.0165 0.0662 0.0067 0.0013 
        024s 12 0.0007 0.4261 0.0005 0.0004 0.4219 0.0022 0.1477 0.0005 
        025s 12 0.0029 0.9244 0.0010 0.0023 0.0122 0.0413 0.0100 0.0057 
        026s 12 0.0289 0.7302 0.0010 0.0010 0.0873 0.1301 0.0037 0.0178 
        027s 12 0.0024 0.9683 0.0006 0.0005 0.0051 0.0184 0.0042 0.0005 
        028s 12 0.0017 0.0123 0.0065 0.0005 0.9389 0.0181 0.0016 0.0204 
        029s 12 0.0007 0.6523 0.0010 0.0008 0.3120 0.0306 0.0022 0.0004 
        030s 12 0.0009 0.9190 0.0006 0.0017 0.0077 0.0636 0.0059 0.0006 
        031s 12 0.0042 0.6339 0.0024 0.0009 0.0037 0.3408 0.0130 0.0012 
        032s 12 0.0006 0.1049 0.0013 0.0010 0.7967 0.0772 0.0090 0.0093 
        033s 12 0.0014 0.9369 0.0005 0.0069 0.0170 0.0316 0.0050 0.0006 
        034s 12 0.0004 0.1506 0.0004 0.0005 0.8409 0.0040 0.0024 0.0007 
        035s 12 0.0164 0.8759 0.0005 0.0007 0.0491 0.0288 0.0280 0.0007 
        036s 12 0.0039 0.8820 0.0012 0.0079 0.0291 0.0141 0.0585 0.0034 
        037s 12 0.0017 0.8209 0.0012 0.0005 0.0028 0.1644 0.0072 0.0014 
        001s 13 0.0176 0.9439 0.0026 0.0007 0.0144 0.0044 0.0155 0.0010 
        002s 13 0.0532 0.0027 0.0008 0.0004 0.5153 0.4214 0.0057 0.0005 
        003s 13 0.0010 0.9423 0.0015 0.0003 0.0089 0.0307 0.0141 0.0013 
        004s 13 0.0013 0.8702 0.0023 0.0007 0.0128 0.0433 0.0583 0.0111 
        005s 13 0.0027 0.5670 0.0013 0.0041 0.0060 0.4096 0.0058 0.0035 
        006s 13 0.0011 0.6711 0.0006 0.0021 0.0056 0.2901 0.0281 0.0012 
        007s 13 0.0008 0.9386 0.0013 0.0320 0.0033 0.0200 0.0035 0.0006 
        008s 13 0.0556 0.6186 0.0008 0.0023 0.0037 0.3116 0.0053 0.0021 
        009s 13 0.1240 0.4493 0.0009 0.0018 0.0158 0.3797 0.0150 0.0135 
        010s 13 0.0567 0.5409 0.0007 0.0005 0.0036 0.0223 0.3743 0.0010 
        011s 13 0.0048 0.4336 0.0025 0.0222 0.2990 0.2116 0.0171 0.0093 
        012s 13 0.0449 0.4765 0.0190 0.0027 0.0075 0.0233 0.4211 0.0049 
        013s 13 0.0264 0.3917 0.0079 0.0195 0.5448 0.0058 0.0029 0.0010 
        014s 13 0.0014 0.7595 0.0050 0.0277 0.0025 0.0349 0.1679 0.0011 
        015s 13 0.0085 0.9296 0.0072 0.0010 0.0257 0.0127 0.0020 0.0133 
        016s 13 0.0003 0.6439 0.0009 0.0005 0.0044 0.3457 0.0036 0.0006 
        017s 13 0.0152 0.8896 0.0004 0.0067 0.0099 0.0032 0.0699 0.0051 
        018s 13 0.0004 0.9090 0.0011 0.0003 0.0106 0.0492 0.0286 0.0007 
        019s 13 0.0007 0.8828 0.0010 0.0013 0.0531 0.0033 0.0573 0.0004 
        020s 13 0.0014 0.0501 0.0006 0.0051 0.9278 0.0095 0.0022 0.0032 
        021s 13 0.0012 0.9372 0.0019 0.0004 0.0403 0.0151 0.0033 0.0007 
        022s 13 0.0016 0.9627 0.0007 0.0005 0.0026 0.0273 0.0041 0.0005 
        023s 13 0.0024 0.9459 0.0006 0.0003 0.0331 0.0142 0.0030 0.0006 
        024s 13 0.0097 0.1314 0.0283 0.0020 0.0051 0.8213 0.0013 0.0010 
        025s 13 0.0009 0.9362 0.0024 0.0005 0.0047 0.0339 0.0202 0.0011 
        026s 13 0.0727 0.4893 0.0081 0.0061 0.0130 0.0249 0.3852 0.0007 
        027s 13 0.0413 0.8852 0.0018 0.0022 0.0046 0.0555 0.0034 0.0060 
        028s 13 0.0030 0.0224 0.0026 0.0069 0.3897 0.5270 0.0432 0.0051 
        029s 13 0.0195 0.0331 0.0017 0.0018 0.7756 0.0220 0.1455 0.0008 
        030s 13 0.0686 0.2004 0.0266 0.0008 0.6377 0.0031 0.0624 0.0005 
        031s 13 0.0043 0.8695 0.0986 0.0034 0.0017 0.0138 0.0071 0.0017 
        032s 13 0.0006 0.8044 0.0005 0.0049 0.0100 0.1717 0.0071 0.0008 
        033s 13 0.0045 0.7215 0.0012 0.0223 0.0053 0.1457 0.0985 0.0010 
        034s 13 0.0369 0.0148 0.0011 0.0133 0.9231 0.0042 0.0023 0.0042 
        035s 13 0.0009 0.7038 0.0044 0.0007 0.2500 0.0371 0.0011 0.0019 
        036s 13 0.0029 0.6378 0.0004 0.0008 0.1933 0.1439 0.0202 0.0006 
        037s 13 0.0005 0.9714 0.0018 0.0006 0.0110 0.0117 0.0021 0.0009 
        038s 13 0.0011 0.4597 0.0012 0.0016 0.4743 0.0442 0.0161 0.0018 
        039s 13 0.0757 0.1306 0.0561 0.0007 0.0552 0.6801 0.0007 0.0009 
        040s 13 0.0017 0.7981 0.0011 0.0013 0.0031 0.1305 0.0637 0.0005 
        041s 13 0.0594 0.8938 0.0010 0.0034 0.0031 0.0185 0.0200 0.0008 
        042s 13 0.0004 0.0331 0.0011 0.0011 0.9519 0.0090 0.0021 0.0014 
        001s 14 0.0256 0.0878 0.0013 0.0009 0.6571 0.0115 0.2134 0.0024 
        002s 14 0.0650 0.9053 0.0010 0.0023 0.0023 0.0154 0.0049 0.0039 
        003s 14 0.0008 0.0116 0.0013 0.0005 0.9726 0.0052 0.0070 0.0010 
        004s 14 0.0128 0.9505 0.0035 0.0111 0.0047 0.0136 0.0029 0.0009 
        005s 14 0.0006 0.7499 0.0006 0.0003 0.2337 0.0032 0.0112 0.0006 
        006s 14 0.0005 0.9535 0.0004 0.0006 0.0250 0.0094 0.0102 0.0004 
        007s 14 0.0008 0.7819 0.0016 0.0009 0.0206 0.1908 0.0029 0.0005 
        008s 14 0.0945 0.0212 0.0027 0.0056 0.8416 0.0075 0.0078 0.0191 
        009s 14 0.0026 0.7817 0.0011 0.0005 0.0352 0.1676 0.0060 0.0053 
        010s 14 0.0585 0.4358 0.0015 0.0005 0.3905 0.0092 0.0826 0.0215 
        011s 14 0.0038 0.5648 0.0010 0.0216 0.3673 0.0102 0.0305 0.0009 
        012s 14 0.0007 0.0472 0.0020 0.0033 0.8203 0.1132 0.0111 0.0022 
        013s 14 0.0010 0.6743 0.0056 0.0037 0.0861 0.0447 0.1834 0.0012 
        014s 14 0.0438 0.8265 0.0009 0.0006 0.0092 0.0041 0.1071 0.0078 
        015s 14 0.0010 0.9623 0.0025 0.0006 0.0128 0.0057 0.0052 0.0099 
        016s 14 0.0014 0.9239 0.0102 0.0003 0.0025 0.0050 0.0558 0.0010 
        017s 14 0.0539 0.8241 0.0007 0.0153 0.0178 0.0676 0.0198 0.0008 
        018s 14 0.0011 0.9752 0.0012 0.0005 0.0055 0.0089 0.0067 0.0009 
        019s 14 0.0018 0.9747 0.0011 0.0020 0.0053 0.0102 0.0043 0.0005 
        020s 14 0.0008 0.1648 0.0019 0.0003 0.7829 0.0344 0.0046 0.0103 
        021s 14 0.0074 0.9524 0.0008 0.0004 0.0080 0.0157 0.0054 0.0099 
        022s 14 0.0065 0.7330 0.0019 0.0046 0.0349 0.1098 0.1072 0.0021 
        023s 14 0.0107 0.9078 0.0032 0.0018 0.0279 0.0189 0.0273 0.0026 
        024s 14 0.0512 0.5761 0.0016 0.0009 0.3396 0.0168 0.0118 0.0020 
        025s 14 0.0684 0.5903 0.0004 0.0003 0.1946 0.1091 0.0362 0.0007 
        026s 14 0.0007 0.8111 0.0010 0.0003 0.0060 0.0193 0.1589 0.0027 
        027s 14 0.0012 0.1759 0.0023 0.0005 0.0344 0.7824 0.0025 0.0008 
        028s 14 0.0005 0.6029 0.0006 0.0024 0.0263 0.3424 0.0228 0.0021 
        029s 14 0.0003 0.9235 0.0013 0.0004 0.0197 0.0203 0.0340 0.0005 
        030s 14 0.0008 0.5629 0.0005 0.0117 0.0999 0.0029 0.3204 0.0010 
        031s 14 0.0006 0.6025 0.0014 0.0212 0.3312 0.0404 0.0018 0.0008 
        032s 14 0.0012 0.6289 0.0019 0.0012 0.3305 0.0272 0.0086 0.0005 
        033s 14 0.0013 0.5761 0.0010 0.0497 0.3653 0.0024 0.0027 0.0015 
        034s 14 0.0005 0.9608 0.0010 0.0004 0.0072 0.0093 0.0204 0.0006 
        035s 14 0.0700 0.4209 0.0008 0.0702 0.0260 0.0307 0.3811 0.0003 
        036s 14 0.0519 0.1168 0.0075 0.0353 0.6854 0.0991 0.0024 0.0016 
        037s 14 0.0024 0.9554 0.0030 0.0004 0.0259 0.0085 0.0035 0.0010 
        038s 14 0.0009 0.7300 0.0004 0.0011 0.0159 0.1345 0.1164 0.0009 
        039s 14 0.0026 0.8502 0.0061 0.0033 0.0227 0.1082 0.0030 0.0039 
        040s 14 0.0175 0.9183 0.0011 0.0010 0.0175 0.0390 0.0052 0.0005 
        041s 14 0.0012 0.3821 0.0010 0.0012 0.3397 0.0054 0.2687 0.0007 
        042s 14 0.0635 0.4301 0.0011 0.0004 0.0120 0.4668 0.0254 0.0007 
        001s 15 0.0009 0.4509 0.0027 0.0006 0.4718 0.0671 0.0048 0.0012 
        002s 15 0.0718 0.0221 0.0051 0.0018 0.1078 0.7844 0.0010 0.0060 
        003s 15 0.0093 0.8437 0.0080 0.0007 0.0045 0.1297 0.0032 0.0009 
        004s 15 0.0005 0.1739 0.0003 0.0004 0.0023 0.8048 0.0110 0.0069 
        005s 15 0.0112 0.7847 0.0067 0.0023 0.0034 0.1835 0.0072 0.0009 
        006s 15 0.0231 0.9429 0.0010 0.0021 0.0056 0.0070 0.0176 0.0006 
        007s 15 0.0004 0.9534 0.0006 0.0007 0.0136 0.0094 0.0205 0.0014 
        008s 15 0.0008 0.8909 0.0009 0.0006 0.0316 0.0298 0.0450 0.0006 
        009s 15 0.0156 0.5048 0.0415 0.0042 0.0034 0.0056 0.4243 0.0007 
        010s 15 0.0006 0.0722 0.0029 0.0004 0.8377 0.0463 0.0395 0.0004 
        011s 15 0.0010 0.4347 0.0023 0.0420 0.0013 0.1559 0.3624 0.0004 
        012s 15 0.0032 0.9451 0.0017 0.0019 0.0036 0.0297 0.0138 0.0009 
        013s 15 0.0007 0.0022 0.0019 0.0004 0.7551 0.2320 0.0028 0.0048 
        014s 15 0.0026 0.8468 0.0042 0.0009 0.0051 0.1326 0.0039 0.0038 
        015s 15 0.0782 0.8765 0.0090 0.0044 0.0012 0.0218 0.0075 0.0015 
        016s 15 0.0059 0.0132 0.0007 0.0642 0.7914 0.0044 0.0807 0.0395 
        017s 15 0.0019 0.8791 0.0044 0.0008 0.0161 0.0779 0.0046 0.0152 
        018s 15 0.0036 0.2753 0.0006 0.0003 0.5670 0.0454 0.1043 0.0035 
        019s 15 0.0052 0.2050 0.0081 0.0005 0.4647 0.0034 0.3123 0.0008 
        020s 15 0.0010 0.1847 0.0006 0.0009 0.4981 0.3072 0.0069 0.0006 
        021s 15 0.0652 0.8323 0.0032 0.0014 0.0141 0.0225 0.0591 0.0022 
        022s 15 0.0009 0.6137 0.0007 0.0021 0.0354 0.0035 0.3428 0.0009 
        023s 15 0.0313 0.8663 0.0008 0.0032 0.0126 0.0040 0.0813 0.0006 
        024s 15 0.0014 0.7366 0.0011 0.0030 0.0026 0.2030 0.0515 0.0006 
        025s 15 0.0045 0.6066 0.0149 0.0011 0.0539 0.3100 0.0072 0.0018 
        026s 15 0.0011 0.2893 0.0098 0.0009 0.0196 0.6720 0.0044 0.0029 
        027s 15 0.0033 0.9112 0.0010 0.0145 0.0370 0.0116 0.0059 0.0155 
        028s 15 0.0005 0.9717 0.0012 0.0017 0.0123 0.0064 0.0036 0.0026 
        029s 15 0.0009 0.9814 0.0015 0.0009 0.0069 0.0049 0.0017 0.0019 
        030s 15 0.0008 0.9314 0.0007 0.0005 0.0109 0.0319 0.0216 0.0021 
        031s 15 0.0601 0.4154 0.0071 0.0009 0.0564 0.4535 0.0042 0.0024 
        032s 15 0.0005 0.9114 0.0024 0.0002 0.0022 0.0435 0.0389 0.0009 
        033s 15 0.0341 0.0063 0.0004 0.0021 0.8390 0.0139 0.1028 0.0015 
        035s 15 0.0025 0.8173 0.0009 0.0025 0.0035 0.1234 0.0475 0.0024 
        036s 15 0.0013 0.4223 0.0061 0.0028 0.4515 0.0449 0.0707 0.0004 
        037s 15 0.0015 0.8188 0.0018 0.0116 0.0187 0.0134 0.1334 0.0008 
        038s 15 0.0021 0.2600 0.0003 0.0018 0.0033 0.7151 0.0163 0.0011 
        039s 15 0.0620 0.2075 0.0003 0.0004 0.3964 0.0480 0.2847 0.0006 
        040s 15 0.0030 0.9135 0.0010 0.0028 0.0236 0.0295 0.0223 0.0044 
        041s 15 0.0456 0.4342 0.0041 0.0045 0.0199 0.4608 0.0304 0.0005 
        042s 15 0.0048 0.8499 0.0008 0.0005 0.0099 0.0700 0.0593 0.0047 
        043s 15 0.0132 0.5037 0.0032 0.0018 0.4488 0.0082 0.0207 0.0004 
        044s 15 0.0063 0.9757 0.0009 0.0008 0.0047 0.0037 0.0065 0.0014 
        045s 15 0.0024 0.1709 0.0544 0.0187 0.0191 0.4446 0.2877 0.0023 
        046s 15 0.0250 0.8580 0.0012 0.0045 0.0270 0.0747 0.0090 0.0005 
        047s 15 0.0235 0.8266 0.0006 0.0014 0.0067 0.0171 0.1236 0.0006 
        048s 15 0.0004 0.5654 0.0266 0.0007 0.3621 0.0352 0.0080 0.0016 
        049s 15 0.0145 0.9290 0.0006 0.0015 0.0279 0.0100 0.0159 0.0005 
        050s 15 0.1352 0.8018 0.0028 0.0007 0.0286 0.0136 0.0065 0.0108 
         001 16 0.1199 0.0021 0.0007 0.0094 0.2170 0.6198 0.0293 0.0019 
         002 16 0.0321 0.9317 0.0010 0.0008 0.0049 0.0097 0.0194 0.0004 
         003 16 0.0028 0.4717 0.0016 0.0038 0.0036 0.4593 0.0545 0.0027 
         004 16 0.0010 0.8648 0.0017 0.0013 0.0016 0.0204 0.1084 0.0007 
         005 16 0.0573 0.8801 0.0256 0.0087 0.0157 0.0031 0.0075 0.0021 
         006 16 0.0092 0.8358 0.0120 0.0010 0.0029 0.0755 0.0622 0.0013 
         007 16 0.0062 0.8361 0.0018 0.0011 0.0216 0.0875 0.0450 0.0007 
         008 16 0.1381 0.0770 0.0006 0.0078 0.1154 0.6507 0.0085 0.0019 
         009 16 0.0027 0.4074 0.0008 0.0008 0.5513 0.0306 0.0048 0.0015 
         010 16 0.0115 0.0932 0.0012 0.0005 0.0912 0.7752 0.0268 0.0005 
         011 16 0.0069 0.0391 0.0032 0.0014 0.8290 0.0027 0.1170 0.0008 
         012 16 0.0010 0.7828 0.0020 0.0018 0.0756 0.0581 0.0776 0.0010 
         013 16 0.0005 0.9206 0.0006 0.0011 0.0066 0.0558 0.0139 0.0008 
         014 16 0.0358 0.8711 0.0004 0.0013 0.0044 0.0326 0.0528 0.0016 
         015 16 0.0005 0.5955 0.3674 0.0025 0.0157 0.0053 0.0111 0.0020 
         016 16 0.0021 0.8507 0.0170 0.0004 0.0041 0.0716 0.0493 0.0048 
         017 16 0.0059 0.4290 0.0015 0.0098 0.5390 0.0115 0.0022 0.0009 
         018 16 0.0226 0.5634 0.0152 0.0017 0.0017 0.3855 0.0030 0.0070 
         019 16 0.0567 0.0544 0.0008 0.0050 0.8561 0.0039 0.0216 0.0014 
         020 16 0.0003 0.9666 0.0009 0.0009 0.0099 0.0090 0.0115 0.0010 
         021 16 0.0776 0.7846 0.0008 0.0204 0.0166 0.0315 0.0646 0.0039 
         022 16 0.0366 0.9427 0.0020 0.0003 0.0025 0.0035 0.0116 0.0008 
