        001s  1 0.0009 0.0471 0.0005 0.2932 0.0003 0.0243 0.0015 0.0004 0.6319 
        002s  1 0.0009 0.2105 0.0009 0.7497 0.0019 0.0067 0.0005 0.0031 0.0257 
        003s  1 0.0032 0.0083 0.0021 0.9469 0.0006 0.0081 0.0176 0.0012 0.0121 
        004s  1 0.0047 0.0161 0.0043 0.5528 0.0010 0.0014 0.0005 0.0339 0.3852 
        005s  1 0.1192 0.0052 0.0010 0.4073 0.1057 0.2486 0.0003 0.1118 0.0009 
        006s  1 0.0007 0.0950 0.0004 0.0053 0.0006 0.0147 0.0003 0.0019 0.8812 
        007s  1 0.0025 0.0148 0.0031 0.0361 0.0015 0.0405 0.0008 0.0003 0.9005 
        008s  1 0.0040 0.0022 0.0011 0.5885 0.0006 0.0845 0.0009 0.0008 0.3175 
        009s  1 0.0219 0.0011 0.0054 0.2997 0.0193 0.0210 0.0029 0.0011 0.6277 
        010s  1 0.0122 0.6874 0.0004 0.0055 0.0010 0.0064 0.0007 0.0011 0.2853 
        011s  1 0.0012 0.0527 0.0024 0.0074 0.0012 0.0271 0.0042 0.0020 0.9019 
        012s  1 0.1064 0.0025 0.0012 0.0264 0.0061 0.0060 0.0060 0.0054 0.8400 
        013s  1 0.0012 0.2997 0.0085 0.0126 0.0196 0.0195 0.0013 0.0060 0.6316 
        014s  1 0.0153 0.0040 0.0061 0.0066 0.0003 0.0185 0.0148 0.0019 0.9326 
        015s  1 0.0006 0.0312 0.0007 0.0049 0.0005 0.0073 0.0008 0.0005 0.9535 
        016s  1 0.0029 0.1697 0.0061 0.0590 0.0008 0.0038 0.0011 0.0008 0.7558 
        018s  1 0.1085 0.1579 0.0009 0.2108 0.0073 0.2931 0.0012 0.0006 0.2196 
        019s  1 0.0134 0.0900 0.0010 0.0960 0.0008 0.0159 0.0044 0.0005 0.7779 
        020s  1 0.0007 0.9067 0.0123 0.0072 0.0003 0.0033 0.0094 0.0003 0.0599 
        021s  1 0.0002 0.1011 0.0058 0.0182 0.0009 0.0042 0.0010 0.0078 0.8606 
        022s  1 0.0004 0.0178 0.0010 0.9480 0.0002 0.0034 0.0006 0.0005 0.0281 
        023s  1 0.0004 0.0057 0.0085 0.0928 0.0004 0.0333 0.0010 0.0005 0.8573 
        024s  1 0.0019 0.1189 0.0009 0.0055 0.0003 0.0055 0.0004 0.0016 0.8649 
        025s  1 0.0072 0.0437 0.0012 0.0056 0.0007 0.2320 0.0004 0.0019 0.7072 
        026s  1 0.0007 0.0073 0.0089 0.0057 0.0024 0.0249 0.0038 0.0005 0.9458 
        027s  1 0.0011 0.0213 0.0034 0.0171 0.0006 0.2809 0.0007 0.0121 0.6628 
        028s  1 0.0185 0.0030 0.0013 0.0010 0.0008 0.3485 0.0011 0.0431 0.5827 
        029s  1 0.0009 0.0394 0.0007 0.0202 0.0004 0.0150 0.0062 0.0008 0.9164 
        030s  1 0.0010 0.7722 0.0006 0.0019 0.0004 0.1991 0.0085 0.0050 0.0113 
        031s  1 0.0003 0.0797 0.0014 0.0822 0.0003 0.0024 0.0004 0.0003 0.8330 
        032s  1 0.0010 0.9016 0.0007 0.0040 0.0003 0.0053 0.0011 0.0008 0.0852 
        033s  1 0.0012 0.0058 0.0006 0.0093 0.0070 0.0178 0.0010 0.0004 0.9569 
        034s  1 0.0016 0.0831 0.0548 0.5174 0.0003 0.0459 0.0046 0.0023 0.2900 
        035s  1 0.0034 0.6438 0.0013 0.0027 0.0007 0.0199 0.0020 0.0032 0.3230 
        036s  1 0.0955 0.5506 0.0010 0.3463 0.0011 0.0014 0.0003 0.0012 0.0025 
        037s  1 0.1011 0.0249 0.0330 0.1106 0.0155 0.0119 0.0019 0.0045 0.6966 
        038s  1 0.0015 0.8206 0.0010 0.0184 0.0014 0.0048 0.0008 0.0007 0.1508 
        039s  1 0.0003 0.0261 0.0003 0.0110 0.0266 0.0427 0.0007 0.0015 0.8907 
        040s  1 0.0014 0.8160 0.0053 0.1402 0.0010 0.0067 0.0007 0.0049 0.0239 
        041s  1 0.0018 0.0077 0.0026 0.0092 0.0019 0.0112 0.0007 0.0003 0.9646 
        042s  1 0.0752 0.0222 0.0759 0.0412 0.0005 0.0105 0.0013 0.0005 0.7727 
        043s  1 0.0011 0.0058 0.0008 0.8282 0.0118 0.1492 0.0016 0.0004 0.0010 
        044s  1 0.0612 0.6851 0.0118 0.1687 0.0233 0.0348 0.0029 0.0105 0.0018 
        045s  1 0.0136 0.9244 0.0010 0.0026 0.0004 0.0260 0.0013 0.0029 0.0279 
        046s  1 0.0019 0.3526 0.0007 0.0327 0.0005 0.0041 0.0023 0.0004 0.6048 
        047s  1 0.0009 0.7857 0.0057 0.0076 0.0004 0.0074 0.0018 0.0003 0.1903 
        048s  1 0.0270 0.0429 0.0008 0.6061 0.0177 0.0014 0.0005 0.0002 0.3035 
        049s  1 0.0008 0.0066 0.0004 0.9346 0.0003 0.0026 0.0011 0.0021 0.0514 
        050s  1 0.0900 0.2464 0.0005 0.1069 0.0023 0.0276 0.0004 0.0031 0.5228 
        051s  1 0.0003 0.0127 0.0007 0.0127 0.0003 0.0308 0.0213 0.0007 0.9206 
        052s  1 0.0042 0.1162 0.0014 0.0162 0.0037 0.0810 0.0143 0.0050 0.7581 
        053s  1 0.0011 0.8107 0.0007 0.0020 0.0046 0.0011 0.0003 0.0003 0.1791 
        054s  1 0.0003 0.8935 0.0009 0.0046 0.0015 0.0125 0.0032 0.0031 0.0804 
        055s  1 0.0557 0.0030 0.0697 0.0019 0.0185 0.0130 0.0015 0.0005 0.8363 
          01  2 0.1105 0.7854 0.0020 0.0124 0.0017 0.0316 0.0240 0.0013 0.0312 
          02  2 0.0043 0.9485 0.0005 0.0052 0.0283 0.0069 0.0016 0.0012 0.0035 
          03  2 0.0018 0.9021 0.0020 0.0046 0.0009 0.0594 0.0004 0.0007 0.0281 
          04  2 0.0016 0.1657 0.0103 0.0640 0.0015 0.2195 0.0012 0.0129 0.5234 
          05  2 0.0879 0.0103 0.0004 0.7454 0.0012 0.1289 0.0004 0.0002 0.0253 
          06  2 0.0216 0.9387 0.0008 0.0075 0.0068 0.0141 0.0007 0.0014 0.0083 
          07  2 0.0057 0.1890 0.0006 0.1562 0.0042 0.0065 0.0009 0.0015 0.6353 
          08  2 0.0764 0.1556 0.0010 0.7214 0.0010 0.0170 0.0011 0.0008 0.0257 
          09  2 0.0005 0.3381 0.0002 0.0739 0.0004 0.0115 0.0099 0.0004 0.5651 
          10  2 0.0015 0.9057 0.0005 0.0144 0.0007 0.0375 0.0005 0.0007 0.0383 
          11  2 0.0254 0.7250 0.0027 0.0451 0.0007 0.0062 0.0063 0.0011 0.1875 
          12  2 0.0005 0.0408 0.0006 0.0210 0.0011 0.0372 0.0021 0.0009 0.8958 
          13  2 0.0003 0.0041 0.0006 0.1049 0.0022 0.0134 0.0008 0.0004 0.8732 
          14  2 0.0003 0.0129 0.0318 0.3396 0.0015 0.0370 0.0043 0.0086 0.5640 
          15  2 0.0007 0.6361 0.0009 0.3225 0.0012 0.0023 0.0020 0.0005 0.0338 
          16  2 0.0010 0.0019 0.0036 0.0084 0.0007 0.0710 0.0052 0.0538 0.8543 
          17  2 0.0009 0.6388 0.0020 0.1231 0.0036 0.1704 0.0010 0.0007 0.0595 
          18  2 0.0076 0.2649 0.0009 0.0021 0.0107 0.0080 0.0020 0.0021 0.7017 
          19  2 0.0010 0.8037 0.0042 0.0078 0.0007 0.0075 0.0015 0.0004 0.1732 
          20  2 0.0533 0.0086 0.0033 0.0066 0.0005 0.0017 0.0011 0.0065 0.9183 
          21  2 0.0015 0.0235 0.0007 0.0228 0.0005 0.0282 0.0138 0.0004 0.9087 
          22  2 0.0020 0.0552 0.0063 0.0053 0.0009 0.1867 0.0048 0.0044 0.7344 
          23  2 0.0010 0.9494 0.0016 0.0075 0.0026 0.0177 0.0010 0.0019 0.0172 
          24  2 0.0007 0.0574 0.0007 0.0039 0.0006 0.0397 0.0009 0.0004 0.8958 
          25  2 0.0049 0.3850 0.0015 0.1396 0.0027 0.0154 0.0022 0.0290 0.4197 
          26  2 0.0006 0.0015 0.0003 0.9946 0.0006 0.0007 0.0006 0.0002 0.0009 
          27  2 0.0004 0.0267 0.0029 0.0561 0.0019 0.0252 0.0010 0.0237 0.8622 
          28  2 0.0010 0.0306 0.0049 0.1026 0.0008 0.0134 0.0015 0.0003 0.8448 
          29  2 0.0015 0.9031 0.0004 0.0119 0.0005 0.0051 0.0007 0.0013 0.0756 
          30  2 0.1394 0.0032 0.0816 0.0238 0.0041 0.0434 0.0066 0.0005 0.6974 
          01  3 0.1391 0.0430 0.0249 0.0586 0.4369 0.1207 0.0005 0.0004 0.1759 
          02  3 0.1327 0.0154 0.0057 0.0010 0.2529 0.2132 0.0737 0.2636 0.0418 
          03  3 0.1250 0.0108 0.0021 0.0019 0.0322 0.6460 0.0006 0.1780 0.0033 
          04  3 0.2186 0.0030 0.0030 0.0048 0.2308 0.3722 0.0009 0.1630 0.0036 
          05  3 0.1366 0.0004 0.1092 0.0003 0.1877 0.2174 0.1067 0.2413 0.0004 
          06  3 0.1333 0.0006 0.0005 0.0014 0.2469 0.3385 0.0003 0.2706 0.0079 
          07  3 0.1831 0.0108 0.0003 0.0041 0.0185 0.6275 0.0008 0.1377 0.0173 
          08  3 0.1978 0.0107 0.0036 0.0323 0.1405 0.3561 0.0081 0.1962 0.0547 
          09  3 0.2444 0.0049 0.0008 0.0007 0.0253 0.5730 0.0003 0.1498 0.0007 
          10  3 0.0275 0.0172 0.1127 0.0012 0.1858 0.1856 0.2084 0.2526 0.0090 
          11  3 0.1789 0.0013 0.0002 0.0003 0.0362 0.6248 0.0003 0.1574 0.0006 
          12  3 0.1896 0.0006 0.0002 0.0005 0.0407 0.6029 0.0002 0.1650 0.0002 
          13  3 0.1350 0.0008 0.0002 0.0022 0.2804 0.2899 0.0062 0.2839 0.0015 
          14  3 0.0872 0.0018 0.1453 0.0007 0.2057 0.2441 0.0317 0.2827 0.0009 
          15  3 0.1825 0.0014 0.0017 0.0495 0.1137 0.4792 0.0002 0.1286 0.0432 
          16  3 0.0269 0.0044 0.0030 0.0044 0.4220 0.2191 0.0030 0.2912 0.0260 
          17  3 0.2837 0.0772 0.0005 0.0021 0.0896 0.3425 0.0010 0.0840 0.1195 
          18  3 0.0436 0.0016 0.2729 0.0027 0.1563 0.1472 0.1592 0.2103 0.0061 
          19  3 0.0954 0.0068 0.0208 0.0070 0.3248 0.2869 0.0009 0.2412 0.0162 
          20  3 0.2061 0.0080 0.0587 0.0142 0.2588 0.3135 0.0003 0.1317 0.0087 
          21  3 0.1130 0.0045 0.0108 0.0818 0.3583 0.2352 0.0020 0.1488 0.0456 
          22  3 0.2397 0.0012 0.0012 0.0239 0.0620 0.5783 0.0005 0.0895 0.0037 
          23  3 0.1794 0.0548 0.0028 0.0161 0.2796 0.2972 0.0005 0.1579 0.0118 
          24  3 0.2832 0.0014 0.0011 0.0052 0.2011 0.2081 0.1621 0.1294 0.0085 
          25  3 0.0723 0.0004 0.1289 0.0005 0.2740 0.1673 0.2435 0.1129 0.0003 
          26  3 0.2209 0.0011 0.0002 0.0005 0.0781 0.5168 0.0004 0.1812 0.0007 
          27  3 0.0400 0.0033 0.1754 0.0017 0.2575 0.2159 0.1306 0.1727 0.0029 
          28  3 0.1515 0.0020 0.0002 0.0062 0.3540 0.2702 0.0025 0.2093 0.0042 
          29  3 0.1706 0.0014 0.0125 0.0010 0.3091 0.2463 0.0039 0.1930 0.0624 
          30  3 0.2047 0.0014 0.0005 0.1203 0.2413 0.3592 0.0012 0.0695 0.0018 
         001  4 0.9994 0.0001 0.0001 0.0001 0.0001 0.0001 0.0001 0.0001 0.0001 
         002  4 0.9871 0.0002 0.0001 0.0003 0.0010 0.0102 0.0002 0.0006 0.0002 
         003  4 0.9993 0.0001 0.0001 0.0001 0.0001 0.0001 0.0001 0.0001 0.0001 
         004  4 0.9992 0.0001 0.0001 0.0001 0.0002 0.0001 0.0001 0.0002 0.0001 
         005  4 0.9988 0.0001 0.0001 0.0001 0.0001 0.0001 0.0003 0.0003 0.0001 
         006  4 0.8648 0.0004 0.0002 0.0003 0.0282 0.0480 0.0002 0.0574 0.0005 
         007  4 0.8933 0.0003 0.0003 0.0007 0.0002 0.0490 0.0001 0.0558 0.0003 
         008  4 0.9920 0.0006 0.0029 0.0008 0.0006 0.0003 0.0015 0.0009 0.0005 
         009  4 0.9990 0.0001 0.0001 0.0001 0.0001 0.0001 0.0001 0.0003 0.0001 
         010  4 0.9669 0.0001 0.0001 0.0001 0.0001 0.0006 0.0001 0.0321 0.0001 
         011  4 0.9344 0.0005 0.0180 0.0014 0.0018 0.0006 0.0006 0.0421 0.0006 
         012  4 0.9990 0.0001 0.0001 0.0001 0.0001 0.0003 0.0001 0.0001 0.0001 
         013  4 0.9992 0.0001 0.0001 0.0001 0.0002 0.0002 0.0001 0.0001 0.0001 
         014  4 0.9811 0.0002 0.0001 0.0002 0.0001 0.0178 0.0001 0.0001 0.0002 
         015  4 0.9671 0.0001 0.0001 0.0001 0.0004 0.0321 0.0001 0.0001 0.0001 
         016  4 0.9992 0.0001 0.0001 0.0001 0.0001 0.0001 0.0001 0.0002 0.0001 
         017  4 0.9659 0.0001 0.0001 0.0001 0.0006 0.0327 0.0001 0.0002 0.0001 
         019  4 0.8742 0.0002 0.0003 0.0004 0.0087 0.0242 0.0005 0.0912 0.0003 
         020  4 0.9988 0.0001 0.0001 0.0002 0.0002 0.0001 0.0002 0.0001 0.0001 
         021  4 0.9509 0.0002 0.0002 0.0002 0.0002 0.0121 0.0002 0.0358 0.0002 
         001  5 0.9133 0.0010 0.0260 0.0004 0.0122 0.0438 0.0019 0.0006 0.0008 
         002  5 0.9323 0.0054 0.0015 0.0145 0.0350 0.0011 0.0008 0.0004 0.0090 
         003  5 0.6794 0.0038 0.0027 0.0021 0.0890 0.0547 0.0002 0.0390 0.1290 
         004  5 0.9218 0.0279 0.0013 0.0021 0.0079 0.0006 0.0003 0.0025 0.0354 
         005  5 0.9035 0.0003 0.0003 0.0002 0.0543 0.0407 0.0002 0.0003 0.0002 
         006  5 0.7844 0.0004 0.0002 0.0003 0.1411 0.0516 0.0005 0.0213 0.0003 
         007  5 0.8359 0.0003 0.0002 0.0002 0.0699 0.0447 0.0003 0.0483 0.0004 
         008  5 0.8816 0.0001 0.0001 0.0001 0.0716 0.0458 0.0002 0.0003 0.0002 
         009  5 0.8869 0.0265 0.0014 0.0061 0.0228 0.0434 0.0003 0.0037 0.0089 
         010  5 0.8449 0.0009 0.0011 0.0008 0.1014 0.0198 0.0003 0.0292 0.0016 
         011  5 0.9072 0.0004 0.0016 0.0002 0.0594 0.0301 0.0002 0.0002 0.0006 
         012  5 0.8269 0.0211 0.0014 0.0013 0.0253 0.0246 0.0014 0.0763 0.0217 
         013  5 0.6525 0.0337 0.0009 0.0021 0.0710 0.1930 0.0004 0.0027 0.0438 
         014  5 0.6659 0.0128 0.0100 0.0101 0.0618 0.0119 0.0122 0.0718 0.1435 
         015  5 0.9050 0.0002 0.0002 0.0002 0.0345 0.0385 0.0002 0.0211 0.0002 
         016  5 0.8561 0.0004 0.0003 0.0006 0.0289 0.0747 0.0006 0.0373 0.0011 
         017  5 0.7954 0.0072 0.0002 0.0020 0.0639 0.0687 0.0021 0.0535 0.0071 
         018  5 0.7860 0.0043 0.0156 0.0011 0.0595 0.0967 0.0212 0.0018 0.0138 
         019  5 0.9466 0.0003 0.0006 0.0002 0.0007 0.0433 0.0077 0.0003 0.0003 
         020  5 0.9959 0.0002 0.0002 0.0002 0.0007 0.0023 0.0002 0.0002 0.0002 
         021  5 0.8314 0.1158 0.0008 0.0052 0.0054 0.0211 0.0004 0.0006 0.0192 
         022  5 0.8865 0.0077 0.0143 0.0017 0.0017 0.0609 0.0018 0.0112 0.0143 
         023  5 0.8731 0.0006 0.0013 0.0006 0.0526 0.0698 0.0004 0.0011 0.0007 
         024  5 0.8670 0.0153 0.0005 0.0055 0.0053 0.0198 0.0002 0.0717 0.0146 
         025  5 0.8156 0.0065 0.0004 0.0061 0.0199 0.0956 0.0007 0.0541 0.0011 
         026  5 0.7953 0.1101 0.0004 0.0010 0.0183 0.0485 0.0007 0.0128 0.0130 
         027  5 0.9973 0.0002 0.0001 0.0001 0.0003 0.0003 0.0002 0.0014 0.0002 
         028  5 0.8713 0.0022 0.0055 0.0009 0.0026 0.0734 0.0009 0.0396 0.0036 
         029  5 0.9312 0.0004 0.0002 0.0003 0.0187 0.0476 0.0003 0.0010 0.0002 
         030  5 0.9260 0.0008 0.0009 0.0008 0.0171 0.0510 0.0023 0.0003 0.0008 
        001s  6 0.0006 0.0395 0.0182 0.1647 0.0162 0.0017 0.0007 0.0095 0.7489 
        002s  6 0.0170 0.0484 0.0008 0.0077 0.0027 0.0438 0.0186 0.0004 0.8605 
        003s  6 0.0077 0.0218 0.0043 0.1605 0.0063 0.0034 0.0005 0.0005 0.7950 
        004s  6 0.0005 0.9902 0.0007 0.0037 0.0005 0.0010 0.0007 0.0005 0.0024 
        006s  6 0.0521 0.0031 0.0062 0.0024 0.0014 0.0013 0.0019 0.0220 0.9096 
        007s  6 0.0006 0.2893 0.0005 0.0042 0.0012 0.0522 0.0011 0.0045 0.6464 
        008s  6 0.0052 0.8628 0.0051 0.0065 0.0012 0.0087 0.0025 0.0007 0.1073 
        009s  6 0.0005 0.4232 0.0009 0.0094 0.0008 0.0761 0.0014 0.0004 0.4875 
        010s  6 0.0277 0.8857 0.0170 0.0013 0.0013 0.0112 0.0122 0.0079 0.0356 
        011s  6 0.0004 0.9591 0.0014 0.0031 0.0098 0.0181 0.0003 0.0008 0.0070 
        012s  6 0.0004 0.6625 0.0012 0.0124 0.0014 0.0093 0.0027 0.0020 0.3081 
        013s  6 0.0011 0.9782 0.0004 0.0038 0.0009 0.0040 0.0005 0.0009 0.0101 
        014s  6 0.0343 0.1692 0.0003 0.3847 0.0067 0.0331 0.0003 0.0003 0.3711 
        015s  6 0.0072 0.9308 0.0062 0.0030 0.0008 0.0345 0.0010 0.0129 0.0037 
        016s  6 0.0003 0.5267 0.0009 0.2159 0.0006 0.0009 0.0009 0.0010 0.2529 
        018s  6 0.2183 0.1179 0.0010 0.0175 0.0632 0.0028 0.0009 0.0004 0.5779 
        019s  6 0.0018 0.1491 0.0045 0.0635 0.0055 0.2136 0.0011 0.0012 0.5599 
        020s  6 0.0002 0.2049 0.0006 0.0831 0.0010 0.0307 0.0009 0.0004 0.6780 
        021s  6 0.0012 0.5475 0.0053 0.0063 0.0079 0.0022 0.0025 0.0063 0.4208 
        022s  6 0.0011 0.9349 0.0051 0.0317 0.0009 0.0066 0.0003 0.0003 0.0192 
        023s  6 0.0166 0.1314 0.0012 0.6158 0.0006 0.1899 0.0004 0.0006 0.0435 
        024s  6 0.0492 0.6859 0.0006 0.0028 0.0005 0.0050 0.0013 0.0016 0.2531 
        025s  6 0.0020 0.8821 0.0715 0.0106 0.0059 0.0028 0.0007 0.0012 0.0232 
        026s  6 0.0006 0.9617 0.0006 0.0065 0.0007 0.0040 0.0021 0.0007 0.0231 
        027s  6 0.0014 0.1089 0.0010 0.0286 0.0004 0.0236 0.0019 0.0005 0.8337 
        028s  6 0.0034 0.0033 0.0078 0.0013 0.0057 0.0492 0.0427 0.0040 0.8826 
        029s  6 0.0004 0.0241 0.0016 0.0031 0.0005 0.0201 0.0017 0.0004 0.9482 
        030s  6 0.0518 0.0101 0.0128 0.0098 0.0023 0.0828 0.0024 0.0004 0.8277 
        031s  6 0.0020 0.2112 0.0005 0.6692 0.0008 0.0104 0.0005 0.0075 0.0978 
        032s  6 0.0015 0.8729 0.0008 0.0066 0.0403 0.0022 0.0005 0.0004 0.0748 
        033s  6 0.0397 0.0061 0.0009 0.0026 0.0009 0.0898 0.0003 0.0002 0.8594 
        034s  6 0.0022 0.7427 0.0150 0.0130 0.0005 0.0784 0.0004 0.0050 0.1427 
        035s  6 0.1273 0.0019 0.0012 0.8641 0.0007 0.0016 0.0008 0.0004 0.0021 
        036s  6 0.0006 0.0044 0.0013 0.0035 0.0074 0.0394 0.0002 0.0021 0.9411 
        037s  6 0.0005 0.6622 0.0017 0.0186 0.0025 0.0147 0.0033 0.0006 0.2958 
        038s  6 0.0002 0.0297 0.0008 0.1000 0.0007 0.0107 0.0008 0.0034 0.8537 
        039s  6 0.0002 0.3054 0.0008 0.0039 0.0005 0.0177 0.0007 0.0004 0.6704 
        040s  6 0.0003 0.8869 0.0003 0.0932 0.0010 0.0099 0.0004 0.0024 0.0056 
        041s  6 0.0653 0.0477 0.0050 0.6087 0.0002 0.0155 0.0050 0.0002 0.2523 
        042s  6 0.0119 0.0466 0.0530 0.0083 0.0010 0.0235 0.0054 0.0008 0.8493 
        043s  6 0.0009 0.0746 0.0059 0.0025 0.0003 0.0024 0.0003 0.0019 0.9111 
        044s  6 0.0007 0.0663 0.0008 0.2174 0.0005 0.0227 0.0028 0.0004 0.6883 
        045s  6 0.0073 0.8614 0.0026 0.0256 0.0007 0.0082 0.0007 0.0003 0.0931 
        001s  7 0.0010 0.0257 0.0017 0.8773 0.0005 0.0319 0.0007 0.0005 0.0608 
        002s  7 0.0126 0.4976 0.0014 0.4594 0.0066 0.0012 0.0016 0.0007 0.0189 
        003s  7 0.0015 0.0060 0.0014 0.9443 0.0012 0.0040 0.0015 0.0017 0.0384 
        004s  7 0.0006 0.0069 0.0007 0.0091 0.0010 0.0061 0.0010 0.0035 0.9712 
        005s  7 0.0155 0.0478 0.0026 0.0270 0.0016 0.0276 0.0007 0.0023 0.8750 
        006s  7 0.0544 0.0194 0.0057 0.0023 0.0010 0.0018 0.0004 0.0012 0.9140 
        007s  7 0.0045 0.9211 0.0030 0.0048 0.0020 0.0022 0.0207 0.0110 0.0307 
        008s  7 0.0046 0.0021 0.0020 0.9470 0.0007 0.0297 0.0044 0.0005 0.0089 
        009s  7 0.0032 0.6703 0.0142 0.0221 0.0031 0.0037 0.0011 0.0018 0.2805 
        010s  7 0.0009 0.0040 0.0016 0.9849 0.0007 0.0028 0.0011 0.0002 0.0039 
        011s  7 0.0005 0.0538 0.0011 0.0130 0.0008 0.0080 0.0007 0.0006 0.9214 
        012s  7 0.0008 0.9604 0.0007 0.0039 0.0002 0.0041 0.0005 0.0007 0.0286 
        013s  7 0.0004 0.8782 0.0044 0.0080 0.0008 0.0031 0.0010 0.0106 0.0934 
        014s  7 0.0447 0.2436 0.0003 0.5106 0.0005 0.0152 0.0009 0.0007 0.1834 
        015s  7 0.0302 0.4222 0.0008 0.0081 0.0006 0.0440 0.0009 0.0022 0.4910 
        016s  7 0.0913 0.0017 0.0012 0.9031 0.0003 0.0011 0.0003 0.0003 0.0007 
        017s  7 0.0015 0.0420 0.0009 0.0132 0.0003 0.0261 0.0004 0.0016 0.9139 
        018s  7 0.0011 0.5993 0.0004 0.0062 0.0005 0.3668 0.0037 0.0004 0.0215 
        019s  7 0.0010 0.0782 0.0093 0.0082 0.0033 0.0019 0.0033 0.0006 0.8941 
        020s  7 0.0006 0.8769 0.0003 0.0174 0.0008 0.0021 0.0003 0.0015 0.1000 
        021s  7 0.0014 0.0098 0.0009 0.0071 0.0024 0.0107 0.0016 0.0004 0.9658 
        022s  7 0.0023 0.9745 0.0008 0.0023 0.0009 0.0025 0.0005 0.0034 0.0128 
        023s  7 0.0030 0.0043 0.0138 0.0095 0.0015 0.0309 0.0009 0.0011 0.9350 
        024s  7 0.0033 0.9074 0.0010 0.0129 0.0006 0.0357 0.0021 0.0006 0.0365 
        025s  7 0.0009 0.9027 0.0013 0.0054 0.0042 0.0081 0.0015 0.0029 0.0731 
        026s  7 0.0017 0.0070 0.0013 0.9704 0.0005 0.0034 0.0016 0.0004 0.0136 
        027s  7 0.0008 0.0235 0.0006 0.5096 0.0016 0.0008 0.0017 0.0009 0.4607 
        028s  7 0.0030 0.8226 0.0003 0.0092 0.0009 0.1561 0.0003 0.0006 0.0069 
        029s  7 0.0081 0.3161 0.0021 0.0866 0.0013 0.1062 0.0009 0.0007 0.4781 
        030s  7 0.0004 0.0144 0.0027 0.1133 0.0003 0.0104 0.0082 0.0008 0.8495 
        031s  7 0.0024 0.3498 0.0149 0.0571 0.0011 0.0307 0.0003 0.0014 0.5422 
        032s  7 0.0921 0.8674 0.0005 0.0026 0.0005 0.0119 0.0052 0.0004 0.0194 
        033s  7 0.0271 0.0469 0.0014 0.0039 0.0068 0.0084 0.0031 0.0006 0.9017 
        034s  7 0.0009 0.0194 0.0007 0.0064 0.0055 0.0764 0.0014 0.0265 0.8628 
        035s  7 0.0006 0.1211 0.0009 0.0070 0.0003 0.0193 0.0005 0.0004 0.8500 
        036s  7 0.0006 0.0097 0.0073 0.0294 0.0005 0.0041 0.0010 0.0050 0.9424 
        037s  7 0.0073 0.0040 0.0070 0.0198 0.0339 0.1885 0.0005 0.0009 0.7381 
        038s  7 0.0026 0.8206 0.0018 0.0051 0.0145 0.1326 0.0011 0.0004 0.0213 
        039s  7 0.0004 0.5150 0.0004 0.3437 0.0005 0.1361 0.0004 0.0002 0.0033 
        040s  7 0.0075 0.0008 0.0007 0.9474 0.0010 0.0015 0.0004 0.0381 0.0026 
        041s  7 0.0112 0.0070 0.0020 0.2148 0.0105 0.0605 0.0018 0.0002 0.6921 
        042s  7 0.0053 0.0133 0.0005 0.9644 0.0006 0.0015 0.0004 0.0009 0.0131 
        043s  7 0.0009 0.0398 0.0023 0.0147 0.0004 0.0043 0.0004 0.0003 0.9369 
        044s  7 0.0203 0.0078 0.0237 0.0032 0.0118 0.0251 0.0018 0.0058 0.9005 
         003  8 0.0076 0.0835 0.0010 0.0033 0.0016 0.0101 0.0113 0.0011 0.8805 
         009  8 0.0013 0.9768 0.0012 0.0067 0.0005 0.0027 0.0005 0.0006 0.0097 
         010  8 0.0003 0.0097 0.0024 0.0154 0.0006 0.0100 0.0003 0.0003 0.9610 
         017  8 0.0005 0.2761 0.0039 0.0025 0.0015 0.0025 0.0016 0.0004 0.7110 
         002  9 0.0004 0.7890 0.0013 0.0142 0.0003 0.0055 0.0007 0.0012 0.1874 
         003  9 0.0002 0.6441 0.0004 0.0081 0.0002 0.0025 0.0003 0.0005 0.3436 
         004  9 0.0007 0.6078 0.0010 0.0269 0.0003 0.0006 0.0005 0.0002 0.3621 
         005  9 0.0005 0.7114 0.0042 0.0042 0.0008 0.0327 0.0011 0.0015 0.2437 
         006  9 0.0012 0.9821 0.0018 0.0030 0.0005 0.0017 0.0008 0.0009 0.0079 
         007  9 0.0073 0.5016 0.0015 0.0069 0.0003 0.0028 0.0009 0.0006 0.4780 
         009  9 0.0013 0.0323 0.0029 0.0131 0.0014 0.0021 0.0013 0.0003 0.9455 
         010  9 0.0004 0.9775 0.0017 0.0033 0.0003 0.0026 0.0022 0.0005 0.0116 
         013  9 0.0013 0.2211 0.0018 0.0285 0.0004 0.0274 0.0003 0.0019 0.7171 
         014  9 0.0009 0.6757 0.0021 0.0112 0.0003 0.0116 0.0067 0.0004 0.2911 
         016  9 0.0002 0.8326 0.0006 0.0057 0.0002 0.0014 0.0014 0.0002 0.1577 
         018  9 0.0010 0.9616 0.0018 0.0025 0.0012 0.0157 0.0071 0.0008 0.0083 
         019  9 0.0009 0.0089 0.0006 0.0023 0.0007 0.0301 0.0039 0.0006 0.9519 
         020  9 0.0003 0.8588 0.0004 0.0013 0.0006 0.0125 0.0004 0.0003 0.1254 
         021  9 0.0004 0.9499 0.0007 0.0035 0.0008 0.0263 0.0005 0.0002 0.0177 
         022  9 0.0003 0.9773 0.0006 0.0066 0.0006 0.0080 0.0012 0.0005 0.0050 
         024  9 0.0004 0.0278 0.0034 0.0082 0.0012 0.0249 0.0018 0.0004 0.9318 
         028  9 0.0008 0.8042 0.0008 0.0116 0.0004 0.0115 0.0006 0.0008 0.1692 
         029  9 0.0004 0.3217 0.0007 0.0151 0.0005 0.0181 0.0010 0.0005 0.6420 
         030  9 0.0003 0.9209 0.0013 0.0046 0.0006 0.0108 0.0011 0.0004 0.0599 
         031  9 0.0014 0.6872 0.0004 0.0276 0.0011 0.0027 0.0013 0.0003 0.2780 
         033  9 0.0074 0.0868 0.0012 0.0125 0.0015 0.0032 0.0006 0.0003 0.8864 
         001 10 0.0004 0.3902 0.0004 0.0063 0.0003 0.0068 0.0014 0.0005 0.5937 
         002 10 0.0004 0.0385 0.0009 0.0063 0.0005 0.0227 0.0012 0.0002 0.9294 
         003 10 0.0003 0.3340 0.0116 0.0042 0.0007 0.0016 0.0007 0.0004 0.6464 
         004 10 0.0004 0.2206 0.0035 0.2228 0.0005 0.0049 0.0006 0.0004 0.5464 
         005 10 0.0005 0.0387 0.0005 0.0050 0.0004 0.0041 0.0016 0.0005 0.9487 
         006 10 0.0008 0.0366 0.0010 0.0041 0.0016 0.0043 0.0007 0.0004 0.9506 
         007 10 0.0007 0.0339 0.0023 0.0072 0.0005 0.0025 0.0003 0.0003 0.9522 
         008 10 0.0008 0.6500 0.0047 0.0021 0.0011 0.0194 0.0007 0.0005 0.3207 
         009 10 0.0006 0.8151 0.0005 0.0091 0.0010 0.0017 0.0037 0.0012 0.1672 
         010 10 0.0009 0.0106 0.0009 0.0207 0.0005 0.0073 0.0031 0.0003 0.9557 
         011 10 0.0005 0.4001 0.0400 0.0052 0.0005 0.0105 0.0003 0.0015 0.5414 
         012 10 0.0004 0.4325 0.0035 0.0064 0.0027 0.0251 0.0003 0.0006 0.5284 
         013 10 0.0002 0.1682 0.0008 0.0016 0.0006 0.0040 0.0008 0.0023 0.8214 
         014 10 0.0004 0.0419 0.0013 0.1889 0.0011 0.0012 0.0010 0.0006 0.7635 
         016 10 0.0005 0.0403 0.0004 0.0070 0.0027 0.0151 0.0015 0.0007 0.9318 
         017 10 0.0005 0.9796 0.0011 0.0032 0.0006 0.0024 0.0012 0.0007 0.0105 
         018 10 0.0035 0.1131 0.0008 0.0036 0.0021 0.0022 0.0030 0.0003 0.8715 
         019 10 0.0004 0.0452 0.0013 0.0033 0.0010 0.0221 0.0054 0.0003 0.9211 
         020 10 0.0008 0.7408 0.0015 0.0275 0.0038 0.0096 0.0085 0.0007 0.2068 
         021 10 0.0013 0.0293 0.0004 0.0276 0.0005 0.0035 0.0043 0.0003 0.9328 
         022 10 0.0002 0.9395 0.0007 0.0406 0.0005 0.0015 0.0004 0.0008 0.0158 
         023 10 0.0004 0.8501 0.0010 0.0042 0.0007 0.0014 0.0003 0.0007 0.1412 
         024 10 0.0004 0.0076 0.0021 0.0024 0.0005 0.0032 0.0015 0.0002 0.9821 
         026 10 0.0005 0.9882 0.0007 0.0013 0.0008 0.0012 0.0005 0.0004 0.0062 
        001s 11 0.0964 0.6576 0.0103 0.1942 0.0005 0.0029 0.0008 0.0008 0.0364 
        002s 11 0.0006 0.0515 0.0017 0.0110 0.0007 0.0177 0.0036 0.0090 0.9042 
        003s 11 0.0074 0.5779 0.0008 0.0331 0.0006 0.1631 0.0011 0.0005 0.2156 
        004s 11 0.0004 0.0767 0.0020 0.0316 0.0007 0.0559 0.0004 0.0015 0.8308 
        005s 11 0.0018 0.0063 0.0005 0.0458 0.0006 0.0081 0.0062 0.0006 0.9301 
        006s 11 0.0006 0.0928 0.0033 0.0203 0.0139 0.0060 0.0009 0.0033 0.8589 
        007s 11 0.0083 0.0075 0.0010 0.0460 0.0033 0.0379 0.0016 0.0297 0.8647 
        008s 11 0.0004 0.7446 0.0005 0.0137 0.0004 0.1702 0.0006 0.0005 0.0691 
        009s 11 0.0004 0.8171 0.0004 0.0030 0.0005 0.0379 0.0122 0.0004 0.1280 
        010s 11 0.0006 0.2047 0.0008 0.1843 0.0030 0.0007 0.0004 0.0002 0.6053 
        011s 11 0.1021 0.0239 0.0169 0.7996 0.0006 0.0026 0.0003 0.0117 0.0423 
        012s 11 0.0662 0.0115 0.0003 0.0105 0.0011 0.3307 0.0011 0.0004 0.5782 
        013s 11 0.0013 0.6075 0.0009 0.3363 0.0005 0.0074 0.0002 0.0010 0.0450 
        014s 11 0.0040 0.0151 0.0009 0.7308 0.0033 0.0313 0.0010 0.0068 0.2068 
        015s 11 0.0021 0.1308 0.0035 0.0189 0.0020 0.0486 0.0019 0.0018 0.7903 
        016s 11 0.0445 0.4130 0.0545 0.3220 0.0005 0.0013 0.0071 0.0005 0.1567 
        017s 11 0.0492 0.0667 0.0041 0.1001 0.0004 0.3456 0.0007 0.0007 0.4325 
        018s 11 0.0045 0.0127 0.0008 0.8497 0.0025 0.0026 0.0016 0.0010 0.1247 
        019s 11 0.0005 0.0141 0.0208 0.0072 0.0009 0.0228 0.0003 0.0009 0.9325 
        020s 11 0.0012 0.0249 0.0014 0.6030 0.0004 0.0084 0.0024 0.0020 0.3562 
        021s 11 0.0007 0.9623 0.0009 0.0030 0.0009 0.0017 0.0004 0.0005 0.0295 
        022s 11 0.0014 0.2936 0.0005 0.0295 0.0007 0.1088 0.0010 0.0335 0.5311 
        023s 11 0.0303 0.1044 0.0347 0.7211 0.0009 0.0019 0.0004 0.0005 0.1059 
        025s 11 0.0003 0.0319 0.0007 0.0096 0.0006 0.0287 0.0003 0.0006 0.9273 
        026s 11 0.0395 0.6146 0.0484 0.0020 0.0005 0.0015 0.0009 0.0015 0.2912 
        027s 11 0.0006 0.0276 0.0005 0.0058 0.0011 0.0143 0.0006 0.0033 0.9463 
        028s 11 0.0045 0.3412 0.0017 0.0109 0.0029 0.0539 0.0003 0.0010 0.5836 
        029s 11 0.0216 0.8690 0.0004 0.0051 0.0015 0.0898 0.0020 0.0004 0.0101 
        030s 11 0.0212 0.0072 0.0017 0.0020 0.0008 0.3305 0.0015 0.0013 0.6337 
        031s 11 0.0006 0.9148 0.0003 0.0079 0.0005 0.0363 0.0010 0.0017 0.0369 
        032s 11 0.0014 0.8393 0.0043 0.1073 0.0004 0.0056 0.0008 0.0006 0.0402 
        033s 11 0.0037 0.6591 0.0007 0.1491 0.0010 0.0050 0.0019 0.0006 0.1789 
        034s 11 0.0013 0.1849 0.0005 0.7982 0.0005 0.0011 0.0004 0.0025 0.0105 
        035s 11 0.0023 0.0029 0.0004 0.4613 0.0009 0.0018 0.0018 0.0025 0.5261 
        036s 11 0.0117 0.6309 0.0006 0.0174 0.0026 0.2716 0.0016 0.0011 0.0625 
        037s 11 0.0009 0.0111 0.0018 0.9282 0.0041 0.0415 0.0010 0.0003 0.0111 
        038s 11 0.0018 0.4657 0.0009 0.3411 0.0039 0.0864 0.0009 0.0004 0.0989 
        039s 11 0.0016 0.0764 0.0009 0.0072 0.0004 0.0040 0.0004 0.0004 0.9086 
        040s 11 0.0451 0.1202 0.0007 0.0068 0.0149 0.0691 0.0006 0.0017 0.7409 
        041s 11 0.0013 0.0437 0.0017 0.0148 0.0008 0.0272 0.0224 0.0009 0.8872 
        042s 11 0.0011 0.5601 0.0151 0.4119 0.0008 0.0067 0.0010 0.0010 0.0023 
        043s 11 0.0049 0.4661 0.0238 0.0072 0.0249 0.0026 0.0005 0.0004 0.4697 
        044s 11 0.0004 0.0973 0.0072 0.0420 0.0006 0.0698 0.0010 0.0098 0.7720 
        045s 11 0.0004 0.8687 0.0091 0.0160 0.0025 0.0678 0.0003 0.0011 0.0340 
        046s 11 0.0273 0.1766 0.0390 0.5965 0.0003 0.1422 0.0003 0.0025 0.0153 
        047s 11 0.0008 0.0068 0.0014 0.0031 0.0005 0.2100 0.0007 0.0010 0.7757 
        048s 11 0.0039 0.8999 0.0337 0.0049 0.0021 0.0061 0.0018 0.0017 0.0459 
        049s 11 0.0012 0.0551 0.0011 0.0093 0.0004 0.0878 0.0010 0.0005 0.8436 
        050s 11 0.0007 0.2441 0.0013 0.0058 0.0004 0.0050 0.0004 0.0042 0.7381 
        051s 11 0.0005 0.3296 0.0484 0.0812 0.0005 0.0045 0.0005 0.0188 0.5159 
        052s 11 0.0021 0.3312 0.0024 0.6519 0.0019 0.0040 0.0012 0.0025 0.0028 
        053s 11 0.0004 0.0071 0.0007 0.0092 0.0003 0.0102 0.0012 0.0004 0.9704 
        054s 11 0.0007 0.0334 0.0007 0.0091 0.0022 0.0042 0.0003 0.0049 0.9444 
        055s 11 0.0093 0.0742 0.0004 0.8452 0.0616 0.0012 0.0003 0.0004 0.0074 
        001s 12 0.0018 0.0686 0.0012 0.0102 0.0025 0.0084 0.0009 0.0011 0.9052 
        002s 12 0.0016 0.3171 0.0010 0.0023 0.0004 0.0152 0.0021 0.0010 0.6592 
        003s 12 0.0006 0.6358 0.0005 0.0188 0.0005 0.0213 0.0010 0.0009 0.3207 
        004s 12 0.0700 0.8758 0.0080 0.0069 0.0003 0.0227 0.0019 0.0008 0.0137 
        005s 12 0.0004 0.3756 0.0009 0.5848 0.0009 0.0018 0.0011 0.0005 0.0339 
        006s 12 0.0145 0.6737 0.0017 0.0271 0.0055 0.1325 0.0009 0.0022 0.1420 
        007s 12 0.0012 0.0065 0.0010 0.0019 0.0005 0.0671 0.0031 0.0025 0.9160 
        008s 12 0.0012 0.2517 0.0006 0.0130 0.0442 0.0227 0.0007 0.0005 0.6654 
        009s 12 0.0083 0.1414 0.0056 0.0350 0.0018 0.2495 0.0180 0.0013 0.5390 
        010s 12 0.0050 0.2553 0.0005 0.0486 0.0013 0.0306 0.0008 0.0213 0.6367 
        011s 12 0.0019 0.9301 0.0009 0.0120 0.0012 0.0108 0.0012 0.0041 0.0378 
        012s 12 0.0017 0.5691 0.0048 0.0041 0.0005 0.2224 0.0007 0.0050 0.1916 
        013s 12 0.0008 0.1200 0.0359 0.0024 0.0005 0.0192 0.0006 0.0004 0.8202 
        014s 12 0.0013 0.0165 0.0486 0.4131 0.0024 0.0269 0.0039 0.0384 0.4489 
        015s 12 0.0020 0.0161 0.0010 0.0019 0.0009 0.0033 0.0015 0.0004 0.9729 
        016s 12 0.0008 0.9406 0.0061 0.0022 0.0003 0.0126 0.0006 0.0004 0.0365 
        017s 12 0.0066 0.1316 0.0011 0.0495 0.0005 0.0138 0.0004 0.0009 0.7955 
        018s 12 0.0009 0.0080 0.0022 0.0103 0.0014 0.2039 0.0027 0.0003 0.7702 
        019s 12 0.0058 0.1704 0.0006 0.0410 0.0006 0.0121 0.0039 0.0005 0.7652 
        020s 12 0.0655 0.0054 0.0005 0.0085 0.0031 0.0080 0.0002 0.0004 0.9085 
        021s 12 0.0026 0.2868 0.0022 0.0064 0.0006 0.1128 0.0006 0.0004 0.5875 
        022s 12 0.0213 0.0573 0.0038 0.0472 0.0090 0.0394 0.0045 0.0006 0.8169 
        023s 12 0.0006 0.3319 0.0010 0.0111 0.0008 0.0103 0.0008 0.0003 0.6431 
        024s 12 0.0007 0.0209 0.0005 0.4713 0.0006 0.1267 0.0005 0.0004 0.3784 
        025s 12 0.0009 0.0520 0.0009 0.0089 0.0247 0.0073 0.0040 0.0011 0.9002 
        026s 12 0.0259 0.0077 0.0011 0.0548 0.0006 0.0120 0.0070 0.0010 0.8899 
        027s 12 0.0015 0.2704 0.0004 0.0075 0.0060 0.0074 0.0003 0.0004 0.7061 
        028s 12 0.0016 0.0089 0.0033 0.9355 0.0005 0.0012 0.0162 0.0006 0.0322 
        029s 12 0.0005 0.0072 0.0008 0.2964 0.0003 0.0174 0.0004 0.0012 0.6758 
        030s 12 0.0010 0.0356 0.0008 0.0065 0.0005 0.0433 0.0004 0.0017 0.9102 
        031s 12 0.0037 0.0588 0.0031 0.0027 0.0009 0.0048 0.0007 0.0010 0.9242 
        032s 12 0.0008 0.0228 0.0011 0.8158 0.0003 0.0083 0.0113 0.0005 0.1391 
        033s 12 0.0011 0.7999 0.0006 0.0108 0.0039 0.0206 0.0007 0.0016 0.1610 
        034s 12 0.0002 0.0078 0.0004 0.8657 0.0008 0.0009 0.0009 0.0004 0.1229 
        035s 12 0.0088 0.8084 0.0006 0.1162 0.0030 0.0125 0.0007 0.0015 0.0483 
        036s 12 0.0018 0.1780 0.0010 0.1228 0.0107 0.1238 0.0036 0.0053 0.5529 
        037s 12 0.0014 0.0095 0.0009 0.0022 0.0003 0.0468 0.0012 0.0003 0.9373 
        001s 13 0.0213 0.9541 0.0024 0.0077 0.0006 0.0039 0.0011 0.0006 0.0082 
        002s 13 0.0417 0.0189 0.0010 0.8279 0.0137 0.0674 0.0003 0.0003 0.0288 
        003s 13 0.0005 0.3146 0.0017 0.0131 0.0022 0.0488 0.0011 0.0003 0.6175 
        004s 13 0.0007 0.9605 0.0041 0.0038 0.0003 0.0070 0.0139 0.0006 0.0092 
        005s 13 0.0032 0.9127 0.0020 0.0034 0.0053 0.0039 0.0026 0.0025 0.0642 
        006s 13 0.0004 0.0653 0.0007 0.0251 0.0014 0.1189 0.0013 0.0010 0.7858 
        007s 13 0.0010 0.0603 0.0011 0.0102 0.0043 0.0436 0.0005 0.0214 0.8577 
        008s 13 0.0454 0.0056 0.0005 0.0028 0.0013 0.0112 0.0022 0.0017 0.9294 
        009s 13 0.1231 0.7939 0.0016 0.0016 0.0052 0.0112 0.0087 0.0012 0.0536 
        010s 13 0.0325 0.6851 0.0012 0.0047 0.0014 0.2490 0.0017 0.0005 0.0240 
        011s 13 0.0014 0.0289 0.0026 0.1429 0.0035 0.0083 0.0050 0.0206 0.7869 
        012s 13 0.0244 0.0145 0.0234 0.0041 0.0008 0.3737 0.0048 0.0010 0.5533 
        013s 13 0.0240 0.0066 0.0043 0.4369 0.0004 0.0026 0.0006 0.0283 0.4964 
        014s 13 0.0007 0.0159 0.0041 0.0015 0.0079 0.1732 0.0007 0.0118 0.7843 
        015s 13 0.0095 0.2821 0.0073 0.0294 0.0005 0.0052 0.0117 0.0015 0.6529 
        016s 13 0.0003 0.9009 0.0011 0.0074 0.0008 0.0042 0.0008 0.0005 0.0840 
        017s 13 0.0008 0.9032 0.0005 0.0119 0.0574 0.0200 0.0026 0.0006 0.0030 
        018s 13 0.0004 0.9335 0.0010 0.0245 0.0013 0.0219 0.0009 0.0003 0.0162 
        019s 13 0.0007 0.0141 0.0011 0.0506 0.0028 0.0445 0.0005 0.0007 0.8852 
        020s 13 0.0011 0.0521 0.0005 0.9255 0.0043 0.0006 0.0032 0.0034 0.0093 
        021s 13 0.0010 0.0352 0.0014 0.0268 0.0003 0.0046 0.0008 0.0008 0.9292 
        022s 13 0.0010 0.0271 0.0006 0.0035 0.0021 0.0065 0.0005 0.0005 0.9581 
        023s 13 0.0007 0.1554 0.0004 0.0545 0.0018 0.0017 0.0005 0.0003 0.7847 
        024s 13 0.0351 0.0335 0.0410 0.0233 0.0011 0.1007 0.0017 0.0036 0.7601 
        025s 13 0.0013 0.9529 0.0021 0.0042 0.0010 0.0027 0.0008 0.0003 0.0348 
        026s 13 0.0346 0.0243 0.0124 0.0052 0.0211 0.3564 0.0008 0.0014 0.5437 
        027s 13 0.0370 0.0141 0.0013 0.0081 0.0010 0.0262 0.0034 0.0019 0.9071 
        028s 13 0.0017 0.0222 0.0033 0.4073 0.0290 0.0036 0.0067 0.0019 0.5243 
        029s 13 0.0119 0.0198 0.0030 0.8322 0.0012 0.1065 0.0008 0.0019 0.0227 
        030s 13 0.0710 0.1099 0.0338 0.6458 0.0008 0.0644 0.0006 0.0005 0.0731 
        031s 13 0.0032 0.0057 0.0980 0.0013 0.0011 0.0642 0.0013 0.0030 0.8222 
        032s 13 0.0007 0.7841 0.0003 0.0082 0.0004 0.0038 0.0004 0.0093 0.1927 
        033s 13 0.0025 0.8089 0.0011 0.0114 0.0176 0.0788 0.0009 0.0066 0.0721 
        034s 13 0.0477 0.0080 0.0011 0.9068 0.0003 0.0022 0.0028 0.0213 0.0099 
        035s 13 0.0005 0.6154 0.0039 0.2207 0.0010 0.0027 0.0021 0.0008 0.1530 
        036s 13 0.0017 0.4772 0.0004 0.2218 0.0012 0.0063 0.0007 0.0004 0.2903 
        037s 13 0.0005 0.0109 0.0018 0.0085 0.0005 0.0224 0.0005 0.0006 0.9541 
        038s 13 0.0011 0.3201 0.0016 0.5404 0.0053 0.0129 0.0012 0.0006 0.1168 
        039s 13 0.0943 0.2737 0.0695 0.0016 0.0016 0.0031 0.0007 0.0010 0.5545 
        040s 13 0.0017 0.3313 0.0011 0.0058 0.0006 0.1051 0.0006 0.0009 0.5530 
        041s 13 0.0378 0.0781 0.0014 0.0025 0.0019 0.0902 0.0006 0.0033 0.7841 
        042s 13 0.0003 0.0238 0.0011 0.9616 0.0004 0.0024 0.0007 0.0016 0.0080 
        001s 14 0.0171 0.4277 0.0011 0.4964 0.0008 0.0524 0.0023 0.0010 0.0012 
        002s 14 0.0611 0.0083 0.0011 0.0027 0.0026 0.0116 0.0041 0.0011 0.9074 
        003s 14 0.0004 0.0043 0.0011 0.9846 0.0012 0.0019 0.0009 0.0005 0.0051 
        004s 14 0.0123 0.9222 0.0037 0.0057 0.0005 0.0174 0.0009 0.0143 0.0230 
        005s 14 0.0005 0.0070 0.0006 0.1628 0.0004 0.0066 0.0007 0.0002 0.8213 
        006s 14 0.0006 0.9026 0.0005 0.0231 0.0004 0.0389 0.0005 0.0005 0.0328 
        007s 14 0.0007 0.6171 0.0014 0.0235 0.0013 0.0058 0.0006 0.0010 0.3486 
        008s 14 0.1019 0.0029 0.0026 0.8067 0.0002 0.0040 0.0166 0.0082 0.0569 
        009s 14 0.0021 0.8324 0.0010 0.0429 0.0041 0.0083 0.0061 0.0004 0.1026 
        010s 14 0.0634 0.5674 0.0018 0.2558 0.0004 0.0024 0.0142 0.0005 0.0941 
        011s 14 0.0013 0.4615 0.0016 0.4706 0.0457 0.0091 0.0007 0.0036 0.0059 
        012s 14 0.0005 0.0235 0.0019 0.8771 0.0022 0.0108 0.0023 0.0017 0.0801 
        013s 14 0.0008 0.2013 0.0075 0.2075 0.0007 0.1854 0.0008 0.0069 0.3892 
        014s 14 0.0407 0.7258 0.0011 0.0075 0.0007 0.1020 0.0082 0.0006 0.1134 
        015s 14 0.0006 0.0240 0.0030 0.0413 0.0006 0.0707 0.0083 0.0007 0.8508 
        016s 14 0.0016 0.1111 0.0127 0.0030 0.0006 0.0443 0.0008 0.0003 0.8256 
        017s 14 0.0578 0.0150 0.0009 0.0035 0.0019 0.1106 0.0005 0.0062 0.8037 
        018s 14 0.0004 0.8073 0.0014 0.0110 0.0007 0.0369 0.0010 0.0004 0.1409 
        019s 14 0.0010 0.3895 0.0005 0.0084 0.0021 0.0027 0.0003 0.0011 0.5943 
        020s 14 0.0007 0.2037 0.0022 0.7554 0.0013 0.0045 0.0127 0.0003 0.0192 
        021s 14 0.0048 0.1868 0.0003 0.0083 0.0014 0.0024 0.0075 0.0004 0.7881 
        022s 14 0.0034 0.0068 0.0015 0.0076 0.0011 0.0503 0.0022 0.0026 0.9246 
        023s 14 0.0177 0.7238 0.0032 0.0105 0.0003 0.0182 0.0017 0.0018 0.2228 
        024s 14 0.0507 0.7257 0.0010 0.1637 0.0047 0.0159 0.0036 0.0011 0.0336 
        025s 14 0.0714 0.8761 0.0002 0.0385 0.0002 0.0020 0.0004 0.0003 0.0107 
        026s 14 0.0005 0.9405 0.0011 0.0063 0.0004 0.0304 0.0025 0.0003 0.0180 
        027s 14 0.0028 0.6925 0.0044 0.0979 0.0006 0.1138 0.0007 0.0004 0.0869 
        028s 14 0.0006 0.0031 0.0006 0.0105 0.0010 0.0060 0.0024 0.0018 0.9739 
        029s 14 0.0005 0.0389 0.0008 0.0101 0.0002 0.0231 0.0006 0.0004 0.9255 
        030s 14 0.0008 0.7436 0.0009 0.0995 0.0018 0.1427 0.0005 0.0038 0.0063 
        031s 14 0.0006 0.5312 0.0020 0.3516 0.0004 0.0062 0.0005 0.0285 0.0789 
        032s 14 0.0010 0.0150 0.0023 0.2149 0.0007 0.0033 0.0005 0.0011 0.7612 
        033s 14 0.0005 0.0568 0.0010 0.3864 0.0016 0.0017 0.0011 0.0470 0.5039 
        034s 14 0.0004 0.4453 0.0005 0.0049 0.0006 0.0067 0.0007 0.0003 0.5406 
        035s 14 0.0359 0.0276 0.0011 0.0378 0.0049 0.3716 0.0005 0.0564 0.4641 
        036s 14 0.0452 0.0047 0.0064 0.6770 0.0019 0.0409 0.0012 0.0219 0.2008 
        037s 14 0.0008 0.0078 0.0024 0.0147 0.0006 0.0169 0.0011 0.0005 0.9554 
        038s 14 0.0006 0.3435 0.0006 0.0166 0.0008 0.0298 0.0007 0.0004 0.6070 
        039s 14 0.0028 0.1108 0.0069 0.0066 0.0010 0.0053 0.0039 0.0025 0.8601 
        040s 14 0.0210 0.7644 0.0013 0.0283 0.0005 0.0252 0.0003 0.0011 0.1580 
        041s 14 0.0007 0.0651 0.0010 0.3429 0.0004 0.2087 0.0005 0.0009 0.3796 
        042s 14 0.0517 0.6413 0.0021 0.0134 0.0009 0.1176 0.0014 0.0005 0.1710 
        001s 15 0.0010 0.0020 0.0013 0.3874 0.0006 0.0012 0.0009 0.0006 0.6050 
        002s 15 0.0971 0.0013 0.0072 0.0633 0.0008 0.0318 0.0055 0.0038 0.7892 
        003s 15 0.0043 0.0268 0.0057 0.0075 0.0071 0.0074 0.0010 0.0007 0.9395 
        004s 15 0.0009 0.3507 0.0003 0.0035 0.0003 0.2653 0.0083 0.0007 0.3700 
        005s 15 0.0078 0.6638 0.0053 0.0090 0.0099 0.0079 0.0009 0.0010 0.2944 
        006s 15 0.0181 0.0265 0.0012 0.0098 0.0005 0.0912 0.0007 0.0017 0.8502 
        007s 15 0.0006 0.1226 0.0008 0.0137 0.0005 0.0558 0.0014 0.0007 0.8039 
        008s 15 0.0008 0.0411 0.0009 0.0219 0.0003 0.0811 0.0008 0.0005 0.8526 
        009s 15 0.0066 0.6340 0.0430 0.0012 0.0082 0.2891 0.0005 0.0011 0.0162 
        010s 15 0.0004 0.2568 0.0024 0.7258 0.0014 0.0076 0.0004 0.0004 0.0048 
        011s 15 0.0005 0.5474 0.0013 0.0018 0.0103 0.3380 0.0005 0.0264 0.0737 
        012s 15 0.0015 0.0123 0.0017 0.0037 0.0075 0.0116 0.0011 0.0005 0.9601 
        013s 15 0.0017 0.0101 0.0015 0.8903 0.0005 0.0141 0.0075 0.0005 0.0739 
        014s 15 0.0007 0.0617 0.0043 0.0033 0.0013 0.0039 0.0039 0.0009 0.9200 
        015s 15 0.0783 0.0063 0.0026 0.0026 0.0009 0.0154 0.0016 0.0056 0.8867 
        016s 15 0.0031 0.0731 0.0006 0.8135 0.0013 0.0054 0.0385 0.0628 0.0016 
        017s 15 0.0017 0.8253 0.0020 0.0163 0.0012 0.0011 0.0151 0.0006 0.1366 
        018s 15 0.0020 0.4553 0.0004 0.5046 0.0008 0.0044 0.0034 0.0002 0.0289 
        019s 15 0.0031 0.2058 0.0081 0.5299 0.0020 0.2117 0.0007 0.0004 0.0382 
        020s 15 0.0005 0.4363 0.0006 0.4866 0.0010 0.0046 0.0005 0.0005 0.0694 
        021s 15 0.0282 0.2958 0.0030 0.0086 0.0027 0.1814 0.0025 0.0007 0.4770 
        022s 15 0.0007 0.8248 0.0005 0.0150 0.0030 0.1473 0.0006 0.0010 0.0071 
        023s 15 0.0194 0.0305 0.0008 0.0067 0.0020 0.1266 0.0005 0.0025 0.8110 
        024s 15 0.0019 0.9806 0.0010 0.0020 0.0006 0.0025 0.0003 0.0045 0.0066 
