        001s  1 0.0404 0.0012 0.0003 0.0006 0.0003 0.0003 0.1676 0.7892 
        002s  1 0.2696 0.0006 0.0008 0.0006 0.0028 0.0013 0.6794 0.0448 
        003s  1 0.0053 0.0235 0.0028 0.0030 0.0006 0.0006 0.8649 0.0994 
        004s  1 0.0815 0.0006 0.0032 0.0062 0.0262 0.0017 0.4622 0.4184 
        005s  1 0.0020 0.0004 0.0013 0.1658 0.1276 0.1392 0.5619 0.0018 
        006s  1 0.0133 0.0003 0.0004 0.0006 0.0010 0.0004 0.0036 0.9805 
        007s  1 0.0502 0.0008 0.0027 0.0022 0.0004 0.0007 0.0162 0.9268 
        008s  1 0.0073 0.0011 0.0013 0.0043 0.0013 0.0005 0.5260 0.4582 
        009s  1 0.0020 0.0021 0.0086 0.0345 0.0012 0.0161 0.2392 0.6963 
        010s  1 0.5311 0.0008 0.0005 0.0097 0.0010 0.0009 0.0089 0.4470 
        011s  1 0.0373 0.0047 0.0018 0.0012 0.0021 0.0008 0.0076 0.9444 
        012s  1 0.0061 0.0071 0.0008 0.1114 0.0050 0.0043 0.0121 0.8532 
        013s  1 0.1550 0.0014 0.0081 0.0013 0.0075 0.0168 0.0148 0.7952 
        014s  1 0.0036 0.0102 0.0033 0.0212 0.0024 0.0007 0.0032 0.9553 
        015s  1 0.0995 0.0007 0.0004 0.0005 0.0005 0.0003 0.0051 0.8930 
        016s  1 0.0242 0.0008 0.0043 0.0030 0.0009 0.0005 0.0256 0.9407 
        018s  1 0.0135 0.0008 0.0006 0.1356 0.0017 0.0072 0.0508 0.7899 
        019s  1 0.0849 0.0051 0.0012 0.0140 0.0005 0.0010 0.1098 0.7835 
        020s  1 0.8758 0.0088 0.0108 0.0008 0.0003 0.0003 0.0032 0.1000 
        021s  1 0.3533 0.0009 0.0080 0.0002 0.0070 0.0008 0.0255 0.6044 
        022s  1 0.0195 0.0005 0.0011 0.0004 0.0004 0.0002 0.9587 0.0193 
        023s  1 0.0480 0.0015 0.0101 0.0004 0.0004 0.0004 0.0839 0.8552 
        024s  1 0.0069 0.0005 0.0005 0.0015 0.0018 0.0003 0.0098 0.9788 
        025s  1 0.1793 0.0004 0.0009 0.0096 0.0016 0.0009 0.0261 0.7812 
        026s  1 0.0545 0.0043 0.0090 0.0007 0.0005 0.0020 0.0073 0.9218 
        027s  1 0.0906 0.0008 0.0018 0.0018 0.0146 0.0007 0.0402 0.8494 
        028s  1 0.0074 0.0020 0.0006 0.0423 0.0556 0.0012 0.0352 0.8557 
        029s  1 0.0678 0.0036 0.0006 0.0011 0.0006 0.0003 0.0110 0.9150 
        030s  1 0.8533 0.0074 0.0007 0.0019 0.0068 0.0005 0.0072 0.1221 
        031s  1 0.0477 0.0005 0.0009 0.0004 0.0003 0.0002 0.0421 0.9080 
        032s  1 0.7979 0.0015 0.0014 0.0007 0.0011 0.0003 0.0040 0.1931 
        033s  1 0.0067 0.0006 0.0009 0.0022 0.0004 0.0093 0.0076 0.9724 
        034s  1 0.3025 0.0031 0.0591 0.0021 0.0038 0.0004 0.5691 0.0599 
        035s  1 0.1988 0.0017 0.0010 0.0025 0.0016 0.0004 0.0037 0.7903 
        036s  1 0.4881 0.0005 0.0013 0.0963 0.0011 0.0006 0.4071 0.0050 
        037s  1 0.0275 0.0014 0.0302 0.1055 0.0042 0.0069 0.0022 0.8220 
        038s  1 0.8089 0.0009 0.0013 0.0014 0.0006 0.0014 0.0143 0.1712 
        039s  1 0.0040 0.0009 0.0004 0.0003 0.0012 0.0306 0.0194 0.9431 
        040s  1 0.5973 0.0007 0.0028 0.0011 0.0046 0.0010 0.1317 0.2608 
        041s  1 0.0081 0.0008 0.0035 0.0021 0.0004 0.0015 0.0041 0.9796 
        042s  1 0.0433 0.0008 0.0766 0.0792 0.0008 0.0005 0.0253 0.7737 
        043s  1 0.0061 0.0009 0.0005 0.0025 0.0004 0.0328 0.9409 0.0158 
        044s  1 0.7161 0.0036 0.0057 0.0684 0.0112 0.0260 0.1638 0.0053 
        045s  1 0.8629 0.0008 0.0010 0.0140 0.0026 0.0005 0.0019 0.1163 
        046s  1 0.1782 0.0026 0.0008 0.0016 0.0004 0.0005 0.0180 0.7980 
        047s  1 0.6619 0.0014 0.0053 0.0011 0.0002 0.0005 0.0029 0.3269 
        048s  1 0.0959 0.0006 0.0007 0.0285 0.0002 0.0124 0.5546 0.3070 
        049s  1 0.0082 0.0007 0.0005 0.0007 0.0021 0.0004 0.8988 0.0886 
        050s  1 0.1616 0.0003 0.0005 0.0969 0.0039 0.0013 0.0393 0.6961 
        051s  1 0.0128 0.0217 0.0007 0.0005 0.0008 0.0003 0.0037 0.9594 
        052s  1 0.2081 0.0152 0.0014 0.0068 0.0051 0.0040 0.0225 0.7369 
        053s  1 0.7029 0.0003 0.0005 0.0013 0.0003 0.0056 0.0032 0.2860 
        054s  1 0.5990 0.0026 0.0012 0.0002 0.0031 0.0013 0.0029 0.3897 
        055s  1 0.0019 0.0020 0.0692 0.0577 0.0008 0.0305 0.0069 0.8310 
          01  2 0.0747 0.0278 0.0015 0.1179 0.0014 0.0020 0.0018 0.7728 
          02  2 0.9461 0.0013 0.0008 0.0074 0.0010 0.0223 0.0025 0.0185 
          03  2 0.9355 0.0005 0.0016 0.0020 0.0010 0.0010 0.0058 0.0526 
          04  2 0.0959 0.0008 0.0108 0.0014 0.0144 0.0031 0.0757 0.7980 
          05  2 0.0065 0.0002 0.0007 0.1093 0.0003 0.0032 0.8283 0.0515 
          06  2 0.9432 0.0008 0.0007 0.0188 0.0013 0.0090 0.0071 0.0191 
          07  2 0.1529 0.0007 0.0005 0.0048 0.0020 0.0054 0.0854 0.7483 
          08  2 0.2199 0.0015 0.0007 0.0789 0.0004 0.0007 0.6728 0.0251 
          09  2 0.3821 0.0097 0.0005 0.0008 0.0004 0.0004 0.0483 0.5579 
          10  2 0.8647 0.0006 0.0005 0.0014 0.0008 0.0008 0.0080 0.1233 
          11  2 0.5704 0.0109 0.0028 0.0230 0.0009 0.0005 0.0165 0.3750 
          12  2 0.1682 0.0014 0.0006 0.0005 0.0008 0.0015 0.0133 0.8137 
          13  2 0.0095 0.0009 0.0006 0.0003 0.0003 0.0014 0.0615 0.9254 
          14  2 0.0954 0.0034 0.0215 0.0003 0.0053 0.0012 0.3311 0.5417 
          15  2 0.1969 0.0010 0.0014 0.0009 0.0006 0.0012 0.2701 0.5280 
          16  2 0.0055 0.0047 0.0027 0.0008 0.0556 0.0004 0.0021 0.9283 
          17  2 0.7605 0.0009 0.0014 0.0023 0.0004 0.0034 0.0544 0.1766 
          18  2 0.0846 0.0014 0.0008 0.0071 0.0016 0.0099 0.0016 0.8930 
          19  2 0.6794 0.0021 0.0042 0.0012 0.0003 0.0007 0.0068 0.3053 
          20  2 0.0156 0.0023 0.0047 0.0500 0.0112 0.0004 0.0035 0.9123 
          21  2 0.0603 0.0165 0.0006 0.0015 0.0004 0.0006 0.0142 0.9058 
          22  2 0.0289 0.0047 0.0059 0.0024 0.0048 0.0013 0.0072 0.9448 
          23  2 0.9667 0.0008 0.0022 0.0009 0.0014 0.0017 0.0030 0.0232 
          24  2 0.5255 0.0011 0.0009 0.0006 0.0007 0.0008 0.0046 0.4657 
          25  2 0.0853 0.0021 0.0013 0.0062 0.0246 0.0022 0.0230 0.8554 
          26  2 0.0010 0.0009 0.0002 0.0005 0.0005 0.0005 0.9951 0.0014 
          27  2 0.1272 0.0010 0.0031 0.0009 0.0209 0.0023 0.0371 0.8075 
          28  2 0.0484 0.0011 0.0043 0.0008 0.0003 0.0010 0.0565 0.8877 
          29  2 0.8956 0.0009 0.0003 0.0012 0.0012 0.0004 0.0046 0.0958 
          30  2 0.0038 0.0136 0.0795 0.1429 0.0008 0.0031 0.0505 0.7057 
          01  3 0.0298 0.0004 0.0206 0.1897 0.0013 0.4707 0.1131 0.1743 
          02  3 0.0024 0.0726 0.0041 0.1969 0.2982 0.3015 0.0013 0.1230 
          03  3 0.0007 0.0008 0.0008 0.2680 0.2619 0.0958 0.3606 0.0114 
          04  3 0.0098 0.0008 0.0016 0.3119 0.2077 0.2969 0.0506 0.1205 
          05  3 0.0006 0.1149 0.1218 0.2341 0.2742 0.2530 0.0006 0.0009 
          06  3 0.0024 0.0004 0.0013 0.2490 0.3347 0.3357 0.0298 0.0468 
          07  3 0.0089 0.0022 0.0004 0.3396 0.2190 0.0623 0.3102 0.0575 
          08  3 0.0422 0.0093 0.0063 0.2716 0.2283 0.1950 0.1972 0.0502 
          09  3 0.0087 0.0003 0.0039 0.3841 0.2298 0.0787 0.2422 0.0523 
          10  3 0.0241 0.2183 0.1314 0.0758 0.2853 0.2463 0.0060 0.0128 
          11  3 0.0012 0.0003 0.0005 0.3544 0.2417 0.1096 0.2884 0.0039 
          12  3 0.0006 0.0003 0.0004 0.3500 0.2479 0.1160 0.2833 0.0015 
          13  3 0.0026 0.0166 0.0003 0.2737 0.3354 0.3671 0.0025 0.0019 
          14  3 0.0016 0.0470 0.1558 0.1938 0.3193 0.2764 0.0015 0.0046 
          15  3 0.0032 0.0002 0.0027 0.2901 0.1837 0.1802 0.2037 0.1361 
          16  3 0.0655 0.0037 0.0028 0.0693 0.3363 0.5054 0.0015 0.0155 
          17  3 0.0901 0.0008 0.0005 0.3550 0.1115 0.1348 0.0271 0.2802 
          18  3 0.0087 0.1653 0.2791 0.1044 0.2296 0.1989 0.0085 0.0055 
          19  3 0.0071 0.0005 0.0070 0.1676 0.2744 0.3895 0.1530 0.0011 
          20  3 0.0152 0.0004 0.0539 0.2889 0.1599 0.3199 0.1392 0.0227 
          21  3 0.0021 0.0011 0.0073 0.1710 0.1764 0.4078 0.0725 0.1618 
          22  3 0.0007 0.0005 0.0018 0.4012 0.1573 0.1383 0.2989 0.0013 
          23  3 0.0742 0.0003 0.0014 0.2500 0.1945 0.3255 0.0191 0.1350 
          24  3 0.0011 0.1684 0.0031 0.3624 0.1579 0.2569 0.0269 0.0233 
          25  3 0.0005 0.2490 0.1362 0.1538 0.1391 0.3207 0.0003 0.0004 
          26  3 0.0017 0.0003 0.0007 0.3600 0.2556 0.1567 0.2187 0.0063 
          27  3 0.0071 0.1367 0.1796 0.1068 0.2040 0.3093 0.0073 0.0492 
          28  3 0.0015 0.0017 0.0003 0.2306 0.2533 0.4251 0.0355 0.0520 
          29  3 0.0087 0.0041 0.0096 0.2360 0.2236 0.3586 0.0419 0.1175 
          30  3 0.0014 0.0006 0.0003 0.2858 0.0999 0.3001 0.3106 0.0013 
         001  4 0.0001 0.0001 0.0001 0.9995 0.0001 0.0001 0.0001 0.0001 
         002  4 0.0002 0.0002 0.0001 0.9977 0.0003 0.0010 0.0002 0.0002 
         003  4 0.0001 0.0001 0.0001 0.9994 0.0001 0.0001 0.0001 0.0001 
         004  4 0.0001 0.0001 0.0001 0.9993 0.0002 0.0001 0.0001 0.0001 
         005  4 0.0001 0.0002 0.0001 0.9992 0.0002 0.0001 0.0001 0.0001 
         006  4 0.0003 0.0003 0.0002 0.8981 0.0662 0.0340 0.0004 0.0006 
         007  4 0.0003 0.0002 0.0004 0.9300 0.0676 0.0002 0.0006 0.0007 
         008  4 0.0004 0.0024 0.0031 0.9915 0.0008 0.0004 0.0008 0.0004 
         009  4 0.0001 0.0001 0.0001 0.9992 0.0002 0.0001 0.0001 0.0001 
         010  4 0.0001 0.0001 0.0000 0.9745 0.0251 0.0001 0.0001 0.0001 
         011  4 0.0007 0.0003 0.0122 0.9429 0.0414 0.0007 0.0008 0.0010 
         012  4 0.0001 0.0001 0.0001 0.9994 0.0001 0.0001 0.0001 0.0001 
         013  4 0.0001 0.0000 0.0001 0.9994 0.0001 0.0001 0.0001 0.0001 
         014  4 0.0001 0.0001 0.0001 0.9990 0.0001 0.0002 0.0002 0.0001 
         015  4 0.0001 0.0001 0.0000 0.9992 0.0001 0.0004 0.0001 0.0001 
         016  4 0.0001 0.0001 0.0001 0.9993 0.0002 0.0001 0.0001 0.0001 
         017  4 0.0002 0.0001 0.0001 0.9987 0.0002 0.0005 0.0001 0.0001 
         019  4 0.0002 0.0003 0.0003 0.8989 0.0921 0.0075 0.0003 0.0004 
         020  4 0.0001 0.0002 0.0001 0.9990 0.0002 0.0002 0.0001 0.0002 
         021  4 0.0002 0.0001 0.0002 0.9645 0.0345 0.0001 0.0002 0.0002 
         001  5 0.0003 0.0013 0.0327 0.9484 0.0004 0.0151 0.0004 0.0014 
         002  5 0.0063 0.0018 0.0011 0.9381 0.0003 0.0328 0.0104 0.0092 
         003  5 0.0042 0.0003 0.0025 0.6992 0.0426 0.0905 0.0008 0.1599 
         004  5 0.0220 0.0003 0.0011 0.9302 0.0015 0.0027 0.0056 0.0366 
         005  5 0.0003 0.0002 0.0005 0.9361 0.0004 0.0620 0.0003 0.0003 
         006  5 0.0004 0.0006 0.0002 0.8134 0.0395 0.1452 0.0004 0.0004 
         007  5 0.0002 0.0002 0.0002 0.8646 0.0566 0.0775 0.0003 0.0003 
         008  5 0.0001 0.0001 0.0001 0.9166 0.0004 0.0823 0.0001 0.0001 
         009  5 0.0317 0.0002 0.0020 0.9132 0.0061 0.0258 0.0049 0.0161 
         010  5 0.0021 0.0004 0.0014 0.8635 0.0303 0.0999 0.0015 0.0011 
         011  5 0.0004 0.0001 0.0019 0.9332 0.0002 0.0631 0.0003 0.0007 
         012  5 0.0051 0.0011 0.0019 0.8425 0.0799 0.0293 0.0033 0.0369 
         013  5 0.0305 0.0006 0.0003 0.7049 0.0047 0.0930 0.0156 0.1503 
         014  5 0.1521 0.0180 0.0073 0.6770 0.0716 0.0607 0.0054 0.0079 
         015  5 0.0001 0.0002 0.0002 0.9353 0.0216 0.0423 0.0002 0.0002 
         016  5 0.0012 0.0005 0.0002 0.9018 0.0501 0.0443 0.0007 0.0010 
         017  5 0.0126 0.0015 0.0001 0.8306 0.0609 0.0792 0.0069 0.0083 
         018  5 0.0258 0.0191 0.0136 0.8257 0.0027 0.0776 0.0005 0.0349 
         019  5 0.0005 0.0097 0.0014 0.9864 0.0004 0.0009 0.0003 0.0003 
         020  5 0.0002 0.0001 0.0001 0.9987 0.0001 0.0004 0.0001 0.0001 
         021  5 0.0536 0.0004 0.0019 0.8490 0.0005 0.0056 0.0454 0.0436 
         022  5 0.0199 0.0015 0.0218 0.9184 0.0218 0.0022 0.0042 0.0101 
         023  5 0.0006 0.0005 0.0016 0.9172 0.0024 0.0758 0.0007 0.0013 
         024  5 0.0165 0.0003 0.0006 0.8861 0.0751 0.0070 0.0050 0.0094 
         025  5 0.0028 0.0010 0.0004 0.8670 0.0681 0.0407 0.0056 0.0144 
         026  5 0.0508 0.0004 0.0005 0.8209 0.0184 0.0250 0.0013 0.0828 
         027  5 0.0001 0.0001 0.0001 0.9985 0.0006 0.0001 0.0002 0.0002 
         028  5 0.0054 0.0011 0.0104 0.9097 0.0535 0.0060 0.0051 0.0089 
         029  5 0.0003 0.0002 0.0002 0.9611 0.0011 0.0365 0.0002 0.0003 
         030  5 0.0007 0.0032 0.0011 0.9585 0.0005 0.0349 0.0005 0.0005 
        001s  6 0.2345 0.0007 0.0204 0.0008 0.0118 0.0134 0.2445 0.4739 
        002s  6 0.0535 0.0224 0.0006 0.0241 0.0005 0.0042 0.0208 0.8738 
        003s  6 0.0243 0.0006 0.0022 0.0095 0.0003 0.0061 0.0989 0.8580 
        004s  6 0.8897 0.0007 0.0005 0.0005 0.0003 0.0004 0.0063 0.1016 
        006s  6 0.0028 0.0016 0.0064 0.0529 0.0178 0.0013 0.0010 0.9162 
        007s  6 0.0735 0.0008 0.0005 0.0005 0.0025 0.0007 0.0035 0.9181 
        008s  6 0.9373 0.0029 0.0070 0.0027 0.0007 0.0010 0.0026 0.0458 
        009s  6 0.4714 0.0008 0.0007 0.0003 0.0003 0.0004 0.0048 0.5211 
        010s  6 0.4729 0.0095 0.0132 0.0194 0.0076 0.0008 0.0020 0.4745 
        011s  6 0.9796 0.0003 0.0013 0.0004 0.0009 0.0072 0.0016 0.0088 
        012s  6 0.3898 0.0022 0.0017 0.0005 0.0030 0.0011 0.0100 0.5917 
        013s  6 0.9346 0.0005 0.0004 0.0010 0.0012 0.0006 0.0028 0.0590 
        014s  6 0.2756 0.0003 0.0003 0.0590 0.0005 0.0139 0.3792 0.2711 
        015s  6 0.9560 0.0015 0.0067 0.0109 0.0133 0.0009 0.0012 0.0096 
        016s  6 0.4774 0.0008 0.0013 0.0003 0.0012 0.0009 0.0737 0.4444 
        018s  6 0.1345 0.0005 0.0019 0.2222 0.0004 0.0665 0.0305 0.5435 
        019s  6 0.0203 0.0011 0.0028 0.0038 0.0011 0.0078 0.0784 0.8848 
        020s  6 0.0566 0.0012 0.0005 0.0003 0.0004 0.0009 0.0496 0.8905 
        021s  6 0.1775 0.0025 0.0033 0.0009 0.0066 0.0092 0.0017 0.7984 
        022s  6 0.9066 0.0006 0.0053 0.0008 0.0002 0.0008 0.0326 0.0532 
        023s  6 0.1592 0.0004 0.0005 0.0182 0.0006 0.0013 0.5640 0.2557 
        024s  6 0.4910 0.0016 0.0010 0.0487 0.0021 0.0006 0.0074 0.4478 
        025s  6 0.7997 0.0004 0.0730 0.0013 0.0008 0.0028 0.0036 0.1183 
        026s  6 0.7413 0.0024 0.0005 0.0004 0.0005 0.0007 0.0151 0.2390 
        027s  6 0.2390 0.0012 0.0005 0.0012 0.0006 0.0005 0.0125 0.7444 
        028s  6 0.0149 0.0429 0.0053 0.0075 0.0056 0.0054 0.0013 0.9172 
        029s  6 0.0251 0.0011 0.0011 0.0005 0.0004 0.0004 0.0037 0.9677 
        030s  6 0.1092 0.0013 0.0066 0.0682 0.0005 0.0018 0.0027 0.8097 
        031s  6 0.3270 0.0003 0.0005 0.0021 0.0063 0.0006 0.6025 0.0608 
        032s  6 0.7088 0.0005 0.0008 0.0012 0.0005 0.0391 0.0183 0.2307 
        033s  6 0.0018 0.0005 0.0009 0.0798 0.0002 0.0012 0.0028 0.9129 
        034s  6 0.7811 0.0005 0.0132 0.0035 0.0053 0.0003 0.0110 0.1850 
        035s  6 0.0012 0.0010 0.0010 0.1316 0.0005 0.0005 0.8627 0.0014 
        036s  6 0.0170 0.0002 0.0012 0.0004 0.0018 0.0108 0.0034 0.9652 
        037s  6 0.2566 0.0025 0.0018 0.0010 0.0005 0.0015 0.0100 0.7261 
        038s  6 0.0713 0.0014 0.0011 0.0004 0.0021 0.0005 0.1078 0.8155 
        039s  6 0.7544 0.0006 0.0008 0.0002 0.0003 0.0005 0.0030 0.2401 
        040s  6 0.8597 0.0003 0.0004 0.0004 0.0018 0.0010 0.1274 0.0090 
        041s  6 0.1728 0.0038 0.0013 0.0699 0.0002 0.0002 0.5085 0.2434 
        042s  6 0.0631 0.0034 0.0518 0.0091 0.0009 0.0011 0.0061 0.8646 
        043s  6 0.1168 0.0003 0.0033 0.0010 0.0010 0.0004 0.0041 0.8732 
        044s  6 0.1261 0.0023 0.0005 0.0009 0.0006 0.0005 0.1165 0.7527 
        045s  6 0.6970 0.0006 0.0029 0.0037 0.0006 0.0009 0.0184 0.2759 
        001s  7 0.0569 0.0006 0.0019 0.0019 0.0005 0.0005 0.8282 0.1095 
        002s  7 0.5057 0.0017 0.0039 0.0160 0.0013 0.0028 0.4296 0.0389 
        003s  7 0.0040 0.0016 0.0016 0.0016 0.0014 0.0011 0.8843 0.1045 
        004s  7 0.0151 0.0008 0.0006 0.0008 0.0028 0.0009 0.0119 0.9670 
        005s  7 0.1331 0.0006 0.0023 0.0151 0.0019 0.0013 0.0182 0.8275 
        006s  7 0.0098 0.0004 0.0031 0.0567 0.0011 0.0015 0.0019 0.9254 
        007s  7 0.7345 0.0180 0.0020 0.0048 0.0069 0.0025 0.0060 0.2253 
        008s  7 0.0070 0.0034 0.0014 0.0132 0.0005 0.0009 0.9652 0.0084 
        009s  7 0.3019 0.0009 0.0104 0.0025 0.0019 0.0024 0.0098 0.6702 
        010s  7 0.0043 0.0008 0.0017 0.0011 0.0002 0.0007 0.9856 0.0056 
        011s  7 0.1053 0.0008 0.0007 0.0004 0.0006 0.0006 0.0070 0.8846 
        012s  7 0.8100 0.0004 0.0007 0.0007 0.0011 0.0004 0.0025 0.1842 
        013s  7 0.7349 0.0005 0.0049 0.0005 0.0096 0.0007 0.0092 0.2398 
        014s  7 0.4547 0.0005 0.0004 0.0449 0.0010 0.0006 0.4389 0.0590 
        015s  7 0.1593 0.0012 0.0009 0.0234 0.0014 0.0004 0.0041 0.8093 
        016s  7 0.0100 0.0003 0.0011 0.0915 0.0002 0.0003 0.8960 0.0006 
        017s  7 0.0248 0.0005 0.0005 0.0011 0.0009 0.0003 0.0253 0.9466 
        018s  7 0.6538 0.0039 0.0009 0.0027 0.0005 0.0008 0.0201 0.3172 
        019s  7 0.0716 0.0023 0.0069 0.0009 0.0007 0.0031 0.0061 0.9084 
        020s  7 0.4266 0.0004 0.0005 0.0004 0.0016 0.0007 0.0093 0.5604 
        021s  7 0.0168 0.0013 0.0009 0.0013 0.0004 0.0017 0.0045 0.9732 
        022s  7 0.9328 0.0003 0.0009 0.0021 0.0037 0.0008 0.0029 0.0565 
        023s  7 0.0076 0.0013 0.0107 0.0059 0.0012 0.0017 0.0092 0.9625 
        024s  7 0.8876 0.0019 0.0006 0.0026 0.0005 0.0005 0.0036 0.1027 
        025s  7 0.5822 0.0015 0.0010 0.0010 0.0031 0.0031 0.0064 0.4018 
        026s  7 0.0177 0.0017 0.0012 0.0025 0.0004 0.0004 0.9450 0.0312 
        027s  7 0.0508 0.0025 0.0006 0.0010 0.0012 0.0008 0.4464 0.4967 
        028s  7 0.9596 0.0002 0.0006 0.0051 0.0006 0.0019 0.0084 0.0238 
        029s  7 0.0566 0.0007 0.0031 0.0049 0.0008 0.0015 0.0253 0.9071 
        030s  7 0.0146 0.0055 0.0030 0.0003 0.0010 0.0003 0.0869 0.8883 
        031s  7 0.7668 0.0006 0.0116 0.0024 0.0015 0.0011 0.0255 0.1905 
        032s  7 0.7848 0.0075 0.0003 0.0989 0.0003 0.0010 0.0010 0.1062 
        033s  7 0.0805 0.0026 0.0017 0.0359 0.0006 0.0046 0.0034 0.8705 
        034s  7 0.0086 0.0013 0.0005 0.0010 0.0214 0.0043 0.0007 0.9622 
        035s  7 0.0340 0.0004 0.0009 0.0003 0.0002 0.0003 0.0026 0.9611 
        036s  7 0.0169 0.0006 0.0083 0.0007 0.0046 0.0005 0.0214 0.9471 
        037s  7 0.0288 0.0005 0.0045 0.0118 0.0011 0.0517 0.0502 0.8514 
        038s  7 0.9160 0.0013 0.0016 0.0015 0.0005 0.0194 0.0069 0.0529 
        039s  7 0.6245 0.0003 0.0004 0.0004 0.0003 0.0005 0.3589 0.0147 
        040s  7 0.0026 0.0006 0.0008 0.0048 0.0351 0.0014 0.9470 0.0076 
        041s  7 0.0306 0.0023 0.0016 0.0135 0.0004 0.0063 0.1755 0.7698 
        042s  7 0.0472 0.0005 0.0003 0.0063 0.0009 0.0007 0.9249 0.0192 
        043s  7 0.1492 0.0004 0.0049 0.0010 0.0003 0.0005 0.0123 0.8314 
        044s  7 0.0036 0.0017 0.0244 0.0329 0.0046 0.0156 0.0019 0.9153 
         003  8 0.0120 0.0117 0.0006 0.0054 0.0010 0.0013 0.0035 0.9645 
         009  8 0.7140 0.0006 0.0011 0.0014 0.0008 0.0005 0.0058 0.2758 
         010  8 0.0526 0.0005 0.0016 0.0004 0.0003 0.0004 0.0116 0.9327 
         017  8 0.1296 0.0014 0.0037 0.0005 0.0004 0.0010 0.0035 0.8599 
         002  9 0.1639 0.0007 0.0014 0.0004 0.0008 0.0003 0.0090 0.8235 
         003  9 0.4932 0.0003 0.0005 0.0002 0.0005 0.0002 0.0044 0.5008 
         004  9 0.2270 0.0004 0.0014 0.0005 0.0003 0.0002 0.0082 0.7622 
         005  9 0.6041 0.0008 0.0064 0.0004 0.0012 0.0005 0.0056 0.3810 
         006  9 0.7909 0.0004 0.0018 0.0012 0.0009 0.0005 0.0037 0.2006 
         007  9 0.1204 0.0008 0.0013 0.0073 0.0005 0.0004 0.0057 0.8637 
         009  9 0.0456 0.0011 0.0014 0.0012 0.0003 0.0008 0.0077 0.9419 
         010  9 0.8726 0.0015 0.0021 0.0003 0.0004 0.0003 0.0028 0.1199 
         013  9 0.0402 0.0003 0.0014 0.0019 0.0016 0.0003 0.0172 0.9371 
         014  9 0.8226 0.0053 0.0027 0.0006 0.0003 0.0002 0.0051 0.1632 
         016  9 0.3202 0.0009 0.0006 0.0002 0.0003 0.0002 0.0066 0.6709 
         018  9 0.9376 0.0078 0.0018 0.0008 0.0010 0.0010 0.0027 0.0472 
         019  9 0.0501 0.0035 0.0006 0.0007 0.0009 0.0006 0.0011 0.9425 
         020  9 0.7944 0.0004 0.0003 0.0004 0.0003 0.0004 0.0007 0.2031 
         021  9 0.9703 0.0003 0.0007 0.0004 0.0002 0.0006 0.0042 0.0232 
         022  9 0.9751 0.0012 0.0006 0.0003 0.0004 0.0006 0.0057 0.0160 
         024  9 0.1067 0.0028 0.0038 0.0005 0.0004 0.0010 0.0133 0.8716 
         028  9 0.4616 0.0007 0.0017 0.0005 0.0012 0.0003 0.0059 0.5282 
         029  9 0.1941 0.0010 0.0006 0.0003 0.0004 0.0005 0.0129 0.7901 
         030  9 0.2719 0.0011 0.0016 0.0004 0.0003 0.0004 0.0027 0.7215 
         031  9 0.5668 0.0008 0.0006 0.0017 0.0003 0.0013 0.0143 0.4142 
         033  9 0.1332 0.0006 0.0009 0.0070 0.0003 0.0010 0.0112 0.8458 
         001 10 0.6048 0.0011 0.0004 0.0004 0.0006 0.0003 0.0050 0.3875 
         002 10 0.0276 0.0016 0.0006 0.0004 0.0002 0.0005 0.0058 0.9635 
         003 10 0.3673 0.0006 0.0109 0.0003 0.0005 0.0007 0.0027 0.6170 
         004 10 0.2443 0.0005 0.0041 0.0003 0.0003 0.0005 0.0919 0.6581 
         005 10 0.0482 0.0014 0.0008 0.0004 0.0004 0.0003 0.0050 0.9435 
         006 10 0.0661 0.0007 0.0008 0.0011 0.0004 0.0013 0.0035 0.9261 
         007 10 0.0297 0.0004 0.0020 0.0004 0.0004 0.0005 0.0038 0.9629 
         008 10 0.2835 0.0010 0.0040 0.0008 0.0005 0.0010 0.0017 0.7074 
         009 10 0.4354 0.0038 0.0005 0.0005 0.0009 0.0009 0.0060 0.5519 
         010 10 0.0634 0.0025 0.0008 0.0004 0.0003 0.0004 0.0137 0.9184 
         011 10 0.2762 0.0004 0.0327 0.0006 0.0014 0.0005 0.0288 0.6594 
         012 10 0.0983 0.0004 0.0022 0.0003 0.0007 0.0021 0.0038 0.8922 
         013 10 0.3349 0.0007 0.0009 0.0003 0.0013 0.0005 0.0030 0.6583 
         014 10 0.0069 0.0007 0.0013 0.0006 0.0006 0.0006 0.0975 0.8918 
         016 10 0.0170 0.0019 0.0010 0.0005 0.0007 0.0025 0.0038 0.9727 
         017 10 0.9361 0.0010 0.0013 0.0007 0.0006 0.0006 0.0025 0.0574 
         018 10 0.1814 0.0023 0.0004 0.0037 0.0004 0.0029 0.0021 0.8067 
         019 10 0.0185 0.0044 0.0016 0.0004 0.0003 0.0010 0.0022 0.9716 
         020 10 0.2885 0.0050 0.0025 0.0010 0.0009 0.0025 0.0107 0.6888 
         021 10 0.0589 0.0034 0.0005 0.0008 0.0003 0.0006 0.0365 0.8991 
         022 10 0.8122 0.0002 0.0008 0.0004 0.0004 0.0004 0.0351 0.1504 
         023 10 0.4406 0.0004 0.0007 0.0003 0.0008 0.0006 0.0034 0.5533 
         024 10 0.1561 0.0015 0.0018 0.0004 0.0002 0.0003 0.0023 0.8373 
         026 10 0.9157 0.0006 0.0007 0.0003 0.0003 0.0007 0.0015 0.0801 
        001s 11 0.7508 0.0004 0.0100 0.1015 0.0008 0.0004 0.0774 0.0587 
        002s 11 0.2355 0.0033 0.0016 0.0007 0.0071 0.0011 0.0072 0.7436 
        003s 11 0.6835 0.0010 0.0004 0.0107 0.0004 0.0006 0.0560 0.2473 
        004s 11 0.5292 0.0002 0.0020 0.0005 0.0018 0.0004 0.0091 0.4568 
        005s 11 0.0645 0.0056 0.0006 0.0015 0.0007 0.0008 0.0596 0.8667 
        006s 11 0.0421 0.0019 0.0019 0.0005 0.0025 0.0229 0.0127 0.9154 
        007s 11 0.0040 0.0017 0.0006 0.0055 0.0334 0.0043 0.0535 0.8970 
        008s 11 0.2309 0.0007 0.0004 0.0005 0.0003 0.0007 0.0043 0.7622 
        009s 11 0.2902 0.0156 0.0007 0.0003 0.0004 0.0005 0.0011 0.6913 
        010s 11 0.4516 0.0005 0.0007 0.0008 0.0004 0.0029 0.0683 0.4749 
        011s 11 0.0268 0.0005 0.0103 0.1049 0.0116 0.0012 0.7889 0.0559 
        012s 11 0.1385 0.0011 0.0003 0.0997 0.0002 0.0013 0.0359 0.7230 
        013s 11 0.3790 0.0003 0.0010 0.0010 0.0007 0.0005 0.2703 0.3471 
        014s 11 0.0041 0.0017 0.0007 0.0032 0.0064 0.0023 0.6771 0.3045 
        015s 11 0.2518 0.0021 0.0044 0.0015 0.0025 0.0015 0.0168 0.7194 
        016s 11 0.3763 0.0099 0.0546 0.0462 0.0006 0.0008 0.2440 0.2675 
        017s 11 0.4087 0.0006 0.0014 0.0923 0.0011 0.0005 0.0618 0.4336 
        018s 11 0.0446 0.0018 0.0009 0.0049 0.0011 0.0031 0.8547 0.0890 
        019s 11 0.0046 0.0003 0.0131 0.0007 0.0006 0.0009 0.0044 0.9754 
        020s 11 0.1049 0.0030 0.0013 0.0020 0.0015 0.0002 0.5318 0.3552 
        021s 11 0.7942 0.0004 0.0010 0.0004 0.0005 0.0008 0.0024 0.2003 
        022s 11 0.0910 0.0008 0.0003 0.0019 0.0289 0.0008 0.0234 0.8529 
        023s 11 0.2006 0.0004 0.0308 0.0354 0.0003 0.0015 0.7047 0.0262 
        025s 11 0.0106 0.0002 0.0007 0.0004 0.0006 0.0004 0.0044 0.9826 
        026s 11 0.6672 0.0006 0.0539 0.0398 0.0005 0.0003 0.0045 0.2332 
        027s 11 0.0284 0.0003 0.0004 0.0007 0.0034 0.0008 0.0053 0.9607 
        028s 11 0.1708 0.0003 0.0008 0.0038 0.0006 0.0015 0.0034 0.8187 
        029s 11 0.7156 0.0012 0.0006 0.0349 0.0003 0.0034 0.0041 0.2400 
        030s 11 0.0010 0.0009 0.0007 0.0473 0.0014 0.0007 0.0062 0.9417 
        031s 11 0.8334 0.0007 0.0003 0.0004 0.0020 0.0003 0.0069 0.1561 
        032s 11 0.6728 0.0009 0.0035 0.0009 0.0002 0.0007 0.0918 0.2293 
        033s 11 0.5676 0.0021 0.0010 0.0064 0.0006 0.0007 0.1075 0.3141 
        034s 11 0.2810 0.0004 0.0004 0.0021 0.0020 0.0006 0.7034 0.0100 
        035s 11 0.1945 0.0019 0.0003 0.0033 0.0019 0.0012 0.4582 0.3386 
        036s 11 0.2491 0.0018 0.0005 0.0148 0.0015 0.0034 0.0182 0.7106 
        037s 11 0.0105 0.0015 0.0027 0.0010 0.0004 0.0039 0.8961 0.0838 
        038s 11 0.6678 0.0012 0.0007 0.0012 0.0003 0.0038 0.2955 0.0296 
        039s 11 0.0535 0.0004 0.0010 0.0012 0.0003 0.0004 0.0062 0.9368 
        040s 11 0.0360 0.0006 0.0005 0.0496 0.0012 0.0201 0.0143 0.8776 
        041s 11 0.0122 0.0198 0.0029 0.0013 0.0005 0.0006 0.0063 0.9565 
        042s 11 0.6044 0.0008 0.0091 0.0010 0.0008 0.0009 0.3816 0.0015 
        043s 11 0.1667 0.0004 0.0255 0.0042 0.0007 0.0227 0.0072 0.7726 
        044s 11 0.2818 0.0013 0.0057 0.0005 0.0123 0.0004 0.0586 0.6393 
        045s 11 0.9074 0.0004 0.0115 0.0004 0.0015 0.0018 0.0156 0.0615 
        046s 11 0.3852 0.0006 0.0332 0.0310 0.0044 0.0004 0.5311 0.0141 
        047s 11 0.0087 0.0006 0.0012 0.0006 0.0017 0.0004 0.0057 0.9812 
        048s 11 0.6417 0.0026 0.0366 0.0027 0.0018 0.0027 0.0033 0.3087 
        049s 11 0.1181 0.0012 0.0011 0.0018 0.0004 0.0003 0.0084 0.8686 
        050s 11 0.0389 0.0004 0.0008 0.0005 0.0028 0.0002 0.0040 0.9523 
        051s 11 0.0900 0.0006 0.0464 0.0005 0.0244 0.0007 0.0249 0.8126 
        052s 11 0.4053 0.0010 0.0033 0.0018 0.0030 0.0013 0.5795 0.0049 
        053s 11 0.0263 0.0014 0.0006 0.0005 0.0003 0.0004 0.0084 0.9621 
        054s 11 0.0772 0.0004 0.0007 0.0006 0.0036 0.0028 0.0108 0.9039 
        055s 11 0.1199 0.0003 0.0003 0.0072 0.0003 0.0577 0.7802 0.0341 
        001s 12 0.2540 0.0015 0.0010 0.0020 0.0013 0.0045 0.0110 0.7249 
        002s 12 0.2401 0.0023 0.0009 0.0012 0.0007 0.0004 0.0016 0.7528 
        003s 12 0.3813 0.0007 0.0004 0.0004 0.0006 0.0005 0.0108 0.6052 
        004s 12 0.9099 0.0023 0.0066 0.0701 0.0008 0.0002 0.0042 0.0060 
        005s 12 0.3323 0.0010 0.0009 0.0006 0.0005 0.0009 0.4915 0.1723 
        006s 12 0.6532 0.0009 0.0014 0.0284 0.0028 0.0033 0.0365 0.2734 
        007s 12 0.0249 0.0034 0.0018 0.0013 0.0017 0.0007 0.0022 0.9639 
        008s 12 0.5201 0.0006 0.0007 0.0010 0.0003 0.0523 0.0050 0.4201 
        009s 12 0.0125 0.0206 0.0047 0.0142 0.0010 0.0028 0.0145 0.9297 
        010s 12 0.2721 0.0009 0.0004 0.0086 0.0288 0.0028 0.0372 0.6494 
        011s 12 0.8380 0.0011 0.0008 0.0012 0.0036 0.0010 0.0080 0.1463 
        012s 12 0.0669 0.0003 0.0025 0.0016 0.0061 0.0006 0.0027 0.9192 
        013s 12 0.0697 0.0004 0.0345 0.0006 0.0006 0.0004 0.0044 0.8894 
        014s 12 0.0097 0.0040 0.0427 0.0014 0.0429 0.0018 0.4417 0.4558 
        015s 12 0.0119 0.0012 0.0006 0.0025 0.0005 0.0013 0.0030 0.9791 
        016s 12 0.9217 0.0004 0.0056 0.0007 0.0007 0.0004 0.0023 0.0682 
        017s 12 0.0395 0.0003 0.0009 0.0060 0.0012 0.0007 0.0243 0.9272 
        018s 12 0.0030 0.0021 0.0012 0.0015 0.0002 0.0023 0.0199 0.9699 
        019s 12 0.0395 0.0030 0.0004 0.0056 0.0006 0.0010 0.0650 0.8850 
        020s 12 0.0071 0.0003 0.0006 0.0727 0.0003 0.0023 0.0111 0.9056 
        021s 12 0.0392 0.0005 0.0014 0.0027 0.0005 0.0009 0.0090 0.9457 
        022s 12 0.2729 0.0032 0.0037 0.0283 0.0009 0.0124 0.0252 0.6534 
        023s 12 0.0575 0.0010 0.0011 0.0005 0.0002 0.0009 0.0080 0.9309 
        024s 12 0.0513 0.0004 0.0006 0.0005 0.0004 0.0006 0.4386 0.5076 
        025s 12 0.0380 0.0041 0.0011 0.0014 0.0008 0.0187 0.0032 0.9326 
        026s 12 0.0044 0.0112 0.0006 0.0286 0.0008 0.0007 0.0292 0.9245 
        027s 12 0.2473 0.0005 0.0006 0.0022 0.0004 0.0067 0.0060 0.7364 
        028s 12 0.0327 0.0199 0.0047 0.0011 0.0005 0.0004 0.9129 0.0277 
        029s 12 0.0197 0.0004 0.0010 0.0005 0.0010 0.0002 0.1618 0.8154 
        030s 12 0.0048 0.0005 0.0007 0.0009 0.0017 0.0005 0.0046 0.9863 
        031s 12 0.2434 0.0012 0.0022 0.0050 0.0008 0.0019 0.0038 0.7418 
        032s 12 0.0922 0.0098 0.0010 0.0007 0.0006 0.0003 0.7883 0.1072 
        033s 12 0.7380 0.0006 0.0005 0.0017 0.0015 0.0058 0.0115 0.2404 
        034s 12 0.0435 0.0008 0.0005 0.0003 0.0005 0.0007 0.8174 0.1363 
        035s 12 0.7673 0.0006 0.0005 0.0113 0.0010 0.0027 0.0875 0.1292 
        036s 12 0.0882 0.0026 0.0008 0.0020 0.0041 0.0124 0.0863 0.8036 
        037s 12 0.0060 0.0010 0.0008 0.0017 0.0004 0.0003 0.0023 0.9875 
        001s 13 0.9070 0.0011 0.0024 0.0199 0.0007 0.0006 0.0070 0.0614 
        002s 13 0.0320 0.0003 0.0010 0.0658 0.0005 0.0129 0.7044 0.1831 
        003s 13 0.0895 0.0011 0.0009 0.0007 0.0003 0.0025 0.0067 0.8982 
        004s 13 0.8408 0.0125 0.0033 0.0014 0.0005 0.0003 0.0051 0.1362 
        005s 13 0.7524 0.0023 0.0019 0.0022 0.0022 0.0071 0.0034 0.2284 
        006s 13 0.0159 0.0007 0.0006 0.0007 0.0016 0.0019 0.0099 0.9686 
        007s 13 0.0754 0.0004 0.0006 0.0009 0.0263 0.0032 0.0027 0.8907 
        008s 13 0.0035 0.0013 0.0006 0.0454 0.0020 0.0011 0.0032 0.9430 
        009s 13 0.8596 0.0076 0.0012 0.1227 0.0010 0.0024 0.0019 0.0037 
        010s 13 0.8616 0.0012 0.0011 0.0635 0.0006 0.0053 0.0166 0.0501 
        011s 13 0.0494 0.0051 0.0026 0.0037 0.0160 0.0051 0.0712 0.8468 
        012s 13 0.7403 0.0023 0.0111 0.0500 0.0014 0.0021 0.0429 0.1499 
        013s 13 0.0816 0.0008 0.0068 0.0246 0.0285 0.0006 0.3926 0.4645 
        014s 13 0.0283 0.0010 0.0028 0.0006 0.0130 0.0066 0.0034 0.9444 
        015s 13 0.3300 0.0110 0.0087 0.0106 0.0010 0.0006 0.0350 0.6032 
        016s 13 0.8100 0.0007 0.0010 0.0003 0.0004 0.0004 0.0024 0.1847 
        017s 13 0.8804 0.0054 0.0005 0.0017 0.0006 0.0607 0.0123 0.0384 
        018s 13 0.9418 0.0006 0.0009 0.0005 0.0004 0.0011 0.0086 0.0461 
        019s 13 0.0470 0.0003 0.0009 0.0005 0.0006 0.0028 0.0352 0.9127 
        020s 13 0.1175 0.0021 0.0004 0.0014 0.0030 0.0030 0.8626 0.0101 
        021s 13 0.0213 0.0006 0.0013 0.0018 0.0006 0.0002 0.0071 0.9670 
        022s 13 0.0135 0.0004 0.0007 0.0007 0.0006 0.0013 0.0021 0.9807 
        023s 13 0.2949 0.0005 0.0004 0.0008 0.0003 0.0016 0.0195 0.6820 
        024s 13 0.0048 0.0011 0.0309 0.0301 0.0034 0.0010 0.0036 0.9250 
        025s 13 0.6941 0.0007 0.0018 0.0011 0.0007 0.0006 0.0030 0.2981 
        026s 13 0.0343 0.0007 0.0049 0.0632 0.0012 0.0410 0.0375 0.8171 
        027s 13 0.0456 0.0037 0.0013 0.0366 0.0023 0.0017 0.0019 0.9069 
        028s 13 0.1783 0.0098 0.0020 0.0015 0.0039 0.0320 0.3730 0.3995 
        029s 13 0.0843 0.0008 0.0018 0.0184 0.0019 0.0010 0.7725 0.1195 
        030s 13 0.3853 0.0005 0.0280 0.0710 0.0005 0.0005 0.4876 0.0266 
        031s 13 0.7525 0.0018 0.1015 0.0014 0.0042 0.0010 0.0025 0.1351 
        032s 13 0.3175 0.0005 0.0005 0.0006 0.0089 0.0003 0.0063 0.6655 
        033s 13 0.6937 0.0008 0.0012 0.0039 0.0068 0.0266 0.0132 0.2538 
        034s 13 0.0195 0.0028 0.0013 0.0431 0.0219 0.0005 0.8826 0.0284 
        035s 13 0.4046 0.0016 0.0056 0.0006 0.0007 0.0010 0.1713 0.4147 
        036s 13 0.5389 0.0006 0.0004 0.0034 0.0004 0.0010 0.1797 0.2756 
        037s 13 0.0230 0.0009 0.0018 0.0005 0.0004 0.0005 0.0054 0.9675 
        038s 13 0.1540 0.0012 0.0009 0.0012 0.0010 0.0046 0.4692 0.3679 
        039s 13 0.0415 0.0009 0.0692 0.0962 0.0010 0.0012 0.0030 0.7871 
        040s 13 0.7912 0.0005 0.0011 0.0017 0.0011 0.0006 0.0083 0.1956 
        041s 13 0.0389 0.0005 0.0020 0.0545 0.0036 0.0028 0.0028 0.8949 
        042s 13 0.0399 0.0011 0.0011 0.0005 0.0018 0.0003 0.9333 0.0221 
        001s 14 0.4328 0.0013 0.0011 0.0202 0.0010 0.0012 0.5405 0.0019 
        002s 14 0.0538 0.0028 0.0012 0.0612 0.0010 0.0027 0.0031 0.8742 
        003s 14 0.0061 0.0006 0.0008 0.0005 0.0005 0.0010 0.9751 0.0156 
        004s 14 0.5857 0.0006 0.0043 0.0202 0.0149 0.0005 0.0032 0.3705 
        005s 14 0.0603 0.0008 0.0007 0.0005 0.0003 0.0003 0.1413 0.7960 
        006s 14 0.7131 0.0005 0.0004 0.0006 0.0008 0.0005 0.0244 0.2597 
        007s 14 0.5564 0.0003 0.0013 0.0008 0.0010 0.0008 0.0123 0.4271 
        008s 14 0.0163 0.0213 0.0027 0.1074 0.0043 0.0002 0.7982 0.0495 
        009s 14 0.6849 0.0070 0.0008 0.0025 0.0004 0.0025 0.0158 0.2861 
        010s 14 0.7051 0.0159 0.0007 0.0633 0.0007 0.0005 0.1928 0.0210 
        011s 14 0.4413 0.0008 0.0009 0.0014 0.0034 0.0517 0.3482 0.1523 
        012s 14 0.0540 0.0019 0.0025 0.0003 0.0016 0.0022 0.8684 0.0689 
        013s 14 0.8350 0.0007 0.0061 0.0010 0.0041 0.0008 0.1386 0.0137 
        014s 14 0.7673 0.0054 0.0009 0.0466 0.0005 0.0006 0.0228 0.1559 
        015s 14 0.4149 0.0088 0.0026 0.0006 0.0007 0.0007 0.0185 0.5532 
        016s 14 0.1389 0.0005 0.0098 0.0012 0.0004 0.0006 0.0028 0.8457 
        017s 14 0.0042 0.0010 0.0004 0.0628 0.0077 0.0022 0.0139 0.9079 
        018s 14 0.5735 0.0013 0.0014 0.0009 0.0004 0.0007 0.0049 0.4169 
        019s 14 0.4193 0.0003 0.0006 0.0016 0.0013 0.0026 0.0063 0.5679 
        020s 14 0.2740 0.0116 0.0022 0.0005 0.0003 0.0009 0.6622 0.0483 
        021s 14 0.1015 0.0079 0.0005 0.0039 0.0003 0.0013 0.0042 0.8804 
        022s 14 0.0038 0.0019 0.0014 0.0036 0.0033 0.0011 0.0075 0.9773 
        023s 14 0.4121 0.0023 0.0026 0.0127 0.0025 0.0003 0.0092 0.5583 
        024s 14 0.8582 0.0026 0.0015 0.0473 0.0010 0.0078 0.0734 0.0082 
        025s 14 0.8379 0.0005 0.0003 0.0757 0.0002 0.0003 0.0678 0.0174 
        026s 14 0.9754 0.0019 0.0011 0.0006 0.0003 0.0004 0.0076 0.0127 
        027s 14 0.0228 0.0006 0.0026 0.0029 0.0005 0.0008 0.0398 0.9300 
        028s 14 0.0081 0.0021 0.0008 0.0005 0.0014 0.0007 0.0309 0.9557 
        029s 14 0.1972 0.0007 0.0012 0.0003 0.0003 0.0002 0.0106 0.7895 
        030s 14 0.9015 0.0006 0.0007 0.0012 0.0044 0.0022 0.0810 0.0084 
        031s 14 0.7127 0.0010 0.0021 0.0010 0.0275 0.0004 0.2484 0.0068 
        032s 14 0.0352 0.0003 0.0018 0.0007 0.0015 0.0006 0.2177 0.7421 
        033s 14 0.4491 0.0011 0.0004 0.0005 0.0495 0.0012 0.3883 0.1098 
        034s 14 0.2092 0.0006 0.0008 0.0004 0.0002 0.0004 0.0022 0.7861 
        035s 14 0.6234 0.0005 0.0007 0.0780 0.0632 0.0135 0.0540 0.1667 
        036s 14 0.0026 0.0017 0.0053 0.0633 0.0314 0.0035 0.5863 0.3059 
        037s 14 0.0786 0.0007 0.0021 0.0012 0.0003 0.0005 0.0152 0.9014 
        038s 14 0.1473 0.0006 0.0006 0.0007 0.0008 0.0011 0.0225 0.8264 
        039s 14 0.0702 0.0034 0.0048 0.0018 0.0022 0.0010 0.0113 0.9054 
        040s 14 0.3474 0.0006 0.0017 0.0185 0.0009 0.0006 0.0260 0.6043 
        041s 14 0.0357 0.0004 0.0008 0.0009 0.0017 0.0003 0.3544 0.6057 
        042s 14 0.8540 0.0008 0.0010 0.0701 0.0004 0.0010 0.0068 0.0660 
        001s 15 0.0198 0.0007 0.0013 0.0007 0.0004 0.0004 0.4176 0.5591 
        002s 15 0.0276 0.0058 0.0075 0.1004 0.0029 0.0004 0.0096 0.8459 
        003s 15 0.0084 0.0006 0.0046 0.0043 0.0005 0.0070 0.0038 0.9706 
        004s 15 0.1069 0.0077 0.0003 0.0006 0.0006 0.0003 0.0015 0.8823 
        005s 15 0.5257 0.0016 0.0053 0.0109 0.0010 0.0103 0.0034 0.4416 
        006s 15 0.0272 0.0005 0.0010 0.0182 0.0018 0.0005 0.0075 0.9434 
        007s 15 0.2424 0.0012 0.0005 0.0005 0.0006 0.0007 0.0266 0.7275 
        008s 15 0.0397 0.0008 0.0007 0.0007 0.0006 0.0003 0.0201 0.9372 
        009s 15 0.8155 0.0005 0.0465 0.0091 0.0020 0.0226 0.0289 0.0749 
        010s 15 0.2217 0.0003 0.0020 0.0006 0.0004 0.0012 0.7473 0.0264 
        011s 15 0.3806 0.0006 0.0010 0.0005 0.0342 0.0242 0.0249 0.5339 
        012s 15 0.0112 0.0013 0.0015 0.0013 0.0008 0.0091 0.0028 0.9721 
        013s 15 0.0113 0.0063 0.0013 0.0013 0.0005 0.0004 0.7897 0.1893 
        014s 15 0.0720 0.0031 0.0045 0.0008 0.0006 0.0013 0.0042 0.9134 
        015s 15 0.0214 0.0010 0.0024 0.0768 0.0057 0.0007 0.0007 0.8912 
        016s 15 0.1883 0.0280 0.0005 0.0044 0.0628 0.0017 0.7104 0.0039 
        017s 15 0.7222 0.0139 0.0024 0.0019 0.0006 0.0008 0.0080 0.2502 
        018s 15 0.3992 0.0025 0.0009 0.0011 0.0003 0.0006 0.5026 0.0929 
        019s 15 0.3496 0.0010 0.0077 0.0027 0.0004 0.0023 0.5976 0.0386 
        020s 15 0.5077 0.0004 0.0008 0.0006 0.0006 0.0008 0.4392 0.0499 
        021s 15 0.1539 0.0020 0.0035 0.0649 0.0008 0.0043 0.0704 0.7002 
        022s 15 0.9632 0.0008 0.0005 0.0008 0.0007 0.0029 0.0243 0.0068 
        023s 15 0.0335 0.0004 0.0005 0.0267 0.0025 0.0011 0.0163 0.9190 
        024s 15 0.9716 0.0003 0.0008 0.0022 0.0046 0.0006 0.0029 0.0171 
        025s 15 0.0034 0.0014 0.0150 0.0045 0.0011 0.0027 0.0113 0.9606 
        026s 15 0.0057 0.0029 0.0110 0.0016 0.0010 0.0003 0.0082 0.9691 
        027s 15 0.2346 0.0130 0.0007 0.0041 0.0148 0.0006 0.0247 0.7076 
        028s 15 0.3526 0.0019 0.0013 0.0005 0.0007 0.0044 0.0103 0.6286 
        029s 15 0.5263 0.0012 0.0016 0.0008 0.0011 0.0006 0.0043 0.4640 
        030s 15 0.8330 0.0011 0.0006 0.0007 0.0005 0.0002 0.0051 0.1589 
        031s 15 0.7224 0.0020 0.0088 0.0599 0.0019 0.0023 0.0063 0.1964 
        032s 15 0.8977 0.0011 0.0023 0.0007 0.0002 0.0004 0.0018 0.0959 
        033s 15 0.0034 0.0015 0.0004 0.0462 0.0014 0.0012 0.9238 0.0220 
        035s 15 0.1076 0.0019 0.0008 0.0010 0.0013 0.0045 0.0044 0.8785 
        036s 15 0.0215 0.0003 0.0046 0.0012 0.0031 0.0003 0.3816 0.5874 
        037s 15 0.0330 0.0006 0.0015 0.0012 0.0068 0.0009 0.0192 0.9368 
        038s 15 0.0189 0.0007 0.0004 0.0053 0.0028 0.0003 0.0033 0.9683 
        039s 15 0.0279 0.0007 0.0003 0.0671 0.0003 0.0030 0.3838 0.5169 
        040s 15 0.0120 0.0027 0.0007 0.0019 0.0033 0.0012 0.0236 0.9547 
        041s 15 0.0986 0.0007 0.0022 0.0694 0.0023 0.0021 0.0194 0.8052 
        042s 15 0.8675 0.0031 0.0007 0.0050 0.0003 0.0008 0.0057 0.1169 
        043s 15 0.4939 0.0003 0.0016 0.0067 0.0018 0.0011 0.4174 0.0773 
        044s 15 0.2817 0.0009 0.0011 0.0037 0.0007 0.0019 0.0038 0.7063 
        045s 15 0.1484 0.0018 0.0744 0.0026 0.0264 0.0018 0.0113 0.7334 
        046s 15 0.0154 0.0005 0.0010 0.0187 0.0025 0.0027 0.0101 0.9490 
        047s 15 0.6361 0.0003 0.0006 0.0139 0.0012 0.0154 0.0165 0.3160 
        048s 15 0.0547 0.0009 0.0149 0.0005 0.0009 0.0006 0.2726 0.6550 
        049s 15 0.0458 0.0005 0.0006 0.0045 0.0009 0.0096 0.0463 0.8917 
        050s 15 0.0048 0.0081 0.0013 0.1373 0.0007 0.0008 0.0030 0.8441 
         001 16 0.0015 0.0044 0.0009 0.1146 0.0016 0.0735 0.5155 0.2879 
         002 16 0.0036 0.0002 0.0005 0.0096 0.0004 0.0320 0.0207 0.9330 
         003 16 0.2412 0.0022 0.0019 0.0032 0.0036 0.0039 0.0060 0.7380 
         004 16 0.9673 0.0007 0.0016 0.0008 0.0009 0.0012 0.0045 0.0232 
         005 16 0.2727 0.0015 0.0241 0.0577 0.0063 0.0011 0.0153 0.6214 
         006 16 0.0060 0.0006 0.0101 0.0019 0.0004 0.0237 0.0011 0.9561 
         007 16 0.4286 0.0007 0.0012 0.0064 0.0012 0.0005 0.0336 0.5277 
         008 16 0.0053 0.0017 0.0004 0.1533 0.0168 0.0003 0.0326 0.7897 
         009 16 0.1715 0.0020 0.0004 0.0059 0.0006 0.0002 0.5612 0.2582 
         010 16 0.4136 0.0005 0.0010 0.0261 0.0004 0.0022 0.1290 0.4271 
         011 16 0.1997 0.0006 0.0027 0.0038 0.0015 0.0030 0.7689 0.0198 
         012 16 0.1151 0.0011 0.0009 0.0009 0.0011 0.0020 0.0466 0.8323 
         013 16 0.0373 0.0006 0.0004 0.0003 0.0010 0.0006 0.0062 0.9536 
         014 16 0.9222 0.0015 0.0004 0.0290 0.0013 0.0031 0.0021 0.0405 
         015 16 0.0180 0.0016 0.3643 0.0003 0.0017 0.0009 0.0058 0.6073 
         016 16 0.7833 0.0039 0.0109 0.0020 0.0003 0.0008 0.0025 0.1963 
         017 16 0.0917 0.0006 0.0017 0.0046 0.0081 0.0010 0.5348 0.3575 
         018 16 0.0022 0.0057 0.0166 0.0329 0.0013 0.0014 0.0009 0.9390 
         019 16 0.0657 0.0015 0.0005 0.0566 0.0056 0.0020 0.8218 0.0462 
         020 16 0.4955 0.0009 0.0009 0.0002 0.0005 0.0026 0.0054 0.4940 
         021 16 0.2436 0.0028 0.0006 0.0501 0.0021 0.0754 0.0059 0.6195 
         022 16 0.6494 0.0009 0.0027 0.0379 0.0004 0.0005 0.0022 0.3060 
