        001s  1 0.0011 0.9980 0.0004 0.0005 
        002s  1 0.0004 0.9973 0.0015 0.0008 
        003s  1 0.0109 0.9850 0.0026 0.0015 
        004s  1 0.0005 0.9603 0.0356 0.0036 
        005s  1 0.0003 0.5721 0.4265 0.0011 
        006s  1 0.0004 0.9987 0.0004 0.0004 
        007s  1 0.0007 0.9954 0.0010 0.0029 
        008s  1 0.0009 0.9957 0.0027 0.0007 
        009s  1 0.0016 0.9205 0.0687 0.0092 
        010s  1 0.0007 0.9950 0.0040 0.0003 
        011s  1 0.0039 0.9920 0.0020 0.0021 
        012s  1 0.0037 0.8657 0.1286 0.0021 
        013s  1 0.0009 0.9685 0.0217 0.0088 
        014s  1 0.0196 0.9592 0.0140 0.0072 
        015s  1 0.0008 0.9983 0.0004 0.0005 
        016s  1 0.0009 0.9901 0.0010 0.0080 
        018s  1 0.0011 0.8637 0.1336 0.0016 
        019s  1 0.0044 0.9915 0.0030 0.0012 
        020s  1 0.0081 0.9852 0.0003 0.0064 
        021s  1 0.0008 0.9930 0.0007 0.0055 
        022s  1 0.0005 0.9987 0.0003 0.0006 
        023s  1 0.0010 0.9882 0.0004 0.0104 
        024s  1 0.0005 0.9976 0.0012 0.0007 
        025s  1 0.0004 0.9926 0.0059 0.0011 
        026s  1 0.0046 0.9876 0.0009 0.0069 
        027s  1 0.0005 0.9901 0.0072 0.0022 
        028s  1 0.0016 0.8900 0.1076 0.0007 
        029s  1 0.0058 0.9928 0.0007 0.0007 
        030s  1 0.0079 0.9894 0.0020 0.0007 
        031s  1 0.0004 0.9984 0.0002 0.0010 
        032s  1 0.0011 0.9977 0.0007 0.0006 
        033s  1 0.0008 0.9946 0.0037 0.0008 
        034s  1 0.0038 0.9442 0.0013 0.0506 
        035s  1 0.0018 0.9955 0.0017 0.0010 
        036s  1 0.0003 0.9259 0.0725 0.0013 
        037s  1 0.0017 0.8280 0.1171 0.0533 
        038s  1 0.0006 0.9974 0.0011 0.0009 
        039s  1 0.0007 0.9950 0.0038 0.0004 
        040s  1 0.0006 0.9948 0.0021 0.0025 
        041s  1 0.0009 0.9950 0.0011 0.0030 
        042s  1 0.0007 0.8798 0.0248 0.0947 
        043s  1 0.0012 0.9871 0.0113 0.0004 
        044s  1 0.0026 0.8818 0.1086 0.0071 
        045s  1 0.0011 0.9943 0.0037 0.0009 
        046s  1 0.0023 0.9962 0.0008 0.0007 
        047s  1 0.0012 0.9941 0.0004 0.0042 
        048s  1 0.0003 0.9954 0.0035 0.0008 
        049s  1 0.0005 0.9983 0.0007 0.0004 
        050s  1 0.0004 0.9014 0.0979 0.0004 
        051s  1 0.0259 0.9728 0.0004 0.0009 
        052s  1 0.0157 0.9649 0.0183 0.0012 
        053s  1 0.0003 0.9982 0.0010 0.0005 
        054s  1 0.0028 0.9959 0.0005 0.0008 
        055s  1 0.0018 0.8368 0.0779 0.0835 
          01  2 0.0309 0.8549 0.1107 0.0034 
          02  2 0.0017 0.9836 0.0140 0.0006 
          03  2 0.0004 0.9973 0.0011 0.0012 
          04  2 0.0008 0.9686 0.0192 0.0115 
          05  2 0.0003 0.9054 0.0938 0.0005 
          06  2 0.0007 0.9737 0.0249 0.0006 
          07  2 0.0008 0.9848 0.0138 0.0006 
          08  2 0.0010 0.9573 0.0409 0.0008 
          09  2 0.0069 0.9924 0.0004 0.0003 
          10  2 0.0006 0.9980 0.0010 0.0004 
          11  2 0.0100 0.9840 0.0031 0.0029 
          12  2 0.0017 0.9968 0.0009 0.0006 
          13  2 0.0007 0.9982 0.0006 0.0006 
          14  2 0.0027 0.9712 0.0009 0.0252 
          15  2 0.0011 0.9970 0.0005 0.0014 
          16  2 0.0051 0.9588 0.0316 0.0045 
          17  2 0.0009 0.9965 0.0017 0.0009 
          18  2 0.0014 0.9727 0.0250 0.0008 
          19  2 0.0021 0.9939 0.0007 0.0034 
          20  2 0.0020 0.9214 0.0687 0.0078 
          21  2 0.0169 0.9817 0.0007 0.0007 
          22  2 0.0061 0.9843 0.0044 0.0051 
          23  2 0.0006 0.9952 0.0019 0.0022 
          24  2 0.0010 0.9977 0.0006 0.0007 
          25  2 0.0015 0.9647 0.0328 0.0010 
          26  2 0.0006 0.9985 0.0006 0.0002 
          27  2 0.0011 0.9870 0.0084 0.0036 
          28  2 0.0010 0.9953 0.0004 0.0033 
          29  2 0.0009 0.9979 0.0009 0.0002 
          30  2 0.0131 0.7658 0.1216 0.0995 
          01  3 0.0003 0.3591 0.6268 0.0137 
          02  3 0.0711 0.1356 0.7879 0.0054 
          03  3 0.0005 0.3858 0.6124 0.0013 
          04  3 0.0007 0.2044 0.7921 0.0028 
          05  3 0.1157 0.0007 0.7533 0.1304 
          06  3 0.0004 0.0904 0.9081 0.0011 
          07  3 0.0011 0.3989 0.5996 0.0004 
          08  3 0.0052 0.3038 0.6747 0.0163 
          09  3 0.0002 0.3259 0.6608 0.0131 
          10  3 0.2169 0.0222 0.6266 0.1343 
          11  3 0.0003 0.3049 0.6945 0.0003 
          12  3 0.0003 0.2931 0.7058 0.0008 
          13  3 0.0271 0.0051 0.9673 0.0004 
          14  3 0.0451 0.0050 0.7854 0.1645 
          15  3 0.0003 0.3621 0.6338 0.0038 
          16  3 0.0026 0.0798 0.9152 0.0024 
          17  3 0.0010 0.4367 0.5608 0.0015 
          18  3 0.1661 0.0040 0.5417 0.2882 
          19  3 0.0005 0.1700 0.8223 0.0071 
          20  3 0.0003 0.1872 0.7397 0.0728 
          21  3 0.0018 0.2500 0.7362 0.0121 
          22  3 0.0003 0.3086 0.6773 0.0138 
          23  3 0.0003 0.2490 0.7485 0.0022 
          24  3 0.1716 0.0820 0.7424 0.0040 
          25  3 0.2504 0.0004 0.6106 0.1387 
          26  3 0.0005 0.2465 0.7515 0.0015 
          27  3 0.1298 0.0615 0.6268 0.1819 
          28  3 0.0021 0.0987 0.8990 0.0003 
          29  3 0.0032 0.1766 0.7975 0.0227 
          30  3 0.0013 0.3284 0.6698 0.0005 
         001  4 0.0004 0.0010 0.8919 0.1067 
         002  4 0.0017 0.0739 0.8582 0.0661 
         003  4 0.0099 0.0407 0.8694 0.0801 
         004  4 0.0009 0.0005 0.9329 0.0657 
         005  4 0.0338 0.0012 0.8596 0.1054 
         006  4 0.0006 0.0844 0.8820 0.0330 
         007  4 0.0003 0.1037 0.8161 0.0799 
         008  4 0.0018 0.0606 0.8156 0.1221 
         009  4 0.0152 0.0012 0.8944 0.0893 
         010  4 0.0002 0.0005 0.9988 0.0005 
         011  4 0.0013 0.0089 0.8358 0.1540 
         012  4 0.0030 0.0174 0.8641 0.1156 
         013  4 0.0003 0.0198 0.9568 0.0231 
         014  4 0.0006 0.0246 0.8802 0.0946 
         015  4 0.0004 0.0007 0.9974 0.0015 
         016  4 0.0149 0.0006 0.9291 0.0554 
         017  4 0.0007 0.0967 0.9008 0.0018 
         019  4 0.0095 0.0025 0.8915 0.0965 
         020  4 0.0146 0.0638 0.8350 0.0866 
         021  4 0.0131 0.0088 0.8790 0.0991 
         001  5 0.0188 0.0143 0.8519 0.1150 
         002  5 0.0020 0.1275 0.7750 0.0955 
         003  5 0.0002 0.2207 0.6898 0.0892 
         004  5 0.0003 0.1417 0.7623 0.0957 
         005  5 0.0008 0.0502 0.8544 0.0946 
         006  5 0.0014 0.1056 0.8898 0.0031 
         007  5 0.0037 0.0092 0.9105 0.0767 
         008  5 0.0057 0.0278 0.9197 0.0467 
         009  5 0.0002 0.1630 0.7634 0.0734 
         010  5 0.0004 0.0576 0.8471 0.0949 
         011  5 0.0004 0.0184 0.8410 0.1401 
         012  5 0.0006 0.1074 0.8177 0.0743 
         013  5 0.0006 0.2996 0.6755 0.0243 
         014  5 0.0138 0.2311 0.6541 0.1010 
         015  5 0.0023 0.0123 0.9260 0.0594 
         016  5 0.0020 0.1086 0.8690 0.0204 
         017  5 0.0020 0.1877 0.8070 0.0033 
         018  5 0.0232 0.1304 0.7577 0.0886 
         019  5 0.0389 0.0207 0.8532 0.0873 
         020  5 0.0008 0.0357 0.8620 0.1015 
         021  5 0.0004 0.2344 0.6690 0.0962 
         022  5 0.0017 0.1178 0.7519 0.1286 
         023  5 0.0104 0.0025 0.9169 0.0703 
         024  5 0.0003 0.2039 0.7657 0.0301 
         025  5 0.0007 0.1629 0.8094 0.0270 
         026  5 0.0010 0.2794 0.7068 0.0128 
         027  5 0.0015 0.0327 0.9036 0.0622 
         028  5 0.0009 0.1030 0.8098 0.0862 
         029  5 0.0005 0.1154 0.8758 0.0083 
         030  5 0.0469 0.0287 0.8275 0.0968 
        001s  6 0.0008 0.9683 0.0149 0.0160 
        002s  6 0.0234 0.9641 0.0113 0.0012 
        003s  6 0.0005 0.9938 0.0031 0.0026 
        004s  6 0.0005 0.9985 0.0003 0.0007 
        006s  6 0.0007 0.9016 0.0838 0.0139 
        007s  6 0.0008 0.9977 0.0011 0.0004 
        008s  6 0.0029 0.9891 0.0016 0.0064 
        009s  6 0.0008 0.9980 0.0004 0.0008 
        010s  6 0.0100 0.9540 0.0194 0.0167 
        011s  6 0.0003 0.9971 0.0012 0.0015 
        012s  6 0.0022 0.9948 0.0015 0.0015 
        013s  6 0.0005 0.9982 0.0009 0.0004 
        014s  6 0.0003 0.9567 0.0425 0.0005 
        015s  6 0.0009 0.9725 0.0210 0.0057 
        016s  6 0.0006 0.9981 0.0006 0.0008 
        018s  6 0.0007 0.7614 0.2330 0.0050 
        019s  6 0.0007 0.9866 0.0099 0.0028 
        020s  6 0.0011 0.9978 0.0006 0.0006 
        021s  6 0.0013 0.9857 0.0090 0.0040 
        022s  6 0.0005 0.9945 0.0004 0.0046 
        023s  6 0.0003 0.9952 0.0039 0.0006 
        024s  6 0.0023 0.9764 0.0203 0.0010 
        025s  6 0.0006 0.9262 0.0011 0.0722 
        026s  6 0.0018 0.9973 0.0006 0.0004 
        027s  6 0.0012 0.9977 0.0007 0.0004 
        028s  6 0.0451 0.9231 0.0262 0.0055 
        029s  6 0.0019 0.9968 0.0003 0.0010 
        030s  6 0.0014 0.9394 0.0435 0.0157 
        031s  6 0.0004 0.9962 0.0031 0.0003 
        032s  6 0.0004 0.9897 0.0091 0.0008 
        033s  6 0.0005 0.9706 0.0278 0.0011 
        034s  6 0.0004 0.9870 0.0018 0.0107 
        035s  6 0.0018 0.8826 0.1135 0.0022 
        036s  6 0.0003 0.9961 0.0025 0.0011 
        037s  6 0.0020 0.9956 0.0010 0.0014 
        038s  6 0.0012 0.9973 0.0008 0.0006 
        039s  6 0.0009 0.9981 0.0003 0.0008 
        040s  6 0.0005 0.9986 0.0006 0.0003 
        041s  6 0.0036 0.9892 0.0012 0.0060 
        042s  6 0.0046 0.9331 0.0028 0.0595 
        043s  6 0.0002 0.9942 0.0008 0.0048 
        044s  6 0.0024 0.9961 0.0007 0.0007 
        045s  6 0.0008 0.9958 0.0012 0.0023 
        001s  7 0.0004 0.9980 0.0007 0.0010 
        002s  7 0.0011 0.9887 0.0082 0.0021 
        003s  7 0.0011 0.9962 0.0018 0.0009 
        004s  7 0.0014 0.9956 0.0024 0.0006 
        005s  7 0.0005 0.9855 0.0124 0.0016 
        006s  7 0.0005 0.9581 0.0345 0.0069 
        007s  7 0.0182 0.9709 0.0094 0.0015 
        008s  7 0.0023 0.9947 0.0016 0.0014 
        009s  7 0.0004 0.9874 0.0031 0.0091 
        010s  7 0.0008 0.9974 0.0004 0.0014 
        011s  7 0.0009 0.9978 0.0005 0.0008 
        012s  7 0.0005 0.9985 0.0005 0.0005 
        013s  7 0.0007 0.9943 0.0009 0.0041 
        014s  7 0.0006 0.9904 0.0087 0.0003 
        015s  7 0.0013 0.9887 0.0088 0.0013 
        016s  7 0.0003 0.9486 0.0437 0.0074 
        017s  7 0.0003 0.9982 0.0009 0.0006 
        018s  7 0.0037 0.9946 0.0011 0.0006 
        019s  7 0.0029 0.9833 0.0016 0.0122 
        020s  7 0.0003 0.9985 0.0008 0.0004 
        021s  7 0.0011 0.9970 0.0011 0.0009 
        022s  7 0.0003 0.9952 0.0038 0.0008 
        023s  7 0.0014 0.9755 0.0056 0.0175 
        024s  7 0.0021 0.9964 0.0008 0.0008 
        025s  7 0.0012 0.9954 0.0025 0.0008 
        026s  7 0.0011 0.9973 0.0006 0.0010 
        027s  7 0.0011 0.9971 0.0014 0.0004 
        028s  7 0.0002 0.9970 0.0023 0.0005 
        029s  7 0.0008 0.9936 0.0032 0.0023 
        030s  7 0.0047 0.9916 0.0004 0.0032 
        031s  7 0.0004 0.9850 0.0017 0.0129 
        032s  7 0.0065 0.9314 0.0616 0.0005 
        033s  7 0.0033 0.9766 0.0182 0.0018 
        034s  7 0.0013 0.9728 0.0253 0.0006 
        035s  7 0.0005 0.9982 0.0003 0.0010 
        036s  7 0.0008 0.9899 0.0014 0.0079 
        037s  7 0.0005 0.9223 0.0732 0.0040 
        038s  7 0.0008 0.9950 0.0029 0.0013 
        039s  7 0.0003 0.9991 0.0003 0.0003 
        040s  7 0.0004 0.9331 0.0658 0.0007 
        041s  7 0.0017 0.9924 0.0041 0.0018 
        042s  7 0.0003 0.9966 0.0028 0.0003 
        043s  7 0.0004 0.9963 0.0004 0.0029 
        044s  7 0.0011 0.8873 0.0715 0.0401 
         003  8 0.0120 0.9839 0.0031 0.0010 
         009  8 0.0005 0.9976 0.0008 0.0011 
         010  8 0.0003 0.9974 0.0002 0.0020 
         017  8 0.0014 0.9945 0.0009 0.0032 
         002  9 0.0007 0.9977 0.0004 0.0012 
         003  9 0.0003 0.9990 0.0002 0.0005 
         004  9 0.0004 0.9982 0.0003 0.0011 
         005  9 0.0014 0.9950 0.0005 0.0031 
         006  9 0.0006 0.9972 0.0009 0.0013 
         007  9 0.0010 0.9968 0.0007 0.0015 
         009  9 0.0014 0.9961 0.0005 0.0020 
         010  9 0.0017 0.9965 0.0003 0.0014 
         013  9 0.0004 0.9972 0.0009 0.0015 
         014  9 0.0052 0.9927 0.0003 0.0017 
         016  9 0.0011 0.9981 0.0002 0.0006 
         018  9 0.0049 0.9932 0.0008 0.0011 
         019  9 0.0048 0.9938 0.0008 0.0007 
         020  9 0.0003 0.9989 0.0004 0.0003 
         021  9 0.0003 0.9987 0.0003 0.0007 
         022  9 0.0011 0.9980 0.0003 0.0006 
         024  9 0.0022 0.9940 0.0005 0.0034 
         028  9 0.0005 0.9976 0.0005 0.0013 
         029  9 0.0010 0.9982 0.0003 0.0005 
         030  9 0.0010 0.9978 0.0004 0.0009 
         031  9 0.0009 0.9979 0.0006 0.0005 
         033  9 0.0007 0.9970 0.0013 0.0010 
         001 10 0.0009 0.9984 0.0004 0.0003 
         002 10 0.0012 0.9980 0.0003 0.0006 
         003 10 0.0005 0.9875 0.0004 0.0116 
         004 10 0.0005 0.9970 0.0003 0.0022 
         005 10 0.0016 0.9972 0.0005 0.0008 
         006 10 0.0005 0.9979 0.0008 0.0008 
         007 10 0.0003 0.9975 0.0005 0.0017 
         008 10 0.0007 0.9946 0.0006 0.0041 
         009 10 0.0041 0.9947 0.0008 0.0004 
         010 10 0.0029 0.9958 0.0005 0.0008 
         011 10 0.0005 0.9612 0.0006 0.0378 
         012 10 0.0004 0.9961 0.0006 0.0029 
         013 10 0.0007 0.9981 0.0007 0.0004 
         014 10 0.0005 0.9979 0.0007 0.0009 
         016 10 0.0018 0.9967 0.0008 0.0007 
         017 10 0.0010 0.9976 0.0007 0.0007 
         018 10 0.0026 0.9950 0.0018 0.0007 
         019 10 0.0050 0.9936 0.0004 0.0009 
         020 10 0.0073 0.9901 0.0009 0.0016 
         021 10 0.0034 0.9957 0.0005 0.0004 
         022 10 0.0003 0.9986 0.0005 0.0007 
         023 10 0.0005 0.9984 0.0004 0.0007 
         024 10 0.0012 0.9964 0.0002 0.0022 
         026 10 0.0007 0.9984 0.0004 0.0005 
        001s 11 0.0013 0.9178 0.0595 0.0214 
        002s 11 0.0042 0.9926 0.0019 0.0012 
        003s 11 0.0013 0.9966 0.0016 0.0005 
        004s 11 0.0002 0.9980 0.0005 0.0012 
        005s 11 0.0059 0.9925 0.0011 0.0005 
        006s 11 0.0018 0.9893 0.0066 0.0023 
        007s 11 0.0017 0.9398 0.0578 0.0008 
        008s 11 0.0007 0.9984 0.0005 0.0004 
        009s 11 0.0162 0.9831 0.0003 0.0004 
        010s 11 0.0004 0.9982 0.0007 0.0007 
        011s 11 0.0002 0.8769 0.1122 0.0106 
        012s 11 0.0006 0.9230 0.0762 0.0002 
        013s 11 0.0003 0.9978 0.0009 0.0011 
        014s 11 0.0013 0.9843 0.0137 0.0008 
        015s 11 0.0013 0.9926 0.0024 0.0037 
        016s 11 0.0073 0.9212 0.0042 0.0672 
        017s 11 0.0010 0.9354 0.0594 0.0043 
        018s 11 0.0013 0.9946 0.0032 0.0009 
        019s 11 0.0003 0.9815 0.0008 0.0174 
        020s 11 0.0019 0.9952 0.0014 0.0015 
        021s 11 0.0006 0.9977 0.0005 0.0012 
        022s 11 0.0008 0.9807 0.0180 0.0004 
        023s 11 0.0005 0.9671 0.0037 0.0287 
        025s 11 0.0002 0.9985 0.0004 0.0009 
        026s 11 0.0006 0.9376 0.0048 0.0570 
        027s 11 0.0004 0.9976 0.0015 0.0005 
        028s 11 0.0003 0.9956 0.0032 0.0009 
        029s 11 0.0013 0.9891 0.0093 0.0003 
        030s 11 0.0007 0.9769 0.0210 0.0014 
        031s 11 0.0006 0.9985 0.0006 0.0003 
        032s 11 0.0005 0.9960 0.0007 0.0028 
        033s 11 0.0014 0.9959 0.0018 0.0009 
        034s 11 0.0003 0.9976 0.0016 0.0005 
        035s 11 0.0013 0.9952 0.0031 0.0003 
        036s 11 0.0014 0.9868 0.0114 0.0004 
        037s 11 0.0009 0.9967 0.0010 0.0014 
        038s 11 0.0007 0.9974 0.0012 0.0007 
        039s 11 0.0005 0.9978 0.0008 0.0009 
        040s 11 0.0005 0.9211 0.0779 0.0005 
        041s 11 0.0213 0.9743 0.0012 0.0032 
        042s 11 0.0007 0.9899 0.0008 0.0086 
        043s 11 0.0004 0.9632 0.0087 0.0277 
        044s 11 0.0008 0.9941 0.0009 0.0042 
        045s 11 0.0004 0.9914 0.0008 0.0074 
        046s 11 0.0006 0.9529 0.0145 0.0320 
        047s 11 0.0004 0.9972 0.0011 0.0012 
        048s 11 0.0017 0.9586 0.0056 0.0341 
        049s 11 0.0011 0.9967 0.0007 0.0014 
        050s 11 0.0004 0.9980 0.0005 0.0011 
        051s 11 0.0004 0.9472 0.0028 0.0496 
        052s 11 0.0011 0.9933 0.0037 0.0019 
        053s 11 0.0015 0.9974 0.0004 0.0007 
        054s 11 0.0004 0.9957 0.0033 0.0005 
        055s 11 0.0002 0.9550 0.0444 0.0004 
        001s 12 0.0010 0.9934 0.0047 0.0009 
        002s 12 0.0022 0.9964 0.0007 0.0008 
        003s 12 0.0007 0.9985 0.0004 0.0004 
        004s 12 0.0029 0.9782 0.0059 0.0131 
        005s 12 0.0009 0.9980 0.0005 0.0006 
        006s 12 0.0006 0.9708 0.0271 0.0016 
        007s 12 0.0038 0.9933 0.0013 0.0016 
        008s 12 0.0004 0.9901 0.0088 0.0006 
        009s 12 0.0218 0.9626 0.0092 0.0064 
        010s 12 0.0009 0.9429 0.0560 0.0003 
        011s 12 0.0009 0.9960 0.0023 0.0008 
        012s 12 0.0005 0.9926 0.0031 0.0039 
        013s 12 0.0005 0.9620 0.0006 0.0369 
        014s 12 0.0031 0.9133 0.0414 0.0423 
        015s 12 0.0018 0.9952 0.0021 0.0009 
        016s 12 0.0004 0.9957 0.0005 0.0034 
        017s 12 0.0002 0.9965 0.0022 0.0010 
        018s 12 0.0023 0.9956 0.0008 0.0013 
        019s 12 0.0027 0.9957 0.0012 0.0004 
        020s 12 0.0002 0.9582 0.0408 0.0009 
        021s 12 0.0005 0.9961 0.0010 0.0024 
        022s 12 0.0036 0.9684 0.0232 0.0048 
        023s 12 0.0007 0.9981 0.0003 0.0010 
        024s 12 0.0004 0.9986 0.0006 0.0005 
        025s 12 0.0051 0.9886 0.0053 0.0010 
        026s 12 0.0190 0.9761 0.0041 0.0008 
        027s 12 0.0004 0.9967 0.0025 0.0004 
        028s 12 0.0097 0.9868 0.0008 0.0027 
        029s 12 0.0004 0.9982 0.0006 0.0009 
        030s 12 0.0004 0.9976 0.0014 0.0006 
        031s 12 0.0009 0.9941 0.0027 0.0023 
        032s 12 0.0064 0.9924 0.0003 0.0009 
        033s 12 0.0004 0.9953 0.0039 0.0003 
        034s 12 0.0005 0.9987 0.0005 0.0003 
        035s 12 0.0006 0.9930 0.0060 0.0005 
        036s 12 0.0029 0.9854 0.0108 0.0008 
        037s 12 0.0014 0.9974 0.0005 0.0007 
        001s 13 0.0012 0.9938 0.0025 0.0025 
        002s 13 0.0003 0.9365 0.0625 0.0008 
        003s 13 0.0008 0.9975 0.0005 0.0012 
        004s 13 0.0110 0.9855 0.0005 0.0030 
        005s 13 0.0027 0.9876 0.0080 0.0017 
        006s 13 0.0008 0.9972 0.0015 0.0005 
        007s 13 0.0005 0.9861 0.0123 0.0012 
        008s 13 0.0018 0.9572 0.0400 0.0010 
        009s 13 0.0074 0.8736 0.1174 0.0016 
        010s 13 0.0014 0.9554 0.0422 0.0010 
        011s 13 0.0047 0.9497 0.0437 0.0019 
        012s 13 0.0039 0.9274 0.0439 0.0248 
        013s 13 0.0008 0.9543 0.0379 0.0069 
        014s 13 0.0011 0.9847 0.0108 0.0034 
        015s 13 0.0108 0.9797 0.0020 0.0075 
        016s 13 0.0006 0.9981 0.0003 0.0010 
        017s 13 0.0039 0.9497 0.0459 0.0006 
        018s 13 0.0005 0.9984 0.0004 0.0006 
        019s 13 0.0005 0.9975 0.0010 0.0010 
        020s 13 0.0018 0.9928 0.0051 0.0003 
        021s 13 0.0005 0.9978 0.0003 0.0013 
        022s 13 0.0005 0.9975 0.0011 0.0009 
        023s 13 0.0006 0.9984 0.0007 0.0004 
        024s 13 0.0011 0.9342 0.0230 0.0417 
        025s 13 0.0009 0.9963 0.0006 0.0022 
        026s 13 0.0005 0.8890 0.1017 0.0088 
        027s 13 0.0052 0.9566 0.0362 0.0020 
        028s 13 0.0087 0.9600 0.0282 0.0031 
        029s 13 0.0006 0.9913 0.0069 0.0012 
        030s 13 0.0003 0.9398 0.0169 0.0431 
        031s 13 0.0013 0.8937 0.0033 0.1017 
        032s 13 0.0005 0.9982 0.0010 0.0004 
        033s 13 0.0007 0.9502 0.0481 0.0010 
        034s 13 0.0020 0.9462 0.0507 0.0011 
        035s 13 0.0016 0.9943 0.0007 0.0034 
        036s 13 0.0006 0.9978 0.0012 0.0004 
        037s 13 0.0007 0.9974 0.0004 0.0015 
        038s 13 0.0010 0.9964 0.0018 0.0008 
        039s 13 0.0008 0.8327 0.0814 0.0851 
        040s 13 0.0005 0.9976 0.0009 0.0011 
        041s 13 0.0004 0.9308 0.0679 0.0009 
        042s 13 0.0006 0.9979 0.0006 0.0009 
        001s 14 0.0015 0.9919 0.0057 0.0009 
        002s 14 0.0035 0.9359 0.0591 0.0014 
        003s 14 0.0006 0.9979 0.0007 0.0008 
        004s 14 0.0008 0.9778 0.0175 0.0039 
        005s 14 0.0007 0.9986 0.0002 0.0005 
        006s 14 0.0003 0.9989 0.0005 0.0003 
        007s 14 0.0004 0.9976 0.0010 0.0011 
        008s 14 0.0221 0.8921 0.0838 0.0019 
        009s 14 0.0063 0.9914 0.0014 0.0009 
        010s 14 0.0170 0.9735 0.0074 0.0020 
        011s 14 0.0008 0.9396 0.0588 0.0008 
        012s 14 0.0018 0.9955 0.0013 0.0014 
        013s 14 0.0008 0.9920 0.0022 0.0050 
        014s 14 0.0094 0.9822 0.0077 0.0008 
        015s 14 0.0080 0.9888 0.0008 0.0024 
        016s 14 0.0005 0.9887 0.0004 0.0104 
        017s 14 0.0007 0.9249 0.0735 0.0009 
        018s 14 0.0008 0.9974 0.0006 0.0012 
        019s 14 0.0004 0.9968 0.0021 0.0007 
        020s 14 0.0075 0.9908 0.0006 0.0011 
        021s 14 0.0086 0.9898 0.0011 0.0005 
        022s 14 0.0016 0.9914 0.0057 0.0013 
        023s 14 0.0021 0.9937 0.0017 0.0025 
        024s 14 0.0028 0.9502 0.0457 0.0013 
        025s 14 0.0004 0.9963 0.0029 0.0004 
        026s 14 0.0021 0.9967 0.0003 0.0009 
        027s 14 0.0006 0.9956 0.0009 0.0029 
        028s 14 0.0023 0.9959 0.0011 0.0007 
        029s 14 0.0004 0.9982 0.0002 0.0011 
        030s 14 0.0005 0.9957 0.0032 0.0005 
        031s 14 0.0007 0.9958 0.0020 0.0015 
        032s 14 0.0003 0.9962 0.0011 0.0024 
        033s 14 0.0011 0.9743 0.0240 0.0007 
        034s 14 0.0005 0.9987 0.0002 0.0006 
        035s 14 0.0003 0.8397 0.1592 0.0008 
        036s 14 0.0018 0.8832 0.1087 0.0063 
        037s 14 0.0010 0.9956 0.0005 0.0029 
        038s 14 0.0006 0.9983 0.0006 0.0004 
        039s 14 0.0031 0.9896 0.0025 0.0048 
        040s 14 0.0005 0.9955 0.0030 0.0009 
        041s 14 0.0005 0.9980 0.0010 0.0005 
        042s 14 0.0012 0.9717 0.0252 0.0019 
        001s 15 0.0008 0.9972 0.0007 0.0012 
        002s 15 0.0101 0.8862 0.0857 0.0180 
        003s 15 0.0010 0.9891 0.0028 0.0071 
        004s 15 0.0078 0.9914 0.0005 0.0003 
        005s 15 0.0012 0.9822 0.0103 0.0063 
        006s 15 0.0006 0.9912 0.0069 0.0013 
        007s 15 0.0010 0.9982 0.0004 0.0004 
        008s 15 0.0006 0.9985 0.0004 0.0005 
        009s 15 0.0004 0.9161 0.0395 0.0439 
        010s 15 0.0003 0.9978 0.0006 0.0014 
        011s 15 0.0003 0.9406 0.0584 0.0007 
        012s 15 0.0010 0.9938 0.0029 0.0022 
        013s 15 0.0033 0.9951 0.0005 0.0011 
        014s 15 0.0042 0.9896 0.0012 0.0050 
        015s 15 0.0011 0.9129 0.0796 0.0064 
        016s 15 0.0280 0.8847 0.0869 0.0004 
        017s 15 0.0170 0.9799 0.0011 0.0020 
        018s 15 0.0017 0.9973 0.0006 0.0005 
        019s 15 0.0007 0.9925 0.0019 0.0050 
        020s 15 0.0004 0.9984 0.0007 0.0005 
        021s 15 0.0018 0.9344 0.0606 0.0033 
        022s 15 0.0007 0.9974 0.0013 0.0006 
        023s 15 0.0006 0.9731 0.0253 0.0011 
        024s 15 0.0003 0.9969 0.0019 0.0008 
        025s 15 0.0009 0.9667 0.0042 0.0282 
        026s 15 0.0029 0.9749 0.0011 0.0211 
        027s 15 0.0111 0.9785 0.0098 0.0007 
        028s 15 0.0023 0.9958 0.0008 0.0011 
        029s 15 0.0014 0.9967 0.0007 0.0012 
        030s 15 0.0014 0.9975 0.0004 0.0007 
        031s 15 0.0012 0.9428 0.0470 0.0090 
        032s 15 0.0008 0.9969 0.0004 0.0020 
        033s 15 0.0010 0.9605 0.0382 0.0002 
        035s 15 0.0019 0.9937 0.0038 0.0007 
        036s 15 0.0003 0.9943 0.0013 0.0041 
        037s 15 0.0005 0.9952 0.0032 0.0011 
        038s 15 0.0007 0.9963 0.0027 0.0003 
        039s 15 0.0006 0.9701 0.0288 0.0004 
        040s 15 0.0029 0.9918 0.0048 0.0006 
        041s 15 0.0003 0.9194 0.0766 0.0036 
        042s 15 0.0025 0.9956 0.0010 0.0008 
        043s 15 0.0003 0.9921 0.0059 0.0017 
        044s 15 0.0010 0.9953 0.0031 0.0007 
        045s 15 0.0018 0.8865 0.0347 0.0769 
        046s 15 0.0005 0.9731 0.0255 0.0009 
        047s 15 0.0004 0.9786 0.0206 0.0005 
        048s 15 0.0010 0.9849 0.0007 0.0134 
        049s 15 0.0004 0.9871 0.0120 0.0005 
        050s 15 0.0105 0.8807 0.1050 0.0037 
         001 16 0.0025 0.8125 0.1839 0.0010 
         002 16 0.0003 0.9772 0.0220 0.0005 
         003 16 0.0029 0.9864 0.0086 0.0021 
         004 16 0.0006 0.9974 0.0008 0.0011 
         005 16 0.0019 0.9100 0.0589 0.0292 
         006 16 0.0010 0.9727 0.0125 0.0139 
         007 16 0.0007 0.9961 0.0019 0.0013 
         008 16 0.0013 0.8632 0.1345 0.0010 
         009 16 0.0009 0.9980 0.0008 0.0004 
         010 16 0.0005 0.9946 0.0039 0.0010 
         011 16 0.0005 0.9935 0.0044 0.0017 
         012 16 0.0010 0.9963 0.0016 0.0011 
         013 16 0.0005 0.9984 0.0006 0.0006 
         014 16 0.0011 0.9772 0.0213 0.0003 
         015 16 0.0022 0.6296 0.0008 0.3674 
         016 16 0.0043 0.9815 0.0007 0.0135 
         017 16 0.0006 0.9793 0.0191 0.0010 
         018 16 0.0055 0.9223 0.0339 0.0383 
         019 16 0.0009 0.9280 0.0704 0.0006 
         020 16 0.0010 0.9980 0.0004 0.0006 
         021 16 0.0053 0.8682 0.1256 0.0008 
         022 16 0.0013 0.9942 0.0019 0.0026 
         023 16 0.0007 0.9839 0.0051 0.0103 
         024 16 0.0012 0.9685 0.0015 0.0288 
         025 16 0.0008 0.9237 0.0720 0.0034 
         026 16 0.0003 0.8944 0.1030 0.0023 
         027 16 0.0090 0.9873 0.0021 0.0017 
         028 16 0.0139 0.8227 0.1631 0.0003 
         029 16 0.0011 0.9607 0.0375 0.0008 
         030 16 0.0004 0.9974 0.0018 0.0004 
         031 16 0.0151 0.9828 0.0016 0.0006 
         032 16 0.0010 0.9240 0.0682 0.0069 
         033 16 0.0003 0.9986 0.0008 0.0003 
         034 16 0.0003 0.9939 0.0044 0.0014 
         035 16 0.0005 0.9988 0.0004 0.0003 
         036 16 0.0016 0.9963 0.0005 0.0017 
         037 16 0.0006 0.9466 0.0493 0.0035 
         038 16 0.0011 0.9910 0.0016 0.0063 
         039 16 0.0010 0.9978 0.0006 0.0006 
         040 16 0.0005 0.9964 0.0014 0.0017 
         041 16 0.0004 0.9979 0.0006 0.0012 
         042 16 0.0018 0.9963 0.0014 0.0006 
         043 16 0.0010 0.9974 0.0007 0.0010 
         044 16 0.0017 0.9928 0.0038 0.0016 
         045 16 0.0021 0.9873 0.0103 0.0003 
         047 16 0.0051 0.9544 0.0395 0.0010 
         048 16 0.0007 0.9945 0.0042 0.0006 
         049 16 0.0005 0.9961 0.0010 0.0024 
         050 16 0.0006 0.9985 0.0006 0.0003 
         051 16 0.0015 0.9962 0.0018 0.0006 
         052 16 0.0005 0.9985 0.0002 0.0008 
         053 16 0.0009 0.9980 0.0004 0.0007 
         054 16 0.0008 0.9594 0.0389 0.0009 
         055 16 0.0005 0.9176 0.0817 0.0003 
         056 16 0.0008 0.9904 0.0006 0.0081 
         057 16 0.0005 0.9467 0.0526 0.0002 
         058 16 0.0002 0.8772 0.1051 0.0175 
         059 16 0.0061 0.8040 0.0966 0.0933 
         060 16 0.0011 0.9864 0.0015 0.0111 
         061 16 0.0006 0.9966 0.0012 0.0016 
         062 16 0.0016 0.9952 0.0029 0.0004 
         063 16 0.0005 0.9975 0.0013 0.0007 
         064 16 0.0005 0.9971 0.0004 0.0020 
         065 16 0.0015 0.9935 0.0025 0.0024 
         066 16 0.0010 0.9980 0.0004 0.0006 
         067 16 0.0008 0.9231 0.0018 0.0743 
         068 16 0.0008 0.9661 0.0031 0.0300 
         069 16 0.0053 0.9935 0.0007 0.0005 
         070 16 0.0023 0.9944 0.0027 0.0006 
         071 16 0.0005 0.9028 0.0961 0.0005 
         072 16 0.0009 0.9950 0.0030 0.0012 
         073 16 0.0006 0.9972 0.0019 0.0003 
         074 16 0.0006 0.9986 0.0005 0.0004 
         075 16 0.0007 0.9640 0.0344 0.0009 
         076 16 0.0006 0.9980 0.0010 0.0004 
         077 16 0.0308 0.8936 0.0168 0.0589 
         078 16 0.0008 0.9925 0.0041 0.0026 
         079 16 0.0026 0.9074 0.0890 0.0011 
         080 16 0.0004 0.9978 0.0005 0.0013 
         081 16 0.0011 0.9370 0.0615 0.0004 
         082 16 0.0005 0.9662 0.0328 0.0005 
         083 16 0.0007 0.9968 0.0008 0.0017 
         084 16 0.0031 0.9929 0.0029 0.0010 
         085 16 0.0018 0.9896 0.0007 0.0079 
         086 16 0.0006 0.8821 0.1167 0.0006 
         087 16 0.0014 0.9844 0.0139 0.0003 
         088 16 0.0005 0.9971 0.0005 0.0019 
         089 16 0.0008 0.9946 0.0037 0.0009 
         090 16 0.0015 0.9957 0.0023 0.0005 
         091 16 0.0007 0.9974 0.0014 0.0006 
         092 16 0.0005 0.9885 0.0101 0.0009 
         093 16 0.0017 0.9969 0.0010 0.0004 
         094 16 0.0075 0.9481 0.0022 0.0422 
         095 16 0.0014 0.9978 0.0004 0.0004 
         096 16 0.0004 0.9869 0.0096 0.0031 
         097 16 0.0012 0.8817 0.1120 0.0052 
         098 16 0.0062 0.9889 0.0008 0.0041 
         099 16 0.0007 0.9925 0.0004 0.0064 
         100 16 0.0008 0.9968 0.0005 0.0019 
         101 16 0.0005 0.9877 0.0064 0.0054 
         102 16 0.0005 0.9964 0.0017 0.0013 
         103 16 0.0039 0.9917 0.0019 0.0025 
         104 16 0.0003 0.9950 0.0013 0.0034 
         105 16 0.0042 0.8885 0.1033 0.0039 
         106 16 0.0005 0.9963 0.0012 0.0020 
         107 16 0.0472 0.9459 0.0012 0.0057 
         108 16 0.0692 0.6559 0.1035 0.1714 
         109 16 0.0005 0.9737 0.0254 0.0004 
         110 16 0.0003 0.9981 0.0004 0.0012 
         111 16 0.0007 0.9822 0.0156 0.0015 
         112 16 0.0010 0.9892 0.0083 0.0015 
         113 16 0.0010 0.9395 0.0584 0.0012 
         114 16 0.0054 0.9903 0.0030 0.0013 
         115 16 0.0005 0.9985 0.0005 0.0005 
         116 16 0.0005 0.9937 0.0048 0.0009 
         117 16 0.0041 0.9775 0.0177 0.0007 
         118 16 0.0010 0.9864 0.0007 0.0119 
         119 16 0.0015 0.9956 0.0017 0.0012 
         120 16 0.0010 0.9967 0.0018 0.0005 
         121 16 0.0003 0.9663 0.0019 0.0315 
         122 16 0.0004 0.9987 0.0004 0.0005 
         123 16 0.0029 0.9938 0.0028 0.0005 
         124 16 0.0004 0.9936 0.0044 0.0015 
         126 16 0.0057 0.8557 0.1343 0.0043 
         001 17 0.0095 0.9883 0.0014 0.0007 
         002 17 0.0007 0.9978 0.0010 0.0005 
         003 17 0.0008 0.9981 0.0007 0.0004 
         005 17 0.0229 0.9763 0.0004 0.0004 
         006 17 0.0009 0.9516 0.0471 0.0005 
         007 17 0.0031 0.8202 0.1319 0.0448 
         008 17 0.0006 0.8764 0.1222 0.0008 
         009 17 0.0007 0.9987 0.0003 0.0003 
         010 17 0.0007 0.9972 0.0009 0.0012 
         011 17 0.0006 0.4972 0.1117 0.3906 
         012 17 0.0007 0.9962 0.0015 0.0016 
         013 17 0.0007 0.9987 0.0003 0.0003 
         014 17 0.0012 0.9980 0.0004 0.0003 
         015 17 0.0006 0.9963 0.0028 0.0003 
         016 17 0.0004 0.9980 0.0010 0.0006 
         017 17 0.0009 0.9958 0.0022 0.0011 
         018 17 0.0237 0.9587 0.0171 0.0005 
         019 17 0.0007 0.9982 0.0003 0.0008 
         020 17 0.0004 0.9978 0.0011 0.0007 
         021 17 0.0005 0.9981 0.0005 0.0008 
         022 17 0.0135 0.9379 0.0476 0.0010 
         023 17 0.0022 0.9961 0.0012 0.0005 
         024 17 0.0010 0.9151 0.0795 0.0044 
         025 17 0.0004 0.9986 0.0007 0.0004 
         002 18 0.0062 0.9913 0.0003 0.0022 
         003 18 0.0004 0.9982 0.0003 0.0011 
         004 18 0.0044 0.9792 0.0155 0.0009 
         005 18 0.0008 0.9671 0.0029 0.0291 
         006 18 0.0004 0.9985 0.0003 0.0008 
         007 18 0.0024 0.9934 0.0038 0.0004 
         008 18 0.0004 0.9973 0.0005 0.0019 
         009 18 0.0011 0.9812 0.0158 0.0019 
         010 18 0.0031 0.9883 0.0008 0.0079 
         011 18 0.0019 0.9957 0.0006 0.0018 
         012 18 0.0007 0.9928 0.0035 0.0030 
         015 18 0.0003 0.9970 0.0012 0.0015 
         016 18 0.0006 0.9930 0.0060 0.0004 
         018 18 0.0055 0.9895 0.0004 0.0046 
         026 18 0.0022 0.9957 0.0016 0.0006 
         027 18 0.0022 0.9959 0.0003 0.0015 
         028 18 0.0290 0.9695 0.0012 0.0003 
         029 18 0.0008 0.9977 0.0010 0.0005 
         031 18 0.0348 0.8107 0.0724 0.0821 
         032 18 0.0014 0.9978 0.0005 0.0003 
         033 18 0.0011 0.9972 0.0008 0.0008 
         035 18 0.0006 0.9981 0.0007 0.0006 
         036 18 0.0008 0.9907 0.0005 0.0080 
         037 18 0.0141 0.9698 0.0061 0.0100 
         038 18 0.0508 0.9284 0.0169 0.0039 
         039 18 0.0005 0.9979 0.0004 0.0011 
         044 18 0.0013 0.8679 0.1303 0.0006 
         046 18 0.0074 0.9564 0.0011 0.0350 
         049 18 0.0011 0.9980 0.0005 0.0004 
         053 18 0.0009 0.9969 0.0016 0.0006 
         054 18 0.0009 0.9933 0.0048 0.0009 
         056 18 0.0044 0.9861 0.0056 0.0040 
         057 18 0.0007 0.9952 0.0007 0.0033 
         058 18 0.0057 0.9903 0.0008 0.0031 
        001s 19 0.0007 0.9490 0.0496 0.0007 
        002s 19 0.0009 0.9964 0.0019 0.0008 
        003s 19 0.0005 0.9963 0.0027 0.0005 
        004s 19 0.0044 0.9691 0.0020 0.0245 
        005s 19 0.0042 0.8863 0.0370 0.0725 
        006s 19 0.0012 0.9961 0.0014 0.0014 
        007s 19 0.0004 0.9642 0.0222 0.0133 
        008s 19 0.0010 0.9440 0.0368 0.0181 
        009s 19 0.0006 0.9962 0.0013 0.0019 
        010s 19 0.0138 0.9803 0.0054 0.0005 
        011s 19 0.0042 0.9938 0.0009 0.0010 
        012s 19 0.0019 0.9943 0.0032 0.0006 
        013s 19 0.0008 0.9851 0.0135 0.0006 
        014s 19 0.0004 0.9062 0.0727 0.0206 
        015s 19 0.0006 0.9977 0.0013 0.0004 
        016s 19 0.0196 0.9395 0.0012 0.0396 
        017s 19 0.0020 0.9724 0.0199 0.0056 
        018s 19 0.0013 0.9941 0.0018 0.0027 
        019s 19 0.0005 0.9088 0.0860 0.0047 
        020s 19 0.0004 0.9211 0.0782 0.0004 
        021s 19 0.0019 0.9936 0.0040 0.0004 
        022s 19 0.0013 0.9885 0.0095 0.0007 
        023s 19 0.0027 0.9934 0.0015 0.0023 
        024s 19 0.0021 0.9953 0.0005 0.0021 
        025s 19 0.0020 0.9042 0.0866 0.0072 
        026s 19 0.0026 0.9857 0.0083 0.0034 
        027s 19 0.0009 0.9961 0.0021 0.0010 
        028s 19 0.0006 0.9939 0.0051 0.0004 
        029s 19 0.0014 0.9975 0.0005 0.0007 
        030s 19 0.0036 0.9934 0.0025 0.0006 
        031s 19 0.0006 0.9964 0.0023 0.0007 
        032s 19 0.0005 0.9982 0.0011 0.0002 
        033s 19 0.0011 0.9944 0.0006 0.0039 
        034s 19 0.0005 0.9973 0.0011 0.0011 
        035s 19 0.0027 0.9825 0.0099 0.0048 
        036s 19 0.0003 0.9976 0.0007 0.0014 
        037s 19 0.0012 0.9979 0.0005 0.0004 
        038s 19 0.0017 0.9944 0.0023 0.0016 
        039s 19 0.0005 0.9986 0.0005 0.0004 
        040s 19 0.0005 0.9934 0.0057 0.0005 
        041s 19 0.0004 0.9986 0.0005 0.0005 
        042s 19 0.0100 0.9738 0.0020 0.0142 
        043s 19 0.0017 0.9649 0.0327 0.0007 
        044s 19 0.0008 0.9974 0.0004 0.0014 
        045s 19 0.0010 0.9973 0.0003 0.0013 
        046s 19 0.0017 0.9888 0.0021 0.0074 
        047s 19 0.0007 0.9959 0.0032 0.0003 
        048s 19 0.0013 0.8989 0.0991 0.0007 
        049s 19 0.0005 0.9740 0.0199 0.0056 
        050s 19 0.0004 0.9985 0.0005 0.0006 
        051s 19 0.0010 0.9289 0.0608 0.0093 
        052s 19 0.0011 0.9974 0.0008 0.0007 
      LIW2-4 20 0.0023 0.9940 0.0013 0.0024 
     LIW2-12 21 0.0086 0.9108 0.0005 0.0801 
     LIW2-20 22 0.0044 0.9933 0.0012 0.0011 
     LIW2-28 23 0.0029 0.8960 0.0266 0.0745 
      LIW1-5 24 0.0016 0.9953 0.0008 0.0023 
     LIW1-13 25 0.0004 0.9148 0.0726 0.0121 
     LIW1-21 26 0.0076 0.9525 0.0023 0.0376 
     LIW1-29 27 0.0031 0.9598 0.0178 0.0193 
      LIW2-5 28 0.0074 0.9897 0.0006 0.0023 
     LIW2-34 29 0.0101 0.9858 0.0004 0.0036 
     LIW2-21 30 0.0023 0.8907 0.0834 0.0236 
     LIW2-29 31 0.0045 0.8132 0.1805 0.0019 
      LIW1-6 32 0.0011 0.9955 0.0006 0.0027 
     LIW1-14 33 0.0378 0.9154 0.0457 0.0011 
     LIW1-22 34 0.0272 0.9671 0.0006 0.0051 
     LIW1-30 35 0.0013 0.9948 0.0008 0.0031 
      LIW2-6 36 0.0028 0.9640 0.0102 0.0229 
     LIW2-14 37 0.0004 0.9932 0.0009 0.0054 
     LIW2-22 38 0.0007 0.8846 0.0222 0.0925 
     LIW2-30 39 0.0427 0.9514 0.0005 0.0054 
      LIW1-7 40 0.0159 0.9145 0.0094 0.0601 
     LIW1-15 41 0.0048 0.9808 0.0005 0.0138 
     LIW1-23 42 0.0025 0.9886 0.0034 0.0055 
     LIW1-31 43 0.0031 0.9893 0.0024 0.0051 
      LIW2-7 44 0.0073 0.9117 0.0800 0.0010 
     LIW2-15 45 0.0532 0.9434 0.0005 0.0028 
     LIW2-23 46 0.0009 0.9114 0.0014 0.0864 
      LIW1-8 47 0.0010 0.9952 0.0006 0.0033 
     LIW1-16 48 0.0012 0.9960 0.0006 0.0022 
      LIW2-8 49 0.0031 0.9932 0.0005 0.0032 
     LIW2-16 50 0.0035 0.6498 0.3126 0.0342 
     LIW2-24 51 0.0021 0.7994 0.1872 0.0113 
     LIW2-32 52 0.0079 0.9345 0.0065 0.0511 
     LIW1-47 53 0.0023 0.9750 0.0069 0.0158 
      UMFS-1 54 0.9993 0.0003 0.0003 0.0001 
     UMFS-19 55 0.9995 0.0001 0.0003 0.0001 
     UMFS-31 56 0.8085 0.1908 0.0002 0.0005 
      UMFS-2 57 0.9374 0.0621 0.0002 0.0002 
     UMFS-10 58 0.8930 0.1063 0.0004 0.0003 
     UMFS-20 59 0.8430 0.1533 0.0033 0.0005 
     UMFS-32 60 0.9992 0.0003 0.0004 0.0002 
      UMFS-3 61 0.9998 0.0001 0.0001 0.0001 
     UMFS-11 62 0.0005 0.5860 0.4062 0.0074 
     UMFS-21 63 0.9333 0.0513 0.0067 0.0087 
     UMFS-33 64 0.9999 0.0000 0.0000 0.0000 
      UMFS-4 65 0.9999 0.0000 0.0000 0.0000 
     UMFS-22 66 0.9490 0.0483 0.0013 0.0015 
     UMFS-34 67 0.5858 0.3293 0.0039 0.0811 
      UMFS-5 68 0.9177 0.0783 0.0021 0.0018 
     UMFS-13 69 0.9957 0.0012 0.0008 0.0022 
     UMFS-23 70 0.7689 0.2294 0.0011 0.0006 
     UMFS-35 71 0.9997 0.0001 0.0001 0.0001 
      UMFS-6 72 0.9998 0.0001 0.0001 0.0001 
     UMFS-14 73 0.9999 0.0000 0.0000 0.0000 
     UMFS-24 74 0.7505 0.2469 0.0022 0.0004 
     UMFS-36 75 0.9999 0.0000 0.0000 0.0000 
      UMFS-7 76 0.0002 0.3225 0.5617 0.1156 
     UMFS-15 77 0.9998 0.0001 0.0001 0.0001 
     UMFS-25 78 0.7906 0.2017 0.0072 0.0004 
     UMFS-37 79 0.9998 0.0001 0.0001 0.0001 
      UMFS-8 80 0.9844 0.0133 0.0016 0.0007 
     UMFS-16 81 0.9997 0.0001 0.0001 0.0001 
     UMFS-26 82 0.4822 0.3708 0.0100 0.1370 
     UMFS-38 83 0.9997 0.0001 0.0001 0.0001 
      NEH1-2 84 0.0010 0.0014 0.0131 0.9845 
     NEH1-11 85 0.0006 0.0019 0.0326 0.9648 
     NEH1-20 86 0.0039 0.1136 0.0005 0.8820 
     NEH1-29 87 0.0002 0.0006 0.0003 0.9989 
      NEH2-2 88 0.0002 0.0003 0.0002 0.9993 
     NEH2-10 89 0.0003 0.0047 0.0004 0.9946 
     NEH2-18 90 0.0002 0.0002 0.0004 0.9991 
     NEH2-26 91 0.0003 0.0008 0.0006 0.9983 
      NEH1-3 92 0.0002 0.1530 0.0006 0.8462 
     NEH1-12 93 0.0004 0.0003 0.0515 0.9478 
     NEH1-21 94 0.0003 0.0647 0.0015 0.9335 
     NEH1-30 95 0.0003 0.0631 0.0162 0.9204 
      NEH2-3 96 0.0001 0.0001 0.0001 0.9996 
     NEH2-11 97 0.0028 0.0005 0.0031 0.9935 
     NEH2-19 98 0.0026 0.0024 0.0012 0.9938 
     NEH2-27 99 0.0001 0.0001 0.0001 0.9997 
      NEH1-4 100 0.0001 0.0001 0.0002 0.9995 
     NEH1-13 101 0.0005 0.2259 0.0023 0.7713 
     NEH1-22 102 0.0005 0.1962 0.0006 0.8027 
     NEH1-31 103 0.0001 0.0005 0.0003 0.9991 
      NEH2-4 104 0.0017 0.0027 0.0011 0.9945 
     NEH2-12 105 0.0088 0.0003 0.0417 0.9492 
     NEH2-20 106 0.0009 0.1919 0.0002 0.8071 
     NEH2-28 107 0.0004 0.0013 0.0025 0.9959 
      NEH1-5 108 0.0004 0.1331 0.0023 0.8642 
     NEH1-14 109 0.0010 0.1585 0.0699 0.7706 
     NEH1-23 110 0.0034 0.2247 0.0003 0.7716 
     NEH1-32 111 0.0002 0.0007 0.0016 0.9975 
      NEH2-5 112 0.0001 0.0002 0.0001 0.9996 
     NEH2-13 113 0.0003 0.0014 0.0056 0.9927 
     NEH2-22 114 0.0008 0.0005 0.0004 0.9983 
     NEH2-29 115 0.0007 0.0289 0.0005 0.9700 
      NEH1-6 116 0.0001 0.0001 0.0002 0.9996 
     NEH1-15 117 0.0002 0.0009 0.0436 0.9554 
     NEH1-24 118 0.0018 0.0007 0.0024 0.9951 
     NEH1-33 119 0.0005 0.1206 0.0004 0.8786 
      NEH2-6 120 0.0074 0.0097 0.0004 0.9824 
     NEH2-14 121 0.0007 0.0037 0.0011 0.9944 
     NEH2-21 122 0.0014 0.0419 0.0003 0.9564 
     NEH2-30 123 0.0001 0.0002 0.0001 0.9995 
      NEH1-7 124 0.0008 0.0686 0.0810 0.8496 
     NEH1-16 125 0.0002 0.0003 0.0003 0.9993 
     NEH1-25 126 0.0020 0.1207 0.0005 0.8768 
     NEH1-34 127 0.0007 0.0569 0.0083 0.9341 
      NEH2-7 128 0.0017 0.0013 0.0008 0.9961 
     NEH2-15 129 0.0001 0.0001 0.0001 0.9998 
     NEH2-23 130 0.0014 0.0125 0.0395 0.9465 
     NEH2-31 131 0.0002 0.0001 0.0001 0.9995 
      NEH1-8 132 0.0002 0.1030 0.0600 0.8368 
     NEH1-17 133 0.0007 0.0009 0.0951 0.9033 
     NEH1-26 134 0.0013 0.1463 0.0008 0.8516 
     NEH1-35 135 0.0004 0.1830 0.0023 0.8143 
      NEH2-8 136 0.0001 0.0001 0.0001 0.9997 
     NEH2-16 137 0.0007 0.0005 0.0004 0.9985 
     NEH2-24 138 0.0003 0.0001 0.0001 0.9994 
     NEH2-32 139 0.0008 0.0005 0.0582 0.9405 
      NEH1-1 140 0.0017 0.0014 0.0771 0.9198 
     NEH1-10 141 0.0001 0.0002 0.0003 0.9994 
     NEH1-19 142 0.0003 0.1198 0.0009 0.8789 
     NEH1-28 143 0.0004 0.0007 0.0414 0.9575 
      NEH2-1 144 0.0004 0.0018 0.0012 0.9966 
      NEH2-9 145 0.0003 0.0004 0.0002 0.9991 
     NEH2-17 146 0.0004 0.0046 0.0288 0.9661 
     NEH2-25 147 0.0001 0.0003 0.0009 0.9987 
