        001s  1 0.0006 0.0007 0.9986 
        002s  1 0.0023 0.0012 0.9965 
        003s  1 0.0036 0.0029 0.9935 
        004s  1 0.0468 0.0066 0.9466 
        005s  1 0.4279 0.0020 0.5701 
        006s  1 0.0010 0.0008 0.9983 
        007s  1 0.0014 0.0052 0.9934 
        008s  1 0.0043 0.0013 0.9944 
        009s  1 0.0721 0.0097 0.9183 
        010s  1 0.0070 0.0006 0.9924 
        011s  1 0.0036 0.0034 0.9929 
        012s  1 0.1305 0.0031 0.8664 
        013s  1 0.0314 0.0118 0.9568 
        014s  1 0.0241 0.0154 0.9605 
        015s  1 0.0008 0.0008 0.9984 
        016s  1 0.0019 0.0117 0.9864 
        018s  1 0.1379 0.0022 0.8599 
        019s  1 0.0046 0.0018 0.9936 
        020s  1 0.0007 0.0117 0.9877 
        021s  1 0.0015 0.0095 0.9890 
        022s  1 0.0004 0.0010 0.9986 
        023s  1 0.0007 0.0149 0.9844 
        024s  1 0.0021 0.0012 0.9967 
        025s  1 0.0113 0.0019 0.9868 
        026s  1 0.0014 0.0120 0.9867 
        027s  1 0.0102 0.0041 0.9857 
        028s  1 0.1116 0.0010 0.8874 
        029s  1 0.0010 0.0011 0.9979 
        030s  1 0.0041 0.0012 0.9946 
        031s  1 0.0004 0.0015 0.9980 
        032s  1 0.0013 0.0011 0.9976 
        033s  1 0.0064 0.0019 0.9917 
        034s  1 0.0020 0.0553 0.9427 
        035s  1 0.0033 0.0016 0.9951 
        036s  1 0.0773 0.0025 0.9203 
        037s  1 0.1187 0.0623 0.8190 
        038s  1 0.0023 0.0012 0.9964 
        039s  1 0.0052 0.0005 0.9943 
        040s  1 0.0032 0.0049 0.9919 
        041s  1 0.0017 0.0047 0.9936 
        042s  1 0.0388 0.0946 0.8667 
        043s  1 0.0201 0.0008 0.9791 
        044s  1 0.1109 0.0129 0.8762 
        045s  1 0.0060 0.0015 0.9925 
        046s  1 0.0012 0.0010 0.9978 
        047s  1 0.0006 0.0070 0.9924 
        048s  1 0.0076 0.0014 0.9910 
        049s  1 0.0014 0.0007 0.9979 
        050s  1 0.0988 0.0006 0.9006 
        051s  1 0.0006 0.0018 0.9976 
        052s  1 0.0285 0.0026 0.9688 
        053s  1 0.0016 0.0010 0.9974 
        054s  1 0.0010 0.0015 0.9974 
        055s  1 0.0811 0.0853 0.8336 
          01  2 0.1163 0.0062 0.8775 
          02  2 0.0250 0.0010 0.9739 
          03  2 0.0019 0.0020 0.9960 
          04  2 0.0293 0.0153 0.9554 
          05  2 0.0958 0.0007 0.9035 
          06  2 0.0398 0.0013 0.9590 
          07  2 0.0213 0.0009 0.9778 
          08  2 0.0495 0.0015 0.9489 
          09  2 0.0007 0.0005 0.9988 
          10  2 0.0018 0.0008 0.9973 
          11  2 0.0059 0.0052 0.9889 
          12  2 0.0011 0.0006 0.9982 
          13  2 0.0007 0.0009 0.9983 
          14  2 0.0014 0.0301 0.9686 
          15  2 0.0007 0.0020 0.9973 
          16  2 0.0421 0.0073 0.9507 
          17  2 0.0033 0.0018 0.9949 
          18  2 0.0319 0.0014 0.9667 
          19  2 0.0008 0.0075 0.9918 
          20  2 0.0731 0.0126 0.9143 
          21  2 0.0012 0.0011 0.9977 
          22  2 0.0070 0.0102 0.9828 
          23  2 0.0030 0.0029 0.9941 
          24  2 0.0010 0.0011 0.9980 
          25  2 0.0436 0.0011 0.9553 
          26  2 0.0012 0.0004 0.9984 
          27  2 0.0166 0.0050 0.9784 
          28  2 0.0008 0.0067 0.9924 
          29  2 0.0015 0.0005 0.9980 
          30  2 0.1242 0.1008 0.7751 
          01  3 0.6291 0.0176 0.3532 
          02  3 0.7966 0.0073 0.1960 
          03  3 0.6147 0.0028 0.3825 
          04  3 0.7956 0.0052 0.1992 
          05  3 0.7759 0.1533 0.0708 
          06  3 0.9108 0.0016 0.0876 
          07  3 0.6005 0.0008 0.3987 
          08  3 0.6769 0.0192 0.3039 
          09  3 0.6634 0.0176 0.3190 
          10  3 0.6148 0.1352 0.2500 
          11  3 0.6981 0.0006 0.3013 
          12  3 0.7087 0.0013 0.2900 
          13  3 0.9772 0.0008 0.0219 
          14  3 0.7935 0.1706 0.0359 
          15  3 0.6352 0.0045 0.3603 
          16  3 0.9181 0.0032 0.0787 
          17  3 0.5630 0.0024 0.4346 
          18  3 0.5329 0.2900 0.1771 
          19  3 0.8257 0.0105 0.1638 
          20  3 0.7423 0.0727 0.1850 
          21  3 0.7386 0.0145 0.2469 
          22  3 0.6794 0.0129 0.3077 
          23  3 0.7516 0.0020 0.2463 
          24  3 0.7523 0.0175 0.2302 
          25  3 0.6501 0.1867 0.1631 
          26  3 0.7543 0.0013 0.2444 
          27  3 0.6235 0.1801 0.1965 
          28  3 0.9021 0.0004 0.0975 
          29  3 0.7991 0.0228 0.1781 
          30  3 0.6731 0.0006 0.3264 
         001  4 0.8923 0.1069 0.0008 
         002  4 0.8575 0.0659 0.0767 
         003  4 0.8743 0.0845 0.0412 
         004  4 0.9328 0.0666 0.0006 
         005  4 0.8753 0.1221 0.0026 
         006  4 0.8839 0.0364 0.0797 
         007  4 0.8207 0.0823 0.0970 
         008  4 0.8252 0.1293 0.0456 
         009  4 0.9012 0.0966 0.0022 
         010  4 0.9988 0.0007 0.0005 
         011  4 0.8366 0.1537 0.0097 
         012  4 0.8660 0.1151 0.0189 
         013  4 0.9576 0.0203 0.0221 
         014  4 0.8816 0.0923 0.0261 
         015  4 0.9967 0.0023 0.0010 
         016  4 0.9356 0.0623 0.0021 
         017  4 0.9042 0.0025 0.0933 
         019  4 0.8944 0.0987 0.0069 
         020  4 0.8358 0.0871 0.0771 
         021  4 0.8854 0.1037 0.0109 
         001  5 0.8538 0.1187 0.0274 
         002  5 0.7793 0.0996 0.1211 
         003  5 0.6930 0.0888 0.2182 
         004  5 0.7661 0.0962 0.1377 
         005  5 0.8585 0.0974 0.0441 
         006  5 0.8917 0.0066 0.1017 
         007  5 0.9130 0.0783 0.0087 
         008  5 0.9239 0.0540 0.0221 
         009  5 0.7651 0.0761 0.1588 
         010  5 0.8510 0.0984 0.0506 
         011  5 0.8430 0.1416 0.0154 
         012  5 0.8223 0.0739 0.1039 
         013  5 0.6785 0.0333 0.2882 
         014  5 0.6578 0.1033 0.2390 
         015  5 0.9311 0.0632 0.0057 
         016  5 0.8726 0.0292 0.0981 
         017  5 0.8099 0.0091 0.1810 
         018  5 0.7621 0.0916 0.1463 
         019  5 0.8573 0.0946 0.0481 
         020  5 0.8689 0.1077 0.0235 
         021  5 0.6708 0.0973 0.2319 
         022  5 0.7530 0.1291 0.1179 
         023  5 0.9187 0.0725 0.0088 
         024  5 0.7697 0.0281 0.2022 
         025  5 0.8128 0.0344 0.1528 
         026  5 0.7099 0.0232 0.2669 
         027  5 0.9069 0.0654 0.0277 
         028  5 0.8130 0.0903 0.0967 
         029  5 0.8778 0.0085 0.1137 
         030  5 0.8231 0.0911 0.0858 
        001s  6 0.0193 0.0246 0.9561 
        002s  6 0.0214 0.0018 0.9768 
        003s  6 0.0052 0.0038 0.9910 
        004s  6 0.0007 0.0011 0.9982 
        006s  6 0.0861 0.0206 0.8933 
        007s  6 0.0017 0.0006 0.9977 
        008s  6 0.0023 0.0091 0.9886 
        009s  6 0.0006 0.0014 0.9981 
        010s  6 0.0303 0.0217 0.9480 
        011s  6 0.0021 0.0025 0.9954 
        012s  6 0.0021 0.0023 0.9956 
        013s  6 0.0015 0.0007 0.9978 
        014s  6 0.0507 0.0006 0.9487 
        015s  6 0.0291 0.0088 0.9621 
        016s  6 0.0010 0.0015 0.9975 
        018s  6 0.2331 0.0106 0.7563 
        019s  6 0.0154 0.0040 0.9805 
        020s  6 0.0008 0.0007 0.9985 
        021s  6 0.0137 0.0063 0.9800 
        022s  6 0.0008 0.0058 0.9934 
        023s  6 0.0071 0.0013 0.9916 
        024s  6 0.0284 0.0014 0.9702 
        025s  6 0.0029 0.0728 0.9243 
        026s  6 0.0008 0.0009 0.9983 
        027s  6 0.0009 0.0007 0.9984 
        028s  6 0.0503 0.0127 0.9370 
        029s  6 0.0006 0.0020 0.9974 
        030s  6 0.0527 0.0216 0.9257 
        031s  6 0.0062 0.0006 0.9932 
        032s  6 0.0128 0.0010 0.9862 
        033s  6 0.0392 0.0016 0.9592 
        034s  6 0.0036 0.0171 0.9793 
        035s  6 0.1144 0.0028 0.8828 
        036s  6 0.0043 0.0016 0.9940 
        037s  6 0.0019 0.0026 0.9955 
        038s  6 0.0012 0.0011 0.9976 
        039s  6 0.0005 0.0010 0.9985 
        040s  6 0.0010 0.0005 0.9984 
        041s  6 0.0021 0.0106 0.9873 
        042s  6 0.0053 0.0625 0.9322 
        043s  6 0.0012 0.0105 0.9883 
        044s  6 0.0009 0.0011 0.9980 
        045s  6 0.0021 0.0038 0.9942 
        001s  7 0.0013 0.0019 0.9968 
        002s  7 0.0134 0.0025 0.9841 
        003s  7 0.0039 0.0018 0.9943 
        004s  7 0.0042 0.0010 0.9947 
        005s  7 0.0194 0.0031 0.9775 
        006s  7 0.0410 0.0110 0.9480 
        007s  7 0.0207 0.0027 0.9766 
        008s  7 0.0041 0.0023 0.9935 
        009s  7 0.0047 0.0153 0.9800 
        010s  7 0.0009 0.0024 0.9967 
        011s  7 0.0007 0.0015 0.9978 
        012s  7 0.0008 0.0010 0.9982 
        013s  7 0.0017 0.0071 0.9912 
        014s  7 0.0134 0.0005 0.9861 
        015s  7 0.0141 0.0023 0.9836 
        016s  7 0.0483 0.0118 0.9399 
        017s  7 0.0015 0.0010 0.9975 
        018s  7 0.0018 0.0010 0.9971 
        019s  7 0.0029 0.0193 0.9778 
        020s  7 0.0014 0.0006 0.9980 
        021s  7 0.0018 0.0018 0.9964 
        022s  7 0.0064 0.0018 0.9918 
        023s  7 0.0078 0.0295 0.9627 
        024s  7 0.0013 0.0010 0.9977 
        025s  7 0.0037 0.0015 0.9948 
        026s  7 0.0010 0.0014 0.9976 
        027s  7 0.0021 0.0008 0.9971 
        028s  7 0.0047 0.0009 0.9944 
        029s  7 0.0054 0.0038 0.9908 
        030s  7 0.0007 0.0059 0.9934 
        031s  7 0.0037 0.0157 0.9806 
        032s  7 0.0667 0.0007 0.9327 
        033s  7 0.0216 0.0037 0.9747 
        034s  7 0.0382 0.0009 0.9609 
        035s  7 0.0006 0.0015 0.9979 
        036s  7 0.0018 0.0122 0.9860 
        037s  7 0.0762 0.0058 0.9180 
        038s  7 0.0054 0.0024 0.9922 
        039s  7 0.0006 0.0005 0.9988 
        040s  7 0.0671 0.0006 0.9323 
        041s  7 0.0086 0.0032 0.9882 
        042s  7 0.0034 0.0005 0.9961 
        043s  7 0.0007 0.0051 0.9942 
        044s  7 0.0753 0.0350 0.8897 
         003  8 0.0067 0.0016 0.9917 
         009  8 0.0014 0.0015 0.9971 
         010  8 0.0005 0.0027 0.9968 
         017  8 0.0011 0.0052 0.9938 
         002  9 0.0007 0.0018 0.9975 
         003  9 0.0004 0.0007 0.9989 
         004  9 0.0004 0.0017 0.9979 
         005  9 0.0008 0.0063 0.9930 
         006  9 0.0014 0.0021 0.9965 
         007  9 0.0013 0.0021 0.9966 
         009  9 0.0008 0.0033 0.9959 
         010  9 0.0005 0.0023 0.9973 
         013  9 0.0014 0.0024 0.9961 
         014  9 0.0005 0.0029 0.9966 
         016  9 0.0003 0.0009 0.9988 
         018  9 0.0015 0.0022 0.9963 
         019  9 0.0011 0.0012 0.9977 
         020  9 0.0005 0.0005 0.9990 
         021  9 0.0005 0.0011 0.9984 
         022  9 0.0005 0.0007 0.9988 
         024  9 0.0008 0.0046 0.9946 
         028  9 0.0008 0.0025 0.9967 
         029  9 0.0005 0.0009 0.9986 
         030  9 0.0005 0.0018 0.9977 
         031  9 0.0013 0.0007 0.9980 
         033  9 0.0019 0.0014 0.9967 
         001 10 0.0008 0.0005 0.9987 
         002 10 0.0004 0.0011 0.9985 
         003 10 0.0007 0.0163 0.9830 
         004 10 0.0006 0.0034 0.9960 
         005 10 0.0006 0.0013 0.9980 
         006 10 0.0014 0.0010 0.9975 
         007 10 0.0007 0.0034 0.9959 
         008 10 0.0011 0.0052 0.9937 
         009 10 0.0013 0.0007 0.9980 
         010 10 0.0008 0.0013 0.9979 
         011 10 0.0009 0.0393 0.9598 
         012 10 0.0013 0.0046 0.9942 
         013 10 0.0009 0.0010 0.9981 
         014 10 0.0011 0.0014 0.9975 
         016 10 0.0011 0.0013 0.9976 
         017 10 0.0011 0.0013 0.9976 
         018 10 0.0037 0.0012 0.9952 
         019 10 0.0006 0.0018 0.9976 
         020 10 0.0017 0.0027 0.9956 
         021 10 0.0008 0.0006 0.9987 
         022 10 0.0007 0.0012 0.9981 
         023 10 0.0006 0.0012 0.9982 
         024 10 0.0004 0.0034 0.9961 
         026 10 0.0008 0.0009 0.9983 
        001s 11 0.0565 0.0381 0.9053 
        002s 11 0.0028 0.0022 0.9950 
        003s 11 0.0036 0.0007 0.9957 
        004s 11 0.0009 0.0023 0.9968 
        005s 11 0.0018 0.0009 0.9973 
        006s 11 0.0099 0.0039 0.9863 
        007s 11 0.0650 0.0017 0.9333 
        008s 11 0.0008 0.0006 0.9985 
        009s 11 0.0006 0.0007 0.9988 
        010s 11 0.0013 0.0012 0.9975 
        011s 11 0.1137 0.0225 0.8638 
        012s 11 0.0780 0.0005 0.9215 
        013s 11 0.0014 0.0016 0.9970 
        014s 11 0.0203 0.0014 0.9783 
        015s 11 0.0035 0.0078 0.9887 
        016s 11 0.0095 0.0672 0.9234 
        017s 11 0.0604 0.0031 0.9366 
        018s 11 0.0059 0.0015 0.9926 
        019s 11 0.0011 0.0254 0.9734 
        020s 11 0.0025 0.0022 0.9953 
        021s 11 0.0009 0.0018 0.9974 
        022s 11 0.0246 0.0008 0.9746 
        023s 11 0.0083 0.0350 0.9567 
        025s 11 0.0006 0.0016 0.9978 
        026s 11 0.0094 0.0629 0.9277 
        027s 11 0.0025 0.0009 0.9966 
        028s 11 0.0049 0.0019 0.9933 
        029s 11 0.0165 0.0007 0.9828 
        030s 11 0.0339 0.0027 0.9634 
        031s 11 0.0007 0.0005 0.9988 
        032s 11 0.0009 0.0037 0.9953 
        033s 11 0.0030 0.0013 0.9957 
        034s 11 0.0031 0.0007 0.9962 
        035s 11 0.0049 0.0007 0.9944 
        036s 11 0.0185 0.0007 0.9808 
        037s 11 0.0017 0.0023 0.9960 
        038s 11 0.0024 0.0010 0.9965 
        039s 11 0.0010 0.0013 0.9977 
        040s 11 0.0794 0.0010 0.9197 
        041s 11 0.0019 0.0056 0.9925 
        042s 11 0.0015 0.0125 0.9860 
        043s 11 0.0142 0.0341 0.9516 
        044s 11 0.0018 0.0069 0.9914 
        045s 11 0.0013 0.0126 0.9861 
        046s 11 0.0160 0.0376 0.9465 
        047s 11 0.0013 0.0019 0.9968 
        048s 11 0.0074 0.0378 0.9548 
        049s 11 0.0011 0.0021 0.9967 
        050s 11 0.0010 0.0016 0.9974 
        051s 11 0.0054 0.0516 0.9431 
        052s 11 0.0068 0.0033 0.9899 
        053s 11 0.0007 0.0012 0.9981 
        054s 11 0.0059 0.0010 0.9931 
        055s 11 0.0565 0.0005 0.9429 
        001s 12 0.0071 0.0015 0.9914 
        002s 12 0.0013 0.0015 0.9972 
        003s 12 0.0008 0.0005 0.9987 
        004s 12 0.0099 0.0188 0.9713 
        005s 12 0.0008 0.0012 0.9980 
        006s 12 0.0388 0.0022 0.9590 
        007s 12 0.0019 0.0028 0.9953 
        008s 12 0.0132 0.0009 0.9859 
        009s 12 0.0184 0.0113 0.9704 
        010s 12 0.0628 0.0006 0.9366 
        011s 12 0.0038 0.0010 0.9951 
        012s 12 0.0057 0.0058 0.9885 
        013s 12 0.0008 0.0456 0.9537 
        014s 12 0.0489 0.0486 0.9025 
        015s 12 0.0034 0.0017 0.9950 
        016s 12 0.0009 0.0067 0.9925 
        017s 12 0.0037 0.0018 0.9946 
        018s 12 0.0011 0.0024 0.9965 
        019s 12 0.0024 0.0009 0.9967 
        020s 12 0.0493 0.0010 0.9497 
        021s 12 0.0020 0.0037 0.9943 
        022s 12 0.0338 0.0086 0.9575 
        023s 12 0.0005 0.0019 0.9976 
        024s 12 0.0009 0.0008 0.9983 
        025s 12 0.0085 0.0019 0.9896 
        026s 12 0.0098 0.0015 0.9887 
        027s 12 0.0041 0.0007 0.9952 
        028s 12 0.0013 0.0049 0.9938 
        029s 12 0.0008 0.0016 0.9976 
        030s 12 0.0021 0.0008 0.9971 
        031s 12 0.0044 0.0035 0.9922 
        032s 12 0.0007 0.0014 0.9979 
        033s 12 0.0076 0.0007 0.9917 
        034s 12 0.0007 0.0005 0.9988 
        035s 12 0.0096 0.0007 0.9897 
        036s 12 0.0181 0.0014 0.9804 
        037s 12 0.0008 0.0014 0.9978 
        001s 13 0.0053 0.0038 0.9909 
        002s 13 0.0674 0.0013 0.9313 
        003s 13 0.0009 0.0019 0.9972 
        004s 13 0.0007 0.0057 0.9936 
        005s 13 0.0115 0.0029 0.9856 
        006s 13 0.0022 0.0008 0.9970 
        007s 13 0.0206 0.0016 0.9778 
        008s 13 0.0442 0.0014 0.9545 
        009s 13 0.1176 0.0022 0.8802 
        010s 13 0.0519 0.0020 0.9461 
        011s 13 0.0472 0.0030 0.9498 
        012s 13 0.0489 0.0308 0.9202 
        013s 13 0.0508 0.0079 0.9414 
        014s 13 0.0182 0.0053 0.9765 
        015s 13 0.0033 0.0134 0.9833 
        016s 13 0.0006 0.0014 0.9980 
        017s 13 0.0540 0.0010 0.9451 
        018s 13 0.0007 0.0011 0.9982 
        019s 13 0.0015 0.0013 0.9971 
        020s 13 0.0091 0.0006 0.9904 
        021s 13 0.0007 0.0022 0.9970 
        022s 13 0.0018 0.0014 0.9968 
        023s 13 0.0009 0.0006 0.9985 
        024s 13 0.0214 0.0462 0.9324 
        025s 13 0.0012 0.0034 0.9954 
        026s 13 0.1050 0.0114 0.8837 
        027s 13 0.0383 0.0032 0.9585 
        028s 13 0.0372 0.0052 0.9576 
        029s 13 0.0148 0.0023 0.9829 
        030s 13 0.0276 0.0470 0.9254 
        031s 13 0.0054 0.1036 0.8910 
        032s 13 0.0019 0.0006 0.9975 
        033s 13 0.0514 0.0013 0.9473 
        034s 13 0.0564 0.0015 0.9421 
        035s 13 0.0013 0.0054 0.9933 
        036s 13 0.0021 0.0007 0.9972 
        037s 13 0.0007 0.0028 0.9965 
        038s 13 0.0032 0.0015 0.9953 
        039s 13 0.0825 0.0875 0.8299 
        040s 13 0.0019 0.0018 0.9963 
        041s 13 0.0665 0.0020 0.9315 
        042s 13 0.0010 0.0014 0.9975 
        001s 14 0.0127 0.0014 0.9859 
        002s 14 0.0670 0.0023 0.9308 
        003s 14 0.0013 0.0014 0.9973 
        004s 14 0.0246 0.0054 0.9700 
        005s 14 0.0004 0.0010 0.9985 
        006s 14 0.0008 0.0005 0.9988 
        007s 14 0.0016 0.0020 0.9965 
        008s 14 0.0882 0.0039 0.9080 
        009s 14 0.0023 0.0014 0.9963 
        010s 14 0.0137 0.0027 0.9836 
        011s 14 0.0619 0.0016 0.9365 
        012s 14 0.0020 0.0022 0.9958 
        013s 14 0.0031 0.0080 0.9888 
        014s 14 0.0119 0.0014 0.9866 
        015s 14 0.0010 0.0045 0.9945 
        016s 14 0.0007 0.0164 0.9829 
        017s 14 0.0793 0.0008 0.9199 
        018s 14 0.0008 0.0019 0.9973 
        019s 14 0.0034 0.0010 0.9955 
        020s 14 0.0007 0.0019 0.9974 
        021s 14 0.0019 0.0009 0.9972 
        022s 14 0.0123 0.0023 0.9855 
        023s 14 0.0037 0.0052 0.9911 
        024s 14 0.0471 0.0029 0.9500 
        025s 14 0.0055 0.0006 0.9939 
        026s 14 0.0006 0.0015 0.9979 
        027s 14 0.0019 0.0049 0.9932 
        028s 14 0.0022 0.0011 0.9967 
        029s 14 0.0004 0.0017 0.9979 
        030s 14 0.0062 0.0008 0.9930 
        031s 14 0.0035 0.0018 0.9948 
        032s 14 0.0020 0.0035 0.9945 
        033s 14 0.0279 0.0010 0.9711 
        034s 14 0.0005 0.0012 0.9982 
        035s 14 0.1604 0.0009 0.8387 
        036s 14 0.1100 0.0119 0.8781 
        037s 14 0.0010 0.0047 0.9943 
        038s 14 0.0012 0.0007 0.9981 
        039s 14 0.0046 0.0078 0.9876 
        040s 14 0.0048 0.0016 0.9936 
        041s 14 0.0019 0.0011 0.9970 
        042s 14 0.0305 0.0038 0.9657 
        001s 15 0.0010 0.0019 0.9971 
        002s 15 0.0908 0.0279 0.8813 
        003s 15 0.0045 0.0135 0.9820 
        004s 15 0.0008 0.0004 0.9988 
        005s 15 0.0185 0.0076 0.9738 
        006s 15 0.0127 0.0017 0.9856 
        007s 15 0.0006 0.0007 0.9987 
        008s 15 0.0006 0.0008 0.9986 
        009s 15 0.0437 0.0440 0.9123 
        010s 15 0.0011 0.0019 0.9970 
        011s 15 0.0617 0.0013 0.9370 
        012s 15 0.0056 0.0030 0.9914 
        013s 15 0.0009 0.0018 0.9973 
        014s 15 0.0026 0.0089 0.9885 
        015s 15 0.0827 0.0121 0.9051 
        016s 15 0.0940 0.0007 0.9053 
        017s 15 0.0019 0.0041 0.9940 
        018s 15 0.0009 0.0008 0.9983 
        019s 15 0.0029 0.0073 0.9898 
        020s 15 0.0009 0.0009 0.9981 
        021s 15 0.0662 0.0071 0.9267 
        022s 15 0.0024 0.0008 0.9968 
        023s 15 0.0369 0.0015 0.9616 
        024s 15 0.0027 0.0012 0.9961 
        025s 15 0.0070 0.0379 0.9551 
        026s 15 0.0011 0.0329 0.9660 
        027s 15 0.0156 0.0013 0.9831 
        028s 15 0.0013 0.0021 0.9966 
        029s 15 0.0014 0.0019 0.9967 
        030s 15 0.0006 0.0011 0.9983 
        031s 15 0.0559 0.0128 0.9313 
        032s 15 0.0005 0.0029 0.9966 
        033s 15 0.0437 0.0005 0.9558 
        035s 15 0.0070 0.0012 0.9918 
        036s 15 0.0017 0.0076 0.9907 
        037s 15 0.0052 0.0018 0.9931 
        038s 15 0.0041 0.0005 0.9954 
        039s 15 0.0358 0.0006 0.9637 
        040s 15 0.0077 0.0012 0.9911 
        041s 15 0.0793 0.0062 0.9144 
        042s 15 0.0025 0.0015 0.9961 
        043s 15 0.0097 0.0031 0.9872 
        044s 15 0.0049 0.0011 0.9940 
        045s 15 0.0324 0.0830 0.8846 
        046s 15 0.0363 0.0014 0.9623 
        047s 15 0.0326 0.0006 0.9668 
        048s 15 0.0010 0.0216 0.9774 
        049s 15 0.0192 0.0008 0.9800 
        050s 15 0.1077 0.0086 0.8837 
         001 16 0.1879 0.0011 0.8111 
         002 16 0.0357 0.0009 0.9635 
         003 16 0.0154 0.0025 0.9820 
         004 16 0.0018 0.0023 0.9960 
         005 16 0.0649 0.0362 0.8989 
         006 16 0.0179 0.0204 0.9617 
         007 16 0.0033 0.0024 0.9943 
         008 16 0.1387 0.0010 0.8602 
         009 16 0.0017 0.0006 0.9976 
         010 16 0.0080 0.0019 0.9901 
         011 16 0.0076 0.0025 0.9899 
         012 16 0.0022 0.0017 0.9961 
         013 16 0.0009 0.0009 0.9982 
         014 16 0.0249 0.0005 0.9746 
         015 16 0.0013 0.3678 0.6308 
         016 16 0.0008 0.0198 0.9794 
         017 16 0.0270 0.0015 0.9716 
         018 16 0.0423 0.0423 0.9154 
         019 16 0.0716 0.0006 0.9277 
         020 16 0.0007 0.0011 0.9983 
         021 16 0.1304 0.0012 0.8684 
         022 16 0.0030 0.0052 0.9918 
         023 16 0.0088 0.0155 0.9757 
         024 16 0.0030 0.0310 0.9661 
         025 16 0.0758 0.0035 0.9208 
         026 16 0.1088 0.0048 0.8864 
         027 16 0.0035 0.0026 0.9939 
         028 16 0.1661 0.0007 0.8331 
         029 16 0.0425 0.0015 0.9560 
         030 16 0.0035 0.0008 0.9957 
         031 16 0.0021 0.0009 0.9970 
         032 16 0.0715 0.0127 0.9158 
         033 16 0.0011 0.0004 0.9985 
         034 16 0.0091 0.0019 0.9890 
         035 16 0.0005 0.0004 0.9992 
         036 16 0.0008 0.0034 0.9958 
         037 16 0.0588 0.0043 0.9369 
         038 16 0.0023 0.0107 0.9870 
         039 16 0.0010 0.0010 0.9980 
         040 16 0.0023 0.0029 0.9948 
         041 16 0.0014 0.0020 0.9966 
         042 16 0.0017 0.0011 0.9972 
         043 16 0.0011 0.0017 0.9972 
         044 16 0.0050 0.0019 0.9931 
         045 16 0.0149 0.0004 0.9847 
         047 16 0.0431 0.0018 0.9551 
         048 16 0.0071 0.0009 0.9919 
         049 16 0.0017 0.0049 0.9934 
         050 16 0.0011 0.0005 0.9984 
         051 16 0.0035 0.0010 0.9955 
         052 16 0.0003 0.0010 0.9987 
         053 16 0.0006 0.0010 0.9984 
         054 16 0.0495 0.0012 0.9493 
         055 16 0.0842 0.0005 0.9153 
         056 16 0.0011 0.0114 0.9875 
         057 16 0.0608 0.0004 0.9389 
         058 16 0.1067 0.0176 0.8756 
         059 16 0.0990 0.0961 0.8049 
         060 16 0.0022 0.0139 0.9839 
         061 16 0.0027 0.0021 0.9952 
         062 16 0.0049 0.0008 0.9943 
         063 16 0.0027 0.0012 0.9960 
         064 16 0.0008 0.0031 0.9961 
         065 16 0.0047 0.0040 0.9913 
         066 16 0.0007 0.0009 0.9985 
         067 16 0.0044 0.0782 0.9174 
         068 16 0.0044 0.0385 0.9572 
         069 16 0.0013 0.0007 0.9980 
         070 16 0.0048 0.0012 0.9940 
         071 16 0.0982 0.0005 0.9012 
         072 16 0.0048 0.0022 0.9929 
         073 16 0.0028 0.0006 0.9966 
         074 16 0.0007 0.0003 0.9990 
         075 16 0.0430 0.0013 0.9558 
         076 16 0.0013 0.0006 0.9980 
         077 16 0.0318 0.0658 0.9024 
         078 16 0.0058 0.0048 0.9894 
         079 16 0.0901 0.0027 0.9072 
         080 16 0.0012 0.0020 0.9968 
         081 16 0.0656 0.0009 0.9334 
         082 16 0.0413 0.0007 0.9580 
         083 16 0.0012 0.0027 0.9961 
         084 16 0.0040 0.0021 0.9939 
         085 16 0.0012 0.0151 0.9836 
         086 16 0.1179 0.0015 0.8807 
         087 16 0.0210 0.0005 0.9786 
         088 16 0.0008 0.0043 0.9949 
         089 16 0.0073 0.0016 0.9911 
         090 16 0.0043 0.0008 0.9949 
         091 16 0.0026 0.0011 0.9963 
         092 16 0.0176 0.0012 0.9811 
         093 16 0.0015 0.0008 0.9977 
         094 16 0.0036 0.0508 0.9457 
         095 16 0.0007 0.0007 0.9986 
         096 16 0.0184 0.0050 0.9766 
         097 16 0.1151 0.0086 0.8763 
         098 16 0.0011 0.0064 0.9925 
         099 16 0.0007 0.0093 0.9900 
         100 16 0.0011 0.0035 0.9954 
         101 16 0.0108 0.0070 0.9821 
         102 16 0.0035 0.0024 0.9941 
         103 16 0.0034 0.0037 0.9929 
         104 16 0.0026 0.0061 0.9913 
         105 16 0.1042 0.0122 0.8836 
         106 16 0.0017 0.0035 0.9948 
         107 16 0.0037 0.0130 0.9833 
         108 16 0.1080 0.1792 0.7127 
         109 16 0.0351 0.0007 0.9642 
         110 16 0.0006 0.0020 0.9974 
         111 16 0.0218 0.0028 0.9754 
         112 16 0.0142 0.0028 0.9830 
         113 16 0.0657 0.0015 0.9328 
         114 16 0.0047 0.0030 0.9923 
         115 16 0.0008 0.0011 0.9980 
         116 16 0.0068 0.0016 0.9916 
         117 16 0.0245 0.0013 0.9742 
         118 16 0.0018 0.0162 0.9820 
         119 16 0.0031 0.0018 0.9952 
         120 16 0.0027 0.0009 0.9964 
         121 16 0.0025 0.0372 0.9603 
         122 16 0.0006 0.0007 0.9987 
         123 16 0.0057 0.0008 0.9935 
         124 16 0.0071 0.0023 0.9906 
         126 16 0.1348 0.0100 0.8552 
         001 17 0.0034 0.0009 0.9957 
         002 17 0.0018 0.0007 0.9975 
         003 17 0.0012 0.0008 0.9980 
         005 17 0.0007 0.0005 0.9988 
         006 17 0.0513 0.0006 0.9480 
         007 17 0.1334 0.0414 0.8252 
         008 17 0.1241 0.0019 0.8740 
         009 17 0.0004 0.0007 0.9989 
         010 17 0.0015 0.0020 0.9965 
         011 17 0.1158 0.3903 0.4939 
         012 17 0.0027 0.0035 0.9939 
         013 17 0.0005 0.0005 0.9991 
         014 17 0.0006 0.0006 0.9987 
         015 17 0.0049 0.0006 0.9945 
         016 17 0.0015 0.0007 0.9978 
         017 17 0.0032 0.0019 0.9949 
         018 17 0.0319 0.0008 0.9673 
         019 17 0.0005 0.0011 0.9984 
         020 17 0.0017 0.0011 0.9971 
         021 17 0.0005 0.0011 0.9983 
         022 17 0.0597 0.0019 0.9385 
         023 17 0.0024 0.0010 0.9966 
         024 17 0.0818 0.0046 0.9137 
         025 17 0.0011 0.0004 0.9985 
         002 18 0.0006 0.0027 0.9967 
         003 18 0.0005 0.0020 0.9975 
         004 18 0.0217 0.0017 0.9766 
         005 18 0.0035 0.0368 0.9597 
         006 18 0.0005 0.0013 0.9982 
         007 18 0.0057 0.0006 0.9937 
         008 18 0.0008 0.0027 0.9966 
         009 18 0.0220 0.0033 0.9747 
         010 18 0.0013 0.0126 0.9860 
         011 18 0.0013 0.0033 0.9954 
         012 18 0.0066 0.0042 0.9891 
         015 18 0.0017 0.0025 0.9958 
         016 18 0.0092 0.0005 0.9903 
         018 18 0.0005 0.0099 0.9895 
         026 18 0.0036 0.0012 0.9952 
         027 18 0.0005 0.0022 0.9973 
         028 18 0.0019 0.0004 0.9977 
         029 18 0.0019 0.0008 0.9973 
         031 18 0.0772 0.0850 0.8377 
         032 18 0.0007 0.0005 0.9988 
         033 18 0.0011 0.0014 0.9975 
         035 18 0.0018 0.0009 0.9973 
         036 18 0.0009 0.0126 0.9865 
         037 18 0.0090 0.0158 0.9751 
         038 18 0.0361 0.0059 0.9579 
         039 18 0.0006 0.0020 0.9974 
         044 18 0.1324 0.0013 0.8662 
         046 18 0.0015 0.0408 0.9577 
         049 18 0.0010 0.0006 0.9984 
         053 18 0.0025 0.0010 0.9965 
         054 18 0.0104 0.0018 0.9878 
         056 18 0.0089 0.0063 0.9848 
         057 18 0.0011 0.0062 0.9927 
         058 18 0.0013 0.0058 0.9930 
        001s 19 0.0585 0.0012 0.9403 
        002s 19 0.0030 0.0016 0.9953 
        003s 19 0.0050 0.0008 0.9942 
        004s 19 0.0027 0.0349 0.9623 
        005s 19 0.0512 0.0739 0.8749 
        006s 19 0.0031 0.0026 0.9943 
        007s 19 0.0303 0.0197 0.9500 
        008s 19 0.0418 0.0202 0.9380 
        009s 19 0.0024 0.0035 0.9940 
        010s 19 0.0099 0.0008 0.9894 
        011s 19 0.0017 0.0017 0.9966 
        012s 19 0.0060 0.0008 0.9933 
        013s 19 0.0195 0.0009 0.9796 
        014s 19 0.0754 0.0252 0.8994 
        015s 19 0.0026 0.0008 0.9966 
        016s 19 0.0024 0.0502 0.9473 
        017s 19 0.0296 0.0102 0.9602 
        018s 19 0.0028 0.0044 0.9928 
        019s 19 0.0878 0.0068 0.9053 
        020s 19 0.0812 0.0016 0.9172 
        021s 19 0.0072 0.0007 0.9921 
        022s 19 0.0148 0.0010 0.9841 
        023s 19 0.0031 0.0034 0.9935 
        024s 19 0.0007 0.0033 0.9960 
        025s 19 0.0914 0.0112 0.8974 
        026s 19 0.0129 0.0069 0.9802 
        027s 19 0.0030 0.0016 0.9954 
        028s 19 0.0093 0.0007 0.9900 
        029s 19 0.0007 0.0009 0.9985 
        030s 19 0.0045 0.0013 0.9942 
        031s 19 0.0036 0.0012 0.9952 
        032s 19 0.0017 0.0004 0.9978 
        033s 19 0.0008 0.0072 0.9920 
        034s 19 0.0015 0.0016 0.9970 
        035s 19 0.0147 0.0090 0.9763 
        036s 19 0.0013 0.0024 0.9963 
        037s 19 0.0008 0.0005 0.9986 
        038s 19 0.0031 0.0026 0.9943 
        039s 19 0.0012 0.0006 0.9982 
        040s 19 0.0095 0.0006 0.9899 
        041s 19 0.0007 0.0010 0.9983 
        042s 19 0.0045 0.0229 0.9726 
        043s 19 0.0434 0.0009 0.9557 
        044s 19 0.0005 0.0022 0.9972 
        045s 19 0.0006 0.0022 0.9972 
        046s 19 0.0032 0.0099 0.9868 
        047s 19 0.0056 0.0006 0.9938 
        048s 19 0.0996 0.0012 0.8993 
        049s 19 0.0317 0.0086 0.9597 
        050s 19 0.0009 0.0010 0.9981 
        051s 19 0.0676 0.0158 0.9166 
        052s 19 0.0015 0.0012 0.9973 
      LIW2-4 20 0.0021 0.0034 0.9945 
     LIW2-12 21 0.0010 0.0832 0.9158 
     LIW2-20 22 0.0019 0.0018 0.9964 
     LIW2-28 23 0.0312 0.0766 0.8922 
      LIW1-5 24 0.0015 0.0045 0.9941 
     LIW1-13 25 0.0753 0.0219 0.9029 
     LIW1-21 26 0.0032 0.0426 0.9542 
     LIW1-29 27 0.0281 0.0204 0.9515 
      LIW2-5 28 0.0011 0.0040 0.9948 
     LIW2-34 29 0.0006 0.0052 0.9942 
     LIW2-21 30 0.0852 0.0301 0.8846 
     LIW2-29 31 0.1819 0.0056 0.8125 
      LIW1-6 32 0.0007 0.0047 0.9946 
     LIW1-14 33 0.0568 0.0019 0.9414 
     LIW1-22 34 0.0009 0.0133 0.9858 
     LIW1-30 35 0.0011 0.0045 0.9944 
      LIW2-6 36 0.0123 0.0305 0.9573 
     LIW2-14 37 0.0017 0.0072 0.9910 
     LIW2-22 38 0.0307 0.0947 0.8746 
     LIW2-30 39 0.0009 0.0132 0.9858 
      LIW1-7 40 0.0183 0.0645 0.9172 
     LIW1-15 41 0.0006 0.0149 0.9846 
     LIW1-23 42 0.0065 0.0074 0.9861 
     LIW1-31 43 0.0041 0.0082 0.9877 
      LIW2-7 44 0.0840 0.0013 0.9147 
     LIW2-15 45 0.0012 0.0149 0.9839 
     LIW2-23 46 0.0019 0.0868 0.9113 
      LIW1-8 47 0.0009 0.0037 0.9953 
     LIW1-16 48 0.0011 0.0028 0.9961 
      LIW2-8 49 0.0008 0.0037 0.9955 
     LIW2-16 50 0.3161 0.0449 0.6390 
     LIW2-24 51 0.1883 0.0151 0.7966 
     LIW2-32 52 0.0140 0.0558 0.9302 
     LIW1-47 53 0.0127 0.0170 0.9702 
      UMFS-1 54 0.0402 0.0700 0.8899 
     UMFS-19 55 0.1144 0.1160 0.7697 
     UMFS-31 56 0.0007 0.0765 0.9228 
      UMFS-2 57 0.0013 0.0299 0.9688 
     UMFS-10 58 0.0065 0.0932 0.9003 
     UMFS-20 59 0.0505 0.0552 0.8943 
     UMFS-32 60 0.0724 0.0877 0.8399 
      UMFS-3 61 0.0738 0.1286 0.7976 
     UMFS-11 62 0.4079 0.0109 0.5812 
     UMFS-21 63 0.0637 0.1079 0.8283 
     UMFS-33 64 0.0249 0.0758 0.8992 
      UMFS-4 65 0.0135 0.1014 0.8851 
     UMFS-22 66 0.0168 0.0897 0.8935 
     UMFS-34 67 0.0581 0.1176 0.8243 
      UMFS-5 68 0.0061 0.0921 0.9018 
     UMFS-13 69 0.0583 0.1222 0.8194 
     UMFS-23 70 0.0260 0.0819 0.8921 
     UMFS-35 71 0.0215 0.1093 0.8692 
      UMFS-6 72 0.0155 0.1249 0.8595 
     UMFS-14 73 0.0109 0.0788 0.9103 
     UMFS-24 74 0.0403 0.0273 0.9324 
     UMFS-36 75 0.0724 0.0893 0.8383 
      UMFS-7 76 0.5637 0.1154 0.3209 
     UMFS-15 77 0.0735 0.0945 0.8320 
     UMFS-25 78 0.0833 0.0652 0.8515 
     UMFS-37 79 0.0810 0.0697 0.8492 
      UMFS-8 80 0.0342 0.0902 0.8756 
     UMFS-16 81 0.0664 0.0971 0.8365 
     UMFS-26 82 0.0641 0.1718 0.7642 
     UMFS-38 83 0.0098 0.0521 0.9380 
      NEH1-2 84 0.0190 0.9788 0.0022 
     NEH1-11 85 0.0323 0.9657 0.0021 
     NEH1-20 86 0.0010 0.8814 0.1175 
     NEH1-29 87 0.0004 0.9986 0.0010 
      NEH2-2 88 0.0002 0.9993 0.0005 
     NEH2-10 89 0.0007 0.9915 0.0079 
     NEH2-18 90 0.0007 0.9991 0.0003 
     NEH2-26 91 0.0010 0.9978 0.0012 
      NEH1-3 92 0.0007 0.8437 0.1555 
     NEH1-12 93 0.0495 0.9499 0.0006 
     NEH1-21 94 0.0024 0.9322 0.0654 
     NEH1-30 95 0.0114 0.9172 0.0714 
      NEH2-3 96 0.0002 0.9996 0.0002 
     NEH2-11 97 0.0039 0.9954 0.0006 
     NEH2-19 98 0.0015 0.9946 0.0039 
     NEH2-27 99 0.0001 0.9998 0.0001 
      NEH1-4 100 0.0003 0.9995 0.0002 
     NEH1-13 101 0.0024 0.7699 0.2277 
     NEH1-22 102 0.0008 0.8016 0.1976 
     NEH1-31 103 0.0005 0.9986 0.0009 
      NEH2-4 104 0.0013 0.9948 0.0039 
     NEH2-12 105 0.0462 0.9529 0.0008 
     NEH2-20 106 0.0005 0.8056 0.1939 
     NEH2-28 107 0.0042 0.9941 0.0018 
      NEH1-5 108 0.0032 0.8633 0.1335 
     NEH1-14 109 0.0690 0.7679 0.1632 
     NEH1-23 110 0.0006 0.7731 0.2263 
     NEH1-32 111 0.0021 0.9965 0.0015 
      NEH2-5 112 0.0002 0.9996 0.0002 
     NEH2-13 113 0.0072 0.9907 0.0021 
     NEH2-22 114 0.0006 0.9985 0.0009 
     NEH2-29 115 0.0005 0.9602 0.0393 
      NEH1-6 116 0.0003 0.9995 0.0002 
     NEH1-15 117 0.0432 0.9548 0.0020 
     NEH1-24 118 0.0038 0.9953 0.0010 
     NEH1-33 119 0.0007 0.8775 0.1218 
      NEH2-6 120 0.0006 0.9836 0.0158 
     NEH2-14 121 0.0022 0.9914 0.0064 
     NEH2-21 122 0.0004 0.9512 0.0484 
     NEH2-30 123 0.0003 0.9994 0.0003 
      NEH1-7 124 0.0777 0.8485 0.0739 
     NEH1-16 125 0.0004 0.9992 0.0005 
     NEH1-25 126 0.0013 0.8767 0.1220 
     NEH1-34 127 0.0142 0.9359 0.0499 
      NEH2-7 128 0.0013 0.9964 0.0023 
     NEH2-15 129 0.0001 0.9998 0.0001 
     NEH2-23 130 0.0378 0.9459 0.0162 
     NEH2-31 131 0.0002 0.9996 0.0003 
      NEH1-8 132 0.0560 0.8364 0.1076 
     NEH1-17 133 0.0947 0.9023 0.0031 
     NEH1-26 134 0.0008 0.8509 0.1483 
     NEH1-35 135 0.0030 0.8137 0.1833 
      NEH2-8 136 0.0001 0.9997 0.0002 
     NEH2-16 137 0.0006 0.9983 0.0011 
     NEH2-24 138 0.0002 0.9996 0.0002 
     NEH2-32 139 0.0571 0.9424 0.0005 
      NEH1-1 140 0.0765 0.9218 0.0017 
     NEH1-10 141 0.0004 0.9993 0.0004 
     NEH1-19 142 0.0018 0.8793 0.1190 
     NEH1-28 143 0.0437 0.9556 0.0007 
      NEH2-1 144 0.0020 0.9947 0.0034 
      NEH2-9 145 0.0003 0.9990 0.0006 
     NEH2-17 146 0.0302 0.9637 0.0061 
     NEH2-25 147 0.0013 0.9983 0.0004 
      LIW1-1 148 0.0925 0.1119 0.7957 
      LIW1-9 149 0.1527 0.0731 0.7742 
     LIW1-17 150 0.0009 0.0511 0.9481 
     LIW1-25 151 0.0007 0.0033 0.9959 
      LIW2-9 152 0.0653 0.0028 0.9319 
     LIW2-17 153 0.0021 0.0046 0.9933 
     LIW2-25 154 0.0015 0.0045 0.9940 
      LIW1-2 155 0.0012 0.0168 0.9820 
     LIW1-10 156 0.0054 0.0056 0.9889 
     LIW1-18 157 0.0041 0.0090 0.9869 
     LIW1-26 158 0.0014 0.0233 0.9753 
      LIW2-2 159 0.0007 0.0063 0.9930 
     LIW2-10 160 0.0023 0.0020 0.9957 
     LIW2-18 161 0.0314 0.0663 0.9023 
     LIW2-26 162 0.0017 0.0047 0.9935 
      LIW1-3 163 0.0055 0.0407 0.9538 
     LIW1-11 164 0.0114 0.0099 0.9787 
     LIW1-19 165 0.0456 0.0693 0.8851 
     LIW1-27 166 0.0069 0.0009 0.9922 
      LIW2-3 167 0.0148 0.0041 0.9812 
     LIW2-11 168 0.0006 0.0013 0.9981 
     LIW2-19 169 0.0022 0.0352 0.9627 
     LIW2-27 170 0.0006 0.0176 0.9817 
      LIW1-4 171 0.0012 0.0081 0.9908 
     LIW1-12 172 0.0231 0.0072 0.9697 
     LIW1-20 173 0.0038 0.0021 0.9941 
     LIW1-28 174 0.0035 0.0160 0.9805 
        001s 175 0.0037 0.0026 0.9938 
        002s 175 0.0691 0.0036 0.9273 
        003s 175 0.0009 0.0011 0.9980 
        004s 175 0.0386 0.0019 0.9595 
        005s 175 0.0022 0.0023 0.9955 
        006s 175 0.1569 0.0018 0.8413 
        007s 175 0.0007 0.0013 0.9980 
        008s 175 0.0031 0.0009 0.9961 
        009s 175 0.1099 0.0017 0.8884 
        010s 175 0.0017 0.0019 0.9964 
        011s 175 0.0046 0.0016 0.9938 
        012s 175 0.0010 0.0006 0.9984 
        013s 175 0.0047 0.0004 0.9949 
        014s 175 0.0813 0.0004 0.9183 
        015s 175 0.0021 0.0025 0.9954 
        016s 175 0.0164 0.0006 0.9831 
        017s 175 0.0125 0.0082 0.9792 
        018s 175 0.0055 0.0019 0.9926 
        019s 175 0.0016 0.0103 0.9881 
        020s 175 0.0023 0.0018 0.9959 
        021s 175 0.0015 0.0033 0.9951 
        022s 175 0.0143 0.0058 0.9799 
        023s 175 0.0067 0.0061 0.9872 
        024s 175 0.0368 0.0012 0.9620 
        025s 175 0.0506 0.0012 0.9482 
        026s 175 0.0047 0.0023 0.9931 
        027s 175 0.0026 0.0030 0.9944 
        028s 175 0.0016 0.0643 0.9341 
        029s 175 0.0012 0.0008 0.9980 
        030s 175 0.0950 0.0039 0.9011 
        031s 175 0.0026 0.0006 0.9968 
        032s 175 0.0020 0.0278 0.9702 
        033s 175 0.0228 0.0015 0.9757 
        034s 175 0.0057 0.0005 0.9938 
        035s 175 0.0104 0.0008 0.9888 
        036s 175 0.0010 0.0007 0.9982 
        037s 175 0.0015 0.0170 0.9816 
        038s 175 0.0124 0.0011 0.9865 
        039s 175 0.0022 0.0043 0.9935 
        040s 175 0.0013 0.0033 0.9954 
        041s 175 0.0033 0.0011 0.9956 
        042s 175 0.0023 0.0023 0.9954 
        043s 175 0.0054 0.0056 0.9891 
        044s 175 0.0012 0.0025 0.9963 
        045s 175 0.0673 0.0010 0.9317 
        046s 175 0.0023 0.0031 0.9946 
        047s 175 0.0010 0.0116 0.9873 
        048s 175 0.0073 0.0006 0.9920 
        049s 175 0.0264 0.0014 0.9721 
        050s 175 0.0292 0.1009 0.8698 
        001s 176 0.0842 0.0009 0.9149 
        002s 176 0.0183 0.0037 0.9780 
        003s 176 0.0021 0.0017 0.9962 
        004s 176 0.0025 0.0028 0.9947 
        005s 176 0.0008 0.0241 0.9751 
        006s 176 0.0013 0.0012 0.9976 
        007s 176 0.0720 0.0011 0.9269 
        008s 176 0.0010 0.0004 0.9986 
        009s 176 0.0009 0.0137 0.9854 
        010s 176 0.0012 0.0008 0.9980 
        011s 176 0.0008 0.0051 0.9942 
        012s 176 0.0628 0.0022 0.9350 
        013s 176 0.0199 0.0035 0.9767 
        014s 176 0.0044 0.0010 0.9946 
        015s 176 0.0010 0.0025 0.9965 
        016s 176 0.0010 0.0017 0.9974 
        017s 176 0.0005 0.0006 0.9990 
        018s 176 0.0009 0.0139 0.9852 
        019s 176 0.0546 0.0007 0.9446 
        020s 176 0.0020 0.0020 0.9960 
        021s 176 0.0052 0.0021 0.9927 
        022s 176 0.0021 0.0012 0.9966 
        023s 176 0.0012 0.0005 0.9983 
        024s 176 0.0468 0.0015 0.9516 
        025s 176 0.0102 0.0047 0.9850 
        026s 176 0.0093 0.0036 0.9871 
        027s 176 0.0007 0.0016 0.9977 
        028s 176 0.0025 0.0014 0.9961 
        029s 176 0.0017 0.0038 0.9945 
        030s 176 0.0524 0.0009 0.9468 
        031s 176 0.0104 0.0015 0.9881 
        032s 176 0.0148 0.0393 0.9460 
        033s 176 0.1176 0.0328 0.8495 
        034s 176 0.0015 0.0010 0.9975 
        035s 176 0.0080 0.0700 0.9220 
        036s 176 0.0016 0.0009 0.9975 
        037s 176 0.0649 0.0292 0.9059 
        038s 176 0.0014 0.0010 0.9976 
        039s 176 0.0008 0.0004 0.9988 
        040s 176 0.0006 0.0010 0.9984 
        041s 176 0.0016 0.0011 0.9973 
        042s 176 0.0009 0.0008 0.9983 
        043s 176 0.0222 0.0106 0.9673 
        044s 176 0.0040 0.0005 0.9955 
        045s 176 0.0141 0.0017 0.9842 
        046s 176 0.0018 0.0005 0.9977 
        047s 176 0.0008 0.0021 0.9971 
        048s 176 0.0081 0.0009 0.9911 
        050s 176 0.0018 0.0137 0.9844 
        001s 177 0.0430 0.0231 0.9339 
        002s 177 0.0008 0.0020 0.9972 
        003s 177 0.0457 0.0234 0.9309 
        004s 177 0.0014 0.0019 0.9968 
        005s 177 0.0026 0.0005 0.9969 
        006s 177 0.0027 0.0042 0.9931 
        007s 177 0.0061 0.0013 0.9926 
        008s 177 0.1467 0.0030 0.8504 
        009s 177 0.0006 0.0012 0.9982 
        010s 177 0.0247 0.0021 0.9732 
        011s 177 0.0017 0.0008 0.9975 
        012s 177 0.0032 0.0009 0.9959 
        013s 177 0.0014 0.0035 0.9951 
        014s 177 0.0327 0.0038 0.9635 
        015s 177 0.0040 0.0039 0.9921 
        016s 177 0.0005 0.0009 0.9986 
        017s 177 0.0352 0.0021 0.9628 
        018s 177 0.0120 0.0005 0.9875 
        019s 177 0.0014 0.0075 0.9912 
        020s 177 0.0028 0.0045 0.9927 
        021s 177 0.0008 0.0020 0.9972 
        022s 177 0.0063 0.0195 0.9742 
        023s 177 0.0165 0.0037 0.9798 
        024s 177 0.0009 0.0030 0.9960 
        025s 177 0.0048 0.0011 0.9940 
        026s 177 0.0010 0.0047 0.9943 
        027s 177 0.0008 0.0013 0.9979 
        028s 177 0.0008 0.0012 0.9981 
        029s 177 0.0897 0.0014 0.9089 
        030s 177 0.0093 0.0035 0.9871 
        031s 177 0.0012 0.0146 0.9842 
        032s 177 0.0305 0.0010 0.9686 
        033s 177 0.0009 0.0044 0.9947 
        034s 177 0.0020 0.0012 0.9968 
