        001s  1 0.0003 0.0004 0.6514 0.0012 0.0005 0.3462 
        002s  1 0.0019 0.0005 0.0578 0.0005 0.0008 0.9384 
        003s  1 0.0007 0.0014 0.0039 0.0110 0.0017 0.9814 
        004s  1 0.0314 0.0035 0.2450 0.0004 0.0035 0.7162 
        005s  1 0.2075 0.2189 0.0147 0.0004 0.0006 0.5579 
        006s  1 0.0010 0.0004 0.9941 0.0004 0.0004 0.0036 
        007s  1 0.0005 0.0030 0.9561 0.0008 0.0029 0.0366 
        008s  1 0.0009 0.0032 0.3017 0.0010 0.0012 0.6919 
        009s  1 0.0062 0.0513 0.4906 0.0032 0.0070 0.4416 
        010s  1 0.0008 0.0069 0.9853 0.0008 0.0004 0.0059 
        011s  1 0.0019 0.0016 0.9817 0.0038 0.0023 0.0086 
        012s  1 0.0052 0.1211 0.7037 0.0089 0.0013 0.1599 
        013s  1 0.0262 0.0024 0.9454 0.0008 0.0073 0.0180 
        014s  1 0.0016 0.0258 0.9458 0.0184 0.0061 0.0024 
        015s  1 0.0004 0.0005 0.9903 0.0008 0.0007 0.0074 
        016s  1 0.0004 0.0030 0.9439 0.0011 0.0071 0.0445 
        018s  1 0.0015 0.1475 0.7320 0.0011 0.0012 0.1167 
        019s  1 0.0005 0.0179 0.8377 0.0047 0.0009 0.1383 
        020s  1 0.0002 0.0007 0.9770 0.0102 0.0070 0.0049 
        021s  1 0.0100 0.0003 0.9633 0.0008 0.0057 0.0199 
        022s  1 0.0002 0.0002 0.0094 0.0005 0.0009 0.9888 
        023s  1 0.0004 0.0004 0.8505 0.0010 0.0126 0.1351 
        024s  1 0.0008 0.0012 0.9921 0.0005 0.0008 0.0046 
        025s  1 0.0022 0.0044 0.9839 0.0004 0.0010 0.0080 
        026s  1 0.0006 0.0010 0.9766 0.0039 0.0111 0.0067 
        027s  1 0.0082 0.0017 0.9648 0.0004 0.0027 0.0222 
        028s  1 0.0538 0.0537 0.8840 0.0014 0.0007 0.0065 
        029s  1 0.0004 0.0011 0.9830 0.0069 0.0006 0.0080 
        030s  1 0.0032 0.0011 0.9848 0.0085 0.0006 0.0019 
        031s  1 0.0002 0.0003 0.9660 0.0005 0.0011 0.0318 
        032s  1 0.0004 0.0005 0.9930 0.0012 0.0007 0.0042 
        033s  1 0.0008 0.0052 0.9840 0.0009 0.0010 0.0080 
        034s  1 0.0007 0.0011 0.3244 0.0043 0.0529 0.6167 
        035s  1 0.0016 0.0014 0.9924 0.0016 0.0010 0.0021 
        036s  1 0.0008 0.0861 0.3846 0.0003 0.0011 0.5272 
        037s  1 0.0157 0.1087 0.7486 0.0018 0.0405 0.0848 
        038s  1 0.0007 0.0017 0.9847 0.0008 0.0007 0.0115 
        039s  1 0.0210 0.0004 0.9660 0.0009 0.0004 0.0113 
        040s  1 0.0035 0.0006 0.8965 0.0006 0.0028 0.0959 
        041s  1 0.0003 0.0033 0.9830 0.0007 0.0027 0.0101 
        042s  1 0.0002 0.0779 0.7760 0.0011 0.0823 0.0624 
        043s  1 0.0009 0.0084 0.0069 0.0010 0.0006 0.9822 
        044s  1 0.0120 0.0889 0.6305 0.0018 0.0085 0.2583 
        045s  1 0.0011 0.0059 0.9893 0.0011 0.0008 0.0018 
        046s  1 0.0003 0.0012 0.9827 0.0017 0.0006 0.0134 
        047s  1 0.0002 0.0007 0.9890 0.0012 0.0051 0.0038 
        048s  1 0.0003 0.0555 0.2171 0.0003 0.0009 0.7259 
        049s  1 0.0007 0.0004 0.0099 0.0005 0.0005 0.9879 
        050s  1 0.0023 0.1025 0.8658 0.0005 0.0005 0.0285 
        051s  1 0.0004 0.0003 0.9557 0.0304 0.0012 0.0119 
        052s  1 0.0069 0.0077 0.9496 0.0163 0.0015 0.0181 
        053s  1 0.0004 0.0013 0.9939 0.0003 0.0006 0.0035 
        054s  1 0.0028 0.0003 0.9905 0.0028 0.0010 0.0026 
        055s  1 0.0015 0.0899 0.8318 0.0035 0.0729 0.0004 
          01  2 0.0010 0.1247 0.8379 0.0245 0.0015 0.0103 
          02  2 0.0030 0.0182 0.9724 0.0013 0.0009 0.0043 
          03  2 0.0008 0.0011 0.9890 0.0004 0.0012 0.0074 
          04  2 0.0180 0.0032 0.9317 0.0009 0.0096 0.0366 
          05  2 0.0003 0.1170 0.0067 0.0002 0.0003 0.8754 
          06  2 0.0018 0.0362 0.9510 0.0003 0.0008 0.0098 
          07  2 0.0024 0.0078 0.8219 0.0013 0.0006 0.1661 
          08  2 0.0004 0.0762 0.1147 0.0009 0.0004 0.8074 
          09  2 0.0003 0.0005 0.9529 0.0098 0.0004 0.0362 
          10  2 0.0005 0.0013 0.9866 0.0007 0.0004 0.0104 
          11  2 0.0010 0.0089 0.9344 0.0108 0.0018 0.0431 
          12  2 0.0009 0.0008 0.9821 0.0015 0.0004 0.0143 
          13  2 0.0004 0.0006 0.8534 0.0008 0.0005 0.1443 
          14  2 0.0034 0.0003 0.5173 0.0031 0.0255 0.4505 
          15  2 0.0004 0.0005 0.6184 0.0016 0.0011 0.3779 
          16  2 0.0559 0.0009 0.9226 0.0045 0.0090 0.0072 
          17  2 0.0010 0.0017 0.9260 0.0010 0.0010 0.0692 
          18  2 0.0027 0.0201 0.9716 0.0013 0.0009 0.0034 
          19  2 0.0003 0.0014 0.9846 0.0016 0.0037 0.0084 
          20  2 0.0042 0.0605 0.9228 0.0017 0.0050 0.0058 
          21  2 0.0005 0.0011 0.9742 0.0167 0.0006 0.0069 
          22  2 0.0037 0.0020 0.9804 0.0050 0.0055 0.0033 
          23  2 0.0018 0.0011 0.9909 0.0008 0.0023 0.0031 
          24  2 0.0007 0.0005 0.9943 0.0012 0.0007 0.0026 
          25  2 0.0252 0.0033 0.8378 0.0018 0.0010 0.1310 
          26  2 0.0003 0.0005 0.0006 0.0006 0.0002 0.9978 
          27  2 0.0283 0.0008 0.9164 0.0011 0.0022 0.0511 
          28  2 0.0002 0.0014 0.8821 0.0008 0.0044 0.1111 
          29  2 0.0008 0.0008 0.9923 0.0006 0.0003 0.0051 
          30  2 0.0004 0.1585 0.6996 0.0076 0.0829 0.0509 
          01  3 0.2185 0.4317 0.3375 0.0004 0.0104 0.0014 
          02  3 0.4619 0.3321 0.1256 0.0735 0.0032 0.0038 
          03  3 0.3129 0.3185 0.3622 0.0005 0.0012 0.0048 
          04  3 0.3512 0.4651 0.1811 0.0007 0.0010 0.0010 
          05  3 0.4008 0.3620 0.0006 0.1149 0.1212 0.0006 
          06  3 0.4970 0.4244 0.0758 0.0002 0.0016 0.0011 
          07  3 0.2504 0.3770 0.3669 0.0008 0.0005 0.0044 
          08  3 0.3219 0.3752 0.2886 0.0043 0.0053 0.0047 
          09  3 0.2675 0.4285 0.2993 0.0003 0.0029 0.0015 
          10  3 0.4178 0.2022 0.0116 0.2194 0.1338 0.0152 
          11  3 0.3052 0.4142 0.2788 0.0003 0.0003 0.0012 
          12  3 0.3147 0.4210 0.2524 0.0006 0.0005 0.0109 
          13  3 0.5218 0.4594 0.0031 0.0142 0.0002 0.0013 
          14  3 0.4570 0.3346 0.0098 0.0413 0.1548 0.0025 
          15  3 0.2748 0.3817 0.3393 0.0003 0.0014 0.0026 
          16  3 0.6008 0.3123 0.0533 0.0051 0.0031 0.0254 
          17  3 0.1779 0.4204 0.3957 0.0007 0.0007 0.0045 
          18  3 0.3355 0.2068 0.0115 0.1643 0.2778 0.0041 
          19  3 0.4634 0.3723 0.0819 0.0007 0.0040 0.0778 
          20  3 0.3096 0.4590 0.1509 0.0003 0.0543 0.0259 
          21  3 0.3752 0.3724 0.2323 0.0011 0.0063 0.0127 
          22  3 0.2296 0.4869 0.0115 0.0003 0.0023 0.2694 
          23  3 0.3561 0.4124 0.2270 0.0002 0.0010 0.0033 
          24  3 0.2835 0.4890 0.0081 0.1657 0.0019 0.0518 
          25  3 0.3048 0.3136 0.0006 0.2498 0.1309 0.0003 
          26  3 0.3409 0.4368 0.2202 0.0005 0.0008 0.0009 
          27  3 0.3700 0.2610 0.0365 0.1331 0.1763 0.0231 
          28  3 0.4636 0.4505 0.0340 0.0018 0.0003 0.0499 
          29  3 0.4198 0.3950 0.1529 0.0039 0.0062 0.0221 
          30  3 0.2467 0.4444 0.0068 0.0010 0.0003 0.3007 
         001  4 0.0001 0.9995 0.0001 0.0001 0.0001 0.0001 
         002  4 0.0003 0.9989 0.0003 0.0002 0.0001 0.0002 
         003  4 0.0001 0.9996 0.0001 0.0001 0.0001 0.0001 
         004  4 0.0002 0.9995 0.0001 0.0001 0.0001 0.0001 
         005  4 0.0001 0.9991 0.0001 0.0004 0.0001 0.0001 
         006  4 0.0729 0.9254 0.0005 0.0003 0.0002 0.0006 
         007  4 0.0534 0.9403 0.0016 0.0002 0.0005 0.0040 
         008  4 0.0003 0.9897 0.0006 0.0025 0.0059 0.0010 
         009  4 0.0002 0.9993 0.0001 0.0001 0.0001 0.0001 
         010  4 0.0047 0.9950 0.0001 0.0001 0.0001 0.0001 
         011  4 0.0216 0.9427 0.0007 0.0003 0.0339 0.0008 
         012  4 0.0001 0.9996 0.0001 0.0001 0.0001 0.0001 
         013  4 0.0001 0.9997 0.0001 0.0000 0.0001 0.0001 
         014  4 0.0001 0.9993 0.0002 0.0001 0.0002 0.0002 
         015  4 0.0001 0.9997 0.0001 0.0001 0.0001 0.0001 
         016  4 0.0001 0.9995 0.0001 0.0001 0.0001 0.0001 
         017  4 0.0001 0.9994 0.0001 0.0001 0.0001 0.0001 
         019  4 0.0840 0.9142 0.0002 0.0003 0.0009 0.0003 
         020  4 0.0001 0.9992 0.0002 0.0003 0.0001 0.0002 
         021  4 0.0099 0.9887 0.0003 0.0004 0.0003 0.0004 
         001  5 0.0003 0.9619 0.0007 0.0015 0.0354 0.0002 
         002  5 0.0003 0.9540 0.0129 0.0010 0.0022 0.0295 
         003  5 0.0727 0.7553 0.1660 0.0003 0.0030 0.0027 
         004  5 0.0006 0.9368 0.0407 0.0002 0.0041 0.0175 
         005  5 0.0015 0.9973 0.0002 0.0002 0.0005 0.0003 
         006  5 0.1008 0.8977 0.0003 0.0004 0.0002 0.0005 
         007  5 0.0883 0.9106 0.0002 0.0003 0.0003 0.0004 
         008  5 0.0045 0.9950 0.0001 0.0002 0.0001 0.0001 
         009  5 0.0034 0.9316 0.0533 0.0002 0.0018 0.0098 
         010  5 0.0678 0.9253 0.0021 0.0003 0.0028 0.0017 
         011  5 0.0008 0.9918 0.0019 0.0003 0.0045 0.0008 
         012  5 0.0803 0.8684 0.0346 0.0006 0.0032 0.0129 
         013  5 0.0506 0.7524 0.1948 0.0005 0.0007 0.0010 
         014  5 0.0941 0.7029 0.1636 0.0158 0.0194 0.0042 
         015  5 0.0301 0.9692 0.0002 0.0001 0.0002 0.0002 
         016  5 0.0582 0.9381 0.0020 0.0006 0.0003 0.0008 
         017  5 0.0815 0.8821 0.0252 0.0033 0.0003 0.0076 
         018  5 0.0374 0.8743 0.0233 0.0259 0.0258 0.0133 
         019  5 0.0002 0.9908 0.0004 0.0065 0.0018 0.0003 
         020  5 0.0001 0.9993 0.0001 0.0001 0.0001 0.0001 
         021  5 0.0004 0.8587 0.1183 0.0004 0.0053 0.0170 
         022  5 0.0058 0.9240 0.0118 0.0026 0.0529 0.0029 
         023  5 0.0290 0.9661 0.0011 0.0003 0.0025 0.0010 
         024  5 0.0675 0.8919 0.0328 0.0003 0.0006 0.0069 
         025  5 0.0694 0.8865 0.0195 0.0007 0.0004 0.0235 
         026  5 0.0154 0.8398 0.1429 0.0002 0.0003 0.0014 
         027  5 0.0002 0.9992 0.0002 0.0001 0.0001 0.0001 
         028  5 0.0504 0.9253 0.0078 0.0009 0.0126 0.0029 
         029  5 0.0023 0.9962 0.0004 0.0003 0.0002 0.0005 
         030  5 0.0010 0.9899 0.0011 0.0054 0.0019 0.0007 
        001s  6 0.0286 0.0011 0.7649 0.0009 0.0155 0.1890 
        002s  6 0.0006 0.0427 0.9294 0.0214 0.0008 0.0051 
        003s  6 0.0003 0.0167 0.7677 0.0004 0.0011 0.2139 
        004s  6 0.0003 0.0004 0.9867 0.0004 0.0006 0.0117 
        006s  6 0.0158 0.0610 0.9111 0.0017 0.0091 0.0012 
        007s  6 0.0025 0.0006 0.9919 0.0008 0.0004 0.0039 
        008s  6 0.0006 0.0031 0.9784 0.0027 0.0048 0.0104 
        009s  6 0.0005 0.0003 0.9932 0.0010 0.0008 0.0042 
        010s  6 0.0051 0.0102 0.9602 0.0095 0.0125 0.0025 
        011s  6 0.0022 0.0006 0.9932 0.0003 0.0010 0.0028 
        012s  6 0.0042 0.0004 0.9839 0.0025 0.0015 0.0076 
        013s  6 0.0007 0.0012 0.9945 0.0005 0.0004 0.0027 
        014s  6 0.0004 0.0781 0.4688 0.0002 0.0005 0.4520 
        015s  6 0.0064 0.0098 0.9750 0.0007 0.0058 0.0021 
        016s  6 0.0011 0.0004 0.9131 0.0007 0.0008 0.0839 
        018s  6 0.0012 0.2679 0.7134 0.0005 0.0017 0.0154 
        019s  6 0.0016 0.0080 0.9002 0.0007 0.0024 0.0871 
        020s  6 0.0006 0.0003 0.9791 0.0010 0.0006 0.0184 
        021s  6 0.0128 0.0010 0.9768 0.0016 0.0034 0.0044 
        022s  6 0.0004 0.0009 0.9637 0.0004 0.0034 0.0312 
        023s  6 0.0004 0.0184 0.3423 0.0002 0.0009 0.6378 
        024s  6 0.0020 0.0348 0.9446 0.0016 0.0008 0.0163 
        025s  6 0.0006 0.0029 0.9111 0.0005 0.0704 0.0144 
        026s  6 0.0007 0.0005 0.9741 0.0020 0.0003 0.0224 
        027s  6 0.0004 0.0010 0.9777 0.0017 0.0005 0.0187 
        028s  6 0.0088 0.0122 0.9230 0.0462 0.0084 0.0015 
        029s  6 0.0003 0.0003 0.9933 0.0018 0.0011 0.0031 
        030s  6 0.0008 0.0710 0.9161 0.0018 0.0083 0.0020 
        031s  6 0.0028 0.0013 0.2678 0.0003 0.0003 0.7274 
        032s  6 0.0014 0.0077 0.9823 0.0006 0.0006 0.0075 
        033s  6 0.0002 0.0936 0.8995 0.0006 0.0009 0.0052 
        034s  6 0.0024 0.0015 0.9736 0.0004 0.0138 0.0084 
        035s  6 0.0003 0.1246 0.0012 0.0009 0.0005 0.8724 
        036s  6 0.0049 0.0006 0.9890 0.0002 0.0012 0.0040 
        037s  6 0.0008 0.0008 0.9902 0.0020 0.0017 0.0045 
        038s  6 0.0022 0.0004 0.8302 0.0012 0.0006 0.1655 
        039s  6 0.0004 0.0002 0.9945 0.0006 0.0005 0.0037 
        040s  6 0.0027 0.0004 0.8193 0.0004 0.0004 0.1768 
        041s  6 0.0003 0.0330 0.1679 0.0045 0.0042 0.7901 
        042s  6 0.0008 0.0105 0.9257 0.0046 0.0516 0.0067 
        043s  6 0.0012 0.0008 0.9881 0.0002 0.0061 0.0037 
        044s  6 0.0004 0.0011 0.8121 0.0032 0.0007 0.1825 
        045s  6 0.0004 0.0046 0.9811 0.0007 0.0023 0.0109 
        001s  7 0.0005 0.0007 0.0246 0.0003 0.0009 0.9731 
        002s  7 0.0011 0.0145 0.4572 0.0012 0.0017 0.5243 
        003s  7 0.0012 0.0008 0.0061 0.0010 0.0008 0.9901 
        004s  7 0.0030 0.0008 0.9735 0.0010 0.0005 0.0211 
        005s  7 0.0023 0.0135 0.9666 0.0005 0.0023 0.0147 
        006s  7 0.0013 0.0567 0.9340 0.0004 0.0045 0.0031 
        007s  7 0.0057 0.0066 0.9604 0.0181 0.0017 0.0075 
        008s  7 0.0004 0.0096 0.0026 0.0019 0.0009 0.9846 
        009s  7 0.0020 0.0027 0.9628 0.0006 0.0083 0.0236 
        010s  7 0.0002 0.0008 0.0020 0.0008 0.0009 0.9953 
        011s  7 0.0007 0.0005 0.9880 0.0009 0.0008 0.0091 
        012s  7 0.0004 0.0007 0.9942 0.0004 0.0007 0.0036 
        013s  7 0.0083 0.0002 0.9735 0.0008 0.0042 0.0130 
        014s  7 0.0007 0.0246 0.3794 0.0007 0.0003 0.5943 
        015s  7 0.0015 0.0133 0.9753 0.0014 0.0011 0.0074 
        016s  7 0.0001 0.0852 0.0009 0.0003 0.0007 0.9129 
        017s  7 0.0007 0.0010 0.9887 0.0003 0.0006 0.0086 
        018s  7 0.0005 0.0025 0.9895 0.0036 0.0006 0.0032 
        019s  7 0.0020 0.0015 0.9729 0.0034 0.0117 0.0085 
        020s  7 0.0014 0.0005 0.9831 0.0003 0.0004 0.0143 
        021s  7 0.0006 0.0019 0.9912 0.0010 0.0009 0.0044 
        022s  7 0.0026 0.0019 0.9904 0.0004 0.0007 0.0041 
        023s  7 0.0008 0.0099 0.9308 0.0011 0.0178 0.0396 
        024s  7 0.0005 0.0012 0.9916 0.0017 0.0005 0.0045 
        025s  7 0.0047 0.0006 0.9898 0.0011 0.0011 0.0026 
        026s  7 0.0003 0.0010 0.0031 0.0010 0.0010 0.9937 
        027s  7 0.0006 0.0018 0.4306 0.0021 0.0005 0.5645 
        028s  7 0.0008 0.0053 0.9876 0.0002 0.0005 0.0056 
        029s  7 0.0008 0.0074 0.9522 0.0009 0.0019 0.0367 
        030s  7 0.0006 0.0003 0.8738 0.0046 0.0031 0.1176 
        031s  7 0.0012 0.0017 0.9697 0.0006 0.0103 0.0164 
        032s  7 0.0004 0.1003 0.8887 0.0055 0.0002 0.0049 
        033s  7 0.0008 0.0386 0.9518 0.0031 0.0020 0.0037 
        034s  7 0.0424 0.0011 0.9513 0.0010 0.0005 0.0037 
        035s  7 0.0003 0.0004 0.9947 0.0005 0.0012 0.0029 
        036s  7 0.0026 0.0005 0.9250 0.0006 0.0078 0.0636 
        037s  7 0.0060 0.0637 0.9077 0.0006 0.0050 0.0170 
        038s  7 0.0006 0.0103 0.9842 0.0009 0.0015 0.0025 
        039s  7 0.0003 0.0004 0.7700 0.0003 0.0003 0.2287 
        040s  7 0.0155 0.0035 0.0018 0.0003 0.0005 0.9784 
        041s  7 0.0006 0.0274 0.7925 0.0014 0.0011 0.1770 
        042s  7 0.0008 0.0023 0.0099 0.0003 0.0004 0.9862 
        043s  7 0.0003 0.0011 0.9853 0.0005 0.0025 0.0102 
        044s  7 0.0178 0.0567 0.9029 0.0017 0.0196 0.0014 
         003  8 0.0015 0.0045 0.9810 0.0088 0.0005 0.0037 
         009  8 0.0006 0.0011 0.9877 0.0006 0.0016 0.0084 
         010  8 0.0003 0.0004 0.9900 0.0004 0.0021 0.0069 
         017  8 0.0007 0.0005 0.9904 0.0014 0.0038 0.0032 
         002  9 0.0006 0.0003 0.9845 0.0005 0.0009 0.0131 
         003  9 0.0004 0.0002 0.9953 0.0003 0.0004 0.0034 
         004  9 0.0002 0.0004 0.9926 0.0004 0.0009 0.0055 
         005  9 0.0008 0.0004 0.9895 0.0009 0.0050 0.0034 
         006  9 0.0007 0.0010 0.9921 0.0006 0.0017 0.0040 
         007  9 0.0003 0.0029 0.9870 0.0011 0.0010 0.0077 
         009  9 0.0002 0.0011 0.9840 0.0015 0.0022 0.0110 
         010  9 0.0004 0.0003 0.9922 0.0018 0.0019 0.0035 
         013  9 0.0008 0.0011 0.9721 0.0004 0.0015 0.0241 
         014  9 0.0002 0.0003 0.9846 0.0054 0.0013 0.0082 
         016  9 0.0002 0.0002 0.9956 0.0012 0.0004 0.0025 
         018  9 0.0008 0.0006 0.9908 0.0043 0.0016 0.0019 
         019  9 0.0005 0.0006 0.9912 0.0040 0.0005 0.0032 
         020  9 0.0003 0.0003 0.9968 0.0004 0.0003 0.0018 
         021  9 0.0002 0.0005 0.9957 0.0003 0.0007 0.0024 
         022  9 0.0003 0.0003 0.9901 0.0010 0.0006 0.0076 
         024  9 0.0004 0.0004 0.9845 0.0024 0.0033 0.0090 
         028  9 0.0007 0.0004 0.9919 0.0006 0.0014 0.0050 
         029  9 0.0004 0.0003 0.9928 0.0008 0.0006 0.0051 
         030  9 0.0004 0.0004 0.9942 0.0008 0.0008 0.0035 
         031  9 0.0003 0.0015 0.9842 0.0011 0.0003 0.0126 
         033  9 0.0004 0.0055 0.9821 0.0005 0.0009 0.0105 
         001 10 0.0005 0.0004 0.9909 0.0009 0.0002 0.0070 
         002 10 0.0002 0.0004 0.9896 0.0019 0.0007 0.0072 
         003 10 0.0007 0.0004 0.9854 0.0006 0.0115 0.0015 
         004 10 0.0003 0.0003 0.8709 0.0005 0.0017 0.1263 
         005 10 0.0005 0.0003 0.9910 0.0013 0.0008 0.0062 
         006 10 0.0004 0.0018 0.9924 0.0007 0.0007 0.0041 
         007 10 0.0002 0.0006 0.9891 0.0003 0.0026 0.0071 
         008 10 0.0007 0.0007 0.9938 0.0007 0.0026 0.0016 
         009 10 0.0012 0.0006 0.9864 0.0040 0.0006 0.0071 
         010 10 0.0004 0.0004 0.9748 0.0030 0.0009 0.0205 
         011 10 0.0009 0.0006 0.9507 0.0004 0.0390 0.0084 
         012 10 0.0009 0.0005 0.9897 0.0006 0.0045 0.0037 
         013 10 0.0017 0.0003 0.9927 0.0008 0.0006 0.0039 
         014 10 0.0009 0.0007 0.7991 0.0007 0.0007 0.1978 
         016 10 0.0011 0.0005 0.9898 0.0019 0.0007 0.0061 
         017 10 0.0010 0.0007 0.9943 0.0010 0.0007 0.0023 
         018 10 0.0006 0.0066 0.9875 0.0023 0.0006 0.0024 
         019 10 0.0005 0.0004 0.9895 0.0044 0.0011 0.0041 
         020 10 0.0006 0.0010 0.9707 0.0064 0.0022 0.0190 
         021 10 0.0002 0.0009 0.9634 0.0025 0.0004 0.0326 
         022 10 0.0004 0.0003 0.9484 0.0003 0.0011 0.0495 
         023 10 0.0006 0.0003 0.9949 0.0004 0.0011 0.0027 
         024 10 0.0002 0.0004 0.9933 0.0012 0.0016 0.0033 
         026 10 0.0003 0.0005 0.9963 0.0006 0.0006 0.0016 
        001s 11 0.0003 0.0876 0.7049 0.0007 0.0080 0.1985 
        002s 11 0.0068 0.0006 0.9814 0.0032 0.0014 0.0067 
        003s 11 0.0003 0.0062 0.9722 0.0016 0.0005 0.0192 
        004s 11 0.0013 0.0003 0.9845 0.0003 0.0014 0.0122 
        005s 11 0.0006 0.0017 0.9305 0.0056 0.0006 0.0609 
        006s 11 0.0109 0.0014 0.9669 0.0014 0.0025 0.0169 
        007s 11 0.0376 0.0094 0.9007 0.0021 0.0007 0.0495 
        008s 11 0.0004 0.0006 0.9909 0.0006 0.0005 0.0070 
        009s 11 0.0004 0.0004 0.9840 0.0130 0.0004 0.0018 
        010s 11 0.0003 0.0017 0.8282 0.0007 0.0012 0.1680 
        011s 11 0.0023 0.0966 0.0066 0.0004 0.0084 0.8857 
        012s 11 0.0004 0.1114 0.8773 0.0006 0.0002 0.0101 
        013s 11 0.0006 0.0011 0.7752 0.0002 0.0007 0.2222 
        014s 11 0.0051 0.0018 0.0267 0.0014 0.0015 0.9634 
        015s 11 0.0015 0.0021 0.9716 0.0014 0.0038 0.0196 
        016s 11 0.0005 0.0422 0.5819 0.0055 0.0582 0.3117 
        017s 11 0.0006 0.0916 0.8669 0.0009 0.0011 0.0389 
        018s 11 0.0011 0.0022 0.0122 0.0010 0.0007 0.9827 
        019s 11 0.0008 0.0009 0.9701 0.0003 0.0209 0.0069 
        020s 11 0.0014 0.0007 0.2146 0.0027 0.0011 0.7796 
        021s 11 0.0007 0.0004 0.9935 0.0005 0.0012 0.0036 
        022s 11 0.0319 0.0013 0.9449 0.0007 0.0005 0.0208 
        023s 11 0.0003 0.0250 0.0486 0.0006 0.0196 0.9058 
        025s 11 0.0005 0.0004 0.9925 0.0002 0.0006 0.0057 
        026s 11 0.0005 0.0314 0.9085 0.0004 0.0561 0.0030 
        027s 11 0.0021 0.0008 0.9924 0.0005 0.0007 0.0034 
        028s 11 0.0009 0.0055 0.9882 0.0003 0.0011 0.0041 
        029s 11 0.0004 0.0548 0.9417 0.0014 0.0003 0.0014 
        030s 11 0.0009 0.0460 0.9489 0.0006 0.0010 0.0026 
        031s 11 0.0010 0.0003 0.9917 0.0007 0.0003 0.0059 
        032s 11 0.0003 0.0007 0.9201 0.0009 0.0023 0.0757 
        033s 11 0.0007 0.0044 0.8082 0.0014 0.0006 0.1846 
        034s 11 0.0020 0.0011 0.0351 0.0004 0.0005 0.9609 
        035s 11 0.0011 0.0012 0.4016 0.0012 0.0002 0.5947 
        036s 11 0.0021 0.0159 0.9712 0.0011 0.0005 0.0093 
        037s 11 0.0003 0.0010 0.0088 0.0009 0.0012 0.9877 
        038s 11 0.0006 0.0013 0.6919 0.0007 0.0005 0.3049 
        039s 11 0.0003 0.0020 0.9889 0.0005 0.0007 0.0077 
        040s 11 0.0022 0.0724 0.9220 0.0005 0.0007 0.0022 
        041s 11 0.0013 0.0011 0.9663 0.0239 0.0032 0.0043 
        042s 11 0.0006 0.0005 0.4703 0.0011 0.0090 0.5185 
        043s 11 0.0004 0.0350 0.9328 0.0005 0.0241 0.0071 
        044s 11 0.0059 0.0005 0.9641 0.0009 0.0046 0.0239 
        045s 11 0.0027 0.0003 0.9768 0.0003 0.0089 0.0110 
        046s 11 0.0011 0.0153 0.1363 0.0012 0.0307 0.8155 
        047s 11 0.0012 0.0005 0.9936 0.0004 0.0011 0.0032 
        048s 11 0.0016 0.0050 0.9566 0.0019 0.0331 0.0018 
        049s 11 0.0004 0.0010 0.9907 0.0010 0.0011 0.0058 
        050s 11 0.0013 0.0003 0.9933 0.0003 0.0011 0.0037 
        051s 11 0.0209 0.0005 0.9009 0.0005 0.0495 0.0277 
        052s 11 0.0020 0.0014 0.0346 0.0012 0.0019 0.9588 
        053s 11 0.0004 0.0004 0.9879 0.0015 0.0010 0.0089 
        054s 11 0.0072 0.0007 0.9796 0.0004 0.0007 0.0115 
        055s 11 0.0008 0.0588 0.0255 0.0003 0.0004 0.9143 
        001s 12 0.0042 0.0019 0.9788 0.0012 0.0010 0.0130 
        002s 12 0.0004 0.0009 0.9930 0.0028 0.0009 0.0020 
        003s 12 0.0007 0.0003 0.9894 0.0008 0.0003 0.0086 
        004s 12 0.0006 0.0547 0.9309 0.0025 0.0058 0.0055 
        005s 12 0.0005 0.0003 0.3435 0.0008 0.0006 0.6543 
        006s 12 0.0025 0.0369 0.9479 0.0005 0.0009 0.0113 
        007s 12 0.0012 0.0011 0.9906 0.0029 0.0016 0.0026 
        008s 12 0.0010 0.0113 0.9826 0.0008 0.0005 0.0038 
        009s 12 0.0012 0.0230 0.9277 0.0200 0.0047 0.0233 
        010s 12 0.0318 0.0067 0.9285 0.0010 0.0004 0.0316 
        011s 12 0.0027 0.0012 0.9855 0.0011 0.0009 0.0086 
        012s 12 0.0058 0.0012 0.9870 0.0005 0.0027 0.0029 
        013s 12 0.0004 0.0009 0.9626 0.0005 0.0318 0.0038 
        014s 12 0.0341 0.0015 0.3407 0.0043 0.0440 0.5753 
        015s 12 0.0007 0.0053 0.9880 0.0016 0.0010 0.0035 
        016s 12 0.0006 0.0004 0.9933 0.0005 0.0037 0.0016 
        017s 12 0.0007 0.0042 0.9564 0.0004 0.0010 0.0373 
        018s 12 0.0002 0.0023 0.9841 0.0025 0.0014 0.0095 
        019s 12 0.0004 0.0056 0.9568 0.0028 0.0004 0.0340 
        020s 12 0.0004 0.0824 0.9114 0.0002 0.0006 0.0051 
        021s 12 0.0005 0.0026 0.9901 0.0004 0.0024 0.0040 
        022s 12 0.0009 0.0493 0.9299 0.0033 0.0027 0.0140 
        023s 12 0.0004 0.0003 0.9861 0.0010 0.0011 0.0111 
        024s 12 0.0003 0.0006 0.5337 0.0003 0.0006 0.4645 
        025s 12 0.0027 0.0031 0.9834 0.0051 0.0012 0.0045 
        026s 12 0.0004 0.0275 0.9025 0.0133 0.0008 0.0555 
        027s 12 0.0009 0.0025 0.9909 0.0004 0.0004 0.0049 
        028s 12 0.0003 0.0007 0.0034 0.0097 0.0030 0.9829 
        029s 12 0.0003 0.0005 0.6647 0.0005 0.0016 0.3323 
        030s 12 0.0012 0.0007 0.9922 0.0004 0.0005 0.0050 
        031s 12 0.0008 0.0027 0.9906 0.0010 0.0024 0.0025 
        032s 12 0.0004 0.0004 0.0511 0.0101 0.0008 0.9372 
        033s 12 0.0067 0.0012 0.9841 0.0005 0.0005 0.0071 
        034s 12 0.0003 0.0003 0.0360 0.0006 0.0004 0.9624 
        035s 12 0.0007 0.0130 0.9065 0.0006 0.0004 0.0787 
        036s 12 0.0080 0.0034 0.9442 0.0032 0.0007 0.0405 
        037s 12 0.0003 0.0012 0.9945 0.0008 0.0007 0.0025 
        001s 13 0.0005 0.0134 0.9743 0.0008 0.0025 0.0084 
        002s 13 0.0005 0.0769 0.0039 0.0003 0.0005 0.9177 
        003s 13 0.0003 0.0009 0.9909 0.0011 0.0015 0.0053 
        004s 13 0.0004 0.0008 0.9747 0.0130 0.0030 0.0082 
        005s 13 0.0052 0.0033 0.9821 0.0027 0.0020 0.0047 
        006s 13 0.0013 0.0010 0.9905 0.0010 0.0006 0.0056 
        007s 13 0.0279 0.0008 0.9660 0.0005 0.0011 0.0037 
        008s 13 0.0011 0.0551 0.9383 0.0015 0.0007 0.0034 
        009s 13 0.0022 0.1280 0.8560 0.0072 0.0006 0.0060 
        010s 13 0.0006 0.0684 0.9209 0.0012 0.0010 0.0078 
        011s 13 0.0225 0.0039 0.7011 0.0080 0.0029 0.2616 
        012s 13 0.0027 0.0575 0.9198 0.0018 0.0103 0.0080 
        013s 13 0.0119 0.0093 0.1936 0.0009 0.0058 0.7785 
        014s 13 0.0343 0.0009 0.9590 0.0011 0.0027 0.0020 
        015s 13 0.0005 0.0073 0.9395 0.0129 0.0078 0.0320 
        016s 13 0.0005 0.0003 0.9922 0.0008 0.0011 0.0051 
        017s 13 0.0128 0.0193 0.9537 0.0051 0.0004 0.0087 
        018s 13 0.0003 0.0005 0.9871 0.0007 0.0008 0.0106 
        019s 13 0.0014 0.0005 0.9676 0.0004 0.0011 0.0291 
        020s 13 0.0033 0.0009 0.0083 0.0019 0.0003 0.9853 
        021s 13 0.0002 0.0008 0.9866 0.0004 0.0013 0.0107 
        022s 13 0.0004 0.0016 0.9950 0.0004 0.0007 0.0019 
        023s 13 0.0003 0.0014 0.9708 0.0007 0.0003 0.0266 
        024s 13 0.0042 0.0196 0.9182 0.0010 0.0372 0.0199 
        025s 13 0.0005 0.0006 0.9924 0.0011 0.0026 0.0028 
        026s 13 0.0053 0.0916 0.8911 0.0005 0.0054 0.0061 
        027s 13 0.0016 0.0488 0.9395 0.0037 0.0010 0.0053 
        028s 13 0.0090 0.0074 0.4975 0.0103 0.0018 0.4739 
        029s 13 0.0010 0.0096 0.0357 0.0006 0.0013 0.9519 
        030s 13 0.0005 0.0565 0.2098 0.0006 0.0283 0.7042 
        031s 13 0.0016 0.0024 0.8890 0.0007 0.1026 0.0037 
        032s 13 0.0026 0.0005 0.9895 0.0005 0.0003 0.0066 
        033s 13 0.0352 0.0019 0.9563 0.0005 0.0009 0.0052 
        034s 13 0.0051 0.0174 0.0050 0.0024 0.0009 0.9691 
        035s 13 0.0006 0.0007 0.8060 0.0018 0.0041 0.1868 
        036s 13 0.0004 0.0021 0.7967 0.0007 0.0006 0.1995 
        037s 13 0.0007 0.0005 0.9860 0.0007 0.0022 0.0100 
        038s 13 0.0012 0.0004 0.4444 0.0010 0.0016 0.5514 
        039s 13 0.0012 0.1022 0.8101 0.0007 0.0736 0.0122 
        040s 13 0.0010 0.0008 0.9909 0.0006 0.0015 0.0052 
        041s 13 0.0035 0.0607 0.9293 0.0003 0.0013 0.0048 
        042s 13 0.0007 0.0002 0.0049 0.0007 0.0010 0.9924 
        001s 14 0.0009 0.0146 0.1149 0.0022 0.0007 0.8668 
        002s 14 0.0014 0.0653 0.9272 0.0028 0.0015 0.0018 
        003s 14 0.0004 0.0006 0.0043 0.0005 0.0006 0.9937 
        004s 14 0.0080 0.0098 0.9754 0.0006 0.0026 0.0037 
        005s 14 0.0002 0.0003 0.7652 0.0006 0.0006 0.2330 
        006s 14 0.0007 0.0005 0.9811 0.0003 0.0003 0.0171 
        007s 14 0.0008 0.0008 0.9836 0.0005 0.0012 0.0132 
        008s 14 0.0017 0.0817 0.0022 0.0192 0.0013 0.8939 
        009s 14 0.0006 0.0017 0.9593 0.0062 0.0012 0.0310 
        010s 14 0.0005 0.0425 0.4951 0.0188 0.0017 0.4414 
        011s 14 0.0307 0.0055 0.5112 0.0005 0.0009 0.4511 
        012s 14 0.0008 0.0004 0.0131 0.0016 0.0014 0.9827 
        013s 14 0.0026 0.0009 0.9244 0.0005 0.0046 0.0670 
        014s 14 0.0007 0.0394 0.9367 0.0070 0.0009 0.0153 
        015s 14 0.0007 0.0006 0.9633 0.0064 0.0024 0.0266 
        016s 14 0.0002 0.0016 0.9876 0.0005 0.0080 0.0020 
        017s 14 0.0087 0.0522 0.9322 0.0003 0.0005 0.0061 
        018s 14 0.0004 0.0007 0.9917 0.0009 0.0011 0.0052 
        019s 14 0.0017 0.0011 0.9909 0.0004 0.0005 0.0055 
        020s 14 0.0002 0.0007 0.0493 0.0084 0.0010 0.9403 
        021s 14 0.0003 0.0054 0.9795 0.0095 0.0005 0.0047 
        022s 14 0.0023 0.0058 0.9700 0.0014 0.0011 0.0194 
        023s 14 0.0008 0.0044 0.9651 0.0029 0.0023 0.0246 
        024s 14 0.0015 0.0528 0.6784 0.0020 0.0007 0.2646 
        025s 14 0.0003 0.0620 0.8903 0.0003 0.0003 0.0468 
        026s 14 0.0003 0.0008 0.9899 0.0022 0.0010 0.0058 
        027s 14 0.0006 0.0019 0.9415 0.0006 0.0029 0.0526 
        028s 14 0.0020 0.0006 0.9649 0.0026 0.0006 0.0293 
        029s 14 0.0002 0.0003 0.9931 0.0006 0.0012 0.0046 
        030s 14 0.0089 0.0010 0.9204 0.0004 0.0004 0.0688 
        031s 14 0.0161 0.0005 0.6552 0.0006 0.0019 0.3258 
        032s 14 0.0007 0.0008 0.6309 0.0004 0.0016 0.3655 
        033s 14 0.0487 0.0005 0.5230 0.0011 0.0005 0.4263 
        034s 14 0.0004 0.0003 0.9955 0.0006 0.0006 0.0025 
        035s 14 0.0813 0.0817 0.8272 0.0003 0.0008 0.0087 
        036s 14 0.0365 0.0592 0.0417 0.0023 0.0029 0.8573 
        037s 14 0.0003 0.0014 0.9797 0.0009 0.0023 0.0153 
        038s 14 0.0009 0.0007 0.9823 0.0006 0.0005 0.0150 
        039s 14 0.0016 0.0025 0.9699 0.0036 0.0042 0.0183 
        040s 14 0.0006 0.0127 0.9714 0.0004 0.0011 0.0137 
        041s 14 0.0011 0.0006 0.6971 0.0007 0.0007 0.2999 
        042s 14 0.0005 0.0734 0.9058 0.0011 0.0016 0.0176 
        001s 15 0.0005 0.0006 0.4689 0.0011 0.0014 0.5275 
        002s 15 0.0020 0.0934 0.6333 0.0084 0.0090 0.2538 
        003s 15 0.0006 0.0085 0.9789 0.0009 0.0065 0.0047 
        004s 15 0.0003 0.0007 0.9875 0.0085 0.0003 0.0027 
        005s 15 0.0022 0.0152 0.9736 0.0014 0.0042 0.0035 
        006s 15 0.0012 0.0148 0.9729 0.0008 0.0012 0.0091 
        007s 15 0.0004 0.0003 0.9787 0.0010 0.0005 0.0190 
        008s 15 0.0004 0.0003 0.9871 0.0007 0.0003 0.0111 
        009s 15 0.0029 0.0307 0.9305 0.0007 0.0310 0.0041 
        010s 15 0.0005 0.0004 0.0262 0.0003 0.0012 0.9714 
        011s 15 0.0621 0.0006 0.9322 0.0003 0.0009 0.0040 
        012s 15 0.0019 0.0030 0.9875 0.0013 0.0020 0.0042 
        013s 15 0.0003 0.0006 0.0102 0.0040 0.0011 0.9837 
        014s 15 0.0008 0.0021 0.9835 0.0038 0.0048 0.0050 
        015s 15 0.0039 0.0765 0.9128 0.0017 0.0025 0.0025 
        016s 15 0.0627 0.0029 0.0470 0.0377 0.0007 0.8491 
        017s 15 0.0005 0.0017 0.9745 0.0147 0.0012 0.0074 
        018s 15 0.0003 0.0028 0.4297 0.0022 0.0006 0.5644 
        019s 15 0.0004 0.0040 0.3723 0.0009 0.0055 0.6168 
        020s 15 0.0003 0.0005 0.4659 0.0004 0.0008 0.5321 
        021s 15 0.0010 0.0792 0.9030 0.0017 0.0030 0.0121 
        022s 15 0.0015 0.0008 0.9810 0.0008 0.0005 0.0154 
        023s 15 0.0030 0.0256 0.9614 0.0005 0.0013 0.0082 
        024s 15 0.0016 0.0011 0.9931 0.0006 0.0009 0.0028 
        025s 15 0.0007 0.0060 0.9316 0.0011 0.0304 0.0302 
        026s 15 0.0006 0.0008 0.9466 0.0047 0.0238 0.0237 
        027s 15 0.0095 0.0033 0.9476 0.0105 0.0010 0.0281 
        028s 15 0.0011 0.0003 0.9856 0.0021 0.0012 0.0096 
        029s 15 0.0008 0.0007 0.9908 0.0013 0.0011 0.0054 
        030s 15 0.0003 0.0004 0.9926 0.0014 0.0009 0.0043 
        031s 15 0.0010 0.0685 0.9018 0.0016 0.0078 0.0193 
        032s 15 0.0002 0.0006 0.9941 0.0009 0.0015 0.0026 
        033s 15 0.0010 0.0303 0.0065 0.0010 0.0003 0.9609 
        035s 15 0.0026 0.0018 0.9891 0.0019 0.0008 0.0038 
        036s 15 0.0011 0.0005 0.4919 0.0003 0.0039 0.5022 
        037s 15 0.0100 0.0008 0.9770 0.0005 0.0011 0.0106 
        038s 15 0.0010 0.0041 0.9896 0.0009 0.0003 0.0041 
        039s 15 0.0002 0.0736 0.4825 0.0005 0.0003 0.4429 
        040s 15 0.0014 0.0023 0.9736 0.0035 0.0007 0.0185 
        041s 15 0.0044 0.0709 0.9003 0.0004 0.0035 0.0205 
        042s 15 0.0004 0.0038 0.9850 0.0027 0.0007 0.0075 
        043s 15 0.0018 0.0047 0.5227 0.0003 0.0016 0.4689 
        044s 15 0.0004 0.0054 0.9892 0.0008 0.0010 0.0032 
        045s 15 0.0318 0.0038 0.8829 0.0015 0.0764 0.0035 
        046s 15 0.0060 0.0210 0.9487 0.0006 0.0012 0.0226 
        047s 15 0.0020 0.0262 0.9659 0.0005 0.0006 0.0047 
        048s 15 0.0004 0.0005 0.6245 0.0009 0.0177 0.3560 
        049s 15 0.0017 0.0117 0.9601 0.0005 0.0006 0.0255 
        050s 15 0.0005 0.1348 0.8335 0.0105 0.0032 0.0175 
         001 16 0.0105 0.1617 0.0225 0.0045 0.0004 0.8004 
         002 16 0.0009 0.0455 0.9424 0.0003 0.0006 0.0102 
         003 16 0.0057 0.0040 0.9816 0.0026 0.0016 0.0044 
         004 16 0.0011 0.0009 0.9949 0.0004 0.0009 0.0019 
         005 16 0.0034 0.0563 0.8858 0.0035 0.0256 0.0253 
         006 16 0.0012 0.0131 0.9718 0.0011 0.0104 0.0024 
         007 16 0.0007 0.0050 0.9743 0.0006 0.0013 0.0180 
         008 16 0.0071 0.1397 0.6625 0.0011 0.0005 0.1891 
         009 16 0.0004 0.0018 0.3792 0.0012 0.0005 0.6169 
         010 16 0.0006 0.0252 0.7874 0.0004 0.0006 0.1859 
         011 16 0.0010 0.0039 0.0252 0.0005 0.0014 0.9680 
         012 16 0.0025 0.0006 0.9324 0.0011 0.0011 0.0623 
         013 16 0.0009 0.0005 0.9915 0.0005 0.0005 0.0062 
         014 16 0.0009 0.0374 0.9546 0.0016 0.0003 0.0052 
         015 16 0.0016 0.0003 0.6265 0.0022 0.3677 0.0017 
         016 16 0.0003 0.0014 0.9767 0.0045 0.0129 0.0043 
         017 16 0.0060 0.0031 0.2443 0.0007 0.0018 0.7442 
         018 16 0.0031 0.0374 0.9272 0.0047 0.0266 0.0010 
         019 16 0.0036 0.0392 0.0174 0.0010 0.0003 0.9386 
         020 16 0.0006 0.0003 0.9898 0.0010 0.0007 0.0076 
         021 16 0.0287 0.0965 0.8456 0.0063 0.0009 0.0221 
         022 16 0.0002 0.0340 0.9610 0.0007 0.0019 0.0022 
         023 16 0.0005 0.0132 0.0077 0.0005 0.0080 0.9701 
         024 16 0.0005 0.0067 0.3749 0.0014 0.0207 0.5959 
         025 16 0.0203 0.0216 0.0203 0.0008 0.0037 0.9332 
         026 16 0.0020 0.1081 0.8842 0.0002 0.0029 0.0027 
         027 16 0.0006 0.0120 0.9632 0.0110 0.0014 0.0118 
         028 16 0.0342 0.1448 0.7797 0.0166 0.0003 0.0244 
         029 16 0.0356 0.0032 0.9547 0.0012 0.0007 0.0047 
         030 16 0.0036 0.0003 0.4129 0.0004 0.0004 0.5823 
         031 16 0.0009 0.0013 0.9802 0.0133 0.0004 0.0039 
         032 16 0.0008 0.0882 0.8801 0.0009 0.0060 0.0240 
         033 16 0.0010 0.0005 0.9908 0.0003 0.0003 0.0070 
         034 16 0.0018 0.0019 0.3311 0.0004 0.0011 0.6637 
         035 16 0.0008 0.0002 0.9913 0.0006 0.0002 0.0068 
         036 16 0.0005 0.0007 0.8616 0.0018 0.0020 0.1333 
         037 16 0.0124 0.0109 0.4824 0.0008 0.0036 0.4899 
         038 16 0.0008 0.0022 0.8903 0.0017 0.0063 0.0988 
         039 16 0.0003 0.0018 0.6001 0.0017 0.0005 0.3956 
         040 16 0.0012 0.0009 0.9822 0.0007 0.0014 0.0136 
         041 16 0.0008 0.0007 0.9911 0.0004 0.0013 0.0057 
         042 16 0.0009 0.0012 0.8685 0.0020 0.0006 0.1268 
         043 16 0.0004 0.0013 0.9770 0.0009 0.0008 0.0196 
         044 16 0.0008 0.0039 0.1787 0.0016 0.0014 0.8135 
         045 16 0.0058 0.0025 0.9836 0.0019 0.0002 0.0059 
         047 16 0.0377 0.0018 0.9383 0.0041 0.0009 0.0174 
         048 16 0.0044 0.0016 0.9868 0.0007 0.0005 0.0061 
         049 16 0.0029 0.0004 0.8607 0.0007 0.0045 0.1309 
         050 16 0.0009 0.0004 0.9912 0.0003 0.0004 0.0068 
         051 16 0.0017 0.0009 0.9620 0.0018 0.0007 0.0329 
         052 16 0.0004 0.0002 0.9675 0.0003 0.0008 0.0308 
         053 16 0.0009 0.0003 0.9729 0.0007 0.0007 0.0245 
         054 16 0.0005 0.0624 0.4746 0.0008 0.0002 0.4616 
         055 16 0.0531 0.0102 0.8826 0.0004 0.0003 0.0534 
         056 16 0.0004 0.0017 0.9849 0.0006 0.0082 0.0040 
         057 16 0.0006 0.0774 0.0058 0.0005 0.0002 0.9155 
         058 16 0.0080 0.0900 0.5163 0.0002 0.0091 0.3763 
         059 16 0.0122 0.0844 0.6076 0.0034 0.0849 0.2075 
         060 16 0.0006 0.0023 0.7614 0.0016 0.0087 0.2254 
         061 16 0.0006 0.0008 0.4433 0.0007 0.0011 0.5534 
         062 16 0.0075 0.0008 0.9822 0.0015 0.0003 0.0075 
         063 16 0.0007 0.0039 0.9762 0.0005 0.0005 0.0182 
         064 16 0.0005 0.0003 0.9898 0.0005 0.0021 0.0068 
         065 16 0.0031 0.0009 0.5450 0.0014 0.0022 0.4474 
         066 16 0.0004 0.0005 0.9940 0.0010 0.0005 0.0036 
         067 16 0.0033 0.0010 0.8963 0.0007 0.0776 0.0211 
         068 16 0.0017 0.0054 0.9595 0.0007 0.0278 0.0049 
         069 16 0.0006 0.0008 0.9846 0.0053 0.0005 0.0081 
         070 16 0.0005 0.0043 0.9132 0.0022 0.0004 0.0794 
         071 16 0.0135 0.0739 0.9091 0.0005 0.0005 0.0024 
         072 16 0.0010 0.0083 0.9776 0.0012 0.0012 0.0107 
         073 16 0.0035 0.0011 0.8452 0.0005 0.0004 0.1493 
         074 16 0.0006 0.0004 0.9935 0.0005 0.0003 0.0047 
         075 16 0.0038 0.0242 0.9519 0.0007 0.0009 0.0185 
         076 16 0.0007 0.0011 0.9938 0.0006 0.0004 0.0034 
         077 16 0.0038 0.0159 0.8940 0.0355 0.0495 0.0014 
         078 16 0.0003 0.0031 0.0007 0.0005 0.0009 0.9945 
         079 16 0.0021 0.0897 0.9015 0.0011 0.0008 0.0048 
         080 16 0.0003 0.0044 0.2544 0.0004 0.0013 0.7391 
         081 16 0.0366 0.0030 0.0021 0.0013 0.0006 0.9565 
         082 16 0.0089 0.0171 0.8825 0.0004 0.0004 0.0907 
         083 16 0.0007 0.0005 0.9943 0.0008 0.0017 0.0020 
         084 16 0.0020 0.0013 0.8258 0.0030 0.0014 0.1665 
         085 16 0.0007 0.0010 0.9708 0.0022 0.0123 0.0130 
         086 16 0.0024 0.1075 0.8863 0.0004 0.0005 0.0029 
         087 16 0.0025 0.0068 0.0716 0.0019 0.0003 0.9169 
         088 16 0.0005 0.0006 0.1178 0.0006 0.0034 0.8772 
         089 16 0.0085 0.0010 0.9754 0.0013 0.0010 0.0127 
         090 16 0.0007 0.0064 0.9822 0.0016 0.0004 0.0087 
         091 16 0.0016 0.0008 0.9621 0.0009 0.0006 0.0338 
         092 16 0.0007 0.0187 0.0164 0.0006 0.0005 0.9630 
         093 16 0.0004 0.0014 0.9657 0.0021 0.0006 0.0298 
         094 16 0.0010 0.0050 0.9357 0.0062 0.0412 0.0109 
         095 16 0.0002 0.0006 0.9457 0.0012 0.0005 0.0518 
         096 16 0.0289 0.0013 0.9562 0.0004 0.0020 0.0112 
         097 16 0.0848 0.0102 0.8782 0.0028 0.0058 0.0182 
         098 16 0.0006 0.0009 0.9810 0.0069 0.0038 0.0068 
         099 16 0.0003 0.0006 0.9913 0.0009 0.0043 0.0027 
         100 16 0.0004 0.0009 0.9736 0.0009 0.0018 0.0224 
         101 16 0.0006 0.0120 0.0022 0.0006 0.0027 0.9818 
         102 16 0.0013 0.0007 0.0184 0.0006 0.0021 0.9770 
         103 16 0.0022 0.0011 0.9858 0.0029 0.0026 0.0055 
         104 16 0.0006 0.0032 0.9879 0.0004 0.0027 0.0053 
         105 16 0.0302 0.0778 0.8786 0.0043 0.0030 0.0060 
         106 16 0.0003 0.0018 0.4714 0.0004 0.0028 0.5233 
         107 16 0.0007 0.0115 0.8165 0.0464 0.0041 0.1208 
         108 16 0.0007 0.1227 0.6444 0.0675 0.1628 0.0019 
         109 16 0.0046 0.0169 0.8882 0.0005 0.0005 0.0893 
         110 16 0.0006 0.0003 0.9759 0.0003 0.0013 0.0215 
         111 16 0.0004 0.0569 0.6474 0.0008 0.0011 0.2934 
         112 16 0.0004 0.0467 0.9354 0.0010 0.0009 0.0156 
         113 16 0.0066 0.0506 0.9398 0.0004 0.0008 0.0019 
         114 16 0.0005 0.0175 0.9359 0.0035 0.0011 0.0415 
         115 16 0.0011 0.0003 0.9947 0.0005 0.0007 0.0028 
         116 16 0.0007 0.0066 0.0396 0.0005 0.0009 0.9516 
         117 16 0.0032 0.0078 0.9778 0.0031 0.0005 0.0075 
         118 16 0.0003 0.0063 0.9730 0.0009 0.0125 0.0070 
         119 16 0.0013 0.0015 0.5870 0.0021 0.0007 0.4075 
         120 16 0.0168 0.0004 0.9680 0.0015 0.0006 0.0127 
         121 16 0.0075 0.0003 0.8498 0.0003 0.0309 0.1111 
         122 16 0.0006 0.0003 0.9498 0.0003 0.0005 0.0485 
         123 16 0.0011 0.0029 0.5483 0.0028 0.0005 0.4443 
         124 16 0.0008 0.0131 0.9748 0.0004 0.0014 0.0095 
         126 16 0.0009 0.1629 0.8281 0.0035 0.0025 0.0022 
         001 17 0.0024 0.0010 0.9729 0.0105 0.0006 0.0126 
         002 17 0.0005 0.0024 0.9161 0.0004 0.0004 0.0803 
         003 17 0.0005 0.0007 0.9958 0.0009 0.0005 0.0016 
         005 17 0.0007 0.0004 0.9644 0.0228 0.0005 0.0111 
         006 17 0.0469 0.0011 0.9463 0.0010 0.0003 0.0043 
         007 17 0.0175 0.1039 0.0047 0.0034 0.0151 0.8555 
         008 17 0.0142 0.1064 0.8716 0.0007 0.0007 0.0064 
         009 17 0.0003 0.0002 0.9960 0.0006 0.0006 0.0022 
         010 17 0.0010 0.0006 0.9477 0.0008 0.0014 0.0485 
         011 17 0.0013 0.1380 0.4765 0.0012 0.3779 0.0052 
         012 17 0.0005 0.0044 0.9846 0.0006 0.0017 0.0081 
         013 17 0.0003 0.0004 0.9961 0.0006 0.0003 0.0023 
         014 17 0.0004 0.0003 0.0346 0.0015 0.0004 0.9629 
         015 17 0.0054 0.0006 0.2253 0.0005 0.0003 0.7680 
         016 17 0.0008 0.0010 0.9895 0.0006 0.0004 0.0077 
         017 17 0.0017 0.0011 0.9925 0.0007 0.0010 0.0030 
         018 17 0.0010 0.0310 0.9018 0.0201 0.0005 0.0455 
         019 17 0.0002 0.0003 0.5152 0.0013 0.0016 0.4814 
         020 17 0.0011 0.0012 0.9902 0.0004 0.0008 0.0063 
         021 17 0.0008 0.0002 0.9957 0.0005 0.0010 0.0018 
         022 17 0.0055 0.0365 0.9241 0.0135 0.0016 0.0188 
         023 17 0.0003 0.0106 0.9597 0.0022 0.0007 0.0265 
         024 17 0.0404 0.0168 0.9336 0.0014 0.0040 0.0037 
         025 17 0.0006 0.0004 0.9720 0.0004 0.0003 0.0263 
         002 18 0.0008 0.0003 0.9767 0.0052 0.0023 0.0147 
         003 18 0.0003 0.0003 0.9948 0.0005 0.0011 0.0030 
         004 18 0.0004 0.0590 0.9343 0.0017 0.0007 0.0038 
         005 18 0.0006 0.0023 0.4478 0.0008 0.0417 0.5068 
