        001s  1 0.0045 0.0240 0.0006 0.0009 0.0004 0.6703 0.2977 0.0007 0.0008 
        002s  1 0.1021 0.0010 0.0006 0.0006 0.0030 0.1010 0.7892 0.0014 0.0012 
        003s  1 0.0183 0.0038 0.0029 0.0228 0.0010 0.0077 0.9374 0.0039 0.0022 
        004s  1 0.0248 0.0028 0.0086 0.0004 0.0253 0.4060 0.5264 0.0018 0.0040 
        005s  1 0.0056 0.2466 0.1018 0.0003 0.1070 0.0014 0.4400 0.0960 0.0014 
        006s  1 0.0099 0.0009 0.0005 0.0003 0.0012 0.9828 0.0031 0.0007 0.0005 
        007s  1 0.0103 0.0025 0.0026 0.0006 0.0006 0.9593 0.0186 0.0016 0.0040 
        008s  1 0.0072 0.1187 0.0010 0.0014 0.0005 0.2727 0.5946 0.0025 0.0014 
        009s  1 0.0018 0.0209 0.0295 0.0032 0.0019 0.6332 0.2897 0.0125 0.0072 
        010s  1 0.0433 0.0010 0.0082 0.0011 0.0009 0.9374 0.0052 0.0027 0.0003 
        011s  1 0.0151 0.0348 0.0011 0.0050 0.0019 0.9230 0.0126 0.0039 0.0026 
        012s  1 0.0128 0.0015 0.1100 0.0060 0.0050 0.7841 0.0712 0.0084 0.0009 
        013s  1 0.0069 0.0050 0.0013 0.0012 0.0062 0.9092 0.0399 0.0215 0.0088 
        014s  1 0.0057 0.0397 0.0152 0.0196 0.0017 0.9068 0.0052 0.0011 0.0051 
        015s  1 0.0055 0.0074 0.0006 0.0006 0.0004 0.9645 0.0198 0.0008 0.0004 
        016s  1 0.0563 0.0158 0.0055 0.0009 0.0008 0.8487 0.0636 0.0014 0.0072 
        018s  1 0.3721 0.0694 0.1034 0.0010 0.0011 0.3768 0.0655 0.0097 0.0011 
        019s  1 0.0224 0.0299 0.0109 0.0037 0.0007 0.8212 0.1075 0.0026 0.0012 
        020s  1 0.0744 0.0051 0.0008 0.0077 0.0004 0.8900 0.0106 0.0009 0.0101 
        021s  1 0.0211 0.0009 0.0003 0.0006 0.0074 0.9417 0.0192 0.0014 0.0073 
        022s  1 0.0087 0.0009 0.0004 0.0005 0.0004 0.0202 0.9676 0.0002 0.0011 
        023s  1 0.0303 0.0083 0.0006 0.0010 0.0004 0.7786 0.1692 0.0011 0.0106 
        024s  1 0.0053 0.0155 0.0013 0.0004 0.0023 0.9688 0.0034 0.0024 0.0008 
        025s  1 0.2069 0.1304 0.0059 0.0004 0.0010 0.6464 0.0055 0.0025 0.0010 
        026s  1 0.0213 0.0082 0.0007 0.0035 0.0006 0.9508 0.0041 0.0020 0.0087 
        027s  1 0.4866 0.1573 0.0015 0.0006 0.0139 0.3097 0.0247 0.0028 0.0029 
        028s  1 0.0995 0.1999 0.0077 0.0027 0.0352 0.6152 0.0332 0.0057 0.0009 
        029s  1 0.0077 0.0012 0.0011 0.0067 0.0008 0.9715 0.0083 0.0018 0.0009 
        030s  1 0.6483 0.1012 0.0007 0.0090 0.0040 0.2297 0.0037 0.0026 0.0009 
        031s  1 0.0166 0.0007 0.0003 0.0003 0.0003 0.9187 0.0614 0.0003 0.0014 
        032s  1 0.1169 0.0063 0.0007 0.0012 0.0006 0.8625 0.0096 0.0015 0.0008 
        033s  1 0.0021 0.0406 0.0012 0.0012 0.0004 0.9413 0.0051 0.0074 0.0008 
        034s  1 0.2545 0.0098 0.0013 0.0038 0.0029 0.1041 0.5689 0.0023 0.0525 
        035s  1 0.0755 0.0046 0.0031 0.0012 0.0029 0.9075 0.0020 0.0023 0.0010 
        036s  1 0.1305 0.0025 0.0960 0.0004 0.0008 0.2464 0.5198 0.0025 0.0011 
        037s  1 0.1022 0.0014 0.1068 0.0013 0.0047 0.7076 0.0283 0.0187 0.0290 
        038s  1 0.1770 0.0230 0.0022 0.0010 0.0008 0.7739 0.0198 0.0011 0.0011 
        039s  1 0.0798 0.0377 0.0003 0.0013 0.0024 0.8204 0.0303 0.0274 0.0004 
        040s  1 0.1605 0.0010 0.0014 0.0007 0.0033 0.7531 0.0732 0.0033 0.0034 
        041s  1 0.0127 0.0037 0.0022 0.0009 0.0004 0.9648 0.0071 0.0038 0.0044 
        042s  1 0.0064 0.0023 0.0749 0.0009 0.0010 0.8221 0.0136 0.0021 0.0769 
        043s  1 0.0148 0.1406 0.0006 0.0010 0.0003 0.0200 0.8149 0.0070 0.0007 
        044s  1 0.4677 0.0298 0.0644 0.0042 0.0098 0.1600 0.2364 0.0187 0.0092 
        045s  1 0.2158 0.0047 0.0113 0.0008 0.0031 0.7610 0.0013 0.0012 0.0008 
        046s  1 0.0058 0.0013 0.0017 0.0020 0.0005 0.9650 0.0200 0.0028 0.0008 
        047s  1 0.0719 0.0087 0.0009 0.0013 0.0003 0.9055 0.0052 0.0005 0.0058 
        048s  1 0.0129 0.0103 0.0300 0.0007 0.0002 0.3967 0.5336 0.0152 0.0005 
        049s  1 0.0048 0.0065 0.0008 0.0009 0.0022 0.0399 0.9436 0.0008 0.0005 
        050s  1 0.0458 0.0154 0.0864 0.0005 0.0034 0.7554 0.0882 0.0046 0.0004 
        051s  1 0.0109 0.0057 0.0007 0.0258 0.0012 0.9515 0.0030 0.0003 0.0009 
        052s  1 0.6261 0.0039 0.0108 0.0145 0.0039 0.3066 0.0289 0.0037 0.0017 
        053s  1 0.1095 0.0010 0.0018 0.0004 0.0003 0.8795 0.0020 0.0047 0.0007 
        054s  1 0.0719 0.0039 0.0003 0.0017 0.0034 0.9131 0.0030 0.0018 0.0009 
        055s  1 0.0019 0.0328 0.0497 0.0017 0.0004 0.8277 0.0017 0.0167 0.0675 
          01  2 0.0037 0.0349 0.1029 0.0281 0.0012 0.8145 0.0088 0.0033 0.0026 
          02  2 0.3332 0.0056 0.0037 0.0017 0.0009 0.6144 0.0083 0.0313 0.0009 
          03  2 0.0737 0.0513 0.0013 0.0003 0.0007 0.8607 0.0085 0.0020 0.0014 
          04  2 0.2355 0.1788 0.0007 0.0015 0.0085 0.4884 0.0676 0.0036 0.0153 
          05  2 0.0021 0.1162 0.0805 0.0004 0.0003 0.0164 0.7795 0.0041 0.0005 
          06  2 0.4433 0.0308 0.0165 0.0008 0.0020 0.4811 0.0173 0.0075 0.0009 
          07  2 0.0038 0.0068 0.0037 0.0011 0.0018 0.8533 0.1235 0.0053 0.0008 
          08  2 0.1171 0.0453 0.0746 0.0010 0.0006 0.0115 0.7481 0.0008 0.0011 
          09  2 0.0260 0.0016 0.0009 0.0088 0.0003 0.9055 0.0562 0.0003 0.0004 
          10  2 0.2600 0.0635 0.0023 0.0006 0.0006 0.6542 0.0156 0.0027 0.0005 
          11  2 0.0116 0.0049 0.0260 0.0093 0.0010 0.9089 0.0359 0.0005 0.0019 
          12  2 0.1914 0.0193 0.0004 0.0016 0.0007 0.7630 0.0208 0.0023 0.0005 
          13  2 0.0056 0.0011 0.0004 0.0008 0.0003 0.8230 0.1643 0.0039 0.0006 
          14  2 0.0023 0.0371 0.0004 0.0024 0.0058 0.5550 0.3575 0.0033 0.0363 
          15  2 0.0245 0.0019 0.0004 0.0014 0.0005 0.6669 0.3010 0.0017 0.0015 
          16  2 0.0102 0.0121 0.0006 0.0055 0.0530 0.8940 0.0152 0.0049 0.0046 
          17  2 0.7847 0.0680 0.0020 0.0013 0.0005 0.0586 0.0790 0.0047 0.0012 
          18  2 0.0748 0.0037 0.0078 0.0015 0.0025 0.8959 0.0024 0.0106 0.0009 
          19  2 0.0525 0.0130 0.0015 0.0026 0.0004 0.9192 0.0072 0.0006 0.0031 
          20  2 0.0106 0.0018 0.0581 0.0021 0.0077 0.9085 0.0043 0.0007 0.0062 
          21  2 0.0056 0.0037 0.0014 0.0148 0.0004 0.9581 0.0122 0.0031 0.0007 
          22  2 0.0100 0.1027 0.0011 0.0046 0.0054 0.8661 0.0031 0.0012 0.0059 
          23  2 0.4094 0.0037 0.0011 0.0010 0.0021 0.5736 0.0039 0.0032 0.0019 
          24  2 0.0182 0.0013 0.0006 0.0011 0.0004 0.9736 0.0034 0.0005 0.0010 
          25  2 0.0055 0.0011 0.0084 0.0013 0.0233 0.8996 0.0588 0.0013 0.0007 
          26  2 0.0010 0.0005 0.0006 0.0009 0.0004 0.0010 0.9947 0.0006 0.0003 
          27  2 0.0109 0.0044 0.0007 0.0011 0.0216 0.9311 0.0253 0.0015 0.0033 
          28  2 0.0127 0.0155 0.0010 0.0011 0.0002 0.9244 0.0386 0.0015 0.0051 
          29  2 0.0409 0.0019 0.0011 0.0013 0.0009 0.9485 0.0041 0.0008 0.0004 
          30  2 0.5686 0.0212 0.1416 0.0112 0.0004 0.1125 0.0524 0.0106 0.0816 
          01  3 0.1593 0.2044 0.1272 0.0005 0.0039 0.0047 0.0621 0.4212 0.0166 
          02  3 0.0167 0.2815 0.1155 0.0774 0.2536 0.0100 0.0017 0.2341 0.0096 
          03  3 0.0035 0.7200 0.0722 0.0010 0.1487 0.0183 0.0082 0.0265 0.0015 
          04  3 0.0021 0.4272 0.1880 0.0011 0.1496 0.0112 0.0079 0.2099 0.0029 
          05  3 0.0004 0.2949 0.1039 0.1047 0.2309 0.0004 0.0003 0.1608 0.1038 
          06  3 0.0003 0.4322 0.0958 0.0002 0.2521 0.0038 0.0002 0.2151 0.0003 
          07  3 0.0006 0.6833 0.1311 0.0024 0.1108 0.0425 0.0084 0.0206 0.0003 
          08  3 0.1225 0.3638 0.1729 0.0120 0.1870 0.0062 0.0022 0.1267 0.0067 
          09  3 0.0041 0.6405 0.1986 0.0003 0.1222 0.0065 0.0035 0.0229 0.0015 
          10  3 0.0011 0.2513 0.0160 0.2090 0.2438 0.0015 0.0048 0.1622 0.1103 
          11  3 0.0009 0.7053 0.1208 0.0003 0.1319 0.0005 0.0130 0.0267 0.0005 
          12  3 0.0006 0.6961 0.1352 0.0002 0.1372 0.0025 0.0003 0.0277 0.0002 
          13  3 0.0003 0.3872 0.0928 0.0024 0.2695 0.0012 0.0004 0.2460 0.0002 
          14  3 0.0011 0.3285 0.0561 0.0285 0.2708 0.0006 0.0012 0.1736 0.1396 
          15  3 0.0099 0.5051 0.1491 0.0003 0.1111 0.0351 0.0867 0.1009 0.0017 
          16  3 0.0107 0.2931 0.0168 0.0056 0.2797 0.0064 0.0017 0.3831 0.0029 
          17  3 0.2401 0.3347 0.2614 0.0011 0.0748 0.0017 0.0033 0.0821 0.0008 
          18  3 0.0020 0.1947 0.0264 0.1578 0.2053 0.0035 0.0028 0.1367 0.2707 
          19  3 0.0263 0.3288 0.0654 0.0010 0.2322 0.0059 0.0215 0.3012 0.0176 
          20  3 0.0096 0.3531 0.1816 0.0004 0.1242 0.0087 0.0256 0.2389 0.0580 
          21  3 0.0043 0.2745 0.0979 0.0009 0.1412 0.1295 0.0075 0.3382 0.0060 
          22  3 0.0130 0.6520 0.1860 0.0002 0.0678 0.0067 0.0235 0.0494 0.0014 
          23  3 0.0601 0.3003 0.1608 0.0004 0.1499 0.0417 0.0189 0.2647 0.0033 
          24  3 0.0009 0.2774 0.2586 0.1604 0.1201 0.0009 0.0009 0.1797 0.0011 
          25  3 0.0003 0.2214 0.0578 0.2406 0.1044 0.0003 0.0004 0.2506 0.1242 
          26  3 0.0004 0.5942 0.1785 0.0003 0.1588 0.0036 0.0020 0.0618 0.0005 
          27  3 0.0015 0.2619 0.0214 0.1310 0.1656 0.0006 0.0065 0.2354 0.1760 
          28  3 0.0037 0.3404 0.1291 0.0025 0.1972 0.0023 0.0033 0.3214 0.0002 
          29  3 0.0074 0.2889 0.1546 0.0043 0.1863 0.0332 0.0081 0.2917 0.0255 
          30  3 0.0081 0.3644 0.1784 0.0008 0.0577 0.0144 0.1521 0.2237 0.0004 
         001  4 0.0001 0.0001 0.9993 0.0001 0.0001 0.0001 0.0001 0.0001 0.0001 
         002  4 0.0003 0.0149 0.9827 0.0002 0.0005 0.0002 0.0002 0.0009 0.0001 
         003  4 0.0001 0.0001 0.9993 0.0001 0.0001 0.0001 0.0001 0.0001 0.0001 
         004  4 0.0001 0.0001 0.9992 0.0001 0.0002 0.0001 0.0001 0.0002 0.0001 
         005  4 0.0001 0.0001 0.9989 0.0002 0.0002 0.0001 0.0001 0.0001 0.0001 
         006  4 0.0004 0.0640 0.8561 0.0003 0.0557 0.0004 0.0004 0.0225 0.0002 
         007  4 0.0002 0.0664 0.8794 0.0001 0.0511 0.0004 0.0020 0.0001 0.0002 
         008  4 0.0006 0.0002 0.9917 0.0012 0.0014 0.0003 0.0006 0.0009 0.0031 
         009  4 0.0001 0.0001 0.9990 0.0001 0.0003 0.0001 0.0001 0.0001 0.0001 
         010  4 0.0001 0.0003 0.9614 0.0001 0.0378 0.0001 0.0001 0.0001 0.0001 
         011  4 0.0013 0.0004 0.9364 0.0004 0.0436 0.0011 0.0014 0.0009 0.0144 
         012  4 0.0001 0.0005 0.9989 0.0001 0.0001 0.0001 0.0001 0.0001 0.0001 
         013  4 0.0001 0.0002 0.9992 0.0000 0.0001 0.0001 0.0001 0.0002 0.0001 
         014  4 0.0001 0.0240 0.9749 0.0001 0.0001 0.0002 0.0003 0.0001 0.0001 
         015  4 0.0001 0.0441 0.9553 0.0001 0.0001 0.0001 0.0001 0.0002 0.0001 
         016  4 0.0001 0.0001 0.9992 0.0001 0.0002 0.0001 0.0001 0.0001 0.0001 
         017  4 0.0001 0.0444 0.9543 0.0001 0.0002 0.0001 0.0001 0.0005 0.0001 
         019  4 0.0004 0.0352 0.8689 0.0004 0.0909 0.0003 0.0002 0.0034 0.0003 
         020  4 0.0001 0.0001 0.9989 0.0002 0.0002 0.0001 0.0002 0.0001 0.0001 
         021  4 0.0002 0.0184 0.9452 0.0001 0.0352 0.0002 0.0001 0.0004 0.0001 
         001  5 0.0006 0.0661 0.9040 0.0015 0.0005 0.0009 0.0006 0.0039 0.0219 
         002  5 0.0035 0.0017 0.9294 0.0008 0.0003 0.0101 0.0156 0.0370 0.0015 
         003  5 0.0028 0.0445 0.6739 0.0002 0.0383 0.1466 0.0025 0.0879 0.0032 
         004  5 0.0042 0.0007 0.9214 0.0002 0.0025 0.0552 0.0086 0.0052 0.0021 
         005  5 0.0003 0.0553 0.8963 0.0001 0.0008 0.0003 0.0002 0.0463 0.0004 
         006  5 0.0005 0.0720 0.7760 0.0004 0.0179 0.0004 0.0003 0.1324 0.0002 
         007  5 0.0003 0.0635 0.8255 0.0002 0.0489 0.0002 0.0002 0.0610 0.0002 
         008  5 0.0001 0.0645 0.8716 0.0002 0.0010 0.0001 0.0001 0.0622 0.0001 
         009  5 0.0156 0.0559 0.8814 0.0002 0.0049 0.0197 0.0049 0.0160 0.0014 
         010  5 0.0019 0.0243 0.8415 0.0002 0.0305 0.0015 0.0008 0.0979 0.0014 
         011  5 0.0004 0.0462 0.8980 0.0002 0.0001 0.0008 0.0004 0.0530 0.0009 
         012  5 0.0244 0.0336 0.8206 0.0009 0.0747 0.0135 0.0036 0.0274 0.0013 
         013  5 0.0054 0.1879 0.6385 0.0006 0.0021 0.0990 0.0027 0.0631 0.0008 
         014  5 0.0940 0.0298 0.6637 0.0130 0.0732 0.0411 0.0166 0.0596 0.0091 
         015  5 0.0002 0.0564 0.8977 0.0002 0.0183 0.0001 0.0002 0.0267 0.0002 
         016  5 0.0006 0.1054 0.8399 0.0003 0.0373 0.0006 0.0004 0.0151 0.0003 
         017  5 0.0084 0.0954 0.7864 0.0011 0.0508 0.0025 0.0019 0.0533 0.0002 
         018  5 0.0058 0.1184 0.7772 0.0224 0.0039 0.0027 0.0009 0.0511 0.0178 
         019  5 0.0003 0.0580 0.9352 0.0045 0.0002 0.0004 0.0003 0.0004 0.0007 
         020  5 0.0002 0.0034 0.9949 0.0001 0.0002 0.0002 0.0002 0.0008 0.0001 
         021  5 0.0040 0.0292 0.8252 0.0004 0.0006 0.1325 0.0028 0.0043 0.0009 
         022  5 0.0053 0.0785 0.8766 0.0031 0.0054 0.0056 0.0015 0.0032 0.0209 
         023  5 0.0004 0.0944 0.8603 0.0002 0.0020 0.0008 0.0003 0.0409 0.0008 
         024  5 0.0251 0.0260 0.8634 0.0003 0.0708 0.0078 0.0008 0.0054 0.0004 
         025  5 0.0052 0.1281 0.7992 0.0006 0.0500 0.0024 0.0015 0.0129 0.0002 
         026  5 0.0830 0.0625 0.7910 0.0003 0.0145 0.0389 0.0019 0.0074 0.0003 
         027  5 0.0002 0.0005 0.9966 0.0002 0.0018 0.0002 0.0002 0.0002 0.0001 
         028  5 0.0008 0.0979 0.8596 0.0005 0.0339 0.0030 0.0014 0.0014 0.0016 
         029  5 0.0003 0.0627 0.9243 0.0003 0.0020 0.0003 0.0003 0.0097 0.0002 
         030  5 0.0004 0.0695 0.9160 0.0035 0.0004 0.0003 0.0006 0.0084 0.0009 
        001s  6 0.0444 0.0213 0.0005 0.0010 0.0096 0.5895 0.2994 0.0175 0.0167 
        002s  6 0.0066 0.0241 0.0239 0.0183 0.0004 0.9086 0.0133 0.0042 0.0006 
        003s  6 0.0284 0.0018 0.0067 0.0004 0.0003 0.7536 0.1986 0.0069 0.0032 
        004s  6 0.2019 0.0005 0.0004 0.0007 0.0003 0.7778 0.0172 0.0006 0.0006 
        006s  6 0.0127 0.0021 0.0577 0.0019 0.0205 0.8881 0.0046 0.0049 0.0076 
        007s  6 0.0205 0.0268 0.0006 0.0010 0.0028 0.9437 0.0035 0.0008 0.0005 
        008s  6 0.3796 0.0030 0.0061 0.0035 0.0005 0.5923 0.0067 0.0015 0.0068 
        009s  6 0.2800 0.0077 0.0004 0.0009 0.0004 0.7030 0.0055 0.0009 0.0012 
        010s  6 0.0979 0.0241 0.0206 0.0097 0.0086 0.8232 0.0019 0.0016 0.0124 
        011s  6 0.5259 0.0040 0.0004 0.0003 0.0009 0.4562 0.0026 0.0083 0.0013 
        012s  6 0.0864 0.0047 0.0006 0.0035 0.0013 0.8944 0.0052 0.0018 0.0021 
        013s  6 0.2593 0.0020 0.0012 0.0006 0.0009 0.7297 0.0051 0.0008 0.0004 
        014s  6 0.0156 0.0414 0.0299 0.0002 0.0003 0.5210 0.3833 0.0080 0.0003 
        015s  6 0.7250 0.0665 0.0056 0.0009 0.0086 0.1841 0.0017 0.0007 0.0069 
        016s  6 0.0090 0.0012 0.0004 0.0007 0.0011 0.8926 0.0933 0.0008 0.0008 
        018s  6 0.0015 0.0028 0.2167 0.0006 0.0004 0.7130 0.0010 0.0613 0.0027 
        019s  6 0.0369 0.1468 0.0031 0.0006 0.0007 0.7600 0.0448 0.0047 0.0024 
        020s  6 0.0100 0.0931 0.0004 0.0007 0.0006 0.8415 0.0524 0.0008 0.0006 
        021s  6 0.0039 0.0018 0.0009 0.0013 0.0076 0.9625 0.0060 0.0120 0.0040 
        022s  6 0.0777 0.0068 0.0007 0.0006 0.0003 0.8866 0.0213 0.0021 0.0038 
        023s  6 0.3171 0.0959 0.0153 0.0004 0.0004 0.0291 0.5382 0.0028 0.0010 
        024s  6 0.0064 0.0018 0.0504 0.0020 0.0015 0.9303 0.0061 0.0006 0.0008 
        025s  6 0.2689 0.0047 0.0023 0.0006 0.0007 0.6404 0.0102 0.0034 0.0687 
        026s  6 0.0825 0.0035 0.0005 0.0017 0.0008 0.8976 0.0110 0.0018 0.0006 
        027s  6 0.0838 0.0046 0.0013 0.0010 0.0005 0.8875 0.0201 0.0008 0.0004 
        028s  6 0.0037 0.0328 0.0059 0.0379 0.0045 0.9006 0.0039 0.0056 0.0051 
        029s  6 0.0756 0.0403 0.0004 0.0015 0.0005 0.8775 0.0019 0.0013 0.0011 
        030s  6 0.0417 0.0473 0.0417 0.0026 0.0006 0.8488 0.0041 0.0029 0.0103 
        031s  6 0.2133 0.0070 0.0014 0.0004 0.0054 0.1110 0.6603 0.0007 0.0005 
        032s  6 0.0274 0.0025 0.0010 0.0004 0.0008 0.9216 0.0110 0.0347 0.0006 
        033s  6 0.0041 0.0901 0.0323 0.0004 0.0002 0.8645 0.0036 0.0041 0.0008 
        034s  6 0.3361 0.0243 0.0021 0.0004 0.0049 0.6037 0.0119 0.0022 0.0144 
        035s  6 0.0014 0.0019 0.1241 0.0006 0.0004 0.0016 0.8668 0.0017 0.0015 
        036s  6 0.0073 0.0073 0.0006 0.0003 0.0038 0.9690 0.0032 0.0079 0.0007 
        037s  6 0.0181 0.0011 0.0006 0.0016 0.0007 0.9712 0.0036 0.0019 0.0013 
        038s  6 0.0082 0.0009 0.0004 0.0010 0.0042 0.8266 0.1569 0.0006 0.0012 
        039s  6 0.4429 0.0061 0.0002 0.0009 0.0003 0.5452 0.0017 0.0017 0.0009 
        040s  6 0.4613 0.0107 0.0002 0.0004 0.0025 0.2347 0.2892 0.0007 0.0004 
        041s  6 0.2892 0.0032 0.0638 0.0039 0.0002 0.0081 0.6228 0.0031 0.0057 
        042s  6 0.0058 0.0010 0.0099 0.0033 0.0009 0.9202 0.0050 0.0018 0.0522 
        043s  6 0.0316 0.0150 0.0011 0.0002 0.0016 0.9393 0.0039 0.0006 0.0065 
        044s  6 0.0257 0.0014 0.0012 0.0034 0.0005 0.8544 0.1094 0.0026 0.0014 
        045s  6 0.0485 0.0021 0.0050 0.0008 0.0005 0.9230 0.0157 0.0017 0.0026 
        001s  7 0.1278 0.0079 0.0011 0.0007 0.0005 0.0372 0.8226 0.0006 0.0017 
        002s  7 0.1855 0.0010 0.0134 0.0013 0.0011 0.3132 0.4774 0.0044 0.0027 
        003s  7 0.0059 0.0041 0.0015 0.0021 0.0014 0.0141 0.9656 0.0045 0.0008 
        004s  7 0.0047 0.0054 0.0012 0.0010 0.0022 0.9650 0.0173 0.0025 0.0007 
        005s  7 0.0131 0.0133 0.0146 0.0005 0.0018 0.9220 0.0302 0.0026 0.0020 
        006s  7 0.0255 0.0779 0.0515 0.0005 0.0017 0.8347 0.0018 0.0019 0.0043 
        007s  7 0.0749 0.0009 0.0068 0.0106 0.0083 0.8894 0.0037 0.0038 0.0014 
        008s  7 0.0027 0.0378 0.0045 0.0038 0.0003 0.0055 0.9434 0.0006 0.0014 
        009s  7 0.0056 0.0010 0.0029 0.0009 0.0018 0.9588 0.0205 0.0033 0.0053 
        010s  7 0.0020 0.0020 0.0010 0.0009 0.0002 0.0049 0.9862 0.0008 0.0019 
        011s  7 0.0071 0.0018 0.0004 0.0007 0.0005 0.9774 0.0097 0.0012 0.0010 
        012s  7 0.1391 0.0009 0.0007 0.0004 0.0011 0.8507 0.0057 0.0006 0.0008 
        013s  7 0.1341 0.0034 0.0004 0.0006 0.0088 0.8359 0.0111 0.0013 0.0044 
        014s  7 0.1333 0.0021 0.0400 0.0007 0.0009 0.2783 0.5412 0.0033 0.0002 
        015s  7 0.0214 0.0033 0.0362 0.0014 0.0020 0.9275 0.0044 0.0030 0.0009 
        016s  7 0.0012 0.0011 0.0914 0.0002 0.0001 0.0012 0.9026 0.0002 0.0018 
        017s  7 0.0105 0.0031 0.0016 0.0005 0.0012 0.9490 0.0315 0.0022 0.0004 
        018s  7 0.6525 0.2188 0.0011 0.0042 0.0005 0.1192 0.0022 0.0010 0.0006 
        019s  7 0.1672 0.0011 0.0010 0.0038 0.0010 0.7992 0.0074 0.0068 0.0126 
        020s  7 0.0426 0.0023 0.0006 0.0004 0.0013 0.9359 0.0150 0.0013 0.0006 
        021s  7 0.0037 0.0030 0.0017 0.0012 0.0005 0.9820 0.0033 0.0035 0.0010 
        022s  7 0.2120 0.0035 0.0030 0.0003 0.0043 0.7708 0.0041 0.0008 0.0011 
        023s  7 0.0272 0.0529 0.0030 0.0016 0.0012 0.8692 0.0246 0.0054 0.0148 
        024s  7 0.4318 0.0013 0.0019 0.0022 0.0004 0.5549 0.0051 0.0018 0.0006 
        025s  7 0.1494 0.0051 0.0007 0.0015 0.0030 0.8240 0.0102 0.0051 0.0010 
        026s  7 0.0063 0.0072 0.0014 0.0013 0.0003 0.0187 0.9627 0.0005 0.0016 
        027s  7 0.0039 0.0009 0.0014 0.0030 0.0014 0.5391 0.4485 0.0011 0.0008 
        028s  7 0.6247 0.0948 0.0039 0.0003 0.0005 0.2717 0.0025 0.0008 0.0007 
        029s  7 0.0488 0.0062 0.0051 0.0011 0.0006 0.8552 0.0750 0.0054 0.0025 
        030s  7 0.0278 0.0171 0.0003 0.0079 0.0011 0.7889 0.1494 0.0031 0.0045 
        031s  7 0.2930 0.0041 0.0021 0.0006 0.0011 0.6620 0.0274 0.0007 0.0090 
        032s  7 0.1062 0.0188 0.0855 0.0054 0.0003 0.7779 0.0042 0.0014 0.0003 
        033s  7 0.0045 0.0022 0.0349 0.0036 0.0005 0.9473 0.0019 0.0035 0.0017 
        034s  7 0.0068 0.0028 0.0009 0.0020 0.0269 0.9491 0.0025 0.0085 0.0006 
        035s  7 0.0054 0.0040 0.0005 0.0003 0.0004 0.9849 0.0023 0.0010 0.0012 
        036s  7 0.0037 0.0016 0.0005 0.0007 0.0052 0.9269 0.0509 0.0013 0.0092 
        037s  7 0.2722 0.1555 0.0090 0.0004 0.0008 0.5248 0.0044 0.0288 0.0041 
        038s  7 0.7218 0.0545 0.0021 0.0011 0.0004 0.2004 0.0046 0.0134 0.0015 
        039s  7 0.4994 0.0708 0.0004 0.0003 0.0002 0.0762 0.3503 0.0019 0.0005 
        040s  7 0.0016 0.0006 0.0050 0.0005 0.0340 0.0012 0.9545 0.0018 0.0008 
        041s  7 0.0041 0.0093 0.0147 0.0014 0.0003 0.8034 0.1533 0.0113 0.0022 
        042s  7 0.0105 0.0031 0.0053 0.0003 0.0007 0.0164 0.9612 0.0019 0.0005 
        043s  7 0.0145 0.0016 0.0012 0.0006 0.0003 0.9673 0.0102 0.0005 0.0038 
        044s  7 0.0047 0.0430 0.0152 0.0012 0.0035 0.8912 0.0011 0.0116 0.0285 
         003  8 0.0034 0.0106 0.0061 0.0112 0.0009 0.9624 0.0023 0.0023 0.0007 
         009  8 0.0160 0.0035 0.0013 0.0004 0.0006 0.9686 0.0077 0.0006 0.0012 
         010  8 0.0417 0.0016 0.0005 0.0004 0.0002 0.9418 0.0110 0.0012 0.0016 
         017  8 0.0105 0.0035 0.0007 0.0015 0.0005 0.9745 0.0031 0.0020 0.0037 
         002  9 0.0219 0.0018 0.0006 0.0008 0.0010 0.9620 0.0101 0.0009 0.0009 
         003  9 0.0104 0.0024 0.0002 0.0004 0.0005 0.9792 0.0062 0.0003 0.0005 
         004  9 0.0025 0.0022 0.0005 0.0003 0.0002 0.9883 0.0040 0.0005 0.0014 
         005  9 0.1283 0.0006 0.0005 0.0011 0.0014 0.8604 0.0021 0.0021 0.0035 
         006  9 0.0699 0.0018 0.0012 0.0005 0.0010 0.9182 0.0041 0.0021 0.0012 
         007  9 0.0105 0.0085 0.0038 0.0012 0.0004 0.9692 0.0043 0.0009 0.0011 
         009  9 0.0058 0.0016 0.0019 0.0015 0.0003 0.9738 0.0122 0.0015 0.0014 
         010  9 0.0367 0.0045 0.0003 0.0016 0.0006 0.9512 0.0034 0.0003 0.0014 
         013  9 0.0062 0.0015 0.0020 0.0004 0.0014 0.9584 0.0273 0.0018 0.0009 
         014  9 0.0886 0.0016 0.0004 0.0071 0.0003 0.8894 0.0103 0.0004 0.0020 
         016  9 0.0250 0.0013 0.0002 0.0008 0.0003 0.9670 0.0043 0.0002 0.0008 
         018  9 0.4816 0.0090 0.0006 0.0056 0.0008 0.4961 0.0034 0.0011 0.0017 
         019  9 0.0055 0.0028 0.0011 0.0038 0.0006 0.9811 0.0037 0.0008 0.0005 
         020  9 0.0490 0.0028 0.0005 0.0003 0.0003 0.9454 0.0011 0.0005 0.0002 
         021  9 0.4300 0.0005 0.0003 0.0005 0.0002 0.5591 0.0080 0.0006 0.0009 
         022  9 0.5499 0.0011 0.0003 0.0014 0.0005 0.4327 0.0132 0.0005 0.0005 
         024  9 0.0076 0.0025 0.0004 0.0023 0.0004 0.9756 0.0052 0.0021 0.0039 
         028  9 0.0884 0.0032 0.0006 0.0006 0.0010 0.8928 0.0100 0.0021 0.0014 
         029  9 0.0253 0.0008 0.0003 0.0009 0.0004 0.9600 0.0111 0.0005 0.0007 
         030  9 0.0303 0.0175 0.0003 0.0007 0.0003 0.9458 0.0035 0.0006 0.0010 
         031  9 0.0121 0.0009 0.0012 0.0012 0.0003 0.9740 0.0089 0.0009 0.0005 
         033  9 0.0047 0.0022 0.0072 0.0005 0.0003 0.9681 0.0145 0.0013 0.0012 
         001 10 0.0413 0.0012 0.0006 0.0010 0.0004 0.9470 0.0080 0.0002 0.0003 
         002 10 0.0046 0.0155 0.0003 0.0014 0.0002 0.9716 0.0050 0.0006 0.0008 
         003 10 0.0242 0.0012 0.0004 0.0005 0.0010 0.9608 0.0018 0.0008 0.0094 
         004 10 0.0430 0.0050 0.0004 0.0005 0.0003 0.8860 0.0602 0.0007 0.0038 
         005 10 0.0043 0.0096 0.0004 0.0012 0.0005 0.9808 0.0018 0.0004 0.0010 
         006 10 0.0061 0.0013 0.0013 0.0005 0.0003 0.9854 0.0035 0.0010 0.0005 
         007 10 0.0024 0.0054 0.0005 0.0005 0.0003 0.9848 0.0038 0.0006 0.0017 
         008 10 0.0203 0.0037 0.0007 0.0005 0.0004 0.9679 0.0025 0.0008 0.0031 
         009 10 0.0052 0.0005 0.0009 0.0048 0.0016 0.9769 0.0083 0.0013 0.0005 
         010 10 0.0063 0.0011 0.0008 0.0029 0.0004 0.9686 0.0181 0.0008 0.0011 
         011 10 0.0320 0.0098 0.0005 0.0004 0.0013 0.9150 0.0045 0.0005 0.0359 
         012 10 0.0118 0.0024 0.0005 0.0005 0.0006 0.9741 0.0047 0.0021 0.0033 
         013 10 0.0099 0.0024 0.0003 0.0009 0.0020 0.9788 0.0043 0.0007 0.0008 
         014 10 0.0043 0.0184 0.0006 0.0007 0.0010 0.7570 0.2161 0.0007 0.0013 
         016 10 0.0069 0.0046 0.0004 0.0014 0.0006 0.9757 0.0055 0.0037 0.0011 
         017 10 0.2840 0.0011 0.0007 0.0011 0.0006 0.7070 0.0037 0.0009 0.0008 
         018 10 0.0087 0.0029 0.0038 0.0021 0.0004 0.9749 0.0024 0.0042 0.0007 
         019 10 0.0029 0.0005 0.0003 0.0036 0.0005 0.9868 0.0024 0.0022 0.0007 
         020 10 0.0119 0.0051 0.0010 0.0060 0.0009 0.9612 0.0091 0.0031 0.0018 
         021 10 0.0051 0.0018 0.0005 0.0029 0.0002 0.9663 0.0220 0.0008 0.0004 
         022 10 0.1159 0.0008 0.0002 0.0003 0.0007 0.8154 0.0654 0.0004 0.0009 
         023 10 0.0521 0.0051 0.0002 0.0004 0.0006 0.9363 0.0028 0.0017 0.0007 
         024 10 0.0031 0.0010 0.0005 0.0011 0.0002 0.9862 0.0056 0.0006 0.0018 
         026 10 0.3570 0.0005 0.0005 0.0006 0.0003 0.6377 0.0012 0.0012 0.0009 
        001s 11 0.5140 0.0034 0.0926 0.0012 0.0009 0.0207 0.3493 0.0012 0.0167 
        002s 11 0.0071 0.0034 0.0007 0.0037 0.0095 0.9601 0.0131 0.0009 0.0015 
        003s 11 0.3455 0.0683 0.0079 0.0013 0.0004 0.5457 0.0270 0.0035 0.0005 
        004s 11 0.2575 0.0139 0.0005 0.0004 0.0016 0.7030 0.0210 0.0006 0.0015 
        005s 11 0.0185 0.0220 0.0021 0.0065 0.0006 0.9178 0.0312 0.0006 0.0006 
        006s 11 0.0051 0.0168 0.0007 0.0017 0.0021 0.9397 0.0092 0.0217 0.0030 
        007s 11 0.0294 0.0512 0.0069 0.0010 0.0345 0.7675 0.1019 0.0060 0.0017 
        008s 11 0.3799 0.0194 0.0007 0.0005 0.0004 0.5775 0.0139 0.0071 0.0006 
        009s 11 0.0151 0.0309 0.0004 0.0121 0.0003 0.9372 0.0025 0.0009 0.0007 
        010s 11 0.0133 0.0009 0.0009 0.0009 0.0003 0.8525 0.1264 0.0038 0.0010 
        011s 11 0.0090 0.0227 0.0995 0.0005 0.0110 0.0446 0.7887 0.0030 0.0210 
        012s 11 0.4288 0.2116 0.0576 0.0009 0.0002 0.2823 0.0146 0.0035 0.0004 
        013s 11 0.0790 0.0273 0.0019 0.0003 0.0006 0.5966 0.2910 0.0022 0.0011 
        014s 11 0.0577 0.0257 0.0035 0.0014 0.0080 0.0786 0.8202 0.0042 0.0007 
        015s 11 0.1716 0.0035 0.0016 0.0013 0.0019 0.7845 0.0277 0.0031 0.0049 
        016s 11 0.0656 0.0306 0.0383 0.0091 0.0005 0.5016 0.2940 0.0022 0.0580 
        017s 11 0.6970 0.2389 0.0404 0.0005 0.0005 0.0091 0.0117 0.0008 0.0010 
        018s 11 0.0553 0.0022 0.0030 0.0020 0.0017 0.0191 0.9123 0.0034 0.0008 
        019s 11 0.0081 0.0152 0.0005 0.0004 0.0008 0.9537 0.0035 0.0022 0.0155 
        020s 11 0.0740 0.0006 0.0011 0.0028 0.0018 0.3444 0.5719 0.0019 0.0014 
        021s 11 0.1430 0.0012 0.0005 0.0004 0.0006 0.8493 0.0035 0.0005 0.0010 
        022s 11 0.0945 0.0534 0.0020 0.0007 0.0330 0.7870 0.0270 0.0020 0.0004 
        023s 11 0.1325 0.0078 0.0352 0.0006 0.0005 0.0218 0.7708 0.0009 0.0300 
        025s 11 0.0052 0.0090 0.0004 0.0003 0.0006 0.9769 0.0059 0.0009 0.0009 
        026s 11 0.0146 0.0022 0.0411 0.0006 0.0008 0.8815 0.0051 0.0017 0.0524 
        027s 11 0.0097 0.0042 0.0008 0.0005 0.0020 0.9734 0.0061 0.0027 0.0006 
        028s 11 0.0915 0.0227 0.0061 0.0004 0.0008 0.8716 0.0034 0.0021 0.0015 
        029s 11 0.1130 0.0476 0.0120 0.0009 0.0003 0.8160 0.0041 0.0057 0.0004 
        030s 11 0.1260 0.1657 0.0198 0.0019 0.0007 0.6764 0.0033 0.0057 0.0005 
        031s 11 0.2362 0.0107 0.0004 0.0008 0.0018 0.7342 0.0141 0.0014 0.0003 
        032s 11 0.2700 0.0015 0.0013 0.0005 0.0003 0.6106 0.1101 0.0026 0.0030 
        033s 11 0.0701 0.0037 0.0041 0.0015 0.0005 0.7388 0.1787 0.0016 0.0010 
        034s 11 0.0750 0.0014 0.0014 0.0004 0.0023 0.0548 0.8634 0.0008 0.0004 
        035s 11 0.0075 0.0015 0.0033 0.0014 0.0021 0.4490 0.5333 0.0015 0.0004 
        036s 11 0.2532 0.1430 0.0123 0.0009 0.0014 0.5715 0.0142 0.0031 0.0005 
        037s 11 0.0075 0.0584 0.0009 0.0012 0.0003 0.0242 0.9037 0.0020 0.0019 
        038s 11 0.2556 0.0372 0.0023 0.0009 0.0005 0.3306 0.3656 0.0060 0.0013 
        039s 11 0.0037 0.0116 0.0015 0.0007 0.0003 0.9728 0.0063 0.0023 0.0009 
        040s 11 0.0071 0.0742 0.0437 0.0008 0.0011 0.8556 0.0018 0.0147 0.0010 
        041s 11 0.0090 0.0093 0.0007 0.0196 0.0008 0.9488 0.0078 0.0016 0.0023 
        042s 11 0.3785 0.0029 0.0006 0.0009 0.0009 0.1491 0.4552 0.0007 0.0109 
        043s 11 0.0688 0.0349 0.0091 0.0005 0.0005 0.8246 0.0186 0.0225 0.0202 
        044s 11 0.1059 0.0143 0.0005 0.0010 0.0109 0.7818 0.0760 0.0027 0.0069 
        045s 11 0.4268 0.0464 0.0005 0.0003 0.0011 0.4805 0.0326 0.0020 0.0097 
        046s 11 0.2442 0.0726 0.0181 0.0007 0.0028 0.0021 0.6207 0.0019 0.0369 
        047s 11 0.0158 0.1172 0.0008 0.0003 0.0008 0.8572 0.0023 0.0047 0.0008 
        048s 11 0.0969 0.0247 0.0048 0.0014 0.0018 0.8354 0.0022 0.0035 0.0292 
        049s 11 0.0958 0.0047 0.0027 0.0014 0.0004 0.8755 0.0158 0.0024 0.0013 
        050s 11 0.0044 0.0006 0.0004 0.0003 0.0043 0.9831 0.0055 0.0005 0.0010 
        051s 11 0.0839 0.0014 0.0007 0.0005 0.0167 0.7932 0.0520 0.0024 0.0493 
        052s 11 0.2226 0.0094 0.0011 0.0007 0.0036 0.0326 0.7270 0.0008 0.0021 
        053s 11 0.0080 0.0035 0.0005 0.0014 0.0004 0.9779 0.0062 0.0008 0.0012 
        054s 11 0.0321 0.0085 0.0007 0.0003 0.0036 0.9470 0.0032 0.0039 0.0008 
        055s 11 0.0191 0.0017 0.0085 0.0002 0.0003 0.0498 0.8583 0.0617 0.0005 
        001s 12 0.0111 0.0111 0.0012 0.0012 0.0015 0.9591 0.0101 0.0032 0.0015 
        002s 12 0.0060 0.0259 0.0015 0.0025 0.0008 0.9584 0.0030 0.0011 0.0008 
        003s 12 0.0553 0.0005 0.0004 0.0009 0.0006 0.9289 0.0123 0.0006 0.0004 
        004s 12 0.5337 0.0028 0.0712 0.0032 0.0008 0.3796 0.0018 0.0021 0.0048 
        005s 12 0.0338 0.0007 0.0005 0.0012 0.0006 0.4187 0.5429 0.0007 0.0010 
        006s 12 0.2336 0.0760 0.0128 0.0010 0.0039 0.6109 0.0530 0.0076 0.0012 
        007s 12 0.0060 0.0539 0.0011 0.0039 0.0014 0.9261 0.0035 0.0024 0.0018 
        008s 12 0.0619 0.0199 0.0015 0.0008 0.0007 0.8606 0.0133 0.0408 0.0005 
        009s 12 0.3575 0.0788 0.0064 0.0174 0.0006 0.5243 0.0045 0.0074 0.0033 
        010s 12 0.0663 0.0768 0.0026 0.0009 0.0173 0.7987 0.0333 0.0035 0.0007 
        011s 12 0.3135 0.0026 0.0013 0.0010 0.0039 0.6560 0.0186 0.0025 0.0006 
        012s 12 0.2302 0.0509 0.0015 0.0005 0.0061 0.7006 0.0035 0.0039 0.0027 
        013s 12 0.0056 0.0460 0.0007 0.0007 0.0005 0.9087 0.0032 0.0012 0.0333 
        014s 12 0.0291 0.0248 0.0012 0.0035 0.0410 0.3801 0.4710 0.0047 0.0447 
        015s 12 0.0091 0.0105 0.0049 0.0018 0.0008 0.9684 0.0029 0.0010 0.0007 
        016s 12 0.5466 0.0041 0.0005 0.0003 0.0008 0.4398 0.0020 0.0003 0.0056 
        017s 12 0.0092 0.0287 0.0050 0.0004 0.0013 0.9058 0.0481 0.0005 0.0011 
        018s 12 0.0100 0.1529 0.0007 0.0016 0.0002 0.8193 0.0096 0.0043 0.0014 
        019s 12 0.0043 0.0027 0.0065 0.0029 0.0005 0.9477 0.0340 0.0008 0.0005 
        020s 12 0.0012 0.0612 0.0667 0.0002 0.0003 0.8574 0.0088 0.0033 0.0009 
        021s 12 0.1394 0.0531 0.0031 0.0007 0.0005 0.7959 0.0034 0.0022 0.0018 
        022s 12 0.0261 0.0095 0.0212 0.0043 0.0007 0.8786 0.0435 0.0102 0.0057 
        023s 12 0.0347 0.0025 0.0003 0.0005 0.0004 0.9502 0.0086 0.0020 0.0009 
        024s 12 0.0746 0.0718 0.0006 0.0005 0.0003 0.4066 0.4445 0.0005 0.0006 
        025s 12 0.0027 0.0063 0.0014 0.0048 0.0009 0.9504 0.0089 0.0235 0.0011 
        026s 12 0.0122 0.0044 0.0362 0.0138 0.0007 0.8983 0.0330 0.0008 0.0007 
        027s 12 0.0245 0.0021 0.0012 0.0005 0.0004 0.9606 0.0027 0.0075 0.0005 
        028s 12 0.0078 0.0007 0.0026 0.0180 0.0005 0.0143 0.9514 0.0006 0.0041 
        029s 12 0.0045 0.0006 0.0008 0.0005 0.0009 0.7410 0.2505 0.0003 0.0010 
        030s 12 0.0103 0.0297 0.0010 0.0006 0.0021 0.9482 0.0049 0.0025 0.0005 
        031s 12 0.0122 0.0256 0.0040 0.0009 0.0007 0.9484 0.0041 0.0017 0.0024 
        032s 12 0.0240 0.0015 0.0009 0.0117 0.0006 0.1960 0.7634 0.0011 0.0008 
        033s 12 0.0170 0.0236 0.0009 0.0006 0.0019 0.9400 0.0097 0.0061 0.0003 
        034s 12 0.0041 0.0010 0.0004 0.0010 0.0006 0.1085 0.8830 0.0009 0.0005 
        035s 12 0.3211 0.0176 0.0086 0.0007 0.0010 0.5797 0.0690 0.0017 0.0005 
        036s 12 0.1153 0.0394 0.0024 0.0023 0.0037 0.7839 0.0362 0.0161 0.0007 
        037s 12 0.0036 0.0434 0.0012 0.0014 0.0003 0.9452 0.0026 0.0016 0.0007 
        001s 13 0.1660 0.0025 0.0102 0.0010 0.0011 0.7998 0.0149 0.0016 0.0029 
        002s 13 0.0022 0.0285 0.0452 0.0003 0.0004 0.0878 0.8203 0.0142 0.0011 
        003s 13 0.0142 0.0183 0.0006 0.0007 0.0002 0.9517 0.0089 0.0046 0.0008 
        004s 13 0.2294 0.0118 0.0014 0.0146 0.0007 0.7304 0.0089 0.0011 0.0018 
        005s 13 0.0114 0.0054 0.0034 0.0021 0.0033 0.9596 0.0077 0.0056 0.0016 
        006s 13 0.0743 0.0561 0.0006 0.0010 0.0012 0.8504 0.0099 0.0058 0.0007 
        007s 13 0.0164 0.0078 0.0007 0.0006 0.0220 0.9412 0.0056 0.0043 0.0015 
        008s 13 0.0063 0.0625 0.0508 0.0026 0.0013 0.8667 0.0043 0.0046 0.0009 
        009s 13 0.3734 0.0047 0.1248 0.0093 0.0016 0.4770 0.0033 0.0051 0.0009 
        010s 13 0.6037 0.1995 0.0178 0.0014 0.0004 0.1712 0.0019 0.0028 0.0013 
        011s 13 0.0801 0.0046 0.0030 0.0068 0.0229 0.6125 0.2634 0.0045 0.0023 
        012s 13 0.6132 0.2140 0.0143 0.0021 0.0011 0.1155 0.0154 0.0032 0.0213 
        013s 13 0.0037 0.0091 0.0190 0.0007 0.0298 0.4463 0.4860 0.0003 0.0051 
        014s 13 0.0278 0.1184 0.0008 0.0012 0.0125 0.8206 0.0033 0.0106 0.0047 
        015s 13 0.0168 0.0042 0.0107 0.0093 0.0010 0.9378 0.0129 0.0006 0.0068 
        016s 13 0.0996 0.0006 0.0004 0.0006 0.0004 0.8908 0.0045 0.0020 0.0012 
        017s 13 0.1436 0.0138 0.0014 0.0053 0.0007 0.7795 0.0028 0.0523 0.0006 
        018s 13 0.2855 0.0048 0.0005 0.0005 0.0004 0.6828 0.0234 0.0014 0.0008 
        019s 13 0.0492 0.0505 0.0006 0.0005 0.0006 0.8398 0.0547 0.0033 0.0008 
        020s 13 0.0095 0.0005 0.0012 0.0018 0.0036 0.0253 0.9527 0.0049 0.0004 
        021s 13 0.0090 0.0061 0.0014 0.0007 0.0006 0.9688 0.0122 0.0003 0.0009 
        022s 13 0.0229 0.0174 0.0010 0.0005 0.0003 0.9482 0.0052 0.0040 0.0005 
        023s 13 0.0474 0.0164 0.0012 0.0006 0.0002 0.8964 0.0337 0.0035 0.0006 
        024s 13 0.1580 0.0049 0.0285 0.0010 0.0032 0.7572 0.0052 0.0068 0.0353 
        025s 13 0.0692 0.0019 0.0008 0.0009 0.0006 0.9198 0.0029 0.0018 0.0021 
        026s 13 0.1330 0.2142 0.0340 0.0005 0.0009 0.5796 0.0162 0.0141 0.0074 
        027s 13 0.0031 0.0057 0.0415 0.0032 0.0019 0.9354 0.0053 0.0028 0.0013 
        028s 13 0.4202 0.0044 0.0030 0.0104 0.0017 0.0383 0.4878 0.0307 0.0034 
        029s 13 0.0683 0.0658 0.0080 0.0005 0.0022 0.0208 0.8313 0.0016 0.0014 
        030s 13 0.2450 0.0342 0.0720 0.0004 0.0006 0.0075 0.6156 0.0005 0.0242 
        031s 13 0.2199 0.0038 0.0047 0.0007 0.0041 0.6643 0.0041 0.0007 0.0978 
        032s 13 0.0285 0.0034 0.0006 0.0003 0.0117 0.9492 0.0055 0.0003 0.0004 
        033s 13 0.1215 0.0418 0.0017 0.0007 0.0058 0.8061 0.0059 0.0160 0.0006 
        034s 13 0.0044 0.0013 0.0511 0.0036 0.0186 0.0076 0.9120 0.0003 0.0011 
        035s 13 0.0405 0.0139 0.0007 0.0018 0.0006 0.7298 0.2072 0.0014 0.0042 
        036s 13 0.0256 0.0084 0.0024 0.0005 0.0004 0.7755 0.1857 0.0009 0.0005 
        037s 13 0.0094 0.0045 0.0003 0.0010 0.0006 0.9714 0.0089 0.0023 0.0015 
        038s 13 0.0973 0.0150 0.0007 0.0010 0.0007 0.3868 0.4937 0.0034 0.0014 
        039s 13 0.0114 0.0038 0.0945 0.0012 0.0013 0.8103 0.0068 0.0012 0.0694 
        040s 13 0.2305 0.0469 0.0017 0.0004 0.0010 0.7087 0.0066 0.0027 0.0015 
        041s 13 0.0073 0.0375 0.0426 0.0003 0.0053 0.8941 0.0077 0.0033 0.0019 
        042s 13 0.0160 0.0017 0.0006 0.0011 0.0015 0.0156 0.9620 0.0003 0.0012 
        001s 14 0.2705 0.0716 0.0092 0.0018 0.0007 0.0537 0.5905 0.0011 0.0009 
        002s 14 0.0163 0.0041 0.0648 0.0033 0.0015 0.9047 0.0020 0.0015 0.0017 
        003s 14 0.0027 0.0012 0.0005 0.0006 0.0003 0.0044 0.9882 0.0010 0.0010 
        004s 14 0.0526 0.0049 0.0116 0.0009 0.0131 0.9065 0.0034 0.0036 0.0034 
        005s 14 0.0045 0.0009 0.0004 0.0008 0.0002 0.8588 0.1333 0.0003 0.0009 
        006s 14 0.0941 0.0048 0.0004 0.0003 0.0004 0.8799 0.0164 0.0032 0.0004 
        007s 14 0.0067 0.0007 0.0004 0.0003 0.0010 0.9698 0.0179 0.0015 0.0016 
        008s 14 0.0102 0.0117 0.0955 0.0235 0.0089 0.0356 0.8109 0.0002 0.0036 
        009s 14 0.0523 0.0008 0.0019 0.0049 0.0005 0.9046 0.0296 0.0048 0.0007 
        010s 14 0.0573 0.0102 0.0613 0.0161 0.0005 0.5403 0.3107 0.0013 0.0023 
        011s 14 0.0056 0.0069 0.0010 0.0004 0.0052 0.5541 0.3846 0.0411 0.0010 
        012s 14 0.0113 0.0272 0.0004 0.0021 0.0017 0.0279 0.9216 0.0048 0.0031 
        013s 14 0.7963 0.0626 0.0014 0.0007 0.0050 0.0137 0.1152 0.0009 0.0041 
        014s 14 0.3251 0.0550 0.0465 0.0068 0.0006 0.5560 0.0076 0.0018 0.0006 
        015s 14 0.0120 0.0403 0.0007 0.0075 0.0006 0.8931 0.0408 0.0007 0.0042 
        016s 14 0.0415 0.0298 0.0014 0.0008 0.0003 0.9078 0.0076 0.0018 0.0090 
        017s 14 0.0075 0.0412 0.0561 0.0009 0.0104 0.8779 0.0021 0.0035 0.0005 
        018s 14 0.0359 0.0144 0.0007 0.0011 0.0004 0.9370 0.0060 0.0032 0.0012 
        019s 14 0.0138 0.0087 0.0016 0.0006 0.0010 0.9673 0.0039 0.0024 0.0007 
        020s 14 0.0819 0.0003 0.0007 0.0090 0.0003 0.1826 0.7234 0.0009 0.0011 
        021s 14 0.0096 0.0070 0.0046 0.0075 0.0003 0.9656 0.0039 0.0009 0.0005 
        022s 14 0.0172 0.1138 0.0027 0.0015 0.0026 0.8479 0.0110 0.0021 0.0011 
        023s 14 0.2034 0.0022 0.0181 0.0030 0.0021 0.7518 0.0161 0.0004 0.0029 
        024s 14 0.2998 0.0023 0.0443 0.0023 0.0010 0.2701 0.3671 0.0115 0.0016 
        025s 14 0.0929 0.0021 0.0695 0.0003 0.0002 0.7644 0.0690 0.0013 0.0003 
        026s 14 0.8104 0.0052 0.0005 0.0028 0.0002 0.1694 0.0096 0.0008 0.0010 
        027s 14 0.0824 0.0163 0.0028 0.0007 0.0006 0.8278 0.0595 0.0066 0.0033 
        028s 14 0.0357 0.0074 0.0007 0.0021 0.0020 0.9239 0.0248 0.0027 0.0007 
        029s 14 0.0331 0.0012 0.0005 0.0006 0.0003 0.9549 0.0072 0.0005 0.0016 
        030s 14 0.7426 0.1116 0.0006 0.0005 0.0069 0.0230 0.1128 0.0015 0.0005 
        031s 14 0.2105 0.0056 0.0005 0.0010 0.0298 0.4174 0.3329 0.0004 0.0019 
        032s 14 0.0106 0.0758 0.0006 0.0005 0.0015 0.6391 0.2658 0.0029 0.0033 
        033s 14 0.0072 0.0095 0.0007 0.0010 0.0503 0.5802 0.3497 0.0009 0.0005 
        034s 14 0.1006 0.0109 0.0003 0.0006 0.0003 0.8811 0.0030 0.0021 0.0010 
        035s 14 0.6015 0.2272 0.0224 0.0003 0.0536 0.0773 0.0088 0.0078 0.0010 
        036s 14 0.0107 0.0580 0.0347 0.0024 0.0151 0.1104 0.7552 0.0035 0.0098 
        037s 14 0.0039 0.0041 0.0011 0.0008 0.0003 0.9621 0.0227 0.0024 0.0025 
        038s 14 0.0055 0.0484 0.0003 0.0008 0.0008 0.9230 0.0193 0.0014 0.0005 
        039s 14 0.0069 0.0040 0.0015 0.0027 0.0018 0.9682 0.0074 0.0018 0.0057 
        040s 14 0.0452 0.0225 0.0147 0.0003 0.0011 0.8733 0.0391 0.0026 0.0011 
        041s 14 0.0686 0.1230 0.0006 0.0011 0.0017 0.4466 0.3567 0.0004 0.0013 
        042s 14 0.5439 0.0322 0.0515 0.0011 0.0002 0.3579 0.0073 0.0051 0.0008 
        001s 15 0.0110 0.0145 0.0010 0.0011 0.0009 0.5140 0.4551 0.0005 0.0018 
        002s 15 0.5400 0.0074 0.0981 0.0082 0.0028 0.0013 0.3265 0.0054 0.0104 
        003s 15 0.0043 0.0057 0.0064 0.0007 0.0006 0.9663 0.0020 0.0088 0.0051 
        004s 15 0.7760 0.0025 0.0007 0.0074 0.0005 0.2045 0.0027 0.0055 0.0002 
        005s 15 0.0170 0.0041 0.0073 0.0015 0.0010 0.9447 0.0051 0.0135 0.0060 
        006s 15 0.0281 0.0421 0.0206 0.0006 0.0024 0.8935 0.0096 0.0018 0.0012 
        007s 15 0.0735 0.0215 0.0004 0.0008 0.0005 0.8837 0.0175 0.0017 0.0003 
        008s 15 0.0178 0.0743 0.0006 0.0005 0.0007 0.8857 0.0163 0.0037 0.0003 
        009s 15 0.5898 0.1772 0.0048 0.0007 0.0011 0.1727 0.0115 0.0065 0.0357 
        010s 15 0.1228 0.0036 0.0006 0.0004 0.0004 0.0485 0.8212 0.0010 0.0016 
        011s 15 0.6734 0.1747 0.0005 0.0005 0.0208 0.1087 0.0072 0.0125 0.0016 
        012s 15 0.0057 0.0572 0.0019 0.0015 0.0007 0.9209 0.0036 0.0068 0.0017 
        013s 15 0.0144 0.0112 0.0013 0.0067 0.0006 0.0231 0.9394 0.0017 0.0016 
        014s 15 0.0283 0.0092 0.0011 0.0049 0.0008 0.9446 0.0052 0.0017 0.0041 
        015s 15 0.0204 0.0331 0.0844 0.0009 0.0075 0.8485 0.0013 0.0010 0.0029 
        016s 15 0.0158 0.0202 0.0036 0.0418 0.0642 0.0714 0.7810 0.0013 0.0006 
        017s 15 0.0973 0.0006 0.0018 0.0118 0.0009 0.8787 0.0058 0.0011 0.0020 
        018s 15 0.2096 0.0036 0.0014 0.0022 0.0002 0.2636 0.5174 0.0014 0.0005 
        019s 15 0.3889 0.1179 0.0022 0.0008 0.0003 0.0043 0.4768 0.0009 0.0079 
        020s 15 0.0551 0.0138 0.0005 0.0005 0.0005 0.4361 0.4912 0.0018 0.0005 
        021s 15 0.3569 0.1497 0.0209 0.0017 0.0006 0.4394 0.0236 0.0034 0.0037 
        022s 15 0.7590 0.1035 0.0007 0.0007 0.0007 0.0877 0.0450 0.0021 0.0006 
        023s 15 0.4722 0.0791 0.0293 0.0007 0.0025 0.4033 0.0086 0.0031 0.0011 
        024s 15 0.3272 0.0014 0.0025 0.0004 0.0046 0.6584 0.0040 0.0005 0.0009 
