        001s  1 0.0008 0.0005 0.9983 0.0003 
        002s  1 0.0010 0.0009 0.9951 0.0031 
        003s  1 0.0070 0.0026 0.9895 0.0009 
        004s  1 0.0055 0.0036 0.9575 0.0334 
        005s  1 0.2277 0.0009 0.5594 0.2120 
        006s  1 0.0005 0.0006 0.9975 0.0015 
        007s  1 0.0032 0.0043 0.9919 0.0006 
        008s  1 0.0043 0.0012 0.9932 0.0013 
        009s  1 0.0622 0.0067 0.9251 0.0060 
        010s  1 0.0080 0.0005 0.9906 0.0009 
        011s  1 0.0020 0.0031 0.9927 0.0022 
        012s  1 0.1221 0.0009 0.8682 0.0088 
        013s  1 0.0023 0.0102 0.9574 0.0301 
        014s  1 0.0340 0.0072 0.9571 0.0017 
        015s  1 0.0006 0.0006 0.9984 0.0004 
        016s  1 0.0028 0.0075 0.9890 0.0007 
        018s  1 0.1493 0.0020 0.8468 0.0019 
        019s  1 0.0188 0.0011 0.9797 0.0005 
        020s  1 0.0007 0.0112 0.9878 0.0003 
        021s  1 0.0004 0.0059 0.9814 0.0122 
        022s  1 0.0003 0.0009 0.9985 0.0003 
        023s  1 0.0005 0.0116 0.9873 0.0006 
        024s  1 0.0013 0.0007 0.9967 0.0013 
        025s  1 0.0066 0.0013 0.9894 0.0027 
        026s  1 0.0009 0.0138 0.9843 0.0010 
        027s  1 0.0024 0.0028 0.9842 0.0107 
        028s  1 0.0531 0.0008 0.8890 0.0571 
        029s  1 0.0012 0.0008 0.9975 0.0006 
        030s  1 0.0010 0.0008 0.9940 0.0042 
        031s  1 0.0005 0.0017 0.9976 0.0003 
        032s  1 0.0007 0.0010 0.9977 0.0007 
        033s  1 0.0058 0.0012 0.9921 0.0009 
        034s  1 0.0017 0.0529 0.9446 0.0008 
        035s  1 0.0022 0.0010 0.9948 0.0020 
        036s  1 0.0946 0.0015 0.9026 0.0013 
        037s  1 0.1094 0.0501 0.8295 0.0109 
        038s  1 0.0020 0.0012 0.9960 0.0009 
        039s  1 0.0005 0.0004 0.9711 0.0279 
        040s  1 0.0010 0.0034 0.9912 0.0044 
        041s  1 0.0035 0.0036 0.9926 0.0004 
        042s  1 0.0770 0.0824 0.8399 0.0006 
        043s  1 0.0217 0.0004 0.9767 0.0011 
        044s  1 0.0922 0.0091 0.8804 0.0183 
        045s  1 0.0067 0.0009 0.9910 0.0015 
        046s  1 0.0016 0.0006 0.9973 0.0005 
        047s  1 0.0012 0.0065 0.9920 0.0003 
        048s  1 0.0630 0.0008 0.9360 0.0003 
        049s  1 0.0007 0.0005 0.9977 0.0011 
        050s  1 0.1004 0.0003 0.8972 0.0020 
        051s  1 0.0004 0.0012 0.9977 0.0006 
        052s  1 0.0088 0.0027 0.9804 0.0081 
        053s  1 0.0024 0.0006 0.9965 0.0005 
        054s  1 0.0003 0.0011 0.9940 0.0047 
        055s  1 0.0889 0.0774 0.8326 0.0011 
          01  2 0.1267 0.0032 0.8679 0.0022 
          02  2 0.0212 0.0009 0.9745 0.0035 
          03  2 0.0013 0.0014 0.9963 0.0010 
          04  2 0.0031 0.0155 0.9608 0.0206 
          05  2 0.1292 0.0005 0.8698 0.0004 
          06  2 0.0384 0.0007 0.9590 0.0019 
          07  2 0.0082 0.0009 0.9882 0.0027 
          08  2 0.0860 0.0010 0.9126 0.0004 
          09  2 0.0007 0.0004 0.9985 0.0004 
          10  2 0.0016 0.0005 0.9969 0.0010 
          11  2 0.0120 0.0034 0.9834 0.0012 
          12  2 0.0006 0.0006 0.9977 0.0011 
          13  2 0.0006 0.0007 0.9982 0.0006 
          14  2 0.0003 0.0242 0.9686 0.0069 
          15  2 0.0006 0.0014 0.9972 0.0008 
          16  2 0.0016 0.0049 0.9355 0.0580 
          17  2 0.0025 0.0015 0.9949 0.0011 
          18  2 0.0187 0.0012 0.9763 0.0038 
          19  2 0.0016 0.0048 0.9932 0.0004 
          20  2 0.0582 0.0083 0.9263 0.0073 
          21  2 0.0013 0.0008 0.9975 0.0005 
          22  2 0.0017 0.0084 0.9854 0.0045 
          23  2 0.0015 0.0029 0.9937 0.0019 
          24  2 0.0006 0.0007 0.9979 0.0008 
          25  2 0.0043 0.0014 0.9652 0.0291 
          26  2 0.0012 0.0003 0.9981 0.0004 
          27  2 0.0012 0.0042 0.9642 0.0304 
          28  2 0.0016 0.0049 0.9933 0.0003 
          29  2 0.0008 0.0003 0.9979 0.0009 
          30  2 0.1592 0.0830 0.7570 0.0008 
          01  3 0.4279 0.0111 0.3379 0.2231 
          02  3 0.3383 0.0030 0.1921 0.4666 
          03  3 0.3174 0.0013 0.3643 0.3170 
          04  3 0.4638 0.0014 0.1784 0.3563 
          05  3 0.3830 0.1460 0.0572 0.4138 
          06  3 0.4188 0.0007 0.0774 0.5032 
          07  3 0.3776 0.0004 0.3707 0.2514 
          08  3 0.3737 0.0049 0.2956 0.3258 
          09  3 0.4292 0.0029 0.2966 0.2713 
          10  3 0.1967 0.1323 0.2588 0.4122 
          11  3 0.4142 0.0003 0.2773 0.3083 
          12  3 0.4196 0.0005 0.2638 0.3161 
          13  3 0.4637 0.0004 0.0045 0.5315 
          14  3 0.3373 0.1616 0.0377 0.4634 
          15  3 0.3796 0.0015 0.3399 0.2790 
          16  3 0.3049 0.0036 0.0824 0.6092 
          17  3 0.4211 0.0005 0.3982 0.1803 
          18  3 0.2037 0.2836 0.1804 0.3324 
          19  3 0.3664 0.0036 0.1602 0.4698 
          20  3 0.4556 0.0518 0.1780 0.3145 
          21  3 0.3693 0.0065 0.2423 0.3819 
          22  3 0.4904 0.0020 0.2759 0.2316 
          23  3 0.4090 0.0011 0.2278 0.3621 
          24  3 0.5041 0.0048 0.2051 0.2860 
          25  3 0.3440 0.1759 0.1600 0.3201 
          26  3 0.4384 0.0006 0.2175 0.3436 
          27  3 0.2572 0.1730 0.2000 0.3698 
          28  3 0.4459 0.0002 0.0847 0.4692 
          29  3 0.3933 0.0070 0.1742 0.4255 
          30  3 0.4493 0.0004 0.2978 0.2525 
         001  4 0.9997 0.0001 0.0001 0.0001 
         002  4 0.9993 0.0001 0.0002 0.0003 
         003  4 0.9997 0.0001 0.0001 0.0001 
         004  4 0.9996 0.0001 0.0001 0.0002 
         005  4 0.9996 0.0001 0.0001 0.0002 
         006  4 0.9295 0.0003 0.0004 0.0698 
         007  4 0.9447 0.0006 0.0029 0.0519 
         008  4 0.9954 0.0035 0.0007 0.0004 
         009  4 0.9996 0.0001 0.0001 0.0002 
         010  4 0.9971 0.0001 0.0001 0.0027 
         011  4 0.9500 0.0346 0.0006 0.0149 
         012  4 0.9997 0.0001 0.0001 0.0001 
         013  4 0.9997 0.0001 0.0001 0.0001 
         014  4 0.9995 0.0002 0.0002 0.0001 
         015  4 0.9998 0.0001 0.0001 0.0001 
         016  4 0.9997 0.0001 0.0001 0.0001 
         017  4 0.9996 0.0001 0.0001 0.0002 
         019  4 0.9187 0.0004 0.0003 0.0806 
         020  4 0.9995 0.0001 0.0002 0.0002 
         021  4 0.9933 0.0004 0.0004 0.0059 
         001  5 0.9669 0.0322 0.0006 0.0003 
         002  5 0.9602 0.0029 0.0365 0.0004 
         003  5 0.7577 0.0018 0.1680 0.0726 
         004  5 0.9391 0.0040 0.0565 0.0005 
         005  5 0.9983 0.0005 0.0003 0.0009 
         006  5 0.9008 0.0002 0.0005 0.0986 
         007  5 0.9150 0.0003 0.0002 0.0845 
         008  5 0.9973 0.0001 0.0002 0.0023 
         009  5 0.9329 0.0011 0.0637 0.0022 
         010  5 0.9286 0.0023 0.0026 0.0664 
         011  5 0.9953 0.0027 0.0013 0.0006 
         012  5 0.8714 0.0029 0.0494 0.0762 
         013  5 0.7562 0.0006 0.1927 0.0505 
         014  5 0.7093 0.0206 0.1761 0.0941 
         015  5 0.9785 0.0002 0.0002 0.0211 
         016  5 0.9409 0.0003 0.0026 0.0562 
         017  5 0.8879 0.0003 0.0326 0.0793 
         018  5 0.8808 0.0210 0.0700 0.0282 
         019  5 0.9977 0.0017 0.0005 0.0002 
         020  5 0.9996 0.0001 0.0001 0.0001 
         021  5 0.8637 0.0053 0.1306 0.0004 
         022  5 0.9301 0.0415 0.0255 0.0029 
         023  5 0.9717 0.0028 0.0027 0.0228 
         024  5 0.8953 0.0006 0.0394 0.0647 
         025  5 0.8970 0.0009 0.0321 0.0699 
         026  5 0.8435 0.0003 0.1440 0.0122 
         027  5 0.9994 0.0001 0.0002 0.0002 
         028  5 0.9310 0.0086 0.0112 0.0492 
         029  5 0.9978 0.0002 0.0004 0.0016 
         030  5 0.9965 0.0014 0.0010 0.0010 
        001s  6 0.0013 0.0230 0.9458 0.0299 
        002s  6 0.0497 0.0012 0.9484 0.0007 
        003s  6 0.0208 0.0021 0.9766 0.0005 
        004s  6 0.0005 0.0007 0.9983 0.0005 
        006s  6 0.0631 0.0118 0.9104 0.0148 
        007s  6 0.0006 0.0006 0.9958 0.0030 
        008s  6 0.0034 0.0064 0.9894 0.0008 
        009s  6 0.0004 0.0010 0.9980 0.0006 
        010s  6 0.0123 0.0171 0.9627 0.0079 
        011s  6 0.0007 0.0019 0.9945 0.0030 
        012s  6 0.0005 0.0017 0.9924 0.0054 
        013s  6 0.0015 0.0004 0.9974 0.0007 
        014s  6 0.0845 0.0004 0.9145 0.0005 
        015s  6 0.0109 0.0083 0.9710 0.0097 
        016s  6 0.0005 0.0011 0.9970 0.0013 
        018s  6 0.2674 0.0015 0.7290 0.0020 
        019s  6 0.0102 0.0040 0.9839 0.0019 
        020s  6 0.0003 0.0007 0.9980 0.0009 
        021s  6 0.0015 0.0050 0.9754 0.0181 
        022s  6 0.0013 0.0050 0.9934 0.0003 
        023s  6 0.0326 0.0010 0.9658 0.0006 
        024s  6 0.0323 0.0014 0.9642 0.0022 
        025s  6 0.0019 0.0720 0.9249 0.0012 
        026s  6 0.0007 0.0004 0.9981 0.0007 
        027s  6 0.0012 0.0007 0.9975 0.0005 
        028s  6 0.0206 0.0134 0.9539 0.0121 
        029s  6 0.0004 0.0015 0.9977 0.0004 
        030s  6 0.0724 0.0095 0.9172 0.0009 
        031s  6 0.0019 0.0006 0.9934 0.0042 
        032s  6 0.0080 0.0009 0.9887 0.0025 
        033s  6 0.0946 0.0012 0.9039 0.0003 
        034s  6 0.0016 0.0171 0.9789 0.0024 
        035s  6 0.1508 0.0011 0.8475 0.0005 
        036s  6 0.0008 0.0012 0.9902 0.0078 
        037s  6 0.0013 0.0019 0.9959 0.0009 
        038s  6 0.0004 0.0009 0.9961 0.0026 
        039s  6 0.0004 0.0008 0.9985 0.0004 
        040s  6 0.0004 0.0005 0.9962 0.0030 
        041s  6 0.0528 0.0027 0.9443 0.0002 
        042s  6 0.0113 0.0560 0.9319 0.0009 
        043s  6 0.0009 0.0097 0.9883 0.0012 
        044s  6 0.0009 0.0010 0.9976 0.0005 
        045s  6 0.0063 0.0029 0.9902 0.0006 
        001s  7 0.0017 0.0012 0.9965 0.0006 
        002s  7 0.0235 0.0023 0.9725 0.0017 
        003s  7 0.0019 0.0013 0.9946 0.0021 
        004s  7 0.0011 0.0008 0.9940 0.0042 
        005s  7 0.0126 0.0026 0.9825 0.0024 
        006s  7 0.0613 0.0054 0.9319 0.0014 
        007s  7 0.0066 0.0027 0.9831 0.0075 
        008s  7 0.0284 0.0014 0.9698 0.0004 
        009s  7 0.0031 0.0118 0.9828 0.0023 
        010s  7 0.0021 0.0016 0.9960 0.0003 
        011s  7 0.0005 0.0010 0.9979 0.0006 
        012s  7 0.0005 0.0009 0.9980 0.0005 
        013s  7 0.0005 0.0072 0.9832 0.0091 
        014s  7 0.0397 0.0003 0.9593 0.0007 
        015s  7 0.0157 0.0012 0.9813 0.0018 
        016s  7 0.1166 0.0027 0.8805 0.0002 
        017s  7 0.0016 0.0008 0.9969 0.0008 
        018s  7 0.0030 0.0008 0.9955 0.0007 
        019s  7 0.0018 0.0166 0.9801 0.0015 
        020s  7 0.0007 0.0005 0.9968 0.0020 
        021s  7 0.0022 0.0010 0.9962 0.0007 
        022s  7 0.0027 0.0010 0.9928 0.0036 
        023s  7 0.0086 0.0254 0.9648 0.0011 
        024s  7 0.0014 0.0007 0.9971 0.0008 
        025s  7 0.0012 0.0013 0.9911 0.0063 
        026s  7 0.0027 0.0013 0.9957 0.0004 
        027s  7 0.0015 0.0006 0.9969 0.0010 
        028s  7 0.0072 0.0005 0.9913 0.0010 
        029s  7 0.0098 0.0029 0.9864 0.0010 
        030s  7 0.0003 0.0046 0.9942 0.0008 
        031s  7 0.0024 0.0137 0.9824 0.0015 
        032s  7 0.1017 0.0005 0.8975 0.0004 
        033s  7 0.0421 0.0018 0.9553 0.0007 
        034s  7 0.0013 0.0010 0.9532 0.0445 
        035s  7 0.0006 0.0012 0.9977 0.0005 
        036s  7 0.0006 0.0109 0.9846 0.0039 
        037s  7 0.0616 0.0048 0.9238 0.0098 
        038s  7 0.0146 0.0014 0.9832 0.0007 
        039s  7 0.0005 0.0004 0.9988 0.0003 
        040s  7 0.0155 0.0009 0.9503 0.0333 
        041s  7 0.0309 0.0019 0.9666 0.0007 
        042s  7 0.0082 0.0003 0.9907 0.0008 
        043s  7 0.0013 0.0032 0.9952 0.0003 
        044s  7 0.0545 0.0337 0.8946 0.0173 
         003  8 0.0047 0.0011 0.9926 0.0017 
         009  8 0.0015 0.0017 0.9962 0.0006 
         010  8 0.0004 0.0024 0.9969 0.0002 
         017  8 0.0008 0.0047 0.9938 0.0008 
         002  9 0.0004 0.0015 0.9972 0.0009 
         003  9 0.0002 0.0005 0.9989 0.0004 
         004  9 0.0005 0.0012 0.9981 0.0002 
         005  9 0.0004 0.0053 0.9930 0.0013 
         006  9 0.0010 0.0018 0.9962 0.0011 
         007  9 0.0036 0.0015 0.9946 0.0003 
         009  9 0.0015 0.0026 0.9956 0.0003 
         010  9 0.0003 0.0020 0.9971 0.0006 
         013  9 0.0012 0.0020 0.9961 0.0007 
         014  9 0.0004 0.0024 0.9969 0.0002 
         016  9 0.0002 0.0008 0.9988 0.0002 
         018  9 0.0010 0.0016 0.9961 0.0012 
         019  9 0.0008 0.0007 0.9977 0.0008 
         020  9 0.0005 0.0003 0.9988 0.0004 
         021  9 0.0005 0.0008 0.9985 0.0002 
         022  9 0.0003 0.0007 0.9984 0.0006 
         024  9 0.0006 0.0049 0.9940 0.0005 
         028  9 0.0005 0.0020 0.9966 0.0009 
         029  9 0.0003 0.0007 0.9986 0.0004 
         030  9 0.0005 0.0016 0.9976 0.0004 
         031  9 0.0018 0.0004 0.9973 0.0004 
         033  9 0.0075 0.0012 0.9909 0.0005 
         001 10 0.0005 0.0004 0.9986 0.0006 
         002 10 0.0004 0.0009 0.9985 0.0002 
         003 10 0.0005 0.0181 0.9807 0.0008 
         004 10 0.0004 0.0027 0.9966 0.0003 
         005 10 0.0004 0.0011 0.9980 0.0005 
         006 10 0.0012 0.0008 0.9975 0.0005 
         007 10 0.0006 0.0025 0.9965 0.0004 
         008 10 0.0008 0.0052 0.9933 0.0007 
         009 10 0.0006 0.0006 0.9973 0.0015 
         010 10 0.0005 0.0011 0.9979 0.0005 
         011 10 0.0005 0.0382 0.9605 0.0008 
         012 10 0.0007 0.0030 0.9949 0.0015 
         013 10 0.0003 0.0008 0.9959 0.0029 
         014 10 0.0006 0.0010 0.9976 0.0008 
         016 10 0.0007 0.0012 0.9968 0.0012 
         017 10 0.0006 0.0011 0.9975 0.0008 
         018 10 0.0063 0.0009 0.9919 0.0008 
         019 10 0.0006 0.0016 0.9974 0.0005 
         020 10 0.0011 0.0023 0.9955 0.0011 
         021 10 0.0011 0.0004 0.9982 0.0003 
         022 10 0.0004 0.0009 0.9982 0.0006 
         023 10 0.0003 0.0011 0.9980 0.0006 
         024 10 0.0004 0.0026 0.9968 0.0002 
         026 10 0.0006 0.0007 0.9983 0.0005 
        001s 11 0.0912 0.0119 0.8964 0.0005 
        002s 11 0.0006 0.0023 0.9894 0.0076 
        003s 11 0.0076 0.0006 0.9913 0.0006 
        004s 11 0.0004 0.0014 0.9964 0.0018 
        005s 11 0.0020 0.0006 0.9969 0.0005 
        006s 11 0.0013 0.0031 0.9838 0.0117 
        007s 11 0.0170 0.0010 0.9429 0.0390 
        008s 11 0.0007 0.0005 0.9984 0.0004 
        009s 11 0.0005 0.0005 0.9985 0.0005 
        010s 11 0.0017 0.0011 0.9967 0.0004 
        011s 11 0.1098 0.0154 0.8695 0.0053 
        012s 11 0.1122 0.0005 0.8869 0.0004 
        013s 11 0.0013 0.0012 0.9970 0.0006 
        014s 11 0.0067 0.0013 0.9840 0.0081 
        015s 11 0.0022 0.0049 0.9910 0.0019 
        016s 11 0.0478 0.0569 0.8949 0.0004 
        017s 11 0.0905 0.0025 0.9064 0.0006 
        018s 11 0.0068 0.0012 0.9905 0.0015 
        019s 11 0.0008 0.0250 0.9733 0.0009 
        020s 11 0.0017 0.0017 0.9955 0.0011 
        021s 11 0.0006 0.0013 0.9974 0.0007 
        022s 11 0.0016 0.0005 0.9630 0.0349 
        023s 11 0.0550 0.0174 0.9272 0.0004 
        025s 11 0.0004 0.0012 0.9979 0.0005 
        026s 11 0.0315 0.0538 0.9141 0.0007 
        027s 11 0.0008 0.0007 0.9958 0.0027 
        028s 11 0.0084 0.0012 0.9891 0.0013 
        029s 11 0.0551 0.0003 0.9441 0.0004 
        030s 11 0.0516 0.0009 0.9463 0.0013 
        031s 11 0.0005 0.0004 0.9978 0.0013 
        032s 11 0.0012 0.0036 0.9948 0.0004 
        033s 11 0.0054 0.0010 0.9929 0.0007 
        034s 11 0.0011 0.0005 0.9963 0.0022 
        035s 11 0.0038 0.0005 0.9943 0.0015 
        036s 11 0.0185 0.0005 0.9791 0.0018 
        037s 11 0.0032 0.0017 0.9947 0.0004 
        038s 11 0.0027 0.0009 0.9955 0.0009 
        039s 11 0.0018 0.0010 0.9969 0.0003 
        040s 11 0.0730 0.0009 0.9222 0.0040 
        041s 11 0.0012 0.0044 0.9926 0.0018 
        042s 11 0.0009 0.0096 0.9885 0.0010 
        043s 11 0.0387 0.0209 0.9395 0.0009 
        044s 11 0.0005 0.0051 0.9889 0.0055 
        045s 11 0.0005 0.0112 0.9857 0.0026 
        046s 11 0.0279 0.0358 0.9348 0.0015 
        047s 11 0.0007 0.0015 0.9960 0.0018 
        048s 11 0.0050 0.0404 0.9521 0.0025 
        049s 11 0.0013 0.0018 0.9963 0.0006 
        050s 11 0.0004 0.0014 0.9966 0.0017 
        051s 11 0.0006 0.0506 0.9259 0.0230 
        052s 11 0.0021 0.0023 0.9925 0.0031 
        053s 11 0.0005 0.0010 0.9981 0.0004 
        054s 11 0.0009 0.0008 0.9896 0.0086 
        055s 11 0.0700 0.0003 0.9286 0.0010 
        001s 12 0.0014 0.0011 0.9917 0.0058 
        002s 12 0.0009 0.0010 0.9976 0.0005 
        003s 12 0.0004 0.0004 0.9983 0.0008 
        004s 12 0.0561 0.0056 0.9377 0.0006 
        005s 12 0.0006 0.0009 0.9978 0.0007 
        006s 12 0.0362 0.0016 0.9590 0.0031 
        007s 12 0.0015 0.0018 0.9952 0.0016 
        008s 12 0.0110 0.0008 0.9864 0.0017 
        009s 12 0.0252 0.0064 0.9669 0.0014 
        010s 12 0.0085 0.0005 0.9565 0.0346 
        011s 12 0.0015 0.0009 0.9950 0.0026 
        012s 12 0.0016 0.0040 0.9857 0.0087 
        013s 12 0.0008 0.0406 0.9582 0.0004 
        014s 12 0.0016 0.0461 0.9113 0.0410 
        015s 12 0.0060 0.0012 0.9920 0.0008 
        016s 12 0.0006 0.0059 0.9928 0.0007 
        017s 12 0.0043 0.0012 0.9934 0.0011 
        018s 12 0.0029 0.0018 0.9951 0.0003 
        019s 12 0.0038 0.0006 0.9951 0.0005 
        020s 12 0.0817 0.0009 0.9168 0.0006 
        021s 12 0.0030 0.0023 0.9941 0.0007 
        022s 12 0.0455 0.0045 0.9483 0.0017 
        023s 12 0.0004 0.0012 0.9980 0.0004 
        024s 12 0.0009 0.0007 0.9980 0.0004 
        025s 12 0.0034 0.0012 0.9922 0.0033 
        026s 12 0.0315 0.0013 0.9663 0.0009 
        027s 12 0.0031 0.0005 0.9952 0.0012 
        028s 12 0.0022 0.0043 0.9930 0.0005 
        029s 12 0.0007 0.0011 0.9977 0.0005 
        030s 12 0.0010 0.0006 0.9969 0.0014 
        031s 12 0.0043 0.0036 0.9907 0.0014 
        032s 12 0.0006 0.0011 0.9978 0.0005 
        033s 12 0.0012 0.0005 0.9893 0.0090 
        034s 12 0.0003 0.0004 0.9988 0.0005 
        035s 12 0.0147 0.0006 0.9836 0.0011 
        036s 12 0.0038 0.0010 0.9856 0.0096 
        037s 12 0.0012 0.0011 0.9973 0.0004 
        001s 13 0.0120 0.0026 0.9848 0.0007 
        002s 13 0.0896 0.0006 0.9094 0.0005 
        003s 13 0.0011 0.0013 0.9971 0.0004 
        004s 13 0.0009 0.0033 0.9953 0.0004 
        005s 13 0.0034 0.0029 0.9867 0.0070 
        006s 13 0.0009 0.0005 0.9968 0.0018 
        007s 13 0.0010 0.0018 0.9610 0.0362 
        008s 13 0.0586 0.0007 0.9392 0.0015 
        009s 13 0.1287 0.0011 0.8679 0.0023 
        010s 13 0.0695 0.0009 0.9286 0.0010 
        011s 13 0.0075 0.0032 0.9629 0.0264 
        012s 13 0.0528 0.0198 0.9254 0.0019 
        013s 13 0.0266 0.0072 0.9528 0.0134 
        014s 13 0.0008 0.0064 0.9560 0.0368 
        015s 13 0.0058 0.0094 0.9840 0.0009 
        016s 13 0.0005 0.0012 0.9977 0.0005 
        017s 13 0.0143 0.0008 0.9704 0.0145 
        018s 13 0.0006 0.0008 0.9983 0.0004 
        019s 13 0.0007 0.0012 0.9963 0.0019 
        020s 13 0.0025 0.0005 0.9927 0.0044 
        021s 13 0.0009 0.0017 0.9970 0.0004 
        022s 13 0.0017 0.0011 0.9963 0.0009 
        023s 13 0.0014 0.0004 0.9978 0.0004 
        024s 13 0.0230 0.0411 0.9307 0.0052 
        025s 13 0.0012 0.0027 0.9955 0.0006 
        026s 13 0.0905 0.0071 0.8943 0.0081 
        027s 13 0.0474 0.0019 0.9492 0.0016 
        028s 13 0.0119 0.0045 0.9717 0.0118 
        029s 13 0.0224 0.0018 0.9746 0.0012 
        030s 13 0.0736 0.0238 0.9021 0.0005 
        031s 13 0.0040 0.1027 0.8901 0.0032 
        032s 13 0.0008 0.0005 0.9960 0.0028 
        033s 13 0.0053 0.0008 0.9537 0.0403 
        034s 13 0.0515 0.0011 0.9440 0.0034 
        035s 13 0.0007 0.0052 0.9934 0.0007 
        036s 13 0.0032 0.0005 0.9957 0.0006 
        037s 13 0.0005 0.0020 0.9968 0.0007 
        038s 13 0.0015 0.0014 0.9953 0.0018 
        039s 13 0.1021 0.0758 0.8207 0.0013 
        040s 13 0.0012 0.0012 0.9965 0.0011 
        041s 13 0.0540 0.0023 0.9387 0.0050 
        042s 13 0.0007 0.0011 0.9971 0.0012 
        001s 14 0.0373 0.0009 0.9608 0.0010 
        002s 14 0.0652 0.0017 0.9308 0.0023 
        003s 14 0.0008 0.0008 0.9978 0.0006 
        004s 14 0.0114 0.0039 0.9765 0.0082 
        005s 14 0.0004 0.0007 0.9986 0.0003 
        006s 14 0.0005 0.0004 0.9985 0.0007 
        007s 14 0.0009 0.0019 0.9962 0.0010 
        008s 14 0.1016 0.0029 0.8929 0.0027 
        009s 14 0.0024 0.0011 0.9955 0.0009 
        010s 14 0.0585 0.0013 0.9396 0.0006 
        011s 14 0.0070 0.0010 0.9570 0.0350 
        012s 14 0.0008 0.0019 0.9956 0.0017 
        013s 14 0.0010 0.0065 0.9891 0.0034 
        014s 14 0.0405 0.0007 0.9582 0.0006 
        015s 14 0.0009 0.0035 0.9950 0.0006 
        016s 14 0.0018 0.0137 0.9841 0.0004 
        017s 14 0.0528 0.0007 0.9319 0.0146 
        018s 14 0.0009 0.0018 0.9967 0.0006 
        019s 14 0.0014 0.0009 0.9956 0.0021 
        020s 14 0.0010 0.0014 0.9972 0.0003 
        021s 14 0.0058 0.0006 0.9932 0.0004 
        022s 14 0.0065 0.0017 0.9885 0.0033 
        023s 14 0.0051 0.0040 0.9898 0.0011 
        024s 14 0.0585 0.0014 0.9381 0.0020 
        025s 14 0.0645 0.0005 0.9348 0.0003 
        026s 14 0.0008 0.0011 0.9978 0.0003 
        027s 14 0.0032 0.0037 0.9924 0.0007 
        028s 14 0.0008 0.0011 0.9953 0.0028 
        029s 14 0.0004 0.0013 0.9980 0.0003 
        030s 14 0.0009 0.0004 0.9843 0.0144 
        031s 14 0.0006 0.0015 0.9807 0.0173 
        032s 14 0.0010 0.0033 0.9945 0.0012 
        033s 14 0.0008 0.0008 0.9452 0.0533 
        034s 14 0.0004 0.0008 0.9984 0.0004 
        035s 14 0.0803 0.0006 0.8354 0.0836 
        036s 14 0.0730 0.0045 0.8852 0.0373 
        037s 14 0.0016 0.0035 0.9944 0.0004 
        038s 14 0.0009 0.0004 0.9978 0.0009 
        039s 14 0.0026 0.0073 0.9876 0.0025 
        040s 14 0.0129 0.0013 0.9851 0.0007 
        041s 14 0.0010 0.0007 0.9971 0.0012 
        042s 14 0.0750 0.0013 0.9231 0.0006 
        001s 15 0.0009 0.0015 0.9971 0.0005 
        002s 15 0.0959 0.0166 0.8845 0.0029 
        003s 15 0.0130 0.0093 0.9769 0.0008 
        004s 15 0.0008 0.0003 0.9984 0.0005 
        005s 15 0.0127 0.0072 0.9774 0.0027 
        006s 15 0.0177 0.0015 0.9789 0.0019 
        007s 15 0.0004 0.0005 0.9986 0.0005 
        008s 15 0.0006 0.0006 0.9983 0.0005 
        009s 15 0.0288 0.0426 0.9236 0.0050 
        010s 15 0.0010 0.0015 0.9971 0.0004 
        011s 15 0.0013 0.0015 0.9307 0.0665 
        012s 15 0.0034 0.0034 0.9915 0.0017 
        013s 15 0.0012 0.0013 0.9971 0.0004 
        014s 15 0.0023 0.0061 0.9906 0.0011 
        015s 15 0.0794 0.0078 0.9104 0.0024 
        016s 15 0.0067 0.0004 0.9272 0.0657 
        017s 15 0.0022 0.0033 0.9937 0.0009 
        018s 15 0.0040 0.0005 0.9952 0.0002 
        019s 15 0.0092 0.0054 0.9848 0.0005 
        020s 15 0.0006 0.0007 0.9980 0.0007 
        021s 15 0.0803 0.0023 0.9162 0.0012 
        022s 15 0.0010 0.0005 0.9959 0.0026 
        023s 15 0.0321 0.0010 0.9634 0.0035 
        024s 15 0.0017 0.0009 0.9954 0.0020 
        025s 15 0.0064 0.0313 0.9607 0.0016 
        026s 15 0.0015 0.0290 0.9682 0.0013 
        027s 15 0.0043 0.0010 0.9853 0.0095 
        028s 15 0.0005 0.0018 0.9960 0.0017 
        029s 15 0.0007 0.0016 0.9964 0.0013 
        030s 15 0.0004 0.0009 0.9982 0.0004 
        031s 15 0.0663 0.0097 0.9224 0.0016 
        032s 15 0.0006 0.0024 0.9967 0.0003 
        033s 15 0.0654 0.0002 0.9334 0.0010 
        035s 15 0.0021 0.0009 0.9940 0.0030 
        036s 15 0.0009 0.0067 0.9909 0.0014 
        037s 15 0.0013 0.0011 0.9868 0.0107 
        038s 15 0.0039 0.0005 0.9944 0.0012 
        039s 15 0.0793 0.0004 0.9200 0.0003 
        040s 15 0.0041 0.0008 0.9925 0.0026 
        041s 15 0.0709 0.0046 0.9176 0.0068 
        042s 15 0.0066 0.0009 0.9920 0.0005 
        043s 15 0.0114 0.0019 0.9852 0.0015 
        044s 15 0.0072 0.0010 0.9910 0.0009 
        045s 15 0.0027 0.0796 0.8854 0.0324 
        046s 15 0.0204 0.0015 0.9721 0.0061 
        047s 15 0.0296 0.0007 0.9678 0.0019 
        048s 15 0.0006 0.0191 0.9796 0.0007 
        049s 15 0.0148 0.0007 0.9826 0.0020 
        050s 15 0.1358 0.0022 0.8613 0.0007 
         001 16 0.1697 0.0009 0.8158 0.0136 
         002 16 0.0487 0.0008 0.9493 0.0011 
         003 16 0.0038 0.0025 0.9861 0.0075 
         004 16 0.0012 0.0018 0.9959 0.0011 
         005 16 0.0483 0.0296 0.9146 0.0076 
         006 16 0.0159 0.0191 0.9629 0.0020 
         007 16 0.0050 0.0017 0.9923 0.0010 
         008 16 0.1443 0.0005 0.8490 0.0062 
         009 16 0.0028 0.0004 0.9964 0.0004 
         010 16 0.0268 0.0012 0.9715 0.0005 
         011 16 0.0087 0.0023 0.9875 0.0015 
         012 16 0.0010 0.0013 0.9952 0.0026 
         013 16 0.0006 0.0007 0.9977 0.0011 
         014 16 0.0359 0.0004 0.9623 0.0013 
         015 16 0.0003 0.3696 0.6282 0.0020 
         016 16 0.0016 0.0180 0.9801 0.0003 
         017 16 0.0073 0.0013 0.9827 0.0087 
         018 16 0.0375 0.0342 0.9255 0.0028 
         019 16 0.0621 0.0006 0.9319 0.0054 
         020 16 0.0003 0.0009 0.9978 0.0009 
         021 16 0.0959 0.0009 0.8680 0.0353 
         022 16 0.0344 0.0019 0.9633 0.0003 
         023 16 0.0356 0.0094 0.9545 0.0006 
         024 16 0.0077 0.0282 0.9636 0.0005 
         025 16 0.0508 0.0027 0.9284 0.0181 
         026 16 0.1108 0.0031 0.8851 0.0009 
         027 16 0.0164 0.0018 0.9814 0.0004 
         028 16 0.1492 0.0003 0.8253 0.0253 
         029 16 0.0016 0.0010 0.9565 0.0409 
         030 16 0.0007 0.0005 0.9907 0.0080 
         031 16 0.0016 0.0007 0.9966 0.0011 
         032 16 0.0905 0.0061 0.9024 0.0010 
         033 16 0.0006 0.0003 0.9981 0.0009 
         034 16 0.0033 0.0017 0.9913 0.0037 
         035 16 0.0003 0.0003 0.9987 0.0007 
         036 16 0.0009 0.0020 0.9967 0.0005 
         037 16 0.0238 0.0035 0.9574 0.0153 
         038 16 0.0025 0.0080 0.9885 0.0011 
         039 16 0.0022 0.0006 0.9968 0.0004 
         040 16 0.0008 0.0024 0.9950 0.0018 
         041 16 0.0008 0.0017 0.9967 0.0008 
         042 16 0.0016 0.0010 0.9964 0.0010 
         043 16 0.0010 0.0010 0.9973 0.0006 
         044 16 0.0070 0.0012 0.9907 0.0010 
         045 16 0.0027 0.0003 0.9900 0.0070 
         047 16 0.0031 0.0009 0.9561 0.0398 
         048 16 0.0026 0.0008 0.9909 0.0057 
         049 16 0.0006 0.0043 0.9916 0.0035 
         050 16 0.0005 0.0004 0.9982 0.0010 
         051 16 0.0011 0.0007 0.9965 0.0017 
         052 16 0.0003 0.0009 0.9983 0.0005 
         053 16 0.0004 0.0007 0.9978 0.0011 
         054 16 0.0690 0.0007 0.9296 0.0008 
         055 16 0.0090 0.0005 0.9355 0.0550 
         056 16 0.0018 0.0090 0.9887 0.0005 
         057 16 0.0936 0.0002 0.9057 0.0005 
         058 16 0.0925 0.0126 0.8889 0.0060 
         059 16 0.0859 0.0883 0.8146 0.0112 
         060 16 0.0033 0.0124 0.9835 0.0008 
         061 16 0.0019 0.0018 0.9952 0.0011 
         062 16 0.0007 0.0005 0.9885 0.0102 
         063 16 0.0036 0.0009 0.9948 0.0007 
         064 16 0.0004 0.0024 0.9966 0.0006 
         065 16 0.0016 0.0032 0.9923 0.0030 
         066 16 0.0004 0.0008 0.9983 0.0005 
         067 16 0.0009 0.0790 0.9157 0.0044 
         068 16 0.0048 0.0327 0.9613 0.0012 
         069 16 0.0008 0.0006 0.9979 0.0007 
         070 16 0.0062 0.0008 0.9920 0.0010 
         071 16 0.0749 0.0005 0.9084 0.0163 
         072 16 0.0065 0.0017 0.9909 0.0009 
         073 16 0.0013 0.0004 0.9953 0.0030 
         074 16 0.0004 0.0004 0.9984 0.0009 
         075 16 0.0245 0.0008 0.9687 0.0060 
         076 16 0.0009 0.0004 0.9978 0.0008 
         077 16 0.0231 0.0593 0.9113 0.0064 
         078 16 0.0375 0.0021 0.9597 0.0007 
         079 16 0.0903 0.0018 0.9033 0.0046 
         080 16 0.0054 0.0014 0.9929 0.0003 
         081 16 0.0082 0.0004 0.9521 0.0393 
         082 16 0.0165 0.0004 0.9692 0.0140 
         083 16 0.0006 0.0021 0.9961 0.0012 
         084 16 0.0024 0.0017 0.9936 0.0024 
         085 16 0.0013 0.0119 0.9861 0.0007 
         086 16 0.1099 0.0007 0.8841 0.0053 
         087 16 0.0215 0.0003 0.9764 0.0018 
         088 16 0.0012 0.0026 0.9959 0.0003 
         089 16 0.0014 0.0011 0.9889 0.0086 
         090 16 0.0084 0.0006 0.9902 0.0008 
         091 16 0.0009 0.0007 0.9968 0.0016 
         092 16 0.0415 0.0009 0.9565 0.0010 
         093 16 0.0013 0.0006 0.9975 0.0006 
         094 16 0.0048 0.0446 0.9493 0.0014 
         095 16 0.0008 0.0005 0.9984 0.0003 
         096 16 0.0016 0.0038 0.9669 0.0277 
         097 16 0.0117 0.0084 0.8925 0.0874 
         098 16 0.0012 0.0056 0.9926 0.0006 
         099 16 0.0007 0.0074 0.9915 0.0005 
         100 16 0.0013 0.0025 0.9958 0.0005 
         101 16 0.0426 0.0043 0.9525 0.0007 
         102 16 0.0020 0.0017 0.9942 0.0020 
         103 16 0.0016 0.0034 0.9925 0.0025 
         104 16 0.0039 0.0038 0.9916 0.0007 
         105 16 0.0769 0.0053 0.8897 0.0280 
         106 16 0.0024 0.0030 0.9941 0.0005 
         107 16 0.0203 0.0077 0.9714 0.0006 
         108 16 0.1252 0.1710 0.7026 0.0012 
         109 16 0.0158 0.0007 0.9775 0.0059 
         110 16 0.0003 0.0017 0.9973 0.0006 
         111 16 0.0621 0.0012 0.9361 0.0006 
         112 16 0.0477 0.0013 0.9503 0.0007 
         113 16 0.0545 0.0015 0.9383 0.0057 
         114 16 0.0200 0.0020 0.9774 0.0006 
         115 16 0.0004 0.0009 0.9973 0.0014 
         116 16 0.0191 0.0012 0.9788 0.0009 
         117 16 0.0096 0.0010 0.9846 0.0048 
         118 16 0.0048 0.0152 0.9796 0.0004 
         119 16 0.0022 0.0016 0.9949 0.0013 
         120 16 0.0004 0.0008 0.9777 0.0211 
         121 16 0.0008 0.0354 0.9548 0.0091 
         122 16 0.0004 0.0005 0.9985 0.0007 
         123 16 0.0053 0.0007 0.9927 0.0013 
         124 16 0.0132 0.0020 0.9839 0.0009 
         126 16 0.1635 0.0024 0.8336 0.0005 
         001 17 0.0010 0.0008 0.9953 0.0029 
         002 17 0.0036 0.0006 0.9952 0.0006 
         003 17 0.0008 0.0006 0.9980 0.0006 
         005 17 0.0003 0.0005 0.9984 0.0008 
         006 17 0.0019 0.0006 0.9443 0.0532 
         007 17 0.1209 0.0231 0.8443 0.0117 
         008 17 0.1077 0.0006 0.8781 0.0136 
         009 17 0.0003 0.0005 0.9987 0.0006 
         010 17 0.0006 0.0015 0.9966 0.0012 
         011 17 0.1358 0.3796 0.4831 0.0015 
         012 17 0.0051 0.0023 0.9919 0.0007 
         013 17 0.0004 0.0004 0.9989 0.0004 
         014 17 0.0005 0.0005 0.9986 0.0004 
         015 17 0.0011 0.0004 0.9933 0.0052 
         016 17 0.0008 0.0007 0.9975 0.0009 
         017 17 0.0015 0.0012 0.9943 0.0030 
         018 17 0.0382 0.0006 0.9588 0.0024 
         019 17 0.0009 0.0010 0.9979 0.0002 
         020 17 0.0011 0.0009 0.9969 0.0011 
         021 17 0.0003 0.0011 0.9975 0.0011 
         022 17 0.0399 0.0015 0.9507 0.0080 
         023 17 0.0118 0.0007 0.9870 0.0005 
         024 17 0.0240 0.0041 0.9290 0.0428 
         025 17 0.0006 0.0005 0.9982 0.0008 
         002 18 0.0002 0.0025 0.9964 0.0009 
         003 18 0.0003 0.0014 0.9980 0.0003 
         004 18 0.0619 0.0011 0.9365 0.0006 
         005 18 0.0056 0.0404 0.9529 0.0010 
         006 18 0.0005 0.0011 0.9982 0.0003 
         007 18 0.0015 0.0004 0.9931 0.0049 
         008 18 0.0003 0.0025 0.9960 0.0012 
         009 18 0.0118 0.0024 0.9808 0.0050 
         010 18 0.0005 0.0106 0.9857 0.0032 
         011 18 0.0010 0.0022 0.9960 0.0007 
         012 18 0.0227 0.0030 0.9733 0.0010 
         015 18 0.0019 0.0021 0.9953 0.0007 
         016 18 0.0025 0.0004 0.9929 0.0043 
         018 18 0.0004 0.0084 0.9907 0.0005 
         026 18 0.0005 0.0008 0.9833 0.0154 
         027 18 0.0003 0.0014 0.9978 0.0005 
         028 18 0.0025 0.0004 0.9963 0.0009 
         029 18 0.0013 0.0005 0.9974 0.0008 
         031 18 0.0744 0.0812 0.8414 0.0030 
         032 18 0.0005 0.0005 0.9984 0.0006 
         033 18 0.0015 0.0010 0.9969 0.0006 
         035 18 0.0020 0.0008 0.9967 0.0005 
         036 18 0.0008 0.0098 0.9887 0.0007 
         037 18 0.0014 0.0138 0.9699 0.0150 
         038 18 0.0046 0.0054 0.9664 0.0236 
         039 18 0.0004 0.0013 0.9977 0.0006 
         044 18 0.1167 0.0008 0.8713 0.0113 
         046 18 0.0036 0.0381 0.9580 0.0003 
         049 18 0.0009 0.0004 0.9981 0.0006 
         053 18 0.0029 0.0007 0.9956 0.0008 
         054 18 0.0013 0.0010 0.9806 0.0171 
         056 18 0.0674 0.0026 0.9296 0.0004 
         057 18 0.0004 0.0046 0.9906 0.0043 
         058 18 0.0019 0.0042 0.9932 0.0007 
        001s 19 0.0722 0.0013 0.9252 0.0013 
        002s 19 0.0086 0.0012 0.9898 0.0004 
        003s 19 0.0378 0.0003 0.9614 0.0005 
        004s 19 0.0014 0.0312 0.9663 0.0011 
        005s 19 0.0072 0.0776 0.8913 0.0239 
        006s 19 0.0012 0.0019 0.9951 0.0018 
        007s 19 0.0029 0.0200 0.9534 0.0237 
        008s 19 0.0462 0.0170 0.9351 0.0017 
        009s 19 0.0018 0.0027 0.9943 0.0011 
        010s 19 0.0025 0.0007 0.9913 0.0055 
        011s 19 0.0006 0.0015 0.9927 0.0053 
        012s 19 0.0025 0.0007 0.9944 0.0024 
        013s 19 0.0048 0.0007 0.9845 0.0101 
        014s 19 0.0637 0.0175 0.9082 0.0106 
        015s 19 0.0006 0.0006 0.9957 0.0031 
        016s 19 0.0017 0.0519 0.9449 0.0015 
        017s 19 0.0626 0.0032 0.9331 0.0011 
        018s 19 0.0024 0.0037 0.9930 0.0009 
        019s 19 0.0860 0.0029 0.9064 0.0047 
        020s 19 0.0741 0.0006 0.9221 0.0032 
        021s 19 0.0054 0.0007 0.9919 0.0020 
        022s 19 0.0206 0.0008 0.9771 0.0015 
        023s 19 0.0010 0.0030 0.9914 0.0046 
        024s 19 0.0007 0.0027 0.9963 0.0004 
        025s 19 0.1300 0.0040 0.8655 0.0005 
        026s 19 0.0042 0.0051 0.9858 0.0049 
        027s 19 0.0045 0.0013 0.9934 0.0009 
        028s 19 0.0063 0.0005 0.9914 0.0019 
        029s 19 0.0003 0.0007 0.9977 0.0014 
        030s 19 0.0031 0.0010 0.9941 0.0019 
        031s 19 0.0027 0.0010 0.9941 0.0022 
        032s 19 0.0009 0.0004 0.9968 0.0020 
        033s 19 0.0003 0.0067 0.9911 0.0019 
        034s 19 0.0009 0.0014 0.9964 0.0013 
        035s 19 0.0172 0.0068 0.9737 0.0023 
        036s 19 0.0007 0.0020 0.9960 0.0014 
        037s 19 0.0005 0.0004 0.9987 0.0004 
        038s 19 0.0019 0.0021 0.9943 0.0017 
        039s 19 0.0010 0.0005 0.9979 0.0006 
        040s 19 0.0009 0.0004 0.9647 0.0339 
        041s 19 0.0003 0.0007 0.9981 0.0008 
        042s 19 0.0044 0.0203 0.9742 0.0012 
        043s 19 0.0388 0.0007 0.9585 0.0020 
        044s 19 0.0004 0.0020 0.9969 0.0008 
        045s 19 0.0009 0.0017 0.9971 0.0003 
        046s 19 0.0028 0.0065 0.9889 0.0018 
        047s 19 0.0008 0.0005 0.9862 0.0126 
        048s 19 0.0894 0.0007 0.9039 0.0060 
        049s 19 0.0068 0.0085 0.9771 0.0076 
        050s 19 0.0031 0.0007 0.9960 0.0003 
        051s 19 0.0120 0.0122 0.9370 0.0389 
        052s 19 0.0012 0.0009 0.9969 0.0010 
      LIW2-4 20 0.0008 0.0027 0.9943 0.0022 
     LIW2-12 21 0.0010 0.0810 0.9178 0.0003 
     LIW2-20 22 0.0027 0.0014 0.9954 0.0005 
     LIW2-28 23 0.0486 0.0680 0.8822 0.0012 
      LIW1-5 24 0.0011 0.0036 0.9946 0.0007 
     LIW1-13 25 0.0575 0.0120 0.9191 0.0114 
     LIW1-21 26 0.0128 0.0354 0.9514 0.0004 
     LIW1-29 27 0.0209 0.0169 0.9585 0.0037 
      LIW2-5 28 0.0006 0.0028 0.9953 0.0013 
     LIW2-34 29 0.0003 0.0046 0.9941 0.0011 
     LIW2-21 30 0.1060 0.0104 0.8827 0.0009 
     LIW2-29 31 0.1867 0.0017 0.8047 0.0069 
      LIW1-6 32 0.0009 0.0029 0.9955 0.0007 
     LIW1-14 33 0.0654 0.0010 0.9318 0.0018 
     LIW1-22 34 0.0008 0.0103 0.9883 0.0005 
     LIW1-30 35 0.0020 0.0033 0.9942 0.0006 
      LIW2-6 36 0.0021 0.0290 0.9514 0.0175 
     LIW2-14 37 0.0025 0.0054 0.9916 0.0006 
     LIW2-22 38 0.0747 0.0792 0.8455 0.0006 
     LIW2-30 39 0.0014 0.0082 0.9899 0.0005 
      LIW1-7 40 0.0271 0.0556 0.9152 0.0021 
     LIW1-15 41 0.0003 0.0108 0.9882 0.0007 
     LIW1-23 42 0.0058 0.0061 0.9863 0.0018 
     LIW1-31 43 0.0038 0.0067 0.9882 0.0013 
      LIW2-7 44 0.0874 0.0008 0.9094 0.0024 
     LIW2-15 45 0.0018 0.0095 0.9882 0.0005 
     LIW2-23 46 0.0009 0.0875 0.9052 0.0065 
      LIW1-8 47 0.0005 0.0027 0.9956 0.0012 
     LIW1-16 48 0.0005 0.0019 0.9961 0.0015 
      LIW2-8 49 0.0007 0.0029 0.9958 0.0006 
     LIW2-16 50 0.3146 0.0127 0.6474 0.0253 
     LIW2-24 51 0.1770 0.0062 0.7941 0.0227 
     LIW2-32 52 0.0061 0.0518 0.9389 0.0032 
     LIW1-47 53 0.0049 0.0115 0.9790 0.0045 
      UMFS-1 54 0.0559 0.0540 0.8889 0.0012 
     UMFS-19 55 0.1215 0.1006 0.7760 0.0019 
     UMFS-31 56 0.0010 0.0692 0.9295 0.0003 
      UMFS-2 57 0.0011 0.0191 0.9792 0.0006 
     UMFS-10 58 0.0132 0.0878 0.8981 0.0010 
     UMFS-20 59 0.0744 0.0385 0.8859 0.0011 
     UMFS-32 60 0.0863 0.0756 0.8363 0.0018 
      UMFS-3 61 0.0902 0.1136 0.7949 0.0013 
     UMFS-11 62 0.2741 0.0026 0.5615 0.1619 
     UMFS-21 63 0.0921 0.0899 0.8168 0.0012 
     UMFS-33 64 0.0769 0.0565 0.8663 0.0004 
      UMFS-4 65 0.0570 0.0871 0.8554 0.0005 
     UMFS-22 66 0.0317 0.0823 0.8848 0.0012 
     UMFS-34 67 0.0570 0.1094 0.8312 0.0024 
      UMFS-5 68 0.0068 0.0852 0.9046 0.0033 
     UMFS-13 69 0.0792 0.1083 0.8114 0.0011 
     UMFS-23 70 0.0286 0.0753 0.8928 0.0032 
     UMFS-35 71 0.0720 0.0934 0.8341 0.0005 
      UMFS-6 72 0.0449 0.1131 0.8411 0.0009 
     UMFS-14 73 0.0562 0.0637 0.8796 0.0005 
     UMFS-24 74 0.0631 0.0103 0.9257 0.0010 
     UMFS-36 75 0.0860 0.0753 0.8375 0.0012 
      UMFS-7 76 0.3081 0.0948 0.3120 0.2850 
     UMFS-15 77 0.0777 0.0842 0.8367 0.0015 
     UMFS-25 78 0.0775 0.0542 0.8622 0.0061 
     UMFS-37 79 0.0935 0.0562 0.8489 0.0014 
      UMFS-8 80 0.0772 0.0744 0.8479 0.0004 
     UMFS-16 81 0.0942 0.0814 0.8228 0.0016 
     UMFS-26 82 0.0564 0.1669 0.7738 0.0029 
     UMFS-38 83 0.0232 0.0378 0.9381 0.0009 
      NEH1-2 84 0.0219 0.9744 0.0017 0.0020 
     NEH1-11 85 0.0445 0.9532 0.0014 0.0009 
     NEH1-20 86 0.0005 0.8801 0.1182 0.0012 
     NEH1-29 87 0.0006 0.9982 0.0010 0.0002 
      NEH2-2 88 0.0003 0.9992 0.0004 0.0001 
     NEH2-10 89 0.0005 0.9932 0.0059 0.0004 
     NEH2-18 90 0.0022 0.9974 0.0002 0.0002 
     NEH2-26 91 0.0024 0.9960 0.0012 0.0004 
      NEH1-3 92 0.0006 0.8446 0.1538 0.0010 
     NEH1-12 93 0.0022 0.9509 0.0004 0.0466 
     NEH1-21 94 0.0004 0.9352 0.0452 0.0192 
     NEH1-30 95 0.0665 0.9198 0.0133 0.0004 
      NEH2-3 96 0.0001 0.9995 0.0001 0.0002 
     NEH2-11 97 0.0220 0.9771 0.0006 0.0004 
     NEH2-19 98 0.0015 0.9939 0.0038 0.0007 
     NEH2-27 99 0.0001 0.9996 0.0001 0.0002 
      NEH1-4 100 0.0019 0.9978 0.0001 0.0001 
     NEH1-13 101 0.0012 0.7677 0.2299 0.0013 
     NEH1-22 102 0.0004 0.7998 0.1987 0.0011 
     NEH1-31 103 0.0018 0.9973 0.0006 0.0002 
      NEH2-4 104 0.0021 0.9935 0.0039 0.0006 
     NEH2-12 105 0.0573 0.9414 0.0005 0.0007 
     NEH2-20 106 0.0004 0.8028 0.1966 0.0002 
     NEH2-28 107 0.0011 0.9905 0.0012 0.0072 
      NEH1-5 108 0.0110 0.8573 0.1313 0.0004 
     NEH1-14 109 0.0552 0.7644 0.1743 0.0061 
     NEH1-23 110 0.0004 0.7702 0.2288 0.0005 
     NEH1-32 111 0.0012 0.9958 0.0012 0.0018 
      NEH2-5 112 0.0002 0.9994 0.0003 0.0001 
     NEH2-13 113 0.0148 0.9828 0.0013 0.0010 
     NEH2-22 114 0.0005 0.9983 0.0007 0.0005 
     NEH2-29 115 0.0004 0.9550 0.0441 0.0006 
      NEH1-6 116 0.0002 0.9993 0.0002 0.0003 
     NEH1-15 117 0.0031 0.9576 0.0009 0.0383 
     NEH1-24 118 0.0006 0.9848 0.0008 0.0137 
     NEH1-33 119 0.0007 0.8741 0.1249 0.0003 
      NEH2-6 120 0.0006 0.9834 0.0155 0.0005 
     NEH2-14 121 0.0014 0.9921 0.0046 0.0019 
     NEH2-21 122 0.0004 0.9504 0.0490 0.0002 
     NEH2-30 123 0.0003 0.9993 0.0003 0.0001 
      NEH1-7 124 0.0887 0.8360 0.0740 0.0013 
     NEH1-16 125 0.0003 0.9990 0.0004 0.0002 
     NEH1-25 126 0.0005 0.8753 0.1232 0.0010 
     NEH1-34 127 0.0150 0.9301 0.0531 0.0017 
      NEH2-7 128 0.0010 0.9958 0.0024 0.0008 
     NEH2-15 129 0.0001 0.9997 0.0001 0.0001 
     NEH2-23 130 0.0386 0.9372 0.0202 0.0040 
     NEH2-31 131 0.0001 0.9996 0.0002 0.0001 
      NEH1-8 132 0.0734 0.8275 0.0973 0.0017 
     NEH1-17 133 0.1103 0.8863 0.0019 0.0015 
     NEH1-26 134 0.0003 0.8511 0.1455 0.0031 
     NEH1-35 135 0.0027 0.8107 0.1853 0.0012 
      NEH2-8 136 0.0001 0.9996 0.0002 0.0001 
     NEH2-16 137 0.0003 0.9980 0.0005 0.0012 
     NEH2-24 138 0.0002 0.9995 0.0002 0.0001 
     NEH2-32 139 0.0664 0.9327 0.0003 0.0005 
      NEH1-1 140 0.1139 0.8853 0.0006 0.0002 
     NEH1-10 141 0.0002 0.9990 0.0002 0.0005 
     NEH1-19 142 0.0008 0.8771 0.1204 0.0017 
     NEH1-28 143 0.0382 0.9573 0.0014 0.0032 
      NEH2-1 144 0.0143 0.9834 0.0020 0.0003 
      NEH2-9 145 0.0002 0.9989 0.0005 0.0003 
     NEH2-17 146 0.0012 0.9611 0.0027 0.0350 
     NEH2-25 147 0.0220 0.9772 0.0005 0.0002 
