        001s  1 0.7126 0.0031 0.0009 0.2815 0.0003 0.0007 0.0009 
        002s  1 0.1235 0.0331 0.0009 0.8379 0.0035 0.0007 0.0004 
        003s  1 0.0093 0.0216 0.0018 0.9398 0.0009 0.0034 0.0232 
        004s  1 0.4712 0.0079 0.0030 0.4789 0.0354 0.0032 0.0004 
        005s  1 0.0031 0.0301 0.0014 0.5342 0.2085 0.2223 0.0004 
        006s  1 0.9814 0.0128 0.0005 0.0031 0.0014 0.0004 0.0005 
        007s  1 0.9215 0.0374 0.0037 0.0329 0.0005 0.0031 0.0009 
        008s  1 0.2528 0.1520 0.0014 0.5878 0.0010 0.0040 0.0010 
        009s  1 0.5794 0.0098 0.0080 0.3396 0.0048 0.0551 0.0032 
        010s  1 0.9635 0.0197 0.0005 0.0058 0.0011 0.0086 0.0009 
        011s  1 0.9445 0.0372 0.0029 0.0069 0.0025 0.0016 0.0043 
        012s  1 0.7693 0.0157 0.0013 0.0810 0.0040 0.1213 0.0074 
        013s  1 0.9344 0.0048 0.0107 0.0182 0.0278 0.0030 0.0012 
        014s  1 0.9162 0.0218 0.0057 0.0103 0.0023 0.0252 0.0185 
        015s  1 0.9774 0.0115 0.0005 0.0085 0.0005 0.0007 0.0009 
        016s  1 0.9065 0.0290 0.0092 0.0510 0.0005 0.0027 0.0012 
        018s  1 0.0833 0.6911 0.0013 0.0779 0.0012 0.1444 0.0007 
        019s  1 0.8370 0.0347 0.0009 0.1050 0.0004 0.0180 0.0040 
        020s  1 0.9572 0.0158 0.0080 0.0073 0.0004 0.0008 0.0105 
        021s  1 0.9421 0.0106 0.0083 0.0252 0.0122 0.0003 0.0012 
        022s  1 0.0188 0.0045 0.0009 0.9746 0.0003 0.0003 0.0005 
        023s  1 0.5375 0.2771 0.0121 0.1717 0.0004 0.0005 0.0009 
        024s  1 0.9809 0.0102 0.0008 0.0045 0.0016 0.0016 0.0005 
        025s  1 0.0678 0.9137 0.0012 0.0091 0.0013 0.0065 0.0005 
        026s  1 0.9138 0.0591 0.0088 0.0097 0.0010 0.0011 0.0065 
        027s  1 0.0183 0.9549 0.0026 0.0129 0.0087 0.0021 0.0006 
        028s  1 0.0084 0.8775 0.0005 0.0110 0.0541 0.0469 0.0017 
        029s  1 0.9686 0.0118 0.0007 0.0108 0.0006 0.0010 0.0066 
        030s  1 0.0922 0.8897 0.0007 0.0021 0.0032 0.0011 0.0110 
        031s  1 0.9502 0.0072 0.0012 0.0404 0.0003 0.0003 0.0003 
        032s  1 0.9839 0.0077 0.0008 0.0052 0.0006 0.0009 0.0009 
        033s  1 0.9539 0.0268 0.0014 0.0103 0.0010 0.0056 0.0010 
        034s  1 0.3607 0.0069 0.0588 0.5670 0.0008 0.0005 0.0052 
        035s  1 0.9839 0.0060 0.0010 0.0023 0.0024 0.0018 0.0027 
        036s  1 0.4882 0.0040 0.0012 0.4167 0.0012 0.0883 0.0004 
        037s  1 0.7108 0.0431 0.0462 0.0769 0.0143 0.1077 0.0010 
        038s  1 0.9651 0.0156 0.0009 0.0147 0.0010 0.0020 0.0007 
        039s  1 0.9244 0.0346 0.0003 0.0149 0.0245 0.0004 0.0009 
        040s  1 0.8805 0.0167 0.0024 0.0959 0.0033 0.0008 0.0005 
        041s  1 0.9000 0.0802 0.0029 0.0116 0.0005 0.0038 0.0010 
        042s  1 0.7495 0.0193 0.0770 0.0750 0.0006 0.0778 0.0008 
        043s  1 0.0175 0.0615 0.0008 0.9018 0.0015 0.0150 0.0020 
        044s  1 0.5214 0.2029 0.0098 0.1563 0.0148 0.0918 0.0029 
        045s  1 0.9765 0.0121 0.0006 0.0021 0.0014 0.0062 0.0011 
        046s  1 0.9761 0.0074 0.0008 0.0111 0.0005 0.0020 0.0021 
        047s  1 0.9765 0.0128 0.0039 0.0037 0.0002 0.0011 0.0017 
        048s  1 0.4519 0.0088 0.0006 0.4781 0.0003 0.0599 0.0005 
        049s  1 0.0261 0.0053 0.0005 0.9651 0.0016 0.0005 0.0009 
        050s  1 0.7207 0.0940 0.0005 0.0800 0.0031 0.1014 0.0004 
        051s  1 0.9557 0.0066 0.0009 0.0106 0.0007 0.0004 0.0250 
        052s  1 0.4732 0.4569 0.0019 0.0305 0.0110 0.0090 0.0175 
        053s  1 0.9888 0.0048 0.0008 0.0022 0.0007 0.0024 0.0003 
        054s  1 0.9762 0.0136 0.0011 0.0026 0.0040 0.0004 0.0021 
        055s  1 0.8348 0.0005 0.0689 0.0022 0.0015 0.0900 0.0020 
          01  2 0.8319 0.0066 0.0017 0.0061 0.0012 0.1226 0.0299 
          02  2 0.9366 0.0278 0.0004 0.0069 0.0031 0.0234 0.0018 
          03  2 0.9277 0.0582 0.0011 0.0102 0.0007 0.0016 0.0005 
          04  2 0.0592 0.8713 0.0131 0.0343 0.0164 0.0039 0.0017 
          05  2 0.0137 0.0144 0.0005 0.8482 0.0007 0.1223 0.0003 
          06  2 0.8996 0.0446 0.0009 0.0150 0.0016 0.0377 0.0005 
          07  2 0.9123 0.0023 0.0007 0.0727 0.0025 0.0084 0.0011 
          08  2 0.0483 0.1653 0.0011 0.7022 0.0005 0.0814 0.0012 
          09  2 0.9476 0.0186 0.0005 0.0241 0.0005 0.0007 0.0079 
          10  2 0.8285 0.1524 0.0006 0.0157 0.0006 0.0016 0.0007 
          11  2 0.9491 0.0079 0.0025 0.0182 0.0010 0.0113 0.0101 
          12  2 0.8653 0.1158 0.0006 0.0140 0.0011 0.0011 0.0021 
          13  2 0.7482 0.0603 0.0006 0.1885 0.0007 0.0006 0.0011 
          14  2 0.4871 0.0918 0.0347 0.3757 0.0057 0.0003 0.0046 
          15  2 0.7000 0.0052 0.0006 0.2913 0.0008 0.0005 0.0016 
          16  2 0.6429 0.2831 0.0057 0.0067 0.0566 0.0012 0.0039 
          17  2 0.1752 0.7109 0.0027 0.1064 0.0012 0.0022 0.0014 
          18  2 0.9601 0.0118 0.0010 0.0031 0.0039 0.0188 0.0014 
          19  2 0.9632 0.0225 0.0042 0.0061 0.0003 0.0014 0.0023 
          20  2 0.9149 0.0070 0.0073 0.0084 0.0053 0.0548 0.0024 
          21  2 0.9565 0.0172 0.0005 0.0069 0.0006 0.0016 0.0166 
          22  2 0.5757 0.4019 0.0064 0.0044 0.0037 0.0024 0.0055 
          23  2 0.9631 0.0268 0.0020 0.0041 0.0020 0.0009 0.0011 
          24  2 0.9574 0.0364 0.0008 0.0030 0.0006 0.0006 0.0012 
          25  2 0.8753 0.0043 0.0013 0.0859 0.0276 0.0042 0.0015 
          26  2 0.0010 0.0008 0.0003 0.9962 0.0003 0.0005 0.0010 
          27  2 0.9150 0.0200 0.0040 0.0300 0.0288 0.0011 0.0011 
          28  2 0.8661 0.0244 0.0049 0.1015 0.0002 0.0017 0.0012 
          29  2 0.9804 0.0115 0.0004 0.0051 0.0008 0.0009 0.0009 
          30  2 0.4831 0.2640 0.0828 0.0037 0.0004 0.1573 0.0087 
          01  3 0.2163 0.1219 0.0080 0.0063 0.2165 0.4305 0.0005 
          02  3 0.0020 0.1283 0.0035 0.0013 0.4605 0.3307 0.0738 
          03  3 0.0020 0.3760 0.0009 0.0013 0.3090 0.3104 0.0005 
          04  3 0.0026 0.1861 0.0008 0.0021 0.3479 0.4596 0.0008 
          05  3 0.0004 0.0005 0.1211 0.0005 0.4001 0.3617 0.1157 
          06  3 0.0268 0.0560 0.0012 0.0011 0.4943 0.4203 0.0003 
          07  3 0.0012 0.3806 0.0004 0.0012 0.2463 0.3687 0.0016 
          08  3 0.0014 0.2999 0.0039 0.0042 0.3183 0.3676 0.0046 
          09  3 0.0060 0.3051 0.0027 0.0024 0.2642 0.4194 0.0002 
          10  3 0.0169 0.0116 0.1280 0.0158 0.4145 0.1968 0.2164 
          11  3 0.0012 0.2957 0.0003 0.0006 0.2986 0.4034 0.0002 
          12  3 0.0012 0.2756 0.0005 0.0010 0.3097 0.4117 0.0004 
          13  3 0.0026 0.0050 0.0004 0.0011 0.5196 0.4570 0.0143 
          14  3 0.0025 0.0034 0.1559 0.0027 0.4568 0.3338 0.0449 
          15  3 0.0012 0.3529 0.0013 0.0015 0.2697 0.3731 0.0003 
          16  3 0.0341 0.0301 0.0058 0.0123 0.5999 0.3127 0.0051 
          17  3 0.0100 0.3977 0.0008 0.0014 0.1753 0.4139 0.0010 
          18  3 0.0051 0.0042 0.2786 0.0044 0.3349 0.2070 0.1657 
          19  3 0.0014 0.1710 0.0027 0.0013 0.4576 0.3656 0.0004 
          20  3 0.0021 0.1882 0.0493 0.0017 0.3056 0.4528 0.0004 
          21  3 0.0027 0.2513 0.0030 0.0010 0.3723 0.3688 0.0008 
          22  3 0.0008 0.3003 0.0018 0.0009 0.2223 0.4736 0.0004 
          23  3 0.0014 0.2386 0.0008 0.0015 0.3523 0.4052 0.0002 
          24  3 0.0139 0.0326 0.0017 0.0101 0.2844 0.4897 0.1677 
          25  3 0.0004 0.0004 0.1304 0.0006 0.3044 0.3135 0.2503 
          26  3 0.0026 0.2304 0.0006 0.0007 0.3367 0.4285 0.0005 
          27  3 0.0283 0.0314 0.1720 0.0149 0.3669 0.2564 0.1301 
          28  3 0.0495 0.0331 0.0002 0.0065 0.4610 0.4480 0.0016 
          29  3 0.0439 0.1139 0.0114 0.0148 0.4187 0.3926 0.0048 
          30  3 0.0018 0.1241 0.0005 0.1814 0.2469 0.4445 0.0008 
         001  4 0.0001 0.0001 0.0001 0.0001 0.0001 0.9994 0.0001 
         002  4 0.0002 0.0002 0.0001 0.0003 0.0003 0.9986 0.0002 
         003  4 0.0001 0.0001 0.0001 0.0001 0.0001 0.9994 0.0001 
         004  4 0.0001 0.0001 0.0001 0.0001 0.0002 0.9993 0.0001 
         005  4 0.0002 0.0001 0.0002 0.0002 0.0002 0.9988 0.0003 
         006  4 0.0004 0.0005 0.0003 0.0004 0.0733 0.9249 0.0002 
         007  4 0.0021 0.0014 0.0010 0.0129 0.0514 0.9311 0.0002 
         008  4 0.0007 0.0006 0.0070 0.0021 0.0004 0.9867 0.0026 
         009  4 0.0001 0.0001 0.0001 0.0001 0.0002 0.9991 0.0002 
         010  4 0.0001 0.0001 0.0001 0.0001 0.0045 0.9950 0.0001 
         011  4 0.0006 0.0004 0.0380 0.0007 0.0199 0.9399 0.0005 
         012  4 0.0001 0.0001 0.0001 0.0001 0.0001 0.9994 0.0001 
         013  4 0.0001 0.0001 0.0001 0.0001 0.0001 0.9995 0.0001 
         014  4 0.0002 0.0002 0.0002 0.0002 0.0001 0.9989 0.0001 
         015  4 0.0001 0.0001 0.0001 0.0001 0.0001 0.9996 0.0001 
         016  4 0.0001 0.0001 0.0001 0.0001 0.0001 0.9994 0.0001 
         017  4 0.0001 0.0001 0.0001 0.0002 0.0002 0.9991 0.0001 
         019  4 0.0002 0.0003 0.0007 0.0003 0.0854 0.9128 0.0004 
         020  4 0.0002 0.0002 0.0002 0.0003 0.0002 0.9987 0.0003 
         021  4 0.0003 0.0005 0.0005 0.0005 0.0102 0.9876 0.0004 
         001  5 0.0006 0.0005 0.0362 0.0003 0.0003 0.9609 0.0011 
         002  5 0.0131 0.0009 0.0029 0.0323 0.0004 0.9496 0.0009 
         003  5 0.1503 0.0179 0.0069 0.0013 0.0718 0.7515 0.0003 
         004  5 0.0547 0.0018 0.0037 0.0075 0.0005 0.9316 0.0002 
         005  5 0.0003 0.0004 0.0006 0.0005 0.0012 0.9967 0.0002 
         006  5 0.0007 0.0005 0.0002 0.0006 0.1012 0.8961 0.0006 
         007  5 0.0003 0.0003 0.0003 0.0004 0.0886 0.9099 0.0003 
         008  5 0.0002 0.0002 0.0001 0.0002 0.0037 0.9953 0.0003 
         009  5 0.0409 0.0151 0.0020 0.0110 0.0029 0.9279 0.0002 
         010  5 0.0018 0.0039 0.0020 0.0013 0.0669 0.9235 0.0007 
         011  5 0.0020 0.0016 0.0053 0.0009 0.0008 0.9891 0.0003 
         012  5 0.0258 0.0142 0.0047 0.0095 0.0795 0.8653 0.0009 
         013  5 0.0022 0.2010 0.0007 0.0031 0.0462 0.7462 0.0006 
         014  5 0.1155 0.0483 0.0235 0.0025 0.0938 0.7005 0.0160 
         015  5 0.0003 0.0002 0.0003 0.0002 0.0309 0.9679 0.0003 
         016  5 0.0021 0.0028 0.0005 0.0013 0.0589 0.9336 0.0008 
         017  5 0.0201 0.0117 0.0003 0.0048 0.0803 0.8781 0.0047 
         018  5 0.0059 0.0193 0.0308 0.0069 0.0365 0.8729 0.0277 
         019  5 0.0003 0.0004 0.0018 0.0004 0.0002 0.9872 0.0097 
         020  5 0.0002 0.0001 0.0002 0.0002 0.0001 0.9991 0.0001 
         021  5 0.1169 0.0022 0.0024 0.0229 0.0004 0.8548 0.0005 
         022  5 0.0110 0.0081 0.0491 0.0021 0.0070 0.9212 0.0016 
         023  5 0.0015 0.0015 0.0030 0.0009 0.0274 0.9653 0.0004 
         024  5 0.0284 0.0163 0.0009 0.0031 0.0648 0.8862 0.0004 
         025  5 0.0188 0.0084 0.0006 0.0208 0.0677 0.8829 0.0009 
         026  5 0.1034 0.0437 0.0005 0.0038 0.0116 0.8365 0.0005 
         027  5 0.0001 0.0002 0.0001 0.0002 0.0003 0.9990 0.0001 
         028  5 0.0080 0.0087 0.0114 0.0048 0.0476 0.9188 0.0009 
         029  5 0.0005 0.0005 0.0002 0.0006 0.0036 0.9942 0.0003 
         030  5 0.0010 0.0013 0.0021 0.0009 0.0011 0.9870 0.0066 
        001s  6 0.6744 0.0361 0.0157 0.2418 0.0302 0.0008 0.0010 
        002s  6 0.8891 0.0366 0.0011 0.0081 0.0005 0.0450 0.0196 
        003s  6 0.7433 0.0407 0.0024 0.1942 0.0003 0.0185 0.0007 
        004s  6 0.9805 0.0041 0.0007 0.0127 0.0004 0.0007 0.0008 
        006s  6 0.8842 0.0219 0.0107 0.0022 0.0161 0.0629 0.0019 
        007s  6 0.9013 0.0921 0.0006 0.0024 0.0021 0.0006 0.0009 
        008s  6 0.9251 0.0522 0.0053 0.0089 0.0009 0.0032 0.0045 
        009s  6 0.7787 0.2134 0.0010 0.0044 0.0005 0.0004 0.0016 
        010s  6 0.9500 0.0053 0.0151 0.0016 0.0092 0.0097 0.0090 
        011s  6 0.9539 0.0392 0.0015 0.0023 0.0021 0.0006 0.0003 
        012s  6 0.9783 0.0066 0.0016 0.0069 0.0038 0.0007 0.0020 
        013s  6 0.9791 0.0113 0.0004 0.0064 0.0008 0.0012 0.0008 
        014s  6 0.5362 0.0273 0.0005 0.3556 0.0004 0.0798 0.0003 
        015s  6 0.7528 0.2193 0.0058 0.0024 0.0090 0.0096 0.0011 
        016s  6 0.9357 0.0035 0.0009 0.0575 0.0011 0.0005 0.0007 
        018s  6 0.7089 0.0178 0.0014 0.0039 0.0016 0.2659 0.0006 
        019s  6 0.4029 0.5012 0.0033 0.0795 0.0024 0.0096 0.0011 
        020s  6 0.8930 0.0468 0.0006 0.0574 0.0006 0.0004 0.0011 
        021s  6 0.9714 0.0044 0.0034 0.0027 0.0141 0.0020 0.0020 
        022s  6 0.9513 0.0189 0.0041 0.0237 0.0003 0.0012 0.0005 
        023s  6 0.0792 0.3888 0.0008 0.5060 0.0005 0.0243 0.0004 
        024s  6 0.9312 0.0054 0.0008 0.0265 0.0020 0.0326 0.0016 
        025s  6 0.9157 0.0094 0.0662 0.0059 0.0009 0.0013 0.0005 
        026s  6 0.9742 0.0079 0.0005 0.0139 0.0006 0.0006 0.0022 
        027s  6 0.9451 0.0240 0.0005 0.0270 0.0004 0.0013 0.0017 
        028s  6 0.7886 0.1299 0.0080 0.0015 0.0092 0.0158 0.0469 
        029s  6 0.9411 0.0498 0.0014 0.0046 0.0004 0.0005 0.0022 
        030s  6 0.7617 0.1439 0.0082 0.0120 0.0012 0.0698 0.0032 
        031s  6 0.2480 0.0551 0.0004 0.6913 0.0029 0.0015 0.0007 
        032s  6 0.9767 0.0025 0.0007 0.0084 0.0018 0.0093 0.0006 
        033s  6 0.8102 0.0922 0.0007 0.0050 0.0003 0.0910 0.0006 
        034s  6 0.6158 0.3544 0.0141 0.0123 0.0014 0.0016 0.0005 
        035s  6 0.0020 0.0008 0.0008 0.8666 0.0006 0.1283 0.0010 
        036s  6 0.9484 0.0370 0.0011 0.0059 0.0066 0.0006 0.0003 
        037s  6 0.9849 0.0052 0.0021 0.0039 0.0008 0.0012 0.0020 
        038s  6 0.7616 0.0421 0.0007 0.1913 0.0026 0.0004 0.0014 
        039s  6 0.8922 0.1029 0.0007 0.0028 0.0003 0.0004 0.0007 
        040s  6 0.6035 0.1185 0.0005 0.2737 0.0028 0.0004 0.0005 
        041s  6 0.2507 0.1116 0.0049 0.5883 0.0002 0.0386 0.0057 
        042s  6 0.8790 0.0377 0.0517 0.0114 0.0006 0.0163 0.0033 
        043s  6 0.9545 0.0335 0.0057 0.0040 0.0010 0.0010 0.0003 
        044s  6 0.8948 0.0064 0.0010 0.0947 0.0006 0.0009 0.0016 
        045s  6 0.9575 0.0155 0.0024 0.0176 0.0004 0.0059 0.0008 
        001s  7 0.0401 0.0717 0.0018 0.8844 0.0006 0.0009 0.0006 
        002s  7 0.4798 0.0120 0.0025 0.4802 0.0008 0.0233 0.0013 
        003s  7 0.0119 0.0041 0.0013 0.9772 0.0022 0.0018 0.0015 
        004s  7 0.9585 0.0125 0.0006 0.0222 0.0039 0.0011 0.0012 
        005s  7 0.9444 0.0167 0.0019 0.0218 0.0024 0.0123 0.0005 
        006s  7 0.8219 0.1122 0.0048 0.0018 0.0010 0.0578 0.0005 
        007s  7 0.9637 0.0023 0.0021 0.0038 0.0086 0.0060 0.0136 
        008s  7 0.0043 0.0028 0.0013 0.9730 0.0004 0.0152 0.0030 
        009s  7 0.9736 0.0048 0.0063 0.0095 0.0021 0.0030 0.0007 
        010s  7 0.0048 0.0018 0.0018 0.9895 0.0003 0.0010 0.0009 
        011s  7 0.9608 0.0229 0.0011 0.0131 0.0007 0.0005 0.0009 
        012s  7 0.9887 0.0071 0.0007 0.0016 0.0007 0.0008 0.0005 
        013s  7 0.9757 0.0057 0.0041 0.0067 0.0068 0.0004 0.0006 
        014s  7 0.4166 0.0158 0.0002 0.5345 0.0008 0.0316 0.0006 
        015s  7 0.9289 0.0481 0.0012 0.0034 0.0016 0.0148 0.0020 
        016s  7 0.0006 0.0006 0.0013 0.9069 0.0002 0.0901 0.0004 
        017s  7 0.9397 0.0326 0.0006 0.0251 0.0008 0.0009 0.0004 
        018s  7 0.0096 0.9789 0.0005 0.0026 0.0003 0.0026 0.0055 
        019s  7 0.9379 0.0372 0.0123 0.0062 0.0017 0.0019 0.0029 
        020s  7 0.9846 0.0028 0.0005 0.0095 0.0016 0.0006 0.0003 
        021s  7 0.9794 0.0079 0.0014 0.0076 0.0005 0.0021 0.0010 
        022s  7 0.9697 0.0182 0.0010 0.0043 0.0044 0.0021 0.0004 
        023s  7 0.8158 0.1293 0.0191 0.0252 0.0013 0.0079 0.0013 
        024s  7 0.9437 0.0463 0.0006 0.0054 0.0006 0.0021 0.0013 
        025s  7 0.9711 0.0140 0.0012 0.0048 0.0062 0.0009 0.0017 
        026s  7 0.0101 0.0066 0.0014 0.9776 0.0004 0.0021 0.0018 
        027s  7 0.5358 0.0045 0.0004 0.4556 0.0011 0.0011 0.0016 
        028s  7 0.4139 0.5755 0.0004 0.0022 0.0014 0.0062 0.0003 
        029s  7 0.6308 0.3133 0.0021 0.0404 0.0009 0.0118 0.0008 
        030s  7 0.6763 0.1684 0.0051 0.1437 0.0009 0.0004 0.0052 
        031s  7 0.8239 0.1345 0.0127 0.0252 0.0012 0.0019 0.0006 
        032s  7 0.8777 0.0167 0.0004 0.0013 0.0005 0.0993 0.0041 
        033s  7 0.9294 0.0252 0.0017 0.0031 0.0010 0.0357 0.0040 
        034s  7 0.8363 0.1127 0.0007 0.0047 0.0427 0.0013 0.0017 
        035s  7 0.9826 0.0112 0.0012 0.0036 0.0004 0.0003 0.0007 
        036s  7 0.9164 0.0166 0.0082 0.0534 0.0039 0.0008 0.0008 
        037s  7 0.1692 0.7431 0.0049 0.0128 0.0038 0.0656 0.0006 
        038s  7 0.2728 0.7088 0.0013 0.0044 0.0004 0.0110 0.0013 
        039s  7 0.0198 0.5978 0.0003 0.3810 0.0003 0.0004 0.0004 
        040s  7 0.0019 0.0015 0.0006 0.9681 0.0219 0.0054 0.0005 
        041s  7 0.7140 0.0308 0.0011 0.2187 0.0005 0.0335 0.0014 
        042s  7 0.0187 0.0087 0.0004 0.9669 0.0008 0.0041 0.0003 
        043s  7 0.9658 0.0164 0.0041 0.0115 0.0002 0.0014 0.0006 
        044s  7 0.8439 0.0527 0.0320 0.0041 0.0132 0.0519 0.0022 
         003  8 0.9699 0.0056 0.0006 0.0046 0.0014 0.0050 0.0129 
         009  8 0.9906 0.0019 0.0012 0.0041 0.0005 0.0012 0.0006 
         010  8 0.9469 0.0401 0.0029 0.0090 0.0003 0.0003 0.0006 
         017  8 0.9811 0.0102 0.0028 0.0027 0.0008 0.0009 0.0015 
         002  9 0.9755 0.0064 0.0012 0.0151 0.0006 0.0004 0.0008 
         003  9 0.9868 0.0080 0.0004 0.0037 0.0003 0.0002 0.0005 
         004  9 0.9899 0.0031 0.0011 0.0049 0.0002 0.0004 0.0004 
         005  9 0.9731 0.0159 0.0038 0.0040 0.0013 0.0004 0.0015 
         006  9 0.9905 0.0031 0.0014 0.0026 0.0008 0.0009 0.0007 
         007  9 0.9811 0.0062 0.0012 0.0045 0.0003 0.0056 0.0011 
         009  9 0.9772 0.0056 0.0015 0.0125 0.0003 0.0015 0.0013 
         010  9 0.9812 0.0112 0.0014 0.0036 0.0005 0.0003 0.0018 
         013  9 0.9610 0.0116 0.0015 0.0232 0.0008 0.0013 0.0005 
         014  9 0.9587 0.0233 0.0012 0.0107 0.0002 0.0005 0.0053 
         016  9 0.9897 0.0031 0.0006 0.0050 0.0002 0.0003 0.0011 
         018  9 0.9097 0.0802 0.0013 0.0028 0.0008 0.0006 0.0046 
         019  9 0.9710 0.0179 0.0005 0.0039 0.0009 0.0009 0.0048 
         020  9 0.9849 0.0124 0.0003 0.0012 0.0004 0.0004 0.0005 
         021  9 0.9007 0.0937 0.0006 0.0041 0.0003 0.0003 0.0003 
         022  9 0.9257 0.0628 0.0006 0.0083 0.0005 0.0003 0.0018 
         024  9 0.9622 0.0170 0.0031 0.0140 0.0004 0.0005 0.0027 
         028  9 0.9708 0.0182 0.0014 0.0075 0.0007 0.0006 0.0008 
         029  9 0.9724 0.0176 0.0005 0.0070 0.0004 0.0003 0.0017 
         030  9 0.9773 0.0164 0.0010 0.0031 0.0004 0.0005 0.0014 
         031  9 0.9758 0.0054 0.0004 0.0153 0.0003 0.0019 0.0009 
         033  9 0.9723 0.0053 0.0013 0.0133 0.0006 0.0065 0.0008 
         001 10 0.9852 0.0058 0.0004 0.0066 0.0005 0.0004 0.0012 
         002 10 0.9729 0.0180 0.0006 0.0065 0.0003 0.0004 0.0012 
         003 10 0.9721 0.0121 0.0118 0.0020 0.0008 0.0004 0.0008 
         004 10 0.9210 0.0073 0.0034 0.0668 0.0004 0.0005 0.0006 
         005 10 0.9840 0.0086 0.0011 0.0039 0.0005 0.0004 0.0016 
         006 10 0.9906 0.0028 0.0007 0.0037 0.0006 0.0009 0.0007 
         007 10 0.9855 0.0049 0.0021 0.0060 0.0004 0.0007 0.0005 
         008 10 0.9854 0.0072 0.0032 0.0017 0.0009 0.0007 0.0009 
         009 10 0.9853 0.0043 0.0006 0.0041 0.0011 0.0005 0.0040 
         010 10 0.9695 0.0080 0.0008 0.0173 0.0005 0.0006 0.0033 
         011 10 0.9473 0.0105 0.0330 0.0068 0.0014 0.0007 0.0003 
         012 10 0.9795 0.0093 0.0044 0.0043 0.0013 0.0006 0.0005 
         013 10 0.9843 0.0073 0.0009 0.0031 0.0031 0.0004 0.0009 
         014 10 0.8265 0.0021 0.0010 0.1682 0.0008 0.0005 0.0009 
         016 10 0.9726 0.0181 0.0009 0.0057 0.0008 0.0007 0.0012 
         017 10 0.9848 0.0094 0.0009 0.0020 0.0010 0.0009 0.0010 
         018 10 0.9799 0.0066 0.0007 0.0019 0.0006 0.0081 0.0022 
         019 10 0.9824 0.0071 0.0011 0.0043 0.0005 0.0005 0.0040 
         020 10 0.9755 0.0047 0.0013 0.0100 0.0012 0.0017 0.0056 
         021 10 0.9683 0.0104 0.0005 0.0171 0.0003 0.0010 0.0025 
         022 10 0.9587 0.0027 0.0008 0.0365 0.0007 0.0004 0.0003 
         023 10 0.9879 0.0063 0.0007 0.0036 0.0008 0.0003 0.0006 
         024 10 0.9909 0.0023 0.0013 0.0035 0.0003 0.0005 0.0012 
         026 10 0.9803 0.0152 0.0005 0.0022 0.0006 0.0005 0.0006 
        001s 11 0.5802 0.0097 0.0094 0.3129 0.0004 0.0864 0.0010 
        002s 11 0.9638 0.0117 0.0022 0.0089 0.0082 0.0008 0.0043 
        003s 11 0.3157 0.6489 0.0005 0.0267 0.0004 0.0064 0.0014 
        004s 11 0.9147 0.0696 0.0020 0.0111 0.0019 0.0003 0.0004 
        005s 11 0.8637 0.0505 0.0005 0.0766 0.0006 0.0023 0.0058 
        006s 11 0.9530 0.0108 0.0025 0.0180 0.0121 0.0014 0.0022 
        007s 11 0.8415 0.0342 0.0012 0.0755 0.0392 0.0070 0.0015 
        008s 11 0.4172 0.5752 0.0005 0.0054 0.0004 0.0005 0.0008 
        009s 11 0.9650 0.0154 0.0004 0.0024 0.0004 0.0004 0.0161 
        010s 11 0.8929 0.0040 0.0011 0.0988 0.0004 0.0019 0.0008 
        011s 11 0.0062 0.0072 0.0183 0.8582 0.0074 0.1023 0.0004 
        012s 11 0.0238 0.8641 0.0004 0.0047 0.0004 0.1060 0.0008 
        013s 11 0.7276 0.0174 0.0011 0.2523 0.0004 0.0009 0.0003 
        014s 11 0.0805 0.0990 0.0012 0.8073 0.0078 0.0026 0.0016 
        015s 11 0.8787 0.0910 0.0040 0.0207 0.0017 0.0020 0.0019 
        016s 11 0.6821 0.0121 0.0544 0.2007 0.0004 0.0415 0.0088 
        017s 11 0.0048 0.8923 0.0010 0.0170 0.0004 0.0836 0.0009 
        018s 11 0.0253 0.0222 0.0010 0.9423 0.0017 0.0057 0.0017 
        019s 11 0.9547 0.0135 0.0221 0.0076 0.0010 0.0008 0.0004 
        020s 11 0.3883 0.0051 0.0017 0.5995 0.0008 0.0011 0.0037 
        021s 11 0.9864 0.0085 0.0011 0.0025 0.0006 0.0005 0.0004 
        022s 11 0.6262 0.3209 0.0005 0.0170 0.0322 0.0022 0.0010 
        023s 11 0.0939 0.0248 0.0293 0.8084 0.0004 0.0425 0.0007 
        025s 11 0.9712 0.0217 0.0009 0.0049 0.0005 0.0005 0.0003 
        026s 11 0.9065 0.0017 0.0519 0.0040 0.0008 0.0344 0.0008 
        027s 11 0.9283 0.0624 0.0006 0.0054 0.0022 0.0007 0.0004 
        028s 11 0.9469 0.0382 0.0012 0.0050 0.0011 0.0073 0.0003 
        029s 11 0.9008 0.0368 0.0004 0.0046 0.0005 0.0563 0.0007 
        030s 11 0.0538 0.9002 0.0011 0.0031 0.0012 0.0396 0.0011 
        031s 11 0.9251 0.0670 0.0003 0.0054 0.0009 0.0005 0.0007 
        032s 11 0.8901 0.0265 0.0029 0.0780 0.0004 0.0015 0.0007 
        033s 11 0.8222 0.0319 0.0011 0.1368 0.0007 0.0061 0.0013 
        034s 11 0.0776 0.0113 0.0005 0.9065 0.0028 0.0007 0.0006 
        035s 11 0.4990 0.0045 0.0003 0.4908 0.0020 0.0024 0.0010 
        036s 11 0.0402 0.9325 0.0004 0.0090 0.0015 0.0145 0.0018 
        037s 11 0.0259 0.0245 0.0022 0.9431 0.0004 0.0021 0.0017 
        038s 11 0.2403 0.3940 0.0007 0.3600 0.0005 0.0033 0.0010 
        039s 11 0.9851 0.0064 0.0008 0.0050 0.0003 0.0020 0.0004 
        040s 11 0.8956 0.0226 0.0008 0.0036 0.0028 0.0737 0.0008 
        041s 11 0.9352 0.0292 0.0030 0.0085 0.0011 0.0008 0.0222 
        042s 11 0.3120 0.1500 0.0153 0.5196 0.0009 0.0008 0.0014 
        043s 11 0.9296 0.0071 0.0169 0.0048 0.0009 0.0405 0.0003 
        044s 11 0.7417 0.1891 0.0049 0.0553 0.0072 0.0005 0.0013 
        045s 11 0.8091 0.1546 0.0124 0.0203 0.0026 0.0005 0.0003 
        046s 11 0.0165 0.3602 0.0312 0.5727 0.0017 0.0163 0.0013 
        047s 11 0.5605 0.4317 0.0013 0.0036 0.0017 0.0007 0.0005 
        048s 11 0.9410 0.0122 0.0336 0.0031 0.0023 0.0061 0.0016 
        049s 11 0.8929 0.0948 0.0012 0.0080 0.0005 0.0012 0.0014 
        050s 11 0.9887 0.0029 0.0012 0.0048 0.0015 0.0004 0.0005 
        051s 11 0.8422 0.0317 0.0510 0.0508 0.0232 0.0006 0.0005 
        052s 11 0.0556 0.1111 0.0039 0.8223 0.0032 0.0019 0.0020 
        053s 11 0.9779 0.0115 0.0011 0.0071 0.0003 0.0005 0.0016 
        054s 11 0.9607 0.0175 0.0006 0.0125 0.0072 0.0011 0.0004 
        055s 11 0.0936 0.0024 0.0005 0.8376 0.0009 0.0647 0.0003 
        001s 12 0.9645 0.0119 0.0013 0.0144 0.0050 0.0017 0.0011 
        002s 12 0.9732 0.0208 0.0008 0.0016 0.0005 0.0008 0.0023 
        003s 12 0.9839 0.0073 0.0004 0.0067 0.0005 0.0006 0.0006 
        004s 12 0.9093 0.0238 0.0066 0.0046 0.0006 0.0524 0.0027 
        005s 12 0.4365 0.0057 0.0007 0.5550 0.0005 0.0005 0.0013 
        006s 12 0.7061 0.2149 0.0017 0.0362 0.0031 0.0373 0.0007 
        007s 12 0.9211 0.0667 0.0012 0.0043 0.0014 0.0013 0.0040 
        008s 12 0.9570 0.0253 0.0005 0.0031 0.0014 0.0121 0.0006 
        009s 12 0.3544 0.5775 0.0055 0.0222 0.0013 0.0197 0.0194 
        010s 12 0.8524 0.0311 0.0003 0.0727 0.0310 0.0110 0.0014 
        011s 12 0.9464 0.0328 0.0008 0.0144 0.0029 0.0015 0.0012 
        012s 12 0.1886 0.7964 0.0037 0.0035 0.0061 0.0012 0.0005 
        013s 12 0.9068 0.0504 0.0385 0.0022 0.0004 0.0011 0.0005 
        014s 12 0.0397 0.3378 0.0419 0.5350 0.0376 0.0017 0.0064 
        015s 12 0.9650 0.0224 0.0008 0.0027 0.0007 0.0064 0.0021 
        016s 12 0.9221 0.0690 0.0047 0.0026 0.0006 0.0006 0.0004 
        017s 12 0.9427 0.0144 0.0009 0.0361 0.0012 0.0043 0.0004 
        018s 12 0.3956 0.5804 0.0016 0.0166 0.0002 0.0020 0.0036 
        019s 12 0.9165 0.0344 0.0005 0.0398 0.0004 0.0046 0.0037 
        020s 12 0.8919 0.0176 0.0004 0.0064 0.0004 0.0829 0.0004 
        021s 12 0.6399 0.3506 0.0011 0.0037 0.0006 0.0033 0.0007 
        022s 12 0.8309 0.0573 0.0030 0.0534 0.0013 0.0498 0.0042 
        023s 12 0.9834 0.0049 0.0010 0.0092 0.0003 0.0004 0.0009 
        024s 12 0.2569 0.2770 0.0005 0.4635 0.0005 0.0011 0.0006 
        025s 12 0.9793 0.0053 0.0010 0.0038 0.0027 0.0030 0.0050 
        026s 12 0.8504 0.0075 0.0008 0.0935 0.0008 0.0292 0.0177 
        027s 12 0.9837 0.0060 0.0004 0.0056 0.0009 0.0030 0.0004 
        028s 12 0.0200 0.0042 0.0064 0.9439 0.0005 0.0011 0.0238 
        029s 12 0.6616 0.0049 0.0007 0.3313 0.0004 0.0006 0.0004 
        030s 12 0.9345 0.0545 0.0005 0.0072 0.0013 0.0015 0.0006 
        031s 12 0.9408 0.0440 0.0026 0.0065 0.0011 0.0038 0.0013 
        032s 12 0.1566 0.0608 0.0008 0.7680 0.0006 0.0004 0.0129 
        033s 12 0.9617 0.0110 0.0004 0.0173 0.0078 0.0012 0.0006 
        034s 12 0.1096 0.0057 0.0004 0.8825 0.0005 0.0005 0.0008 
        035s 12 0.8877 0.0264 0.0004 0.0689 0.0009 0.0150 0.0007 
        036s 12 0.4310 0.4902 0.0019 0.0638 0.0078 0.0036 0.0017 
        037s 12 0.9732 0.0200 0.0007 0.0032 0.0004 0.0013 0.0012 
        001s 13 0.9666 0.0078 0.0024 0.0107 0.0008 0.0107 0.0010 
        002s 13 0.0332 0.0417 0.0015 0.8388 0.0010 0.0835 0.0004 
        003s 13 0.9255 0.0667 0.0019 0.0033 0.0004 0.0013 0.0009 
        004s 13 0.9448 0.0319 0.0028 0.0084 0.0005 0.0007 0.0108 
        005s 13 0.9681 0.0125 0.0022 0.0053 0.0065 0.0031 0.0023 
        006s 13 0.7493 0.2371 0.0005 0.0095 0.0012 0.0013 0.0011 
        007s 13 0.9281 0.0304 0.0015 0.0073 0.0310 0.0011 0.0005 
        008s 13 0.8563 0.0781 0.0004 0.0028 0.0011 0.0588 0.0025 
        009s 13 0.8449 0.0067 0.0010 0.0049 0.0023 0.1277 0.0125 
        010s 13 0.0661 0.8602 0.0010 0.0037 0.0007 0.0663 0.0020 
        011s 13 0.6988 0.0448 0.0035 0.2139 0.0242 0.0072 0.0075 
        012s 13 0.0033 0.9261 0.0134 0.0032 0.0013 0.0484 0.0043 
        013s 13 0.4079 0.0140 0.0062 0.5425 0.0098 0.0180 0.0014 
        014s 13 0.7021 0.2555 0.0023 0.0022 0.0357 0.0009 0.0012 
        015s 13 0.9552 0.0051 0.0075 0.0170 0.0006 0.0062 0.0084 
        016s 13 0.9791 0.0150 0.0008 0.0036 0.0005 0.0005 0.0006 
        017s 13 0.9354 0.0234 0.0004 0.0087 0.0105 0.0171 0.0044 
        018s 13 0.9519 0.0254 0.0008 0.0198 0.0006 0.0006 0.0008 
        019s 13 0.7322 0.2124 0.0012 0.0518 0.0016 0.0005 0.0004 
        020s 13 0.0269 0.0029 0.0003 0.9607 0.0051 0.0017 0.0024 
        021s 13 0.9640 0.0097 0.0011 0.0233 0.0004 0.0008 0.0006 
        022s 13 0.9891 0.0039 0.0007 0.0041 0.0006 0.0012 0.0003 
        023s 13 0.9509 0.0123 0.0003 0.0339 0.0004 0.0015 0.0007 
        024s 13 0.7891 0.1419 0.0326 0.0069 0.0061 0.0225 0.0009 
        025s 13 0.9831 0.0093 0.0019 0.0031 0.0006 0.0009 0.0012 
        026s 13 0.0161 0.8767 0.0086 0.0048 0.0053 0.0881 0.0004 
        027s 13 0.9229 0.0200 0.0010 0.0032 0.0018 0.0471 0.0040 
        028s 13 0.4897 0.0173 0.0045 0.4564 0.0126 0.0093 0.0103 
        029s 13 0.0169 0.2204 0.0017 0.7464 0.0017 0.0123 0.0007 
        030s 13 0.1086 0.1058 0.0356 0.6838 0.0006 0.0651 0.0006 
        031s 13 0.7732 0.1200 0.0977 0.0026 0.0015 0.0033 0.0017 
        032s 13 0.9853 0.0056 0.0004 0.0046 0.0028 0.0007 0.0006 
        033s 13 0.9167 0.0341 0.0009 0.0040 0.0382 0.0053 0.0008 
        034s 13 0.0089 0.0050 0.0010 0.9389 0.0070 0.0348 0.0044 
        035s 13 0.7945 0.0068 0.0026 0.1931 0.0006 0.0005 0.0019 
        036s 13 0.8090 0.0259 0.0006 0.1603 0.0006 0.0030 0.0007 
        037s 13 0.9576 0.0291 0.0019 0.0092 0.0005 0.0005 0.0011 
        038s 13 0.3127 0.1688 0.0013 0.5135 0.0013 0.0008 0.0015 
        039s 13 0.8182 0.0024 0.0703 0.0064 0.0010 0.1003 0.0013 
        040s 13 0.8205 0.1671 0.0010 0.0076 0.0010 0.0022 0.0006 
        041s 13 0.7664 0.1600 0.0013 0.0114 0.0025 0.0575 0.0009 
        042s 13 0.0108 0.0052 0.0015 0.9798 0.0012 0.0004 0.0010 
        001s 14 0.0655 0.3016 0.0010 0.6114 0.0006 0.0180 0.0018 
        002s 14 0.9213 0.0060 0.0006 0.0031 0.0023 0.0634 0.0033 
        003s 14 0.0036 0.0044 0.0007 0.9897 0.0004 0.0006 0.0007 
        004s 14 0.9709 0.0049 0.0034 0.0039 0.0061 0.0100 0.0008 
        005s 14 0.7521 0.0269 0.0006 0.2191 0.0002 0.0003 0.0007 
        006s 14 0.9664 0.0119 0.0004 0.0201 0.0004 0.0004 0.0004 
        007s 14 0.9795 0.0052 0.0011 0.0120 0.0008 0.0009 0.0004 
        008s 14 0.0201 0.0098 0.0035 0.8560 0.0019 0.0889 0.0197 
        009s 14 0.9599 0.0056 0.0009 0.0251 0.0007 0.0022 0.0057 
        010s 14 0.5392 0.0102 0.0011 0.3783 0.0004 0.0518 0.0190 
        011s 14 0.5153 0.0233 0.0007 0.4170 0.0357 0.0071 0.0009 
        012s 14 0.0262 0.0295 0.0022 0.9363 0.0024 0.0006 0.0028 
        013s 14 0.0563 0.8024 0.0062 0.1301 0.0030 0.0011 0.0009 
        014s 14 0.7653 0.1800 0.0006 0.0070 0.0006 0.0391 0.0075 
        015s 14 0.9246 0.0427 0.0027 0.0208 0.0007 0.0009 0.0075 
        016s 14 0.8986 0.0855 0.0108 0.0020 0.0004 0.0020 0.0006 
        017s 14 0.7151 0.2099 0.0004 0.0068 0.0130 0.0542 0.0006 
        018s 14 0.9714 0.0184 0.0011 0.0065 0.0004 0.0011 0.0011 
        019s 14 0.9872 0.0054 0.0006 0.0030 0.0020 0.0013 0.0005 
        020s 14 0.2157 0.0080 0.0017 0.7640 0.0003 0.0007 0.0096 
        021s 14 0.9604 0.0174 0.0006 0.0051 0.0004 0.0062 0.0099 
        022s 14 0.6757 0.2838 0.0017 0.0277 0.0037 0.0053 0.0020 
        023s 14 0.9436 0.0221 0.0047 0.0206 0.0012 0.0058 0.0020 
        024s 14 0.6477 0.0058 0.0014 0.2837 0.0025 0.0547 0.0042 
        025s 14 0.8202 0.0152 0.0003 0.1024 0.0004 0.0611 0.0004 
        026s 14 0.6388 0.3441 0.0015 0.0118 0.0002 0.0012 0.0024 
        027s 14 0.7471 0.1978 0.0039 0.0481 0.0007 0.0017 0.0007 
        028s 14 0.8605 0.0877 0.0007 0.0452 0.0026 0.0007 0.0026 
        029s 14 0.9483 0.0385 0.0011 0.0109 0.0002 0.0004 0.0006 
        030s 14 0.0416 0.8511 0.0007 0.0947 0.0105 0.0008 0.0006 
        031s 14 0.5763 0.0404 0.0013 0.3639 0.0170 0.0004 0.0007 
        032s 14 0.6759 0.0536 0.0017 0.2661 0.0007 0.0015 0.0005 
        033s 14 0.5008 0.0428 0.0013 0.4008 0.0530 0.0005 0.0008 
        034s 14 0.9754 0.0200 0.0008 0.0025 0.0003 0.0005 0.0005 
        035s 14 0.0074 0.8206 0.0007 0.0168 0.0787 0.0754 0.0004 
        036s 14 0.1529 0.0059 0.0071 0.7256 0.0380 0.0685 0.0019 
        037s 14 0.9317 0.0417 0.0033 0.0205 0.0004 0.0014 0.0010 
        038s 14 0.9593 0.0228 0.0005 0.0152 0.0010 0.0006 0.0005 
        039s 14 0.9599 0.0192 0.0054 0.0073 0.0018 0.0032 0.0033 
        040s 14 0.9203 0.0379 0.0013 0.0249 0.0006 0.0144 0.0005 
        041s 14 0.0189 0.6563 0.0007 0.3217 0.0009 0.0008 0.0007 
        042s 14 0.4198 0.4975 0.0015 0.0057 0.0004 0.0744 0.0007 
        001s 15 0.5207 0.0222 0.0013 0.4539 0.0004 0.0008 0.0007 
        002s 15 0.4604 0.2655 0.0109 0.1602 0.0021 0.0911 0.0098 
        003s 15 0.9585 0.0163 0.0047 0.0065 0.0008 0.0122 0.0009 
        004s 15 0.0548 0.9315 0.0003 0.0027 0.0003 0.0007 0.0097 
        005s 15 0.9484 0.0236 0.0067 0.0035 0.0019 0.0145 0.0014 
        006s 15 0.8990 0.0640 0.0008 0.0144 0.0016 0.0194 0.0008 
        007s 15 0.9018 0.0753 0.0005 0.0201 0.0005 0.0005 0.0013 
        008s 15 0.8046 0.1848 0.0003 0.0079 0.0008 0.0007 0.0009 
        009s 15 0.0687 0.8621 0.0381 0.0029 0.0022 0.0253 0.0008 
        010s 15 0.0751 0.0458 0.0016 0.8760 0.0005 0.0007 0.0004 
        011s 15 0.0047 0.9335 0.0013 0.0008 0.0583 0.0011 0.0003 
        012s 15 0.9351 0.0527 0.0022 0.0038 0.0013 0.0036 0.0014 
        013s 15 0.0310 0.0176 0.0016 0.9394 0.0004 0.0008 0.0092 
        014s 15 0.9599 0.0214 0.0048 0.0056 0.0012 0.0025 0.0047 
        015s 15 0.8478 0.0625 0.0043 0.0016 0.0054 0.0770 0.0013 
        016s 15 0.0188 0.0377 0.0004 0.8298 0.0669 0.0034 0.0430 
        017s 15 0.9752 0.0029 0.0022 0.0041 0.0007 0.0019 0.0129 
        018s 15 0.4292 0.0384 0.0007 0.5267 0.0003 0.0024 0.0023 
        019s 15 0.0101 0.5541 0.0027 0.4268 0.0005 0.0052 0.0007 
        020s 15 0.4661 0.0575 0.0006 0.4740 0.0005 0.0008 0.0005 
        021s 15 0.3128 0.5587 0.0038 0.0452 0.0007 0.0767 0.0021 
        022s 15 0.2551 0.6961 0.0007 0.0445 0.0020 0.0009 0.0007 
        023s 15 0.1389 0.8180 0.0010 0.0143 0.0020 0.0251 0.0007 
        024s 15 0.9749 0.0174 0.0008 0.0030 0.0015 0.0020 0.0004 
        025s 15 0.9194 0.0342 0.0199 0.0158 0.0016 0.0071 0.0020 
        026s 15 0.9520 0.0084 0.0223 0.0099 0.0011 0.0017 0.0046 
        027s 15 0.9477 0.0048 0.0009 0.0199 0.0110 0.0028 0.0129 
        028s 15 0.9743 0.0124 0.0012 0.0083 0.0013 0.0005 0.0020 
        029s 15 0.9793 0.0113 0.0015 0.0048 0.0010 0.0007 0.0015 
        030s 15 0.9266 0.0628 0.0006 0.0077 0.0004 0.0004 0.0015 
        031s 15 0.8881 0.0126 0.0099 0.0205 0.0015 0.0656 0.0018 
        032s 15 0.9654 0.0299 0.0018 0.0011 0.0003 0.0005 0.0010 
        033s 15 0.0163 0.0286 0.0003 0.9041 0.0009 0.0484 0.0014 
        035s 15 0.7287 0.2601 0.0008 0.0032 0.0026 0.0021 0.0025 
        036s 15 0.4449 0.0906 0.0077 0.4547 0.0008 0.0008 0.0004 
        037s 15 0.9144 0.0614 0.0010 0.0122 0.0096 0.0009 0.0005 
        038s 15 0.5986 0.3912 0.0006 0.0029 0.0010 0.0049 0.0008 
        039s 15 0.0147 0.5042 0.0004 0.4056 0.0003 0.0742 0.0006 
        040s 15 0.8356 0.1293 0.0006 0.0253 0.0018 0.0044 0.0029 
        041s 15 0.8888 0.0094 0.0033 0.0215 0.0049 0.0715 0.0007 
        042s 15 0.9775 0.0057 0.0011 0.0061 0.0005 0.0062 0.0029 
        043s 15 0.5640 0.0046 0.0018 0.4178 0.0013 0.0102 0.0003 
        044s 15 0.9645 0.0220 0.0009 0.0048 0.0006 0.0059 0.0013 
        045s 15 0.3670 0.5097 0.0782 0.0034 0.0369 0.0028 0.0021 
        046s 15 0.9403 0.0164 0.0011 0.0168 0.0053 0.0194 0.0006 
        047s 15 0.8337 0.1247 0.0006 0.0082 0.0022 0.0301 0.0005 
        048s 15 0.6424 0.0085 0.0239 0.3229 0.0008 0.0005 0.0011 
        049s 15 0.9072 0.0212 0.0006 0.0545 0.0014 0.0147 0.0005 
        050s 15 0.8345 0.0105 0.0027 0.0080 0.0006 0.1339 0.0098 
         001 16 0.0938 0.1339 0.0009 0.5875 0.0176 0.1643 0.0020 
         002 16 0.7826 0.1613 0.0010 0.0057 0.0009 0.0480 0.0005 
         003 16 0.7591 0.2220 0.0012 0.0041 0.0056 0.0046 0.0033 
         004 16 0.7084 0.2848 0.0011 0.0031 0.0012 0.0009 0.0005 
         005 16 0.8999 0.0143 0.0240 0.0031 0.0042 0.0523 0.0021 
         006 16 0.7205 0.2493 0.0111 0.0025 0.0017 0.0134 0.0015 
         007 16 0.8581 0.1128 0.0015 0.0200 0.0009 0.0058 0.0009 
         008 16 0.0321 0.6134 0.0008 0.2103 0.0044 0.1374 0.0016 
         009 16 0.4874 0.0108 0.0007 0.4974 0.0005 0.0024 0.0008 
         010 16 0.2119 0.5804 0.0015 0.1847 0.0006 0.0202 0.0008 
         011 16 0.0259 0.1429 0.0027 0.8204 0.0015 0.0061 0.0006 
         012 16 0.7029 0.2194 0.0015 0.0708 0.0031 0.0008 0.0015 
         013 16 0.9188 0.0719 0.0004 0.0067 0.0008 0.0007 0.0006 
         014 16 0.9395 0.0176 0.0004 0.0042 0.0013 0.0360 0.0010 
         015 16 0.5881 0.0339 0.3661 0.0060 0.0029 0.0005 0.0025 
         016 16 0.9307 0.0421 0.0151 0.0042 0.0004 0.0023 0.0053 
         017 16 0.2227 0.1371 0.0018 0.6258 0.0068 0.0045 0.0013 
         018 16 0.8245 0.0974 0.0250 0.0009 0.0036 0.0391 0.0096 
         019 16 0.0490 0.0066 0.0009 0.8855 0.0066 0.0501 0.0013 
         020 16 0.9356 0.0569 0.0007 0.0046 0.0007 0.0003 0.0012 
         021 16 0.8127 0.0437 0.0007 0.0076 0.0365 0.0960 0.0029 
         022 16 0.9335 0.0266 0.0022 0.0008 0.0003 0.0356 0.0010 
         023 16 0.0389 0.0075 0.0183 0.9124 0.0009 0.0209 0.0011 
         024 16 0.4534 0.0098 0.0317 0.4958 0.0004 0.0073 0.0016 
         025 16 0.2015 0.0091 0.0054 0.7247 0.0182 0.0399 0.0012 
         026 16 0.0867 0.8041 0.0039 0.0017 0.0014 0.1016 0.0005 
         027 16 0.9207 0.0437 0.0017 0.0049 0.0004 0.0201 0.0086 
         028 16 0.6929 0.0547 0.0003 0.0594 0.0238 0.1461 0.0228 
         029 16 0.0294 0.9303 0.0007 0.0030 0.0334 0.0018 0.0014 
         030 16 0.3662 0.0281 0.0007 0.5972 0.0069 0.0006 0.0004 
         031 16 0.9246 0.0562 0.0006 0.0026 0.0008 0.0012 0.0139 
         032 16 0.6889 0.2002 0.0063 0.0120 0.0013 0.0898 0.0016 
         033 16 0.9866 0.0049 0.0003 0.0063 0.0010 0.0006 0.0003 
         034 16 0.4575 0.0076 0.0012 0.5259 0.0045 0.0029 0.0005 
         035 16 0.9691 0.0226 0.0003 0.0064 0.0008 0.0003 0.0006 
         036 16 0.7781 0.0522 0.0022 0.1641 0.0005 0.0009 0.0019 
         037 16 0.2276 0.3238 0.0041 0.4060 0.0190 0.0182 0.0012 
         038 16 0.9051 0.0074 0.0058 0.0774 0.0009 0.0022 0.0013 
         039 16 0.6003 0.0015 0.0005 0.3950 0.0005 0.0012 0.0011 
         040 16 0.9621 0.0172 0.0018 0.0151 0.0019 0.0014 0.0005 
         041 16 0.8599 0.1296 0.0016 0.0067 0.0008 0.0009 0.0005 
         042 16 0.8465 0.0096 0.0006 0.1390 0.0008 0.0013 0.0021 
         043 16 0.9731 0.0035 0.0010 0.0199 0.0006 0.0009 0.0010 
         044 16 0.2524 0.0581 0.0015 0.6793 0.0013 0.0047 0.0026 
         045 16 0.8951 0.0805 0.0003 0.0112 0.0073 0.0031 0.0025 
         047 16 0.9057 0.0236 0.0012 0.0208 0.0381 0.0024 0.0083 
         048 16 0.9816 0.0065 0.0007 0.0050 0.0033 0.0020 0.0009 
         049 16 0.8859 0.0049 0.0045 0.1002 0.0033 0.0005 0.0007 
         050 16 0.5153 0.4760 0.0004 0.0063 0.0012 0.0004 0.0004 
         051 16 0.9320 0.0393 0.0006 0.0235 0.0013 0.0011 0.0021 
         052 16 0.9112 0.0260 0.0008 0.0607 0.0005 0.0003 0.0005 
         053 16 0.9175 0.0490 0.0007 0.0306 0.0007 0.0003 0.0012 
         054 16 0.5067 0.0224 0.0005 0.4045 0.0005 0.0643 0.0011 
         055 16 0.5788 0.3201 0.0005 0.0351 0.0533 0.0117 0.0005 
         056 16 0.0418 0.9431 0.0076 0.0049 0.0005 0.0012 0.0008 
         057 16 0.0074 0.0019 0.0003 0.9054 0.0005 0.0841 0.0004 
         058 16 0.5606 0.0221 0.0102 0.3107 0.0039 0.0923 0.0002 
         059 16 0.6375 0.0211 0.0867 0.1498 0.0117 0.0861 0.0071 
         060 16 0.7010 0.0559 0.0092 0.2297 0.0009 0.0025 0.0009 
         061 16 0.4414 0.0510 0.0030 0.5009 0.0009 0.0017 0.0011 
         062 16 0.9251 0.0441 0.0005 0.0202 0.0083 0.0007 0.0012 
         063 16 0.9632 0.0088 0.0007 0.0225 0.0007 0.0035 0.0006 
         064 16 0.8498 0.1339 0.0025 0.0123 0.0006 0.0006 0.0004 
         065 16 0.6243 0.0074 0.0021 0.3602 0.0024 0.0011 0.0025 
         066 16 0.9502 0.0401 0.0006 0.0067 0.0006 0.0005 0.0014 
         067 16 0.8958 0.0018 0.0751 0.0219 0.0032 0.0012 0.0009 
         068 16 0.8891 0.0630 0.0286 0.0125 0.0015 0.0044 0.0010 
         069 16 0.7674 0.2031 0.0004 0.0211 0.0006 0.0010 0.0063 
         070 16 0.6668 0.1391 0.0008 0.1826 0.0012 0.0070 0.0024 
         071 16 0.8996 0.0110 0.0005 0.0011 0.0095 0.0777 0.0006 
         072 16 0.8443 0.1273 0.0013 0.0178 0.0006 0.0079 0.0008 
         073 16 0.5891 0.1595 0.0006 0.2465 0.0019 0.0016 0.0008 
         074 16 0.9782 0.0150 0.0003 0.0046 0.0007 0.0005 0.0007 
         075 16 0.0049 0.9673 0.0012 0.0052 0.0042 0.0166 0.0006 
         076 16 0.9860 0.0060 0.0005 0.0046 0.0009 0.0013 0.0008 
         077 16 0.8419 0.0477 0.0537 0.0025 0.0056 0.0135 0.0350 
         078 16 0.0008 0.0007 0.0012 0.9891 0.0006 0.0069 0.0006 
         079 16 0.7877 0.1154 0.0007 0.0016 0.0034 0.0893 0.0018 
         080 16 0.4084 0.0085 0.0015 0.5758 0.0004 0.0050 0.0005 
         081 16 0.0023 0.0254 0.0007 0.9246 0.0416 0.0032 0.0023 
         082 16 0.8516 0.0241 0.0003 0.0919 0.0156 0.0158 0.0007 
