        001s  1 0.0006 0.0027 0.1182 0.0004 0.0014 0.3649 0.0003 0.0006 0.5110 
        002s  1 0.0009 0.0063 0.0171 0.0019 0.0004 0.7463 0.0036 0.0007 0.2228 
        003s  1 0.0014 0.0029 0.1171 0.0007 0.0139 0.8530 0.0011 0.0032 0.0066 
        004s  1 0.0049 0.0023 0.2569 0.0026 0.0006 0.5390 0.0238 0.0051 0.1647 
        005s  1 0.0010 0.2001 0.0020 0.1102 0.0004 0.4483 0.1139 0.1177 0.0065 
        006s  1 0.0004 0.0038 0.0344 0.0004 0.0004 0.0026 0.0022 0.0007 0.9551 
        007s  1 0.0045 0.0010 0.6717 0.0009 0.0011 0.0223 0.0004 0.0028 0.2953 
        008s  1 0.0011 0.0535 0.3546 0.0059 0.0014 0.5621 0.0011 0.0016 0.0187 
        009s  1 0.0072 0.0177 0.0686 0.0208 0.0041 0.3851 0.0016 0.0253 0.4696 
        010s  1 0.0004 0.0038 0.0202 0.0031 0.0007 0.0072 0.0010 0.0091 0.9544 
        011s  1 0.0023 0.0035 0.0575 0.0045 0.0034 0.0106 0.0019 0.0022 0.9141 
        012s  1 0.0009 0.0029 0.8364 0.0058 0.0072 0.0180 0.0047 0.0992 0.0249 
        013s  1 0.0079 0.0053 0.1504 0.0150 0.0015 0.0593 0.0062 0.0009 0.7536 
        014s  1 0.0051 0.0227 0.0886 0.0011 0.0219 0.0066 0.0020 0.0201 0.8319 
        015s  1 0.0007 0.0039 0.0112 0.0030 0.0006 0.0102 0.0004 0.0007 0.9695 
        016s  1 0.0067 0.0022 0.9075 0.0004 0.0008 0.0512 0.0008 0.0029 0.0276 
        018s  1 0.0005 0.0634 0.8080 0.0097 0.0016 0.0087 0.0008 0.1045 0.0028 
        019s  1 0.0009 0.0138 0.1899 0.0043 0.0057 0.1234 0.0006 0.0129 0.6485 
        020s  1 0.0088 0.0049 0.1059 0.0014 0.0097 0.0082 0.0003 0.0009 0.8600 
        021s  1 0.0061 0.0042 0.0096 0.0011 0.0009 0.0188 0.0064 0.0004 0.9526 
        022s  1 0.0011 0.0027 0.0045 0.0004 0.0006 0.9664 0.0006 0.0003 0.0234 
        023s  1 0.0092 0.0333 0.0323 0.0019 0.0005 0.1605 0.0006 0.0004 0.7613 
        024s  1 0.0012 0.0066 0.5354 0.0017 0.0005 0.0059 0.0022 0.0013 0.4452 
        025s  1 0.0014 0.1577 0.1320 0.0093 0.0005 0.0165 0.0009 0.0062 0.6754 
        026s  1 0.0103 0.0239 0.5730 0.0023 0.0051 0.0097 0.0004 0.0006 0.3748 
        027s  1 0.0034 0.1613 0.1547 0.0115 0.0006 0.0176 0.0161 0.0018 0.6331 
        028s  1 0.0006 0.2275 0.4710 0.0139 0.0015 0.0052 0.0393 0.0206 0.2203 
        029s  1 0.0008 0.0026 0.0198 0.0008 0.0068 0.0068 0.0007 0.0012 0.9605 
        030s  1 0.0007 0.1200 0.0265 0.0094 0.0057 0.0016 0.0075 0.0011 0.8275 
        031s  1 0.0010 0.0047 0.0132 0.0002 0.0004 0.0623 0.0004 0.0004 0.9175 
        032s  1 0.0007 0.0092 0.1298 0.0004 0.0012 0.0079 0.0005 0.0006 0.8497 
        033s  1 0.0011 0.0211 0.2916 0.0084 0.0012 0.0113 0.0005 0.0029 0.6621 
        034s  1 0.0551 0.0011 0.2805 0.0033 0.0042 0.5384 0.0025 0.0010 0.1139 
        035s  1 0.0011 0.0013 0.0104 0.0008 0.0015 0.0025 0.0023 0.0027 0.9774 
        036s  1 0.0014 0.0015 0.2375 0.0039 0.0003 0.5363 0.0013 0.0952 0.1225 
        037s  1 0.0221 0.0013 0.8366 0.0175 0.0018 0.0177 0.0037 0.0954 0.0040 
        038s  1 0.0010 0.0061 0.0422 0.0058 0.0006 0.0189 0.0008 0.0018 0.9228 
        039s  1 0.0005 0.0535 0.4119 0.0359 0.0008 0.0256 0.0026 0.0003 0.4691 
        040s  1 0.0025 0.0012 0.8552 0.0013 0.0005 0.0956 0.0035 0.0014 0.0388 
        041s  1 0.0043 0.0071 0.1648 0.0012 0.0010 0.0091 0.0003 0.0035 0.8088 
        042s  1 0.0794 0.0108 0.4211 0.0003 0.0013 0.0477 0.0005 0.0745 0.3643 
        043s  1 0.0007 0.1257 0.0037 0.0240 0.0010 0.8360 0.0004 0.0015 0.0070 
        044s  1 0.0053 0.0173 0.2897 0.0217 0.0022 0.1629 0.0105 0.0657 0.4246 
        045s  1 0.0009 0.0106 0.0283 0.0005 0.0015 0.0029 0.0027 0.0105 0.9422 
        046s  1 0.0007 0.0023 0.0410 0.0004 0.0016 0.0187 0.0004 0.0018 0.9331 
        047s  1 0.0047 0.0017 0.0192 0.0018 0.0014 0.0033 0.0002 0.0009 0.9669 
        048s  1 0.0009 0.0027 0.0021 0.0125 0.0006 0.4574 0.0002 0.0209 0.5027 
        049s  1 0.0004 0.0024 0.0218 0.0040 0.0008 0.9289 0.0024 0.0005 0.0387 
        050s  1 0.0007 0.0051 0.0046 0.0013 0.0004 0.0396 0.0047 0.0921 0.8514 
        051s  1 0.0009 0.0025 0.2473 0.0002 0.0261 0.0064 0.0007 0.0005 0.7154 
        052s  1 0.0012 0.0908 0.6252 0.0049 0.0138 0.0153 0.0036 0.0059 0.2392 
        053s  1 0.0006 0.0014 0.3681 0.0037 0.0003 0.0071 0.0004 0.0014 0.6170 
        054s  1 0.0006 0.0013 0.0079 0.0013 0.0021 0.0040 0.0029 0.0003 0.9795 
        055s  1 0.0760 0.0266 0.0144 0.0203 0.0020 0.0085 0.0004 0.0566 0.7952 
          01  2 0.0022 0.0266 0.7028 0.0040 0.0233 0.0039 0.0015 0.1012 0.1344 
          02  2 0.0007 0.0034 0.8786 0.0294 0.0013 0.0044 0.0011 0.0037 0.0775 
          03  2 0.0012 0.0055 0.1785 0.0042 0.0005 0.0074 0.0010 0.0012 0.8006 
          04  2 0.0140 0.1524 0.0218 0.0137 0.0012 0.0834 0.0139 0.0007 0.6988 
          05  2 0.0004 0.0465 0.0380 0.0111 0.0003 0.8030 0.0003 0.0885 0.0119 
          06  2 0.0009 0.0118 0.3512 0.0122 0.0006 0.0075 0.0024 0.0146 0.5988 
          07  2 0.0009 0.0041 0.0262 0.0046 0.0012 0.1301 0.0023 0.0046 0.8259 
          08  2 0.0009 0.0681 0.0162 0.0033 0.0010 0.7238 0.0005 0.0768 0.1094 
          09  2 0.0003 0.0011 0.0208 0.0003 0.0095 0.0728 0.0004 0.0006 0.8942 
          10  2 0.0005 0.0069 0.9321 0.0016 0.0007 0.0073 0.0008 0.0009 0.0493 
          11  2 0.0035 0.0046 0.1466 0.0009 0.0075 0.0258 0.0006 0.0217 0.7889 
          12  2 0.0007 0.0421 0.0359 0.0016 0.0021 0.0119 0.0006 0.0005 0.9047 
          13  2 0.0007 0.0014 0.0023 0.0042 0.0010 0.1273 0.0003 0.0003 0.8625 
          14  2 0.0329 0.0013 0.0100 0.0034 0.0042 0.3510 0.0087 0.0004 0.5881 
          15  2 0.0008 0.0065 0.0510 0.0009 0.0019 0.3478 0.0005 0.0005 0.5901 
          16  2 0.0057 0.0102 0.6538 0.0031 0.0037 0.0039 0.0532 0.0006 0.2657 
          17  2 0.0013 0.1052 0.7048 0.0097 0.0010 0.0402 0.0007 0.0018 0.1352 
          18  2 0.0008 0.0027 0.8505 0.0091 0.0012 0.0029 0.0020 0.0079 0.1229 
          19  2 0.0040 0.0023 0.0323 0.0008 0.0014 0.0063 0.0003 0.0022 0.9503 
          20  2 0.0025 0.0015 0.9376 0.0011 0.0011 0.0030 0.0060 0.0404 0.0067 
          21  2 0.0006 0.0054 0.3650 0.0012 0.0196 0.0101 0.0005 0.0015 0.5961 
          22  2 0.0073 0.0394 0.0222 0.0066 0.0053 0.0023 0.0060 0.0018 0.9092 
          23  2 0.0015 0.0053 0.9570 0.0022 0.0006 0.0043 0.0010 0.0012 0.0268 
          24  2 0.0008 0.0063 0.1674 0.0007 0.0016 0.0043 0.0006 0.0007 0.8176 
          25  2 0.0010 0.0028 0.0125 0.0022 0.0030 0.1137 0.0248 0.0065 0.8336 
          26  2 0.0003 0.0005 0.0013 0.0005 0.0010 0.9946 0.0003 0.0004 0.0009 
          27  2 0.0041 0.0039 0.0394 0.0029 0.0014 0.0397 0.0227 0.0012 0.8847 
          28  2 0.0037 0.0184 0.0041 0.0026 0.0011 0.0441 0.0002 0.0013 0.9245 
          29  2 0.0003 0.0013 0.2562 0.0005 0.0008 0.0067 0.0013 0.0016 0.7312 
          30  2 0.0705 0.0018 0.7684 0.0027 0.0062 0.0098 0.0004 0.1349 0.0052 
          01  3 0.0141 0.1231 0.2535 0.4263 0.0005 0.0344 0.0056 0.1416 0.0011 
          02  3 0.0084 0.2042 0.0327 0.2471 0.0742 0.0031 0.2666 0.1365 0.0274 
          03  3 0.0039 0.5469 0.0861 0.0459 0.0010 0.0160 0.1769 0.1200 0.0033 
          04  3 0.0019 0.3666 0.0086 0.2294 0.0012 0.0062 0.1655 0.2173 0.0034 
          05  3 0.1076 0.2267 0.0004 0.1793 0.1068 0.0003 0.2433 0.1352 0.0004 
          06  3 0.0008 0.3494 0.0004 0.2401 0.0002 0.0039 0.2726 0.1320 0.0006 
          07  3 0.0002 0.5399 0.0828 0.0333 0.0013 0.0004 0.1378 0.1793 0.0250 
          08  3 0.0034 0.3443 0.0510 0.1437 0.0076 0.0048 0.1984 0.1972 0.0497 
          09  3 0.0017 0.4988 0.0422 0.0376 0.0003 0.0036 0.1483 0.2420 0.0255 
          10  3 0.1127 0.1933 0.0192 0.1783 0.2087 0.0020 0.2540 0.0303 0.0014 
          11  3 0.0002 0.5832 0.0233 0.0484 0.0004 0.0009 0.1570 0.1771 0.0096 
          12  3 0.0002 0.5529 0.0313 0.0514 0.0002 0.0135 0.1644 0.1857 0.0004 
          13  3 0.0002 0.2978 0.0005 0.2711 0.0075 0.0006 0.2867 0.1348 0.0008 
          14  3 0.1432 0.2499 0.0011 0.1943 0.0290 0.0017 0.2842 0.0939 0.0028 
          15  3 0.0009 0.4124 0.0306 0.1207 0.0003 0.0152 0.1293 0.1839 0.1067 
          16  3 0.0040 0.2336 0.0104 0.4048 0.0026 0.0028 0.2964 0.0323 0.0130 
          17  3 0.0006 0.2784 0.1895 0.0961 0.0008 0.0180 0.0855 0.2820 0.0490 
          18  3 0.2720 0.1539 0.0017 0.1498 0.1591 0.0015 0.2124 0.0458 0.0037 
          19  3 0.0133 0.2938 0.0030 0.3186 0.0009 0.0093 0.2434 0.0942 0.0235 
          20  3 0.0572 0.3129 0.0043 0.2556 0.0004 0.0152 0.1343 0.2074 0.0125 
          21  3 0.0101 0.2177 0.1060 0.3535 0.0010 0.0129 0.1519 0.1175 0.0294 
          22  3 0.0013 0.5277 0.0384 0.0693 0.0008 0.0268 0.0916 0.2393 0.0048 
          23  3 0.0022 0.2849 0.0854 0.2783 0.0005 0.0050 0.1602 0.1791 0.0044 
          24  3 0.0012 0.2039 0.0036 0.1971 0.1638 0.0081 0.1312 0.2854 0.0057 
          25  3 0.1273 0.1721 0.0003 0.2637 0.2430 0.0003 0.1147 0.0782 0.0004 
          26  3 0.0004 0.4921 0.0012 0.0801 0.0005 0.0162 0.1843 0.2230 0.0023 
          27  3 0.1767 0.2110 0.0013 0.2523 0.1327 0.0069 0.1765 0.0416 0.0010 
          28  3 0.0002 0.2752 0.0062 0.3437 0.0016 0.0009 0.2133 0.1554 0.0035 
          29  3 0.0199 0.2613 0.0339 0.3050 0.0032 0.0027 0.1968 0.1741 0.0031 
          30  3 0.0004 0.2952 0.0027 0.2421 0.0014 0.1695 0.0739 0.2051 0.0096 
         001  4 0.0001 0.0001 0.0001 0.0001 0.0001 0.0001 0.0001 0.9994 0.0001 
         002  4 0.0002 0.0125 0.0003 0.0009 0.0002 0.0002 0.0004 0.9852 0.0002 
         003  4 0.0001 0.0001 0.0001 0.0001 0.0001 0.0001 0.0001 0.9993 0.0001 
         004  4 0.0001 0.0001 0.0001 0.0002 0.0001 0.0001 0.0002 0.9991 0.0001 
         005  4 0.0001 0.0001 0.0001 0.0001 0.0002 0.0001 0.0003 0.9989 0.0001 
         006  4 0.0003 0.0486 0.0004 0.0181 0.0003 0.0005 0.0607 0.8709 0.0005 
         007  4 0.0004 0.0516 0.0003 0.0002 0.0002 0.0023 0.0542 0.8903 0.0005 
         008  4 0.0022 0.0003 0.0004 0.0007 0.0018 0.0008 0.0012 0.9921 0.0006 
         009  4 0.0001 0.0001 0.0001 0.0001 0.0001 0.0001 0.0002 0.9991 0.0001 
         010  4 0.0001 0.0004 0.0001 0.0001 0.0001 0.0001 0.0318 0.9673 0.0001 
         011  4 0.0135 0.0003 0.0016 0.0012 0.0006 0.0017 0.0434 0.9367 0.0010 
         012  4 0.0001 0.0003 0.0001 0.0001 0.0001 0.0001 0.0001 0.9990 0.0001 
         013  4 0.0001 0.0001 0.0001 0.0002 0.0001 0.0001 0.0001 0.9992 0.0001 
         014  4 0.0001 0.0189 0.0002 0.0001 0.0001 0.0002 0.0001 0.9800 0.0002 
         015  4 0.0001 0.0352 0.0001 0.0003 0.0001 0.0001 0.0001 0.9642 0.0001 
         016  4 0.0001 0.0001 0.0001 0.0001 0.0001 0.0001 0.0003 0.9991 0.0001 
         017  4 0.0001 0.0330 0.0001 0.0003 0.0001 0.0001 0.0001 0.9659 0.0001 
         019  4 0.0006 0.0258 0.0003 0.0039 0.0004 0.0002 0.0926 0.8759 0.0003 
         020  4 0.0001 0.0001 0.0001 0.0001 0.0002 0.0002 0.0001 0.9989 0.0001 
         021  4 0.0002 0.0152 0.0002 0.0002 0.0002 0.0002 0.0349 0.9488 0.0002 
         001  5 0.0261 0.0506 0.0005 0.0074 0.0012 0.0005 0.0009 0.9122 0.0005 
         002  5 0.0022 0.0012 0.0058 0.0345 0.0007 0.0189 0.0003 0.9323 0.0040 
         003  5 0.0015 0.0251 0.1469 0.0846 0.0003 0.0025 0.0373 0.6821 0.0196 
         004  5 0.0023 0.0012 0.0169 0.0061 0.0002 0.0033 0.0018 0.9236 0.0445 
         005  5 0.0004 0.0447 0.0003 0.0472 0.0002 0.0002 0.0005 0.9063 0.0002 
         006  5 0.0002 0.0537 0.0004 0.1326 0.0004 0.0003 0.0272 0.7847 0.0006 
         007  5 0.0002 0.0469 0.0002 0.0641 0.0002 0.0002 0.0522 0.8358 0.0002 
         008  5 0.0001 0.0503 0.0001 0.0645 0.0002 0.0001 0.0006 0.8839 0.0002 
         009  5 0.0013 0.0441 0.0232 0.0184 0.0002 0.0045 0.0057 0.8899 0.0127 
         010  5 0.0011 0.0201 0.0013 0.0975 0.0004 0.0012 0.0297 0.8472 0.0015 
         011  5 0.0019 0.0316 0.0007 0.0559 0.0002 0.0007 0.0002 0.9078 0.0010 
         012  5 0.0023 0.0266 0.0254 0.0201 0.0012 0.0086 0.0762 0.8280 0.0115 
         013  5 0.0009 0.1859 0.0732 0.0719 0.0010 0.0101 0.0023 0.6519 0.0027 
         014  5 0.0146 0.0130 0.0819 0.0576 0.0194 0.0196 0.0728 0.6675 0.0536 
         015  5 0.0002 0.0428 0.0001 0.0270 0.0002 0.0002 0.0219 0.9075 0.0001 
         016  5 0.0004 0.0803 0.0011 0.0208 0.0005 0.0007 0.0408 0.8546 0.0010 
         017  5 0.0003 0.0746 0.0078 0.0542 0.0015 0.0044 0.0540 0.7973 0.0058 
         018  5 0.0140 0.0971 0.0099 0.0586 0.0265 0.0009 0.0042 0.7869 0.0018 
         019  5 0.0007 0.0446 0.0003 0.0008 0.0064 0.0004 0.0002 0.9464 0.0003 
         020  5 0.0002 0.0041 0.0002 0.0006 0.0001 0.0001 0.0001 0.9944 0.0002 
         021  5 0.0017 0.0230 0.0248 0.0042 0.0004 0.0174 0.0003 0.8321 0.0961 
         022  5 0.0134 0.0603 0.0253 0.0008 0.0009 0.0007 0.0106 0.8843 0.0038 
         023  5 0.0011 0.0760 0.0004 0.0463 0.0003 0.0004 0.0021 0.8730 0.0004 
         024  5 0.0006 0.0205 0.0260 0.0064 0.0003 0.0022 0.0713 0.8680 0.0046 
         025  5 0.0004 0.0972 0.0034 0.0180 0.0004 0.0052 0.0524 0.8171 0.0059 
         026  5 0.0003 0.0448 0.0571 0.0126 0.0006 0.0010 0.0197 0.7956 0.0683 
         027  5 0.0002 0.0006 0.0002 0.0002 0.0002 0.0001 0.0013 0.9971 0.0002 
         028  5 0.0038 0.0798 0.0038 0.0030 0.0006 0.0006 0.0350 0.8701 0.0032 
         029  5 0.0003 0.0468 0.0005 0.0162 0.0003 0.0003 0.0011 0.9341 0.0006 
         030  5 0.0005 0.0531 0.0008 0.0139 0.0030 0.0006 0.0006 0.9268 0.0007 
        001s  6 0.0224 0.0063 0.0521 0.0121 0.0008 0.1991 0.0101 0.0008 0.6963 
        002s  6 0.0010 0.0185 0.0319 0.0072 0.0238 0.0120 0.0004 0.0266 0.8786 
        003s  6 0.0053 0.0143 0.1167 0.0086 0.0006 0.1724 0.0003 0.0082 0.6735 
        004s  6 0.0007 0.0016 0.0515 0.0024 0.0004 0.0139 0.0004 0.0005 0.9287 
        006s  6 0.0055 0.0034 0.8714 0.0039 0.0011 0.0025 0.0205 0.0454 0.0463 
        007s  6 0.0005 0.0283 0.0089 0.0029 0.0010 0.0028 0.0033 0.0005 0.9518 
        008s  6 0.0046 0.0299 0.8895 0.0011 0.0027 0.0097 0.0006 0.0017 0.0601 
        009s  6 0.0010 0.0227 0.2694 0.0012 0.0009 0.0054 0.0005 0.0003 0.6986 
        010s  6 0.0137 0.0040 0.0602 0.0034 0.0125 0.0024 0.0050 0.0272 0.8716 
        011s  6 0.0015 0.0262 0.0860 0.0107 0.0003 0.0009 0.0015 0.0004 0.8726 
        012s  6 0.0013 0.0085 0.1046 0.0017 0.0021 0.0081 0.0024 0.0006 0.8708 
        013s  6 0.0004 0.0086 0.0305 0.0007 0.0008 0.0085 0.0011 0.0008 0.9487 
        014s  6 0.0005 0.0308 0.0038 0.0067 0.0003 0.3511 0.0004 0.0327 0.5736 
        015s  6 0.0046 0.0712 0.7060 0.0008 0.0010 0.0029 0.0075 0.0053 0.2006 
        016s  6 0.0009 0.0008 0.0199 0.0010 0.0004 0.0813 0.0018 0.0003 0.8937 
        018s  6 0.0027 0.0010 0.0635 0.0620 0.0007 0.0083 0.0003 0.2202 0.6413 
        019s  6 0.0038 0.0961 0.0155 0.0161 0.0007 0.0361 0.0014 0.0042 0.8261 
        020s  6 0.0005 0.0112 0.0083 0.0083 0.0010 0.0469 0.0006 0.0004 0.9229 
        021s  6 0.0032 0.0021 0.0644 0.0108 0.0010 0.0037 0.0091 0.0010 0.9048 
        022s  6 0.0047 0.0208 0.0033 0.0035 0.0005 0.0316 0.0003 0.0008 0.9345 
        023s  6 0.0007 0.1366 0.1834 0.0100 0.0005 0.5481 0.0004 0.0100 0.1101 
        024s  6 0.0011 0.0015 0.9190 0.0028 0.0011 0.0092 0.0031 0.0233 0.0388 
        025s  6 0.0711 0.0015 0.0364 0.0045 0.0007 0.0182 0.0011 0.0013 0.8653 
        026s  6 0.0006 0.0040 0.0553 0.0007 0.0017 0.0125 0.0008 0.0005 0.9239 
        027s  6 0.0007 0.0184 0.1768 0.0003 0.0009 0.0131 0.0007 0.0013 0.7879 
        028s  6 0.0081 0.0219 0.0202 0.0078 0.0477 0.0021 0.0052 0.0062 0.8809 
        029s  6 0.0010 0.0271 0.0190 0.0050 0.0020 0.0033 0.0004 0.0005 0.9417 
        030s  6 0.0073 0.0509 0.6010 0.0020 0.0015 0.0022 0.0006 0.0459 0.2886 
        031s  6 0.0004 0.0062 0.0078 0.0008 0.0003 0.6055 0.0072 0.0021 0.3695 
        032s  6 0.0006 0.0025 0.1950 0.0365 0.0004 0.0059 0.0007 0.0018 0.7565 
        033s  6 0.0008 0.0573 0.0083 0.0006 0.0005 0.0027 0.0002 0.0484 0.8810 
        034s  6 0.0092 0.0437 0.7788 0.0020 0.0004 0.0080 0.0033 0.0015 0.1530 
        035s  6 0.0007 0.0019 0.0011 0.0004 0.0009 0.8665 0.0005 0.1270 0.0009 
        036s  6 0.0017 0.0065 0.0315 0.0119 0.0002 0.0113 0.0027 0.0004 0.9337 
        037s  6 0.0013 0.0101 0.0235 0.0028 0.0019 0.0043 0.0006 0.0007 0.9547 
        038s  6 0.0007 0.0007 0.0168 0.0007 0.0012 0.1663 0.0031 0.0003 0.8103 
        039s  6 0.0009 0.0341 0.8900 0.0037 0.0006 0.0183 0.0004 0.0002 0.0519 
        040s  6 0.0003 0.0497 0.2046 0.0047 0.0005 0.2293 0.0012 0.0002 0.5094 
        041s  6 0.0032 0.0042 0.6148 0.0038 0.0039 0.3214 0.0002 0.0431 0.0054 
        042s  6 0.0566 0.0025 0.0683 0.0016 0.0040 0.0264 0.0012 0.0118 0.8276 
        043s  6 0.0054 0.0027 0.0111 0.0008 0.0003 0.0037 0.0018 0.0011 0.9731 
        044s  6 0.0004 0.0018 0.3139 0.0008 0.0018 0.1897 0.0004 0.0011 0.4901 
        045s  6 0.0028 0.0080 0.4869 0.0015 0.0010 0.0235 0.0005 0.0045 0.4713 
        001s  7 0.0009 0.0391 0.0222 0.0008 0.0005 0.8337 0.0006 0.0015 0.1007 
        002s  7 0.0018 0.0327 0.0041 0.0060 0.0018 0.4747 0.0007 0.0184 0.4597 
        003s  7 0.0010 0.0029 0.1108 0.0019 0.0013 0.8759 0.0017 0.0011 0.0035 
        004s  7 0.0006 0.0040 0.0492 0.0009 0.0012 0.0404 0.0030 0.0010 0.8997 
        005s  7 0.0038 0.0065 0.2281 0.0039 0.0010 0.0410 0.0024 0.0154 0.6978 
        006s  7 0.0049 0.0062 0.4333 0.0021 0.0002 0.0056 0.0011 0.0517 0.4950 
        007s  7 0.0014 0.0021 0.3174 0.0024 0.0195 0.0062 0.0081 0.0051 0.6378 
        008s  7 0.0014 0.0279 0.0032 0.0011 0.0029 0.9459 0.0004 0.0087 0.0085 
        009s  7 0.0114 0.0013 0.4367 0.0015 0.0007 0.0122 0.0023 0.0030 0.5308 
        010s  7 0.0015 0.0025 0.0035 0.0010 0.0013 0.9840 0.0003 0.0007 0.0052 
        011s  7 0.0010 0.0025 0.0085 0.0008 0.0008 0.0081 0.0009 0.0004 0.9769 
        012s  7 0.0006 0.0017 0.0864 0.0003 0.0005 0.0044 0.0009 0.0005 0.9047 
        013s  7 0.0046 0.0016 0.6870 0.0007 0.0005 0.0108 0.0088 0.0003 0.2858 
        014s  7 0.0003 0.0035 0.1696 0.0010 0.0004 0.4884 0.0009 0.0432 0.2926 
        015s  7 0.0006 0.0025 0.9682 0.0012 0.0011 0.0040 0.0018 0.0115 0.0090 
        016s  7 0.0016 0.0007 0.0005 0.0004 0.0004 0.9055 0.0002 0.0902 0.0005 
        017s  7 0.0004 0.0025 0.0363 0.0004 0.0003 0.0414 0.0011 0.0020 0.9155 
        018s  7 0.0008 0.2546 0.3247 0.0158 0.0038 0.0071 0.0006 0.0014 0.3913 
        019s  7 0.0056 0.0179 0.9142 0.0036 0.0024 0.0046 0.0007 0.0004 0.0506 
        020s  7 0.0004 0.0018 0.4215 0.0012 0.0003 0.0184 0.0014 0.0004 0.5545 
        021s  7 0.0013 0.0014 0.0047 0.0021 0.0012 0.0056 0.0005 0.0017 0.9816 
        022s  7 0.0008 0.0091 0.0083 0.0007 0.0003 0.0035 0.0042 0.0035 0.9696 
        023s  7 0.0099 0.0074 0.9449 0.0055 0.0012 0.0113 0.0008 0.0022 0.0168 
        024s  7 0.0009 0.0204 0.3407 0.0005 0.0018 0.0085 0.0005 0.0029 0.6238 
        025s  7 0.0011 0.0021 0.1483 0.0030 0.0014 0.0040 0.0028 0.0009 0.8364 
        026s  7 0.0009 0.0044 0.0033 0.0016 0.0013 0.9524 0.0003 0.0028 0.0329 
        027s  7 0.0005 0.0009 0.0049 0.0016 0.0020 0.4501 0.0008 0.0017 0.5374 
        028s  7 0.0006 0.1052 0.0117 0.0072 0.0002 0.0071 0.0006 0.0038 0.8636 
        029s  7 0.0019 0.0155 0.7861 0.0040 0.0011 0.0262 0.0008 0.0057 0.1586 
        030s  7 0.0019 0.0042 0.8075 0.0004 0.0044 0.1686 0.0005 0.0003 0.0122 
        031s  7 0.0140 0.0600 0.4716 0.0009 0.0006 0.0385 0.0019 0.0017 0.4108 
        032s  7 0.0003 0.0127 0.0115 0.0010 0.0059 0.0025 0.0003 0.0885 0.8772 
        033s  7 0.0011 0.0021 0.0041 0.0084 0.0026 0.0060 0.0005 0.0330 0.9422 
        034s  7 0.0006 0.0009 0.9637 0.0042 0.0009 0.0019 0.0192 0.0006 0.0080 
        035s  7 0.0008 0.0013 0.0158 0.0003 0.0006 0.0048 0.0004 0.0003 0.9757 
        036s  7 0.0080 0.0021 0.0175 0.0007 0.0005 0.0552 0.0057 0.0006 0.9098 
        037s  7 0.0049 0.0695 0.0018 0.0421 0.0006 0.0143 0.0011 0.0073 0.8584 
        038s  7 0.0018 0.0651 0.6865 0.0154 0.0006 0.0078 0.0003 0.0018 0.2208 
        039s  7 0.0004 0.1113 0.1179 0.0068 0.0004 0.3526 0.0002 0.0003 0.4101 
        040s  7 0.0005 0.0009 0.0028 0.0015 0.0006 0.9522 0.0359 0.0039 0.0018 
        041s  7 0.0016 0.0036 0.0037 0.0083 0.0018 0.1643 0.0003 0.0170 0.7996 
        042s  7 0.0006 0.0009 0.0824 0.0007 0.0003 0.9018 0.0007 0.0051 0.0075 
        043s  7 0.0043 0.0029 0.0746 0.0003 0.0006 0.0194 0.0002 0.0016 0.8960 
        044s  7 0.0224 0.0282 0.0345 0.0097 0.0025 0.0013 0.0058 0.0308 0.8649 
         003  8 0.0007 0.0012 0.0371 0.0049 0.0107 0.0031 0.0011 0.0073 0.9339 
         009  8 0.0015 0.0009 0.0892 0.0007 0.0006 0.0060 0.0009 0.0013 0.8990 
         010  8 0.0021 0.0188 0.1059 0.0010 0.0004 0.0107 0.0003 0.0004 0.8604 
         017  8 0.0039 0.0046 0.0181 0.0023 0.0022 0.0027 0.0005 0.0007 0.9650 
         002  9 0.0007 0.0025 0.0381 0.0007 0.0008 0.0075 0.0011 0.0006 0.9480 
         003  9 0.0004 0.0024 0.0039 0.0003 0.0003 0.0044 0.0004 0.0002 0.9876 
         004  9 0.0008 0.0011 0.0265 0.0002 0.0004 0.0276 0.0002 0.0005 0.9426 
         005  9 0.0054 0.0169 0.0143 0.0007 0.0017 0.0036 0.0012 0.0004 0.9558 
         006  9 0.0017 0.0020 0.0339 0.0009 0.0005 0.0029 0.0008 0.0008 0.9565 
         007  9 0.0011 0.0008 0.0109 0.0020 0.0010 0.0054 0.0006 0.0060 0.9722 
         009  9 0.0022 0.0009 0.0068 0.0013 0.0011 0.0127 0.0002 0.0010 0.9738 
         010  9 0.0018 0.0009 0.1759 0.0014 0.0023 0.0021 0.0004 0.0003 0.8149 
         013  9 0.0012 0.0023 0.0157 0.0005 0.0002 0.0256 0.0018 0.0017 0.9510 
         014  9 0.0014 0.0064 0.0619 0.0007 0.0060 0.0141 0.0003 0.0006 0.9086 
         016  9 0.0009 0.0059 0.0137 0.0002 0.0011 0.0047 0.0002 0.0002 0.9731 
         018  9 0.0016 0.0396 0.2824 0.0013 0.0059 0.0010 0.0006 0.0007 0.6668 
         019  9 0.0005 0.0042 0.0085 0.0012 0.0045 0.0023 0.0010 0.0011 0.9767 
         020  9 0.0004 0.0015 0.0035 0.0004 0.0005 0.0016 0.0003 0.0004 0.9914 
         021  9 0.0005 0.0161 0.0506 0.0021 0.0003 0.0043 0.0002 0.0004 0.9254 
         022  9 0.0006 0.0642 0.0050 0.0008 0.0019 0.0056 0.0004 0.0002 0.9214 
         024  9 0.0047 0.0022 0.0103 0.0025 0.0031 0.0104 0.0003 0.0004 0.9662 
         028  9 0.0017 0.0048 0.0150 0.0008 0.0009 0.0053 0.0011 0.0009 0.9694 
         029  9 0.0006 0.0037 0.0141 0.0006 0.0013 0.0067 0.0003 0.0003 0.9725 
         030  9 0.0007 0.0090 0.0132 0.0003 0.0008 0.0040 0.0003 0.0003 0.9713 
         031  9 0.0004 0.0023 0.0784 0.0014 0.0010 0.0169 0.0003 0.0019 0.8974 
         033  9 0.0014 0.0022 0.0037 0.0009 0.0008 0.0108 0.0003 0.0063 0.9736 
         001 10 0.0004 0.0056 0.0083 0.0003 0.0014 0.0032 0.0007 0.0005 0.9798 
         002 10 0.0007 0.0027 0.0053 0.0030 0.0019 0.0072 0.0002 0.0003 0.9787 
         003 10 0.0127 0.0014 0.0038 0.0007 0.0009 0.0029 0.0007 0.0004 0.9765 
         004 10 0.0027 0.0068 0.0063 0.0006 0.0006 0.1036 0.0003 0.0003 0.8787 
         005 10 0.0009 0.0030 0.0294 0.0031 0.0017 0.0062 0.0004 0.0003 0.9550 
         006 10 0.0011 0.0012 0.0611 0.0010 0.0007 0.0028 0.0003 0.0010 0.9308 
         007 10 0.0023 0.0033 0.0069 0.0009 0.0004 0.0048 0.0003 0.0006 0.9806 
         008 10 0.0043 0.0060 0.0152 0.0022 0.0009 0.0030 0.0006 0.0007 0.9671 
         009 10 0.0007 0.0005 0.0187 0.0013 0.0042 0.0053 0.0010 0.0007 0.9676 
         010 10 0.0007 0.0014 0.0122 0.0015 0.0021 0.0217 0.0004 0.0006 0.9594 
         011 10 0.0388 0.0043 0.0235 0.0006 0.0004 0.0068 0.0016 0.0006 0.9235 
         012 10 0.0031 0.0057 0.0060 0.0031 0.0005 0.0069 0.0006 0.0004 0.9736 
         013 10 0.0006 0.0044 0.0082 0.0007 0.0005 0.0048 0.0027 0.0003 0.9778 
         014 10 0.0011 0.0016 0.0120 0.0007 0.0012 0.2342 0.0009 0.0005 0.7478 
         016 10 0.0007 0.0038 0.0360 0.0024 0.0015 0.0040 0.0007 0.0006 0.9502 
         017 10 0.0009 0.0039 0.0481 0.0009 0.0010 0.0020 0.0006 0.0005 0.9420 
         018 10 0.0007 0.0039 0.0060 0.0022 0.0026 0.0030 0.0004 0.0046 0.9766 
         019 10 0.0010 0.0019 0.0150 0.0020 0.0049 0.0021 0.0003 0.0003 0.9725 
         020 10 0.0020 0.0014 0.0075 0.0038 0.0054 0.0075 0.0007 0.0006 0.9712 
         021 10 0.0004 0.0019 0.0176 0.0011 0.0031 0.0318 0.0002 0.0007 0.9432 
         022 10 0.0011 0.0015 0.0088 0.0010 0.0003 0.0420 0.0007 0.0004 0.9443 
         023 10 0.0014 0.0011 0.0315 0.0005 0.0004 0.0029 0.0008 0.0002 0.9611 
         024 10 0.0018 0.0009 0.0564 0.0005 0.0014 0.0026 0.0002 0.0003 0.9357 
         026 10 0.0005 0.0030 0.0015 0.0014 0.0006 0.0008 0.0004 0.0004 0.9914 
        001s 11 0.0039 0.0042 0.8561 0.0003 0.0006 0.0455 0.0007 0.0870 0.0017 
        002s 11 0.0016 0.0027 0.0373 0.0011 0.0045 0.0112 0.0080 0.0005 0.9330 
        003s 11 0.0005 0.0930 0.0957 0.0057 0.0016 0.0177 0.0007 0.0072 0.7780 
        004s 11 0.0021 0.0146 0.0598 0.0018 0.0003 0.0124 0.0022 0.0005 0.9061 
        005s 11 0.0006 0.0161 0.0322 0.0039 0.0065 0.0205 0.0007 0.0023 0.9172 
        006s 11 0.0031 0.0019 0.0158 0.0251 0.0028 0.0195 0.0033 0.0006 0.9280 
        007s 11 0.0011 0.0052 0.4710 0.0042 0.0019 0.1646 0.0317 0.0047 0.3157 
        008s 11 0.0004 0.0032 0.9777 0.0038 0.0008 0.0018 0.0004 0.0005 0.0114 
        009s 11 0.0005 0.0015 0.0255 0.0028 0.0159 0.0043 0.0004 0.0005 0.9486 
        010s 11 0.0009 0.0014 0.0078 0.0016 0.0006 0.1673 0.0004 0.0008 0.8193 
        011s 11 0.0155 0.0033 0.0127 0.0020 0.0006 0.7547 0.0066 0.1019 0.1028 
        012s 11 0.0004 0.2258 0.0199 0.0107 0.0011 0.0019 0.0003 0.0684 0.6715 
        013s 11 0.0014 0.0031 0.2390 0.0023 0.0003 0.2369 0.0006 0.0010 0.5154 
        014s 11 0.0012 0.0678 0.0607 0.0044 0.0022 0.8179 0.0059 0.0022 0.0378 
        015s 11 0.0033 0.0271 0.4997 0.0015 0.0022 0.0129 0.0016 0.0015 0.4501 
        016s 11 0.0611 0.0043 0.4448 0.0023 0.0087 0.3659 0.0007 0.0348 0.0775 
        017s 11 0.0023 0.3288 0.4951 0.0147 0.0009 0.0054 0.0007 0.0488 0.1032 
        018s 11 0.0014 0.0031 0.0828 0.0041 0.0018 0.8852 0.0015 0.0040 0.0160 
        019s 11 0.0232 0.0077 0.0090 0.0043 0.0002 0.0067 0.0008 0.0006 0.9474 
        020s 11 0.0013 0.0016 0.3957 0.0006 0.0026 0.5494 0.0026 0.0015 0.0447 
        021s 11 0.0016 0.0102 0.0111 0.0010 0.0004 0.0019 0.0004 0.0005 0.9730 
        022s 11 0.0005 0.0363 0.0191 0.0031 0.0014 0.0189 0.0318 0.0027 0.8863 
        023s 11 0.0205 0.0118 0.2328 0.0009 0.0006 0.6851 0.0003 0.0327 0.0154 
        025s 11 0.0015 0.0034 0.0065 0.0007 0.0002 0.0067 0.0004 0.0005 0.9801 
        026s 11 0.0459 0.0035 0.6623 0.0006 0.0005 0.0029 0.0010 0.0284 0.2549 
        027s 11 0.0006 0.0050 0.1112 0.0007 0.0006 0.0061 0.0027 0.0010 0.8722 
        028s 11 0.0015 0.0203 0.0107 0.0016 0.0004 0.0047 0.0010 0.0054 0.9544 
        029s 11 0.0003 0.0396 0.0707 0.0063 0.0017 0.0015 0.0005 0.0137 0.8658 
        030s 11 0.0012 0.1010 0.8482 0.0095 0.0010 0.0018 0.0021 0.0224 0.0128 
        031s 11 0.0004 0.0224 0.1675 0.0003 0.0009 0.0076 0.0016 0.0004 0.7989 
        032s 11 0.0026 0.0270 0.2801 0.0015 0.0009 0.1684 0.0003 0.0015 0.5177 
        033s 11 0.0008 0.0125 0.4148 0.0014 0.0012 0.1633 0.0004 0.0040 0.4017 
        034s 11 0.0004 0.0097 0.1243 0.0008 0.0005 0.8307 0.0020 0.0017 0.0299 
        035s 11 0.0004 0.0030 0.3893 0.0015 0.0015 0.4888 0.0022 0.0022 0.1111 
        036s 11 0.0006 0.1399 0.3341 0.0114 0.0011 0.0066 0.0012 0.0125 0.4926 
        037s 11 0.0021 0.0339 0.0095 0.0100 0.0016 0.8996 0.0004 0.0008 0.0421 
        038s 11 0.0006 0.0707 0.1306 0.0025 0.0007 0.2906 0.0006 0.0016 0.5021 
        039s 11 0.0011 0.0034 0.0274 0.0025 0.0006 0.0057 0.0004 0.0023 0.9567 
        040s 11 0.0012 0.0493 0.1872 0.0217 0.0005 0.0053 0.0008 0.0418 0.6922 
        041s 11 0.0023 0.0133 0.2595 0.0017 0.0219 0.0103 0.0013 0.0009 0.6888 
        042s 11 0.0093 0.0101 0.6169 0.0029 0.0006 0.3547 0.0013 0.0006 0.0035 
        043s 11 0.0180 0.0046 0.1406 0.0203 0.0006 0.0092 0.0003 0.0084 0.7981 
        044s 11 0.0068 0.0071 0.2753 0.0006 0.0014 0.0334 0.0087 0.0006 0.6661 
        045s 11 0.0109 0.0082 0.2451 0.0058 0.0004 0.0095 0.0012 0.0003 0.7185 
        046s 11 0.0266 0.0158 0.3793 0.0063 0.0006 0.5297 0.0043 0.0275 0.0100 
        047s 11 0.0015 0.0595 0.6092 0.0082 0.0005 0.0045 0.0013 0.0006 0.3146 
        048s 11 0.0366 0.0018 0.0534 0.0023 0.0022 0.0029 0.0022 0.0028 0.8960 
        049s 11 0.0014 0.0066 0.1710 0.0004 0.0014 0.0074 0.0005 0.0012 0.8101 
        050s 11 0.0008 0.0018 0.0389 0.0003 0.0004 0.0040 0.0034 0.0006 0.9498 
        051s 11 0.0422 0.0039 0.5403 0.0024 0.0005 0.0701 0.0194 0.0005 0.3206 
        052s 11 0.0027 0.0054 0.0281 0.0021 0.0021 0.7729 0.0029 0.0009 0.1829 
        053s 11 0.0009 0.0034 0.0872 0.0016 0.0016 0.0069 0.0004 0.0004 0.8977 
        054s 11 0.0007 0.0019 0.1229 0.0023 0.0003 0.0168 0.0048 0.0008 0.8495 
        055s 11 0.0005 0.0027 0.0160 0.0598 0.0003 0.8407 0.0004 0.0108 0.0688 
        001s 12 0.0010 0.0142 0.0545 0.0033 0.0012 0.0152 0.0014 0.0019 0.9072 
        002s 12 0.0008 0.0008 0.0256 0.0003 0.0013 0.0019 0.0010 0.0017 0.9666 
        003s 12 0.0005 0.0031 0.2612 0.0004 0.0007 0.0206 0.0008 0.0005 0.7123 
        004s 12 0.0035 0.0017 0.9351 0.0005 0.0022 0.0026 0.0006 0.0518 0.0021 
        005s 12 0.0011 0.0073 0.0117 0.0005 0.0012 0.5808 0.0005 0.0005 0.3966 
        006s 12 0.0019 0.0675 0.3341 0.0067 0.0008 0.0254 0.0026 0.0142 0.5468 
        007s 12 0.0013 0.0021 0.4322 0.0036 0.0037 0.0024 0.0011 0.0008 0.5526 
        008s 12 0.0008 0.0029 0.0184 0.0389 0.0007 0.0017 0.0004 0.0020 0.9343 
        009s 12 0.0052 0.0432 0.8994 0.0056 0.0179 0.0128 0.0008 0.0069 0.0081 
        010s 12 0.0004 0.0319 0.0039 0.0069 0.0009 0.0605 0.0237 0.0032 0.8687 
        011s 12 0.0010 0.0015 0.8832 0.0006 0.0010 0.0096 0.0026 0.0010 0.0995 
        012s 12 0.0026 0.0306 0.8485 0.0055 0.0005 0.0021 0.0049 0.0009 0.1043 
        013s 12 0.0364 0.0089 0.0120 0.0053 0.0007 0.0032 0.0007 0.0010 0.9318 
        014s 12 0.0418 0.0062 0.3994 0.0051 0.0031 0.4299 0.0386 0.0007 0.0753 
        015s 12 0.0010 0.0028 0.0572 0.0018 0.0016 0.0035 0.0008 0.0042 0.9271 
        016s 12 0.0039 0.0435 0.5364 0.0010 0.0005 0.0019 0.0006 0.0004 0.4118 
        017s 12 0.0007 0.0029 0.0114 0.0015 0.0003 0.0305 0.0010 0.0087 0.9428 
        018s 12 0.0017 0.0852 0.3654 0.0123 0.0033 0.0045 0.0002 0.0008 0.5266 
        019s 12 0.0003 0.0013 0.0026 0.0006 0.0027 0.0188 0.0003 0.0075 0.9659 
        020s 12 0.0007 0.0083 0.0110 0.0065 0.0003 0.0084 0.0004 0.0698 0.8947 
        021s 12 0.0018 0.0855 0.2637 0.0059 0.0006 0.0032 0.0004 0.0018 0.6369 
        022s 12 0.0040 0.0056 0.0329 0.0099 0.0033 0.0592 0.0007 0.0329 0.8516 
        023s 12 0.0010 0.0055 0.6603 0.0006 0.0006 0.0138 0.0002 0.0005 0.3177 
        024s 12 0.0005 0.0112 0.0025 0.0074 0.0003 0.4137 0.0002 0.0010 0.5632 
        025s 12 0.0007 0.0011 0.2492 0.0226 0.0042 0.0046 0.0009 0.0011 0.7157 
        026s 12 0.0010 0.0017 0.4344 0.0010 0.0152 0.1392 0.0009 0.0263 0.3802 
        027s 12 0.0004 0.0024 0.0098 0.0057 0.0004 0.0031 0.0007 0.0018 0.9757 
        028s 12 0.0052 0.0017 0.0149 0.0006 0.0185 0.9371 0.0006 0.0014 0.0200 
        029s 12 0.0010 0.0031 0.1399 0.0005 0.0003 0.3079 0.0014 0.0008 0.5451 
        030s 12 0.0003 0.0091 0.0202 0.0018 0.0004 0.0080 0.0020 0.0008 0.9573 
        031s 12 0.0026 0.0033 0.2124 0.0042 0.0014 0.0064 0.0007 0.0042 0.7647 
        032s 12 0.0011 0.0301 0.1035 0.0017 0.0133 0.7767 0.0006 0.0003 0.0726 
        033s 12 0.0003 0.0138 0.2929 0.0053 0.0005 0.0164 0.0020 0.0012 0.6676 
        034s 12 0.0005 0.0020 0.0173 0.0006 0.0010 0.8910 0.0005 0.0004 0.0867 
        035s 12 0.0005 0.0338 0.0183 0.0018 0.0005 0.0640 0.0011 0.0111 0.8690 
        036s 12 0.0009 0.0689 0.0173 0.0138 0.0029 0.0354 0.0046 0.0025 0.8535 
        037s 12 0.0013 0.0044 0.1564 0.0037 0.0009 0.0036 0.0003 0.0014 0.8280 
        001s 13 0.0024 0.0017 0.0384 0.0021 0.0013 0.0125 0.0007 0.0167 0.9243 
        002s 13 0.0011 0.0181 0.3054 0.0139 0.0003 0.6098 0.0003 0.0482 0.0028 
        003s 13 0.0017 0.0150 0.0277 0.0044 0.0011 0.0090 0.0002 0.0005 0.9403 
        004s 13 0.0033 0.0129 0.0982 0.0017 0.0083 0.0145 0.0005 0.0013 0.8593 
        005s 13 0.0015 0.0048 0.5754 0.0057 0.0029 0.0032 0.0022 0.0024 0.4018 
        006s 13 0.0006 0.0109 0.0367 0.0044 0.0010 0.0081 0.0015 0.0007 0.9360 
        007s 13 0.0017 0.0024 0.2501 0.0049 0.0005 0.0088 0.0195 0.0005 0.7116 
        008s 13 0.0008 0.0038 0.7218 0.0027 0.0017 0.0018 0.0017 0.0445 0.2211 
        009s 13 0.0006 0.0013 0.8305 0.0070 0.0082 0.0021 0.0009 0.1118 0.0376 
        010s 13 0.0013 0.1998 0.0189 0.0127 0.0014 0.0027 0.0005 0.0298 0.7330 
        011s 13 0.0038 0.0029 0.5653 0.0019 0.0099 0.2249 0.0215 0.0036 0.1661 
        012s 13 0.0191 0.2364 0.6325 0.0148 0.0030 0.0057 0.0008 0.0198 0.0680 
        013s 13 0.0075 0.0017 0.3305 0.0004 0.0010 0.5532 0.0288 0.0126 0.0644 
        014s 13 0.0057 0.0664 0.0156 0.0147 0.0013 0.0009 0.0140 0.0008 0.8807 
        015s 13 0.0063 0.0031 0.0081 0.0006 0.0134 0.0258 0.0009 0.0110 0.9308 
        016s 13 0.0012 0.0106 0.1086 0.0007 0.0006 0.0036 0.0003 0.0003 0.8741 
        017s 13 0.0004 0.0286 0.0225 0.0516 0.0034 0.0031 0.0014 0.0030 0.8860 
        018s 13 0.0008 0.0093 0.0635 0.0006 0.0008 0.0136 0.0004 0.0006 0.9103 
        019s 13 0.0009 0.0313 0.0156 0.0055 0.0005 0.0597 0.0006 0.0010 0.8849 
        020s 13 0.0004 0.0014 0.0080 0.0036 0.0031 0.9431 0.0043 0.0008 0.0354 
        021s 13 0.0009 0.0018 0.0266 0.0007 0.0006 0.0197 0.0004 0.0022 0.9472 
        022s 13 0.0009 0.0027 0.1998 0.0022 0.0004 0.0019 0.0004 0.0012 0.7905 
        023s 13 0.0004 0.0038 0.0559 0.0035 0.0007 0.0391 0.0003 0.0015 0.8946 
        024s 13 0.0206 0.0050 0.9415 0.0010 0.0008 0.0037 0.0020 0.0156 0.0097 
        025s 13 0.0025 0.0020 0.1906 0.0007 0.0007 0.0053 0.0004 0.0012 0.7967 
        026s 13 0.0107 0.2724 0.0905 0.0277 0.0004 0.0032 0.0013 0.0409 0.5529 
        027s 13 0.0014 0.0023 0.0060 0.0018 0.0031 0.0022 0.0019 0.0470 0.9343 
        028s 13 0.0014 0.0020 0.7035 0.0232 0.0065 0.2576 0.0025 0.0015 0.0017 
        029s 13 0.0015 0.0675 0.0350 0.0078 0.0005 0.8091 0.0017 0.0190 0.0579 
        030s 13 0.0246 0.0024 0.4002 0.0006 0.0004 0.4864 0.0006 0.0654 0.0195 
        031s 13 0.0923 0.0047 0.8722 0.0007 0.0014 0.0021 0.0024 0.0017 0.0226 
        032s 13 0.0004 0.0034 0.5829 0.0005 0.0007 0.0085 0.0069 0.0007 0.3960 
        033s 13 0.0008 0.0391 0.1678 0.0201 0.0008 0.0069 0.0087 0.0015 0.7544 
        034s 13 0.0008 0.0016 0.0046 0.0006 0.0035 0.9146 0.0154 0.0494 0.0094 
        035s 13 0.0041 0.0041 0.0377 0.0010 0.0025 0.2087 0.0007 0.0006 0.7406 
        036s 13 0.0005 0.0175 0.0152 0.0049 0.0004 0.1313 0.0004 0.0021 0.8276 
        037s 13 0.0018 0.0063 0.0211 0.0005 0.0006 0.0105 0.0005 0.0006 0.9580 
        038s 13 0.0021 0.0290 0.0478 0.0055 0.0014 0.5253 0.0006 0.0010 0.3872 
        039s 13 0.0639 0.0018 0.8395 0.0006 0.0005 0.0061 0.0008 0.0820 0.0046 
        040s 13 0.0007 0.0259 0.2353 0.0020 0.0006 0.0053 0.0012 0.0016 0.7273 
        041s 13 0.0017 0.0130 0.0144 0.0050 0.0009 0.0017 0.0029 0.0492 0.9112 
        042s 13 0.0015 0.0052 0.0083 0.0007 0.0006 0.9527 0.0014 0.0005 0.0290 
        001s 14 0.0011 0.0566 0.2750 0.0074 0.0021 0.6162 0.0010 0.0082 0.0325 
        002s 14 0.0011 0.0036 0.0334 0.0025 0.0026 0.0071 0.0014 0.0685 0.8798 
        003s 14 0.0010 0.0034 0.0033 0.0018 0.0009 0.9783 0.0004 0.0005 0.0104 
        004s 14 0.0030 0.0039 0.1378 0.0021 0.0008 0.0018 0.0161 0.0119 0.8226 
        005s 14 0.0008 0.0018 0.2227 0.0010 0.0007 0.2485 0.0002 0.0003 0.5238 
        006s 14 0.0004 0.0018 0.0357 0.0028 0.0004 0.0192 0.0006 0.0007 0.9384 
        007s 14 0.0012 0.0015 0.0444 0.0012 0.0006 0.0153 0.0012 0.0010 0.9337 
        008s 14 0.0033 0.0096 0.0878 0.0045 0.0150 0.7740 0.0071 0.0962 0.0024 
        009s 14 0.0008 0.0012 0.4350 0.0024 0.0069 0.0271 0.0005 0.0015 0.5246 
        010s 14 0.0011 0.0039 0.5758 0.0031 0.0123 0.2894 0.0005 0.0446 0.0692 
        011s 14 0.0008 0.0099 0.0023 0.0412 0.0006 0.3922 0.0068 0.0011 0.5451 
        012s 14 0.0030 0.0071 0.0379 0.0045 0.0026 0.8664 0.0008 0.0004 0.0773 
        013s 14 0.0051 0.1551 0.0431 0.0027 0.0006 0.0647 0.0036 0.0008 0.7242 
        014s 14 0.0006 0.0319 0.8252 0.0048 0.0063 0.0035 0.0006 0.0314 0.0957 
        015s 14 0.0021 0.0089 0.0087 0.0043 0.0068 0.0099 0.0005 0.0009 0.9580 
        016s 14 0.0107 0.0265 0.0207 0.0024 0.0006 0.0030 0.0003 0.0015 0.9343 
        017s 14 0.0010 0.0582 0.3727 0.0067 0.0009 0.0065 0.0058 0.0555 0.4927 
        018s 14 0.0013 0.0038 0.0309 0.0054 0.0006 0.0086 0.0005 0.0005 0.9485 
        019s 14 0.0007 0.0039 0.1045 0.0025 0.0004 0.0064 0.0017 0.0021 0.8777 
        020s 14 0.0018 0.0008 0.0252 0.0017 0.0094 0.6776 0.0002 0.0006 0.2827 
        021s 14 0.0005 0.0020 0.0307 0.0014 0.0080 0.0037 0.0002 0.0054 0.9481 
        022s 14 0.0007 0.0766 0.1022 0.0047 0.0020 0.0265 0.0032 0.0036 0.7805 
        023s 14 0.0017 0.0139 0.8930 0.0003 0.0016 0.0143 0.0022 0.0070 0.0660 
        024s 14 0.0008 0.0030 0.7221 0.0092 0.0015 0.2217 0.0011 0.0332 0.0074 
        025s 14 0.0004 0.0017 0.0383 0.0003 0.0006 0.0776 0.0003 0.0719 0.8089 
        026s 14 0.0017 0.0571 0.0324 0.0021 0.0019 0.0052 0.0002 0.0008 0.8984 
        027s 14 0.0019 0.0045 0.9511 0.0042 0.0006 0.0135 0.0004 0.0011 0.0227 
        028s 14 0.0007 0.0228 0.6535 0.0012 0.0019 0.0268 0.0013 0.0004 0.2914 
        029s 14 0.0015 0.0238 0.0227 0.0003 0.0007 0.0223 0.0004 0.0006 0.9278 
        030s 14 0.0004 0.1858 0.0462 0.0105 0.0006 0.1050 0.0059 0.0010 0.6445 
        031s 14 0.0010 0.0168 0.0458 0.0010 0.0005 0.2369 0.0287 0.0012 0.6680 
        032s 14 0.0024 0.0063 0.1045 0.0056 0.0004 0.3001 0.0015 0.0007 0.5785 
        033s 14 0.0005 0.0056 0.0064 0.0015 0.0010 0.2456 0.0495 0.0010 0.6889 
        034s 14 0.0008 0.0094 0.0085 0.0020 0.0007 0.0042 0.0003 0.0003 0.9738 
        035s 14 0.0007 0.2312 0.0790 0.0179 0.0004 0.0175 0.0563 0.0373 0.5596 
        036s 14 0.0076 0.0448 0.0024 0.0033 0.0018 0.7453 0.0210 0.0362 0.1376 
        037s 14 0.0023 0.0037 0.0247 0.0029 0.0011 0.0240 0.0004 0.0013 0.9396 
        038s 14 0.0004 0.0112 0.2790 0.0072 0.0006 0.0308 0.0005 0.0006 0.6698 
        039s 14 0.0052 0.0046 0.0752 0.0009 0.0034 0.0134 0.0019 0.0036 0.8916 
        040s 14 0.0015 0.0040 0.6803 0.0027 0.0003 0.0320 0.0009 0.0120 0.2663 
        041s 14 0.0006 0.1438 0.0284 0.0080 0.0008 0.3401 0.0014 0.0010 0.4758 
        042s 14 0.0010 0.0479 0.9032 0.0018 0.0008 0.0014 0.0004 0.0367 0.0068 
        001s 15 0.0013 0.0038 0.0196 0.0004 0.0015 0.4577 0.0006 0.0015 0.5136 
        002s 15 0.0033 0.0029 0.8995 0.0015 0.0038 0.0020 0.0028 0.0830 0.0013 
        003s 15 0.0070 0.0041 0.0478 0.0100 0.0007 0.0047 0.0005 0.0073 0.9179 
        004s 15 0.0003 0.0588 0.8609 0.0004 0.0075 0.0016 0.0004 0.0006 0.0696 
        005s 15 0.0033 0.0049 0.2963 0.0113 0.0010 0.0038 0.0008 0.0073 0.6712 
        006s 15 0.0011 0.0111 0.1136 0.0043 0.0008 0.0228 0.0027 0.0250 0.8187 
        007s 15 0.0004 0.0343 0.0593 0.0005 0.0008 0.0218 0.0003 0.0003 0.8822 
        008s 15 0.0007 0.0110 0.1047 0.0050 0.0004 0.0121 0.0007 0.0005 0.8649 
        009s 15 0.0457 0.2034 0.0426 0.0227 0.0010 0.0152 0.0012 0.0084 0.6599 
        010s 15 0.0029 0.0383 0.0207 0.0014 0.0004 0.8397 0.0005 0.0006 0.0955 
        011s 15 0.0010 0.2601 0.2416 0.0224 0.0009 0.0031 0.0249 0.0008 0.4452 
        012s 15 0.0020 0.0074 0.0511 0.0090 0.0017 0.0028 0.0006 0.0013 0.9242 
        013s 15 0.0014 0.0027 0.1242 0.0004 0.0066 0.8524 0.0005 0.0011 0.0106 
        014s 15 0.0058 0.0037 0.0316 0.0014 0.0045 0.0070 0.0011 0.0013 0.9436 
        015s 15 0.0012 0.0053 0.8004 0.0009 0.0011 0.0012 0.0038 0.0721 0.1140 
        016s 15 0.0008 0.0040 0.0069 0.0048 0.0431 0.7250 0.0615 0.0021 0.1517 
        017s 15 0.0012 0.0010 0.5934 0.0011 0.0150 0.0083 0.0006 0.0019 0.3776 
        018s 15 0.0003 0.0136 0.4540 0.0009 0.0020 0.5172 0.0002 0.0014 0.0104 
        019s 15 0.0055 0.1944 0.0348 0.0097 0.0005 0.5291 0.0004 0.0029 0.2227 
        020s 15 0.0004 0.0319 0.0405 0.0012 0.0005 0.4652 0.0006 0.0006 0.4590 
        021s 15 0.0063 0.0949 0.0022 0.0049 0.0029 0.0580 0.0005 0.0297 0.8006 
        022s 15 0.0009 0.1209 0.0104 0.0110 0.0007 0.0107 0.0013 0.0006 0.8436 
        023s 15 0.0009 0.0846 0.0467 0.0052 0.0006 0.0028 0.0032 0.0263 0.8296 
        024s 15 0.0008 0.0026 0.5939 0.0010 0.0003 0.0016 0.0036 0.0017 0.3945 
