        001s  1 0.0003 0.0009 0.0003 0.9979 0.0005 
        002s  1 0.0021 0.0004 0.0006 0.9962 0.0007 
        003s  1 0.0008 0.0129 0.0017 0.9809 0.0038 
        004s  1 0.0332 0.0004 0.0036 0.9589 0.0039 
        005s  1 0.2114 0.0002 0.0013 0.5608 0.2262 
        006s  1 0.0010 0.0004 0.0005 0.9977 0.0004 
        007s  1 0.0004 0.0007 0.0037 0.9928 0.0024 
        008s  1 0.0012 0.0007 0.0009 0.9938 0.0035 
        009s  1 0.0035 0.0019 0.0039 0.9279 0.0628 
        010s  1 0.0008 0.0006 0.0004 0.9921 0.0061 
        011s  1 0.0020 0.0058 0.0022 0.9888 0.0012 
        012s  1 0.0048 0.0052 0.0010 0.8665 0.1224 
        013s  1 0.0266 0.0010 0.0077 0.9615 0.0032 
        014s  1 0.0018 0.0175 0.0068 0.9470 0.0269 
        015s  1 0.0003 0.0007 0.0005 0.9980 0.0005 
        016s  1 0.0004 0.0009 0.0071 0.9889 0.0027 
        018s  1 0.0025 0.0008 0.0014 0.8478 0.1476 
        019s  1 0.0005 0.0040 0.0011 0.9792 0.0153 
        020s  1 0.0003 0.0085 0.0091 0.9817 0.0005 
        021s  1 0.0077 0.0005 0.0064 0.9852 0.0002 
        022s  1 0.0002 0.0003 0.0005 0.9987 0.0003 
        023s  1 0.0004 0.0008 0.0091 0.9893 0.0004 
        024s  1 0.0008 0.0004 0.0007 0.9973 0.0009 
        025s  1 0.0020 0.0004 0.0009 0.9912 0.0055 
        026s  1 0.0008 0.0048 0.0119 0.9816 0.0008 
        027s  1 0.0089 0.0005 0.0021 0.9871 0.0014 
        028s  1 0.0538 0.0016 0.0006 0.8909 0.0530 
        029s  1 0.0004 0.0062 0.0008 0.9919 0.0007 
        030s  1 0.0044 0.0076 0.0006 0.9865 0.0009 
        031s  1 0.0002 0.0003 0.0009 0.9982 0.0003 
        032s  1 0.0005 0.0012 0.0007 0.9971 0.0006 
        033s  1 0.0006 0.0008 0.0008 0.9941 0.0037 
        034s  1 0.0015 0.0036 0.0507 0.9427 0.0014 
        035s  1 0.0015 0.0022 0.0009 0.9942 0.0012 
        036s  1 0.0008 0.0004 0.0004 0.9047 0.0938 
        037s  1 0.0138 0.0016 0.0410 0.8338 0.1098 
        038s  1 0.0005 0.0006 0.0007 0.9971 0.0012 
        039s  1 0.0240 0.0008 0.0003 0.9745 0.0004 
        040s  1 0.0032 0.0006 0.0025 0.9930 0.0008 
        041s  1 0.0003 0.0009 0.0028 0.9938 0.0021 
        042s  1 0.0005 0.0006 0.0798 0.8430 0.0761 
        043s  1 0.0014 0.0014 0.0004 0.9819 0.0149 
        044s  1 0.0158 0.0031 0.0034 0.8859 0.0917 
        045s  1 0.0010 0.0012 0.0008 0.9918 0.0052 
        046s  1 0.0004 0.0014 0.0006 0.9966 0.0010 
        047s  1 0.0002 0.0010 0.0039 0.9942 0.0007 
        048s  1 0.0002 0.0004 0.0005 0.9348 0.0639 
        049s  1 0.0011 0.0006 0.0002 0.9975 0.0006 
        050s  1 0.0028 0.0003 0.0004 0.8968 0.0997 
        051s  1 0.0004 0.0272 0.0008 0.9711 0.0005 
        052s  1 0.0074 0.0179 0.0014 0.9657 0.0076 
        053s  1 0.0005 0.0003 0.0004 0.9971 0.0017 
        054s  1 0.0032 0.0027 0.0010 0.9929 0.0002 
        055s  1 0.0016 0.0020 0.0738 0.8345 0.0881 
          01  2 0.0015 0.0256 0.0020 0.8467 0.1242 
          02  2 0.0027 0.0011 0.0006 0.9789 0.0167 
          03  2 0.0008 0.0004 0.0013 0.9964 0.0012 
          04  2 0.0188 0.0008 0.0099 0.9680 0.0026 
          05  2 0.0003 0.0003 0.0003 0.8702 0.1289 
          06  2 0.0023 0.0005 0.0009 0.9687 0.0276 
          07  2 0.0021 0.0010 0.0006 0.9870 0.0093 
          08  2 0.0004 0.0013 0.0009 0.9129 0.0845 
          09  2 0.0003 0.0077 0.0003 0.9913 0.0005 
          10  2 0.0007 0.0005 0.0004 0.9974 0.0011 
          11  2 0.0011 0.0099 0.0028 0.9777 0.0086 
          12  2 0.0007 0.0016 0.0005 0.9966 0.0006 
          13  2 0.0004 0.0006 0.0005 0.9982 0.0003 
          14  2 0.0053 0.0038 0.0245 0.9661 0.0003 
          15  2 0.0006 0.0011 0.0013 0.9966 0.0004 
          16  2 0.0573 0.0039 0.0044 0.9336 0.0007 
          17  2 0.0010 0.0009 0.0010 0.9957 0.0016 
          18  2 0.0030 0.0012 0.0007 0.9777 0.0173 
          19  2 0.0003 0.0019 0.0046 0.9921 0.0011 
          20  2 0.0045 0.0023 0.0081 0.9272 0.0578 
          21  2 0.0004 0.0183 0.0006 0.9795 0.0011 
          22  2 0.0032 0.0060 0.0067 0.9822 0.0019 
          23  2 0.0020 0.0010 0.0015 0.9946 0.0009 
          24  2 0.0006 0.0009 0.0007 0.9975 0.0004 
          25  2 0.0231 0.0014 0.0010 0.9708 0.0037 
          26  2 0.0004 0.0005 0.0002 0.9981 0.0008 
          27  2 0.0306 0.0010 0.0031 0.9646 0.0007 
          28  2 0.0002 0.0009 0.0044 0.9932 0.0013 
          29  2 0.0007 0.0006 0.0003 0.9977 0.0008 
          30  2 0.0005 0.0078 0.0820 0.7525 0.1572 
          01  3 0.2262 0.0004 0.0061 0.3437 0.4235 
          02  3 0.4684 0.0725 0.0011 0.1317 0.3263 
          03  3 0.3168 0.0004 0.0009 0.3654 0.3166 
          04  3 0.3586 0.0010 0.0011 0.1798 0.4596 
          05  3 0.4074 0.1143 0.1208 0.0004 0.3572 
          06  3 0.5055 0.0003 0.0012 0.0753 0.4177 
          07  3 0.2533 0.0015 0.0003 0.3672 0.3777 
          08  3 0.3267 0.0025 0.0073 0.2928 0.3706 
          09  3 0.2712 0.0002 0.0014 0.2990 0.4282 
          10  3 0.4248 0.2205 0.1342 0.0226 0.1980 
          11  3 0.3088 0.0003 0.0002 0.2775 0.4132 
          12  3 0.3169 0.0005 0.0005 0.2627 0.4195 
          13  3 0.5311 0.0150 0.0002 0.0017 0.4519 
          14  3 0.4647 0.0453 0.1569 0.0031 0.3301 
          15  3 0.2800 0.0002 0.0024 0.3392 0.3783 
          16  3 0.6118 0.0042 0.0025 0.0811 0.3003 
          17  3 0.1815 0.0013 0.0017 0.3965 0.4190 
          18  3 0.3415 0.1667 0.2819 0.0069 0.2030 
          19  3 0.4718 0.0005 0.0044 0.1619 0.3614 
          20  3 0.3158 0.0003 0.0546 0.1771 0.4522 
          21  3 0.3840 0.0006 0.0049 0.2454 0.3652 
          22  3 0.2328 0.0002 0.0015 0.2778 0.4877 
          23  3 0.3638 0.0002 0.0010 0.2289 0.4061 
          24  3 0.2887 0.1674 0.0010 0.0558 0.4872 
          25  3 0.3119 0.2503 0.1296 0.0004 0.3079 
          26  3 0.3447 0.0004 0.0010 0.2179 0.4360 
          27  3 0.3774 0.1324 0.1754 0.0626 0.2522 
          28  3 0.4723 0.0012 0.0002 0.0858 0.4405 
          29  3 0.4271 0.0022 0.0075 0.1749 0.3883 
          30  3 0.2541 0.0013 0.0002 0.2980 0.4463 
         001  4 0.0001 0.0001 0.0001 0.0001 0.9997 
         002  4 0.0002 0.0002 0.0001 0.0002 0.9993 
         003  4 0.0001 0.0001 0.0001 0.0001 0.9997 
         004  4 0.0001 0.0001 0.0001 0.0001 0.9997 
         005  4 0.0001 0.0003 0.0001 0.0001 0.9994 
         006  4 0.0701 0.0002 0.0003 0.0004 0.9291 
         007  4 0.0503 0.0002 0.0010 0.0021 0.9464 
         008  4 0.0003 0.0022 0.0040 0.0007 0.9928 
         009  4 0.0001 0.0001 0.0001 0.0001 0.9996 
         010  4 0.0017 0.0001 0.0000 0.0001 0.9981 
         011  4 0.0176 0.0003 0.0330 0.0011 0.9480 
         012  4 0.0000 0.0001 0.0001 0.0001 0.9997 
         013  4 0.0001 0.0000 0.0001 0.0001 0.9998 
         014  4 0.0001 0.0001 0.0002 0.0001 0.9995 
         015  4 0.0001 0.0000 0.0000 0.0001 0.9998 
         016  4 0.0001 0.0001 0.0001 0.0001 0.9997 
         017  4 0.0001 0.0001 0.0001 0.0001 0.9996 
         019  4 0.0816 0.0005 0.0008 0.0002 0.9169 
         020  4 0.0001 0.0002 0.0001 0.0001 0.9994 
         021  4 0.0054 0.0003 0.0002 0.0003 0.9938 
         001  5 0.0004 0.0008 0.0330 0.0004 0.9653 
         002  5 0.0009 0.0015 0.0028 0.0357 0.9591 
         003  5 0.0745 0.0004 0.0038 0.1645 0.7568 
         004  5 0.0008 0.0003 0.0057 0.0529 0.9403 
         005  5 0.0014 0.0001 0.0005 0.0003 0.9977 
         006  5 0.1003 0.0004 0.0001 0.0004 0.8989 
         007  5 0.0857 0.0002 0.0002 0.0002 0.9137 
         008  5 0.0048 0.0002 0.0001 0.0001 0.9948 
         009  5 0.0038 0.0002 0.0010 0.0621 0.9329 
         010  5 0.0674 0.0003 0.0019 0.0017 0.9286 
         011  5 0.0012 0.0002 0.0026 0.0011 0.9949 
         012  5 0.0787 0.0006 0.0045 0.0448 0.8714 
         013  5 0.0480 0.0005 0.0006 0.1963 0.7545 
         014  5 0.0942 0.0106 0.0123 0.1759 0.7070 
         015  5 0.0251 0.0001 0.0002 0.0002 0.9744 
         016  5 0.0564 0.0005 0.0003 0.0019 0.9409 
         017  5 0.0824 0.0045 0.0003 0.0250 0.8878 
         018  5 0.0327 0.0221 0.0285 0.0374 0.8793 
         019  5 0.0002 0.0046 0.0013 0.0003 0.9936 
         020  5 0.0001 0.0001 0.0001 0.0001 0.9995 
         021  5 0.0011 0.0004 0.0052 0.1303 0.8630 
         022  5 0.0044 0.0032 0.0443 0.0178 0.9303 
         023  5 0.0257 0.0006 0.0026 0.0015 0.9697 
         024  5 0.0662 0.0003 0.0004 0.0367 0.8964 
         025  5 0.0754 0.0012 0.0008 0.0221 0.9005 
         026  5 0.0121 0.0004 0.0006 0.1414 0.8456 
         027  5 0.0002 0.0001 0.0001 0.0002 0.9995 
         028  5 0.0501 0.0008 0.0090 0.0090 0.9311 
         029  5 0.0023 0.0002 0.0002 0.0005 0.9969 
         030  5 0.0011 0.0030 0.0011 0.0006 0.9942 
        001s  6 0.0292 0.0005 0.0164 0.9529 0.0009 
        002s  6 0.0006 0.0228 0.0007 0.9361 0.0397 
        003s  6 0.0004 0.0004 0.0027 0.9793 0.0172 
        004s  6 0.0004 0.0003 0.0006 0.9983 0.0004 
        006s  6 0.0183 0.0008 0.0098 0.9107 0.0604 
        007s  6 0.0021 0.0009 0.0004 0.9962 0.0005 
        008s  6 0.0006 0.0030 0.0051 0.9893 0.0020 
        009s  6 0.0005 0.0007 0.0008 0.9977 0.0003 
        010s  6 0.0068 0.0136 0.0107 0.9569 0.0120 
        011s  6 0.0023 0.0003 0.0014 0.9955 0.0004 
        012s  6 0.0037 0.0019 0.0012 0.9927 0.0004 
        013s  6 0.0007 0.0006 0.0004 0.9973 0.0011 
        014s  6 0.0003 0.0001 0.0003 0.9161 0.0831 
        015s  6 0.0064 0.0010 0.0071 0.9782 0.0072 
        016s  6 0.0013 0.0005 0.0010 0.9968 0.0004 
        018s  6 0.0031 0.0005 0.0017 0.7279 0.2668 
        019s  6 0.0017 0.0007 0.0027 0.9868 0.0082 
        020s  6 0.0006 0.0008 0.0005 0.9979 0.0002 
        021s  6 0.0169 0.0009 0.0045 0.9766 0.0010 
        022s  6 0.0003 0.0006 0.0032 0.9948 0.0011 
        023s  6 0.0006 0.0002 0.0008 0.9747 0.0237 
        024s  6 0.0026 0.0016 0.0007 0.9630 0.0320 
        025s  6 0.0010 0.0006 0.0703 0.9272 0.0009 
        026s  6 0.0005 0.0015 0.0005 0.9971 0.0004 
        027s  6 0.0003 0.0012 0.0005 0.9974 0.0006 
        028s  6 0.0084 0.0496 0.0067 0.9188 0.0165 
        029s  6 0.0003 0.0018 0.0012 0.9963 0.0005 
        030s  6 0.0008 0.0019 0.0126 0.9130 0.0718 
        031s  6 0.0030 0.0004 0.0004 0.9949 0.0013 
        032s  6 0.0016 0.0005 0.0007 0.9930 0.0042 
        033s  6 0.0002 0.0003 0.0005 0.9049 0.0941 
        034s  6 0.0022 0.0004 0.0148 0.9811 0.0016 
        035s  6 0.0003 0.0008 0.0011 0.8497 0.1481 
        036s  6 0.0061 0.0003 0.0010 0.9920 0.0006 
        037s  6 0.0008 0.0021 0.0017 0.9945 0.0008 
        038s  6 0.0013 0.0009 0.0006 0.9968 0.0003 
        039s  6 0.0003 0.0007 0.0006 0.9982 0.0003 
        040s  6 0.0029 0.0003 0.0003 0.9963 0.0002 
        041s  6 0.0002 0.0028 0.0037 0.9460 0.0473 
        042s  6 0.0007 0.0025 0.0586 0.9325 0.0057 
        043s  6 0.0008 0.0002 0.0072 0.9912 0.0006 
        044s  6 0.0004 0.0024 0.0004 0.9961 0.0007 
        045s  6 0.0006 0.0005 0.0018 0.9931 0.0041 
        001s  7 0.0005 0.0003 0.0013 0.9967 0.0011 
        002s  7 0.0010 0.0013 0.0019 0.9733 0.0225 
        003s  7 0.0019 0.0012 0.0008 0.9946 0.0015 
        004s  7 0.0031 0.0010 0.0006 0.9943 0.0009 
        005s  7 0.0020 0.0007 0.0014 0.9853 0.0106 
        006s  7 0.0010 0.0003 0.0074 0.9347 0.0565 
        007s  7 0.0073 0.0196 0.0021 0.9671 0.0038 
        008s  7 0.0004 0.0026 0.0011 0.9715 0.0245 
        009s  7 0.0016 0.0007 0.0113 0.9836 0.0028 
        010s  7 0.0002 0.0009 0.0016 0.9959 0.0014 
        011s  7 0.0004 0.0008 0.0007 0.9976 0.0005 
        012s  7 0.0005 0.0004 0.0006 0.9982 0.0004 
        013s  7 0.0078 0.0005 0.0037 0.9876 0.0003 
        014s  7 0.0006 0.0004 0.0003 0.9601 0.0387 
        015s  7 0.0010 0.0011 0.0010 0.9795 0.0174 
        016s  7 0.0002 0.0002 0.0024 0.8795 0.1177 
        017s  7 0.0007 0.0004 0.0007 0.9974 0.0009 
        018s  7 0.0006 0.0035 0.0006 0.9931 0.0022 
        019s  7 0.0014 0.0024 0.0104 0.9845 0.0013 
        020s  7 0.0009 0.0003 0.0004 0.9978 0.0006 
        021s  7 0.0005 0.0015 0.0007 0.9960 0.0013 
        022s  7 0.0022 0.0003 0.0007 0.9951 0.0017 
        023s  7 0.0009 0.0013 0.0210 0.9708 0.0060 
        024s  7 0.0005 0.0014 0.0007 0.9963 0.0010 
        025s  7 0.0059 0.0009 0.0008 0.9916 0.0007 
        026s  7 0.0003 0.0010 0.0009 0.9958 0.0020 
        027s  7 0.0008 0.0014 0.0005 0.9958 0.0015 
        028s  7 0.0007 0.0002 0.0004 0.9942 0.0045 
        029s  7 0.0008 0.0007 0.0018 0.9869 0.0097 
        030s  7 0.0009 0.0059 0.0035 0.9894 0.0003 
        031s  7 0.0011 0.0005 0.0104 0.9858 0.0022 
        032s  7 0.0005 0.0052 0.0005 0.8937 0.1001 
        033s  7 0.0007 0.0034 0.0015 0.9521 0.0423 
        034s  7 0.0444 0.0016 0.0006 0.9526 0.0008 
        035s  7 0.0003 0.0005 0.0010 0.9979 0.0003 
        036s  7 0.0029 0.0007 0.0086 0.9876 0.0002 
        037s  7 0.0054 0.0008 0.0051 0.9262 0.0625 
        038s  7 0.0005 0.0010 0.0013 0.9879 0.0093 
        039s  7 0.0003 0.0003 0.0003 0.9987 0.0004 
        040s  7 0.0240 0.0006 0.0010 0.9575 0.0170 
        041s  7 0.0005 0.0020 0.0010 0.9647 0.0318 
        042s  7 0.0003 0.0002 0.0003 0.9920 0.0072 
        043s  7 0.0002 0.0004 0.0023 0.9955 0.0015 
        044s  7 0.0164 0.0011 0.0275 0.9026 0.0525 
         003  8 0.0010 0.0114 0.0007 0.9824 0.0045 
         009  8 0.0006 0.0006 0.0014 0.9960 0.0014 
         010  8 0.0002 0.0003 0.0020 0.9971 0.0004 
         017  8 0.0005 0.0017 0.0037 0.9934 0.0007 
         002  9 0.0007 0.0007 0.0012 0.9970 0.0004 
         003  9 0.0004 0.0003 0.0004 0.9987 0.0002 
         004  9 0.0002 0.0004 0.0010 0.9981 0.0003 
         005  9 0.0012 0.0011 0.0052 0.9922 0.0003 
         006  9 0.0008 0.0004 0.0012 0.9967 0.0009 
         007  9 0.0003 0.0012 0.0013 0.9950 0.0022 
         009  9 0.0002 0.0014 0.0020 0.9951 0.0013 
         010  9 0.0003 0.0013 0.0011 0.9970 0.0002 
         013  9 0.0007 0.0004 0.0018 0.9964 0.0008 
         014  9 0.0003 0.0047 0.0017 0.9929 0.0004 
         016  9 0.0002 0.0009 0.0005 0.9982 0.0002 
         018  9 0.0008 0.0056 0.0015 0.9914 0.0006 
         019  9 0.0007 0.0042 0.0006 0.9937 0.0008 
         020  9 0.0003 0.0004 0.0004 0.9985 0.0004 
         021  9 0.0002 0.0003 0.0005 0.9988 0.0002 
         022  9 0.0004 0.0011 0.0007 0.9977 0.0002 
         024  9 0.0004 0.0016 0.0023 0.9952 0.0005 
         028  9 0.0007 0.0006 0.0012 0.9970 0.0005 
         029  9 0.0004 0.0012 0.0005 0.9977 0.0003 
         030  9 0.0003 0.0008 0.0010 0.9976 0.0003 
         031  9 0.0004 0.0009 0.0004 0.9971 0.0013 
         033  9 0.0004 0.0006 0.0009 0.9934 0.0047 
         001 10 0.0004 0.0013 0.0003 0.9978 0.0003 
         002 10 0.0002 0.0015 0.0006 0.9973 0.0003 
         003 10 0.0005 0.0005 0.0142 0.9845 0.0003 
         004 10 0.0003 0.0005 0.0022 0.9966 0.0003 
         005 10 0.0003 0.0015 0.0009 0.9970 0.0003 
         006 10 0.0004 0.0007 0.0005 0.9972 0.0011 
         007 10 0.0004 0.0004 0.0027 0.9961 0.0005 
         008 10 0.0007 0.0007 0.0035 0.9944 0.0008 
         009 10 0.0012 0.0035 0.0004 0.9945 0.0005 
         010 10 0.0004 0.0021 0.0010 0.9958 0.0006 
         011 10 0.0006 0.0004 0.0355 0.9630 0.0005 
         012 10 0.0010 0.0004 0.0024 0.9957 0.0004 
         013 10 0.0029 0.0007 0.0006 0.9956 0.0003 
         014 10 0.0008 0.0005 0.0009 0.9972 0.0005 
         016 10 0.0008 0.0012 0.0008 0.9964 0.0007 
         017 10 0.0008 0.0011 0.0009 0.9967 0.0005 
         018 10 0.0004 0.0024 0.0007 0.9916 0.0049 
         019 10 0.0004 0.0065 0.0012 0.9915 0.0004 
         020 10 0.0008 0.0075 0.0019 0.9890 0.0008 
         021 10 0.0003 0.0030 0.0004 0.9958 0.0006 
         022 10 0.0005 0.0002 0.0006 0.9985 0.0002 
         023 10 0.0006 0.0004 0.0008 0.9980 0.0002 
         024 10 0.0002 0.0013 0.0018 0.9963 0.0004 
         026 10 0.0004 0.0006 0.0006 0.9981 0.0003 
        001s 11 0.0003 0.0008 0.0073 0.9006 0.0911 
        002s 11 0.0055 0.0032 0.0011 0.9898 0.0004 
        003s 11 0.0004 0.0011 0.0004 0.9930 0.0051 
        004s 11 0.0013 0.0002 0.0012 0.9970 0.0003 
        005s 11 0.0006 0.0050 0.0006 0.9921 0.0017 
        006s 11 0.0104 0.0015 0.0027 0.9843 0.0011 
        007s 11 0.0410 0.0012 0.0008 0.9490 0.0080 
        008s 11 0.0003 0.0005 0.0005 0.9984 0.0004 
        009s 11 0.0003 0.0153 0.0003 0.9838 0.0004 
        010s 11 0.0003 0.0004 0.0009 0.9971 0.0012 
        011s 11 0.0050 0.0004 0.0120 0.8747 0.1079 
        012s 11 0.0003 0.0009 0.0003 0.8886 0.1099 
        013s 11 0.0006 0.0003 0.0010 0.9973 0.0008 
        014s 11 0.0060 0.0015 0.0009 0.9879 0.0037 
        015s 11 0.0016 0.0019 0.0041 0.9906 0.0018 
        016s 11 0.0004 0.0105 0.0611 0.8930 0.0350 
        017s 11 0.0004 0.0005 0.0011 0.9070 0.0910 
        018s 11 0.0008 0.0014 0.0007 0.9921 0.0050 
        019s 11 0.0010 0.0003 0.0192 0.9791 0.0005 
        020s 11 0.0012 0.0020 0.0016 0.9941 0.0012 
        021s 11 0.0005 0.0005 0.0011 0.9975 0.0004 
        022s 11 0.0341 0.0006 0.0004 0.9634 0.0014 
        023s 11 0.0004 0.0004 0.0175 0.9315 0.0503 
        025s 11 0.0004 0.0003 0.0009 0.9981 0.0003 
        026s 11 0.0006 0.0006 0.0544 0.9112 0.0332 
        027s 11 0.0019 0.0005 0.0006 0.9962 0.0008 
        028s 11 0.0009 0.0003 0.0010 0.9928 0.0050 
        029s 11 0.0005 0.0018 0.0003 0.9463 0.0511 
        030s 11 0.0010 0.0008 0.0013 0.9496 0.0472 
        031s 11 0.0009 0.0006 0.0003 0.9979 0.0003 
        032s 11 0.0003 0.0007 0.0021 0.9963 0.0006 
        033s 11 0.0006 0.0013 0.0006 0.9930 0.0045 
        034s 11 0.0014 0.0003 0.0003 0.9969 0.0011 
        035s 11 0.0012 0.0013 0.0003 0.9949 0.0023 
        036s 11 0.0026 0.0014 0.0004 0.9818 0.0138 
        037s 11 0.0003 0.0008 0.0013 0.9956 0.0020 
        038s 11 0.0005 0.0006 0.0007 0.9960 0.0022 
        039s 11 0.0003 0.0005 0.0010 0.9970 0.0013 
        040s 11 0.0030 0.0005 0.0006 0.9263 0.0697 
        041s 11 0.0015 0.0227 0.0029 0.9724 0.0005 
        042s 11 0.0009 0.0006 0.0095 0.9885 0.0005 
        043s 11 0.0004 0.0003 0.0193 0.9453 0.0346 
        044s 11 0.0050 0.0009 0.0050 0.9887 0.0003 
        045s 11 0.0015 0.0003 0.0097 0.9881 0.0004 
        046s 11 0.0016 0.0008 0.0320 0.9466 0.0190 
        047s 11 0.0011 0.0005 0.0013 0.9965 0.0006 
        048s 11 0.0030 0.0015 0.0338 0.9583 0.0034 
        049s 11 0.0003 0.0013 0.0013 0.9962 0.0009 
        050s 11 0.0011 0.0003 0.0012 0.9971 0.0003 
        051s 11 0.0218 0.0003 0.0516 0.9261 0.0003 
        052s 11 0.0021 0.0009 0.0017 0.9938 0.0014 
        053s 11 0.0004 0.0013 0.0008 0.9971 0.0004 
        054s 11 0.0064 0.0003 0.0006 0.9919 0.0007 
        055s 11 0.0009 0.0002 0.0004 0.9293 0.0691 
        001s 12 0.0037 0.0011 0.0009 0.9928 0.0016 
        002s 12 0.0004 0.0029 0.0008 0.9950 0.0009 
        003s 12 0.0006 0.0007 0.0004 0.9979 0.0004 
        004s 12 0.0006 0.0010 0.0068 0.9383 0.0533 
        005s 12 0.0006 0.0009 0.0006 0.9976 0.0003 
        006s 12 0.0020 0.0006 0.0010 0.9617 0.0346 
        007s 12 0.0012 0.0034 0.0013 0.9932 0.0009 
        008s 12 0.0013 0.0006 0.0005 0.9890 0.0085 
        009s 12 0.0013 0.0187 0.0056 0.9552 0.0192 
        010s 12 0.0363 0.0011 0.0002 0.9591 0.0033 
        011s 12 0.0022 0.0008 0.0008 0.9954 0.0009 
        012s 12 0.0074 0.0004 0.0031 0.9883 0.0008 
        013s 12 0.0005 0.0006 0.0398 0.9584 0.0007 
        014s 12 0.0402 0.0020 0.0426 0.9134 0.0018 
        015s 12 0.0007 0.0015 0.0010 0.9924 0.0044 
        016s 12 0.0005 0.0004 0.0039 0.9946 0.0005 
        017s 12 0.0011 0.0003 0.0011 0.9948 0.0028 
        018s 12 0.0003 0.0020 0.0016 0.9946 0.0015 
        019s 12 0.0004 0.0022 0.0004 0.9928 0.0041 
        020s 12 0.0003 0.0003 0.0004 0.9172 0.0818 
        021s 12 0.0005 0.0004 0.0020 0.9946 0.0026 
        022s 12 0.0011 0.0021 0.0038 0.9458 0.0472 
        023s 12 0.0003 0.0008 0.0011 0.9974 0.0004 
        024s 12 0.0002 0.0003 0.0005 0.9982 0.0007 
        025s 12 0.0029 0.0041 0.0009 0.9894 0.0026 
        026s 12 0.0006 0.0158 0.0007 0.9597 0.0231 
        027s 12 0.0009 0.0003 0.0004 0.9958 0.0026 
        028s 12 0.0004 0.0103 0.0036 0.9839 0.0018 
        029s 12 0.0005 0.0004 0.0008 0.9978 0.0005 
        030s 12 0.0011 0.0004 0.0005 0.9971 0.0009 
        031s 12 0.0010 0.0007 0.0024 0.9929 0.0030 
        032s 12 0.0004 0.0068 0.0006 0.9919 0.0004 
        033s 12 0.0055 0.0004 0.0004 0.9928 0.0008 
        034s 12 0.0004 0.0004 0.0004 0.9985 0.0004 
        035s 12 0.0006 0.0005 0.0004 0.9863 0.0122 
        036s 12 0.0073 0.0030 0.0008 0.9862 0.0027 
        037s 12 0.0003 0.0010 0.0008 0.9971 0.0009 
        001s 13 0.0005 0.0006 0.0022 0.9877 0.0091 
        002s 13 0.0006 0.0003 0.0004 0.9069 0.0917 
        003s 13 0.0003 0.0008 0.0010 0.9970 0.0009 
        004s 13 0.0004 0.0112 0.0026 0.9851 0.0007 
        005s 13 0.0060 0.0034 0.0023 0.9856 0.0028 
        006s 13 0.0011 0.0009 0.0005 0.9968 0.0007 
        007s 13 0.0311 0.0003 0.0010 0.9670 0.0005 
        008s 13 0.0011 0.0011 0.0007 0.9432 0.0539 
        009s 13 0.0029 0.0112 0.0014 0.8571 0.1273 
        010s 13 0.0008 0.0015 0.0005 0.9277 0.0696 
        011s 13 0.0230 0.0062 0.0026 0.9630 0.0052 
        012s 13 0.0020 0.0035 0.0205 0.9232 0.0507 
        013s 13 0.0139 0.0004 0.0063 0.9566 0.0228 
        014s 13 0.0345 0.0009 0.0027 0.9611 0.0008 
        015s 13 0.0007 0.0111 0.0086 0.9737 0.0060 
        016s 13 0.0004 0.0006 0.0009 0.9979 0.0003 
        017s 13 0.0140 0.0041 0.0004 0.9689 0.0125 
        018s 13 0.0003 0.0004 0.0007 0.9981 0.0005 
        019s 13 0.0016 0.0003 0.0010 0.9966 0.0004 
        020s 13 0.0036 0.0017 0.0004 0.9925 0.0017 
        021s 13 0.0003 0.0005 0.0015 0.9969 0.0007 
        022s 13 0.0006 0.0004 0.0007 0.9974 0.0009 
        023s 13 0.0003 0.0006 0.0004 0.9974 0.0014 
        024s 13 0.0028 0.0008 0.0378 0.9389 0.0197 
        025s 13 0.0006 0.0008 0.0016 0.9961 0.0008 
        026s 13 0.0097 0.0002 0.0054 0.8947 0.0900 
        027s 13 0.0022 0.0037 0.0010 0.9477 0.0453 
        028s 13 0.0124 0.0105 0.0021 0.9669 0.0080 
        029s 13 0.0009 0.0005 0.0014 0.9776 0.0196 
        030s 13 0.0004 0.0005 0.0194 0.9077 0.0720 
        031s 13 0.0019 0.0011 0.0997 0.8922 0.0051 
        032s 13 0.0017 0.0004 0.0003 0.9971 0.0005 
        033s 13 0.0337 0.0007 0.0007 0.9613 0.0036 
        034s 13 0.0051 0.0016 0.0009 0.9447 0.0478 
        035s 13 0.0006 0.0012 0.0035 0.9941 0.0006 
        036s 13 0.0004 0.0006 0.0004 0.9965 0.0021 
        037s 13 0.0007 0.0008 0.0016 0.9966 0.0003 
        038s 13 0.0012 0.0008 0.0008 0.9960 0.0011 
        039s 13 0.0011 0.0009 0.0741 0.8219 0.1019 
        040s 13 0.0006 0.0003 0.0009 0.9972 0.0010 
        041s 13 0.0027 0.0005 0.0016 0.9379 0.0574 
        042s 13 0.0010 0.0006 0.0006 0.9973 0.0005 
        001s 14 0.0006 0.0014 0.0007 0.9664 0.0309 
        002s 14 0.0026 0.0027 0.0016 0.9292 0.0639 
        003s 14 0.0004 0.0005 0.0007 0.9976 0.0008 
        004s 14 0.0073 0.0008 0.0031 0.9801 0.0088 
        005s 14 0.0002 0.0007 0.0006 0.9982 0.0003 
        006s 14 0.0005 0.0003 0.0003 0.9985 0.0004 
        007s 14 0.0007 0.0004 0.0013 0.9969 0.0006 
        008s 14 0.0015 0.0184 0.0020 0.8791 0.0991 
        009s 14 0.0006 0.0060 0.0010 0.9906 0.0018 
        010s 14 0.0005 0.0137 0.0009 0.9307 0.0542 
        011s 14 0.0351 0.0005 0.0007 0.9587 0.0049 
        012s 14 0.0020 0.0018 0.0016 0.9939 0.0007 
        013s 14 0.0026 0.0007 0.0052 0.9906 0.0010 
        014s 14 0.0005 0.0075 0.0005 0.9564 0.0351 
        015s 14 0.0005 0.0086 0.0024 0.9880 0.0006 
        016s 14 0.0002 0.0005 0.0115 0.9865 0.0012 
        017s 14 0.0106 0.0006 0.0004 0.9334 0.0551 
        018s 14 0.0003 0.0008 0.0012 0.9971 0.0006 
        019s 14 0.0016 0.0004 0.0008 0.9961 0.0011 
        020s 14 0.0003 0.0080 0.0012 0.9895 0.0011 
        021s 14 0.0003 0.0082 0.0007 0.9859 0.0050 
        022s 14 0.0030 0.0018 0.0011 0.9900 0.0041 
        023s 14 0.0010 0.0022 0.0019 0.9913 0.0036 
        024s 14 0.0017 0.0022 0.0012 0.9376 0.0572 
        025s 14 0.0002 0.0004 0.0003 0.9360 0.0632 
        026s 14 0.0002 0.0018 0.0010 0.9964 0.0006 
        027s 14 0.0004 0.0007 0.0029 0.9943 0.0017 
        028s 14 0.0020 0.0020 0.0005 0.9949 0.0006 
        029s 14 0.0003 0.0006 0.0010 0.9978 0.0003 
        030s 14 0.0094 0.0005 0.0006 0.9886 0.0010 
        031s 14 0.0122 0.0005 0.0014 0.9854 0.0004 
        032s 14 0.0009 0.0003 0.0019 0.9960 0.0009 
        033s 14 0.0519 0.0010 0.0006 0.9460 0.0004 
        034s 14 0.0003 0.0006 0.0006 0.9982 0.0003 
        035s 14 0.0831 0.0003 0.0006 0.8374 0.0786 
        036s 14 0.0314 0.0013 0.0041 0.8903 0.0730 
        037s 14 0.0004 0.0007 0.0032 0.9946 0.0010 
        038s 14 0.0007 0.0006 0.0005 0.9976 0.0007 
        039s 14 0.0016 0.0028 0.0034 0.9905 0.0017 
        040s 14 0.0005 0.0003 0.0008 0.9867 0.0117 
        041s 14 0.0012 0.0005 0.0006 0.9971 0.0006 
        042s 14 0.0004 0.0011 0.0018 0.9215 0.0753 
        001s 15 0.0003 0.0007 0.0011 0.9971 0.0008 
        002s 15 0.0018 0.0052 0.0083 0.8906 0.0941 
        003s 15 0.0004 0.0008 0.0063 0.9815 0.0110 
        004s 15 0.0004 0.0100 0.0003 0.9888 0.0005 
        005s 15 0.0025 0.0010 0.0053 0.9780 0.0132 
        006s 15 0.0012 0.0006 0.0008 0.9811 0.0164 
        007s 15 0.0004 0.0008 0.0005 0.9980 0.0003 
        008s 15 0.0004 0.0006 0.0004 0.9982 0.0003 
        009s 15 0.0040 0.0006 0.0349 0.9391 0.0215 
        010s 15 0.0003 0.0003 0.0016 0.9970 0.0008 
        011s 15 0.0641 0.0003 0.0012 0.9337 0.0007 
        012s 15 0.0019 0.0011 0.0019 0.9929 0.0021 
        013s 15 0.0003 0.0038 0.0009 0.9943 0.0008 
        014s 15 0.0008 0.0039 0.0053 0.9886 0.0014 
        015s 15 0.0032 0.0010 0.0034 0.9163 0.0760 
        016s 15 0.0648 0.0335 0.0004 0.8946 0.0067 
        017s 15 0.0008 0.0169 0.0017 0.9793 0.0013 
        018s 15 0.0002 0.0012 0.0005 0.9959 0.0023 
        019s 15 0.0004 0.0005 0.0040 0.9883 0.0068 
        020s 15 0.0006 0.0003 0.0008 0.9978 0.0004 
        021s 15 0.0008 0.0016 0.0049 0.9151 0.0776 
        022s 15 0.0019 0.0005 0.0005 0.9966 0.0006 
        023s 15 0.0024 0.0005 0.0011 0.9715 0.0244 
        024s 15 0.0016 0.0005 0.0006 0.9961 0.0012 
        025s 15 0.0009 0.0015 0.0275 0.9666 0.0035 
        026s 15 0.0007 0.0033 0.0215 0.9735 0.0010 
        027s 15 0.0079 0.0106 0.0007 0.9784 0.0024 
        028s 15 0.0012 0.0022 0.0011 0.9950 0.0005 
        029s 15 0.0009 0.0015 0.0013 0.9957 0.0006 
        030s 15 0.0005 0.0013 0.0006 0.9973 0.0004 
        031s 15 0.0016 0.0013 0.0078 0.9256 0.0637 
        032s 15 0.0002 0.0009 0.0017 0.9968 0.0005 
        033s 15 0.0013 0.0011 0.0002 0.9362 0.0611 
        035s 15 0.0026 0.0020 0.0007 0.9929 0.0018 
        036s 15 0.0010 0.0003 0.0048 0.9932 0.0007 
        037s 15 0.0071 0.0004 0.0007 0.9912 0.0006 
        038s 15 0.0012 0.0007 0.0003 0.9943 0.0035 
        039s 15 0.0003 0.0003 0.0004 0.9207 0.0783 
        040s 15 0.0017 0.0031 0.0005 0.9913 0.0034 
        041s 15 0.0052 0.0004 0.0032 0.9205 0.0707 
        042s 15 0.0004 0.0020 0.0006 0.9921 0.0049 
        043s 15 0.0014 0.0002 0.0015 0.9878 0.0091 
        044s 15 0.0006 0.0009 0.0007 0.9919 0.0058 
        045s 15 0.0366 0.0015 0.0788 0.8807 0.0024 
        046s 15 0.0064 0.0006 0.0014 0.9728 0.0188 
        047s 15 0.0020 0.0004 0.0005 0.9731 0.0241 
        048s 15 0.0006 0.0011 0.0173 0.9806 0.0004 
        049s 15 0.0018 0.0002 0.0005 0.9868 0.0107 
        050s 15 0.0004 0.0134 0.0024 0.8511 0.1327 
         001 16 0.0143 0.0031 0.0007 0.8137 0.1683 
         002 16 0.0012 0.0003 0.0005 0.9545 0.0436 
         003 16 0.0053 0.0029 0.0020 0.9867 0.0030 
         004 16 0.0008 0.0005 0.0011 0.9968 0.0007 
         005 16 0.0065 0.0014 0.0297 0.9132 0.0493 
         006 16 0.0017 0.0005 0.0153 0.9694 0.0130 
         007 16 0.0008 0.0006 0.0012 0.9940 0.0034 
         008 16 0.0062 0.0012 0.0005 0.8487 0.1433 
         009 16 0.0003 0.0009 0.0003 0.9958 0.0027 
         010 16 0.0005 0.0006 0.0012 0.9711 0.0267 
         011 16 0.0013 0.0006 0.0018 0.9895 0.0068 
         012 16 0.0024 0.0009 0.0012 0.9950 0.0005 
         013 16 0.0009 0.0005 0.0006 0.9976 0.0005 
         014 16 0.0007 0.0011 0.0003 0.9655 0.0324 
         015 16 0.0020 0.0011 0.3690 0.6275 0.0003 
         016 16 0.0003 0.0048 0.0136 0.9797 0.0016 
         017 16 0.0065 0.0006 0.0013 0.9863 0.0052 
         018 16 0.0021 0.0071 0.0250 0.9343 0.0315 
         019 16 0.0045 0.0010 0.0005 0.9297 0.0642 
         020 16 0.0007 0.0008 0.0006 0.9977 0.0002 
         021 16 0.0315 0.0048 0.0004 0.8699 0.0933 
         022 16 0.0002 0.0011 0.0019 0.9601 0.0367 
         023 16 0.0006 0.0005 0.0105 0.9573 0.0312 
         024 16 0.0005 0.0008 0.0245 0.9667 0.0075 
         025 16 0.0123 0.0007 0.0025 0.9423 0.0424 
         026 16 0.0019 0.0004 0.0040 0.8864 0.1073 
         027 16 0.0004 0.0090 0.0015 0.9781 0.0110 
         028 16 0.0303 0.0193 0.0002 0.8053 0.1449 
         029 16 0.0376 0.0010 0.0007 0.9591 0.0016 
         030 16 0.0057 0.0003 0.0004 0.9931 0.0005 
         031 16 0.0008 0.0108 0.0006 0.9868 0.0010 
         032 16 0.0006 0.0007 0.0067 0.9038 0.0882 
         033 16 0.0008 0.0002 0.0003 0.9983 0.0003 
         034 16 0.0029 0.0004 0.0014 0.9923 0.0031 
         035 16 0.0007 0.0008 0.0002 0.9982 0.0002 
         036 16 0.0004 0.0017 0.0017 0.9958 0.0004 
         037 16 0.0148 0.0007 0.0034 0.9601 0.0210 
         038 16 0.0008 0.0016 0.0065 0.9898 0.0014 
         039 16 0.0003 0.0008 0.0005 0.9968 0.0017 
         040 16 0.0013 0.0004 0.0013 0.9961 0.0009 
         041 16 0.0007 0.0003 0.0015 0.9967 0.0008 
         042 16 0.0006 0.0021 0.0006 0.9956 0.0010 
         043 16 0.0005 0.0012 0.0009 0.9965 0.0009 
         044 16 0.0009 0.0018 0.0013 0.9902 0.0059 
         045 16 0.0080 0.0016 0.0002 0.9883 0.0018 
         047 16 0.0388 0.0056 0.0009 0.9513 0.0034 
         048 16 0.0032 0.0008 0.0006 0.9936 0.0018 
         049 16 0.0026 0.0005 0.0032 0.9933 0.0004 
         050 16 0.0008 0.0004 0.0002 0.9981 0.0004 
         051 16 0.0017 0.0019 0.0006 0.9948 0.0010 
         052 16 0.0003 0.0004 0.0006 0.9984 0.0003 
         053 16 0.0008 0.0008 0.0006 0.9975 0.0002 
         054 16 0.0008 0.0010 0.0005 0.9329 0.0647 
         055 16 0.0561 0.0005 0.0003 0.9398 0.0033 
         056 16 0.0003 0.0007 0.0071 0.9908 0.0012 
         057 16 0.0005 0.0003 0.0002 0.9079 0.0911 
         058 16 0.0055 0.0002 0.0083 0.8926 0.0935 
         059 16 0.0143 0.0036 0.0870 0.8100 0.0850 
         060 16 0.0008 0.0011 0.0120 0.9837 0.0024 
         061 16 0.0008 0.0006 0.0016 0.9958 0.0013 
         062 16 0.0070 0.0016 0.0003 0.9906 0.0005 
         063 16 0.0007 0.0006 0.0007 0.9946 0.0034 
         064 16 0.0005 0.0004 0.0021 0.9966 0.0004 
         065 16 0.0027 0.0013 0.0023 0.9922 0.0016 
         066 16 0.0004 0.0009 0.0005 0.9978 0.0004 
         067 16 0.0044 0.0007 0.0772 0.9167 0.0011 
         068 16 0.0014 0.0008 0.0258 0.9683 0.0036 
         069 16 0.0004 0.0054 0.0005 0.9930 0.0007 
         070 16 0.0007 0.0025 0.0007 0.9919 0.0043 
         071 16 0.0138 0.0005 0.0003 0.9096 0.0758 
         072 16 0.0008 0.0010 0.0009 0.9914 0.0058 
         073 16 0.0024 0.0007 0.0003 0.9957 0.0009 
         074 16 0.0005 0.0004 0.0003 0.9985 0.0003 
         075 16 0.0055 0.0005 0.0010 0.9724 0.0206 
         076 16 0.0007 0.0005 0.0003 0.9976 0.0009 
         077 16 0.0036 0.0297 0.0590 0.8902 0.0175 
         078 16 0.0006 0.0010 0.0025 0.9677 0.0282 
         079 16 0.0038 0.0020 0.0006 0.9048 0.0889 
         080 16 0.0002 0.0004 0.0011 0.9944 0.0039 
         081 16 0.0380 0.0008 0.0004 0.9549 0.0059 
         082 16 0.0113 0.0005 0.0004 0.9752 0.0126 
         083 16 0.0007 0.0006 0.0016 0.9965 0.0005 
         084 16 0.0017 0.0030 0.0009 0.9924 0.0020 
         085 16 0.0007 0.0019 0.0090 0.9878 0.0007 
         086 16 0.0078 0.0006 0.0008 0.8849 0.1060 
         087 16 0.0016 0.0015 0.0004 0.9815 0.0151 
         088 16 0.0004 0.0004 0.0023 0.9961 0.0009 
         089 16 0.0083 0.0007 0.0010 0.9891 0.0009 
         090 16 0.0006 0.0017 0.0004 0.9913 0.0061 
         091 16 0.0013 0.0007 0.0007 0.9963 0.0011 
         092 16 0.0006 0.0002 0.0003 0.9606 0.0382 
         093 16 0.0003 0.0016 0.0004 0.9961 0.0015 
         094 16 0.0006 0.0053 0.0404 0.9489 0.0047 
         095 16 0.0002 0.0011 0.0005 0.9977 0.0006 
         096 16 0.0263 0.0004 0.0035 0.9687 0.0011 
         097 16 0.0874 0.0012 0.0075 0.8964 0.0075 
         098 16 0.0006 0.0087 0.0035 0.9864 0.0009 
         099 16 0.0003 0.0008 0.0050 0.9934 0.0004 
         100 16 0.0004 0.0007 0.0018 0.9961 0.0010 
         101 16 0.0005 0.0005 0.0039 0.9562 0.0390 
         102 16 0.0016 0.0004 0.0019 0.9951 0.0011 
         103 16 0.0023 0.0042 0.0024 0.9903 0.0008 
         104 16 0.0006 0.0004 0.0032 0.9929 0.0030 
         105 16 0.0290 0.0033 0.0036 0.8856 0.0785 
         106 16 0.0004 0.0005 0.0025 0.9949 0.0017 
         107 16 0.0005 0.0463 0.0053 0.9349 0.0130 
         108 16 0.0016 0.0678 0.1651 0.6459 0.1196 
         109 16 0.0031 0.0004 0.0005 0.9815 0.0145 
         110 16 0.0004 0.0003 0.0011 0.9979 0.0003 
         111 16 0.0005 0.0010 0.0011 0.9355 0.0620 
         112 16 0.0004 0.0009 0.0014 0.9490 0.0483 
         113 16 0.0058 0.0009 0.0008 0.9432 0.0493 
         114 16 0.0005 0.0054 0.0010 0.9769 0.0163 
         115 16 0.0009 0.0004 0.0007 0.9977 0.0003 
         116 16 0.0006 0.0005 0.0008 0.9823 0.0158 
         117 16 0.0037 0.0035 0.0007 0.9846 0.0074 
         118 16 0.0002 0.0009 0.0114 0.9828 0.0046 
         119 16 0.0008 0.0021 0.0011 0.9943 0.0017 
         120 16 0.0190 0.0009 0.0004 0.9794 0.0003 
         121 16 0.0088 0.0003 0.0330 0.9575 0.0004 
         122 16 0.0004 0.0004 0.0005 0.9984 0.0003 
         123 16 0.0011 0.0028 0.0004 0.9917 0.0041 
         124 16 0.0008 0.0003 0.0015 0.9871 0.0103 
         126 16 0.0012 0.0032 0.0009 0.8316 0.1631 
         001 17 0.0026 0.0099 0.0006 0.9865 0.0005 
         002 17 0.0003 0.0007 0.0003 0.9959 0.0027 
         003 17 0.0005 0.0009 0.0006 0.9976 0.0005 
         005 17 0.0007 0.0205 0.0003 0.9783 0.0003 
         006 17 0.0523 0.0017 0.0004 0.9447 0.0010 
         007 17 0.0110 0.0027 0.0176 0.8483 0.1204 
         008 17 0.0112 0.0008 0.0008 0.8805 0.1067 
         009 17 0.0004 0.0006 0.0004 0.9983 0.0002 
         010 17 0.0011 0.0005 0.0007 0.9972 0.0006 
         011 17 0.0016 0.0012 0.3792 0.4821 0.1359 
         012 17 0.0006 0.0006 0.0018 0.9930 0.0040 
         013 17 0.0002 0.0006 0.0003 0.9985 0.0003 
         014 17 0.0004 0.0012 0.0003 0.9977 0.0004 
         015 17 0.0038 0.0006 0.0003 0.9942 0.0010 
         016 17 0.0007 0.0005 0.0004 0.9977 0.0007 
         017 17 0.0021 0.0008 0.0009 0.9949 0.0013 
         018 17 0.0017 0.0196 0.0004 0.9522 0.0261 
         019 17 0.0001 0.0005 0.0007 0.9980 0.0006 
         020 17 0.0006 0.0004 0.0007 0.9974 0.0009 
         021 17 0.0008 0.0005 0.0007 0.9978 0.0003 
         022 17 0.0058 0.0165 0.0011 0.9415 0.0350 
         023 17 0.0003 0.0023 0.0005 0.9861 0.0107 
         024 17 0.0399 0.0014 0.0021 0.9346 0.0220 
         025 17 0.0006 0.0004 0.0003 0.9983 0.0005 
         002 18 0.0006 0.0061 0.0017 0.9914 0.0003 
         003 18 0.0004 0.0004 0.0012 0.9978 0.0002 
         004 18 0.0004 0.0030 0.0010 0.9345 0.0611 
         005 18 0.0005 0.0008 0.0271 0.9668 0.0047 
         006 18 0.0002 0.0004 0.0006 0.9983 0.0004 
         007 18 0.0044 0.0026 0.0003 0.9915 0.0012 
         008 18 0.0013 0.0004 0.0019 0.9962 0.0003 
         009 18 0.0040 0.0009 0.0023 0.9850 0.0078 
         010 18 0.0016 0.0023 0.0070 0.9887 0.0004 
         011 18 0.0005 0.0018 0.0017 0.9955 0.0005 
         012 18 0.0008 0.0006 0.0024 0.9798 0.0164 
         015 18 0.0004 0.0003 0.0022 0.9959 0.0012 
         016 18 0.0044 0.0005 0.0003 0.9933 0.0015 
         018 18 0.0004 0.0049 0.0060 0.9884 0.0003 
         026 18 0.0139 0.0022 0.0007 0.9828 0.0005 
         027 18 0.0004 0.0021 0.0011 0.9961 0.0003 
         028 18 0.0007 0.0277 0.0003 0.9684 0.0028 
         029 18 0.0005 0.0006 0.0006 0.9971 0.0012 
         031 18 0.0044 0.0388 0.0767 0.8129 0.0672 
         032 18 0.0004 0.0011 0.0003 0.9978 0.0004 
         033 18 0.0004 0.0013 0.0006 0.9967 0.0010 
         035 18 0.0005 0.0005 0.0006 0.9969 0.0016 
         036 18 0.0004 0.0009 0.0080 0.9902 0.0005 
         037 18 0.0126 0.0142 0.0105 0.9621 0.0006 
         038 18 0.0272 0.0537 0.0021 0.9152 0.0019 
         039 18 0.0005 0.0004 0.0011 0.9977 0.0003 
         044 18 0.0091 0.0009 0.0006 0.8722 0.1173 
         046 18 0.0003 0.0086 0.0316 0.9571 0.0024 
         049 18 0.0005 0.0008 0.0003 0.9978 0.0005 
         053 18 0.0006 0.0013 0.0007 0.9947 0.0027 
         054 18 0.0106 0.0008 0.0009 0.9867 0.0010 
         056 18 0.0002 0.0024 0.0038 0.9272 0.0664 
         057 18 0.0034 0.0005 0.0029 0.9928 0.0003 
         058 18 0.0006 0.0057 0.0032 0.9893 0.0012 
        001s 19 0.0010 0.0006 0.0010 0.9291 0.0684 
        002s 19 0.0004 0.0009 0.0010 0.9922 0.0055 
        003s 19 0.0003 0.0004 0.0004 0.9674 0.0315 
        004s 19 0.0014 0.0050 0.0235 0.9689 0.0012 
        005s 19 0.0278 0.0042 0.0755 0.8884 0.0043 
        006s 19 0.0016 0.0014 0.0015 0.9945 0.0010 
        007s 19 0.0168 0.0004 0.0144 0.9670 0.0014 
        008s 19 0.0019 0.0012 0.0133 0.9445 0.0391 
        009s 19 0.0007 0.0006 0.0022 0.9949 0.0016 
        010s 19 0.0047 0.0147 0.0005 0.9779 0.0021 
        011s 19 0.0041 0.0041 0.0007 0.9907 0.0003 
        012s 19 0.0018 0.0016 0.0005 0.9939 0.0022 
        013s 19 0.0067 0.0008 0.0004 0.9876 0.0046 
        014s 19 0.0063 0.0004 0.0079 0.9232 0.0621 
        015s 19 0.0025 0.0006 0.0004 0.9959 0.0006 
        016s 19 0.0020 0.0233 0.0438 0.9294 0.0016 
        017s 19 0.0005 0.0025 0.0040 0.9352 0.0578 
        018s 19 0.0008 0.0012 0.0029 0.9930 0.0021 
        019s 19 0.0069 0.0007 0.0028 0.9063 0.0833 
        020s 19 0.0039 0.0006 0.0009 0.9229 0.0718 
        021s 19 0.0016 0.0014 0.0004 0.9931 0.0035 
        022s 19 0.0011 0.0010 0.0007 0.9810 0.0162 
        023s 19 0.0036 0.0019 0.0018 0.9919 0.0007 
        024s 19 0.0004 0.0024 0.0028 0.9940 0.0004 
        025s 19 0.0004 0.0007 0.0029 0.8654 0.1305 
        026s 19 0.0047 0.0032 0.0033 0.9843 0.0044 
        027s 19 0.0006 0.0009 0.0011 0.9938 0.0035 
        028s 19 0.0012 0.0008 0.0003 0.9921 0.0055 
        029s 19 0.0009 0.0021 0.0007 0.9961 0.0003 
        030s 19 0.0011 0.0043 0.0007 0.9917 0.0023 
        031s 19 0.0013 0.0005 0.0005 0.9961 0.0017 
        032s 19 0.0008 0.0003 0.0004 0.9979 0.0006 
        033s 19 0.0013 0.0012 0.0058 0.9915 0.0002 
        034s 19 0.0007 0.0005 0.0010 0.9972 0.0006 
        035s 19 0.0019 0.0032 0.0039 0.9748 0.0162 
        036s 19 0.0009 0.0003 0.0016 0.9968 0.0003 
        037s 19 0.0003 0.0010 0.0004 0.9977 0.0006 
        038s 19 0.0013 0.0017 0.0017 0.9938 0.0015 
        039s 19 0.0006 0.0004 0.0004 0.9980 0.0006 
        040s 19 0.0310 0.0006 0.0005 0.9674 0.0004 
        041s 19 0.0006 0.0003 0.0006 0.9982 0.0003 
        042s 19 0.0009 0.0114 0.0131 0.9709 0.0037 
        043s 19 0.0014 0.0017 0.0005 0.9547 0.0418 
        044s 19 0.0005 0.0009 0.0017 0.9967 0.0003 
        045s 19 0.0003 0.0009 0.0011 0.9971 0.0006 
        046s 19 0.0015 0.0017 0.0054 0.9895 0.0020 
        047s 19 0.0094 0.0006 0.0003 0.9891 0.0006 
        048s 19 0.0044 0.0020 0.0007 0.9042 0.0887 
        049s 19 0.0071 0.0006 0.0064 0.9806 0.0053 
        050s 19 0.0002 0.0005 0.0005 0.9972 0.0017 
        051s 19 0.0420 0.0008 0.0105 0.9401 0.0065 
        052s 19 0.0008 0.0010 0.0006 0.9968 0.0008 
      LIW2-4 20 0.0020 0.0020 0.0025 0.9929 0.0005 
     LIW2-12 21 0.0002 0.0092 0.0782 0.9114 0.0008 
     LIW2-20 22 0.0005 0.0035 0.0012 0.9925 0.0023 
     LIW2-28 23 0.0015 0.0019 0.0657 0.8887 0.0421 
      LIW1-5 24 0.0005 0.0015 0.0034 0.9937 0.0009 
     LIW1-13 25 0.0098 0.0004 0.0143 0.9212 0.0544 
     LIW1-21 26 0.0004 0.0073 0.0345 0.9505 0.0073 
     LIW1-29 27 0.0032 0.0031 0.0157 0.9601 0.0178 
      LIW2-5 28 0.0010 0.0084 0.0024 0.9876 0.0006 
     LIW2-34 29 0.0009 0.0078 0.0036 0.9875 0.0002 
