        001s  1 0.7180 0.0015 0.2672 0.0030 0.0016 0.0008 0.0007 0.0004 0.0068 
        002s  1 0.2020 0.0273 0.6742 0.0142 0.0010 0.0008 0.0013 0.0035 0.0757 
        003s  1 0.0125 0.0498 0.8718 0.0073 0.0279 0.0036 0.0041 0.0010 0.0220 
        004s  1 0.1013 0.0080 0.4956 0.0096 0.0005 0.0039 0.0074 0.0317 0.3421 
        005s  1 0.0071 0.1197 0.3729 0.0141 0.0003 0.1664 0.0014 0.1352 0.1829 
        006s  1 0.9368 0.0328 0.0037 0.0167 0.0006 0.0005 0.0006 0.0018 0.0066 
        007s  1 0.8978 0.0305 0.0176 0.0053 0.0011 0.0039 0.0030 0.0005 0.0403 
        008s  1 0.0388 0.0294 0.5423 0.0080 0.0015 0.0015 0.0016 0.0013 0.3755 
        009s  1 0.6230 0.0175 0.2910 0.0061 0.0032 0.0429 0.0090 0.0024 0.0049 
        010s  1 0.9464 0.0071 0.0100 0.0092 0.0009 0.0148 0.0004 0.0013 0.0100 
        011s  1 0.3250 0.0477 0.0126 0.0039 0.0051 0.0013 0.0017 0.0019 0.6008 
        012s  1 0.1092 0.0060 0.1032 0.0067 0.0075 0.1042 0.0016 0.0048 0.6567 
        013s  1 0.8520 0.0272 0.0173 0.0036 0.0011 0.0026 0.0075 0.0103 0.0785 
        014s  1 0.7898 0.0009 0.0103 0.0085 0.0194 0.0369 0.0074 0.0017 0.1251 
        015s  1 0.7408 0.0055 0.0124 0.0052 0.0011 0.0006 0.0006 0.0007 0.2331 
        016s  1 0.8352 0.0027 0.0909 0.0417 0.0017 0.0072 0.0084 0.0007 0.0116 
        018s  1 0.1287 0.0953 0.1293 0.3197 0.0023 0.1339 0.0020 0.0014 0.1875 
        019s  1 0.4163 0.0133 0.2059 0.0088 0.0087 0.0176 0.0014 0.0006 0.3273 
        020s  1 0.9264 0.0094 0.0046 0.0144 0.0115 0.0009 0.0118 0.0004 0.0207 
        021s  1 0.9037 0.0026 0.0252 0.0036 0.0015 0.0004 0.0068 0.0091 0.0471 
        022s  1 0.0466 0.0113 0.9148 0.0177 0.0006 0.0004 0.0014 0.0004 0.0068 
        023s  1 0.5097 0.0024 0.2105 0.1162 0.0014 0.0004 0.0130 0.0006 0.1458 
        024s  1 0.7158 0.0100 0.0144 0.0151 0.0005 0.0019 0.0015 0.0026 0.2382 
        025s  1 0.0974 0.0152 0.0145 0.0206 0.0006 0.0033 0.0022 0.0015 0.8445 
        026s  1 0.6910 0.0025 0.0078 0.0700 0.0047 0.0011 0.0123 0.0007 0.2099 
        027s  1 0.0272 0.0302 0.0270 0.0139 0.0010 0.0010 0.0022 0.0109 0.8867 
        028s  1 0.0049 0.0342 0.0412 0.0077 0.0023 0.0395 0.0013 0.0517 0.8172 
        029s  1 0.9399 0.0161 0.0115 0.0072 0.0063 0.0018 0.0008 0.0010 0.0154 
        030s  1 0.2921 0.0345 0.0053 0.0934 0.0116 0.0013 0.0008 0.0051 0.5558 
        031s  1 0.8542 0.0012 0.1174 0.0083 0.0005 0.0005 0.0008 0.0003 0.0167 
        032s  1 0.7105 0.0111 0.0056 0.0100 0.0017 0.0010 0.0012 0.0010 0.2578 
        033s  1 0.6825 0.0383 0.0079 0.0096 0.0009 0.0033 0.0012 0.0007 0.2556 
        034s  1 0.1696 0.0017 0.4708 0.0028 0.0048 0.0014 0.0562 0.0031 0.2895 
        035s  1 0.8930 0.0230 0.0036 0.0023 0.0023 0.0028 0.0009 0.0018 0.0702 
        036s  1 0.4758 0.0151 0.3985 0.0055 0.0006 0.0950 0.0014 0.0012 0.0070 
        037s  1 0.1600 0.0231 0.1755 0.0083 0.0017 0.1039 0.0435 0.0048 0.4792 
        038s  1 0.3973 0.0021 0.0195 0.0199 0.0010 0.0016 0.0014 0.0006 0.5567 
        039s  1 0.7658 0.0468 0.0291 0.0108 0.0013 0.0004 0.0004 0.0052 0.1401 
        040s  1 0.3132 0.0315 0.1659 0.0286 0.0009 0.0013 0.0024 0.0036 0.4526 
        041s  1 0.8560 0.0392 0.0111 0.0328 0.0010 0.0028 0.0049 0.0004 0.0517 
        042s  1 0.2860 0.0031 0.1640 0.0046 0.0014 0.0773 0.0814 0.0011 0.3811 
        043s  1 0.0063 0.0430 0.6180 0.0042 0.0020 0.0042 0.0006 0.0010 0.3208 
        044s  1 0.5298 0.0382 0.2087 0.0028 0.0056 0.0666 0.0083 0.0111 0.1290 
        045s  1 0.9304 0.0014 0.0038 0.0302 0.0010 0.0145 0.0008 0.0030 0.0150 
        046s  1 0.7770 0.0269 0.0391 0.0052 0.0030 0.0016 0.0005 0.0006 0.1460 
        047s  1 0.9568 0.0035 0.0049 0.0138 0.0017 0.0014 0.0053 0.0003 0.0123 
        048s  1 0.4201 0.0113 0.4630 0.0019 0.0005 0.0288 0.0012 0.0003 0.0731 
        049s  1 0.0743 0.0011 0.8521 0.0035 0.0012 0.0009 0.0007 0.0030 0.0632 
        050s  1 0.6368 0.0361 0.0805 0.0227 0.0007 0.0969 0.0014 0.0042 0.1208 
        051s  1 0.9092 0.0029 0.0210 0.0083 0.0297 0.0004 0.0009 0.0009 0.0268 
        052s  1 0.5189 0.0037 0.0297 0.3345 0.0231 0.0110 0.0019 0.0066 0.0705 
        053s  1 0.9665 0.0172 0.0072 0.0028 0.0005 0.0013 0.0007 0.0006 0.0032 
        054s  1 0.9290 0.0024 0.0056 0.0165 0.0027 0.0003 0.0013 0.0046 0.0377 
        055s  1 0.7853 0.0234 0.0039 0.0010 0.0026 0.0696 0.0728 0.0007 0.0407 
          01  2 0.2383 0.0350 0.0159 0.0028 0.0299 0.1124 0.0017 0.0021 0.5619 
          02  2 0.8770 0.0419 0.0036 0.0566 0.0023 0.0090 0.0010 0.0014 0.0072 
          03  2 0.3011 0.0264 0.0152 0.0162 0.0004 0.0014 0.0014 0.0011 0.6366 
          04  2 0.0200 0.0028 0.0177 0.0441 0.0009 0.0014 0.0124 0.0156 0.8851 
          05  2 0.0022 0.0052 0.4865 0.0016 0.0003 0.0997 0.0005 0.0003 0.4037 
          06  2 0.6483 0.0155 0.0128 0.0244 0.0009 0.0265 0.0009 0.0020 0.2688 
          07  2 0.7010 0.0044 0.2214 0.0019 0.0013 0.0063 0.0013 0.0020 0.0606 
          08  2 0.1733 0.0007 0.6257 0.0288 0.0023 0.0800 0.0015 0.0006 0.0871 
          09  2 0.9224 0.0023 0.0553 0.0025 0.0100 0.0007 0.0005 0.0004 0.0058 
          10  2 0.5430 0.0289 0.0228 0.0360 0.0009 0.0014 0.0006 0.0006 0.3659 
          11  2 0.5521 0.0007 0.0217 0.0053 0.0122 0.0108 0.0036 0.0012 0.3925 
          12  2 0.7715 0.0011 0.0231 0.1886 0.0031 0.0005 0.0007 0.0009 0.0105 
          13  2 0.7065 0.0078 0.2074 0.0026 0.0009 0.0004 0.0009 0.0006 0.0729 
          14  2 0.3854 0.0019 0.3019 0.0056 0.0045 0.0004 0.0226 0.0084 0.2694 
          15  2 0.5683 0.0025 0.3352 0.0113 0.0027 0.0006 0.0016 0.0006 0.0771 
          16  2 0.8411 0.0719 0.0067 0.0030 0.0068 0.0010 0.0067 0.0581 0.0046 
          17  2 0.5796 0.0303 0.0769 0.1821 0.0007 0.0022 0.0014 0.0008 0.1260 
          18  2 0.8346 0.0364 0.0044 0.0277 0.0034 0.0118 0.0011 0.0034 0.0771 
          19  2 0.7417 0.0018 0.0076 0.0088 0.0027 0.0022 0.0040 0.0004 0.2308 
          20  2 0.8748 0.0034 0.0084 0.0204 0.0024 0.0634 0.0058 0.0094 0.0120 
          21  2 0.7537 0.0213 0.0132 0.0016 0.0187 0.0021 0.0007 0.0007 0.1880 
          22  2 0.1302 0.0134 0.0030 0.0045 0.0068 0.0018 0.0054 0.0048 0.8301 
          23  2 0.8165 0.0260 0.0021 0.0822 0.0014 0.0011 0.0026 0.0020 0.0660 
          24  2 0.8387 0.0018 0.0054 0.0177 0.0015 0.0010 0.0013 0.0008 0.1319 
          25  2 0.7634 0.0033 0.1269 0.0029 0.0023 0.0081 0.0010 0.0254 0.0668 
          26  2 0.0015 0.0007 0.9909 0.0011 0.0016 0.0012 0.0003 0.0005 0.0020 
          27  2 0.8939 0.0021 0.0296 0.0052 0.0010 0.0012 0.0051 0.0231 0.0388 
          28  2 0.7563 0.0041 0.1103 0.0298 0.0016 0.0020 0.0062 0.0003 0.0895 
          29  2 0.8577 0.0070 0.0062 0.0115 0.0015 0.0011 0.0004 0.0015 0.1130 
          30  2 0.1706 0.0595 0.0723 0.0568 0.0142 0.1453 0.0856 0.0006 0.3952 
          01  3 0.0359 0.4251 0.0052 0.2112 0.0006 0.2169 0.0192 0.0265 0.0593 
          02  3 0.0214 0.2808 0.0020 0.0034 0.0736 0.2062 0.0026 0.3134 0.0966 
          03  3 0.0013 0.1315 0.0009 0.0008 0.0003 0.2346 0.0005 0.2485 0.3814 
          04  3 0.0012 0.2820 0.0011 0.0008 0.0006 0.3091 0.0008 0.2159 0.1885 
          05  3 0.0006 0.2207 0.0006 0.0008 0.1157 0.2433 0.1212 0.2874 0.0097 
          06  3 0.0046 0.3047 0.0017 0.0064 0.0004 0.2505 0.0007 0.3447 0.0865 
          07  3 0.0018 0.1077 0.0070 0.0016 0.0005 0.3114 0.0003 0.2067 0.3631 
          08  3 0.0018 0.2016 0.0043 0.0026 0.0039 0.2637 0.0017 0.2318 0.2886 
          09  3 0.0864 0.1134 0.0007 0.0007 0.0002 0.3594 0.0015 0.2192 0.2184 
          10  3 0.0346 0.2135 0.0169 0.0046 0.2136 0.0853 0.1227 0.2962 0.0127 
          11  3 0.0007 0.1329 0.0007 0.0020 0.0003 0.3167 0.0002 0.2303 0.3163 
          12  3 0.0010 0.1417 0.0390 0.0007 0.0004 0.3285 0.0005 0.2403 0.2479 
          13  3 0.0031 0.3221 0.0020 0.0039 0.0121 0.2861 0.0003 0.3523 0.0181 
          14  3 0.0031 0.2391 0.0020 0.0037 0.0463 0.2061 0.1551 0.3335 0.0112 
          15  3 0.0016 0.1977 0.0034 0.0013 0.0003 0.2775 0.0014 0.1832 0.3337 
          16  3 0.0193 0.4436 0.0239 0.0355 0.0046 0.0965 0.0025 0.3641 0.0100 
          17  3 0.0276 0.1575 0.0084 0.0047 0.0010 0.3466 0.0008 0.1147 0.3387 
          18  3 0.0040 0.1747 0.0095 0.0056 0.1651 0.1141 0.2773 0.2406 0.0093 
          19  3 0.0069 0.3452 0.0055 0.0120 0.0008 0.1785 0.0034 0.2912 0.1564 
          20  3 0.0150 0.2860 0.0113 0.0442 0.0003 0.2997 0.0550 0.1726 0.1158 
          21  3 0.0083 0.3858 0.0038 0.0041 0.0012 0.1820 0.0067 0.1954 0.2128 
          22  3 0.0008 0.1621 0.0063 0.0045 0.0004 0.3800 0.0015 0.1511 0.2933 
          23  3 0.0012 0.2831 0.0035 0.0008 0.0003 0.2433 0.0010 0.2030 0.2638 
          24  3 0.0118 0.2282 0.0179 0.0080 0.1675 0.3731 0.0021 0.1705 0.0208 
          25  3 0.0008 0.2819 0.0006 0.0005 0.2503 0.1680 0.1345 0.1569 0.0064 
          26  3 0.0013 0.1662 0.0009 0.0215 0.0008 0.3386 0.0005 0.2509 0.2192 
          27  3 0.0129 0.2671 0.0250 0.0225 0.1335 0.1208 0.1755 0.2211 0.0217 
          28  3 0.0176 0.3731 0.0102 0.0173 0.0027 0.2510 0.0003 0.2748 0.0530 
          29  3 0.0053 0.3176 0.0014 0.0457 0.0055 0.2466 0.0106 0.2432 0.1242 
          30  3 0.0019 0.2967 0.0394 0.0018 0.0013 0.2957 0.0005 0.1115 0.2513 
         001  4 0.0001 0.0001 0.0001 0.0001 0.0001 0.9991 0.0001 0.0002 0.0001 
         002  4 0.0003 0.0011 0.0003 0.0002 0.0002 0.9967 0.0002 0.0007 0.0003 
         003  4 0.0001 0.0001 0.0001 0.0001 0.0001 0.9991 0.0001 0.0001 0.0001 
         004  4 0.0001 0.0002 0.0001 0.0001 0.0001 0.9990 0.0001 0.0003 0.0001 
         005  4 0.0002 0.0001 0.0002 0.0002 0.0003 0.9984 0.0002 0.0003 0.0001 
         006  4 0.0008 0.0298 0.0005 0.0005 0.0003 0.9007 0.0003 0.0664 0.0007 
         007  4 0.0007 0.0007 0.0065 0.0006 0.0002 0.9264 0.0006 0.0629 0.0013 
         008  4 0.0006 0.0012 0.0011 0.0006 0.0025 0.9894 0.0033 0.0008 0.0005 
         009  4 0.0001 0.0001 0.0001 0.0001 0.0002 0.9988 0.0001 0.0003 0.0001 
         010  4 0.0001 0.0001 0.0001 0.0001 0.0001 0.9756 0.0001 0.0237 0.0001 
         011  4 0.0010 0.0019 0.0036 0.0008 0.0004 0.9388 0.0146 0.0375 0.0014 
         012  4 0.0001 0.0001 0.0001 0.0001 0.0001 0.9992 0.0001 0.0001 0.0001 
         013  4 0.0001 0.0001 0.0001 0.0001 0.0001 0.9992 0.0001 0.0001 0.0001 
         014  4 0.0002 0.0002 0.0002 0.0002 0.0001 0.9984 0.0002 0.0002 0.0002 
         015  4 0.0001 0.0005 0.0001 0.0001 0.0001 0.9986 0.0001 0.0001 0.0003 
         016  4 0.0001 0.0001 0.0001 0.0001 0.0001 0.9990 0.0001 0.0002 0.0001 
         017  4 0.0001 0.0008 0.0002 0.0002 0.0002 0.9979 0.0001 0.0002 0.0003 
         019  4 0.0003 0.0066 0.0003 0.0003 0.0003 0.8987 0.0009 0.0921 0.0005 
         020  4 0.0002 0.0002 0.0002 0.0002 0.0002 0.9985 0.0002 0.0002 0.0002 
         021  4 0.0002 0.0004 0.0003 0.0002 0.0004 0.9658 0.0002 0.0321 0.0003 
         001  5 0.0011 0.0114 0.0009 0.0010 0.0022 0.9491 0.0327 0.0005 0.0011 
         002  5 0.0062 0.0279 0.0210 0.0024 0.0008 0.9371 0.0013 0.0005 0.0027 
         003  5 0.1463 0.0935 0.0017 0.0045 0.0003 0.7015 0.0055 0.0452 0.0014 
         004  5 0.0513 0.0024 0.0098 0.0036 0.0003 0.9271 0.0012 0.0013 0.0030 
         005  5 0.0002 0.0539 0.0002 0.0004 0.0002 0.9429 0.0005 0.0012 0.0004 
         006  5 0.0007 0.1274 0.0005 0.0006 0.0008 0.8209 0.0002 0.0474 0.0016 
         007  5 0.0004 0.0680 0.0003 0.0003 0.0004 0.8698 0.0002 0.0593 0.0013 
         008  5 0.0002 0.0714 0.0002 0.0002 0.0003 0.9255 0.0002 0.0020 0.0002 
         009  5 0.0319 0.0227 0.0089 0.0210 0.0002 0.9091 0.0009 0.0040 0.0013 
         010  5 0.0016 0.0896 0.0011 0.0016 0.0003 0.8665 0.0015 0.0352 0.0025 
         011  5 0.0006 0.0554 0.0007 0.0010 0.0003 0.9377 0.0030 0.0004 0.0010 
         012  5 0.0200 0.0272 0.0119 0.0072 0.0012 0.8455 0.0025 0.0784 0.0062 
         013  5 0.0023 0.0806 0.0052 0.0213 0.0005 0.6991 0.0010 0.0065 0.1835 
         014  5 0.1647 0.0509 0.0054 0.0015 0.0137 0.6771 0.0098 0.0741 0.0027 
         015  5 0.0002 0.0350 0.0003 0.0002 0.0002 0.9363 0.0001 0.0274 0.0003 
         016  5 0.0016 0.0418 0.0011 0.0009 0.0007 0.9007 0.0004 0.0508 0.0020 
         017  5 0.0108 0.0678 0.0048 0.0133 0.0025 0.8321 0.0003 0.0615 0.0069 
         018  5 0.0045 0.0686 0.0012 0.0245 0.0227 0.8250 0.0149 0.0070 0.0315 
         019  5 0.0006 0.0012 0.0005 0.0004 0.0115 0.9823 0.0016 0.0003 0.0016 
         020  5 0.0002 0.0003 0.0002 0.0002 0.0002 0.9983 0.0002 0.0002 0.0003 
         021  5 0.1451 0.0030 0.0024 0.0013 0.0005 0.8433 0.0022 0.0005 0.0017 
         022  5 0.0207 0.0129 0.0025 0.0093 0.0013 0.9121 0.0214 0.0174 0.0025 
         023  5 0.0009 0.0663 0.0012 0.0013 0.0006 0.9200 0.0021 0.0050 0.0026 
         024  5 0.0375 0.0025 0.0068 0.0039 0.0003 0.8774 0.0006 0.0696 0.0015 
         025  5 0.0158 0.0356 0.0065 0.0017 0.0013 0.8646 0.0005 0.0661 0.0079 
         026  5 0.1039 0.0361 0.0014 0.0018 0.0004 0.8176 0.0003 0.0166 0.0219 
         027  5 0.0002 0.0002 0.0003 0.0003 0.0002 0.9976 0.0002 0.0008 0.0002 
         028  5 0.0088 0.0041 0.0024 0.0034 0.0011 0.9036 0.0050 0.0479 0.0237 
         029  5 0.0007 0.0308 0.0006 0.0006 0.0004 0.9637 0.0004 0.0021 0.0008 
         030  5 0.0012 0.0295 0.0008 0.0007 0.0046 0.9592 0.0017 0.0010 0.0013 
        001s  6 0.3442 0.0137 0.2574 0.0039 0.0008 0.0012 0.0246 0.0153 0.3390 
        002s  6 0.8756 0.0124 0.0106 0.0172 0.0268 0.0335 0.0011 0.0005 0.0223 
        003s  6 0.6629 0.0138 0.2689 0.0304 0.0007 0.0105 0.0036 0.0004 0.0088 
        004s  6 0.8843 0.0115 0.0164 0.0071 0.0008 0.0006 0.0005 0.0005 0.0783 
        006s  6 0.3597 0.0201 0.0047 0.0100 0.0020 0.0572 0.0124 0.0145 0.5194 
        007s  6 0.9374 0.0065 0.0056 0.0354 0.0013 0.0005 0.0005 0.0034 0.0093 
        008s  6 0.3856 0.0010 0.0108 0.0714 0.0037 0.0032 0.0080 0.0006 0.5157 
        009s  6 0.8382 0.0059 0.0197 0.1166 0.0015 0.0005 0.0010 0.0007 0.0160 
        010s  6 0.7620 0.0052 0.0026 0.0024 0.0120 0.0216 0.0141 0.0077 0.1724 
        011s  6 0.8279 0.0129 0.0019 0.0584 0.0003 0.0005 0.0014 0.0015 0.0954 
        012s  6 0.9322 0.0161 0.0047 0.0036 0.0034 0.0007 0.0017 0.0052 0.0324 
        013s  6 0.9465 0.0014 0.0129 0.0308 0.0010 0.0013 0.0005 0.0009 0.0047 
        014s  6 0.5440 0.0196 0.3363 0.0081 0.0004 0.0544 0.0004 0.0004 0.0365 
        015s  6 0.3000 0.0016 0.0026 0.1661 0.0009 0.0088 0.0066 0.0148 0.4985 
        016s  6 0.8667 0.0007 0.1157 0.0020 0.0010 0.0006 0.0014 0.0016 0.0103 
        018s  6 0.6553 0.0584 0.0068 0.0127 0.0007 0.2274 0.0019 0.0009 0.0360 
        019s  6 0.0771 0.0071 0.0428 0.0079 0.0008 0.0056 0.0051 0.0018 0.8517 
        020s  6 0.2375 0.0016 0.0741 0.0070 0.0015 0.0004 0.0006 0.0005 0.6768 
        021s  6 0.6386 0.0154 0.0028 0.0043 0.0019 0.0014 0.0044 0.0073 0.3239 
        022s  6 0.7770 0.0072 0.0720 0.0612 0.0007 0.0011 0.0065 0.0003 0.0739 
        023s  6 0.0076 0.0019 0.3674 0.0068 0.0005 0.0142 0.0011 0.0007 0.5998 
        024s  6 0.1060 0.0009 0.0021 0.0011 0.0018 0.0101 0.0008 0.0034 0.8737 
        025s  6 0.7120 0.0033 0.0056 0.0154 0.0006 0.0018 0.0693 0.0009 0.1912 
        026s  6 0.9497 0.0092 0.0233 0.0078 0.0023 0.0006 0.0005 0.0007 0.0060 
        027s  6 0.9433 0.0081 0.0192 0.0193 0.0015 0.0017 0.0007 0.0007 0.0056 
        028s  6 0.8311 0.0178 0.0039 0.0067 0.0458 0.0097 0.0098 0.0057 0.0694 
        029s  6 0.6362 0.0054 0.0024 0.0649 0.0029 0.0005 0.0015 0.0005 0.2857 
        030s  6 0.8365 0.0276 0.0027 0.0312 0.0021 0.0698 0.0103 0.0006 0.0192 
        031s  6 0.3515 0.0013 0.5465 0.0323 0.0004 0.0020 0.0004 0.0064 0.0591 
        032s  6 0.9343 0.0353 0.0056 0.0038 0.0005 0.0037 0.0009 0.0007 0.0152 
        033s  6 0.8494 0.0492 0.0035 0.0037 0.0005 0.0865 0.0011 0.0002 0.0059 
        034s  6 0.7003 0.0195 0.0075 0.1332 0.0007 0.0018 0.0184 0.0063 0.1122 
        035s  6 0.0018 0.0247 0.8357 0.0013 0.0016 0.1307 0.0013 0.0007 0.0023 
        036s  6 0.6021 0.0269 0.0091 0.0072 0.0004 0.0007 0.0019 0.0034 0.3484 
        037s  6 0.9812 0.0019 0.0023 0.0051 0.0021 0.0008 0.0020 0.0006 0.0040 
        038s  6 0.7731 0.0038 0.1918 0.0142 0.0020 0.0005 0.0011 0.0020 0.0115 
        039s  6 0.4145 0.0007 0.0083 0.1044 0.0011 0.0003 0.0014 0.0004 0.4688 
        040s  6 0.2805 0.0075 0.2601 0.1316 0.0009 0.0004 0.0007 0.0020 0.3164 
        041s  6 0.0057 0.0366 0.2454 0.0080 0.0042 0.0486 0.0026 0.0004 0.6484 
        042s  6 0.7242 0.0077 0.0093 0.0085 0.0046 0.0108 0.0559 0.0014 0.1777 
        043s  6 0.8350 0.0007 0.0036 0.0182 0.0004 0.0015 0.0054 0.0020 0.1333 
        044s  6 0.7751 0.0114 0.1722 0.0043 0.0038 0.0010 0.0011 0.0008 0.0305 
        045s  6 0.9419 0.0023 0.0218 0.0118 0.0011 0.0055 0.0029 0.0004 0.0122 
        001s  7 0.0930 0.0013 0.6947 0.1969 0.0007 0.0013 0.0018 0.0007 0.0096 
        002s  7 0.4780 0.0021 0.4283 0.0553 0.0016 0.0208 0.0023 0.0009 0.0107 
        003s  7 0.0153 0.0384 0.8576 0.0031 0.0030 0.0014 0.0018 0.0020 0.0775 
        004s  7 0.6940 0.0070 0.0325 0.0040 0.0018 0.0011 0.0010 0.0041 0.2545 
        005s  7 0.8010 0.0014 0.0391 0.0184 0.0010 0.0192 0.0022 0.0031 0.1146 
        006s  7 0.8730 0.0214 0.0025 0.0134 0.0005 0.0603 0.0041 0.0016 0.0231 
        007s  7 0.9354 0.0033 0.0120 0.0093 0.0135 0.0068 0.0035 0.0091 0.0071 
        008s  7 0.0040 0.0027 0.9457 0.0110 0.0054 0.0204 0.0016 0.0007 0.0085 
        009s  7 0.9314 0.0159 0.0242 0.0043 0.0008 0.0028 0.0145 0.0018 0.0042 
        010s  7 0.0070 0.0008 0.9751 0.0036 0.0016 0.0015 0.0024 0.0004 0.0076 
        011s  7 0.9240 0.0032 0.0148 0.0108 0.0016 0.0007 0.0011 0.0007 0.0431 
        012s  7 0.9112 0.0215 0.0035 0.0117 0.0005 0.0009 0.0005 0.0012 0.0488 
        013s  7 0.8313 0.0147 0.0150 0.0133 0.0009 0.0005 0.0049 0.0070 0.1123 
        014s  7 0.4272 0.0278 0.4559 0.0036 0.0010 0.0421 0.0004 0.0009 0.0412 
        015s  7 0.7423 0.0524 0.0066 0.0221 0.0012 0.0220 0.0018 0.0029 0.1486 
        016s  7 0.0014 0.0004 0.9002 0.0013 0.0003 0.0927 0.0026 0.0002 0.0009 
        017s  7 0.7351 0.0279 0.0527 0.0074 0.0004 0.0017 0.0008 0.0017 0.1722 
        018s  7 0.0234 0.0014 0.0141 0.0234 0.0037 0.0009 0.0007 0.0006 0.9318 
        019s  7 0.4983 0.0066 0.0054 0.2683 0.0046 0.0021 0.0156 0.0011 0.1979 
        020s  7 0.8702 0.0125 0.0247 0.0030 0.0005 0.0009 0.0005 0.0012 0.0866 
        021s  7 0.6557 0.0065 0.0060 0.0025 0.0012 0.0011 0.0010 0.0005 0.3254 
        022s  7 0.9430 0.0009 0.0038 0.0338 0.0005 0.0035 0.0007 0.0063 0.0075 
        023s  7 0.2822 0.0317 0.0230 0.0055 0.0013 0.0065 0.0141 0.0014 0.6343 
        024s  7 0.8481 0.0121 0.0051 0.0795 0.0023 0.0021 0.0008 0.0010 0.0489 
        025s  7 0.9207 0.0278 0.0047 0.0249 0.0014 0.0010 0.0015 0.0047 0.0134 
        026s  7 0.0350 0.0007 0.9221 0.0075 0.0021 0.0027 0.0019 0.0005 0.0275 
        027s  7 0.4479 0.0013 0.4509 0.0044 0.0020 0.0012 0.0007 0.0014 0.0903 
        028s  7 0.2049 0.0018 0.0081 0.0274 0.0003 0.0026 0.0006 0.0007 0.7537 
        029s  7 0.7315 0.0751 0.0496 0.0585 0.0010 0.0114 0.0036 0.0011 0.0682 
        030s  7 0.5248 0.0384 0.2373 0.1103 0.0067 0.0005 0.0066 0.0009 0.0745 
        031s  7 0.8147 0.0017 0.0206 0.1139 0.0007 0.0027 0.0143 0.0014 0.0301 
        032s  7 0.3464 0.0034 0.0040 0.0060 0.0030 0.0929 0.0006 0.0005 0.5433 
        033s  7 0.9052 0.0025 0.0050 0.0060 0.0036 0.0404 0.0024 0.0007 0.0342 
        034s  7 0.7231 0.0923 0.0049 0.0018 0.0019 0.0010 0.0007 0.0304 0.1440 
        035s  7 0.9778 0.0020 0.0035 0.0038 0.0010 0.0006 0.0013 0.0003 0.0096 
        036s  7 0.8050 0.0152 0.1038 0.0019 0.0009 0.0009 0.0095 0.0051 0.0577 
        037s  7 0.1446 0.0486 0.0162 0.0808 0.0009 0.0141 0.0040 0.0018 0.6889 
        038s  7 0.4339 0.0472 0.0041 0.0482 0.0012 0.0060 0.0026 0.0003 0.4566 
        039s  7 0.0848 0.0012 0.3328 0.1413 0.0004 0.0006 0.0004 0.0003 0.4381 
        040s  7 0.0017 0.0019 0.9504 0.0020 0.0007 0.0077 0.0008 0.0326 0.0023 
        041s  7 0.5807 0.0356 0.2245 0.0060 0.0022 0.0193 0.0021 0.0006 0.1290 
        042s  7 0.0477 0.0064 0.9083 0.0084 0.0005 0.0063 0.0005 0.0012 0.0208 
        043s  7 0.8391 0.0011 0.0082 0.0261 0.0006 0.0016 0.0043 0.0003 0.1187 
        044s  7 0.3166 0.0297 0.0024 0.0036 0.0017 0.0369 0.0311 0.0109 0.5671 
         003  8 0.6874 0.0120 0.0074 0.0027 0.0148 0.0081 0.0012 0.0018 0.2647 
         009  8 0.9599 0.0144 0.0056 0.0037 0.0007 0.0016 0.0016 0.0011 0.0115 
         010  8 0.7575 0.0017 0.0146 0.0330 0.0006 0.0006 0.0027 0.0002 0.1890 
         017  8 0.8560 0.0018 0.0036 0.0050 0.0014 0.0007 0.0051 0.0006 0.1257 
         002  9 0.8640 0.0155 0.0222 0.0062 0.0010 0.0005 0.0014 0.0012 0.0880 
         003  9 0.9235 0.0006 0.0056 0.0056 0.0004 0.0003 0.0005 0.0005 0.0630 
         004  9 0.8438 0.0239 0.0291 0.0018 0.0006 0.0005 0.0013 0.0002 0.0987 
         005  9 0.8862 0.0191 0.0051 0.0716 0.0016 0.0006 0.0054 0.0017 0.0088 
         006  9 0.9677 0.0077 0.0057 0.0038 0.0008 0.0015 0.0020 0.0011 0.0098 
         007  9 0.8195 0.0223 0.0072 0.0051 0.0014 0.0054 0.0015 0.0005 0.1372 
         009  9 0.9201 0.0015 0.0318 0.0043 0.0023 0.0011 0.0021 0.0003 0.0364 
         010  9 0.6175 0.0054 0.0076 0.0113 0.0027 0.0004 0.0021 0.0005 0.3525 
         013  9 0.8767 0.0204 0.0283 0.0081 0.0004 0.0016 0.0025 0.0015 0.0605 
         014  9 0.7985 0.0006 0.0102 0.0679 0.0065 0.0006 0.0017 0.0003 0.1138 
         016  9 0.9665 0.0164 0.0025 0.0065 0.0017 0.0003 0.0006 0.0004 0.0051 
         018  9 0.8253 0.0023 0.0041 0.1447 0.0078 0.0010 0.0015 0.0012 0.0119 
         019  9 0.9629 0.0044 0.0032 0.0060 0.0049 0.0014 0.0007 0.0007 0.0158 
         020  9 0.9717 0.0011 0.0011 0.0106 0.0005 0.0005 0.0005 0.0004 0.0137 
         021  9 0.8184 0.0128 0.0049 0.1207 0.0004 0.0009 0.0008 0.0003 0.0409 
         022  9 0.6870 0.0023 0.0059 0.2740 0.0023 0.0004 0.0005 0.0003 0.0274 
         024  9 0.9062 0.0097 0.0071 0.0106 0.0027 0.0008 0.0042 0.0004 0.0583 
         028  9 0.9075 0.0116 0.0110 0.0138 0.0007 0.0010 0.0016 0.0010 0.0518 
         029  9 0.9360 0.0058 0.0076 0.0275 0.0015 0.0005 0.0011 0.0004 0.0196 
         030  9 0.8908 0.0008 0.0037 0.0171 0.0014 0.0004 0.0013 0.0005 0.0840 
         031  9 0.8632 0.0106 0.0152 0.0054 0.0012 0.0014 0.0007 0.0004 0.1018 
         033  9 0.8630 0.0052 0.0343 0.0028 0.0008 0.0075 0.0016 0.0004 0.0844 
         001 10 0.9414 0.0021 0.0087 0.0135 0.0013 0.0006 0.0005 0.0007 0.0310 
         002 10 0.9030 0.0046 0.0100 0.0057 0.0026 0.0004 0.0012 0.0003 0.0723 
         003 10 0.9076 0.0013 0.0042 0.0149 0.0007 0.0004 0.0147 0.0008 0.0554 
         004 10 0.8516 0.0015 0.1125 0.0118 0.0006 0.0004 0.0040 0.0003 0.0172 
         005 10 0.9442 0.0119 0.0042 0.0027 0.0020 0.0004 0.0016 0.0005 0.0325 
         006 10 0.9651 0.0015 0.0035 0.0035 0.0010 0.0018 0.0009 0.0006 0.0222 
         007 10 0.9314 0.0054 0.0053 0.0036 0.0006 0.0006 0.0031 0.0004 0.0496 
         008 10 0.4584 0.0013 0.0024 0.0084 0.0014 0.0009 0.0025 0.0006 0.5240 
         009 10 0.9534 0.0012 0.0080 0.0020 0.0061 0.0008 0.0004 0.0012 0.0269 
         010 10 0.8714 0.0009 0.0232 0.0041 0.0030 0.0008 0.0015 0.0005 0.0946 
         011 10 0.9295 0.0006 0.0040 0.0081 0.0004 0.0007 0.0366 0.0021 0.0179 
         012 10 0.9566 0.0078 0.0078 0.0030 0.0006 0.0007 0.0050 0.0015 0.0171 
         013 10 0.9550 0.0011 0.0041 0.0060 0.0006 0.0004 0.0008 0.0027 0.0293 
         014 10 0.7135 0.0014 0.2199 0.0018 0.0010 0.0010 0.0012 0.0012 0.0591 
         016 10 0.8180 0.0319 0.0050 0.0092 0.0015 0.0005 0.0014 0.0006 0.1319 
         017 10 0.9312 0.0043 0.0034 0.0491 0.0015 0.0009 0.0011 0.0009 0.0077 
         018 10 0.9498 0.0057 0.0022 0.0081 0.0036 0.0064 0.0008 0.0008 0.0226 
         019 10 0.9183 0.0221 0.0040 0.0030 0.0051 0.0004 0.0010 0.0004 0.0456 
         020 10 0.5851 0.0033 0.0226 0.0033 0.0078 0.0009 0.0016 0.0011 0.3743 
         021 10 0.8874 0.0007 0.0341 0.0030 0.0035 0.0010 0.0005 0.0005 0.0693 
         022 10 0.7987 0.0135 0.1119 0.0280 0.0004 0.0003 0.0009 0.0008 0.0455 
         023 10 0.8626 0.0064 0.0041 0.0054 0.0006 0.0005 0.0012 0.0008 0.1184 
         024 10 0.9387 0.0022 0.0044 0.0018 0.0019 0.0003 0.0027 0.0002 0.0478 
         026 10 0.9176 0.0007 0.0022 0.0456 0.0009 0.0006 0.0007 0.0004 0.0312 
        001s 11 0.0093 0.0115 0.2769 0.1254 0.0015 0.0879 0.0119 0.0004 0.4753 
        002s 11 0.8951 0.0048 0.0211 0.0107 0.0048 0.0007 0.0034 0.0073 0.0521 
        003s 11 0.3139 0.0524 0.0227 0.1774 0.0018 0.0061 0.0009 0.0006 0.4242 
        004s 11 0.9216 0.0034 0.0155 0.0321 0.0005 0.0006 0.0021 0.0027 0.0216 
        005s 11 0.6830 0.0041 0.0707 0.0127 0.0068 0.0025 0.0006 0.0007 0.2189 
        006s 11 0.2787 0.0215 0.0348 0.0043 0.0015 0.0009 0.0023 0.0057 0.6503 
        007s 11 0.7632 0.0560 0.1179 0.0025 0.0021 0.0085 0.0014 0.0345 0.0139 
        008s 11 0.7202 0.0996 0.0064 0.1139 0.0007 0.0006 0.0007 0.0006 0.0574 
        009s 11 0.3490 0.0032 0.0052 0.0066 0.0100 0.0004 0.0006 0.0006 0.6245 
        010s 11 0.7776 0.0026 0.1814 0.0055 0.0007 0.0013 0.0009 0.0005 0.0294 
        011s 11 0.1015 0.0317 0.6528 0.0530 0.0007 0.1072 0.0132 0.0093 0.0306 
        012s 11 0.0461 0.0199 0.0079 0.1423 0.0011 0.0911 0.0006 0.0004 0.6905 
        013s 11 0.6544 0.0152 0.2531 0.0048 0.0003 0.0011 0.0023 0.0008 0.0679 
        014s 11 0.0138 0.0019 0.6450 0.1354 0.0021 0.0060 0.0017 0.0071 0.1868 
        015s 11 0.2821 0.0343 0.0387 0.0298 0.0020 0.0028 0.0049 0.0023 0.6031 
        016s 11 0.4583 0.0281 0.2981 0.0020 0.0107 0.0377 0.0584 0.0007 0.1061 
        017s 11 0.0206 0.0106 0.0216 0.0543 0.0016 0.0704 0.0020 0.0010 0.8179 
        018s 11 0.0535 0.0025 0.8064 0.0209 0.0024 0.0072 0.0015 0.0012 0.1045 
        019s 11 0.9016 0.0282 0.0066 0.0020 0.0004 0.0006 0.0251 0.0011 0.0343 
        020s 11 0.0946 0.0254 0.4698 0.0037 0.0030 0.0013 0.0022 0.0019 0.3980 
        021s 11 0.9284 0.0186 0.0033 0.0199 0.0005 0.0007 0.0014 0.0006 0.0267 
        022s 11 0.7691 0.0204 0.0305 0.1070 0.0016 0.0030 0.0006 0.0272 0.0406 
        023s 11 0.1069 0.0017 0.7241 0.0490 0.0007 0.0367 0.0326 0.0004 0.0478 
        025s 11 0.9585 0.0036 0.0085 0.0058 0.0003 0.0005 0.0016 0.0004 0.0208 
        026s 11 0.8699 0.0006 0.0039 0.0098 0.0007 0.0427 0.0536 0.0008 0.0180 
        027s 11 0.8196 0.0291 0.0076 0.0169 0.0008 0.0015 0.0009 0.0040 0.1195 
        028s 11 0.9360 0.0044 0.0052 0.0226 0.0005 0.0051 0.0013 0.0013 0.0237 
        029s 11 0.8620 0.0355 0.0025 0.0077 0.0012 0.0400 0.0004 0.0004 0.0503 
        030s 11 0.0083 0.0704 0.0021 0.0453 0.0014 0.0334 0.0019 0.0016 0.8356 
        031s 11 0.7979 0.0542 0.0168 0.1213 0.0012 0.0005 0.0005 0.0019 0.0059 
        032s 11 0.8162 0.0366 0.1024 0.0215 0.0007 0.0013 0.0042 0.0004 0.0165 
        033s 11 0.7852 0.0017 0.1563 0.0441 0.0021 0.0046 0.0013 0.0005 0.0040 
        034s 11 0.1560 0.0013 0.7479 0.0686 0.0006 0.0017 0.0005 0.0030 0.0204 
        035s 11 0.1159 0.0008 0.3819 0.0036 0.0016 0.0014 0.0003 0.0025 0.4921 
        036s 11 0.0632 0.0283 0.0039 0.0172 0.0018 0.0058 0.0005 0.0020 0.8774 
        037s 11 0.0058 0.0021 0.6570 0.0030 0.0011 0.0014 0.0020 0.0005 0.3270 
        038s 11 0.0942 0.0043 0.2968 0.0724 0.0010 0.0019 0.0010 0.0005 0.5279 
        039s 11 0.3442 0.0059 0.0050 0.0021 0.0007 0.0020 0.0015 0.0004 0.6382 
        040s 11 0.0787 0.0167 0.0010 0.0031 0.0009 0.0285 0.0006 0.0026 0.8679 
        041s 11 0.5945 0.0215 0.0047 0.0089 0.0228 0.0013 0.0035 0.0011 0.3417 
        042s 11 0.0582 0.0007 0.4884 0.2764 0.0012 0.0015 0.0183 0.0018 0.1535 
        043s 11 0.7833 0.0246 0.0066 0.0049 0.0005 0.0140 0.0262 0.0006 0.1394 
        044s 11 0.6961 0.0231 0.0786 0.0960 0.0013 0.0006 0.0069 0.0073 0.0900 
        045s 11 0.7170 0.0030 0.0128 0.0392 0.0005 0.0005 0.0124 0.0015 0.2131 
        046s 11 0.0166 0.0252 0.4709 0.1063 0.0014 0.0272 0.0378 0.0043 0.3103 
        047s 11 0.1030 0.0472 0.0036 0.0057 0.0008 0.0007 0.0019 0.0025 0.8348 
        048s 11 0.8791 0.0101 0.0024 0.0032 0.0031 0.0043 0.0364 0.0021 0.0592 
        049s 11 0.8134 0.0279 0.0057 0.0731 0.0017 0.0030 0.0018 0.0006 0.0729 
        050s 11 0.9180 0.0226 0.0032 0.0035 0.0004 0.0008 0.0014 0.0031 0.0472 
        051s 11 0.7945 0.0208 0.0464 0.0436 0.0009 0.0005 0.0503 0.0288 0.0143 
        052s 11 0.1649 0.0068 0.6699 0.1357 0.0011 0.0029 0.0044 0.0031 0.0112 
        053s 11 0.9392 0.0013 0.0077 0.0123 0.0020 0.0004 0.0010 0.0005 0.0356 
        054s 11 0.7229 0.0127 0.0183 0.0046 0.0006 0.0009 0.0010 0.0051 0.2340 
        055s 11 0.0551 0.0515 0.7687 0.0085 0.0006 0.0171 0.0007 0.0004 0.0974 
        001s 12 0.9074 0.0177 0.0264 0.0091 0.0017 0.0017 0.0014 0.0029 0.0318 
        002s 12 0.9800 0.0027 0.0016 0.0023 0.0029 0.0013 0.0012 0.0009 0.0070 
        003s 12 0.9504 0.0020 0.0120 0.0213 0.0008 0.0006 0.0004 0.0007 0.0119 
        004s 12 0.1432 0.0035 0.0044 0.0619 0.0027 0.0457 0.0060 0.0008 0.7318 
        005s 12 0.3442 0.0007 0.5162 0.0134 0.0011 0.0005 0.0018 0.0006 0.1215 
        006s 12 0.2262 0.0343 0.0537 0.1365 0.0008 0.0168 0.0022 0.0042 0.5254 
        007s 12 0.8545 0.0093 0.0044 0.0059 0.0041 0.0011 0.0016 0.0025 0.1166 
        008s 12 0.6070 0.0430 0.0098 0.0077 0.0009 0.0038 0.0008 0.0007 0.3263 
        009s 12 0.3149 0.0911 0.0468 0.0876 0.0215 0.0134 0.0063 0.0020 0.4164 
        010s 12 0.5190 0.0035 0.0408 0.0156 0.0012 0.0060 0.0007 0.0326 0.3806 
        011s 12 0.8900 0.0512 0.0101 0.0170 0.0015 0.0014 0.0009 0.0036 0.0242 
        012s 12 0.1758 0.0605 0.0022 0.0739 0.0006 0.0008 0.0072 0.0058 0.6733 
        013s 12 0.2058 0.0010 0.0032 0.0101 0.0008 0.0008 0.0392 0.0004 0.7387 
        014s 12 0.0900 0.0363 0.4503 0.0156 0.0060 0.0013 0.0438 0.0417 0.3150 
        015s 12 0.8711 0.0043 0.0033 0.0032 0.0025 0.0051 0.0015 0.0007 0.1083 
        016s 12 0.4049 0.0009 0.0015 0.1106 0.0007 0.0006 0.0066 0.0010 0.4733 
        017s 12 0.8353 0.0009 0.0706 0.0102 0.0006 0.0081 0.0013 0.0014 0.0717 
        018s 12 0.1095 0.0354 0.0102 0.0114 0.0032 0.0012 0.0022 0.0004 0.8264 
        019s 12 0.8421 0.0016 0.0583 0.0120 0.0042 0.0046 0.0007 0.0006 0.0760 
        020s 12 0.7686 0.0052 0.0111 0.0030 0.0004 0.0757 0.0009 0.0004 0.1347 
        021s 12 0.2619 0.0204 0.0057 0.0696 0.0005 0.0036 0.0019 0.0007 0.6357 
        022s 12 0.4631 0.0156 0.0856 0.0268 0.0036 0.0272 0.0069 0.0006 0.3706 
        023s 12 0.8778 0.0164 0.0234 0.0218 0.0011 0.0006 0.0016 0.0003 0.0571 
        024s 12 0.1175 0.0004 0.4103 0.0035 0.0005 0.0008 0.0008 0.0004 0.4657 
        025s 12 0.8106 0.0521 0.0096 0.0028 0.0058 0.0021 0.0014 0.0009 0.1148 
        026s 12 0.7777 0.0012 0.1195 0.0252 0.0157 0.0427 0.0011 0.0010 0.0159 
        027s 12 0.9338 0.0083 0.0085 0.0038 0.0006 0.0028 0.0005 0.0007 0.0409 
        028s 12 0.0958 0.0006 0.8607 0.0089 0.0200 0.0011 0.0073 0.0009 0.0046 
        029s 12 0.6587 0.0132 0.3054 0.0122 0.0004 0.0007 0.0015 0.0009 0.0070 
        030s 12 0.8910 0.0339 0.0074 0.0154 0.0005 0.0013 0.0006 0.0027 0.0472 
        031s 12 0.8481 0.0061 0.0047 0.0156 0.0015 0.0048 0.0031 0.0008 0.1153 
        032s 12 0.1355 0.0144 0.6621 0.0457 0.0131 0.0006 0.0013 0.0007 0.1268 
        033s 12 0.8532 0.0264 0.0205 0.0029 0.0007 0.0013 0.0005 0.0019 0.0926 
        034s 12 0.2269 0.0028 0.7608 0.0021 0.0014 0.0004 0.0005 0.0007 0.0043 
        035s 12 0.6935 0.0035 0.0685 0.1468 0.0012 0.0073 0.0007 0.0013 0.0771 
        036s 12 0.2849 0.0266 0.0163 0.2984 0.0026 0.0025 0.0011 0.0048 0.3629 
        037s 12 0.7156 0.0243 0.0035 0.0054 0.0013 0.0012 0.0014 0.0004 0.2469 
        001s 13 0.3919 0.0029 0.0178 0.0326 0.0015 0.0095 0.0026 0.0009 0.5404 
        002s 13 0.0663 0.0664 0.7161 0.0364 0.0004 0.0634 0.0006 0.0007 0.0496 
        003s 13 0.6600 0.0315 0.0113 0.0222 0.0016 0.0013 0.0013 0.0003 0.2705 
        004s 13 0.8294 0.0219 0.0156 0.0695 0.0182 0.0017 0.0041 0.0006 0.0390 
        005s 13 0.9528 0.0073 0.0054 0.0155 0.0039 0.0049 0.0030 0.0038 0.0034 
        006s 13 0.9083 0.0351 0.0072 0.0284 0.0020 0.0009 0.0009 0.0012 0.0162 
        007s 13 0.9046 0.0291 0.0051 0.0101 0.0008 0.0008 0.0011 0.0253 0.0231 
        008s 13 0.7891 0.0221 0.0032 0.0196 0.0024 0.0558 0.0009 0.0020 0.1049 
        009s 13 0.4687 0.0057 0.0032 0.0365 0.0114 0.1175 0.0015 0.0022 0.3532 
        010s 13 0.0102 0.0036 0.0143 0.0398 0.0020 0.0509 0.0018 0.0006 0.8767 
        011s 13 0.1946 0.0315 0.2485 0.0023 0.0089 0.0064 0.0044 0.0179 0.4855 
        012s 13 0.0022 0.0023 0.0019 0.0402 0.0021 0.0101 0.0136 0.0019 0.9257 
        013s 13 0.0226 0.0007 0.4241 0.0024 0.0009 0.0148 0.0054 0.0269 0.5023 
        014s 13 0.1798 0.0165 0.0017 0.0025 0.0015 0.0009 0.0055 0.0191 0.7725 
        015s 13 0.8884 0.0028 0.0402 0.0032 0.0138 0.0086 0.0104 0.0010 0.0317 
        016s 13 0.9511 0.0195 0.0037 0.0186 0.0007 0.0004 0.0014 0.0005 0.0039 
        017s 13 0.8055 0.0555 0.0050 0.0803 0.0065 0.0044 0.0008 0.0029 0.0391 
        018s 13 0.8954 0.0216 0.0087 0.0540 0.0009 0.0005 0.0009 0.0004 0.0177 
        019s 13 0.5073 0.0041 0.1072 0.0415 0.0004 0.0008 0.0011 0.0009 0.3367 
        020s 13 0.0718 0.0033 0.8881 0.0027 0.0053 0.0015 0.0005 0.0046 0.0222 
        021s 13 0.9142 0.0080 0.0344 0.0054 0.0010 0.0015 0.0018 0.0006 0.0332 
        022s 13 0.8012 0.0149 0.0026 0.0025 0.0006 0.0018 0.0011 0.0006 0.1747 
        023s 13 0.8829 0.0113 0.0809 0.0053 0.0008 0.0018 0.0006 0.0004 0.0160 
        024s 13 0.7592 0.0911 0.0065 0.0254 0.0014 0.0369 0.0367 0.0035 0.0392 
        025s 13 0.9350 0.0250 0.0026 0.0053 0.0010 0.0012 0.0030 0.0006 0.0262 
        026s 13 0.0048 0.0306 0.0145 0.0468 0.0005 0.0632 0.0084 0.0031 0.8280 
        027s 13 0.8186 0.0014 0.0038 0.0072 0.0032 0.0501 0.0026 0.0011 0.1120 
        028s 13 0.1479 0.0315 0.4079 0.1036 0.0061 0.0059 0.0040 0.0038 0.2893 
        029s 13 0.0030 0.0012 0.5475 0.0047 0.0007 0.0158 0.0018 0.0023 0.4229 
        030s 13 0.0193 0.0015 0.4336 0.0105 0.0006 0.0593 0.0272 0.0008 0.4472 
        031s 13 0.4268 0.0140 0.0042 0.0401 0.0014 0.0045 0.0996 0.0033 0.4061 
        032s 13 0.9394 0.0009 0.0103 0.0048 0.0006 0.0006 0.0005 0.0098 0.0332 
        033s 13 0.4602 0.0566 0.0053 0.0822 0.0007 0.0056 0.0014 0.0081 0.3801 
        034s 13 0.0288 0.0011 0.8805 0.0057 0.0068 0.0511 0.0010 0.0186 0.0063 
        035s 13 0.6487 0.0028 0.3112 0.0062 0.0020 0.0009 0.0054 0.0009 0.0218 
        036s 13 0.3810 0.0042 0.1990 0.0136 0.0007 0.0036 0.0004 0.0005 0.3968 
        037s 13 0.8966 0.0225 0.0062 0.0129 0.0011 0.0005 0.0023 0.0009 0.0572 
        038s 13 0.1663 0.0171 0.4635 0.1410 0.0020 0.0011 0.0017 0.0019 0.2053 
        039s 13 0.7942 0.0014 0.0132 0.0022 0.0012 0.1014 0.0720 0.0010 0.0137 
        040s 13 0.4558 0.0200 0.0111 0.0447 0.0005 0.0020 0.0021 0.0014 0.4626 
        041s 13 0.2170 0.0376 0.0032 0.0039 0.0007 0.0429 0.0013 0.0047 0.6886 
        042s 13 0.0387 0.0007 0.8970 0.0126 0.0008 0.0007 0.0019 0.0021 0.0454 
        001s 14 0.0025 0.0226 0.5135 0.0597 0.0025 0.0187 0.0018 0.0011 0.3776 
        002s 14 0.4887 0.0029 0.0076 0.0215 0.0045 0.0627 0.0013 0.0009 0.4100 
        003s 14 0.0105 0.0061 0.9592 0.0065 0.0013 0.0004 0.0013 0.0005 0.0141 
        004s 14 0.8636 0.0426 0.0100 0.0022 0.0010 0.0127 0.0037 0.0173 0.0469 
        005s 14 0.4045 0.0029 0.2303 0.0233 0.0007 0.0004 0.0009 0.0003 0.3368 
        006s 14 0.8348 0.0513 0.0300 0.0057 0.0007 0.0005 0.0005 0.0010 0.0754 
        007s 14 0.9735 0.0017 0.0149 0.0028 0.0005 0.0008 0.0015 0.0010 0.0032 
        008s 14 0.0019 0.0011 0.5052 0.0012 0.0096 0.0927 0.0020 0.0062 0.3801 
        009s 14 0.9155 0.0123 0.0409 0.0075 0.0064 0.0028 0.0019 0.0010 0.0116 
        010s 14 0.0150 0.0051 0.1677 0.0088 0.0123 0.0367 0.0015 0.0005 0.7523 
        011s 14 0.4901 0.0586 0.3772 0.0039 0.0006 0.0021 0.0010 0.0086 0.0577 
        012s 14 0.1332 0.0046 0.7307 0.0105 0.0029 0.0003 0.0032 0.0016 0.1129 
        013s 14 0.3827 0.0012 0.1423 0.4458 0.0011 0.0012 0.0082 0.0083 0.0091 
        014s 14 0.1168 0.0008 0.0071 0.0210 0.0087 0.0285 0.0008 0.0009 0.8153 
        015s 14 0.8103 0.0015 0.0253 0.0035 0.0090 0.0011 0.0036 0.0008 0.1451 
        016s 14 0.7441 0.0007 0.0036 0.0068 0.0008 0.0011 0.0086 0.0003 0.2340 
        017s 14 0.7261 0.0420 0.0110 0.0996 0.0009 0.0633 0.0008 0.0088 0.0474 
        018s 14 0.8172 0.0404 0.0046 0.0033 0.0017 0.0009 0.0018 0.0005 0.1297 
        019s 14 0.9423 0.0030 0.0050 0.0054 0.0006 0.0027 0.0008 0.0020 0.0383 
        020s 14 0.3116 0.0106 0.6366 0.0022 0.0106 0.0006 0.0020 0.0004 0.0254 
        021s 14 0.9187 0.0109 0.0033 0.0123 0.0104 0.0055 0.0007 0.0003 0.0379 
        022s 14 0.1838 0.0345 0.0451 0.0074 0.0030 0.0029 0.0022 0.0029 0.7182 
        023s 14 0.3092 0.0020 0.0179 0.0571 0.0024 0.0047 0.0032 0.0017 0.6018 
        024s 14 0.0345 0.0107 0.2306 0.0071 0.0024 0.0196 0.0017 0.0013 0.6920 
        025s 14 0.7524 0.0106 0.1426 0.0194 0.0005 0.0718 0.0005 0.0004 0.0017 
        026s 14 0.6790 0.0007 0.0020 0.2754 0.0014 0.0009 0.0008 0.0004 0.0392 
        027s 14 0.5746 0.0972 0.0669 0.0064 0.0007 0.0046 0.0046 0.0006 0.2442 
        028s 14 0.6788 0.0022 0.0524 0.0570 0.0027 0.0008 0.0009 0.0022 0.2029 
        029s 14 0.7675 0.0017 0.0099 0.0387 0.0006 0.0005 0.0010 0.0004 0.1797 
        030s 14 0.0918 0.0032 0.1141 0.1516 0.0009 0.0010 0.0009 0.0081 0.6283 
        031s 14 0.6483 0.0004 0.3015 0.0131 0.0011 0.0008 0.0015 0.0297 0.0037 
        032s 14 0.2100 0.0024 0.2533 0.0015 0.0004 0.0006 0.0033 0.0018 0.5266 
        033s 14 0.5421 0.0020 0.3783 0.0192 0.0019 0.0012 0.0007 0.0498 0.0048 
        034s 14 0.9012 0.0170 0.0031 0.0365 0.0006 0.0003 0.0008 0.0003 0.0402 
        035s 14 0.0226 0.0542 0.0175 0.1010 0.0005 0.0664 0.0007 0.0642 0.6728 
        036s 14 0.1195 0.0043 0.6719 0.0028 0.0032 0.0641 0.0102 0.0350 0.0891 
        037s 14 0.6972 0.0030 0.0267 0.0029 0.0012 0.0019 0.0027 0.0005 0.2639 
        038s 14 0.3517 0.0026 0.0059 0.0051 0.0008 0.0005 0.0005 0.0007 0.6322 
        039s 14 0.7920 0.0208 0.0253 0.0063 0.0043 0.0034 0.0052 0.0028 0.1400 
        040s 14 0.6404 0.0419 0.0236 0.0049 0.0004 0.0203 0.0016 0.0009 0.2659 
        041s 14 0.0190 0.0200 0.2921 0.0249 0.0007 0.0010 0.0009 0.0016 0.6399 
        042s 14 0.5360 0.0619 0.0259 0.2163 0.0010 0.0712 0.0022 0.0005 0.0850 
        001s 15 0.2944 0.0012 0.4298 0.0046 0.0016 0.0012 0.0017 0.0009 0.2646 
        002s 15 0.0138 0.0789 0.0961 0.0027 0.0085 0.0877 0.0137 0.0034 0.6950 
        003s 15 0.7460 0.0334 0.0088 0.0045 0.0012 0.0069 0.0085 0.0008 0.1900 
        004s 15 0.3459 0.0923 0.0035 0.4827 0.0130 0.0010 0.0003 0.0007 0.0605 
        005s 15 0.8500 0.0430 0.0023 0.0063 0.0013 0.0111 0.0067 0.0008 0.0785 
        006s 15 0.4797 0.0016 0.0142 0.0082 0.0006 0.0188 0.0013 0.0026 0.4729 
        007s 15 0.8164 0.0152 0.0463 0.0926 0.0016 0.0007 0.0007 0.0007 0.0258 
        008s 15 0.5576 0.0325 0.0130 0.0172 0.0007 0.0008 0.0008 0.0009 0.3765 
        009s 15 0.0387 0.0066 0.0088 0.0064 0.0009 0.0084 0.0291 0.0020 0.8992 
        010s 15 0.0869 0.0037 0.7203 0.1371 0.0007 0.0008 0.0029 0.0005 0.0470 
        011s 15 0.1353 0.0606 0.0022 0.2567 0.0006 0.0011 0.0026 0.0348 0.5063 
        012s 15 0.4672 0.0115 0.0033 0.0107 0.0016 0.0023 0.0021 0.0011 0.5002 
        013s 15 0.1499 0.0101 0.7929 0.0176 0.0087 0.0016 0.0020 0.0006 0.0165 
        014s 15 0.9268 0.0020 0.0051 0.0219 0.0059 0.0016 0.0054 0.0013 0.0300 
        015s 15 0.2260 0.0013 0.0020 0.0110 0.0009 0.0688 0.0055 0.0066 0.6779 
        016s 15 0.1667 0.0205 0.6634 0.0160 0.0430 0.0062 0.0006 0.0647 0.0189 
        017s 15 0.9111 0.0152 0.0123 0.0109 0.0168 0.0038 0.0036 0.0008 0.0254 
        018s 15 0.3331 0.0195 0.5247 0.0294 0.0029 0.0019 0.0010 0.0004 0.0872 
        019s 15 0.0100 0.0024 0.4135 0.1426 0.0011 0.0043 0.0104 0.0007 0.4150 
        020s 15 0.3668 0.0014 0.4290 0.0333 0.0008 0.0012 0.0007 0.0005 0.1662 
        021s 15 0.3151 0.0093 0.0163 0.0348 0.0018 0.0599 0.0071 0.0009 0.5548 
        022s 15 0.0631 0.0040 0.0499 0.0397 0.0010 0.0005 0.0009 0.0017 0.8392 
        023s 15 0.2288 0.0044 0.0031 0.1089 0.0010 0.0296 0.0008 0.0032 0.6203 
        024s 15 0.9136 0.0051 0.0032 0.0531 0.0005 0.0031 0.0012 0.0023 0.0179 
