        001s  1 0.0005 0.9981 0.0011 0.0004 
        002s  1 0.0017 0.9971 0.0005 0.0006 
        003s  1 0.0021 0.9827 0.0130 0.0023 
        004s  1 0.0442 0.9518 0.0003 0.0037 
        005s  1 0.4260 0.5731 0.0003 0.0006 
        006s  1 0.0005 0.9987 0.0004 0.0004 
        007s  1 0.0010 0.9946 0.0009 0.0036 
        008s  1 0.0026 0.9957 0.0009 0.0007 
        009s  1 0.0662 0.9233 0.0031 0.0074 
        010s  1 0.0036 0.9952 0.0007 0.0005 
        011s  1 0.0019 0.9914 0.0046 0.0020 
        012s  1 0.1279 0.8647 0.0061 0.0014 
        013s  1 0.0196 0.9730 0.0010 0.0064 
        014s  1 0.0121 0.9584 0.0221 0.0075 
        015s  1 0.0004 0.9986 0.0005 0.0005 
        016s  1 0.0011 0.9908 0.0009 0.0072 
        018s  1 0.1344 0.8638 0.0008 0.0010 
        019s  1 0.0032 0.9919 0.0040 0.0010 
        020s  1 0.0004 0.9822 0.0095 0.0079 
        021s  1 0.0007 0.9931 0.0009 0.0052 
        022s  1 0.0002 0.9987 0.0004 0.0006 
        023s  1 0.0004 0.9901 0.0009 0.0086 
        024s  1 0.0012 0.9976 0.0004 0.0008 
        025s  1 0.0074 0.9911 0.0004 0.0011 
        026s  1 0.0011 0.9851 0.0044 0.0095 
        027s  1 0.0061 0.9911 0.0005 0.0023 
        028s  1 0.1064 0.8909 0.0020 0.0007 
        029s  1 0.0006 0.9925 0.0061 0.0007 
        030s  1 0.0024 0.9880 0.0090 0.0007 
        031s  1 0.0003 0.9982 0.0004 0.0011 
        032s  1 0.0007 0.9975 0.0011 0.0008 
        033s  1 0.0041 0.9939 0.0009 0.0012 
        034s  1 0.0011 0.9454 0.0032 0.0503 
        035s  1 0.0020 0.9950 0.0019 0.0010 
        036s  1 0.0718 0.9263 0.0003 0.0017 
        037s  1 0.1175 0.8245 0.0026 0.0553 
        038s  1 0.0012 0.9973 0.0006 0.0008 
        039s  1 0.0028 0.9961 0.0008 0.0004 
        040s  1 0.0019 0.9935 0.0006 0.0039 
        041s  1 0.0010 0.9948 0.0008 0.0034 
        042s  1 0.0283 0.8770 0.0012 0.0935 
        043s  1 0.0148 0.9837 0.0012 0.0004 
        044s  1 0.1095 0.8824 0.0019 0.0063 
        045s  1 0.0031 0.9950 0.0010 0.0009 
        046s  1 0.0007 0.9963 0.0022 0.0008 
        047s  1 0.0005 0.9937 0.0013 0.0045 
        048s  1 0.0037 0.9951 0.0004 0.0008 
        049s  1 0.0007 0.9982 0.0005 0.0006 
        050s  1 0.0974 0.9019 0.0004 0.0003 
        051s  1 0.0004 0.9703 0.0285 0.0008 
        052s  1 0.0196 0.9621 0.0172 0.0012 
        053s  1 0.0009 0.9981 0.0004 0.0006 
        054s  1 0.0005 0.9962 0.0024 0.0009 
        055s  1 0.0771 0.8395 0.0022 0.0813 
          01  2 0.1127 0.8499 0.0335 0.0039 
          02  2 0.0146 0.9832 0.0015 0.0007 
          03  2 0.0012 0.9972 0.0004 0.0011 
          04  2 0.0218 0.9677 0.0009 0.0096 
          05  2 0.0936 0.9057 0.0003 0.0004 
          06  2 0.0233 0.9754 0.0006 0.0007 
          07  2 0.0104 0.9880 0.0010 0.0006 
          08  2 0.0451 0.9536 0.0009 0.0005 
          09  2 0.0004 0.9912 0.0081 0.0003 
          10  2 0.0011 0.9978 0.0006 0.0005 
          11  2 0.0035 0.9835 0.0101 0.0029 
          12  2 0.0010 0.9965 0.0020 0.0006 
          13  2 0.0005 0.9982 0.0008 0.0006 
          14  2 0.0009 0.9772 0.0023 0.0196 
          15  2 0.0005 0.9975 0.0011 0.0009 
          16  2 0.0353 0.9543 0.0053 0.0050 
          17  2 0.0018 0.9962 0.0009 0.0011 
          18  2 0.0203 0.9769 0.0016 0.0012 
          19  2 0.0007 0.9926 0.0020 0.0048 
          20  2 0.0701 0.9229 0.0014 0.0055 
          21  2 0.0011 0.9838 0.0144 0.0007 
          22  2 0.0039 0.9858 0.0047 0.0057 
          23  2 0.0012 0.9961 0.0009 0.0017 
          24  2 0.0006 0.9975 0.0010 0.0008 
          25  2 0.0328 0.9648 0.0015 0.0009 
          26  2 0.0008 0.9982 0.0007 0.0003 
          27  2 0.0097 0.9857 0.0012 0.0034 
          28  2 0.0004 0.9943 0.0009 0.0044 
          29  2 0.0009 0.9981 0.0008 0.0002 
          30  2 0.1232 0.7678 0.0109 0.0981 
          01  3 0.6276 0.3596 0.0003 0.0125 
          02  3 0.7878 0.1375 0.0709 0.0038 
          03  3 0.6133 0.3848 0.0004 0.0016 
          04  3 0.7921 0.2048 0.0009 0.0022 
          05  3 0.7529 0.0004 0.1156 0.1310 
          06  3 0.9091 0.0898 0.0003 0.0008 
          07  3 0.5964 0.4021 0.0011 0.0004 
          08  3 0.6747 0.3144 0.0023 0.0086 
          09  3 0.6606 0.3295 0.0002 0.0097 
          10  3 0.6288 0.0171 0.2190 0.1351 
          11  3 0.6965 0.3029 0.0003 0.0003 
          12  3 0.7054 0.2936 0.0004 0.0006 
          13  3 0.9662 0.0073 0.0261 0.0004 
          14  3 0.7859 0.0060 0.0433 0.1648 
          15  3 0.6333 0.3631 0.0003 0.0033 
          16  3 0.9157 0.0791 0.0036 0.0016 
          17  3 0.5606 0.4370 0.0013 0.0011 
          18  3 0.5402 0.0098 0.1635 0.2865 
          19  3 0.8244 0.1669 0.0006 0.0082 
          20  3 0.7410 0.1857 0.0002 0.0730 
          21  3 0.7353 0.2536 0.0010 0.0101 
          22  3 0.6761 0.3154 0.0003 0.0081 
          23  3 0.7486 0.2500 0.0004 0.0009 
          24  3 0.7418 0.0834 0.1709 0.0038 
          25  3 0.6103 0.0002 0.2502 0.1393 
          26  3 0.7511 0.2474 0.0007 0.0008 
          27  3 0.6233 0.0688 0.1286 0.1793 
          28  3 0.8988 0.0990 0.0020 0.0002 
          29  3 0.7972 0.1858 0.0031 0.0139 
          30  3 0.6688 0.3301 0.0008 0.0004 
         001  4 0.8914 0.0008 0.0008 0.1070 
         002  4 0.8564 0.0763 0.0021 0.0652 
         003  4 0.8780 0.0117 0.0227 0.0876 
         004  4 0.9331 0.0006 0.0007 0.0656 
         005  4 0.8573 0.0014 0.0371 0.1042 
         006  4 0.8810 0.0821 0.0009 0.0360 
         007  4 0.8182 0.0992 0.0004 0.0823 
         008  4 0.8150 0.0626 0.0017 0.1208 
         009  4 0.8938 0.0013 0.0174 0.0874 
         010  4 0.9991 0.0003 0.0001 0.0005 
         011  4 0.8339 0.0141 0.0013 0.1507 
         012  4 0.8669 0.0124 0.0022 0.1185 
         013  4 0.9574 0.0195 0.0002 0.0229 
         014  4 0.8805 0.0250 0.0005 0.0940 
         015  4 0.9969 0.0007 0.0005 0.0019 
         016  4 0.9296 0.0015 0.0125 0.0564 
         017  4 0.9013 0.0962 0.0004 0.0021 
         019  4 0.8909 0.0037 0.0079 0.0976 
         020  4 0.8306 0.0746 0.0131 0.0817 
         021  4 0.8787 0.0066 0.0158 0.0988 
         001  5 0.8539 0.0079 0.0193 0.1189 
         002  5 0.7763 0.1249 0.0013 0.0975 
         003  5 0.6905 0.2205 0.0002 0.0888 
         004  5 0.7638 0.1383 0.0003 0.0976 
         005  5 0.8564 0.0468 0.0005 0.0962 
         006  5 0.8905 0.1050 0.0016 0.0030 
         007  5 0.9124 0.0076 0.0025 0.0775 
         008  5 0.9234 0.0209 0.0056 0.0500 
         009  5 0.7662 0.1598 0.0004 0.0737 
         010  5 0.8494 0.0554 0.0003 0.0949 
         011  5 0.8447 0.0125 0.0003 0.1426 
         012  5 0.8171 0.1102 0.0009 0.0717 
         013  5 0.6757 0.2978 0.0006 0.0259 
         014  5 0.6565 0.2280 0.0147 0.1009 
         015  5 0.9296 0.0069 0.0028 0.0608 
         016  5 0.8687 0.1120 0.0014 0.0178 
         017  5 0.8085 0.1852 0.0021 0.0042 
         018  5 0.7576 0.1316 0.0228 0.0880 
         019  5 0.8553 0.0134 0.0425 0.0888 
         020  5 0.8620 0.0341 0.0008 0.1031 
         021  5 0.6692 0.2347 0.0004 0.0956 
         022  5 0.7514 0.1190 0.0013 0.1283 
         023  5 0.9152 0.0016 0.0143 0.0689 
         024  5 0.7687 0.1972 0.0003 0.0338 
         025  5 0.8097 0.1612 0.0004 0.0287 
         026  5 0.7075 0.2747 0.0007 0.0171 
         027  5 0.9080 0.0221 0.0021 0.0678 
         028  5 0.8117 0.0997 0.0007 0.0879 
         029  5 0.8759 0.1159 0.0005 0.0077 
         030  5 0.8338 0.0119 0.0523 0.1020 
        001s  6 0.0112 0.9705 0.0007 0.0176 
        002s  6 0.0090 0.9690 0.0210 0.0009 
        003s  6 0.0030 0.9943 0.0004 0.0023 
        004s  6 0.0005 0.9984 0.0005 0.0006 
        006s  6 0.0844 0.9040 0.0012 0.0105 
        007s  6 0.0010 0.9979 0.0007 0.0004 
        008s  6 0.0012 0.9904 0.0029 0.0055 
        009s  6 0.0004 0.9977 0.0010 0.0009 
        010s  6 0.0245 0.9432 0.0140 0.0183 
        011s  6 0.0013 0.9971 0.0003 0.0013 
        012s  6 0.0010 0.9951 0.0024 0.0014 
        013s  6 0.0009 0.9981 0.0007 0.0004 
        014s  6 0.0450 0.9545 0.0003 0.0003 
        015s  6 0.0202 0.9724 0.0008 0.0066 
        016s  6 0.0006 0.9979 0.0006 0.0009 
        018s  6 0.2322 0.7610 0.0007 0.0062 
        019s  6 0.0105 0.9865 0.0008 0.0022 
        020s  6 0.0004 0.9983 0.0008 0.0005 
        021s  6 0.0081 0.9868 0.0012 0.0040 
        022s  6 0.0006 0.9948 0.0004 0.0042 
        023s  6 0.0047 0.9943 0.0003 0.0007 
        024s  6 0.0190 0.9781 0.0020 0.0010 
        025s  6 0.0017 0.9261 0.0004 0.0718 
        026s  6 0.0008 0.9971 0.0017 0.0005 
        027s  6 0.0008 0.9974 0.0014 0.0004 
        028s  6 0.0342 0.9134 0.0427 0.0097 
        029s  6 0.0004 0.9969 0.0016 0.0011 
        030s  6 0.0438 0.9400 0.0026 0.0136 
        031s  6 0.0045 0.9947 0.0003 0.0004 
        032s  6 0.0080 0.9910 0.0003 0.0007 
        033s  6 0.0283 0.9703 0.0005 0.0010 
        034s  6 0.0019 0.9837 0.0005 0.0140 
        035s  6 0.1133 0.8828 0.0016 0.0022 
        036s  6 0.0029 0.9958 0.0002 0.0010 
        037s  6 0.0009 0.9952 0.0021 0.0018 
        038s  6 0.0006 0.9976 0.0010 0.0007 
        039s  6 0.0003 0.9981 0.0010 0.0007 
        040s  6 0.0006 0.9986 0.0004 0.0003 
        041s  6 0.0011 0.9896 0.0040 0.0052 
        042s  6 0.0023 0.9338 0.0044 0.0595 
        043s  6 0.0008 0.9926 0.0002 0.0064 
        044s  6 0.0006 0.9965 0.0021 0.0007 
        045s  6 0.0009 0.9964 0.0006 0.0022 
        001s  7 0.0009 0.9976 0.0004 0.0011 
        002s  7 0.0082 0.9890 0.0010 0.0018 
        003s  7 0.0021 0.9961 0.0011 0.0006 
        004s  7 0.0021 0.9961 0.0011 0.0007 
        005s  7 0.0112 0.9855 0.0008 0.0025 
        006s  7 0.0338 0.9554 0.0006 0.0102 
        007s  7 0.0113 0.9717 0.0155 0.0016 
        008s  7 0.0022 0.9940 0.0025 0.0013 
        009s  7 0.0031 0.9863 0.0006 0.0100 
        010s  7 0.0005 0.9971 0.0009 0.0014 
        011s  7 0.0006 0.9976 0.0008 0.0009 
        012s  7 0.0005 0.9985 0.0005 0.0005 
        013s  7 0.0010 0.9939 0.0006 0.0045 
        014s  7 0.0086 0.9906 0.0005 0.0004 
        015s  7 0.0069 0.9900 0.0015 0.0016 
        016s  7 0.0447 0.9447 0.0003 0.0104 
        017s  7 0.0009 0.9983 0.0003 0.0005 
        018s  7 0.0013 0.9949 0.0033 0.0005 
        019s  7 0.0018 0.9826 0.0033 0.0123 
        020s  7 0.0008 0.9986 0.0003 0.0004 
        021s  7 0.0010 0.9971 0.0011 0.0009 
        022s  7 0.0032 0.9955 0.0004 0.0009 
        023s  7 0.0049 0.9722 0.0011 0.0219 
        024s  7 0.0007 0.9971 0.0016 0.0006 
        025s  7 0.0020 0.9959 0.0012 0.0009 
        026s  7 0.0006 0.9976 0.0010 0.0007 
        027s  7 0.0014 0.9966 0.0015 0.0005 
        028s  7 0.0030 0.9962 0.0003 0.0005 
        029s  7 0.0029 0.9942 0.0007 0.0022 
        030s  7 0.0004 0.9900 0.0061 0.0035 
        031s  7 0.0021 0.9859 0.0004 0.0117 
        032s  7 0.0614 0.9328 0.0052 0.0006 
        033s  7 0.0138 0.9800 0.0039 0.0023 
        034s  7 0.0233 0.9748 0.0013 0.0006 
        035s  7 0.0003 0.9981 0.0006 0.0010 
        036s  7 0.0010 0.9903 0.0006 0.0081 
        037s  7 0.0752 0.9213 0.0009 0.0027 
        038s  7 0.0030 0.9945 0.0010 0.0015 
        039s  7 0.0003 0.9990 0.0004 0.0003 
        040s  7 0.0649 0.9340 0.0004 0.0006 
        041s  7 0.0051 0.9910 0.0020 0.0018 
        042s  7 0.0017 0.9977 0.0003 0.0003 
        043s  7 0.0004 0.9964 0.0006 0.0027 
        044s  7 0.0740 0.8926 0.0015 0.0319 
         003  8 0.0035 0.9859 0.0100 0.0006 
         009  8 0.0009 0.9975 0.0006 0.0011 
         010  8 0.0003 0.9972 0.0005 0.0021 
         017  8 0.0007 0.9945 0.0014 0.0033 
         002  9 0.0005 0.9978 0.0006 0.0011 
         003  9 0.0002 0.9990 0.0004 0.0004 
         004  9 0.0002 0.9984 0.0003 0.0011 
         005  9 0.0007 0.9940 0.0014 0.0040 
         006  9 0.0009 0.9971 0.0005 0.0016 
         007  9 0.0006 0.9968 0.0010 0.0015 
         009  9 0.0006 0.9963 0.0011 0.0021 
         010  9 0.0003 0.9966 0.0018 0.0013 
         013  9 0.0011 0.9973 0.0004 0.0013 
         014  9 0.0003 0.9933 0.0048 0.0016 
         016  9 0.0002 0.9981 0.0012 0.0006 
         018  9 0.0009 0.9916 0.0060 0.0015 
         019  9 0.0006 0.9939 0.0049 0.0006 
         020  9 0.0003 0.9990 0.0004 0.0003 
         021  9 0.0003 0.9988 0.0003 0.0006 
         022  9 0.0003 0.9979 0.0012 0.0005 
         024  9 0.0005 0.9943 0.0025 0.0027 
         028  9 0.0006 0.9975 0.0007 0.0012 
         029  9 0.0002 0.9983 0.0010 0.0005 
         030  9 0.0003 0.9977 0.0008 0.0011 
         031  9 0.0006 0.9982 0.0008 0.0004 
         033  9 0.0015 0.9971 0.0006 0.0008 
         001 10 0.0004 0.9983 0.0010 0.0003 
         002 10 0.0002 0.9979 0.0013 0.0006 
         003 10 0.0005 0.9898 0.0005 0.0092 
         004 10 0.0003 0.9971 0.0005 0.0022 
         005 10 0.0004 0.9972 0.0016 0.0007 
         006 10 0.0008 0.9980 0.0005 0.0007 
         007 10 0.0003 0.9972 0.0003 0.0021 
         008 10 0.0008 0.9954 0.0007 0.0031 
         009 10 0.0008 0.9946 0.0042 0.0004 
         010 10 0.0005 0.9960 0.0027 0.0007 
         011 10 0.0005 0.9621 0.0002 0.0371 
         012 10 0.0008 0.9959 0.0005 0.0028 
         013 10 0.0006 0.9979 0.0007 0.0007 
         014 10 0.0006 0.9978 0.0007 0.0009 
         016 10 0.0008 0.9971 0.0012 0.0008 
         017 10 0.0008 0.9974 0.0011 0.0008 
         018 10 0.0023 0.9951 0.0020 0.0006 
         019 10 0.0005 0.9928 0.0058 0.0009 
         020 10 0.0010 0.9903 0.0068 0.0019 
         021 10 0.0004 0.9963 0.0029 0.0005 
         022 10 0.0004 0.9986 0.0003 0.0008 
         023 10 0.0005 0.9983 0.0005 0.0007 
         024 10 0.0002 0.9965 0.0014 0.0019 
         026 10 0.0004 0.9983 0.0007 0.0006 
        001s 11 0.0541 0.9197 0.0010 0.0252 
        002s 11 0.0018 0.9931 0.0038 0.0013 
        003s 11 0.0017 0.9968 0.0011 0.0004 
        004s 11 0.0007 0.9976 0.0003 0.0014 
        005s 11 0.0010 0.9934 0.0050 0.0006 
        006s 11 0.0053 0.9906 0.0019 0.0022 
        007s 11 0.0578 0.9398 0.0011 0.0014 
        008s 11 0.0005 0.9984 0.0007 0.0004 
        009s 11 0.0004 0.9858 0.0132 0.0006 
        010s 11 0.0006 0.9982 0.0006 0.0007 
        011s 11 0.1105 0.8782 0.0005 0.0108 
        012s 11 0.0780 0.9206 0.0009 0.0004 
        013s 11 0.0009 0.9980 0.0002 0.0009 
        014s 11 0.0112 0.9868 0.0012 0.0008 
        015s 11 0.0025 0.9923 0.0015 0.0036 
        016s 11 0.0032 0.9278 0.0063 0.0627 
        017s 11 0.0518 0.9449 0.0006 0.0027 
        018s 11 0.0032 0.9947 0.0013 0.0008 
        019s 11 0.0007 0.9798 0.0003 0.0192 
        020s 11 0.0013 0.9960 0.0015 0.0012 
        021s 11 0.0005 0.9980 0.0005 0.0010 
        022s 11 0.0156 0.9830 0.0010 0.0003 
        023s 11 0.0038 0.9645 0.0004 0.0313 
        025s 11 0.0004 0.9985 0.0002 0.0009 
        026s 11 0.0047 0.9389 0.0009 0.0555 
        027s 11 0.0018 0.9971 0.0004 0.0007 
        028s 11 0.0030 0.9956 0.0003 0.0011 
        029s 11 0.0081 0.9903 0.0012 0.0004 
        030s 11 0.0222 0.9754 0.0011 0.0014 
        031s 11 0.0004 0.9985 0.0008 0.0003 
        032s 11 0.0006 0.9965 0.0005 0.0024 
        033s 11 0.0016 0.9962 0.0013 0.0009 
        034s 11 0.0017 0.9976 0.0003 0.0005 
        035s 11 0.0032 0.9953 0.0012 0.0003 
        036s 11 0.0112 0.9870 0.0013 0.0004 
        037s 11 0.0009 0.9970 0.0009 0.0012 
        038s 11 0.0012 0.9975 0.0007 0.0006 
        039s 11 0.0005 0.9982 0.0005 0.0008 
        040s 11 0.0751 0.9235 0.0006 0.0008 
        041s 11 0.0010 0.9746 0.0213 0.0031 
        042s 11 0.0008 0.9913 0.0007 0.0072 
        043s 11 0.0100 0.9617 0.0004 0.0279 
        044s 11 0.0009 0.9942 0.0009 0.0040 
        045s 11 0.0008 0.9922 0.0004 0.0067 
        046s 11 0.0136 0.9561 0.0005 0.0298 
        047s 11 0.0008 0.9979 0.0005 0.0009 
        048s 11 0.0051 0.9598 0.0016 0.0336 
        049s 11 0.0006 0.9971 0.0010 0.0012 
        050s 11 0.0007 0.9979 0.0004 0.0011 
        051s 11 0.0016 0.9439 0.0004 0.0542 
        052s 11 0.0041 0.9928 0.0011 0.0019 
        053s 11 0.0003 0.9974 0.0015 0.0008 
        054s 11 0.0031 0.9958 0.0004 0.0006 
        055s 11 0.0466 0.9528 0.0003 0.0004 
        001s 12 0.0035 0.9947 0.0008 0.0010 
        002s 12 0.0007 0.9965 0.0021 0.0007 
        003s 12 0.0005 0.9985 0.0007 0.0003 
        004s 12 0.0066 0.9770 0.0030 0.0134 
        005s 12 0.0005 0.9980 0.0007 0.0008 
        006s 12 0.0297 0.9683 0.0009 0.0012 
        007s 12 0.0012 0.9929 0.0043 0.0016 
        008s 12 0.0074 0.9916 0.0005 0.0005 
        009s 12 0.0103 0.9618 0.0229 0.0050 
        010s 12 0.0511 0.9475 0.0010 0.0003 
        011s 12 0.0025 0.9957 0.0009 0.0009 
        012s 12 0.0031 0.9932 0.0004 0.0033 
        013s 12 0.0003 0.9596 0.0006 0.0395 
        014s 12 0.0434 0.9136 0.0027 0.0403 
        015s 12 0.0019 0.9955 0.0017 0.0010 
        016s 12 0.0005 0.9947 0.0005 0.0044 
        017s 12 0.0024 0.9962 0.0003 0.0011 
        018s 12 0.0007 0.9963 0.0016 0.0015 
        019s 12 0.0013 0.9951 0.0031 0.0004 
        020s 12 0.0436 0.9553 0.0003 0.0008 
        021s 12 0.0012 0.9964 0.0005 0.0019 
        022s 12 0.0233 0.9687 0.0033 0.0047 
        023s 12 0.0004 0.9977 0.0009 0.0010 
        024s 12 0.0005 0.9986 0.0004 0.0005 
        025s 12 0.0062 0.9886 0.0042 0.0011 
        026s 12 0.0051 0.9755 0.0183 0.0011 
        027s 12 0.0019 0.9973 0.0005 0.0004 
        028s 12 0.0009 0.9860 0.0105 0.0027 
        029s 12 0.0005 0.9984 0.0003 0.0008 
        030s 12 0.0012 0.9978 0.0005 0.0006 
        031s 12 0.0024 0.9946 0.0009 0.0021 
        032s 12 0.0005 0.9905 0.0082 0.0008 
        033s 12 0.0047 0.9943 0.0005 0.0005 
        034s 12 0.0004 0.9986 0.0005 0.0004 
        035s 12 0.0059 0.9932 0.0004 0.0005 
        036s 12 0.0119 0.9846 0.0029 0.0006 
        037s 12 0.0005 0.9977 0.0010 0.0008 
        001s 13 0.0025 0.9942 0.0009 0.0023 
        002s 13 0.0619 0.9368 0.0003 0.0010 
        003s 13 0.0005 0.9978 0.0009 0.0009 
        004s 13 0.0004 0.9870 0.0095 0.0031 
        005s 13 0.0077 0.9882 0.0023 0.0019 
        006s 13 0.0011 0.9972 0.0011 0.0005 
        007s 13 0.0130 0.9854 0.0005 0.0010 
        008s 13 0.0395 0.9577 0.0021 0.0006 
        009s 13 0.1153 0.8732 0.0099 0.0015 
        010s 13 0.0417 0.9560 0.0011 0.0012 
        011s 13 0.0433 0.9486 0.0055 0.0026 
        012s 13 0.0436 0.9289 0.0030 0.0245 
        013s 13 0.0447 0.9490 0.0012 0.0051 
        014s 13 0.0117 0.9840 0.0010 0.0033 
        015s 13 0.0019 0.9789 0.0113 0.0079 
        016s 13 0.0002 0.9982 0.0005 0.0011 
        017s 13 0.0440 0.9518 0.0038 0.0004 
        018s 13 0.0004 0.9981 0.0007 0.0007 
        019s 13 0.0008 0.9983 0.0003 0.0007 
        020s 13 0.0044 0.9934 0.0018 0.0004 
        021s 13 0.0005 0.9975 0.0007 0.0013 
        022s 13 0.0011 0.9977 0.0004 0.0008 
        023s 13 0.0005 0.9986 0.0005 0.0003 
        024s 13 0.0198 0.9363 0.0009 0.0430 
        025s 13 0.0006 0.9964 0.0009 0.0022 
        026s 13 0.1016 0.8916 0.0004 0.0064 
        027s 13 0.0332 0.9597 0.0053 0.0018 
        028s 13 0.0310 0.9580 0.0084 0.0027 
        029s 13 0.0081 0.9898 0.0006 0.0015 
        030s 13 0.0139 0.9443 0.0005 0.0413 
        031s 13 0.0035 0.8958 0.0005 0.1002 
        032s 13 0.0011 0.9981 0.0005 0.0003 
        033s 13 0.0426 0.9560 0.0006 0.0008 
        034s 13 0.0499 0.9477 0.0016 0.0008 
        035s 13 0.0006 0.9944 0.0016 0.0034 
        036s 13 0.0014 0.9977 0.0006 0.0003 
        037s 13 0.0004 0.9976 0.0006 0.0015 
        038s 13 0.0018 0.9966 0.0010 0.0006 
        039s 13 0.0818 0.8324 0.0012 0.0845 
        040s 13 0.0012 0.9969 0.0005 0.0014 
        041s 13 0.0659 0.9324 0.0004 0.0012 
        042s 13 0.0006 0.9979 0.0008 0.0008 
        001s 14 0.0082 0.9896 0.0014 0.0008 
        002s 14 0.0605 0.9361 0.0023 0.0011 
        003s 14 0.0006 0.9983 0.0005 0.0006 
        004s 14 0.0197 0.9764 0.0008 0.0031 
        005s 14 0.0002 0.9989 0.0004 0.0005 
        006s 14 0.0004 0.9990 0.0003 0.0003 
        007s 14 0.0007 0.9977 0.0003 0.0013 
        008s 14 0.0873 0.8931 0.0166 0.0030 
        009s 14 0.0010 0.9920 0.0059 0.0010 
        010s 14 0.0074 0.9735 0.0172 0.0019 
        011s 14 0.0599 0.9387 0.0005 0.0009 
        012s 14 0.0010 0.9961 0.0018 0.0011 
        013s 14 0.0019 0.9925 0.0007 0.0050 
        014s 14 0.0080 0.9825 0.0087 0.0008 
        015s 14 0.0007 0.9888 0.0082 0.0023 
        016s 14 0.0004 0.9868 0.0006 0.0122 
        017s 14 0.0761 0.9230 0.0004 0.0005 
        018s 14 0.0006 0.9971 0.0010 0.0013 
        019s 14 0.0019 0.9968 0.0004 0.0009 
        020s 14 0.0005 0.9909 0.0076 0.0010 
        021s 14 0.0009 0.9881 0.0106 0.0004 
        022s 14 0.0069 0.9899 0.0019 0.0013 
        023s 14 0.0019 0.9929 0.0024 0.0028 
        024s 14 0.0483 0.9478 0.0028 0.0010 
        025s 14 0.0036 0.9956 0.0004 0.0004 
        026s 14 0.0003 0.9969 0.0020 0.0009 
        027s 14 0.0009 0.9954 0.0007 0.0031 
        028s 14 0.0010 0.9961 0.0022 0.0007 
        029s 14 0.0002 0.9982 0.0005 0.0010 
        030s 14 0.0037 0.9953 0.0005 0.0005 
        031s 14 0.0020 0.9960 0.0007 0.0013 
        032s 14 0.0009 0.9967 0.0004 0.0020 
        033s 14 0.0218 0.9765 0.0011 0.0007 
        034s 14 0.0004 0.9984 0.0006 0.0006 
        035s 14 0.1580 0.8405 0.0003 0.0012 
        036s 14 0.1073 0.8836 0.0019 0.0073 
        037s 14 0.0006 0.9960 0.0008 0.0026 
        038s 14 0.0008 0.9980 0.0007 0.0005 
        039s 14 0.0031 0.9884 0.0025 0.0059 
        040s 14 0.0028 0.9959 0.0003 0.0010 
        041s 14 0.0012 0.9979 0.0004 0.0005 
        042s 14 0.0225 0.9745 0.0010 0.0019 
        001s 15 0.0006 0.9973 0.0009 0.0012 
        002s 15 0.0875 0.8858 0.0082 0.0185 
        003s 15 0.0030 0.9876 0.0010 0.0084 
        004s 15 0.0005 0.9903 0.0090 0.0002 
        005s 15 0.0119 0.9813 0.0012 0.0057 
        006s 15 0.0084 0.9901 0.0005 0.0009 
        007s 15 0.0004 0.9980 0.0011 0.0006 
        008s 15 0.0005 0.9984 0.0006 0.0005 
        009s 15 0.0383 0.9220 0.0005 0.0392 
        010s 15 0.0006 0.9977 0.0003 0.0013 
        011s 15 0.0544 0.9445 0.0003 0.0008 
        012s 15 0.0031 0.9932 0.0014 0.0023 
        013s 15 0.0006 0.9950 0.0031 0.0013 
        014s 15 0.0015 0.9891 0.0044 0.0050 
        015s 15 0.0785 0.9125 0.0011 0.0078 
        016s 15 0.0895 0.8837 0.0266 0.0003 
        017s 15 0.0009 0.9793 0.0178 0.0021 
        018s 15 0.0006 0.9973 0.0016 0.0005 
        019s 15 0.0018 0.9929 0.0006 0.0048 
        020s 15 0.0008 0.9981 0.0005 0.0006 
        021s 15 0.0592 0.9356 0.0015 0.0037 
        022s 15 0.0016 0.9974 0.0006 0.0005 
        023s 15 0.0239 0.9745 0.0005 0.0010 
        024s 15 0.0019 0.9969 0.0005 0.0007 
        025s 15 0.0048 0.9641 0.0013 0.0299 
        026s 15 0.0011 0.9735 0.0039 0.0215 
        027s 15 0.0096 0.9770 0.0127 0.0007 
        028s 15 0.0008 0.9958 0.0022 0.0012 
        029s 15 0.0007 0.9966 0.0015 0.0012 
        030s 15 0.0003 0.9978 0.0013 0.0005 
        031s 15 0.0518 0.9391 0.0014 0.0077 
        032s 15 0.0004 0.9967 0.0008 0.0022 
        033s 15 0.0360 0.9629 0.0007 0.0004 
        035s 15 0.0043 0.9929 0.0022 0.0005 
        036s 15 0.0010 0.9937 0.0003 0.0050 
        037s 15 0.0029 0.9956 0.0005 0.0010 
        038s 15 0.0026 0.9963 0.0008 0.0004 
        039s 15 0.0259 0.9732 0.0004 0.0004 
        040s 15 0.0044 0.9916 0.0032 0.0007 
        041s 15 0.0769 0.9196 0.0003 0.0032 
        042s 15 0.0012 0.9952 0.0028 0.0007 
        043s 15 0.0059 0.9926 0.0002 0.0013 
        044s 15 0.0029 0.9954 0.0010 0.0007 
        045s 15 0.0343 0.8863 0.0024 0.0770 
        046s 15 0.0270 0.9712 0.0006 0.0012 
        047s 15 0.0245 0.9747 0.0004 0.0004 
        048s 15 0.0006 0.9842 0.0007 0.0145 
        049s 15 0.0105 0.9885 0.0005 0.0006 
        050s 15 0.1046 0.8726 0.0174 0.0053 
         001 16 0.1849 0.8116 0.0026 0.0009 
         002 16 0.0229 0.9761 0.0003 0.0007 
         003 16 0.0113 0.9831 0.0039 0.0016 
         004 16 0.0009 0.9971 0.0005 0.0015 
         005 16 0.0577 0.9118 0.0015 0.0291 
         006 16 0.0117 0.9762 0.0009 0.0113 
         007 16 0.0018 0.9957 0.0009 0.0015 
         008 16 0.1346 0.8636 0.0011 0.0008 
         009 16 0.0008 0.9977 0.0011 0.0005 
         010 16 0.0044 0.9936 0.0005 0.0014 
         011 16 0.0037 0.9940 0.0005 0.0018 
         012 16 0.0012 0.9969 0.0010 0.0010 
         013 16 0.0006 0.9984 0.0005 0.0006 
         014 16 0.0188 0.9797 0.0012 0.0003 
         015 16 0.0006 0.6305 0.0008 0.3681 
         016 16 0.0005 0.9816 0.0044 0.0135 
         017 16 0.0174 0.9813 0.0007 0.0006 
         018 16 0.0321 0.9238 0.0071 0.0370 
         019 16 0.0692 0.9295 0.0009 0.0003 
         020 16 0.0003 0.9982 0.0009 0.0006 
         021 16 0.1261 0.8701 0.0033 0.0005 
         022 16 0.0018 0.9941 0.0012 0.0029 
         023 16 0.0056 0.9847 0.0004 0.0093 
         024 16 0.0014 0.9722 0.0013 0.0250 
         025 16 0.0707 0.9246 0.0007 0.0039 
         026 16 0.1036 0.8931 0.0005 0.0028 
         027 16 0.0021 0.9869 0.0094 0.0016 
         028 16 0.1629 0.8194 0.0173 0.0003 
         029 16 0.0306 0.9671 0.0016 0.0007 
         030 16 0.0019 0.9972 0.0005 0.0004 
         031 16 0.0012 0.9842 0.0140 0.0006 
         032 16 0.0692 0.9257 0.0005 0.0047 
         033 16 0.0006 0.9987 0.0004 0.0003 
         034 16 0.0049 0.9936 0.0003 0.0012 
         035 16 0.0004 0.9987 0.0007 0.0002 
         036 16 0.0004 0.9963 0.0018 0.0016 
         037 16 0.0486 0.9470 0.0011 0.0033 
         038 16 0.0018 0.9914 0.0010 0.0058 
         039 16 0.0006 0.9979 0.0011 0.0005 
         040 16 0.0013 0.9967 0.0004 0.0016 
         041 16 0.0009 0.9974 0.0003 0.0014 
         042 16 0.0008 0.9966 0.0020 0.0006 
         043 16 0.0009 0.9970 0.0010 0.0011 
         044 16 0.0022 0.9951 0.0016 0.0011 
         045 16 0.0108 0.9868 0.0023 0.0002 
         047 16 0.0348 0.9592 0.0049 0.0011 
         048 16 0.0041 0.9945 0.0007 0.0007 
         049 16 0.0009 0.9957 0.0008 0.0026 
         050 16 0.0006 0.9986 0.0005 0.0003 
         051 16 0.0018 0.9961 0.0015 0.0006 
         052 16 0.0003 0.9986 0.0005 0.0006 
         053 16 0.0004 0.9982 0.0007 0.0007 
         054 16 0.0420 0.9561 0.0012 0.0006 
         055 16 0.0813 0.9180 0.0004 0.0003 
         056 16 0.0006 0.9907 0.0007 0.0080 
         057 16 0.0549 0.9445 0.0003 0.0003 
         058 16 0.1057 0.8813 0.0002 0.0128 
         059 16 0.0971 0.8044 0.0045 0.0940 
         060 16 0.0014 0.9875 0.0012 0.0098 
         061 16 0.0017 0.9960 0.0007 0.0016 
         062 16 0.0025 0.9956 0.0015 0.0004 
         063 16 0.0017 0.9971 0.0007 0.0006 
         064 16 0.0004 0.9972 0.0004 0.0020 
         065 16 0.0027 0.9937 0.0013 0.0022 
         066 16 0.0005 0.9981 0.0009 0.0005 
         067 16 0.0024 0.9207 0.0010 0.0758 
         068 16 0.0033 0.9686 0.0007 0.0274 
         069 16 0.0007 0.9937 0.0052 0.0004 
         070 16 0.0023 0.9949 0.0023 0.0005 
         071 16 0.0966 0.9026 0.0004 0.0004 
         072 16 0.0027 0.9954 0.0008 0.0010 
         073 16 0.0016 0.9974 0.0007 0.0003 
         074 16 0.0004 0.9988 0.0004 0.0003 
         075 16 0.0381 0.9602 0.0006 0.0011 
         076 16 0.0009 0.9979 0.0007 0.0005 
         077 16 0.0241 0.8892 0.0315 0.0551 
         078 16 0.0035 0.9934 0.0007 0.0024 
         079 16 0.0889 0.9073 0.0020 0.0019 
         080 16 0.0006 0.9977 0.0004 0.0012 
         081 16 0.0625 0.9353 0.0015 0.0007 
         082 16 0.0361 0.9632 0.0003 0.0004 
         083 16 0.0007 0.9974 0.0006 0.0014 
         084 16 0.0028 0.9922 0.0037 0.0013 
         085 16 0.0007 0.9883 0.0017 0.0093 
         086 16 0.1179 0.8804 0.0005 0.0012 
         087 16 0.0136 0.9846 0.0015 0.0003 
         088 16 0.0004 0.9962 0.0005 0.0029 
         089 16 0.0040 0.9944 0.0009 0.0008 
         090 16 0.0028 0.9952 0.0016 0.0005 
         091 16 0.0012 0.9976 0.0007 0.0005 
         092 16 0.0099 0.9886 0.0007 0.0009 
         093 16 0.0009 0.9967 0.0020 0.0004 
         094 16 0.0020 0.9504 0.0073 0.0403 
         095 16 0.0003 0.9977 0.0015 0.0005 
         096 16 0.0120 0.9848 0.0005 0.0026 
         097 16 0.1113 0.8802 0.0031 0.0055 
         098 16 0.0007 0.9867 0.0079 0.0046 
         099 16 0.0004 0.9926 0.0008 0.0062 
         100 16 0.0005 0.9966 0.0007 0.0022 
         101 16 0.0063 0.9875 0.0005 0.0057 
         102 16 0.0022 0.9958 0.0005 0.0015 
         103 16 0.0023 0.9918 0.0037 0.0021 
         104 16 0.0015 0.9945 0.0003 0.0038 
         105 16 0.1038 0.8862 0.0053 0.0047 
         106 16 0.0008 0.9965 0.0004 0.0024 
         107 16 0.0019 0.9451 0.0485 0.0044 
         108 16 0.1035 0.6534 0.0703 0.1727 
         109 16 0.0244 0.9745 0.0005 0.0006 
         110 16 0.0004 0.9982 0.0003 0.0012 
         111 16 0.0177 0.9795 0.0010 0.0017 
         112 16 0.0093 0.9881 0.0010 0.0016 
         113 16 0.0586 0.9394 0.0008 0.0012 
         114 16 0.0030 0.9908 0.0047 0.0015 
         115 16 0.0006 0.9982 0.0005 0.0007 
         116 16 0.0043 0.9943 0.0004 0.0009 
         117 16 0.0172 0.9780 0.0041 0.0007 
         118 16 0.0012 0.9833 0.0009 0.0146 
         119 16 0.0015 0.9956 0.0017 0.0012 
         120 16 0.0015 0.9967 0.0014 0.0004 
         121 16 0.0023 0.9673 0.0004 0.0300 
         122 16 0.0004 0.9988 0.0003 0.0004 
         123 16 0.0027 0.9943 0.0026 0.0004 
         124 16 0.0040 0.9941 0.0004 0.0015 
         126 16 0.1346 0.8554 0.0042 0.0059 
         001 17 0.0015 0.9888 0.0092 0.0006 
         002 17 0.0011 0.9978 0.0006 0.0005 
         003 17 0.0005 0.9981 0.0009 0.0004 
         005 17 0.0004 0.9749 0.0244 0.0003 
         006 17 0.0403 0.9577 0.0015 0.0005 
         007 17 0.1314 0.8260 0.0045 0.0381 
         008 17 0.1233 0.8749 0.0006 0.0013 
         009 17 0.0003 0.9988 0.0005 0.0003 
         010 17 0.0010 0.9973 0.0005 0.0012 
         011 17 0.1132 0.4944 0.0021 0.3903 
         012 17 0.0016 0.9958 0.0007 0.0019 
         013 17 0.0003 0.9986 0.0008 0.0003 
         014 17 0.0004 0.9982 0.0010 0.0004 
         015 17 0.0028 0.9963 0.0006 0.0003 
         016 17 0.0008 0.9981 0.0006 0.0005 
         017 17 0.0016 0.9962 0.0011 0.0011 
         018 17 0.0173 0.9595 0.0227 0.0004 
         019 17 0.0003 0.9984 0.0007 0.0006 
         020 17 0.0012 0.9977 0.0003 0.0008 
         021 17 0.0005 0.9979 0.0006 0.0011 
         022 17 0.0486 0.9353 0.0149 0.0012 
         023 17 0.0012 0.9958 0.0025 0.0006 
         024 17 0.0787 0.9169 0.0009 0.0035 
         025 17 0.0005 0.9986 0.0005 0.0004 
         002 18 0.0004 0.9934 0.0049 0.0013 
         003 18 0.0003 0.9983 0.0003 0.0011 
         004 18 0.0145 0.9811 0.0034 0.0010 
         005 18 0.0022 0.9670 0.0010 0.0298 
         006 18 0.0004 0.9983 0.0004 0.0009 
         007 18 0.0032 0.9939 0.0025 0.0004 
         008 18 0.0004 0.9974 0.0003 0.0018 
         009 18 0.0157 0.9809 0.0012 0.0023 
         010 18 0.0008 0.9894 0.0026 0.0072 
         011 18 0.0006 0.9957 0.0020 0.0018 
         012 18 0.0038 0.9925 0.0006 0.0030 
         015 18 0.0012 0.9968 0.0003 0.0017 
         016 18 0.0054 0.9938 0.0005 0.0003 
         018 18 0.0003 0.9878 0.0059 0.0061 
         026 18 0.0020 0.9952 0.0022 0.0007 
         027 18 0.0003 0.9965 0.0021 0.0011 
         028 18 0.0014 0.9681 0.0303 0.0002 
         029 18 0.0009 0.9980 0.0006 0.0005 
         031 18 0.0698 0.8142 0.0334 0.0826 
         032 18 0.0004 0.9979 0.0014 0.0003 
         033 18 0.0007 0.9972 0.0012 0.0009 
         035 18 0.0008 0.9983 0.0004 0.0005 
         036 18 0.0006 0.9899 0.0008 0.0087 
         037 18 0.0063 0.9711 0.0142 0.0084 
         038 18 0.0138 0.9338 0.0495 0.0030 
         039 18 0.0004 0.9980 0.0004 0.0012 
         044 18 0.1294 0.8688 0.0013 0.0005 
         046 18 0.0007 0.9568 0.0070 0.0354 
         049 18 0.0005 0.9983 0.0009 0.0003 
         053 18 0.0013 0.9970 0.0011 0.0006 
         054 18 0.0059 0.9924 0.0008 0.0010 
         056 18 0.0061 0.9864 0.0036 0.0040 
         057 18 0.0006 0.9952 0.0007 0.0035 
         058 18 0.0008 0.9902 0.0056 0.0034 
        001s 19 0.0527 0.9454 0.0008 0.0011 
        002s 19 0.0019 0.9962 0.0008 0.0011 
        003s 19 0.0026 0.9962 0.0007 0.0006 
        004s 19 0.0011 0.9646 0.0046 0.0297 
        005s 19 0.0368 0.8861 0.0042 0.0730 
        006s 19 0.0020 0.9950 0.0015 0.0015 
        007s 19 0.0189 0.9639 0.0004 0.0168 
        008s 19 0.0347 0.9481 0.0012 0.0160 
        009s 19 0.0012 0.9960 0.0007 0.0020 
        010s 19 0.0063 0.9807 0.0125 0.0005 
        011s 19 0.0013 0.9933 0.0043 0.0012 
        012s 19 0.0033 0.9945 0.0017 0.0005 
        013s 19 0.0121 0.9865 0.0008 0.0005 
        014s 19 0.0752 0.9058 0.0007 0.0183 
        015s 19 0.0017 0.9975 0.0004 0.0004 
        016s 19 0.0019 0.9351 0.0238 0.0392 
        017s 19 0.0200 0.9717 0.0018 0.0064 
        018s 19 0.0013 0.9950 0.0013 0.0024 
        019s 19 0.0862 0.9101 0.0006 0.0032 
        020s 19 0.0770 0.9217 0.0006 0.0007 
        021s 19 0.0039 0.9943 0.0015 0.0004 
        022s 19 0.0078 0.9904 0.0011 0.0007 
        023s 19 0.0020 0.9936 0.0025 0.0020 
        024s 19 0.0003 0.9955 0.0022 0.0020 
        025s 19 0.0866 0.9052 0.0012 0.0070 
        026s 19 0.0077 0.9852 0.0035 0.0037 
        027s 19 0.0017 0.9966 0.0008 0.0010 
        028s 19 0.0048 0.9942 0.0006 0.0003 
        029s 19 0.0005 0.9973 0.0017 0.0006 
        030s 19 0.0026 0.9928 0.0040 0.0006 
        031s 19 0.0023 0.9966 0.0005 0.0007 
        032s 19 0.0011 0.9982 0.0004 0.0003 
        033s 19 0.0005 0.9942 0.0014 0.0039 
        034s 19 0.0008 0.9975 0.0005 0.0011 
        035s 19 0.0104 0.9824 0.0037 0.0035 
        036s 19 0.0007 0.9974 0.0003 0.0015 
        037s 19 0.0004 0.9983 0.0010 0.0003 
        038s 19 0.0022 0.9947 0.0015 0.0016 
        039s 19 0.0006 0.9985 0.0005 0.0004 
        040s 19 0.0058 0.9934 0.0005 0.0004 
        041s 19 0.0005 0.9986 0.0004 0.0006 
        042s 19 0.0023 0.9746 0.0095 0.0135 
        043s 19 0.0384 0.9590 0.0022 0.0004 
        044s 19 0.0004 0.9971 0.0009 0.0016 
        045s 19 0.0003 0.9977 0.0009 0.0012 
        046s 19 0.0020 0.9918 0.0015 0.0047 
        047s 19 0.0031 0.9961 0.0006 0.0003 
        048s 19 0.0986 0.8996 0.0013 0.0005 
        049s 19 0.0218 0.9721 0.0006 0.0055 
        050s 19 0.0005 0.9984 0.0005 0.0006 
        051s 19 0.0604 0.9283 0.0009 0.0104 
        052s 19 0.0010 0.9971 0.0012 0.0008 
      LIW2-4 20 0.0012 0.9944 0.0023 0.0021 
     LIW2-12 21 0.0009 0.9129 0.0092 0.0770 
     LIW2-20 22 0.0010 0.9941 0.0037 0.0011 
     LIW2-28 23 0.0236 0.8995 0.0030 0.0739 
      LIW1-5 24 0.0008 0.9938 0.0021 0.0033 
     LIW1-13 25 0.0724 0.9064 0.0005 0.0208 
     LIW1-21 26 0.0019 0.9545 0.0089 0.0347 
     LIW1-29 27 0.0190 0.9599 0.0029 0.0182 
      LIW2-5 28 0.0009 0.9884 0.0082 0.0025 
     LIW2-34 29 0.0004 0.9869 0.0099 0.0028 
     LIW2-21 30 0.0833 0.8877 0.0015 0.0275 
     LIW2-29 31 0.1788 0.8127 0.0057 0.0028 
      LIW1-6 32 0.0006 0.9954 0.0010 0.0029 
     LIW1-14 33 0.0447 0.9166 0.0378 0.0009 
     LIW1-22 34 0.0004 0.9673 0.0265 0.0058 
     LIW1-30 35 0.0008 0.9943 0.0011 0.0038 
      LIW2-6 36 0.0081 0.9631 0.0030 0.0258 
     LIW2-14 37 0.0011 0.9935 0.0003 0.0050 
     LIW2-22 38 0.0163 0.8870 0.0014 0.0953 
     LIW2-30 39 0.0004 0.9526 0.0398 0.0072 
      LIW1-7 40 0.0078 0.9166 0.0163 0.0593 
     LIW1-15 41 0.0004 0.9826 0.0058 0.0112 
     LIW1-23 42 0.0038 0.9877 0.0026 0.0058 
     LIW1-31 43 0.0023 0.9875 0.0035 0.0067 
      LIW2-7 44 0.0807 0.9136 0.0049 0.0008 
     LIW2-15 45 0.0003 0.9410 0.0553 0.0033 
     LIW2-23 46 0.0023 0.9103 0.0010 0.0864 
      LIW1-8 47 0.0006 0.9961 0.0008 0.0025 
     LIW1-16 48 0.0006 0.9967 0.0011 0.0016 
      LIW2-8 49 0.0006 0.9923 0.0039 0.0031 
     LIW2-16 50 0.3134 0.6440 0.0043 0.0382 
     LIW2-24 51 0.1868 0.7991 0.0026 0.0115 
     LIW2-32 52 0.0062 0.9356 0.0074 0.0508 
     LIW1-47 53 0.0074 0.9774 0.0020 0.0133 
      UMFS-1 54 0.0003 0.0004 0.9992 0.0001 
     UMFS-19 55 0.0003 0.0002 0.9994 0.0001 
     UMFS-31 56 0.0003 0.1909 0.8080 0.0009 
      UMFS-2 57 0.0002 0.0615 0.9382 0.0002 
     UMFS-10 58 0.0004 0.1062 0.8930 0.0004 
     UMFS-20 59 0.0023 0.1541 0.8431 0.0004 
     UMFS-32 60 0.0004 0.0003 0.9991 0.0002 
      UMFS-3 61 0.0001 0.0001 0.9998 0.0001 
     UMFS-11 62 0.4052 0.5865 0.0004 0.0079 
     UMFS-21 63 0.0089 0.0475 0.9344 0.0091 
     UMFS-33 64 0.0000 0.0000 0.9999 0.0000 
      UMFS-4 65 0.0000 0.0001 0.9999 0.0000 
     UMFS-22 66 0.0012 0.0484 0.9494 0.0010 
     UMFS-34 67 0.0063 0.3264 0.5863 0.0810 
      UMFS-5 68 0.0022 0.0796 0.9177 0.0004 
     UMFS-13 69 0.0008 0.0011 0.9960 0.0021 
     UMFS-23 70 0.0012 0.2301 0.7684 0.0003 
     UMFS-35 71 0.0001 0.0001 0.9997 0.0001 
      UMFS-6 72 0.0001 0.0001 0.9998 0.0001 
     UMFS-14 73 0.0000 0.0000 0.9999 0.0000 
     UMFS-24 74 0.0023 0.2472 0.7501 0.0003 
     UMFS-36 75 0.0000 0.0000 0.9999 0.0000 
      UMFS-7 76 0.5612 0.3234 0.0003 0.1151 
     UMFS-15 77 0.0001 0.0001 0.9998 0.0001 
     UMFS-25 78 0.0089 0.1993 0.7915 0.0003 
     UMFS-37 79 0.0001 0.0001 0.9998 0.0001 
      UMFS-8 80 0.0015 0.0124 0.9851 0.0010 
     UMFS-16 81 0.0001 0.0001 0.9997 0.0001 
     UMFS-26 82 0.0075 0.3741 0.4818 0.1366 
     UMFS-38 83 0.0001 0.0002 0.9997 0.0001 
      NEH1-2 84 0.0144 0.0012 0.0011 0.9832 
     NEH1-11 85 0.0309 0.0026 0.0004 0.9662 
     NEH1-20 86 0.0013 0.1146 0.0037 0.8805 
     NEH1-29 87 0.0003 0.0007 0.0002 0.9989 
      NEH2-2 88 0.0002 0.0002 0.0002 0.9994 
     NEH2-10 89 0.0005 0.0059 0.0003 0.9933 
     NEH2-18 90 0.0005 0.0001 0.0002 0.9992 
     NEH2-26 91 0.0005 0.0010 0.0003 0.9982 
      NEH1-3 92 0.0003 0.1537 0.0002 0.8457 
     NEH1-12 93 0.0510 0.0003 0.0002 0.9485 
     NEH1-21 94 0.0022 0.0628 0.0002 0.9348 
     NEH1-30 95 0.0079 0.0731 0.0003 0.9187 
      NEH2-3 96 0.0001 0.0001 0.0001 0.9996 
     NEH2-11 97 0.0029 0.0006 0.0037 0.9928 
     NEH2-19 98 0.0007 0.0029 0.0026 0.9937 
     NEH2-27 99 0.0001 0.0001 0.0001 0.9997 
      NEH1-4 100 0.0003 0.0001 0.0002 0.9995 
     NEH1-13 101 0.0012 0.2274 0.0003 0.7712 
     NEH1-22 102 0.0004 0.1971 0.0006 0.8019 
     NEH1-31 103 0.0003 0.0004 0.0002 0.9991 
      NEH2-4 104 0.0009 0.0027 0.0020 0.9945 
     NEH2-12 105 0.0384 0.0006 0.0110 0.9500 
     NEH2-20 106 0.0003 0.1917 0.0005 0.8075 
     NEH2-28 107 0.0027 0.0010 0.0004 0.9958 
      NEH1-5 108 0.0021 0.1351 0.0003 0.8625 
     NEH1-14 109 0.0696 0.1616 0.0005 0.7684 
     NEH1-23 110 0.0003 0.2232 0.0050 0.7716 
     NEH1-32 111 0.0015 0.0010 0.0003 0.9973 
      NEH2-5 112 0.0001 0.0001 0.0002 0.9996 
     NEH2-13 113 0.0066 0.0015 0.0004 0.9916 
     NEH2-22 114 0.0004 0.0005 0.0006 0.9986 
     NEH2-29 115 0.0005 0.0334 0.0006 0.9655 
      NEH1-6 116 0.0002 0.0001 0.0001 0.9996 
     NEH1-15 117 0.0418 0.0010 0.0002 0.9571 
     NEH1-24 118 0.0024 0.0006 0.0015 0.9955 
     NEH1-33 119 0.0004 0.1211 0.0004 0.8781 
      NEH2-6 120 0.0005 0.0098 0.0068 0.9829 
     NEH2-14 121 0.0014 0.0031 0.0010 0.9946 
     NEH2-21 122 0.0003 0.0445 0.0012 0.9541 
     NEH2-30 123 0.0001 0.0002 0.0002 0.9995 
      NEH1-7 124 0.0841 0.0650 0.0011 0.8498 
     NEH1-16 125 0.0002 0.0003 0.0001 0.9994 
     NEH1-25 126 0.0008 0.1200 0.0028 0.8764 
     NEH1-34 127 0.0050 0.0620 0.0008 0.9322 
      NEH2-7 128 0.0009 0.0015 0.0019 0.9958 
     NEH2-15 129 0.0001 0.0001 0.0001 0.9998 
     NEH2-23 130 0.0397 0.0113 0.0017 0.9473 
     NEH2-31 131 0.0001 0.0002 0.0002 0.9995 
      NEH1-8 132 0.0603 0.1035 0.0003 0.8359 
     NEH1-17 133 0.0950 0.0018 0.0007 0.9025 
     NEH1-26 134 0.0006 0.1477 0.0009 0.8509 
     NEH1-35 135 0.0019 0.1836 0.0004 0.8142 
      NEH2-8 136 0.0001 0.0001 0.0001 0.9997 
     NEH2-16 137 0.0003 0.0006 0.0008 0.9982 
     NEH2-24 138 0.0001 0.0001 0.0004 0.9994 
     NEH2-32 139 0.0597 0.0003 0.0007 0.9394 
      NEH1-1 140 0.0774 0.0013 0.0018 0.9196 
     NEH1-10 141 0.0002 0.0002 0.0001 0.9995 
     NEH1-19 142 0.0011 0.1192 0.0003 0.8793 
     NEH1-28 143 0.0410 0.0007 0.0003 0.9580 
      NEH2-1 144 0.0013 0.0015 0.0005 0.9967 
      NEH2-9 145 0.0002 0.0004 0.0002 0.9992 
     NEH2-17 146 0.0279 0.0050 0.0006 0.9666 
     NEH2-25 147 0.0010 0.0004 0.0002 0.9984 
