        001s  1 0.0002 0.3575 0.0011 0.0005 0.0006 0.6402 
        002s  1 0.0022 0.9625 0.0004 0.0009 0.0006 0.0334 
        003s  1 0.0007 0.9790 0.0117 0.0015 0.0025 0.0046 
        004s  1 0.0287 0.8331 0.0004 0.0043 0.0018 0.1316 
        005s  1 0.2067 0.5666 0.0003 0.0007 0.2185 0.0072 
        006s  1 0.0012 0.0027 0.0003 0.0004 0.0003 0.9951 
        007s  1 0.0004 0.0374 0.0007 0.0030 0.0026 0.9558 
        008s  1 0.0009 0.7238 0.0006 0.0008 0.0020 0.2719 
        009s  1 0.0035 0.4301 0.0010 0.0082 0.0554 0.5018 
        010s  1 0.0009 0.0062 0.0007 0.0003 0.0088 0.9831 
        011s  1 0.0023 0.0074 0.0037 0.0021 0.0013 0.9832 
        012s  1 0.0050 0.1047 0.0090 0.0009 0.1218 0.7586 
        013s  1 0.0260 0.0517 0.0014 0.0063 0.0019 0.9127 
        014s  1 0.0016 0.0271 0.0196 0.0066 0.0281 0.9170 
        015s  1 0.0004 0.0079 0.0008 0.0004 0.0006 0.9898 
        016s  1 0.0006 0.0449 0.0009 0.0057 0.0018 0.9462 
        018s  1 0.0017 0.0543 0.0007 0.0011 0.1475 0.7946 
        019s  1 0.0005 0.1348 0.0033 0.0014 0.0152 0.8447 
        020s  1 0.0004 0.0051 0.0081 0.0079 0.0005 0.9780 
        021s  1 0.0096 0.0404 0.0010 0.0062 0.0003 0.9424 
        022s  1 0.0002 0.9901 0.0005 0.0008 0.0003 0.0080 
        023s  1 0.0004 0.1039 0.0009 0.0098 0.0004 0.8846 
        024s  1 0.0011 0.0045 0.0005 0.0007 0.0011 0.9921 
        025s  1 0.0014 0.0047 0.0003 0.0011 0.0084 0.9841 
        026s  1 0.0009 0.0058 0.0044 0.0103 0.0009 0.9778 
        027s  1 0.0091 0.0130 0.0006 0.0031 0.0023 0.9718 
        028s  1 0.0546 0.0049 0.0014 0.0005 0.0566 0.8820 
        029s  1 0.0005 0.0115 0.0059 0.0008 0.0008 0.9804 
        030s  1 0.0026 0.0028 0.0074 0.0010 0.0010 0.9852 
        031s  1 0.0002 0.0392 0.0004 0.0009 0.0005 0.9588 
        032s  1 0.0005 0.0037 0.0008 0.0009 0.0007 0.9934 
        033s  1 0.0009 0.0165 0.0009 0.0009 0.0049 0.9758 
        034s  1 0.0009 0.6242 0.0023 0.0449 0.0008 0.3270 
        035s  1 0.0020 0.0025 0.0018 0.0009 0.0017 0.9911 
        036s  1 0.0009 0.6174 0.0002 0.0011 0.0850 0.2953 
        037s  1 0.0128 0.1392 0.0013 0.0427 0.1072 0.6968 
        038s  1 0.0006 0.0140 0.0004 0.0008 0.0017 0.9824 
        039s  1 0.0211 0.0058 0.0007 0.0003 0.0004 0.9717 
        040s  1 0.0032 0.0649 0.0007 0.0033 0.0011 0.9269 
        041s  1 0.0003 0.0094 0.0008 0.0026 0.0027 0.9841 
        042s  1 0.0005 0.0680 0.0008 0.0805 0.0787 0.7715 
        043s  1 0.0009 0.9793 0.0010 0.0004 0.0075 0.0109 
        044s  1 0.0167 0.1623 0.0024 0.0069 0.0901 0.7216 
        045s  1 0.0013 0.0025 0.0010 0.0008 0.0059 0.9884 
        046s  1 0.0004 0.0137 0.0019 0.0008 0.0014 0.9817 
        047s  1 0.0002 0.0054 0.0012 0.0044 0.0008 0.9879 
        048s  1 0.0003 0.7651 0.0004 0.0003 0.0529 0.1810 
        049s  1 0.0010 0.9871 0.0006 0.0004 0.0006 0.0104 
        050s  1 0.0028 0.0479 0.0004 0.0005 0.1021 0.8463 
        051s  1 0.0005 0.0077 0.0274 0.0008 0.0002 0.9634 
        052s  1 0.0079 0.0224 0.0199 0.0017 0.0080 0.9401 
        053s  1 0.0004 0.0032 0.0003 0.0005 0.0018 0.9938 
        054s  1 0.0024 0.0035 0.0022 0.0010 0.0003 0.9906 
        055s  1 0.0011 0.0095 0.0019 0.0749 0.0905 0.8221 
          01  2 0.0016 0.0224 0.0230 0.0023 0.1242 0.8265 
          02  2 0.0022 0.0050 0.0012 0.0006 0.0202 0.9709 
          03  2 0.0006 0.0050 0.0002 0.0010 0.0011 0.9920 
          04  2 0.0197 0.0269 0.0010 0.0111 0.0021 0.9392 
          05  2 0.0005 0.8729 0.0003 0.0004 0.1172 0.0087 
          06  2 0.0017 0.0110 0.0005 0.0006 0.0369 0.9493 
          07  2 0.0028 0.2128 0.0008 0.0005 0.0076 0.7754 
          08  2 0.0004 0.8618 0.0005 0.0008 0.0746 0.0620 
          09  2 0.0003 0.0417 0.0077 0.0003 0.0005 0.9495 
          10  2 0.0006 0.0103 0.0005 0.0004 0.0016 0.9866 
          11  2 0.0012 0.0380 0.0082 0.0036 0.0101 0.9389 
          12  2 0.0009 0.0134 0.0018 0.0005 0.0009 0.9824 
          13  2 0.0003 0.1643 0.0005 0.0004 0.0004 0.8341 
          14  2 0.0092 0.4659 0.0027 0.0226 0.0003 0.4993 
          15  2 0.0002 0.3690 0.0012 0.0011 0.0006 0.6280 
          16  2 0.0579 0.0100 0.0022 0.0064 0.0009 0.9226 
          17  2 0.0007 0.0786 0.0009 0.0009 0.0019 0.9170 
          18  2 0.0033 0.0019 0.0015 0.0010 0.0198 0.9726 
          19  2 0.0002 0.0075 0.0016 0.0032 0.0012 0.9862 
          20  2 0.0063 0.0163 0.0015 0.0044 0.0588 0.9127 
          21  2 0.0004 0.0149 0.0169 0.0005 0.0011 0.9662 
          22  2 0.0032 0.0029 0.0052 0.0055 0.0018 0.9814 
          23  2 0.0017 0.0037 0.0008 0.0021 0.0010 0.9908 
          24  2 0.0005 0.0035 0.0010 0.0009 0.0004 0.9937 
          25  2 0.0264 0.1271 0.0013 0.0008 0.0033 0.8410 
          26  2 0.0002 0.9981 0.0005 0.0002 0.0003 0.0007 
          27  2 0.0271 0.0344 0.0013 0.0045 0.0010 0.9318 
          28  2 0.0002 0.1175 0.0009 0.0037 0.0016 0.8761 
          29  2 0.0008 0.0060 0.0009 0.0002 0.0007 0.9912 
          30  2 0.0004 0.0357 0.0135 0.0825 0.1581 0.7099 
          01  3 0.2175 0.0051 0.0006 0.0043 0.4316 0.3408 
          02  3 0.4617 0.0014 0.0721 0.0028 0.3317 0.1303 
          03  3 0.3124 0.0007 0.0004 0.0011 0.3182 0.3673 
          04  3 0.3508 0.0036 0.0005 0.0008 0.4657 0.1786 
          05  3 0.4007 0.0006 0.1143 0.1200 0.3638 0.0006 
          06  3 0.4966 0.0009 0.0003 0.0009 0.4248 0.0766 
          07  3 0.2498 0.0029 0.0011 0.0003 0.3774 0.3684 
          08  3 0.3222 0.0021 0.0041 0.0045 0.3754 0.2917 
          09  3 0.2671 0.0018 0.0001 0.0023 0.4293 0.2993 
          10  3 0.4147 0.0230 0.2165 0.1283 0.1996 0.0179 
          11  3 0.3047 0.0012 0.0003 0.0003 0.4157 0.2778 
          12  3 0.3144 0.0033 0.0005 0.0007 0.4209 0.2602 
          13  3 0.5209 0.0023 0.0152 0.0003 0.4585 0.0029 
          14  3 0.4576 0.0034 0.0447 0.1553 0.3359 0.0031 
          15  3 0.2742 0.0024 0.0003 0.0013 0.3816 0.3403 
          16  3 0.5994 0.0026 0.0038 0.0024 0.3111 0.0807 
          17  3 0.1776 0.0059 0.0007 0.0004 0.4208 0.3947 
          18  3 0.3358 0.0070 0.1655 0.2791 0.2070 0.0057 
          19  3 0.4620 0.0092 0.0005 0.0057 0.3713 0.1513 
          20  3 0.3089 0.0057 0.0002 0.0532 0.4595 0.1725 
          21  3 0.3743 0.0044 0.0008 0.0029 0.3738 0.2438 
          22  3 0.2297 0.0018 0.0005 0.0043 0.4917 0.2720 
          23  3 0.3558 0.0010 0.0002 0.0006 0.4128 0.2296 
          24  3 0.2857 0.0299 0.1695 0.0042 0.4945 0.0161 
          25  3 0.3048 0.0003 0.2492 0.1308 0.3146 0.0004 
          26  3 0.3407 0.0023 0.0005 0.0007 0.4384 0.2175 
          27  3 0.3686 0.0404 0.1314 0.1752 0.2586 0.0258 
          28  3 0.4624 0.0063 0.0019 0.0002 0.4504 0.0789 
          29  3 0.4200 0.0720 0.0041 0.0102 0.3946 0.0991 
          30  3 0.2478 0.1749 0.0011 0.0005 0.4492 0.1265 
         001  4 0.0001 0.0001 0.0001 0.0001 0.9996 0.0001 
         002  4 0.0002 0.0003 0.0002 0.0001 0.9989 0.0002 
         003  4 0.0001 0.0001 0.0001 0.0001 0.9995 0.0001 
         004  4 0.0002 0.0001 0.0001 0.0001 0.9995 0.0001 
         005  4 0.0002 0.0002 0.0003 0.0001 0.9991 0.0001 
         006  4 0.0726 0.0005 0.0001 0.0003 0.9260 0.0005 
         007  4 0.0543 0.0034 0.0002 0.0010 0.9398 0.0014 
         008  4 0.0003 0.0011 0.0025 0.0063 0.9889 0.0008 
         009  4 0.0002 0.0001 0.0001 0.0001 0.9994 0.0001 
         010  4 0.0035 0.0001 0.0001 0.0001 0.9962 0.0001 
         011  4 0.0241 0.0009 0.0004 0.0326 0.9413 0.0006 
         012  4 0.0001 0.0001 0.0001 0.0001 0.9996 0.0001 
         013  4 0.0001 0.0001 0.0001 0.0001 0.9996 0.0001 
         014  4 0.0001 0.0002 0.0001 0.0001 0.9993 0.0002 
         015  4 0.0001 0.0001 0.0001 0.0000 0.9997 0.0001 
         016  4 0.0001 0.0001 0.0001 0.0001 0.9996 0.0001 
         017  4 0.0001 0.0001 0.0001 0.0001 0.9994 0.0001 
         019  4 0.0842 0.0003 0.0004 0.0005 0.9144 0.0002 
         020  4 0.0001 0.0003 0.0002 0.0002 0.9990 0.0002 
         021  4 0.0109 0.0004 0.0004 0.0004 0.9875 0.0004 
         001  5 0.0004 0.0003 0.0013 0.0353 0.9622 0.0005 
         002  5 0.0003 0.0390 0.0010 0.0018 0.9514 0.0064 
         003  5 0.0721 0.0018 0.0003 0.0052 0.7543 0.1663 
         004  5 0.0004 0.0176 0.0003 0.0015 0.9344 0.0459 
         005  5 0.0011 0.0002 0.0002 0.0005 0.9976 0.0004 
         006  5 0.1004 0.0002 0.0006 0.0002 0.8981 0.0006 
         007  5 0.0877 0.0003 0.0002 0.0003 0.9113 0.0002 
         008  5 0.0036 0.0001 0.0002 0.0001 0.9958 0.0002 
         009  5 0.0023 0.0109 0.0002 0.0010 0.9298 0.0558 
         010  5 0.0687 0.0008 0.0004 0.0019 0.9253 0.0029 
         011  5 0.0004 0.0007 0.0002 0.0035 0.9931 0.0020 
         012  5 0.0800 0.0223 0.0007 0.0014 0.8676 0.0281 
         013  5 0.0483 0.0025 0.0005 0.0004 0.7532 0.1951 
         014  5 0.0939 0.0016 0.0135 0.0231 0.7036 0.1643 
         015  5 0.0270 0.0002 0.0002 0.0002 0.9722 0.0002 
         016  5 0.0585 0.0011 0.0006 0.0004 0.9369 0.0026 
         017  5 0.0787 0.0077 0.0016 0.0002 0.8793 0.0325 
         018  5 0.0357 0.0067 0.0263 0.0377 0.8770 0.0165 
         019  5 0.0002 0.0002 0.0071 0.0015 0.9906 0.0004 
         020  5 0.0001 0.0001 0.0001 0.0002 0.9993 0.0001 
         021  5 0.0004 0.0092 0.0005 0.0055 0.8598 0.1246 
         022  5 0.0037 0.0032 0.0017 0.0471 0.9238 0.0205 
         023  5 0.0285 0.0012 0.0005 0.0028 0.9659 0.0011 
         024  5 0.0651 0.0110 0.0004 0.0006 0.8890 0.0339 
         025  5 0.0712 0.0164 0.0008 0.0006 0.8894 0.0216 
         026  5 0.0121 0.0008 0.0004 0.0003 0.8392 0.1473 
         027  5 0.0002 0.0001 0.0001 0.0001 0.9992 0.0001 
         028  5 0.0487 0.0047 0.0008 0.0093 0.9235 0.0130 
         029  5 0.0025 0.0004 0.0002 0.0002 0.9963 0.0005 
         030  5 0.0009 0.0009 0.0048 0.0015 0.9910 0.0010 
        001s  6 0.0267 0.1671 0.0012 0.0174 0.0012 0.7865 
        002s  6 0.0005 0.0092 0.0166 0.0010 0.0476 0.9251 
        003s  6 0.0004 0.1541 0.0004 0.0024 0.0208 0.8219 
        004s  6 0.0003 0.0200 0.0005 0.0008 0.0004 0.9780 
        006s  6 0.0145 0.0049 0.0020 0.0099 0.0637 0.9050 
        007s  6 0.0023 0.0039 0.0009 0.0003 0.0006 0.9919 
        008s  6 0.0006 0.0108 0.0033 0.0050 0.0030 0.9773 
        009s  6 0.0005 0.0075 0.0010 0.0010 0.0002 0.9898 
        010s  6 0.0053 0.0019 0.0086 0.0134 0.0128 0.9579 
        011s  6 0.0018 0.0036 0.0002 0.0014 0.0006 0.9924 
        012s  6 0.0037 0.0067 0.0024 0.0017 0.0005 0.9850 
        013s  6 0.0006 0.0035 0.0008 0.0004 0.0012 0.9935 
        014s  6 0.0004 0.4443 0.0003 0.0003 0.0785 0.4762 
        015s  6 0.0061 0.0021 0.0009 0.0072 0.0098 0.9739 
        016s  6 0.0007 0.1878 0.0004 0.0012 0.0004 0.8096 
        018s  6 0.0014 0.0240 0.0004 0.0006 0.2677 0.7059 
        019s  6 0.0015 0.0713 0.0008 0.0025 0.0092 0.9147 
        020s  6 0.0008 0.0305 0.0011 0.0005 0.0003 0.9669 
        021s  6 0.0130 0.0052 0.0014 0.0051 0.0013 0.9740 
        022s  6 0.0004 0.0370 0.0005 0.0035 0.0014 0.9573 
        023s  6 0.0006 0.6400 0.0003 0.0008 0.0122 0.3462 
        024s  6 0.0017 0.0192 0.0016 0.0009 0.0334 0.9431 
        025s  6 0.0006 0.0261 0.0005 0.0691 0.0016 0.9022 
        026s  6 0.0006 0.0197 0.0013 0.0004 0.0004 0.9776 
        027s  6 0.0004 0.0158 0.0012 0.0005 0.0008 0.9813 
        028s  6 0.0071 0.0029 0.0452 0.0078 0.0156 0.9214 
        029s  6 0.0004 0.0028 0.0014 0.0008 0.0005 0.9942 
        030s  6 0.0008 0.0084 0.0020 0.0108 0.0715 0.9065 
        031s  6 0.0032 0.8259 0.0004 0.0004 0.0014 0.1687 
        032s  6 0.0015 0.0078 0.0004 0.0005 0.0085 0.9812 
        033s  6 0.0003 0.0026 0.0005 0.0008 0.0932 0.9026 
        034s  6 0.0020 0.0085 0.0004 0.0134 0.0012 0.9745 
        035s  6 0.0003 0.8752 0.0008 0.0008 0.1223 0.0007 
        036s  6 0.0056 0.0057 0.0003 0.0009 0.0006 0.9870 
        037s  6 0.0006 0.0038 0.0022 0.0011 0.0008 0.9915 
        038s  6 0.0023 0.1639 0.0016 0.0008 0.0003 0.8312 
        039s  6 0.0004 0.0041 0.0009 0.0006 0.0003 0.9938 
        040s  6 0.0021 0.1572 0.0004 0.0006 0.0003 0.8394 
        041s  6 0.0002 0.8349 0.0051 0.0033 0.0290 0.1276 
        042s  6 0.0006 0.0275 0.0042 0.0520 0.0089 0.9068 
        043s  6 0.0007 0.0037 0.0003 0.0053 0.0006 0.9894 
        044s  6 0.0004 0.2018 0.0029 0.0006 0.0006 0.7937 
        045s  6 0.0005 0.0127 0.0006 0.0020 0.0051 0.9791 
        001s  7 0.0004 0.9766 0.0004 0.0008 0.0007 0.0211 
        002s  7 0.0006 0.5765 0.0010 0.0015 0.0134 0.4069 
        003s  7 0.0013 0.9912 0.0012 0.0009 0.0011 0.0044 
        004s  7 0.0035 0.0311 0.0009 0.0005 0.0007 0.9633 
        005s  7 0.0028 0.0342 0.0007 0.0018 0.0117 0.9488 
        006s  7 0.0013 0.0019 0.0003 0.0049 0.0593 0.9322 
        007s  7 0.0059 0.0065 0.0159 0.0018 0.0051 0.9648 
        008s  7 0.0003 0.9862 0.0015 0.0012 0.0085 0.0024 
        009s  7 0.0014 0.0360 0.0007 0.0110 0.0029 0.9480 
        010s  7 0.0002 0.9954 0.0006 0.0008 0.0007 0.0022 
        011s  7 0.0006 0.0083 0.0012 0.0009 0.0006 0.9883 
        012s  7 0.0006 0.0022 0.0004 0.0005 0.0005 0.9959 
        013s  7 0.0080 0.0123 0.0004 0.0037 0.0004 0.9752 
        014s  7 0.0008 0.7208 0.0005 0.0004 0.0207 0.2569 
        015s  7 0.0014 0.0061 0.0012 0.0008 0.0189 0.9715 
        016s  7 0.0002 0.9125 0.0002 0.0014 0.0852 0.0005 
        017s  7 0.0007 0.0085 0.0004 0.0005 0.0010 0.9888 
        018s  7 0.0006 0.0027 0.0040 0.0006 0.0015 0.9905 
        019s  7 0.0015 0.0097 0.0033 0.0136 0.0014 0.9705 
        020s  7 0.0016 0.0108 0.0002 0.0005 0.0005 0.9864 
        021s  7 0.0005 0.0039 0.0014 0.0010 0.0020 0.9912 
        022s  7 0.0022 0.0026 0.0003 0.0009 0.0020 0.9919 
        023s  7 0.0011 0.0187 0.0014 0.0150 0.0093 0.9545 
        024s  7 0.0005 0.0034 0.0020 0.0006 0.0012 0.9923 
        025s  7 0.0065 0.0051 0.0009 0.0010 0.0008 0.9856 
        026s  7 0.0002 0.9928 0.0012 0.0006 0.0013 0.0038 
        027s  7 0.0007 0.5588 0.0013 0.0004 0.0013 0.4377 
        028s  7 0.0008 0.0030 0.0002 0.0006 0.0048 0.9907 
        029s  7 0.0006 0.0291 0.0009 0.0026 0.0076 0.9593 
        030s  7 0.0006 0.1149 0.0046 0.0042 0.0003 0.8754 
        031s  7 0.0011 0.0160 0.0003 0.0134 0.0022 0.9670 
        032s  7 0.0003 0.0038 0.0035 0.0004 0.1005 0.8914 
        033s  7 0.0007 0.0041 0.0028 0.0012 0.0431 0.9480 
        034s  7 0.0414 0.0070 0.0016 0.0008 0.0013 0.9480 
        035s  7 0.0003 0.0037 0.0004 0.0009 0.0003 0.9944 
        036s  7 0.0030 0.0888 0.0008 0.0095 0.0006 0.8973 
        037s  7 0.0043 0.0148 0.0005 0.0036 0.0678 0.9090 
        038s  7 0.0005 0.0042 0.0010 0.0011 0.0130 0.9803 
        039s  7 0.0003 0.1884 0.0003 0.0003 0.0004 0.8103 
        040s  7 0.0180 0.9774 0.0003 0.0004 0.0026 0.0013 
        041s  7 0.0004 0.2329 0.0017 0.0014 0.0261 0.7374 
        042s  7 0.0005 0.9888 0.0003 0.0003 0.0022 0.0078 
        043s  7 0.0003 0.0136 0.0005 0.0037 0.0016 0.9803 
        044s  7 0.0160 0.0044 0.0015 0.0340 0.0534 0.8908 
         003  8 0.0019 0.0030 0.0099 0.0009 0.0045 0.9798 
         009  8 0.0006 0.0086 0.0005 0.0008 0.0013 0.9881 
         010  8 0.0002 0.0077 0.0003 0.0019 0.0004 0.9895 
         017  8 0.0007 0.0040 0.0014 0.0031 0.0006 0.9902 
         002  9 0.0008 0.0125 0.0005 0.0011 0.0003 0.9848 
         003  9 0.0003 0.0040 0.0004 0.0005 0.0002 0.9946 
         004  9 0.0002 0.0083 0.0003 0.0016 0.0003 0.9894 
         005  9 0.0010 0.0050 0.0012 0.0039 0.0004 0.9884 
         006  9 0.0007 0.0035 0.0007 0.0014 0.0007 0.9931 
         007  9 0.0002 0.0070 0.0011 0.0011 0.0035 0.9871 
         009  9 0.0003 0.0097 0.0011 0.0019 0.0013 0.9857 
         010  9 0.0004 0.0031 0.0018 0.0017 0.0002 0.9928 
         013  9 0.0006 0.0316 0.0003 0.0014 0.0014 0.9647 
         014  9 0.0002 0.0103 0.0050 0.0017 0.0004 0.9823 
         016  9 0.0002 0.0046 0.0010 0.0006 0.0002 0.9934 
         018  9 0.0008 0.0031 0.0048 0.0013 0.0009 0.9891 
         019  9 0.0007 0.0032 0.0061 0.0005 0.0007 0.9888 
         020  9 0.0003 0.0017 0.0005 0.0002 0.0003 0.9969 
         021  9 0.0002 0.0033 0.0003 0.0008 0.0004 0.9951 
         022  9 0.0004 0.0086 0.0012 0.0006 0.0003 0.9890 
         024  9 0.0003 0.0093 0.0025 0.0031 0.0005 0.9843 
         028  9 0.0008 0.0055 0.0006 0.0011 0.0004 0.9916 
         029  9 0.0004 0.0057 0.0013 0.0006 0.0003 0.9917 
         030  9 0.0003 0.0029 0.0006 0.0010 0.0005 0.9947 
         031  9 0.0004 0.0122 0.0010 0.0005 0.0012 0.9847 
         033  9 0.0004 0.0109 0.0007 0.0011 0.0064 0.9806 
         001 10 0.0005 0.0083 0.0011 0.0003 0.0004 0.9894 
         002 10 0.0002 0.0066 0.0017 0.0005 0.0003 0.9907 
         003 10 0.0008 0.0030 0.0006 0.0093 0.0003 0.9861 
         004 10 0.0003 0.1424 0.0005 0.0024 0.0005 0.8539 
         005 10 0.0005 0.0049 0.0015 0.0009 0.0003 0.9919 
         006 10 0.0006 0.0030 0.0006 0.0004 0.0010 0.9945 
         007 10 0.0003 0.0077 0.0004 0.0028 0.0006 0.9882 
         008 10 0.0006 0.0020 0.0007 0.0046 0.0006 0.9915 
         009 10 0.0014 0.0059 0.0041 0.0005 0.0005 0.9876 
         010 10 0.0005 0.0175 0.0025 0.0010 0.0006 0.9779 
         011 10 0.0011 0.0150 0.0003 0.0297 0.0004 0.9537 
         012 10 0.0011 0.0042 0.0004 0.0031 0.0006 0.9905 
         013 10 0.0020 0.0033 0.0008 0.0007 0.0003 0.9930 
         014 10 0.0008 0.2565 0.0006 0.0005 0.0004 0.7412 
         016 10 0.0011 0.0056 0.0011 0.0006 0.0005 0.9911 
         017 10 0.0007 0.0026 0.0010 0.0008 0.0005 0.9944 
         018 10 0.0004 0.0039 0.0017 0.0006 0.0061 0.9872 
         019 10 0.0004 0.0036 0.0049 0.0013 0.0004 0.9895 
         020 10 0.0010 0.0210 0.0072 0.0018 0.0008 0.9682 
         021 10 0.0003 0.0389 0.0028 0.0004 0.0010 0.9566 
         022 10 0.0007 0.0483 0.0002 0.0007 0.0003 0.9498 
         023 10 0.0006 0.0033 0.0003 0.0008 0.0002 0.9947 
         024 10 0.0002 0.0042 0.0012 0.0020 0.0004 0.9921 
         026 10 0.0004 0.0013 0.0006 0.0006 0.0005 0.9967 
        001s 11 0.0005 0.2633 0.0006 0.0109 0.0849 0.6398 
        002s 11 0.0066 0.0124 0.0035 0.0013 0.0005 0.9757 
        003s 11 0.0004 0.0229 0.0014 0.0004 0.0052 0.9696 
        004s 11 0.0015 0.0097 0.0003 0.0013 0.0005 0.9868 
        005s 11 0.0004 0.0372 0.0048 0.0005 0.0017 0.9553 
        006s 11 0.0102 0.0188 0.0017 0.0023 0.0011 0.9660 
        007s 11 0.0386 0.1026 0.0010 0.0011 0.0056 0.8511 
        008s 11 0.0003 0.0078 0.0005 0.0004 0.0005 0.9905 
        009s 11 0.0004 0.0021 0.0134 0.0004 0.0003 0.9835 
        010s 11 0.0003 0.1837 0.0006 0.0008 0.0014 0.8132 
        011s 11 0.0029 0.8893 0.0004 0.0092 0.0944 0.0037 
        012s 11 0.0003 0.0013 0.0006 0.0004 0.1099 0.8875 
        013s 11 0.0004 0.3055 0.0001 0.0008 0.0007 0.6925 
        014s 11 0.0049 0.9614 0.0013 0.0009 0.0018 0.0298 
        015s 11 0.0016 0.0328 0.0017 0.0041 0.0018 0.9579 
        016s 11 0.0006 0.3843 0.0086 0.0574 0.0266 0.5225 
        017s 11 0.0004 0.0056 0.0007 0.0015 0.0913 0.9004 
        018s 11 0.0010 0.9826 0.0012 0.0007 0.0025 0.0120 
        019s 11 0.0006 0.0146 0.0002 0.0198 0.0007 0.9641 
        020s 11 0.0010 0.7971 0.0017 0.0016 0.0007 0.1978 
        021s 11 0.0005 0.0044 0.0003 0.0013 0.0006 0.9929 
        022s 11 0.0294 0.0136 0.0011 0.0004 0.0020 0.9535 
        023s 11 0.0003 0.9245 0.0004 0.0176 0.0256 0.0316 
        025s 11 0.0004 0.0075 0.0003 0.0009 0.0003 0.9906 
        026s 11 0.0005 0.0086 0.0009 0.0544 0.0320 0.9036 
        027s 11 0.0018 0.0047 0.0004 0.0004 0.0008 0.9918 
        028s 11 0.0011 0.0043 0.0003 0.0010 0.0066 0.9866 
        029s 11 0.0004 0.0008 0.0006 0.0002 0.0548 0.9432 
        030s 11 0.0010 0.0018 0.0009 0.0012 0.0492 0.9459 
        031s 11 0.0008 0.0061 0.0007 0.0003 0.0003 0.9918 
        032s 11 0.0003 0.0842 0.0010 0.0030 0.0009 0.9106 
        033s 11 0.0005 0.1660 0.0012 0.0009 0.0043 0.8271 
        034s 11 0.0016 0.9760 0.0003 0.0003 0.0006 0.0211 
        035s 11 0.0007 0.6289 0.0013 0.0003 0.0015 0.3673 
        036s 11 0.0016 0.0148 0.0012 0.0003 0.0189 0.9632 
        037s 11 0.0004 0.9835 0.0010 0.0013 0.0011 0.0127 
        038s 11 0.0007 0.3047 0.0007 0.0007 0.0023 0.6910 
        039s 11 0.0003 0.0077 0.0007 0.0011 0.0019 0.9883 
        040s 11 0.0019 0.0008 0.0005 0.0007 0.0708 0.9252 
        041s 11 0.0017 0.0085 0.0194 0.0039 0.0007 0.9658 
        042s 11 0.0008 0.5079 0.0006 0.0064 0.0004 0.4839 
        043s 11 0.0004 0.0134 0.0003 0.0236 0.0383 0.9240 
        044s 11 0.0047 0.0210 0.0009 0.0046 0.0003 0.9685 
        045s 11 0.0023 0.0140 0.0004 0.0112 0.0004 0.9717 
        046s 11 0.0010 0.8265 0.0008 0.0285 0.0141 0.1291 
        047s 11 0.0011 0.0024 0.0006 0.0009 0.0007 0.9942 
        048s 11 0.0026 0.0040 0.0021 0.0286 0.0046 0.9580 
        049s 11 0.0004 0.0050 0.0013 0.0010 0.0010 0.9914 
        050s 11 0.0010 0.0049 0.0003 0.0011 0.0003 0.9924 
        051s 11 0.0213 0.0680 0.0004 0.0487 0.0004 0.8612 
        052s 11 0.0022 0.9549 0.0009 0.0020 0.0009 0.0390 
        053s 11 0.0004 0.0106 0.0014 0.0007 0.0004 0.9865 
        054s 11 0.0047 0.0063 0.0003 0.0007 0.0009 0.9870 
        055s 11 0.0006 0.9345 0.0003 0.0003 0.0554 0.0090 
        001s 12 0.0044 0.0150 0.0009 0.0009 0.0013 0.9775 
        002s 12 0.0004 0.0027 0.0024 0.0007 0.0009 0.9928 
        003s 12 0.0006 0.0065 0.0006 0.0002 0.0004 0.9917 
        004s 12 0.0005 0.0085 0.0021 0.0050 0.0550 0.9288 
        005s 12 0.0006 0.6795 0.0009 0.0009 0.0003 0.3177 
        006s 12 0.0023 0.0181 0.0006 0.0014 0.0357 0.9418 
        007s 12 0.0013 0.0042 0.0031 0.0016 0.0011 0.9887 
        008s 12 0.0009 0.0036 0.0005 0.0006 0.0104 0.9840 
        009s 12 0.0010 0.0220 0.0196 0.0047 0.0237 0.9291 
        010s 12 0.0326 0.0422 0.0011 0.0004 0.0075 0.9162 
        011s 12 0.0017 0.0124 0.0010 0.0008 0.0013 0.9828 
        012s 12 0.0072 0.0036 0.0004 0.0032 0.0010 0.9846 
        013s 12 0.0002 0.0018 0.0007 0.0325 0.0011 0.9637 
        014s 12 0.0410 0.5604 0.0022 0.0377 0.0017 0.3570 
        015s 12 0.0006 0.0032 0.0020 0.0009 0.0051 0.9882 
        016s 12 0.0006 0.0029 0.0006 0.0030 0.0006 0.9923 
        017s 12 0.0009 0.0319 0.0003 0.0011 0.0026 0.9632 
        018s 12 0.0002 0.0086 0.0029 0.0016 0.0018 0.9849 
        019s 12 0.0005 0.0384 0.0029 0.0006 0.0046 0.9531 
        020s 12 0.0005 0.0156 0.0002 0.0005 0.0829 0.9002 
        021s 12 0.0004 0.0079 0.0005 0.0023 0.0034 0.9855 
        022s 12 0.0007 0.0171 0.0043 0.0033 0.0501 0.9245 
        023s 12 0.0004 0.0099 0.0011 0.0012 0.0004 0.9870 
        024s 12 0.0003 0.4981 0.0003 0.0008 0.0006 0.5000 
        025s 12 0.0024 0.0054 0.0042 0.0009 0.0034 0.9838 
        026s 12 0.0007 0.1128 0.0103 0.0008 0.0314 0.8441 
        027s 12 0.0008 0.0068 0.0003 0.0004 0.0025 0.9892 
        028s 12 0.0004 0.9820 0.0112 0.0025 0.0010 0.0030 
        029s 12 0.0005 0.3658 0.0003 0.0011 0.0006 0.6317 
        030s 12 0.0012 0.0045 0.0004 0.0005 0.0009 0.9924 
        031s 12 0.0009 0.0049 0.0007 0.0023 0.0036 0.9876 
        032s 12 0.0004 0.9566 0.0072 0.0008 0.0004 0.0346 
        033s 12 0.0067 0.0111 0.0004 0.0005 0.0010 0.9803 
        034s 12 0.0004 0.9818 0.0006 0.0004 0.0003 0.0164 
        035s 12 0.0008 0.0655 0.0006 0.0005 0.0134 0.9192 
        036s 12 0.0093 0.0426 0.0025 0.0011 0.0044 0.9401 
        037s 12 0.0003 0.0040 0.0010 0.0007 0.0011 0.9929 
        001s 13 0.0007 0.0118 0.0010 0.0023 0.0125 0.9717 
        002s 13 0.0005 0.9032 0.0003 0.0005 0.0769 0.0187 
        003s 13 0.0002 0.0053 0.0008 0.0010 0.0009 0.9917 
        004s 13 0.0003 0.0068 0.0098 0.0020 0.0010 0.9802 
        005s 13 0.0057 0.0044 0.0028 0.0017 0.0026 0.9829 
        006s 13 0.0015 0.0085 0.0008 0.0005 0.0008 0.9879 
        007s 13 0.0346 0.0096 0.0005 0.0011 0.0006 0.9535 
        008s 13 0.0010 0.0037 0.0014 0.0008 0.0564 0.9367 
        009s 13 0.0018 0.0031 0.0086 0.0009 0.1289 0.8567 
        010s 13 0.0005 0.0029 0.0011 0.0007 0.0701 0.9246 
        011s 13 0.0184 0.2421 0.0049 0.0021 0.0042 0.7284 
        012s 13 0.0026 0.0040 0.0036 0.0148 0.0546 0.9205 
        013s 13 0.0155 0.8717 0.0007 0.0061 0.0078 0.0981 
        014s 13 0.0325 0.0030 0.0006 0.0036 0.0008 0.9595 
        015s 13 0.0006 0.0269 0.0126 0.0073 0.0062 0.9465 
        016s 13 0.0003 0.0051 0.0005 0.0010 0.0004 0.9926 
        017s 13 0.0083 0.0138 0.0036 0.0008 0.0179 0.9556 
        018s 13 0.0003 0.0087 0.0007 0.0008 0.0005 0.9890 
        019s 13 0.0016 0.0282 0.0003 0.0010 0.0006 0.9683 
        020s 13 0.0021 0.9894 0.0020 0.0003 0.0006 0.0056 
        021s 13 0.0002 0.0156 0.0005 0.0017 0.0007 0.9813 
        022s 13 0.0006 0.0042 0.0005 0.0008 0.0013 0.9925 
        023s 13 0.0004 0.0282 0.0006 0.0004 0.0012 0.9692 
        024s 13 0.0048 0.0202 0.0008 0.0371 0.0200 0.9171 
        025s 13 0.0005 0.0026 0.0007 0.0021 0.0008 0.9932 
        026s 13 0.0057 0.0009 0.0003 0.0076 0.0921 0.8934 
        027s 13 0.0010 0.0017 0.0032 0.0011 0.0496 0.9435 
        028s 13 0.0099 0.5586 0.0042 0.0036 0.0054 0.4183 
        029s 13 0.0014 0.9510 0.0004 0.0013 0.0088 0.0371 
        030s 13 0.0003 0.7201 0.0007 0.0277 0.0553 0.1959 
        031s 13 0.0019 0.0036 0.0011 0.0994 0.0024 0.8915 
        032s 13 0.0023 0.0061 0.0005 0.0003 0.0005 0.9903 
        033s 13 0.0351 0.0127 0.0004 0.0007 0.0045 0.9466 
        034s 13 0.0035 0.9722 0.0020 0.0006 0.0186 0.0031 
        035s 13 0.0006 0.2404 0.0016 0.0040 0.0006 0.7528 
        036s 13 0.0004 0.1473 0.0004 0.0006 0.0032 0.8481 
        037s 13 0.0006 0.0055 0.0008 0.0017 0.0003 0.9911 
        038s 13 0.0017 0.5166 0.0012 0.0011 0.0007 0.4787 
        039s 13 0.0007 0.0223 0.0010 0.0730 0.1028 0.8002 
        040s 13 0.0008 0.0045 0.0004 0.0013 0.0015 0.9915 
        041s 13 0.0034 0.0030 0.0005 0.0013 0.0616 0.9302 
        042s 13 0.0006 0.9928 0.0006 0.0008 0.0004 0.0049 
        001s 14 0.0008 0.8573 0.0018 0.0011 0.0145 0.1244 
        002s 14 0.0036 0.0033 0.0042 0.0013 0.0649 0.9227 
        003s 14 0.0003 0.9947 0.0004 0.0006 0.0005 0.0035 
        004s 14 0.0058 0.0045 0.0008 0.0023 0.0099 0.9767 
        005s 14 0.0002 0.2700 0.0004 0.0005 0.0003 0.7286 
        006s 14 0.0005 0.0121 0.0003 0.0003 0.0004 0.9864 
        007s 14 0.0010 0.0165 0.0005 0.0011 0.0007 0.9802 
        008s 14 0.0013 0.8951 0.0155 0.0018 0.0817 0.0046 
        009s 14 0.0006 0.0157 0.0054 0.0009 0.0016 0.9757 
        010s 14 0.0004 0.4810 0.0157 0.0016 0.0436 0.4576 
        011s 14 0.0284 0.5126 0.0005 0.0012 0.0042 0.4531 
        012s 14 0.0013 0.9863 0.0017 0.0015 0.0004 0.0088 
        013s 14 0.0020 0.0701 0.0006 0.0056 0.0010 0.9207 
        014s 14 0.0009 0.0055 0.0075 0.0005 0.0409 0.9447 
        015s 14 0.0006 0.0245 0.0082 0.0024 0.0007 0.9636 
        016s 14 0.0002 0.0013 0.0005 0.0112 0.0010 0.9859 
        017s 14 0.0128 0.0050 0.0009 0.0002 0.0566 0.9244 
        018s 14 0.0004 0.0046 0.0009 0.0012 0.0010 0.9919 
        019s 14 0.0018 0.0047 0.0004 0.0008 0.0015 0.9908 
        020s 14 0.0003 0.9459 0.0058 0.0010 0.0007 0.0463 
        021s 14 0.0003 0.0043 0.0106 0.0004 0.0061 0.9784 
        022s 14 0.0029 0.0139 0.0017 0.0011 0.0060 0.9745 
        023s 14 0.0007 0.0224 0.0018 0.0026 0.0042 0.9682 
        024s 14 0.0014 0.3848 0.0024 0.0016 0.0508 0.5590 
        025s 14 0.0003 0.0730 0.0004 0.0004 0.0633 0.8626 
        026s 14 0.0002 0.0047 0.0018 0.0012 0.0006 0.9915 
        027s 14 0.0005 0.0258 0.0007 0.0035 0.0019 0.9676 
        028s 14 0.0022 0.0275 0.0029 0.0007 0.0005 0.9662 
        029s 14 0.0003 0.0094 0.0006 0.0011 0.0003 0.9883 
        030s 14 0.0097 0.0823 0.0006 0.0008 0.0012 0.9054 
        031s 14 0.0157 0.3219 0.0004 0.0015 0.0006 0.6600 
        032s 14 0.0010 0.3595 0.0003 0.0024 0.0011 0.6357 
        033s 14 0.0509 0.4617 0.0007 0.0006 0.0004 0.4858 
        034s 14 0.0003 0.0035 0.0006 0.0005 0.0002 0.9948 
        035s 14 0.0817 0.0083 0.0003 0.0007 0.0790 0.8300 
        036s 14 0.0308 0.8990 0.0026 0.0031 0.0600 0.0045 
        037s 14 0.0003 0.0264 0.0009 0.0022 0.0012 0.9689 
        038s 14 0.0009 0.0152 0.0005 0.0004 0.0006 0.9823 
        039s 14 0.0019 0.0150 0.0036 0.0043 0.0018 0.9734 
        040s 14 0.0006 0.0164 0.0005 0.0010 0.0134 0.9682 
        041s 14 0.0011 0.3035 0.0002 0.0006 0.0007 0.6938 
        042s 14 0.0003 0.0102 0.0013 0.0019 0.0755 0.9108 
        001s 15 0.0004 0.5598 0.0011 0.0017 0.0009 0.4361 
        002s 15 0.0016 0.1348 0.0074 0.0130 0.0936 0.7496 
        003s 15 0.0005 0.0039 0.0009 0.0057 0.0128 0.9761 
        004s 15 0.0003 0.0026 0.0098 0.0003 0.0005 0.9864 
        005s 15 0.0012 0.0043 0.0011 0.0051 0.0159 0.9724 
        006s 15 0.0013 0.0088 0.0007 0.0012 0.0121 0.9759 
        007s 15 0.0003 0.0160 0.0010 0.0005 0.0003 0.9819 
        008s 15 0.0004 0.0111 0.0006 0.0005 0.0003 0.9871 
        009s 15 0.0034 0.0062 0.0006 0.0376 0.0287 0.9237 
        010s 15 0.0005 0.9730 0.0003 0.0017 0.0005 0.0241 
        011s 15 0.0627 0.0053 0.0003 0.0011 0.0006 0.9299 
        012s 15 0.0014 0.0026 0.0014 0.0018 0.0029 0.9900 
        013s 15 0.0004 0.9851 0.0054 0.0008 0.0006 0.0079 
        014s 15 0.0008 0.0045 0.0040 0.0044 0.0023 0.9840 
        015s 15 0.0039 0.0019 0.0009 0.0072 0.0790 0.9072 
        016s 15 0.0616 0.8914 0.0323 0.0004 0.0036 0.0107 
        017s 15 0.0007 0.0089 0.0139 0.0019 0.0014 0.9732 
        018s 15 0.0002 0.5665 0.0014 0.0003 0.0018 0.4298 
        019s 15 0.0006 0.5579 0.0006 0.0043 0.0043 0.4324 
        020s 15 0.0006 0.5757 0.0004 0.0006 0.0005 0.4222 
        021s 15 0.0006 0.0077 0.0028 0.0037 0.0793 0.9059 
        022s 15 0.0019 0.0110 0.0007 0.0006 0.0006 0.9852 
        023s 15 0.0018 0.0031 0.0004 0.0007 0.0290 0.9650 
        024s 15 0.0019 0.0031 0.0004 0.0008 0.0016 0.9923 
        025s 15 0.0016 0.0320 0.0012 0.0231 0.0070 0.9351 
        026s 15 0.0010 0.0265 0.0025 0.0212 0.0009 0.9479 
        027s 15 0.0076 0.0331 0.0140 0.0005 0.0046 0.9402 
        028s 15 0.0013 0.0109 0.0025 0.0015 0.0004 0.9833 
        029s 15 0.0008 0.0085 0.0012 0.0013 0.0008 0.9874 
        030s 15 0.0004 0.0096 0.0014 0.0006 0.0004 0.9876 
        031s 15 0.0015 0.0858 0.0012 0.0050 0.0647 0.8416 
        032s 15 0.0002 0.0015 0.0008 0.0018 0.0007 0.9950 
        033s 15 0.0009 0.9652 0.0008 0.0002 0.0249 0.0078 
        035s 15 0.0020 0.0042 0.0021 0.0008 0.0021 0.9887 
        036s 15 0.0011 0.4593 0.0003 0.0036 0.0009 0.5348 
        037s 15 0.0074 0.0120 0.0005 0.0009 0.0006 0.9787 
        038s 15 0.0010 0.0040 0.0007 0.0003 0.0031 0.9909 
        039s 15 0.0004 0.4899 0.0004 0.0002 0.0732 0.4359 
        040s 15 0.0021 0.0233 0.0026 0.0007 0.0048 0.9665 
        041s 15 0.0052 0.0240 0.0005 0.0012 0.0711 0.8980 
        042s 15 0.0004 0.0072 0.0029 0.0009 0.0060 0.9826 
        043s 15 0.0010 0.5298 0.0004 0.0010 0.0068 0.4610 
        044s 15 0.0008 0.0029 0.0008 0.0009 0.0065 0.9882 
        045s 15 0.0349 0.0058 0.0021 0.0787 0.0025 0.8760 
        046s 15 0.0044 0.0174 0.0004 0.0012 0.0203 0.9563 
        047s 15 0.0019 0.0018 0.0004 0.0004 0.0361 0.9594 
        048s 15 0.0003 0.3699 0.0007 0.0246 0.0005 0.6039 
        049s 15 0.0012 0.0272 0.0004 0.0006 0.0152 0.9554 
        050s 15 0.0006 0.0037 0.0092 0.0024 0.1342 0.8499 
         001 16 0.0115 0.7993 0.0028 0.0006 0.1620 0.0238 
         002 16 0.0008 0.0022 0.0002 0.0005 0.0464 0.9499 
         003 16 0.0040 0.0050 0.0031 0.0011 0.0038 0.9830 
         004 16 0.0008 0.0027 0.0006 0.0012 0.0008 0.9939 
         005 16 0.0038 0.0396 0.0017 0.0330 0.0556 0.8663 
         006 16 0.0013 0.0020 0.0007 0.0101 0.0143 0.9717 
         007 16 0.0009 0.0133 0.0011 0.0017 0.0048 0.9782 
         008 16 0.0051 0.1713 0.0014 0.0005 0.1405 0.6812 
         009 16 0.0003 0.6825 0.0015 0.0004 0.0018 0.3135 
         010 16 0.0006 0.1901 0.0004 0.0011 0.0209 0.7869 
         011 16 0.0011 0.9727 0.0006 0.0013 0.0034 0.0209 
         012 16 0.0020 0.0536 0.0010 0.0011 0.0010 0.9413 
         013 16 0.0006 0.0044 0.0005 0.0004 0.0003 0.9937 
         014 16 0.0008 0.0051 0.0017 0.0003 0.0365 0.9556 
         015 16 0.0034 0.0070 0.0016 0.3679 0.0002 0.6198 
         016 16 0.0003 0.0040 0.0044 0.0140 0.0016 0.9758 
         017 16 0.0067 0.7607 0.0008 0.0008 0.0036 0.2275 
         018 16 0.0024 0.0012 0.0052 0.0209 0.0366 0.9336 
         019 16 0.0044 0.9535 0.0009 0.0004 0.0378 0.0030 
         020 16 0.0007 0.0052 0.0012 0.0007 0.0003 0.9919 
         021 16 0.0330 0.0108 0.0048 0.0005 0.0970 0.8539 
         022 16 0.0003 0.0012 0.0009 0.0013 0.0324 0.9639 
         023 16 0.0007 0.9791 0.0005 0.0071 0.0073 0.0052 
         024 16 0.0004 0.6562 0.0010 0.0183 0.0030 0.3211 
         025 16 0.0190 0.9339 0.0010 0.0032 0.0248 0.0181 
         026 16 0.0009 0.0029 0.0003 0.0025 0.1083 0.8852 
         027 16 0.0003 0.0072 0.0091 0.0017 0.0153 0.9664 
         028 16 0.0211 0.0371 0.0115 0.0003 0.1480 0.7820 
         029 16 0.0349 0.0026 0.0013 0.0008 0.0027 0.9578 
         030 16 0.0054 0.6235 0.0003 0.0003 0.0004 0.3701 
         031 16 0.0007 0.0026 0.0137 0.0006 0.0015 0.9809 
         032 16 0.0011 0.0017 0.0009 0.0049 0.0916 0.8998 
         033 16 0.0010 0.0052 0.0003 0.0003 0.0006 0.9927 
         034 16 0.0030 0.6293 0.0003 0.0007 0.0014 0.3652 
         035 16 0.0008 0.0051 0.0005 0.0003 0.0002 0.9932 
         036 16 0.0005 0.1404 0.0016 0.0023 0.0004 0.8548 
         037 16 0.0156 0.4992 0.0007 0.0029 0.0115 0.4700 
         038 16 0.0011 0.0990 0.0013 0.0064 0.0019 0.8902 
         039 16 0.0003 0.4148 0.0009 0.0007 0.0014 0.5819 
         040 16 0.0016 0.0125 0.0004 0.0018 0.0009 0.9828 
         041 16 0.0006 0.0068 0.0004 0.0014 0.0006 0.9902 
         042 16 0.0008 0.1679 0.0025 0.0005 0.0009 0.8274 
         043 16 0.0006 0.0215 0.0009 0.0010 0.0010 0.9751 
         044 16 0.0008 0.9043 0.0013 0.0011 0.0035 0.0890 
         045 16 0.0059 0.0081 0.0024 0.0003 0.0031 0.9802 
         047 16 0.0394 0.0136 0.0035 0.0015 0.0026 0.9394 
         048 16 0.0046 0.0068 0.0007 0.0005 0.0014 0.9859 
         049 16 0.0022 0.1923 0.0005 0.0039 0.0003 0.8007 
         050 16 0.0009 0.0050 0.0005 0.0003 0.0003 0.9930 
         051 16 0.0017 0.0432 0.0016 0.0008 0.0013 0.9514 
         052 16 0.0004 0.0504 0.0005 0.0007 0.0002 0.9478 
         053 16 0.0007 0.0292 0.0009 0.0007 0.0003 0.9682 
         054 16 0.0007 0.3854 0.0010 0.0004 0.0638 0.5487 
         055 16 0.0540 0.0470 0.0004 0.0004 0.0081 0.8901 
         056 16 0.0004 0.0046 0.0006 0.0087 0.0019 0.9839 
         057 16 0.0005 0.9184 0.0004 0.0003 0.0748 0.0056 
         058 16 0.0061 0.3791 0.0002 0.0040 0.0880 0.5227 
         059 16 0.0112 0.2130 0.0027 0.0871 0.0848 0.6011 
         060 16 0.0007 0.1956 0.0011 0.0087 0.0023 0.7916 
         061 16 0.0009 0.5792 0.0006 0.0022 0.0015 0.4157 
         062 16 0.0086 0.0051 0.0016 0.0004 0.0006 0.9837 
         063 16 0.0004 0.0152 0.0005 0.0005 0.0041 0.9793 
         064 16 0.0008 0.0062 0.0007 0.0024 0.0004 0.9896 
         065 16 0.0016 0.4994 0.0016 0.0024 0.0012 0.4937 
         066 16 0.0004 0.0043 0.0009 0.0007 0.0004 0.9934 
         067 16 0.0031 0.0310 0.0006 0.0759 0.0009 0.8883 
         068 16 0.0013 0.0079 0.0008 0.0307 0.0039 0.9554 
         069 16 0.0007 0.0086 0.0073 0.0004 0.0006 0.9823 
         070 16 0.0008 0.1111 0.0029 0.0008 0.0053 0.8792 
         071 16 0.0078 0.0030 0.0005 0.0004 0.0762 0.9120 
         072 16 0.0007 0.0177 0.0009 0.0013 0.0080 0.9715 
         073 16 0.0032 0.1623 0.0007 0.0004 0.0012 0.8322 
         074 16 0.0009 0.0048 0.0004 0.0003 0.0004 0.9932 
         075 16 0.0046 0.0103 0.0008 0.0009 0.0232 0.9603 
         076 16 0.0006 0.0046 0.0007 0.0005 0.0012 0.9925 
         077 16 0.0045 0.0028 0.0275 0.0514 0.0245 0.8893 
         078 16 0.0004 0.9943 0.0003 0.0010 0.0031 0.0009 
         079 16 0.0036 0.0021 0.0021 0.0004 0.0894 0.9023 
         080 16 0.0002 0.7722 0.0004 0.0019 0.0027 0.2226 
         081 16 0.0318 0.9587 0.0007 0.0007 0.0023 0.0058 
         082 16 0.0114 0.1024 0.0005 0.0003 0.0142 0.8711 
         083 16 0.0010 0.0025 0.0006 0.0015 0.0006 0.9938 
         084 16 0.0020 0.1672 0.0026 0.0008 0.0013 0.8262 
         085 16 0.0006 0.0099 0.0019 0.0115 0.0010 0.9751 
         086 16 0.0048 0.0152 0.0006 0.0011 0.1064 0.8718 
         087 16 0.0021 0.9591 0.0017 0.0003 0.0072 0.0296 
         088 16 0.0002 0.8687 0.0006 0.0023 0.0005 0.1276 
         089 16 0.0072 0.0169 0.0011 0.0009 0.0012 0.9728 
         090 16 0.0006 0.0088 0.0012 0.0004 0.0074 0.9816 
         091 16 0.0017 0.0572 0.0008 0.0006 0.0010 0.9386 
         092 16 0.0007 0.9648 0.0006 0.0005 0.0195 0.0139 
         093 16 0.0004 0.0315 0.0020 0.0005 0.0018 0.9638 
         094 16 0.0006 0.0041 0.0058 0.0382 0.0044 0.9468 
         095 16 0.0003 0.0713 0.0012 0.0004 0.0005 0.9262 
         096 16 0.0248 0.0072 0.0004 0.0046 0.0016 0.9615 
         097 16 0.0853 0.0083 0.0022 0.0071 0.0125 0.8847 
         098 16 0.0005 0.0084 0.0080 0.0033 0.0010 0.9787 
         099 16 0.0003 0.0041 0.0009 0.0059 0.0006 0.9881 
         100 16 0.0004 0.0335 0.0006 0.0022 0.0012 0.9621 
         101 16 0.0004 0.9825 0.0007 0.0032 0.0104 0.0029 
         102 16 0.0012 0.9775 0.0003 0.0018 0.0009 0.0183 
         103 16 0.0021 0.0081 0.0037 0.0023 0.0011 0.9828 
         104 16 0.0007 0.0051 0.0003 0.0043 0.0031 0.9866 
         105 16 0.0267 0.0273 0.0052 0.0028 0.0796 0.8584 
         106 16 0.0004 0.5181 0.0004 0.0022 0.0009 0.4779 
         107 16 0.0004 0.2357 0.0461 0.0057 0.0083 0.7038 
         108 16 0.0011 0.0039 0.0674 0.1629 0.1216 0.6431 
         109 16 0.0045 0.0835 0.0007 0.0005 0.0121 0.8987 
         110 16 0.0005 0.0178 0.0003 0.0015 0.0003 0.9796 
         111 16 0.0006 0.2826 0.0006 0.0010 0.0525 0.6628 
         112 16 0.0004 0.0128 0.0008 0.0015 0.0473 0.9372 
         113 16 0.0061 0.0034 0.0006 0.0007 0.0532 0.9360 
         114 16 0.0004 0.0343 0.0050 0.0018 0.0199 0.9386 
         115 16 0.0008 0.0019 0.0004 0.0007 0.0003 0.9959 
         116 16 0.0007 0.9676 0.0004 0.0009 0.0055 0.0249 
         117 16 0.0023 0.0102 0.0040 0.0009 0.0097 0.9729 
         118 16 0.0004 0.0061 0.0010 0.0109 0.0058 0.9758 
         119 16 0.0007 0.4522 0.0016 0.0007 0.0014 0.5435 
         120 16 0.0175 0.0128 0.0009 0.0005 0.0004 0.9678 
         121 16 0.0073 0.1252 0.0002 0.0300 0.0005 0.8368 
         122 16 0.0006 0.0485 0.0004 0.0007 0.0003 0.9496 
         123 16 0.0014 0.5439 0.0018 0.0005 0.0018 0.4506 
         124 16 0.0006 0.0087 0.0003 0.0009 0.0111 0.9784 
         126 16 0.0007 0.0053 0.0036 0.0021 0.1631 0.8253 
         001 17 0.0034 0.0142 0.0089 0.0005 0.0008 0.9723 
         002 17 0.0004 0.0874 0.0004 0.0005 0.0025 0.9087 
         003 17 0.0004 0.0020 0.0011 0.0005 0.0006 0.9954 
         005 17 0.0007 0.0092 0.0219 0.0003 0.0002 0.9677 
         006 17 0.0484 0.0042 0.0009 0.0005 0.0017 0.9442 
         007 17 0.0147 0.8575 0.0026 0.0159 0.1037 0.0057 
         008 17 0.0113 0.0015 0.0006 0.0011 0.1058 0.8797 
         009 17 0.0003 0.0019 0.0006 0.0005 0.0003 0.9964 
         010 17 0.0012 0.0821 0.0005 0.0011 0.0007 0.9145 
         011 17 0.0018 0.0028 0.0017 0.3780 0.1389 0.4769 
         012 17 0.0006 0.0134 0.0008 0.0015 0.0045 0.9792 
         013 17 0.0002 0.0016 0.0006 0.0004 0.0003 0.9970 
         014 17 0.0004 0.9680 0.0011 0.0003 0.0003 0.0299 
         015 17 0.0050 0.8452 0.0009 0.0004 0.0008 0.1478 
         016 17 0.0006 0.0082 0.0007 0.0005 0.0008 0.9892 
         017 17 0.0024 0.0045 0.0012 0.0012 0.0014 0.9893 
         018 17 0.0016 0.0332 0.0205 0.0005 0.0308 0.9134 
         019 17 0.0002 0.4570 0.0006 0.0003 0.0005 0.5413 
         020 17 0.0009 0.0036 0.0004 0.0007 0.0010 0.9933 
         021 17 0.0008 0.0028 0.0005 0.0011 0.0003 0.9946 
         022 17 0.0071 0.0078 0.0091 0.0010 0.0380 0.9370 
         023 17 0.0003 0.0360 0.0028 0.0005 0.0124 0.9479 
         024 17 0.0402 0.0044 0.0014 0.0019 0.0189 0.9333 
         025 17 0.0006 0.0230 0.0003 0.0003 0.0006 0.9752 
         002 18 0.0010 0.0174 0.0049 0.0018 0.0003 0.9747 
         003 18 0.0003 0.0032 0.0004 0.0009 0.0004 0.9948 
         004 18 0.0004 0.0081 0.0029 0.0008 0.0585 0.9293 
         005 18 0.0005 0.5603 0.0008 0.0356 0.0026 0.4001 
