        001s  1 0.9978 0.0004 0.0002 0.0006 0.0003 0.0007 
        002s  1 0.9951 0.0007 0.0008 0.0007 0.0023 0.0004 
        003s  1 0.9810 0.0015 0.0008 0.0055 0.0007 0.0106 
        004s  1 0.9598 0.0037 0.0011 0.0072 0.0279 0.0003 
        005s  1 0.5593 0.0006 0.1377 0.1744 0.1277 0.0003 
        006s  1 0.9973 0.0005 0.0004 0.0003 0.0011 0.0004 
        007s  1 0.9927 0.0040 0.0010 0.0014 0.0003 0.0007 
        008s  1 0.9929 0.0006 0.0005 0.0037 0.0016 0.0008 
        009s  1 0.9329 0.0063 0.0218 0.0355 0.0015 0.0020 
        010s  1 0.9900 0.0004 0.0007 0.0071 0.0013 0.0005 
        011s  1 0.9897 0.0026 0.0009 0.0013 0.0016 0.0040 
        012s  1 0.8706 0.0009 0.0042 0.1136 0.0060 0.0047 
        013s  1 0.9694 0.0067 0.0147 0.0010 0.0074 0.0009 
        014s  1 0.9360 0.0064 0.0007 0.0374 0.0014 0.0182 
        015s  1 0.9981 0.0004 0.0003 0.0004 0.0004 0.0004 
        016s  1 0.9882 0.0071 0.0003 0.0030 0.0005 0.0009 
        018s  1 0.8524 0.0006 0.0042 0.1397 0.0018 0.0012 
        019s  1 0.9794 0.0010 0.0008 0.0140 0.0005 0.0044 
        020s  1 0.9836 0.0076 0.0003 0.0005 0.0003 0.0078 
        021s  1 0.9860 0.0047 0.0005 0.0002 0.0081 0.0005 
        022s  1 0.9982 0.0006 0.0002 0.0003 0.0004 0.0003 
        023s  1 0.9881 0.0101 0.0003 0.0002 0.0003 0.0009 
        024s  1 0.9952 0.0007 0.0003 0.0009 0.0026 0.0004 
        025s  1 0.9889 0.0009 0.0009 0.0074 0.0016 0.0003 
        026s  1 0.9813 0.0114 0.0017 0.0005 0.0005 0.0045 
        027s  1 0.9810 0.0024 0.0006 0.0016 0.0141 0.0004 
        028s  1 0.8877 0.0011 0.0014 0.0536 0.0543 0.0019 
        029s  1 0.9925 0.0006 0.0003 0.0009 0.0005 0.0052 
        030s  1 0.9853 0.0005 0.0005 0.0009 0.0063 0.0064 
        031s  1 0.9978 0.0010 0.0003 0.0003 0.0003 0.0003 
        032s  1 0.9966 0.0006 0.0003 0.0008 0.0005 0.0011 
        033s  1 0.9798 0.0008 0.0161 0.0020 0.0004 0.0010 
        034s  1 0.9414 0.0522 0.0003 0.0012 0.0020 0.0029 
        035s  1 0.9934 0.0009 0.0005 0.0020 0.0015 0.0018 
        036s  1 0.8977 0.0005 0.0006 0.1002 0.0007 0.0003 
        037s  1 0.8345 0.0482 0.0060 0.1072 0.0028 0.0013 
        038s  1 0.9960 0.0008 0.0012 0.0010 0.0004 0.0006 
        039s  1 0.9610 0.0003 0.0371 0.0002 0.0007 0.0007 
        040s  1 0.9914 0.0026 0.0006 0.0010 0.0037 0.0007 
        041s  1 0.9925 0.0034 0.0012 0.0019 0.0003 0.0007 
        042s  1 0.8401 0.0807 0.0002 0.0777 0.0005 0.0008 
        043s  1 0.9684 0.0005 0.0277 0.0022 0.0004 0.0008 
        044s  1 0.8909 0.0092 0.0275 0.0589 0.0117 0.0018 
        045s  1 0.9872 0.0011 0.0003 0.0092 0.0013 0.0010 
        046s  1 0.9957 0.0005 0.0004 0.0013 0.0004 0.0017 
        047s  1 0.9935 0.0041 0.0003 0.0007 0.0002 0.0011 
        048s  1 0.9527 0.0008 0.0063 0.0398 0.0002 0.0002 
        049s  1 0.9961 0.0004 0.0003 0.0009 0.0018 0.0005 
        050s  1 0.9005 0.0004 0.0023 0.0950 0.0015 0.0002 
        051s  1 0.9698 0.0006 0.0002 0.0003 0.0005 0.0285 
        052s  1 0.9676 0.0015 0.0025 0.0071 0.0037 0.0176 
        053s  1 0.9947 0.0005 0.0033 0.0010 0.0002 0.0003 
        054s  1 0.9931 0.0010 0.0013 0.0002 0.0016 0.0028 
        055s  1 0.8310 0.0760 0.0239 0.0664 0.0003 0.0023 
          01  2 0.8422 0.0016 0.0012 0.1193 0.0009 0.0348 
          02  2 0.9667 0.0006 0.0256 0.0055 0.0006 0.0011 
          03  2 0.9954 0.0011 0.0009 0.0015 0.0007 0.0004 
          04  2 0.9645 0.0122 0.0019 0.0011 0.0191 0.0012 
          05  2 0.8777 0.0002 0.0025 0.1190 0.0003 0.0002 
          06  2 0.9729 0.0011 0.0070 0.0176 0.0010 0.0004 
          07  2 0.9877 0.0006 0.0049 0.0045 0.0015 0.0008 
          08  2 0.9122 0.0005 0.0003 0.0864 0.0003 0.0004 
          09  2 0.9893 0.0003 0.0003 0.0004 0.0004 0.0093 
          10  2 0.9968 0.0005 0.0005 0.0011 0.0006 0.0005 
          11  2 0.9738 0.0018 0.0006 0.0144 0.0009 0.0085 
          12  2 0.9961 0.0003 0.0011 0.0005 0.0006 0.0014 
          13  2 0.9967 0.0004 0.0015 0.0003 0.0003 0.0007 
          14  2 0.9663 0.0237 0.0008 0.0003 0.0059 0.0029 
          15  2 0.9960 0.0015 0.0006 0.0004 0.0004 0.0011 
          16  2 0.9346 0.0044 0.0009 0.0014 0.0561 0.0026 
          17  2 0.9935 0.0010 0.0032 0.0013 0.0004 0.0006 
          18  2 0.9775 0.0007 0.0113 0.0062 0.0027 0.0017 
          19  2 0.9917 0.0047 0.0005 0.0012 0.0002 0.0017 
          20  2 0.9227 0.0089 0.0005 0.0575 0.0089 0.0014 
          21  2 0.9818 0.0006 0.0005 0.0009 0.0003 0.0159 
          22  2 0.9823 0.0063 0.0009 0.0014 0.0034 0.0057 
          23  2 0.9938 0.0015 0.0019 0.0007 0.0014 0.0008 
          24  2 0.9974 0.0006 0.0005 0.0004 0.0003 0.0009 
          25  2 0.9643 0.0011 0.0020 0.0045 0.0268 0.0013 
          26  2 0.9975 0.0003 0.0006 0.0007 0.0004 0.0005 
          27  2 0.9757 0.0033 0.0015 0.0010 0.0174 0.0012 
          28  2 0.9936 0.0040 0.0005 0.0009 0.0002 0.0009 
          29  2 0.9970 0.0002 0.0004 0.0008 0.0009 0.0007 
          30  2 0.7553 0.0856 0.0035 0.1470 0.0005 0.0081 
          01  3 0.3168 0.0199 0.4726 0.1895 0.0009 0.0003 
          02  3 0.1260 0.0017 0.3025 0.2002 0.2965 0.0732 
          03  3 0.3685 0.0006 0.0960 0.2732 0.2613 0.0004 
          04  3 0.1750 0.0008 0.2992 0.3179 0.2065 0.0005 
          05  3 0.0006 0.1228 0.2547 0.2353 0.2726 0.1140 
          06  3 0.0766 0.0007 0.3388 0.2509 0.3326 0.0003 
          07  3 0.3736 0.0002 0.0607 0.3476 0.2170 0.0009 
          08  3 0.2926 0.0043 0.1952 0.2768 0.2268 0.0042 
          09  3 0.2996 0.0022 0.0758 0.3929 0.2293 0.0002 
          10  3 0.0159 0.1402 0.2528 0.0824 0.2857 0.2230 
          11  3 0.2836 0.0003 0.1113 0.3627 0.2420 0.0002 
          12  3 0.2663 0.0002 0.1201 0.3641 0.2491 0.0002 
          13  3 0.0043 0.0002 0.3726 0.2763 0.3346 0.0120 
          14  3 0.0034 0.1576 0.2793 0.1947 0.3184 0.0466 
          15  3 0.3372 0.0023 0.1804 0.2967 0.1831 0.0002 
          16  3 0.0828 0.0035 0.5101 0.0684 0.3346 0.0006 
          17  3 0.3952 0.0005 0.1354 0.3586 0.1097 0.0006 
          18  3 0.0122 0.2836 0.2003 0.1075 0.2297 0.1667 
          19  3 0.1652 0.0021 0.3909 0.1678 0.2737 0.0003 
          20  3 0.1722 0.0564 0.3209 0.2925 0.1577 0.0003 
          21  3 0.2372 0.0049 0.4094 0.1727 0.1750 0.0009 
          22  3 0.2777 0.0014 0.1415 0.4199 0.1591 0.0004 
          23  3 0.2247 0.0007 0.3291 0.2528 0.1923 0.0003 
          24  3 0.0499 0.0020 0.2573 0.3685 0.1549 0.1675 
          25  3 0.0003 0.1349 0.3224 0.1537 0.1384 0.2502 
          26  3 0.2189 0.0008 0.1571 0.3689 0.2538 0.0005 
          27  3 0.0683 0.1783 0.3107 0.1055 0.2029 0.1343 
          28  3 0.0880 0.0002 0.4284 0.2313 0.2514 0.0008 
          29  3 0.1666 0.0092 0.3606 0.2387 0.2226 0.0023 
          30  3 0.2983 0.0002 0.3028 0.2989 0.0989 0.0009 
         001  4 0.0001 0.0001 0.0001 0.9997 0.0001 0.0000 
         002  4 0.0001 0.0001 0.0005 0.9989 0.0002 0.0001 
         003  4 0.0001 0.0001 0.0001 0.9997 0.0001 0.0001 
         004  4 0.0001 0.0001 0.0001 0.9996 0.0001 0.0001 
         005  4 0.0001 0.0001 0.0001 0.9995 0.0002 0.0001 
         006  4 0.0005 0.0002 0.0261 0.9107 0.0624 0.0002 
         007  4 0.0003 0.0002 0.0001 0.9376 0.0616 0.0001 
         008  4 0.0003 0.0021 0.0004 0.9957 0.0003 0.0011 
         009  4 0.0001 0.0001 0.0001 0.9995 0.0002 0.0001 
         010  4 0.0001 0.0000 0.0001 0.9892 0.0105 0.0000 
         011  4 0.0006 0.0052 0.0006 0.9565 0.0368 0.0004 
         012  4 0.0001 0.0001 0.0001 0.9997 0.0001 0.0000 
         013  4 0.0001 0.0000 0.0001 0.9997 0.0001 0.0000 
         014  4 0.0001 0.0001 0.0001 0.9995 0.0001 0.0001 
         015  4 0.0001 0.0000 0.0004 0.9994 0.0001 0.0000 
         016  4 0.0001 0.0001 0.0001 0.9997 0.0001 0.0001 
         017  4 0.0001 0.0001 0.0002 0.9994 0.0001 0.0001 
         019  4 0.0002 0.0003 0.0026 0.9089 0.0879 0.0002 
         020  4 0.0001 0.0001 0.0001 0.9995 0.0001 0.0001 
         021  4 0.0001 0.0001 0.0001 0.9761 0.0233 0.0002 
         001  5 0.0007 0.0298 0.0056 0.9622 0.0004 0.0013 
         002  5 0.0095 0.0017 0.0359 0.9515 0.0003 0.0012 
         003  5 0.1604 0.0014 0.0899 0.7139 0.0343 0.0001 
         004  5 0.0559 0.0009 0.0014 0.9412 0.0004 0.0002 
         005  5 0.0001 0.0002 0.0531 0.9462 0.0003 0.0001 
         006  5 0.0004 0.0001 0.1427 0.8248 0.0315 0.0004 
         007  5 0.0002 0.0002 0.0746 0.8774 0.0475 0.0002 
         008  5 0.0001 0.0001 0.0739 0.9254 0.0004 0.0001 
         009  5 0.0513 0.0010 0.0166 0.9273 0.0037 0.0001 
         010  5 0.0011 0.0010 0.0983 0.8754 0.0241 0.0003 
         011  5 0.0004 0.0009 0.0579 0.9405 0.0002 0.0001 
         012  5 0.0378 0.0025 0.0260 0.8557 0.0772 0.0009 
         013  5 0.1904 0.0004 0.0906 0.7146 0.0036 0.0004 
         014  5 0.1688 0.0073 0.0555 0.6886 0.0691 0.0107 
         015  5 0.0001 0.0001 0.0352 0.9485 0.0158 0.0002 
         016  5 0.0010 0.0002 0.0392 0.9131 0.0462 0.0003 
         017  5 0.0096 0.0003 0.0806 0.8464 0.0597 0.0035 
         018  5 0.0361 0.0197 0.0767 0.8411 0.0038 0.0227 
         019  5 0.0003 0.0009 0.0006 0.9945 0.0002 0.0034 
         020  5 0.0001 0.0001 0.0002 0.9994 0.0001 0.0001 
         021  5 0.1371 0.0010 0.0027 0.8586 0.0003 0.0003 
         022  5 0.0216 0.0257 0.0011 0.9356 0.0139 0.0021 
         023  5 0.0009 0.0009 0.0709 0.9256 0.0012 0.0004 
         024  5 0.0167 0.0006 0.0029 0.9055 0.0739 0.0004 
         025  5 0.0104 0.0003 0.0377 0.8838 0.0669 0.0009 
         026  5 0.1361 0.0002 0.0154 0.8354 0.0126 0.0003 
         027  5 0.0001 0.0001 0.0001 0.9993 0.0003 0.0001 
         028  5 0.0158 0.0051 0.0041 0.9217 0.0521 0.0011 
         029  5 0.0002 0.0002 0.0264 0.9724 0.0006 0.0002 
         030  5 0.0007 0.0006 0.0264 0.9701 0.0003 0.0019 
        001s  6 0.9590 0.0159 0.0095 0.0005 0.0144 0.0007 
        002s  6 0.9482 0.0006 0.0047 0.0277 0.0004 0.0185 
        003s  6 0.9840 0.0020 0.0065 0.0067 0.0003 0.0005 
        004s  6 0.9980 0.0006 0.0004 0.0004 0.0003 0.0004 
        006s  6 0.9105 0.0090 0.0009 0.0623 0.0151 0.0022 
        007s  6 0.9957 0.0004 0.0006 0.0003 0.0024 0.0006 
        008s  6 0.9884 0.0046 0.0007 0.0030 0.0004 0.0030 
        009s  6 0.9974 0.0009 0.0004 0.0003 0.0003 0.0008 
        010s  6 0.9480 0.0131 0.0007 0.0212 0.0044 0.0126 
        011s  6 0.9886 0.0016 0.0086 0.0003 0.0007 0.0002 
        012s  6 0.9935 0.0013 0.0011 0.0005 0.0017 0.0020 
        013s  6 0.9971 0.0003 0.0004 0.0007 0.0008 0.0006 
        014s  6 0.9254 0.0004 0.0094 0.0644 0.0003 0.0002 
        015s  6 0.9723 0.0046 0.0008 0.0099 0.0117 0.0007 
        016s  6 0.9971 0.0010 0.0005 0.0004 0.0006 0.0005 
        018s  6 0.7079 0.0022 0.0660 0.2233 0.0003 0.0004 
        019s  6 0.9797 0.0020 0.0103 0.0063 0.0009 0.0007 
        020s  6 0.9971 0.0004 0.0007 0.0003 0.0005 0.0009 
        021s  6 0.9812 0.0036 0.0087 0.0007 0.0048 0.0010 
        022s  6 0.9955 0.0027 0.0005 0.0007 0.0002 0.0004 
        023s  6 0.9665 0.0006 0.0006 0.0313 0.0006 0.0004 
        024s  6 0.9481 0.0005 0.0005 0.0484 0.0010 0.0014 
        025s  6 0.9242 0.0716 0.0019 0.0012 0.0006 0.0004 
        026s  6 0.9966 0.0005 0.0005 0.0005 0.0005 0.0014 
        027s  6 0.9965 0.0004 0.0004 0.0008 0.0004 0.0015 
        028s  6 0.9255 0.0101 0.0055 0.0075 0.0056 0.0457 
        029s  6 0.9965 0.0010 0.0003 0.0003 0.0003 0.0015 
        030s  6 0.9204 0.0074 0.0018 0.0680 0.0005 0.0020 
        031s  6 0.9926 0.0004 0.0005 0.0020 0.0043 0.0003 
        032s  6 0.9573 0.0004 0.0404 0.0011 0.0005 0.0003 
        033s  6 0.9151 0.0007 0.0008 0.0829 0.0001 0.0005 
        034s  6 0.9790 0.0133 0.0004 0.0015 0.0054 0.0004 
        035s  6 0.8449 0.0012 0.0005 0.1521 0.0006 0.0007 
        036s  6 0.9868 0.0011 0.0092 0.0005 0.0021 0.0003 
        037s  6 0.9942 0.0013 0.0012 0.0007 0.0005 0.0021 
        038s  6 0.9961 0.0006 0.0004 0.0003 0.0018 0.0008 
        039s  6 0.9980 0.0007 0.0003 0.0002 0.0003 0.0005 
        040s  6 0.9970 0.0003 0.0008 0.0002 0.0012 0.0004 
        041s  6 0.9214 0.0027 0.0001 0.0723 0.0001 0.0033 
        042s  6 0.9304 0.0573 0.0010 0.0064 0.0011 0.0039 
        043s  6 0.9908 0.0066 0.0002 0.0008 0.0012 0.0003 
        044s  6 0.9958 0.0007 0.0004 0.0008 0.0004 0.0019 
        045s  6 0.9925 0.0023 0.0006 0.0035 0.0005 0.0006 
        001s  7 0.9964 0.0011 0.0003 0.0015 0.0003 0.0004 
        002s  7 0.9775 0.0018 0.0030 0.0161 0.0007 0.0009 
        003s  7 0.9939 0.0009 0.0009 0.0019 0.0012 0.0012 
        004s  7 0.9941 0.0004 0.0010 0.0007 0.0028 0.0009 
        005s  7 0.9814 0.0024 0.0014 0.0123 0.0020 0.0005 
        006s  7 0.9331 0.0043 0.0003 0.0610 0.0009 0.0003 
        007s  7 0.9684 0.0017 0.0017 0.0049 0.0059 0.0174 
        008s  7 0.9748 0.0011 0.0005 0.0204 0.0004 0.0028 
        009s  7 0.9835 0.0110 0.0014 0.0023 0.0011 0.0006 
        010s  7 0.9957 0.0018 0.0006 0.0011 0.0001 0.0007 
        011s  7 0.9971 0.0008 0.0005 0.0003 0.0005 0.0008 
        012s  7 0.9978 0.0007 0.0002 0.0004 0.0006 0.0003 
        013s  7 0.9875 0.0045 0.0006 0.0003 0.0067 0.0004 
        014s  7 0.9508 0.0001 0.0005 0.0477 0.0004 0.0005 
        015s  7 0.9756 0.0009 0.0005 0.0200 0.0018 0.0012 
        016s  7 0.8792 0.0021 0.0002 0.1181 0.0002 0.0003 
        017s  7 0.9958 0.0007 0.0003 0.0016 0.0013 0.0003 
        018s  7 0.9930 0.0004 0.0005 0.0018 0.0005 0.0037 
        019s  7 0.9784 0.0139 0.0029 0.0010 0.0006 0.0031 
        020s  7 0.9973 0.0004 0.0007 0.0004 0.0010 0.0003 
        021s  7 0.9953 0.0009 0.0013 0.0012 0.0004 0.0008 
        022s  7 0.9919 0.0008 0.0007 0.0026 0.0037 0.0003 
        023s  7 0.9730 0.0174 0.0022 0.0046 0.0015 0.0012 
        024s  7 0.9957 0.0005 0.0003 0.0020 0.0004 0.0011 
        025s  7 0.9916 0.0011 0.0032 0.0005 0.0027 0.0010 
        026s  7 0.9955 0.0007 0.0004 0.0025 0.0002 0.0007 
        027s  7 0.9956 0.0004 0.0011 0.0009 0.0007 0.0012 
        028s  7 0.9941 0.0004 0.0010 0.0036 0.0007 0.0001 
        029s  7 0.9877 0.0018 0.0015 0.0079 0.0005 0.0006 
        030s  7 0.9894 0.0042 0.0003 0.0002 0.0006 0.0053 
        031s  7 0.9855 0.0099 0.0010 0.0021 0.0011 0.0004 
        032s  7 0.8976 0.0003 0.0012 0.0967 0.0003 0.0039 
        033s  7 0.9577 0.0021 0.0038 0.0336 0.0004 0.0025 
        034s  7 0.9660 0.0006 0.0042 0.0012 0.0270 0.0009 
        035s  7 0.9974 0.0011 0.0003 0.0004 0.0003 0.0006 
        036s  7 0.9855 0.0094 0.0005 0.0004 0.0037 0.0006 
        037s  7 0.9265 0.0041 0.0538 0.0141 0.0007 0.0007 
        038s  7 0.9780 0.0012 0.0171 0.0026 0.0003 0.0008 
        039s  7 0.9980 0.0003 0.0008 0.0004 0.0002 0.0003 
        040s  7 0.9476 0.0005 0.0009 0.0178 0.0329 0.0004 
        041s  7 0.9763 0.0016 0.0080 0.0119 0.0002 0.0020 
        042s  7 0.9906 0.0003 0.0007 0.0076 0.0007 0.0002 
        043s  7 0.9958 0.0024 0.0003 0.0008 0.0002 0.0004 
        044s  7 0.9131 0.0235 0.0143 0.0415 0.0059 0.0017 
         003  8 0.9770 0.0007 0.0011 0.0063 0.0007 0.0141 
         009  8 0.9960 0.0009 0.0006 0.0016 0.0005 0.0004 
         010  8 0.9972 0.0016 0.0004 0.0004 0.0002 0.0003 
         017  8 0.9937 0.0032 0.0008 0.0006 0.0004 0.0013 
         002  9 0.9970 0.0009 0.0003 0.0003 0.0008 0.0005 
         003  9 0.9984 0.0005 0.0002 0.0002 0.0005 0.0003 
         004  9 0.9977 0.0012 0.0002 0.0003 0.0002 0.0004 
         005  9 0.9928 0.0047 0.0004 0.0003 0.0008 0.0011 
         006  9 0.9960 0.0012 0.0004 0.0009 0.0008 0.0007 
         007  9 0.9922 0.0010 0.0002 0.0053 0.0004 0.0009 
         009  9 0.9956 0.0014 0.0008 0.0009 0.0002 0.0011 
         010  9 0.9958 0.0013 0.0002 0.0002 0.0004 0.0022 
         013  9 0.9956 0.0015 0.0003 0.0011 0.0012 0.0003 
         014  9 0.9923 0.0021 0.0002 0.0004 0.0002 0.0048 
         016  9 0.9980 0.0006 0.0001 0.0002 0.0002 0.0009 
         018  9 0.9894 0.0011 0.0010 0.0007 0.0006 0.0071 
         019  9 0.9934 0.0004 0.0005 0.0007 0.0004 0.0045 
         020  9 0.9982 0.0003 0.0005 0.0004 0.0003 0.0004 
         021  9 0.9984 0.0006 0.0004 0.0002 0.0001 0.0002 
         022  9 0.9975 0.0004 0.0003 0.0002 0.0004 0.0012 
         024  9 0.9926 0.0032 0.0013 0.0004 0.0004 0.0021 
         028  9 0.9968 0.0010 0.0003 0.0007 0.0007 0.0005 
         029  9 0.9978 0.0004 0.0003 0.0002 0.0003 0.0010 
         030  9 0.9974 0.0009 0.0004 0.0002 0.0003 0.0008 
         031  9 0.9968 0.0005 0.0008 0.0009 0.0002 0.0008 
         033  9 0.9916 0.0010 0.0007 0.0059 0.0002 0.0005 
         001 10 0.9977 0.0002 0.0003 0.0003 0.0005 0.0009 
         002 10 0.9974 0.0005 0.0005 0.0002 0.0002 0.0012 
         003 10 0.9825 0.0158 0.0006 0.0002 0.0005 0.0005 
         004 10 0.9964 0.0021 0.0005 0.0003 0.0002 0.0005 
         005 10 0.9965 0.0009 0.0004 0.0004 0.0003 0.0016 
         006 10 0.9968 0.0007 0.0007 0.0010 0.0003 0.0006 
         007 10 0.9967 0.0017 0.0005 0.0005 0.0002 0.0003 
         008 10 0.9944 0.0031 0.0010 0.0004 0.0005 0.0006 
         009 10 0.9927 0.0005 0.0007 0.0005 0.0010 0.0045 
         010 10 0.9957 0.0009 0.0004 0.0005 0.0003 0.0023 
         011 10 0.9571 0.0406 0.0005 0.0005 0.0010 0.0003 
         012 10 0.9940 0.0028 0.0018 0.0003 0.0005 0.0005 
         013 10 0.9968 0.0006 0.0006 0.0002 0.0012 0.0006 
         014 10 0.9974 0.0008 0.0006 0.0003 0.0005 0.0006 
         016 10 0.9944 0.0007 0.0029 0.0005 0.0004 0.0012 
         017 10 0.9967 0.0008 0.0005 0.0005 0.0006 0.0009 
         018 10 0.9911 0.0004 0.0026 0.0033 0.0004 0.0023 
         019 10 0.9927 0.0010 0.0012 0.0003 0.0002 0.0046 
         020 10 0.9896 0.0018 0.0019 0.0006 0.0006 0.0055 
         021 10 0.9959 0.0003 0.0004 0.0007 0.0002 0.0023 
         022 10 0.9980 0.0006 0.0004 0.0003 0.0006 0.0002 
         023 10 0.9979 0.0009 0.0004 0.0002 0.0003 0.0003 
         024 10 0.9962 0.0022 0.0003 0.0002 0.0001 0.0010 
         026 10 0.9977 0.0005 0.0007 0.0003 0.0002 0.0007 
        001s 11 0.8930 0.0060 0.0003 0.0998 0.0004 0.0005 
        002s 11 0.9878 0.0012 0.0007 0.0006 0.0063 0.0035 
        003s 11 0.9916 0.0004 0.0006 0.0061 0.0004 0.0010 
        004s 11 0.9963 0.0014 0.0004 0.0003 0.0013 0.0002 
        005s 11 0.9926 0.0004 0.0005 0.0018 0.0004 0.0042 
        006s 11 0.9739 0.0020 0.0198 0.0004 0.0019 0.0019 
        007s 11 0.9490 0.0007 0.0029 0.0061 0.0396 0.0016 
        008s 11 0.9980 0.0003 0.0005 0.0003 0.0003 0.0005 
        009s 11 0.9854 0.0004 0.0003 0.0003 0.0003 0.0133 
        010s 11 0.9960 0.0009 0.0019 0.0006 0.0002 0.0004 
        011s 11 0.8716 0.0093 0.0006 0.1132 0.0050 0.0003 
        012s 11 0.8962 0.0003 0.0020 0.1010 0.0002 0.0003 
        013s 11 0.9969 0.0011 0.0003 0.0011 0.0004 0.0002 
        014s 11 0.9843 0.0008 0.0018 0.0043 0.0081 0.0007 
        015s 11 0.9902 0.0041 0.0011 0.0010 0.0020 0.0016 
        016s 11 0.8861 0.0541 0.0003 0.0510 0.0005 0.0079 
        017s 11 0.9024 0.0016 0.0003 0.0944 0.0007 0.0006 
        018s 11 0.9923 0.0007 0.0013 0.0036 0.0008 0.0012 
        019s 11 0.9787 0.0192 0.0008 0.0004 0.0006 0.0002 
        020s 11 0.9925 0.0017 0.0004 0.0021 0.0014 0.0019 
        021s 11 0.9968 0.0015 0.0007 0.0004 0.0004 0.0004 
        022s 11 0.9679 0.0004 0.0006 0.0012 0.0293 0.0007 
        023s 11 0.9383 0.0134 0.0007 0.0470 0.0003 0.0004 
        025s 11 0.9979 0.0008 0.0005 0.0002 0.0004 0.0002 
        026s 11 0.9131 0.0518 0.0005 0.0339 0.0006 0.0002 
        027s 11 0.9954 0.0005 0.0007 0.0006 0.0024 0.0004 
        028s 11 0.9940 0.0006 0.0013 0.0030 0.0008 0.0003 
        029s 11 0.9614 0.0004 0.0023 0.0346 0.0003 0.0010 
        030s 11 0.9448 0.0009 0.0008 0.0512 0.0016 0.0008 
        031s 11 0.9968 0.0003 0.0003 0.0004 0.0015 0.0007 
        032s 11 0.9948 0.0031 0.0003 0.0008 0.0003 0.0007 
        033s 11 0.9932 0.0008 0.0010 0.0030 0.0005 0.0015 
        034s 11 0.9959 0.0004 0.0004 0.0015 0.0016 0.0003 
        035s 11 0.9938 0.0003 0.0005 0.0022 0.0015 0.0018 
        036s 11 0.9809 0.0003 0.0024 0.0139 0.0011 0.0013 
        037s 11 0.9934 0.0014 0.0030 0.0011 0.0002 0.0007 
        038s 11 0.9933 0.0007 0.0040 0.0011 0.0002 0.0006 
        039s 11 0.9967 0.0009 0.0005 0.0014 0.0002 0.0004 
        040s 11 0.9265 0.0005 0.0194 0.0514 0.0017 0.0004 
        041s 11 0.9741 0.0032 0.0005 0.0009 0.0009 0.0203 
        042s 11 0.9891 0.0080 0.0005 0.0008 0.0010 0.0006 
        043s 11 0.9473 0.0214 0.0267 0.0039 0.0003 0.0003 
        044s 11 0.9853 0.0049 0.0004 0.0003 0.0079 0.0012 
        045s 11 0.9858 0.0111 0.0014 0.0003 0.0010 0.0004 
        046s 11 0.9296 0.0239 0.0004 0.0434 0.0023 0.0005 
        047s 11 0.9964 0.0012 0.0003 0.0006 0.0012 0.0004 
        048s 11 0.9612 0.0302 0.0035 0.0015 0.0017 0.0018 
        049s 11 0.9953 0.0011 0.0003 0.0020 0.0003 0.0009 
        050s 11 0.9945 0.0009 0.0002 0.0005 0.0036 0.0003 
        051s 11 0.9274 0.0489 0.0004 0.0006 0.0222 0.0003 
        052s 11 0.9908 0.0019 0.0012 0.0016 0.0033 0.0011 
        053s 11 0.9971 0.0006 0.0004 0.0004 0.0004 0.0010 
        054s 11 0.9925 0.0007 0.0026 0.0006 0.0033 0.0003 
        055s 11 0.9308 0.0003 0.0519 0.0163 0.0004 0.0003 
        001s 12 0.9912 0.0008 0.0049 0.0015 0.0009 0.0008 
        002s 12 0.9952 0.0007 0.0003 0.0012 0.0004 0.0022 
        003s 12 0.9976 0.0004 0.0004 0.0004 0.0004 0.0007 
        004s 12 0.9214 0.0046 0.0001 0.0717 0.0005 0.0017 
        005s 12 0.9974 0.0008 0.0005 0.0003 0.0005 0.0006 
        006s 12 0.9692 0.0017 0.0043 0.0210 0.0031 0.0007 
        007s 12 0.9924 0.0017 0.0004 0.0008 0.0016 0.0031 
        008s 12 0.9467 0.0004 0.0512 0.0009 0.0003 0.0005 
        009s 12 0.9606 0.0048 0.0019 0.0109 0.0013 0.0205 
        010s 12 0.9604 0.0004 0.0018 0.0037 0.0328 0.0009 
        011s 12 0.9940 0.0007 0.0009 0.0010 0.0025 0.0010 
        012s 12 0.9875 0.0036 0.0008 0.0011 0.0065 0.0005 
        013s 12 0.9628 0.0351 0.0003 0.0007 0.0005 0.0006 
        014s 12 0.9174 0.0364 0.0011 0.0013 0.0410 0.0027 
        015s 12 0.9928 0.0005 0.0008 0.0040 0.0005 0.0015 
        016s 12 0.9937 0.0045 0.0003 0.0005 0.0006 0.0003 
        017s 12 0.9937 0.0009 0.0003 0.0036 0.0011 0.0004 
        018s 12 0.9935 0.0015 0.0017 0.0009 0.0002 0.0021 
        019s 12 0.9931 0.0005 0.0004 0.0035 0.0004 0.0021 
        020s 12 0.9233 0.0007 0.0026 0.0729 0.0003 0.0002 
        021s 12 0.9929 0.0020 0.0008 0.0035 0.0004 0.0004 
        022s 12 0.9582 0.0045 0.0139 0.0197 0.0005 0.0032 
        023s 12 0.9972 0.0010 0.0006 0.0003 0.0002 0.0006 
        024s 12 0.9977 0.0006 0.0005 0.0007 0.0002 0.0002 
        025s 12 0.9738 0.0014 0.0177 0.0013 0.0010 0.0048 
        026s 12 0.9515 0.0011 0.0006 0.0306 0.0006 0.0156 
        027s 12 0.9903 0.0003 0.0074 0.0014 0.0003 0.0003 
        028s 12 0.9846 0.0026 0.0004 0.0019 0.0005 0.0099 
        029s 12 0.9967 0.0014 0.0002 0.0006 0.0007 0.0003 
        030s 12 0.9961 0.0005 0.0003 0.0010 0.0017 0.0003 
        031s 12 0.9926 0.0018 0.0015 0.0026 0.0007 0.0008 
        032s 12 0.9927 0.0007 0.0002 0.0007 0.0004 0.0054 
        033s 12 0.9908 0.0004 0.0053 0.0013 0.0018 0.0004 
        034s 12 0.9982 0.0003 0.0006 0.0002 0.0003 0.0004 
        035s 12 0.9893 0.0003 0.0024 0.0068 0.0007 0.0005 
        036s 12 0.9779 0.0005 0.0144 0.0011 0.0034 0.0027 
        037s 12 0.9965 0.0007 0.0003 0.0010 0.0004 0.0011 
        001s 13 0.9855 0.0022 0.0005 0.0105 0.0006 0.0007 
        002s 13 0.9156 0.0004 0.0058 0.0777 0.0002 0.0003 
        003s 13 0.9954 0.0008 0.0021 0.0007 0.0002 0.0007 
        004s 13 0.9875 0.0025 0.0002 0.0010 0.0005 0.0083 
        005s 13 0.9857 0.0018 0.0058 0.0018 0.0021 0.0028 
        006s 13 0.9957 0.0004 0.0018 0.0005 0.0009 0.0008 
        007s 13 0.9679 0.0009 0.0040 0.0004 0.0265 0.0003 
        008s 13 0.9447 0.0006 0.0018 0.0502 0.0017 0.0009 
        009s 13 0.8590 0.0008 0.0020 0.1241 0.0010 0.0131 
        010s 13 0.9312 0.0005 0.0054 0.0618 0.0005 0.0007 
        011s 13 0.9650 0.0028 0.0054 0.0054 0.0164 0.0050 
        012s 13 0.9280 0.0191 0.0029 0.0460 0.0016 0.0024 
        013s 13 0.9489 0.0049 0.0003 0.0195 0.0254 0.0009 
        014s 13 0.9736 0.0027 0.0072 0.0007 0.0149 0.0010 
        015s 13 0.9714 0.0074 0.0004 0.0090 0.0006 0.0113 
        016s 13 0.9971 0.0011 0.0007 0.0003 0.0003 0.0005 
        017s 13 0.9321 0.0005 0.0608 0.0016 0.0005 0.0045 
        018s 13 0.9976 0.0008 0.0006 0.0003 0.0002 0.0005 
        019s 13 0.9956 0.0009 0.0021 0.0004 0.0006 0.0004 
        020s 13 0.9926 0.0003 0.0023 0.0010 0.0025 0.0013 
        021s 13 0.9972 0.0010 0.0002 0.0007 0.0003 0.0005 
        022s 13 0.9961 0.0007 0.0013 0.0009 0.0004 0.0005 
        023s 13 0.9966 0.0002 0.0016 0.0008 0.0003 0.0005 
        024s 13 0.9267 0.0344 0.0007 0.0366 0.0008 0.0008 
        025s 13 0.9954 0.0018 0.0007 0.0008 0.0003 0.0009 
        026s 13 0.8808 0.0102 0.0415 0.0664 0.0008 0.0004 
        027s 13 0.9437 0.0015 0.0011 0.0471 0.0025 0.0041 
        028s 13 0.9566 0.0032 0.0288 0.0022 0.0016 0.0076 
        029s 13 0.9695 0.0012 0.0007 0.0273 0.0008 0.0005 
        030s 13 0.9015 0.0217 0.0005 0.0756 0.0004 0.0003 
        031s 13 0.8906 0.1023 0.0004 0.0031 0.0028 0.0008 
        032s 13 0.9904 0.0003 0.0004 0.0004 0.0082 0.0004 
        033s 13 0.9601 0.0010 0.0303 0.0020 0.0061 0.0005 
        034s 13 0.9206 0.0009 0.0003 0.0638 0.0129 0.0015 
        035s 13 0.9945 0.0025 0.0005 0.0004 0.0005 0.0015 
        036s 13 0.9956 0.0004 0.0010 0.0023 0.0003 0.0005 
        037s 13 0.9969 0.0013 0.0004 0.0003 0.0005 0.0007 
        038s 13 0.9936 0.0008 0.0033 0.0007 0.0007 0.0009 
        039s 13 0.8243 0.0760 0.0008 0.0974 0.0010 0.0005 
        040s 13 0.9965 0.0009 0.0003 0.0010 0.0009 0.0004 
        041s 13 0.9356 0.0015 0.0029 0.0552 0.0045 0.0003 
        042s 13 0.9970 0.0006 0.0002 0.0004 0.0010 0.0007 
        001s 14 0.9627 0.0007 0.0007 0.0339 0.0008 0.0012 
        002s 14 0.9294 0.0009 0.0013 0.0644 0.0007 0.0034 
        003s 14 0.9968 0.0007 0.0011 0.0006 0.0003 0.0005 
        004s 14 0.9711 0.0033 0.0004 0.0113 0.0133 0.0006 
        005s 14 0.9984 0.0005 0.0003 0.0003 0.0002 0.0003 
        006s 14 0.9980 0.0003 0.0005 0.0004 0.0005 0.0003 
        007s 14 0.9960 0.0014 0.0010 0.0004 0.0008 0.0004 
        008s 14 0.8644 0.0014 0.0002 0.1150 0.0086 0.0104 
        009s 14 0.9903 0.0008 0.0024 0.0015 0.0004 0.0047 
        010s 14 0.9219 0.0010 0.0002 0.0672 0.0003 0.0094 
        011s 14 0.9432 0.0007 0.0520 0.0008 0.0031 0.0003 
        012s 14 0.9934 0.0012 0.0017 0.0005 0.0016 0.0016 
        013s 14 0.9901 0.0038 0.0006 0.0009 0.0040 0.0007 
        014s 14 0.9436 0.0005 0.0006 0.0463 0.0003 0.0088 
        015s 14 0.9893 0.0028 0.0007 0.0005 0.0004 0.0063 
        016s 14 0.9905 0.0074 0.0005 0.0010 0.0001 0.0004 
        017s 14 0.9261 0.0003 0.0012 0.0646 0.0073 0.0006 
        018s 14 0.9968 0.0008 0.0007 0.0005 0.0003 0.0009 
        019s 14 0.9953 0.0005 0.0013 0.0012 0.0013 0.0004 
        020s 14 0.9911 0.0010 0.0004 0.0007 0.0002 0.0066 
        021s 14 0.9832 0.0006 0.0009 0.0036 0.0002 0.0114 
        022s 14 0.9885 0.0012 0.0012 0.0042 0.0028 0.0021 
        023s 14 0.9842 0.0027 0.0003 0.0091 0.0014 0.0023 
        024s 14 0.9380 0.0005 0.0066 0.0521 0.0009 0.0019 
        025s 14 0.9257 0.0002 0.0002 0.0733 0.0003 0.0003 
        026s 14 0.9961 0.0010 0.0004 0.0004 0.0002 0.0018 
        027s 14 0.9927 0.0028 0.0005 0.0032 0.0004 0.0004 
        028s 14 0.9949 0.0006 0.0009 0.0005 0.0014 0.0017 
        029s 14 0.9979 0.0009 0.0002 0.0003 0.0003 0.0004 
        030s 14 0.9922 0.0003 0.0023 0.0010 0.0037 0.0005 
        031s 14 0.9736 0.0011 0.0004 0.0005 0.0238 0.0005 
        032s 14 0.9948 0.0023 0.0003 0.0008 0.0014 0.0003 
        033s 14 0.9492 0.0005 0.0011 0.0006 0.0480 0.0007 
        034s 14 0.9980 0.0006 0.0003 0.0002 0.0002 0.0007 
        035s 14 0.8488 0.0003 0.0124 0.0764 0.0617 0.0003 
        036s 14 0.8883 0.0056 0.0011 0.0731 0.0300 0.0018 
        037s 14 0.9951 0.0022 0.0004 0.0010 0.0004 0.0010 
        038s 14 0.9975 0.0003 0.0008 0.0004 0.0006 0.0005 
        039s 14 0.9873 0.0052 0.0007 0.0019 0.0018 0.0030 
        040s 14 0.9817 0.0007 0.0005 0.0160 0.0008 0.0002 
        041s 14 0.9963 0.0008 0.0003 0.0011 0.0011 0.0004 
        042s 14 0.9284 0.0008 0.0012 0.0683 0.0003 0.0009 
        001s 15 0.9961 0.0010 0.0003 0.0014 0.0005 0.0008 
        002s 15 0.8811 0.0097 0.0005 0.1018 0.0027 0.0042 
        003s 15 0.9814 0.0061 0.0065 0.0046 0.0006 0.0008 
        004s 15 0.9895 0.0002 0.0003 0.0007 0.0004 0.0090 
        005s 15 0.9740 0.0058 0.0108 0.0076 0.0009 0.0009 
        006s 15 0.9769 0.0009 0.0006 0.0189 0.0022 0.0005 
        007s 15 0.9977 0.0004 0.0003 0.0004 0.0003 0.0010 
        008s 15 0.9976 0.0005 0.0002 0.0005 0.0006 0.0006 
        009s 15 0.9297 0.0363 0.0195 0.0128 0.0012 0.0006 
        010s 15 0.9972 0.0010 0.0007 0.0005 0.0003 0.0004 
        011s 15 0.9427 0.0007 0.0201 0.0008 0.0354 0.0003 
        012s 15 0.9849 0.0018 0.0104 0.0011 0.0007 0.0012 
        013s 15 0.9935 0.0011 0.0002 0.0015 0.0005 0.0033 
        014s 15 0.9880 0.0051 0.0013 0.0010 0.0008 0.0037 
        015s 15 0.9110 0.0043 0.0012 0.0786 0.0040 0.0008 
        016s 15 0.9003 0.0003 0.0012 0.0026 0.0618 0.0338 
        017s 15 0.9827 0.0022 0.0009 0.0010 0.0005 0.0127 
        018s 15 0.9953 0.0006 0.0005 0.0018 0.0002 0.0016 
        019s 15 0.9881 0.0047 0.0015 0.0047 0.0003 0.0006 
        020s 15 0.9976 0.0007 0.0007 0.0004 0.0002 0.0003 
        021s 15 0.9267 0.0037 0.0039 0.0641 0.0010 0.0005 
        022s 15 0.9952 0.0005 0.0024 0.0004 0.0010 0.0005 
        023s 15 0.9704 0.0005 0.0014 0.0245 0.0028 0.0003 
        024s 15 0.9942 0.0006 0.0005 0.0013 0.0030 0.0004 
        025s 15 0.9669 0.0264 0.0016 0.0029 0.0009 0.0013 
        026s 15 0.9714 0.0235 0.0003 0.0014 0.0009 0.0025 
        027s 15 0.9717 0.0005 0.0010 0.0023 0.0122 0.0123 
        028s 15 0.9932 0.0015 0.0034 0.0003 0.0004 0.0012 
        029s 15 0.9962 0.0010 0.0003 0.0005 0.0009 0.0012 
        030s 15 0.9972 0.0005 0.0001 0.0004 0.0006 0.0011 
        031s 15 0.9328 0.0040 0.0033 0.0579 0.0008 0.0012 
        032s 15 0.9968 0.0017 0.0003 0.0005 0.0002 0.0005 
        033s 15 0.9306 0.0002 0.0005 0.0670 0.0007 0.0011 
        035s 15 0.9911 0.0005 0.0041 0.0012 0.0016 0.0015 
        036s 15 0.9925 0.0037 0.0003 0.0011 0.0022 0.0002 
        037s 15 0.9914 0.0009 0.0006 0.0010 0.0057 0.0004 
        038s 15 0.9922 0.0003 0.0003 0.0038 0.0025 0.0008 
        039s 15 0.9284 0.0002 0.0029 0.0681 0.0001 0.0002 
        040s 15 0.9913 0.0005 0.0013 0.0017 0.0031 0.0023 
        041s 15 0.9206 0.0034 0.0024 0.0696 0.0033 0.0007 
        042s 15 0.9914 0.0008 0.0008 0.0044 0.0003 0.0024 
        043s 15 0.9848 0.0018 0.0008 0.0111 0.0014 0.0002 
        044s 15 0.9931 0.0008 0.0013 0.0032 0.0005 0.0010 
        045s 15 0.8922 0.0807 0.0034 0.0023 0.0201 0.0014 
        046s 15 0.9743 0.0008 0.0021 0.0189 0.0035 0.0004 
        047s 15 0.9756 0.0005 0.0136 0.0092 0.0008 0.0004 
        048s 15 0.9814 0.0159 0.0005 0.0003 0.0007 0.0013 
        049s 15 0.9853 0.0006 0.0082 0.0048 0.0008 0.0004 
        050s 15 0.8506 0.0021 0.0007 0.1363 0.0006 0.0096 
         001 16 0.8003 0.0005 0.0716 0.1239 0.0015 0.0022 
         002 16 0.9569 0.0003 0.0332 0.0090 0.0003 0.0002 
         003 16 0.9874 0.0015 0.0042 0.0024 0.0023 0.0022 
         004 16 0.9956 0.0014 0.0009 0.0007 0.0006 0.0007 
         005 16 0.9068 0.0304 0.0010 0.0533 0.0056 0.0030 
         006 16 0.9568 0.0098 0.0302 0.0023 0.0004 0.0005 
         007 16 0.9906 0.0012 0.0006 0.0062 0.0007 0.0007 
         008 16 0.8285 0.0004 0.0002 0.1567 0.0133 0.0009 
         009 16 0.9928 0.0004 0.0002 0.0050 0.0005 0.0011 
         010 16 0.9659 0.0008 0.0016 0.0312 0.0003 0.0003 
         011 16 0.9896 0.0017 0.0015 0.0057 0.0010 0.0005 
         012 16 0.9949 0.0010 0.0015 0.0004 0.0014 0.0008 
         013 16 0.9973 0.0005 0.0004 0.0003 0.0009 0.0005 
         014 16 0.9695 0.0003 0.0040 0.0245 0.0005 0.0012 
         015 16 0.6252 0.3698 0.0007 0.0002 0.0022 0.0019 
         016 16 0.9782 0.0144 0.0005 0.0015 0.0002 0.0052 
         017 16 0.9833 0.0010 0.0019 0.0049 0.0082 0.0007 
         018 16 0.9185 0.0314 0.0009 0.0401 0.0018 0.0072 
         019 16 0.9287 0.0005 0.0012 0.0648 0.0036 0.0012 
         020 16 0.9966 0.0006 0.0016 0.0002 0.0003 0.0007 
         021 16 0.8669 0.0007 0.0740 0.0542 0.0018 0.0025 
         022 16 0.9582 0.0020 0.0003 0.0386 0.0002 0.0007 
         023 16 0.9610 0.0065 0.0009 0.0308 0.0004 0.0004 
         024 16 0.9668 0.0254 0.0006 0.0055 0.0004 0.0013 
         025 16 0.9354 0.0014 0.0018 0.0408 0.0198 0.0009 
         026 16 0.8796 0.0015 0.0405 0.0778 0.0003 0.0003 
         027 16 0.9752 0.0014 0.0003 0.0150 0.0004 0.0078 
         028 16 0.8067 0.0002 0.0016 0.1462 0.0263 0.0190 
         029 16 0.9746 0.0007 0.0065 0.0018 0.0149 0.0016 
         030 16 0.9929 0.0004 0.0003 0.0008 0.0052 0.0003 
         031 16 0.9816 0.0004 0.0027 0.0008 0.0005 0.0140 
         032 16 0.9043 0.0055 0.0011 0.0875 0.0007 0.0010 
         033 16 0.9979 0.0002 0.0008 0.0003 0.0006 0.0003 
         034 16 0.9922 0.0008 0.0006 0.0030 0.0032 0.0002 
         035 16 0.9984 0.0002 0.0004 0.0002 0.0005 0.0004 
         036 16 0.9959 0.0014 0.0004 0.0005 0.0003 0.0015 
         037 16 0.9560 0.0033 0.0007 0.0274 0.0120 0.0006 
         038 16 0.9884 0.0070 0.0004 0.0022 0.0010 0.0010 
         039 16 0.9958 0.0006 0.0004 0.0019 0.0003 0.0010 
         040 16 0.9942 0.0018 0.0019 0.0006 0.0010 0.0005 
         041 16 0.9967 0.0014 0.0003 0.0007 0.0006 0.0003 
         042 16 0.9956 0.0005 0.0004 0.0011 0.0009 0.0016 
         043 16 0.9964 0.0009 0.0003 0.0011 0.0005 0.0009 
         044 16 0.9896 0.0010 0.0005 0.0062 0.0014 0.0014 
         045 16 0.9644 0.0002 0.0317 0.0009 0.0008 0.0020 
         047 16 0.9556 0.0006 0.0015 0.0020 0.0344 0.0059 
         048 16 0.9886 0.0006 0.0006 0.0017 0.0078 0.0007 
         049 16 0.9937 0.0034 0.0005 0.0006 0.0014 0.0006 
         050 16 0.9974 0.0002 0.0012 0.0003 0.0005 0.0004 
         051 16 0.9952 0.0004 0.0016 0.0005 0.0008 0.0015 
         052 16 0.9982 0.0006 0.0002 0.0002 0.0005 0.0003 
         053 16 0.9969 0.0006 0.0003 0.0003 0.0010 0.0009 
         054 16 0.9418 0.0007 0.0077 0.0481 0.0006 0.0011 
         055 16 0.9400 0.0006 0.0142 0.0014 0.0434 0.0004 
         056 16 0.9900 0.0077 0.0004 0.0009 0.0003 0.0007 
         057 16 0.9094 0.0002 0.0004 0.0891 0.0006 0.0003 
         058 16 0.8767 0.0166 0.0575 0.0481 0.0010 0.0002 
         059 16 0.8125 0.0894 0.0244 0.0698 0.0013 0.0027 
         060 16 0.9861 0.0097 0.0015 0.0013 0.0004 0.0009 
         061 16 0.9951 0.0014 0.0008 0.0012 0.0009 0.0007 
         062 16 0.9926 0.0004 0.0020 0.0006 0.0036 0.0009 
         063 16 0.9943 0.0011 0.0018 0.0020 0.0004 0.0005 
         064 16 0.9962 0.0018 0.0003 0.0007 0.0006 0.0004 
         065 16 0.9862 0.0017 0.0098 0.0007 0.0007 0.0009 
         066 16 0.9973 0.0007 0.0005 0.0003 0.0003 0.0009 
         067 16 0.9168 0.0772 0.0006 0.0007 0.0037 0.0010 
         068 16 0.9618 0.0315 0.0014 0.0038 0.0008 0.0006 
         069 16 0.9923 0.0004 0.0007 0.0006 0.0005 0.0055 
         070 16 0.9910 0.0006 0.0020 0.0040 0.0004 0.0020 
         071 16 0.9139 0.0003 0.0026 0.0696 0.0128 0.0007 
         072 16 0.9914 0.0011 0.0017 0.0044 0.0005 0.0008 
         073 16 0.9946 0.0003 0.0006 0.0010 0.0028 0.0007 
         074 16 0.9966 0.0002 0.0022 0.0002 0.0003 0.0004 
         075 16 0.9716 0.0009 0.0120 0.0126 0.0022 0.0007 
         076 16 0.9967 0.0004 0.0004 0.0011 0.0008 0.0006 
         077 16 0.8885 0.0594 0.0024 0.0092 0.0051 0.0353 
         078 16 0.9453 0.0010 0.0003 0.0524 0.0002 0.0008 
         079 16 0.9112 0.0006 0.0043 0.0808 0.0019 0.0013 
         080 16 0.9945 0.0010 0.0004 0.0034 0.0002 0.0004 
         081 16 0.9606 0.0007 0.0173 0.0063 0.0138 0.0013 
         082 16 0.9624 0.0003 0.0007 0.0178 0.0184 0.0004 
         083 16 0.9963 0.0014 0.0005 0.0005 0.0008 0.0006 
         084 16 0.9921 0.0009 0.0008 0.0020 0.0018 0.0024 
         085 16 0.9861 0.0101 0.0006 0.0011 0.0005 0.0017 
         086 16 0.8879 0.0005 0.0096 0.0995 0.0018 0.0006 
         087 16 0.9793 0.0003 0.0091 0.0091 0.0008 0.0014 
         088 16 0.9963 0.0018 0.0005 0.0007 0.0002 0.0004 
         089 16 0.9917 0.0008 0.0022 0.0010 0.0035 0.0007 
         090 16 0.9915 0.0004 0.0014 0.0043 0.0007 0.0017 
         091 16 0.9906 0.0006 0.0072 0.0004 0.0005 0.0006 
         092 16 0.9588 0.0009 0.0007 0.0382 0.0007 0.0006 
         093 16 0.9956 0.0004 0.0004 0.0011 0.0005 0.0020 
         094 16 0.9468 0.0408 0.0006 0.0076 0.0004 0.0037 
         095 16 0.9972 0.0004 0.0004 0.0006 0.0002 0.0011 
         096 16 0.9590 0.0029 0.0004 0.0008 0.0365 0.0003 
         097 16 0.9003 0.0074 0.0010 0.0071 0.0822 0.0020 
         098 16 0.9845 0.0044 0.0003 0.0013 0.0007 0.0088 
         099 16 0.9913 0.0068 0.0003 0.0003 0.0004 0.0009 
         100 16 0.9957 0.0018 0.0008 0.0007 0.0003 0.0007 
         101 16 0.9541 0.0017 0.0006 0.0425 0.0007 0.0004 
         102 16 0.9939 0.0014 0.0007 0.0016 0.0019 0.0006 
         103 16 0.9853 0.0025 0.0074 0.0007 0.0010 0.0030 
         104 16 0.9846 0.0039 0.0003 0.0100 0.0008 0.0004 
         105 16 0.8974 0.0033 0.0023 0.0775 0.0169 0.0026 
         106 16 0.9941 0.0020 0.0021 0.0011 0.0003 0.0003 
         107 16 0.9214 0.0036 0.0003 0.0279 0.0003 0.0466 
         108 16 0.6411 0.1634 0.0321 0.0969 0.0004 0.0662 
         109 16 0.9812 0.0004 0.0119 0.0042 0.0020 0.0004 
         110 16 0.9973 0.0009 0.0002 0.0004 0.0009 0.0003 
         111 16 0.9375 0.0012 0.0006 0.0598 0.0003 0.0006 
         112 16 0.9467 0.0014 0.0005 0.0502 0.0006 0.0006 
         113 16 0.9363 0.0007 0.0016 0.0576 0.0025 0.0012 
         114 16 0.9689 0.0011 0.0004 0.0258 0.0004 0.0034 
         115 16 0.9974 0.0005 0.0003 0.0004 0.0010 0.0004 
         116 16 0.9746 0.0008 0.0003 0.0234 0.0005 0.0005 
         117 16 0.9640 0.0007 0.0294 0.0022 0.0004 0.0033 
         118 16 0.9802 0.0092 0.0003 0.0089 0.0003 0.0010 
         119 16 0.9910 0.0008 0.0049 0.0013 0.0004 0.0016 
         120 16 0.9870 0.0004 0.0018 0.0003 0.0094 0.0010 
         121 16 0.9588 0.0339 0.0017 0.0004 0.0049 0.0002 
         122 16 0.9981 0.0004 0.0004 0.0003 0.0005 0.0003 
         123 16 0.9918 0.0004 0.0008 0.0036 0.0006 0.0027 
         124 16 0.9883 0.0011 0.0036 0.0062 0.0004 0.0003 
         126 16 0.8311 0.0010 0.0006 0.1637 0.0005 0.0032 
         001 17 0.9840 0.0005 0.0005 0.0006 0.0029 0.0114 
         002 17 0.9957 0.0005 0.0021 0.0010 0.0003 0.0004 
         003 17 0.9973 0.0004 0.0007 0.0004 0.0004 0.0008 
         005 17 0.9723 0.0004 0.0003 0.0004 0.0007 0.0259 
         006 17 0.9414 0.0003 0.0311 0.0005 0.0253 0.0014 
         007 17 0.8505 0.0167 0.0056 0.1136 0.0118 0.0018 
         008 17 0.8729 0.0006 0.0008 0.1122 0.0130 0.0005 
         009 17 0.9982 0.0005 0.0003 0.0002 0.0003 0.0005 
         010 17 0.9966 0.0012 0.0007 0.0006 0.0004 0.0005 
         011 17 0.4712 0.3773 0.0004 0.1484 0.0014 0.0013 
         012 17 0.9908 0.0011 0.0005 0.0065 0.0006 0.0006 
         013 17 0.9984 0.0003 0.0003 0.0003 0.0002 0.0005 
         014 17 0.9974 0.0004 0.0006 0.0004 0.0004 0.0010 
         015 17 0.9866 0.0002 0.0004 0.0017 0.0104 0.0006 
         016 17 0.9973 0.0004 0.0004 0.0008 0.0006 0.0004 
         017 17 0.9939 0.0010 0.0011 0.0015 0.0016 0.0009 
         018 17 0.9489 0.0003 0.0011 0.0299 0.0014 0.0184 
         019 17 0.9976 0.0006 0.0002 0.0007 0.0002 0.0006 
         020 17 0.9961 0.0008 0.0003 0.0011 0.0013 0.0004 
         021 17 0.9970 0.0009 0.0003 0.0003 0.0012 0.0004 
         022 17 0.9351 0.0012 0.0004 0.0454 0.0078 0.0100 
         023 17 0.9911 0.0005 0.0013 0.0042 0.0003 0.0026 
         024 17 0.9415 0.0052 0.0071 0.0151 0.0296 0.0014 
         025 17 0.9979 0.0003 0.0007 0.0004 0.0004 0.0003 
         002 18 0.9914 0.0015 0.0015 0.0002 0.0004 0.0049 
         003 18 0.9980 0.0007 0.0005 0.0002 0.0002 0.0003 
         004 18 0.9564 0.0006 0.0015 0.0375 0.0005 0.0035 
         005 18 0.9614 0.0319 0.0012 0.0043 0.0005 0.0007 
