        001s  1 0.0011 0.0003 0.0043 0.2217 0.0008 0.7683 0.0005 0.0002 0.0025 0.0004 
        002s  1 0.0007 0.0035 0.3945 0.5797 0.0008 0.0149 0.0004 0.0028 0.0020 0.0008 
        003s  1 0.0252 0.0011 0.0427 0.9028 0.0037 0.0099 0.0034 0.0008 0.0078 0.0028 
        004s  1 0.0005 0.0284 0.0242 0.4654 0.0072 0.4486 0.0017 0.0013 0.0203 0.0024 
        005s  1 0.0003 0.1043 0.0046 0.4662 0.0927 0.0016 0.2000 0.0885 0.0409 0.0008 
        006s  1 0.0003 0.0012 0.7691 0.0033 0.0005 0.2090 0.0004 0.0005 0.0153 0.0004 
        007s  1 0.0009 0.0004 0.0210 0.0307 0.0018 0.9023 0.0010 0.0008 0.0384 0.0028 
        008s  1 0.0008 0.0008 0.0037 0.4681 0.0016 0.4373 0.0531 0.0003 0.0336 0.0006 
        009s  1 0.0019 0.0008 0.0015 0.2830 0.0134 0.6396 0.0163 0.0227 0.0154 0.0054 
        010s  1 0.0006 0.0011 0.8490 0.0157 0.0083 0.1026 0.0010 0.0012 0.0200 0.0004 
        011s  1 0.0054 0.0019 0.1366 0.0087 0.0013 0.8211 0.0019 0.0013 0.0189 0.0030 
        012s  1 0.0088 0.0065 0.0875 0.0788 0.1092 0.5212 0.0018 0.0045 0.1804 0.0014 
        013s  1 0.0008 0.0044 0.5811 0.0110 0.0009 0.3634 0.0082 0.0189 0.0028 0.0084 
        014s  1 0.0219 0.0012 0.0248 0.0163 0.0115 0.8392 0.0346 0.0006 0.0457 0.0044 
        015s  1 0.0011 0.0005 0.0744 0.0051 0.0006 0.9099 0.0007 0.0006 0.0067 0.0005 
        016s  1 0.0012 0.0007 0.1338 0.1148 0.0065 0.6489 0.0004 0.0005 0.0871 0.0060 
        018s  1 0.0013 0.0007 0.0210 0.0495 0.0942 0.6174 0.0815 0.0020 0.1317 0.0008 
        019s  1 0.0047 0.0003 0.0574 0.0825 0.0095 0.8083 0.0111 0.0007 0.0241 0.0013 
        020s  1 0.0081 0.0003 0.8666 0.0043 0.0008 0.1021 0.0004 0.0004 0.0053 0.0118 
        021s  1 0.0008 0.0058 0.0976 0.0347 0.0003 0.8462 0.0004 0.0019 0.0060 0.0063 
        022s  1 0.0008 0.0004 0.0305 0.9097 0.0002 0.0470 0.0006 0.0002 0.0093 0.0012 
        023s  1 0.0011 0.0005 0.0050 0.1077 0.0004 0.8588 0.0004 0.0004 0.0177 0.0081 
        024s  1 0.0004 0.0019 0.0062 0.0057 0.0015 0.9502 0.0011 0.0004 0.0318 0.0008 
        025s  1 0.0005 0.0022 0.0150 0.0020 0.0069 0.4348 0.0120 0.0004 0.5255 0.0007 
        026s  1 0.0048 0.0005 0.0072 0.0081 0.0010 0.8697 0.0005 0.0017 0.0954 0.0110 
        027s  1 0.0005 0.0176 0.0088 0.0309 0.0013 0.1252 0.0029 0.0005 0.8102 0.0021 
        028s  1 0.0011 0.0398 0.0164 0.0048 0.0063 0.3552 0.0818 0.0006 0.4933 0.0007 
        029s  1 0.0057 0.0008 0.0227 0.0079 0.0013 0.9459 0.0004 0.0006 0.0142 0.0007 
        030s  1 0.0076 0.0052 0.5349 0.0015 0.0009 0.0200 0.0072 0.0006 0.4215 0.0005 
        031s  1 0.0003 0.0003 0.0929 0.1051 0.0003 0.7710 0.0009 0.0003 0.0279 0.0011 
        032s  1 0.0012 0.0005 0.9607 0.0045 0.0007 0.0123 0.0081 0.0003 0.0109 0.0007 
        033s  1 0.0010 0.0004 0.0061 0.0189 0.0010 0.9108 0.0275 0.0023 0.0312 0.0008 
        034s  1 0.0025 0.0017 0.0180 0.4405 0.0017 0.4764 0.0053 0.0004 0.0021 0.0513 
        035s  1 0.0021 0.0033 0.9101 0.0014 0.0032 0.0715 0.0014 0.0007 0.0051 0.0011 
        036s  1 0.0004 0.0013 0.5889 0.3075 0.0957 0.0025 0.0010 0.0007 0.0008 0.0012 
        037s  1 0.0007 0.0033 0.8264 0.0105 0.1050 0.0029 0.0011 0.0221 0.0023 0.0258 
        038s  1 0.0007 0.0005 0.8824 0.0169 0.0008 0.0892 0.0029 0.0010 0.0049 0.0007 
        039s  1 0.0008 0.0018 0.0042 0.0250 0.0003 0.8985 0.0027 0.0237 0.0426 0.0003 
        040s  1 0.0010 0.0054 0.8240 0.1135 0.0015 0.0425 0.0014 0.0010 0.0055 0.0044 
        041s  1 0.0007 0.0004 0.0080 0.0056 0.0027 0.8699 0.0006 0.0013 0.1085 0.0022 
        042s  1 0.0008 0.0006 0.1499 0.0792 0.0755 0.5454 0.0017 0.0006 0.0693 0.0772 
        043s  1 0.0032 0.0003 0.0226 0.8029 0.0010 0.0237 0.0931 0.0024 0.0501 0.0007 
        044s  1 0.0021 0.0114 0.6798 0.1600 0.0631 0.0308 0.0100 0.0176 0.0161 0.0093 
        045s  1 0.0009 0.0036 0.8584 0.0021 0.0111 0.1153 0.0008 0.0006 0.0064 0.0009 
        046s  1 0.0025 0.0005 0.9302 0.0245 0.0017 0.0319 0.0012 0.0006 0.0062 0.0007 
        047s  1 0.0013 0.0002 0.8288 0.0054 0.0010 0.1262 0.0004 0.0005 0.0307 0.0056 
        048s  1 0.0005 0.0002 0.0841 0.4567 0.0238 0.4184 0.0007 0.0129 0.0015 0.0012 
        049s  1 0.0009 0.0034 0.0173 0.8629 0.0006 0.1063 0.0012 0.0004 0.0062 0.0008 
        050s  1 0.0003 0.0028 0.6932 0.0681 0.0903 0.1231 0.0114 0.0016 0.0086 0.0005 
        051s  1 0.0302 0.0006 0.0640 0.0116 0.0004 0.8491 0.0002 0.0005 0.0423 0.0010 
        052s  1 0.0196 0.0033 0.5737 0.0570 0.0069 0.1604 0.0074 0.0029 0.1674 0.0014 
        053s  1 0.0004 0.0003 0.9198 0.0034 0.0019 0.0662 0.0006 0.0042 0.0027 0.0007 
        054s  1 0.0041 0.0048 0.9179 0.0026 0.0003 0.0599 0.0002 0.0021 0.0067 0.0014 
        055s  1 0.0048 0.0003 0.0081 0.0086 0.0409 0.8121 0.0397 0.0125 0.0012 0.0718 
          01  2 0.0316 0.0007 0.6602 0.0100 0.1000 0.1285 0.0374 0.0014 0.0283 0.0018 
          02  2 0.0016 0.0011 0.7630 0.0038 0.0075 0.1287 0.0019 0.0293 0.0621 0.0009 
          03  2 0.0004 0.0012 0.8978 0.0109 0.0021 0.0363 0.0017 0.0006 0.0475 0.0015 
          04  2 0.0013 0.0100 0.0119 0.0615 0.0010 0.2990 0.0376 0.0019 0.5627 0.0132 
          05  2 0.0003 0.0003 0.0076 0.6208 0.0765 0.0064 0.0665 0.0010 0.2201 0.0005 
          06  2 0.0009 0.0013 0.9403 0.0055 0.0231 0.0076 0.0028 0.0076 0.0103 0.0007 
          07  2 0.0012 0.0018 0.4828 0.1809 0.0025 0.3003 0.0135 0.0041 0.0120 0.0007 
          08  2 0.0009 0.0003 0.0248 0.5945 0.0762 0.1101 0.0017 0.0009 0.1894 0.0011 
          09  2 0.0094 0.0004 0.0359 0.0395 0.0011 0.9030 0.0004 0.0006 0.0094 0.0003 
          10  2 0.0004 0.0010 0.8731 0.0106 0.0025 0.0453 0.0009 0.0009 0.0647 0.0006 
          11  2 0.0075 0.0009 0.1409 0.0400 0.0303 0.7477 0.0008 0.0005 0.0292 0.0022 
          12  2 0.0017 0.0010 0.2786 0.0138 0.0005 0.6490 0.0014 0.0012 0.0523 0.0006 
          13  2 0.0006 0.0003 0.0068 0.0970 0.0004 0.8884 0.0004 0.0018 0.0036 0.0006 
          14  2 0.0038 0.0058 0.0097 0.3250 0.0003 0.6019 0.0004 0.0015 0.0231 0.0284 
          15  2 0.0018 0.0008 0.1397 0.2805 0.0008 0.5607 0.0004 0.0010 0.0123 0.0019 
          16  2 0.0038 0.0501 0.0275 0.0062 0.0006 0.8481 0.0064 0.0006 0.0530 0.0037 
          17  2 0.0009 0.0006 0.6599 0.0515 0.0019 0.0091 0.0008 0.0043 0.2694 0.0016 
          18  2 0.0016 0.0018 0.8407 0.0089 0.0087 0.0918 0.0031 0.0103 0.0324 0.0007 
          19  2 0.0024 0.0004 0.0544 0.0160 0.0015 0.8713 0.0004 0.0008 0.0492 0.0036 
          20  2 0.0029 0.0053 0.4012 0.0126 0.0592 0.4871 0.0019 0.0006 0.0226 0.0066 
          21  2 0.0185 0.0004 0.0071 0.0319 0.0013 0.8929 0.0018 0.0006 0.0449 0.0006 
          22  2 0.0080 0.0067 0.0100 0.0019 0.0012 0.6828 0.0014 0.0008 0.2834 0.0038 
          23  2 0.0010 0.0017 0.9688 0.0024 0.0011 0.0104 0.0040 0.0015 0.0067 0.0026 
          24  2 0.0010 0.0006 0.0123 0.0032 0.0006 0.9385 0.0007 0.0006 0.0416 0.0008 
          25  2 0.0018 0.0234 0.0679 0.1075 0.0066 0.7856 0.0015 0.0014 0.0036 0.0008 
          26  2 0.0006 0.0005 0.0023 0.9928 0.0006 0.0011 0.0003 0.0005 0.0010 0.0003 
          27  2 0.0014 0.0177 0.0256 0.0573 0.0007 0.8835 0.0036 0.0019 0.0044 0.0039 
          28  2 0.0012 0.0002 0.0830 0.0829 0.0012 0.7847 0.0012 0.0005 0.0396 0.0054 
          29  2 0.0008 0.0009 0.9541 0.0063 0.0014 0.0158 0.0007 0.0008 0.0189 0.0003 
          30  2 0.0111 0.0004 0.6831 0.0397 0.1422 0.0077 0.0030 0.0051 0.0253 0.0824 
          01  3 0.0005 0.0003 0.0901 0.0156 0.1117 0.1549 0.1874 0.4143 0.0072 0.0179 
          02  3 0.0743 0.2407 0.0310 0.0014 0.0948 0.0044 0.3184 0.2201 0.0089 0.0061 
          03  3 0.0005 0.1303 0.0066 0.0067 0.0534 0.0313 0.7642 0.0002 0.0036 0.0033 
          04  3 0.0012 0.1362 0.0029 0.0051 0.1673 0.0092 0.4617 0.1911 0.0228 0.0024 
          05  3 0.1027 0.2194 0.0003 0.0003 0.0748 0.0002 0.3598 0.1426 0.0004 0.0996 
          06  3 0.0003 0.2346 0.0002 0.0004 0.0706 0.0002 0.5018 0.1912 0.0003 0.0004 
          07  3 0.0013 0.0921 0.0387 0.0028 0.1019 0.0252 0.7338 0.0002 0.0037 0.0003 
          08  3 0.0071 0.1778 0.0280 0.0012 0.1603 0.0464 0.3616 0.1113 0.1019 0.0043 
          09  3 0.0003 0.1044 0.0086 0.0045 0.1766 0.0055 0.6906 0.0007 0.0072 0.0017 
          10  3 0.2065 0.2310 0.0008 0.0007 0.0004 0.0006 0.3088 0.1453 0.0005 0.1054 
          11  3 0.0004 0.1151 0.0010 0.0015 0.1025 0.0007 0.7771 0.0002 0.0010 0.0003 
          12  3 0.0002 0.1218 0.0003 0.0005 0.1151 0.0003 0.7609 0.0005 0.0003 0.0002 
          13  3 0.0005 0.2523 0.0002 0.0003 0.0546 0.0002 0.4673 0.2243 0.0002 0.0001 
          14  3 0.0196 0.2559 0.0004 0.0005 0.0265 0.0004 0.4023 0.1558 0.0004 0.1381 
          15  3 0.0003 0.0975 0.0032 0.0013 0.1298 0.0670 0.5206 0.0782 0.1004 0.0017 
          16  3 0.0046 0.2611 0.0026 0.0021 0.0005 0.0025 0.3585 0.3619 0.0024 0.0038 
          17  3 0.0008 0.0657 0.2259 0.0014 0.2476 0.0626 0.3241 0.0649 0.0057 0.0011 
          18  3 0.1563 0.1973 0.0006 0.0022 0.0056 0.0014 0.2389 0.1286 0.0006 0.2686 
          19  3 0.0007 0.2194 0.0023 0.0027 0.0459 0.0063 0.3566 0.2837 0.0719 0.0106 
          20  3 0.0005 0.1144 0.0047 0.0092 0.1591 0.0066 0.3862 0.2209 0.0393 0.0592 
          21  3 0.0012 0.1302 0.0073 0.0025 0.0843 0.1581 0.2771 0.3273 0.0045 0.0074 
          22  3 0.0004 0.0559 0.0108 0.0024 0.1610 0.0086 0.6950 0.0226 0.0401 0.0031 
          23  3 0.0004 0.1384 0.0016 0.0008 0.1432 0.0061 0.3085 0.2530 0.1448 0.0032 
          24  3 0.1611 0.1099 0.0013 0.0010 0.2395 0.0013 0.3175 0.1667 0.0012 0.0006 
          25  3 0.2383 0.0930 0.0004 0.0003 0.0350 0.0002 0.2705 0.2402 0.0003 0.1217 
          26  3 0.0005 0.1435 0.0023 0.0011 0.1586 0.0020 0.6523 0.0381 0.0013 0.0004 
          27  3 0.1309 0.1528 0.0010 0.0030 0.0015 0.0018 0.3048 0.2248 0.0025 0.1768 
          28  3 0.0023 0.1812 0.0020 0.0012 0.1055 0.0055 0.3912 0.3069 0.0040 0.0002 
          29  3 0.0046 0.1745 0.0269 0.0023 0.1359 0.0069 0.3116 0.2793 0.0394 0.0184 
          30  3 0.0012 0.0512 0.0144 0.1664 0.1594 0.0039 0.3782 0.2052 0.0196 0.0004 
         001  4 0.0001 0.0001 0.0001 0.0001 0.9993 0.0001 0.0001 0.0001 0.0001 0.0001 
         002  4 0.0003 0.0006 0.0002 0.0004 0.9733 0.0003 0.0234 0.0011 0.0003 0.0001 
         003  4 0.0001 0.0001 0.0001 0.0001 0.9991 0.0001 0.0001 0.0002 0.0001 0.0001 
         004  4 0.0001 0.0002 0.0001 0.0001 0.9991 0.0001 0.0001 0.0001 0.0001 0.0001 
         005  4 0.0002 0.0003 0.0001 0.0001 0.9988 0.0001 0.0001 0.0001 0.0001 0.0001 
         006  4 0.0002 0.0522 0.0004 0.0003 0.8467 0.0006 0.0764 0.0229 0.0003 0.0002 
         007  4 0.0002 0.0458 0.0003 0.0007 0.8653 0.0004 0.0865 0.0001 0.0004 0.0003 
         008  4 0.0015 0.0014 0.0004 0.0007 0.9914 0.0005 0.0001 0.0008 0.0004 0.0028 
         009  4 0.0001 0.0002 0.0001 0.0001 0.9989 0.0001 0.0001 0.0001 0.0001 0.0001 
         010  4 0.0001 0.0401 0.0001 0.0001 0.9588 0.0001 0.0005 0.0001 0.0001 0.0001 
         011  4 0.0002 0.0451 0.0008 0.0017 0.9348 0.0009 0.0008 0.0020 0.0003 0.0133 
         012  4 0.0001 0.0001 0.0001 0.0001 0.9986 0.0001 0.0005 0.0001 0.0001 0.0001 
         013  4 0.0001 0.0002 0.0001 0.0001 0.9990 0.0001 0.0001 0.0002 0.0001 0.0001 
         014  4 0.0001 0.0001 0.0002 0.0002 0.9687 0.0002 0.0300 0.0001 0.0002 0.0002 
         015  4 0.0001 0.0001 0.0001 0.0001 0.9435 0.0001 0.0557 0.0003 0.0001 0.0001 
         016  4 0.0001 0.0002 0.0001 0.0001 0.9991 0.0001 0.0001 0.0002 0.0001 0.0001 
         017  4 0.0001 0.0002 0.0001 0.0001 0.9455 0.0001 0.0531 0.0004 0.0002 0.0001 
         019  4 0.0003 0.0890 0.0002 0.0004 0.8604 0.0004 0.0415 0.0072 0.0003 0.0003 
         020  4 0.0001 0.0002 0.0002 0.0001 0.9988 0.0001 0.0001 0.0002 0.0001 0.0001 
         021  4 0.0002 0.0336 0.0002 0.0002 0.9399 0.0002 0.0252 0.0001 0.0002 0.0001 
         001  5 0.0013 0.0004 0.0008 0.0005 0.8900 0.0005 0.0799 0.0040 0.0007 0.0218 
         002  5 0.0008 0.0003 0.0027 0.0283 0.9225 0.0028 0.0016 0.0381 0.0015 0.0014 
         003  5 0.0003 0.0320 0.1080 0.0008 0.6665 0.0511 0.0487 0.0888 0.0015 0.0023 
         004  5 0.0003 0.0026 0.0091 0.0079 0.9145 0.0489 0.0005 0.0119 0.0028 0.0014 
         005  5 0.0002 0.0004 0.0002 0.0002 0.8783 0.0002 0.0750 0.0451 0.0002 0.0003 
         006  5 0.0005 0.0102 0.0004 0.0003 0.7651 0.0005 0.0863 0.1359 0.0005 0.0002 
         007  5 0.0002 0.0439 0.0002 0.0002 0.8159 0.0003 0.0759 0.0630 0.0002 0.0002 
         008  5 0.0002 0.0004 0.0001 0.0001 0.8544 0.0001 0.0838 0.0607 0.0001 0.0001 
         009  5 0.0003 0.0032 0.0110 0.0014 0.8700 0.0227 0.0645 0.0189 0.0067 0.0012 
         010  5 0.0003 0.0292 0.0009 0.0007 0.8350 0.0021 0.0274 0.1016 0.0018 0.0011 
         011  5 0.0002 0.0002 0.0007 0.0005 0.8881 0.0003 0.0542 0.0540 0.0007 0.0012 
         012  5 0.0010 0.0722 0.0092 0.0079 0.8115 0.0252 0.0381 0.0292 0.0031 0.0025 
         013  5 0.0005 0.0005 0.0241 0.0021 0.6230 0.0102 0.1782 0.0575 0.1034 0.0005 
         014  5 0.0121 0.0725 0.0086 0.0019 0.6589 0.1492 0.0023 0.0634 0.0236 0.0075 
         015  5 0.0001 0.0170 0.0001 0.0002 0.8839 0.0002 0.0723 0.0258 0.0002 0.0002 
         016  5 0.0004 0.0287 0.0006 0.0005 0.8224 0.0007 0.1297 0.0161 0.0007 0.0002 
         017  5 0.0018 0.0473 0.0032 0.0008 0.7736 0.0024 0.1165 0.0521 0.0019 0.0003 
         018  5 0.0174 0.0007 0.0052 0.0018 0.7627 0.0030 0.1279 0.0505 0.0181 0.0128 
         019  5 0.0021 0.0002 0.0003 0.0002 0.9236 0.0003 0.0721 0.0004 0.0003 0.0005 
         020  5 0.0002 0.0002 0.0002 0.0002 0.9913 0.0002 0.0061 0.0012 0.0002 0.0002 
         021  5 0.0002 0.0004 0.0317 0.0116 0.8178 0.0909 0.0362 0.0070 0.0018 0.0024 
         022  5 0.0022 0.0026 0.0035 0.0010 0.8648 0.0049 0.0978 0.0008 0.0017 0.0207 
         023  5 0.0003 0.0004 0.0002 0.0003 0.8426 0.0002 0.1203 0.0348 0.0003 0.0006 
         024  5 0.0003 0.0693 0.0195 0.0057 0.8565 0.0085 0.0255 0.0078 0.0065 0.0005 
         025  5 0.0008 0.0444 0.0011 0.0011 0.7832 0.0014 0.1578 0.0089 0.0008 0.0004 
         026  5 0.0004 0.0081 0.0428 0.0007 0.7799 0.0572 0.0750 0.0152 0.0204 0.0004 
         027  5 0.0002 0.0020 0.0003 0.0001 0.9959 0.0003 0.0007 0.0002 0.0002 0.0002 
         028  5 0.0006 0.0297 0.0010 0.0016 0.8510 0.0010 0.1087 0.0010 0.0030 0.0024 
         029  5 0.0002 0.0009 0.0004 0.0003 0.9097 0.0002 0.0834 0.0045 0.0003 0.0002 
         030  5 0.0035 0.0005 0.0003 0.0004 0.9031 0.0004 0.0858 0.0053 0.0003 0.0004 
        001s  6 0.0008 0.0116 0.2183 0.1991 0.0008 0.5273 0.0051 0.0140 0.0045 0.0186 
        002s  6 0.0213 0.0005 0.1764 0.0063 0.0172 0.6771 0.0217 0.0030 0.0758 0.0007 
        003s  6 0.0007 0.0004 0.6568 0.2163 0.0103 0.0387 0.0016 0.0058 0.0665 0.0029 
        004s  6 0.0008 0.0004 0.9760 0.0100 0.0006 0.0068 0.0006 0.0005 0.0034 0.0010 
        006s  6 0.0015 0.0221 0.1068 0.0046 0.0564 0.7071 0.0006 0.0072 0.0831 0.0106 
        007s  6 0.0009 0.0028 0.0143 0.0034 0.0004 0.9098 0.0005 0.0008 0.0668 0.0003 
        008s  6 0.0025 0.0007 0.8953 0.0072 0.0044 0.0259 0.0010 0.0011 0.0539 0.0080 
        009s  6 0.0010 0.0004 0.0139 0.0102 0.0004 0.8281 0.0003 0.0008 0.1440 0.0009 
        010s  6 0.0092 0.0064 0.2587 0.0020 0.0270 0.6735 0.0012 0.0009 0.0126 0.0085 
        011s  6 0.0003 0.0011 0.9598 0.0020 0.0004 0.0185 0.0016 0.0092 0.0058 0.0012 
        012s  6 0.0032 0.0014 0.1310 0.0041 0.0004 0.8453 0.0091 0.0009 0.0033 0.0013 
        013s  6 0.0007 0.0011 0.9406 0.0069 0.0014 0.0427 0.0013 0.0006 0.0043 0.0004 
        014s  6 0.0004 0.0003 0.2044 0.3062 0.0330 0.3961 0.0444 0.0049 0.0099 0.0004 
        015s  6 0.0010 0.0051 0.9094 0.0015 0.0048 0.0047 0.0407 0.0006 0.0273 0.0050 
        016s  6 0.0008 0.0008 0.5384 0.1698 0.0004 0.2854 0.0008 0.0008 0.0021 0.0008 
        018s  6 0.0007 0.0003 0.0037 0.0117 0.2110 0.7013 0.0050 0.0624 0.0024 0.0016 
        019s  6 0.0011 0.0008 0.0432 0.1101 0.0033 0.3053 0.0093 0.0045 0.5203 0.0022 
        020s  6 0.0011 0.0006 0.0348 0.0596 0.0002 0.8811 0.0015 0.0010 0.0195 0.0006 
        021s  6 0.0012 0.0081 0.2776 0.0150 0.0010 0.6106 0.0011 0.0119 0.0686 0.0048 
        022s  6 0.0006 0.0002 0.0155 0.0369 0.0010 0.9264 0.0087 0.0005 0.0074 0.0028 
        023s  6 0.0005 0.0006 0.0037 0.4524 0.0169 0.0196 0.0067 0.0008 0.4978 0.0010 
        024s  6 0.0019 0.0019 0.6673 0.0083 0.0521 0.1581 0.0005 0.0008 0.1083 0.0009 
        025s  6 0.0009 0.0008 0.9018 0.0032 0.0010 0.0151 0.0004 0.0072 0.0025 0.0671 
        026s  6 0.0013 0.0005 0.9457 0.0186 0.0003 0.0270 0.0019 0.0004 0.0038 0.0005 
        027s  6 0.0010 0.0007 0.0424 0.0095 0.0015 0.9345 0.0003 0.0003 0.0093 0.0004 
        028s  6 0.0438 0.0031 0.0020 0.0012 0.0042 0.8977 0.0296 0.0043 0.0072 0.0070 
        029s  6 0.0018 0.0004 0.0220 0.0027 0.0004 0.8645 0.0007 0.0004 0.1055 0.0017 
        030s  6 0.0021 0.0005 0.0745 0.0018 0.0438 0.6179 0.0310 0.0014 0.2201 0.0069 
        031s  6 0.0005 0.0074 0.1654 0.5970 0.0015 0.1069 0.0011 0.0013 0.1183 0.0006 
        032s  6 0.0004 0.0007 0.2282 0.0196 0.0013 0.7062 0.0014 0.0338 0.0075 0.0009 
        033s  6 0.0005 0.0002 0.0380 0.0035 0.0184 0.8453 0.0917 0.0004 0.0012 0.0007 
        034s  6 0.0007 0.0047 0.1286 0.0081 0.0021 0.6867 0.0018 0.0004 0.1512 0.0157 
        035s  6 0.0008 0.0005 0.0015 0.8642 0.1237 0.0009 0.0057 0.0004 0.0010 0.0013 
        036s  6 0.0003 0.0028 0.0400 0.0089 0.0005 0.9035 0.0011 0.0114 0.0306 0.0010 
        037s  6 0.0021 0.0007 0.0130 0.0029 0.0007 0.9681 0.0005 0.0012 0.0087 0.0020 
        038s  6 0.0011 0.0034 0.0033 0.1043 0.0004 0.8797 0.0004 0.0007 0.0062 0.0006 
        039s  6 0.0009 0.0004 0.8170 0.0075 0.0002 0.0537 0.0003 0.0005 0.1187 0.0008 
        040s  6 0.0005 0.0016 0.8728 0.1093 0.0003 0.0018 0.0073 0.0007 0.0053 0.0005 
        041s  6 0.0041 0.0003 0.0213 0.4568 0.0612 0.3050 0.0019 0.0001 0.1438 0.0055 
        042s  6 0.0042 0.0008 0.0523 0.0146 0.0092 0.8545 0.0007 0.0013 0.0106 0.0518 
        043s  6 0.0003 0.0020 0.0763 0.0073 0.0012 0.8955 0.0007 0.0002 0.0115 0.0050 
        044s  6 0.0030 0.0004 0.1014 0.1256 0.0008 0.7612 0.0013 0.0004 0.0054 0.0005 
        045s  6 0.0007 0.0006 0.2391 0.0090 0.0057 0.7274 0.0004 0.0010 0.0138 0.0022 
        001s  7 0.0006 0.0006 0.0175 0.7256 0.0025 0.1164 0.0007 0.0005 0.1345 0.0012 
        002s  7 0.0007 0.0008 0.5622 0.3942 0.0172 0.0130 0.0005 0.0056 0.0034 0.0022 
        003s  7 0.0021 0.0015 0.0183 0.9155 0.0014 0.0503 0.0032 0.0014 0.0043 0.0020 
        004s  7 0.0010 0.0021 0.0219 0.0335 0.0006 0.8961 0.0047 0.0007 0.0388 0.0007 
        005s  7 0.0009 0.0021 0.2251 0.0406 0.0152 0.6894 0.0029 0.0015 0.0205 0.0018 
        006s  7 0.0004 0.0014 0.0108 0.0075 0.0568 0.9126 0.0016 0.0009 0.0041 0.0041 
        007s  7 0.0156 0.0119 0.6144 0.0087 0.0055 0.3364 0.0006 0.0026 0.0020 0.0021 
        008s  7 0.0047 0.0003 0.0038 0.9189 0.0021 0.0099 0.0492 0.0004 0.0094 0.0013 
        009s  7 0.0008 0.0015 0.0089 0.0178 0.0028 0.9502 0.0004 0.0030 0.0061 0.0086 
        010s  7 0.0013 0.0002 0.0032 0.9817 0.0006 0.0062 0.0013 0.0008 0.0031 0.0017 
        011s  7 0.0008 0.0007 0.0118 0.0142 0.0005 0.9622 0.0004 0.0007 0.0077 0.0010 
        012s  7 0.0005 0.0007 0.9574 0.0037 0.0007 0.0254 0.0009 0.0002 0.0099 0.0006 
        013s  7 0.0004 0.0101 0.8072 0.0093 0.0005 0.1508 0.0006 0.0007 0.0159 0.0044 
        014s  7 0.0007 0.0010 0.4675 0.3986 0.0512 0.0771 0.0010 0.0003 0.0022 0.0005 
        015s  7 0.0015 0.0026 0.4443 0.0129 0.0302 0.4851 0.0004 0.0011 0.0208 0.0011 
        016s  7 0.0004 0.0002 0.0010 0.9027 0.0908 0.0005 0.0016 0.0004 0.0006 0.0018 
        017s  7 0.0003 0.0018 0.0872 0.0227 0.0022 0.8292 0.0006 0.0005 0.0548 0.0007 
        018s  7 0.0034 0.0004 0.0057 0.0013 0.0008 0.0244 0.0495 0.0004 0.9131 0.0011 
        019s  7 0.0029 0.0009 0.9092 0.0131 0.0012 0.0477 0.0009 0.0082 0.0077 0.0081 
        020s  7 0.0003 0.0013 0.0576 0.0155 0.0006 0.9198 0.0013 0.0006 0.0026 0.0004 
        021s  7 0.0009 0.0004 0.0042 0.0060 0.0016 0.9639 0.0004 0.0023 0.0189 0.0013 
        022s  7 0.0003 0.0048 0.8117 0.0034 0.0027 0.1616 0.0028 0.0008 0.0109 0.0011 
        023s  7 0.0019 0.0010 0.1548 0.0118 0.0040 0.7294 0.0157 0.0007 0.0640 0.0166 
        024s  7 0.0020 0.0004 0.7555 0.0052 0.0037 0.1939 0.0009 0.0005 0.0371 0.0008 
        025s  7 0.0024 0.0033 0.8013 0.0066 0.0005 0.1716 0.0020 0.0026 0.0092 0.0006 
        026s  7 0.0020 0.0003 0.0305 0.9229 0.0028 0.0299 0.0026 0.0004 0.0068 0.0017 
        027s  7 0.0025 0.0011 0.0271 0.4190 0.0010 0.5426 0.0011 0.0010 0.0041 0.0004 
        028s  7 0.0004 0.0006 0.6004 0.0019 0.0036 0.0232 0.0181 0.0011 0.3502 0.0005 
        029s  7 0.0009 0.0009 0.1340 0.0319 0.0038 0.7996 0.0116 0.0010 0.0142 0.0021 
        030s  7 0.0076 0.0007 0.0117 0.2243 0.0003 0.6385 0.0007 0.0003 0.1112 0.0045 
        031s  7 0.0004 0.0013 0.1447 0.0343 0.0012 0.5912 0.0012 0.0012 0.2114 0.0132 
        032s  7 0.0061 0.0003 0.7907 0.0021 0.0816 0.0889 0.0255 0.0006 0.0039 0.0003 
        033s  7 0.0037 0.0004 0.0172 0.0050 0.0329 0.9275 0.0016 0.0065 0.0041 0.0011 
        034s  7 0.0008 0.0279 0.0112 0.0086 0.0010 0.9358 0.0018 0.0061 0.0062 0.0006 
        035s  7 0.0004 0.0003 0.0387 0.0036 0.0005 0.9506 0.0005 0.0005 0.0038 0.0012 
        036s  7 0.0010 0.0040 0.0223 0.0457 0.0007 0.9070 0.0018 0.0004 0.0078 0.0093 
        037s  7 0.0008 0.0009 0.2882 0.0026 0.0050 0.0664 0.0529 0.0287 0.5508 0.0037 
        038s  7 0.0010 0.0005 0.5993 0.0056 0.0029 0.0331 0.0012 0.0131 0.3418 0.0015 
        039s  7 0.0003 0.0002 0.4501 0.2090 0.0003 0.0195 0.0005 0.0010 0.3188 0.0003 
        040s  7 0.0004 0.0347 0.0047 0.9431 0.0102 0.0024 0.0008 0.0018 0.0010 0.0008 
        041s  7 0.0030 0.0004 0.3582 0.2536 0.0074 0.3487 0.0038 0.0129 0.0099 0.0021 
        042s  7 0.0003 0.0009 0.0172 0.8990 0.0075 0.0614 0.0012 0.0011 0.0110 0.0005 
        043s  7 0.0007 0.0003 0.0056 0.0282 0.0013 0.9480 0.0004 0.0003 0.0130 0.0022 
        044s  7 0.0019 0.0049 0.0709 0.0032 0.0164 0.7614 0.0368 0.0094 0.0718 0.0232 
         003  8 0.0114 0.0010 0.0508 0.0022 0.0064 0.8962 0.0008 0.0017 0.0288 0.0007 
         009  8 0.0005 0.0010 0.8742 0.0062 0.0011 0.1123 0.0008 0.0006 0.0024 0.0009 
         010  8 0.0005 0.0002 0.0167 0.0151 0.0004 0.8748 0.0004 0.0005 0.0893 0.0021 
         017  8 0.0019 0.0005 0.0238 0.0041 0.0008 0.9510 0.0006 0.0016 0.0127 0.0030 
         002  9 0.0008 0.0011 0.0594 0.0273 0.0002 0.8925 0.0005 0.0004 0.0169 0.0009 
         003  9 0.0005 0.0005 0.4362 0.0204 0.0002 0.5331 0.0002 0.0002 0.0081 0.0005 
         004  9 0.0004 0.0002 0.0279 0.0173 0.0005 0.9494 0.0003 0.0002 0.0021 0.0016 
         005  9 0.0014 0.0011 0.7989 0.0025 0.0006 0.1578 0.0006 0.0008 0.0295 0.0067 
         006  9 0.0006 0.0006 0.9467 0.0022 0.0012 0.0415 0.0029 0.0006 0.0018 0.0019 
         007  9 0.0012 0.0005 0.2683 0.0052 0.0079 0.7115 0.0007 0.0003 0.0036 0.0008 
         009  9 0.0017 0.0002 0.0280 0.0176 0.0011 0.9448 0.0003 0.0013 0.0037 0.0012 
         010  9 0.0021 0.0005 0.9635 0.0065 0.0004 0.0083 0.0002 0.0003 0.0163 0.0018 
         013  9 0.0005 0.0020 0.5317 0.0195 0.0021 0.3778 0.0011 0.0003 0.0627 0.0022 
         014  9 0.0054 0.0003 0.9321 0.0097 0.0009 0.0174 0.0003 0.0003 0.0312 0.0024 
         016  9 0.0010 0.0002 0.1889 0.0028 0.0002 0.8027 0.0007 0.0002 0.0027 0.0007 
         018  9 0.0067 0.0009 0.9299 0.0019 0.0005 0.0321 0.0005 0.0014 0.0240 0.0020 
         019  9 0.0054 0.0007 0.0870 0.0044 0.0011 0.8958 0.0003 0.0006 0.0037 0.0009 
         020  9 0.0004 0.0004 0.8293 0.0031 0.0005 0.1564 0.0007 0.0005 0.0084 0.0003 
         021  9 0.0003 0.0002 0.9539 0.0040 0.0004 0.0213 0.0004 0.0007 0.0180 0.0008 
         022  9 0.0015 0.0004 0.9210 0.0030 0.0004 0.0069 0.0004 0.0008 0.0651 0.0005 
         024  9 0.0026 0.0005 0.0827 0.0094 0.0005 0.8918 0.0006 0.0021 0.0066 0.0033 
         028  9 0.0007 0.0007 0.9569 0.0039 0.0004 0.0245 0.0013 0.0003 0.0098 0.0016 
         029  9 0.0012 0.0004 0.6038 0.0170 0.0003 0.3648 0.0007 0.0006 0.0108 0.0004 
         030  9 0.0011 0.0003 0.4074 0.0073 0.0004 0.4971 0.0004 0.0005 0.0842 0.0013 
         031  9 0.0010 0.0004 0.8164 0.0408 0.0023 0.1277 0.0005 0.0011 0.0094 0.0005 
         033  9 0.0007 0.0003 0.0585 0.0251 0.0053 0.9018 0.0018 0.0008 0.0046 0.0012 
         001 10 0.0014 0.0005 0.8661 0.0062 0.0004 0.1113 0.0005 0.0004 0.0129 0.0004 
         002 10 0.0011 0.0002 0.0106 0.0101 0.0004 0.9493 0.0006 0.0006 0.0264 0.0007 
         003 10 0.0006 0.0009 0.5388 0.0061 0.0004 0.4309 0.0004 0.0007 0.0098 0.0114 
         004 10 0.0006 0.0004 0.0727 0.1131 0.0004 0.7997 0.0004 0.0005 0.0083 0.0039 
         005 10 0.0016 0.0005 0.0086 0.0107 0.0004 0.9537 0.0008 0.0003 0.0224 0.0010 
         006 10 0.0006 0.0003 0.0050 0.0092 0.0013 0.9762 0.0005 0.0012 0.0052 0.0005 
         007 10 0.0003 0.0002 0.0398 0.0282 0.0005 0.9105 0.0051 0.0004 0.0133 0.0017 
         008 10 0.0007 0.0005 0.2234 0.0044 0.0004 0.6759 0.0009 0.0010 0.0884 0.0043 
         009 10 0.0055 0.0017 0.4448 0.0097 0.0007 0.5236 0.0002 0.0014 0.0118 0.0006 
         010 10 0.0028 0.0005 0.0167 0.0215 0.0007 0.9498 0.0006 0.0003 0.0061 0.0009 
         011 10 0.0004 0.0010 0.0254 0.0028 0.0006 0.9336 0.0006 0.0005 0.0082 0.0269 
         012 10 0.0006 0.0009 0.1757 0.0062 0.0004 0.8012 0.0011 0.0027 0.0085 0.0028 
         013 10 0.0007 0.0012 0.1484 0.0056 0.0003 0.8166 0.0009 0.0006 0.0253 0.0005 
         014 10 0.0007 0.0007 0.0469 0.2007 0.0005 0.7442 0.0005 0.0005 0.0043 0.0010 
         016 10 0.0012 0.0008 0.0409 0.0141 0.0004 0.9324 0.0020 0.0022 0.0055 0.0006 
         017 10 0.0010 0.0005 0.9848 0.0034 0.0007 0.0035 0.0012 0.0009 0.0032 0.0007 
         018 10 0.0029 0.0006 0.2749 0.0016 0.0028 0.7068 0.0017 0.0016 0.0065 0.0006 
         019 10 0.0050 0.0003 0.1383 0.0066 0.0005 0.7908 0.0005 0.0027 0.0540 0.0013 
         020 10 0.0071 0.0008 0.6620 0.0309 0.0009 0.2556 0.0011 0.0038 0.0357 0.0022 
         021 10 0.0034 0.0003 0.0080 0.0530 0.0011 0.9296 0.0010 0.0005 0.0026 0.0005 
         022 10 0.0004 0.0005 0.9306 0.0454 0.0004 0.0166 0.0005 0.0004 0.0042 0.0012 
         023 10 0.0004 0.0004 0.6340 0.0032 0.0003 0.3520 0.0011 0.0006 0.0073 0.0007 
         024 10 0.0015 0.0002 0.0066 0.0033 0.0004 0.9812 0.0005 0.0004 0.0040 0.0019 
         026 10 0.0009 0.0004 0.9747 0.0012 0.0009 0.0145 0.0003 0.0011 0.0052 0.0007 
        001s 11 0.0008 0.0006 0.7270 0.0645 0.0986 0.0295 0.0007 0.0006 0.0695 0.0082 
        002s 11 0.0046 0.0086 0.2160 0.0209 0.0008 0.7077 0.0005 0.0014 0.0374 0.0021 
        003s 11 0.0018 0.0003 0.6212 0.0296 0.0079 0.0222 0.0024 0.0014 0.3127 0.0005 
        004s 11 0.0003 0.0017 0.2589 0.0134 0.0005 0.6850 0.0004 0.0005 0.0370 0.0024 
        005s 11 0.0049 0.0005 0.0113 0.0358 0.0016 0.8877 0.0013 0.0005 0.0560 0.0005 
        006s 11 0.0015 0.0019 0.1665 0.0279 0.0007 0.7634 0.0031 0.0245 0.0082 0.0023 
        007s 11 0.0015 0.0288 0.0233 0.1040 0.0032 0.8237 0.0100 0.0025 0.0017 0.0013 
        008s 11 0.0009 0.0004 0.9171 0.0087 0.0006 0.0253 0.0034 0.0005 0.0426 0.0006 
        009s 11 0.0160 0.0004 0.1228 0.0063 0.0004 0.8348 0.0006 0.0004 0.0179 0.0004 
        010s 11 0.0005 0.0003 0.5707 0.2197 0.0007 0.2031 0.0007 0.0023 0.0010 0.0009 
        011s 11 0.0003 0.0104 0.0031 0.5863 0.1002 0.2803 0.0036 0.0009 0.0047 0.0101 
        012s 11 0.0014 0.0002 0.0046 0.0022 0.0587 0.1594 0.0744 0.0006 0.6979 0.0005 
        013s 11 0.0003 0.0005 0.0099 0.1832 0.0014 0.7916 0.0013 0.0005 0.0104 0.0009 
        014s 11 0.0011 0.0054 0.0087 0.6127 0.0025 0.3042 0.0009 0.0050 0.0582 0.0014 
        015s 11 0.0011 0.0028 0.8213 0.0197 0.0025 0.0375 0.0016 0.0013 0.1074 0.0048 
        016s 11 0.0075 0.0006 0.5436 0.2963 0.0397 0.0451 0.0023 0.0008 0.0027 0.0613 
        017s 11 0.0010 0.0006 0.0239 0.0341 0.0384 0.0049 0.0881 0.0002 0.8064 0.0023 
        018s 11 0.0019 0.0012 0.1250 0.8168 0.0050 0.0330 0.0014 0.0030 0.0114 0.0012 
        019s 11 0.0003 0.0005 0.0179 0.0042 0.0005 0.9322 0.0008 0.0010 0.0262 0.0165 
        020s 11 0.0034 0.0022 0.3501 0.5469 0.0020 0.0496 0.0009 0.0003 0.0426 0.0019 
        021s 11 0.0005 0.0006 0.9158 0.0028 0.0005 0.0686 0.0006 0.0011 0.0085 0.0010 
        022s 11 0.0008 0.0299 0.1589 0.0107 0.0015 0.5821 0.0011 0.0011 0.2136 0.0002 
        023s 11 0.0004 0.0003 0.4181 0.5214 0.0301 0.0025 0.0016 0.0011 0.0030 0.0215 
        025s 11 0.0003 0.0005 0.0054 0.0062 0.0005 0.9762 0.0007 0.0004 0.0087 0.0011 
        026s 11 0.0009 0.0013 0.0427 0.0014 0.0371 0.8594 0.0011 0.0004 0.0064 0.0493 
        027s 11 0.0006 0.0016 0.0061 0.0038 0.0007 0.9734 0.0019 0.0008 0.0104 0.0007 
        028s 11 0.0003 0.0012 0.0640 0.0050 0.0050 0.8579 0.0005 0.0023 0.0626 0.0011 
        029s 11 0.0015 0.0003 0.7684 0.0030 0.0061 0.1558 0.0521 0.0010 0.0112 0.0006 
        030s 11 0.0010 0.0018 0.0043 0.0017 0.0260 0.3588 0.0138 0.0007 0.5906 0.0013 
        031s 11 0.0007 0.0024 0.9410 0.0065 0.0006 0.0326 0.0005 0.0004 0.0150 0.0004 
        032s 11 0.0008 0.0004 0.7974 0.1558 0.0014 0.0239 0.0017 0.0005 0.0135 0.0046 
        033s 11 0.0017 0.0005 0.0050 0.0740 0.0037 0.8938 0.0008 0.0012 0.0184 0.0011 
        034s 11 0.0004 0.0023 0.3419 0.6388 0.0020 0.0064 0.0006 0.0011 0.0061 0.0004 
        035s 11 0.0022 0.0027 0.0606 0.4521 0.0038 0.4563 0.0013 0.0007 0.0197 0.0006 
        036s 11 0.0024 0.0016 0.2196 0.0069 0.0128 0.0252 0.0046 0.0021 0.7242 0.0007 
        037s 11 0.0013 0.0004 0.0180 0.8357 0.0009 0.0764 0.0013 0.0040 0.0607 0.0012 
        038s 11 0.0007 0.0005 0.2832 0.3088 0.0021 0.0927 0.0014 0.0049 0.3047 0.0010 
        039s 11 0.0005 0.0003 0.1154 0.0074 0.0019 0.8518 0.0005 0.0006 0.0206 0.0009 
        040s 11 0.0005 0.0011 0.0098 0.0022 0.0394 0.4151 0.0208 0.0108 0.4996 0.0007 
        041s 11 0.0182 0.0011 0.0109 0.0136 0.0009 0.9029 0.0007 0.0009 0.0477 0.0032 
        042s 11 0.0010 0.0013 0.5447 0.3983 0.0007 0.0228 0.0008 0.0013 0.0160 0.0132 
        043s 11 0.0004 0.0004 0.0374 0.0210 0.0064 0.8875 0.0014 0.0212 0.0065 0.0179 
        044s 11 0.0015 0.0105 0.6996 0.0624 0.0004 0.1689 0.0009 0.0006 0.0511 0.0040 
        045s 11 0.0004 0.0015 0.7400 0.0224 0.0003 0.1653 0.0004 0.0032 0.0570 0.0094 
        046s 11 0.0008 0.0041 0.4874 0.4249 0.0374 0.0037 0.0042 0.0005 0.0071 0.0300 
        047s 11 0.0006 0.0016 0.3717 0.0022 0.0008 0.4371 0.0156 0.0005 0.1687 0.0012 
        048s 11 0.0019 0.0017 0.8785 0.0057 0.0038 0.0523 0.0013 0.0035 0.0104 0.0410 
        049s 11 0.0016 0.0005 0.3369 0.0050 0.0019 0.6374 0.0007 0.0005 0.0141 0.0013 
        050s 11 0.0003 0.0050 0.0068 0.0063 0.0007 0.9763 0.0006 0.0003 0.0030 0.0008 
        051s 11 0.0007 0.0209 0.5305 0.0564 0.0008 0.3046 0.0016 0.0008 0.0331 0.0507 
        052s 11 0.0019 0.0029 0.4469 0.5294 0.0014 0.0034 0.0041 0.0011 0.0054 0.0033 
        053s 11 0.0018 0.0003 0.0174 0.0260 0.0004 0.9228 0.0009 0.0006 0.0291 0.0009 
        054s 11 0.0004 0.0031 0.0489 0.0065 0.0007 0.9255 0.0029 0.0015 0.0096 0.0009 
        055s 11 0.0003 0.0003 0.0695 0.6875 0.0117 0.1668 0.0004 0.0616 0.0016 0.0003 
        001s 12 0.0012 0.0011 0.6997 0.0176 0.0007 0.2447 0.0187 0.0014 0.0136 0.0014 
        002s 12 0.0029 0.0006 0.2078 0.0016 0.0018 0.7798 0.0004 0.0005 0.0034 0.0011 
        003s 12 0.0008 0.0005 0.0973 0.0062 0.0004 0.8867 0.0007 0.0005 0.0064 0.0004 
        004s 12 0.0026 0.0006 0.8844 0.0008 0.0727 0.0042 0.0014 0.0002 0.0271 0.0060 
        005s 12 0.0006 0.0006 0.5341 0.4546 0.0005 0.0023 0.0008 0.0007 0.0051 0.0007 
        006s 12 0.0007 0.0031 0.6867 0.0360 0.0127 0.0025 0.0270 0.0016 0.2279 0.0018 
        007s 12 0.0038 0.0017 0.0242 0.0027 0.0010 0.9574 0.0016 0.0004 0.0059 0.0014 
        008s 12 0.0008 0.0003 0.1391 0.0025 0.0013 0.8113 0.0027 0.0384 0.0027 0.0008 
        009s 12 0.0221 0.0008 0.6771 0.0609 0.0037 0.0743 0.0530 0.0006 0.1043 0.0032 
        010s 12 0.0014 0.0162 0.7670 0.0499 0.0025 0.1141 0.0408 0.0014 0.0061 0.0005 
        011s 12 0.0012 0.0027 0.9507 0.0080 0.0014 0.0246 0.0043 0.0011 0.0056 0.0006 
        012s 12 0.0005 0.0062 0.3987 0.0026 0.0013 0.0341 0.0164 0.0007 0.5346 0.0048 
        013s 12 0.0009 0.0005 0.0044 0.0026 0.0008 0.7374 0.0006 0.0004 0.2171 0.0354 
        014s 12 0.0035 0.0365 0.0199 0.2628 0.0011 0.5209 0.0054 0.0015 0.1029 0.0456 
        015s 12 0.0020 0.0006 0.0130 0.0035 0.0024 0.9678 0.0017 0.0011 0.0073 0.0006 
        016s 12 0.0006 0.0004 0.9506 0.0018 0.0009 0.0125 0.0014 0.0003 0.0277 0.0039 
        017s 12 0.0004 0.0013 0.0054 0.0328 0.0060 0.9374 0.0017 0.0005 0.0133 0.0010 
        018s 12 0.0022 0.0002 0.0191 0.0061 0.0005 0.5439 0.0178 0.0022 0.4064 0.0016 
        019s 12 0.0018 0.0005 0.0636 0.0111 0.0055 0.8998 0.0011 0.0006 0.0154 0.0006 
        020s 12 0.0003 0.0003 0.0704 0.0114 0.0618 0.7994 0.0092 0.0037 0.0427 0.0006 
        021s 12 0.0005 0.0006 0.3206 0.0160 0.0031 0.2066 0.0019 0.0006 0.4483 0.0018 
        022s 12 0.0033 0.0007 0.0984 0.0504 0.0175 0.7382 0.0069 0.0084 0.0701 0.0061 
        023s 12 0.0013 0.0004 0.0937 0.0179 0.0007 0.7837 0.0004 0.0008 0.0998 0.0014 
        024s 12 0.0003 0.0002 0.0048 0.3827 0.0005 0.3558 0.0040 0.0005 0.2506 0.0006 
        025s 12 0.0049 0.0011 0.5284 0.0058 0.0021 0.4251 0.0003 0.0261 0.0052 0.0009 
        026s 12 0.0160 0.0009 0.0202 0.0827 0.0397 0.8092 0.0004 0.0009 0.0292 0.0009 
        027s 12 0.0005 0.0004 0.0567 0.0039 0.0016 0.9251 0.0018 0.0067 0.0028 0.0005 
        028s 12 0.0186 0.0009 0.0247 0.9067 0.0032 0.0361 0.0003 0.0007 0.0032 0.0056 
        029s 12 0.0004 0.0014 0.0133 0.2868 0.0009 0.6825 0.0004 0.0002 0.0131 0.0010 
        030s 12 0.0006 0.0012 0.0059 0.0124 0.0006 0.9358 0.0042 0.0004 0.0383 0.0006 
        031s 12 0.0010 0.0007 0.0039 0.0034 0.0019 0.9762 0.0025 0.0016 0.0068 0.0019 
        032s 12 0.0145 0.0004 0.0037 0.5857 0.0008 0.3706 0.0015 0.0003 0.0213 0.0013 
        033s 12 0.0005 0.0009 0.8746 0.0230 0.0009 0.0640 0.0314 0.0020 0.0023 0.0004 
        034s 12 0.0009 0.0005 0.0177 0.7523 0.0003 0.2220 0.0003 0.0008 0.0047 0.0004 
        035s 12 0.0009 0.0007 0.6412 0.1158 0.0118 0.1602 0.0091 0.0013 0.0587 0.0003 
        036s 12 0.0045 0.0051 0.0356 0.0332 0.0015 0.5863 0.0016 0.0077 0.3236 0.0009 
        037s 12 0.0014 0.0004 0.0178 0.0017 0.0018 0.9308 0.0008 0.0003 0.0442 0.0008 
        001s 13 0.0012 0.0012 0.9570 0.0059 0.0189 0.0064 0.0009 0.0008 0.0046 0.0031 
        002s 13 0.0003 0.0005 0.0087 0.6650 0.0395 0.2300 0.0410 0.0080 0.0063 0.0007 
        003s 13 0.0010 0.0003 0.1265 0.0059 0.0005 0.7977 0.0012 0.0023 0.0632 0.0013 
        004s 13 0.0129 0.0004 0.9304 0.0154 0.0016 0.0137 0.0006 0.0003 0.0198 0.0048 
        005s 13 0.0019 0.0019 0.0053 0.0023 0.0018 0.9663 0.0012 0.0032 0.0141 0.0021 
        006s 13 0.0010 0.0012 0.0177 0.0062 0.0003 0.9481 0.0071 0.0014 0.0164 0.0005 
        007s 13 0.0003 0.0140 0.6820 0.0187 0.0010 0.2302 0.0100 0.0041 0.0383 0.0015 
        008s 13 0.0022 0.0022 0.0124 0.0018 0.0515 0.8178 0.0007 0.0023 0.1083 0.0009 
        009s 13 0.0091 0.0016 0.0065 0.0020 0.1223 0.8389 0.0004 0.0043 0.0141 0.0008 
        010s 13 0.0012 0.0004 0.0856 0.0013 0.0152 0.0942 0.0553 0.0029 0.7431 0.0007 
        011s 13 0.0058 0.0216 0.6514 0.2466 0.0028 0.0097 0.0059 0.0023 0.0503 0.0036 
        012s 13 0.0050 0.0014 0.0067 0.0017 0.0109 0.0036 0.0579 0.0009 0.8873 0.0245 
        013s 13 0.0006 0.0205 0.0617 0.4609 0.0235 0.4135 0.0047 0.0008 0.0060 0.0078 
        014s 13 0.0008 0.0143 0.0390 0.0013 0.0005 0.7134 0.0031 0.0099 0.2144 0.0032 
        015s 13 0.0099 0.0012 0.0180 0.0093 0.0091 0.9421 0.0013 0.0006 0.0024 0.0061 
        016s 13 0.0007 0.0005 0.4123 0.0061 0.0003 0.5726 0.0004 0.0010 0.0050 0.0012 
        017s 13 0.0052 0.0006 0.8660 0.0062 0.0007 0.0513 0.0092 0.0525 0.0079 0.0004 
        018s 13 0.0007 0.0003 0.9322 0.0091 0.0006 0.0381 0.0004 0.0013 0.0163 0.0011 
        019s 13 0.0005 0.0009 0.0366 0.0621 0.0003 0.7303 0.0006 0.0032 0.1644 0.0011 
        020s 13 0.0025 0.0040 0.1870 0.7751 0.0014 0.0168 0.0004 0.0092 0.0032 0.0004 
        021s 13 0.0008 0.0006 0.0177 0.0323 0.0013 0.9069 0.0003 0.0004 0.0383 0.0014 
        022s 13 0.0005 0.0007 0.0526 0.0065 0.0013 0.9242 0.0008 0.0017 0.0111 0.0006 
        023s 13 0.0005 0.0003 0.2097 0.0532 0.0009 0.7279 0.0003 0.0039 0.0029 0.0005 
        024s 13 0.0008 0.0050 0.3374 0.0252 0.0280 0.4900 0.0034 0.0011 0.0719 0.0372 
        025s 13 0.0008 0.0005 0.8712 0.0081 0.0008 0.0987 0.0019 0.0007 0.0154 0.0018 
        026s 13 0.0008 0.0009 0.0093 0.0090 0.0269 0.1776 0.0714 0.0167 0.6798 0.0077 
        027s 13 0.0021 0.0020 0.0678 0.0017 0.0398 0.8741 0.0025 0.0021 0.0059 0.0020 
        028s 13 0.0080 0.0015 0.5941 0.3414 0.0031 0.0097 0.0031 0.0301 0.0069 0.0022 
        029s 13 0.0009 0.0015 0.0015 0.6744 0.0162 0.0259 0.0037 0.0018 0.2727 0.0016 
        030s 13 0.0007 0.0010 0.0028 0.5075 0.0732 0.3796 0.0005 0.0006 0.0150 0.0191 
        031s 13 0.0013 0.0041 0.1142 0.0015 0.0060 0.6102 0.0015 0.0010 0.1629 0.0973 
        032s 13 0.0005 0.0116 0.0068 0.0060 0.0007 0.9688 0.0003 0.0004 0.0046 0.0003 
        033s 13 0.0006 0.0031 0.8876 0.0068 0.0012 0.0198 0.0356 0.0143 0.0302 0.0008 
        034s 13 0.0038 0.0202 0.0040 0.8971 0.0534 0.0103 0.0012 0.0006 0.0081 0.0013 
        035s 13 0.0014 0.0008 0.6912 0.2687 0.0005 0.0270 0.0009 0.0010 0.0031 0.0055 
        036s 13 0.0005 0.0004 0.0091 0.1113 0.0012 0.8587 0.0068 0.0007 0.0110 0.0003 
        037s 13 0.0007 0.0006 0.0483 0.0095 0.0003 0.8920 0.0004 0.0005 0.0453 0.0023 
        038s 13 0.0015 0.0004 0.0139 0.3977 0.0007 0.5140 0.0045 0.0041 0.0618 0.0015 
        039s 13 0.0008 0.0011 0.0331 0.0071 0.0925 0.7868 0.0039 0.0006 0.0047 0.0695 
        040s 13 0.0007 0.0010 0.6824 0.0056 0.0015 0.2429 0.0042 0.0004 0.0602 0.0012 
        041s 13 0.0004 0.0036 0.0542 0.0120 0.0358 0.7786 0.0249 0.0009 0.0878 0.0017 
        042s 13 0.0007 0.0018 0.0858 0.8914 0.0004 0.0124 0.0018 0.0003 0.0048 0.0008 
        001s 14 0.0013 0.0008 0.5259 0.4277 0.0116 0.0016 0.0231 0.0010 0.0060 0.0009 
        002s 14 0.0033 0.0017 0.0185 0.0056 0.0622 0.8945 0.0013 0.0029 0.0089 0.0011 
        003s 14 0.0009 0.0005 0.0058 0.9686 0.0003 0.0127 0.0011 0.0015 0.0074 0.0011 
        004s 14 0.0010 0.0145 0.9138 0.0063 0.0110 0.0405 0.0061 0.0008 0.0012 0.0048 
        005s 14 0.0007 0.0002 0.0140 0.2135 0.0003 0.6960 0.0003 0.0003 0.0739 0.0006 
        006s 14 0.0003 0.0004 0.9284 0.0215 0.0005 0.0401 0.0030 0.0004 0.0049 0.0004 
        007s 14 0.0005 0.0012 0.0608 0.0165 0.0006 0.9141 0.0003 0.0012 0.0036 0.0012 
        008s 14 0.0223 0.0109 0.0117 0.7216 0.0976 0.1098 0.0065 0.0002 0.0179 0.0016 
        009s 14 0.0089 0.0004 0.2492 0.0303 0.0018 0.6909 0.0006 0.0083 0.0086 0.0008 
        010s 14 0.0181 0.0006 0.2136 0.2791 0.0635 0.3537 0.0014 0.0003 0.0681 0.0015 
        011s 14 0.0010 0.0063 0.3308 0.4073 0.0010 0.2002 0.0097 0.0379 0.0042 0.0015 
        012s 14 0.0024 0.0024 0.0883 0.7701 0.0004 0.1133 0.0014 0.0022 0.0167 0.0028 
        013s 14 0.0006 0.0030 0.0794 0.1153 0.0006 0.4832 0.0048 0.0006 0.3079 0.0045 
        014s 14 0.0080 0.0007 0.0394 0.0038 0.0429 0.7580 0.0011 0.0006 0.1448 0.0007 
        015s 14 0.0062 0.0006 0.0282 0.0104 0.0006 0.9373 0.0011 0.0005 0.0119 0.0031 
        016s 14 0.0006 0.0002 0.0145 0.0027 0.0020 0.9072 0.0008 0.0009 0.0587 0.0125 
        017s 14 0.0006 0.0087 0.0116 0.0034 0.0521 0.8873 0.0081 0.0015 0.0262 0.0006 
        018s 14 0.0010 0.0004 0.3484 0.0058 0.0008 0.6181 0.0013 0.0005 0.0219 0.0016 
        019s 14 0.0006 0.0010 0.1692 0.0142 0.0016 0.7997 0.0036 0.0016 0.0077 0.0008 
        020s 14 0.0077 0.0003 0.4547 0.5270 0.0005 0.0048 0.0004 0.0013 0.0017 0.0017 
        021s 14 0.0089 0.0002 0.2055 0.0121 0.0042 0.7248 0.0006 0.0011 0.0419 0.0006 
        022s 14 0.0013 0.0017 0.0020 0.0336 0.0034 0.7478 0.0292 0.0007 0.1792 0.0011 
        023s 14 0.0020 0.0024 0.0393 0.0156 0.0172 0.8157 0.0003 0.0004 0.1043 0.0028 
        024s 14 0.0022 0.0010 0.6161 0.2660 0.0541 0.0380 0.0008 0.0093 0.0112 0.0013 
        025s 14 0.0005 0.0003 0.8238 0.0580 0.0717 0.0388 0.0015 0.0002 0.0050 0.0002 
