        001s  1 0.9986 0.0007 0.0008 
        002s  1 0.9963 0.0025 0.0012 
        003s  1 0.9933 0.0037 0.0030 
        004s  1 0.9496 0.0459 0.0045 
        005s  1 0.5691 0.4290 0.0019 
        006s  1 0.9984 0.0010 0.0006 
        007s  1 0.9931 0.0017 0.0052 
        008s  1 0.9946 0.0043 0.0011 
        009s  1 0.9181 0.0712 0.0106 
        010s  1 0.9928 0.0066 0.0005 
        011s  1 0.9925 0.0038 0.0037 
        012s  1 0.8660 0.1315 0.0025 
        013s  1 0.9597 0.0275 0.0128 
        014s  1 0.9653 0.0235 0.0112 
        015s  1 0.9984 0.0007 0.0008 
        016s  1 0.9852 0.0017 0.0131 
        018s  1 0.8603 0.1375 0.0023 
        019s  1 0.9931 0.0051 0.0019 
        020s  1 0.9872 0.0005 0.0124 
        021s  1 0.9898 0.0013 0.0089 
        022s  1 0.9986 0.0004 0.0010 
        023s  1 0.9854 0.0005 0.0140 
        024s  1 0.9971 0.0017 0.0012 
        025s  1 0.9877 0.0104 0.0020 
        026s  1 0.9853 0.0013 0.0134 
        027s  1 0.9846 0.0118 0.0036 
        028s  1 0.8899 0.1089 0.0012 
        029s  1 0.9979 0.0012 0.0009 
        030s  1 0.9949 0.0041 0.0011 
        031s  1 0.9978 0.0004 0.0018 
        032s  1 0.9979 0.0011 0.0010 
        033s  1 0.9918 0.0068 0.0014 
        034s  1 0.9408 0.0023 0.0569 
        035s  1 0.9951 0.0033 0.0016 
        036s  1 0.9244 0.0741 0.0015 
        037s  1 0.8204 0.1178 0.0617 
        038s  1 0.9967 0.0020 0.0012 
        039s  1 0.9946 0.0048 0.0005 
        040s  1 0.9920 0.0032 0.0048 
        041s  1 0.9937 0.0015 0.0047 
        042s  1 0.8642 0.0402 0.0957 
        043s  1 0.9806 0.0188 0.0007 
        044s  1 0.8765 0.1098 0.0138 
        045s  1 0.9926 0.0060 0.0014 
        046s  1 0.9978 0.0012 0.0010 
        047s  1 0.9916 0.0006 0.0078 
        048s  1 0.9910 0.0075 0.0014 
        049s  1 0.9980 0.0014 0.0006 
        050s  1 0.8998 0.0995 0.0007 
        051s  1 0.9976 0.0007 0.0017 
        052s  1 0.9697 0.0278 0.0026 
        053s  1 0.9977 0.0015 0.0008 
        054s  1 0.9973 0.0010 0.0017 
        055s  1 0.8336 0.0806 0.0858 
          01  2 0.8757 0.1147 0.0096 
          02  2 0.9732 0.0257 0.0011 
          03  2 0.9961 0.0020 0.0018 
          04  2 0.9570 0.0278 0.0152 
          05  2 0.9049 0.0943 0.0008 
          06  2 0.9620 0.0367 0.0013 
          07  2 0.9797 0.0192 0.0011 
          08  2 0.9490 0.0497 0.0013 
          09  2 0.9987 0.0008 0.0005 
          10  2 0.9978 0.0015 0.0007 
          11  2 0.9893 0.0061 0.0046 
          12  2 0.9981 0.0012 0.0007 
          13  2 0.9985 0.0008 0.0007 
          14  2 0.9726 0.0014 0.0260 
          15  2 0.9973 0.0009 0.0018 
          16  2 0.9529 0.0414 0.0056 
          17  2 0.9948 0.0036 0.0016 
          18  2 0.9657 0.0327 0.0016 
          19  2 0.9926 0.0011 0.0062 
          20  2 0.9180 0.0692 0.0128 
          21  2 0.9977 0.0012 0.0011 
          22  2 0.9851 0.0063 0.0086 
          23  2 0.9942 0.0030 0.0028 
          24  2 0.9980 0.0010 0.0010 
          25  2 0.9581 0.0401 0.0018 
          26  2 0.9986 0.0010 0.0004 
          27  2 0.9799 0.0149 0.0052 
          28  2 0.9926 0.0008 0.0066 
          29  2 0.9981 0.0014 0.0005 
          30  2 0.7741 0.1242 0.1017 
          01  3 0.3499 0.6304 0.0197 
          02  3 0.1967 0.7961 0.0072 
          03  3 0.3826 0.6156 0.0019 
          04  3 0.2028 0.7927 0.0045 
          05  3 0.0713 0.7755 0.1532 
          06  3 0.0899 0.9091 0.0010 
          07  3 0.3976 0.6018 0.0006 
          08  3 0.3080 0.6763 0.0156 
          09  3 0.3222 0.6638 0.0139 
          10  3 0.2482 0.6152 0.1366 
          11  3 0.3012 0.6982 0.0005 
          12  3 0.2909 0.7080 0.0011 
          13  3 0.0239 0.9754 0.0008 
          14  3 0.0260 0.7985 0.1755 
          15  3 0.3604 0.6362 0.0033 
          16  3 0.0779 0.9188 0.0033 
          17  3 0.4340 0.5644 0.0015 
          18  3 0.1809 0.5303 0.2888 
          19  3 0.1663 0.8254 0.0083 
          20  3 0.1876 0.7416 0.0708 
          21  3 0.2434 0.7380 0.0186 
          22  3 0.3071 0.6796 0.0134 
          23  3 0.2457 0.7521 0.0023 
          24  3 0.2278 0.7523 0.0199 
          25  3 0.1622 0.6497 0.1880 
          26  3 0.2449 0.7533 0.0018 
          27  3 0.1982 0.6228 0.1790 
          28  3 0.0971 0.9025 0.0005 
          29  3 0.1753 0.7988 0.0260 
          30  3 0.3275 0.6719 0.0005 
         001  4 0.0012 0.8921 0.1067 
         002  4 0.0733 0.8601 0.0666 
         003  4 0.0468 0.8705 0.0827 
         004  4 0.0006 0.9333 0.0662 
         005  4 0.0031 0.8754 0.1215 
         006  4 0.0774 0.8846 0.0380 
         007  4 0.0983 0.8198 0.0819 
         008  4 0.0512 0.8217 0.1270 
         009  4 0.0022 0.9023 0.0955 
         010  4 0.0006 0.9986 0.0008 
         011  4 0.0114 0.8363 0.1524 
         012  4 0.0217 0.8639 0.1144 
         013  4 0.0203 0.9581 0.0216 
         014  4 0.0285 0.8796 0.0920 
         015  4 0.0011 0.9964 0.0025 
         016  4 0.0016 0.9360 0.0623 
         017  4 0.0942 0.9030 0.0028 
         019  4 0.0052 0.8944 0.1005 
         020  4 0.0789 0.8343 0.0868 
         021  4 0.0152 0.8840 0.1008 
         001  5 0.0356 0.8503 0.1141 
         002  5 0.1233 0.7784 0.0983 
         003  5 0.2187 0.6925 0.0888 
         004  5 0.1391 0.7655 0.0954 
         005  5 0.0534 0.8540 0.0926 
         006  5 0.1029 0.8924 0.0046 
         007  5 0.0089 0.9127 0.0783 
         008  5 0.0263 0.9242 0.0495 
         009  5 0.1592 0.7656 0.0752 
         010  5 0.0588 0.8476 0.0936 
         011  5 0.0169 0.8426 0.1405 
         012  5 0.1066 0.8203 0.0731 
         013  5 0.2904 0.6780 0.0316 
         014  5 0.2369 0.6592 0.1039 
         015  5 0.0096 0.9296 0.0608 
         016  5 0.0999 0.8718 0.0283 
         017  5 0.1817 0.8109 0.0073 
         018  5 0.1478 0.7611 0.0911 
         019  5 0.0583 0.8523 0.0894 
         020  5 0.0245 0.8681 0.1074 
         021  5 0.2344 0.6693 0.0963 
         022  5 0.1178 0.7530 0.1292 
         023  5 0.0058 0.9203 0.0739 
         024  5 0.1973 0.7703 0.0324 
         025  5 0.1602 0.8102 0.0296 
         026  5 0.2693 0.7096 0.0211 
         027  5 0.0306 0.9062 0.0632 
         028  5 0.0989 0.8120 0.0891 
         029  5 0.1157 0.8763 0.0080 
         030  5 0.0893 0.8221 0.0886 
        001s  6 0.9589 0.0167 0.0244 
        002s  6 0.9772 0.0208 0.0020 
        003s  6 0.9911 0.0048 0.0041 
        004s  6 0.9983 0.0007 0.0010 
        006s  6 0.8946 0.0858 0.0196 
        007s  6 0.9978 0.0015 0.0007 
        008s  6 0.9896 0.0016 0.0088 
        009s  6 0.9982 0.0005 0.0013 
        010s  6 0.9467 0.0298 0.0235 
        011s  6 0.9959 0.0021 0.0020 
        012s  6 0.9956 0.0021 0.0024 
        013s  6 0.9977 0.0018 0.0006 
        014s  6 0.9453 0.0542 0.0005 
        015s  6 0.9639 0.0259 0.0102 
        016s  6 0.9976 0.0009 0.0015 
        018s  6 0.7579 0.2342 0.0079 
        019s  6 0.9808 0.0153 0.0039 
        020s  6 0.9985 0.0008 0.0008 
        021s  6 0.9815 0.0122 0.0063 
        022s  6 0.9940 0.0006 0.0053 
        023s  6 0.9915 0.0074 0.0011 
        024s  6 0.9697 0.0285 0.0018 
        025s  6 0.9245 0.0036 0.0719 
        026s  6 0.9984 0.0009 0.0007 
        027s  6 0.9983 0.0009 0.0007 
        028s  6 0.9394 0.0472 0.0134 
        029s  6 0.9975 0.0006 0.0019 
        030s  6 0.9306 0.0509 0.0186 
        031s  6 0.9928 0.0066 0.0006 
        032s  6 0.9882 0.0108 0.0010 
        033s  6 0.9622 0.0363 0.0015 
        034s  6 0.9800 0.0029 0.0172 
        035s  6 0.8826 0.1144 0.0030 
        036s  6 0.9941 0.0042 0.0016 
        037s  6 0.9957 0.0017 0.0026 
        038s  6 0.9982 0.0009 0.0009 
        039s  6 0.9984 0.0005 0.0010 
        040s  6 0.9984 0.0010 0.0006 
        041s  6 0.9874 0.0021 0.0105 
        042s  6 0.9326 0.0046 0.0628 
        043s  6 0.9879 0.0011 0.0110 
        044s  6 0.9976 0.0010 0.0014 
        045s  6 0.9947 0.0017 0.0037 
        001s  7 0.9968 0.0013 0.0019 
        002s  7 0.9840 0.0131 0.0028 
        003s  7 0.9945 0.0036 0.0019 
        004s  7 0.9951 0.0039 0.0010 
        005s  7 0.9781 0.0190 0.0030 
        006s  7 0.9416 0.0453 0.0130 
        007s  7 0.9779 0.0194 0.0027 
        008s  7 0.9940 0.0039 0.0022 
        009s  7 0.9807 0.0047 0.0146 
        010s  7 0.9968 0.0008 0.0024 
        011s  7 0.9977 0.0008 0.0014 
        012s  7 0.9985 0.0006 0.0009 
        013s  7 0.9917 0.0018 0.0065 
        014s  7 0.9867 0.0128 0.0005 
        015s  7 0.9840 0.0135 0.0025 
        016s  7 0.9364 0.0512 0.0125 
        017s  7 0.9977 0.0015 0.0008 
        018s  7 0.9971 0.0019 0.0010 
        019s  7 0.9774 0.0033 0.0194 
        020s  7 0.9978 0.0016 0.0006 
        021s  7 0.9971 0.0015 0.0014 
        022s  7 0.9930 0.0057 0.0012 
        023s  7 0.9662 0.0063 0.0274 
        024s  7 0.9975 0.0014 0.0011 
        025s  7 0.9943 0.0042 0.0015 
        026s  7 0.9974 0.0011 0.0015 
        027s  7 0.9972 0.0021 0.0007 
        028s  7 0.9945 0.0047 0.0007 
        029s  7 0.9904 0.0057 0.0040 
        030s  7 0.9925 0.0005 0.0070 
        031s  7 0.9794 0.0034 0.0173 
        032s  7 0.9341 0.0651 0.0008 
        033s  7 0.9754 0.0209 0.0036 
        034s  7 0.9708 0.0282 0.0010 
        035s  7 0.9981 0.0005 0.0015 
        036s  7 0.9849 0.0019 0.0132 
        037s  7 0.9151 0.0781 0.0068 
        038s  7 0.9925 0.0051 0.0024 
        039s  7 0.9990 0.0006 0.0005 
        040s  7 0.9311 0.0674 0.0015 
        041s  7 0.9888 0.0082 0.0030 
        042s  7 0.9955 0.0040 0.0005 
        043s  7 0.9948 0.0006 0.0046 
        044s  7 0.8877 0.0749 0.0375 
         003  8 0.9919 0.0069 0.0012 
         009  8 0.9970 0.0013 0.0016 
         010  8 0.9966 0.0004 0.0030 
         017  8 0.9937 0.0012 0.0051 
         002  9 0.9977 0.0006 0.0017 
         003  9 0.9990 0.0004 0.0006 
         004  9 0.9975 0.0004 0.0021 
         005  9 0.9927 0.0008 0.0065 
         006  9 0.9964 0.0014 0.0023 
         007  9 0.9968 0.0012 0.0020 
         009  9 0.9958 0.0009 0.0033 
         010  9 0.9973 0.0005 0.0022 
         013  9 0.9963 0.0015 0.0022 
         014  9 0.9971 0.0005 0.0024 
         016  9 0.9987 0.0004 0.0009 
         018  9 0.9961 0.0016 0.0024 
         019  9 0.9980 0.0012 0.0008 
         020  9 0.9990 0.0006 0.0004 
         021  9 0.9984 0.0005 0.0011 
         022  9 0.9987 0.0005 0.0008 
         024  9 0.9941 0.0008 0.0051 
         028  9 0.9973 0.0007 0.0020 
         029  9 0.9985 0.0006 0.0009 
         030  9 0.9979 0.0006 0.0016 
         031  9 0.9980 0.0012 0.0008 
         033  9 0.9960 0.0022 0.0018 
         001 10 0.9988 0.0007 0.0004 
         002 10 0.9986 0.0004 0.0010 
         003 10 0.9821 0.0006 0.0173 
         004 10 0.9956 0.0005 0.0039 
         005 10 0.9981 0.0006 0.0013 
         006 10 0.9976 0.0012 0.0012 
         007 10 0.9957 0.0007 0.0036 
         008 10 0.9930 0.0011 0.0059 
         009 10 0.9977 0.0016 0.0006 
         010 10 0.9981 0.0007 0.0012 
         011 10 0.9587 0.0011 0.0402 
         012 10 0.9947 0.0013 0.0040 
         013 10 0.9981 0.0009 0.0010 
         014 10 0.9978 0.0010 0.0012 
         016 10 0.9974 0.0013 0.0013 
         017 10 0.9975 0.0013 0.0012 
         018 10 0.9954 0.0036 0.0011 
         019 10 0.9979 0.0006 0.0016 
         020 10 0.9953 0.0017 0.0030 
         021 10 0.9987 0.0008 0.0005 
         022 10 0.9985 0.0006 0.0009 
         023 10 0.9983 0.0007 0.0010 
         024 10 0.9965 0.0004 0.0031 
         026 10 0.9983 0.0007 0.0009 
        001s 11 0.9117 0.0556 0.0327 
        002s 11 0.9947 0.0026 0.0027 
        003s 11 0.9965 0.0027 0.0009 
        004s 11 0.9968 0.0012 0.0020 
        005s 11 0.9974 0.0017 0.0009 
        006s 11 0.9863 0.0105 0.0033 
        007s 11 0.9354 0.0631 0.0014 
        008s 11 0.9986 0.0007 0.0007 
        009s 11 0.9988 0.0006 0.0006 
        010s 11 0.9973 0.0013 0.0013 
        011s 11 0.8655 0.1133 0.0212 
        012s 11 0.9194 0.0800 0.0007 
        013s 11 0.9970 0.0012 0.0017 
        014s 11 0.9791 0.0194 0.0015 
        015s 11 0.9902 0.0042 0.0056 
        016s 11 0.9247 0.0076 0.0677 
        017s 11 0.9330 0.0626 0.0045 
        018s 11 0.9930 0.0054 0.0016 
        019s 11 0.9750 0.0012 0.0238 
        020s 11 0.9956 0.0022 0.0022 
        021s 11 0.9974 0.0008 0.0017 
        022s 11 0.9748 0.0245 0.0007 
        023s 11 0.9593 0.0063 0.0344 
        025s 11 0.9982 0.0006 0.0012 
        026s 11 0.9343 0.0053 0.0604 
        027s 11 0.9965 0.0027 0.0008 
        028s 11 0.9937 0.0050 0.0013 
        029s 11 0.9861 0.0132 0.0007 
        030s 11 0.9644 0.0330 0.0025 
        031s 11 0.9987 0.0008 0.0005 
        032s 11 0.9951 0.0008 0.0041 
        033s 11 0.9959 0.0028 0.0013 
        034s 11 0.9966 0.0028 0.0006 
        035s 11 0.9941 0.0052 0.0007 
        036s 11 0.9807 0.0187 0.0006 
        037s 11 0.9958 0.0017 0.0025 
        038s 11 0.9967 0.0023 0.0010 
        039s 11 0.9975 0.0010 0.0015 
        040s 11 0.9208 0.0785 0.0007 
        041s 11 0.9931 0.0017 0.0052 
        042s 11 0.9869 0.0017 0.0114 
        043s 11 0.9563 0.0143 0.0295 
        044s 11 0.9926 0.0018 0.0056 
        045s 11 0.9879 0.0013 0.0109 
        046s 11 0.9440 0.0171 0.0389 
        047s 11 0.9965 0.0017 0.0017 
        048s 11 0.9525 0.0083 0.0392 
        049s 11 0.9962 0.0013 0.0025 
        050s 11 0.9973 0.0009 0.0018 
        051s 11 0.9421 0.0052 0.0527 
        052s 11 0.9907 0.0064 0.0029 
        053s 11 0.9981 0.0007 0.0012 
        054s 11 0.9939 0.0051 0.0009 
        055s 11 0.9464 0.0529 0.0007 
        001s 12 0.9913 0.0072 0.0015 
        002s 12 0.9975 0.0011 0.0013 
        003s 12 0.9988 0.0007 0.0005 
        004s 12 0.9693 0.0121 0.0185 
        005s 12 0.9977 0.0009 0.0014 
        006s 12 0.9608 0.0371 0.0021 
        007s 12 0.9947 0.0027 0.0026 
        008s 12 0.9877 0.0114 0.0009 
        009s 12 0.9710 0.0198 0.0092 
        010s 12 0.9399 0.0595 0.0006 
        011s 12 0.9954 0.0033 0.0013 
        012s 12 0.9883 0.0062 0.0055 
        013s 12 0.9578 0.0011 0.0411 
        014s 12 0.9096 0.0460 0.0443 
        015s 12 0.9948 0.0037 0.0015 
        016s 12 0.9931 0.0007 0.0062 
        017s 12 0.9942 0.0041 0.0018 
        018s 12 0.9965 0.0012 0.0023 
        019s 12 0.9969 0.0024 0.0007 
        020s 12 0.9460 0.0528 0.0012 
        021s 12 0.9948 0.0019 0.0033 
        022s 12 0.9616 0.0305 0.0079 
        023s 12 0.9977 0.0006 0.0017 
        024s 12 0.9983 0.0009 0.0008 
        025s 12 0.9900 0.0081 0.0019 
        026s 12 0.9899 0.0080 0.0022 
        027s 12 0.9950 0.0044 0.0006 
        028s 12 0.9937 0.0015 0.0049 
        029s 12 0.9976 0.0009 0.0015 
        030s 12 0.9973 0.0019 0.0008 
        031s 12 0.9924 0.0041 0.0035 
        032s 12 0.9979 0.0007 0.0014 
        033s 12 0.9909 0.0084 0.0007 
        034s 12 0.9989 0.0007 0.0005 
        035s 12 0.9889 0.0104 0.0007 
        036s 12 0.9803 0.0184 0.0014 
        037s 12 0.9977 0.0009 0.0013 
        001s 13 0.9920 0.0039 0.0041 
        002s 13 0.9324 0.0663 0.0013 
        003s 13 0.9971 0.0010 0.0019 
        004s 13 0.9941 0.0008 0.0051 
        005s 13 0.9838 0.0131 0.0031 
        006s 13 0.9970 0.0022 0.0008 
        007s 13 0.9783 0.0202 0.0015 
        008s 13 0.9525 0.0461 0.0014 
        009s 13 0.8798 0.1185 0.0017 
        010s 13 0.9454 0.0530 0.0016 
        011s 13 0.9490 0.0476 0.0034 
        012s 13 0.9203 0.0517 0.0280 
        013s 13 0.9431 0.0483 0.0086 
        014s 13 0.9750 0.0201 0.0049 
        015s 13 0.9837 0.0036 0.0127 
        016s 13 0.9977 0.0006 0.0017 
        017s 13 0.9446 0.0544 0.0010 
        018s 13 0.9983 0.0006 0.0012 
        019s 13 0.9970 0.0015 0.0015 
        020s 13 0.9913 0.0081 0.0005 
        021s 13 0.9973 0.0007 0.0020 
        022s 13 0.9966 0.0019 0.0015 
        023s 13 0.9984 0.0010 0.0005 
        024s 13 0.9275 0.0258 0.0467 
        025s 13 0.9955 0.0012 0.0033 
        026s 13 0.8847 0.1046 0.0106 
        027s 13 0.9552 0.0421 0.0027 
        028s 13 0.9609 0.0350 0.0041 
        029s 13 0.9839 0.0136 0.0025 
        030s 13 0.9317 0.0213 0.0470 
        031s 13 0.8929 0.0050 0.1021 
        032s 13 0.9978 0.0017 0.0005 
        033s 13 0.9498 0.0489 0.0014 
        034s 13 0.9427 0.0555 0.0018 
        035s 13 0.9933 0.0010 0.0057 
        036s 13 0.9970 0.0023 0.0007 
        037s 13 0.9967 0.0007 0.0026 
        038s 13 0.9957 0.0029 0.0014 
        039s 13 0.8311 0.0825 0.0864 
        040s 13 0.9965 0.0018 0.0017 
        041s 13 0.9276 0.0706 0.0018 
        042s 13 0.9976 0.0010 0.0014 
        001s 14 0.9873 0.0114 0.0013 
        002s 14 0.9339 0.0632 0.0029 
        003s 14 0.9977 0.0011 0.0012 
        004s 14 0.9696 0.0254 0.0049 
        005s 14 0.9987 0.0004 0.0009 
        006s 14 0.9987 0.0008 0.0005 
        007s 14 0.9966 0.0014 0.0020 
        008s 14 0.9069 0.0880 0.0050 
        009s 14 0.9961 0.0025 0.0014 
        010s 14 0.9849 0.0120 0.0031 
        011s 14 0.9373 0.0614 0.0014 
        012s 14 0.9962 0.0018 0.0020 
        013s 14 0.9885 0.0033 0.0082 
        014s 14 0.9867 0.0119 0.0014 
        015s 14 0.9944 0.0009 0.0047 
        016s 14 0.9836 0.0009 0.0156 
        017s 14 0.9198 0.0793 0.0009 
        018s 14 0.9968 0.0010 0.0023 
        019s 14 0.9950 0.0039 0.0010 
        020s 14 0.9973 0.0007 0.0020 
        021s 14 0.9972 0.0017 0.0011 
        022s 14 0.9868 0.0111 0.0020 
        023s 14 0.9925 0.0036 0.0039 
        024s 14 0.9500 0.0480 0.0020 
        025s 14 0.9935 0.0059 0.0006 
        026s 14 0.9980 0.0007 0.0013 
        027s 14 0.9928 0.0015 0.0057 
        028s 14 0.9963 0.0024 0.0013 
        029s 14 0.9978 0.0004 0.0018 
        030s 14 0.9924 0.0069 0.0007 
        031s 14 0.9943 0.0036 0.0020 
        032s 14 0.9949 0.0019 0.0033 
        033s 14 0.9691 0.0301 0.0009 
        034s 14 0.9986 0.0005 0.0009 
        035s 14 0.8374 0.1616 0.0010 
        036s 14 0.8805 0.1085 0.0110 
        037s 14 0.9940 0.0009 0.0051 
        038s 14 0.9978 0.0014 0.0008 
        039s 14 0.9883 0.0040 0.0078 
        040s 14 0.9932 0.0050 0.0018 
        041s 14 0.9972 0.0017 0.0011 
        042s 14 0.9649 0.0315 0.0036 
        001s 15 0.9969 0.0011 0.0020 
        002s 15 0.8847 0.0893 0.0260 
        003s 15 0.9820 0.0047 0.0133 
        004s 15 0.9987 0.0009 0.0004 
        005s 15 0.9741 0.0175 0.0084 
        006s 15 0.9849 0.0132 0.0020 
        007s 15 0.9988 0.0005 0.0007 
        008s 15 0.9984 0.0008 0.0008 
        009s 15 0.9140 0.0432 0.0428 
        010s 15 0.9972 0.0009 0.0019 
        011s 15 0.9371 0.0611 0.0018 
        012s 15 0.9913 0.0055 0.0033 
        013s 15 0.9975 0.0008 0.0017 
        014s 15 0.9892 0.0023 0.0085 
        015s 15 0.9030 0.0825 0.0145 
        016s 15 0.9053 0.0939 0.0009 
        017s 15 0.9948 0.0015 0.0037 
        018s 15 0.9983 0.0009 0.0007 
        019s 15 0.9888 0.0033 0.0079 
        020s 15 0.9980 0.0011 0.0009 
        021s 15 0.9327 0.0625 0.0048 
        022s 15 0.9970 0.0022 0.0008 
        023s 15 0.9595 0.0392 0.0013 
        024s 15 0.9955 0.0034 0.0011 
        025s 15 0.9562 0.0065 0.0373 
        026s 15 0.9641 0.0012 0.0347 
        027s 15 0.9812 0.0177 0.0011 
        028s 15 0.9966 0.0012 0.0022 
        029s 15 0.9964 0.0015 0.0022 
        030s 15 0.9982 0.0006 0.0012 
        031s 15 0.9329 0.0564 0.0107 
        032s 15 0.9967 0.0006 0.0027 
        033s 15 0.9528 0.0468 0.0004 
        035s 15 0.9927 0.0062 0.0012 
        036s 15 0.9911 0.0020 0.0068 
        037s 15 0.9923 0.0062 0.0015 
        038s 15 0.9955 0.0040 0.0005 
        039s 15 0.9592 0.0403 0.0004 
        040s 15 0.9919 0.0069 0.0011 
        041s 15 0.9126 0.0813 0.0061 
        042s 15 0.9968 0.0020 0.0012 
        043s 15 0.9884 0.0089 0.0028 
        044s 15 0.9940 0.0048 0.0012 
        045s 15 0.8812 0.0376 0.0813 
        046s 15 0.9599 0.0381 0.0020 
        047s 15 0.9704 0.0288 0.0008 
        048s 15 0.9798 0.0011 0.0190 
        049s 15 0.9792 0.0200 0.0008 
        050s 15 0.8849 0.1075 0.0076 
         001 16 0.8114 0.1873 0.0013 
         002 16 0.9657 0.0331 0.0012 
         003 16 0.9814 0.0158 0.0029 
         004 16 0.9965 0.0016 0.0019 
         005 16 0.9032 0.0611 0.0358 
         006 16 0.9645 0.0177 0.0178 
         007 16 0.9947 0.0029 0.0024 
         008 16 0.8615 0.1379 0.0006 
         009 16 0.9981 0.0013 0.0006 
         010 16 0.9909 0.0074 0.0017 
         011 16 0.9900 0.0072 0.0028 
         012 16 0.9959 0.0023 0.0019 
         013 16 0.9982 0.0011 0.0008 
         014 16 0.9748 0.0247 0.0005 
         015 16 0.6302 0.0014 0.3683 
         016 16 0.9800 0.0009 0.0191 
         017 16 0.9731 0.0253 0.0016 
         018 16 0.9199 0.0397 0.0404 
         019 16 0.9257 0.0735 0.0007 
         020 16 0.9984 0.0007 0.0009 
         021 16 0.8683 0.1299 0.0018 
         022 16 0.9921 0.0031 0.0049 
         023 16 0.9752 0.0081 0.0168 
         024 16 0.9614 0.0023 0.0364 
         025 16 0.9196 0.0743 0.0061 
         026 16 0.8873 0.1073 0.0054 
         027 16 0.9937 0.0031 0.0032 
         028 16 0.8332 0.1662 0.0006 
         029 16 0.9567 0.0417 0.0016 
         030 16 0.9960 0.0035 0.0006 
         031 16 0.9968 0.0023 0.0009 
         032 16 0.9112 0.0733 0.0155 
         033 16 0.9986 0.0010 0.0004 
         034 16 0.9898 0.0083 0.0019 
         035 16 0.9990 0.0006 0.0003 
         036 16 0.9964 0.0008 0.0029 
         037 16 0.9377 0.0582 0.0041 
         038 16 0.9875 0.0026 0.0099 
         039 16 0.9978 0.0012 0.0010 
         040 16 0.9947 0.0023 0.0030 
         041 16 0.9968 0.0013 0.0020 
         042 16 0.9971 0.0018 0.0012 
         043 16 0.9975 0.0010 0.0015 
         044 16 0.9929 0.0053 0.0018 
         045 16 0.9858 0.0139 0.0004 
         047 16 0.9521 0.0462 0.0017 
         048 16 0.9924 0.0067 0.0009 
         049 16 0.9938 0.0016 0.0046 
         050 16 0.9983 0.0011 0.0006 
         051 16 0.9959 0.0033 0.0007 
         052 16 0.9986 0.0004 0.0010 
         053 16 0.9984 0.0007 0.0009 
         054 16 0.9506 0.0480 0.0014 
         055 16 0.9155 0.0838 0.0007 
         056 16 0.9871 0.0011 0.0118 
         057 16 0.9423 0.0573 0.0004 
         058 16 0.8755 0.1068 0.0177 
         059 16 0.8057 0.0974 0.0969 
         060 16 0.9815 0.0025 0.0160 
         061 16 0.9949 0.0024 0.0027 
         062 16 0.9946 0.0047 0.0007 
         063 16 0.9964 0.0024 0.0011 
         064 16 0.9960 0.0007 0.0033 
         065 16 0.9912 0.0047 0.0040 
         066 16 0.9986 0.0006 0.0009 
         067 16 0.9193 0.0036 0.0770 
         068 16 0.9559 0.0049 0.0392 
         069 16 0.9980 0.0013 0.0008 
         070 16 0.9941 0.0048 0.0010 
         071 16 0.9005 0.0988 0.0007 
         072 16 0.9935 0.0046 0.0018 
         073 16 0.9967 0.0027 0.0006 
         074 16 0.9986 0.0009 0.0005 
         075 16 0.9553 0.0430 0.0017 
         076 16 0.9974 0.0018 0.0007 
         077 16 0.9002 0.0362 0.0636 
         078 16 0.9896 0.0058 0.0047 
         079 16 0.9050 0.0923 0.0027 
         080 16 0.9969 0.0010 0.0021 
         081 16 0.9336 0.0655 0.0009 
         082 16 0.9560 0.0434 0.0006 
         083 16 0.9962 0.0013 0.0025 
         084 16 0.9940 0.0043 0.0017 
         085 16 0.9842 0.0012 0.0146 
         086 16 0.8815 0.1175 0.0010 
         087 16 0.9779 0.0215 0.0006 
         088 16 0.9951 0.0008 0.0041 
         089 16 0.9915 0.0068 0.0017 
         090 16 0.9942 0.0049 0.0009 
         091 16 0.9970 0.0019 0.0011 
         092 16 0.9837 0.0150 0.0013 
         093 16 0.9979 0.0013 0.0008 
         094 16 0.9460 0.0046 0.0493 
         095 16 0.9987 0.0006 0.0007 
         096 16 0.9787 0.0164 0.0050 
         097 16 0.8782 0.1145 0.0073 
         098 16 0.9923 0.0012 0.0065 
         099 16 0.9905 0.0006 0.0089 
         100 16 0.9958 0.0009 0.0033 
         101 16 0.9808 0.0107 0.0085 
         102 16 0.9944 0.0031 0.0025 
         103 16 0.9924 0.0035 0.0041 
         104 16 0.9924 0.0019 0.0057 
         105 16 0.8837 0.1045 0.0118 
         106 16 0.9953 0.0017 0.0031 
         107 16 0.9836 0.0032 0.0132 
         108 16 0.7111 0.1095 0.1794 
         109 16 0.9627 0.0364 0.0009 
         110 16 0.9975 0.0006 0.0019 
         111 16 0.9740 0.0238 0.0022 
         112 16 0.9849 0.0124 0.0026 
         113 16 0.9330 0.0651 0.0018 
         114 16 0.9924 0.0045 0.0030 
         115 16 0.9980 0.0010 0.0011 
         116 16 0.9915 0.0068 0.0017 
         117 16 0.9731 0.0258 0.0011 
         118 16 0.9800 0.0017 0.0182 
         119 16 0.9954 0.0028 0.0017 
         120 16 0.9963 0.0028 0.0008 
         121 16 0.9597 0.0037 0.0366 
         122 16 0.9987 0.0007 0.0006 
         123 16 0.9937 0.0055 0.0008 
         124 16 0.9911 0.0068 0.0021 
         126 16 0.8569 0.1347 0.0083 
         001 17 0.9963 0.0027 0.0010 
         002 17 0.9972 0.0020 0.0007 
         003 17 0.9984 0.0010 0.0006 
         005 17 0.9988 0.0007 0.0006 
         006 17 0.9445 0.0550 0.0005 
         007 17 0.8264 0.1332 0.0405 
         008 17 0.8742 0.1247 0.0011 
         009 17 0.9989 0.0006 0.0006 
         010 17 0.9969 0.0016 0.0016 
         011 17 0.4938 0.1146 0.3916 
         012 17 0.9947 0.0025 0.0028 
         013 17 0.9990 0.0005 0.0005 
         014 17 0.9987 0.0007 0.0006 
         015 17 0.9947 0.0047 0.0006 
         016 17 0.9976 0.0017 0.0007 
         017 17 0.9943 0.0038 0.0018 
         018 17 0.9691 0.0300 0.0009 
         019 17 0.9984 0.0004 0.0012 
         020 17 0.9971 0.0017 0.0011 
         021 17 0.9980 0.0006 0.0014 
         022 17 0.9398 0.0579 0.0023 
         023 17 0.9967 0.0022 0.0011 
         024 17 0.9156 0.0797 0.0048 
         025 17 0.9985 0.0010 0.0005 
         002 18 0.9967 0.0006 0.0028 
         003 18 0.9979 0.0005 0.0016 
         004 18 0.9766 0.0217 0.0017 
         005 18 0.9614 0.0033 0.0352 
         006 18 0.9982 0.0005 0.0013 
         007 18 0.9927 0.0067 0.0006 
         008 18 0.9963 0.0008 0.0029 
         009 18 0.9747 0.0222 0.0030 
         010 18 0.9857 0.0011 0.0132 
         011 18 0.9959 0.0012 0.0030 
         012 18 0.9875 0.0079 0.0046 
         015 18 0.9954 0.0019 0.0028 
         016 18 0.9909 0.0085 0.0006 
         018 18 0.9903 0.0005 0.0091 
         026 18 0.9965 0.0023 0.0012 
         027 18 0.9974 0.0005 0.0021 
         028 18 0.9972 0.0022 0.0005 
         029 18 0.9974 0.0019 0.0007 
         031 18 0.8356 0.0762 0.0882 
         032 18 0.9986 0.0009 0.0005 
         033 18 0.9975 0.0010 0.0015 
         035 18 0.9976 0.0014 0.0010 
         036 18 0.9863 0.0009 0.0128 
         037 18 0.9744 0.0085 0.0171 
         038 18 0.9611 0.0334 0.0055 
         039 18 0.9977 0.0005 0.0017 
         044 18 0.8667 0.1322 0.0010 
         046 18 0.9559 0.0013 0.0428 
         049 18 0.9984 0.0010 0.0006 
         053 18 0.9963 0.0028 0.0009 
         054 18 0.9883 0.0101 0.0016 
         056 18 0.9857 0.0084 0.0058 
         057 18 0.9934 0.0011 0.0055 
         058 18 0.9930 0.0015 0.0055 
        001s 19 0.9407 0.0583 0.0010 
        002s 19 0.9947 0.0036 0.0017 
        003s 19 0.9947 0.0045 0.0008 
        004s 19 0.9643 0.0022 0.0335 
        005s 19 0.8816 0.0444 0.0740 
        006s 19 0.9943 0.0030 0.0026 
        007s 19 0.9544 0.0253 0.0203 
        008s 19 0.9290 0.0468 0.0242 
        009s 19 0.9943 0.0023 0.0034 
        010s 19 0.9887 0.0105 0.0008 
        011s 19 0.9969 0.0015 0.0016 
        012s 19 0.9937 0.0055 0.0008 
        013s 19 0.9804 0.0188 0.0008 
        014s 19 0.8967 0.0767 0.0266 
        015s 19 0.9961 0.0032 0.0007 
        016s 19 0.9476 0.0021 0.0503 
        017s 19 0.9603 0.0298 0.0098 
        018s 19 0.9932 0.0026 0.0043 
        019s 19 0.9071 0.0875 0.0054 
        020s 19 0.9190 0.0797 0.0013 
        021s 19 0.9912 0.0080 0.0008 
        022s 19 0.9855 0.0136 0.0009 
        023s 19 0.9935 0.0031 0.0033 
        024s 19 0.9959 0.0007 0.0034 
        025s 19 0.8980 0.0914 0.0106 
        026s 19 0.9812 0.0135 0.0053 
        027s 19 0.9949 0.0033 0.0018 
        028s 19 0.9906 0.0088 0.0006 
        029s 19 0.9984 0.0006 0.0010 
        030s 19 0.9946 0.0042 0.0012 
        031s 19 0.9950 0.0040 0.0009 
        032s 19 0.9975 0.0019 0.0006 
        033s 19 0.9919 0.0007 0.0074 
        034s 19 0.9968 0.0012 0.0019 
        035s 19 0.9779 0.0130 0.0091 
        036s 19 0.9962 0.0012 0.0027 
        037s 19 0.9988 0.0006 0.0006 
        038s 19 0.9941 0.0033 0.0026 
        039s 19 0.9982 0.0011 0.0006 
        040s 19 0.9894 0.0099 0.0006 
        041s 19 0.9986 0.0006 0.0008 
        042s 19 0.9728 0.0035 0.0237 
        043s 19 0.9540 0.0454 0.0006 
        044s 19 0.9971 0.0006 0.0023 
        045s 19 0.9973 0.0006 0.0022 
        046s 19 0.9892 0.0036 0.0072 
        047s 19 0.9939 0.0056 0.0005 
        048s 19 0.8974 0.1012 0.0013 
        049s 19 0.9672 0.0260 0.0067 
        050s 19 0.9984 0.0008 0.0008 
        051s 19 0.9189 0.0669 0.0142 
        052s 19 0.9972 0.0016 0.0012 
      LIW2-4 20 0.9946 0.0022 0.0032 
     LIW2-12 21 0.9172 0.0007 0.0821 
     LIW2-20 22 0.9963 0.0021 0.0016 
     LIW2-28 23 0.8932 0.0296 0.0771 
      LIW1-5 24 0.9942 0.0015 0.0043 
     LIW1-13 25 0.9074 0.0759 0.0167 
     LIW1-21 26 0.9545 0.0035 0.0420 
     LIW1-29 27 0.9513 0.0264 0.0224 
      LIW2-5 28 0.9956 0.0010 0.0034 
     LIW2-34 29 0.9938 0.0006 0.0056 
     LIW2-21 30 0.8852 0.0862 0.0286 
     LIW2-29 31 0.8147 0.1811 0.0043 
      LIW1-6 32 0.9946 0.0011 0.0043 
     LIW1-14 33 0.9429 0.0553 0.0019 
     LIW1-22 34 0.9866 0.0009 0.0125 
     LIW1-30 35 0.9941 0.0012 0.0048 
      LIW2-6 36 0.9570 0.0134 0.0296 
     LIW2-14 37 0.9912 0.0015 0.0073 
     LIW2-22 38 0.8751 0.0315 0.0934 
     LIW2-30 39 0.9869 0.0012 0.0119 
      LIW1-7 40 0.9195 0.0170 0.0635 
     LIW1-15 41 0.9858 0.0007 0.0135 
     LIW1-23 42 0.9854 0.0059 0.0087 
     LIW1-31 43 0.9867 0.0045 0.0089 
      LIW2-7 44 0.9159 0.0826 0.0015 
     LIW2-15 45 0.9844 0.0013 0.0143 
     LIW2-23 46 0.9102 0.0039 0.0859 
      LIW1-8 47 0.9960 0.0008 0.0032 
     LIW1-16 48 0.9966 0.0010 0.0024 
      LIW2-8 49 0.9953 0.0007 0.0040 
     LIW2-16 50 0.6489 0.3154 0.0357 
     LIW2-24 51 0.7942 0.1887 0.0171 
     LIW2-32 52 0.9338 0.0095 0.0567 
     LIW1-47 53 0.9705 0.0126 0.0168 
      UMFS-1 54 0.8910 0.0409 0.0681 
     UMFS-19 55 0.7679 0.1150 0.1171 
     UMFS-31 56 0.9240 0.0006 0.0754 
      UMFS-2 57 0.9681 0.0010 0.0309 
     UMFS-10 58 0.8994 0.0061 0.0946 
     UMFS-20 59 0.8965 0.0480 0.0556 
     UMFS-32 60 0.8402 0.0708 0.0890 
      UMFS-3 61 0.8005 0.0717 0.1278 
     UMFS-11 62 0.5805 0.4079 0.0116 
     UMFS-21 63 0.8288 0.0657 0.1055 
     UMFS-33 64 0.9024 0.0204 0.0773 
      UMFS-4 65 0.8843 0.0136 0.1020 
     UMFS-22 66 0.8915 0.0195 0.0891 
     UMFS-34 67 0.8254 0.0565 0.1182 
      UMFS-5 68 0.9056 0.0037 0.0908 
     UMFS-13 69 0.8182 0.0586 0.1232 
     UMFS-23 70 0.8966 0.0190 0.0844 
     UMFS-35 71 0.8670 0.0231 0.1099 
      UMFS-6 72 0.8612 0.0136 0.1252 
     UMFS-14 73 0.9104 0.0094 0.0802 
     UMFS-24 74 0.9319 0.0378 0.0303 
     UMFS-36 75 0.8370 0.0707 0.0922 
      UMFS-7 76 0.3223 0.5628 0.1149 
     UMFS-15 77 0.8311 0.0737 0.0952 
     UMFS-25 78 0.8500 0.0847 0.0654 
     UMFS-37 79 0.8531 0.0797 0.0672 
      UMFS-8 80 0.8849 0.0244 0.0907 
     UMFS-16 81 0.8328 0.0687 0.0986 
     UMFS-26 82 0.7702 0.0566 0.1732 
     UMFS-38 83 0.9431 0.0071 0.0498 
      NEH1-2 84 0.0022 0.0185 0.9793 
     NEH1-11 85 0.0024 0.0324 0.9651 
     NEH1-20 86 0.1172 0.0013 0.8815 
     NEH1-29 87 0.0011 0.0004 0.9985 
      NEH2-2 88 0.0005 0.0002 0.9993 
     NEH2-10 89 0.0065 0.0006 0.9929 
     NEH2-18 90 0.0003 0.0005 0.9992 
     NEH2-26 91 0.0014 0.0008 0.9978 
      NEH1-3 92 0.1547 0.0006 0.8447 
     NEH1-12 93 0.0006 0.0494 0.9500 
     NEH1-21 94 0.0685 0.0024 0.9291 
     NEH1-30 95 0.0729 0.0110 0.9161 
      NEH2-3 96 0.0002 0.0002 0.9996 
     NEH2-11 97 0.0007 0.0038 0.9955 
     NEH2-19 98 0.0040 0.0012 0.9948 
     NEH2-27 99 0.0001 0.0001 0.9997 
      NEH1-4 100 0.0002 0.0003 0.9996 
     NEH1-13 101 0.2261 0.0023 0.7717 
     NEH1-22 102 0.1969 0.0006 0.8024 
     NEH1-31 103 0.0008 0.0005 0.9987 
      NEH2-4 104 0.0042 0.0011 0.9947 
     NEH2-12 105 0.0010 0.0446 0.9544 
     NEH2-20 106 0.1931 0.0003 0.8066 
     NEH2-28 107 0.0019 0.0041 0.9940 
      NEH1-5 108 0.1340 0.0034 0.8626 
     NEH1-14 109 0.1627 0.0689 0.7684 
     NEH1-23 110 0.2263 0.0005 0.7732 
     NEH1-32 111 0.0011 0.0018 0.9970 
      NEH2-5 112 0.0003 0.0002 0.9995 
     NEH2-13 113 0.0024 0.0066 0.9910 
     NEH2-22 114 0.0008 0.0006 0.9986 
     NEH2-29 115 0.0341 0.0007 0.9652 
      NEH1-6 116 0.0003 0.0003 0.9995 
     NEH1-15 117 0.0021 0.0436 0.9543 
     NEH1-24 118 0.0011 0.0043 0.9946 
     NEH1-33 119 0.1226 0.0005 0.8768 
      NEH2-6 120 0.0174 0.0007 0.9820 
     NEH2-14 121 0.0054 0.0017 0.9929 
     NEH2-21 122 0.0470 0.0003 0.9527 
     NEH2-30 123 0.0003 0.0002 0.9995 
      NEH1-7 124 0.0782 0.0755 0.8463 
     NEH1-16 125 0.0004 0.0004 0.9992 
     NEH1-25 126 0.1234 0.0009 0.8756 
     NEH1-34 127 0.0610 0.0070 0.9320 
      NEH2-7 128 0.0023 0.0013 0.9964 
     NEH2-15 129 0.0001 0.0001 0.9997 
     NEH2-23 130 0.0165 0.0362 0.9473 
     NEH2-31 131 0.0003 0.0002 0.9996 
      NEH1-8 132 0.1061 0.0592 0.8347 
     NEH1-17 133 0.0017 0.0960 0.9022 
     NEH1-26 134 0.1476 0.0010 0.8514 
     NEH1-35 135 0.1808 0.0047 0.8145 
      NEH2-8 136 0.0002 0.0001 0.9997 
     NEH2-16 137 0.0009 0.0005 0.9986 
     NEH2-24 138 0.0002 0.0002 0.9996 
     NEH2-32 139 0.0006 0.0560 0.9434 
      NEH1-1 140 0.0017 0.0766 0.9217 
     NEH1-10 141 0.0003 0.0004 0.9992 
     NEH1-19 142 0.1189 0.0018 0.8793 
     NEH1-28 143 0.0014 0.0413 0.9573 
      NEH2-1 144 0.0030 0.0019 0.9951 
      NEH2-9 145 0.0007 0.0003 0.9990 
     NEH2-17 146 0.0045 0.0326 0.9628 
     NEH2-25 147 0.0005 0.0014 0.9981 
      LIW1-1 148 0.7937 0.0941 0.1123 
      LIW1-9 149 0.7755 0.1524 0.0721 
     LIW1-17 150 0.9490 0.0008 0.0501 
     LIW1-25 151 0.9964 0.0007 0.0029 
      LIW2-9 152 0.9319 0.0658 0.0024 
     LIW2-17 153 0.9935 0.0020 0.0045 
     LIW2-25 154 0.9941 0.0012 0.0046 
      LIW1-2 155 0.9822 0.0012 0.0166 
     LIW1-10 156 0.9881 0.0058 0.0061 
     LIW1-18 157 0.9878 0.0034 0.0089 
     LIW1-26 158 0.9752 0.0010 0.0238 
      LIW2-2 159 0.9938 0.0008 0.0055 
     LIW2-10 160 0.9961 0.0022 0.0017 
     LIW2-18 161 0.8999 0.0339 0.0662 
     LIW2-26 162 0.9934 0.0016 0.0051 
      LIW1-3 163 0.9561 0.0033 0.0406 
     LIW1-11 164 0.9805 0.0101 0.0094 
     LIW1-19 165 0.8863 0.0421 0.0716 
     LIW1-27 166 0.9927 0.0065 0.0008 
      LIW2-3 167 0.9808 0.0150 0.0042 
     LIW2-11 168 0.9978 0.0007 0.0015 
     LIW2-19 169 0.9642 0.0020 0.0338 
     LIW2-27 170 0.9797 0.0007 0.0197 
      LIW1-4 171 0.9921 0.0012 0.0067 
     LIW1-12 172 0.9666 0.0253 0.0081 
     LIW1-20 173 0.9943 0.0038 0.0019 
     LIW1-28 174 0.9805 0.0037 0.0159 
        001s 175 0.9945 0.0032 0.0024 
        002s 175 0.9292 0.0689 0.0019 
        003s 175 0.9979 0.0008 0.0013 
        004s 175 0.9624 0.0363 0.0012 
        005s 175 0.9951 0.0025 0.0025 
        006s 175 0.8419 0.1554 0.0026 
        007s 175 0.9978 0.0009 0.0013 
        008s 175 0.9954 0.0035 0.0011 
        009s 175 0.8871 0.1111 0.0017 
        010s 175 0.9967 0.0018 0.0015 
        011s 175 0.9949 0.0037 0.0014 
        012s 175 0.9985 0.0010 0.0005 
        013s 175 0.9951 0.0045 0.0004 
        014s 175 0.9163 0.0832 0.0005 
        015s 175 0.9952 0.0024 0.0024 
        016s 175 0.9847 0.0148 0.0005 
        017s 175 0.9817 0.0103 0.0081 
        018s 175 0.9921 0.0059 0.0019 
        019s 175 0.9871 0.0014 0.0115 
        020s 175 0.9964 0.0021 0.0016 
        021s 175 0.9953 0.0014 0.0032 
        022s 175 0.9811 0.0137 0.0052 
        023s 175 0.9872 0.0059 0.0068 
        024s 175 0.9660 0.0329 0.0011 
        025s 175 0.9496 0.0493 0.0011 
        026s 175 0.9933 0.0041 0.0026 
        027s 175 0.9946 0.0028 0.0026 
        028s 175 0.9317 0.0016 0.0667 
        029s 175 0.9981 0.0011 0.0008 
        030s 175 0.8998 0.0954 0.0047 
        031s 175 0.9966 0.0027 0.0007 
        032s 175 0.9705 0.0019 0.0275 
        033s 175 0.9778 0.0211 0.0011 
        034s 175 0.9935 0.0060 0.0005 
        035s 175 0.9899 0.0095 0.0007 
        036s 175 0.9982 0.0011 0.0008 
        037s 175 0.9833 0.0015 0.0153 
        038s 175 0.9878 0.0110 0.0012 
        039s 175 0.9937 0.0020 0.0043 
        040s 175 0.9958 0.0012 0.0030 
        041s 175 0.9952 0.0037 0.0011 
        042s 175 0.9952 0.0026 0.0022 
        043s 175 0.9890 0.0051 0.0058 
        044s 175 0.9967 0.0011 0.0022 
        045s 175 0.9315 0.0677 0.0009 
        046s 175 0.9951 0.0023 0.0026 
        047s 175 0.9851 0.0010 0.0139 
        048s 175 0.9913 0.0080 0.0007 
        049s 175 0.9726 0.0264 0.0010 
        050s 175 0.8647 0.0355 0.0998 
        001s 176 0.9139 0.0853 0.0008 
        002s 176 0.9788 0.0173 0.0039 
        003s 176 0.9960 0.0019 0.0020 
        004s 176 0.9946 0.0023 0.0031 
        005s 176 0.9764 0.0009 0.0228 
        006s 176 0.9975 0.0014 0.0010 
        007s 176 0.9264 0.0721 0.0015 
        008s 176 0.9986 0.0010 0.0004 
        009s 176 0.9863 0.0009 0.0128 
        010s 176 0.9981 0.0013 0.0007 
        011s 176 0.9932 0.0009 0.0059 
        012s 176 0.9354 0.0628 0.0019 
        013s 176 0.9765 0.0196 0.0039 
        014s 176 0.9952 0.0040 0.0008 
        015s 176 0.9961 0.0013 0.0026 
        016s 176 0.9972 0.0010 0.0018 
        017s 176 0.9990 0.0005 0.0006 
        018s 176 0.9839 0.0007 0.0154 
        019s 176 0.9470 0.0520 0.0010 
        020s 176 0.9958 0.0021 0.0020 
        021s 176 0.9932 0.0049 0.0019 
        022s 176 0.9968 0.0020 0.0012 
        023s 176 0.9981 0.0014 0.0005 
        024s 176 0.9517 0.0472 0.0011 
        025s 176 0.9851 0.0103 0.0046 
        026s 176 0.9867 0.0091 0.0042 
        027s 176 0.9979 0.0007 0.0014 
        028s 176 0.9967 0.0021 0.0012 
        029s 176 0.9952 0.0015 0.0032 
        030s 176 0.9438 0.0553 0.0009 
        031s 176 0.9893 0.0090 0.0017 
        032s 176 0.9445 0.0189 0.0365 
        033s 176 0.8465 0.1175 0.0360 
        034s 176 0.9974 0.0017 0.0009 
        035s 176 0.9239 0.0065 0.0696 
        036s 176 0.9976 0.0015 0.0009 
        037s 176 0.9087 0.0632 0.0281 
        038s 176 0.9977 0.0012 0.0012 
        039s 176 0.9985 0.0010 0.0005 
        040s 176 0.9984 0.0006 0.0010 
        041s 176 0.9975 0.0015 0.0011 
        042s 176 0.9984 0.0010 0.0007 
        043s 176 0.9679 0.0220 0.0101 
        044s 176 0.9955 0.0039 0.0006 
        045s 176 0.9845 0.0138 0.0016 
        046s 176 0.9974 0.0021 0.0005 
        047s 176 0.9967 0.0011 0.0022 
        048s 176 0.9896 0.0095 0.0009 
        050s 176 0.9839 0.0014 0.0146 
        001s 177 0.9323 0.0449 0.0228 
        002s 177 0.9971 0.0008 0.0021 
        003s 177 0.9366 0.0440 0.0195 
        004s 177 0.9966 0.0012 0.0022 
        005s 177 0.9968 0.0026 0.0005 
        006s 177 0.9931 0.0029 0.0040 
        007s 177 0.9937 0.0053 0.0011 
        008s 177 0.8500 0.1472 0.0028 
        009s 177 0.9982 0.0005 0.0013 
        010s 177 0.9730 0.0254 0.0016 
        011s 177 0.9976 0.0015 0.0009 
        012s 177 0.9960 0.0029 0.0011 
        013s 177 0.9955 0.0013 0.0031 
        014s 177 0.9633 0.0336 0.0031 
        015s 177 0.9921 0.0041 0.0037 
        016s 177 0.9988 0.0005 0.0006 
        017s 177 0.9616 0.0368 0.0017 
        018s 177 0.9880 0.0114 0.0006 
        019s 177 0.9917 0.0014 0.0069 
        020s 177 0.9928 0.0028 0.0044 
        021s 177 0.9971 0.0009 0.0020 
        022s 177 0.9716 0.0068 0.0215 
        023s 177 0.9795 0.0172 0.0034 
        024s 177 0.9962 0.0010 0.0028 
        025s 177 0.9950 0.0038 0.0012 
        026s 177 0.9956 0.0011 0.0033 
        027s 177 0.9982 0.0007 0.0011 
        028s 177 0.9983 0.0007 0.0010 
        029s 177 0.9058 0.0925 0.0017 
        030s 177 0.9873 0.0092 0.0036 
        031s 177 0.9844 0.0015 0.0142 
        032s 177 0.9673 0.0317 0.0009 
        033s 177 0.9944 0.0009 0.0047 
        034s 177 0.9969 0.0019 0.0012 
