        001s  1 0.0015 0.2750 0.0009 0.0005 0.6576 0.0003 0.0003 0.0031 0.0608 
        002s  1 0.0007 0.7859 0.0006 0.0008 0.1051 0.0022 0.0035 0.0762 0.0250 
        003s  1 0.0168 0.8419 0.0038 0.0016 0.0074 0.0038 0.0007 0.1221 0.0020 
        004s  1 0.0003 0.5034 0.0029 0.0055 0.3729 0.0027 0.0269 0.0739 0.0114 
        005s  1 0.0004 0.5236 0.1354 0.0014 0.0047 0.1261 0.1196 0.0869 0.0019 
        006s  1 0.0005 0.0038 0.0004 0.0005 0.7155 0.0004 0.0020 0.2666 0.0104 
        007s  1 0.0007 0.0179 0.0020 0.0038 0.8160 0.0009 0.0003 0.1507 0.0077 
        008s  1 0.0007 0.6069 0.0024 0.0010 0.1507 0.0024 0.0016 0.1521 0.0822 
        009s  1 0.0028 0.3616 0.0322 0.0086 0.5609 0.0177 0.0025 0.0100 0.0038 
        010s  1 0.0008 0.0080 0.0101 0.0003 0.9544 0.0024 0.0013 0.0083 0.0144 
        011s  1 0.0039 0.0139 0.0013 0.0026 0.6142 0.0042 0.0021 0.3212 0.0365 
        012s  1 0.0046 0.0062 0.1030 0.0014 0.4771 0.0038 0.0065 0.3952 0.0022 
        013s  1 0.0014 0.0133 0.0015 0.0125 0.8839 0.0191 0.0075 0.0364 0.0243 
        014s  1 0.0165 0.0062 0.0105 0.0037 0.6967 0.0006 0.0014 0.2580 0.0063 
        015s  1 0.0009 0.0122 0.0006 0.0007 0.9680 0.0010 0.0005 0.0099 0.0065 
        016s  1 0.0007 0.0404 0.0032 0.0059 0.5345 0.0004 0.0008 0.3723 0.0418 
        018s  1 0.0012 0.0786 0.1140 0.0010 0.2590 0.0161 0.0011 0.4392 0.0898 
        019s  1 0.0054 0.1071 0.0127 0.0013 0.7459 0.0010 0.0005 0.1011 0.0249 
        020s  1 0.0092 0.0102 0.0007 0.0067 0.7804 0.0005 0.0003 0.0401 0.1521 
        021s  1 0.0009 0.0179 0.0003 0.0064 0.9267 0.0011 0.0075 0.0212 0.0180 
        022s  1 0.0006 0.9730 0.0003 0.0011 0.0144 0.0005 0.0004 0.0044 0.0053 
        023s  1 0.0011 0.2058 0.0004 0.0109 0.6090 0.0004 0.0005 0.0474 0.1245 
        024s  1 0.0003 0.0080 0.0015 0.0010 0.9602 0.0018 0.0020 0.0095 0.0156 
        025s  1 0.0003 0.0068 0.0076 0.0012 0.2760 0.0129 0.0016 0.0060 0.6876 
        026s  1 0.0055 0.0047 0.0010 0.0132 0.7960 0.0022 0.0006 0.0723 0.1045 
        027s  1 0.0005 0.0174 0.0018 0.0041 0.0762 0.0169 0.0169 0.0796 0.7865 
        028s  1 0.0018 0.0010 0.0258 0.0008 0.0280 0.0166 0.0469 0.0530 0.8262 
        029s  1 0.0056 0.0097 0.0015 0.0009 0.9238 0.0009 0.0008 0.0519 0.0049 
        030s  1 0.0082 0.0069 0.0008 0.0007 0.0759 0.0137 0.0049 0.0046 0.8843 
        031s  1 0.0005 0.0382 0.0003 0.0015 0.9458 0.0003 0.0003 0.0099 0.0033 
        032s  1 0.0013 0.0085 0.0007 0.0008 0.7591 0.0007 0.0005 0.0507 0.1778 
        033s  1 0.0008 0.0068 0.0022 0.0006 0.6697 0.0078 0.0006 0.3051 0.0064 
        034s  1 0.0063 0.5560 0.0020 0.0514 0.0894 0.0022 0.0013 0.0369 0.2545 
        035s  1 0.0023 0.0020 0.0015 0.0008 0.9132 0.0007 0.0015 0.0425 0.0355 
        036s  1 0.0004 0.5688 0.0960 0.0007 0.2048 0.0010 0.0008 0.1230 0.0046 
        037s  1 0.0013 0.0404 0.0920 0.0334 0.3578 0.0092 0.0060 0.4422 0.0177 
        038s  1 0.0006 0.0121 0.0014 0.0008 0.7606 0.0016 0.0009 0.0064 0.2157 
        039s  1 0.0009 0.0283 0.0003 0.0004 0.8704 0.0320 0.0036 0.0123 0.0519 
        040s  1 0.0008 0.1354 0.0013 0.0026 0.5310 0.0025 0.0036 0.3033 0.0196 
        041s  1 0.0008 0.0067 0.0029 0.0026 0.9494 0.0031 0.0004 0.0083 0.0258 
        042s  1 0.0013 0.0891 0.0750 0.0764 0.6438 0.0008 0.0008 0.1100 0.0029 
        043s  1 0.0018 0.8252 0.0013 0.0006 0.0145 0.0284 0.0005 0.1222 0.0055 
        044s  1 0.0038 0.2576 0.0654 0.0095 0.0186 0.0322 0.0072 0.3217 0.2841 
        045s  1 0.0009 0.0020 0.0112 0.0007 0.7201 0.0006 0.0031 0.0387 0.2228 
        046s  1 0.0023 0.0082 0.0017 0.0006 0.7733 0.0005 0.0007 0.2087 0.0040 
        047s  1 0.0012 0.0029 0.0009 0.0043 0.8216 0.0033 0.0003 0.0200 0.1454 
        048s  1 0.0006 0.4817 0.0258 0.0008 0.4525 0.0120 0.0002 0.0230 0.0034 
        049s  1 0.0011 0.9303 0.0006 0.0006 0.0491 0.0006 0.0029 0.0065 0.0083 
        050s  1 0.0006 0.0909 0.0943 0.0005 0.6910 0.0016 0.0024 0.1108 0.0078 
        051s  1 0.0199 0.0068 0.0003 0.0006 0.7709 0.0003 0.0007 0.1865 0.0139 
        052s  1 0.0089 0.0245 0.0039 0.0011 0.1352 0.0058 0.0033 0.4334 0.3839 
        053s  1 0.0004 0.0039 0.0010 0.0008 0.6597 0.0040 0.0002 0.2741 0.0560 
        054s  1 0.0027 0.0031 0.0002 0.0009 0.8145 0.0014 0.0029 0.1067 0.0676 
        055s  1 0.0029 0.0026 0.0476 0.0739 0.8211 0.0283 0.0004 0.0217 0.0015 
          01  2 0.0235 0.0101 0.1048 0.0019 0.4442 0.0017 0.0013 0.4089 0.0037 
          02  2 0.0013 0.0040 0.0067 0.0009 0.5913 0.0238 0.0011 0.0323 0.3386 
          03  2 0.0005 0.0069 0.0010 0.0011 0.5005 0.0015 0.0007 0.0025 0.4854 
          04  2 0.0012 0.0427 0.0018 0.0142 0.1856 0.0157 0.0095 0.0312 0.6982 
          05  2 0.0003 0.8192 0.0952 0.0006 0.0115 0.0119 0.0004 0.0370 0.0239 
          06  2 0.0008 0.0103 0.0182 0.0007 0.5164 0.0080 0.0014 0.0165 0.4277 
          07  2 0.0012 0.1233 0.0046 0.0007 0.7330 0.0038 0.0023 0.1104 0.0207 
          08  2 0.0009 0.6991 0.0766 0.0004 0.0180 0.0056 0.0004 0.0153 0.1836 
          09  2 0.0094 0.0295 0.0007 0.0003 0.9289 0.0005 0.0005 0.0049 0.0254 
          10  2 0.0008 0.0209 0.0014 0.0007 0.2653 0.0008 0.0005 0.2082 0.5014 
          11  2 0.0109 0.0098 0.0298 0.0029 0.9313 0.0008 0.0007 0.0061 0.0078 
          12  2 0.0013 0.0172 0.0004 0.0005 0.8411 0.0023 0.0010 0.0621 0.0741 
          13  2 0.0011 0.1568 0.0003 0.0008 0.8202 0.0019 0.0004 0.0018 0.0167 
          14  2 0.0026 0.3350 0.0003 0.0175 0.4499 0.0018 0.0090 0.1821 0.0018 
          15  2 0.0013 0.3246 0.0006 0.0011 0.6555 0.0010 0.0006 0.0121 0.0031 
          16  2 0.0043 0.0067 0.0007 0.0023 0.7618 0.0037 0.0513 0.1645 0.0047 
          17  2 0.0012 0.0712 0.0012 0.0011 0.0957 0.0075 0.0006 0.0196 0.8020 
          18  2 0.0011 0.0028 0.0054 0.0007 0.5532 0.0093 0.0022 0.4174 0.0079 
          19  2 0.0022 0.0060 0.0020 0.0039 0.9122 0.0008 0.0003 0.0298 0.0428 
          20  2 0.0011 0.0153 0.0336 0.0056 0.4628 0.0009 0.0076 0.4662 0.0069 
          21  2 0.0167 0.0056 0.0012 0.0010 0.8339 0.0010 0.0004 0.1323 0.0079 
          22  2 0.0066 0.0027 0.0013 0.0033 0.8227 0.0076 0.0057 0.0044 0.1457 
          23  2 0.0009 0.0023 0.0007 0.0022 0.6038 0.0016 0.0022 0.2194 0.1670 
          24  2 0.0010 0.0036 0.0006 0.0007 0.9291 0.0009 0.0005 0.0530 0.0106 
          25  2 0.0019 0.1206 0.0049 0.0014 0.7679 0.0024 0.0230 0.0735 0.0044 
          26  2 0.0007 0.9942 0.0004 0.0003 0.0014 0.0004 0.0004 0.0007 0.0015 
          27  2 0.0019 0.0489 0.0017 0.0025 0.9117 0.0018 0.0216 0.0033 0.0066 
          28  2 0.0008 0.0321 0.0009 0.0042 0.9380 0.0034 0.0002 0.0039 0.0165 
          29  2 0.0012 0.0048 0.0015 0.0003 0.7423 0.0005 0.0007 0.2313 0.0174 
          30  2 0.0058 0.0152 0.1357 0.0776 0.0022 0.0052 0.0005 0.4187 0.3392 
          01  3 0.0006 0.0142 0.1642 0.0155 0.1035 0.4362 0.0082 0.2470 0.0107 
          02  3 0.0726 0.0010 0.1531 0.0117 0.0068 0.2606 0.2775 0.1920 0.0248 
          03  3 0.0005 0.0063 0.1681 0.0007 0.0274 0.0684 0.1995 0.5279 0.0011 
          04  3 0.0018 0.0039 0.2554 0.0012 0.0307 0.2529 0.1814 0.2137 0.0590 
          05  3 0.1101 0.0007 0.1694 0.1122 0.0005 0.1980 0.2554 0.1526 0.0009 
          06  3 0.0003 0.0004 0.1734 0.0006 0.0006 0.2698 0.2938 0.2274 0.0338 
          07  3 0.0024 0.0069 0.2282 0.0003 0.0091 0.0482 0.1591 0.5438 0.0021 
          08  3 0.0069 0.0257 0.2270 0.0084 0.1042 0.1667 0.2093 0.1822 0.0695 
          09  3 0.0002 0.0015 0.2827 0.0011 0.0117 0.0548 0.1693 0.4757 0.0030 
          10  3 0.2117 0.0028 0.0478 0.1200 0.0110 0.1964 0.2655 0.1408 0.0041 
          11  3 0.0002 0.0011 0.2347 0.0003 0.0012 0.0747 0.1810 0.5000 0.0067 
          12  3 0.0002 0.0118 0.2354 0.0003 0.0070 0.0763 0.1867 0.4764 0.0059 
          13  3 0.0096 0.0011 0.1855 0.0002 0.0006 0.2982 0.3043 0.1989 0.0015 
          14  3 0.0331 0.0026 0.1221 0.1499 0.0030 0.2186 0.2975 0.1717 0.0015 
          15  3 0.0003 0.0803 0.2200 0.0013 0.0291 0.1468 0.1464 0.3626 0.0133 
          16  3 0.0037 0.0019 0.0473 0.0037 0.0071 0.4289 0.3130 0.1864 0.0078 
          17  3 0.0011 0.0143 0.3079 0.0009 0.0244 0.1152 0.0941 0.1446 0.2975 
          18  3 0.1619 0.0045 0.0674 0.2755 0.0025 0.1629 0.2192 0.1024 0.0037 
          19  3 0.0006 0.0048 0.1212 0.0130 0.0584 0.3408 0.2568 0.1721 0.0322 
          20  3 0.0003 0.0227 0.2372 0.0608 0.0160 0.2766 0.1448 0.2347 0.0069 
          21  3 0.0014 0.0178 0.1373 0.0078 0.0528 0.3696 0.1624 0.1955 0.0554 
          22  3 0.0003 0.0096 0.2896 0.0014 0.0056 0.1008 0.1099 0.4815 0.0013 
          23  3 0.0003 0.0048 0.2056 0.0014 0.0024 0.2941 0.1738 0.1528 0.1647 
          24  3 0.1648 0.0016 0.3128 0.0008 0.0034 0.2140 0.1415 0.1529 0.0081 
          25  3 0.2448 0.0003 0.1038 0.1314 0.0006 0.2777 0.1255 0.1154 0.0006 
          26  3 0.0007 0.0011 0.2629 0.0006 0.0741 0.1123 0.2025 0.3439 0.0018 
          27  3 0.1324 0.0079 0.0673 0.1762 0.0122 0.2663 0.1875 0.1269 0.0234 
          28  3 0.0019 0.0355 0.1859 0.0003 0.0048 0.3670 0.2295 0.1683 0.0066 
          29  3 0.0039 0.0142 0.1978 0.0124 0.0349 0.3213 0.2091 0.1505 0.0559 
          30  3 0.0009 0.1894 0.2362 0.0004 0.0014 0.2645 0.0834 0.2124 0.0113 
         001  4 0.0001 0.0001 0.9994 0.0001 0.0001 0.0001 0.0001 0.0001 0.0001 
         002  4 0.0002 0.0002 0.9937 0.0001 0.0002 0.0009 0.0006 0.0038 0.0002 
         003  4 0.0001 0.0001 0.9993 0.0001 0.0001 0.0001 0.0001 0.0001 0.0001 
         004  4 0.0001 0.0001 0.9992 0.0001 0.0001 0.0001 0.0002 0.0001 0.0001 
         005  4 0.0002 0.0002 0.9988 0.0001 0.0001 0.0001 0.0002 0.0001 0.0001 
         006  4 0.0002 0.0004 0.8843 0.0003 0.0003 0.0247 0.0641 0.0255 0.0002 
         007  4 0.0002 0.0022 0.9053 0.0003 0.0006 0.0002 0.0580 0.0329 0.0003 
         008  4 0.0020 0.0006 0.9916 0.0029 0.0005 0.0007 0.0009 0.0002 0.0005 
         009  4 0.0001 0.0001 0.9990 0.0001 0.0001 0.0001 0.0002 0.0002 0.0001 
         010  4 0.0001 0.0001 0.9729 0.0001 0.0001 0.0001 0.0265 0.0002 0.0001 
         011  4 0.0004 0.0021 0.9396 0.0105 0.0007 0.0010 0.0445 0.0007 0.0006 
         012  4 0.0001 0.0001 0.9992 0.0001 0.0001 0.0001 0.0001 0.0003 0.0001 
         013  4 0.0001 0.0001 0.9993 0.0001 0.0001 0.0001 0.0001 0.0001 0.0001 
         014  4 0.0001 0.0002 0.9912 0.0001 0.0001 0.0001 0.0002 0.0078 0.0002 
         015  4 0.0001 0.0001 0.9816 0.0000 0.0001 0.0002 0.0001 0.0178 0.0001 
         016  4 0.0001 0.0001 0.9992 0.0001 0.0001 0.0001 0.0002 0.0001 0.0001 
         017  4 0.0001 0.0001 0.9830 0.0001 0.0001 0.0003 0.0002 0.0159 0.0001 
         019  4 0.0004 0.0002 0.8889 0.0004 0.0002 0.0056 0.0947 0.0094 0.0003 
         020  4 0.0001 0.0002 0.9989 0.0001 0.0001 0.0002 0.0002 0.0001 0.0001 
         021  4 0.0003 0.0001 0.9600 0.0002 0.0002 0.0002 0.0359 0.0030 0.0001 
         001  5 0.0010 0.0006 0.9300 0.0287 0.0008 0.0091 0.0006 0.0284 0.0008 
         002  5 0.0009 0.0149 0.9361 0.0014 0.0055 0.0338 0.0003 0.0031 0.0039 
         003  5 0.0004 0.0006 0.6869 0.0033 0.0118 0.0851 0.0410 0.1044 0.0665 
         004  5 0.0003 0.0088 0.9248 0.0015 0.0498 0.0083 0.0025 0.0008 0.0032 
         005  5 0.0002 0.0002 0.9220 0.0003 0.0002 0.0554 0.0005 0.0207 0.0005 
         006  5 0.0007 0.0005 0.8000 0.0002 0.0006 0.1357 0.0349 0.0269 0.0004 
         007  5 0.0003 0.0002 0.8504 0.0002 0.0003 0.0683 0.0567 0.0233 0.0003 
         008  5 0.0002 0.0001 0.9075 0.0001 0.0002 0.0743 0.0009 0.0166 0.0001 
         009  5 0.0002 0.0057 0.9015 0.0017 0.0121 0.0238 0.0059 0.0191 0.0300 
         010  5 0.0003 0.0008 0.8552 0.0005 0.0013 0.0972 0.0347 0.0088 0.0011 
         011  5 0.0002 0.0006 0.9201 0.0015 0.0006 0.0590 0.0004 0.0172 0.0004 
         012  5 0.0008 0.0051 0.8351 0.0010 0.0276 0.0253 0.0775 0.0216 0.0060 
         013  5 0.0007 0.0010 0.6739 0.0008 0.0948 0.0830 0.0047 0.0750 0.0660 
         014  5 0.0134 0.0102 0.6727 0.0094 0.0026 0.0591 0.0732 0.0026 0.1569 
         015  5 0.0002 0.0002 0.9229 0.0002 0.0002 0.0351 0.0248 0.0163 0.0002 
         016  5 0.0007 0.0007 0.8749 0.0003 0.0008 0.0306 0.0458 0.0452 0.0009 
         017  5 0.0021 0.0012 0.8113 0.0002 0.0077 0.0640 0.0565 0.0519 0.0051 
         018  5 0.0154 0.0012 0.7976 0.0141 0.0016 0.0650 0.0045 0.0955 0.0051 
         019  5 0.0062 0.0002 0.9651 0.0013 0.0005 0.0007 0.0003 0.0251 0.0006 
         020  5 0.0001 0.0001 0.9976 0.0001 0.0001 0.0006 0.0001 0.0010 0.0002 
         021  5 0.0003 0.0161 0.8399 0.0026 0.1138 0.0040 0.0003 0.0094 0.0136 
         022  5 0.0016 0.0015 0.8954 0.0193 0.0018 0.0018 0.0126 0.0628 0.0031 
         023  5 0.0003 0.0009 0.8888 0.0017 0.0004 0.0569 0.0028 0.0477 0.0005 
         024  5 0.0002 0.0102 0.8751 0.0005 0.0153 0.0061 0.0712 0.0044 0.0171 
         025  5 0.0012 0.0029 0.8366 0.0003 0.0080 0.0211 0.0613 0.0650 0.0035 
         026  5 0.0004 0.0013 0.8057 0.0003 0.0087 0.0214 0.0150 0.0963 0.0508 
         027  5 0.0002 0.0002 0.9977 0.0001 0.0002 0.0002 0.0010 0.0002 0.0002 
         028  5 0.0008 0.0022 0.8851 0.0063 0.0018 0.0068 0.0434 0.0507 0.0028 
         029  5 0.0003 0.0003 0.9459 0.0003 0.0005 0.0233 0.0008 0.0283 0.0003 
         030  5 0.0031 0.0008 0.9385 0.0009 0.0008 0.0209 0.0007 0.0337 0.0006 
        001s  6 0.0009 0.3145 0.0007 0.0210 0.5252 0.0187 0.0122 0.1022 0.0046 
        002s  6 0.0209 0.0058 0.0192 0.0007 0.7455 0.0058 0.0004 0.1988 0.0029 
        003s  6 0.0005 0.2146 0.0096 0.0021 0.6677 0.0036 0.0003 0.0944 0.0071 
        004s  6 0.0004 0.0073 0.0005 0.0006 0.7974 0.0008 0.0004 0.0486 0.1440 
        006s  6 0.0010 0.0024 0.0479 0.0062 0.4848 0.0040 0.0123 0.4346 0.0068 
        007s  6 0.0011 0.0035 0.0004 0.0005 0.8992 0.0017 0.0034 0.0023 0.0878 
        008s  6 0.0037 0.0082 0.0033 0.0052 0.6376 0.0010 0.0005 0.0473 0.2931 
        009s  6 0.0010 0.0063 0.0004 0.0009 0.2725 0.0004 0.0004 0.0204 0.6977 
        010s  6 0.0111 0.0014 0.0246 0.0182 0.8477 0.0011 0.0063 0.0339 0.0557 
        011s  6 0.0003 0.0043 0.0006 0.0016 0.1925 0.0060 0.0013 0.0324 0.7611 
        012s  6 0.0026 0.0103 0.0004 0.0019 0.8688 0.0024 0.0023 0.0363 0.0749 
        013s  6 0.0006 0.0073 0.0013 0.0003 0.6943 0.0007 0.0010 0.0457 0.2487 
        014s  6 0.0003 0.3210 0.0442 0.0003 0.5924 0.0077 0.0002 0.0293 0.0045 
        015s  6 0.0007 0.0017 0.0077 0.0059 0.4496 0.0053 0.0099 0.2336 0.2855 
        016s  6 0.0006 0.0579 0.0005 0.0014 0.9236 0.0011 0.0012 0.0064 0.0074 
        018s  6 0.0006 0.0018 0.2216 0.0013 0.6751 0.0644 0.0008 0.0011 0.0333 
        019s  6 0.0012 0.0822 0.0028 0.0029 0.1796 0.0166 0.0009 0.0129 0.7009 
        020s  6 0.0007 0.0386 0.0002 0.0005 0.8884 0.0093 0.0004 0.0015 0.0603 
        021s  6 0.0018 0.0034 0.0011 0.0031 0.9001 0.0071 0.0094 0.0642 0.0100 
        022s  6 0.0004 0.0273 0.0007 0.0031 0.8792 0.0013 0.0003 0.0037 0.0840 
        023s  6 0.0005 0.5133 0.0190 0.0006 0.0870 0.0146 0.0006 0.0330 0.3313 
        024s  6 0.0012 0.0044 0.0479 0.0008 0.7141 0.0005 0.0028 0.2117 0.0167 
        025s  6 0.0010 0.0214 0.0022 0.0659 0.7903 0.0052 0.0007 0.0127 0.1006 
        026s  6 0.0012 0.0172 0.0004 0.0006 0.8466 0.0015 0.0006 0.1225 0.0095 
        027s  6 0.0008 0.0085 0.0016 0.0004 0.9441 0.0017 0.0005 0.0119 0.0305 
        028s  6 0.0458 0.0008 0.0021 0.0072 0.6504 0.0032 0.0051 0.2742 0.0113 
        029s  6 0.0016 0.0027 0.0006 0.0006 0.9315 0.0055 0.0004 0.0086 0.0485 
        030s  6 0.0016 0.0018 0.0552 0.0053 0.7060 0.0028 0.0004 0.1911 0.0357 
        031s  6 0.0005 0.6854 0.0017 0.0007 0.1019 0.0011 0.0079 0.0486 0.1522 
        032s  6 0.0006 0.0032 0.0019 0.0011 0.9249 0.0379 0.0006 0.0034 0.0264 
        033s  6 0.0003 0.0055 0.0574 0.0005 0.8414 0.0005 0.0002 0.0902 0.0041 
        034s  6 0.0004 0.0055 0.0018 0.0150 0.4721 0.0037 0.0051 0.0495 0.4469 
        035s  6 0.0008 0.8634 0.1290 0.0007 0.0010 0.0024 0.0004 0.0013 0.0009 
        036s  6 0.0003 0.0038 0.0005 0.0012 0.9615 0.0091 0.0028 0.0143 0.0066 
        037s  6 0.0013 0.0055 0.0007 0.0017 0.9325 0.0013 0.0004 0.0014 0.0550 
        038s  6 0.0010 0.1210 0.0003 0.0009 0.7461 0.0007 0.0032 0.0780 0.0488 
        039s  6 0.0005 0.0058 0.0003 0.0008 0.6384 0.0077 0.0003 0.0245 0.3217 
        040s  6 0.0005 0.2533 0.0003 0.0004 0.4848 0.0009 0.0020 0.0641 0.1938 
        041s  6 0.0045 0.5325 0.0584 0.0024 0.1289 0.0018 0.0002 0.2693 0.0020 
        042s  6 0.0048 0.0108 0.0102 0.0521 0.8748 0.0020 0.0010 0.0072 0.0372 
        043s  6 0.0004 0.0043 0.0009 0.0053 0.9607 0.0004 0.0018 0.0089 0.0174 
        044s  6 0.0032 0.1739 0.0010 0.0012 0.6126 0.0006 0.0005 0.1570 0.0501 
        045s  6 0.0009 0.0162 0.0048 0.0026 0.7757 0.0012 0.0005 0.0183 0.1798 
        001s  7 0.0005 0.8278 0.0010 0.0011 0.0287 0.0007 0.0004 0.0044 0.1355 
        002s  7 0.0015 0.4544 0.0108 0.0028 0.4180 0.0069 0.0009 0.0491 0.0557 
        003s  7 0.0014 0.8781 0.0014 0.0017 0.0090 0.0038 0.0014 0.1001 0.0029 
        004s  7 0.0014 0.0176 0.0009 0.0007 0.9575 0.0012 0.0028 0.0150 0.0029 
        005s  7 0.0007 0.0153 0.0111 0.0031 0.8570 0.0013 0.0027 0.0449 0.0639 
        006s  7 0.0004 0.0023 0.0588 0.0052 0.8101 0.0013 0.0011 0.0042 0.1166 
        007s  7 0.0179 0.0037 0.0044 0.0021 0.8336 0.0019 0.0087 0.0050 0.1228 
        008s  7 0.0024 0.9570 0.0098 0.0011 0.0043 0.0022 0.0003 0.0186 0.0041 
        009s  7 0.0008 0.0169 0.0013 0.0109 0.9523 0.0019 0.0019 0.0093 0.0046 
        010s  7 0.0010 0.9877 0.0009 0.0015 0.0027 0.0006 0.0002 0.0024 0.0031 
        011s  7 0.0012 0.0185 0.0004 0.0010 0.9454 0.0005 0.0005 0.0178 0.0148 
        012s  7 0.0004 0.0058 0.0008 0.0005 0.7991 0.0003 0.0009 0.1416 0.0506 
        013s  7 0.0006 0.0037 0.0006 0.0057 0.7474 0.0007 0.0064 0.1082 0.1268 
        014s  7 0.0005 0.4794 0.0427 0.0002 0.1854 0.0005 0.0008 0.2867 0.0037 
        015s  7 0.0013 0.0022 0.0170 0.0005 0.4944 0.0046 0.0012 0.4596 0.0192 
        016s  7 0.0002 0.9023 0.0912 0.0021 0.0016 0.0007 0.0002 0.0008 0.0008 
        017s  7 0.0004 0.0208 0.0011 0.0005 0.9369 0.0035 0.0015 0.0282 0.0072 
        018s  7 0.0048 0.0032 0.0016 0.0005 0.0058 0.0182 0.0005 0.0243 0.9412 
        019s  7 0.0016 0.0079 0.0011 0.0081 0.5928 0.0046 0.0008 0.3652 0.0178 
        020s  7 0.0003 0.0171 0.0008 0.0004 0.8897 0.0009 0.0008 0.0400 0.0501 
        021s  7 0.0012 0.0026 0.0010 0.0013 0.9834 0.0019 0.0004 0.0026 0.0056 
        022s  7 0.0003 0.0021 0.0033 0.0009 0.8319 0.0006 0.0042 0.0021 0.1546 
        023s  7 0.0023 0.0150 0.0044 0.0118 0.5835 0.0084 0.0009 0.3449 0.0288 
        024s  7 0.0022 0.0046 0.0022 0.0006 0.5958 0.0007 0.0007 0.1991 0.1941 
        025s  7 0.0011 0.0052 0.0005 0.0009 0.9220 0.0039 0.0031 0.0314 0.0318 
        026s  7 0.0014 0.9619 0.0015 0.0011 0.0225 0.0008 0.0003 0.0061 0.0042 
        027s  7 0.0024 0.4316 0.0013 0.0008 0.5555 0.0008 0.0009 0.0054 0.0013 
        028s  7 0.0003 0.0075 0.0045 0.0007 0.0529 0.0113 0.0007 0.0089 0.9132 
        029s  7 0.0007 0.0206 0.0059 0.0037 0.6319 0.0081 0.0008 0.1448 0.1834 
        030s  7 0.0049 0.1974 0.0003 0.0056 0.4723 0.0031 0.0008 0.2988 0.0169 
        031s  7 0.0005 0.0252 0.0025 0.0134 0.6994 0.0043 0.0018 0.0724 0.1805 
        032s  7 0.0030 0.0024 0.0919 0.0003 0.7757 0.0013 0.0004 0.1168 0.0082 
        033s  7 0.0026 0.0025 0.0354 0.0021 0.9113 0.0028 0.0005 0.0021 0.0406 
        034s  7 0.0015 0.0044 0.0011 0.0007 0.5273 0.0083 0.0183 0.3854 0.0530 
        035s  7 0.0005 0.0017 0.0004 0.0011 0.9823 0.0007 0.0002 0.0024 0.0108 
        036s  7 0.0008 0.0360 0.0004 0.0107 0.8996 0.0006 0.0039 0.0347 0.0134 
        037s  7 0.0011 0.0149 0.0121 0.0062 0.0191 0.0443 0.0010 0.0368 0.8646 
        038s  7 0.0012 0.0030 0.0018 0.0015 0.1342 0.0190 0.0004 0.0086 0.8304 
        039s  7 0.0005 0.3389 0.0006 0.0005 0.0339 0.0072 0.0002 0.0048 0.6133 
        040s  7 0.0005 0.9409 0.0071 0.0007 0.0014 0.0012 0.0323 0.0145 0.0014 
        041s  7 0.0025 0.2619 0.0105 0.0011 0.4490 0.0085 0.0003 0.2294 0.0368 
        042s  7 0.0003 0.9427 0.0062 0.0003 0.0341 0.0013 0.0007 0.0044 0.0100 
        043s  7 0.0003 0.0133 0.0013 0.0032 0.9481 0.0008 0.0002 0.0047 0.0281 
        044s  7 0.0013 0.0026 0.0162 0.0275 0.5369 0.0085 0.0054 0.3888 0.0127 
         003  8 0.0118 0.0026 0.0059 0.0006 0.9558 0.0007 0.0014 0.0015 0.0197 
         009  8 0.0006 0.0050 0.0014 0.0014 0.9319 0.0008 0.0008 0.0041 0.0540 
         010  8 0.0003 0.0096 0.0004 0.0023 0.9451 0.0050 0.0002 0.0054 0.0317 
         017  8 0.0011 0.0030 0.0006 0.0032 0.9776 0.0020 0.0006 0.0031 0.0088 
         002  9 0.0007 0.0095 0.0003 0.0011 0.9128 0.0005 0.0009 0.0256 0.0485 
         003  9 0.0003 0.0043 0.0003 0.0004 0.9829 0.0003 0.0006 0.0035 0.0074 
         004  9 0.0003 0.0122 0.0005 0.0012 0.9462 0.0004 0.0002 0.0297 0.0093 
         005  9 0.0012 0.0041 0.0004 0.0043 0.8191 0.0004 0.0015 0.1488 0.0201 
         006  9 0.0005 0.0059 0.0010 0.0013 0.9384 0.0005 0.0013 0.0030 0.0481 
         007  9 0.0011 0.0054 0.0060 0.0009 0.9533 0.0002 0.0005 0.0054 0.0273 
         009  9 0.0016 0.0117 0.0012 0.0012 0.9745 0.0010 0.0002 0.0054 0.0031 
         010  9 0.0023 0.0029 0.0003 0.0014 0.7691 0.0003 0.0005 0.0241 0.1992 
         013  9 0.0005 0.0207 0.0019 0.0018 0.8181 0.0008 0.0022 0.1450 0.0089 
         014  9 0.0068 0.0137 0.0007 0.0017 0.8810 0.0008 0.0003 0.0283 0.0668 
         016  9 0.0009 0.0032 0.0003 0.0005 0.9799 0.0003 0.0002 0.0040 0.0107 
         018  9 0.0068 0.0044 0.0008 0.0014 0.5809 0.0011 0.0011 0.1937 0.2098 
         019  9 0.0041 0.0031 0.0009 0.0005 0.9693 0.0007 0.0008 0.0139 0.0067 
         020  9 0.0004 0.0028 0.0005 0.0004 0.8849 0.0005 0.0002 0.0099 0.1003 
         021  9 0.0003 0.0044 0.0003 0.0007 0.7278 0.0042 0.0002 0.0652 0.1968 
         022  9 0.0019 0.0115 0.0003 0.0007 0.5899 0.0005 0.0003 0.0575 0.3374 
         024  9 0.0023 0.0056 0.0005 0.0017 0.9053 0.0023 0.0003 0.0745 0.0076 
         028  9 0.0005 0.0071 0.0008 0.0013 0.9234 0.0006 0.0009 0.0427 0.0228 
         029  9 0.0013 0.0055 0.0002 0.0007 0.9546 0.0006 0.0005 0.0264 0.0102 
         030  9 0.0011 0.0029 0.0004 0.0014 0.9630 0.0010 0.0003 0.0016 0.0283 
         031  9 0.0008 0.0103 0.0016 0.0006 0.9461 0.0016 0.0003 0.0337 0.0049 
         033  9 0.0007 0.0087 0.0080 0.0007 0.9762 0.0007 0.0002 0.0018 0.0030 
         001 10 0.0010 0.0051 0.0005 0.0003 0.9255 0.0005 0.0005 0.0579 0.0087 
         002 10 0.0011 0.0030 0.0003 0.0005 0.9623 0.0013 0.0002 0.0011 0.0302 
         003 10 0.0007 0.0017 0.0003 0.0125 0.9635 0.0007 0.0007 0.0023 0.0176 
         004 10 0.0007 0.0707 0.0004 0.0022 0.8522 0.0004 0.0003 0.0057 0.0673 
         005 10 0.0011 0.0036 0.0005 0.0007 0.9688 0.0011 0.0006 0.0076 0.0160 
         006 10 0.0006 0.0022 0.0009 0.0008 0.9898 0.0012 0.0003 0.0021 0.0020 
         007 10 0.0004 0.0034 0.0007 0.0027 0.9872 0.0004 0.0003 0.0030 0.0020 
         008 10 0.0008 0.0026 0.0008 0.0043 0.9497 0.0008 0.0005 0.0219 0.0186 
         009 10 0.0038 0.0068 0.0005 0.0004 0.9753 0.0009 0.0013 0.0040 0.0071 
         010 10 0.0025 0.0145 0.0006 0.0005 0.9731 0.0005 0.0005 0.0019 0.0059 
         011 10 0.0004 0.0054 0.0007 0.0271 0.9414 0.0011 0.0010 0.0032 0.0197 
         012 10 0.0006 0.0037 0.0004 0.0030 0.9751 0.0018 0.0009 0.0062 0.0083 
         013 10 0.0007 0.0043 0.0003 0.0008 0.9766 0.0006 0.0021 0.0017 0.0129 
         014 10 0.0006 0.1649 0.0006 0.0010 0.8208 0.0007 0.0008 0.0015 0.0091 
         016 10 0.0014 0.0045 0.0006 0.0009 0.9757 0.0040 0.0006 0.0053 0.0070 
         017 10 0.0013 0.0046 0.0005 0.0009 0.6835 0.0008 0.0006 0.2739 0.0340 
         018 10 0.0023 0.0014 0.0037 0.0006 0.9675 0.0030 0.0004 0.0167 0.0043 
         019 10 0.0038 0.0042 0.0005 0.0016 0.9004 0.0013 0.0003 0.0830 0.0049 
         020 10 0.0069 0.0064 0.0009 0.0017 0.9135 0.0022 0.0007 0.0562 0.0114 
         021 10 0.0031 0.0243 0.0006 0.0004 0.9404 0.0006 0.0003 0.0047 0.0256 
         022 10 0.0003 0.0372 0.0003 0.0009 0.8874 0.0009 0.0005 0.0495 0.0230 
         023 10 0.0005 0.0044 0.0002 0.0011 0.8968 0.0005 0.0005 0.0468 0.0493 
         024 10 0.0017 0.0052 0.0004 0.0016 0.9565 0.0006 0.0002 0.0048 0.0292 
         026 10 0.0006 0.0021 0.0003 0.0007 0.7639 0.0009 0.0005 0.0453 0.1856 
        001s 11 0.0010 0.2822 0.0903 0.0044 0.2131 0.0004 0.0004 0.1910 0.2175 
        002s 11 0.0038 0.0063 0.0006 0.0014 0.8764 0.0012 0.0059 0.0991 0.0053 
        003s 11 0.0017 0.0204 0.0069 0.0007 0.2328 0.0115 0.0005 0.1681 0.5575 
        004s 11 0.0002 0.0113 0.0005 0.0017 0.7502 0.0005 0.0018 0.0038 0.2300 
        005s 11 0.0044 0.0693 0.0022 0.0005 0.8589 0.0041 0.0007 0.0416 0.0183 
        006s 11 0.0012 0.0163 0.0010 0.0023 0.9184 0.0187 0.0029 0.0201 0.0190 
        007s 11 0.0014 0.0797 0.0052 0.0011 0.5738 0.0041 0.0320 0.2953 0.0073 
        008s 11 0.0008 0.0088 0.0004 0.0004 0.2435 0.0087 0.0003 0.5308 0.2063 
        009s 11 0.0173 0.0034 0.0005 0.0003 0.9461 0.0022 0.0004 0.0024 0.0274 
        010s 11 0.0006 0.1542 0.0014 0.0013 0.8309 0.0021 0.0003 0.0034 0.0059 
        011s 11 0.0005 0.7981 0.1017 0.0230 0.0571 0.0011 0.0119 0.0029 0.0038 
        012s 11 0.0011 0.0075 0.0807 0.0004 0.0496 0.0149 0.0002 0.0393 0.8063 
        013s 11 0.0003 0.2484 0.0006 0.0012 0.6730 0.0006 0.0006 0.0030 0.0724 
        014s 11 0.0016 0.7167 0.0032 0.0011 0.1817 0.0038 0.0065 0.0033 0.0820 
        015s 11 0.0013 0.0120 0.0016 0.0033 0.4199 0.0022 0.0020 0.3493 0.2085 
        016s 11 0.0132 0.3479 0.0286 0.0577 0.3314 0.0014 0.0006 0.2138 0.0056 
        017s 11 0.0008 0.0076 0.0620 0.0020 0.0101 0.0193 0.0006 0.0436 0.8539 
        018s 11 0.0020 0.8605 0.0046 0.0017 0.0287 0.0021 0.0010 0.0810 0.0184 
        019s 11 0.0003 0.0072 0.0003 0.0207 0.9316 0.0009 0.0009 0.0101 0.0279 
        020s 11 0.0018 0.5626 0.0008 0.0020 0.2369 0.0007 0.0019 0.1681 0.0251 
        021s 11 0.0005 0.0018 0.0005 0.0009 0.9266 0.0012 0.0007 0.0590 0.0087 
        022s 11 0.0009 0.0108 0.0029 0.0005 0.8499 0.0032 0.0325 0.0335 0.0658 
        023s 11 0.0005 0.7309 0.0138 0.0299 0.0155 0.0012 0.0004 0.2022 0.0056 
        025s 11 0.0002 0.0063 0.0005 0.0013 0.9670 0.0006 0.0005 0.0157 0.0079 
        026s 11 0.0008 0.0013 0.0406 0.0456 0.7814 0.0009 0.0008 0.1127 0.0159 
        027s 11 0.0004 0.0059 0.0006 0.0007 0.8386 0.0014 0.0032 0.0148 0.1345 
        028s 11 0.0005 0.0042 0.0044 0.0009 0.9175 0.0046 0.0014 0.0217 0.0448 
        029s 11 0.0013 0.0022 0.0234 0.0005 0.7817 0.0027 0.0003 0.1353 0.0525 
        030s 11 0.0010 0.0019 0.0310 0.0011 0.1979 0.0172 0.0021 0.2938 0.4540 
        031s 11 0.0008 0.0097 0.0006 0.0003 0.6424 0.0003 0.0018 0.1629 0.1811 
        032s 11 0.0009 0.1274 0.0015 0.0030 0.6906 0.0007 0.0004 0.0570 0.1185 
        033s 11 0.0013 0.1764 0.0047 0.0009 0.7568 0.0010 0.0004 0.0188 0.0397 
        034s 11 0.0005 0.8327 0.0017 0.0005 0.0702 0.0007 0.0023 0.0577 0.0337 
        035s 11 0.0025 0.5028 0.0026 0.0004 0.4810 0.0012 0.0027 0.0024 0.0043 
        036s 11 0.0016 0.0040 0.0123 0.0004 0.0375 0.0164 0.0015 0.1501 0.7762 
        037s 11 0.0014 0.9299 0.0011 0.0016 0.0225 0.0083 0.0003 0.0150 0.0200 
        038s 11 0.0009 0.3597 0.0020 0.0007 0.0278 0.0025 0.0004 0.0120 0.5940 
        039s 11 0.0006 0.0046 0.0013 0.0011 0.9562 0.0011 0.0004 0.0318 0.0029 
        040s 11 0.0009 0.0041 0.0474 0.0006 0.8982 0.0249 0.0016 0.0115 0.0108 
        041s 11 0.0237 0.0028 0.0010 0.0035 0.7874 0.0007 0.0011 0.1507 0.0292 
        042s 11 0.0012 0.4746 0.0009 0.0140 0.1253 0.0008 0.0016 0.0256 0.3561 
        043s 11 0.0004 0.0245 0.0069 0.0221 0.7698 0.0201 0.0004 0.0181 0.1377 
        044s 11 0.0008 0.0819 0.0005 0.0045 0.6712 0.0006 0.0095 0.1085 0.1225 
        045s 11 0.0003 0.0114 0.0004 0.0099 0.6613 0.0019 0.0019 0.0052 0.3077 
        046s 11 0.0008 0.5174 0.0254 0.0262 0.0309 0.0052 0.0049 0.0516 0.3377 
        047s 11 0.0005 0.0025 0.0005 0.0014 0.5808 0.0088 0.0013 0.3327 0.0714 
        048s 11 0.0027 0.0047 0.0039 0.0319 0.7463 0.0030 0.0019 0.0269 0.1787 
        049s 11 0.0009 0.0100 0.0014 0.0007 0.6933 0.0007 0.0003 0.2388 0.0539 
        050s 11 0.0004 0.0055 0.0004 0.0008 0.9453 0.0003 0.0027 0.0036 0.0410 
        051s 11 0.0005 0.0808 0.0005 0.0508 0.5431 0.0057 0.0207 0.1829 0.1150 
        052s 11 0.0011 0.7339 0.0013 0.0024 0.0356 0.0011 0.0035 0.0055 0.2157 
        053s 11 0.0017 0.0036 0.0003 0.0007 0.9607 0.0005 0.0004 0.0296 0.0026 
        054s 11 0.0004 0.0038 0.0007 0.0007 0.9663 0.0025 0.0048 0.0122 0.0085 
        055s 11 0.0003 0.8431 0.0104 0.0007 0.0379 0.0575 0.0003 0.0120 0.0378 
        001s 12 0.0011 0.0091 0.0012 0.0011 0.9308 0.0066 0.0017 0.0410 0.0074 
        002s 12 0.0026 0.0013 0.0016 0.0009 0.8485 0.0004 0.0007 0.0035 0.1405 
        003s 12 0.0009 0.0116 0.0003 0.0005 0.8725 0.0010 0.0008 0.0032 0.1091 
        004s 12 0.0025 0.0055 0.0691 0.0028 0.4464 0.0002 0.0006 0.3891 0.0839 
        005s 12 0.0011 0.5249 0.0002 0.0010 0.4653 0.0007 0.0004 0.0040 0.0023 
        006s 12 0.0011 0.0365 0.0168 0.0018 0.5122 0.0091 0.0019 0.2499 0.1707 
        007s 12 0.0031 0.0028 0.0009 0.0014 0.7643 0.0010 0.0020 0.0147 0.2098 
        008s 12 0.0006 0.0030 0.0015 0.0006 0.8789 0.0431 0.0004 0.0043 0.0677 
        009s 12 0.0120 0.0098 0.0068 0.0034 0.3357 0.0103 0.0007 0.5297 0.0917 
        010s 12 0.0010 0.0266 0.0028 0.0006 0.6270 0.0034 0.0264 0.0235 0.2887 
        011s 12 0.0010 0.0094 0.0011 0.0007 0.5345 0.0010 0.0027 0.4329 0.0166 
        012s 12 0.0004 0.0020 0.0014 0.0042 0.2130 0.0127 0.0044 0.2497 0.5124 
        013s 12 0.0008 0.0019 0.0008 0.0374 0.8990 0.0044 0.0005 0.0042 0.0510 
        014s 12 0.0069 0.6003 0.0015 0.0512 0.2040 0.0057 0.0399 0.0885 0.0020 
        015s 12 0.0017 0.0024 0.0051 0.0011 0.9746 0.0013 0.0007 0.0029 0.0101 
        016s 12 0.0005 0.0028 0.0009 0.0043 0.6052 0.0003 0.0006 0.1104 0.2751 
        017s 12 0.0004 0.0183 0.0067 0.0013 0.9522 0.0007 0.0009 0.0042 0.0152 
        018s 12 0.0021 0.0087 0.0011 0.0019 0.8771 0.0156 0.0002 0.0323 0.0610 
        019s 12 0.0029 0.0315 0.0050 0.0004 0.9445 0.0010 0.0007 0.0042 0.0098 
        020s 12 0.0003 0.0115 0.0711 0.0005 0.8940 0.0032 0.0004 0.0040 0.0150 
        021s 12 0.0006 0.0045 0.0033 0.0014 0.4294 0.0075 0.0004 0.0386 0.5143 
        022s 12 0.0054 0.0717 0.0211 0.0052 0.7621 0.0104 0.0007 0.0142 0.1091 
        023s 12 0.0007 0.0167 0.0004 0.0012 0.7196 0.0005 0.0003 0.2493 0.0114 
        024s 12 0.0005 0.4465 0.0005 0.0006 0.3860 0.0084 0.0004 0.0033 0.1538 
        025s 12 0.0036 0.0026 0.0009 0.0010 0.6185 0.0182 0.0013 0.3475 0.0064 
        026s 12 0.0211 0.0276 0.0317 0.0006 0.7948 0.0007 0.0008 0.1080 0.0147 
        027s 12 0.0004 0.0059 0.0010 0.0003 0.9749 0.0057 0.0005 0.0077 0.0036 
        028s 12 0.0183 0.9369 0.0014 0.0049 0.0285 0.0006 0.0007 0.0039 0.0049 
        029s 12 0.0004 0.2938 0.0004 0.0006 0.4677 0.0006 0.0007 0.2337 0.0020 
        030s 12 0.0004 0.0064 0.0008 0.0006 0.9668 0.0043 0.0016 0.0049 0.0140 
        031s 12 0.0012 0.0029 0.0035 0.0027 0.9193 0.0014 0.0009 0.0060 0.0622 
        032s 12 0.0111 0.7622 0.0006 0.0012 0.1877 0.0003 0.0006 0.0033 0.0331 
        033s 12 0.0007 0.0112 0.0009 0.0005 0.7828 0.0042 0.0028 0.0680 0.1288 
        034s 12 0.0006 0.8635 0.0005 0.0004 0.1279 0.0004 0.0004 0.0034 0.0030 
        035s 12 0.0005 0.0624 0.0096 0.0004 0.8284 0.0021 0.0012 0.0460 0.0495 
        036s 12 0.0031 0.0303 0.0022 0.0004 0.6925 0.0165 0.0037 0.0044 0.2470 
        037s 12 0.0011 0.0032 0.0016 0.0007 0.9338 0.0029 0.0004 0.0465 0.0099 
        001s 13 0.0011 0.0202 0.0137 0.0015 0.7806 0.0008 0.0006 0.1009 0.0806 
        002s 13 0.0003 0.6972 0.0535 0.0008 0.0242 0.0155 0.0004 0.1547 0.0533 
        003s 13 0.0008 0.0051 0.0006 0.0017 0.8917 0.0023 0.0002 0.0065 0.0909 
        004s 13 0.0094 0.0096 0.0013 0.0048 0.5881 0.0006 0.0005 0.0557 0.3300 
        005s 13 0.0030 0.0050 0.0024 0.0022 0.9256 0.0065 0.0020 0.0022 0.0509 
        006s 13 0.0008 0.0053 0.0006 0.0006 0.8466 0.0075 0.0016 0.0654 0.0715 
        007s 13 0.0006 0.0068 0.0005 0.0014 0.6648 0.0050 0.0206 0.2780 0.0223 
        008s 13 0.0019 0.0021 0.0505 0.0006 0.8882 0.0020 0.0023 0.0052 0.0473 
        009s 13 0.0103 0.0045 0.1236 0.0008 0.4271 0.0046 0.0014 0.0068 0.4209 
        010s 13 0.0013 0.0017 0.0400 0.0013 0.0453 0.0175 0.0004 0.0258 0.8667 
        011s 13 0.0052 0.1534 0.0044 0.0020 0.4205 0.0057 0.0165 0.3877 0.0046 
        012s 13 0.0039 0.0011 0.0319 0.0138 0.0039 0.0173 0.0009 0.0238 0.9034 
        013s 13 0.0014 0.5495 0.0250 0.0106 0.3398 0.0007 0.0211 0.0314 0.0204 
        014s 13 0.0014 0.0012 0.0005 0.0026 0.5380 0.0184 0.0131 0.1870 0.2377 
        015s 13 0.0112 0.0256 0.0085 0.0100 0.7947 0.0007 0.0010 0.1338 0.0145 
        016s 13 0.0009 0.0058 0.0003 0.0008 0.9010 0.0009 0.0005 0.0070 0.0827 
        017s 13 0.0041 0.0270 0.0020 0.0006 0.6644 0.0539 0.0019 0.0151 0.2311 
        018s 13 0.0006 0.0162 0.0005 0.0005 0.6533 0.0007 0.0003 0.0792 0.2487 
        019s 13 0.0004 0.0687 0.0004 0.0009 0.3216 0.0016 0.0007 0.0177 0.5880 
        020s 13 0.0027 0.9332 0.0012 0.0003 0.0223 0.0039 0.0036 0.0294 0.0033 
        021s 13 0.0009 0.0114 0.0015 0.0016 0.9390 0.0012 0.0009 0.0041 0.0393 
        022s 13 0.0005 0.0035 0.0013 0.0006 0.8057 0.0019 0.0007 0.1250 0.0608 
        023s 13 0.0005 0.0287 0.0009 0.0003 0.8670 0.0025 0.0004 0.0571 0.0425 
        024s 13 0.0011 0.0177 0.0253 0.0358 0.4104 0.0068 0.0041 0.4965 0.0024 
        025s 13 0.0011 0.0037 0.0011 0.0023 0.7517 0.0008 0.0004 0.1747 0.0642 
        026s 13 0.0007 0.0063 0.0598 0.0073 0.3193 0.0384 0.0012 0.0481 0.5190 
        027s 13 0.0032 0.0032 0.0443 0.0015 0.9289 0.0015 0.0013 0.0143 0.0017 
        028s 13 0.0069 0.3416 0.0009 0.0016 0.1804 0.0206 0.0015 0.4071 0.0395 
        029s 13 0.0005 0.7429 0.0199 0.0015 0.0331 0.0085 0.0021 0.0112 0.1803 
        030s 13 0.0005 0.6009 0.0720 0.0227 0.1429 0.0009 0.0006 0.0115 0.1479 
        031s 13 0.0011 0.0042 0.0070 0.0988 0.7130 0.0013 0.0041 0.0519 0.1185 
        032s 13 0.0004 0.0082 0.0007 0.0004 0.9382 0.0005 0.0109 0.0069 0.0338 
        033s 13 0.0005 0.0079 0.0024 0.0010 0.6188 0.0258 0.0046 0.2571 0.0820 
        034s 13 0.0035 0.8948 0.0472 0.0010 0.0320 0.0004 0.0182 0.0009 0.0022 
        035s 13 0.0014 0.1751 0.0006 0.0027 0.6923 0.0011 0.0006 0.0239 0.1024 
        036s 13 0.0006 0.1280 0.0022 0.0003 0.7044 0.0008 0.0005 0.0051 0.1580 
        037s 13 0.0009 0.0066 0.0003 0.0015 0.9679 0.0012 0.0007 0.0055 0.0154 
        038s 13 0.0015 0.4434 0.0009 0.0011 0.4884 0.0049 0.0008 0.0086 0.0505 
        039s 13 0.0006 0.0020 0.0825 0.0647 0.4680 0.0008 0.0007 0.3650 0.0157 
        040s 13 0.0005 0.0048 0.0010 0.0009 0.5544 0.0037 0.0014 0.1004 0.3330 
        041s 13 0.0005 0.0052 0.0450 0.0017 0.8038 0.0020 0.0042 0.1185 0.0190 
        042s 13 0.0012 0.9618 0.0004 0.0011 0.0155 0.0004 0.0017 0.0117 0.0061 
        001s 14 0.0016 0.6336 0.0187 0.0010 0.0197 0.0096 0.0009 0.1075 0.2074 
        002s 14 0.0044 0.0062 0.0655 0.0011 0.9106 0.0015 0.0012 0.0066 0.0029 
        003s 14 0.0007 0.9792 0.0005 0.0006 0.0086 0.0016 0.0005 0.0052 0.0031 
        004s 14 0.0007 0.0094 0.0105 0.0024 0.6311 0.0006 0.0135 0.3279 0.0040 
        005s 14 0.0006 0.2110 0.0003 0.0005 0.7605 0.0003 0.0002 0.0122 0.0144 
        006s 14 0.0004 0.0264 0.0005 0.0004 0.8183 0.0014 0.0004 0.0753 0.0769 
        007s 14 0.0004 0.0071 0.0005 0.0011 0.9235 0.0018 0.0012 0.0102 0.0541 
        008s 14 0.0177 0.8223 0.1035 0.0018 0.0305 0.0014 0.0067 0.0030 0.0133 
        009s 14 0.0045 0.0210 0.0024 0.0012 0.7867 0.0053 0.0005 0.1131 0.0653 
        010s 14 0.0181 0.3061 0.0629 0.0014 0.4431 0.0004 0.0006 0.0012 0.1663 
        011s 14 0.0006 0.4017 0.0021 0.0006 0.5194 0.0432 0.0043 0.0043 0.0237 
        012s 14 0.0021 0.8799 0.0004 0.0025 0.0772 0.0025 0.0015 0.0225 0.0113 
        013s 14 0.0006 0.1048 0.0013 0.0032 0.0164 0.0014 0.0041 0.0050 0.8630 
        014s 14 0.0083 0.0014 0.0484 0.0009 0.2774 0.0018 0.0005 0.0537 0.6076 
        015s 14 0.0057 0.0131 0.0005 0.0027 0.8534 0.0023 0.0007 0.0032 0.1182 
        016s 14 0.0007 0.0023 0.0015 0.0085 0.9497 0.0017 0.0002 0.0095 0.0258 
        017s 14 0.0006 0.0091 0.0629 0.0005 0.7709 0.0093 0.0065 0.0662 0.0740 
        018s 14 0.0010 0.0051 0.0008 0.0021 0.8628 0.0036 0.0005 0.0152 0.1088 
        019s 14 0.0004 0.0039 0.0012 0.0006 0.9657 0.0018 0.0013 0.0098 0.0153 
        020s 14 0.0071 0.7393 0.0007 0.0013 0.1880 0.0008 0.0002 0.0530 0.0096 
        021s 14 0.0111 0.0046 0.0056 0.0005 0.9554 0.0016 0.0002 0.0052 0.0159 
        022s 14 0.0020 0.0235 0.0053 0.0011 0.8440 0.0083 0.0028 0.0864 0.0264 
        023s 14 0.0019 0.0137 0.0156 0.0029 0.9312 0.0004 0.0017 0.0032 0.0293 
        024s 14 0.0024 0.3290 0.0497 0.0012 0.1054 0.0113 0.0009 0.0035 0.4966 
        025s 14 0.0003 0.1152 0.0703 0.0005 0.5415 0.0005 0.0004 0.1506 0.1208 
        026s 14 0.0015 0.0090 0.0008 0.0012 0.4479 0.0022 0.0003 0.0287 0.5084 
        027s 14 0.0007 0.0499 0.0021 0.0032 0.5281 0.0112 0.0004 0.3905 0.0139 
        028s 14 0.0025 0.0556 0.0005 0.0005 0.5805 0.0045 0.0013 0.3246 0.0300 
        029s 14 0.0006 0.0117 0.0004 0.0010 0.9316 0.0002 0.0004 0.0165 0.0376 
        030s 14 0.0007 0.0504 0.0008 0.0003 0.0132 0.0078 0.0051 0.0046 0.9172 
        031s 14 0.0006 0.3456 0.0006 0.0014 0.5884 0.0006 0.0264 0.0007 0.0357 
        032s 14 0.0004 0.2758 0.0013 0.0028 0.6272 0.0047 0.0016 0.0059 0.0803 
        033s 14 0.0011 0.3322 0.0007 0.0006 0.6062 0.0028 0.0485 0.0013 0.0066 
        034s 14 0.0007 0.0022 0.0003 0.0008 0.9451 0.0004 0.0003 0.0187 0.0316 
        035s 14 0.0004 0.0090 0.0544 0.0008 0.0065 0.0236 0.0580 0.1035 0.7438 
        036s 14 0.0029 0.6772 0.0326 0.0069 0.0136 0.0021 0.0252 0.2388 0.0007 
        037s 14 0.0010 0.0162 0.0011 0.0026 0.9477 0.0008 0.0003 0.0140 0.0164 
        038s 14 0.0008 0.0181 0.0008 0.0004 0.8244 0.0054 0.0006 0.0033 0.1463 
        039s 14 0.0046 0.0081 0.0016 0.0046 0.9546 0.0025 0.0017 0.0170 0.0053 
        040s 14 0.0004 0.0203 0.0122 0.0018 0.7859 0.0038 0.0010 0.1467 0.0280 
        041s 14 0.0005 0.3355 0.0009 0.0004 0.1216 0.0112 0.0015 0.0076 0.5209 
        042s 14 0.0016 0.0334 0.0559 0.0024 0.2040 0.0073 0.0003 0.2175 0.4774 
        001s 15 0.0005 0.4347 0.0013 0.0020 0.5325 0.0003 0.0007 0.0238 0.0042 
        002s 15 0.0060 0.1886 0.0902 0.0078 0.0136 0.0100 0.0023 0.4551 0.2264 
        003s 15 0.0010 0.0067 0.0073 0.0054 0.9570 0.0085 0.0006 0.0068 0.0067 
        004s 15 0.0060 0.0024 0.0006 0.0003 0.0633 0.0081 0.0004 0.5137 0.4054 
        005s 15 0.0011 0.0046 0.0105 0.0032 0.9098 0.0181 0.0013 0.0411 0.0103 
        006s 15 0.0007 0.0080 0.0156 0.0008 0.8615 0.0035 0.0027 0.0050 0.1022 
        007s 15 0.0011 0.0129 0.0003 0.0005 0.8327 0.0008 0.0004 0.0720 0.0792 
        008s 15 0.0008 0.0254 0.0007 0.0005 0.8633 0.0066 0.0006 0.0112 0.0909 
        009s 15 0.0006 0.0072 0.0090 0.0417 0.0377 0.0277 0.0010 0.0373 0.8378 
        010s 15 0.0005 0.8258 0.0005 0.0018 0.0393 0.0011 0.0003 0.0698 0.0608 
        011s 15 0.0005 0.0043 0.0006 0.0013 0.0060 0.0242 0.0353 0.0454 0.8824 
        012s 15 0.0013 0.0027 0.0019 0.0015 0.9057 0.0098 0.0007 0.0696 0.0068 
        013s 15 0.0054 0.8584 0.0016 0.0014 0.0273 0.0027 0.0003 0.0854 0.0175 
        014s 15 0.0038 0.0029 0.0008 0.0037 0.7118 0.0012 0.0006 0.2564 0.0189 
        015s 15 0.0006 0.0012 0.0823 0.0037 0.6034 0.0007 0.0043 0.0053 0.2986 
        016s 15 0.0391 0.7672 0.0056 0.0006 0.0332 0.0015 0.0622 0.0044 0.0863 
        017s 15 0.0112 0.0079 0.0015 0.0023 0.6082 0.0009 0.0006 0.3553 0.0121 
        018s 15 0.0018 0.5154 0.0016 0.0003 0.3243 0.0007 0.0003 0.1358 0.0198 
        019s 15 0.0006 0.4109 0.0034 0.0044 0.0015 0.0132 0.0004 0.0050 0.5605 
        020s 15 0.0004 0.4699 0.0004 0.0006 0.3984 0.0059 0.0004 0.0039 0.1201 
        021s 15 0.0024 0.0451 0.0393 0.0040 0.6606 0.0107 0.0005 0.1190 0.1184 
        022s 15 0.0007 0.0307 0.0007 0.0006 0.0355 0.0130 0.0011 0.0026 0.9151 
        023s 15 0.0005 0.0057 0.0268 0.0010 0.2038 0.0060 0.0037 0.1013 0.6511 
        024s 15 0.0004 0.0024 0.0024 0.0007 0.7735 0.0007 0.0027 0.0679 0.1493 
