        001s  1 0.0005 0.0005 0.0004 0.6688 0.0066 0.0039 0.3171 0.0007 0.0015 
        002s  1 0.0068 0.0010 0.0033 0.2760 0.0215 0.0020 0.6875 0.0012 0.0008 
        003s  1 0.0025 0.0052 0.0013 0.0438 0.0144 0.0037 0.9046 0.0027 0.0217 
        004s  1 0.0018 0.0061 0.0260 0.1016 0.3937 0.0054 0.4595 0.0052 0.0006 
        005s  1 0.1547 0.1492 0.1279 0.0108 0.0230 0.1522 0.3799 0.0020 0.0004 
        006s  1 0.0009 0.0005 0.0018 0.9697 0.0192 0.0034 0.0034 0.0004 0.0006 
        007s  1 0.0019 0.0036 0.0004 0.3408 0.5877 0.0063 0.0540 0.0041 0.0012 
        008s  1 0.0224 0.0027 0.0014 0.0287 0.4033 0.0261 0.5126 0.0013 0.0014 
        009s  1 0.0157 0.0452 0.0011 0.5382 0.0279 0.0068 0.3555 0.0070 0.0024 
        010s  1 0.0043 0.0104 0.0014 0.9570 0.0067 0.0121 0.0066 0.0005 0.0009 
        011s  1 0.0191 0.0018 0.0016 0.8316 0.1165 0.0027 0.0165 0.0029 0.0073 
        012s  1 0.0067 0.0968 0.0062 0.0020 0.8760 0.0017 0.0059 0.0009 0.0039 
        013s  1 0.0171 0.0022 0.0096 0.8911 0.0232 0.0027 0.0403 0.0128 0.0010 
        014s  1 0.0019 0.0198 0.0021 0.0447 0.8971 0.0091 0.0042 0.0047 0.0165 
        015s  1 0.0008 0.0008 0.0004 0.8981 0.0861 0.0042 0.0078 0.0005 0.0012 
        016s  1 0.0017 0.0048 0.0008 0.5060 0.3626 0.0138 0.1002 0.0087 0.0013 
        018s  1 0.0075 0.1283 0.0016 0.5448 0.0105 0.2131 0.0914 0.0011 0.0016 
        019s  1 0.0051 0.0168 0.0007 0.6365 0.2432 0.0139 0.0764 0.0009 0.0064 
        020s  1 0.0107 0.0007 0.0005 0.5203 0.4273 0.0019 0.0142 0.0108 0.0135 
        021s  1 0.0028 0.0004 0.0083 0.9463 0.0085 0.0026 0.0226 0.0077 0.0008 
        022s  1 0.0007 0.0003 0.0006 0.0649 0.0126 0.0128 0.9063 0.0009 0.0010 
        023s  1 0.0042 0.0006 0.0006 0.5250 0.1301 0.1170 0.2048 0.0157 0.0021 
        024s  1 0.0008 0.0016 0.0020 0.6735 0.3003 0.0108 0.0094 0.0010 0.0006 
        025s  1 0.0495 0.0073 0.0014 0.1463 0.5585 0.2245 0.0100 0.0020 0.0004 
        026s  1 0.0031 0.0010 0.0005 0.8204 0.1232 0.0251 0.0040 0.0138 0.0089 
        027s  1 0.0763 0.0012 0.0165 0.0767 0.4746 0.3262 0.0244 0.0032 0.0009 
        028s  1 0.0695 0.0331 0.0510 0.6235 0.0222 0.1910 0.0048 0.0010 0.0039 
        029s  1 0.0009 0.0017 0.0008 0.9266 0.0447 0.0048 0.0126 0.0008 0.0071 
        030s  1 0.0506 0.0011 0.0060 0.7495 0.0051 0.1772 0.0020 0.0009 0.0076 
        031s  1 0.0010 0.0006 0.0005 0.9183 0.0244 0.0051 0.0485 0.0013 0.0004 
        032s  1 0.0040 0.0008 0.0010 0.9585 0.0226 0.0059 0.0052 0.0011 0.0010 
        033s  1 0.0130 0.0032 0.0006 0.1724 0.7825 0.0134 0.0127 0.0015 0.0007 
        034s  1 0.0053 0.0020 0.0027 0.4266 0.0237 0.0097 0.4628 0.0601 0.0070 
        035s  1 0.0105 0.0024 0.0017 0.9713 0.0041 0.0023 0.0043 0.0012 0.0023 
        036s  1 0.0060 0.0948 0.0011 0.4614 0.0162 0.0013 0.4178 0.0012 0.0003 
        037s  1 0.0124 0.1072 0.0055 0.7268 0.0476 0.0020 0.0584 0.0374 0.0026 
        038s  1 0.0237 0.0014 0.0008 0.8952 0.0581 0.0055 0.0130 0.0014 0.0009 
        039s  1 0.0487 0.0004 0.0033 0.1268 0.7671 0.0229 0.0296 0.0003 0.0008 
        040s  1 0.0029 0.0014 0.0043 0.1252 0.7079 0.0051 0.1489 0.0033 0.0011 
        041s  1 0.0027 0.0032 0.0004 0.9198 0.0290 0.0258 0.0135 0.0049 0.0008 
        042s  1 0.0006 0.0773 0.0006 0.3126 0.4103 0.0122 0.1064 0.0790 0.0009 
        043s  1 0.0627 0.0033 0.0005 0.0031 0.1140 0.0979 0.7159 0.0008 0.0017 
        044s  1 0.0543 0.0642 0.0127 0.0212 0.6076 0.0122 0.2169 0.0082 0.0025 
        045s  1 0.0006 0.0100 0.0036 0.9633 0.0135 0.0042 0.0024 0.0013 0.0012 
        046s  1 0.0010 0.0022 0.0005 0.9348 0.0226 0.0048 0.0304 0.0013 0.0024 
        047s  1 0.0049 0.0010 0.0003 0.9616 0.0113 0.0103 0.0041 0.0046 0.0017 
        048s  1 0.0117 0.0357 0.0003 0.4099 0.0375 0.0018 0.5012 0.0012 0.0008 
        049s  1 0.0009 0.0007 0.0031 0.0962 0.0575 0.0072 0.8326 0.0008 0.0010 
        050s  1 0.0017 0.0966 0.0046 0.8161 0.0267 0.0080 0.0452 0.0006 0.0004 
        051s  1 0.0073 0.0006 0.0007 0.8951 0.0528 0.0032 0.0057 0.0014 0.0332 
        052s  1 0.0101 0.0056 0.0047 0.1712 0.5651 0.1840 0.0385 0.0014 0.0194 
        053s  1 0.0054 0.0019 0.0005 0.7476 0.2329 0.0019 0.0085 0.0010 0.0003 
        054s  1 0.0017 0.0002 0.0030 0.9674 0.0157 0.0052 0.0023 0.0015 0.0029 
        055s  1 0.0258 0.0606 0.0007 0.7196 0.1008 0.0113 0.0058 0.0735 0.0018 
          01  2 0.0031 0.1063 0.0011 0.0300 0.8199 0.0063 0.0035 0.0021 0.0278 
          02  2 0.0393 0.0048 0.0009 0.0293 0.9076 0.0098 0.0055 0.0009 0.0019 
          03  2 0.0197 0.0017 0.0007 0.9120 0.0443 0.0138 0.0051 0.0023 0.0004 
          04  2 0.0645 0.0029 0.0195 0.1634 0.4415 0.2648 0.0225 0.0194 0.0015 
          05  2 0.0347 0.1015 0.0003 0.0158 0.0174 0.1741 0.6550 0.0008 0.0004 
          06  2 0.0281 0.0259 0.0019 0.5082 0.4152 0.0137 0.0053 0.0010 0.0007 
          07  2 0.0043 0.0066 0.0018 0.5431 0.2359 0.0029 0.2036 0.0007 0.0010 
          08  2 0.0227 0.0789 0.0005 0.1552 0.0439 0.0828 0.6139 0.0009 0.0013 
          09  2 0.0009 0.0008 0.0005 0.9209 0.0192 0.0037 0.0423 0.0004 0.0112 
          10  2 0.0093 0.0017 0.0009 0.1698 0.7940 0.0066 0.0161 0.0006 0.0010 
          11  2 0.0033 0.0120 0.0017 0.4054 0.5438 0.0025 0.0189 0.0023 0.0101 
          12  2 0.0117 0.0007 0.0006 0.9174 0.0073 0.0461 0.0139 0.0006 0.0017 
          13  2 0.0046 0.0003 0.0005 0.8458 0.0102 0.0019 0.1351 0.0009 0.0007 
          14  2 0.0092 0.0003 0.0085 0.4613 0.1569 0.0037 0.3226 0.0334 0.0041 
          15  2 0.0017 0.0010 0.0005 0.7266 0.0075 0.0085 0.2500 0.0021 0.0021 
          16  2 0.0058 0.0011 0.0571 0.8612 0.0339 0.0068 0.0207 0.0058 0.0076 
          17  2 0.0237 0.0022 0.0009 0.8363 0.0132 0.0692 0.0515 0.0018 0.0012 
          18  2 0.0101 0.0071 0.0027 0.0727 0.8943 0.0047 0.0056 0.0009 0.0020 
          19  2 0.0056 0.0009 0.0006 0.2997 0.6683 0.0111 0.0065 0.0054 0.0019 
          20  2 0.0014 0.0615 0.0099 0.8301 0.0661 0.0062 0.0138 0.0084 0.0026 
          21  2 0.0016 0.0012 0.0006 0.0775 0.8867 0.0029 0.0127 0.0008 0.0160 
          22  2 0.0453 0.0031 0.0060 0.8406 0.0275 0.0591 0.0034 0.0081 0.0069 
          23  2 0.0024 0.0013 0.0023 0.0964 0.8625 0.0251 0.0073 0.0014 0.0013 
          24  2 0.0084 0.0004 0.0005 0.1578 0.8032 0.0233 0.0048 0.0006 0.0009 
          25  2 0.0021 0.0092 0.0253 0.7488 0.0990 0.0020 0.1105 0.0009 0.0022 
          26  2 0.0005 0.0009 0.0005 0.0019 0.0017 0.0011 0.9918 0.0003 0.0012 
          27  2 0.0028 0.0011 0.0247 0.8914 0.0105 0.0084 0.0546 0.0051 0.0014 
          28  2 0.0087 0.0016 0.0003 0.8890 0.0127 0.0157 0.0650 0.0057 0.0013 
          29  2 0.0007 0.0010 0.0014 0.0967 0.8830 0.0108 0.0052 0.0005 0.0006 
          30  2 0.0030 0.1473 0.0009 0.5405 0.1227 0.0361 0.0529 0.0831 0.0136 
          01  3 0.4121 0.1915 0.0208 0.1010 0.0962 0.1365 0.0222 0.0192 0.0004 
          02  3 0.2641 0.1812 0.2982 0.0146 0.0790 0.0839 0.0025 0.0037 0.0728 
          03  3 0.0935 0.2013 0.2257 0.0242 0.1718 0.2603 0.0188 0.0036 0.0008 
          04  3 0.2654 0.2821 0.1994 0.0776 0.0025 0.1655 0.0056 0.0010 0.0009 
          05  3 0.2016 0.2049 0.2722 0.0006 0.0007 0.0917 0.0008 0.1151 0.1123 
          06  3 0.2801 0.2121 0.3203 0.0051 0.0221 0.1582 0.0008 0.0011 0.0003 
          07  3 0.0649 0.2716 0.1838 0.1808 0.0024 0.2728 0.0216 0.0002 0.0019 
          08  3 0.1859 0.2467 0.2214 0.0222 0.0303 0.2824 0.0038 0.0035 0.0038 
          09  3 0.0753 0.3215 0.1948 0.0834 0.0739 0.2379 0.0110 0.0020 0.0002 
          10  3 0.1961 0.0627 0.2812 0.0011 0.0530 0.0785 0.0017 0.1161 0.2095 
          11  3 0.1037 0.2725 0.2061 0.0024 0.1328 0.2771 0.0048 0.0003 0.0003 
          12  3 0.1011 0.2798 0.2147 0.0066 0.1249 0.2610 0.0110 0.0004 0.0005 
          13  3 0.2969 0.2284 0.3283 0.0011 0.0014 0.1291 0.0007 0.0003 0.0139 
          14  3 0.2209 0.1601 0.3163 0.0031 0.0026 0.1049 0.0022 0.1499 0.0400 
          15  3 0.1718 0.2490 0.1656 0.0529 0.0929 0.2453 0.0203 0.0019 0.0003 
          16  3 0.4216 0.0744 0.3419 0.0414 0.0089 0.1004 0.0037 0.0030 0.0047 
          17  3 0.1409 0.3251 0.1031 0.0134 0.2434 0.1601 0.0115 0.0010 0.0014 
          18  3 0.1646 0.0892 0.2311 0.0070 0.0041 0.0625 0.0050 0.2750 0.1615 
          19  3 0.3442 0.1467 0.2742 0.0138 0.0041 0.2040 0.0037 0.0087 0.0006 
          20  3 0.2866 0.2681 0.1599 0.0019 0.0162 0.1882 0.0248 0.0539 0.0004 
          21  3 0.3740 0.1640 0.1821 0.0409 0.0455 0.1654 0.0180 0.0072 0.0029 
          22  3 0.1220 0.3353 0.1316 0.0239 0.0015 0.3670 0.0156 0.0028 0.0004 
          23  3 0.3041 0.2276 0.1906 0.0194 0.0907 0.1643 0.0015 0.0014 0.0003 
          24  3 0.2150 0.3388 0.1563 0.0078 0.0032 0.0954 0.0180 0.0016 0.1639 
          25  3 0.2725 0.1352 0.1436 0.0008 0.0008 0.0657 0.0005 0.1330 0.2479 
          26  3 0.1373 0.2993 0.2275 0.0364 0.0637 0.2309 0.0038 0.0005 0.0005 
          27  3 0.2696 0.0910 0.2046 0.0052 0.0139 0.0966 0.0138 0.1741 0.1312 
          28  3 0.3652 0.2164 0.2528 0.0086 0.0299 0.1189 0.0062 0.0003 0.0016 
          29  3 0.3231 0.2208 0.2283 0.0513 0.0047 0.1510 0.0058 0.0103 0.0047 
          30  3 0.2789 0.2666 0.1004 0.0184 0.0086 0.1182 0.2071 0.0005 0.0013 
         001  4 0.0001 0.9992 0.0001 0.0001 0.0001 0.0001 0.0001 0.0001 0.0001 
         002  4 0.0011 0.9943 0.0006 0.0002 0.0003 0.0027 0.0004 0.0001 0.0003 
         003  4 0.0001 0.9991 0.0001 0.0001 0.0001 0.0001 0.0001 0.0001 0.0001 
         004  4 0.0002 0.9990 0.0003 0.0001 0.0001 0.0001 0.0001 0.0001 0.0001 
         005  4 0.0001 0.9986 0.0004 0.0001 0.0001 0.0001 0.0002 0.0001 0.0003 
         006  4 0.0245 0.8904 0.0645 0.0005 0.0006 0.0182 0.0006 0.0003 0.0003 
         007  4 0.0004 0.9140 0.0598 0.0006 0.0006 0.0179 0.0061 0.0003 0.0002 
         008  4 0.0006 0.9896 0.0008 0.0005 0.0010 0.0005 0.0011 0.0039 0.0020 
         009  4 0.0001 0.9989 0.0003 0.0001 0.0001 0.0001 0.0001 0.0001 0.0001 
         010  4 0.0001 0.9721 0.0272 0.0001 0.0001 0.0001 0.0001 0.0001 0.0001 
         011  4 0.0014 0.9403 0.0391 0.0012 0.0009 0.0006 0.0028 0.0133 0.0005 
         012  4 0.0001 0.9991 0.0001 0.0001 0.0001 0.0002 0.0001 0.0001 0.0001 
         013  4 0.0001 0.9992 0.0002 0.0001 0.0001 0.0001 0.0001 0.0001 0.0001 
         014  4 0.0002 0.9957 0.0002 0.0002 0.0002 0.0031 0.0002 0.0002 0.0001 
         015  4 0.0004 0.9878 0.0001 0.0001 0.0001 0.0112 0.0001 0.0001 0.0001 
         016  4 0.0001 0.9990 0.0003 0.0001 0.0001 0.0001 0.0001 0.0001 0.0001 
         017  4 0.0004 0.9905 0.0002 0.0002 0.0001 0.0082 0.0001 0.0001 0.0001 
         019  4 0.0076 0.8915 0.0916 0.0003 0.0003 0.0071 0.0002 0.0008 0.0006 
         020  4 0.0002 0.9985 0.0002 0.0001 0.0002 0.0001 0.0003 0.0002 0.0003 
         021  4 0.0002 0.9616 0.0340 0.0003 0.0002 0.0029 0.0002 0.0004 0.0003 
         001  5 0.0072 0.9390 0.0005 0.0006 0.0010 0.0172 0.0007 0.0322 0.0016 
         002  5 0.0303 0.9363 0.0003 0.0080 0.0054 0.0011 0.0148 0.0024 0.0014 
         003  5 0.0794 0.7004 0.0459 0.1450 0.0144 0.0035 0.0085 0.0025 0.0003 
         004  5 0.0056 0.9267 0.0012 0.0364 0.0239 0.0009 0.0025 0.0024 0.0004 
         005  5 0.0502 0.9325 0.0010 0.0003 0.0004 0.0146 0.0003 0.0005 0.0002 
         006  5 0.1294 0.8098 0.0407 0.0005 0.0011 0.0176 0.0004 0.0002 0.0004 
         007  5 0.0658 0.8599 0.0586 0.0003 0.0004 0.0141 0.0003 0.0003 0.0003 
         008  5 0.0685 0.9155 0.0010 0.0002 0.0002 0.0142 0.0002 0.0002 0.0003 
         009  5 0.0178 0.9017 0.0039 0.0264 0.0258 0.0200 0.0029 0.0011 0.0002 
         010  5 0.0907 0.8634 0.0363 0.0014 0.0019 0.0028 0.0016 0.0015 0.0004 
         011  5 0.0549 0.9289 0.0005 0.0016 0.0008 0.0097 0.0007 0.0026 0.0002 
         012  5 0.0254 0.8402 0.0780 0.0150 0.0180 0.0090 0.0105 0.0019 0.0019 
         013  5 0.0935 0.6862 0.0068 0.0482 0.0292 0.1326 0.0021 0.0006 0.0009 
         014  5 0.0547 0.6754 0.0754 0.0055 0.1374 0.0181 0.0055 0.0128 0.0153 
         015  5 0.0327 0.9274 0.0269 0.0002 0.0002 0.0119 0.0002 0.0002 0.0002 
         016  5 0.0315 0.8865 0.0473 0.0014 0.0018 0.0296 0.0007 0.0006 0.0007 
         017  5 0.0631 0.8178 0.0592 0.0069 0.0213 0.0276 0.0016 0.0002 0.0022 
         018  5 0.0645 0.8159 0.0078 0.0053 0.0176 0.0383 0.0034 0.0235 0.0239 
         019  5 0.0005 0.9699 0.0003 0.0006 0.0009 0.0155 0.0005 0.0008 0.0110 
         020  5 0.0004 0.9980 0.0002 0.0002 0.0002 0.0005 0.0002 0.0002 0.0002 
         021  5 0.0051 0.8418 0.0005 0.1158 0.0093 0.0074 0.0176 0.0021 0.0004 
         022  5 0.0030 0.9056 0.0131 0.0054 0.0210 0.0227 0.0048 0.0233 0.0011 
         023  5 0.0590 0.9039 0.0054 0.0007 0.0007 0.0270 0.0008 0.0021 0.0004 
         024  5 0.0038 0.8719 0.0698 0.0124 0.0316 0.0071 0.0025 0.0006 0.0003 
         025  5 0.0279 0.8480 0.0617 0.0039 0.0040 0.0390 0.0140 0.0005 0.0010 
         026  5 0.0135 0.8155 0.0166 0.1160 0.0112 0.0181 0.0082 0.0004 0.0006 
         027  5 0.0002 0.9978 0.0008 0.0002 0.0002 0.0003 0.0002 0.0001 0.0001 
         028  5 0.0114 0.8931 0.0445 0.0048 0.0077 0.0306 0.0014 0.0054 0.0011 
         029  5 0.0230 0.9542 0.0031 0.0004 0.0004 0.0179 0.0005 0.0002 0.0003 
         030  5 0.0227 0.9474 0.0008 0.0010 0.0007 0.0184 0.0009 0.0012 0.0068 
        001s  6 0.0121 0.0010 0.0117 0.6942 0.0366 0.0021 0.2194 0.0219 0.0010 
        002s  6 0.0105 0.0254 0.0008 0.5965 0.2918 0.0348 0.0146 0.0011 0.0244 
        003s  6 0.0125 0.0153 0.0004 0.6830 0.0352 0.0222 0.2287 0.0021 0.0007 
        004s  6 0.0069 0.0005 0.0004 0.9611 0.0145 0.0020 0.0127 0.0010 0.0008 
        006s  6 0.0028 0.0559 0.0121 0.1467 0.7532 0.0060 0.0119 0.0092 0.0022 
        007s  6 0.0030 0.0006 0.0030 0.9515 0.0046 0.0309 0.0046 0.0006 0.0012 
        008s  6 0.0122 0.0016 0.0005 0.1030 0.8498 0.0215 0.0055 0.0031 0.0027 
        009s  6 0.0128 0.0003 0.0005 0.8506 0.0466 0.0783 0.0084 0.0013 0.0012 
        010s  6 0.0236 0.0292 0.0061 0.8440 0.0652 0.0054 0.0043 0.0100 0.0122 
        011s  6 0.0313 0.0004 0.0010 0.4763 0.4613 0.0238 0.0031 0.0024 0.0003 
        012s  6 0.0016 0.0005 0.0041 0.9610 0.0088 0.0062 0.0133 0.0018 0.0028 
        013s  6 0.0015 0.0016 0.0013 0.9582 0.0084 0.0227 0.0050 0.0007 0.0008 
        014s  6 0.0107 0.0494 0.0003 0.6143 0.0292 0.0237 0.2715 0.0005 0.0004 
        015s  6 0.0167 0.0070 0.0100 0.5845 0.2641 0.1052 0.0025 0.0093 0.0007 
        016s  6 0.0013 0.0005 0.0012 0.8394 0.0381 0.0023 0.1157 0.0013 0.0004 
        018s  6 0.0585 0.2213 0.0011 0.0090 0.6763 0.0190 0.0115 0.0026 0.0007 
        019s  6 0.0584 0.0044 0.0013 0.5521 0.1617 0.1322 0.0859 0.0032 0.0008 
        020s  6 0.0385 0.0002 0.0006 0.9105 0.0050 0.0123 0.0312 0.0008 0.0008 
        021s  6 0.0067 0.0010 0.0087 0.3429 0.6279 0.0018 0.0049 0.0045 0.0017 
        022s  6 0.0069 0.0014 0.0004 0.8897 0.0056 0.0332 0.0569 0.0054 0.0005 
        023s  6 0.0502 0.0227 0.0007 0.0720 0.1696 0.1920 0.4912 0.0012 0.0004 
        024s  6 0.0033 0.0117 0.0025 0.0067 0.9685 0.0009 0.0041 0.0008 0.0015 
        025s  6 0.0075 0.0018 0.0009 0.8603 0.0471 0.0034 0.0091 0.0694 0.0006 
        026s  6 0.0019 0.0005 0.0008 0.2333 0.7090 0.0059 0.0463 0.0005 0.0018 
        027s  6 0.0046 0.0013 0.0006 0.8251 0.1306 0.0144 0.0214 0.0007 0.0014 
        028s  6 0.0147 0.0097 0.0057 0.7604 0.1338 0.0150 0.0032 0.0102 0.0473 
        029s  6 0.0292 0.0005 0.0005 0.9145 0.0112 0.0390 0.0021 0.0011 0.0020 
        030s  6 0.0028 0.0570 0.0006 0.3734 0.4433 0.1058 0.0031 0.0114 0.0026 
        031s  6 0.0013 0.0015 0.0034 0.1036 0.2720 0.0352 0.5816 0.0006 0.0006 
        032s  6 0.0382 0.0032 0.0005 0.4626 0.4747 0.0052 0.0144 0.0009 0.0004 
        033s  6 0.0019 0.0703 0.0002 0.8920 0.0020 0.0239 0.0082 0.0009 0.0006 
        034s  6 0.0007 0.0025 0.0053 0.8128 0.0454 0.0873 0.0269 0.0185 0.0006 
        035s  6 0.0015 0.1302 0.0005 0.0016 0.0016 0.0016 0.8609 0.0013 0.0008 
        036s  6 0.0349 0.0007 0.0029 0.9185 0.0236 0.0028 0.0151 0.0012 0.0004 
        037s  6 0.0021 0.0008 0.0007 0.9606 0.0238 0.0036 0.0037 0.0028 0.0019 
        038s  6 0.0011 0.0003 0.0031 0.6788 0.1242 0.0191 0.1703 0.0012 0.0019 
        039s  6 0.0197 0.0003 0.0004 0.8034 0.1249 0.0388 0.0108 0.0010 0.0008 
        040s  6 0.0231 0.0004 0.0033 0.7070 0.0363 0.0057 0.2229 0.0005 0.0008 
        041s  6 0.0002 0.0456 0.0003 0.0019 0.6839 0.0014 0.2600 0.0036 0.0032 
        042s  6 0.0031 0.0122 0.0011 0.8557 0.0571 0.0034 0.0073 0.0566 0.0035 
        043s  6 0.0074 0.0013 0.0015 0.9259 0.0405 0.0091 0.0054 0.0086 0.0003 
        044s  6 0.0019 0.0008 0.0007 0.5987 0.2369 0.0014 0.1559 0.0011 0.0027 
        045s  6 0.0084 0.0069 0.0004 0.8085 0.1408 0.0075 0.0245 0.0019 0.0011 
        001s  7 0.0054 0.0015 0.0006 0.1615 0.0273 0.0650 0.7361 0.0021 0.0005 
        002s  7 0.0048 0.0232 0.0008 0.4792 0.0557 0.0135 0.4195 0.0023 0.0012 
        003s  7 0.0016 0.0011 0.0017 0.0047 0.2469 0.0012 0.7397 0.0016 0.0017 
        004s  7 0.0012 0.0016 0.0030 0.6719 0.2780 0.0041 0.0379 0.0007 0.0016 
        005s  7 0.0129 0.0176 0.0021 0.9045 0.0247 0.0145 0.0212 0.0019 0.0007 
        006s  7 0.0249 0.0615 0.0015 0.8791 0.0099 0.0130 0.0048 0.0050 0.0004 
        007s  7 0.0045 0.0093 0.0113 0.9127 0.0343 0.0035 0.0045 0.0024 0.0175 
        008s  7 0.0011 0.0146 0.0004 0.0133 0.0045 0.0406 0.9190 0.0028 0.0037 
        009s  7 0.0020 0.0023 0.0017 0.4976 0.4437 0.0031 0.0396 0.0093 0.0007 
        010s  7 0.0019 0.0008 0.0004 0.0047 0.0082 0.0033 0.9764 0.0027 0.0016 
        011s  7 0.0019 0.0006 0.0006 0.9537 0.0186 0.0094 0.0129 0.0011 0.0012 
        012s  7 0.0031 0.0010 0.0008 0.8538 0.1300 0.0048 0.0053 0.0007 0.0005 
        013s  7 0.0062 0.0004 0.0093 0.4597 0.5079 0.0041 0.0049 0.0064 0.0010 
        014s  7 0.0014 0.0471 0.0010 0.3975 0.1109 0.0059 0.4352 0.0004 0.0007 
        015s  7 0.0082 0.0223 0.0022 0.3050 0.6384 0.0062 0.0142 0.0017 0.0019 
        016s  7 0.0004 0.0929 0.0003 0.0015 0.0161 0.0007 0.8851 0.0026 0.0004 
        017s  7 0.0091 0.0022 0.0014 0.9236 0.0240 0.0046 0.0341 0.0006 0.0004 
        018s  7 0.0846 0.0020 0.0006 0.0553 0.5396 0.3070 0.0053 0.0006 0.0049 
        019s  7 0.0036 0.0016 0.0015 0.9050 0.0262 0.0342 0.0115 0.0136 0.0030 
        020s  7 0.0017 0.0006 0.0016 0.3243 0.6450 0.0015 0.0243 0.0006 0.0004 
        021s  7 0.0091 0.0017 0.0006 0.9559 0.0179 0.0038 0.0079 0.0015 0.0015 
        022s  7 0.0023 0.0030 0.0055 0.9527 0.0092 0.0232 0.0027 0.0009 0.0005 
        023s  7 0.0198 0.0064 0.0017 0.6963 0.1945 0.0355 0.0232 0.0207 0.0018 
        024s  7 0.0056 0.0018 0.0006 0.1436 0.8061 0.0339 0.0052 0.0008 0.0023 
        025s  7 0.0052 0.0009 0.0053 0.8963 0.0758 0.0086 0.0053 0.0011 0.0015 
        026s  7 0.0028 0.0026 0.0004 0.0612 0.0135 0.0075 0.9069 0.0024 0.0027 
        027s  7 0.0023 0.0019 0.0010 0.5258 0.0108 0.0040 0.4523 0.0005 0.0013 
        028s  7 0.0495 0.0062 0.0006 0.7542 0.0082 0.1740 0.0065 0.0005 0.0003 
        029s  7 0.0219 0.0081 0.0011 0.8505 0.0412 0.0175 0.0547 0.0039 0.0010 
        030s  7 0.0020 0.0003 0.0013 0.4856 0.1922 0.0362 0.2668 0.0091 0.0065 
        031s  7 0.0124 0.0030 0.0026 0.2674 0.5631 0.1182 0.0195 0.0131 0.0006 
        032s  7 0.0029 0.0910 0.0003 0.5165 0.3725 0.0076 0.0011 0.0005 0.0075 
        033s  7 0.0051 0.0421 0.0006 0.9311 0.0081 0.0043 0.0026 0.0026 0.0033 
        034s  7 0.0137 0.0008 0.0274 0.7629 0.1551 0.0017 0.0362 0.0006 0.0017 
        035s  7 0.0067 0.0006 0.0005 0.9749 0.0064 0.0034 0.0049 0.0018 0.0009 
        036s  7 0.0019 0.0004 0.0076 0.8754 0.0377 0.0032 0.0635 0.0094 0.0009 
        037s  7 0.0727 0.0183 0.0010 0.7084 0.0048 0.1833 0.0026 0.0086 0.0005 
        038s  7 0.0413 0.0059 0.0004 0.5224 0.3452 0.0774 0.0042 0.0021 0.0011 
        039s  7 0.0439 0.0005 0.0003 0.3212 0.0724 0.2541 0.3070 0.0004 0.0003 
        040s  7 0.0012 0.0092 0.0325 0.0028 0.0031 0.0013 0.9489 0.0005 0.0005 
        041s  7 0.0074 0.0187 0.0005 0.7456 0.0034 0.0041 0.2146 0.0020 0.0036 
        042s  7 0.0007 0.0045 0.0008 0.0066 0.2196 0.0031 0.7638 0.0005 0.0004 
        043s  7 0.0014 0.0013 0.0003 0.9181 0.0568 0.0061 0.0112 0.0041 0.0007 
        044s  7 0.0158 0.0409 0.0062 0.8635 0.0232 0.0166 0.0008 0.0300 0.0031 
         003  8 0.0040 0.0106 0.0011 0.9513 0.0150 0.0024 0.0026 0.0010 0.0120 
         009  8 0.0014 0.0019 0.0009 0.9638 0.0139 0.0047 0.0118 0.0012 0.0005 
         010  8 0.0029 0.0005 0.0003 0.9448 0.0294 0.0091 0.0097 0.0027 0.0006 
         017  8 0.0063 0.0008 0.0006 0.9518 0.0261 0.0041 0.0043 0.0041 0.0019 
         002  9 0.0012 0.0004 0.0009 0.9551 0.0120 0.0063 0.0222 0.0012 0.0008 
         003  9 0.0017 0.0002 0.0005 0.9729 0.0129 0.0059 0.0051 0.0003 0.0005 
         004  9 0.0021 0.0006 0.0004 0.7375 0.2311 0.0011 0.0253 0.0013 0.0005 
         005  9 0.0008 0.0006 0.0013 0.9330 0.0256 0.0245 0.0065 0.0057 0.0021 
         006  9 0.0018 0.0015 0.0014 0.9691 0.0147 0.0034 0.0050 0.0025 0.0006 
         007  9 0.0055 0.0053 0.0005 0.9387 0.0343 0.0058 0.0070 0.0013 0.0016 
         009  9 0.0026 0.0020 0.0002 0.9678 0.0078 0.0016 0.0137 0.0018 0.0024 
         010  9 0.0017 0.0004 0.0005 0.9090 0.0751 0.0057 0.0032 0.0019 0.0025 
         013  9 0.0007 0.0020 0.0012 0.8718 0.0796 0.0053 0.0365 0.0023 0.0004 
         014  9 0.0009 0.0009 0.0003 0.9436 0.0263 0.0086 0.0098 0.0024 0.0072 
         016  9 0.0031 0.0003 0.0003 0.9799 0.0038 0.0078 0.0028 0.0007 0.0012 
         018  9 0.0015 0.0008 0.0010 0.8290 0.0930 0.0628 0.0016 0.0016 0.0087 
         019  9 0.0016 0.0008 0.0009 0.9807 0.0046 0.0023 0.0016 0.0008 0.0068 
         020  9 0.0026 0.0004 0.0004 0.9769 0.0119 0.0051 0.0018 0.0004 0.0005 
         021  9 0.0091 0.0003 0.0002 0.9421 0.0078 0.0354 0.0036 0.0010 0.0004 
         022  9 0.0077 0.0003 0.0005 0.8532 0.0104 0.1210 0.0045 0.0008 0.0017 
         024  9 0.0021 0.0004 0.0006 0.9304 0.0418 0.0083 0.0078 0.0045 0.0041 
         028  9 0.0180 0.0007 0.0010 0.9455 0.0065 0.0076 0.0183 0.0016 0.0007 
         029  9 0.0015 0.0003 0.0004 0.9757 0.0074 0.0043 0.0082 0.0008 0.0015 
         030  9 0.0081 0.0005 0.0004 0.9179 0.0341 0.0323 0.0041 0.0017 0.0009 
         031  9 0.0010 0.0012 0.0003 0.5299 0.4450 0.0031 0.0175 0.0007 0.0011 
         033  9 0.0016 0.0085 0.0004 0.9606 0.0070 0.0016 0.0182 0.0013 0.0009 
         001 10 0.0007 0.0006 0.0007 0.9699 0.0130 0.0067 0.0067 0.0005 0.0013 
         002 10 0.0115 0.0004 0.0002 0.9735 0.0025 0.0036 0.0055 0.0006 0.0022 
         003 10 0.0011 0.0004 0.0009 0.9690 0.0045 0.0078 0.0029 0.0126 0.0008 
         004 10 0.0024 0.0004 0.0003 0.8390 0.0151 0.0050 0.1335 0.0037 0.0006 
         005 10 0.0011 0.0005 0.0007 0.8549 0.1312 0.0049 0.0028 0.0014 0.0026 
         006 10 0.0009 0.0021 0.0005 0.9109 0.0772 0.0015 0.0049 0.0011 0.0008 
         007 10 0.0010 0.0008 0.0004 0.9472 0.0390 0.0043 0.0043 0.0024 0.0005 
         008 10 0.0114 0.0005 0.0007 0.3935 0.5765 0.0083 0.0010 0.0073 0.0008 
         009 10 0.0010 0.0009 0.0014 0.9749 0.0054 0.0024 0.0074 0.0006 0.0061 
         010 10 0.0006 0.0010 0.0006 0.9280 0.0417 0.0039 0.0200 0.0014 0.0028 
         011 10 0.0099 0.0009 0.0010 0.9056 0.0307 0.0093 0.0066 0.0355 0.0004 
         012 10 0.0053 0.0005 0.0010 0.9742 0.0040 0.0020 0.0081 0.0041 0.0007 
         013 10 0.0063 0.0004 0.0028 0.9731 0.0057 0.0061 0.0040 0.0009 0.0008 
         014 10 0.0019 0.0008 0.0012 0.7521 0.0351 0.0023 0.2043 0.0014 0.0009 
         016 10 0.0057 0.0006 0.0009 0.9438 0.0232 0.0138 0.0093 0.0008 0.0019 
         017 10 0.0017 0.0008 0.0011 0.5181 0.4629 0.0103 0.0032 0.0008 0.0010 
         018 10 0.0036 0.0063 0.0007 0.9567 0.0189 0.0066 0.0043 0.0005 0.0023 
         019 10 0.0052 0.0006 0.0005 0.9633 0.0154 0.0033 0.0044 0.0022 0.0052 
         020 10 0.0131 0.0010 0.0008 0.9428 0.0098 0.0026 0.0218 0.0016 0.0065 
         021 10 0.0092 0.0013 0.0003 0.8607 0.0776 0.0023 0.0449 0.0004 0.0032 
         022 10 0.0065 0.0005 0.0008 0.8922 0.0169 0.0026 0.0793 0.0010 0.0003 
         023 10 0.0036 0.0003 0.0008 0.7977 0.1901 0.0021 0.0039 0.0012 0.0004 
         024 10 0.0013 0.0004 0.0002 0.9581 0.0303 0.0023 0.0040 0.0020 0.0014 
         026 10 0.0051 0.0006 0.0004 0.9768 0.0035 0.0094 0.0031 0.0005 0.0007 
        001s 11 0.0017 0.0822 0.0007 0.0102 0.7600 0.0248 0.1112 0.0086 0.0006 
        002s 11 0.0024 0.0007 0.0079 0.8647 0.1035 0.0071 0.0069 0.0018 0.0050 
        003s 11 0.0364 0.0075 0.0010 0.6339 0.1161 0.1776 0.0256 0.0005 0.0015 
        004s 11 0.0041 0.0006 0.0026 0.9102 0.0235 0.0357 0.0210 0.0018 0.0003 
        005s 11 0.0172 0.0022 0.0007 0.7399 0.1553 0.0253 0.0519 0.0008 0.0066 
        006s 11 0.0243 0.0009 0.0040 0.9076 0.0386 0.0043 0.0153 0.0026 0.0024 
        007s 11 0.0032 0.0103 0.0354 0.8397 0.0112 0.0039 0.0922 0.0017 0.0024 
        008s 11 0.0171 0.0006 0.0006 0.6962 0.1875 0.0617 0.0347 0.0005 0.0011 
        009s 11 0.0175 0.0004 0.0004 0.9163 0.0384 0.0071 0.0022 0.0006 0.0171 
        010s 11 0.0024 0.0017 0.0004 0.8323 0.0106 0.0023 0.1485 0.0012 0.0006 
        011s 11 0.0040 0.1043 0.0105 0.0286 0.0619 0.0374 0.7364 0.0165 0.0003 
        012s 11 0.0530 0.0862 0.0004 0.4365 0.0462 0.3507 0.0254 0.0007 0.0010 
        013s 11 0.0047 0.0014 0.0008 0.6516 0.0401 0.0076 0.2916 0.0017 0.0004 
        014s 11 0.0042 0.0039 0.0067 0.0174 0.1608 0.1235 0.6805 0.0013 0.0017 
        015s 11 0.0025 0.0021 0.0019 0.1856 0.7413 0.0287 0.0318 0.0045 0.0016 
        016s 11 0.0015 0.0426 0.0005 0.5703 0.0450 0.0044 0.2721 0.0564 0.0071 
        017s 11 0.0777 0.0697 0.0006 0.0076 0.4617 0.3460 0.0327 0.0032 0.0008 
        018s 11 0.0041 0.0044 0.0010 0.0322 0.1303 0.0194 0.8051 0.0012 0.0022 
        019s 11 0.0158 0.0008 0.0008 0.9340 0.0107 0.0075 0.0089 0.0212 0.0004 
        020s 11 0.0006 0.0010 0.0021 0.0232 0.5404 0.0021 0.4265 0.0010 0.0031 
        021s 11 0.0012 0.0006 0.0006 0.9387 0.0444 0.0073 0.0047 0.0017 0.0007 
        022s 11 0.0182 0.0023 0.0326 0.7715 0.0220 0.1362 0.0154 0.0005 0.0012 
        023s 11 0.0017 0.0329 0.0004 0.0932 0.1779 0.0199 0.6443 0.0293 0.0005 
        025s 11 0.0009 0.0004 0.0006 0.9126 0.0646 0.0115 0.0079 0.0012 0.0004 
        026s 11 0.0006 0.0225 0.0005 0.0073 0.9176 0.0014 0.0012 0.0481 0.0009 
        027s 11 0.0101 0.0009 0.0031 0.9254 0.0341 0.0147 0.0104 0.0008 0.0005 
        028s 11 0.0034 0.0080 0.0013 0.9379 0.0068 0.0367 0.0041 0.0014 0.0003 
        029s 11 0.0176 0.0308 0.0005 0.8831 0.0385 0.0252 0.0030 0.0004 0.0008 
        030s 11 0.0601 0.0297 0.0014 0.0046 0.7531 0.1416 0.0066 0.0018 0.0010 
        031s 11 0.0046 0.0006 0.0026 0.9439 0.0172 0.0175 0.0119 0.0006 0.0011 
        032s 11 0.0021 0.0013 0.0004 0.8314 0.0469 0.0116 0.1017 0.0034 0.0013 
        033s 11 0.0016 0.0023 0.0006 0.0099 0.8841 0.0139 0.0852 0.0010 0.0015 
        034s 11 0.0012 0.0011 0.0033 0.1505 0.0162 0.0371 0.7892 0.0009 0.0006 
        035s 11 0.0009 0.0009 0.0017 0.0188 0.6311 0.0055 0.3392 0.0005 0.0014 
        036s 11 0.0697 0.0099 0.0016 0.0097 0.7423 0.1611 0.0036 0.0005 0.0017 
        037s 11 0.0341 0.0020 0.0006 0.0534 0.0816 0.0280 0.7950 0.0034 0.0019 
        038s 11 0.0083 0.0017 0.0003 0.1453 0.4729 0.0974 0.2720 0.0010 0.0010 
        039s 11 0.0026 0.0015 0.0004 0.0727 0.9115 0.0025 0.0075 0.0006 0.0006 
        040s 11 0.0630 0.0333 0.0012 0.0772 0.7975 0.0215 0.0047 0.0008 0.0007 
        041s 11 0.0040 0.0007 0.0014 0.4506 0.4765 0.0208 0.0153 0.0045 0.0262 
        042s 11 0.0007 0.0005 0.0010 0.0054 0.6182 0.0183 0.3422 0.0124 0.0011 
        043s 11 0.0254 0.0110 0.0008 0.8594 0.0647 0.0067 0.0097 0.0217 0.0006 
        044s 11 0.0008 0.0005 0.0116 0.8241 0.0618 0.0618 0.0322 0.0061 0.0010 
        045s 11 0.0272 0.0003 0.0022 0.8530 0.0872 0.0054 0.0103 0.0141 0.0004 
        046s 11 0.0360 0.0311 0.0045 0.0276 0.1721 0.1282 0.5639 0.0354 0.0011 
        047s 11 0.0501 0.0010 0.0016 0.2670 0.5884 0.0782 0.0118 0.0009 0.0009 
        048s 11 0.0104 0.0044 0.0021 0.9214 0.0163 0.0044 0.0023 0.0365 0.0022 
        049s 11 0.0121 0.0025 0.0005 0.9177 0.0193 0.0220 0.0229 0.0013 0.0017 
        050s 11 0.0038 0.0005 0.0047 0.8822 0.0982 0.0008 0.0082 0.0012 0.0005 
        051s 11 0.0128 0.0006 0.0272 0.7878 0.0166 0.0045 0.0976 0.0523 0.0007 
        052s 11 0.0086 0.0029 0.0037 0.1971 0.0534 0.0600 0.6685 0.0043 0.0014 
        053s 11 0.0006 0.0006 0.0005 0.7833 0.1991 0.0041 0.0092 0.0011 0.0015 
        054s 11 0.0035 0.0009 0.0048 0.9048 0.0543 0.0140 0.0162 0.0009 0.0006 
        055s 11 0.0571 0.0137 0.0004 0.0648 0.0786 0.0049 0.7793 0.0006 0.0005 
        001s 12 0.0040 0.0013 0.0031 0.9610 0.0070 0.0094 0.0120 0.0010 0.0014 
        002s 12 0.0040 0.0014 0.0010 0.9560 0.0299 0.0012 0.0033 0.0012 0.0021 
        003s 12 0.0006 0.0005 0.0008 0.9687 0.0079 0.0052 0.0151 0.0004 0.0008 
        004s 12 0.0088 0.0339 0.0009 0.0058 0.9305 0.0112 0.0023 0.0047 0.0020 
        005s 12 0.0022 0.0004 0.0007 0.4818 0.0198 0.0050 0.4873 0.0017 0.0011 
        006s 12 0.0325 0.0306 0.0035 0.7502 0.0219 0.1277 0.0316 0.0011 0.0009 
        007s 12 0.0081 0.0012 0.0017 0.9602 0.0177 0.0019 0.0022 0.0017 0.0052 
        008s 12 0.0593 0.0030 0.0006 0.8960 0.0236 0.0073 0.0088 0.0006 0.0009 
        009s 12 0.0349 0.0138 0.0012 0.7800 0.0260 0.0500 0.0625 0.0079 0.0238 
        010s 12 0.0132 0.0041 0.0272 0.8851 0.0089 0.0143 0.0455 0.0007 0.0011 
        011s 12 0.0011 0.0011 0.0029 0.0185 0.9590 0.0032 0.0122 0.0008 0.0011 
        012s 12 0.0387 0.0019 0.0097 0.8094 0.0157 0.1052 0.0137 0.0053 0.0005 
        013s 12 0.0227 0.0008 0.0006 0.7036 0.2233 0.0080 0.0024 0.0375 0.0010 
        014s 12 0.0019 0.0023 0.0398 0.0374 0.4402 0.0045 0.4248 0.0456 0.0034 
        015s 12 0.0024 0.0061 0.0009 0.9784 0.0036 0.0034 0.0021 0.0009 0.0021 
        016s 12 0.0098 0.0010 0.0010 0.6837 0.2564 0.0382 0.0044 0.0048 0.0007 
        017s 12 0.0099 0.0063 0.0013 0.9259 0.0064 0.0063 0.0422 0.0012 0.0005 
        018s 12 0.0608 0.0012 0.0003 0.6456 0.1178 0.1572 0.0119 0.0020 0.0034 
        019s 12 0.0004 0.0077 0.0007 0.9507 0.0029 0.0062 0.0276 0.0006 0.0032 
        020s 12 0.0050 0.0716 0.0005 0.8925 0.0123 0.0129 0.0038 0.0011 0.0003 
        021s 12 0.0276 0.0060 0.0005 0.6084 0.2242 0.1212 0.0087 0.0026 0.0007 
        022s 12 0.0148 0.0231 0.0015 0.5821 0.3295 0.0113 0.0271 0.0060 0.0045 
        023s 12 0.0029 0.0004 0.0005 0.2982 0.6833 0.0027 0.0092 0.0018 0.0010 
        024s 12 0.0426 0.0008 0.0003 0.0209 0.4323 0.0609 0.4408 0.0008 0.0007 
        025s 12 0.0216 0.0017 0.0012 0.9090 0.0374 0.0018 0.0166 0.0014 0.0093 
        026s 12 0.0008 0.0430 0.0010 0.8119 0.0276 0.0103 0.0851 0.0009 0.0194 
        027s 12 0.0082 0.0017 0.0008 0.9223 0.0587 0.0026 0.0048 0.0005 0.0005 
        028s 12 0.0004 0.0026 0.0009 0.0362 0.0306 0.0080 0.8890 0.0077 0.0246 
        029s 12 0.0008 0.0004 0.0009 0.0772 0.5628 0.0088 0.3479 0.0008 0.0004 
        030s 12 0.0054 0.0009 0.0023 0.9503 0.0168 0.0076 0.0155 0.0006 0.0006 
        031s 12 0.0073 0.0035 0.0013 0.6356 0.3386 0.0048 0.0047 0.0029 0.0013 
        032s 12 0.0053 0.0009 0.0007 0.1606 0.0314 0.0762 0.7141 0.0017 0.0092 
        033s 12 0.0093 0.0014 0.0030 0.9143 0.0443 0.0081 0.0183 0.0006 0.0006 
        034s 12 0.0015 0.0005 0.0009 0.1665 0.0226 0.0019 0.8050 0.0004 0.0008 
        035s 12 0.0028 0.0117 0.0010 0.6316 0.1729 0.0767 0.1020 0.0005 0.0007 
        036s 12 0.0155 0.0021 0.0033 0.8000 0.0065 0.1405 0.0274 0.0009 0.0040 
        037s 12 0.0263 0.0015 0.0003 0.9068 0.0545 0.0053 0.0023 0.0010 0.0018 
        001s 13 0.0025 0.0153 0.0007 0.8169 0.1426 0.0038 0.0137 0.0028 0.0016 
        002s 13 0.0094 0.0633 0.0005 0.0809 0.1031 0.0398 0.7017 0.0009 0.0004 
        003s 13 0.0071 0.0008 0.0003 0.9497 0.0179 0.0114 0.0099 0.0017 0.0012 
        004s 13 0.0156 0.0009 0.0006 0.9070 0.0154 0.0321 0.0090 0.0039 0.0154 
        005s 13 0.0071 0.0018 0.0033 0.1395 0.8318 0.0083 0.0028 0.0031 0.0022 
        006s 13 0.0068 0.0009 0.0014 0.9492 0.0062 0.0152 0.0181 0.0008 0.0015 
        007s 13 0.0063 0.0007 0.0279 0.8273 0.1242 0.0051 0.0066 0.0012 0.0007 
        008s 13 0.0202 0.0532 0.0014 0.3409 0.5627 0.0106 0.0074 0.0010 0.0026 
        009s 13 0.0054 0.1028 0.0018 0.0025 0.8753 0.0033 0.0009 0.0013 0.0067 
        010s 13 0.0738 0.0502 0.0004 0.3350 0.2418 0.2898 0.0051 0.0016 0.0023 
        011s 13 0.0119 0.0053 0.0169 0.3689 0.3609 0.0069 0.2168 0.0030 0.0093 
        012s 13 0.0579 0.0215 0.0010 0.0049 0.6200 0.2787 0.0012 0.0112 0.0036 
        013s 13 0.0011 0.0101 0.0251 0.0233 0.5955 0.0017 0.3335 0.0087 0.0010 
        014s 13 0.0505 0.0008 0.0206 0.7239 0.1007 0.0940 0.0028 0.0061 0.0007 
        015s 13 0.0007 0.0072 0.0008 0.6722 0.2632 0.0030 0.0289 0.0102 0.0137 
        016s 13 0.0014 0.0004 0.0006 0.9371 0.0431 0.0064 0.0091 0.0012 0.0007 
        017s 13 0.0541 0.0052 0.0016 0.8879 0.0148 0.0299 0.0010 0.0008 0.0047 
        018s 13 0.0186 0.0007 0.0003 0.7781 0.1634 0.0199 0.0170 0.0013 0.0007 
        019s 13 0.0215 0.0008 0.0010 0.7785 0.0561 0.0577 0.0826 0.0014 0.0004 
        020s 13 0.0042 0.0010 0.0034 0.0662 0.0811 0.0018 0.8380 0.0004 0.0039 
        021s 13 0.0016 0.0021 0.0005 0.9588 0.0189 0.0042 0.0115 0.0017 0.0008 
        022s 13 0.0019 0.0010 0.0006 0.2294 0.7621 0.0016 0.0021 0.0009 0.0004 
        023s 13 0.0027 0.0014 0.0003 0.9277 0.0222 0.0069 0.0374 0.0004 0.0009 
        024s 13 0.0042 0.0408 0.0033 0.8592 0.0100 0.0034 0.0394 0.0388 0.0010 
        025s 13 0.0052 0.0009 0.0005 0.7087 0.2737 0.0040 0.0035 0.0022 0.0013 
        026s 13 0.0934 0.0572 0.0028 0.5238 0.0041 0.3005 0.0050 0.0128 0.0005 
        027s 13 0.0025 0.0494 0.0015 0.9340 0.0041 0.0014 0.0024 0.0013 0.0034 
        028s 13 0.0264 0.0026 0.0035 0.0097 0.5986 0.0129 0.3357 0.0015 0.0092 
        029s 13 0.0380 0.0211 0.0011 0.1410 0.0240 0.0760 0.6966 0.0015 0.0008 
        030s 13 0.0011 0.0598 0.0006 0.0040 0.4918 0.0085 0.4076 0.0259 0.0005 
        031s 13 0.0012 0.0024 0.0033 0.0723 0.7955 0.0220 0.0079 0.0940 0.0013 
        032s 13 0.0006 0.0004 0.0049 0.0152 0.9677 0.0035 0.0070 0.0004 0.0004 
        033s 13 0.0484 0.0037 0.0107 0.8310 0.0349 0.0616 0.0071 0.0017 0.0008 
        034s 13 0.0006 0.0500 0.0170 0.0039 0.0467 0.0040 0.8724 0.0009 0.0044 
        035s 13 0.0058 0.0008 0.0007 0.7181 0.0054 0.0028 0.2620 0.0027 0.0017 
        036s 13 0.0123 0.0030 0.0006 0.8753 0.0046 0.0112 0.0919 0.0004 0.0006 
        037s 13 0.0007 0.0006 0.0007 0.9546 0.0240 0.0099 0.0060 0.0026 0.0011 
        038s 13 0.0186 0.0009 0.0013 0.4183 0.0681 0.0364 0.4539 0.0013 0.0011 
        039s 13 0.0010 0.0843 0.0011 0.0036 0.8373 0.0031 0.0024 0.0665 0.0006 
        040s 13 0.0293 0.0019 0.0016 0.8783 0.0662 0.0169 0.0043 0.0008 0.0007 
        041s 13 0.0205 0.0473 0.0032 0.1967 0.7089 0.0121 0.0086 0.0022 0.0005 
        042s 13 0.0027 0.0006 0.0015 0.0603 0.0219 0.0058 0.9040 0.0013 0.0018 
        001s 14 0.0430 0.0156 0.0008 0.0031 0.2343 0.1284 0.5695 0.0020 0.0031 
        002s 14 0.0036 0.0652 0.0011 0.7377 0.1710 0.0136 0.0041 0.0014 0.0024 
        003s 14 0.0024 0.0006 0.0006 0.0237 0.0053 0.0071 0.9581 0.0014 0.0008 
        004s 14 0.0014 0.0066 0.0148 0.1997 0.7659 0.0034 0.0042 0.0031 0.0009 
        005s 14 0.0026 0.0004 0.0002 0.4971 0.2573 0.0132 0.2280 0.0005 0.0007 
        006s 14 0.0153 0.0006 0.0009 0.9418 0.0089 0.0037 0.0280 0.0005 0.0004 
        007s 14 0.0013 0.0008 0.0017 0.8397 0.1378 0.0026 0.0140 0.0016 0.0005 
        008s 14 0.0014 0.0962 0.0044 0.0017 0.3410 0.0020 0.5342 0.0023 0.0167 
        009s 14 0.0039 0.0021 0.0005 0.6611 0.2786 0.0093 0.0366 0.0013 0.0066 
        010s 14 0.0018 0.0408 0.0005 0.0105 0.6886 0.0055 0.2337 0.0010 0.0176 
        011s 14 0.0672 0.0014 0.0075 0.4893 0.0166 0.0445 0.3716 0.0011 0.0008 
        012s 14 0.0076 0.0008 0.0022 0.1781 0.0237 0.0268 0.7555 0.0032 0.0022 
        013s 14 0.0268 0.0007 0.0061 0.5673 0.0126 0.2958 0.0830 0.0069 0.0009 
        014s 14 0.0237 0.0235 0.0007 0.0120 0.9196 0.0077 0.0068 0.0009 0.0051 
        015s 14 0.0108 0.0010 0.0007 0.9211 0.0318 0.0066 0.0141 0.0039 0.0101 
        016s 14 0.0070 0.0017 0.0004 0.9383 0.0150 0.0239 0.0038 0.0093 0.0007 
        017s 14 0.0267 0.0622 0.0083 0.7984 0.0391 0.0503 0.0133 0.0005 0.0012 
        018s 14 0.0219 0.0010 0.0004 0.9596 0.0045 0.0061 0.0036 0.0016 0.0012 
        019s 14 0.0039 0.0015 0.0015 0.6132 0.3697 0.0034 0.0055 0.0010 0.0003 
        020s 14 0.0014 0.0007 0.0003 0.3519 0.0231 0.0028 0.6090 0.0016 0.0092 
        021s 14 0.0009 0.0062 0.0004 0.6968 0.2681 0.0121 0.0051 0.0010 0.0095 
        022s 14 0.0239 0.0033 0.0052 0.3718 0.5346 0.0279 0.0292 0.0016 0.0026 
        023s 14 0.0008 0.0053 0.0015 0.2329 0.7217 0.0224 0.0120 0.0020 0.0015 
        024s 14 0.0204 0.0231 0.0019 0.0111 0.7940 0.0039 0.1405 0.0010 0.0042 
        025s 14 0.0189 0.0706 0.0004 0.3843 0.4427 0.0045 0.0779 0.0004 0.0004 
        026s 14 0.0028 0.0008 0.0002 0.7857 0.0123 0.1887 0.0054 0.0017 0.0023 
        027s 14 0.0195 0.0045 0.0007 0.7759 0.0834 0.0074 0.1038 0.0041 0.0007 
        028s 14 0.0016 0.0008 0.0023 0.7862 0.1350 0.0240 0.0470 0.0008 0.0024 
        029s 14 0.0036 0.0005 0.0004 0.9290 0.0227 0.0276 0.0143 0.0013 0.0007 
        030s 14 0.0618 0.0008 0.0063 0.5395 0.0980 0.2275 0.0647 0.0008 0.0007 
        031s 14 0.0007 0.0009 0.0274 0.6639 0.0273 0.0026 0.2744 0.0018 0.0011 
        032s 14 0.0015 0.0008 0.0017 0.4485 0.2445 0.0026 0.2958 0.0041 0.0004 
        033s 14 0.0017 0.0007 0.0505 0.6364 0.0024 0.0102 0.2945 0.0011 0.0025 
        034s 14 0.0129 0.0005 0.0005 0.9593 0.0072 0.0143 0.0038 0.0011 0.0005 
        035s 14 0.0696 0.0629 0.0599 0.3737 0.1278 0.2735 0.0311 0.0011 0.0004 
        036s 14 0.0011 0.0532 0.0305 0.0060 0.3085 0.0197 0.5717 0.0083 0.0011 
        037s 14 0.0016 0.0015 0.0005 0.9168 0.0511 0.0037 0.0208 0.0031 0.0010 
        038s 14 0.0383 0.0010 0.0009 0.7642 0.1584 0.0147 0.0208 0.0007 0.0008 
        039s 14 0.0022 0.0031 0.0024 0.8410 0.1242 0.0050 0.0119 0.0065 0.0037 
        040s 14 0.0024 0.0174 0.0012 0.8189 0.1106 0.0047 0.0426 0.0017 0.0005 
        041s 14 0.0546 0.0012 0.0018 0.4717 0.0170 0.1163 0.3355 0.0009 0.0010 
        042s 14 0.0077 0.0669 0.0005 0.7426 0.0510 0.1017 0.0259 0.0018 0.0018 
        001s 15 0.0011 0.0014 0.0008 0.5155 0.0489 0.0025 0.4255 0.0030 0.0012 
        002s 15 0.0010 0.0937 0.0019 0.0370 0.7260 0.0102 0.1151 0.0073 0.0079 
        003s 15 0.0058 0.0090 0.0006 0.9258 0.0408 0.0016 0.0072 0.0080 0.0012 
        004s 15 0.0147 0.0011 0.0008 0.7498 0.0252 0.1764 0.0187 0.0003 0.0130 
        005s 15 0.0205 0.0110 0.0011 0.8716 0.0755 0.0091 0.0042 0.0058 0.0012 
        006s 15 0.0161 0.0202 0.0029 0.9318 0.0024 0.0026 0.0222 0.0012 0.0007 
        007s 15 0.0154 0.0004 0.0005 0.8789 0.0200 0.0473 0.0354 0.0006 0.0013 
        008s 15 0.0255 0.0006 0.0006 0.8627 0.0218 0.0400 0.0470 0.0008 0.0011 
        009s 15 0.0846 0.0034 0.0014 0.0025 0.7340 0.1379 0.0009 0.0343 0.0010 
        010s 15 0.0020 0.0007 0.0005 0.2224 0.0169 0.0536 0.7000 0.0036 0.0004 
        011s 15 0.0820 0.0008 0.0380 0.4649 0.0018 0.4075 0.0023 0.0020 0.0006 
        012s 15 0.0109 0.0024 0.0006 0.9282 0.0302 0.0192 0.0035 0.0032 0.0017 
        013s 15 0.0058 0.0010 0.0006 0.0899 0.0466 0.0084 0.8368 0.0017 0.0093 
        014s 15 0.0019 0.0021 0.0011 0.9512 0.0168 0.0078 0.0069 0.0075 0.0046 
        015s 15 0.0015 0.0652 0.0092 0.1052 0.8082 0.0028 0.0015 0.0054 0.0012 
        016s 15 0.0160 0.0030 0.0652 0.0143 0.1203 0.0035 0.7369 0.0005 0.0404 
        017s 15 0.0014 0.0012 0.0006 0.6178 0.3420 0.0016 0.0123 0.0039 0.0193 
        018s 15 0.0175 0.0028 0.0003 0.0526 0.4247 0.0176 0.4807 0.0007 0.0031 
        019s 15 0.0554 0.0039 0.0004 0.0239 0.0933 0.3351 0.4805 0.0066 0.0009 
        020s 15 0.0030 0.0006 0.0008 0.4615 0.1036 0.0245 0.4048 0.0006 0.0006 
        021s 15 0.0131 0.0524 0.0010 0.7042 0.1036 0.1028 0.0156 0.0048 0.0025 
        022s 15 0.0648 0.0011 0.0014 0.6094 0.0483 0.2350 0.0382 0.0011 0.0006 
        023s 15 0.0215 0.0308 0.0030 0.3280 0.3453 0.2499 0.0192 0.0015 0.0009 
        024s 15 0.0072 0.0017 0.0034 0.0221 0.9511 0.0104 0.0027 0.0010 0.0005 
