        001s  1 0.0003 0.9976 0.0006 0.0002 0.0009 0.0003 
        002s  1 0.0012 0.9950 0.0006 0.0021 0.0005 0.0006 
        003s  1 0.0006 0.9809 0.0059 0.0008 0.0103 0.0015 
        004s  1 0.0019 0.9601 0.0068 0.0258 0.0002 0.0052 
        005s  1 0.1380 0.5596 0.1741 0.1272 0.0002 0.0009 
        006s  1 0.0004 0.9974 0.0004 0.0011 0.0004 0.0003 
        007s  1 0.0007 0.9935 0.0026 0.0004 0.0005 0.0024 
        008s  1 0.0005 0.9919 0.0046 0.0011 0.0011 0.0008 
        009s  1 0.0177 0.9300 0.0427 0.0018 0.0022 0.0056 
        010s  1 0.0005 0.9892 0.0088 0.0006 0.0006 0.0003 
        011s  1 0.0006 0.9915 0.0010 0.0014 0.0033 0.0022 
        012s  1 0.0035 0.8698 0.1152 0.0043 0.0064 0.0008 
        013s  1 0.0173 0.9662 0.0011 0.0076 0.0008 0.0069 
        014s  1 0.0005 0.9421 0.0312 0.0022 0.0188 0.0051 
        015s  1 0.0005 0.9975 0.0004 0.0004 0.0007 0.0004 
        016s  1 0.0004 0.9896 0.0035 0.0005 0.0010 0.0051 
        018s  1 0.0057 0.8521 0.1403 0.0006 0.0006 0.0008 
        019s  1 0.0008 0.9778 0.0162 0.0005 0.0038 0.0008 
        020s  1 0.0003 0.9816 0.0005 0.0002 0.0081 0.0094 
        021s  1 0.0006 0.9873 0.0002 0.0052 0.0008 0.0059 
        022s  1 0.0001 0.9984 0.0003 0.0003 0.0003 0.0005 
        023s  1 0.0003 0.9888 0.0003 0.0004 0.0009 0.0092 
        024s  1 0.0003 0.9959 0.0013 0.0014 0.0005 0.0006 
        025s  1 0.0010 0.9880 0.0084 0.0015 0.0003 0.0009 
        026s  1 0.0014 0.9845 0.0005 0.0004 0.0040 0.0092 
        027s  1 0.0006 0.9791 0.0016 0.0159 0.0004 0.0024 
        028s  1 0.0030 0.9029 0.0350 0.0568 0.0019 0.0004 
        029s  1 0.0003 0.9922 0.0008 0.0006 0.0055 0.0006 
        030s  1 0.0006 0.9837 0.0007 0.0064 0.0080 0.0006 
        031s  1 0.0002 0.9980 0.0003 0.0002 0.0003 0.0010 
        032s  1 0.0002 0.9971 0.0005 0.0008 0.0008 0.0006 
        033s  1 0.0136 0.9822 0.0022 0.0005 0.0008 0.0006 
        034s  1 0.0002 0.9478 0.0016 0.0018 0.0029 0.0456 
        035s  1 0.0004 0.9936 0.0018 0.0016 0.0018 0.0007 
        036s  1 0.0006 0.8960 0.1014 0.0006 0.0002 0.0012 
        037s  1 0.0032 0.8380 0.1100 0.0022 0.0020 0.0446 
        038s  1 0.0014 0.9961 0.0010 0.0004 0.0005 0.0006 
        039s  1 0.0356 0.9624 0.0003 0.0009 0.0005 0.0003 
        040s  1 0.0005 0.9923 0.0011 0.0027 0.0005 0.0028 
        041s  1 0.0015 0.9935 0.0017 0.0002 0.0006 0.0025 
        042s  1 0.0002 0.8402 0.0790 0.0006 0.0007 0.0792 
        043s  1 0.0286 0.9666 0.0029 0.0006 0.0008 0.0004 
        044s  1 0.0335 0.8877 0.0679 0.0034 0.0026 0.0048 
        045s  1 0.0003 0.9870 0.0091 0.0017 0.0011 0.0007 
        046s  1 0.0004 0.9953 0.0015 0.0004 0.0018 0.0005 
        047s  1 0.0004 0.9929 0.0006 0.0002 0.0011 0.0048 
        048s  1 0.0071 0.9537 0.0385 0.0001 0.0002 0.0004 
        049s  1 0.0002 0.9970 0.0006 0.0013 0.0005 0.0004 
        050s  1 0.0009 0.8982 0.0974 0.0027 0.0003 0.0006 
        051s  1 0.0002 0.9709 0.0004 0.0005 0.0270 0.0009 
        052s  1 0.0022 0.9673 0.0083 0.0043 0.0167 0.0012 
        053s  1 0.0033 0.9944 0.0014 0.0002 0.0003 0.0005 
        054s  1 0.0008 0.9937 0.0001 0.0021 0.0025 0.0008 
        055s  1 0.0354 0.8232 0.0647 0.0004 0.0013 0.0750 
          01  2 0.0023 0.8501 0.1201 0.0011 0.0252 0.0012 
          02  2 0.0276 0.9666 0.0029 0.0007 0.0017 0.0004 
          03  2 0.0008 0.9959 0.0013 0.0005 0.0003 0.0012 
          04  2 0.0027 0.9691 0.0030 0.0159 0.0010 0.0084 
          05  2 0.0022 0.8784 0.1187 0.0001 0.0003 0.0003 
          06  2 0.0071 0.9746 0.0157 0.0014 0.0005 0.0007 
          07  2 0.0046 0.9884 0.0036 0.0019 0.0009 0.0006 
          08  2 0.0006 0.9119 0.0857 0.0004 0.0004 0.0010 
          09  2 0.0003 0.9905 0.0005 0.0003 0.0082 0.0003 
          10  2 0.0006 0.9962 0.0014 0.0006 0.0008 0.0005 
          11  2 0.0005 0.9694 0.0180 0.0008 0.0091 0.0023 
          12  2 0.0007 0.9961 0.0005 0.0006 0.0015 0.0005 
          13  2 0.0015 0.9967 0.0004 0.0003 0.0007 0.0005 
          14  2 0.0010 0.9634 0.0002 0.0075 0.0025 0.0252 
          15  2 0.0006 0.9963 0.0005 0.0004 0.0013 0.0009 
          16  2 0.0006 0.9284 0.0011 0.0574 0.0077 0.0049 
          17  2 0.0028 0.9936 0.0012 0.0004 0.0009 0.0011 
          18  2 0.0105 0.9788 0.0066 0.0019 0.0014 0.0008 
          19  2 0.0004 0.9934 0.0013 0.0002 0.0012 0.0035 
          20  2 0.0007 0.9258 0.0619 0.0066 0.0014 0.0035 
          21  2 0.0005 0.9815 0.0010 0.0004 0.0163 0.0004 
          22  2 0.0010 0.9814 0.0020 0.0048 0.0043 0.0064 
          23  2 0.0016 0.9936 0.0008 0.0014 0.0007 0.0019 
          24  2 0.0004 0.9965 0.0005 0.0004 0.0015 0.0006 
          25  2 0.0020 0.9646 0.0055 0.0264 0.0009 0.0006 
          26  2 0.0005 0.9975 0.0008 0.0004 0.0006 0.0003 
          27  2 0.0027 0.9737 0.0012 0.0178 0.0010 0.0037 
          28  2 0.0006 0.9936 0.0010 0.0002 0.0009 0.0037 
          29  2 0.0003 0.9970 0.0008 0.0010 0.0007 0.0002 
          30  2 0.0024 0.7619 0.1490 0.0003 0.0040 0.0825 
          01  3 0.4729 0.3227 0.1892 0.0008 0.0003 0.0142 
          02  3 0.3030 0.1250 0.2008 0.2963 0.0731 0.0019 
          03  3 0.0961 0.3688 0.2741 0.2601 0.0003 0.0007 
          04  3 0.2989 0.1750 0.3175 0.2068 0.0006 0.0013 
          05  3 0.2549 0.0005 0.2347 0.2725 0.1150 0.1224 
          06  3 0.3391 0.0766 0.2513 0.3322 0.0002 0.0006 
          07  3 0.0606 0.3738 0.3475 0.2170 0.0008 0.0002 
          08  3 0.1955 0.2938 0.2776 0.2263 0.0012 0.0056 
          09  3 0.0765 0.3001 0.3918 0.2295 0.0002 0.0019 
          10  3 0.2489 0.0452 0.0772 0.2828 0.2166 0.1292 
          11  3 0.1116 0.2838 0.3625 0.2416 0.0003 0.0002 
          12  3 0.1192 0.2675 0.3640 0.2488 0.0003 0.0003 
          13  3 0.3714 0.0011 0.2752 0.3336 0.0185 0.0002 
          14  3 0.2797 0.0028 0.1942 0.3185 0.0465 0.1583 
          15  3 0.1803 0.3406 0.2954 0.1829 0.0002 0.0006 
          16  3 0.5106 0.0851 0.0669 0.3337 0.0016 0.0021 
          17  3 0.1355 0.3970 0.3586 0.1079 0.0007 0.0004 
          18  3 0.2021 0.0085 0.1067 0.2302 0.1671 0.2853 
          19  3 0.3921 0.1638 0.1684 0.2727 0.0004 0.0026 
          20  3 0.3205 0.1726 0.2930 0.1566 0.0002 0.0572 
          21  3 0.4100 0.2351 0.1724 0.1739 0.0010 0.0076 
          22  3 0.1409 0.2788 0.4191 0.1594 0.0004 0.0014 
          23  3 0.3289 0.2238 0.2535 0.1925 0.0003 0.0011 
          24  3 0.2577 0.0484 0.3686 0.1560 0.1679 0.0013 
          25  3 0.3234 0.0002 0.1542 0.1367 0.2505 0.1350 
          26  3 0.1577 0.2196 0.3686 0.2533 0.0005 0.0004 
          27  3 0.3105 0.0658 0.1069 0.2031 0.1353 0.1784 
          28  3 0.4286 0.0878 0.2314 0.2510 0.0011 0.0001 
          29  3 0.3611 0.1676 0.2387 0.2221 0.0052 0.0053 
          30  3 0.3026 0.2983 0.2983 0.0996 0.0010 0.0002 
         001  4 0.0001 0.0001 0.9997 0.0001 0.0000 0.0001 
         002  4 0.0005 0.0001 0.9989 0.0002 0.0001 0.0001 
         003  4 0.0001 0.0001 0.9996 0.0001 0.0001 0.0000 
         004  4 0.0001 0.0001 0.9995 0.0002 0.0000 0.0001 
         005  4 0.0001 0.0001 0.9995 0.0001 0.0002 0.0001 
         006  4 0.0211 0.0002 0.9145 0.0638 0.0002 0.0002 
         007  4 0.0001 0.0003 0.9375 0.0617 0.0001 0.0003 
         008  4 0.0003 0.0004 0.9960 0.0006 0.0013 0.0015 
         009  4 0.0001 0.0000 0.9995 0.0002 0.0001 0.0001 
         010  4 0.0001 0.0001 0.9876 0.0121 0.0000 0.0000 
         011  4 0.0009 0.0006 0.9569 0.0364 0.0003 0.0049 
         012  4 0.0001 0.0001 0.9997 0.0000 0.0001 0.0001 
         013  4 0.0001 0.0001 0.9997 0.0001 0.0000 0.0000 
         014  4 0.0001 0.0001 0.9996 0.0001 0.0001 0.0001 
         015  4 0.0002 0.0001 0.9995 0.0001 0.0000 0.0000 
         016  4 0.0001 0.0000 0.9996 0.0001 0.0001 0.0001 
         017  4 0.0003 0.0001 0.9993 0.0001 0.0001 0.0001 
         019  4 0.0025 0.0001 0.9095 0.0875 0.0002 0.0002 
         020  4 0.0001 0.0001 0.9995 0.0001 0.0001 0.0001 
         021  4 0.0001 0.0001 0.9759 0.0236 0.0002 0.0001 
         001  5 0.0046 0.0009 0.9636 0.0004 0.0007 0.0297 
         002  5 0.0315 0.0141 0.9517 0.0002 0.0012 0.0013 
         003  5 0.0882 0.1618 0.7138 0.0342 0.0002 0.0018 
         004  5 0.0015 0.0567 0.9405 0.0007 0.0001 0.0004 
         005  5 0.0516 0.0002 0.9474 0.0004 0.0001 0.0002 
         006  5 0.1408 0.0006 0.8240 0.0342 0.0003 0.0001 
         007  5 0.0718 0.0003 0.8773 0.0503 0.0001 0.0002 
         008  5 0.0737 0.0001 0.9257 0.0003 0.0001 0.0001 
         009  5 0.0138 0.0550 0.9261 0.0037 0.0002 0.0012 
         010  5 0.0981 0.0012 0.8769 0.0227 0.0003 0.0008 
         011  5 0.0568 0.0004 0.9419 0.0002 0.0001 0.0006 
         012  5 0.0277 0.0372 0.8552 0.0768 0.0012 0.0019 
         013  5 0.0894 0.1938 0.7134 0.0027 0.0003 0.0003 
         014  5 0.0538 0.1721 0.6898 0.0697 0.0103 0.0042 
         015  5 0.0344 0.0001 0.9516 0.0136 0.0001 0.0001 
         016  5 0.0384 0.0015 0.9143 0.0451 0.0004 0.0002 
         017  5 0.0754 0.0260 0.8411 0.0560 0.0013 0.0001 
         018  5 0.0730 0.0393 0.8418 0.0045 0.0211 0.0203 
         019  5 0.0006 0.0004 0.9940 0.0002 0.0043 0.0006 
         020  5 0.0002 0.0001 0.9994 0.0001 0.0001 0.0001 
         021  5 0.0023 0.1360 0.8593 0.0003 0.0004 0.0017 
         022  5 0.0019 0.0315 0.9358 0.0100 0.0009 0.0199 
         023  5 0.0708 0.0005 0.9261 0.0013 0.0004 0.0011 
         024  5 0.0013 0.0248 0.9013 0.0720 0.0002 0.0004 
         025  5 0.0374 0.0132 0.8825 0.0654 0.0008 0.0007 
         026  5 0.0144 0.1327 0.8351 0.0173 0.0003 0.0002 
         027  5 0.0001 0.0001 0.9993 0.0003 0.0001 0.0001 
         028  5 0.0038 0.0095 0.9254 0.0550 0.0014 0.0049 
         029  5 0.0254 0.0003 0.9734 0.0005 0.0002 0.0002 
         030  5 0.0214 0.0007 0.9716 0.0005 0.0049 0.0009 
        001s  6 0.0087 0.9556 0.0005 0.0118 0.0005 0.0230 
        002s  6 0.0037 0.9529 0.0260 0.0003 0.0165 0.0007 
        003s  6 0.0069 0.9824 0.0073 0.0002 0.0004 0.0028 
        004s  6 0.0002 0.9979 0.0004 0.0003 0.0006 0.0005 
        006s  6 0.0021 0.9125 0.0643 0.0145 0.0010 0.0056 
        007s  6 0.0007 0.9949 0.0004 0.0029 0.0007 0.0004 
        008s  6 0.0007 0.9889 0.0032 0.0004 0.0019 0.0049 
        009s  6 0.0005 0.9973 0.0003 0.0004 0.0007 0.0009 
        010s  6 0.0011 0.9512 0.0203 0.0037 0.0145 0.0092 
        011s  6 0.0098 0.9876 0.0003 0.0009 0.0002 0.0013 
        012s  6 0.0011 0.9922 0.0005 0.0022 0.0026 0.0014 
        013s  6 0.0005 0.9970 0.0008 0.0008 0.0005 0.0003 
        014s  6 0.0070 0.9251 0.0673 0.0002 0.0002 0.0002 
        015s  6 0.0008 0.9697 0.0121 0.0115 0.0012 0.0048 
        016s  6 0.0005 0.9970 0.0002 0.0009 0.0003 0.0011 
        018s  6 0.0652 0.7081 0.2244 0.0004 0.0004 0.0015 
        019s  6 0.0090 0.9823 0.0042 0.0009 0.0007 0.0029 
        020s  6 0.0006 0.9978 0.0002 0.0003 0.0007 0.0004 
        021s  6 0.0059 0.9825 0.0009 0.0054 0.0012 0.0041 
        022s  6 0.0005 0.9940 0.0009 0.0002 0.0004 0.0039 
        023s  6 0.0006 0.9720 0.0262 0.0005 0.0002 0.0006 
        024s  6 0.0005 0.9529 0.0436 0.0013 0.0009 0.0007 
        025s  6 0.0030 0.9244 0.0009 0.0006 0.0003 0.0707 
        026s  6 0.0007 0.9965 0.0004 0.0005 0.0014 0.0004 
        027s  6 0.0003 0.9970 0.0010 0.0004 0.0010 0.0004 
        028s  6 0.0059 0.9305 0.0054 0.0070 0.0464 0.0047 
        029s  6 0.0003 0.9966 0.0003 0.0004 0.0012 0.0011 
        030s  6 0.0022 0.9185 0.0679 0.0004 0.0014 0.0097 
        031s  6 0.0004 0.9934 0.0024 0.0031 0.0004 0.0003 
        032s  6 0.0415 0.9564 0.0011 0.0004 0.0003 0.0003 
        033s  6 0.0011 0.9127 0.0850 0.0003 0.0004 0.0006 
        034s  6 0.0003 0.9813 0.0018 0.0038 0.0004 0.0124 
        035s  6 0.0003 0.8444 0.1531 0.0003 0.0008 0.0010 
        036s  6 0.0096 0.9877 0.0003 0.0013 0.0002 0.0008 
        037s  6 0.0022 0.9935 0.0006 0.0004 0.0019 0.0013 
        038s  6 0.0004 0.9960 0.0003 0.0019 0.0009 0.0005 
        039s  6 0.0004 0.9981 0.0002 0.0002 0.0006 0.0006 
        040s  6 0.0010 0.9968 0.0002 0.0014 0.0003 0.0003 
        041s  6 0.0001 0.9198 0.0766 0.0002 0.0019 0.0014 
        042s  6 0.0008 0.9287 0.0068 0.0010 0.0028 0.0599 
        043s  6 0.0003 0.9931 0.0008 0.0015 0.0003 0.0040 
        044s  6 0.0004 0.9959 0.0007 0.0003 0.0021 0.0007 
        045s  6 0.0006 0.9929 0.0032 0.0006 0.0006 0.0021 
        001s  7 0.0004 0.9968 0.0013 0.0004 0.0003 0.0008 
        002s  7 0.0037 0.9748 0.0188 0.0007 0.0009 0.0011 
        003s  7 0.0010 0.9941 0.0021 0.0013 0.0007 0.0008 
        004s  7 0.0010 0.9942 0.0008 0.0024 0.0012 0.0004 
        005s  7 0.0010 0.9804 0.0146 0.0017 0.0005 0.0018 
        006s  7 0.0007 0.9363 0.0587 0.0008 0.0006 0.0028 
        007s  7 0.0010 0.9680 0.0052 0.0078 0.0164 0.0015 
        008s  7 0.0010 0.9760 0.0200 0.0004 0.0015 0.0011 
        009s  7 0.0020 0.9859 0.0021 0.0011 0.0005 0.0084 
        010s  7 0.0006 0.9960 0.0010 0.0002 0.0010 0.0012 
        011s  7 0.0008 0.9970 0.0004 0.0004 0.0007 0.0006 
        012s  7 0.0002 0.9974 0.0005 0.0010 0.0004 0.0004 
        013s  7 0.0005 0.9860 0.0002 0.0084 0.0006 0.0044 
        014s  7 0.0005 0.9489 0.0493 0.0006 0.0004 0.0003 
        015s  7 0.0006 0.9742 0.0215 0.0015 0.0009 0.0013 
        016s  7 0.0003 0.8781 0.1193 0.0002 0.0002 0.0020 
        017s  7 0.0003 0.9966 0.0013 0.0011 0.0003 0.0004 
        018s  7 0.0005 0.9929 0.0025 0.0005 0.0029 0.0007 
        019s  7 0.0028 0.9818 0.0008 0.0006 0.0021 0.0118 
        020s  7 0.0007 0.9973 0.0005 0.0008 0.0003 0.0004 
        021s  7 0.0014 0.9955 0.0009 0.0004 0.0011 0.0007 
        022s  7 0.0005 0.9931 0.0026 0.0030 0.0003 0.0005 
        023s  7 0.0017 0.9711 0.0070 0.0011 0.0011 0.0181 
        024s  7 0.0005 0.9953 0.0014 0.0005 0.0017 0.0006 
        025s  7 0.0022 0.9926 0.0005 0.0027 0.0011 0.0010 
        026s  7 0.0002 0.9951 0.0031 0.0003 0.0006 0.0007 
        027s  7 0.0007 0.9957 0.0012 0.0008 0.0012 0.0004 
        028s  7 0.0016 0.9928 0.0044 0.0006 0.0002 0.0004 
        029s  7 0.0018 0.9878 0.0065 0.0006 0.0009 0.0024 
        030s  7 0.0003 0.9899 0.0002 0.0006 0.0047 0.0043 
        031s  7 0.0009 0.9859 0.0013 0.0009 0.0004 0.0108 
        032s  7 0.0013 0.8955 0.0993 0.0002 0.0034 0.0003 
        033s  7 0.0061 0.9608 0.0277 0.0003 0.0034 0.0017 
        034s  7 0.0048 0.9622 0.0014 0.0297 0.0013 0.0005 
        035s  7 0.0002 0.9979 0.0003 0.0002 0.0005 0.0009 
        036s  7 0.0006 0.9847 0.0005 0.0038 0.0006 0.0098 
        037s  7 0.0553 0.9289 0.0109 0.0004 0.0007 0.0039 
        038s  7 0.0169 0.9790 0.0021 0.0003 0.0008 0.0009 
        039s  7 0.0004 0.9986 0.0003 0.0002 0.0002 0.0003 
        040s  7 0.0011 0.9444 0.0202 0.0336 0.0003 0.0004 
        041s  7 0.0088 0.9776 0.0105 0.0003 0.0014 0.0014 
        042s  7 0.0005 0.9928 0.0053 0.0007 0.0003 0.0004 
        043s  7 0.0003 0.9958 0.0012 0.0002 0.0004 0.0021 
        044s  7 0.0207 0.9064 0.0452 0.0048 0.0007 0.0222 
         003  8 0.0010 0.9792 0.0056 0.0009 0.0126 0.0008 
         009  8 0.0003 0.9965 0.0010 0.0006 0.0005 0.0010 
         010  8 0.0003 0.9975 0.0004 0.0002 0.0003 0.0013 
         017  8 0.0011 0.9939 0.0005 0.0004 0.0012 0.0029 
         002  9 0.0003 0.9975 0.0004 0.0006 0.0004 0.0009 
         003  9 0.0002 0.9988 0.0001 0.0003 0.0002 0.0003 
         004  9 0.0002 0.9983 0.0003 0.0002 0.0003 0.0006 
         005  9 0.0003 0.9938 0.0003 0.0009 0.0008 0.0039 
         006  9 0.0005 0.9957 0.0005 0.0008 0.0005 0.0019 
         007  9 0.0002 0.9929 0.0045 0.0005 0.0010 0.0009 
         009  9 0.0008 0.9956 0.0007 0.0002 0.0009 0.0019 
         010  9 0.0002 0.9964 0.0002 0.0004 0.0015 0.0013 
         013  9 0.0004 0.9957 0.0012 0.0010 0.0003 0.0015 
         014  9 0.0002 0.9941 0.0005 0.0003 0.0037 0.0013 
         016  9 0.0002 0.9979 0.0002 0.0002 0.0009 0.0005 
         018  9 0.0014 0.9917 0.0004 0.0005 0.0051 0.0009 
         019  9 0.0007 0.9939 0.0008 0.0005 0.0036 0.0006 
         020  9 0.0004 0.9986 0.0002 0.0002 0.0003 0.0003 
         021  9 0.0005 0.9981 0.0003 0.0002 0.0003 0.0006 
         022  9 0.0004 0.9976 0.0003 0.0003 0.0010 0.0004 
         024  9 0.0008 0.9937 0.0003 0.0003 0.0018 0.0030 
         028  9 0.0003 0.9970 0.0004 0.0007 0.0005 0.0012 
         029  9 0.0004 0.9976 0.0003 0.0003 0.0008 0.0005 
         030  9 0.0003 0.9975 0.0004 0.0003 0.0008 0.0008 
         031  9 0.0008 0.9965 0.0009 0.0003 0.0011 0.0004 
         033  9 0.0010 0.9917 0.0057 0.0003 0.0005 0.0008 
         001 10 0.0003 0.9973 0.0006 0.0005 0.0010 0.0003 
         002 10 0.0004 0.9977 0.0002 0.0002 0.0012 0.0004 
         003 10 0.0004 0.9852 0.0002 0.0004 0.0003 0.0135 
         004 10 0.0004 0.9964 0.0004 0.0002 0.0006 0.0020 
         005 10 0.0003 0.9963 0.0004 0.0004 0.0017 0.0009 
         006 10 0.0009 0.9971 0.0006 0.0003 0.0004 0.0007 
         007 10 0.0004 0.9968 0.0005 0.0002 0.0003 0.0018 
         008 10 0.0009 0.9944 0.0006 0.0004 0.0006 0.0031 
         009 10 0.0006 0.9936 0.0003 0.0010 0.0040 0.0005 
         010 10 0.0005 0.9954 0.0004 0.0004 0.0027 0.0007 
         011 10 0.0004 0.9617 0.0006 0.0006 0.0002 0.0364 
         012 10 0.0015 0.9946 0.0004 0.0006 0.0003 0.0025 
         013 10 0.0006 0.9967 0.0003 0.0013 0.0006 0.0005 
         014 10 0.0006 0.9968 0.0003 0.0006 0.0007 0.0009 
         016 10 0.0020 0.9953 0.0003 0.0005 0.0014 0.0005 
         017 10 0.0005 0.9970 0.0004 0.0006 0.0009 0.0006 
         018 10 0.0024 0.9909 0.0028 0.0004 0.0031 0.0004 
         019 10 0.0010 0.9936 0.0003 0.0003 0.0038 0.0010 
         020 10 0.0018 0.9892 0.0005 0.0006 0.0059 0.0019 
         021 10 0.0005 0.9959 0.0006 0.0002 0.0026 0.0002 
         022 10 0.0004 0.9980 0.0003 0.0005 0.0002 0.0006 
         023 10 0.0005 0.9980 0.0002 0.0005 0.0003 0.0005 
         024 10 0.0005 0.9960 0.0003 0.0002 0.0009 0.0021 
         026 10 0.0008 0.9977 0.0003 0.0002 0.0006 0.0004 
        001s 11 0.0003 0.8923 0.1010 0.0006 0.0006 0.0053 
        002s 11 0.0008 0.9888 0.0003 0.0055 0.0031 0.0015 
        003s 11 0.0005 0.9929 0.0049 0.0004 0.0008 0.0005 
        004s 11 0.0004 0.9968 0.0004 0.0010 0.0002 0.0012 
        005s 11 0.0004 0.9928 0.0013 0.0005 0.0045 0.0004 
        006s 11 0.0193 0.9752 0.0007 0.0019 0.0014 0.0017 
        007s 11 0.0032 0.9544 0.0049 0.0356 0.0011 0.0009 
        008s 11 0.0004 0.9979 0.0003 0.0004 0.0006 0.0004 
        009s 11 0.0003 0.9832 0.0004 0.0002 0.0157 0.0003 
        010s 11 0.0021 0.9959 0.0008 0.0002 0.0005 0.0005 
        011s 11 0.0007 0.8680 0.1137 0.0067 0.0002 0.0107 
        012s 11 0.0011 0.8945 0.1033 0.0002 0.0005 0.0004 
        013s 11 0.0005 0.9969 0.0010 0.0005 0.0002 0.0010 
        014s 11 0.0014 0.9881 0.0033 0.0052 0.0013 0.0008 
        015s 11 0.0010 0.9907 0.0014 0.0018 0.0013 0.0037 
        016s 11 0.0005 0.8910 0.0462 0.0004 0.0063 0.0555 
        017s 11 0.0003 0.9037 0.0943 0.0005 0.0005 0.0006 
        018s 11 0.0019 0.9899 0.0056 0.0006 0.0011 0.0008 
        019s 11 0.0009 0.9743 0.0004 0.0007 0.0003 0.0235 
        020s 11 0.0003 0.9929 0.0024 0.0015 0.0018 0.0011 
        021s 11 0.0005 0.9973 0.0005 0.0004 0.0003 0.0009 
        022s 11 0.0011 0.9657 0.0013 0.0309 0.0007 0.0004 
        023s 11 0.0005 0.9319 0.0479 0.0004 0.0003 0.0191 
        025s 11 0.0004 0.9979 0.0003 0.0003 0.0002 0.0009 
        026s 11 0.0005 0.9092 0.0367 0.0006 0.0004 0.0527 
        027s 11 0.0007 0.9959 0.0006 0.0020 0.0004 0.0004 
        028s 11 0.0012 0.9924 0.0044 0.0007 0.0003 0.0009 
        029s 11 0.0045 0.9605 0.0331 0.0003 0.0012 0.0004 
        030s 11 0.0004 0.9464 0.0510 0.0007 0.0008 0.0007 
        031s 11 0.0002 0.9971 0.0003 0.0016 0.0006 0.0002 
        032s 11 0.0003 0.9959 0.0010 0.0003 0.0006 0.0019 
        033s 11 0.0009 0.9938 0.0031 0.0004 0.0010 0.0007 
        034s 11 0.0004 0.9968 0.0011 0.0012 0.0002 0.0003 
        035s 11 0.0009 0.9920 0.0036 0.0020 0.0013 0.0002 
        036s 11 0.0026 0.9809 0.0139 0.0011 0.0011 0.0003 
        037s 11 0.0022 0.9943 0.0008 0.0002 0.0008 0.0015 
        038s 11 0.0025 0.9943 0.0017 0.0003 0.0005 0.0007 
        039s 11 0.0006 0.9969 0.0013 0.0002 0.0003 0.0006 
        040s 11 0.0230 0.9268 0.0478 0.0009 0.0006 0.0008 
        041s 11 0.0007 0.9740 0.0009 0.0006 0.0207 0.0030 
        042s 11 0.0005 0.9911 0.0007 0.0010 0.0005 0.0062 
        043s 11 0.0232 0.9506 0.0047 0.0003 0.0005 0.0207 
        044s 11 0.0005 0.9861 0.0004 0.0089 0.0007 0.0035 
        045s 11 0.0013 0.9871 0.0003 0.0009 0.0003 0.0101 
        046s 11 0.0002 0.9265 0.0456 0.0035 0.0004 0.0239 
        047s 11 0.0003 0.9964 0.0005 0.0014 0.0004 0.0010 
        048s 11 0.0022 0.9571 0.0027 0.0014 0.0016 0.0349 
        049s 11 0.0003 0.9957 0.0013 0.0003 0.0011 0.0013 
        050s 11 0.0002 0.9936 0.0004 0.0041 0.0004 0.0014 
        051s 11 0.0006 0.9228 0.0006 0.0261 0.0004 0.0495 
        052s 11 0.0015 0.9915 0.0014 0.0032 0.0008 0.0016 
        053s 11 0.0004 0.9972 0.0003 0.0003 0.0012 0.0007 
        054s 11 0.0029 0.9922 0.0005 0.0035 0.0004 0.0005 
        055s 11 0.0525 0.9385 0.0080 0.0004 0.0003 0.0003 
        001s 12 0.0038 0.9913 0.0013 0.0014 0.0010 0.0011 
        002s 12 0.0004 0.9955 0.0010 0.0004 0.0020 0.0007 
        003s 12 0.0003 0.9979 0.0003 0.0005 0.0007 0.0002 
        004s 12 0.0001 0.9213 0.0717 0.0006 0.0011 0.0052 
        005s 12 0.0006 0.9971 0.0004 0.0003 0.0009 0.0006 
        006s 12 0.0027 0.9745 0.0181 0.0027 0.0008 0.0014 
        007s 12 0.0006 0.9925 0.0007 0.0015 0.0033 0.0014 
        008s 12 0.0527 0.9449 0.0011 0.0002 0.0004 0.0006 
        009s 12 0.0020 0.9576 0.0131 0.0012 0.0209 0.0053 
        010s 12 0.0020 0.9624 0.0057 0.0289 0.0006 0.0003 
        011s 12 0.0008 0.9937 0.0010 0.0033 0.0006 0.0006 
        012s 12 0.0006 0.9903 0.0015 0.0047 0.0004 0.0025 
        013s 12 0.0002 0.9597 0.0005 0.0005 0.0005 0.0385 
        014s 12 0.0014 0.9046 0.0018 0.0430 0.0028 0.0465 
        015s 12 0.0009 0.9926 0.0033 0.0005 0.0017 0.0010 
        016s 12 0.0003 0.9935 0.0006 0.0006 0.0003 0.0048 
        017s 12 0.0003 0.9911 0.0065 0.0009 0.0004 0.0007 
        018s 12 0.0017 0.9940 0.0009 0.0002 0.0023 0.0010 
        019s 12 0.0005 0.9920 0.0035 0.0004 0.0031 0.0005 
        020s 12 0.0038 0.9229 0.0724 0.0001 0.0002 0.0006 
        021s 12 0.0008 0.9943 0.0025 0.0004 0.0004 0.0016 
        022s 12 0.0127 0.9587 0.0196 0.0006 0.0039 0.0046 
        023s 12 0.0004 0.9971 0.0004 0.0002 0.0009 0.0010 
        024s 12 0.0005 0.9979 0.0006 0.0003 0.0003 0.0004 
        025s 12 0.0223 0.9713 0.0008 0.0008 0.0035 0.0013 
        026s 12 0.0005 0.9520 0.0312 0.0007 0.0151 0.0005 
        027s 12 0.0058 0.9919 0.0014 0.0004 0.0002 0.0003 
        028s 12 0.0004 0.9842 0.0027 0.0005 0.0093 0.0030 
        029s 12 0.0002 0.9970 0.0005 0.0008 0.0003 0.0012 
        030s 12 0.0004 0.9955 0.0010 0.0023 0.0003 0.0005 
        031s 12 0.0012 0.9916 0.0038 0.0005 0.0008 0.0020 
        032s 12 0.0002 0.9920 0.0007 0.0004 0.0060 0.0006 
        033s 12 0.0044 0.9923 0.0011 0.0016 0.0003 0.0003 
        034s 12 0.0004 0.9982 0.0002 0.0004 0.0006 0.0003 
        035s 12 0.0017 0.9885 0.0080 0.0010 0.0005 0.0003 
        036s 12 0.0138 0.9779 0.0016 0.0034 0.0027 0.0007 
        037s 12 0.0003 0.9963 0.0013 0.0003 0.0008 0.0010 
        001s 13 0.0006 0.9871 0.0090 0.0004 0.0009 0.0019 
        002s 13 0.0076 0.9127 0.0787 0.0004 0.0002 0.0004 
        003s 13 0.0024 0.9951 0.0004 0.0002 0.0009 0.0009 
        004s 13 0.0002 0.9843 0.0008 0.0005 0.0115 0.0026 
        005s 13 0.0056 0.9860 0.0019 0.0023 0.0024 0.0018 
        006s 13 0.0015 0.9954 0.0004 0.0012 0.0008 0.0006 
        007s 13 0.0044 0.9704 0.0004 0.0235 0.0003 0.0010 
        008s 13 0.0022 0.9438 0.0502 0.0014 0.0019 0.0006 
        009s 13 0.0041 0.8600 0.1241 0.0007 0.0107 0.0004 
        010s 13 0.0031 0.9301 0.0646 0.0005 0.0012 0.0006 
        011s 13 0.0051 0.9625 0.0032 0.0203 0.0056 0.0033 
        012s 13 0.0035 0.9297 0.0490 0.0011 0.0025 0.0143 
        013s 13 0.0002 0.9403 0.0292 0.0253 0.0010 0.0040 
        014s 13 0.0077 0.9705 0.0007 0.0166 0.0008 0.0037 
        015s 13 0.0004 0.9721 0.0087 0.0007 0.0106 0.0076 
        016s 13 0.0005 0.9976 0.0003 0.0003 0.0005 0.0008 
        017s 13 0.0614 0.9324 0.0012 0.0006 0.0038 0.0006 
        018s 13 0.0006 0.9976 0.0004 0.0003 0.0006 0.0006 
        019s 13 0.0022 0.9956 0.0005 0.0005 0.0005 0.0008 
        020s 13 0.0036 0.9905 0.0013 0.0027 0.0016 0.0003 
        021s 13 0.0002 0.9970 0.0012 0.0004 0.0005 0.0007 
        022s 13 0.0018 0.9956 0.0009 0.0005 0.0003 0.0008 
        023s 13 0.0012 0.9967 0.0009 0.0003 0.0005 0.0003 
        024s 13 0.0008 0.9316 0.0301 0.0026 0.0004 0.0344 
        025s 13 0.0006 0.9958 0.0007 0.0004 0.0007 0.0018 
        026s 13 0.0352 0.8897 0.0682 0.0012 0.0004 0.0052 
        027s 13 0.0011 0.9464 0.0465 0.0011 0.0041 0.0007 
        028s 13 0.0320 0.9515 0.0032 0.0020 0.0091 0.0021 
        029s 13 0.0009 0.9714 0.0251 0.0013 0.0004 0.0010 
        030s 13 0.0003 0.9051 0.0774 0.0005 0.0003 0.0165 
        031s 13 0.0004 0.8922 0.0027 0.0028 0.0014 0.1005 
        032s 13 0.0002 0.9897 0.0004 0.0090 0.0004 0.0003 
        033s 13 0.0297 0.9630 0.0023 0.0038 0.0005 0.0007 
        034s 13 0.0003 0.9248 0.0620 0.0113 0.0008 0.0008 
        035s 13 0.0006 0.9930 0.0005 0.0004 0.0014 0.0041 
        036s 13 0.0011 0.9958 0.0020 0.0004 0.0004 0.0004 
        037s 13 0.0004 0.9970 0.0004 0.0005 0.0006 0.0012 
        038s 13 0.0035 0.9932 0.0007 0.0008 0.0010 0.0008 
        039s 13 0.0007 0.8244 0.1006 0.0007 0.0010 0.0726 
        040s 13 0.0006 0.9964 0.0010 0.0009 0.0003 0.0008 
        041s 13 0.0023 0.9355 0.0568 0.0035 0.0004 0.0016 
        042s 13 0.0003 0.9964 0.0006 0.0013 0.0006 0.0008 
        001s 14 0.0007 0.9606 0.0362 0.0006 0.0010 0.0008 
        002s 14 0.0017 0.9278 0.0650 0.0013 0.0028 0.0014 
        003s 14 0.0007 0.9975 0.0005 0.0003 0.0004 0.0006 
        004s 14 0.0005 0.9647 0.0140 0.0177 0.0007 0.0024 
        005s 14 0.0002 0.9986 0.0002 0.0001 0.0004 0.0004 
        006s 14 0.0004 0.9982 0.0003 0.0005 0.0003 0.0003 
        007s 14 0.0007 0.9962 0.0006 0.0008 0.0003 0.0015 
        008s 14 0.0001 0.8670 0.1157 0.0055 0.0104 0.0013 
        009s 14 0.0025 0.9900 0.0011 0.0003 0.0053 0.0007 
        010s 14 0.0002 0.9190 0.0669 0.0003 0.0128 0.0008 
        011s 14 0.0522 0.9434 0.0007 0.0026 0.0005 0.0005 
        012s 14 0.0019 0.9931 0.0005 0.0014 0.0018 0.0013 
        013s 14 0.0007 0.9891 0.0009 0.0036 0.0005 0.0051 
        014s 14 0.0006 0.9462 0.0482 0.0005 0.0038 0.0006 
        015s 14 0.0005 0.9906 0.0006 0.0006 0.0053 0.0024 
        016s 14 0.0004 0.9881 0.0012 0.0002 0.0005 0.0096 
        017s 14 0.0012 0.9256 0.0646 0.0075 0.0005 0.0006 
        018s 14 0.0009 0.9958 0.0007 0.0003 0.0010 0.0013 
        019s 14 0.0011 0.9950 0.0017 0.0012 0.0004 0.0006 
        020s 14 0.0008 0.9903 0.0010 0.0002 0.0066 0.0011 
        021s 14 0.0009 0.9869 0.0033 0.0003 0.0083 0.0004 
        022s 14 0.0012 0.9881 0.0035 0.0040 0.0020 0.0012 
        023s 14 0.0003 0.9861 0.0084 0.0015 0.0019 0.0018 
        024s 14 0.0049 0.9377 0.0535 0.0007 0.0022 0.0010 
        025s 14 0.0002 0.9260 0.0731 0.0002 0.0003 0.0003 
        026s 14 0.0004 0.9969 0.0004 0.0001 0.0013 0.0009 
        027s 14 0.0005 0.9933 0.0027 0.0005 0.0005 0.0026 
        028s 14 0.0010 0.9936 0.0006 0.0016 0.0026 0.0006 
        029s 14 0.0001 0.9979 0.0003 0.0002 0.0005 0.0009 
        030s 14 0.0022 0.9919 0.0006 0.0045 0.0003 0.0004 
        031s 14 0.0004 0.9696 0.0004 0.0282 0.0005 0.0010 
        032s 14 0.0003 0.9960 0.0008 0.0010 0.0003 0.0015 
        033s 14 0.0010 0.9492 0.0005 0.0476 0.0007 0.0009 
        034s 14 0.0004 0.9979 0.0003 0.0002 0.0006 0.0006 
        035s 14 0.0126 0.8454 0.0789 0.0624 0.0003 0.0003 
        036s 14 0.0031 0.8917 0.0745 0.0266 0.0010 0.0031 
        037s 14 0.0004 0.9953 0.0010 0.0003 0.0007 0.0023 
        038s 14 0.0006 0.9976 0.0005 0.0004 0.0005 0.0003 
        039s 14 0.0009 0.9870 0.0017 0.0018 0.0033 0.0054 
        040s 14 0.0005 0.9790 0.0187 0.0008 0.0004 0.0007 
        041s 14 0.0003 0.9970 0.0007 0.0010 0.0005 0.0006 
        042s 14 0.0007 0.9279 0.0695 0.0003 0.0006 0.0011 
        001s 15 0.0002 0.9968 0.0009 0.0004 0.0008 0.0009 
        002s 15 0.0006 0.8825 0.1033 0.0040 0.0041 0.0056 
        003s 15 0.0081 0.9806 0.0053 0.0003 0.0008 0.0049 
        004s 15 0.0002 0.9906 0.0008 0.0004 0.0078 0.0002 
        005s 15 0.0097 0.9774 0.0067 0.0008 0.0011 0.0043 
        006s 15 0.0004 0.9761 0.0198 0.0023 0.0007 0.0008 
        007s 15 0.0004 0.9979 0.0004 0.0003 0.0007 0.0003 
        008s 15 0.0002 0.9980 0.0003 0.0006 0.0005 0.0005 
        009s 15 0.0205 0.9237 0.0133 0.0016 0.0007 0.0402 
        010s 15 0.0007 0.9968 0.0005 0.0002 0.0003 0.0014 
        011s 15 0.0192 0.9427 0.0006 0.0363 0.0003 0.0011 
        012s 15 0.0114 0.9833 0.0012 0.0006 0.0011 0.0025 
        013s 15 0.0002 0.9943 0.0016 0.0004 0.0027 0.0008 
        014s 15 0.0015 0.9878 0.0009 0.0008 0.0044 0.0047 
        015s 15 0.0006 0.9068 0.0804 0.0072 0.0009 0.0040 
        016s 15 0.0011 0.9032 0.0047 0.0614 0.0292 0.0003 
        017s 15 0.0010 0.9803 0.0009 0.0006 0.0158 0.0015 
        018s 15 0.0004 0.9957 0.0019 0.0002 0.0015 0.0003 
        019s 15 0.0012 0.9878 0.0042 0.0004 0.0005 0.0058 
        020s 15 0.0005 0.9978 0.0004 0.0004 0.0004 0.0005 
        021s 15 0.0027 0.9259 0.0647 0.0009 0.0023 0.0035 
        022s 15 0.0027 0.9947 0.0006 0.0011 0.0005 0.0005 
        023s 15 0.0011 0.9646 0.0304 0.0030 0.0002 0.0007 
        024s 15 0.0004 0.9944 0.0014 0.0030 0.0003 0.0006 
        025s 15 0.0022 0.9626 0.0061 0.0010 0.0016 0.0266 
        026s 15 0.0004 0.9735 0.0013 0.0011 0.0027 0.0211 
        027s 15 0.0004 0.9680 0.0037 0.0149 0.0126 0.0004 
        028s 15 0.0034 0.9928 0.0003 0.0004 0.0020 0.0011 
        029s 15 0.0004 0.9959 0.0006 0.0009 0.0013 0.0009 
        030s 15 0.0002 0.9969 0.0003 0.0004 0.0016 0.0005 
        031s 15 0.0024 0.9277 0.0622 0.0011 0.0008 0.0058 
        032s 15 0.0003 0.9969 0.0005 0.0002 0.0007 0.0015 
        033s 15 0.0009 0.9347 0.0628 0.0008 0.0007 0.0002 
        035s 15 0.0035 0.9916 0.0008 0.0019 0.0015 0.0008 
        036s 15 0.0003 0.9919 0.0010 0.0029 0.0002 0.0038 
        037s 15 0.0007 0.9898 0.0009 0.0071 0.0005 0.0010 
        038s 15 0.0003 0.9900 0.0060 0.0026 0.0009 0.0003 
        039s 15 0.0016 0.9264 0.0710 0.0002 0.0006 0.0003 
        040s 15 0.0008 0.9905 0.0019 0.0034 0.0028 0.0007 
        041s 15 0.0016 0.9191 0.0728 0.0043 0.0006 0.0016 
        042s 15 0.0009 0.9908 0.0042 0.0005 0.0029 0.0007 
        043s 15 0.0006 0.9835 0.0124 0.0018 0.0002 0.0015 
        044s 15 0.0016 0.9933 0.0026 0.0006 0.0011 0.0008 
        045s 15 0.0023 0.8915 0.0011 0.0238 0.0016 0.0797 
        046s 15 0.0021 0.9748 0.0188 0.0031 0.0003 0.0008 
        047s 15 0.0123 0.9768 0.0095 0.0006 0.0004 0.0004 
        048s 15 0.0005 0.9796 0.0003 0.0005 0.0009 0.0182 
        049s 15 0.0099 0.9836 0.0048 0.0007 0.0003 0.0006 
        050s 15 0.0005 0.8479 0.1370 0.0002 0.0128 0.0017 
         001 16 0.0720 0.8011 0.1240 0.0010 0.0014 0.0004 
         002 16 0.0322 0.9580 0.0084 0.0002 0.0003 0.0008 
         003 16 0.0041 0.9880 0.0024 0.0022 0.0022 0.0011 
         004 16 0.0011 0.9953 0.0007 0.0007 0.0006 0.0015 
         005 16 0.0006 0.9114 0.0569 0.0065 0.0014 0.0232 
         006 16 0.0335 0.9509 0.0025 0.0004 0.0012 0.0115 
         007 16 0.0004 0.9910 0.0058 0.0010 0.0007 0.0012 
         008 16 0.0003 0.8282 0.1565 0.0143 0.0003 0.0006 
         009 16 0.0002 0.9931 0.0048 0.0005 0.0010 0.0005 
         010 16 0.0011 0.9651 0.0326 0.0003 0.0004 0.0006 
         011 16 0.0015 0.9897 0.0051 0.0012 0.0007 0.0019 
         012 16 0.0013 0.9951 0.0004 0.0011 0.0009 0.0012 
         013 16 0.0005 0.9974 0.0003 0.0010 0.0004 0.0004 
         014 16 0.0050 0.9689 0.0246 0.0006 0.0008 0.0002 
         015 16 0.0008 0.6273 0.0003 0.0014 0.0011 0.3692 
         016 16 0.0004 0.9778 0.0013 0.0002 0.0055 0.0147 
         017 16 0.0013 0.9853 0.0045 0.0073 0.0006 0.0011 
         018 16 0.0011 0.9187 0.0390 0.0020 0.0068 0.0325 
         019 16 0.0013 0.9279 0.0662 0.0036 0.0007 0.0003 
         020 16 0.0016 0.9963 0.0003 0.0003 0.0007 0.0008 
         021 16 0.0750 0.8656 0.0544 0.0016 0.0028 0.0006 
         022 16 0.0003 0.9637 0.0337 0.0003 0.0007 0.0013 
         023 16 0.0008 0.9556 0.0318 0.0008 0.0006 0.0105 
         024 16 0.0006 0.9662 0.0053 0.0004 0.0011 0.0263 
         025 16 0.0022 0.9351 0.0433 0.0163 0.0007 0.0024 
         026 16 0.0421 0.8772 0.0781 0.0004 0.0003 0.0019 
         027 16 0.0004 0.9754 0.0143 0.0006 0.0086 0.0008 
         028 16 0.0013 0.8168 0.1481 0.0221 0.0114 0.0002 
         029 16 0.0070 0.9730 0.0018 0.0163 0.0014 0.0006 
         030 16 0.0007 0.9928 0.0007 0.0052 0.0003 0.0003 
         031 16 0.0029 0.9808 0.0009 0.0006 0.0141 0.0006 
         032 16 0.0010 0.9054 0.0886 0.0006 0.0004 0.0040 
         033 16 0.0009 0.9978 0.0003 0.0006 0.0002 0.0002 
         034 16 0.0007 0.9910 0.0038 0.0030 0.0002 0.0012 
         035 16 0.0004 0.9983 0.0002 0.0006 0.0004 0.0002 
         036 16 0.0005 0.9955 0.0003 0.0003 0.0012 0.0022 
         037 16 0.0015 0.9515 0.0322 0.0114 0.0005 0.0029 
         038 16 0.0005 0.9897 0.0026 0.0010 0.0012 0.0050 
         039 16 0.0005 0.9958 0.0021 0.0003 0.0008 0.0005 
         040 16 0.0018 0.9946 0.0006 0.0010 0.0003 0.0017 
         041 16 0.0003 0.9964 0.0008 0.0009 0.0003 0.0013 
         042 16 0.0004 0.9948 0.0015 0.0009 0.0019 0.0006 
         043 16 0.0003 0.9966 0.0007 0.0006 0.0009 0.0008 
         044 16 0.0004 0.9883 0.0073 0.0016 0.0011 0.0013 
         045 16 0.0286 0.9675 0.0014 0.0007 0.0016 0.0002 
         047 16 0.0015 0.9590 0.0021 0.0324 0.0044 0.0006 
         048 16 0.0006 0.9899 0.0013 0.0068 0.0008 0.0006 
         049 16 0.0003 0.9949 0.0005 0.0014 0.0005 0.0025 
         050 16 0.0012 0.9974 0.0003 0.0004 0.0004 0.0004 
         051 16 0.0015 0.9949 0.0006 0.0009 0.0015 0.0006 
         052 16 0.0002 0.9981 0.0002 0.0003 0.0004 0.0007 
         053 16 0.0003 0.9976 0.0002 0.0009 0.0005 0.0004 
         054 16 0.0072 0.9396 0.0511 0.0005 0.0011 0.0006 
         055 16 0.0168 0.9385 0.0032 0.0408 0.0003 0.0004 
         056 16 0.0005 0.9895 0.0013 0.0002 0.0005 0.0079 
         057 16 0.0003 0.9100 0.0885 0.0006 0.0004 0.0002 
         058 16 0.0542 0.8764 0.0605 0.0007 0.0002 0.0080 
         059 16 0.0152 0.8194 0.0743 0.0021 0.0022 0.0869 
         060 16 0.0020 0.9855 0.0013 0.0004 0.0010 0.0097 
         061 16 0.0008 0.9947 0.0012 0.0012 0.0006 0.0015 
         062 16 0.0024 0.9917 0.0006 0.0040 0.0010 0.0003 
         063 16 0.0018 0.9947 0.0020 0.0004 0.0006 0.0005 
         064 16 0.0003 0.9966 0.0004 0.0005 0.0004 0.0020 
         065 16 0.0091 0.9856 0.0011 0.0007 0.0011 0.0024 
         066 16 0.0003 0.9977 0.0004 0.0003 0.0009 0.0005 
         067 16 0.0006 0.9187 0.0006 0.0014 0.0005 0.0782 
         068 16 0.0007 0.9594 0.0047 0.0010 0.0007 0.0334 
         069 16 0.0005 0.9939 0.0006 0.0006 0.0041 0.0003 
         070 16 0.0018 0.9916 0.0035 0.0004 0.0019 0.0007 
         071 16 0.0025 0.9172 0.0690 0.0109 0.0002 0.0003 
         072 16 0.0021 0.9914 0.0044 0.0004 0.0008 0.0009 
         073 16 0.0005 0.9946 0.0016 0.0025 0.0005 0.0003 
         074 16 0.0022 0.9969 0.0002 0.0002 0.0003 0.0002 
         075 16 0.0147 0.9691 0.0135 0.0015 0.0004 0.0008 
         076 16 0.0003 0.9967 0.0011 0.0011 0.0004 0.0004 
         077 16 0.0017 0.8902 0.0152 0.0047 0.0294 0.0588 
         078 16 0.0004 0.9475 0.0504 0.0005 0.0003 0.0009 
         079 16 0.0032 0.9095 0.0825 0.0021 0.0017 0.0010 
         080 16 0.0006 0.9944 0.0030 0.0002 0.0006 0.0012 
         081 16 0.0180 0.9647 0.0034 0.0126 0.0009 0.0003 
         082 16 0.0006 0.9626 0.0163 0.0198 0.0005 0.0003 
         083 16 0.0005 0.9963 0.0004 0.0010 0.0006 0.0012 
         084 16 0.0011 0.9917 0.0020 0.0014 0.0027 0.0012 
         085 16 0.0006 0.9864 0.0011 0.0006 0.0014 0.0099 
         086 16 0.0031 0.8900 0.1033 0.0027 0.0004 0.0005 
         087 16 0.0090 0.9816 0.0069 0.0008 0.0014 0.0003 
         088 16 0.0006 0.9960 0.0005 0.0002 0.0004 0.0022 
         089 16 0.0018 0.9915 0.0010 0.0040 0.0009 0.0008 
         090 16 0.0010 0.9909 0.0050 0.0005 0.0020 0.0005 
         091 16 0.0082 0.9897 0.0004 0.0006 0.0006 0.0006 
         092 16 0.0005 0.9550 0.0429 0.0008 0.0005 0.0003 
         093 16 0.0006 0.9957 0.0012 0.0006 0.0015 0.0004 
         094 16 0.0004 0.9516 0.0054 0.0009 0.0045 0.0371 
         095 16 0.0004 0.9977 0.0004 0.0001 0.0010 0.0004 
         096 16 0.0005 0.9568 0.0009 0.0368 0.0004 0.0047 
         097 16 0.0010 0.9020 0.0101 0.0808 0.0033 0.0028 
         098 16 0.0002 0.9867 0.0012 0.0006 0.0072 0.0040 
         099 16 0.0005 0.9922 0.0005 0.0004 0.0007 0.0057 
         100 16 0.0008 0.9962 0.0006 0.0004 0.0006 0.0015 
         101 16 0.0003 0.9449 0.0501 0.0004 0.0004 0.0038 
         102 16 0.0005 0.9944 0.0017 0.0019 0.0005 0.0010 
         103 16 0.0070 0.9868 0.0007 0.0008 0.0026 0.0021 
         104 16 0.0002 0.9856 0.0099 0.0009 0.0003 0.0031 
         105 16 0.0024 0.8935 0.0794 0.0182 0.0025 0.0041 
         106 16 0.0021 0.9947 0.0009 0.0003 0.0005 0.0016 
         107 16 0.0002 0.9263 0.0244 0.0004 0.0440 0.0047 
         108 16 0.0320 0.6412 0.0973 0.0002 0.0664 0.1628 
         109 16 0.0107 0.9827 0.0039 0.0018 0.0004 0.0006 
         110 16 0.0002 0.9973 0.0003 0.0008 0.0003 0.0011 
         111 16 0.0006 0.9358 0.0621 0.0004 0.0005 0.0005 
         112 16 0.0007 0.9444 0.0520 0.0005 0.0010 0.0014 
         113 16 0.0026 0.9386 0.0536 0.0034 0.0004 0.0013 
         114 16 0.0004 0.9667 0.0265 0.0005 0.0047 0.0012 
         115 16 0.0002 0.9973 0.0004 0.0012 0.0004 0.0005 
         116 16 0.0004 0.9736 0.0239 0.0008 0.0004 0.0008 
         117 16 0.0321 0.9595 0.0031 0.0005 0.0041 0.0008 
         118 16 0.0004 0.9778 0.0092 0.0002 0.0009 0.0115 
         119 16 0.0045 0.9914 0.0013 0.0005 0.0011 0.0011 
         120 16 0.0022 0.9850 0.0003 0.0110 0.0010 0.0005 
         121 16 0.0017 0.9604 0.0005 0.0048 0.0003 0.0323 
         122 16 0.0004 0.9981 0.0003 0.0004 0.0004 0.0005 
         123 16 0.0011 0.9921 0.0030 0.0011 0.0022 0.0005 
         124 16 0.0030 0.9891 0.0059 0.0004 0.0003 0.0013 
         126 16 0.0005 0.8292 0.1656 0.0011 0.0021 0.0015 
         001 17 0.0005 0.9862 0.0006 0.0030 0.0090 0.0007 
         002 17 0.0025 0.9949 0.0016 0.0003 0.0004 0.0004 
         003 17 0.0006 0.9972 0.0003 0.0005 0.0009 0.0005 
         005 17 0.0003 0.9766 0.0002 0.0008 0.0218 0.0003 
         006 17 0.0347 0.9440 0.0008 0.0192 0.0009 0.0003 
         007 17 0.0037 0.8522 0.1145 0.0088 0.0032 0.0176 
         008 17 0.0008 0.8711 0.1112 0.0161 0.0005 0.0004 
         009 17 0.0003 0.9982 0.0002 0.0004 0.0005 0.0004 
         010 17 0.0008 0.9962 0.0005 0.0007 0.0007 0.0012 
         011 17 0.0003 0.4706 0.1493 0.0015 0.0016 0.3766 
         012 17 0.0004 0.9908 0.0060 0.0006 0.0007 0.0014 
         013 17 0.0002 0.9982 0.0003 0.0002 0.0006 0.0004 
         014 17 0.0008 0.9973 0.0002 0.0003 0.0012 0.0002 
         015 17 0.0003 0.9867 0.0015 0.0106 0.0006 0.0003 
         016 17 0.0003 0.9975 0.0007 0.0006 0.0004 0.0005 
         017 17 0.0010 0.9952 0.0009 0.0013 0.0006 0.0009 
         018 17 0.0012 0.9520 0.0281 0.0020 0.0162 0.0004 
         019 17 0.0002 0.9976 0.0008 0.0001 0.0006 0.0008 
         020 17 0.0004 0.9967 0.0010 0.0009 0.0002 0.0008 
         021 17 0.0003 0.9970 0.0002 0.0014 0.0003 0.0008 
         022 17 0.0007 0.9348 0.0438 0.0100 0.0095 0.0013 
         023 17 0.0020 0.9914 0.0034 0.0003 0.0023 0.0006 
         024 17 0.0083 0.9381 0.0180 0.0301 0.0013 0.0042 
         025 17 0.0005 0.9982 0.0004 0.0004 0.0003 0.0003 
         002 18 0.0014 0.9925 0.0002 0.0003 0.0038 0.0019 
         003 18 0.0004 0.9978 0.0002 0.0002 0.0003 0.0010 
         004 18 0.0010 0.9541 0.0407 0.0006 0.0030 0.0006 
         005 18 0.0018 0.9644 0.0035 0.0005 0.0006 0.0292 
