        001s  1 0.6212 0.0005 0.0046 0.0013 0.3716 0.0003 0.0005 
        002s  1 0.0588 0.0008 0.0067 0.0006 0.9306 0.0022 0.0005 
        003s  1 0.0041 0.0013 0.0019 0.0095 0.9805 0.0007 0.0019 
        004s  1 0.2328 0.0034 0.0025 0.0004 0.7341 0.0228 0.0040 
        005s  1 0.0115 0.0019 0.2204 0.0004 0.4544 0.1400 0.1714 
        006s  1 0.9925 0.0004 0.0007 0.0004 0.0044 0.0012 0.0004 
        007s  1 0.9674 0.0029 0.0022 0.0007 0.0235 0.0004 0.0029 
        008s  1 0.1497 0.0009 0.0499 0.0008 0.7940 0.0012 0.0035 
        009s  1 0.4813 0.0074 0.0124 0.0033 0.4494 0.0018 0.0444 
        010s  1 0.9816 0.0003 0.0023 0.0006 0.0060 0.0010 0.0082 
        011s  1 0.9026 0.0023 0.0757 0.0029 0.0133 0.0019 0.0013 
        012s  1 0.7688 0.0013 0.0075 0.0058 0.0954 0.0069 0.1143 
        013s  1 0.9048 0.0092 0.0164 0.0009 0.0544 0.0126 0.0017 
        014s  1 0.9227 0.0062 0.0019 0.0187 0.0213 0.0017 0.0275 
        015s  1 0.9765 0.0004 0.0163 0.0007 0.0052 0.0004 0.0005 
        016s  1 0.9437 0.0064 0.0005 0.0009 0.0435 0.0009 0.0041 
        018s  1 0.7760 0.0005 0.0444 0.0006 0.0383 0.0014 0.1387 
        019s  1 0.7735 0.0007 0.0186 0.0055 0.1854 0.0004 0.0158 
        020s  1 0.9710 0.0088 0.0039 0.0081 0.0074 0.0002 0.0006 
        021s  1 0.9637 0.0086 0.0010 0.0009 0.0190 0.0066 0.0003 
        022s  1 0.0074 0.0011 0.0008 0.0007 0.9895 0.0003 0.0002 
        023s  1 0.8988 0.0095 0.0019 0.0008 0.0883 0.0004 0.0003 
        024s  1 0.9804 0.0006 0.0088 0.0005 0.0064 0.0018 0.0015 
        025s  1 0.8453 0.0010 0.1399 0.0004 0.0043 0.0014 0.0076 
        026s  1 0.9721 0.0079 0.0050 0.0054 0.0082 0.0007 0.0007 
        027s  1 0.7836 0.0026 0.1741 0.0005 0.0249 0.0124 0.0018 
        028s  1 0.7398 0.0003 0.1500 0.0013 0.0150 0.0543 0.0392 
        029s  1 0.9789 0.0006 0.0016 0.0062 0.0107 0.0005 0.0013 
        030s  1 0.8968 0.0007 0.0888 0.0051 0.0029 0.0048 0.0009 
        031s  1 0.9348 0.0012 0.0025 0.0004 0.0607 0.0002 0.0003 
        032s  1 0.9849 0.0009 0.0075 0.0012 0.0041 0.0006 0.0008 
        033s  1 0.9614 0.0015 0.0242 0.0010 0.0089 0.0006 0.0024 
        034s  1 0.2345 0.0563 0.0575 0.0040 0.6454 0.0014 0.0009 
        035s  1 0.9877 0.0007 0.0024 0.0013 0.0041 0.0017 0.0021 
        036s  1 0.3692 0.0011 0.0035 0.0004 0.5325 0.0011 0.0922 
        037s  1 0.7750 0.0474 0.0062 0.0029 0.0569 0.0040 0.1075 
        038s  1 0.9612 0.0006 0.0163 0.0005 0.0196 0.0004 0.0014 
        039s  1 0.9186 0.0003 0.0598 0.0009 0.0145 0.0056 0.0003 
        040s  1 0.8442 0.0034 0.0263 0.0005 0.1211 0.0037 0.0008 
        041s  1 0.9808 0.0027 0.0049 0.0009 0.0079 0.0004 0.0025 
        042s  1 0.7663 0.0780 0.0038 0.0016 0.0703 0.0006 0.0795 
        043s  1 0.0035 0.0005 0.1066 0.0011 0.8859 0.0005 0.0019 
        044s  1 0.6988 0.0057 0.0235 0.0026 0.1851 0.0123 0.0719 
        045s  1 0.9856 0.0007 0.0008 0.0011 0.0023 0.0021 0.0073 
        046s  1 0.9601 0.0006 0.0064 0.0020 0.0291 0.0005 0.0012 
        047s  1 0.9817 0.0058 0.0067 0.0014 0.0033 0.0003 0.0008 
        048s  1 0.1572 0.0005 0.0234 0.0005 0.7863 0.0002 0.0319 
        049s  1 0.0095 0.0003 0.0022 0.0007 0.9854 0.0014 0.0005 
        050s  1 0.8539 0.0004 0.0017 0.0003 0.0443 0.0019 0.0976 
        051s  1 0.9657 0.0012 0.0026 0.0229 0.0068 0.0005 0.0004 
        052s  1 0.9414 0.0014 0.0024 0.0125 0.0262 0.0051 0.0110 
        053s  1 0.9910 0.0005 0.0033 0.0003 0.0031 0.0004 0.0014 
        054s  1 0.9873 0.0009 0.0024 0.0026 0.0040 0.0026 0.0002 
        055s  1 0.8218 0.0744 0.0261 0.0020 0.0033 0.0009 0.0716 
          01  2 0.8020 0.0015 0.0202 0.0286 0.0257 0.0007 0.1214 
          02  2 0.9587 0.0004 0.0246 0.0015 0.0031 0.0011 0.0106 
          03  2 0.9549 0.0013 0.0324 0.0005 0.0087 0.0007 0.0014 
          04  2 0.7662 0.0103 0.1645 0.0014 0.0363 0.0189 0.0025 
          05  2 0.0036 0.0004 0.0715 0.0002 0.8180 0.0003 0.1061 
          06  2 0.9321 0.0006 0.0270 0.0007 0.0117 0.0010 0.0270 
          07  2 0.7766 0.0005 0.0040 0.0006 0.2111 0.0021 0.0051 
          08  2 0.0310 0.0005 0.0286 0.0008 0.8632 0.0004 0.0754 
          09  2 0.9535 0.0004 0.0021 0.0075 0.0358 0.0003 0.0004 
          10  2 0.9697 0.0005 0.0161 0.0006 0.0105 0.0008 0.0018 
          11  2 0.8908 0.0031 0.0329 0.0095 0.0413 0.0007 0.0218 
          12  2 0.9801 0.0005 0.0020 0.0017 0.0147 0.0007 0.0004 
          13  2 0.7809 0.0004 0.0349 0.0009 0.1821 0.0003 0.0004 
          14  2 0.4766 0.0237 0.0502 0.0032 0.4386 0.0074 0.0003 
          15  2 0.7175 0.0016 0.0006 0.0015 0.2783 0.0003 0.0003 
          16  2 0.8974 0.0042 0.0187 0.0062 0.0144 0.0583 0.0007 
          17  2 0.8907 0.0017 0.0482 0.0009 0.0559 0.0009 0.0017 
          18  2 0.9747 0.0006 0.0092 0.0015 0.0023 0.0028 0.0089 
          19  2 0.9854 0.0035 0.0020 0.0020 0.0056 0.0003 0.0012 
          20  2 0.9115 0.0046 0.0005 0.0020 0.0114 0.0085 0.0614 
          21  2 0.9587 0.0004 0.0107 0.0205 0.0079 0.0003 0.0015 
          22  2 0.8464 0.0065 0.1315 0.0056 0.0032 0.0046 0.0021 
          23  2 0.9905 0.0019 0.0013 0.0010 0.0026 0.0015 0.0013 
          24  2 0.9852 0.0007 0.0080 0.0009 0.0041 0.0005 0.0005 
          25  2 0.8389 0.0015 0.0023 0.0020 0.1262 0.0233 0.0058 
          26  2 0.0010 0.0002 0.0007 0.0006 0.9967 0.0003 0.0005 
          27  2 0.9200 0.0024 0.0054 0.0013 0.0449 0.0252 0.0007 
          28  2 0.8667 0.0044 0.0075 0.0013 0.1187 0.0002 0.0011 
          29  2 0.9886 0.0003 0.0010 0.0009 0.0069 0.0011 0.0013 
          30  2 0.7431 0.0816 0.0043 0.0067 0.0134 0.0005 0.1504 
          01  3 0.2482 0.0248 0.4391 0.0004 0.0049 0.0434 0.2392 
          02  3 0.0999 0.0026 0.2679 0.0746 0.0019 0.3292 0.2240 
          03  3 0.0051 0.0013 0.1698 0.0003 0.2933 0.2653 0.2649 
          04  3 0.0092 0.0017 0.2919 0.0010 0.1286 0.2324 0.3352 
          05  3 0.0004 0.1213 0.2078 0.1139 0.0006 0.2974 0.2587 
          06  3 0.0448 0.0007 0.2985 0.0002 0.0150 0.3620 0.2787 
          07  3 0.0156 0.0008 0.1404 0.0015 0.2848 0.2194 0.3375 
          08  3 0.0751 0.0071 0.2297 0.0026 0.1580 0.2427 0.2848 
          09  3 0.0023 0.0015 0.1398 0.0001 0.2412 0.2327 0.3824 
          10  3 0.0142 0.1343 0.2034 0.2212 0.0124 0.3109 0.1037 
          11  3 0.0021 0.0006 0.1690 0.0002 0.2297 0.2467 0.3516 
          12  3 0.0010 0.0003 0.1686 0.0005 0.2248 0.2533 0.3515 
          13  3 0.0024 0.0003 0.3052 0.0115 0.0028 0.3697 0.3080 
          14  3 0.0015 0.1586 0.2241 0.0471 0.0026 0.3460 0.2202 
          15  3 0.0543 0.0024 0.2275 0.0003 0.2182 0.1972 0.3000 
          16  3 0.0668 0.0039 0.4075 0.0022 0.0147 0.3869 0.1180 
          17  3 0.2956 0.0006 0.1946 0.0009 0.0227 0.1226 0.3629 
          18  3 0.0032 0.2822 0.1711 0.1666 0.0027 0.2498 0.1244 
          19  3 0.1016 0.0072 0.3567 0.0006 0.0220 0.3083 0.2037 
          20  3 0.1029 0.0545 0.3060 0.0002 0.0310 0.1862 0.3191 
          21  3 0.0463 0.0110 0.3848 0.0013 0.1369 0.2131 0.2067 
          22  3 0.0016 0.0012 0.1909 0.0002 0.2359 0.1643 0.4060 
          23  3 0.1764 0.0009 0.3230 0.0004 0.0039 0.2210 0.2743 
          24  3 0.0094 0.0020 0.2223 0.1687 0.0294 0.1814 0.3867 
          25  3 0.0005 0.1329 0.2617 0.2500 0.0006 0.1705 0.1838 
          26  3 0.0024 0.0005 0.1884 0.0003 0.1774 0.2655 0.3656 
          27  3 0.0136 0.1821 0.2744 0.1377 0.0184 0.2355 0.1382 
          28  3 0.0281 0.0002 0.3675 0.0016 0.0393 0.2917 0.2716 
          29  3 0.0962 0.0125 0.3311 0.0017 0.0320 0.2608 0.2657 
          30  3 0.0365 0.0002 0.3117 0.0007 0.2123 0.1258 0.3128 
         001  4 0.0001 0.0001 0.0001 0.0001 0.0001 0.0001 0.9996 
         002  4 0.0002 0.0001 0.0007 0.0002 0.0002 0.0004 0.9982 
         003  4 0.0001 0.0001 0.0001 0.0001 0.0001 0.0001 0.9995 
         004  4 0.0001 0.0001 0.0001 0.0001 0.0001 0.0002 0.9993 
         005  4 0.0001 0.0001 0.0001 0.0003 0.0001 0.0002 0.9991 
         006  4 0.0003 0.0002 0.0244 0.0002 0.0004 0.0680 0.9066 
         007  4 0.0003 0.0003 0.0003 0.0001 0.0062 0.0623 0.9305 
         008  4 0.0003 0.0029 0.0004 0.0027 0.0010 0.0008 0.9919 
         009  4 0.0001 0.0001 0.0001 0.0001 0.0001 0.0002 0.9993 
         010  4 0.0001 0.0001 0.0001 0.0000 0.0001 0.0194 0.9802 
         011  4 0.0006 0.0121 0.0006 0.0003 0.0011 0.0391 0.9462 
         012  4 0.0001 0.0001 0.0001 0.0001 0.0001 0.0001 0.9995 
         013  4 0.0001 0.0000 0.0001 0.0001 0.0001 0.0001 0.9995 
         014  4 0.0002 0.0001 0.0002 0.0001 0.0001 0.0001 0.9992 
         015  4 0.0001 0.0000 0.0002 0.0001 0.0001 0.0001 0.9995 
         016  4 0.0001 0.0001 0.0001 0.0001 0.0001 0.0001 0.9995 
         017  4 0.0001 0.0001 0.0003 0.0001 0.0001 0.0002 0.9990 
         019  4 0.0002 0.0004 0.0041 0.0005 0.0002 0.0901 0.9045 
         020  4 0.0001 0.0001 0.0001 0.0002 0.0002 0.0001 0.9991 
         021  4 0.0002 0.0002 0.0002 0.0001 0.0002 0.0280 0.9710 
         001  5 0.0006 0.0330 0.0071 0.0017 0.0007 0.0005 0.9565 
         002  5 0.0087 0.0015 0.0262 0.0013 0.0184 0.0003 0.9436 
         003  5 0.1620 0.0031 0.0696 0.0002 0.0023 0.0482 0.7146 
         004  5 0.0352 0.0025 0.0038 0.0003 0.0222 0.0012 0.9348 
         005  5 0.0003 0.0005 0.0479 0.0001 0.0002 0.0004 0.9507 
         006  5 0.0004 0.0001 0.1146 0.0003 0.0004 0.0521 0.8322 
         007  5 0.0003 0.0002 0.0601 0.0002 0.0002 0.0627 0.8762 
         008  5 0.0002 0.0001 0.0633 0.0002 0.0001 0.0015 0.9346 
         009  5 0.0467 0.0015 0.0176 0.0001 0.0080 0.0061 0.9199 
         010  5 0.0023 0.0011 0.0797 0.0003 0.0012 0.0376 0.8778 
         011  5 0.0013 0.0020 0.0483 0.0002 0.0008 0.0004 0.9470 
         012  5 0.0287 0.0030 0.0236 0.0012 0.0136 0.0792 0.8507 
         013  5 0.1507 0.0006 0.1179 0.0007 0.0059 0.0106 0.7136 
         014  5 0.1566 0.0130 0.0480 0.0191 0.0022 0.0758 0.6852 
         015  5 0.0002 0.0001 0.0310 0.0002 0.0002 0.0228 0.9455 
         016  5 0.0025 0.0003 0.0300 0.0006 0.0008 0.0539 0.9119 
         017  5 0.0154 0.0003 0.0631 0.0038 0.0078 0.0658 0.8438 
         018  5 0.0090 0.0297 0.0717 0.0313 0.0087 0.0091 0.8405 
         019  5 0.0005 0.0015 0.0007 0.0086 0.0004 0.0002 0.9880 
         020  5 0.0001 0.0001 0.0002 0.0001 0.0002 0.0001 0.9991 
         021  5 0.1081 0.0024 0.0026 0.0003 0.0323 0.0005 0.8538 
         022  5 0.0213 0.0300 0.0032 0.0021 0.0039 0.0177 0.9219 
         023  5 0.0008 0.0016 0.0605 0.0003 0.0008 0.0076 0.9283 
         024  5 0.0257 0.0005 0.0030 0.0003 0.0075 0.0731 0.8899 
         025  5 0.0122 0.0005 0.0284 0.0011 0.0156 0.0686 0.8734 
         026  5 0.1215 0.0003 0.0211 0.0005 0.0124 0.0162 0.8280 
         027  5 0.0002 0.0001 0.0002 0.0002 0.0001 0.0005 0.9987 
         028  5 0.0077 0.0076 0.0129 0.0012 0.0039 0.0530 0.9136 
         029  5 0.0003 0.0002 0.0269 0.0002 0.0004 0.0016 0.9704 
         030  5 0.0006 0.0010 0.0254 0.0050 0.0006 0.0009 0.9665 
        001s  6 0.7846 0.0142 0.0164 0.0013 0.1655 0.0170 0.0010 
        002s  6 0.9312 0.0008 0.0039 0.0193 0.0108 0.0005 0.0335 
        003s  6 0.8223 0.0025 0.0088 0.0004 0.1550 0.0004 0.0106 
        004s  6 0.9882 0.0005 0.0010 0.0004 0.0093 0.0002 0.0004 
        006s  6 0.8826 0.0098 0.0225 0.0017 0.0058 0.0186 0.0591 
        007s  6 0.9894 0.0004 0.0019 0.0010 0.0042 0.0027 0.0006 
        008s  6 0.9725 0.0060 0.0019 0.0033 0.0117 0.0004 0.0042 
        009s  6 0.9894 0.0007 0.0031 0.0009 0.0054 0.0004 0.0003 
        010s  6 0.9334 0.0104 0.0205 0.0072 0.0025 0.0058 0.0202 
        011s  6 0.9802 0.0014 0.0137 0.0002 0.0027 0.0012 0.0005 
        012s  6 0.9852 0.0018 0.0019 0.0026 0.0057 0.0022 0.0005 
        013s  6 0.9920 0.0003 0.0011 0.0005 0.0043 0.0008 0.0010 
        014s  6 0.4336 0.0003 0.0077 0.0003 0.4978 0.0002 0.0601 
        015s  6 0.9601 0.0069 0.0069 0.0011 0.0016 0.0121 0.0113 
        016s  6 0.9015 0.0013 0.0008 0.0005 0.0944 0.0011 0.0004 
        018s  6 0.6763 0.0021 0.0796 0.0007 0.0088 0.0006 0.2321 
        019s  6 0.7538 0.0019 0.1548 0.0006 0.0818 0.0011 0.0061 
        020s  6 0.8615 0.0005 0.1004 0.0008 0.0359 0.0007 0.0002 
        021s  6 0.9664 0.0027 0.0146 0.0014 0.0046 0.0096 0.0008 
        022s  6 0.9583 0.0039 0.0020 0.0004 0.0342 0.0003 0.0009 
        023s  6 0.1740 0.0008 0.1019 0.0004 0.7097 0.0004 0.0128 
        024s  6 0.8583 0.0005 0.0858 0.0013 0.0104 0.0021 0.0417 
        025s  6 0.9075 0.0693 0.0034 0.0004 0.0180 0.0005 0.0009 
        026s  6 0.9733 0.0005 0.0009 0.0018 0.0226 0.0005 0.0004 
        027s  6 0.9792 0.0004 0.0026 0.0010 0.0149 0.0007 0.0012 
        028s  6 0.9163 0.0083 0.0150 0.0453 0.0019 0.0053 0.0078 
        029s  6 0.9539 0.0018 0.0388 0.0017 0.0030 0.0004 0.0003 
        030s  6 0.9139 0.0060 0.0027 0.0016 0.0074 0.0007 0.0678 
        031s  6 0.3038 0.0003 0.0031 0.0002 0.6874 0.0032 0.0020 
        032s  6 0.9602 0.0007 0.0335 0.0004 0.0027 0.0007 0.0017 
        033s  6 0.9067 0.0006 0.0016 0.0007 0.0035 0.0002 0.0867 
        034s  6 0.9678 0.0117 0.0020 0.0003 0.0117 0.0043 0.0022 
        035s  6 0.0013 0.0005 0.0007 0.0007 0.8690 0.0004 0.1275 
        036s  6 0.9769 0.0014 0.0141 0.0003 0.0029 0.0039 0.0006 
        037s  6 0.9902 0.0014 0.0016 0.0019 0.0035 0.0006 0.0009 
        038s  6 0.8553 0.0005 0.0036 0.0016 0.1365 0.0019 0.0006 
        039s  6 0.9833 0.0005 0.0116 0.0007 0.0033 0.0003 0.0003 
        040s  6 0.8660 0.0004 0.0060 0.0003 0.1246 0.0024 0.0002 
        041s  6 0.0805 0.0039 0.0722 0.0029 0.7834 0.0002 0.0569 
        042s  6 0.8976 0.0517 0.0172 0.0042 0.0162 0.0011 0.0122 
        043s  6 0.9805 0.0084 0.0061 0.0003 0.0025 0.0013 0.0008 
        044s  6 0.7913 0.0006 0.0009 0.0032 0.2029 0.0004 0.0007 
        045s  6 0.9750 0.0023 0.0031 0.0006 0.0147 0.0004 0.0040 
        001s  7 0.0433 0.0010 0.0011 0.0003 0.9532 0.0003 0.0007 
        002s  7 0.4963 0.0016 0.0045 0.0018 0.4833 0.0007 0.0118 
        003s  7 0.0046 0.0007 0.0019 0.0015 0.9888 0.0013 0.0012 
        004s  7 0.9642 0.0007 0.0059 0.0008 0.0240 0.0035 0.0008 
        005s  7 0.9544 0.0013 0.0048 0.0006 0.0224 0.0021 0.0144 
        006s  7 0.8870 0.0049 0.0438 0.0004 0.0036 0.0008 0.0595 
        007s  7 0.9573 0.0014 0.0016 0.0185 0.0062 0.0073 0.0076 
        008s  7 0.0044 0.0011 0.0020 0.0026 0.9829 0.0004 0.0066 
        009s  7 0.9659 0.0109 0.0019 0.0006 0.0163 0.0017 0.0026 
        010s  7 0.0017 0.0011 0.0006 0.0006 0.9950 0.0002 0.0008 
        011s  7 0.9892 0.0009 0.0009 0.0010 0.0070 0.0005 0.0004 
        012s  7 0.9924 0.0005 0.0010 0.0005 0.0043 0.0008 0.0006 
        013s  7 0.9810 0.0042 0.0018 0.0007 0.0054 0.0066 0.0003 
        014s  7 0.3432 0.0003 0.0020 0.0006 0.6131 0.0005 0.0403 
        015s  7 0.9436 0.0010 0.0270 0.0014 0.0051 0.0015 0.0204 
        016s  7 0.0005 0.0010 0.0002 0.0003 0.9111 0.0002 0.0868 
        017s  7 0.9578 0.0007 0.0260 0.0003 0.0131 0.0010 0.0013 
        018s  7 0.8046 0.0008 0.1864 0.0034 0.0025 0.0005 0.0019 
        019s  7 0.9751 0.0093 0.0021 0.0031 0.0077 0.0010 0.0017 
        020s  7 0.9800 0.0004 0.0059 0.0003 0.0115 0.0013 0.0007 
        021s  7 0.9581 0.0007 0.0346 0.0013 0.0032 0.0004 0.0017 
        022s  7 0.9886 0.0006 0.0016 0.0004 0.0031 0.0031 0.0026 
        023s  7 0.9020 0.0188 0.0335 0.0013 0.0366 0.0012 0.0066 
        024s  7 0.9820 0.0006 0.0097 0.0017 0.0037 0.0005 0.0017 
        025s  7 0.9853 0.0008 0.0045 0.0013 0.0050 0.0021 0.0009 
        026s  7 0.0046 0.0010 0.0013 0.0009 0.9909 0.0003 0.0010 
        027s  7 0.4127 0.0010 0.0061 0.0012 0.5768 0.0007 0.0014 
        028s  7 0.8857 0.0004 0.1030 0.0002 0.0065 0.0003 0.0040 
        029s  7 0.8963 0.0020 0.0320 0.0007 0.0594 0.0007 0.0088 
        030s  7 0.8736 0.0038 0.0007 0.0039 0.1169 0.0008 0.0003 
        031s  7 0.9628 0.0104 0.0118 0.0004 0.0111 0.0013 0.0020 
        032s  7 0.8755 0.0005 0.0186 0.0043 0.0020 0.0004 0.0989 
        033s  7 0.9492 0.0019 0.0044 0.0035 0.0029 0.0007 0.0373 
        034s  7 0.9291 0.0004 0.0331 0.0007 0.0045 0.0308 0.0013 
        035s  7 0.9932 0.0009 0.0013 0.0005 0.0035 0.0003 0.0004 
        036s  7 0.9070 0.0066 0.0195 0.0006 0.0626 0.0031 0.0006 
        037s  7 0.8320 0.0057 0.1342 0.0005 0.0040 0.0021 0.0213 
        038s  7 0.9257 0.0017 0.0647 0.0012 0.0029 0.0005 0.0034 
        039s  7 0.6653 0.0003 0.0525 0.0003 0.2811 0.0002 0.0003 
        040s  7 0.0007 0.0007 0.0012 0.0004 0.9705 0.0232 0.0034 
        041s  7 0.7205 0.0017 0.0185 0.0013 0.2409 0.0003 0.0169 
        042s  7 0.0094 0.0004 0.0016 0.0003 0.9848 0.0005 0.0031 
        043s  7 0.9777 0.0026 0.0013 0.0005 0.0164 0.0003 0.0012 
        044s  7 0.8696 0.0225 0.0503 0.0016 0.0031 0.0087 0.0442 
         003  8 0.9334 0.0006 0.0373 0.0144 0.0032 0.0019 0.0091 
         009  8 0.9886 0.0011 0.0011 0.0005 0.0069 0.0005 0.0012 
         010  8 0.9863 0.0017 0.0057 0.0004 0.0051 0.0003 0.0005 
         017  8 0.9740 0.0031 0.0176 0.0013 0.0026 0.0004 0.0010 
         002  9 0.9888 0.0007 0.0008 0.0004 0.0079 0.0008 0.0005 
         003  9 0.9911 0.0003 0.0003 0.0003 0.0073 0.0005 0.0002 
         004  9 0.9851 0.0013 0.0038 0.0004 0.0089 0.0002 0.0003 
         005  9 0.9890 0.0032 0.0016 0.0011 0.0035 0.0012 0.0004 
         006  9 0.9920 0.0015 0.0007 0.0006 0.0030 0.0009 0.0013 
         007  9 0.9612 0.0011 0.0257 0.0012 0.0062 0.0004 0.0042 
         009  9 0.9829 0.0016 0.0015 0.0011 0.0116 0.0003 0.0012 
         010  9 0.9922 0.0014 0.0013 0.0018 0.0026 0.0004 0.0003 
         013  9 0.9642 0.0014 0.0090 0.0003 0.0226 0.0012 0.0013 
         014  9 0.9783 0.0023 0.0017 0.0061 0.0110 0.0002 0.0004 
         016  9 0.9915 0.0004 0.0007 0.0011 0.0058 0.0002 0.0002 
         018  9 0.9898 0.0011 0.0012 0.0039 0.0027 0.0007 0.0006 
         019  9 0.9870 0.0006 0.0026 0.0052 0.0032 0.0007 0.0007 
         020  9 0.9960 0.0003 0.0012 0.0005 0.0013 0.0003 0.0004 
         021  9 0.9899 0.0010 0.0030 0.0003 0.0053 0.0002 0.0003 
         022  9 0.9866 0.0005 0.0010 0.0014 0.0099 0.0004 0.0002 
         024  9 0.9783 0.0042 0.0040 0.0019 0.0107 0.0004 0.0004 
         028  9 0.9842 0.0013 0.0050 0.0005 0.0076 0.0008 0.0005 
         029  9 0.9911 0.0006 0.0022 0.0014 0.0040 0.0004 0.0004 
         030  9 0.9861 0.0009 0.0089 0.0008 0.0028 0.0003 0.0003 
         031  9 0.9841 0.0004 0.0016 0.0010 0.0111 0.0004 0.0012 
         033  9 0.9767 0.0010 0.0021 0.0007 0.0140 0.0003 0.0053 
         001 10 0.9883 0.0003 0.0009 0.0011 0.0085 0.0005 0.0004 
         002 10 0.9722 0.0007 0.0124 0.0013 0.0127 0.0002 0.0005 
         003 10 0.9825 0.0121 0.0023 0.0004 0.0019 0.0005 0.0003 
         004 10 0.9049 0.0020 0.0014 0.0004 0.0907 0.0003 0.0003 
         005 10 0.9825 0.0007 0.0082 0.0015 0.0064 0.0004 0.0004 
         006 10 0.9941 0.0005 0.0012 0.0005 0.0025 0.0003 0.0009 
         007 10 0.9862 0.0024 0.0014 0.0004 0.0087 0.0004 0.0005 
         008 10 0.9623 0.0049 0.0284 0.0009 0.0023 0.0006 0.0006 
         009 10 0.9886 0.0006 0.0008 0.0031 0.0055 0.0009 0.0006 
         010 10 0.9583 0.0009 0.0037 0.0023 0.0337 0.0004 0.0008 
         011 10 0.9509 0.0341 0.0028 0.0003 0.0104 0.0009 0.0005 
         012 10 0.9891 0.0030 0.0019 0.0004 0.0044 0.0008 0.0005 
         013 10 0.9926 0.0006 0.0012 0.0009 0.0026 0.0019 0.0003 
         014 10 0.7366 0.0011 0.0094 0.0009 0.2507 0.0011 0.0004 
         016 10 0.9823 0.0010 0.0076 0.0015 0.0066 0.0006 0.0004 
         017 10 0.9933 0.0007 0.0008 0.0012 0.0028 0.0006 0.0005 
         018 10 0.9858 0.0006 0.0022 0.0024 0.0038 0.0003 0.0048 
         019 10 0.9865 0.0012 0.0025 0.0050 0.0040 0.0003 0.0005 
         020 10 0.9622 0.0013 0.0168 0.0055 0.0128 0.0006 0.0008 
         021 10 0.9605 0.0003 0.0026 0.0024 0.0333 0.0003 0.0007 
         022 10 0.9508 0.0008 0.0026 0.0003 0.0445 0.0006 0.0004 
         023 10 0.9905 0.0007 0.0044 0.0004 0.0032 0.0005 0.0002 
         024 10 0.9900 0.0019 0.0019 0.0015 0.0041 0.0002 0.0004 
         026 10 0.9956 0.0006 0.0008 0.0005 0.0016 0.0004 0.0005 
        001s 11 0.6920 0.0119 0.0009 0.0008 0.1988 0.0005 0.0951 
        002s 11 0.9727 0.0013 0.0014 0.0029 0.0154 0.0058 0.0006 
        003s 11 0.8819 0.0004 0.0877 0.0011 0.0222 0.0005 0.0063 
        004s 11 0.9852 0.0014 0.0026 0.0003 0.0089 0.0013 0.0004 
        005s 11 0.8889 0.0003 0.0234 0.0069 0.0783 0.0006 0.0016 
        006s 11 0.9169 0.0016 0.0462 0.0018 0.0286 0.0039 0.0009 
        007s 11 0.8371 0.0010 0.0044 0.0013 0.1111 0.0355 0.0096 
        008s 11 0.9689 0.0005 0.0241 0.0004 0.0051 0.0004 0.0006 
        009s 11 0.9406 0.0004 0.0430 0.0131 0.0022 0.0003 0.0004 
        010s 11 0.8326 0.0009 0.0020 0.0005 0.1626 0.0003 0.0011 
        011s 11 0.0084 0.0096 0.0216 0.0004 0.8534 0.0068 0.0999 
        012s 11 0.7544 0.0003 0.1316 0.0008 0.0128 0.0004 0.0997 
        013s 11 0.7186 0.0009 0.0028 0.0002 0.2755 0.0008 0.0012 
        014s 11 0.0313 0.0008 0.0205 0.0016 0.9406 0.0033 0.0018 
        015s 11 0.9472 0.0059 0.0168 0.0013 0.0252 0.0017 0.0018 
        016s 11 0.5445 0.0578 0.0167 0.0049 0.3319 0.0004 0.0440 
        017s 11 0.7323 0.0025 0.1747 0.0009 0.0039 0.0008 0.0848 
        018s 11 0.0102 0.0009 0.0031 0.0018 0.9793 0.0008 0.0038 
        019s 11 0.9477 0.0253 0.0172 0.0003 0.0082 0.0008 0.0004 
        020s 11 0.1521 0.0015 0.0173 0.0036 0.8230 0.0018 0.0008 
        021s 11 0.9944 0.0008 0.0016 0.0004 0.0018 0.0004 0.0006 
        022s 11 0.9352 0.0005 0.0149 0.0005 0.0163 0.0300 0.0027 
        023s 11 0.0402 0.0212 0.0007 0.0003 0.9120 0.0003 0.0254 
        025s 11 0.9851 0.0010 0.0050 0.0002 0.0078 0.0004 0.0004 
        026s 11 0.9045 0.0475 0.0043 0.0005 0.0022 0.0009 0.0402 
        027s 11 0.9785 0.0004 0.0134 0.0003 0.0039 0.0027 0.0008 
        028s 11 0.9872 0.0010 0.0013 0.0003 0.0039 0.0008 0.0057 
        029s 11 0.9487 0.0003 0.0099 0.0015 0.0025 0.0002 0.0368 
        030s 11 0.7938 0.0009 0.1612 0.0009 0.0008 0.0015 0.0409 
        031s 11 0.9876 0.0003 0.0008 0.0008 0.0084 0.0017 0.0004 
        032s 11 0.9224 0.0021 0.0053 0.0006 0.0681 0.0003 0.0012 
        033s 11 0.8713 0.0011 0.0020 0.0013 0.1211 0.0006 0.0027 
        034s 11 0.0534 0.0004 0.0008 0.0005 0.9427 0.0010 0.0011 
        035s 11 0.3601 0.0003 0.0258 0.0017 0.6080 0.0022 0.0017 
        036s 11 0.8052 0.0005 0.1653 0.0017 0.0144 0.0009 0.0120 
        037s 11 0.0111 0.0012 0.0604 0.0011 0.9252 0.0003 0.0007 
        038s 11 0.6303 0.0007 0.0346 0.0009 0.3322 0.0004 0.0009 
        039s 11 0.9525 0.0008 0.0372 0.0004 0.0074 0.0004 0.0013 
        040s 11 0.8144 0.0006 0.1301 0.0006 0.0037 0.0020 0.0487 
        041s 11 0.9687 0.0030 0.0022 0.0187 0.0051 0.0013 0.0010 
        042s 11 0.4945 0.0096 0.0017 0.0011 0.4921 0.0007 0.0003 
        043s 11 0.9315 0.0219 0.0225 0.0005 0.0077 0.0003 0.0156 
        044s 11 0.9522 0.0037 0.0105 0.0008 0.0231 0.0092 0.0005 
        045s 11 0.9387 0.0108 0.0281 0.0003 0.0201 0.0015 0.0004 
        046s 11 0.0674 0.0347 0.0675 0.0007 0.8034 0.0040 0.0224 
        047s 11 0.8620 0.0012 0.1319 0.0005 0.0024 0.0014 0.0006 
        048s 11 0.9512 0.0363 0.0045 0.0021 0.0014 0.0013 0.0032 
        049s 11 0.9862 0.0011 0.0030 0.0012 0.0061 0.0004 0.0020 
        050s 11 0.9857 0.0014 0.0039 0.0003 0.0044 0.0039 0.0003 
        051s 11 0.9009 0.0509 0.0078 0.0005 0.0159 0.0235 0.0005 
        052s 11 0.0532 0.0023 0.0022 0.0009 0.9376 0.0024 0.0014 
        053s 11 0.9841 0.0009 0.0049 0.0013 0.0081 0.0003 0.0004 
        054s 11 0.9822 0.0004 0.0042 0.0006 0.0077 0.0039 0.0009 
        055s 11 0.0071 0.0004 0.0429 0.0002 0.9303 0.0007 0.0184 
        001s 12 0.9755 0.0011 0.0049 0.0012 0.0135 0.0023 0.0015 
        002s 12 0.9901 0.0006 0.0035 0.0024 0.0021 0.0005 0.0008 
        003s 12 0.9875 0.0003 0.0012 0.0007 0.0092 0.0006 0.0005 
        004s 12 0.8789 0.0037 0.0468 0.0021 0.0027 0.0005 0.0653 
        005s 12 0.3585 0.0007 0.0012 0.0016 0.6371 0.0005 0.0004 
        006s 12 0.8788 0.0015 0.0560 0.0008 0.0359 0.0037 0.0233 
        007s 12 0.9556 0.0018 0.0339 0.0031 0.0031 0.0019 0.0007 
        008s 12 0.9431 0.0004 0.0478 0.0006 0.0041 0.0004 0.0037 
        009s 12 0.9143 0.0047 0.0301 0.0169 0.0203 0.0017 0.0119 
        010s 12 0.9360 0.0004 0.0050 0.0012 0.0201 0.0295 0.0078 
        011s 12 0.9813 0.0010 0.0017 0.0011 0.0115 0.0021 0.0013 
        012s 12 0.9163 0.0033 0.0701 0.0004 0.0029 0.0062 0.0009 
        013s 12 0.9066 0.0373 0.0514 0.0007 0.0026 0.0003 0.0011 
        014s 12 0.2973 0.0444 0.0352 0.0058 0.5738 0.0420 0.0015 
        015s 12 0.9851 0.0010 0.0037 0.0014 0.0042 0.0005 0.0040 
        016s 12 0.9895 0.0038 0.0027 0.0005 0.0020 0.0008 0.0008 
        017s 12 0.9344 0.0009 0.0096 0.0003 0.0482 0.0011 0.0056 
        018s 12 0.8250 0.0018 0.1601 0.0024 0.0095 0.0003 0.0010 
        019s 12 0.9598 0.0004 0.0019 0.0024 0.0291 0.0005 0.0059 
        020s 12 0.8824 0.0008 0.0286 0.0002 0.0124 0.0003 0.0753 
        021s 12 0.9321 0.0023 0.0566 0.0005 0.0046 0.0004 0.0035 
        022s 12 0.9145 0.0031 0.0116 0.0028 0.0417 0.0005 0.0258 
        023s 12 0.9804 0.0013 0.0011 0.0008 0.0155 0.0003 0.0005 
        024s 12 0.3883 0.0007 0.0994 0.0002 0.5107 0.0002 0.0004 
        025s 12 0.9685 0.0014 0.0184 0.0041 0.0043 0.0015 0.0019 
        026s 12 0.8898 0.0008 0.0013 0.0136 0.0629 0.0009 0.0307 
        027s 12 0.9848 0.0005 0.0056 0.0004 0.0060 0.0006 0.0021 
        028s 12 0.0057 0.0028 0.0005 0.0150 0.9745 0.0004 0.0012 
        029s 12 0.6703 0.0012 0.0035 0.0004 0.3235 0.0007 0.0004 
        030s 12 0.9764 0.0006 0.0127 0.0003 0.0076 0.0017 0.0006 
        031s 12 0.9823 0.0031 0.0050 0.0009 0.0046 0.0006 0.0035 
        032s 12 0.0518 0.0007 0.0004 0.0094 0.9368 0.0004 0.0005 
        033s 12 0.9801 0.0004 0.0067 0.0004 0.0081 0.0029 0.0014 
        034s 12 0.0129 0.0003 0.0015 0.0006 0.9840 0.0003 0.0003 
        035s 12 0.9090 0.0003 0.0016 0.0006 0.0777 0.0011 0.0096 
        036s 12 0.9079 0.0007 0.0170 0.0033 0.0636 0.0041 0.0034 
        037s 12 0.9517 0.0010 0.0417 0.0011 0.0031 0.0003 0.0011 
        001s 13 0.9657 0.0017 0.0021 0.0010 0.0138 0.0006 0.0152 
        002s 13 0.0191 0.0008 0.0106 0.0003 0.9069 0.0005 0.0618 
        003s 13 0.9803 0.0009 0.0120 0.0007 0.0052 0.0003 0.0006 
        004s 13 0.9737 0.0032 0.0058 0.0092 0.0068 0.0007 0.0007 
        005s 13 0.9796 0.0018 0.0052 0.0021 0.0045 0.0036 0.0033 
        006s 13 0.9796 0.0004 0.0139 0.0009 0.0034 0.0013 0.0005 
        007s 13 0.9620 0.0012 0.0022 0.0005 0.0054 0.0278 0.0008 
        008s 13 0.9343 0.0006 0.0045 0.0028 0.0017 0.0012 0.0548 
        009s 13 0.8059 0.0008 0.0541 0.0113 0.0020 0.0011 0.1248 
        010s 13 0.7720 0.0006 0.1657 0.0010 0.0029 0.0005 0.0573 
        011s 13 0.7927 0.0030 0.0161 0.0075 0.1561 0.0202 0.0044 
        012s 13 0.7442 0.0099 0.1817 0.0023 0.0188 0.0016 0.0416 
        013s 13 0.1886 0.0052 0.0395 0.0006 0.7252 0.0265 0.0144 
        014s 13 0.8632 0.0028 0.1158 0.0015 0.0016 0.0148 0.0003 
        015s 13 0.9439 0.0064 0.0040 0.0088 0.0283 0.0010 0.0076 
        016s 13 0.9937 0.0009 0.0015 0.0007 0.0026 0.0002 0.0004 
        017s 13 0.9214 0.0004 0.0487 0.0031 0.0199 0.0030 0.0034 
        018s 13 0.9824 0.0008 0.0017 0.0006 0.0136 0.0003 0.0006 
        019s 13 0.9227 0.0007 0.0402 0.0004 0.0346 0.0009 0.0005 
        020s 13 0.0129 0.0003 0.0023 0.0026 0.9787 0.0022 0.0009 
        021s 13 0.9848 0.0009 0.0031 0.0005 0.0089 0.0005 0.0013 
        022s 13 0.9680 0.0010 0.0265 0.0004 0.0026 0.0005 0.0012 
        023s 13 0.9647 0.0004 0.0022 0.0005 0.0312 0.0002 0.0007 
        024s 13 0.9213 0.0356 0.0034 0.0008 0.0017 0.0032 0.0340 
        025s 13 0.9898 0.0016 0.0037 0.0007 0.0031 0.0005 0.0007 
        026s 13 0.7237 0.0078 0.1952 0.0005 0.0023 0.0012 0.0693 
        027s 13 0.9285 0.0014 0.0138 0.0038 0.0024 0.0011 0.0488 
        028s 13 0.4580 0.0023 0.0257 0.0087 0.4982 0.0029 0.0042 
        029s 13 0.0173 0.0014 0.0676 0.0006 0.8994 0.0014 0.0123 
        030s 13 0.2261 0.0257 0.0346 0.0003 0.6477 0.0005 0.0651 
        031s 13 0.8839 0.1003 0.0011 0.0008 0.0060 0.0035 0.0044 
        032s 13 0.9807 0.0004 0.0015 0.0006 0.0102 0.0061 0.0005 
        033s 13 0.9331 0.0010 0.0464 0.0010 0.0036 0.0137 0.0012 
        034s 13 0.0063 0.0010 0.0007 0.0011 0.9394 0.0149 0.0365 
        035s 13 0.7652 0.0046 0.0104 0.0020 0.2164 0.0007 0.0006 
        036s 13 0.8212 0.0003 0.0182 0.0007 0.1566 0.0005 0.0025 
        037s 13 0.9721 0.0018 0.0120 0.0008 0.0124 0.0005 0.0004 
        038s 13 0.4260 0.0010 0.0161 0.0017 0.5535 0.0010 0.0007 
        039s 13 0.8033 0.0748 0.0015 0.0009 0.0182 0.0010 0.1002 
        040s 13 0.9785 0.0014 0.0129 0.0004 0.0047 0.0008 0.0013 
        041s 13 0.8717 0.0017 0.0573 0.0002 0.0045 0.0067 0.0578 
        042s 13 0.0050 0.0011 0.0005 0.0004 0.9917 0.0012 0.0002 
        001s 14 0.0758 0.0008 0.0813 0.0021 0.8237 0.0011 0.0151 
        002s 14 0.9223 0.0012 0.0023 0.0027 0.0073 0.0020 0.0622 
        003s 14 0.0017 0.0007 0.0016 0.0004 0.9949 0.0003 0.0004 
        004s 14 0.9593 0.0037 0.0079 0.0007 0.0050 0.0118 0.0115 
        005s 14 0.7624 0.0006 0.0028 0.0007 0.2330 0.0002 0.0004 
        006s 14 0.9762 0.0003 0.0065 0.0004 0.0156 0.0004 0.0005 
        007s 14 0.9833 0.0008 0.0011 0.0004 0.0130 0.0009 0.0005 
        008s 14 0.0047 0.0010 0.0407 0.0111 0.8392 0.0064 0.0969 
        009s 14 0.9636 0.0009 0.0023 0.0060 0.0250 0.0006 0.0017 
        010s 14 0.4049 0.0009 0.0712 0.0161 0.4510 0.0005 0.0554 
        011s 14 0.4771 0.0005 0.0671 0.0006 0.4459 0.0069 0.0020 
        012s 14 0.0096 0.0016 0.0169 0.0015 0.9685 0.0015 0.0004 
        013s 14 0.8838 0.0048 0.0222 0.0008 0.0834 0.0039 0.0011 
        014s 14 0.8406 0.0004 0.1039 0.0067 0.0034 0.0005 0.0446 
        015s 14 0.9427 0.0019 0.0297 0.0080 0.0165 0.0006 0.0006 
        016s 14 0.9873 0.0080 0.0014 0.0004 0.0017 0.0002 0.0011 
        017s 14 0.8666 0.0004 0.0553 0.0007 0.0068 0.0085 0.0616 
        018s 14 0.9520 0.0008 0.0400 0.0009 0.0053 0.0004 0.0007 
        019s 14 0.9876 0.0006 0.0046 0.0003 0.0043 0.0014 0.0012 
        020s 14 0.0810 0.0011 0.0012 0.0084 0.9074 0.0002 0.0006 
        021s 14 0.9810 0.0007 0.0013 0.0090 0.0030 0.0003 0.0047 
        022s 14 0.8745 0.0016 0.1061 0.0017 0.0086 0.0033 0.0041 
        023s 14 0.9545 0.0033 0.0109 0.0026 0.0166 0.0014 0.0108 
        024s 14 0.5628 0.0016 0.0684 0.0034 0.3170 0.0010 0.0457 
        025s 14 0.7957 0.0004 0.0023 0.0003 0.1295 0.0003 0.0715 
        026s 14 0.9898 0.0010 0.0016 0.0016 0.0054 0.0003 0.0005 
        027s 14 0.9000 0.0030 0.0427 0.0006 0.0507 0.0005 0.0024 
        028s 14 0.9460 0.0006 0.0147 0.0028 0.0335 0.0019 0.0004 
        029s 14 0.9878 0.0011 0.0007 0.0008 0.0088 0.0004 0.0005 
        030s 14 0.8177 0.0005 0.1247 0.0005 0.0497 0.0062 0.0006 
        031s 14 0.7585 0.0012 0.0004 0.0005 0.2167 0.0221 0.0007 
        032s 14 0.5212 0.0027 0.0783 0.0004 0.3947 0.0015 0.0012 
        033s 14 0.5416 0.0005 0.0013 0.0010 0.4065 0.0487 0.0004 
        034s 14 0.9899 0.0006 0.0065 0.0005 0.0020 0.0002 0.0003 
        035s 14 0.6629 0.0009 0.1698 0.0005 0.0266 0.0668 0.0724 
        036s 14 0.0053 0.0067 0.0141 0.0024 0.8859 0.0240 0.0616 
        037s 14 0.9448 0.0028 0.0129 0.0009 0.0367 0.0004 0.0016 
        038s 14 0.8933 0.0004 0.0873 0.0008 0.0171 0.0006 0.0007 
        039s 14 0.9692 0.0047 0.0109 0.0024 0.0096 0.0018 0.0014 
        040s 14 0.9451 0.0007 0.0279 0.0003 0.0089 0.0008 0.0164 
        041s 14 0.4969 0.0008 0.1276 0.0006 0.3714 0.0020 0.0009 
        042s 14 0.9121 0.0012 0.0008 0.0008 0.0137 0.0004 0.0710 
        001s 15 0.4523 0.0011 0.0060 0.0008 0.5386 0.0004 0.0008 
        002s 15 0.6916 0.0147 0.0787 0.0086 0.1046 0.0029 0.0989 
        003s 15 0.9685 0.0062 0.0118 0.0008 0.0038 0.0003 0.0086 
        004s 15 0.9777 0.0002 0.0097 0.0085 0.0025 0.0005 0.0009 
        005s 15 0.9533 0.0047 0.0241 0.0007 0.0042 0.0011 0.0118 
        006s 15 0.9349 0.0010 0.0362 0.0009 0.0066 0.0022 0.0183 
        007s 15 0.9680 0.0005 0.0073 0.0012 0.0224 0.0004 0.0003 
        008s 15 0.9277 0.0006 0.0500 0.0007 0.0200 0.0004 0.0006 
        009s 15 0.7649 0.0376 0.1847 0.0007 0.0013 0.0015 0.0093 
        010s 15 0.0374 0.0019 0.0011 0.0004 0.9586 0.0003 0.0004 
        011s 15 0.7760 0.0010 0.1758 0.0002 0.0079 0.0386 0.0005 
        012s 15 0.9628 0.0024 0.0274 0.0012 0.0033 0.0011 0.0019 
        013s 15 0.0102 0.0011 0.0013 0.0033 0.9831 0.0003 0.0007 
        014s 15 0.9807 0.0041 0.0014 0.0040 0.0077 0.0010 0.0011 
        015s 15 0.8468 0.0059 0.0613 0.0013 0.0013 0.0031 0.0804 
        016s 15 0.0331 0.0003 0.0312 0.0359 0.8352 0.0606 0.0037 
        017s 15 0.9715 0.0023 0.0008 0.0135 0.0091 0.0008 0.0019 
        018s 15 0.3976 0.0005 0.0120 0.0020 0.5866 0.0002 0.0011 
        019s 15 0.3180 0.0038 0.1145 0.0007 0.5584 0.0003 0.0044 
        020s 15 0.4800 0.0004 0.0055 0.0004 0.5127 0.0005 0.0005 
        021s 15 0.8533 0.0038 0.0505 0.0021 0.0233 0.0008 0.0662 
        022s 15 0.8524 0.0004 0.1343 0.0005 0.0107 0.0010 0.0006 
        023s 15 0.8992 0.0006 0.0620 0.0007 0.0062 0.0028 0.0286 
        024s 15 0.9904 0.0007 0.0024 0.0005 0.0016 0.0028 0.0017 
        025s 15 0.9296 0.0249 0.0030 0.0016 0.0333 0.0008 0.0069 
        026s 15 0.9443 0.0242 0.0056 0.0023 0.0211 0.0010 0.0014 
        027s 15 0.9175 0.0005 0.0227 0.0158 0.0267 0.0149 0.0019 
        028s 15 0.9822 0.0011 0.0046 0.0020 0.0092 0.0006 0.0004 
        029s 15 0.9884 0.0013 0.0017 0.0016 0.0051 0.0011 0.0009 
        030s 15 0.9762 0.0006 0.0120 0.0013 0.0091 0.0005 0.0003 
        031s 15 0.8196 0.0086 0.0428 0.0011 0.0657 0.0013 0.0608 
        032s 15 0.9949 0.0009 0.0005 0.0008 0.0021 0.0002 0.0005 
        033s 15 0.0031 0.0004 0.0858 0.0008 0.8763 0.0006 0.0330 
        035s 15 0.9654 0.0006 0.0253 0.0019 0.0037 0.0017 0.0013 
        036s 15 0.5244 0.0036 0.0240 0.0003 0.4453 0.0018 0.0006 
        037s 15 0.8491 0.0012 0.1205 0.0003 0.0218 0.0057 0.0013 
        038s 15 0.9826 0.0004 0.0045 0.0007 0.0035 0.0018 0.0065 
        039s 15 0.3694 0.0004 0.1432 0.0006 0.4287 0.0004 0.0574 
        040s 15 0.9388 0.0006 0.0358 0.0022 0.0172 0.0026 0.0028 
        041s 15 0.8168 0.0027 0.0743 0.0007 0.0326 0.0042 0.0688 
        042s 15 0.9833 0.0007 0.0023 0.0023 0.0059 0.0004 0.0052 
        043s 15 0.4481 0.0013 0.0017 0.0002 0.5376 0.0007 0.0104 
        044s 15 0.9869 0.0007 0.0028 0.0010 0.0040 0.0006 0.0041 
        045s 15 0.7779 0.0765 0.0982 0.0020 0.0169 0.0271 0.0014 
        046s 15 0.9331 0.0011 0.0086 0.0004 0.0295 0.0039 0.0235 
        047s 15 0.9259 0.0005 0.0561 0.0003 0.0035 0.0011 0.0127 
        048s 15 0.5807 0.0191 0.0261 0.0012 0.3718 0.0005 0.0006 
        049s 15 0.9239 0.0004 0.0313 0.0004 0.0352 0.0009 0.0078 
        050s 15 0.7922 0.0013 0.0493 0.0081 0.0125 0.0004 0.1362 
         001 16 0.0231 0.0007 0.0735 0.0042 0.7704 0.0052 0.1229 
         002 16 0.9044 0.0004 0.0630 0.0002 0.0094 0.0005 0.0221 
         003 16 0.9571 0.0019 0.0270 0.0030 0.0040 0.0037 0.0033 
         004 16 0.9775 0.0010 0.0164 0.0006 0.0033 0.0006 0.0006 
         005 16 0.8448 0.0323 0.0452 0.0017 0.0119 0.0079 0.0563 
         006 16 0.9466 0.0110 0.0338 0.0008 0.0018 0.0009 0.0050 
         007 16 0.9364 0.0015 0.0251 0.0007 0.0297 0.0010 0.0056 
         008 16 0.6863 0.0004 0.1018 0.0008 0.0503 0.0081 0.1523 
         009 16 0.2860 0.0004 0.0147 0.0009 0.6941 0.0006 0.0032 
         010 16 0.7032 0.0010 0.0712 0.0009 0.1993 0.0003 0.0242 
         011 16 0.0296 0.0020 0.0137 0.0007 0.9505 0.0011 0.0025 
         012 16 0.8884 0.0014 0.0584 0.0008 0.0491 0.0013 0.0006 
         013 16 0.9900 0.0006 0.0017 0.0005 0.0057 0.0010 0.0005 
         014 16 0.9612 0.0003 0.0033 0.0011 0.0035 0.0006 0.0300 
         015 16 0.6064 0.3679 0.0122 0.0023 0.0088 0.0020 0.0004 
         016 16 0.9772 0.0116 0.0011 0.0041 0.0040 0.0003 0.0017 
         017 16 0.2360 0.0012 0.0194 0.0007 0.7306 0.0088 0.0034 
         018 16 0.9131 0.0169 0.0191 0.0040 0.0007 0.0025 0.0437 
         019 16 0.0111 0.0007 0.0013 0.0006 0.9329 0.0033 0.0501 
         020 16 0.9720 0.0009 0.0177 0.0008 0.0079 0.0005 0.0002 
         021 16 0.8279 0.0008 0.0901 0.0029 0.0047 0.0103 0.0634 
         022 16 0.9590 0.0018 0.0004 0.0005 0.0007 0.0002 0.0373 
         023 16 0.0097 0.0107 0.0062 0.0006 0.9618 0.0005 0.0106 
         024 16 0.4276 0.0171 0.0022 0.0010 0.5482 0.0004 0.0035 
         025 16 0.0409 0.0046 0.0312 0.0014 0.8787 0.0205 0.0227 
         026 16 0.7110 0.0052 0.1950 0.0005 0.0059 0.0004 0.0820 
         027 16 0.8671 0.0009 0.0874 0.0092 0.0235 0.0004 0.0114 
         028 16 0.7674 0.0003 0.0012 0.0180 0.0429 0.0232 0.1469 
         029 16 0.8057 0.0008 0.1735 0.0007 0.0018 0.0148 0.0027 
         030 16 0.3763 0.0003 0.0037 0.0005 0.6142 0.0043 0.0006 
         031 16 0.9682 0.0004 0.0116 0.0146 0.0036 0.0005 0.0010 
         032 16 0.8834 0.0046 0.0176 0.0008 0.0040 0.0006 0.0889 
         033 16 0.9892 0.0003 0.0013 0.0003 0.0080 0.0005 0.0004 
         034 16 0.3311 0.0011 0.0223 0.0002 0.6419 0.0023 0.0011 
         035 16 0.9947 0.0003 0.0008 0.0004 0.0030 0.0007 0.0002 
         036 16 0.8446 0.0019 0.0220 0.0011 0.1293 0.0004 0.0007 
         037 16 0.5286 0.0040 0.0059 0.0007 0.4263 0.0163 0.0181 
         038 16 0.8028 0.0072 0.0577 0.0016 0.1276 0.0009 0.0022 
         039 16 0.5652 0.0005 0.0046 0.0013 0.4264 0.0003 0.0017 
         040 16 0.9821 0.0016 0.0034 0.0004 0.0105 0.0012 0.0007 
         041 16 0.9050 0.0011 0.0837 0.0004 0.0083 0.0006 0.0009 
         042 16 0.8210 0.0007 0.0057 0.0024 0.1669 0.0015 0.0019 
         043 16 0.9741 0.0008 0.0008 0.0010 0.0218 0.0004 0.0011 
         044 16 0.1354 0.0011 0.0158 0.0015 0.8406 0.0016 0.0041 
         045 16 0.9326 0.0003 0.0525 0.0017 0.0082 0.0035 0.0011 
         047 16 0.9080 0.0010 0.0220 0.0059 0.0254 0.0338 0.0040 
         048 16 0.9823 0.0006 0.0029 0.0007 0.0055 0.0067 0.0013 
         049 16 0.8422 0.0033 0.0011 0.0006 0.1501 0.0020 0.0006 
         050 16 0.9404 0.0002 0.0509 0.0004 0.0074 0.0004 0.0003 
         051 16 0.9605 0.0005 0.0022 0.0016 0.0330 0.0010 0.0011 
         052 16 0.9488 0.0009 0.0130 0.0007 0.0360 0.0005 0.0002 
         053 16 0.9661 0.0008 0.0018 0.0011 0.0290 0.0009 0.0003 
         054 16 0.4669 0.0008 0.0101 0.0014 0.4804 0.0006 0.0399 
         055 16 0.8639 0.0004 0.0379 0.0007 0.0484 0.0454 0.0033 
         056 16 0.8233 0.0067 0.1636 0.0008 0.0041 0.0003 0.0012 
         057 16 0.0046 0.0002 0.0005 0.0005 0.9179 0.0004 0.0759 
         058 16 0.6306 0.0142 0.0437 0.0003 0.2468 0.0024 0.0620 
         059 16 0.6524 0.0861 0.0169 0.0058 0.1578 0.0091 0.0718 
         060 16 0.7785 0.0067 0.0128 0.0013 0.1982 0.0006 0.0019 
         061 16 0.4273 0.0025 0.0050 0.0008 0.5625 0.0012 0.0008 
         062 16 0.9856 0.0004 0.0012 0.0014 0.0052 0.0054 0.0006 
         063 16 0.9754 0.0006 0.0049 0.0005 0.0161 0.0004 0.0021 
         064 16 0.9406 0.0027 0.0472 0.0003 0.0082 0.0004 0.0006 
         065 16 0.5693 0.0024 0.0072 0.0012 0.4180 0.0011 0.0008 
         066 16 0.9825 0.0006 0.0090 0.0009 0.0060 0.0004 0.0004 
         067 16 0.8975 0.0772 0.0009 0.0013 0.0196 0.0029 0.0006 
         068 16 0.9552 0.0307 0.0019 0.0007 0.0031 0.0011 0.0073 
         069 16 0.9797 0.0006 0.0038 0.0045 0.0103 0.0005 0.0007 
         070 16 0.8396 0.0005 0.0045 0.0018 0.1497 0.0006 0.0033 
         071 16 0.9119 0.0003 0.0036 0.0004 0.0017 0.0105 0.0716 
         072 16 0.9666 0.0012 0.0119 0.0008 0.0134 0.0007 0.0054 
         073 16 0.7976 0.0004 0.0268 0.0009 0.1705 0.0026 0.0011 
         074 16 0.9905 0.0003 0.0037 0.0005 0.0044 0.0004 0.0003 
         075 16 0.7968 0.0011 0.1805 0.0006 0.0093 0.0020 0.0097 
         076 16 0.9892 0.0004 0.0030 0.0005 0.0044 0.0008 0.0015 
         077 16 0.8901 0.0557 0.0029 0.0322 0.0026 0.0065 0.0099 
         078 16 0.0006 0.0010 0.0007 0.0006 0.9909 0.0004 0.0058 
         079 16 0.8698 0.0010 0.0393 0.0018 0.0038 0.0023 0.0820 
         080 16 0.2446 0.0017 0.0119 0.0005 0.7384 0.0002 0.0026 
         081 16 0.0034 0.0007 0.0167 0.0011 0.9613 0.0143 0.0025 
         082 16 0.8866 0.0004 0.0099 0.0004 0.0612 0.0219 0.0195 
