        001s  1 0.9981 0.0004 0.0005 0.0010 
        002s  1 0.9977 0.0012 0.0007 0.0004 
        003s  1 0.9837 0.0019 0.0018 0.0126 
        004s  1 0.9518 0.0448 0.0031 0.0003 
        005s  1 0.5722 0.4262 0.0013 0.0003 
        006s  1 0.9987 0.0006 0.0003 0.0004 
        007s  1 0.9949 0.0012 0.0033 0.0006 
        008s  1 0.9957 0.0028 0.0008 0.0007 
        009s  1 0.9223 0.0672 0.0084 0.0021 
        010s  1 0.9945 0.0044 0.0003 0.0007 
        011s  1 0.9920 0.0019 0.0022 0.0039 
        012s  1 0.8615 0.1275 0.0013 0.0097 
        013s  1 0.9708 0.0201 0.0084 0.0007 
        014s  1 0.9571 0.0158 0.0074 0.0197 
        015s  1 0.9985 0.0005 0.0003 0.0007 
        016s  1 0.9922 0.0009 0.0059 0.0010 
        018s  1 0.8644 0.1331 0.0016 0.0009 
        019s  1 0.9915 0.0032 0.0011 0.0042 
        020s  1 0.9850 0.0005 0.0071 0.0074 
        021s  1 0.9931 0.0007 0.0055 0.0007 
        022s  1 0.9988 0.0003 0.0006 0.0003 
        023s  1 0.9896 0.0003 0.0091 0.0010 
        024s  1 0.9978 0.0012 0.0005 0.0005 
        025s  1 0.9930 0.0058 0.0008 0.0004 
        026s  1 0.9861 0.0008 0.0093 0.0038 
        027s  1 0.9914 0.0058 0.0024 0.0005 
        028s  1 0.8915 0.1064 0.0006 0.0015 
        029s  1 0.9930 0.0008 0.0007 0.0055 
        030s  1 0.9895 0.0026 0.0005 0.0073 
        031s  1 0.9982 0.0003 0.0012 0.0004 
        032s  1 0.9980 0.0005 0.0006 0.0009 
        033s  1 0.9943 0.0038 0.0010 0.0009 
        034s  1 0.9471 0.0015 0.0493 0.0022 
        035s  1 0.9954 0.0019 0.0010 0.0017 
        036s  1 0.9292 0.0695 0.0011 0.0003 
        037s  1 0.8250 0.1171 0.0564 0.0015 
        038s  1 0.9973 0.0012 0.0008 0.0006 
        039s  1 0.9958 0.0031 0.0003 0.0008 
        040s  1 0.9949 0.0019 0.0026 0.0006 
        041s  1 0.9949 0.0011 0.0032 0.0008 
        042s  1 0.8803 0.0251 0.0939 0.0007 
        043s  1 0.9853 0.0133 0.0004 0.0010 
        044s  1 0.8797 0.1096 0.0088 0.0020 
        045s  1 0.9951 0.0030 0.0008 0.0010 
        046s  1 0.9973 0.0007 0.0005 0.0015 
        047s  1 0.9934 0.0004 0.0047 0.0015 
        048s  1 0.9945 0.0044 0.0008 0.0004 
        049s  1 0.9983 0.0007 0.0004 0.0006 
        050s  1 0.9026 0.0965 0.0005 0.0004 
        051s  1 0.9690 0.0004 0.0011 0.0296 
        052s  1 0.9631 0.0191 0.0012 0.0166 
        053s  1 0.9981 0.0012 0.0005 0.0003 
        054s  1 0.9960 0.0005 0.0009 0.0025 
        055s  1 0.8370 0.0772 0.0829 0.0029 
          01  2 0.8514 0.1118 0.0059 0.0310 
          02  2 0.9816 0.0162 0.0007 0.0015 
          03  2 0.9975 0.0009 0.0011 0.0004 
          04  2 0.9753 0.0155 0.0084 0.0008 
          05  2 0.9070 0.0923 0.0004 0.0004 
          06  2 0.9718 0.0267 0.0009 0.0006 
          07  2 0.9838 0.0146 0.0005 0.0011 
          08  2 0.9583 0.0400 0.0008 0.0009 
          09  2 0.9896 0.0004 0.0003 0.0097 
          10  2 0.9982 0.0008 0.0005 0.0005 
          11  2 0.9845 0.0026 0.0028 0.0101 
          12  2 0.9966 0.0009 0.0005 0.0019 
          13  2 0.9984 0.0005 0.0005 0.0007 
          14  2 0.9783 0.0008 0.0181 0.0028 
          15  2 0.9971 0.0004 0.0011 0.0014 
          16  2 0.9574 0.0335 0.0037 0.0055 
          17  2 0.9964 0.0018 0.0010 0.0008 
          18  2 0.9780 0.0200 0.0010 0.0010 
          19  2 0.9939 0.0005 0.0038 0.0018 
          20  2 0.9228 0.0704 0.0054 0.0015 
          21  2 0.9825 0.0007 0.0006 0.0162 
          22  2 0.9855 0.0033 0.0065 0.0047 
          23  2 0.9959 0.0016 0.0015 0.0009 
          24  2 0.9977 0.0006 0.0007 0.0009 
          25  2 0.9630 0.0342 0.0010 0.0018 
          26  2 0.9984 0.0007 0.0002 0.0007 
          27  2 0.9870 0.0086 0.0035 0.0009 
          28  2 0.9942 0.0005 0.0045 0.0008 
          29  2 0.9982 0.0008 0.0002 0.0008 
          30  2 0.7731 0.1219 0.0989 0.0061 
          01  3 0.3590 0.6269 0.0135 0.0006 
          02  3 0.1358 0.7886 0.0048 0.0708 
          03  3 0.3847 0.6126 0.0022 0.0005 
          04  3 0.2036 0.7930 0.0029 0.0004 
          05  3 0.0004 0.7538 0.1303 0.1155 
          06  3 0.0895 0.9092 0.0010 0.0003 
          07  3 0.4008 0.5982 0.0004 0.0007 
          08  3 0.3056 0.6747 0.0159 0.0037 
          09  3 0.3271 0.6617 0.0110 0.0002 
          10  3 0.0150 0.6294 0.1368 0.2188 
          11  3 0.3025 0.6969 0.0004 0.0002 
          12  3 0.2916 0.7071 0.0010 0.0003 
          13  3 0.0047 0.9678 0.0003 0.0272 
          14  3 0.0027 0.7865 0.1646 0.0462 
          15  3 0.3601 0.6346 0.0050 0.0003 
          16  3 0.0800 0.9154 0.0017 0.0029 
          17  3 0.4373 0.5611 0.0008 0.0007 
          18  3 0.0061 0.5410 0.2877 0.1652 
          19  3 0.1709 0.8244 0.0044 0.0003 
          20  3 0.1868 0.7407 0.0722 0.0002 
          21  3 0.2528 0.7363 0.0092 0.0017 
          22  3 0.3168 0.6757 0.0071 0.0004 
          23  3 0.2492 0.7491 0.0014 0.0003 
          24  3 0.0856 0.7423 0.0024 0.1697 
          25  3 0.0005 0.6098 0.1394 0.2503 
          26  3 0.2462 0.7527 0.0007 0.0005 
          27  3 0.0587 0.6277 0.1827 0.1309 
          28  3 0.0963 0.9009 0.0003 0.0026 
          29  3 0.1784 0.7978 0.0213 0.0025 
          30  3 0.3275 0.6704 0.0004 0.0017 
         001  4 0.0006 0.8924 0.1062 0.0007 
         002  4 0.0748 0.8577 0.0663 0.0012 
         003  4 0.0175 0.8795 0.0904 0.0127 
         004  4 0.0004 0.9336 0.0653 0.0006 
         005  4 0.0021 0.8589 0.1055 0.0335 
         006  4 0.0844 0.8843 0.0308 0.0006 
         007  4 0.0972 0.8197 0.0828 0.0002 
         008  4 0.0526 0.8201 0.1255 0.0019 
         009  4 0.0012 0.8950 0.0902 0.0137 
         010  4 0.0003 0.9991 0.0004 0.0002 
         011  4 0.0059 0.8381 0.1544 0.0016 
         012  4 0.0064 0.8704 0.1209 0.0022 
         013  4 0.0170 0.9601 0.0226 0.0003 
         014  4 0.0184 0.8839 0.0974 0.0003 
         015  4 0.0006 0.9974 0.0016 0.0004 
         016  4 0.0009 0.9307 0.0554 0.0131 
         017  4 0.0939 0.9035 0.0019 0.0006 
         019  4 0.0048 0.8925 0.0974 0.0054 
         020  4 0.0572 0.8376 0.0898 0.0154 
         021  4 0.0045 0.8826 0.1014 0.0115 
         001  5 0.0121 0.8545 0.1179 0.0155 
         002  5 0.1236 0.7763 0.0977 0.0024 
         003  5 0.2191 0.6906 0.0901 0.0002 
         004  5 0.1362 0.7654 0.0981 0.0003 
         005  5 0.0380 0.8614 0.0995 0.0011 
         006  5 0.1013 0.8931 0.0042 0.0014 
         007  5 0.0053 0.9139 0.0778 0.0031 
         008  5 0.0150 0.9231 0.0516 0.0103 
         009  5 0.1592 0.7660 0.0746 0.0002 
         010  5 0.0543 0.8494 0.0959 0.0004 
         011  5 0.0086 0.8464 0.1447 0.0003 
         012  5 0.1076 0.8189 0.0729 0.0007 
         013  5 0.3000 0.6763 0.0228 0.0009 
         014  5 0.2233 0.6566 0.1031 0.0169 
         015  5 0.0026 0.9307 0.0628 0.0038 
         016  5 0.1077 0.8692 0.0215 0.0016 
         017  5 0.1821 0.8106 0.0041 0.0031 
         018  5 0.1243 0.7583 0.0873 0.0301 
         019  5 0.0185 0.8549 0.0884 0.0383 
         020  5 0.0226 0.8686 0.1073 0.0015 
         021  5 0.2313 0.6705 0.0977 0.0005 
         022  5 0.1175 0.7527 0.1280 0.0019 
         023  5 0.0024 0.9164 0.0684 0.0127 
         024  5 0.2070 0.7684 0.0243 0.0003 
         025  5 0.1547 0.8114 0.0333 0.0007 
         026  5 0.2721 0.7077 0.0197 0.0004 
         027  5 0.0118 0.9129 0.0731 0.0022 
         028  5 0.0971 0.8127 0.0889 0.0013 
         029  5 0.1141 0.8766 0.0089 0.0003 
         030  5 0.0131 0.8336 0.1020 0.0513 
        001s  6 0.9689 0.0125 0.0178 0.0009 
        002s  6 0.9676 0.0110 0.0007 0.0206 
        003s  6 0.9939 0.0029 0.0027 0.0005 
        004s  6 0.9986 0.0004 0.0005 0.0005 
        006s  6 0.9041 0.0854 0.0093 0.0012 
        007s  6 0.9975 0.0012 0.0005 0.0009 
        008s  6 0.9910 0.0012 0.0051 0.0026 
        009s  6 0.9979 0.0004 0.0006 0.0010 
        010s  6 0.9541 0.0205 0.0143 0.0111 
        011s  6 0.9973 0.0011 0.0013 0.0003 
        012s  6 0.9949 0.0013 0.0012 0.0026 
        013s  6 0.9978 0.0011 0.0005 0.0005 
        014s  6 0.9507 0.0485 0.0005 0.0003 
        015s  6 0.9758 0.0176 0.0056 0.0010 
        016s  6 0.9980 0.0007 0.0009 0.0005 
        018s  6 0.7601 0.2322 0.0074 0.0003 
        019s  6 0.9876 0.0094 0.0022 0.0008 
        020s  6 0.9982 0.0005 0.0006 0.0008 
        021s  6 0.9868 0.0077 0.0041 0.0015 
        022s  6 0.9951 0.0005 0.0040 0.0004 
        023s  6 0.9950 0.0040 0.0008 0.0003 
        024s  6 0.9818 0.0154 0.0009 0.0019 
        025s  6 0.9286 0.0010 0.0699 0.0004 
        026s  6 0.9970 0.0006 0.0004 0.0020 
        027s  6 0.9978 0.0008 0.0004 0.0010 
        028s  6 0.9040 0.0397 0.0097 0.0466 
        029s  6 0.9966 0.0005 0.0013 0.0017 
        030s  6 0.9428 0.0438 0.0109 0.0025 
        031s  6 0.9956 0.0036 0.0003 0.0004 
        032s  6 0.9922 0.0066 0.0007 0.0004 
        033s  6 0.9707 0.0279 0.0009 0.0004 
        034s  6 0.9847 0.0019 0.0130 0.0004 
        035s  6 0.8833 0.1134 0.0020 0.0012 
        036s  6 0.9958 0.0027 0.0012 0.0003 
        037s  6 0.9956 0.0010 0.0014 0.0020 
        038s  6 0.9974 0.0005 0.0006 0.0014 
        039s  6 0.9982 0.0003 0.0008 0.0008 
        040s  6 0.9984 0.0007 0.0004 0.0004 
        041s  6 0.9890 0.0012 0.0053 0.0045 
        042s  6 0.9354 0.0031 0.0571 0.0044 
        043s  6 0.9926 0.0009 0.0062 0.0003 
        044s  6 0.9965 0.0006 0.0007 0.0022 
        045s  6 0.9960 0.0010 0.0023 0.0007 
        001s  7 0.9977 0.0009 0.0011 0.0003 
        002s  7 0.9883 0.0084 0.0022 0.0010 
        003s  7 0.9958 0.0022 0.0010 0.0010 
        004s  7 0.9962 0.0021 0.0005 0.0012 
        005s  7 0.9881 0.0093 0.0019 0.0007 
        006s  7 0.9602 0.0306 0.0089 0.0003 
        007s  7 0.9704 0.0113 0.0020 0.0164 
        008s  7 0.9952 0.0016 0.0013 0.0019 
        009s  7 0.9858 0.0035 0.0100 0.0007 
        010s  7 0.9970 0.0006 0.0014 0.0010 
        011s  7 0.9975 0.0005 0.0009 0.0011 
        012s  7 0.9986 0.0006 0.0004 0.0004 
        013s  7 0.9942 0.0011 0.0041 0.0006 
        014s  7 0.9918 0.0072 0.0004 0.0006 
        015s  7 0.9889 0.0086 0.0011 0.0014 
        016s  7 0.9461 0.0466 0.0070 0.0003 
        017s  7 0.9984 0.0008 0.0005 0.0003 
        018s  7 0.9945 0.0013 0.0007 0.0036 
        019s  7 0.9846 0.0021 0.0102 0.0032 
        020s  7 0.9984 0.0009 0.0004 0.0003 
        021s  7 0.9966 0.0014 0.0010 0.0010 
        022s  7 0.9953 0.0034 0.0009 0.0003 
        023s  7 0.9769 0.0058 0.0160 0.0013 
        024s  7 0.9972 0.0008 0.0006 0.0013 
        025s  7 0.9959 0.0023 0.0008 0.0010 
        026s  7 0.9973 0.0006 0.0008 0.0013 
        027s  7 0.9969 0.0013 0.0004 0.0014 
        028s  7 0.9969 0.0024 0.0005 0.0002 
        029s  7 0.9928 0.0041 0.0023 0.0007 
        030s  7 0.9899 0.0003 0.0037 0.0060 
        031s  7 0.9865 0.0018 0.0114 0.0004 
        032s  7 0.9344 0.0601 0.0003 0.0051 
        033s  7 0.9794 0.0146 0.0020 0.0040 
        034s  7 0.9700 0.0276 0.0004 0.0020 
        035s  7 0.9983 0.0003 0.0008 0.0005 
        036s  7 0.9892 0.0012 0.0090 0.0006 
        037s  7 0.9234 0.0720 0.0038 0.0007 
        038s  7 0.9953 0.0026 0.0013 0.0008 
        039s  7 0.9990 0.0003 0.0003 0.0003 
        040s  7 0.9358 0.0630 0.0009 0.0003 
        041s  7 0.9916 0.0043 0.0020 0.0022 
        042s  7 0.9968 0.0026 0.0003 0.0003 
        043s  7 0.9961 0.0004 0.0031 0.0005 
        044s  7 0.8954 0.0761 0.0267 0.0018 
         003  8 0.9826 0.0036 0.0007 0.0131 
         009  8 0.9977 0.0008 0.0010 0.0005 
         010  8 0.9973 0.0003 0.0020 0.0004 
         017  8 0.9951 0.0006 0.0030 0.0013 
         002  9 0.9980 0.0004 0.0010 0.0007 
         003  9 0.9990 0.0003 0.0004 0.0003 
         004  9 0.9983 0.0002 0.0010 0.0005 
         005  9 0.9945 0.0005 0.0038 0.0012 
         006  9 0.9973 0.0010 0.0012 0.0005 
         007  9 0.9972 0.0007 0.0011 0.0010 
         009  9 0.9968 0.0004 0.0017 0.0011 
         010  9 0.9963 0.0003 0.0014 0.0020 
         013  9 0.9976 0.0009 0.0012 0.0004 
         014  9 0.9936 0.0003 0.0017 0.0043 
         016  9 0.9981 0.0002 0.0005 0.0012 
         018  9 0.9927 0.0010 0.0011 0.0052 
         019  9 0.9934 0.0010 0.0005 0.0051 
         020  9 0.9990 0.0002 0.0003 0.0005 
         021  9 0.9987 0.0003 0.0008 0.0003 
         022  9 0.9979 0.0003 0.0005 0.0012 
         024  9 0.9947 0.0005 0.0028 0.0020 
         028  9 0.9977 0.0005 0.0012 0.0006 
         029  9 0.9979 0.0003 0.0006 0.0012 
         030  9 0.9980 0.0003 0.0008 0.0009 
         031  9 0.9979 0.0008 0.0004 0.0009 
         033  9 0.9971 0.0014 0.0009 0.0006 
         001 10 0.9984 0.0003 0.0003 0.0010 
         002 10 0.9979 0.0003 0.0006 0.0013 
         003 10 0.9869 0.0004 0.0122 0.0006 
         004 10 0.9973 0.0003 0.0020 0.0005 
         005 10 0.9975 0.0004 0.0009 0.0012 
         006 10 0.9981 0.0008 0.0006 0.0005 
         007 10 0.9975 0.0004 0.0016 0.0004 
         008 10 0.9950 0.0007 0.0035 0.0007 
         009 10 0.9947 0.0007 0.0004 0.0042 
         010 10 0.9955 0.0004 0.0008 0.0033 
         011 10 0.9618 0.0006 0.0370 0.0005 
         012 10 0.9963 0.0007 0.0026 0.0004 
         013 10 0.9983 0.0006 0.0005 0.0006 
         014 10 0.9980 0.0006 0.0007 0.0007 
         016 10 0.9969 0.0008 0.0007 0.0017 
         017 10 0.9976 0.0006 0.0007 0.0010 
         018 10 0.9954 0.0018 0.0007 0.0021 
         019 10 0.9933 0.0004 0.0009 0.0054 
         020 10 0.9905 0.0009 0.0015 0.0070 
         021 10 0.9968 0.0005 0.0004 0.0023 
         022 10 0.9987 0.0004 0.0007 0.0002 
         023 10 0.9982 0.0005 0.0009 0.0004 
         024 10 0.9967 0.0002 0.0017 0.0014 
         026 10 0.9985 0.0003 0.0005 0.0007 
        001s 11 0.9173 0.0518 0.0300 0.0010 
        002s 11 0.9925 0.0017 0.0017 0.0040 
        003s 11 0.9969 0.0016 0.0004 0.0011 
        004s 11 0.9977 0.0007 0.0013 0.0003 
        005s 11 0.9931 0.0010 0.0005 0.0055 
        006s 11 0.9914 0.0049 0.0020 0.0016 
        007s 11 0.9390 0.0584 0.0008 0.0018 
        008s 11 0.9985 0.0005 0.0005 0.0006 
        009s 11 0.9826 0.0003 0.0005 0.0166 
        010s 11 0.9981 0.0008 0.0008 0.0003 
        011s 11 0.8709 0.1102 0.0186 0.0003 
        012s 11 0.9236 0.0756 0.0003 0.0005 
        013s 11 0.9980 0.0009 0.0009 0.0002 
        014s 11 0.9837 0.0144 0.0007 0.0012 
        015s 11 0.9917 0.0027 0.0042 0.0014 
        016s 11 0.9285 0.0039 0.0635 0.0041 
        017s 11 0.9392 0.0581 0.0022 0.0004 
        018s 11 0.9948 0.0030 0.0010 0.0013 
        019s 11 0.9810 0.0008 0.0181 0.0002 
        020s 11 0.9957 0.0015 0.0012 0.0016 
        021s 11 0.9982 0.0005 0.0009 0.0005 
        022s 11 0.9828 0.0159 0.0004 0.0008 
        023s 11 0.9707 0.0039 0.0251 0.0004 
        025s 11 0.9985 0.0003 0.0009 0.0002 
        026s 11 0.9344 0.0052 0.0598 0.0006 
        027s 11 0.9978 0.0013 0.0005 0.0004 
        028s 11 0.9956 0.0032 0.0009 0.0003 
        029s 11 0.9876 0.0110 0.0004 0.0010 
        030s 11 0.9763 0.0212 0.0015 0.0009 
        031s 11 0.9984 0.0006 0.0003 0.0007 
        032s 11 0.9960 0.0004 0.0028 0.0008 
        033s 11 0.9963 0.0014 0.0009 0.0015 
        034s 11 0.9977 0.0016 0.0004 0.0003 
        035s 11 0.9957 0.0029 0.0003 0.0012 
        036s 11 0.9868 0.0115 0.0004 0.0012 
        037s 11 0.9968 0.0009 0.0014 0.0009 
        038s 11 0.9975 0.0012 0.0006 0.0007 
        039s 11 0.9982 0.0005 0.0008 0.0005 
        040s 11 0.9222 0.0766 0.0006 0.0006 
        041s 11 0.9757 0.0009 0.0021 0.0213 
        042s 11 0.9901 0.0010 0.0081 0.0008 
        043s 11 0.9630 0.0081 0.0285 0.0004 
        044s 11 0.9942 0.0011 0.0039 0.0008 
        045s 11 0.9898 0.0008 0.0089 0.0004 
        046s 11 0.9571 0.0114 0.0307 0.0008 
        047s 11 0.9976 0.0008 0.0011 0.0005 
        048s 11 0.9623 0.0040 0.0319 0.0017 
        049s 11 0.9969 0.0007 0.0013 0.0011 
        050s 11 0.9980 0.0006 0.0011 0.0003 
        051s 11 0.9462 0.0015 0.0520 0.0003 
        052s 11 0.9927 0.0040 0.0023 0.0011 
        053s 11 0.9977 0.0004 0.0006 0.0013 
        054s 11 0.9963 0.0027 0.0006 0.0004 
        055s 11 0.9503 0.0491 0.0004 0.0003 
        001s 12 0.9943 0.0037 0.0009 0.0010 
        002s 12 0.9961 0.0007 0.0007 0.0026 
        003s 12 0.9985 0.0005 0.0004 0.0007 
        004s 12 0.9778 0.0071 0.0122 0.0029 
        005s 12 0.9979 0.0005 0.0006 0.0010 
        006s 12 0.9655 0.0322 0.0018 0.0006 
        007s 12 0.9941 0.0014 0.0014 0.0032 
        008s 12 0.9906 0.0084 0.0004 0.0005 
        009s 12 0.9621 0.0108 0.0062 0.0210 
        010s 12 0.9417 0.0571 0.0003 0.0010 
        011s 12 0.9966 0.0019 0.0007 0.0009 
        012s 12 0.9927 0.0033 0.0035 0.0006 
        013s 12 0.9619 0.0004 0.0369 0.0008 
        014s 12 0.9263 0.0356 0.0352 0.0030 
        015s 12 0.9955 0.0021 0.0009 0.0015 
        016s 12 0.9954 0.0005 0.0036 0.0005 
        017s 12 0.9963 0.0021 0.0012 0.0004 
        018s 12 0.9958 0.0005 0.0015 0.0021 
        019s 12 0.9954 0.0014 0.0004 0.0028 
        020s 12 0.9597 0.0390 0.0011 0.0002 
        021s 12 0.9966 0.0011 0.0018 0.0005 
        022s 12 0.9701 0.0221 0.0051 0.0026 
        023s 12 0.9979 0.0003 0.0008 0.0009 
        024s 12 0.9986 0.0004 0.0006 0.0004 
        025s 12 0.9900 0.0046 0.0009 0.0045 
        026s 12 0.9747 0.0073 0.0010 0.0171 
        027s 12 0.9970 0.0022 0.0005 0.0004 
        028s 12 0.9877 0.0009 0.0028 0.0086 
        029s 12 0.9981 0.0005 0.0010 0.0004 
        030s 12 0.9980 0.0012 0.0005 0.0004 
        031s 12 0.9945 0.0021 0.0026 0.0009 
        032s 12 0.9914 0.0004 0.0007 0.0075 
        033s 12 0.9945 0.0047 0.0003 0.0005 
        034s 12 0.9988 0.0004 0.0003 0.0005 
        035s 12 0.9929 0.0062 0.0004 0.0005 
        036s 12 0.9827 0.0143 0.0006 0.0025 
        037s 12 0.9974 0.0007 0.0009 0.0010 
        001s 13 0.9941 0.0025 0.0024 0.0010 
        002s 13 0.9402 0.0588 0.0008 0.0003 
        003s 13 0.9977 0.0006 0.0011 0.0007 
        004s 13 0.9849 0.0005 0.0023 0.0123 
        005s 13 0.9887 0.0074 0.0019 0.0020 
        006s 13 0.9973 0.0013 0.0004 0.0010 
        007s 13 0.9871 0.0113 0.0012 0.0004 
        008s 13 0.9608 0.0369 0.0007 0.0016 
        009s 13 0.8723 0.1161 0.0010 0.0107 
        010s 13 0.9541 0.0426 0.0013 0.0019 
        011s 13 0.9540 0.0391 0.0021 0.0047 
        012s 13 0.9340 0.0402 0.0222 0.0036 
        013s 13 0.9451 0.0482 0.0061 0.0007 
        014s 13 0.9854 0.0110 0.0027 0.0009 
        015s 13 0.9797 0.0027 0.0076 0.0100 
        016s 13 0.9979 0.0004 0.0010 0.0006 
        017s 13 0.9519 0.0446 0.0004 0.0031 
        018s 13 0.9984 0.0004 0.0007 0.0005 
        019s 13 0.9978 0.0008 0.0010 0.0003 
        020s 13 0.9934 0.0044 0.0004 0.0017 
        021s 13 0.9977 0.0004 0.0013 0.0005 
        022s 13 0.9976 0.0011 0.0008 0.0005 
        023s 13 0.9987 0.0006 0.0003 0.0005 
        024s 13 0.9378 0.0190 0.0424 0.0008 
        025s 13 0.9967 0.0006 0.0017 0.0010 
        026s 13 0.8870 0.0991 0.0134 0.0005 
        027s 13 0.9571 0.0372 0.0020 0.0038 
        028s 13 0.9605 0.0296 0.0024 0.0075 
        029s 13 0.9907 0.0072 0.0015 0.0005 
        030s 13 0.9387 0.0187 0.0421 0.0006 
        031s 13 0.8946 0.0040 0.1000 0.0014 
        032s 13 0.9982 0.0011 0.0003 0.0004 
        033s 13 0.9503 0.0488 0.0005 0.0005 
        034s 13 0.9501 0.0474 0.0012 0.0013 
        035s 13 0.9943 0.0009 0.0034 0.0015 
        036s 13 0.9977 0.0015 0.0004 0.0004 
        037s 13 0.9974 0.0004 0.0015 0.0007 
        038s 13 0.9964 0.0021 0.0007 0.0008 
        039s 13 0.8333 0.0809 0.0849 0.0008 
        040s 13 0.9976 0.0009 0.0010 0.0005 
        041s 13 0.9339 0.0643 0.0013 0.0005 
        042s 13 0.9978 0.0007 0.0009 0.0006 
        001s 14 0.9914 0.0065 0.0008 0.0014 
        002s 14 0.9358 0.0592 0.0014 0.0035 
        003s 14 0.9981 0.0006 0.0008 0.0005 
        004s 14 0.9799 0.0166 0.0029 0.0005 
        005s 14 0.9986 0.0003 0.0006 0.0006 
        006s 14 0.9989 0.0005 0.0003 0.0003 
        007s 14 0.9979 0.0007 0.0011 0.0003 
        008s 14 0.8922 0.0851 0.0025 0.0202 
        009s 14 0.9923 0.0015 0.0008 0.0054 
        010s 14 0.9720 0.0082 0.0017 0.0180 
        011s 14 0.9380 0.0606 0.0008 0.0006 
        012s 14 0.9958 0.0014 0.0013 0.0015 
        013s 14 0.9918 0.0019 0.0058 0.0006 
        014s 14 0.9819 0.0080 0.0008 0.0093 
        015s 14 0.9901 0.0007 0.0019 0.0073 
        016s 14 0.9889 0.0006 0.0102 0.0004 
        017s 14 0.9250 0.0735 0.0007 0.0008 
        018s 14 0.9976 0.0004 0.0011 0.0008 
        019s 14 0.9972 0.0018 0.0006 0.0004 
        020s 14 0.9920 0.0005 0.0008 0.0067 
        021s 14 0.9882 0.0008 0.0005 0.0104 
        022s 14 0.9908 0.0065 0.0011 0.0016 
        023s 14 0.9934 0.0019 0.0026 0.0021 
        024s 14 0.9492 0.0467 0.0018 0.0024 
        025s 14 0.9957 0.0036 0.0004 0.0004 
        026s 14 0.9970 0.0003 0.0008 0.0019 
        027s 14 0.9959 0.0008 0.0026 0.0007 
        028s 14 0.9955 0.0012 0.0008 0.0025 
        029s 14 0.9981 0.0003 0.0011 0.0006 
        030s 14 0.9955 0.0036 0.0004 0.0005 
        031s 14 0.9959 0.0023 0.0013 0.0005 
        032s 14 0.9964 0.0010 0.0022 0.0004 
        033s 14 0.9753 0.0234 0.0006 0.0007 
        034s 14 0.9984 0.0003 0.0006 0.0007 
        035s 14 0.8403 0.1588 0.0005 0.0005 
        036s 14 0.8872 0.1081 0.0036 0.0012 
        037s 14 0.9958 0.0005 0.0030 0.0007 
        038s 14 0.9980 0.0010 0.0003 0.0007 
        039s 14 0.9902 0.0024 0.0042 0.0032 
        040s 14 0.9956 0.0028 0.0012 0.0004 
        041s 14 0.9977 0.0011 0.0007 0.0005 
        042s 14 0.9741 0.0222 0.0026 0.0011 
        001s 15 0.9973 0.0008 0.0012 0.0008 
        002s 15 0.8892 0.0900 0.0129 0.0079 
        003s 15 0.9878 0.0026 0.0085 0.0010 
        004s 15 0.9912 0.0006 0.0002 0.0079 
        005s 15 0.9816 0.0125 0.0049 0.0010 
        006s 15 0.9906 0.0077 0.0011 0.0006 
        007s 15 0.9980 0.0004 0.0004 0.0011 
        008s 15 0.9985 0.0005 0.0004 0.0005 
        009s 15 0.9267 0.0385 0.0342 0.0005 
        010s 15 0.9981 0.0005 0.0011 0.0004 
        011s 15 0.9419 0.0570 0.0008 0.0003 
        012s 15 0.9935 0.0030 0.0023 0.0012 
        013s 15 0.9947 0.0005 0.0010 0.0038 
        014s 15 0.9905 0.0014 0.0041 0.0039 
        015s 15 0.9107 0.0829 0.0054 0.0010 
        016s 15 0.8868 0.0890 0.0003 0.0238 
        017s 15 0.9827 0.0012 0.0019 0.0142 
        018s 15 0.9973 0.0004 0.0005 0.0017 
        019s 15 0.9929 0.0016 0.0050 0.0006 
        020s 15 0.9985 0.0006 0.0005 0.0004 
        021s 15 0.9391 0.0560 0.0033 0.0016 
        022s 15 0.9975 0.0013 0.0006 0.0005 
        023s 15 0.9714 0.0273 0.0008 0.0005 
        024s 15 0.9966 0.0023 0.0007 0.0004 
        025s 15 0.9635 0.0042 0.0308 0.0016 
        026s 15 0.9732 0.0010 0.0218 0.0040 
        027s 15 0.9773 0.0096 0.0006 0.0124 
        028s 15 0.9958 0.0008 0.0012 0.0022 
        029s 15 0.9963 0.0008 0.0013 0.0017 
        030s 15 0.9975 0.0003 0.0007 0.0015 
        031s 15 0.9409 0.0513 0.0066 0.0011 
        032s 15 0.9968 0.0003 0.0020 0.0008 
        033s 15 0.9570 0.0419 0.0003 0.0008 
        035s 15 0.9936 0.0039 0.0007 0.0018 
        036s 15 0.9947 0.0010 0.0040 0.0003 
        037s 15 0.9949 0.0034 0.0012 0.0005 
        038s 15 0.9963 0.0025 0.0004 0.0008 
        039s 15 0.9719 0.0273 0.0004 0.0005 
        040s 15 0.9923 0.0051 0.0006 0.0021 
        041s 15 0.9156 0.0787 0.0050 0.0006 
        042s 15 0.9953 0.0012 0.0007 0.0029 
        043s 15 0.9934 0.0050 0.0014 0.0002 
        044s 15 0.9958 0.0026 0.0006 0.0010 
        045s 15 0.8892 0.0326 0.0763 0.0019 
        046s 15 0.9709 0.0275 0.0011 0.0005 
        047s 15 0.9762 0.0229 0.0004 0.0004 
        048s 15 0.9864 0.0007 0.0120 0.0009 
        049s 15 0.9856 0.0136 0.0004 0.0004 
        050s 15 0.8803 0.1043 0.0041 0.0113 
         001 16 0.8115 0.1854 0.0005 0.0025 
         002 16 0.9763 0.0228 0.0007 0.0002 
         003 16 0.9857 0.0103 0.0018 0.0022 
         004 16 0.9971 0.0011 0.0012 0.0006 
         005 16 0.9093 0.0585 0.0300 0.0021 
         006 16 0.9789 0.0097 0.0105 0.0009 
         007 16 0.9954 0.0020 0.0019 0.0007 
         008 16 0.8625 0.1355 0.0010 0.0010 
         009 16 0.9977 0.0009 0.0004 0.0009 
         010 16 0.9935 0.0048 0.0011 0.0006 
         011 16 0.9928 0.0049 0.0018 0.0005 
         012 16 0.9971 0.0010 0.0010 0.0009 
         013 16 0.9985 0.0006 0.0004 0.0005 
         014 16 0.9823 0.0161 0.0003 0.0013 
         015 16 0.6291 0.0008 0.3684 0.0017 
         016 16 0.9826 0.0005 0.0132 0.0037 
         017 16 0.9816 0.0167 0.0010 0.0007 
         018 16 0.9257 0.0318 0.0363 0.0062 
         019 16 0.9283 0.0701 0.0006 0.0011 
         020 16 0.9981 0.0004 0.0006 0.0009 
         021 16 0.8682 0.1281 0.0008 0.0028 
         022 16 0.9939 0.0019 0.0032 0.0010 
         023 16 0.9839 0.0043 0.0115 0.0003 
         024 16 0.9705 0.0017 0.0264 0.0013 
         025 16 0.9247 0.0724 0.0022 0.0006 
         026 16 0.8926 0.1026 0.0045 0.0003 
         027 16 0.9863 0.0022 0.0019 0.0096 
         028 16 0.8163 0.1636 0.0003 0.0199 
         029 16 0.9656 0.0321 0.0010 0.0012 
         030 16 0.9972 0.0021 0.0004 0.0003 
         031 16 0.9843 0.0010 0.0006 0.0141 
         032 16 0.9234 0.0700 0.0059 0.0007 
         033 16 0.9986 0.0008 0.0002 0.0003 
         034 16 0.9942 0.0043 0.0012 0.0003 
         035 16 0.9988 0.0004 0.0003 0.0006 
         036 16 0.9959 0.0005 0.0017 0.0018 
         037 16 0.9488 0.0478 0.0028 0.0006 
         038 16 0.9903 0.0016 0.0070 0.0012 
         039 16 0.9978 0.0006 0.0007 0.0010 
         040 16 0.9965 0.0013 0.0017 0.0005 
         041 16 0.9979 0.0007 0.0010 0.0004 
         042 16 0.9966 0.0011 0.0006 0.0017 
         043 16 0.9974 0.0007 0.0010 0.0010 
         044 16 0.9940 0.0030 0.0012 0.0018 
         045 16 0.9869 0.0106 0.0002 0.0023 
         047 16 0.9605 0.0342 0.0006 0.0047 
         048 16 0.9945 0.0041 0.0007 0.0007 
         049 16 0.9955 0.0009 0.0031 0.0005 
         050 16 0.9987 0.0006 0.0003 0.0004 
         051 16 0.9957 0.0020 0.0006 0.0017 
         052 16 0.9988 0.0002 0.0005 0.0004 
         053 16 0.9983 0.0004 0.0005 0.0008 
         054 16 0.9566 0.0416 0.0007 0.0012 
         055 16 0.9161 0.0831 0.0004 0.0005 
         056 16 0.9906 0.0006 0.0082 0.0006 
         057 16 0.9488 0.0503 0.0002 0.0007 
         058 16 0.8823 0.1039 0.0136 0.0002 
         059 16 0.8042 0.0986 0.0935 0.0038 
         060 16 0.9891 0.0016 0.0081 0.0012 
         061 16 0.9966 0.0015 0.0014 0.0006 
         062 16 0.9956 0.0024 0.0004 0.0016 
         063 16 0.9969 0.0018 0.0007 0.0005 
         064 16 0.9973 0.0003 0.0020 0.0004 
         065 16 0.9929 0.0033 0.0024 0.0014 
         066 16 0.9981 0.0004 0.0005 0.0010 
         067 16 0.9230 0.0011 0.0747 0.0011 
         068 16 0.9651 0.0028 0.0314 0.0007 
         069 16 0.9936 0.0006 0.0004 0.0054 
         070 16 0.9951 0.0020 0.0006 0.0022 
         071 16 0.9029 0.0961 0.0004 0.0007 
         072 16 0.9955 0.0023 0.0013 0.0010 
         073 16 0.9970 0.0021 0.0003 0.0007 
         074 16 0.9987 0.0005 0.0003 0.0005 
         075 16 0.9601 0.0388 0.0007 0.0004 
         076 16 0.9978 0.0009 0.0005 0.0009 
         077 16 0.8973 0.0252 0.0570 0.0204 
         078 16 0.9928 0.0040 0.0026 0.0006 
         079 16 0.9051 0.0905 0.0014 0.0029 
         080 16 0.9976 0.0007 0.0012 0.0004 
         081 16 0.9396 0.0594 0.0005 0.0005 
         082 16 0.9667 0.0325 0.0003 0.0004 
         083 16 0.9972 0.0006 0.0016 0.0006 
         084 16 0.9935 0.0025 0.0012 0.0028 
         085 16 0.9888 0.0008 0.0087 0.0016 
         086 16 0.8828 0.1160 0.0007 0.0006 
         087 16 0.9843 0.0136 0.0003 0.0018 
         088 16 0.9965 0.0005 0.0027 0.0004 
         089 16 0.9940 0.0043 0.0009 0.0008 
         090 16 0.9952 0.0030 0.0004 0.0014 
         091 16 0.9977 0.0011 0.0005 0.0007 
         092 16 0.9881 0.0107 0.0006 0.0006 
         093 16 0.9967 0.0009 0.0005 0.0020 
         094 16 0.9485 0.0028 0.0422 0.0066 
         095 16 0.9980 0.0003 0.0004 0.0013 
         096 16 0.9863 0.0102 0.0030 0.0004 
         097 16 0.8791 0.1115 0.0067 0.0027 
         098 16 0.9878 0.0007 0.0038 0.0077 
         099 16 0.9924 0.0004 0.0065 0.0007 
         100 16 0.9966 0.0007 0.0019 0.0008 
         101 16 0.9885 0.0057 0.0053 0.0005 
         102 16 0.9966 0.0018 0.0012 0.0004 
         103 16 0.9933 0.0020 0.0019 0.0028 
         104 16 0.9948 0.0012 0.0037 0.0004 
         105 16 0.8889 0.1024 0.0039 0.0048 
         106 16 0.9960 0.0011 0.0024 0.0004 
         107 16 0.9448 0.0018 0.0043 0.0491 
         108 16 0.6578 0.1027 0.1709 0.0686 
         109 16 0.9756 0.0234 0.0004 0.0006 
         110 16 0.9980 0.0003 0.0014 0.0003 
         111 16 0.9830 0.0144 0.0016 0.0010 
         112 16 0.9877 0.0097 0.0015 0.0010 
         113 16 0.9418 0.0563 0.0014 0.0006 
         114 16 0.9900 0.0028 0.0016 0.0056 
         115 16 0.9983 0.0005 0.0007 0.0004 
         116 16 0.9946 0.0038 0.0011 0.0004 
         117 16 0.9785 0.0174 0.0007 0.0033 
         118 16 0.9853 0.0013 0.0126 0.0008 
         119 16 0.9954 0.0019 0.0010 0.0016 
         120 16 0.9967 0.0017 0.0005 0.0011 
         121 16 0.9710 0.0026 0.0261 0.0003 
         122 16 0.9989 0.0004 0.0004 0.0003 
         123 16 0.9938 0.0034 0.0005 0.0023 
         124 16 0.9947 0.0036 0.0014 0.0004 
         126 16 0.8580 0.1353 0.0027 0.0041 
         001 17 0.9888 0.0018 0.0005 0.0089 
         002 17 0.9977 0.0013 0.0004 0.0006 
         003 17 0.9980 0.0005 0.0004 0.0010 
         005 17 0.9745 0.0006 0.0005 0.0245 
         006 17 0.9553 0.0431 0.0003 0.0012 
         007 17 0.8372 0.1345 0.0243 0.0039 
         008 17 0.8759 0.1227 0.0007 0.0006 
         009 17 0.9987 0.0003 0.0005 0.0006 
         010 17 0.9977 0.0006 0.0010 0.0006 
         011 17 0.4947 0.1142 0.3902 0.0008 
         012 17 0.9967 0.0011 0.0016 0.0006 
         013 17 0.9988 0.0003 0.0003 0.0006 
         014 17 0.9978 0.0004 0.0003 0.0014 
         015 17 0.9962 0.0030 0.0003 0.0005 
         016 17 0.9984 0.0008 0.0005 0.0004 
         017 17 0.9960 0.0020 0.0010 0.0009 
         018 17 0.9541 0.0206 0.0004 0.0248 
         019 17 0.9984 0.0003 0.0007 0.0006 
         020 17 0.9978 0.0010 0.0008 0.0004 
         021 17 0.9984 0.0005 0.0007 0.0004 
         022 17 0.9404 0.0494 0.0010 0.0092 
         023 17 0.9957 0.0014 0.0005 0.0024 
         024 17 0.9177 0.0790 0.0023 0.0011 
         025 17 0.9987 0.0005 0.0003 0.0005 
         002 18 0.9937 0.0003 0.0016 0.0044 
         003 18 0.9983 0.0002 0.0010 0.0004 
         004 18 0.9828 0.0132 0.0010 0.0031 
         005 18 0.9693 0.0020 0.0280 0.0007 
         006 18 0.9985 0.0003 0.0008 0.0004 
         007 18 0.9938 0.0036 0.0003 0.0023 
         008 18 0.9974 0.0005 0.0017 0.0004 
         009 18 0.9823 0.0149 0.0016 0.0012 
         010 18 0.9908 0.0007 0.0055 0.0030 
         011 18 0.9962 0.0007 0.0014 0.0017 
         012 18 0.9917 0.0045 0.0033 0.0005 
         015 18 0.9972 0.0009 0.0016 0.0004 
         016 18 0.9940 0.0050 0.0004 0.0005 
         018 18 0.9908 0.0004 0.0037 0.0050 
         026 18 0.9950 0.0016 0.0007 0.0027 
         027 18 0.9962 0.0003 0.0014 0.0020 
         028 18 0.9694 0.0013 0.0003 0.0290 
         029 18 0.9980 0.0011 0.0005 0.0005 
         031 18 0.8110 0.0731 0.0811 0.0348 
         032 18 0.9979 0.0005 0.0003 0.0013 
         033 18 0.9972 0.0008 0.0008 0.0012 
         035 18 0.9978 0.0010 0.0007 0.0005 
         036 18 0.9899 0.0005 0.0087 0.0009 
         037 18 0.9697 0.0059 0.0097 0.0147 
         038 18 0.9328 0.0134 0.0023 0.0515 
         039 18 0.9982 0.0004 0.0011 0.0004 
         044 18 0.8672 0.1309 0.0006 0.0013 
         046 18 0.9582 0.0007 0.0343 0.0068 
         049 18 0.9985 0.0004 0.0003 0.0008 
         053 18 0.9968 0.0015 0.0004 0.0013 
         054 18 0.9923 0.0059 0.0010 0.0008 
         056 18 0.9890 0.0049 0.0030 0.0031 
         057 18 0.9957 0.0006 0.0031 0.0006 
         058 18 0.9911 0.0008 0.0029 0.0052 
        001s 19 0.9456 0.0532 0.0008 0.0004 
        002s 19 0.9966 0.0015 0.0008 0.0011 
        003s 19 0.9963 0.0028 0.0005 0.0005 
        004s 19 0.9682 0.0021 0.0245 0.0052 
        005s 19 0.8838 0.0410 0.0720 0.0032 
        006s 19 0.9951 0.0018 0.0016 0.0015 
        007s 19 0.9728 0.0146 0.0121 0.0005 
        008s 19 0.9483 0.0356 0.0153 0.0008 
        009s 19 0.9961 0.0011 0.0023 0.0005 
        010s 19 0.9790 0.0058 0.0005 0.0147 
        011s 19 0.9925 0.0010 0.0009 0.0056 
        012s 19 0.9947 0.0031 0.0005 0.0017 
        013s 19 0.9851 0.0136 0.0005 0.0008 
        014s 19 0.9114 0.0727 0.0154 0.0005 
        015s 19 0.9977 0.0013 0.0004 0.0006 
        016s 19 0.9327 0.0023 0.0433 0.0217 
        017s 19 0.9735 0.0191 0.0050 0.0024 
        018s 19 0.9943 0.0017 0.0026 0.0014 
        019s 19 0.9101 0.0854 0.0036 0.0009 
        020s 19 0.9206 0.0780 0.0007 0.0007 
        021s 19 0.9945 0.0033 0.0004 0.0018 
        022s 19 0.9903 0.0080 0.0007 0.0011 
        023s 19 0.9943 0.0014 0.0020 0.0024 
        024s 19 0.9950 0.0003 0.0024 0.0023 
        025s 19 0.9018 0.0881 0.0090 0.0011 
        026s 19 0.9843 0.0086 0.0035 0.0035 
        027s 19 0.9964 0.0020 0.0010 0.0007 
        028s 19 0.9936 0.0054 0.0003 0.0007 
        029s 19 0.9977 0.0004 0.0005 0.0014 
        030s 19 0.9934 0.0024 0.0007 0.0035 
        031s 19 0.9967 0.0022 0.0006 0.0005 
        032s 19 0.9978 0.0015 0.0004 0.0004 
        033s 19 0.9941 0.0005 0.0043 0.0011 
        034s 19 0.9976 0.0009 0.0010 0.0005 
        035s 19 0.9839 0.0092 0.0041 0.0028 
        036s 19 0.9975 0.0008 0.0014 0.0003 
        037s 19 0.9981 0.0005 0.0003 0.0010 
        038s 19 0.9952 0.0018 0.0016 0.0014 
        039s 19 0.9984 0.0006 0.0004 0.0005 
        040s 19 0.9940 0.0051 0.0003 0.0005 
        041s 19 0.9987 0.0004 0.0005 0.0003 
        042s 19 0.9725 0.0021 0.0143 0.0111 
        043s 19 0.9653 0.0322 0.0006 0.0019 
        044s 19 0.9977 0.0004 0.0012 0.0007 
        045s 19 0.9974 0.0003 0.0014 0.0009 
        046s 19 0.9910 0.0022 0.0054 0.0015 
        047s 19 0.9956 0.0036 0.0003 0.0005 
        048s 19 0.8994 0.0989 0.0006 0.0011 
        049s 19 0.9757 0.0184 0.0053 0.0006 
        050s 19 0.9985 0.0005 0.0005 0.0004 
        051s 19 0.9262 0.0624 0.0105 0.0008 
        052s 19 0.9972 0.0010 0.0007 0.0012 
      LIW2-4 20 0.9938 0.0017 0.0020 0.0025 
     LIW2-12 21 0.9087 0.0005 0.0772 0.0136 
     LIW2-20 22 0.9933 0.0013 0.0010 0.0043 
     LIW2-28 23 0.8926 0.0319 0.0737 0.0018 
      LIW1-5 24 0.9945 0.0007 0.0029 0.0019 
     LIW1-13 25 0.9132 0.0737 0.0126 0.0004 
     LIW1-21 26 0.9551 0.0014 0.0353 0.0082 
     LIW1-29 27 0.9634 0.0170 0.0171 0.0025 
      LIW2-5 28 0.9900 0.0006 0.0020 0.0073 
     LIW2-34 29 0.9879 0.0004 0.0029 0.0088 
     LIW2-21 30 0.8950 0.0844 0.0190 0.0016 
     LIW2-29 31 0.8139 0.1799 0.0020 0.0042 
      LIW1-6 32 0.9953 0.0005 0.0033 0.0010 
     LIW1-14 33 0.9196 0.0441 0.0008 0.0355 
     LIW1-22 34 0.9661 0.0005 0.0054 0.0280 
     LIW1-30 35 0.9950 0.0008 0.0031 0.0012 
      LIW2-6 36 0.9653 0.0085 0.0233 0.0030 
     LIW2-14 37 0.9935 0.0007 0.0053 0.0005 
     LIW2-22 38 0.8893 0.0155 0.0935 0.0016 
     LIW2-30 39 0.9518 0.0007 0.0040 0.0434 
      LIW1-7 40 0.9163 0.0116 0.0612 0.0109 
     LIW1-15 41 0.9847 0.0004 0.0097 0.0051 
     LIW1-23 42 0.9884 0.0033 0.0056 0.0027 
     LIW1-31 43 0.9872 0.0022 0.0067 0.0039 
      LIW2-7 44 0.9112 0.0812 0.0011 0.0065 
     LIW2-15 45 0.9398 0.0008 0.0037 0.0557 
     LIW2-23 46 0.9110 0.0009 0.0872 0.0010 
      LIW1-8 47 0.9958 0.0006 0.0027 0.0008 
     LIW1-16 48 0.9963 0.0008 0.0018 0.0011 
      LIW2-8 49 0.9938 0.0005 0.0024 0.0033 
     LIW2-16 50 0.6439 0.3128 0.0389 0.0045 
     LIW2-24 51 0.7986 0.1859 0.0130 0.0024 
     LIW2-32 52 0.9346 0.0071 0.0523 0.0060 
     LIW1-47 53 0.9751 0.0087 0.0138 0.0024 
      UMFS-1 54 0.0003 0.0003 0.0002 0.9992 
     UMFS-19 55 0.0001 0.0002 0.0001 0.9995 
     UMFS-31 56 0.1903 0.0002 0.0007 0.8089 
      UMFS-2 57 0.0621 0.0002 0.0002 0.9376 
     UMFS-10 58 0.1063 0.0003 0.0003 0.8931 
     UMFS-20 59 0.1539 0.0021 0.0004 0.8435 
     UMFS-32 60 0.0004 0.0005 0.0003 0.9988 
      UMFS-3 61 0.0001 0.0001 0.0001 0.9998 
     UMFS-11 62 0.5869 0.4059 0.0067 0.0004 
     UMFS-21 63 0.0379 0.0162 0.0097 0.9362 
     UMFS-33 64 0.0000 0.0000 0.0000 0.9999 
      UMFS-4 65 0.0001 0.0000 0.0000 0.9999 
     UMFS-22 66 0.0472 0.0014 0.0015 0.9499 
     UMFS-34 67 0.3240 0.0097 0.0802 0.5861 
      UMFS-5 68 0.0803 0.0020 0.0006 0.9172 
     UMFS-13 69 0.0010 0.0007 0.0016 0.9966 
     UMFS-23 70 0.2285 0.0018 0.0010 0.7688 
     UMFS-35 71 0.0001 0.0001 0.0001 0.9997 
      UMFS-6 72 0.0001 0.0001 0.0001 0.9998 
     UMFS-14 73 0.0000 0.0000 0.0000 0.9999 
     UMFS-24 74 0.2472 0.0021 0.0002 0.7505 
     UMFS-36 75 0.0000 0.0000 0.0000 0.9999 
      UMFS-7 76 0.3240 0.5613 0.1145 0.0002 
     UMFS-15 77 0.0001 0.0001 0.0001 0.9998 
     UMFS-25 78 0.2024 0.0061 0.0002 0.7913 
     UMFS-37 79 0.0000 0.0001 0.0000 0.9998 
      UMFS-8 80 0.0121 0.0016 0.0009 0.9854 
     UMFS-16 81 0.0001 0.0001 0.0001 0.9997 
     UMFS-26 82 0.3605 0.0217 0.1354 0.4823 
     UMFS-38 83 0.0001 0.0001 0.0001 0.9997 
      NEH1-2 84 0.0013 0.0178 0.9799 0.0010 
     NEH1-11 85 0.0016 0.0323 0.9655 0.0005 
     NEH1-20 86 0.1144 0.0008 0.8800 0.0049 
     NEH1-29 87 0.0007 0.0002 0.9989 0.0002 
      NEH2-2 88 0.0002 0.0002 0.9993 0.0002 
     NEH2-10 89 0.0045 0.0005 0.9948 0.0002 
     NEH2-18 90 0.0001 0.0004 0.9993 0.0002 
     NEH2-26 91 0.0011 0.0007 0.9979 0.0004 
      NEH1-3 92 0.1536 0.0004 0.8456 0.0003 
     NEH1-12 93 0.0004 0.0507 0.9483 0.0005 
     NEH1-21 94 0.0650 0.0018 0.9330 0.0002 
     NEH1-30 95 0.0701 0.0110 0.9187 0.0002 
      NEH2-3 96 0.0001 0.0001 0.9996 0.0001 
     NEH2-11 97 0.0006 0.0029 0.9923 0.0042 
     NEH2-19 98 0.0022 0.0010 0.9943 0.0025 
     NEH2-27 99 0.0001 0.0001 0.9997 0.0001 
      NEH1-4 100 0.0001 0.0002 0.9995 0.0002 
     NEH1-13 101 0.2269 0.0015 0.7712 0.0004 
     NEH1-22 102 0.1965 0.0004 0.8018 0.0012 
     NEH1-31 103 0.0003 0.0002 0.9993 0.0001 
      NEH2-4 104 0.0026 0.0009 0.9951 0.0014 
     NEH2-12 105 0.0007 0.0369 0.9474 0.0149 
     NEH2-20 106 0.1936 0.0002 0.8059 0.0003 
     NEH2-28 107 0.0013 0.0028 0.9955 0.0004 
      NEH1-5 108 0.1328 0.0028 0.8640 0.0004 
     NEH1-14 109 0.1623 0.0688 0.7683 0.0006 
     NEH1-23 110 0.2240 0.0003 0.7711 0.0046 
     NEH1-32 111 0.0011 0.0011 0.9974 0.0003 
      NEH2-5 112 0.0002 0.0001 0.9996 0.0001 
     NEH2-13 113 0.0018 0.0060 0.9918 0.0003 
     NEH2-22 114 0.0005 0.0004 0.9985 0.0006 
     NEH2-29 115 0.0314 0.0004 0.9675 0.0007 
      NEH1-6 116 0.0002 0.0002 0.9995 0.0001 
     NEH1-15 117 0.0015 0.0423 0.9560 0.0002 
     NEH1-24 118 0.0008 0.0026 0.9951 0.0015 
     NEH1-33 119 0.1210 0.0006 0.8776 0.0007 
      NEH2-6 120 0.0096 0.0003 0.9830 0.0071 
     NEH2-14 121 0.0035 0.0013 0.9945 0.0008 
     NEH2-21 122 0.0396 0.0004 0.9585 0.0015 
     NEH2-30 123 0.0001 0.0001 0.9996 0.0002 
      NEH1-7 124 0.0735 0.0783 0.8470 0.0013 
     NEH1-16 125 0.0003 0.0003 0.9993 0.0001 
     NEH1-25 126 0.1196 0.0007 0.8768 0.0029 
     NEH1-34 127 0.0600 0.0066 0.9326 0.0007 
      NEH2-7 128 0.0021 0.0008 0.9952 0.0020 
     NEH2-15 129 0.0001 0.0001 0.9998 0.0001 
     NEH2-23 130 0.0098 0.0418 0.9469 0.0015 
     NEH2-31 131 0.0002 0.0001 0.9995 0.0002 
      NEH1-8 132 0.1016 0.0620 0.8362 0.0003 
     NEH1-17 133 0.0019 0.0954 0.9020 0.0007 
     NEH1-26 134 0.1478 0.0007 0.8501 0.0014 
     NEH1-35 135 0.1828 0.0032 0.8135 0.0005 
      NEH2-8 136 0.0001 0.0001 0.9997 0.0001 
     NEH2-16 137 0.0006 0.0004 0.9982 0.0008 
     NEH2-24 138 0.0002 0.0001 0.9994 0.0004 
     NEH2-32 139 0.0003 0.0584 0.9406 0.0007 
      NEH1-1 140 0.0015 0.0781 0.9187 0.0018 
     NEH1-10 141 0.0002 0.0002 0.9995 0.0001 
     NEH1-19 142 0.1196 0.0013 0.8788 0.0003 
     NEH1-28 143 0.0007 0.0416 0.9575 0.0002 
      NEH2-1 144 0.0018 0.0011 0.9967 0.0004 
      NEH2-9 145 0.0003 0.0002 0.9992 0.0003 
     NEH2-17 146 0.0046 0.0298 0.9651 0.0004 
     NEH2-25 147 0.0003 0.0010 0.9986 0.0002 
