        001s  1 0.9986 0.0008 0.0007 
        002s  1 0.9966 0.0011 0.0023 
        003s  1 0.9929 0.0033 0.0038 
        004s  1 0.9474 0.0054 0.0472 
        005s  1 0.5695 0.0022 0.4283 
        006s  1 0.9984 0.0007 0.0009 
        007s  1 0.9935 0.0045 0.0019 
        008s  1 0.9938 0.0013 0.0048 
        009s  1 0.9167 0.0100 0.0733 
        010s  1 0.9929 0.0006 0.0065 
        011s  1 0.9936 0.0034 0.0029 
        012s  1 0.8655 0.0033 0.1312 
        013s  1 0.9574 0.0123 0.0303 
        014s  1 0.9622 0.0141 0.0237 
        015s  1 0.9986 0.0008 0.0007 
        016s  1 0.9843 0.0139 0.0018 
        018s  1 0.8597 0.0023 0.1380 
        019s  1 0.9931 0.0017 0.0052 
        020s  1 0.9869 0.0125 0.0006 
        021s  1 0.9897 0.0089 0.0014 
        022s  1 0.9986 0.0010 0.0004 
        023s  1 0.9863 0.0131 0.0005 
        024s  1 0.9971 0.0011 0.0018 
        025s  1 0.9868 0.0016 0.0116 
        026s  1 0.9864 0.0122 0.0014 
        027s  1 0.9858 0.0035 0.0107 
        028s  1 0.8906 0.0009 0.1084 
        029s  1 0.9977 0.0012 0.0011 
        030s  1 0.9942 0.0012 0.0046 
        031s  1 0.9978 0.0017 0.0004 
        032s  1 0.9976 0.0012 0.0012 
        033s  1 0.9926 0.0013 0.0061 
        034s  1 0.9433 0.0550 0.0017 
        035s  1 0.9951 0.0015 0.0033 
        036s  1 0.9222 0.0024 0.0754 
        037s  1 0.8214 0.0601 0.1185 
        038s  1 0.9967 0.0012 0.0021 
        039s  1 0.9947 0.0006 0.0047 
        040s  1 0.9921 0.0045 0.0034 
        041s  1 0.9926 0.0057 0.0017 
        042s  1 0.8673 0.0959 0.0369 
        043s  1 0.9805 0.0008 0.0187 
        044s  1 0.8783 0.0090 0.1127 
        045s  1 0.9933 0.0014 0.0053 
        046s  1 0.9981 0.0009 0.0010 
        047s  1 0.9914 0.0081 0.0006 
        048s  1 0.9906 0.0014 0.0080 
        049s  1 0.9979 0.0007 0.0014 
        050s  1 0.8993 0.0009 0.0998 
        051s  1 0.9978 0.0016 0.0006 
        052s  1 0.9722 0.0025 0.0252 
        053s  1 0.9976 0.0008 0.0015 
        054s  1 0.9973 0.0018 0.0010 
        055s  1 0.8375 0.0846 0.0779 
          01  2 0.8773 0.0058 0.1169 
          02  2 0.9757 0.0011 0.0232 
          03  2 0.9961 0.0018 0.0021 
          04  2 0.9576 0.0158 0.0266 
          05  2 0.9035 0.0008 0.0958 
          06  2 0.9613 0.0010 0.0377 
          07  2 0.9777 0.0011 0.0212 
          08  2 0.9454 0.0012 0.0533 
          09  2 0.9990 0.0005 0.0005 
          10  2 0.9974 0.0007 0.0018 
          11  2 0.9897 0.0050 0.0053 
          12  2 0.9980 0.0008 0.0013 
          13  2 0.9984 0.0009 0.0007 
          14  2 0.9731 0.0256 0.0013 
          15  2 0.9974 0.0017 0.0008 
          16  2 0.9505 0.0068 0.0427 
          17  2 0.9946 0.0020 0.0035 
          18  2 0.9671 0.0016 0.0313 
          19  2 0.9923 0.0066 0.0011 
          20  2 0.9159 0.0128 0.0713 
          21  2 0.9977 0.0010 0.0012 
          22  2 0.9841 0.0095 0.0065 
          23  2 0.9938 0.0033 0.0029 
          24  2 0.9977 0.0012 0.0011 
          25  2 0.9589 0.0016 0.0395 
          26  2 0.9987 0.0004 0.0009 
          27  2 0.9798 0.0056 0.0147 
          28  2 0.9932 0.0061 0.0008 
          29  2 0.9981 0.0005 0.0014 
          30  2 0.7736 0.1019 0.1245 
          01  3 0.3546 0.0158 0.6296 
          02  3 0.1931 0.0102 0.7967 
          03  3 0.3812 0.0031 0.6158 
          04  3 0.2017 0.0038 0.7944 
          05  3 0.0730 0.1518 0.7752 
          06  3 0.0867 0.0014 0.9118 
          07  3 0.3975 0.0008 0.6017 
          08  3 0.3071 0.0153 0.6776 
          09  3 0.3220 0.0152 0.6628 
          10  3 0.2487 0.1367 0.6146 
          11  3 0.3019 0.0006 0.6975 
          12  3 0.2893 0.0014 0.7092 
          13  3 0.0233 0.0007 0.9760 
          14  3 0.0395 0.1696 0.7909 
          15  3 0.3572 0.0059 0.6369 
          16  3 0.0799 0.0031 0.9170 
          17  3 0.4348 0.0015 0.5637 
          18  3 0.1780 0.2904 0.5316 
          19  3 0.1657 0.0085 0.8258 
          20  3 0.1845 0.0732 0.7423 
          21  3 0.2478 0.0122 0.7400 
          22  3 0.3085 0.0116 0.6799 
          23  3 0.2451 0.0027 0.7522 
          24  3 0.2316 0.0158 0.7526 
          25  3 0.1627 0.1872 0.6501 
          26  3 0.2435 0.0016 0.7550 
          27  3 0.1970 0.1795 0.6235 
          28  3 0.0969 0.0003 0.9028 
          29  3 0.1782 0.0215 0.8003 
          30  3 0.3266 0.0008 0.6726 
         001  4 0.0014 0.1065 0.8920 
         002  4 0.0764 0.0656 0.8580 
         003  4 0.0498 0.0802 0.8700 
         004  4 0.0007 0.0646 0.9347 
         005  4 0.0031 0.1216 0.8753 
         006  4 0.0780 0.0378 0.8842 
         007  4 0.0978 0.0817 0.8204 
         008  4 0.0527 0.1251 0.8222 
         009  4 0.0021 0.0951 0.9028 
         010  4 0.0006 0.0008 0.9986 
         011  4 0.0090 0.1532 0.8377 
         012  4 0.0237 0.1126 0.8637 
         013  4 0.0210 0.0211 0.9579 
         014  4 0.0304 0.0901 0.8795 
         015  4 0.0008 0.0020 0.9972 
         016  4 0.0027 0.0616 0.9357 
         017  4 0.0922 0.0030 0.9048 
         019  4 0.0066 0.0985 0.8949 
         020  4 0.0811 0.0848 0.8342 
         021  4 0.0135 0.1026 0.8838 
         001  5 0.0275 0.1183 0.8542 
         002  5 0.1256 0.0973 0.7771 
         003  5 0.2193 0.0882 0.6925 
         004  5 0.1398 0.0948 0.7654 
         005  5 0.0438 0.0968 0.8595 
         006  5 0.1002 0.0064 0.8934 
         007  5 0.0065 0.0797 0.9138 
         008  5 0.0226 0.0505 0.9269 
         009  5 0.1613 0.0727 0.7659 
         010  5 0.0447 0.1006 0.8547 
         011  5 0.0145 0.1416 0.8439 
         012  5 0.1054 0.0737 0.8209 
         013  5 0.2941 0.0286 0.6773 
         014  5 0.2386 0.1032 0.6583 
         015  5 0.0067 0.0619 0.9314 
         016  5 0.0980 0.0293 0.8728 
         017  5 0.1803 0.0092 0.8105 
         018  5 0.1451 0.0924 0.7625 
         019  5 0.0500 0.0930 0.8571 
         020  5 0.0245 0.1068 0.8687 
         021  5 0.2295 0.0979 0.6726 
         022  5 0.1194 0.1275 0.7531 
         023  5 0.0071 0.0728 0.9202 
         024  5 0.2007 0.0295 0.7698 
         025  5 0.1564 0.0320 0.8117 
         026  5 0.2617 0.0284 0.7098 
         027  5 0.0345 0.0611 0.9044 
         028  5 0.0987 0.0897 0.8116 
         029  5 0.1126 0.0100 0.8774 
         030  5 0.0874 0.0899 0.8226 
        001s  6 0.9574 0.0235 0.0191 
        002s  6 0.9783 0.0019 0.0199 
        003s  6 0.9910 0.0040 0.0050 
        004s  6 0.9984 0.0010 0.0006 
        006s  6 0.8936 0.0222 0.0842 
        007s  6 0.9977 0.0006 0.0016 
        008s  6 0.9892 0.0085 0.0023 
        009s  6 0.9982 0.0013 0.0006 
        010s  6 0.9499 0.0205 0.0295 
        011s  6 0.9958 0.0023 0.0019 
        012s  6 0.9958 0.0022 0.0021 
        013s  6 0.9975 0.0007 0.0018 
        014s  6 0.9461 0.0008 0.0531 
        015s  6 0.9619 0.0099 0.0282 
        016s  6 0.9973 0.0017 0.0010 
        018s  6 0.7579 0.0071 0.2350 
        019s  6 0.9804 0.0037 0.0159 
        020s  6 0.9986 0.0007 0.0007 
        021s  6 0.9815 0.0057 0.0128 
        022s  6 0.9941 0.0051 0.0008 
        023s  6 0.9914 0.0012 0.0074 
        024s  6 0.9724 0.0019 0.0257 
        025s  6 0.9259 0.0718 0.0023 
        026s  6 0.9984 0.0007 0.0009 
        027s  6 0.9982 0.0007 0.0011 
        028s  6 0.9368 0.0133 0.0499 
        029s  6 0.9976 0.0019 0.0006 
        030s  6 0.9294 0.0199 0.0507 
        031s  6 0.9932 0.0005 0.0063 
        032s  6 0.9876 0.0010 0.0114 
        033s  6 0.9612 0.0018 0.0370 
        034s  6 0.9778 0.0197 0.0025 
        035s  6 0.8830 0.0032 0.1138 
        036s  6 0.9938 0.0017 0.0045 
        037s  6 0.9958 0.0025 0.0017 
        038s  6 0.9981 0.0010 0.0009 
        039s  6 0.9986 0.0010 0.0004 
        040s  6 0.9984 0.0006 0.0011 
        041s  6 0.9868 0.0116 0.0017 
        042s  6 0.9348 0.0622 0.0030 
        043s  6 0.9889 0.0099 0.0012 
        044s  6 0.9980 0.0010 0.0010 
        045s  6 0.9943 0.0038 0.0019 
        001s  7 0.9970 0.0016 0.0014 
        002s  7 0.9843 0.0032 0.0126 
        003s  7 0.9948 0.0018 0.0034 
        004s  7 0.9954 0.0008 0.0038 
        005s  7 0.9780 0.0040 0.0180 
        006s  7 0.9460 0.0108 0.0432 
        007s  7 0.9784 0.0028 0.0188 
        008s  7 0.9948 0.0019 0.0033 
        009s  7 0.9786 0.0158 0.0056 
        010s  7 0.9969 0.0023 0.0009 
        011s  7 0.9978 0.0013 0.0009 
        012s  7 0.9983 0.0009 0.0008 
        013s  7 0.9918 0.0065 0.0016 
        014s  7 0.9861 0.0005 0.0133 
        015s  7 0.9846 0.0021 0.0133 
        016s  7 0.9408 0.0109 0.0483 
        017s  7 0.9975 0.0011 0.0014 
        018s  7 0.9969 0.0011 0.0021 
        019s  7 0.9805 0.0164 0.0031 
        020s  7 0.9979 0.0006 0.0015 
        021s  7 0.9971 0.0015 0.0014 
        022s  7 0.9927 0.0012 0.0061 
        023s  7 0.9639 0.0294 0.0067 
        024s  7 0.9978 0.0009 0.0014 
        025s  7 0.9946 0.0015 0.0039 
        026s  7 0.9971 0.0017 0.0012 
        027s  7 0.9973 0.0008 0.0019 
        028s  7 0.9949 0.0007 0.0044 
        029s  7 0.9899 0.0041 0.0060 
        030s  7 0.9931 0.0063 0.0006 
        031s  7 0.9806 0.0160 0.0034 
        032s  7 0.9329 0.0009 0.0662 
        033s  7 0.9746 0.0032 0.0221 
        034s  7 0.9634 0.0010 0.0356 
        035s  7 0.9976 0.0019 0.0005 
        036s  7 0.9850 0.0135 0.0015 
        037s  7 0.9165 0.0077 0.0758 
        038s  7 0.9931 0.0021 0.0048 
        039s  7 0.9990 0.0005 0.0005 
        040s  7 0.9329 0.0010 0.0662 
        041s  7 0.9895 0.0030 0.0075 
        042s  7 0.9955 0.0004 0.0041 
        043s  7 0.9947 0.0047 0.0006 
        044s  7 0.8844 0.0428 0.0729 
         003  8 0.9924 0.0013 0.0062 
         009  8 0.9968 0.0017 0.0015 
         010  8 0.9964 0.0032 0.0004 
         017  8 0.9942 0.0048 0.0011 
         002  9 0.9975 0.0018 0.0007 
         003  9 0.9991 0.0006 0.0004 
         004  9 0.9980 0.0017 0.0004 
         005  9 0.9925 0.0066 0.0009 
         006  9 0.9962 0.0023 0.0015 
         007  9 0.9966 0.0021 0.0013 
         009  9 0.9963 0.0028 0.0009 
         010  9 0.9972 0.0023 0.0005 
         013  9 0.9961 0.0025 0.0014 
         014  9 0.9963 0.0032 0.0005 
         016  9 0.9986 0.0010 0.0003 
         018  9 0.9961 0.0026 0.0013 
         019  9 0.9978 0.0009 0.0013 
         020  9 0.9990 0.0005 0.0006 
         021  9 0.9986 0.0010 0.0004 
         022  9 0.9985 0.0009 0.0006 
         024  9 0.9944 0.0048 0.0009 
         028  9 0.9968 0.0024 0.0008 
         029  9 0.9985 0.0010 0.0004 
         030  9 0.9980 0.0015 0.0005 
         031  9 0.9981 0.0007 0.0011 
         033  9 0.9960 0.0019 0.0021 
         001 10 0.9988 0.0005 0.0007 
         002 10 0.9984 0.0012 0.0004 
         003 10 0.9824 0.0169 0.0007 
         004 10 0.9960 0.0035 0.0004 
         005 10 0.9981 0.0014 0.0005 
         006 10 0.9977 0.0011 0.0012 
         007 10 0.9959 0.0034 0.0007 
         008 10 0.9929 0.0060 0.0011 
         009 10 0.9980 0.0007 0.0013 
         010 10 0.9981 0.0012 0.0007 
         011 10 0.9580 0.0407 0.0013 
         012 10 0.9944 0.0043 0.0013 
         013 10 0.9980 0.0010 0.0009 
         014 10 0.9980 0.0012 0.0008 
         016 10 0.9976 0.0013 0.0011 
         017 10 0.9975 0.0014 0.0011 
         018 10 0.9959 0.0010 0.0031 
         019 10 0.9974 0.0018 0.0007 
         020 10 0.9954 0.0027 0.0019 
         021 10 0.9988 0.0005 0.0007 
         022 10 0.9982 0.0011 0.0007 
         023 10 0.9981 0.0010 0.0008 
         024 10 0.9969 0.0027 0.0004 
         026 10 0.9987 0.0008 0.0006 
        001s 11 0.9101 0.0353 0.0546 
        002s 11 0.9949 0.0023 0.0028 
        003s 11 0.9961 0.0007 0.0032 
        004s 11 0.9970 0.0020 0.0009 
        005s 11 0.9974 0.0007 0.0019 
        006s 11 0.9861 0.0033 0.0107 
        007s 11 0.9387 0.0016 0.0597 
        008s 11 0.9986 0.0006 0.0008 
        009s 11 0.9986 0.0009 0.0005 
        010s 11 0.9974 0.0012 0.0014 
        011s 11 0.8658 0.0212 0.1130 
        012s 11 0.9200 0.0008 0.0792 
        013s 11 0.9970 0.0017 0.0014 
        014s 11 0.9792 0.0014 0.0194 
        015s 11 0.9890 0.0074 0.0036 
        016s 11 0.9238 0.0674 0.0088 
        017s 11 0.9319 0.0038 0.0643 
        018s 11 0.9929 0.0017 0.0054 
        019s 11 0.9723 0.0267 0.0010 
        020s 11 0.9953 0.0023 0.0024 
        021s 11 0.9973 0.0018 0.0009 
        022s 11 0.9791 0.0007 0.0202 
        023s 11 0.9564 0.0353 0.0083 
        025s 11 0.9979 0.0015 0.0007 
        026s 11 0.9314 0.0621 0.0064 
        027s 11 0.9962 0.0011 0.0028 
        028s 11 0.9930 0.0016 0.0054 
        029s 11 0.9836 0.0007 0.0157 
        030s 11 0.9635 0.0024 0.0340 
        031s 11 0.9986 0.0005 0.0009 
        032s 11 0.9956 0.0036 0.0008 
        033s 11 0.9960 0.0012 0.0028 
        034s 11 0.9966 0.0006 0.0028 
        035s 11 0.9945 0.0006 0.0049 
        036s 11 0.9813 0.0008 0.0180 
        037s 11 0.9964 0.0022 0.0015 
        038s 11 0.9968 0.0010 0.0022 
        039s 11 0.9974 0.0015 0.0012 
        040s 11 0.9162 0.0015 0.0823 
        041s 11 0.9924 0.0058 0.0018 
        042s 11 0.9858 0.0128 0.0014 
        043s 11 0.9542 0.0317 0.0142 
        044s 11 0.9922 0.0061 0.0016 
        045s 11 0.9865 0.0122 0.0013 
        046s 11 0.9442 0.0361 0.0197 
        047s 11 0.9968 0.0019 0.0013 
        048s 11 0.9522 0.0414 0.0064 
        049s 11 0.9968 0.0021 0.0011 
        050s 11 0.9972 0.0019 0.0009 
        051s 11 0.9453 0.0511 0.0036 
        052s 11 0.9904 0.0032 0.0065 
        053s 11 0.9980 0.0014 0.0006 
        054s 11 0.9943 0.0008 0.0049 
        055s 11 0.9443 0.0007 0.0550 
        001s 12 0.9918 0.0014 0.0068 
        002s 12 0.9974 0.0013 0.0013 
        003s 12 0.9987 0.0005 0.0008 
        004s 12 0.9692 0.0194 0.0114 
        005s 12 0.9981 0.0012 0.0008 
        006s 12 0.9591 0.0021 0.0387 
        007s 12 0.9957 0.0022 0.0021 
        008s 12 0.9875 0.0009 0.0116 
        009s 12 0.9730 0.0094 0.0176 
        010s 12 0.9405 0.0007 0.0588 
        011s 12 0.9946 0.0012 0.0042 
        012s 12 0.9895 0.0053 0.0052 
        013s 12 0.9571 0.0422 0.0007 
        014s 12 0.9108 0.0439 0.0453 
        015s 12 0.9950 0.0016 0.0034 
        016s 12 0.9934 0.0058 0.0008 
        017s 12 0.9945 0.0018 0.0037 
        018s 12 0.9963 0.0025 0.0011 
        019s 12 0.9967 0.0009 0.0024 
        020s 12 0.9512 0.0015 0.0472 
        021s 12 0.9948 0.0034 0.0018 
        022s 12 0.9597 0.0093 0.0309 
        023s 12 0.9977 0.0017 0.0006 
        024s 12 0.9984 0.0008 0.0007 
        025s 12 0.9899 0.0017 0.0084 
        026s 12 0.9891 0.0019 0.0090 
        027s 12 0.9952 0.0007 0.0041 
        028s 12 0.9937 0.0050 0.0013 
        029s 12 0.9976 0.0016 0.0009 
        030s 12 0.9972 0.0007 0.0021 
        031s 12 0.9918 0.0036 0.0045 
        032s 12 0.9980 0.0013 0.0007 
        033s 12 0.9911 0.0006 0.0083 
        034s 12 0.9989 0.0005 0.0006 
        035s 12 0.9891 0.0008 0.0101 
        036s 12 0.9800 0.0012 0.0188 
        037s 12 0.9976 0.0014 0.0010 
        001s 13 0.9919 0.0040 0.0041 
        002s 13 0.9318 0.0017 0.0665 
        003s 13 0.9971 0.0019 0.0009 
        004s 13 0.9945 0.0047 0.0008 
        005s 13 0.9846 0.0032 0.0122 
        006s 13 0.9971 0.0007 0.0022 
        007s 13 0.9790 0.0018 0.0192 
        008s 13 0.9534 0.0017 0.0449 
        009s 13 0.8805 0.0018 0.1177 
        010s 13 0.9466 0.0016 0.0518 
        011s 13 0.9490 0.0038 0.0472 
        012s 13 0.9269 0.0263 0.0467 
        013s 13 0.9430 0.0091 0.0480 
        014s 13 0.9759 0.0052 0.0189 
        015s 13 0.9856 0.0116 0.0028 
        016s 13 0.9978 0.0016 0.0005 
        017s 13 0.9471 0.0008 0.0521 
        018s 13 0.9982 0.0011 0.0007 
        019s 13 0.9972 0.0013 0.0014 
        020s 13 0.9916 0.0006 0.0077 
        021s 13 0.9970 0.0023 0.0007 
        022s 13 0.9966 0.0015 0.0019 
        023s 13 0.9983 0.0006 0.0011 
        024s 13 0.9269 0.0449 0.0282 
        025s 13 0.9949 0.0039 0.0012 
        026s 13 0.8823 0.0136 0.1041 
        027s 13 0.9576 0.0023 0.0401 
        028s 13 0.9584 0.0040 0.0377 
        029s 13 0.9839 0.0024 0.0137 
        030s 13 0.9283 0.0479 0.0238 
        031s 13 0.8899 0.1025 0.0076 
        032s 13 0.9977 0.0006 0.0017 
        033s 13 0.9430 0.0013 0.0556 
        034s 13 0.9398 0.0013 0.0588 
        035s 13 0.9935 0.0056 0.0009 
        036s 13 0.9972 0.0006 0.0021 
        037s 13 0.9964 0.0028 0.0009 
        038s 13 0.9956 0.0012 0.0033 
        039s 13 0.8322 0.0876 0.0801 
        040s 13 0.9963 0.0018 0.0019 
        041s 13 0.9267 0.0018 0.0715 
        042s 13 0.9974 0.0014 0.0012 
        001s 14 0.9868 0.0011 0.0121 
        002s 14 0.9301 0.0032 0.0667 
        003s 14 0.9978 0.0011 0.0010 
        004s 14 0.9710 0.0062 0.0228 
        005s 14 0.9987 0.0009 0.0004 
        006s 14 0.9987 0.0005 0.0008 
        007s 14 0.9964 0.0022 0.0014 
        008s 14 0.9045 0.0070 0.0884 
        009s 14 0.9960 0.0017 0.0023 
        010s 14 0.9844 0.0031 0.0125 
        011s 14 0.9368 0.0014 0.0618 
        012s 14 0.9959 0.0024 0.0017 
        013s 14 0.9887 0.0073 0.0039 
        014s 14 0.9868 0.0014 0.0118 
        015s 14 0.9946 0.0043 0.0011 
        016s 14 0.9832 0.0161 0.0007 
        017s 14 0.9205 0.0009 0.0787 
        018s 14 0.9971 0.0018 0.0011 
        019s 14 0.9951 0.0012 0.0038 
        020s 14 0.9974 0.0017 0.0008 
        021s 14 0.9974 0.0009 0.0017 
        022s 14 0.9876 0.0017 0.0107 
        023s 14 0.9923 0.0044 0.0032 
        024s 14 0.9467 0.0020 0.0513 
        025s 14 0.9934 0.0007 0.0059 
        026s 14 0.9980 0.0014 0.0007 
        027s 14 0.9934 0.0048 0.0018 
        028s 14 0.9969 0.0011 0.0020 
        029s 14 0.9977 0.0019 0.0004 
        030s 14 0.9927 0.0007 0.0066 
        031s 14 0.9939 0.0022 0.0039 
        032s 14 0.9944 0.0038 0.0018 
        033s 14 0.9689 0.0010 0.0301 
        034s 14 0.9985 0.0009 0.0005 
        035s 14 0.8364 0.0008 0.1628 
        036s 14 0.8811 0.0087 0.1102 
        037s 14 0.9948 0.0043 0.0008 
        038s 14 0.9982 0.0006 0.0012 
        039s 14 0.9875 0.0076 0.0049 
        040s 14 0.9933 0.0020 0.0047 
        041s 14 0.9973 0.0009 0.0018 
        042s 14 0.9651 0.0041 0.0308 
        001s 15 0.9968 0.0022 0.0009 
        002s 15 0.8845 0.0272 0.0883 
        003s 15 0.9820 0.0130 0.0049 
        004s 15 0.9989 0.0004 0.0007 
        005s 15 0.9729 0.0085 0.0186 
        006s 15 0.9854 0.0017 0.0129 
        007s 15 0.9987 0.0006 0.0007 
        008s 15 0.9983 0.0009 0.0008 
        009s 15 0.9084 0.0459 0.0457 
        010s 15 0.9971 0.0020 0.0010 
        011s 15 0.9365 0.0015 0.0620 
        012s 15 0.9914 0.0032 0.0054 
        013s 15 0.9974 0.0019 0.0007 
        014s 15 0.9885 0.0090 0.0025 
        015s 15 0.9027 0.0129 0.0844 
        016s 15 0.9067 0.0009 0.0925 
        017s 15 0.9943 0.0038 0.0019 
        018s 15 0.9984 0.0008 0.0009 
        019s 15 0.9900 0.0072 0.0028 
        020s 15 0.9979 0.0011 0.0010 
        021s 15 0.9284 0.0069 0.0646 
        022s 15 0.9971 0.0009 0.0021 
        023s 15 0.9625 0.0016 0.0359 
        024s 15 0.9956 0.0013 0.0031 
        025s 15 0.9553 0.0385 0.0063 
        026s 15 0.9673 0.0311 0.0016 
        027s 15 0.9813 0.0012 0.0175 
        028s 15 0.9969 0.0021 0.0011 
        029s 15 0.9971 0.0017 0.0012 
        030s 15 0.9985 0.0010 0.0005 
        031s 15 0.9322 0.0100 0.0578 
        032s 15 0.9966 0.0028 0.0005 
        033s 15 0.9472 0.0004 0.0524 
        035s 15 0.9920 0.0011 0.0069 
        036s 15 0.9913 0.0068 0.0018 
        037s 15 0.9933 0.0016 0.0051 
        038s 15 0.9946 0.0005 0.0049 
        039s 15 0.9612 0.0007 0.0381 
        040s 15 0.9912 0.0011 0.0077 
        041s 15 0.9138 0.0038 0.0824 
        042s 15 0.9965 0.0013 0.0023 
        043s 15 0.9879 0.0023 0.0097 
        044s 15 0.9945 0.0013 0.0042 
        045s 15 0.8827 0.0788 0.0385 
        046s 15 0.9626 0.0018 0.0356 
        047s 15 0.9668 0.0007 0.0325 
        048s 15 0.9777 0.0213 0.0010 
        049s 15 0.9825 0.0009 0.0166 
        050s 15 0.8835 0.0087 0.1078 
         001 16 0.8100 0.0014 0.1887 
         002 16 0.9670 0.0012 0.0318 
         003 16 0.9834 0.0023 0.0143 
         004 16 0.9964 0.0019 0.0017 
         005 16 0.9014 0.0347 0.0639 
         006 16 0.9653 0.0174 0.0174 
         007 16 0.9942 0.0023 0.0035 
         008 16 0.8592 0.0014 0.1393 
         009 16 0.9979 0.0007 0.0015 
         010 16 0.9912 0.0015 0.0073 
         011 16 0.9891 0.0026 0.0083 
         012 16 0.9958 0.0018 0.0025 
         013 16 0.9981 0.0009 0.0010 
         014 16 0.9736 0.0005 0.0259 
         015 16 0.6306 0.3683 0.0010 
         016 16 0.9782 0.0210 0.0008 
         017 16 0.9753 0.0013 0.0234 
         018 16 0.9178 0.0427 0.0395 
         019 16 0.9255 0.0009 0.0736 
         020 16 0.9984 0.0010 0.0006 
         021 16 0.8699 0.0009 0.1292 
         022 16 0.9925 0.0049 0.0026 
         023 16 0.9759 0.0157 0.0084 
         024 16 0.9639 0.0334 0.0027 
         025 16 0.9176 0.0056 0.0767 
         026 16 0.8888 0.0043 0.1069 
         027 16 0.9938 0.0028 0.0033 
         028 16 0.8339 0.0005 0.1656 
         029 16 0.9544 0.0015 0.0441 
         030 16 0.9958 0.0006 0.0036 
         031 16 0.9967 0.0010 0.0023 
         032 16 0.9155 0.0132 0.0712 
         033 16 0.9986 0.0004 0.0010 
         034 16 0.9900 0.0019 0.0081 
         035 16 0.9991 0.0004 0.0005 
         036 16 0.9966 0.0027 0.0008 
         037 16 0.9370 0.0041 0.0589 
         038 16 0.9880 0.0097 0.0023 
         039 16 0.9979 0.0009 0.0012 
         040 16 0.9948 0.0028 0.0024 
         041 16 0.9966 0.0022 0.0012 
         042 16 0.9972 0.0012 0.0016 
         043 16 0.9971 0.0016 0.0013 
         044 16 0.9927 0.0020 0.0053 
         045 16 0.9848 0.0004 0.0148 
         047 16 0.9551 0.0016 0.0433 
         048 16 0.9910 0.0008 0.0082 
         049 16 0.9937 0.0045 0.0019 
         050 16 0.9985 0.0005 0.0010 
         051 16 0.9961 0.0008 0.0031 
         052 16 0.9984 0.0011 0.0005 
         053 16 0.9984 0.0008 0.0007 
         054 16 0.9486 0.0010 0.0504 
         055 16 0.9147 0.0005 0.0848 
         056 16 0.9876 0.0114 0.0010 
         057 16 0.9422 0.0004 0.0575 
         058 16 0.8733 0.0206 0.1061 
         059 16 0.8017 0.0973 0.1009 
         060 16 0.9819 0.0152 0.0028 
         061 16 0.9948 0.0024 0.0028 
         062 16 0.9950 0.0006 0.0044 
         063 16 0.9966 0.0009 0.0024 
         064 16 0.9960 0.0032 0.0008 
         065 16 0.9916 0.0036 0.0049 
         066 16 0.9985 0.0008 0.0007 
         067 16 0.9181 0.0776 0.0044 
         068 16 0.9602 0.0349 0.0049 
         069 16 0.9980 0.0008 0.0012 
         070 16 0.9940 0.0009 0.0051 
         071 16 0.9002 0.0007 0.0991 
         072 16 0.9932 0.0022 0.0046 
         073 16 0.9965 0.0007 0.0028 
         074 16 0.9986 0.0005 0.0009 
         075 16 0.9518 0.0012 0.0471 
         076 16 0.9976 0.0008 0.0016 
         077 16 0.8984 0.0637 0.0379 
         078 16 0.9892 0.0045 0.0063 
         079 16 0.9091 0.0019 0.0890 
         080 16 0.9969 0.0019 0.0011 
         081 16 0.9332 0.0009 0.0659 
         082 16 0.9560 0.0005 0.0436 
         083 16 0.9962 0.0028 0.0011 
         084 16 0.9933 0.0021 0.0046 
         085 16 0.9842 0.0144 0.0014 
         086 16 0.8814 0.0013 0.1173 
         087 16 0.9795 0.0006 0.0199 
         088 16 0.9953 0.0040 0.0007 
         089 16 0.9919 0.0020 0.0061 
         090 16 0.9947 0.0007 0.0046 
         091 16 0.9968 0.0010 0.0022 
         092 16 0.9832 0.0014 0.0154 
         093 16 0.9977 0.0008 0.0015 
         094 16 0.9479 0.0495 0.0026 
         095 16 0.9987 0.0007 0.0006 
         096 16 0.9778 0.0047 0.0174 
         097 16 0.8778 0.0082 0.1140 
         098 16 0.9914 0.0074 0.0011 
         099 16 0.9902 0.0092 0.0006 
         100 16 0.9959 0.0031 0.0009 
         101 16 0.9827 0.0078 0.0094 
         102 16 0.9945 0.0021 0.0034 
         103 16 0.9921 0.0040 0.0038 
         104 16 0.9912 0.0065 0.0023 
         105 16 0.8822 0.0132 0.1047 
         106 16 0.9948 0.0036 0.0016 
         107 16 0.9845 0.0123 0.0032 
         108 16 0.7131 0.1783 0.1086 
         109 16 0.9669 0.0009 0.0323 
         110 16 0.9975 0.0018 0.0006 
         111 16 0.9732 0.0021 0.0247 
         112 16 0.9834 0.0025 0.0140 
         113 16 0.9355 0.0011 0.0634 
         114 16 0.9931 0.0025 0.0044 
         115 16 0.9982 0.0010 0.0008 
         116 16 0.9915 0.0017 0.0068 
         117 16 0.9735 0.0011 0.0254 
         118 16 0.9811 0.0171 0.0017 
         119 16 0.9946 0.0021 0.0033 
         120 16 0.9961 0.0008 0.0031 
         121 16 0.9623 0.0343 0.0033 
         122 16 0.9986 0.0007 0.0007 
         123 16 0.9941 0.0007 0.0052 
         124 16 0.9911 0.0023 0.0066 
         126 16 0.8568 0.0069 0.1363 
         001 17 0.9962 0.0010 0.0028 
         002 17 0.9974 0.0008 0.0018 
         003 17 0.9984 0.0007 0.0009 
         005 17 0.9988 0.0005 0.0007 
         006 17 0.9448 0.0006 0.0546 
         007 17 0.8203 0.0456 0.1340 
         008 17 0.8760 0.0010 0.1230 
         009 17 0.9988 0.0007 0.0005 
         010 17 0.9967 0.0018 0.0015 
         011 17 0.4937 0.3913 0.1150 
         012 17 0.9945 0.0031 0.0023 
         013 17 0.9992 0.0004 0.0004 
         014 17 0.9987 0.0006 0.0007 
         015 17 0.9948 0.0005 0.0047 
         016 17 0.9977 0.0008 0.0015 
         017 17 0.9945 0.0019 0.0036 
         018 17 0.9719 0.0008 0.0273 
         019 17 0.9982 0.0013 0.0004 
         020 17 0.9974 0.0009 0.0017 
         021 17 0.9977 0.0016 0.0007 
         022 17 0.9406 0.0026 0.0569 
         023 17 0.9967 0.0010 0.0022 
         024 17 0.9128 0.0047 0.0825 
         025 17 0.9984 0.0005 0.0011 
         002 18 0.9966 0.0028 0.0006 
         003 18 0.9977 0.0019 0.0004 
         004 18 0.9761 0.0015 0.0223 
         005 18 0.9566 0.0394 0.0040 
         006 18 0.9981 0.0014 0.0005 
         007 18 0.9938 0.0006 0.0057 
         008 18 0.9961 0.0032 0.0007 
         009 18 0.9737 0.0042 0.0221 
         010 18 0.9869 0.0116 0.0016 
         011 18 0.9959 0.0029 0.0012 
         012 18 0.9895 0.0045 0.0061 
         015 18 0.9959 0.0025 0.0016 
         016 18 0.9902 0.0006 0.0092 
         018 18 0.9907 0.0086 0.0007 
         026 18 0.9958 0.0012 0.0031 
         027 18 0.9972 0.0023 0.0006 
         028 18 0.9975 0.0004 0.0020 
         029 18 0.9977 0.0007 0.0017 
         031 18 0.8362 0.0870 0.0768 
         032 18 0.9986 0.0005 0.0009 
         033 18 0.9976 0.0014 0.0010 
         035 18 0.9977 0.0008 0.0015 
         036 18 0.9860 0.0130 0.0010 
         037 18 0.9709 0.0192 0.0099 
         038 18 0.9593 0.0058 0.0349 
         039 18 0.9976 0.0018 0.0006 
         044 18 0.8651 0.0010 0.1339 
         046 18 0.9570 0.0416 0.0014 
         049 18 0.9983 0.0007 0.0010 
         053 18 0.9964 0.0010 0.0026 
         054 18 0.9889 0.0014 0.0097 
         056 18 0.9871 0.0052 0.0077 
         057 18 0.9936 0.0050 0.0014 
         058 18 0.9930 0.0055 0.0015 
        001s 19 0.9407 0.0016 0.0577 
        002s 19 0.9953 0.0017 0.0030 
        003s 19 0.9947 0.0008 0.0045 
        004s 19 0.9626 0.0346 0.0028 
        005s 19 0.8734 0.0760 0.0506 
        006s 19 0.9945 0.0028 0.0027 
        007s 19 0.9533 0.0210 0.0258 
        008s 19 0.9364 0.0210 0.0425 
        009s 19 0.9948 0.0031 0.0022 
        010s 19 0.9901 0.0009 0.0090 
        011s 19 0.9967 0.0017 0.0017 
        012s 19 0.9945 0.0008 0.0047 
        013s 19 0.9783 0.0011 0.0206 
        014s 19 0.8987 0.0240 0.0773 
        015s 19 0.9968 0.0007 0.0025 
        016s 19 0.9480 0.0500 0.0019 
        017s 19 0.9644 0.0091 0.0265 
        018s 19 0.9930 0.0043 0.0028 
        019s 19 0.9094 0.0040 0.0867 
        020s 19 0.9202 0.0014 0.0783 
        021s 19 0.9925 0.0007 0.0069 
        022s 19 0.9853 0.0009 0.0138 
        023s 19 0.9941 0.0032 0.0028 
        024s 19 0.9959 0.0034 0.0007 
        025s 19 0.8958 0.0156 0.0887 
        026s 19 0.9807 0.0054 0.0139 
        027s 19 0.9953 0.0016 0.0031 
        028s 19 0.9913 0.0007 0.0080 
        029s 19 0.9985 0.0010 0.0005 
        030s 19 0.9946 0.0013 0.0041 
        031s 19 0.9948 0.0009 0.0043 
        032s 19 0.9978 0.0006 0.0016 
        033s 19 0.9931 0.0062 0.0007 
        034s 19 0.9966 0.0019 0.0015 
        035s 19 0.9779 0.0087 0.0134 
        036s 19 0.9963 0.0026 0.0012 
        037s 19 0.9988 0.0006 0.0006 
        038s 19 0.9939 0.0027 0.0034 
        039s 19 0.9982 0.0006 0.0012 
        040s 19 0.9890 0.0006 0.0105 
        041s 19 0.9985 0.0009 0.0006 
        042s 19 0.9740 0.0230 0.0031 
        043s 19 0.9561 0.0008 0.0431 
        044s 19 0.9970 0.0024 0.0006 
        045s 19 0.9968 0.0025 0.0007 
        046s 19 0.9875 0.0089 0.0037 
        047s 19 0.9931 0.0005 0.0064 
        048s 19 0.8993 0.0009 0.0998 
        049s 19 0.9611 0.0091 0.0297 
        050s 19 0.9983 0.0009 0.0008 
        051s 19 0.9194 0.0136 0.0670 
        052s 19 0.9974 0.0011 0.0015 
      LIW2-4 20 0.9946 0.0031 0.0024 
     LIW2-12 21 0.9162 0.0827 0.0011 
     LIW2-20 22 0.9965 0.0016 0.0019 
     LIW2-28 23 0.8974 0.0769 0.0257 
      LIW1-5 24 0.9938 0.0045 0.0017 
     LIW1-13 25 0.9071 0.0165 0.0763 
     LIW1-21 26 0.9578 0.0391 0.0031 
     LIW1-29 27 0.9516 0.0227 0.0257 
      LIW2-5 28 0.9956 0.0031 0.0013 
     LIW2-34 29 0.9941 0.0053 0.0006 
     LIW2-21 30 0.8862 0.0289 0.0849 
     LIW2-29 31 0.8126 0.0053 0.1821 
      LIW1-6 32 0.9947 0.0043 0.0010 
     LIW1-14 33 0.9434 0.0011 0.0555 
     LIW1-22 34 0.9853 0.0138 0.0009 
     LIW1-30 35 0.9941 0.0048 0.0011 
      LIW2-6 36 0.9590 0.0289 0.0121 
     LIW2-14 37 0.9918 0.0067 0.0015 
     LIW2-22 38 0.8751 0.0945 0.0305 
     LIW2-30 39 0.9876 0.0115 0.0009 
      LIW1-7 40 0.9177 0.0638 0.0185 
     LIW1-15 41 0.9842 0.0150 0.0008 
     LIW1-23 42 0.9857 0.0084 0.0059 
     LIW1-31 43 0.9870 0.0094 0.0036 
      LIW2-7 44 0.9141 0.0018 0.0841 
     LIW2-15 45 0.9857 0.0133 0.0010 
     LIW2-23 46 0.9099 0.0871 0.0030 
      LIW1-8 47 0.9949 0.0040 0.0010 
     LIW1-16 48 0.9962 0.0028 0.0010 
      LIW2-8 49 0.9950 0.0041 0.0009 
     LIW2-16 50 0.6437 0.0418 0.3145 
     LIW2-24 51 0.7933 0.0187 0.1880 
     LIW2-32 52 0.9304 0.0550 0.0145 
     LIW1-47 53 0.9721 0.0158 0.0121 
      UMFS-1 54 0.8928 0.0700 0.0372 
     UMFS-19 55 0.7722 0.1133 0.1144 
     UMFS-31 56 0.9237 0.0757 0.0005 
      UMFS-2 57 0.9704 0.0285 0.0011 
     UMFS-10 58 0.9005 0.0924 0.0071 
     UMFS-20 59 0.8903 0.0544 0.0552 
     UMFS-32 60 0.8414 0.0868 0.0719 
      UMFS-3 61 0.7970 0.1275 0.0756 
     UMFS-11 62 0.5790 0.0124 0.4086 
     UMFS-21 63 0.8302 0.1039 0.0659 
     UMFS-33 64 0.9054 0.0752 0.0194 
      UMFS-4 65 0.8913 0.0996 0.0091 
     UMFS-22 66 0.8952 0.0879 0.0169 
     UMFS-34 67 0.8266 0.1161 0.0573 
      UMFS-5 68 0.9028 0.0892 0.0080 
     UMFS-13 69 0.8194 0.1204 0.0602 
     UMFS-23 70 0.8897 0.0818 0.0285 
     UMFS-35 71 0.8672 0.1092 0.0236 
      UMFS-6 72 0.8633 0.1235 0.0132 
     UMFS-14 73 0.9119 0.0777 0.0103 
     UMFS-24 74 0.9310 0.0301 0.0389 
     UMFS-36 75 0.8386 0.0898 0.0715 
      UMFS-7 76 0.3226 0.1151 0.5623 
     UMFS-15 77 0.8304 0.0942 0.0753 
     UMFS-25 78 0.8517 0.0649 0.0834 
     UMFS-37 79 0.8527 0.0663 0.0810 
      UMFS-8 80 0.8798 0.0901 0.0301 
     UMFS-16 81 0.8293 0.0970 0.0738 
     UMFS-26 82 0.7676 0.1724 0.0600 
     UMFS-38 83 0.9425 0.0502 0.0073 
      NEH1-2 84 0.0016 0.9797 0.0187 
     NEH1-11 85 0.0016 0.9627 0.0357 
     NEH1-20 86 0.1162 0.8828 0.0011 
     NEH1-29 87 0.0011 0.9985 0.0004 
      NEH2-2 88 0.0005 0.9993 0.0002 
     NEH2-10 89 0.0078 0.9917 0.0006 
     NEH2-18 90 0.0002 0.9992 0.0006 
     NEH2-26 91 0.0016 0.9974 0.0010 
      NEH1-3 92 0.1545 0.8444 0.0011 
     NEH1-12 93 0.0006 0.9501 0.0493 
     NEH1-21 94 0.0653 0.9323 0.0024 
     NEH1-30 95 0.0721 0.9170 0.0109 
      NEH2-3 96 0.0002 0.9996 0.0002 
     NEH2-11 97 0.0006 0.9954 0.0040 
     NEH2-19 98 0.0044 0.9943 0.0013 
     NEH2-27 99 0.0002 0.9997 0.0001 
      NEH1-4 100 0.0002 0.9995 0.0003 
     NEH1-13 101 0.2261 0.7718 0.0021 
     NEH1-22 102 0.1972 0.8022 0.0007 
     NEH1-31 103 0.0008 0.9987 0.0005 
      NEH2-4 104 0.0042 0.9945 0.0012 
     NEH2-12 105 0.0008 0.9545 0.0447 
     NEH2-20 106 0.1941 0.8055 0.0004 
     NEH2-28 107 0.0017 0.9944 0.0039 
      NEH1-5 108 0.1351 0.8620 0.0029 
     NEH1-14 109 0.1586 0.7690 0.0724 
     NEH1-23 110 0.2273 0.7724 0.0003 
     NEH1-32 111 0.0011 0.9971 0.0018 
      NEH2-5 112 0.0002 0.9995 0.0003 
     NEH2-13 113 0.0027 0.9908 0.0065 
     NEH2-22 114 0.0008 0.9986 0.0006 
     NEH2-29 115 0.0370 0.9623 0.0007 
      NEH1-6 116 0.0002 0.9995 0.0003 
     NEH1-15 117 0.0018 0.9540 0.0442 
     NEH1-24 118 0.0010 0.9948 0.0043 
     NEH1-33 119 0.1229 0.8764 0.0007 
      NEH2-6 120 0.0178 0.9816 0.0006 
     NEH2-14 121 0.0054 0.9926 0.0020 
     NEH2-21 122 0.0466 0.9530 0.0004 
     NEH2-30 123 0.0003 0.9995 0.0002 
      NEH1-7 124 0.0783 0.8469 0.0749 
     NEH1-16 125 0.0004 0.9992 0.0004 
     NEH1-25 126 0.1220 0.8768 0.0011 
     NEH1-34 127 0.0570 0.9339 0.0091 
      NEH2-7 128 0.0022 0.9967 0.0011 
     NEH2-15 129 0.0001 0.9998 0.0001 
     NEH2-23 130 0.0165 0.9473 0.0362 
     NEH2-31 131 0.0002 0.9996 0.0002 
      NEH1-8 132 0.1035 0.8352 0.0612 
     NEH1-17 133 0.0019 0.9024 0.0957 
     NEH1-26 134 0.1487 0.8504 0.0009 
     NEH1-35 135 0.1813 0.8142 0.0046 
      NEH2-8 136 0.0002 0.9997 0.0001 
     NEH2-16 137 0.0009 0.9985 0.0005 
     NEH2-24 138 0.0002 0.9996 0.0002 
     NEH2-32 139 0.0007 0.9430 0.0563 
      NEH1-1 140 0.0026 0.9215 0.0759 
     NEH1-10 141 0.0003 0.9993 0.0004 
     NEH1-19 142 0.1193 0.8785 0.0022 
     NEH1-28 143 0.0009 0.9580 0.0411 
      NEH2-1 144 0.0032 0.9950 0.0018 
      NEH2-9 145 0.0006 0.9991 0.0003 
     NEH2-17 146 0.0062 0.9622 0.0316 
     NEH2-25 147 0.0005 0.9979 0.0016 
      LIW1-1 148 0.7928 0.1127 0.0945 
      LIW1-9 149 0.7747 0.0727 0.1526 
     LIW1-17 150 0.9486 0.0507 0.0008 
     LIW1-25 151 0.9962 0.0030 0.0008 
      LIW2-9 152 0.9321 0.0023 0.0656 
     LIW2-17 153 0.9926 0.0054 0.0020 
     LIW2-25 154 0.9946 0.0041 0.0013 
      LIW1-2 155 0.9818 0.0169 0.0014 
     LIW1-10 156 0.9882 0.0054 0.0064 
     LIW1-18 157 0.9872 0.0087 0.0041 
     LIW1-26 158 0.9760 0.0228 0.0012 
      LIW2-2 159 0.9939 0.0054 0.0007 
     LIW2-10 160 0.9957 0.0018 0.0025 
     LIW2-18 161 0.9015 0.0660 0.0325 
     LIW2-26 162 0.9937 0.0049 0.0014 
      LIW1-3 163 0.9560 0.0402 0.0037 
     LIW1-11 164 0.9793 0.0096 0.0111 
     LIW1-19 165 0.8872 0.0708 0.0420 
     LIW1-27 166 0.9926 0.0007 0.0067 
      LIW2-3 167 0.9830 0.0039 0.0132 
     LIW2-11 168 0.9982 0.0012 0.0006 
     LIW2-19 169 0.9635 0.0342 0.0023 
     LIW2-27 170 0.9819 0.0174 0.0006 
      LIW1-4 171 0.9912 0.0076 0.0012 
     LIW1-12 172 0.9651 0.0099 0.0251 
     LIW1-20 173 0.9943 0.0023 0.0034 
     LIW1-28 174 0.9806 0.0161 0.0033 
        001s 175 0.9942 0.0022 0.0036 
        002s 175 0.9269 0.0039 0.0692 
        003s 175 0.9982 0.0010 0.0008 
        004s 175 0.9616 0.0019 0.0365 
        005s 175 0.9951 0.0026 0.0023 
        006s 175 0.8414 0.0020 0.1565 
        007s 175 0.9980 0.0011 0.0008 
        008s 175 0.9961 0.0008 0.0031 
        009s 175 0.8853 0.0033 0.1114 
        010s 175 0.9969 0.0017 0.0015 
        011s 175 0.9937 0.0016 0.0046 
        012s 175 0.9984 0.0005 0.0011 
        013s 175 0.9945 0.0004 0.0051 
        014s 175 0.9197 0.0005 0.0799 
        015s 175 0.9955 0.0025 0.0020 
        016s 175 0.9824 0.0005 0.0172 
        017s 175 0.9824 0.0069 0.0107 
        018s 175 0.9931 0.0020 0.0049 
        019s 175 0.9879 0.0105 0.0016 
        020s 175 0.9962 0.0017 0.0021 
        021s 175 0.9951 0.0035 0.0014 
        022s 175 0.9814 0.0055 0.0131 
        023s 175 0.9874 0.0063 0.0064 
        024s 175 0.9667 0.0012 0.0321 
        025s 175 0.9465 0.0011 0.0523 
        026s 175 0.9936 0.0021 0.0043 
        027s 175 0.9950 0.0027 0.0023 
        028s 175 0.9352 0.0635 0.0014 
        029s 175 0.9982 0.0008 0.0010 
        030s 175 0.9004 0.0030 0.0967 
        031s 175 0.9967 0.0006 0.0028 
        032s 175 0.9698 0.0287 0.0015 
        033s 175 0.9772 0.0017 0.0211 
        034s 175 0.9946 0.0005 0.0049 
        035s 175 0.9898 0.0008 0.0094 
        036s 175 0.9980 0.0008 0.0012 
        037s 175 0.9832 0.0153 0.0015 
        038s 175 0.9871 0.0013 0.0115 
        039s 175 0.9932 0.0043 0.0025 
        040s 175 0.9959 0.0029 0.0012 
        041s 175 0.9952 0.0012 0.0037 
        042s 175 0.9955 0.0021 0.0024 
        043s 175 0.9884 0.0064 0.0052 
        044s 175 0.9965 0.0023 0.0012 
        045s 175 0.9328 0.0011 0.0662 
        046s 175 0.9950 0.0027 0.0023 
        047s 175 0.9856 0.0136 0.0008 
        048s 175 0.9926 0.0007 0.0067 
        049s 175 0.9707 0.0010 0.0283 
        050s 175 0.8656 0.1006 0.0338 
        001s 176 0.9145 0.0010 0.0844 
        002s 176 0.9778 0.0038 0.0184 
        003s 176 0.9960 0.0020 0.0020 
        004s 176 0.9947 0.0026 0.0027 
        005s 176 0.9757 0.0236 0.0008 
        006s 176 0.9975 0.0012 0.0013 
        007s 176 0.9270 0.0016 0.0714 
        008s 176 0.9987 0.0004 0.0009 
        009s 176 0.9866 0.0125 0.0009 
        010s 176 0.9979 0.0007 0.0013 
        011s 176 0.9937 0.0053 0.0010 
        012s 176 0.9361 0.0020 0.0619 
        013s 176 0.9784 0.0047 0.0169 
        014s 176 0.9954 0.0008 0.0038 
        015s 176 0.9965 0.0024 0.0011 
        016s 176 0.9976 0.0015 0.0009 
        017s 176 0.9990 0.0006 0.0004 
        018s 176 0.9837 0.0156 0.0008 
        019s 176 0.9457 0.0009 0.0534 
        020s 176 0.9958 0.0020 0.0022 
        021s 176 0.9931 0.0020 0.0050 
        022s 176 0.9969 0.0012 0.0019 
        023s 176 0.9982 0.0005 0.0013 
        024s 176 0.9507 0.0012 0.0481 
        025s 176 0.9845 0.0048 0.0107 
        026s 176 0.9878 0.0034 0.0088 
        027s 176 0.9977 0.0015 0.0007 
        028s 176 0.9965 0.0014 0.0021 
        029s 176 0.9950 0.0032 0.0017 
        030s 176 0.9447 0.0007 0.0546 
        031s 176 0.9890 0.0017 0.0093 
        032s 176 0.9438 0.0396 0.0166 
        033s 176 0.8507 0.0308 0.1185 
        034s 176 0.9977 0.0008 0.0015 
        035s 176 0.9221 0.0716 0.0063 
        036s 176 0.9976 0.0010 0.0014 
        037s 176 0.9076 0.0319 0.0606 
        038s 176 0.9976 0.0012 0.0012 
        039s 176 0.9987 0.0004 0.0009 
        040s 176 0.9983 0.0010 0.0007 
        041s 176 0.9974 0.0011 0.0016 
        042s 176 0.9985 0.0006 0.0008 
        043s 176 0.9696 0.0094 0.0210 
        044s 176 0.9959 0.0006 0.0035 
        045s 176 0.9832 0.0015 0.0153 
        046s 176 0.9973 0.0006 0.0020 
        047s 176 0.9969 0.0020 0.0010 
        048s 176 0.9895 0.0009 0.0096 
        050s 176 0.9847 0.0134 0.0019 
        001s 177 0.9336 0.0252 0.0412 
        002s 177 0.9973 0.0020 0.0007 
        003s 177 0.9340 0.0207 0.0453 
        004s 177 0.9965 0.0020 0.0015 
        005s 177 0.9973 0.0006 0.0021 
        006s 177 0.9929 0.0046 0.0026 
        007s 177 0.9936 0.0012 0.0052 
        008s 177 0.8514 0.0033 0.1453 
        009s 177 0.9981 0.0014 0.0006 
        010s 177 0.9749 0.0015 0.0236 
        011s 177 0.9977 0.0007 0.0016 
        012s 177 0.9963 0.0010 0.0027 
        013s 177 0.9951 0.0035 0.0013 
        014s 177 0.9627 0.0031 0.0341 
        015s 177 0.9927 0.0033 0.0040 
        016s 177 0.9986 0.0008 0.0006 
        017s 177 0.9588 0.0017 0.0395 
        018s 177 0.9893 0.0007 0.0100 
        019s 177 0.9913 0.0073 0.0014 
        020s 177 0.9929 0.0045 0.0026 
        021s 177 0.9967 0.0024 0.0009 
        022s 177 0.9718 0.0219 0.0062 
        023s 177 0.9808 0.0038 0.0154 
        024s 177 0.9961 0.0027 0.0012 
        025s 177 0.9945 0.0010 0.0045 
        026s 177 0.9952 0.0037 0.0010 
        027s 177 0.9978 0.0013 0.0009 
        028s 177 0.9981 0.0012 0.0007 
        029s 177 0.9065 0.0016 0.0919 
        030s 177 0.9867 0.0036 0.0097 
        031s 177 0.9834 0.0152 0.0015 
        032s 177 0.9687 0.0010 0.0303 
        033s 177 0.9947 0.0044 0.0009 
        034s 177 0.9968 0.0012 0.0020 
