        001s  1 0.0003 0.0017 0.0012 0.9964 0.0004 
        002s  1 0.0022 0.0019 0.0005 0.9947 0.0008 
        003s  1 0.0007 0.0060 0.0161 0.9759 0.0013 
        004s  1 0.0341 0.0068 0.0002 0.9542 0.0046 
        005s  1 0.2109 0.2275 0.0003 0.5606 0.0008 
        006s  1 0.0009 0.0011 0.0005 0.9971 0.0003 
        007s  1 0.0004 0.0040 0.0008 0.9909 0.0038 
        008s  1 0.0011 0.0055 0.0009 0.9915 0.0009 
        009s  1 0.0029 0.0597 0.0016 0.9313 0.0044 
        010s  1 0.0007 0.0086 0.0009 0.9895 0.0003 
        011s  1 0.0020 0.0025 0.0047 0.9884 0.0025 
        012s  1 0.0058 0.1231 0.0073 0.8625 0.0013 
        013s  1 0.0293 0.0029 0.0012 0.9547 0.0119 
        014s  1 0.0016 0.0249 0.0190 0.9508 0.0037 
        015s  1 0.0003 0.0013 0.0007 0.9973 0.0004 
        016s  1 0.0004 0.0043 0.0012 0.9858 0.0083 
        018s  1 0.0021 0.1497 0.0005 0.8466 0.0012 
        019s  1 0.0004 0.0164 0.0047 0.9777 0.0008 
        020s  1 0.0003 0.0014 0.0081 0.9820 0.0082 
        021s  1 0.0070 0.0008 0.0009 0.9867 0.0045 
        022s  1 0.0003 0.0009 0.0006 0.9975 0.0007 
        023s  1 0.0004 0.0011 0.0009 0.9881 0.0095 
        024s  1 0.0009 0.0024 0.0006 0.9953 0.0009 
        025s  1 0.0012 0.0069 0.0004 0.9906 0.0008 
        026s  1 0.0008 0.0018 0.0045 0.9836 0.0094 
        027s  1 0.0072 0.0033 0.0005 0.9862 0.0028 
        028s  1 0.0543 0.0568 0.0017 0.8869 0.0004 
        029s  1 0.0004 0.0022 0.0056 0.9909 0.0009 
        030s  1 0.0038 0.0020 0.0087 0.9848 0.0007 
        031s  1 0.0002 0.0010 0.0003 0.9974 0.0010 
        032s  1 0.0007 0.0019 0.0012 0.9957 0.0005 
        033s  1 0.0007 0.0071 0.0012 0.9898 0.0012 
        034s  1 0.0012 0.0021 0.0043 0.9393 0.0530 
        035s  1 0.0014 0.0027 0.0022 0.9930 0.0007 
        036s  1 0.0008 0.0954 0.0004 0.9029 0.0005 
        037s  1 0.0170 0.1081 0.0009 0.8257 0.0483 
        038s  1 0.0007 0.0029 0.0005 0.9951 0.0007 
        039s  1 0.0228 0.0009 0.0007 0.9753 0.0003 
        040s  1 0.0035 0.0020 0.0006 0.9912 0.0028 
        041s  1 0.0004 0.0049 0.0007 0.9914 0.0026 
        042s  1 0.0003 0.0772 0.0007 0.8402 0.0817 
        043s  1 0.0011 0.0188 0.0012 0.9783 0.0006 
        044s  1 0.0099 0.0944 0.0027 0.8841 0.0089 
        045s  1 0.0010 0.0071 0.0010 0.9903 0.0007 
        046s  1 0.0004 0.0023 0.0020 0.9946 0.0007 
        047s  1 0.0003 0.0017 0.0014 0.9913 0.0053 
        048s  1 0.0002 0.0661 0.0003 0.9327 0.0006 
        049s  1 0.0008 0.0017 0.0004 0.9965 0.0006 
        050s  1 0.0028 0.1034 0.0003 0.8931 0.0004 
        051s  1 0.0004 0.0010 0.0279 0.9699 0.0007 
        052s  1 0.0050 0.0080 0.0198 0.9656 0.0016 
        053s  1 0.0003 0.0028 0.0004 0.9960 0.0005 
        054s  1 0.0039 0.0005 0.0022 0.9925 0.0010 
        055s  1 0.0008 0.0915 0.0013 0.8334 0.0731 
          01  2 0.0020 0.1233 0.0310 0.8422 0.0015 
          02  2 0.0020 0.0198 0.0015 0.9758 0.0009 
          03  2 0.0006 0.0025 0.0004 0.9955 0.0010 
          04  2 0.0218 0.0038 0.0007 0.9614 0.0123 
          05  2 0.0004 0.1297 0.0005 0.8691 0.0003 
          06  2 0.0017 0.0314 0.0006 0.9656 0.0007 
          07  2 0.0020 0.0088 0.0010 0.9876 0.0006 
          08  2 0.0002 0.0870 0.0006 0.9117 0.0005 
          09  2 0.0002 0.0013 0.0071 0.9910 0.0003 
          10  2 0.0005 0.0030 0.0005 0.9954 0.0006 
          11  2 0.0008 0.0096 0.0085 0.9788 0.0023 
          12  2 0.0008 0.0016 0.0016 0.9956 0.0004 
          13  2 0.0006 0.0012 0.0007 0.9971 0.0004 
          14  2 0.0063 0.0009 0.0024 0.9688 0.0215 
          15  2 0.0006 0.0013 0.0013 0.9956 0.0012 
          16  2 0.0579 0.0016 0.0054 0.9278 0.0073 
          17  2 0.0007 0.0040 0.0009 0.9933 0.0011 
          18  2 0.0036 0.0176 0.0015 0.9761 0.0012 
          19  2 0.0003 0.0024 0.0017 0.9917 0.0040 
          20  2 0.0062 0.0585 0.0022 0.9271 0.0061 
          21  2 0.0004 0.0023 0.0171 0.9796 0.0006 
          22  2 0.0041 0.0028 0.0057 0.9801 0.0073 
          23  2 0.0018 0.0024 0.0008 0.9927 0.0022 
          24  2 0.0005 0.0015 0.0010 0.9961 0.0009 
          25  2 0.0279 0.0056 0.0016 0.9642 0.0006 
          26  2 0.0004 0.0020 0.0009 0.9964 0.0002 
          27  2 0.0284 0.0019 0.0016 0.9646 0.0034 
          28  2 0.0002 0.0028 0.0012 0.9918 0.0040 
          29  2 0.0006 0.0021 0.0008 0.9962 0.0002 
          30  2 0.0004 0.1601 0.0056 0.7502 0.0837 
          01  3 0.2235 0.4276 0.0005 0.3417 0.0067 
          02  3 0.4664 0.3295 0.0731 0.1278 0.0032 
          03  3 0.3152 0.3178 0.0005 0.3656 0.0009 
          04  3 0.3560 0.4632 0.0005 0.1791 0.0012 
          05  3 0.4049 0.3596 0.1144 0.0009 0.1202 
          06  3 0.5030 0.4194 0.0002 0.0764 0.0010 
          07  3 0.2508 0.3788 0.0006 0.3695 0.0003 
          08  3 0.3250 0.3729 0.0028 0.2952 0.0041 
          09  3 0.2691 0.4296 0.0002 0.2973 0.0038 
          10  3 0.4190 0.1928 0.2161 0.0457 0.1264 
          11  3 0.3072 0.4142 0.0002 0.2782 0.0002 
          12  3 0.3159 0.4199 0.0003 0.2635 0.0003 
          13  3 0.5271 0.4537 0.0175 0.0014 0.0002 
          14  3 0.4624 0.3320 0.0459 0.0038 0.1559 
          15  3 0.2778 0.3801 0.0003 0.3413 0.0006 
          16  3 0.6085 0.3044 0.0020 0.0819 0.0033 
          17  3 0.1796 0.4222 0.0005 0.3967 0.0010 
          18  3 0.3405 0.2053 0.1667 0.0062 0.2812 
          19  3 0.4690 0.3662 0.0005 0.1599 0.0044 
          20  3 0.3133 0.4553 0.0002 0.1815 0.0496 
          21  3 0.3807 0.3683 0.0011 0.2464 0.0035 
          22  3 0.2311 0.4909 0.0004 0.2763 0.0013 
          23  3 0.3623 0.4095 0.0002 0.2274 0.0006 
          24  3 0.2871 0.4889 0.1673 0.0558 0.0009 
          25  3 0.3104 0.3092 0.2501 0.0004 0.1300 
          26  3 0.3426 0.4371 0.0004 0.2191 0.0007 
          27  3 0.3730 0.2537 0.1297 0.0701 0.1735 
          28  3 0.4694 0.4449 0.0015 0.0841 0.0002 
          29  3 0.4247 0.3914 0.0032 0.1765 0.0042 
          30  3 0.2519 0.4477 0.0006 0.2995 0.0002 
         001  4 0.0001 0.9997 0.0001 0.0001 0.0001 
         002  4 0.0002 0.9993 0.0002 0.0002 0.0001 
         003  4 0.0001 0.9996 0.0001 0.0001 0.0001 
         004  4 0.0001 0.9996 0.0001 0.0001 0.0001 
         005  4 0.0001 0.9994 0.0002 0.0001 0.0001 
         006  4 0.0693 0.9297 0.0002 0.0004 0.0003 
         007  4 0.0512 0.9465 0.0002 0.0014 0.0007 
         008  4 0.0002 0.9928 0.0024 0.0008 0.0038 
         009  4 0.0002 0.9995 0.0001 0.0001 0.0001 
         010  4 0.0015 0.9983 0.0001 0.0001 0.0001 
         011  4 0.0182 0.9495 0.0002 0.0010 0.0311 
         012  4 0.0000 0.9997 0.0001 0.0001 0.0001 
         013  4 0.0001 0.9998 0.0000 0.0001 0.0001 
         014  4 0.0001 0.9995 0.0001 0.0001 0.0001 
         015  4 0.0001 0.9998 0.0000 0.0001 0.0001 
         016  4 0.0001 0.9996 0.0001 0.0001 0.0001 
         017  4 0.0001 0.9996 0.0001 0.0001 0.0001 
         019  4 0.0812 0.9175 0.0004 0.0004 0.0006 
         020  4 0.0001 0.9995 0.0002 0.0001 0.0001 
         021  4 0.0045 0.9945 0.0004 0.0004 0.0003 
         001  5 0.0003 0.9648 0.0009 0.0005 0.0334 
         002  5 0.0004 0.9645 0.0016 0.0276 0.0059 
         003  5 0.0731 0.7580 0.0002 0.1645 0.0041 
         004  5 0.0005 0.9430 0.0002 0.0493 0.0070 
         005  5 0.0007 0.9983 0.0002 0.0003 0.0004 
         006  5 0.0984 0.9004 0.0005 0.0005 0.0001 
         007  5 0.0847 0.9147 0.0002 0.0002 0.0003 
         008  5 0.0025 0.9970 0.0002 0.0001 0.0001 
         009  5 0.0034 0.9331 0.0002 0.0624 0.0009 
         010  5 0.0662 0.9295 0.0005 0.0020 0.0018 
         011  5 0.0006 0.9951 0.0002 0.0012 0.0029 
         012  5 0.0765 0.8711 0.0005 0.0495 0.0024 
         013  5 0.0485 0.7555 0.0004 0.1949 0.0007 
         014  5 0.0939 0.7086 0.0148 0.1709 0.0118 
         015  5 0.0224 0.9771 0.0002 0.0002 0.0002 
         016  5 0.0547 0.9413 0.0007 0.0030 0.0003 
         017  5 0.0766 0.8822 0.0029 0.0380 0.0002 
         018  5 0.0329 0.8823 0.0226 0.0348 0.0275 
         019  5 0.0002 0.9944 0.0039 0.0004 0.0012 
         020  5 0.0001 0.9995 0.0001 0.0001 0.0001 
         021  5 0.0003 0.8638 0.0003 0.1327 0.0029 
         022  5 0.0041 0.9335 0.0027 0.0146 0.0452 
         023  5 0.0271 0.9687 0.0003 0.0013 0.0026 
         024  5 0.0664 0.9010 0.0003 0.0316 0.0007 
         025  5 0.0691 0.8961 0.0011 0.0333 0.0005 
         026  5 0.0075 0.8460 0.0006 0.1455 0.0004 
         027  5 0.0002 0.9995 0.0001 0.0002 0.0001 
         028  5 0.0504 0.9326 0.0012 0.0095 0.0063 
         029  5 0.0013 0.9979 0.0002 0.0004 0.0002 
         030  5 0.0007 0.9945 0.0029 0.0008 0.0011 
        001s  6 0.0278 0.0020 0.0007 0.9519 0.0175 
        002s  6 0.0005 0.0449 0.0196 0.9343 0.0008 
        003s  6 0.0004 0.0192 0.0004 0.9781 0.0019 
        004s  6 0.0003 0.0012 0.0004 0.9977 0.0005 
        006s  6 0.0162 0.0622 0.0011 0.9096 0.0109 
        007s  6 0.0020 0.0014 0.0006 0.9954 0.0005 
        008s  6 0.0005 0.0040 0.0034 0.9863 0.0058 
        009s  6 0.0006 0.0009 0.0009 0.9969 0.0006 
        010s  6 0.0073 0.0110 0.0107 0.9582 0.0129 
        011s  6 0.0035 0.0011 0.0002 0.9941 0.0010 
        012s  6 0.0045 0.0011 0.0021 0.9905 0.0018 
        013s  6 0.0007 0.0027 0.0006 0.9956 0.0004 
        014s  6 0.0003 0.0855 0.0002 0.9137 0.0003 
        015s  6 0.0063 0.0109 0.0010 0.9750 0.0069 
        016s  6 0.0009 0.0013 0.0005 0.9964 0.0009 
        018s  6 0.0013 0.2684 0.0008 0.7269 0.0025 
        019s  6 0.0017 0.0093 0.0006 0.9863 0.0021 
        020s  6 0.0007 0.0009 0.0011 0.9967 0.0006 
        021s  6 0.0145 0.0026 0.0017 0.9779 0.0034 
        022s  6 0.0002 0.0026 0.0005 0.9930 0.0037 
        023s  6 0.0005 0.0299 0.0002 0.9688 0.0007 
        024s  6 0.0023 0.0309 0.0026 0.9634 0.0008 
        025s  6 0.0008 0.0031 0.0006 0.9246 0.0709 
        026s  6 0.0006 0.0013 0.0017 0.9961 0.0004 
        027s  6 0.0004 0.0021 0.0013 0.9958 0.0005 
        028s  6 0.0105 0.0139 0.0470 0.9206 0.0080 
        029s  6 0.0003 0.0012 0.0018 0.9952 0.0015 
        030s  6 0.0006 0.0738 0.0024 0.9152 0.0080 
        031s  6 0.0037 0.0033 0.0004 0.9923 0.0003 
        032s  6 0.0021 0.0062 0.0005 0.9905 0.0007 
        033s  6 0.0002 0.0937 0.0005 0.9051 0.0006 
        034s  6 0.0018 0.0026 0.0005 0.9832 0.0119 
        035s  6 0.0004 0.1496 0.0011 0.8477 0.0012 
        036s  6 0.0056 0.0015 0.0002 0.9915 0.0011 
        037s  6 0.0008 0.0020 0.0018 0.9938 0.0017 
        038s  6 0.0015 0.0009 0.0012 0.9958 0.0006 
        039s  6 0.0003 0.0008 0.0005 0.9975 0.0009 
        040s  6 0.0030 0.0008 0.0004 0.9955 0.0003 
        041s  6 0.0002 0.0505 0.0036 0.9424 0.0033 
        042s  6 0.0007 0.0105 0.0044 0.9301 0.0544 
        043s  6 0.0008 0.0019 0.0002 0.9896 0.0074 
        044s  6 0.0004 0.0020 0.0029 0.9940 0.0006 
        045s  6 0.0005 0.0055 0.0007 0.9911 0.0022 
        001s  7 0.0004 0.0029 0.0004 0.9954 0.0009 
        002s  7 0.0009 0.0219 0.0009 0.9746 0.0018 
        003s  7 0.0017 0.0031 0.0009 0.9931 0.0011 
        004s  7 0.0028 0.0023 0.0013 0.9930 0.0006 
        005s  7 0.0025 0.0122 0.0007 0.9826 0.0021 
        006s  7 0.0010 0.0623 0.0004 0.9330 0.0034 
        007s  7 0.0048 0.0071 0.0170 0.9694 0.0017 
        008s  7 0.0004 0.0243 0.0026 0.9714 0.0014 
        009s  7 0.0018 0.0040 0.0007 0.9849 0.0085 
        010s  7 0.0002 0.0030 0.0007 0.9946 0.0015 
        011s  7 0.0006 0.0013 0.0009 0.9963 0.0009 
        012s  7 0.0006 0.0016 0.0004 0.9968 0.0006 
        013s  7 0.0063 0.0009 0.0008 0.9863 0.0057 
        014s  7 0.0007 0.0404 0.0006 0.9580 0.0003 
        015s  7 0.0016 0.0120 0.0014 0.9838 0.0013 
        016s  7 0.0001 0.1194 0.0003 0.8780 0.0022 
        017s  7 0.0008 0.0023 0.0003 0.9962 0.0004 
        018s  7 0.0005 0.0040 0.0035 0.9914 0.0006 
        019s  7 0.0014 0.0026 0.0026 0.9802 0.0132 
        020s  7 0.0012 0.0013 0.0003 0.9968 0.0004 
        021s  7 0.0004 0.0036 0.0014 0.9939 0.0008 
        022s  7 0.0028 0.0033 0.0003 0.9925 0.0010 
        023s  7 0.0010 0.0088 0.0014 0.9737 0.0150 
        024s  7 0.0005 0.0023 0.0014 0.9949 0.0008 
        025s  7 0.0059 0.0018 0.0012 0.9900 0.0012 
        026s  7 0.0002 0.0035 0.0013 0.9942 0.0008 
        027s  7 0.0008 0.0028 0.0016 0.9944 0.0004 
        028s  7 0.0012 0.0079 0.0002 0.9902 0.0004 
        029s  7 0.0008 0.0107 0.0006 0.9851 0.0028 
        030s  7 0.0007 0.0010 0.0040 0.9902 0.0041 
        031s  7 0.0010 0.0034 0.0006 0.9816 0.0134 
        032s  7 0.0004 0.1013 0.0052 0.8928 0.0003 
        033s  7 0.0008 0.0431 0.0039 0.9503 0.0020 
        034s  7 0.0440 0.0020 0.0017 0.9518 0.0005 
        035s  7 0.0003 0.0012 0.0005 0.9972 0.0008 
        036s  7 0.0036 0.0015 0.0006 0.9857 0.0086 
        037s  7 0.0052 0.0638 0.0006 0.9270 0.0034 
        038s  7 0.0007 0.0127 0.0008 0.9843 0.0014 
        039s  7 0.0002 0.0010 0.0003 0.9981 0.0003 
        040s  7 0.0263 0.0208 0.0004 0.9520 0.0005 
        041s  7 0.0005 0.0303 0.0029 0.9650 0.0012 
        042s  7 0.0006 0.0080 0.0003 0.9907 0.0004 
        043s  7 0.0002 0.0022 0.0005 0.9944 0.0027 
        044s  7 0.0169 0.0536 0.0015 0.9017 0.0263 
         003  8 0.0013 0.0059 0.0139 0.9780 0.0010 
         009  8 0.0005 0.0021 0.0005 0.9957 0.0012 
         010  8 0.0002 0.0012 0.0004 0.9964 0.0018 
         017  8 0.0006 0.0017 0.0017 0.9920 0.0041 
         002  9 0.0007 0.0010 0.0007 0.9963 0.0014 
         003  9 0.0004 0.0004 0.0004 0.9985 0.0004 
         004  9 0.0002 0.0013 0.0004 0.9971 0.0010 
         005  9 0.0011 0.0009 0.0012 0.9913 0.0054 
         006  9 0.0007 0.0020 0.0005 0.9949 0.0019 
         007  9 0.0003 0.0050 0.0010 0.9929 0.0009 
         009  9 0.0002 0.0026 0.0014 0.9937 0.0021 
         010  9 0.0003 0.0008 0.0020 0.9955 0.0014 
         013  9 0.0008 0.0019 0.0002 0.9955 0.0015 
         014  9 0.0002 0.0013 0.0058 0.9911 0.0015 
         016  9 0.0002 0.0006 0.0014 0.9971 0.0007 
         018  9 0.0009 0.0019 0.0056 0.9904 0.0013 
         019  9 0.0007 0.0017 0.0053 0.9919 0.0004 
         020  9 0.0003 0.0012 0.0004 0.9979 0.0002 
         021  9 0.0003 0.0014 0.0003 0.9975 0.0006 
         022  9 0.0004 0.0009 0.0013 0.9967 0.0007 
         024  9 0.0004 0.0011 0.0024 0.9930 0.0032 
         028  9 0.0007 0.0014 0.0007 0.9959 0.0012 
         029  9 0.0003 0.0008 0.0011 0.9973 0.0005 
         030  9 0.0004 0.0010 0.0007 0.9969 0.0010 
         031  9 0.0003 0.0029 0.0011 0.9954 0.0003 
         033  9 0.0004 0.0066 0.0006 0.9914 0.0010 
         001 10 0.0004 0.0012 0.0011 0.9970 0.0003 
         002 10 0.0002 0.0010 0.0015 0.9968 0.0005 
         003 10 0.0009 0.0009 0.0006 0.9829 0.0148 
         004 10 0.0003 0.0007 0.0005 0.9956 0.0029 
         005 10 0.0003 0.0010 0.0014 0.9964 0.0009 
         006 10 0.0003 0.0024 0.0004 0.9961 0.0008 
         007 10 0.0003 0.0013 0.0003 0.9957 0.0024 
         008 10 0.0006 0.0016 0.0009 0.9927 0.0043 
         009 10 0.0012 0.0014 0.0053 0.9916 0.0004 
         010 10 0.0004 0.0018 0.0029 0.9941 0.0007 
         011 10 0.0009 0.0013 0.0004 0.9613 0.0361 
         012 10 0.0013 0.0012 0.0005 0.9944 0.0027 
         013 10 0.0020 0.0008 0.0007 0.9960 0.0005 
         014 10 0.0007 0.0016 0.0010 0.9959 0.0009 
         016 10 0.0010 0.0013 0.0016 0.9954 0.0007 
         017 10 0.0009 0.0015 0.0009 0.9961 0.0007 
         018 10 0.0005 0.0082 0.0021 0.9885 0.0007 
         019 10 0.0004 0.0011 0.0045 0.9931 0.0009 
         020 10 0.0008 0.0026 0.0051 0.9897 0.0017 
         021 10 0.0003 0.0018 0.0026 0.9949 0.0004 
         022 10 0.0006 0.0009 0.0003 0.9972 0.0011 
         023 10 0.0009 0.0007 0.0004 0.9969 0.0010 
         024 10 0.0002 0.0010 0.0012 0.9957 0.0019 
         026 10 0.0004 0.0012 0.0007 0.9970 0.0007 
        001s 11 0.0005 0.0913 0.0009 0.8968 0.0105 
        002s 11 0.0061 0.0016 0.0039 0.9869 0.0015 
        003s 11 0.0006 0.0083 0.0014 0.9894 0.0004 
        004s 11 0.0016 0.0010 0.0003 0.9955 0.0016 
        005s 11 0.0004 0.0027 0.0046 0.9917 0.0005 
        006s 11 0.0114 0.0019 0.0015 0.9835 0.0017 
        007s 11 0.0383 0.0120 0.0015 0.9475 0.0007 
        008s 11 0.0003 0.0012 0.0006 0.9974 0.0005 
        009s 11 0.0002 0.0010 0.0156 0.9827 0.0004 
        010s 11 0.0004 0.0025 0.0006 0.9957 0.0008 
        011s 11 0.0042 0.1100 0.0003 0.8750 0.0105 
        012s 11 0.0003 0.1122 0.0007 0.8865 0.0003 
        013s 11 0.0005 0.0023 0.0003 0.9959 0.0010 
        014s 11 0.0059 0.0063 0.0011 0.9858 0.0009 
        015s 11 0.0022 0.0035 0.0018 0.9882 0.0043 
        016s 11 0.0003 0.0455 0.0042 0.8924 0.0576 
        017s 11 0.0004 0.0952 0.0009 0.9022 0.0013 
        018s 11 0.0009 0.0073 0.0009 0.9901 0.0007 
        019s 11 0.0007 0.0016 0.0002 0.9756 0.0219 
        020s 11 0.0011 0.0029 0.0018 0.9929 0.0014 
        021s 11 0.0005 0.0015 0.0005 0.9964 0.0012 
        022s 11 0.0318 0.0029 0.0011 0.9639 0.0003 
        023s 11 0.0003 0.0553 0.0003 0.9341 0.0100 
        025s 11 0.0004 0.0011 0.0002 0.9975 0.0008 
        026s 11 0.0005 0.0309 0.0006 0.9169 0.0511 
        027s 11 0.0018 0.0019 0.0005 0.9952 0.0006 
        028s 11 0.0010 0.0079 0.0003 0.9900 0.0009 
        029s 11 0.0003 0.0561 0.0008 0.9425 0.0003 
        030s 11 0.0008 0.0491 0.0008 0.9483 0.0010 
        031s 11 0.0007 0.0010 0.0005 0.9975 0.0003 
        032s 11 0.0003 0.0024 0.0007 0.9941 0.0025 
        033s 11 0.0006 0.0063 0.0014 0.9909 0.0008 
        034s 11 0.0019 0.0023 0.0003 0.9951 0.0004 
        035s 11 0.0012 0.0038 0.0014 0.9932 0.0004 
        036s 11 0.0020 0.0184 0.0012 0.9780 0.0004 
        037s 11 0.0003 0.0038 0.0009 0.9934 0.0016 
        038s 11 0.0006 0.0038 0.0006 0.9945 0.0006 
        039s 11 0.0003 0.0030 0.0006 0.9953 0.0009 
        040s 11 0.0033 0.0712 0.0008 0.9238 0.0009 
        041s 11 0.0015 0.0018 0.0210 0.9719 0.0038 
        042s 11 0.0008 0.0021 0.0007 0.9869 0.0095 
        043s 11 0.0006 0.0325 0.0005 0.9404 0.0259 
        044s 11 0.0050 0.0011 0.0007 0.9887 0.0045 
        045s 11 0.0023 0.0013 0.0004 0.9857 0.0104 
        046s 11 0.0013 0.0258 0.0007 0.9386 0.0336 
        047s 11 0.0014 0.0016 0.0004 0.9952 0.0013 
        048s 11 0.0022 0.0050 0.0021 0.9559 0.0347 
        049s 11 0.0004 0.0026 0.0011 0.9947 0.0013 
        050s 11 0.0015 0.0012 0.0002 0.9961 0.0010 
        051s 11 0.0184 0.0009 0.0004 0.9326 0.0477 
        052s 11 0.0026 0.0039 0.0013 0.9907 0.0015 
        053s 11 0.0003 0.0010 0.0014 0.9965 0.0007 
        054s 11 0.0066 0.0019 0.0003 0.9905 0.0006 
        055s 11 0.0008 0.0702 0.0002 0.9285 0.0003 
        001s 12 0.0042 0.0028 0.0008 0.9912 0.0009 
        002s 12 0.0005 0.0019 0.0023 0.9944 0.0008 
        003s 12 0.0007 0.0012 0.0005 0.9973 0.0003 
        004s 12 0.0004 0.0550 0.0033 0.9341 0.0072 
        005s 12 0.0006 0.0011 0.0010 0.9963 0.0009 
        006s 12 0.0028 0.0309 0.0008 0.9640 0.0014 
        007s 12 0.0012 0.0025 0.0037 0.9912 0.0015 
        008s 12 0.0009 0.0116 0.0006 0.9861 0.0007 
        009s 12 0.0014 0.0203 0.0174 0.9550 0.0058 
        010s 12 0.0326 0.0083 0.0015 0.9570 0.0007 
        011s 12 0.0020 0.0027 0.0009 0.9937 0.0007 
        012s 12 0.0070 0.0021 0.0005 0.9871 0.0032 
        013s 12 0.0004 0.0019 0.0007 0.9599 0.0372 
        014s 12 0.0388 0.0034 0.0033 0.9175 0.0369 
        015s 12 0.0006 0.0064 0.0015 0.9905 0.0010 
        016s 12 0.0005 0.0015 0.0004 0.9929 0.0047 
        017s 12 0.0008 0.0043 0.0003 0.9934 0.0012 
        018s 12 0.0002 0.0033 0.0028 0.9917 0.0019 
        019s 12 0.0004 0.0053 0.0022 0.9917 0.0004 
        020s 12 0.0004 0.0854 0.0003 0.9132 0.0007 
        021s 12 0.0006 0.0045 0.0004 0.9927 0.0018 
        022s 12 0.0011 0.0467 0.0035 0.9454 0.0033 
        023s 12 0.0003 0.0014 0.0008 0.9963 0.0012 
        024s 12 0.0003 0.0019 0.0003 0.9972 0.0004 
        025s 12 0.0033 0.0037 0.0049 0.9869 0.0012 
        026s 12 0.0005 0.0309 0.0149 0.9530 0.0008 
        027s 12 0.0007 0.0040 0.0003 0.9945 0.0006 
        028s 12 0.0003 0.0034 0.0120 0.9814 0.0029 
        029s 12 0.0005 0.0015 0.0003 0.9968 0.0009 
        030s 12 0.0009 0.0020 0.0004 0.9964 0.0004 
        031s 12 0.0011 0.0051 0.0008 0.9906 0.0024 
        032s 12 0.0004 0.0013 0.0069 0.9906 0.0008 
        033s 12 0.0066 0.0021 0.0006 0.9902 0.0004 
        034s 12 0.0003 0.0010 0.0005 0.9978 0.0004 
        035s 12 0.0007 0.0129 0.0004 0.9855 0.0004 
        036s 12 0.0080 0.0040 0.0026 0.9847 0.0007 
        037s 12 0.0004 0.0021 0.0012 0.9954 0.0010 
        001s 13 0.0006 0.0124 0.0008 0.9843 0.0020 
        002s 13 0.0004 0.0921 0.0004 0.9063 0.0009 
        003s 13 0.0003 0.0017 0.0006 0.9962 0.0011 
        004s 13 0.0003 0.0018 0.0101 0.9844 0.0033 
        005s 13 0.0052 0.0043 0.0030 0.9855 0.0021 
        006s 13 0.0015 0.0019 0.0010 0.9950 0.0006 
        007s 13 0.0327 0.0020 0.0004 0.9638 0.0010 
        008s 13 0.0009 0.0586 0.0011 0.9389 0.0005 
        009s 13 0.0023 0.1314 0.0102 0.8551 0.0010 
        010s 13 0.0006 0.0703 0.0009 0.9275 0.0008 
        011s 13 0.0252 0.0075 0.0066 0.9577 0.0031 
        012s 13 0.0017 0.0553 0.0019 0.9235 0.0177 
        013s 13 0.0118 0.0257 0.0007 0.9565 0.0054 
        014s 13 0.0366 0.0016 0.0009 0.9588 0.0021 
        015s 13 0.0006 0.0055 0.0099 0.9766 0.0074 
        016s 13 0.0003 0.0009 0.0005 0.9975 0.0007 
        017s 13 0.0117 0.0157 0.0036 0.9686 0.0005 
        018s 13 0.0003 0.0013 0.0007 0.9970 0.0007 
        019s 13 0.0015 0.0013 0.0004 0.9960 0.0009 
        020s 13 0.0032 0.0035 0.0018 0.9911 0.0004 
        021s 13 0.0004 0.0017 0.0005 0.9960 0.0014 
        022s 13 0.0006 0.0030 0.0004 0.9950 0.0009 
        023s 13 0.0003 0.0027 0.0005 0.9963 0.0002 
        024s 13 0.0038 0.0217 0.0009 0.9348 0.0389 
        025s 13 0.0006 0.0020 0.0010 0.9945 0.0019 
        026s 13 0.0083 0.0912 0.0005 0.8952 0.0048 
        027s 13 0.0016 0.0463 0.0049 0.9463 0.0009 
        028s 13 0.0095 0.0134 0.0087 0.9660 0.0025 
        029s 13 0.0007 0.0267 0.0005 0.9714 0.0007 
        030s 13 0.0003 0.0749 0.0005 0.9010 0.0234 
        031s 13 0.0020 0.0054 0.0019 0.8891 0.1016 
        032s 13 0.0022 0.0015 0.0006 0.9953 0.0003 
        033s 13 0.0331 0.0054 0.0008 0.9601 0.0007 
        034s 13 0.0028 0.0521 0.0017 0.9426 0.0007 
        035s 13 0.0006 0.0016 0.0017 0.9921 0.0039 
        036s 13 0.0004 0.0032 0.0005 0.9954 0.0005 
        037s 13 0.0006 0.0011 0.0007 0.9960 0.0016 
        038s 13 0.0015 0.0021 0.0012 0.9944 0.0008 
        039s 13 0.0012 0.1023 0.0005 0.8215 0.0745 
        040s 13 0.0007 0.0025 0.0004 0.9951 0.0013 
        041s 13 0.0060 0.0573 0.0005 0.9347 0.0014 
        042s 13 0.0008 0.0014 0.0006 0.9962 0.0009 
        001s 14 0.0006 0.0283 0.0016 0.9689 0.0006 
        002s 14 0.0018 0.0651 0.0033 0.9289 0.0010 
        003s 14 0.0007 0.0015 0.0004 0.9967 0.0007 
        004s 14 0.0059 0.0102 0.0007 0.9794 0.0038 
        005s 14 0.0002 0.0012 0.0007 0.9973 0.0006 
        006s 14 0.0004 0.0012 0.0003 0.9977 0.0004 
        007s 14 0.0007 0.0016 0.0004 0.9958 0.0015 
        008s 14 0.0027 0.1003 0.0169 0.8788 0.0013 
        009s 14 0.0007 0.0033 0.0054 0.9895 0.0011 
        010s 14 0.0005 0.0557 0.0185 0.9244 0.0009 
        011s 14 0.0334 0.0065 0.0007 0.9586 0.0008 
        012s 14 0.0021 0.0016 0.0020 0.9932 0.0011 
        013s 14 0.0033 0.0022 0.0005 0.9882 0.0058 
        014s 14 0.0006 0.0409 0.0091 0.9488 0.0006 
        015s 14 0.0007 0.0017 0.0080 0.9870 0.0025 
        016s 14 0.0003 0.0027 0.0006 0.9855 0.0109 
        017s 14 0.0131 0.0581 0.0006 0.9277 0.0005 
        018s 14 0.0005 0.0017 0.0011 0.9956 0.0011 
        019s 14 0.0021 0.0026 0.0004 0.9942 0.0007 
        020s 14 0.0002 0.0020 0.0079 0.9889 0.0010 
        021s 14 0.0002 0.0074 0.0088 0.9832 0.0004 
        022s 14 0.0025 0.0067 0.0018 0.9879 0.0011 
        023s 14 0.0007 0.0052 0.0019 0.9889 0.0032 
        024s 14 0.0014 0.0606 0.0030 0.9338 0.0012 
        025s 14 0.0002 0.0617 0.0003 0.9373 0.0005 
        026s 14 0.0003 0.0014 0.0021 0.9952 0.0010 
        027s 14 0.0006 0.0036 0.0006 0.9918 0.0035 
        028s 14 0.0015 0.0015 0.0020 0.9943 0.0006 
        029s 14 0.0002 0.0009 0.0005 0.9976 0.0008 
        030s 14 0.0092 0.0018 0.0005 0.9880 0.0005 
        031s 14 0.0159 0.0014 0.0005 0.9813 0.0009 
        032s 14 0.0007 0.0020 0.0003 0.9946 0.0023 
        033s 14 0.0523 0.0015 0.0011 0.9446 0.0005 
        034s 14 0.0003 0.0007 0.0006 0.9978 0.0005 
        035s 14 0.0820 0.0791 0.0002 0.8383 0.0004 
        036s 14 0.0362 0.0767 0.0016 0.8804 0.0051 
        037s 14 0.0003 0.0020 0.0009 0.9935 0.0034 
        038s 14 0.0006 0.0017 0.0007 0.9968 0.0003 
        039s 14 0.0018 0.0034 0.0035 0.9870 0.0043 
        040s 14 0.0007 0.0119 0.0004 0.9858 0.0012 
        041s 14 0.0012 0.0021 0.0005 0.9954 0.0008 
        042s 14 0.0006 0.0769 0.0008 0.9207 0.0011 
        001s 15 0.0003 0.0024 0.0007 0.9953 0.0012 
        002s 15 0.0014 0.0960 0.0063 0.8831 0.0133 
        003s 15 0.0007 0.0140 0.0013 0.9774 0.0066 
        004s 15 0.0005 0.0017 0.0088 0.9887 0.0004 
        005s 15 0.0020 0.0157 0.0010 0.9761 0.0052 
        006s 15 0.0010 0.0152 0.0007 0.9823 0.0008 
        007s 15 0.0005 0.0011 0.0011 0.9966 0.0007 
        008s 15 0.0006 0.0013 0.0006 0.9970 0.0005 
        009s 15 0.0022 0.0340 0.0005 0.9267 0.0366 
        010s 15 0.0005 0.0018 0.0003 0.9963 0.0011 
        011s 15 0.0630 0.0014 0.0004 0.9338 0.0014 
        012s 15 0.0017 0.0042 0.0011 0.9914 0.0017 
        013s 15 0.0004 0.0026 0.0029 0.9931 0.0010 
        014s 15 0.0007 0.0034 0.0050 0.9859 0.0049 
        015s 15 0.0048 0.0784 0.0008 0.9101 0.0059 
        016s 15 0.0651 0.0063 0.0269 0.9012 0.0005 
        017s 15 0.0006 0.0024 0.0179 0.9766 0.0024 
        018s 15 0.0002 0.0049 0.0012 0.9934 0.0004 
        019s 15 0.0004 0.0104 0.0005 0.9852 0.0035 
        020s 15 0.0004 0.0017 0.0004 0.9969 0.0004 
        021s 15 0.0010 0.0797 0.0021 0.9130 0.0041 
        022s 15 0.0022 0.0018 0.0008 0.9947 0.0005 
        023s 15 0.0024 0.0258 0.0004 0.9707 0.0007 
        024s 15 0.0014 0.0031 0.0004 0.9941 0.0011 
        025s 15 0.0012 0.0064 0.0012 0.9604 0.0307 
        026s 15 0.0009 0.0023 0.0034 0.9692 0.0242 
        027s 15 0.0081 0.0047 0.0126 0.9741 0.0005 
        028s 15 0.0011 0.0012 0.0022 0.9939 0.0016 
        029s 15 0.0010 0.0015 0.0016 0.9950 0.0009 
        030s 15 0.0004 0.0011 0.0013 0.9965 0.0007 
        031s 15 0.0007 0.0705 0.0012 0.9193 0.0084 
        032s 15 0.0002 0.0014 0.0008 0.9957 0.0019 
        033s 15 0.0007 0.0620 0.0006 0.9363 0.0003 
        035s 15 0.0021 0.0031 0.0023 0.9919 0.0006 
        036s 15 0.0008 0.0018 0.0003 0.9929 0.0042 
        037s 15 0.0083 0.0018 0.0006 0.9879 0.0014 
        038s 15 0.0008 0.0045 0.0007 0.9936 0.0003 
        039s 15 0.0003 0.0793 0.0007 0.9194 0.0003 
        040s 15 0.0018 0.0049 0.0024 0.9901 0.0008 
        041s 15 0.0060 0.0695 0.0007 0.9218 0.0020 
        042s 15 0.0004 0.0060 0.0027 0.9901 0.0008 
        043s 15 0.0010 0.0131 0.0003 0.9840 0.0017 
        044s 15 0.0006 0.0061 0.0010 0.9915 0.0007 
        045s 15 0.0358 0.0037 0.0015 0.8813 0.0777 
        046s 15 0.0060 0.0183 0.0004 0.9742 0.0011 
        047s 15 0.0020 0.0280 0.0003 0.9692 0.0004 
        048s 15 0.0005 0.0013 0.0009 0.9811 0.0162 
        049s 15 0.0015 0.0127 0.0005 0.9848 0.0005 
        050s 15 0.0004 0.1355 0.0067 0.8558 0.0016 
         001 16 0.0137 0.1716 0.0029 0.8115 0.0003 
         002 16 0.0011 0.0496 0.0002 0.9484 0.0007 
         003 16 0.0054 0.0051 0.0035 0.9850 0.0010 
         004 16 0.0010 0.0021 0.0005 0.9948 0.0015 
         005 16 0.0053 0.0523 0.0016 0.9165 0.0243 
         006 16 0.0017 0.0149 0.0011 0.9693 0.0131 
         007 16 0.0007 0.0063 0.0008 0.9907 0.0015 
         008 16 0.0044 0.1451 0.0009 0.8489 0.0007 
         009 16 0.0004 0.0038 0.0009 0.9945 0.0004 
         010 16 0.0005 0.0319 0.0005 0.9667 0.0005 
         011 16 0.0011 0.0074 0.0005 0.9897 0.0014 
         012 16 0.0020 0.0016 0.0010 0.9943 0.0011 
         013 16 0.0011 0.0014 0.0004 0.9967 0.0004 
         014 16 0.0011 0.0407 0.0014 0.9566 0.0003 
         015 16 0.0028 0.0004 0.0024 0.6259 0.3684 
         016 16 0.0003 0.0025 0.0045 0.9801 0.0126 
         017 16 0.0056 0.0078 0.0007 0.9851 0.0008 
         018 16 0.0036 0.0395 0.0091 0.9127 0.0351 
         019 16 0.0053 0.0643 0.0008 0.9291 0.0004 
         020 16 0.0007 0.0006 0.0008 0.9972 0.0008 
         021 16 0.0358 0.0955 0.0025 0.8654 0.0009 
         022 16 0.0003 0.0359 0.0008 0.9617 0.0013 
         023 16 0.0006 0.0320 0.0006 0.9574 0.0093 
         024 16 0.0004 0.0066 0.0011 0.9631 0.0287 
         025 16 0.0168 0.0479 0.0008 0.9315 0.0030 
         026 16 0.0009 0.1089 0.0003 0.8870 0.0028 
         027 16 0.0003 0.0139 0.0100 0.9743 0.0015 
         028 16 0.0246 0.1463 0.0193 0.8095 0.0002 
         029 16 0.0364 0.0037 0.0008 0.9583 0.0009 
         030 16 0.0047 0.0017 0.0005 0.9927 0.0005 
         031 16 0.0006 0.0024 0.0137 0.9827 0.0006 
         032 16 0.0006 0.0905 0.0006 0.9015 0.0067 
         033 16 0.0010 0.0015 0.0003 0.9970 0.0002 
         034 16 0.0022 0.0049 0.0003 0.9914 0.0012 
         035 16 0.0010 0.0006 0.0004 0.9977 0.0003 
         036 16 0.0004 0.0016 0.0017 0.9946 0.0017 
         037 16 0.0160 0.0251 0.0008 0.9548 0.0033 
         038 16 0.0006 0.0041 0.0012 0.9876 0.0065 
         039 16 0.0004 0.0031 0.0009 0.9949 0.0007 
         040 16 0.0018 0.0020 0.0005 0.9938 0.0019 
         041 16 0.0007 0.0021 0.0003 0.9954 0.0014 
         042 16 0.0007 0.0028 0.0018 0.9940 0.0008 
         043 16 0.0005 0.0024 0.0008 0.9954 0.0009 
         044 16 0.0008 0.0071 0.0018 0.9893 0.0010 
         045 16 0.0072 0.0033 0.0023 0.9868 0.0003 
         047 16 0.0345 0.0037 0.0064 0.9546 0.0007 
         048 16 0.0044 0.0028 0.0007 0.9916 0.0006 
         049 16 0.0023 0.0013 0.0007 0.9923 0.0034 
         050 16 0.0007 0.0014 0.0004 0.9972 0.0003 
         051 16 0.0015 0.0019 0.0018 0.9942 0.0006 
         052 16 0.0004 0.0007 0.0003 0.9980 0.0006 
         053 16 0.0007 0.0009 0.0007 0.9971 0.0005 
         054 16 0.0005 0.0696 0.0014 0.9280 0.0004 
         055 16 0.0558 0.0080 0.0005 0.9352 0.0005 
         056 16 0.0004 0.0030 0.0006 0.9887 0.0073 
         057 16 0.0004 0.0939 0.0005 0.9050 0.0002 
         058 16 0.0075 0.0946 0.0001 0.8822 0.0156 
         059 16 0.0097 0.0879 0.0037 0.8113 0.0875 
         060 16 0.0006 0.0041 0.0011 0.9844 0.0098 
         061 16 0.0007 0.0026 0.0006 0.9947 0.0014 
         062 16 0.0076 0.0015 0.0013 0.9892 0.0004 
         063 16 0.0006 0.0050 0.0005 0.9932 0.0008 
         064 16 0.0006 0.0012 0.0004 0.9961 0.0017 
         065 16 0.0018 0.0026 0.0014 0.9918 0.0024 
         066 16 0.0004 0.0013 0.0009 0.9969 0.0005 
         067 16 0.0050 0.0019 0.0007 0.9155 0.0770 
         068 16 0.0011 0.0056 0.0008 0.9637 0.0288 
         069 16 0.0007 0.0017 0.0044 0.9928 0.0005 
         070 16 0.0010 0.0062 0.0019 0.9905 0.0005 
         071 16 0.0126 0.0780 0.0005 0.9086 0.0002 
         072 16 0.0011 0.0065 0.0009 0.9904 0.0012 
         073 16 0.0024 0.0024 0.0005 0.9943 0.0004 
         074 16 0.0008 0.0008 0.0005 0.9977 0.0003 
         075 16 0.0040 0.0214 0.0005 0.9733 0.0007 
         076 16 0.0006 0.0019 0.0007 0.9963 0.0005 
         077 16 0.0064 0.0179 0.0252 0.8901 0.0605 
         078 16 0.0004 0.0330 0.0008 0.9639 0.0020 
         079 16 0.0013 0.0908 0.0028 0.9036 0.0016 
         080 16 0.0002 0.0057 0.0003 0.9925 0.0012 
         081 16 0.0391 0.0093 0.0010 0.9502 0.0005 
         082 16 0.0097 0.0153 0.0005 0.9742 0.0003 
         083 16 0.0012 0.0014 0.0005 0.9951 0.0017 
         084 16 0.0015 0.0031 0.0037 0.9905 0.0012 
         085 16 0.0005 0.0020 0.0022 0.9843 0.0109 
         086 16 0.0058 0.1089 0.0007 0.8837 0.0009 
         087 16 0.0013 0.0200 0.0016 0.9767 0.0004 
         088 16 0.0003 0.0017 0.0005 0.9954 0.0021 
         089 16 0.0058 0.0022 0.0010 0.9899 0.0011 
         090 16 0.0008 0.0086 0.0017 0.9885 0.0004 
         091 16 0.0013 0.0016 0.0009 0.9956 0.0006 
         092 16 0.0003 0.0440 0.0007 0.9543 0.0007 
         093 16 0.0005 0.0023 0.0014 0.9954 0.0004 
         094 16 0.0009 0.0074 0.0081 0.9440 0.0396 
         095 16 0.0003 0.0014 0.0010 0.9969 0.0004 
         096 16 0.0285 0.0025 0.0005 0.9659 0.0026 
         097 16 0.0876 0.0053 0.0023 0.8989 0.0060 
         098 16 0.0006 0.0025 0.0090 0.9842 0.0037 
         099 16 0.0004 0.0011 0.0009 0.9907 0.0069 
         100 16 0.0004 0.0018 0.0006 0.9953 0.0019 
         101 16 0.0005 0.0430 0.0006 0.9519 0.0038 
         102 16 0.0019 0.0031 0.0004 0.9931 0.0015 
         103 16 0.0018 0.0024 0.0034 0.9899 0.0025 
         104 16 0.0006 0.0051 0.0003 0.9902 0.0038 
         105 16 0.0245 0.0802 0.0039 0.8879 0.0035 
         106 16 0.0003 0.0029 0.0005 0.9940 0.0023 
         107 16 0.0003 0.0134 0.0483 0.9316 0.0064 
         108 16 0.0009 0.1219 0.0687 0.6441 0.1644 
         109 16 0.0039 0.0158 0.0006 0.9791 0.0006 
         110 16 0.0004 0.0009 0.0002 0.9973 0.0012 
         111 16 0.0003 0.0648 0.0006 0.9332 0.0011 
         112 16 0.0004 0.0466 0.0009 0.9505 0.0015 
         113 16 0.0058 0.0520 0.0009 0.9407 0.0007 
         114 16 0.0005 0.0149 0.0060 0.9775 0.0011 
         115 16 0.0010 0.0011 0.0004 0.9969 0.0007 
         116 16 0.0009 0.0159 0.0005 0.9815 0.0013 
         117 16 0.0043 0.0083 0.0038 0.9829 0.0007 
         118 16 0.0003 0.0085 0.0008 0.9775 0.0129 
         119 16 0.0007 0.0035 0.0018 0.9929 0.0011 
         120 16 0.0177 0.0011 0.0012 0.9794 0.0006 
         121 16 0.0101 0.0013 0.0002 0.9541 0.0343 
         122 16 0.0004 0.0010 0.0003 0.9978 0.0005 
         123 16 0.0009 0.0040 0.0024 0.9922 0.0005 
         124 16 0.0007 0.0105 0.0004 0.9874 0.0011 
         126 16 0.0006 0.1642 0.0038 0.8306 0.0008 
         001 17 0.0027 0.0018 0.0093 0.9857 0.0004 
         002 17 0.0004 0.0043 0.0006 0.9943 0.0005 
         003 17 0.0006 0.0015 0.0010 0.9965 0.0004 
         005 17 0.0004 0.0010 0.0217 0.9764 0.0005 
         006 17 0.0532 0.0025 0.0016 0.9421 0.0006 
         007 17 0.0145 0.1200 0.0024 0.8400 0.0231 
         008 17 0.0061 0.1109 0.0006 0.8821 0.0004 
         009 17 0.0003 0.0005 0.0005 0.9982 0.0004 
         010 17 0.0009 0.0019 0.0005 0.9955 0.0012 
         011 17 0.0020 0.1379 0.0012 0.4803 0.3786 
         012 17 0.0004 0.0055 0.0007 0.9918 0.0015 
         013 17 0.0004 0.0008 0.0007 0.9979 0.0003 
         014 17 0.0004 0.0014 0.0012 0.9966 0.0004 
         015 17 0.0039 0.0026 0.0007 0.9925 0.0003 
         016 17 0.0008 0.0015 0.0006 0.9965 0.0007 
         017 17 0.0022 0.0026 0.0009 0.9936 0.0008 
         018 17 0.0014 0.0255 0.0258 0.9468 0.0006 
         019 17 0.0002 0.0016 0.0007 0.9966 0.0008 
         020 17 0.0008 0.0023 0.0003 0.9960 0.0006 
         021 17 0.0007 0.0008 0.0005 0.9972 0.0008 
         022 17 0.0079 0.0359 0.0122 0.9428 0.0012 
         023 17 0.0004 0.0099 0.0028 0.9861 0.0007 
         024 17 0.0451 0.0171 0.0014 0.9327 0.0038 
         025 17 0.0007 0.0012 0.0004 0.9975 0.0003 
         002 18 0.0009 0.0007 0.0050 0.9914 0.0019 
         003 18 0.0003 0.0009 0.0004 0.9970 0.0014 
         004 18 0.0005 0.0620 0.0040 0.9322 0.0012 
         005 18 0.0005 0.0066 0.0009 0.9613 0.0306 
         006 18 0.0003 0.0016 0.0004 0.9970 0.0008 
         007 18 0.0044 0.0022 0.0022 0.9908 0.0004 
         008 18 0.0011 0.0008 0.0004 0.9954 0.0022 
         009 18 0.0031 0.0125 0.0012 0.9816 0.0016 
         010 18 0.0023 0.0009 0.0023 0.9867 0.0078 
         011 18 0.0007 0.0017 0.0019 0.9937 0.0020 
         012 18 0.0007 0.0183 0.0005 0.9780 0.0024 
         015 18 0.0005 0.0030 0.0004 0.9947 0.0015 
         016 18 0.0035 0.0035 0.0005 0.9922 0.0004 
         018 18 0.0004 0.0011 0.0057 0.9864 0.0064 
         026 18 0.0120 0.0014 0.0023 0.9835 0.0007 
         027 18 0.0004 0.0006 0.0016 0.9960 0.0015 
         028 18 0.0008 0.0021 0.0314 0.9654 0.0002 
         029 18 0.0007 0.0028 0.0006 0.9955 0.0003 
         031 18 0.0059 0.0663 0.0333 0.8161 0.0784 
         032 18 0.0005 0.0010 0.0014 0.9967 0.0003 
         033 18 0.0004 0.0023 0.0013 0.9951 0.0009 
         035 18 0.0004 0.0029 0.0005 0.9957 0.0005 
         036 18 0.0005 0.0015 0.0009 0.9891 0.0079 
         037 18 0.0137 0.0020 0.0137 0.9617 0.0090 
         038 18 0.0255 0.0029 0.0533 0.9151 0.0031 
         039 18 0.0005 0.0011 0.0003 0.9968 0.0012 
         044 18 0.0112 0.1183 0.0011 0.8686 0.0007 
         046 18 0.0003 0.0043 0.0065 0.9593 0.0296 
         049 18 0.0005 0.0021 0.0010 0.9959 0.0004 
         053 18 0.0005 0.0040 0.0010 0.9940 0.0005 
         054 18 0.0132 0.0023 0.0008 0.9830 0.0008 
         056 18 0.0002 0.0683 0.0023 0.9274 0.0019 
         057 18 0.0033 0.0010 0.0006 0.9915 0.0036 
         058 18 0.0006 0.0026 0.0052 0.9876 0.0040 
        001s 19 0.0011 0.0717 0.0007 0.9258 0.0007 
        002s 19 0.0005 0.0081 0.0011 0.9895 0.0009 
        003s 19 0.0003 0.0350 0.0007 0.9634 0.0005 
        004s 19 0.0010 0.0030 0.0060 0.9658 0.0241 
        005s 19 0.0264 0.0048 0.0024 0.8898 0.0767 
        006s 19 0.0011 0.0024 0.0015 0.9933 0.0017 
        007s 19 0.0177 0.0035 0.0003 0.9657 0.0127 
        008s 19 0.0017 0.0451 0.0013 0.9389 0.0130 
        009s 19 0.0007 0.0027 0.0005 0.9941 0.0020 
        010s 19 0.0045 0.0034 0.0153 0.9765 0.0004 
        011s 19 0.0050 0.0013 0.0049 0.9878 0.0010 
        012s 19 0.0020 0.0039 0.0019 0.9918 0.0004 
        013s 19 0.0080 0.0049 0.0007 0.9859 0.0005 
        014s 19 0.0060 0.0665 0.0008 0.9097 0.0171 
        015s 19 0.0026 0.0019 0.0006 0.9944 0.0005 
        016s 19 0.0013 0.0021 0.0183 0.9296 0.0486 
        017s 19 0.0009 0.0618 0.0018 0.9308 0.0048 
        018s 19 0.0005 0.0027 0.0012 0.9925 0.0031 
        019s 19 0.0047 0.0866 0.0005 0.9056 0.0026 
        020s 19 0.0031 0.0718 0.0006 0.9239 0.0006 
        021s 19 0.0018 0.0060 0.0018 0.9900 0.0004 
        022s 19 0.0012 0.0194 0.0013 0.9776 0.0004 
        023s 19 0.0036 0.0017 0.0026 0.9893 0.0028 
        024s 19 0.0003 0.0016 0.0022 0.9941 0.0017 
        025s 19 0.0002 0.1335 0.0010 0.8636 0.0017 
        026s 19 0.0030 0.0060 0.0031 0.9843 0.0037 
        027s 19 0.0007 0.0051 0.0008 0.9924 0.0010 
        028s 19 0.0011 0.0067 0.0006 0.9911 0.0005 
        029s 19 0.0011 0.0008 0.0014 0.9960 0.0006 
        030s 19 0.0011 0.0038 0.0032 0.9913 0.0006 
        031s 19 0.0011 0.0036 0.0004 0.9942 0.0007 
        032s 19 0.0013 0.0016 0.0005 0.9963 0.0003 
        033s 19 0.0014 0.0007 0.0010 0.9926 0.0043 
        034s 19 0.0008 0.0018 0.0004 0.9957 0.0013 
        035s 19 0.0018 0.0170 0.0036 0.9729 0.0046 
        036s 19 0.0013 0.0015 0.0003 0.9953 0.0016 
        037s 19 0.0003 0.0014 0.0010 0.9969 0.0003 
        038s 19 0.0015 0.0028 0.0018 0.9926 0.0012 
        039s 19 0.0004 0.0019 0.0005 0.9968 0.0003 
        040s 19 0.0307 0.0014 0.0004 0.9671 0.0004 
        041s 19 0.0005 0.0009 0.0002 0.9978 0.0005 
        042s 19 0.0010 0.0042 0.0122 0.9675 0.0151 
        043s 19 0.0022 0.0385 0.0014 0.9577 0.0003 
        044s 19 0.0006 0.0010 0.0008 0.9963 0.0013 
        045s 19 0.0002 0.0016 0.0010 0.9959 0.0012 
        046s 19 0.0014 0.0032 0.0019 0.9873 0.0061 
        047s 19 0.0094 0.0016 0.0006 0.9881 0.0003 
        048s 19 0.0053 0.0905 0.0009 0.9031 0.0002 
        049s 19 0.0060 0.0073 0.0006 0.9796 0.0066 
        050s 19 0.0003 0.0035 0.0004 0.9955 0.0004 
        051s 19 0.0380 0.0129 0.0007 0.9339 0.0145 
        052s 19 0.0009 0.0023 0.0008 0.9954 0.0006 
      LIW2-4 20 0.0017 0.0014 0.0019 0.9931 0.0019 
     LIW2-12 21 0.0004 0.0023 0.0085 0.9107 0.0782 
     LIW2-20 22 0.0004 0.0034 0.0049 0.9902 0.0011 
     LIW2-28 23 0.0011 0.0476 0.0024 0.8835 0.0654 
      LIW1-5 24 0.0007 0.0022 0.0018 0.9919 0.0034 
     LIW1-13 25 0.0073 0.0597 0.0005 0.9165 0.0159 
     LIW1-21 26 0.0004 0.0128 0.0068 0.9453 0.0347 
     LIW1-29 27 0.0033 0.0234 0.0026 0.9563 0.0143 
      LIW2-5 28 0.0008 0.0013 0.0067 0.9893 0.0019 
     LIW2-34 29 0.0012 0.0006 0.0101 0.9835 0.0045 
