        001s  1 0.0007 0.2650 0.0003 0.2795 0.0055 0.0009 0.0007 0.4474 
        002s  1 0.0014 0.1691 0.0037 0.7594 0.0053 0.0005 0.0009 0.0596 
        003s  1 0.0028 0.0063 0.0009 0.9468 0.0047 0.0194 0.0038 0.0152 
        004s  1 0.0059 0.2414 0.0304 0.5301 0.0016 0.0005 0.0070 0.1830 
        005s  1 0.0014 0.0035 0.1517 0.4613 0.1950 0.0004 0.1809 0.0057 
        006s  1 0.0004 0.0408 0.0011 0.0040 0.0014 0.0005 0.0003 0.9514 
        007s  1 0.0035 0.1945 0.0004 0.0339 0.0022 0.0007 0.0036 0.7613 
        008s  1 0.0013 0.0271 0.0014 0.5554 0.0078 0.0009 0.0030 0.4031 
        009s  1 0.0121 0.2235 0.0035 0.3773 0.0225 0.0048 0.0424 0.3139 
        010s  1 0.0003 0.6275 0.0015 0.0118 0.0015 0.0008 0.0096 0.3471 
        011s  1 0.0031 0.0378 0.0020 0.0051 0.0038 0.0049 0.0020 0.9412 
        012s  1 0.0014 0.4972 0.0076 0.0490 0.0058 0.0084 0.1160 0.3146 
        013s  1 0.0086 0.5793 0.0165 0.0310 0.0148 0.0011 0.0034 0.3452 
        014s  1 0.0062 0.0528 0.0013 0.0045 0.0019 0.0206 0.0299 0.8828 
        015s  1 0.0007 0.0297 0.0005 0.0106 0.0024 0.0008 0.0006 0.9548 
        016s  1 0.0073 0.8917 0.0004 0.0693 0.0037 0.0014 0.0038 0.0223 
        018s  1 0.0011 0.0166 0.0019 0.0020 0.1136 0.0014 0.1395 0.7238 
        019s  1 0.0008 0.2723 0.0007 0.0938 0.0073 0.0051 0.0183 0.6016 
        020s  1 0.0132 0.8296 0.0004 0.0052 0.0008 0.0100 0.0007 0.1401 
        021s  1 0.0103 0.5102 0.0119 0.0357 0.0007 0.0011 0.0003 0.4298 
        022s  1 0.0011 0.0070 0.0005 0.9495 0.0016 0.0006 0.0004 0.0393 
        023s  1 0.0081 0.0141 0.0004 0.1033 0.0365 0.0012 0.0005 0.8360 
        024s  1 0.0010 0.1062 0.0016 0.0139 0.0073 0.0005 0.0017 0.8676 
        025s  1 0.0009 0.0079 0.0014 0.0081 0.1105 0.0006 0.0072 0.8635 
        026s  1 0.0109 0.1493 0.0007 0.0065 0.0126 0.0049 0.0009 0.8141 
        027s  1 0.0031 0.0027 0.0127 0.0254 0.1456 0.0009 0.0018 0.8077 
        028s  1 0.0006 0.0092 0.0543 0.0056 0.1162 0.0023 0.0409 0.7708 
        029s  1 0.0008 0.0184 0.0005 0.0105 0.0036 0.0072 0.0012 0.9577 
        030s  1 0.0007 0.6342 0.0052 0.0031 0.1264 0.0073 0.0014 0.2217 
        031s  1 0.0012 0.4138 0.0003 0.0792 0.0036 0.0004 0.0004 0.5010 
        032s  1 0.0009 0.9525 0.0007 0.0078 0.0029 0.0013 0.0007 0.0332 
        033s  1 0.0010 0.0081 0.0008 0.0081 0.0077 0.0009 0.0038 0.9697 
        034s  1 0.0573 0.2092 0.0021 0.5370 0.0085 0.0055 0.0019 0.1784 
        035s  1 0.0007 0.1655 0.0021 0.0032 0.0014 0.0030 0.0019 0.8222 
        036s  1 0.0013 0.4871 0.0010 0.4130 0.0014 0.0004 0.0952 0.0005 
        037s  1 0.0370 0.7102 0.0098 0.1107 0.0082 0.0023 0.1068 0.0150 
        038s  1 0.0013 0.8265 0.0009 0.0154 0.0031 0.0007 0.0022 0.1499 
        039s  1 0.0003 0.0357 0.0071 0.0108 0.0543 0.0010 0.0003 0.8905 
        040s  1 0.0022 0.4553 0.0051 0.1186 0.0024 0.0006 0.0012 0.4146 
        041s  1 0.0030 0.0109 0.0005 0.0070 0.0074 0.0011 0.0024 0.9678 
        042s  1 0.0805 0.7248 0.0011 0.0408 0.0095 0.0015 0.0799 0.0620 
        043s  1 0.0004 0.0041 0.0009 0.8578 0.0724 0.0017 0.0061 0.0567 
        044s  1 0.0097 0.5955 0.0125 0.2337 0.0359 0.0027 0.0773 0.0326 
        045s  1 0.0008 0.9188 0.0018 0.0019 0.0115 0.0015 0.0095 0.0543 
        046s  1 0.0009 0.1829 0.0005 0.0125 0.0015 0.0027 0.0017 0.7971 
        047s  1 0.0077 0.8683 0.0003 0.0046 0.0041 0.0016 0.0010 0.1125 
        048s  1 0.0009 0.0765 0.0003 0.5457 0.0042 0.0005 0.0406 0.3313 
        049s  1 0.0005 0.0244 0.0028 0.9298 0.0042 0.0010 0.0007 0.0366 
        050s  1 0.0006 0.0165 0.0034 0.0542 0.0014 0.0007 0.0943 0.8291 
        051s  1 0.0008 0.0311 0.0005 0.0076 0.0013 0.0273 0.0005 0.9309 
        052s  1 0.0020 0.8228 0.0079 0.0397 0.0728 0.0173 0.0105 0.0269 
        053s  1 0.0009 0.9738 0.0004 0.0030 0.0030 0.0003 0.0019 0.0167 
        054s  1 0.0014 0.9301 0.0028 0.0042 0.0026 0.0028 0.0003 0.0558 
        055s  1 0.0689 0.0399 0.0006 0.0031 0.0166 0.0027 0.0750 0.7931 
          01  2 0.0015 0.6801 0.0016 0.0098 0.0018 0.0333 0.1200 0.1518 
          02  2 0.0009 0.9186 0.0023 0.0045 0.0237 0.0023 0.0116 0.0361 
          03  2 0.0019 0.4665 0.0008 0.0084 0.0052 0.0005 0.0019 0.5149 
          04  2 0.0134 0.0642 0.0153 0.0648 0.1269 0.0015 0.0015 0.7124 
          05  2 0.0005 0.0034 0.0005 0.7947 0.0187 0.0004 0.1165 0.0652 
          06  2 0.0008 0.9444 0.0017 0.0105 0.0108 0.0006 0.0267 0.0045 
          07  2 0.0012 0.3436 0.0023 0.2294 0.0047 0.0017 0.0051 0.4120 
          08  2 0.0011 0.0648 0.0005 0.7226 0.0423 0.0009 0.0824 0.0856 
          09  2 0.0005 0.6170 0.0005 0.0792 0.0021 0.0120 0.0005 0.2881 
          10  2 0.0007 0.8181 0.0006 0.0149 0.0114 0.0006 0.0019 0.1517 
          11  2 0.0020 0.8082 0.0010 0.0329 0.0013 0.0105 0.0193 0.1249 
          12  2 0.0005 0.1803 0.0008 0.0205 0.0500 0.0020 0.0008 0.7452 
          13  2 0.0004 0.0135 0.0004 0.0829 0.0007 0.0012 0.0005 0.9004 
          14  2 0.0235 0.0030 0.0104 0.2922 0.0029 0.0040 0.0004 0.6636 
          15  2 0.0016 0.3047 0.0010 0.3451 0.0077 0.0017 0.0003 0.3380 
          16  2 0.0050 0.0076 0.0564 0.0095 0.0123 0.0053 0.0008 0.9031 
          17  2 0.0013 0.7686 0.0010 0.0647 0.1069 0.0010 0.0022 0.0543 
          18  2 0.0015 0.5992 0.0023 0.0029 0.0097 0.0018 0.0126 0.3701 
          19  2 0.0052 0.9017 0.0003 0.0081 0.0045 0.0024 0.0012 0.0765 
          20  2 0.0051 0.8619 0.0151 0.0101 0.0012 0.0022 0.0581 0.0463 
          21  2 0.0008 0.5355 0.0007 0.0332 0.0057 0.0220 0.0015 0.4007 
          22  2 0.0071 0.1073 0.0046 0.0018 0.0735 0.0079 0.0019 0.7958 
          23  2 0.0022 0.9110 0.0024 0.0032 0.0048 0.0012 0.0016 0.0736 
          24  2 0.0010 0.4120 0.0007 0.0052 0.0055 0.0012 0.0006 0.5737 
          25  2 0.0011 0.2426 0.0239 0.0791 0.0025 0.0026 0.0052 0.6430 
          26  2 0.0003 0.0015 0.0004 0.9943 0.0006 0.0009 0.0006 0.0014 
          27  2 0.0036 0.0941 0.0270 0.0257 0.0044 0.0016 0.0009 0.8429 
          28  2 0.0041 0.0218 0.0002 0.0954 0.0043 0.0012 0.0012 0.8718 
          29  2 0.0004 0.9075 0.0010 0.0078 0.0033 0.0010 0.0013 0.0777 
          30  2 0.0834 0.5715 0.0005 0.0308 0.0323 0.0122 0.1515 0.1179 
          01  3 0.0138 0.0182 0.0693 0.0237 0.3302 0.0004 0.2653 0.2791 
          02  3 0.0049 0.0223 0.3498 0.0026 0.2240 0.0736 0.2406 0.0822 
          03  3 0.0009 0.0013 0.2729 0.0031 0.0815 0.0005 0.2792 0.3606 
          04  3 0.0011 0.0525 0.2514 0.0648 0.2375 0.0006 0.3583 0.0338 
          05  3 0.1211 0.0005 0.3133 0.0005 0.1749 0.1146 0.2739 0.0012 
          06  3 0.0020 0.0024 0.3831 0.0027 0.2388 0.0004 0.3020 0.0687 
          07  3 0.0004 0.0061 0.2250 0.0337 0.0568 0.0008 0.3478 0.3293 
          08  3 0.0081 0.1512 0.2560 0.0214 0.2191 0.0052 0.3025 0.0364 
          09  3 0.0029 0.0625 0.2393 0.0011 0.0770 0.0003 0.3949 0.2221 
          10  3 0.1304 0.0173 0.3251 0.0077 0.1761 0.2167 0.1154 0.0112 
          11  3 0.0003 0.0129 0.2570 0.0034 0.1076 0.0002 0.3690 0.2496 
          12  3 0.0005 0.0399 0.2666 0.1397 0.1140 0.0004 0.3723 0.0667 
          13  3 0.0004 0.0008 0.3909 0.0026 0.2627 0.0111 0.3283 0.0031 
          14  3 0.1551 0.0029 0.3617 0.0017 0.1982 0.0440 0.2354 0.0009 
          15  3 0.0014 0.0014 0.2094 0.0042 0.1437 0.0003 0.3155 0.3243 
          16  3 0.0030 0.0738 0.4184 0.0025 0.3501 0.0034 0.1463 0.0023 
          17  3 0.0009 0.2583 0.1314 0.0014 0.1322 0.0010 0.3737 0.1011 
          18  3 0.2776 0.0051 0.2620 0.0028 0.1439 0.1664 0.1360 0.0062 
          19  3 0.0025 0.0021 0.3302 0.0035 0.3240 0.0007 0.2266 0.1105 
          20  3 0.0460 0.0038 0.2043 0.0021 0.2856 0.0003 0.3405 0.1174 
          21  3 0.0037 0.0494 0.2392 0.0503 0.2801 0.0014 0.2355 0.1404 
          22  3 0.0030 0.0164 0.1773 0.1688 0.1923 0.0005 0.4266 0.0152 
          23  3 0.0015 0.0035 0.2436 0.0024 0.2905 0.0003 0.2965 0.1618 
          24  3 0.0034 0.0086 0.1971 0.0164 0.1918 0.1675 0.4015 0.0136 
          25  3 0.1336 0.0003 0.1916 0.0004 0.2191 0.2500 0.2046 0.0004 
          26  3 0.0006 0.0835 0.2797 0.0216 0.1315 0.0011 0.3823 0.0998 
          27  3 0.1744 0.0214 0.2538 0.0183 0.2403 0.1317 0.1521 0.0080 
          28  3 0.0002 0.0194 0.3170 0.0128 0.3241 0.0027 0.2969 0.0267 
          29  3 0.0103 0.0028 0.2833 0.0019 0.3047 0.0025 0.2836 0.1110 
          30  3 0.0003 0.0106 0.1443 0.2056 0.2443 0.0010 0.3374 0.0565 
         001  4 0.0001 0.0001 0.0001 0.0001 0.0001 0.0001 0.9993 0.0001 
         002  4 0.0002 0.0003 0.0004 0.0002 0.0005 0.0003 0.9978 0.0002 
         003  4 0.0001 0.0001 0.0001 0.0001 0.0001 0.0001 0.9993 0.0001 
         004  4 0.0001 0.0001 0.0002 0.0001 0.0001 0.0001 0.9992 0.0001 
         005  4 0.0002 0.0001 0.0002 0.0002 0.0001 0.0003 0.9988 0.0002 
         006  4 0.0003 0.0004 0.0678 0.0006 0.0257 0.0003 0.9045 0.0006 
         007  4 0.0005 0.0008 0.0610 0.0071 0.0007 0.0001 0.9289 0.0008 
         008  4 0.0051 0.0006 0.0005 0.0008 0.0005 0.0026 0.9894 0.0005 
         009  4 0.0001 0.0001 0.0003 0.0001 0.0001 0.0002 0.9990 0.0001 
         010  4 0.0001 0.0001 0.0184 0.0001 0.0001 0.0001 0.9810 0.0001 
         011  4 0.0164 0.0007 0.0380 0.0015 0.0009 0.0003 0.9411 0.0010 
         012  4 0.0001 0.0001 0.0001 0.0001 0.0001 0.0001 0.9993 0.0001 
         013  4 0.0001 0.0001 0.0001 0.0001 0.0002 0.0001 0.9993 0.0001 
         014  4 0.0001 0.0002 0.0001 0.0002 0.0002 0.0001 0.9989 0.0002 
         015  4 0.0001 0.0001 0.0001 0.0001 0.0002 0.0001 0.9993 0.0001 
         016  4 0.0001 0.0001 0.0002 0.0001 0.0001 0.0001 0.9992 0.0001 
         017  4 0.0001 0.0002 0.0002 0.0002 0.0004 0.0001 0.9987 0.0001 
         019  4 0.0005 0.0002 0.0916 0.0003 0.0033 0.0003 0.9034 0.0003 
         020  4 0.0001 0.0002 0.0002 0.0004 0.0001 0.0002 0.9986 0.0001 
         021  4 0.0003 0.0003 0.0276 0.0002 0.0002 0.0003 0.9707 0.0002 
         001  5 0.0336 0.0008 0.0006 0.0005 0.0089 0.0011 0.9535 0.0010 
         002  5 0.0016 0.0067 0.0003 0.0185 0.0226 0.0011 0.9423 0.0069 
         003  5 0.0046 0.0493 0.0510 0.0017 0.0624 0.0003 0.7173 0.1135 
         004  5 0.0026 0.0247 0.0007 0.0046 0.0023 0.0004 0.9303 0.0344 
         005  5 0.0007 0.0004 0.0010 0.0002 0.0421 0.0002 0.9549 0.0005 
         006  5 0.0002 0.0008 0.0580 0.0008 0.0991 0.0005 0.8402 0.0004 
         007  5 0.0003 0.0003 0.0677 0.0003 0.0515 0.0003 0.8793 0.0003 
         008  5 0.0001 0.0001 0.0038 0.0002 0.0548 0.0002 0.9406 0.0002 
         009  5 0.0025 0.0248 0.0047 0.0054 0.0200 0.0003 0.9183 0.0241 
         010  5 0.0022 0.0013 0.0429 0.0025 0.0677 0.0004 0.8817 0.0012 
         011  5 0.0040 0.0012 0.0006 0.0008 0.0426 0.0003 0.9497 0.0009 
         012  5 0.0036 0.0074 0.0800 0.0144 0.0264 0.0006 0.8499 0.0177 
         013  5 0.0006 0.0050 0.0162 0.0032 0.1264 0.0006 0.7170 0.1310 
         014  5 0.0171 0.1143 0.0789 0.0016 0.0425 0.0146 0.6847 0.0463 
         015  5 0.0002 0.0002 0.0252 0.0002 0.0287 0.0002 0.9450 0.0002 
         016  5 0.0004 0.0018 0.0527 0.0016 0.0292 0.0005 0.9117 0.0021 
         017  5 0.0002 0.0140 0.0663 0.0035 0.0535 0.0026 0.8448 0.0151 
         018  5 0.0214 0.0182 0.0151 0.0047 0.0571 0.0245 0.8410 0.0179 
         019  5 0.0021 0.0005 0.0003 0.0003 0.0009 0.0091 0.9862 0.0005 
         020  5 0.0001 0.0002 0.0002 0.0002 0.0003 0.0001 0.9988 0.0002 
         021  5 0.0029 0.0949 0.0007 0.0018 0.0053 0.0004 0.8491 0.0450 
         022  5 0.0311 0.0198 0.0171 0.0056 0.0038 0.0016 0.9176 0.0035 
         023  5 0.0024 0.0011 0.0102 0.0008 0.0521 0.0005 0.9319 0.0010 
         024  5 0.0010 0.0222 0.0713 0.0038 0.0038 0.0004 0.8835 0.0140 
         025  5 0.0006 0.0051 0.0708 0.0095 0.0280 0.0008 0.8748 0.0104 
         026  5 0.0003 0.1295 0.0189 0.0015 0.0183 0.0004 0.8241 0.0071 
         027  5 0.0002 0.0002 0.0006 0.0002 0.0002 0.0001 0.9982 0.0003 
         028  5 0.0104 0.0094 0.0524 0.0031 0.0048 0.0011 0.9127 0.0060 
         029  5 0.0004 0.0004 0.0024 0.0004 0.0240 0.0002 0.9716 0.0005 
         030  5 0.0017 0.0007 0.0010 0.0009 0.0199 0.0073 0.9673 0.0011 
        001s  6 0.0238 0.0251 0.0191 0.2207 0.0073 0.0006 0.0008 0.7025 
        002s  6 0.0009 0.0773 0.0006 0.0065 0.0025 0.0171 0.0361 0.8590 
        003s  6 0.0018 0.0308 0.0004 0.1835 0.0234 0.0005 0.0087 0.7509 
        004s  6 0.0007 0.9796 0.0003 0.0123 0.0018 0.0007 0.0005 0.0042 
        006s  6 0.0109 0.0300 0.0143 0.0022 0.0023 0.0012 0.0617 0.8774 
        007s  6 0.0005 0.0583 0.0035 0.0044 0.0222 0.0008 0.0005 0.9097 
        008s  6 0.0049 0.8339 0.0006 0.0108 0.0215 0.0045 0.0045 0.1194 
        009s  6 0.0010 0.5407 0.0004 0.0133 0.0380 0.0013 0.0004 0.4049 
        010s  6 0.0120 0.9264 0.0080 0.0038 0.0022 0.0153 0.0188 0.0135 
        011s  6 0.0017 0.9701 0.0019 0.0020 0.0185 0.0004 0.0006 0.0048 
        012s  6 0.0020 0.6234 0.0029 0.0114 0.0023 0.0023 0.0007 0.3550 
        013s  6 0.0005 0.9787 0.0009 0.0022 0.0041 0.0006 0.0013 0.0116 
        014s  6 0.0003 0.0709 0.0004 0.3574 0.0099 0.0002 0.0662 0.4947 
        015s  6 0.0046 0.9532 0.0133 0.0021 0.0141 0.0009 0.0073 0.0046 
        016s  6 0.0012 0.7766 0.0011 0.1719 0.0013 0.0007 0.0003 0.0470 
        018s  6 0.0030 0.0244 0.0010 0.0097 0.0444 0.0007 0.2354 0.6814 
        019s  6 0.0030 0.0352 0.0008 0.0443 0.0799 0.0007 0.0053 0.8308 
        020s  6 0.0006 0.0369 0.0009 0.0438 0.0147 0.0009 0.0003 0.9018 
        021s  6 0.0051 0.7744 0.0099 0.0053 0.0057 0.0017 0.0015 0.1963 
        022s  6 0.0049 0.6937 0.0003 0.0571 0.0058 0.0007 0.0015 0.2361 
        023s  6 0.0015 0.0522 0.0006 0.5550 0.1088 0.0004 0.0269 0.2546 
        024s  6 0.0010 0.9161 0.0023 0.0080 0.0011 0.0010 0.0365 0.0340 
        025s  6 0.0681 0.9003 0.0009 0.0099 0.0019 0.0008 0.0021 0.0160 
        026s  6 0.0004 0.8836 0.0007 0.0169 0.0013 0.0024 0.0006 0.0940 
        027s  6 0.0005 0.4943 0.0005 0.0231 0.0136 0.0016 0.0015 0.4650 
        028s  6 0.0068 0.0662 0.0079 0.0030 0.0033 0.0454 0.0128 0.8546 
        029s  6 0.0018 0.0164 0.0005 0.0026 0.0231 0.0019 0.0005 0.9532 
        030s  6 0.0123 0.0585 0.0006 0.0038 0.0508 0.0019 0.0675 0.8048 
        031s  6 0.0005 0.3670 0.0056 0.5952 0.0016 0.0004 0.0012 0.0286 
        032s  6 0.0009 0.9113 0.0013 0.0133 0.0276 0.0005 0.0041 0.0410 
        033s  6 0.0009 0.0139 0.0003 0.0038 0.0016 0.0004 0.0837 0.8955 
        034s  6 0.0160 0.6148 0.0042 0.0111 0.0369 0.0006 0.0022 0.3142 
        035s  6 0.0009 0.0014 0.0007 0.8609 0.0014 0.0010 0.1322 0.0016 
        036s  6 0.0011 0.0143 0.0045 0.0055 0.0089 0.0003 0.0005 0.9649 
        037s  6 0.0012 0.5283 0.0009 0.0082 0.0028 0.0035 0.0009 0.4543 
        038s  6 0.0008 0.1983 0.0024 0.1538 0.0088 0.0021 0.0004 0.6334 
        039s  6 0.0012 0.5059 0.0003 0.0074 0.0265 0.0006 0.0004 0.4577 
        040s  6 0.0005 0.7183 0.0024 0.1711 0.0088 0.0004 0.0004 0.0983 
        041s  6 0.0033 0.2943 0.0003 0.5949 0.0045 0.0039 0.0623 0.0365 
        042s  6 0.0521 0.7433 0.0012 0.0204 0.0060 0.0050 0.0082 0.1637 
        043s  6 0.0051 0.4812 0.0016 0.0039 0.0024 0.0003 0.0010 0.5044 
        044s  6 0.0008 0.0532 0.0005 0.1461 0.0009 0.0024 0.0009 0.7951 
        045s  6 0.0033 0.9066 0.0005 0.0335 0.0040 0.0008 0.0063 0.0450 
        001s  7 0.0015 0.0345 0.0003 0.8510 0.0289 0.0004 0.0019 0.0816 
        002s  7 0.0019 0.4848 0.0012 0.4637 0.0043 0.0017 0.0107 0.0317 
        003s  7 0.0011 0.0065 0.0017 0.9474 0.0036 0.0024 0.0019 0.0354 
        004s  7 0.0009 0.0464 0.0036 0.0327 0.0013 0.0013 0.0009 0.9129 
        005s  7 0.0020 0.6431 0.0028 0.0292 0.0072 0.0010 0.0185 0.2962 
        006s  7 0.0051 0.2553 0.0010 0.0038 0.0075 0.0005 0.0591 0.6678 
        007s  7 0.0015 0.9390 0.0107 0.0058 0.0026 0.0225 0.0060 0.0118 
        008s  7 0.0017 0.0030 0.0004 0.9565 0.0080 0.0048 0.0200 0.0057 
        009s  7 0.0113 0.4791 0.0020 0.0407 0.0022 0.0007 0.0029 0.4610 
        010s  7 0.0016 0.0051 0.0003 0.9855 0.0013 0.0014 0.0009 0.0039 
        011s  7 0.0010 0.1288 0.0006 0.0184 0.0013 0.0010 0.0006 0.8482 
        012s  7 0.0005 0.9760 0.0008 0.0035 0.0023 0.0005 0.0007 0.0157 
        013s  7 0.0073 0.9551 0.0089 0.0088 0.0017 0.0006 0.0005 0.0171 
        014s  7 0.0006 0.4825 0.0009 0.4646 0.0023 0.0009 0.0271 0.0211 
        015s  7 0.0012 0.1397 0.0020 0.0044 0.0103 0.0018 0.0196 0.8212 
        016s  7 0.0013 0.0015 0.0002 0.9020 0.0008 0.0003 0.0929 0.0010 
        017s  7 0.0005 0.0144 0.0010 0.0107 0.0027 0.0004 0.0013 0.9690 
        018s  7 0.0009 0.0945 0.0005 0.0034 0.1946 0.0073 0.0018 0.6970 
        019s  7 0.0148 0.7062 0.0014 0.0132 0.0058 0.0040 0.0014 0.2533 
        020s  7 0.0006 0.6977 0.0017 0.0191 0.0015 0.0004 0.0010 0.2781 
        021s  7 0.0010 0.0054 0.0004 0.0039 0.0016 0.0010 0.0015 0.9852 
        022s  7 0.0011 0.9531 0.0042 0.0032 0.0107 0.0004 0.0035 0.0239 
        023s  7 0.0166 0.0084 0.0013 0.0052 0.0057 0.0019 0.0095 0.9513 
        024s  7 0.0007 0.9087 0.0006 0.0086 0.0150 0.0025 0.0020 0.0620 
        025s  7 0.0013 0.8022 0.0039 0.0065 0.0049 0.0018 0.0009 0.1785 
        026s  7 0.0015 0.0194 0.0004 0.9564 0.0020 0.0017 0.0021 0.0164 
        027s  7 0.0006 0.2018 0.0012 0.5360 0.0005 0.0013 0.0011 0.2575 
        028s  7 0.0005 0.7523 0.0007 0.0038 0.1025 0.0002 0.0047 0.1353 
        029s  7 0.0034 0.0311 0.0007 0.0215 0.0215 0.0009 0.0085 0.9124 
        030s  7 0.0044 0.0081 0.0007 0.1584 0.0037 0.0045 0.0003 0.8199 
        031s  7 0.0132 0.5235 0.0019 0.0299 0.0466 0.0006 0.0025 0.3818 
        032s  7 0.0004 0.8758 0.0004 0.0011 0.0012 0.0065 0.0988 0.0159 
        033s  7 0.0018 0.2339 0.0012 0.0025 0.0028 0.0038 0.0326 0.7214 
        034s  7 0.0008 0.2433 0.0331 0.0045 0.0096 0.0015 0.0011 0.7061 
        035s  7 0.0017 0.0367 0.0003 0.0039 0.0013 0.0008 0.0004 0.9548 
        036s  7 0.0083 0.0141 0.0038 0.0497 0.0012 0.0007 0.0006 0.9215 
        037s  7 0.0039 0.0029 0.0038 0.0066 0.1114 0.0007 0.0275 0.8433 
        038s  7 0.0015 0.8157 0.0005 0.0040 0.1165 0.0011 0.0078 0.0529 
        039s  7 0.0003 0.5530 0.0003 0.3242 0.1014 0.0004 0.0005 0.0200 
        040s  7 0.0008 0.0016 0.0296 0.9553 0.0013 0.0006 0.0090 0.0019 
        041s  7 0.0014 0.0094 0.0004 0.1742 0.0058 0.0023 0.0189 0.7875 
        042s  7 0.0005 0.0348 0.0009 0.9166 0.0023 0.0004 0.0059 0.0386 
        043s  7 0.0045 0.4433 0.0002 0.0194 0.0055 0.0005 0.0019 0.5248 
        044s  7 0.0265 0.0158 0.0076 0.0031 0.0106 0.0013 0.0495 0.8855 
         003  8 0.0008 0.0185 0.0011 0.0055 0.0023 0.0120 0.0065 0.9533 
         009  8 0.0014 0.8660 0.0004 0.0064 0.0016 0.0007 0.0013 0.1221 
         010  8 0.0017 0.0853 0.0002 0.0074 0.0143 0.0008 0.0004 0.8898 
         017  8 0.0042 0.0243 0.0004 0.0039 0.0040 0.0014 0.0009 0.9608 
         002  9 0.0014 0.6987 0.0012 0.0195 0.0046 0.0008 0.0005 0.2732 
         003  9 0.0004 0.5499 0.0006 0.0096 0.0019 0.0004 0.0003 0.4369 
         004  9 0.0015 0.5148 0.0002 0.0158 0.0008 0.0004 0.0006 0.4658 
         005  9 0.0042 0.3450 0.0014 0.0070 0.0031 0.0017 0.0004 0.6371 
         006  9 0.0021 0.9629 0.0014 0.0047 0.0009 0.0006 0.0011 0.0263 
         007  9 0.0010 0.0355 0.0004 0.0063 0.0007 0.0011 0.0053 0.9497 
         009  9 0.0014 0.0457 0.0003 0.0184 0.0008 0.0019 0.0016 0.9299 
         010  9 0.0011 0.9731 0.0007 0.0036 0.0035 0.0024 0.0004 0.0151 
         013  9 0.0015 0.0295 0.0011 0.0235 0.0026 0.0004 0.0012 0.9403 
         014  9 0.0030 0.9499 0.0003 0.0064 0.0027 0.0052 0.0007 0.0319 
         016  9 0.0009 0.5960 0.0002 0.0060 0.0007 0.0016 0.0003 0.3943 
         018  9 0.0014 0.9557 0.0013 0.0033 0.0240 0.0074 0.0013 0.0057 
         019  9 0.0006 0.1508 0.0010 0.0032 0.0011 0.0055 0.0009 0.8369 
         020  9 0.0005 0.9729 0.0003 0.0019 0.0013 0.0005 0.0005 0.0221 
         021  9 0.0006 0.9346 0.0002 0.0046 0.0286 0.0003 0.0005 0.0306 
         022  9 0.0008 0.9488 0.0005 0.0111 0.0330 0.0014 0.0004 0.0041 
         024  9 0.0044 0.1230 0.0003 0.0117 0.0027 0.0045 0.0005 0.8528 
         028  9 0.0016 0.9075 0.0013 0.0073 0.0036 0.0007 0.0008 0.0772 
         029  9 0.0006 0.3317 0.0004 0.0041 0.0026 0.0009 0.0003 0.6594 
         030  9 0.0014 0.0776 0.0004 0.0054 0.0022 0.0012 0.0004 0.9113 
         031  9 0.0006 0.9029 0.0004 0.0183 0.0015 0.0013 0.0024 0.0726 
         033  9 0.0007 0.0648 0.0003 0.0166 0.0016 0.0009 0.0048 0.9103 
         001 10 0.0003 0.7301 0.0005 0.0117 0.0035 0.0015 0.0005 0.2519 
         002 10 0.0008 0.0044 0.0002 0.0081 0.0013 0.0019 0.0004 0.9829 
         003 10 0.0108 0.4032 0.0010 0.0024 0.0031 0.0005 0.0002 0.5789 
         004 10 0.0024 0.4431 0.0005 0.2218 0.0049 0.0007 0.0004 0.3263 
         005 10 0.0011 0.0124 0.0004 0.0051 0.0009 0.0019 0.0005 0.9778 
         006 10 0.0008 0.1471 0.0006 0.0024 0.0014 0.0007 0.0009 0.8462 
         007 10 0.0023 0.0693 0.0004 0.0065 0.0013 0.0004 0.0006 0.9192 
         008 10 0.0042 0.9109 0.0008 0.0034 0.0031 0.0009 0.0007 0.0760 
         009 10 0.0007 0.7256 0.0012 0.0102 0.0018 0.0041 0.0006 0.2557 
         010 10 0.0010 0.3411 0.0005 0.0218 0.0009 0.0040 0.0007 0.6299 
         011 10 0.0410 0.3820 0.0014 0.0049 0.0072 0.0004 0.0006 0.5625 
         012 10 0.0039 0.7111 0.0008 0.0051 0.0048 0.0005 0.0007 0.2731 
         013 10 0.0008 0.2039 0.0017 0.0044 0.0041 0.0006 0.0004 0.7842 
         014 10 0.0011 0.0036 0.0009 0.2135 0.0015 0.0005 0.0006 0.7783 
         016 10 0.0009 0.0174 0.0008 0.0068 0.0030 0.0014 0.0006 0.9691 
         017 10 0.0013 0.9395 0.0007 0.0069 0.0039 0.0010 0.0009 0.0459 
         018 10 0.0008 0.3074 0.0005 0.0029 0.0033 0.0032 0.0065 0.6754 
         019 10 0.0013 0.0192 0.0004 0.0028 0.0019 0.0047 0.0004 0.9693 
         020 10 0.0016 0.2313 0.0008 0.0128 0.0024 0.0085 0.0011 0.7415 
         021 10 0.0004 0.1939 0.0003 0.0548 0.0041 0.0031 0.0013 0.7419 
         022 10 0.0009 0.8096 0.0008 0.0552 0.0013 0.0002 0.0004 0.1315 
         023 10 0.0009 0.9323 0.0010 0.0033 0.0009 0.0006 0.0003 0.0607 
         024 10 0.0026 0.0489 0.0002 0.0026 0.0015 0.0015 0.0005 0.9421 
         026 10 0.0007 0.8759 0.0004 0.0014 0.0083 0.0010 0.0005 0.1118 
        001s 11 0.0095 0.7682 0.0008 0.1202 0.0024 0.0016 0.0942 0.0033 
        002s 11 0.0014 0.2577 0.0069 0.0180 0.0020 0.0036 0.0007 0.7098 
        003s 11 0.0006 0.4388 0.0006 0.0241 0.0820 0.0014 0.0097 0.4427 
        004s 11 0.0015 0.8848 0.0019 0.0160 0.0230 0.0003 0.0004 0.0721 
        005s 11 0.0006 0.0143 0.0007 0.0401 0.0079 0.0063 0.0018 0.9282 
        006s 11 0.0027 0.1103 0.0060 0.0178 0.0138 0.0019 0.0013 0.8461 
        007s 11 0.0013 0.2093 0.0345 0.0816 0.0041 0.0012 0.0096 0.6584 
        008s 11 0.0008 0.5941 0.0005 0.0068 0.0654 0.0010 0.0006 0.3308 
        009s 11 0.0004 0.5433 0.0004 0.0034 0.0049 0.0179 0.0004 0.4293 
        010s 11 0.0012 0.3302 0.0003 0.1552 0.0014 0.0005 0.0011 0.5101 
        011s 11 0.0173 0.0028 0.0082 0.7811 0.0050 0.0004 0.1046 0.0807 
        012s 11 0.0004 0.0011 0.0003 0.0170 0.1132 0.0015 0.0986 0.7679 
        013s 11 0.0016 0.5891 0.0008 0.3038 0.0013 0.0003 0.0014 0.1018 
        014s 11 0.0008 0.0120 0.0082 0.7301 0.0165 0.0018 0.0032 0.2274 
        015s 11 0.0037 0.0898 0.0022 0.0196 0.0041 0.0013 0.0021 0.8771 
        016s 11 0.0594 0.5862 0.0009 0.3017 0.0009 0.0080 0.0364 0.0066 
        017s 11 0.0018 0.0415 0.0007 0.0314 0.1851 0.0012 0.0893 0.6489 
        018s 11 0.0015 0.0095 0.0013 0.8979 0.0126 0.0028 0.0054 0.0688 
        019s 11 0.0195 0.0039 0.0010 0.0095 0.0018 0.0004 0.0009 0.9629 
        020s 11 0.0025 0.3476 0.0029 0.6045 0.0009 0.0031 0.0016 0.0368 
        021s 11 0.0017 0.9580 0.0007 0.0037 0.0029 0.0005 0.0008 0.0317 
        022s 11 0.0005 0.1696 0.0323 0.0215 0.0555 0.0011 0.0025 0.7171 
        023s 11 0.0258 0.1599 0.0003 0.7426 0.0025 0.0005 0.0361 0.0323 
        025s 11 0.0012 0.1250 0.0005 0.0047 0.0010 0.0003 0.0005 0.8670 
        026s 11 0.0550 0.8848 0.0006 0.0060 0.0020 0.0010 0.0358 0.0148 
        027s 11 0.0008 0.0152 0.0027 0.0079 0.0047 0.0005 0.0006 0.9677 
        028s 11 0.0010 0.3481 0.0007 0.0043 0.0173 0.0003 0.0063 0.6219 
        029s 11 0.0004 0.6156 0.0004 0.0018 0.0268 0.0016 0.0392 0.3141 
        030s 11 0.0012 0.0024 0.0015 0.0014 0.1194 0.0009 0.0406 0.8326 
        031s 11 0.0005 0.6445 0.0011 0.0090 0.0110 0.0010 0.0004 0.3327 
        032s 11 0.0032 0.8427 0.0005 0.0965 0.0083 0.0006 0.0012 0.0469 
        033s 11 0.0009 0.8039 0.0005 0.1281 0.0033 0.0014 0.0046 0.0573 
        034s 11 0.0006 0.2248 0.0028 0.7575 0.0011 0.0006 0.0014 0.0112 
        035s 11 0.0003 0.4170 0.0029 0.5027 0.0011 0.0026 0.0037 0.0697 
        036s 11 0.0006 0.0276 0.0016 0.0054 0.1031 0.0015 0.0173 0.8429 
        037s 11 0.0024 0.0079 0.0005 0.9048 0.0380 0.0021 0.0016 0.0427 
        038s 11 0.0006 0.6533 0.0006 0.2707 0.0599 0.0007 0.0026 0.0117 
        039s 11 0.0008 0.0240 0.0003 0.0078 0.0013 0.0006 0.0021 0.9632 
        040s 11 0.0006 0.0116 0.0016 0.0033 0.0591 0.0006 0.0577 0.8654 
        041s 11 0.0029 0.0148 0.0013 0.0071 0.0024 0.0215 0.0011 0.9490 
        042s 11 0.0102 0.6051 0.0017 0.3684 0.0088 0.0012 0.0006 0.0040 
        043s 11 0.0174 0.5268 0.0006 0.0029 0.0199 0.0005 0.0186 0.4132 
        044s 11 0.0060 0.1326 0.0068 0.0290 0.0129 0.0012 0.0005 0.8109 
        045s 11 0.0106 0.8328 0.0029 0.0191 0.0221 0.0004 0.0004 0.1116 
        046s 11 0.0286 0.2120 0.0058 0.5944 0.0803 0.0011 0.0360 0.0418 
        047s 11 0.0015 0.0168 0.0011 0.0041 0.0332 0.0006 0.0008 0.9418 
        048s 11 0.0339 0.9269 0.0024 0.0042 0.0061 0.0018 0.0043 0.0205 
        049s 11 0.0012 0.6364 0.0004 0.0191 0.0064 0.0018 0.0018 0.3329 
        050s 11 0.0012 0.0321 0.0032 0.0089 0.0008 0.0004 0.0005 0.9530 
        051s 11 0.0450 0.0284 0.0237 0.0237 0.0020 0.0004 0.0004 0.8765 
        052s 11 0.0020 0.3090 0.0030 0.6582 0.0195 0.0017 0.0013 0.0053 
        053s 11 0.0011 0.4618 0.0004 0.0104 0.0022 0.0019 0.0006 0.5215 
        054s 11 0.0007 0.3282 0.0056 0.0189 0.0079 0.0005 0.0008 0.6373 
        055s 11 0.0004 0.0223 0.0008 0.8568 0.0427 0.0005 0.0278 0.0487 
        001s 12 0.0016 0.1145 0.0029 0.0146 0.0052 0.0013 0.0017 0.8581 
        002s 12 0.0009 0.5389 0.0006 0.0020 0.0008 0.0022 0.0014 0.4532 
        003s 12 0.0006 0.4550 0.0006 0.0077 0.0066 0.0008 0.0004 0.5283 
        004s 12 0.0059 0.9101 0.0007 0.0029 0.0090 0.0017 0.0629 0.0067 
        005s 12 0.0009 0.2788 0.0006 0.5750 0.0045 0.0013 0.0007 0.1383 
        006s 12 0.0022 0.0955 0.0024 0.0377 0.0359 0.0006 0.0190 0.8067 
        007s 12 0.0018 0.1845 0.0021 0.0022 0.0045 0.0044 0.0018 0.7986 
        008s 12 0.0005 0.7142 0.0006 0.0088 0.0427 0.0006 0.0051 0.2274 
        009s 12 0.0064 0.0706 0.0013 0.0109 0.0994 0.0186 0.0165 0.7763 
        010s 12 0.0005 0.5690 0.0325 0.0361 0.0039 0.0017 0.0067 0.3495 
        011s 12 0.0007 0.9796 0.0031 0.0063 0.0025 0.0012 0.0013 0.0052 
        012s 12 0.0037 0.0396 0.0069 0.0024 0.0794 0.0005 0.0012 0.8663 
        013s 12 0.0393 0.0682 0.0006 0.0026 0.0152 0.0005 0.0008 0.8727 
        014s 12 0.0401 0.0044 0.0429 0.4188 0.0024 0.0045 0.0020 0.4849 
        015s 12 0.0008 0.0843 0.0010 0.0018 0.0017 0.0020 0.0057 0.9028 
        016s 12 0.0040 0.9796 0.0005 0.0019 0.0062 0.0005 0.0004 0.0068 
        017s 12 0.0009 0.0130 0.0012 0.0214 0.0014 0.0005 0.0048 0.9570 
        018s 12 0.0016 0.0063 0.0003 0.0044 0.0472 0.0022 0.0015 0.9366 
        019s 12 0.0005 0.0224 0.0006 0.0291 0.0017 0.0033 0.0040 0.9384 
        020s 12 0.0007 0.0712 0.0003 0.0086 0.0039 0.0003 0.0733 0.8417 
        021s 12 0.0021 0.0310 0.0005 0.0052 0.0610 0.0006 0.0044 0.8953 
        022s 12 0.0062 0.8266 0.0008 0.0231 0.0157 0.0051 0.0338 0.0886 
        023s 12 0.0008 0.8292 0.0004 0.0124 0.0022 0.0014 0.0006 0.1529 
        024s 12 0.0008 0.0069 0.0004 0.4027 0.0284 0.0005 0.0006 0.5597 
        025s 12 0.0016 0.1242 0.0023 0.0049 0.0115 0.0056 0.0019 0.8481 
        026s 12 0.0009 0.1357 0.0010 0.0713 0.0021 0.0134 0.0249 0.7508 
        027s 12 0.0004 0.4257 0.0006 0.0033 0.0060 0.0004 0.0028 0.5608 
        028s 12 0.0059 0.0362 0.0005 0.9300 0.0012 0.0171 0.0017 0.0073 
        029s 12 0.0017 0.2209 0.0014 0.3179 0.0009 0.0003 0.0006 0.4562 
        030s 12 0.0009 0.0152 0.0018 0.0053 0.0049 0.0004 0.0009 0.9706 
        031s 12 0.0030 0.4905 0.0009 0.0050 0.0045 0.0012 0.0054 0.4896 
        032s 12 0.0011 0.0335 0.0005 0.7895 0.0090 0.0131 0.0006 0.1527 
        033s 12 0.0004 0.3791 0.0035 0.0116 0.0069 0.0007 0.0015 0.5964 
        034s 12 0.0004 0.0703 0.0004 0.8662 0.0015 0.0010 0.0003 0.0599 
        035s 12 0.0004 0.7256 0.0012 0.1241 0.0197 0.0007 0.0164 0.1119 
        036s 12 0.0011 0.0094 0.0052 0.0198 0.0387 0.0026 0.0030 0.9203 
        037s 12 0.0007 0.0307 0.0004 0.0012 0.0013 0.0011 0.0012 0.9633 
        001s 13 0.0021 0.8221 0.0006 0.0079 0.0015 0.0014 0.0149 0.1495 
        002s 13 0.0012 0.0080 0.0006 0.7966 0.0715 0.0004 0.0732 0.0486 
        003s 13 0.0012 0.0443 0.0002 0.0066 0.0101 0.0010 0.0007 0.9359 
        004s 13 0.0027 0.8980 0.0006 0.0108 0.0078 0.0120 0.0013 0.0667 
        005s 13 0.0027 0.8103 0.0040 0.0050 0.0079 0.0032 0.0027 0.1643 
        006s 13 0.0006 0.1095 0.0014 0.0186 0.0365 0.0013 0.0006 0.8315 
        007s 13 0.0022 0.6457 0.0284 0.0046 0.0030 0.0006 0.0008 0.3147 
        008s 13 0.0006 0.1055 0.0013 0.0032 0.0293 0.0016 0.0467 0.8117 
        009s 13 0.0010 0.8546 0.0022 0.0020 0.0048 0.0060 0.1224 0.0069 
        010s 13 0.0007 0.4291 0.0006 0.0019 0.1454 0.0016 0.0627 0.3579 
        011s 13 0.0024 0.2797 0.0228 0.2079 0.0053 0.0046 0.0087 0.4686 
        012s 13 0.0145 0.0498 0.0020 0.0030 0.2156 0.0058 0.0498 0.6596 
        013s 13 0.0069 0.1775 0.0222 0.4716 0.0014 0.0008 0.0273 0.2922 
        014s 13 0.0032 0.0174 0.0177 0.0017 0.0292 0.0012 0.0005 0.9292 
        015s 13 0.0116 0.3614 0.0009 0.0429 0.0015 0.0120 0.0067 0.5631 
        016s 13 0.0011 0.2018 0.0004 0.0068 0.0040 0.0009 0.0004 0.7845 
        017s 13 0.0006 0.8795 0.0067 0.0111 0.0674 0.0082 0.0074 0.0190 
        018s 13 0.0011 0.9297 0.0004 0.0184 0.0099 0.0006 0.0006 0.0392 
        019s 13 0.0010 0.0087 0.0012 0.0245 0.0164 0.0003 0.0006 0.9472 
        020s 13 0.0004 0.0648 0.0047 0.9148 0.0031 0.0018 0.0015 0.0089 
        021s 13 0.0013 0.0290 0.0007 0.0181 0.0009 0.0009 0.0011 0.9480 
        022s 13 0.0012 0.4697 0.0005 0.0035 0.0013 0.0005 0.0016 0.5217 
        023s 13 0.0004 0.2084 0.0003 0.0520 0.0027 0.0008 0.0011 0.7342 
        024s 13 0.0289 0.0124 0.0035 0.0172 0.0359 0.0013 0.0328 0.8681 
        025s 13 0.0020 0.8968 0.0003 0.0039 0.0020 0.0014 0.0012 0.0925 
        026s 13 0.0059 0.0021 0.0017 0.0058 0.1375 0.0006 0.0723 0.7740 
        027s 13 0.0017 0.0316 0.0013 0.0013 0.0014 0.0027 0.0422 0.9179 
        028s 13 0.0041 0.5288 0.0070 0.4105 0.0249 0.0097 0.0059 0.0089 
        029s 13 0.0022 0.0250 0.0015 0.8048 0.0865 0.0011 0.0261 0.0527 
        030s 13 0.0304 0.3730 0.0009 0.5104 0.0015 0.0008 0.0686 0.0145 
        031s 13 0.0995 0.4886 0.0038 0.0036 0.0455 0.0018 0.0030 0.3542 
        032s 13 0.0004 0.7786 0.0072 0.0164 0.0015 0.0005 0.0006 0.1948 
        033s 13 0.0011 0.7147 0.0139 0.0058 0.0356 0.0011 0.0048 0.2229 
        034s 13 0.0014 0.0128 0.0158 0.9151 0.0007 0.0052 0.0451 0.0039 
        035s 13 0.0073 0.4559 0.0007 0.2905 0.0044 0.0023 0.0007 0.2382 
        036s 13 0.0005 0.0919 0.0008 0.1759 0.0017 0.0005 0.0024 0.7262 
        037s 13 0.0018 0.0490 0.0004 0.0063 0.0046 0.0009 0.0005 0.9365 
        038s 13 0.0013 0.0675 0.0014 0.4679 0.0360 0.0015 0.0007 0.4237 
        039s 13 0.0712 0.7692 0.0013 0.0065 0.0013 0.0010 0.0992 0.0502 
        040s 13 0.0009 0.0920 0.0008 0.0055 0.0259 0.0006 0.0013 0.8729 
        041s 13 0.0026 0.1071 0.0025 0.0058 0.0127 0.0005 0.0585 0.8101 
        042s 13 0.0018 0.0135 0.0017 0.9604 0.0017 0.0009 0.0005 0.0194 
        001s 14 0.0011 0.2908 0.0011 0.5656 0.1027 0.0029 0.0220 0.0139 
        002s 14 0.0007 0.3115 0.0021 0.0011 0.0066 0.0029 0.0647 0.6103 
        003s 14 0.0012 0.0050 0.0006 0.9825 0.0029 0.0006 0.0005 0.0067 
        004s 14 0.0020 0.7892 0.0160 0.0038 0.0007 0.0011 0.0112 0.1758 
        005s 14 0.0004 0.0569 0.0003 0.1903 0.0019 0.0007 0.0004 0.7490 
        006s 14 0.0005 0.7370 0.0008 0.0185 0.0024 0.0004 0.0006 0.2399 
        007s 14 0.0019 0.5152 0.0013 0.0204 0.0018 0.0005 0.0012 0.4576 
        008s 14 0.0036 0.0126 0.0062 0.8397 0.0017 0.0248 0.1020 0.0095 
        009s 14 0.0017 0.8924 0.0010 0.0367 0.0028 0.0086 0.0024 0.0545 
        010s 14 0.0016 0.6028 0.0005 0.3033 0.0051 0.0210 0.0580 0.0076 
        011s 14 0.0012 0.0135 0.0127 0.3173 0.0370 0.0008 0.0035 0.6141 
        012s 14 0.0031 0.0395 0.0021 0.8678 0.0079 0.0022 0.0006 0.0768 
        013s 14 0.0080 0.1853 0.0039 0.0877 0.1038 0.0009 0.0009 0.6095 
        014s 14 0.0007 0.6739 0.0005 0.0138 0.0107 0.0099 0.0446 0.2458 
        015s 14 0.0038 0.2196 0.0009 0.0205 0.0120 0.0080 0.0009 0.7344 
        016s 14 0.0118 0.1428 0.0004 0.0025 0.0136 0.0008 0.0020 0.8261 
        017s 14 0.0007 0.0032 0.0113 0.0027 0.0086 0.0007 0.0576 0.9153 
        018s 14 0.0012 0.0640 0.0004 0.0062 0.0029 0.0013 0.0011 0.9231 
        019s 14 0.0008 0.7543 0.0016 0.0085 0.0022 0.0004 0.0016 0.2305 
        020s 14 0.0018 0.2802 0.0003 0.6955 0.0017 0.0122 0.0011 0.0072 
        021s 14 0.0004 0.3296 0.0002 0.0046 0.0025 0.0131 0.0052 0.6443 
        022s 14 0.0012 0.0143 0.0038 0.0212 0.0157 0.0019 0.0036 0.9382 
        023s 14 0.0047 0.7426 0.0015 0.0132 0.0063 0.0026 0.0092 0.2199 
        024s 14 0.0016 0.8445 0.0015 0.0955 0.0044 0.0019 0.0465 0.0043 
        025s 14 0.0005 0.7932 0.0003 0.1278 0.0009 0.0004 0.0710 0.0059 
        026s 14 0.0016 0.9397 0.0004 0.0054 0.0374 0.0021 0.0008 0.0126 
        027s 14 0.0049 0.0291 0.0005 0.0321 0.0163 0.0007 0.0029 0.9136 
        028s 14 0.0010 0.1310 0.0025 0.0346 0.0094 0.0021 0.0006 0.8187 
        029s 14 0.0011 0.1558 0.0004 0.0085 0.0089 0.0007 0.0003 0.8243 
        030s 14 0.0006 0.6195 0.0084 0.0787 0.1428 0.0009 0.0011 0.1481 
        031s 14 0.0010 0.4055 0.0211 0.3170 0.0012 0.0010 0.0006 0.2526 
        032s 14 0.0022 0.0230 0.0014 0.2469 0.0018 0.0004 0.0008 0.7235 
        033s 14 0.0009 0.1198 0.0497 0.3989 0.0068 0.0013 0.0006 0.4221 
        034s 14 0.0011 0.0670 0.0002 0.0021 0.0166 0.0007 0.0004 0.9119 
        035s 14 0.0007 0.0246 0.0661 0.0068 0.1470 0.0004 0.0727 0.6818 
        036s 14 0.0027 0.0037 0.0343 0.7396 0.0016 0.0027 0.0690 0.1464 
        037s 14 0.0031 0.1343 0.0004 0.0144 0.0015 0.0008 0.0012 0.8444 
        038s 14 0.0005 0.1661 0.0009 0.0184 0.0149 0.0006 0.0005 0.7981 
        039s 14 0.0060 0.0515 0.0023 0.0138 0.0027 0.0035 0.0025 0.9178 
        040s 14 0.0015 0.1553 0.0009 0.0301 0.0033 0.0004 0.0160 0.7925 
        041s 14 0.0005 0.0046 0.0012 0.2228 0.0541 0.0005 0.0009 0.7154 
        042s 14 0.0024 0.8528 0.0005 0.0215 0.0315 0.0010 0.0698 0.0205 
        001s 15 0.0029 0.0379 0.0005 0.4450 0.0013 0.0007 0.0009 0.5108 
        002s 15 0.0089 0.1975 0.0022 0.1375 0.0345 0.0078 0.0982 0.5134 
        003s 15 0.0061 0.0097 0.0004 0.0031 0.0063 0.0009 0.0082 0.9652 
        004s 15 0.0003 0.1599 0.0005 0.0023 0.0944 0.0124 0.0013 0.7289 
        005s 15 0.0054 0.1627 0.0019 0.0027 0.0060 0.0014 0.0112 0.8087 
        006s 15 0.0010 0.0652 0.0025 0.0171 0.0209 0.0007 0.0169 0.8757 
        007s 15 0.0006 0.1640 0.0006 0.0291 0.0322 0.0018 0.0005 0.7713 
        008s 15 0.0007 0.0077 0.0006 0.0139 0.0075 0.0006 0.0007 0.9683 
        009s 15 0.0426 0.1896 0.0023 0.0037 0.1533 0.0007 0.0141 0.5937 
        010s 15 0.0024 0.2399 0.0005 0.7343 0.0149 0.0005 0.0006 0.0068 
        011s 15 0.0013 0.0039 0.0404 0.0017 0.1912 0.0003 0.0011 0.7601 
        012s 15 0.0017 0.0698 0.0010 0.0019 0.0068 0.0015 0.0029 0.9144 
        013s 15 0.0014 0.0292 0.0006 0.9125 0.0135 0.0088 0.0012 0.0328 
        014s 15 0.0039 0.5324 0.0012 0.0062 0.0023 0.0034 0.0013 0.4493 
        015s 15 0.0035 0.3022 0.0048 0.0028 0.0022 0.0012 0.0798 0.6034 
        016s 15 0.0006 0.0994 0.0640 0.7244 0.0247 0.0393 0.0046 0.0428 
        017s 15 0.0027 0.8886 0.0011 0.0155 0.0018 0.0138 0.0028 0.0737 
        018s 15 0.0006 0.3213 0.0002 0.5006 0.0100 0.0026 0.0025 0.1621 
        019s 15 0.0073 0.1389 0.0005 0.5535 0.1675 0.0009 0.0063 0.1253 
        020s 15 0.0011 0.4865 0.0005 0.4836 0.0051 0.0005 0.0011 0.0217 
        021s 15 0.0042 0.2519 0.0009 0.0716 0.0276 0.0008 0.0666 0.5763 
        022s 15 0.0006 0.7013 0.0013 0.0265 0.1358 0.0012 0.0007 0.1326 
        023s 15 0.0010 0.0132 0.0018 0.0050 0.0546 0.0006 0.0280 0.8958 
        024s 15 0.0011 0.9762 0.0031 0.0033 0.0036 0.0004 0.0025 0.0098 
        025s 15 0.0281 0.2344 0.0014 0.0228 0.0065 0.0028 0.0065 0.6976 
        026s 15 0.0265 0.1831 0.0010 0.0377 0.0021 0.0047 0.0010 0.7440 
        027s 15 0.0009 0.8276 0.0123 0.0364 0.0021 0.0152 0.0046 0.1009 
        028s 15 0.0015 0.1083 0.0007 0.0095 0.0028 0.0026 0.0005 0.8741 
        029s 15 0.0013 0.6018 0.0012 0.0106 0.0015 0.0016 0.0008 0.3812 
        030s 15 0.0008 0.9635 0.0005 0.0132 0.0022 0.0019 0.0006 0.0174 
        031s 15 0.0066 0.9044 0.0015 0.0154 0.0024 0.0014 0.0621 0.0060 
        032s 15 0.0019 0.9651 0.0002 0.0013 0.0075 0.0009 0.0006 0.0226 
        033s 15 0.0004 0.0015 0.0011 0.8473 0.0377 0.0016 0.0456 0.0647 
        035s 15 0.0008 0.0455 0.0024 0.0047 0.0383 0.0019 0.0016 0.9048 
        036s 15 0.0060 0.0084 0.0020 0.3696 0.0021 0.0003 0.0013 0.6103 
        037s 15 0.0011 0.2993 0.0084 0.0165 0.0558 0.0007 0.0014 0.6168 
        038s 15 0.0002 0.1009 0.0020 0.0027 0.0660 0.0011 0.0061 0.8209 
        039s 15 0.0004 0.1607 0.0003 0.4343 0.1478 0.0008 0.0692 0.1866 
        040s 15 0.0006 0.0065 0.0024 0.0176 0.0098 0.0026 0.0030 0.9575 
        041s 15 0.0027 0.8965 0.0067 0.0094 0.0017 0.0006 0.0719 0.0104 
        042s 15 0.0010 0.9117 0.0005 0.0142 0.0024 0.0034 0.0070 0.0599 
        043s 15 0.0017 0.5478 0.0021 0.4238 0.0011 0.0003 0.0138 0.0093 
        044s 15 0.0010 0.3540 0.0007 0.0024 0.0074 0.0010 0.0061 0.6274 
        045s 15 0.0765 0.6999 0.0278 0.0039 0.0790 0.0016 0.0033 0.1080 
        046s 15 0.0010 0.0131 0.0031 0.0161 0.0032 0.0006 0.0180 0.9449 
        047s 15 0.0007 0.0643 0.0015 0.0160 0.0629 0.0004 0.0138 0.8404 
        048s 15 0.0209 0.1256 0.0013 0.3103 0.0021 0.0011 0.0007 0.5380 
        049s 15 0.0007 0.0233 0.0013 0.0277 0.0070 0.0005 0.0101 0.9295 
        050s 15 0.0020 0.0519 0.0004 0.0012 0.0014 0.0132 0.1348 0.7951 
         001 16 0.0012 0.0558 0.0091 0.6750 0.1155 0.0025 0.1337 0.0072 
         002 16 0.0007 0.0042 0.0010 0.0062 0.0370 0.0004 0.0181 0.9325 
         003 16 0.0017 0.4585 0.0060 0.0082 0.0351 0.0021 0.0043 0.4841 
         004 16 0.0013 0.6082 0.0011 0.0029 0.0352 0.0005 0.0012 0.3496 
         005 16 0.0270 0.1694 0.0037 0.0183 0.0033 0.0018 0.0568 0.7197 
         006 16 0.0108 0.0194 0.0009 0.0023 0.0254 0.0011 0.0063 0.9337 
         007 16 0.0011 0.0696 0.0012 0.0149 0.0063 0.0010 0.0059 0.9000 
         008 16 0.0006 0.0192 0.0106 0.0862 0.0526 0.0010 0.1501 0.6796 
         009 16 0.0008 0.1088 0.0006 0.4873 0.0009 0.0017 0.0038 0.3962 
         010 16 0.0006 0.0777 0.0004 0.1163 0.0712 0.0005 0.0287 0.7046 
         011 16 0.0036 0.0646 0.0011 0.8248 0.0804 0.0011 0.0073 0.0171 
         012 16 0.0014 0.0178 0.0014 0.0514 0.0208 0.0012 0.0008 0.9051 
         013 16 0.0008 0.0683 0.0008 0.0084 0.0065 0.0004 0.0004 0.9143 
         014 16 0.0003 0.9473 0.0009 0.0049 0.0041 0.0014 0.0356 0.0055 
         015 16 0.3653 0.1099 0.0032 0.0016 0.0075 0.0017 0.0004 0.5106 
         016 16 0.0158 0.7110 0.0004 0.0057 0.0212 0.0068 0.0024 0.2366 
         017 16 0.0013 0.0111 0.0076 0.5751 0.0115 0.0014 0.0035 0.3886 
         018 16 0.0258 0.0024 0.0028 0.0010 0.0012 0.0049 0.0338 0.9280 
         019 16 0.0009 0.0525 0.0060 0.8406 0.0019 0.0018 0.0581 0.0382 
         020 16 0.0009 0.2278 0.0008 0.0100 0.0230 0.0013 0.0004 0.7359 
         021 16 0.0005 0.2826 0.0143 0.0317 0.0550 0.0035 0.0678 0.5446 
         022 16 0.0029 0.6460 0.0003 0.0015 0.0133 0.0008 0.0399 0.2952 
