  B2Wild-001 101 0.0388 0.0700 0.0441 0.8317 0.0154 
  B2Wild-002 102 0.0739 0.0601 0.0380 0.8227 0.0053 
  B2Wild-003 103 0.0658 0.0812 0.0432 0.8044 0.0055 
  B2Wild-004 104 0.0199 0.0974 0.0490 0.8275 0.0063 
  B2Wild-005 105 0.0613 0.0667 0.0202 0.8468 0.0050 
  B2Wild-006 106 0.0363 0.0624 0.0729 0.8112 0.0173 
  B2Wild-007 107 0.0321 0.0582 0.0492 0.8561 0.0044 
  B2Wild-008 108 0.0121 0.0385 0.0404 0.9017 0.0073 
  B2Wild-009 109 0.0490 0.0719 0.0542 0.8031 0.0219 
  B2Wild-010 110 0.0152 0.0403 0.0766 0.8578 0.0101 
  B2Wild-011 111 0.0214 0.0865 0.0395 0.8475 0.0051 
  B2Wild-012 112 0.0091 0.0797 0.0549 0.8532 0.0031 
  B2Wild-013 113 0.0014 0.0464 0.0383 0.9126 0.0013 
  B2Wild-014 114 0.0251 0.0502 0.0516 0.8375 0.0357 
  B2Wild-015 115 0.0242 0.0688 0.0468 0.8573 0.0029 
  B2Wild-016 116 0.0502 0.0283 0.0475 0.8697 0.0043 
  B2Wild-017 117 0.1000 0.0171 0.0091 0.8710 0.0029 
  B2Wild-018 118 0.0134 0.0883 0.0784 0.8057 0.0142 
  B2Wild-019 119 0.0475 0.0539 0.0686 0.8276 0.0022 
  B2Wild-020 120 0.0427 0.0577 0.0616 0.8324 0.0057 
  B3Wild-001 121 0.0078 0.0040 0.0277 0.9589 0.0016 
  B3Wild-002 122 0.0018 0.0024 0.0032 0.9884 0.0042 
  B3Wild-003 123 0.0010 0.0309 0.0053 0.9607 0.0020 
  B3Wild-004 124 0.0010 0.0036 0.0039 0.9903 0.0012 
  B3Wild-005 125 0.0010 0.0038 0.0036 0.9786 0.0131 
  B3Wild-006 126 0.0004 0.0143 0.0047 0.9789 0.0016 
  B3Wild-007 127 0.0024 0.0034 0.0164 0.9766 0.0013 
  B3Wild-008 128 0.0028 0.0015 0.0028 0.9919 0.0010 
  B3Wild-009 129 0.0009 0.0012 0.0007 0.9962 0.0011 
  B3Wild-010 130 0.0006 0.0086 0.0049 0.9849 0.0011 
  B3Wild-011 131 0.0023 0.0024 0.0015 0.9924 0.0013 
  B3Wild-012 132 0.0095 0.0076 0.0291 0.9527 0.0011 
  B3Wild-013 133 0.0096 0.0040 0.0010 0.9835 0.0019 
  B3Wild-014 134 0.0012 0.0037 0.0015 0.9695 0.0241 
  B3Wild-015 135 0.0031 0.0077 0.0222 0.9653 0.0017 
  B3Wild-016 136 0.0041 0.0147 0.0006 0.9771 0.0034 
  B3Wild-017 137 0.0028 0.0051 0.0111 0.9789 0.0021 
  B3Wild-018 138 0.0048 0.0242 0.0040 0.9664 0.0006 
  B3Wild-019 139 0.0049 0.0264 0.0020 0.9630 0.0036 
  B3Wild-020 140 0.0007 0.0037 0.0095 0.9848 0.0012 
  B4Wild-001 141 0.0012 0.0006 0.0004 0.9973 0.0005 
  B4Wild-002 142 0.0015 0.0024 0.0015 0.9940 0.0005 
  B4Wild-003 143 0.0006 0.0007 0.0034 0.9946 0.0008 
  B4Wild-004 144 0.0008 0.0014 0.0007 0.9960 0.0011 
  B4Wild-005 145 0.0012 0.0006 0.0010 0.9952 0.0020 
  B4Wild-006 146 0.0018 0.0012 0.0007 0.9956 0.0007 
  B4Wild-007 147 0.0016 0.0009 0.0008 0.9962 0.0004 
  B4Wild-008 148 0.0004 0.0010 0.0004 0.9955 0.0026 
  B4Wild-009 149 0.0006 0.0013 0.0005 0.9970 0.0006 
  B4Wild-010 150 0.0010 0.0016 0.0007 0.9959 0.0007 
  B4Wild-011 151 0.0014 0.0012 0.0018 0.9948 0.0008 
  B4Wild-012 152 0.0007 0.0019 0.0013 0.9950 0.0010 
  B4Wild-013 153 0.0004 0.0005 0.0064 0.9898 0.0029 
  B4Wild-014 154 0.0012 0.0010 0.0006 0.9966 0.0006 
  B4Wild-015 155 0.0006 0.0006 0.0006 0.9976 0.0007 
  B4Wild-016 156 0.0005 0.0007 0.0005 0.9978 0.0006 
  B4Wild-017 157 0.0008 0.0016 0.0004 0.9958 0.0014 
  B4Wild-018 158 0.0007 0.0006 0.0008 0.9971 0.0007 
  B4Wild-019 159 0.0007 0.0005 0.0004 0.9978 0.0006 
  B4Wild-020 160 0.0005 0.0013 0.0011 0.9954 0.0017 
  B5Wild-001 161 0.0007 0.0015 0.0004 0.9971 0.0004 
  B5Wild-002 162 0.0021 0.0011 0.0004 0.9952 0.0012 
  B5Wild-003 163 0.0006 0.0004 0.0004 0.9982 0.0005 
  B5Wild-004 164 0.0006 0.0005 0.0023 0.9962 0.0003 
  B5Wild-005 165 0.0005 0.0006 0.0006 0.9978 0.0004 
  B5Wild-006 166 0.0005 0.0003 0.0002 0.9984 0.0005 
  B5Wild-007 167 0.0008 0.0007 0.0007 0.9968 0.0011 
  B5Wild-008 168 0.0007 0.0014 0.0003 0.9963 0.0013 
  B5Wild-009 169 0.0002 0.0006 0.0020 0.9966 0.0006 
  B5Wild-010 170 0.0034 0.0010 0.0005 0.9939 0.0012 
  B5Wild-011 171 0.0004 0.0004 0.0004 0.9982 0.0005 
  B5Wild-012 172 0.0003 0.0007 0.0009 0.9965 0.0016 
  B5Wild-013 173 0.0010 0.0018 0.0014 0.9950 0.0008 
  B5Wild-014 174 0.0005 0.0008 0.0008 0.9970 0.0010 
  B5Wild-015 175 0.0012 0.0022 0.0025 0.9936 0.0005 
  B5Wild-016 176 0.0005 0.0004 0.0003 0.9978 0.0009 
  B5Wild-017 177 0.0007 0.0004 0.0004 0.9969 0.0016 
  B5Wild-018 178 0.0005 0.0004 0.0006 0.9973 0.0012 
  B5Wild-019 179 0.0004 0.0044 0.0003 0.9945 0.0003 
  B5Wild-020 180 0.0011 0.0006 0.0005 0.9973 0.0006 
   F1HYB-001 181 0.1228 0.1416 0.1193 0.5579 0.0584 
   F1HYB-002 182 0.1381 0.1621 0.1121 0.5388 0.0489 
   F1HYB-003 183 0.1117 0.1648 0.1055 0.5510 0.0671 
   F1HYB-004 184 0.1294 0.1455 0.1118 0.5964 0.0168 
   F1HYB-005 185 0.1280 0.1420 0.0924 0.5648 0.0727 
   F1HYB-006 186 0.1180 0.1492 0.1100 0.5661 0.0566 
   F1HYB-007 187 0.1199 0.1513 0.1094 0.5529 0.0664 
   F1HYB-008 188 0.1522 0.1855 0.1073 0.5260 0.0290 
   F1HYB-009 189 0.1358 0.1358 0.0904 0.5775 0.0606 
   F1HYB-010 190 0.1431 0.1435 0.1165 0.5417 0.0552 
   F1HYB-011 191 0.1152 0.1744 0.1058 0.5288 0.0758 
   F1HYB-012 192 0.1316 0.1584 0.1069 0.5386 0.0645 
   F1HYB-013 193 0.1044 0.1656 0.1047 0.5535 0.0718 
   F1HYB-014 194 0.1089 0.1927 0.1108 0.5816 0.0059 
   F1HYB-015 195 0.1467 0.1829 0.1307 0.5012 0.0385 
   F1HYB-016 196 0.1216 0.1682 0.1073 0.5337 0.0692 
   F1HYB-017 197 0.1523 0.1995 0.1071 0.4930 0.0481 
   F1HYB-018 198 0.1189 0.1786 0.1077 0.5737 0.0212 
   F1HYB-019 199 0.1170 0.1458 0.1303 0.5619 0.0451 
   F1HYB-020 200 0.1364 0.1728 0.0901 0.5806 0.0200 
 WildUnadmix 301 0.0005 0.0013 0.0022 0.9950 0.0010 
 WildUnadmix 302 0.0013 0.0008 0.0016 0.9950 0.0014 
 WildUnadmix 303 0.0011 0.0015 0.0005 0.9959 0.0010 
 WildUnadmix 304 0.0093 0.0015 0.0010 0.9854 0.0028 
 WildUnadmix 305 0.0024 0.0008 0.0011 0.9946 0.0010 
 WildUnadmix 306 0.0008 0.0012 0.0015 0.9956 0.0009 
 WildUnadmix 307 0.0028 0.0006 0.0011 0.9951 0.0005 
 WildUnadmix 308 0.0008 0.0005 0.0004 0.9935 0.0048 
 WildUnadmix 309 0.0012 0.0026 0.0005 0.9940 0.0017 
 WildUnadmix 310 0.0007 0.0008 0.0013 0.9964 0.0008 
 WildUnadmix 311 0.0014 0.0018 0.0021 0.9941 0.0007 
 WildUnadmix 312 0.0020 0.0016 0.0009 0.9937 0.0018 
 WildUnadmix 313 0.0010 0.0041 0.0034 0.9905 0.0010 
 WildUnadmix 314 0.0033 0.0019 0.0007 0.9924 0.0018 
 WildUnadmix 315 0.0006 0.0017 0.0060 0.9909 0.0008 
 WildUnadmix 316 0.0006 0.0006 0.0006 0.9976 0.0006 
 WildUnadmix 317 0.0007 0.0013 0.0021 0.9953 0.0007 
 WildUnadmix 318 0.0005 0.0041 0.0010 0.9901 0.0043 
 WildUnadmix 319 0.0023 0.0005 0.0017 0.9950 0.0004 
 WildUnadmix 320 0.0010 0.0035 0.0007 0.9900 0.0048 
 pop1-HH1013 321 0.0016 0.0321 0.0041 0.9520 0.0102 
 pop1-HH1013 322 0.0115 0.0327 0.0015 0.9529 0.0014 
 pop1-HH1013 323 0.0241 0.0020 0.0008 0.9719 0.0012 
 pop1-HH1013 324 0.0139 0.0028 0.0033 0.9759 0.0042 
 pop1-HH1013 325 0.0101 0.0022 0.0082 0.9766 0.0029 
 pop1-HH1013 326 0.0010 0.0007 0.0012 0.9959 0.0012 
 pop1-HH1013 327 0.0114 0.0017 0.0006 0.9851 0.0012 
 pop1-HH1013 328 0.0328 0.0021 0.0042 0.9529 0.0080 
 pop1-HH1013 329 0.0071 0.0061 0.0070 0.9783 0.0015 
 pop1-HH1013 330 0.0022 0.0283 0.0007 0.9675 0.0013 
 pop1-HH1013 331 0.0050 0.0287 0.0006 0.9620 0.0038 
 pop1-HH1013 332 0.0157 0.0011 0.0028 0.9762 0.0042 
 pop1-HH1013 333 0.0113 0.0196 0.0086 0.9594 0.0010 
 pop1-HH1013 334 0.0074 0.0028 0.0013 0.9581 0.0305 
 pop1-HH1013 335 0.0016 0.0006 0.0005 0.9946 0.0026 
 pop1-HH1013 336 0.0100 0.0054 0.0026 0.9598 0.0222 
 pop1-HH1013 337 0.0014 0.0043 0.0087 0.9646 0.0210 
 pop1-HH1013 338 0.0008 0.0018 0.0009 0.9952 0.0013 
 pop1-HH1013 339 0.0012 0.0014 0.0004 0.9964 0.0005 
 pop1-HH1013 340 0.0023 0.0013 0.0018 0.9902 0.0045 
 pop1-HH1013 341 0.0100 0.0029 0.0015 0.9786 0.0069 
 pop1-HH1013 342 0.0116 0.0037 0.0066 0.9750 0.0031 
 pop1-HH1013 343 0.0028 0.0015 0.0013 0.9922 0.0021 
 pop1-HH1013 344 0.0037 0.0014 0.0013 0.9915 0.0020 
 pop1-HH1013 345 0.0012 0.0376 0.0011 0.9554 0.0047 
 pop1-HH1013 346 0.0121 0.0380 0.0012 0.9477 0.0011 
 pop1-HRP22- 347 0.0006 0.0010 0.0021 0.9925 0.0038 
 pop1-HRP22- 348 0.0027 0.0015 0.0009 0.9877 0.0072 
 pop1-HRP22- 349 0.0303 0.0015 0.0027 0.9637 0.0017 
 pop1-HRP22- 350 0.0196 0.0023 0.0016 0.9729 0.0036 
 pop1-HRP22- 351 0.0021 0.0015 0.0023 0.9902 0.0039 
 pop1-HRP22- 352 0.0020 0.0312 0.0016 0.9638 0.0014 
 pop1-HRP22- 353 0.0110 0.0023 0.0009 0.9855 0.0003 
 pop1-HRP22- 354 0.0275 0.0039 0.0015 0.9638 0.0033 
 pop1-HRP22- 355 0.0009 0.0020 0.0062 0.9866 0.0043 
 pop1-HRP22- 356 0.0073 0.0120 0.0033 0.9578 0.0195 
 pop1-HRP22- 357 0.0681 0.0028 0.0096 0.9188 0.0008 
 pop1-HRP22- 358 0.0189 0.0032 0.0140 0.9629 0.0010 
 pop1-HRP22- 359 0.0022 0.0010 0.0185 0.9757 0.0025 
 pop1-HRP22- 360 0.0052 0.0028 0.0038 0.9862 0.0020 
 pop1-HRP22- 361 0.0059 0.0057 0.0111 0.9683 0.0090 
 pop1-HRP22- 362 0.0053 0.0051 0.0161 0.9698 0.0037 
 pop1-HRP22- 363 0.0008 0.0478 0.0010 0.9467 0.0036 
 pop1-HRP22- 364 0.0021 0.0017 0.0012 0.9830 0.0119 
 pop1-HRP22- 365 0.0094 0.0131 0.0083 0.9542 0.0150 
 pop1-HRP22- 366 0.0007 0.0072 0.0011 0.9769 0.0141 
 pop1-HRP22- 367 0.0013 0.0008 0.0040 0.9935 0.0005 
 pop1-HRP22- 368 0.0067 0.0017 0.0059 0.9844 0.0014 
 pop1-HRP22- 369 0.0231 0.0019 0.0004 0.9648 0.0098 
 pop1-HRP22- 370 0.0009 0.0014 0.0014 0.9954 0.0010 
 pop2-Cv5786 371 0.0616 0.4885 0.2137 0.2342 0.0020 
 pop2-Cv5786 372 0.0068 0.3529 0.4503 0.1133 0.0767 
 pop2-Cv5786 373 0.0020 0.3369 0.3183 0.3420 0.0008 
 pop2-Cv5786 374 0.0058 0.4849 0.3373 0.1704 0.0016 
 pop2-Cv5786 375 0.1229 0.3738 0.3849 0.0010 0.1174 
 pop2-Cv5786 376 0.0016 0.4406 0.4840 0.0731 0.0007 
 pop2-Cv5786 377 0.0005 0.4020 0.2543 0.3419 0.0014 
 pop2-Cv5786 378 0.0313 0.4052 0.3194 0.2226 0.0215 
 pop2-Cv5786 379 0.0112 0.4457 0.2685 0.2741 0.0005 
 pop2-Cv5786 380 0.1295 0.2114 0.4050 0.0360 0.2181 
 pop2-Cv5786 381 0.0004 0.4306 0.3094 0.2591 0.0005 
 pop2-Cv5786 382 0.0007 0.4308 0.3154 0.2526 0.0005 
 pop2-Cv5786 383 0.0005 0.4763 0.5023 0.0045 0.0164 
 pop2-Cv5786 384 0.1552 0.3450 0.4436 0.0123 0.0439 
 pop2-Cv5786 385 0.0173 0.4166 0.2801 0.2854 0.0006 
 pop2-Cv5786 386 0.0038 0.3362 0.5770 0.0773 0.0056 
 pop2-Cv5786 387 0.0087 0.4654 0.1939 0.3256 0.0064 
 pop2-Cv5786 388 0.2797 0.2172 0.3219 0.0155 0.1656 
 pop2-Cv5786 389 0.0116 0.3935 0.4471 0.1467 0.0010 
 pop2-Cv5786 390 0.0639 0.4800 0.2987 0.1569 0.0004 
 pop2-Cv5786 391 0.0249 0.4105 0.3649 0.1973 0.0024 
 pop2-Cv5786 392 0.0186 0.5106 0.2295 0.2406 0.0006 
 pop2-Cv5786 393 0.0108 0.4481 0.3565 0.1835 0.0011 
 pop2-Cv5786 394 0.0129 0.5117 0.2757 0.0242 0.1754 
 pop2-Cv5786 395 0.1309 0.3279 0.2877 0.0009 0.2525 
 pop2-Cv5786 396 0.0015 0.4511 0.3377 0.2088 0.0010 
 pop2-Cv5786 397 0.1794 0.2826 0.3521 0.0508 0.1351 
 pop2-Cv5786 398 0.0004 0.4822 0.4432 0.0699 0.0044 
 pop2-Cv5786 399 0.0149 0.4155 0.4091 0.1569 0.0037 
 pop2-Cv5786 400 0.0017 0.4890 0.2492 0.2505 0.0095 
 pop2-FI1012 401 0.0002 0.9995 0.0001 0.0001 0.0001 
 pop2-FI1012 402 0.0002 0.9986 0.0005 0.0003 0.0004 
 pop2-FI1012 403 0.0001 0.9994 0.0001 0.0002 0.0002 
 pop2-FI1012 404 0.0001 0.9994 0.0002 0.0001 0.0001 
 pop2-FI1012 405 0.0002 0.9988 0.0003 0.0002 0.0005 
 pop2-FI1012 406 0.0005 0.9295 0.0691 0.0006 0.0003 
 pop2-FI1012 407 0.0013 0.9407 0.0563 0.0014 0.0004 
 pop2-FI1012 408 0.0036 0.9934 0.0005 0.0007 0.0018 
 pop2-FI1012 409 0.0002 0.9992 0.0002 0.0002 0.0002 
 pop2-FI1012 410 0.0001 0.9920 0.0077 0.0001 0.0001 
 pop2-FI1012 411 0.0336 0.9443 0.0210 0.0006 0.0005 
 pop2-FI1012 412 0.0002 0.9995 0.0001 0.0002 0.0001 
 pop2-FI1012 413 0.0001 0.9996 0.0001 0.0001 0.0001 
 pop2-FI1012 414 0.0002 0.9992 0.0002 0.0002 0.0002 
 pop2-FI1012 415 0.0001 0.9996 0.0001 0.0001 0.0001 
 pop2-FI1012 416 0.0001 0.9994 0.0002 0.0001 0.0002 
 pop2-FI1012 417 0.0001 0.9993 0.0002 0.0002 0.0002 
 pop2-FI1012 418 0.0009 0.9111 0.0871 0.0004 0.0006 
 pop2-FI1012 419 0.0002 0.9991 0.0002 0.0002 0.0003 
 pop2-FI1012 420 0.0005 0.9804 0.0179 0.0006 0.0007 
 pop2-FIS101 421 0.0343 0.9626 0.0005 0.0007 0.0019 
 pop2-FIS101 422 0.0062 0.9639 0.0007 0.0276 0.0015 
 pop2-FIS101 423 0.0207 0.7748 0.0758 0.1282 0.0005 
 pop2-FIS101 424 0.0025 0.9375 0.0006 0.0591 0.0003 
 pop2-FIS101 425 0.0007 0.9973 0.0015 0.0003 0.0002 
 pop2-FIS101 426 0.0002 0.9064 0.0921 0.0007 0.0006 
 pop2-FIS101 427 0.0004 0.9175 0.0813 0.0005 0.0004 
 pop2-FIS101 428 0.0002 0.9966 0.0026 0.0002 0.0003 
 pop2-FIS101 429 0.0023 0.9432 0.0046 0.0495 0.0004 
 pop2-FIS101 430 0.0045 0.9273 0.0652 0.0025 0.0005 
 pop2-FIS101 431 0.0067 0.9911 0.0008 0.0011 0.0003 
 pop2-FIS101 432 0.0052 0.8782 0.0750 0.0402 0.0013 
 pop2-FIS101 433 0.0015 0.7624 0.0477 0.1877 0.0007 
 pop2-FIS101 434 0.0412 0.7255 0.1015 0.1002 0.0317 
 pop2-FIS101 435 0.0002 0.9742 0.0250 0.0003 0.0003 
 pop2-FIS101 436 0.0004 0.9361 0.0590 0.0032 0.0013 
 pop2-FIS101 437 0.0005 0.8922 0.0809 0.0212 0.0053 
 pop2-FIS101 438 0.0347 0.8831 0.0378 0.0130 0.0314 
 pop2-FIS101 439 0.0021 0.9918 0.0003 0.0007 0.0051 
 pop2-FIS101 440 0.0002 0.9992 0.0002 0.0002 0.0002 
 pop2-FIS101 441 0.0240 0.8805 0.0008 0.0941 0.0007 
 pop2-FIS101 442 0.0531 0.9295 0.0059 0.0083 0.0033 
 pop2-FIS101 443 0.0022 0.9700 0.0233 0.0037 0.0008 
 pop2-FIS101 444 0.0014 0.9166 0.0697 0.0117 0.0005 
 pop2-FIS101 445 0.0013 0.9025 0.0712 0.0239 0.0012 
 pop2-FIS101 446 0.0005 0.8517 0.0205 0.1268 0.0005 
 pop2-FIS101 447 0.0002 0.9991 0.0003 0.0002 0.0002 
 pop2-FIS101 448 0.0106 0.9276 0.0523 0.0086 0.0010 
 pop2-FIS101 449 0.0003 0.9965 0.0022 0.0007 0.0003 
 pop2-FIS101 450 0.0026 0.9897 0.0012 0.0015 0.0049 
 pop2-KRB16- 451 0.0002 0.2074 0.7914 0.0003 0.0007 
 pop2-KRB16- 452 0.0001 0.0001 0.9996 0.0001 0.0001 
 pop2-KRB16- 453 0.0001 0.0001 0.9996 0.0001 0.0001 
 pop2-KRB16- 454 0.0005 0.2255 0.7608 0.0084 0.0048 
 pop2-KRB16- 455 0.0016 0.1365 0.8461 0.0152 0.0005 
 pop2-KRB16- 456 0.0001 0.0001 0.9996 0.0001 0.0001 
 pop2-KRB16- 457 0.0001 0.0001 0.9997 0.0001 0.0001 
 pop2-KRB16- 458 0.0002 0.0005 0.9988 0.0002 0.0003 
 pop2-KRB16- 459 0.0001 0.0001 0.9998 0.0001 0.0000 
 pop2-KRB16- 460 0.0003 0.1318 0.8166 0.0003 0.0511 
 pop2-KRB16- 461 0.0001 0.0002 0.9994 0.0001 0.0001 
 pop2-KRB16- 462 0.0060 0.1429 0.8504 0.0004 0.0003 
 pop2-KRB16- 463 0.0004 0.1180 0.8780 0.0028 0.0007 
 pop2-KRB16- 464 0.0003 0.1522 0.8466 0.0006 0.0002 
 pop2-KRB16- 465 0.0001 0.0001 0.9997 0.0001 0.0001 
 pop2-KRB16- 466 0.0012 0.1407 0.8573 0.0006 0.0002 
 pop2-KRB16- 467 0.0001 0.0001 0.9997 0.0001 0.0001 
 pop2-KRB16- 468 0.0004 0.2038 0.7942 0.0008 0.0007 
 pop2-KRB16- 469 0.0013 0.1481 0.8462 0.0042 0.0002 
 pop2-KRB16- 470 0.0001 0.0001 0.9997 0.0001 0.0001 
 pop2-KRB16- 471 0.0001 0.0001 0.9996 0.0001 0.0001 
 pop2-KRB16- 472 0.0001 0.0001 0.9997 0.0001 0.0001 
 pop2-KRB16- 473 0.0001 0.0002 0.9995 0.0001 0.0001 
 pop2-KRB16- 474 0.0018 0.0013 0.9659 0.0287 0.0023 
 pop2-KRB16- 475 0.0003 0.0381 0.9610 0.0004 0.0003 
 pop2-KRB16- 476 0.0001 0.0001 0.9996 0.0001 0.0001 
 pop2-KRB16- 477 0.0001 0.0001 0.9997 0.0001 0.0001 
 pop2-KRB16- 478 0.0000 0.0001 0.9998 0.0001 0.0001 
 pop2-KRB16- 479 0.0002 0.0003 0.9992 0.0002 0.0002 
 pop2-KRB16- 480 0.0001 0.0003 0.9993 0.0001 0.0002 
 pop2-KRP13- 481 0.0002 0.4857 0.5139 0.0002 0.0001 
 pop2-KRP13- 482 0.0003 0.5395 0.4590 0.0008 0.0005 
 pop2-KRP13- 483 0.0004 0.5297 0.4114 0.0006 0.0578 
 pop2-KRP13- 484 0.0005 0.5651 0.4339 0.0003 0.0002 
 pop2-KRP13- 485 0.0002 0.5243 0.4723 0.0011 0.0020 
 pop2-KRP13- 486 0.0033 0.5150 0.3851 0.0957 0.0009 
 pop2-KRP13- 487 0.0003 0.5663 0.4118 0.0020 0.0196 
 pop2-KRP13- 488 0.0002 0.5290 0.4690 0.0008 0.0010 
 pop2-KRP13- 489 0.0003 0.5224 0.4760 0.0004 0.0009 
 pop2-KRP13- 490 0.0007 0.5029 0.4151 0.0802 0.0011 
 pop2-KRP13- 491 0.0002 0.6086 0.3906 0.0004 0.0002 
 pop2-KRP13- 492 0.0043 0.4836 0.4633 0.0476 0.0011 
 pop2-KRP13- 493 0.0009 0.6771 0.3200 0.0014 0.0007 
 pop2-KRP13- 494 0.0030 0.5385 0.3728 0.0848 0.0008 
 pop2-KRP13- 495 0.0001 0.4872 0.5123 0.0003 0.0002 
 pop2-KRP13- 496 0.0001 0.5564 0.4422 0.0004 0.0009 
 pop2-KRP13- 497 0.0005 0.4506 0.4920 0.0557 0.0011 
 pop2-KRP13- 498 0.0001 0.4962 0.5030 0.0004 0.0003 
 pop2-KRP13- 499 0.0002 0.5077 0.4915 0.0004 0.0002 
 pop2-KRP13- 500 0.0001 0.4483 0.5512 0.0001 0.0002 
 pop2-KRP13- 501 0.0014 0.5215 0.4051 0.0055 0.0665 
 pop2-KRP13- 502 0.0003 0.4888 0.5098 0.0005 0.0005 
 pop2-KRP13- 503 0.0003 0.5899 0.4093 0.0004 0.0002 
 pop2-KRP13- 504 0.0001 0.6300 0.3692 0.0004 0.0002 
 pop2-KRP13- 505 0.0001 0.4979 0.5005 0.0003 0.0012 
 pop2-KRP13- 506 0.0002 0.5492 0.4502 0.0002 0.0002 
 pop2-KRP13- 507 0.0014 0.5202 0.4776 0.0006 0.0002 
 pop2-KRP13- 508 0.0003 0.5689 0.4297 0.0006 0.0005 
 pop2-KRP13- 509 0.0007 0.5726 0.4207 0.0010 0.0051 
 pop2-KRP13- 510 0.0002 0.5099 0.4895 0.0002 0.0002 
 pop2-NEH1-1 511 0.8864 0.1108 0.0004 0.0010 0.0015 
 pop2-NEH1-1 512 0.9983 0.0004 0.0008 0.0003 0.0002 
 pop2-NEH1-1 513 0.9541 0.0430 0.0013 0.0010 0.0007 
 pop2-NEH1-1 514 0.9478 0.0030 0.0482 0.0004 0.0006 
 pop2-NEH1-1 515 0.7828 0.0048 0.0048 0.2056 0.0020 
 pop2-NEH1-1 516 0.7690 0.0674 0.0143 0.1475 0.0018 
 pop2-NEH1-1 517 0.9563 0.0042 0.0347 0.0044 0.0003 
 pop2-NEH1-1 518 0.9986 0.0005 0.0003 0.0005 0.0002 
 pop2-NEH1-1 519 0.8863 0.1079 0.0021 0.0030 0.0007 
 pop2-NEH1-1 520 0.8843 0.0020 0.0026 0.1106 0.0005 
 pop2-NEH1-2 521 0.9707 0.0235 0.0026 0.0022 0.0009 
 pop2-NEH1-2 522 0.8883 0.0007 0.0029 0.1012 0.0068 
 pop2-NEH1-2 523 0.9403 0.0005 0.0281 0.0307 0.0004 
 pop2-NEH1-2 524 0.8181 0.0008 0.0015 0.1786 0.0010 
 pop2-NEH1-2 525 0.7822 0.0013 0.0006 0.1986 0.0173 
 pop2-NEH1-2 526 0.9830 0.0007 0.0133 0.0012 0.0018 
 pop2-NEH1-2 527 0.8761 0.0009 0.0011 0.1189 0.0030 
 pop2-NEH1-2 528 0.8500 0.0006 0.0038 0.1430 0.0025 
 pop2-NEH1-2 529 0.9553 0.0397 0.0037 0.0008 0.0005 
 pop2-NEH1-2 530 0.9977 0.0008 0.0003 0.0009 0.0003 
 pop2-NEH1-3 531 0.8570 0.0016 0.0016 0.1392 0.0005 
 pop2-NEH1-3 532 0.9053 0.0500 0.0004 0.0439 0.0004 
 pop2-NEH1-3 533 0.9968 0.0016 0.0002 0.0012 0.0002 
 pop2-NEH1-3 534 0.9950 0.0010 0.0024 0.0012 0.0004 
 pop2-NEH1-3 535 0.8763 0.0014 0.0005 0.1208 0.0010 
 pop2-NEH1-3 536 0.9265 0.0129 0.0021 0.0576 0.0010 
 pop2-NEH1-3 537 0.8273 0.0086 0.0019 0.1613 0.0009 
 pop2-NEH1-4 538 0.9976 0.0017 0.0002 0.0002 0.0003 
 pop2-NEH1-5 539 0.8594 0.0166 0.0007 0.1228 0.0005 
 pop2-NEH1-6 540 0.9989 0.0003 0.0003 0.0003 0.0002 
 pop2-NEH1-7 541 0.8293 0.0813 0.0015 0.0872 0.0007 
 pop2-NEH1-8 542 0.8354 0.0841 0.0032 0.0769 0.0004 
 pop2-NEH2-1 543 0.9844 0.0123 0.0004 0.0025 0.0005 
 pop2-NEH2-1 544 0.9943 0.0008 0.0005 0.0040 0.0005 
 pop2-NEH2-1 545 0.9726 0.0242 0.0004 0.0005 0.0023 
 pop2-NEH2-1 546 0.9365 0.0525 0.0009 0.0008 0.0093 
 pop2-NEH2-1 547 0.9799 0.0167 0.0015 0.0014 0.0005 
 pop2-NEH2-1 548 0.9901 0.0012 0.0025 0.0050 0.0012 
 pop2-NEH2-1 549 0.9994 0.0001 0.0001 0.0001 0.0002 
 pop2-NEH2-1 550 0.9960 0.0004 0.0016 0.0006 0.0015 
 pop2-NEH2-1 551 0.9628 0.0021 0.0319 0.0021 0.0010 
 pop2-NEH2-1 552 0.9969 0.0023 0.0003 0.0002 0.0003 
 pop2-NEH2-1 553 0.9897 0.0020 0.0008 0.0038 0.0037 
 pop2-NEH2-2 554 0.9985 0.0004 0.0003 0.0006 0.0003 
 pop2-NEH2-2 555 0.8189 0.0008 0.0005 0.1781 0.0017 
 pop2-NEH2-2 556 0.9488 0.0005 0.0002 0.0483 0.0021 
 pop2-NEH2-2 557 0.9968 0.0007 0.0008 0.0007 0.0011 
 pop2-NEH2-2 558 0.9347 0.0255 0.0067 0.0309 0.0022 
 pop2-NEH2-2 559 0.9985 0.0002 0.0002 0.0002 0.0009 
 pop2-NEH2-2 560 0.9737 0.0254 0.0003 0.0003 0.0002 
 pop2-NEH2-2 561 0.9943 0.0026 0.0005 0.0019 0.0007 
 pop2-NEH2-2 562 0.9994 0.0001 0.0002 0.0001 0.0002 
 pop2-NEH2-2 563 0.9879 0.0013 0.0070 0.0031 0.0007 
 pop2-NEH2-2 564 0.9607 0.0005 0.0009 0.0369 0.0010 
 pop2-NEH2-3 565 0.9990 0.0002 0.0004 0.0002 0.0002 
 pop2-NEH2-3 566 0.9989 0.0003 0.0002 0.0004 0.0003 
 pop2-NEH2-3 567 0.9990 0.0002 0.0002 0.0003 0.0003 
 pop2-NEH2-3 568 0.9326 0.0644 0.0015 0.0005 0.0010 
 pop2-NEH2-4 569 0.9913 0.0028 0.0005 0.0030 0.0024 
 pop2-NEH2-5 570 0.9990 0.0003 0.0002 0.0003 0.0002 
 pop2-NEH2-6 571 0.9811 0.0007 0.0006 0.0093 0.0083 
 pop2-NEH2-7 572 0.9917 0.0015 0.0010 0.0031 0.0028 
 pop2-NEH2-8 573 0.9993 0.0002 0.0002 0.0002 0.0002 
 pop2-NEH2-9 574 0.9981 0.0003 0.0003 0.0007 0.0005 
 pop2-UMFS-1 575 0.0002 0.0003 0.0004 0.0005 0.9986 
 pop2-UMFS-1 576 0.0007 0.0003 0.0008 0.1013 0.8969 
 pop2-UMFS-1 577 0.0576 0.3358 0.1837 0.4215 0.0013 
 pop2-UMFS-1 578 0.0019 0.0010 0.0012 0.0012 0.9946 
 pop2-UMFS-1 579 0.0001 0.0001 0.0001 0.0001 0.9997 
 pop2-UMFS-1 580 0.0001 0.0001 0.0001 0.0001 0.9996 
 pop2-UMFS-1 581 0.0001 0.0002 0.0002 0.0001 0.9994 
 pop2-UMFS-1 582 0.0002 0.0004 0.0003 0.0002 0.9990 
 pop2-UMFS-2 583 0.0004 0.0003 0.0003 0.0596 0.9394 
 pop2-UMFS-2 584 0.0011 0.0223 0.0016 0.1221 0.8529 
 pop2-UMFS-2 585 0.0085 0.0418 0.0012 0.0091 0.9394 
 pop2-UMFS-2 586 0.0041 0.0026 0.0019 0.0350 0.9564 
 pop2-UMFS-2 587 0.0024 0.0062 0.0055 0.2049 0.7810 
 pop2-UMFS-2 588 0.0010 0.0378 0.0031 0.1891 0.7690 
 pop2-UMFS-2 589 0.0015 0.0325 0.0177 0.1413 0.8070 
 pop2-UMFS-2 590 0.1601 0.0497 0.0151 0.2747 0.5004 
 pop2-UMFS-3 591 0.0001 0.0001 0.0001 0.0001 0.9995 
 pop2-UMFS-3 592 0.0029 0.0004 0.0005 0.1774 0.8187 
 pop2-UMFS-3 593 0.0003 0.0005 0.0005 0.0006 0.9982 
 pop2-UMFS-3 594 0.0001 0.0001 0.0001 0.0001 0.9997 
 pop2-UMFS-3 595 0.0972 0.0238 0.0075 0.2737 0.5979 
 pop2-UMFS-3 596 0.0001 0.0002 0.0001 0.0002 0.9993 
 pop2-UMFS-3 597 0.0001 0.0001 0.0001 0.0001 0.9997 
 pop2-UMFS-3 598 0.0001 0.0001 0.0001 0.0001 0.9996 
 pop2-UMFS-3 599 0.0001 0.0002 0.0002 0.0002 0.9993 
 pop2-UMFS-4 600 0.0001 0.0001 0.0001 0.0001 0.9997 
 pop2-UMFS-5 601 0.0006 0.0007 0.0032 0.0828 0.9128 
 pop2-UMFS-6 602 0.0001 0.0001 0.0001 0.0001 0.9996 
 pop2-UMFS-7 603 0.1364 0.3495 0.2950 0.2181 0.0009 
 pop2-UMFS-8 604 0.0012 0.0032 0.0008 0.0045 0.9905 
