  B2Wild-001 101 0.0186 0.8640 0.0018 0.0023 0.1133 
  B2Wild-002 102 0.0049 0.9751 0.0093 0.0052 0.0056 
  B2Wild-003 103 0.0199 0.8831 0.0893 0.0025 0.0053 
  B2Wild-004 104 0.0555 0.9281 0.0075 0.0038 0.0050 
  B2Wild-005 105 0.0072 0.9652 0.0042 0.0208 0.0027 
  B2Wild-006 106 0.0095 0.7642 0.1126 0.0367 0.0769 
  B2Wild-007 107 0.1488 0.8347 0.0071 0.0073 0.0020 
  B2Wild-008 108 0.0151 0.9057 0.0065 0.0186 0.0542 
  B2Wild-009 109 0.0129 0.9032 0.0292 0.0294 0.0253 
  B2Wild-010 110 0.0324 0.9513 0.0066 0.0032 0.0065 
  B2Wild-011 111 0.0381 0.9435 0.0105 0.0047 0.0034 
  B2Wild-012 112 0.0031 0.9613 0.0038 0.0028 0.0288 
  B2Wild-013 113 0.0048 0.9152 0.0366 0.0020 0.0414 
  B2Wild-014 114 0.0165 0.9563 0.0032 0.0039 0.0202 
  B2Wild-015 115 0.0203 0.9322 0.0356 0.0082 0.0038 
  B2Wild-016 116 0.2000 0.7315 0.0543 0.0013 0.0128 
  B2Wild-017 117 0.0181 0.9620 0.0062 0.0058 0.0078 
  B2Wild-018 118 0.1018 0.8832 0.0064 0.0059 0.0028 
  B2Wild-019 119 0.0206 0.9553 0.0051 0.0077 0.0113 
  B2Wild-020 120 0.0062 0.8706 0.0777 0.0303 0.0152 
  B3Wild-001 121 0.0827 0.9031 0.0085 0.0018 0.0040 
  B3Wild-002 122 0.0087 0.9811 0.0030 0.0021 0.0051 
  B3Wild-003 123 0.0035 0.9740 0.0045 0.0128 0.0052 
  B3Wild-004 124 0.0028 0.9868 0.0028 0.0057 0.0020 
  B3Wild-005 125 0.0018 0.9858 0.0040 0.0057 0.0028 
  B3Wild-006 126 0.0062 0.9818 0.0030 0.0073 0.0017 
  B3Wild-007 127 0.0020 0.9907 0.0029 0.0020 0.0024 
  B3Wild-008 128 0.0080 0.9447 0.0173 0.0209 0.0091 
  B3Wild-009 129 0.0055 0.9734 0.0102 0.0073 0.0036 
  B3Wild-010 130 0.0023 0.9889 0.0025 0.0044 0.0019 
  B3Wild-011 131 0.0057 0.9398 0.0072 0.0046 0.0427 
  B3Wild-012 132 0.0012 0.9610 0.0288 0.0070 0.0019 
  B3Wild-013 133 0.0152 0.9673 0.0123 0.0022 0.0030 
  B3Wild-014 134 0.0068 0.9776 0.0035 0.0066 0.0055 
  B3Wild-015 135 0.0037 0.9594 0.0030 0.0318 0.0021 
  B3Wild-016 136 0.0025 0.9741 0.0170 0.0054 0.0010 
  B3Wild-017 137 0.0063 0.9896 0.0014 0.0012 0.0015 
  B3Wild-018 138 0.0045 0.9859 0.0040 0.0039 0.0017 
  B3Wild-019 139 0.0555 0.9234 0.0069 0.0020 0.0122 
  B3Wild-020 140 0.0123 0.9779 0.0017 0.0054 0.0026 
  B4Wild-001 141 0.0010 0.9920 0.0033 0.0026 0.0011 
  B4Wild-002 142 0.0016 0.9892 0.0017 0.0063 0.0012 
  B4Wild-003 143 0.0045 0.9865 0.0022 0.0025 0.0044 
  B4Wild-004 144 0.0033 0.9840 0.0050 0.0049 0.0028 
  B4Wild-005 145 0.0017 0.9881 0.0022 0.0051 0.0030 
  B4Wild-006 146 0.0019 0.9900 0.0026 0.0017 0.0037 
  B4Wild-007 147 0.0040 0.9648 0.0158 0.0048 0.0106 
  B4Wild-008 148 0.0047 0.9869 0.0033 0.0033 0.0019 
  B4Wild-009 149 0.0034 0.9862 0.0049 0.0042 0.0012 
  B4Wild-010 150 0.0019 0.9893 0.0037 0.0024 0.0026 
  B4Wild-011 151 0.0016 0.9824 0.0124 0.0018 0.0018 
  B4Wild-012 152 0.0271 0.8665 0.0066 0.0036 0.0963 
  B4Wild-013 153 0.0020 0.9918 0.0021 0.0032 0.0009 
  B4Wild-014 154 0.0034 0.9739 0.0106 0.0013 0.0108 
  B4Wild-015 155 0.0035 0.9882 0.0028 0.0033 0.0023 
  B4Wild-016 156 0.0028 0.9899 0.0021 0.0027 0.0027 
  B4Wild-017 157 0.0054 0.9781 0.0055 0.0060 0.0050 
  B4Wild-018 158 0.0021 0.9897 0.0032 0.0036 0.0014 
  B4Wild-019 159 0.0012 0.9938 0.0023 0.0013 0.0013 
  B4Wild-020 160 0.0025 0.9841 0.0060 0.0047 0.0028 
  B5Wild-001 161 0.0046 0.9861 0.0043 0.0041 0.0009 
  B5Wild-002 162 0.0033 0.9882 0.0060 0.0015 0.0010 
  B5Wild-003 163 0.0013 0.9925 0.0011 0.0034 0.0017 
  B5Wild-004 164 0.0018 0.9866 0.0040 0.0010 0.0066 
  B5Wild-005 165 0.0034 0.9865 0.0042 0.0029 0.0030 
  B5Wild-006 166 0.0032 0.9829 0.0022 0.0109 0.0009 
  B5Wild-007 167 0.0052 0.9876 0.0025 0.0034 0.0013 
  B5Wild-008 168 0.0016 0.9918 0.0022 0.0031 0.0013 
  B5Wild-009 169 0.0056 0.9712 0.0031 0.0092 0.0109 
  B5Wild-010 170 0.0027 0.9912 0.0022 0.0021 0.0017 
  B5Wild-011 171 0.0030 0.9908 0.0032 0.0017 0.0014 
  B5Wild-012 172 0.0014 0.9803 0.0026 0.0127 0.0030 
  B5Wild-013 173 0.0034 0.9895 0.0031 0.0021 0.0019 
  B5Wild-014 174 0.0056 0.9869 0.0033 0.0024 0.0018 
  B5Wild-015 175 0.0026 0.9901 0.0022 0.0021 0.0030 
  B5Wild-016 176 0.0010 0.9932 0.0029 0.0019 0.0010 
  B5Wild-017 177 0.0069 0.9803 0.0017 0.0073 0.0037 
  B5Wild-018 178 0.0017 0.9807 0.0014 0.0149 0.0013 
  B5Wild-019 179 0.0052 0.9903 0.0013 0.0023 0.0010 
  B5Wild-020 180 0.0017 0.9913 0.0027 0.0022 0.0021 
   F1HYB-001 181 0.1694 0.6784 0.1375 0.0062 0.0086 
   F1HYB-002 182 0.0651 0.5318 0.2493 0.0426 0.1111 
   F1HYB-003 183 0.0150 0.7284 0.0108 0.1017 0.1440 
   F1HYB-004 184 0.1955 0.7411 0.0401 0.0031 0.0202 
   F1HYB-005 185 0.2058 0.7077 0.0778 0.0036 0.0050 
   F1HYB-006 186 0.2264 0.7168 0.0350 0.0150 0.0067 
   F1HYB-007 187 0.0243 0.8250 0.0361 0.0040 0.1106 
   F1HYB-008 188 0.2062 0.6047 0.1671 0.0059 0.0161 
   F1HYB-009 189 0.0143 0.9239 0.0104 0.0093 0.0421 
   F1HYB-010 190 0.1811 0.7494 0.0529 0.0055 0.0111 
   F1HYB-011 191 0.2572 0.6353 0.0386 0.0597 0.0093 
   F1HYB-012 192 0.2634 0.6377 0.0541 0.0177 0.0271 
   F1HYB-013 193 0.1439 0.7146 0.0324 0.0231 0.0859 
   F1HYB-014 194 0.3375 0.4873 0.1564 0.0028 0.0160 
   F1HYB-015 195 0.2075 0.7462 0.0155 0.0078 0.0230 
   F1HYB-016 196 0.1380 0.4353 0.1062 0.1481 0.1724 
   F1HYB-017 197 0.0122 0.5325 0.2100 0.1221 0.1232 
   F1HYB-018 198 0.0541 0.7351 0.0179 0.0086 0.1844 
   F1HYB-019 199 0.0791 0.7310 0.0203 0.0112 0.1583 
   F1HYB-020 200 0.2169 0.5982 0.0703 0.0215 0.0931 
 WildUnadmix 301 0.0205 0.9744 0.0019 0.0019 0.0013 
 WildUnadmix 302 0.0055 0.9687 0.0031 0.0044 0.0183 
 WildUnadmix 303 0.0021 0.9893 0.0063 0.0013 0.0010 
 WildUnadmix 304 0.0030 0.9740 0.0066 0.0132 0.0032 
 WildUnadmix 305 0.0047 0.9711 0.0209 0.0024 0.0011 
 WildUnadmix 306 0.0039 0.9900 0.0026 0.0016 0.0019 
 WildUnadmix 307 0.0084 0.9503 0.0021 0.0019 0.0372 
 WildUnadmix 308 0.0017 0.9488 0.0031 0.0452 0.0012 
 WildUnadmix 309 0.0094 0.9764 0.0072 0.0042 0.0028 
 WildUnadmix 310 0.0039 0.9898 0.0023 0.0020 0.0020 
 WildUnadmix 311 0.0204 0.9654 0.0020 0.0087 0.0035 
 WildUnadmix 312 0.0116 0.9710 0.0145 0.0016 0.0013 
 WildUnadmix 313 0.0033 0.9917 0.0018 0.0017 0.0014 
 WildUnadmix 314 0.0030 0.9853 0.0031 0.0061 0.0025 
 WildUnadmix 315 0.0063 0.9814 0.0036 0.0025 0.0061 
 WildUnadmix 316 0.0014 0.9921 0.0011 0.0030 0.0024 
 WildUnadmix 317 0.0028 0.9672 0.0129 0.0046 0.0125 
 WildUnadmix 318 0.0011 0.9929 0.0017 0.0027 0.0016 
 WildUnadmix 319 0.0028 0.9780 0.0035 0.0043 0.0114 
 WildUnadmix 320 0.0029 0.9861 0.0012 0.0077 0.0021 
 pop1-HH1013 321 0.0050 0.9775 0.0036 0.0109 0.0029 
 pop1-HH1013 322 0.0068 0.9818 0.0078 0.0014 0.0022 
 pop1-HH1013 323 0.0149 0.9683 0.0103 0.0028 0.0038 
 pop1-HH1013 324 0.0016 0.9655 0.0289 0.0021 0.0019 
 pop1-HH1013 325 0.0044 0.9802 0.0103 0.0023 0.0027 
 pop1-HH1013 326 0.0021 0.9890 0.0054 0.0015 0.0020 
 pop1-HH1013 327 0.0019 0.8986 0.0909 0.0073 0.0013 
 pop1-HH1013 328 0.0090 0.9681 0.0115 0.0045 0.0068 
 pop1-HH1013 329 0.0035 0.9341 0.0590 0.0028 0.0006 
 pop1-HH1013 330 0.0017 0.9891 0.0024 0.0041 0.0028 
 pop1-HH1013 331 0.0061 0.9779 0.0052 0.0081 0.0027 
 pop1-HH1013 332 0.0025 0.9870 0.0030 0.0059 0.0016 
 pop1-HH1013 333 0.0223 0.9636 0.0070 0.0035 0.0036 
 pop1-HH1013 334 0.0064 0.9724 0.0050 0.0130 0.0032 
 pop1-HH1013 335 0.0053 0.9899 0.0018 0.0019 0.0012 
 pop1-HH1013 336 0.0200 0.9660 0.0048 0.0077 0.0016 
 pop1-HH1013 337 0.0037 0.9565 0.0020 0.0060 0.0318 
 pop1-HH1013 338 0.0052 0.9852 0.0039 0.0031 0.0026 
 pop1-HH1013 339 0.0049 0.9870 0.0017 0.0042 0.0022 
 pop1-HH1013 340 0.0063 0.9833 0.0008 0.0064 0.0032 
 pop1-HH1013 341 0.0033 0.9842 0.0074 0.0039 0.0013 
 pop1-HH1013 342 0.0051 0.9743 0.0036 0.0026 0.0144 
 pop1-HH1013 343 0.0032 0.9849 0.0022 0.0076 0.0022 
 pop1-HH1013 344 0.0135 0.9108 0.0064 0.0645 0.0048 
 pop1-HH1013 345 0.0097 0.9762 0.0025 0.0042 0.0074 
 pop1-HH1013 346 0.0068 0.9834 0.0050 0.0035 0.0013 
 pop1-HRP22- 347 0.0020 0.9881 0.0013 0.0025 0.0061 
 pop1-HRP22- 348 0.0071 0.9864 0.0018 0.0020 0.0027 
 pop1-HRP22- 349 0.0042 0.9818 0.0069 0.0024 0.0047 
 pop1-HRP22- 350 0.0053 0.9788 0.0087 0.0055 0.0017 
 pop1-HRP22- 351 0.0060 0.9828 0.0049 0.0025 0.0038 
 pop1-HRP22- 352 0.0197 0.9741 0.0017 0.0032 0.0013 
 pop1-HRP22- 353 0.0017 0.9905 0.0038 0.0015 0.0026 
 pop1-HRP22- 354 0.0038 0.9882 0.0046 0.0023 0.0010 
 pop1-HRP22- 355 0.0068 0.9611 0.0054 0.0126 0.0142 
 pop1-HRP22- 356 0.0029 0.9817 0.0032 0.0101 0.0021 
 pop1-HRP22- 357 0.0311 0.9089 0.0051 0.0528 0.0021 
 pop1-HRP22- 358 0.0055 0.9827 0.0038 0.0034 0.0047 
 pop1-HRP22- 359 0.0017 0.9759 0.0046 0.0119 0.0059 
 pop1-HRP22- 360 0.0578 0.9143 0.0040 0.0075 0.0165 
 pop1-HRP22- 361 0.0024 0.9865 0.0034 0.0053 0.0024 
 pop1-HRP22- 362 0.0044 0.9825 0.0087 0.0011 0.0033 
 pop1-HRP22- 363 0.0024 0.9769 0.0041 0.0157 0.0009 
 pop1-HRP22- 364 0.0144 0.9749 0.0017 0.0069 0.0021 
 pop1-HRP22- 365 0.0020 0.9840 0.0097 0.0032 0.0010 
 pop1-HRP22- 366 0.0106 0.9780 0.0030 0.0065 0.0020 
 pop1-HRP22- 367 0.0016 0.9895 0.0025 0.0020 0.0044 
 pop1-HRP22- 368 0.0150 0.9743 0.0039 0.0013 0.0055 
 pop1-HRP22- 369 0.0051 0.9704 0.0187 0.0049 0.0009 
 pop1-HRP22- 370 0.0011 0.9918 0.0018 0.0041 0.0012 
 pop2-Cv5786 371 0.6849 0.2956 0.0133 0.0015 0.0048 
 pop2-Cv5786 372 0.3882 0.0063 0.0012 0.2282 0.3761 
 pop2-Cv5786 373 0.2757 0.4892 0.0020 0.0015 0.2316 
 pop2-Cv5786 374 0.5712 0.1710 0.0197 0.0038 0.2342 
 pop2-Cv5786 375 0.5371 0.0051 0.0206 0.0874 0.3498 
 pop2-Cv5786 376 0.4945 0.0686 0.0501 0.0020 0.3848 
 pop2-Cv5786 377 0.4556 0.3718 0.0099 0.0026 0.1601 
 pop2-Cv5786 378 0.4797 0.3412 0.0014 0.0036 0.1740 
 pop2-Cv5786 379 0.5803 0.4020 0.0030 0.0008 0.0138 
 pop2-Cv5786 380 0.4608 0.0029 0.1027 0.1618 0.2717 
 pop2-Cv5786 381 0.4845 0.3028 0.0018 0.0036 0.2074 
 pop2-Cv5786 382 0.4705 0.3335 0.0018 0.0028 0.1913 
 pop2-Cv5786 383 0.6040 0.0050 0.0058 0.0060 0.3793 
 pop2-Cv5786 384 0.4564 0.0031 0.1526 0.0030 0.3848 
 pop2-Cv5786 385 0.5045 0.3051 0.0063 0.0014 0.1827 
 pop2-Cv5786 386 0.5789 0.0041 0.0031 0.0027 0.4113 
 pop2-Cv5786 387 0.5523 0.3726 0.0444 0.0245 0.0062 
 pop2-Cv5786 388 0.2954 0.0019 0.2088 0.2079 0.2860 
 pop2-Cv5786 389 0.4695 0.2013 0.0167 0.0021 0.3104 
 pop2-Cv5786 390 0.5835 0.0062 0.2146 0.0026 0.1931 
 pop2-Cv5786 391 0.5209 0.3161 0.0046 0.0025 0.1559 
 pop2-Cv5786 392 0.6561 0.2567 0.0020 0.0039 0.0813 
 pop2-Cv5786 393 0.6137 0.1498 0.0048 0.0067 0.2250 
 pop2-Cv5786 394 0.6003 0.0371 0.0032 0.1264 0.2330 
 pop2-Cv5786 395 0.4789 0.0040 0.0123 0.2648 0.2399 
 pop2-Cv5786 396 0.5968 0.1769 0.0013 0.0012 0.2238 
 pop2-Cv5786 397 0.3772 0.0067 0.2561 0.1074 0.2527 
 pop2-Cv5786 398 0.6795 0.0093 0.0058 0.0042 0.3013 
 pop2-Cv5786 399 0.5923 0.1211 0.0089 0.0308 0.2468 
 pop2-Cv5786 400 0.6833 0.2786 0.0024 0.0045 0.0313 
 pop2-FI1012 401 0.9949 0.0014 0.0009 0.0007 0.0021 
 pop2-FI1012 402 0.9907 0.0021 0.0017 0.0029 0.0026 
 pop2-FI1012 403 0.9971 0.0007 0.0007 0.0007 0.0009 
 pop2-FI1012 404 0.9924 0.0009 0.0022 0.0006 0.0039 
 pop2-FI1012 405 0.9908 0.0017 0.0030 0.0035 0.0010 
 pop2-FI1012 406 0.9855 0.0038 0.0015 0.0028 0.0065 
 pop2-FI1012 407 0.9662 0.0028 0.0025 0.0008 0.0276 
 pop2-FI1012 408 0.9932 0.0020 0.0025 0.0010 0.0012 
 pop2-FI1012 409 0.9954 0.0011 0.0009 0.0007 0.0019 
 pop2-FI1012 410 0.9937 0.0010 0.0006 0.0009 0.0038 
 pop2-FI1012 411 0.9673 0.0097 0.0051 0.0017 0.0162 
 pop2-FI1012 412 0.9962 0.0011 0.0011 0.0007 0.0010 
 pop2-FI1012 413 0.9968 0.0010 0.0007 0.0006 0.0009 
 pop2-FI1012 414 0.9963 0.0013 0.0011 0.0006 0.0007 
 pop2-FI1012 415 0.9968 0.0010 0.0007 0.0008 0.0008 
 pop2-FI1012 416 0.9963 0.0008 0.0009 0.0009 0.0011 
 pop2-FI1012 417 0.9942 0.0012 0.0011 0.0018 0.0017 
 pop2-FI1012 418 0.9657 0.0071 0.0084 0.0042 0.0146 
 pop2-FI1012 419 0.9909 0.0013 0.0030 0.0012 0.0035 
 pop2-FI1012 420 0.9860 0.0026 0.0037 0.0017 0.0060 
 pop2-FIS101 421 0.9749 0.0061 0.0103 0.0026 0.0061 
 pop2-FIS101 422 0.9920 0.0022 0.0016 0.0023 0.0019 
 pop2-FIS101 423 0.8629 0.1116 0.0203 0.0042 0.0010 
 pop2-FIS101 424 0.9837 0.0054 0.0081 0.0012 0.0017 
 pop2-FIS101 425 0.9861 0.0025 0.0076 0.0026 0.0012 
 pop2-FIS101 426 0.9836 0.0021 0.0011 0.0042 0.0090 
 pop2-FIS101 427 0.9805 0.0072 0.0025 0.0030 0.0067 
 pop2-FIS101 428 0.9883 0.0015 0.0029 0.0032 0.0041 
 pop2-FIS101 429 0.9739 0.0059 0.0096 0.0081 0.0025 
 pop2-FIS101 430 0.9848 0.0054 0.0054 0.0013 0.0032 
 pop2-FIS101 431 0.9740 0.0203 0.0033 0.0012 0.0011 
 pop2-FIS101 432 0.9220 0.0602 0.0066 0.0021 0.0091 
 pop2-FIS101 433 0.6977 0.2830 0.0026 0.0152 0.0015 
 pop2-FIS101 434 0.8009 0.0271 0.0551 0.1151 0.0017 
 pop2-FIS101 435 0.9804 0.0015 0.0095 0.0026 0.0060 
 pop2-FIS101 436 0.9062 0.0338 0.0094 0.0091 0.0414 
 pop2-FIS101 437 0.9417 0.0042 0.0025 0.0048 0.0468 
 pop2-FIS101 438 0.8739 0.0082 0.0042 0.1122 0.0014 
 pop2-FIS101 439 0.9947 0.0015 0.0011 0.0016 0.0011 
 pop2-FIS101 440 0.9952 0.0015 0.0020 0.0007 0.0007 
 pop2-FIS101 441 0.8757 0.0425 0.0220 0.0589 0.0009 
 pop2-FIS101 442 0.9336 0.0031 0.0593 0.0021 0.0019 
 pop2-FIS101 443 0.9717 0.0141 0.0047 0.0046 0.0049 
 pop2-FIS101 444 0.9327 0.0066 0.0034 0.0058 0.0515 
 pop2-FIS101 445 0.9735 0.0069 0.0020 0.0071 0.0105 
 pop2-FIS101 446 0.8284 0.1309 0.0203 0.0189 0.0015 
 pop2-FIS101 447 0.9913 0.0043 0.0009 0.0028 0.0007 
 pop2-FIS101 448 0.9628 0.0166 0.0137 0.0028 0.0042 
 pop2-FIS101 449 0.9938 0.0018 0.0010 0.0019 0.0016 
 pop2-FIS101 450 0.9705 0.0083 0.0170 0.0030 0.0012 
 pop2-KRB16- 451 0.2656 0.0016 0.0016 0.0015 0.7298 
 pop2-KRB16- 452 0.0006 0.0005 0.0004 0.0006 0.9978 
 pop2-KRB16- 453 0.0005 0.0005 0.0005 0.0005 0.9980 
 pop2-KRB16- 454 0.2328 0.0038 0.0013 0.0009 0.7612 
 pop2-KRB16- 455 0.2073 0.0234 0.0062 0.0036 0.7596 
 pop2-KRB16- 456 0.0007 0.0006 0.0005 0.0006 0.9977 
 pop2-KRB16- 457 0.0005 0.0005 0.0003 0.0005 0.9981 
 pop2-KRB16- 458 0.0015 0.0040 0.0022 0.0012 0.9910 
 pop2-KRB16- 459 0.0005 0.0004 0.0003 0.0004 0.9984 
 pop2-KRB16- 460 0.1334 0.0031 0.0017 0.0747 0.7872 
 pop2-KRB16- 461 0.0010 0.0009 0.0010 0.0009 0.9961 
 pop2-KRB16- 462 0.1780 0.0020 0.0026 0.0011 0.8163 
 pop2-KRB16- 463 0.2042 0.0022 0.0011 0.0014 0.7911 
 pop2-KRB16- 464 0.2302 0.0025 0.0022 0.0008 0.7643 
 pop2-KRB16- 465 0.0005 0.0006 0.0005 0.0004 0.9980 
 pop2-KRB16- 466 0.1491 0.0021 0.0027 0.0011 0.8449 
 pop2-KRB16- 467 0.0005 0.0004 0.0004 0.0004 0.9983 
 pop2-KRB16- 468 0.3200 0.0020 0.0028 0.0024 0.6728 
 pop2-KRB16- 469 0.1429 0.0058 0.0026 0.0008 0.8478 
 pop2-KRB16- 470 0.0005 0.0005 0.0004 0.0004 0.9983 
 pop2-KRB16- 471 0.0010 0.0006 0.0008 0.0006 0.9971 
 pop2-KRB16- 472 0.0005 0.0004 0.0004 0.0005 0.9982 
 pop2-KRB16- 473 0.0017 0.0007 0.0010 0.0006 0.9959 
 pop2-KRB16- 474 0.0103 0.0170 0.0113 0.0076 0.9538 
 pop2-KRB16- 475 0.0234 0.0013 0.0014 0.0019 0.9720 
 pop2-KRB16- 476 0.0009 0.0006 0.0007 0.0006 0.9971 
 pop2-KRB16- 477 0.0005 0.0004 0.0004 0.0003 0.9984 
 pop2-KRB16- 478 0.0007 0.0005 0.0004 0.0004 0.9980 
 pop2-KRB16- 479 0.0021 0.0021 0.0014 0.0010 0.9934 
 pop2-KRB16- 480 0.0016 0.0008 0.0010 0.0009 0.9956 
 pop2-KRP13- 481 0.7930 0.0014 0.0011 0.0006 0.2038 
 pop2-KRP13- 482 0.9700 0.0027 0.0026 0.0074 0.0172 
 pop2-KRP13- 483 0.9393 0.0121 0.0122 0.0338 0.0026 
 pop2-KRP13- 484 0.7773 0.0054 0.0120 0.0017 0.2036 
 pop2-KRP13- 485 0.9077 0.0030 0.0010 0.0013 0.0872 
 pop2-KRP13- 486 0.6495 0.0253 0.0546 0.1002 0.1703 
 pop2-KRP13- 487 0.9729 0.0019 0.0019 0.0170 0.0063 
 pop2-KRP13- 488 0.9888 0.0017 0.0014 0.0015 0.0067 
 pop2-KRP13- 489 0.9668 0.0012 0.0018 0.0083 0.0219 
 pop2-KRP13- 490 0.6706 0.0473 0.0218 0.0077 0.2526 
 pop2-KRP13- 491 0.9902 0.0036 0.0012 0.0011 0.0039 
 pop2-KRP13- 492 0.6833 0.0053 0.0137 0.0492 0.2485 
 pop2-KRP13- 493 0.9896 0.0011 0.0017 0.0015 0.0060 
 pop2-KRP13- 494 0.7911 0.1707 0.0038 0.0036 0.0308 
 pop2-KRP13- 495 0.8979 0.0013 0.0016 0.0018 0.0973 
 pop2-KRP13- 496 0.9890 0.0018 0.0015 0.0032 0.0044 
 pop2-KRP13- 497 0.6547 0.0321 0.0060 0.0138 0.2934 
 pop2-KRP13- 498 0.9654 0.0029 0.0014 0.0049 0.0254 
 pop2-KRP13- 499 0.9425 0.0020 0.0021 0.0016 0.0518 
 pop2-KRP13- 500 0.8257 0.0010 0.0013 0.0061 0.1659 
 pop2-KRP13- 501 0.9454 0.0239 0.0144 0.0090 0.0074 
 pop2-KRP13- 502 0.8698 0.0020 0.0019 0.0043 0.1221 
 pop2-KRP13- 503 0.7800 0.0024 0.0013 0.0012 0.2150 
 pop2-KRP13- 504 0.8514 0.0021 0.0009 0.0012 0.1443 
 pop2-KRP13- 505 0.9024 0.0018 0.0012 0.0014 0.0933 
 pop2-KRP13- 506 0.9878 0.0012 0.0010 0.0011 0.0089 
 pop2-KRP13- 507 0.7549 0.0040 0.0017 0.0017 0.2377 
 pop2-KRP13- 508 0.9322 0.0035 0.0026 0.0019 0.0598 
 pop2-KRP13- 509 0.9189 0.0051 0.0032 0.0019 0.0710 
 pop2-KRP13- 510 0.9312 0.0012 0.0012 0.0038 0.0626 
 pop2-NEH1-1 511 0.0073 0.0267 0.9593 0.0014 0.0053 
 pop2-NEH1-1 512 0.0018 0.0012 0.9941 0.0013 0.0016 
 pop2-NEH1-1 513 0.0028 0.0174 0.9733 0.0033 0.0032 
 pop2-NEH1-1 514 0.0030 0.0034 0.9748 0.0113 0.0075 
 pop2-NEH1-1 515 0.0025 0.1857 0.8086 0.0012 0.0019 
 pop2-NEH1-1 516 0.0492 0.1648 0.7646 0.0012 0.0201 
 pop2-NEH1-1 517 0.0027 0.0024 0.9866 0.0015 0.0068 
 pop2-NEH1-1 518 0.0016 0.0010 0.9951 0.0007 0.0015 
 pop2-NEH1-1 519 0.0079 0.0463 0.9417 0.0018 0.0022 
 pop2-NEH1-1 520 0.0057 0.0288 0.9519 0.0046 0.0091 
 pop2-NEH1-2 521 0.0031 0.0128 0.9758 0.0023 0.0060 
 pop2-NEH1-2 522 0.0031 0.0063 0.9597 0.0017 0.0292 
 pop2-NEH1-2 523 0.0091 0.0136 0.9542 0.0074 0.0157 
 pop2-NEH1-2 524 0.0062 0.1709 0.8139 0.0020 0.0070 
 pop2-NEH1-2 525 0.0205 0.1483 0.8244 0.0033 0.0034 
 pop2-NEH1-2 526 0.0023 0.0278 0.9417 0.0197 0.0085 
 pop2-NEH1-2 527 0.0143 0.1010 0.8591 0.0224 0.0032 
 pop2-NEH1-2 528 0.0108 0.1506 0.8218 0.0127 0.0041 
 pop2-NEH1-2 529 0.0118 0.0022 0.9782 0.0060 0.0019 
 pop2-NEH1-2 530 0.0009 0.0142 0.9797 0.0039 0.0012 
 pop2-NEH1-3 531 0.0016 0.0550 0.9334 0.0090 0.0011 
 pop2-NEH1-3 532 0.0030 0.0144 0.9802 0.0012 0.0012 
 pop2-NEH1-3 533 0.0014 0.0014 0.9960 0.0006 0.0006 
 pop2-NEH1-3 534 0.0019 0.0020 0.9939 0.0012 0.0010 
 pop2-NEH1-3 535 0.0095 0.0210 0.9562 0.0094 0.0038 
 pop2-NEH1-3 536 0.0072 0.0452 0.9268 0.0023 0.0185 
 pop2-NEH1-3 537 0.0032 0.0513 0.9143 0.0040 0.0272 
 pop2-NEH1-4 538 0.0013 0.0009 0.9967 0.0006 0.0005 
 pop2-NEH1-5 539 0.0140 0.0426 0.9288 0.0016 0.0130 
 pop2-NEH1-6 540 0.0016 0.0010 0.9957 0.0008 0.0009 
 pop2-NEH1-7 541 0.0103 0.0095 0.9485 0.0106 0.0212 
 pop2-NEH1-8 542 0.0332 0.1566 0.8012 0.0023 0.0067 
 pop2-NEH2-1 543 0.0010 0.0010 0.9952 0.0019 0.0009 
 pop2-NEH2-1 544 0.0019 0.0114 0.9838 0.0015 0.0014 
 pop2-NEH2-1 545 0.0046 0.0030 0.9856 0.0056 0.0012 
 pop2-NEH2-1 546 0.0176 0.0064 0.9673 0.0056 0.0031 
 pop2-NEH2-1 547 0.0068 0.0028 0.9878 0.0012 0.0013 
 pop2-NEH2-1 548 0.0079 0.0019 0.9794 0.0015 0.0093 
 pop2-NEH2-1 549 0.0006 0.0006 0.9977 0.0005 0.0005 
 pop2-NEH2-1 550 0.0026 0.0025 0.9893 0.0040 0.0016 
 pop2-NEH2-1 551 0.0090 0.0213 0.9368 0.0182 0.0147 
 pop2-NEH2-1 552 0.0015 0.0023 0.9920 0.0025 0.0017 
 pop2-NEH2-1 553 0.0008 0.0013 0.9951 0.0017 0.0011 
 pop2-NEH2-2 554 0.0030 0.0022 0.9908 0.0020 0.0020 
 pop2-NEH2-2 555 0.0019 0.2673 0.7230 0.0061 0.0018 
 pop2-NEH2-2 556 0.0019 0.0026 0.9911 0.0017 0.0027 
 pop2-NEH2-2 557 0.0017 0.0070 0.9850 0.0053 0.0011 
 pop2-NEH2-2 558 0.0051 0.0038 0.9648 0.0012 0.0251 
 pop2-NEH2-2 559 0.0045 0.0016 0.9849 0.0066 0.0025 
 pop2-NEH2-2 560 0.0018 0.0014 0.9951 0.0007 0.0009 
 pop2-NEH2-2 561 0.0015 0.0022 0.9915 0.0030 0.0017 
 pop2-NEH2-2 562 0.0006 0.0007 0.9975 0.0007 0.0005 
 pop2-NEH2-2 563 0.0018 0.0026 0.9920 0.0014 0.0022 
 pop2-NEH2-2 564 0.0010 0.0032 0.9881 0.0021 0.0055 
 pop2-NEH2-3 565 0.0010 0.0015 0.9936 0.0015 0.0024 
 pop2-NEH2-3 566 0.0008 0.0014 0.9947 0.0013 0.0018 
 pop2-NEH2-3 567 0.0013 0.0012 0.9943 0.0023 0.0010 
 pop2-NEH2-3 568 0.0133 0.0030 0.9718 0.0025 0.0094 
 pop2-NEH2-4 569 0.0031 0.0054 0.9602 0.0297 0.0016 
 pop2-NEH2-5 570 0.0013 0.0018 0.9947 0.0011 0.0011 
 pop2-NEH2-6 571 0.0030 0.0223 0.9413 0.0320 0.0014 
 pop2-NEH2-7 572 0.0035 0.0039 0.9887 0.0019 0.0020 
 pop2-NEH2-8 573 0.0008 0.0013 0.9951 0.0016 0.0012 
 pop2-NEH2-9 574 0.0016 0.0045 0.9885 0.0027 0.0027 
 pop2-UMFS-1 575 0.0030 0.0020 0.0014 0.9926 0.0010 
 pop2-UMFS-1 576 0.0017 0.0062 0.0010 0.9902 0.0009 
 pop2-UMFS-1 577 0.3717 0.5338 0.0373 0.0045 0.0528 
 pop2-UMFS-1 578 0.0011 0.0019 0.0018 0.9930 0.0022 
 pop2-UMFS-1 579 0.0004 0.0006 0.0004 0.9980 0.0005 
 pop2-UMFS-1 580 0.0005 0.0006 0.0007 0.9976 0.0006 
 pop2-UMFS-1 581 0.0042 0.0027 0.0017 0.9890 0.0024 
 pop2-UMFS-1 582 0.0029 0.0029 0.0026 0.9829 0.0088 
 pop2-UMFS-2 583 0.0037 0.0095 0.0015 0.9831 0.0022 
 pop2-UMFS-2 584 0.0039 0.2026 0.0067 0.7846 0.0022 
 pop2-UMFS-2 585 0.0020 0.1113 0.0081 0.8771 0.0016 
 pop2-UMFS-2 586 0.0051 0.0073 0.0060 0.9688 0.0127 
 pop2-UMFS-2 587 0.0710 0.1319 0.0064 0.7847 0.0059 
 pop2-UMFS-2 588 0.0028 0.2881 0.0135 0.6915 0.0040 
 pop2-UMFS-2 589 0.0039 0.1040 0.0068 0.8541 0.0312 
 pop2-UMFS-2 590 0.0642 0.3797 0.0493 0.4614 0.0454 
 pop2-UMFS-3 591 0.0005 0.0005 0.0005 0.9981 0.0004 
 pop2-UMFS-3 592 0.0038 0.2495 0.0046 0.7410 0.0011 
 pop2-UMFS-3 593 0.0039 0.0049 0.0016 0.9880 0.0016 
 pop2-UMFS-3 594 0.0005 0.0005 0.0006 0.9980 0.0004 
 pop2-UMFS-3 595 0.0079 0.3405 0.0148 0.5818 0.0551 
 pop2-UMFS-3 596 0.0006 0.0007 0.0007 0.9976 0.0004 
 pop2-UMFS-3 597 0.0010 0.0010 0.0008 0.9968 0.0004 
 pop2-UMFS-3 598 0.0008 0.0007 0.0006 0.9974 0.0006 
 pop2-UMFS-3 599 0.0010 0.0014 0.0006 0.9965 0.0006 
 pop2-UMFS-4 600 0.0005 0.0005 0.0006 0.9979 0.0005 
 pop2-UMFS-5 601 0.0017 0.0020 0.0013 0.9938 0.0012 
 pop2-UMFS-6 602 0.0005 0.0006 0.0006 0.9980 0.0004 
 pop2-UMFS-7 603 0.3287 0.3577 0.0384 0.0036 0.2717 
 pop2-UMFS-8 604 0.0033 0.0094 0.0027 0.9835 0.0011 
