

----------------------------------------------------
STRUCTURE by Pritchard, Stephens and Donnelly (2000)
     and Falush, Stephens and Pritchard (2003)
       Code by Pritchard, Falush and Hubisz
             Version 2.3.4 (Jul 2012)
----------------------------------------------------



Command line arguments:   /programs/structure_2_3_4/bin/structure -m mainparams_nocentroids -e extraparams -i test_selected5_905_nocentroids.recode.strct_in -o test_selected5_905_nocentroids 
Input File:    test_selected5_905_nocentroids.recode.strct_in

Run parameters:
   404 individuals
   905 loci
   5 populations assumed
   10000 Burn-in period
   100000 Reps
RANDOMIZE turned off


--------------------------------------------
Proportion of membership of each pre-defined
 population in each of the 5 clusters

Given    Inferred Clusters                     Number of
 Pop       1      2      3      4      5      Individuals

101:     0.019  0.031  0.104  0.779  0.067        1
102:     0.064  0.025  0.041  0.780  0.090        1
103:     0.003  0.113  0.019  0.756  0.109        1
104:     0.017  0.015  0.094  0.795  0.080        1
105:     0.154  0.027  0.011  0.751  0.056        1
106:     0.023  0.124  0.053  0.781  0.019        1
107:     0.008  0.015  0.153  0.819  0.004        1
108:     0.027  0.075  0.017  0.826  0.055        1
109:     0.032  0.079  0.084  0.759  0.046        1
110:     0.013  0.038  0.184  0.756  0.009        1
111:     0.028  0.055  0.082  0.813  0.021        1
112:     0.005  0.039  0.168  0.783  0.005        1
113:     0.007  0.050  0.073  0.794  0.076        1
114:     0.007  0.194  0.031  0.718  0.050        1
115:     0.037  0.022  0.008  0.820  0.113        1
116:     0.033  0.102  0.011  0.819  0.035        1
117:     0.088  0.070  0.029  0.796  0.016        1
118:     0.004  0.117  0.004  0.758  0.117        1
119:     0.023  0.031  0.101  0.770  0.075        1
120:     0.008  0.007  0.032  0.828  0.126        1
121:     0.011  0.053  0.005  0.918  0.014        1
122:     0.020  0.006  0.010  0.954  0.010        1
123:     0.009  0.051  0.006  0.927  0.007        1
124:     0.007  0.013  0.005  0.918  0.058        1
125:     0.014  0.004  0.021  0.947  0.014        1
126:     0.005  0.040  0.031  0.915  0.008        1
127:     0.009  0.105  0.010  0.868  0.007        1
128:     0.068  0.035  0.007  0.885  0.006        1
129:     0.003  0.004  0.036  0.942  0.015        1
130:     0.005  0.041  0.009  0.932  0.013        1
131:     0.003  0.048  0.014  0.932  0.003        1
132:     0.022  0.029  0.034  0.907  0.009        1
133:     0.003  0.012  0.048  0.907  0.030        1
134:     0.007  0.010  0.032  0.944  0.007        1
135:     0.005  0.005  0.017  0.942  0.031        1
136:     0.069  0.014  0.016  0.861  0.040        1
137:     0.040  0.012  0.011  0.865  0.073        1
138:     0.012  0.028  0.044  0.889  0.026        1
139:     0.013  0.051  0.015  0.907  0.014        1
140:     0.013  0.014  0.028  0.936  0.010        1
141:     0.001  0.001  0.002  0.993  0.002        1
142:     0.015  0.009  0.036  0.938  0.002        1
143:     0.004  0.002  0.005  0.977  0.011        1
144:     0.006  0.008  0.002  0.981  0.002        1
145:     0.004  0.006  0.006  0.965  0.018        1
146:     0.003  0.005  0.021  0.960  0.010        1
147:     0.005  0.002  0.026  0.964  0.002        1
148:     0.006  0.004  0.006  0.970  0.013        1
149:     0.003  0.011  0.007  0.963  0.016        1
150:     0.005  0.007  0.009  0.967  0.013        1
151:     0.003  0.008  0.005  0.979  0.004        1
152:     0.001  0.004  0.004  0.990  0.002        1
153:     0.008  0.006  0.003  0.982  0.001        1
154:     0.003  0.003  0.005  0.985  0.003        1
155:     0.004  0.004  0.004  0.986  0.002        1
156:     0.002  0.002  0.002  0.991  0.002        1
157:     0.005  0.004  0.036  0.933  0.021        1
158:     0.003  0.003  0.004  0.985  0.006        1
159:     0.008  0.006  0.002  0.948  0.037        1
160:     0.008  0.008  0.051  0.914  0.019        1
161:     0.002  0.007  0.007  0.979  0.006        1
162:     0.009  0.003  0.002  0.982  0.005        1
163:     0.006  0.003  0.001  0.988  0.002        1
164:     0.001  0.002  0.002  0.993  0.001        1
165:     0.002  0.002  0.002  0.991  0.002        1
166:     0.002  0.015  0.007  0.975  0.002        1
167:     0.001  0.002  0.001  0.995  0.001        1
168:     0.004  0.009  0.005  0.978  0.005        1
169:     0.001  0.001  0.002  0.994  0.002        1
170:     0.001  0.001  0.002  0.994  0.002        1
171:     0.001  0.001  0.001  0.996  0.001        1
172:     0.006  0.008  0.002  0.979  0.005        1
173:     0.002  0.002  0.002  0.991  0.003        1
174:     0.001  0.001  0.001  0.995  0.002        1
175:     0.001  0.002  0.004  0.991  0.002        1
176:     0.001  0.001  0.001  0.996  0.001        1
177:     0.001  0.001  0.001  0.995  0.001        1
178:     0.003  0.002  0.003  0.988  0.004        1
179:     0.005  0.005  0.016  0.969  0.006        1
180:     0.001  0.002  0.002  0.994  0.001        1
181:     0.004  0.050  0.094  0.558  0.294        1
182:     0.031  0.189  0.157  0.584  0.040        1
183:     0.021  0.131  0.219  0.590  0.040        1
184:     0.009  0.182  0.139  0.584  0.086        1
185:     0.019  0.208  0.170  0.524  0.079        1
186:     0.104  0.093  0.078  0.523  0.202        1
187:     0.030  0.148  0.268  0.510  0.044        1
188:     0.103  0.187  0.153  0.523  0.035        1
189:     0.028  0.205  0.164  0.519  0.085        1
190:     0.162  0.078  0.050  0.550  0.160        1
191:     0.121  0.161  0.082  0.493  0.143        1
192:     0.028  0.124  0.028  0.605  0.215        1
193:     0.006  0.193  0.213  0.570  0.019        1
194:     0.005  0.125  0.215  0.523  0.132        1
195:     0.055  0.225  0.030  0.516  0.174        1
196:     0.027  0.173  0.038  0.574  0.188        1
197:     0.018  0.079  0.189  0.549  0.165        1
198:     0.052  0.119  0.066  0.530  0.233        1
199:     0.012  0.125  0.152  0.566  0.144        1
200:     0.007  0.138  0.150  0.520  0.185        1
301:     0.001  0.001  0.001  0.998  0.001        1
302:     0.001  0.001  0.002  0.994  0.001        1
303:     0.002  0.001  0.001  0.995  0.001        1
304:     0.001  0.001  0.001  0.996  0.001        1
305:     0.002  0.001  0.002  0.994  0.001        1
306:     0.002  0.001  0.002  0.995  0.001        1
307:     0.004  0.002  0.001  0.991  0.002        1
308:     0.002  0.003  0.002  0.990  0.002        1
309:     0.001  0.001  0.001  0.996  0.001        1
310:     0.001  0.001  0.001  0.995  0.002        1
311:     0.005  0.002  0.002  0.989  0.002        1
312:     0.003  0.001  0.001  0.993  0.001        1
313:     0.002  0.001  0.003  0.992  0.002        1
314:     0.002  0.001  0.003  0.992  0.002        1
315:     0.011  0.003  0.007  0.970  0.009        1
316:     0.007  0.001  0.003  0.987  0.002        1
317:     0.001  0.003  0.001  0.986  0.009        1
318:     0.001  0.001  0.001  0.997  0.001        1
319:     0.001  0.002  0.002  0.994  0.001        1
320:     0.001  0.001  0.001  0.996  0.001        1
321:     0.003  0.003  0.003  0.987  0.004        1
322:     0.003  0.002  0.005  0.987  0.004        1
323:     0.002  0.002  0.013  0.974  0.009        1
324:     0.002  0.002  0.001  0.993  0.002        1
325:     0.001  0.001  0.001  0.996  0.001        1
326:     0.001  0.001  0.001  0.997  0.001        1
327:     0.001  0.001  0.001  0.996  0.001        1
328:     0.002  0.002  0.034  0.953  0.010        1
329:     0.001  0.001  0.001  0.996  0.001        1
330:     0.001  0.003  0.003  0.981  0.012        1
331:     0.003  0.003  0.003  0.990  0.001        1
332:     0.002  0.001  0.001  0.994  0.001        1
333:     0.004  0.004  0.026  0.958  0.009        1
334:     0.002  0.002  0.001  0.992  0.003        1
335:     0.004  0.001  0.001  0.992  0.002        1
336:     0.004  0.001  0.001  0.991  0.003        1
337:     0.004  0.004  0.008  0.982  0.003        1
338:     0.001  0.001  0.001  0.997  0.001        1
339:     0.002  0.003  0.002  0.992  0.001        1
340:     0.004  0.002  0.002  0.988  0.005        1
341:     0.001  0.001  0.001  0.995  0.001        1
342:     0.004  0.004  0.001  0.989  0.002        1
343:     0.001  0.001  0.000  0.997  0.001        1
344:     0.001  0.001  0.001  0.997  0.001        1
345:     0.003  0.001  0.001  0.990  0.005        1
346:     0.002  0.001  0.004  0.991  0.002        1
347:     0.002  0.002  0.012  0.961  0.023        1
348:     0.003  0.002  0.002  0.991  0.002        1
349:     0.004  0.006  0.002  0.986  0.001        1
350:     0.002  0.003  0.001  0.992  0.003        1
351:     0.003  0.001  0.003  0.990  0.003        1
352:     0.010  0.006  0.003  0.967  0.014        1
353:     0.001  0.005  0.002  0.991  0.002        1
354:     0.002  0.003  0.003  0.982  0.010        1
355:     0.003  0.001  0.001  0.993  0.001        1
356:     0.002  0.002  0.003  0.992  0.001        1
357:     0.001  0.001  0.001  0.997  0.001        1
358:     0.013  0.002  0.003  0.972  0.011        1
359:     0.016  0.001  0.002  0.977  0.003        1
360:     0.005  0.002  0.002  0.990  0.002        1
361:     0.002  0.004  0.002  0.989  0.002        1
362:     0.001  0.002  0.004  0.992  0.001        1
363:     0.001  0.001  0.001  0.995  0.001        1
364:     0.004  0.002  0.001  0.992  0.001        1
365:     0.002  0.003  0.009  0.982  0.004        1
366:     0.003  0.001  0.002  0.991  0.003        1
367:     0.004  0.001  0.002  0.992  0.001        1
368:     0.002  0.004  0.009  0.982  0.003        1
369:     0.004  0.003  0.004  0.977  0.012        1
370:     0.002  0.001  0.001  0.996  0.001        1
371:     0.004  0.003  0.426  0.309  0.258        1
372:     0.035  0.002  0.391  0.010  0.563        1
373:     0.002  0.006  0.363  0.264  0.366        1
374:     0.001  0.002  0.454  0.149  0.393        1
375:     0.119  0.008  0.504  0.002  0.368        1
376:     0.003  0.001  0.569  0.030  0.398        1
377:     0.003  0.002  0.353  0.317  0.325        1
378:     0.002  0.003  0.372  0.297  0.325        1
379:     0.004  0.002  0.447  0.244  0.303        1
380:     0.243  0.005  0.514  0.017  0.222        1
381:     0.002  0.004  0.394  0.201  0.399        1
382:     0.010  0.002  0.367  0.168  0.454        1
383:     0.001  0.001  0.593  0.003  0.402        1
384:     0.011  0.013  0.579  0.003  0.395        1
385:     0.001  0.002  0.449  0.286  0.261        1
386:     0.003  0.005  0.687  0.035  0.270        1
387:     0.008  0.032  0.281  0.382  0.296        1
388:     0.004  0.124  0.389  0.116  0.367        1
389:     0.004  0.003  0.390  0.132  0.472        1
390:     0.006  0.037  0.288  0.137  0.532        1
391:     0.015  0.002  0.486  0.236  0.262        1
392:     0.022  0.001  0.254  0.181  0.541        1
393:     0.007  0.021  0.373  0.235  0.364        1
394:     0.185  0.001  0.259  0.004  0.550        1
395:     0.253  0.002  0.488  0.002  0.255        1
396:     0.019  0.001  0.472  0.090  0.417        1
397:     0.011  0.042  0.482  0.170  0.294        1
398:     0.002  0.002  0.527  0.070  0.399        1
399:     0.009  0.008  0.432  0.085  0.466        1
400:     0.055  0.001  0.293  0.208  0.442        1
401:     0.001  0.001  0.001  0.001  0.996        1
402:     0.001  0.004  0.004  0.003  0.987        1
403:     0.001  0.001  0.001  0.001  0.996        1
404:     0.001  0.001  0.001  0.000  0.997        1
405:     0.003  0.007  0.001  0.003  0.986        1
406:     0.003  0.002  0.003  0.058  0.934        1
407:     0.023  0.003  0.004  0.042  0.928        1
408:     0.001  0.008  0.003  0.091  0.897        1
409:     0.001  0.001  0.001  0.000  0.997        1
410:     0.001  0.001  0.016  0.001  0.982        1
411:     0.019  0.005  0.002  0.004  0.970        1
412:     0.001  0.002  0.001  0.001  0.995        1
413:     0.002  0.001  0.029  0.002  0.966        1
414:     0.002  0.012  0.008  0.012  0.967        1
415:     0.000  0.001  0.003  0.001  0.995        1
416:     0.001  0.001  0.002  0.000  0.997        1
417:     0.006  0.005  0.040  0.024  0.925        1
418:     0.002  0.002  0.008  0.001  0.986        1
419:     0.003  0.002  0.001  0.001  0.993        1
420:     0.002  0.001  0.007  0.001  0.989        1
421:     0.003  0.005  0.005  0.005  0.982        1
422:     0.002  0.006  0.014  0.064  0.914        1
423:     0.002  0.011  0.131  0.176  0.679        1
424:     0.002  0.008  0.044  0.210  0.736        1
425:     0.003  0.011  0.008  0.042  0.936        1
426:     0.008  0.001  0.149  0.013  0.829        1
427:     0.007  0.004  0.093  0.003  0.892        1
428:     0.002  0.002  0.004  0.002  0.991        1
429:     0.001  0.015  0.009  0.107  0.868        1
430:     0.002  0.003  0.002  0.046  0.947        1
431:     0.003  0.003  0.001  0.070  0.922        1
432:     0.002  0.004  0.004  0.124  0.865        1
433:     0.002  0.001  0.017  0.190  0.789        1
434:     0.002  0.006  0.250  0.198  0.544        1
435:     0.002  0.005  0.026  0.009  0.957        1
436:     0.039  0.004  0.120  0.008  0.828        1
437:     0.004  0.003  0.017  0.100  0.876        1
438:     0.065  0.006  0.003  0.008  0.918        1
439:     0.004  0.007  0.002  0.002  0.985        1
440:     0.003  0.002  0.002  0.001  0.993        1
441:     0.001  0.009  0.006  0.268  0.716        1
442:     0.011  0.065  0.024  0.099  0.800        1
443:     0.003  0.001  0.039  0.001  0.956        1
444:     0.001  0.006  0.073  0.168  0.751        1
445:     0.001  0.002  0.020  0.147  0.829        1
446:     0.006  0.001  0.004  0.149  0.840        1
447:     0.005  0.002  0.002  0.024  0.966        1
448:     0.023  0.003  0.010  0.004  0.960        1
449:     0.006  0.001  0.016  0.037  0.939        1
450:     0.020  0.004  0.006  0.033  0.937        1
451:     0.001  0.001  0.993  0.001  0.003        1
452:     0.001  0.002  0.993  0.000  0.004        1
453:     0.061  0.001  0.933  0.002  0.003        1
454:     0.004  0.002  0.907  0.054  0.033        1
455:     0.003  0.002  0.941  0.006  0.048        1
456:     0.001  0.001  0.997  0.001  0.001        1
457:     0.005  0.001  0.991  0.001  0.002        1
458:     0.064  0.001  0.930  0.001  0.004        1
459:     0.001  0.001  0.997  0.000  0.001        1
460:     0.065  0.005  0.914  0.001  0.014        1
461:     0.001  0.001  0.997  0.000  0.001        1
462:     0.001  0.002  0.896  0.000  0.101        1
463:     0.001  0.003  0.939  0.055  0.001        1
464:     0.001  0.002  0.990  0.002  0.005        1
465:     0.019  0.001  0.970  0.003  0.006        1
466:     0.002  0.035  0.951  0.009  0.004        1
467:     0.005  0.001  0.992  0.001  0.001        1
468:     0.003  0.012  0.961  0.006  0.018        1
469:     0.003  0.034  0.917  0.044  0.002        1
470:     0.001  0.001  0.997  0.000  0.001        1
471:     0.001  0.002  0.996  0.000  0.001        1
472:     0.001  0.001  0.996  0.000  0.001        1
473:     0.007  0.001  0.988  0.001  0.003        1
474:     0.002  0.001  0.915  0.080  0.002        1
475:     0.002  0.003  0.987  0.000  0.008        1
476:     0.001  0.003  0.994  0.000  0.002        1
477:     0.001  0.001  0.997  0.000  0.001        1
478:     0.001  0.001  0.998  0.000  0.001        1
479:     0.019  0.001  0.975  0.002  0.003        1
480:     0.013  0.001  0.984  0.001  0.002        1
481:     0.001  0.003  0.697  0.002  0.297        1
482:     0.006  0.003  0.584  0.001  0.405        1
483:     0.009  0.002  0.717  0.002  0.270        1
484:     0.001  0.001  0.391  0.000  0.606        1
485:     0.001  0.001  0.717  0.090  0.192        1
486:     0.013  0.005  0.515  0.018  0.449        1
487:     0.002  0.004  0.685  0.010  0.299        1
488:     0.004  0.002  0.854  0.065  0.075        1
489:     0.005  0.007  0.778  0.025  0.185        1
490:     0.021  0.003  0.529  0.019  0.427        1
491:     0.001  0.003  0.627  0.002  0.367        1
492:     0.034  0.008  0.579  0.008  0.371        1
493:     0.001  0.002  0.430  0.001  0.566        1
494:     0.003  0.028  0.546  0.090  0.334        1
495:     0.004  0.004  0.789  0.002  0.201        1
496:     0.004  0.007  0.902  0.067  0.020        1
497:     0.003  0.029  0.572  0.170  0.227        1
498:     0.003  0.003  0.846  0.136  0.011        1
499:     0.002  0.004  0.753  0.008  0.233        1
500:     0.001  0.001  0.652  0.000  0.345        1
501:     0.013  0.002  0.722  0.003  0.260        1
502:     0.003  0.025  0.763  0.002  0.206        1
503:     0.001  0.001  0.420  0.001  0.577        1
504:     0.002  0.001  0.559  0.004  0.433        1
505:     0.001  0.003  0.721  0.026  0.248        1
506:     0.001  0.002  0.690  0.000  0.306        1
507:     0.001  0.007  0.555  0.002  0.435        1
508:     0.001  0.001  0.725  0.008  0.265        1
509:     0.002  0.012  0.728  0.006  0.252        1
510:     0.003  0.015  0.820  0.009  0.153        1
511:     0.010  0.738  0.001  0.000  0.251        1
512:     0.001  0.994  0.002  0.001  0.001        1
513:     0.007  0.984  0.004  0.004  0.002        1
514:     0.152  0.722  0.002  0.001  0.123        1
515:     0.002  0.830  0.003  0.164  0.001        1
516:     0.005  0.836  0.005  0.151  0.003        1
517:     0.010  0.980  0.002  0.003  0.005        1
518:     0.002  0.992  0.002  0.002  0.002        1
519:     0.004  0.747  0.003  0.002  0.245        1
520:     0.115  0.726  0.004  0.153  0.002        1
521:     0.007  0.899  0.006  0.001  0.087        1
522:     0.014  0.878  0.013  0.094  0.001        1
523:     0.008  0.865  0.004  0.120  0.003        1
524:     0.045  0.806  0.004  0.143  0.002        1
525:     0.002  0.817  0.002  0.177  0.001        1
526:     0.002  0.991  0.004  0.002  0.001        1
527:     0.019  0.840  0.003  0.137  0.002        1
528:     0.004  0.872  0.001  0.120  0.002        1
529:     0.037  0.782  0.024  0.001  0.157        1
530:     0.004  0.987  0.002  0.005  0.003        1
531:     0.010  0.734  0.003  0.252  0.001        1
532:     0.003  0.857  0.015  0.087  0.038        1
533:     0.001  0.991  0.002  0.004  0.002        1
534:     0.001  0.995  0.001  0.002  0.001        1
535:     0.025  0.923  0.001  0.049  0.002        1
536:     0.079  0.898  0.012  0.005  0.007        1
537:     0.012  0.826  0.042  0.113  0.008        1
538:     0.001  0.848  0.002  0.000  0.149        1
539:     0.011  0.871  0.002  0.071  0.045        1
540:     0.001  0.995  0.002  0.001  0.001        1
541:     0.063  0.626  0.003  0.087  0.222        1
542:     0.016  0.918  0.022  0.019  0.024        1
543:     0.036  0.844  0.017  0.001  0.102        1
544:     0.005  0.972  0.003  0.017  0.003        1
545:     0.008  0.962  0.009  0.001  0.020        1
546:     0.084  0.822  0.011  0.003  0.080        1
547:     0.004  0.909  0.021  0.001  0.065        1
548:     0.010  0.922  0.007  0.059  0.003        1
549:     0.004  0.899  0.007  0.001  0.089        1
550:     0.008  0.972  0.016  0.003  0.002        1
551:     0.021  0.901  0.049  0.027  0.002        1
552:     0.010  0.824  0.031  0.001  0.134        1
553:     0.005  0.964  0.005  0.020  0.006        1
554:     0.002  0.992  0.001  0.003  0.001        1
555:     0.109  0.654  0.029  0.204  0.003        1
556:     0.005  0.941  0.002  0.049  0.003        1
557:     0.098  0.876  0.005  0.001  0.020        1
558:     0.006  0.866  0.002  0.001  0.125        1
559:     0.003  0.993  0.001  0.002  0.002        1
560:     0.001  0.960  0.001  0.001  0.038        1
561:     0.095  0.889  0.012  0.002  0.001        1
562:     0.001  0.997  0.001  0.000  0.001        1
563:     0.008  0.969  0.006  0.013  0.004        1
564:     0.003  0.985  0.005  0.006  0.002        1
565:     0.002  0.994  0.002  0.001  0.001        1
566:     0.004  0.987  0.005  0.002  0.002        1
567:     0.002  0.977  0.017  0.001  0.002        1
568:     0.017  0.719  0.008  0.001  0.255        1
569:     0.029  0.953  0.002  0.015  0.001        1
570:     0.003  0.924  0.009  0.063  0.002        1
571:     0.062  0.906  0.003  0.028  0.001        1
572:     0.005  0.928  0.005  0.057  0.006        1
573:     0.016  0.979  0.003  0.001  0.001        1
574:     0.002  0.993  0.001  0.002  0.002        1
575:     0.993  0.001  0.002  0.002  0.002        1
576:     0.838  0.050  0.005  0.101  0.006        1
577:     0.125  0.304  0.133  0.424  0.013        1
578:     0.993  0.002  0.001  0.002  0.002        1
579:     0.998  0.001  0.001  0.001  0.001        1
580:     0.995  0.002  0.001  0.001  0.001        1
581:     0.987  0.007  0.002  0.002  0.002        1
582:     0.994  0.001  0.002  0.001  0.002        1
583:     0.855  0.003  0.002  0.139  0.001        1
584:     0.792  0.004  0.001  0.202  0.001        1
585:     0.987  0.003  0.001  0.004  0.006        1
586:     0.939  0.002  0.002  0.057  0.001        1
587:     0.841  0.004  0.005  0.141  0.009        1
588:     0.777  0.013  0.005  0.204  0.001        1
589:     0.926  0.039  0.003  0.029  0.003        1
590:     0.547  0.189  0.001  0.258  0.004        1
591:     0.996  0.001  0.001  0.001  0.001        1
592:     0.775  0.002  0.001  0.220  0.002        1
593:     0.964  0.002  0.002  0.030  0.001        1
594:     0.997  0.001  0.001  0.000  0.001        1
595:     0.588  0.191  0.003  0.216  0.003        1
596:     0.995  0.001  0.001  0.001  0.001        1
597:     0.997  0.001  0.001  0.001  0.001        1
598:     0.997  0.001  0.001  0.000  0.001        1
599:     0.995  0.001  0.001  0.002  0.001        1
600:     0.995  0.001  0.002  0.001  0.001        1
601:     0.894  0.030  0.002  0.072  0.001        1
602:     0.992  0.002  0.002  0.003  0.002        1
603:     0.050  0.418  0.283  0.244  0.006        1
604:     0.925  0.005  0.017  0.049  0.004        1
--------------------------------------------

Allele-freq. divergence among pops (Net nucleotide distance),
computed using point estimates of P.

      1       2       3       4       5      
 1      -    0.0665  0.0769  0.0929  0.0831  
 2   0.0665     -    0.0684  0.1060  0.0673  
 3   0.0769  0.0684     -    0.1325  0.0529  
 4   0.0929  0.1060  0.1325     -    0.1304  
 5   0.0831  0.0673  0.0529  0.1304     -    

Average distances (expected heterozygosity) between individuals in same cluster:
cluster  1  : 0.3073 
cluster  2  : 0.3330 
cluster  3  : 0.2901 
cluster  4  : 0.3567 
cluster  5  : 0.3124 

--------------------------------------------
Estimated Ln Prob of Data   = -374313.5
Mean value of ln likelihood = -372943.1
Variance of ln likelihood   = 2740.9
Mean value of alpha         = 0.0769

Mean value of Fst_1         = 0.2437
Mean value of Fst_2         = 0.1856
Mean value of Fst_3         = 0.2557
Mean value of Fst_4         = 0.2581
Mean value of Fst_5         = 0.2238


Inferred ancestry of individuals:
        Label (%Miss) Pop:  Inferred clusters (and 95% probability intervals)
  1 B2Wild-001    (0)   101 :  0.019 0.031 0.104 0.779 0.067     (0.000,0.113) (0.000,0.137) (0.000,0.213) (0.713,0.843) (0.000,0.181) 
  2 B2Wild-002    (0)   102 :  0.064 0.025 0.041 0.780 0.090     (0.000,0.169) (0.000,0.125) (0.000,0.158) (0.711,0.846) (0.000,0.180) 
  3 B2Wild-003    (0)   103 :  0.003 0.113 0.019 0.756 0.109     (0.000,0.033) (0.026,0.204) (0.000,0.118) (0.692,0.819) (0.000,0.197) 
  4 B2Wild-004    (0)   104 :  0.017 0.015 0.094 0.795 0.080     (0.000,0.109) (0.000,0.093) (0.000,0.212) (0.728,0.856) (0.000,0.206) 
  5 B2Wild-005    (0)   105 :  0.154 0.027 0.011 0.751 0.056     (0.055,0.247) (0.000,0.131) (0.000,0.086) (0.684,0.817) (0.000,0.144) 
  6 B2Wild-006    (0)   106 :  0.023 0.124 0.053 0.781 0.019     (0.000,0.123) (0.042,0.210) (0.000,0.150) (0.715,0.845) (0.000,0.113) 
  7 B2Wild-007    (0)   107 :  0.008 0.015 0.153 0.819 0.004     (0.000,0.068) (0.000,0.085) (0.081,0.216) (0.759,0.874) (0.000,0.043) 
  8 B2Wild-008    (0)   108 :  0.027 0.075 0.017 0.826 0.055     (0.000,0.120) (0.000,0.167) (0.000,0.106) (0.763,0.886) (0.000,0.141) 
  9 B2Wild-009    (0)   109 :  0.032 0.079 0.084 0.759 0.046     (0.000,0.143) (0.000,0.182) (0.000,0.200) (0.692,0.822) (0.000,0.159) 
 10 B2Wild-010    (0)   110 :  0.013 0.038 0.184 0.756 0.009     (0.000,0.081) (0.000,0.122) (0.100,0.260) (0.693,0.817) (0.000,0.078) 
 11 B2Wild-011    (0)   111 :  0.028 0.055 0.082 0.813 0.021     (0.000,0.119) (0.000,0.156) (0.000,0.170) (0.747,0.877) (0.000,0.117) 
 12 B2Wild-012    (0)   112 :  0.005 0.039 0.168 0.783 0.005     (0.000,0.049) (0.000,0.150) (0.072,0.247) (0.720,0.844) (0.000,0.049) 
 13 B2Wild-013    (0)   113 :  0.007 0.050 0.073 0.794 0.076     (0.000,0.062) (0.000,0.155) (0.000,0.185) (0.729,0.856) (0.000,0.182) 
 14 B2Wild-014    (0)   114 :  0.007 0.194 0.031 0.718 0.050     (0.000,0.065) (0.101,0.293) (0.000,0.139) (0.650,0.783) (0.000,0.150) 
 15 B2Wild-015    (0)   115 :  0.037 0.022 0.008 0.820 0.113     (0.000,0.129) (0.000,0.105) (0.000,0.068) (0.755,0.880) (0.030,0.185) 
 16 B2Wild-016    (0)   116 :  0.033 0.102 0.011 0.819 0.035     (0.000,0.150) (0.000,0.208) (0.000,0.099) (0.750,0.883) (0.000,0.136) 
 17 B2Wild-017    (0)   117 :  0.088 0.070 0.029 0.796 0.016     (0.000,0.191) (0.000,0.173) (0.000,0.128) (0.722,0.867) (0.000,0.102) 
 18 B2Wild-018    (0)   118 :  0.004 0.117 0.004 0.758 0.117     (0.000,0.040) (0.004,0.214) (0.000,0.049) (0.693,0.821) (0.010,0.202) 
 19 B2Wild-019    (0)   119 :  0.023 0.031 0.101 0.770 0.075     (0.000,0.123) (0.000,0.140) (0.000,0.218) (0.702,0.833) (0.000,0.191) 
 20 B2Wild-020    (0)   120 :  0.008 0.007 0.032 0.828 0.126     (0.000,0.068) (0.000,0.063) (0.000,0.152) (0.764,0.887) (0.000,0.204) 
 21 B3Wild-001    (0)   121 :  0.011 0.053 0.005 0.918 0.014     (0.000,0.079) (0.000,0.121) (0.000,0.045) (0.862,0.965) (0.000,0.082) 
 22 B3Wild-002    (0)   122 :  0.020 0.006 0.010 0.954 0.010     (0.000,0.087) (0.000,0.047) (0.000,0.064) (0.896,1.000) (0.000,0.061) 
 23 B3Wild-003    (0)   123 :  0.009 0.051 0.006 0.927 0.007     (0.000,0.069) (0.000,0.116) (0.000,0.055) (0.871,0.977) (0.000,0.055) 
 24 B3Wild-004    (0)   124 :  0.007 0.013 0.005 0.918 0.058     (0.000,0.067) (0.000,0.085) (0.000,0.051) (0.862,0.971) (0.000,0.125) 
 25 B3Wild-005    (0)   125 :  0.014 0.004 0.021 0.947 0.014     (0.000,0.087) (0.000,0.041) (0.000,0.091) (0.882,1.000) (0.000,0.081) 
 26 B3Wild-006    (0)   126 :  0.005 0.040 0.031 0.915 0.008     (0.000,0.049) (0.000,0.123) (0.000,0.114) (0.853,0.974) (0.000,0.062) 
 27 B3Wild-007    (0)   127 :  0.009 0.105 0.010 0.868 0.007     (0.000,0.074) (0.010,0.177) (0.000,0.078) (0.805,0.928) (0.000,0.064) 
 28 B3Wild-008    (0)   128 :  0.068 0.035 0.007 0.885 0.006     (0.000,0.157) (0.000,0.122) (0.000,0.063) (0.818,0.946) (0.000,0.052) 
 29 B3Wild-009    (0)   129 :  0.003 0.004 0.036 0.942 0.015     (0.000,0.028) (0.000,0.040) (0.000,0.105) (0.887,0.995) (0.000,0.078) 
 30 B3Wild-010    (0)   130 :  0.005 0.041 0.009 0.932 0.013     (0.000,0.046) (0.000,0.111) (0.000,0.065) (0.873,0.988) (0.000,0.072) 
 31 B3Wild-011    (0)   131 :  0.003 0.048 0.014 0.932 0.003     (0.000,0.027) (0.000,0.118) (0.000,0.081) (0.874,0.989) (0.000,0.032) 
 32 B3Wild-012    (0)   132 :  0.022 0.029 0.034 0.907 0.009     (0.000,0.101) (0.000,0.111) (0.000,0.114) (0.849,0.960) (0.000,0.063) 
 33 B3Wild-013    (0)   133 :  0.003 0.012 0.048 0.907 0.030     (0.000,0.032) (0.000,0.084) (0.000,0.137) (0.844,0.970) (0.000,0.120) 
 34 B3Wild-014    (0)   134 :  0.007 0.010 0.032 0.944 0.007     (0.000,0.062) (0.000,0.071) (0.000,0.099) (0.885,0.999) (0.000,0.061) 
 35 B3Wild-015    (0)   135 :  0.005 0.005 0.017 0.942 0.031     (0.000,0.046) (0.000,0.046) (0.000,0.091) (0.878,1.000) (0.000,0.107) 
 36 B3Wild-016    (0)   136 :  0.069 0.014 0.016 0.861 0.040     (0.000,0.164) (0.000,0.089) (0.000,0.100) (0.797,0.921) (0.000,0.127) 
 37 B3Wild-017    (0)   137 :  0.040 0.012 0.011 0.865 0.073     (0.000,0.154) (0.000,0.095) (0.000,0.086) (0.795,0.928) (0.000,0.157) 
 38 B3Wild-018    (0)   138 :  0.012 0.028 0.044 0.889 0.026     (0.000,0.090) (0.000,0.128) (0.000,0.140) (0.824,0.951) (0.000,0.118) 
 39 B3Wild-019    (0)   139 :  0.013 0.051 0.015 0.907 0.014     (0.000,0.087) (0.000,0.131) (0.000,0.092) (0.849,0.960) (0.000,0.080) 
 40 B3Wild-020    (0)   140 :  0.013 0.014 0.028 0.936 0.010     (0.000,0.078) (0.000,0.077) (0.000,0.097) (0.880,0.992) (0.000,0.068) 
 41 B4Wild-001    (0)   141 :  0.001 0.001 0.002 0.993 0.002     (0.000,0.016) (0.000,0.007) (0.000,0.023) (0.965,1.000) (0.000,0.022) 
 42 B4Wild-002    (0)   142 :  0.015 0.009 0.036 0.938 0.002     (0.000,0.086) (0.000,0.061) (0.000,0.100) (0.882,0.994) (0.000,0.019) 
 43 B4Wild-003    (0)   143 :  0.004 0.002 0.005 0.977 0.011     (0.000,0.035) (0.000,0.026) (0.000,0.046) (0.927,1.000) (0.000,0.060) 
 44 B4Wild-004    (0)   144 :  0.006 0.008 0.002 0.981 0.002     (0.000,0.046) (0.000,0.054) (0.000,0.023) (0.933,1.000) (0.000,0.024) 
 45 B4Wild-005    (0)   145 :  0.004 0.006 0.006 0.965 0.018     (0.000,0.038) (0.000,0.054) (0.000,0.054) (0.909,1.000) (0.000,0.077) 
 46 B4Wild-006    (0)   146 :  0.003 0.005 0.021 0.960 0.010     (0.000,0.031) (0.000,0.047) (0.000,0.084) (0.902,1.000) (0.000,0.067) 
 47 B4Wild-007    (0)   147 :  0.005 0.002 0.026 0.964 0.002     (0.000,0.050) (0.000,0.024) (0.000,0.086) (0.908,1.000) (0.000,0.021) 
 48 B4Wild-008    (0)   148 :  0.006 0.004 0.006 0.970 0.013     (0.000,0.055) (0.000,0.041) (0.000,0.053) (0.911,1.000) (0.000,0.071) 
 49 B4Wild-009    (0)   149 :  0.003 0.011 0.007 0.963 0.016     (0.000,0.036) (0.000,0.073) (0.000,0.056) (0.898,1.000) (0.000,0.082) 
 50 B4Wild-010    (0)   150 :  0.005 0.007 0.009 0.967 0.013     (0.000,0.044) (0.000,0.052) (0.000,0.059) (0.913,1.000) (0.000,0.064) 
 51 B4Wild-011    (0)   151 :  0.003 0.008 0.005 0.979 0.004     (0.000,0.031) (0.000,0.053) (0.000,0.045) (0.930,1.000) (0.000,0.034) 
 52 B4Wild-012    (0)   152 :  0.001 0.004 0.004 0.990 0.002     (0.000,0.012) (0.000,0.035) (0.000,0.033) (0.952,1.000) (0.000,0.017) 
 53 B4Wild-013    (0)   153 :  0.008 0.006 0.003 0.982 0.001     (0.000,0.054) (0.000,0.045) (0.000,0.028) (0.934,1.000) (0.000,0.016) 
 54 B4Wild-014    (0)   154 :  0.003 0.003 0.005 0.985 0.003     (0.000,0.034) (0.000,0.028) (0.000,0.044) (0.942,1.000) (0.000,0.029) 
 55 B4Wild-015    (0)   155 :  0.004 0.004 0.004 0.986 0.002     (0.000,0.033) (0.000,0.035) (0.000,0.032) (0.949,1.000) (0.000,0.018) 
 56 B4Wild-016    (0)   156 :  0.002 0.002 0.002 0.991 0.002     (0.000,0.026) (0.000,0.023) (0.000,0.021) (0.953,1.000) (0.000,0.025) 
 57 B4Wild-017    (0)   157 :  0.005 0.004 0.036 0.933 0.021     (0.000,0.050) (0.000,0.043) (0.000,0.111) (0.875,0.995) (0.000,0.094) 
 58 B4Wild-018    (0)   158 :  0.003 0.003 0.004 0.985 0.006     (0.000,0.027) (0.000,0.028) (0.000,0.035) (0.944,1.000) (0.000,0.040) 
 59 B4Wild-019    (0)   159 :  0.008 0.006 0.002 0.948 0.037     (0.000,0.059) (0.000,0.051) (0.000,0.020) (0.894,0.999) (0.000,0.095) 
 60 B4Wild-020    (0)   160 :  0.008 0.008 0.051 0.914 0.019     (0.000,0.071) (0.000,0.068) (0.000,0.124) (0.858,0.967) (0.000,0.098) 
 61 B5Wild-001    (0)   161 :  0.002 0.007 0.007 0.979 0.006     (0.000,0.018) (0.000,0.054) (0.000,0.054) (0.926,1.000) (0.000,0.048) 
 62 B5Wild-002    (0)   162 :  0.009 0.003 0.002 0.982 0.005     (0.000,0.060) (0.000,0.028) (0.000,0.017) (0.928,1.000) (0.000,0.041) 
 63 B5Wild-003    (0)   163 :  0.006 0.003 0.001 0.988 0.002     (0.000,0.051) (0.000,0.027) (0.000,0.014) (0.942,1.000) (0.000,0.023) 
 64 B5Wild-004    (0)   164 :  0.001 0.002 0.002 0.993 0.001     (0.000,0.010) (0.000,0.024) (0.000,0.022) (0.963,1.000) (0.000,0.015) 
 65 B5Wild-005    (0)   165 :  0.002 0.002 0.002 0.991 0.002     (0.000,0.020) (0.000,0.020) (0.000,0.024) (0.956,1.000) (0.000,0.025) 
 66 B5Wild-006    (0)   166 :  0.002 0.015 0.007 0.975 0.002     (0.000,0.018) (0.000,0.068) (0.000,0.053) (0.921,1.000) (0.000,0.026) 
 67 B5Wild-007    (0)   167 :  0.001 0.002 0.001 0.995 0.001     (0.000,0.015) (0.000,0.022) (0.000,0.009) (0.969,1.000) (0.000,0.010) 
 68 B5Wild-008    (0)   168 :  0.004 0.009 0.005 0.978 0.005     (0.000,0.036) (0.000,0.059) (0.000,0.041) (0.925,1.000) (0.000,0.043) 
 69 B5Wild-009    (0)   169 :  0.001 0.001 0.002 0.994 0.002     (0.000,0.016) (0.000,0.015) (0.000,0.018) (0.965,1.000) (0.000,0.019) 
 70 B5Wild-010    (0)   170 :  0.001 0.001 0.002 0.994 0.002     (0.000,0.012) (0.000,0.010) (0.000,0.018) (0.968,1.000) (0.000,0.019) 
 71 B5Wild-011    (0)   171 :  0.001 0.001 0.001 0.996 0.001     (0.000,0.014) (0.000,0.011) (0.000,0.013) (0.974,1.000) (0.000,0.011) 
 72 B5Wild-012    (0)   172 :  0.006 0.008 0.002 0.979 0.005     (0.000,0.049) (0.000,0.055) (0.000,0.021) (0.928,1.000) (0.000,0.041) 
 73 B5Wild-013    (0)   173 :  0.002 0.002 0.002 0.991 0.003     (0.000,0.019) (0.000,0.026) (0.000,0.023) (0.954,1.000) (0.000,0.029) 
 74 B5Wild-014    (0)   174 :  0.001 0.001 0.001 0.995 0.002     (0.000,0.014) (0.000,0.014) (0.000,0.015) (0.970,1.000) (0.000,0.017) 
 75 B5Wild-015    (0)   175 :  0.001 0.002 0.004 0.991 0.002     (0.000,0.012) (0.000,0.018) (0.000,0.038) (0.952,1.000) (0.000,0.024) 
 76 B5Wild-016    (0)   176 :  0.001 0.001 0.001 0.996 0.001     (0.000,0.012) (0.000,0.010) (0.000,0.011) (0.977,1.000) (0.000,0.009) 
 77 B5Wild-017    (0)   177 :  0.001 0.001 0.001 0.995 0.001     (0.000,0.016) (0.000,0.014) (0.000,0.015) (0.972,1.000) (0.000,0.008) 
 78 B5Wild-018    (0)   178 :  0.003 0.002 0.003 0.988 0.004     (0.000,0.033) (0.000,0.019) (0.000,0.028) (0.946,1.000) (0.000,0.037) 
 79 B5Wild-019    (0)   179 :  0.005 0.005 0.016 0.969 0.006     (0.000,0.049) (0.000,0.044) (0.000,0.078) (0.909,1.000) (0.000,0.048) 
 80 B5Wild-020    (0)   180 :  0.001 0.002 0.002 0.994 0.001     (0.000,0.013) (0.000,0.020) (0.000,0.020) (0.965,1.000) (0.000,0.015) 
 81 F1HYB-001    (0)   181 :  0.004 0.050 0.094 0.558 0.294     (0.000,0.044) (0.000,0.177) (0.000,0.217) (0.491,0.622) (0.182,0.407) 
 82 F1HYB-002    (0)   182 :  0.031 0.189 0.157 0.584 0.040     (0.000,0.148) (0.079,0.289) (0.010,0.256) (0.511,0.653) (0.000,0.164) 
 83 F1HYB-003    (0)   183 :  0.021 0.131 0.219 0.590 0.040     (0.000,0.127) (0.000,0.242) (0.100,0.322) (0.517,0.661) (0.000,0.177) 
 84 F1HYB-004    (0)   184 :  0.009 0.182 0.139 0.584 0.086     (0.000,0.082) (0.048,0.290) (0.000,0.251) (0.516,0.652) (0.000,0.219) 
 85 F1HYB-005    (0)   185 :  0.019 0.208 0.170 0.524 0.079     (0.000,0.125) (0.110,0.306) (0.000,0.286) (0.454,0.591) (0.000,0.220) 
 86 F1HYB-006    (0)   186 :  0.104 0.093 0.078 0.523 0.202     (0.000,0.226) (0.000,0.221) (0.000,0.213) (0.447,0.599) (0.075,0.318) 
 87 F1HYB-007    (0)   187 :  0.030 0.148 0.268 0.510 0.044     (0.000,0.149) (0.034,0.253) (0.148,0.373) (0.436,0.583) (0.000,0.184) 
 88 F1HYB-008    (0)   188 :  0.103 0.187 0.153 0.523 0.035     (0.000,0.224) (0.089,0.289) (0.000,0.257) (0.448,0.596) (0.000,0.168) 
 89 F1HYB-009    (0)   189 :  0.028 0.205 0.164 0.519 0.085     (0.000,0.144) (0.101,0.307) (0.036,0.276) (0.447,0.589) (0.000,0.213) 
 90 F1HYB-010    (0)   190 :  0.162 0.078 0.050 0.550 0.160     (0.030,0.273) (0.000,0.210) (0.000,0.196) (0.475,0.625) (0.000,0.269) 
 91 F1HYB-011    (0)   191 :  0.121 0.161 0.082 0.493 0.143     (0.000,0.238) (0.000,0.271) (0.000,0.223) (0.418,0.566) (0.000,0.262) 
 92 F1HYB-012    (0)   192 :  0.028 0.124 0.028 0.605 0.215     (0.000,0.144) (0.000,0.229) (0.000,0.147) (0.537,0.670) (0.118,0.305) 
 93 F1HYB-013    (0)   193 :  0.006 0.193 0.213 0.570 0.019     (0.000,0.054) (0.101,0.285) (0.116,0.302) (0.504,0.636) (0.000,0.125) 
 94 F1HYB-014    (0)   194 :  0.005 0.125 0.215 0.523 0.132     (0.000,0.051) (0.025,0.225) (0.108,0.324) (0.457,0.587) (0.000,0.246) 
 95 F1HYB-015    (0)   195 :  0.055 0.225 0.030 0.516 0.174     (0.000,0.182) (0.126,0.323) (0.000,0.152) (0.439,0.590) (0.031,0.278) 
 96 F1HYB-016    (0)   196 :  0.027 0.173 0.038 0.574 0.188     (0.000,0.146) (0.033,0.277) (0.000,0.172) (0.501,0.644) (0.053,0.288) 
 97 F1HYB-017    (0)   197 :  0.018 0.079 0.189 0.549 0.165     (0.000,0.110) (0.000,0.185) (0.073,0.298) (0.484,0.614) (0.001,0.278) 
 98 F1HYB-018    (0)   198 :  0.052 0.119 0.066 0.530 0.233     (0.000,0.183) (0.000,0.232) (0.000,0.195) (0.455,0.603) (0.125,0.336) 
 99 F1HYB-019    (0)   199 :  0.012 0.125 0.152 0.566 0.144     (0.000,0.102) (0.000,0.235) (0.000,0.269) (0.496,0.635) (0.000,0.268) 
100 F1HYB-020    (0)   200 :  0.007 0.138 0.150 0.520 0.185     (0.000,0.064) (0.042,0.237) (0.000,0.263) (0.453,0.588) (0.073,0.296) 
101 WildUnadmix    (0)   301 :  0.001 0.001 0.001 0.998 0.001     (0.000,0.008) (0.000,0.006) (0.000,0.008) (0.985,1.000) (0.000,0.006) 
102 WildUnadmix    (0)   302 :  0.001 0.001 0.002 0.994 0.001     (0.000,0.015) (0.000,0.010) (0.000,0.022) (0.968,1.000) (0.000,0.013) 
103 WildUnadmix    (0)   303 :  0.002 0.001 0.001 0.995 0.001     (0.000,0.025) (0.000,0.008) (0.000,0.012) (0.967,1.000) (0.000,0.014) 
104 WildUnadmix    (0)   304 :  0.001 0.001 0.001 0.996 0.001     (0.000,0.010) (0.000,0.011) (0.000,0.010) (0.978,1.000) (0.000,0.010) 
105 WildUnadmix    (0)   305 :  0.002 0.001 0.002 0.994 0.001     (0.000,0.022) (0.000,0.015) (0.000,0.018) (0.964,1.000) (0.000,0.015) 
106 WildUnadmix    (0)   306 :  0.002 0.001 0.002 0.995 0.001     (0.000,0.018) (0.000,0.010) (0.000,0.016) (0.970,1.000) (0.000,0.015) 
107 WildUnadmix    (0)   307 :  0.004 0.002 0.001 0.991 0.002     (0.000,0.036) (0.000,0.022) (0.000,0.013) (0.954,1.000) (0.000,0.017) 
108 WildUnadmix    (0)   308 :  0.002 0.003 0.002 0.990 0.002     (0.000,0.021) (0.000,0.029) (0.000,0.024) (0.953,1.000) (0.000,0.023) 
109 WildUnadmix    (0)   309 :  0.001 0.001 0.001 0.996 0.001     (0.000,0.011) (0.000,0.010) (0.000,0.015) (0.974,1.000) (0.000,0.013) 
110 WildUnadmix    (0)   310 :  0.001 0.001 0.001 0.995 0.002     (0.000,0.015) (0.000,0.009) (0.000,0.011) (0.972,1.000) (0.000,0.020) 
111 WildUnadmix    (0)   311 :  0.005 0.002 0.002 0.989 0.002     (0.000,0.041) (0.000,0.021) (0.000,0.022) (0.949,1.000) (0.000,0.021) 
112 WildUnadmix    (0)   312 :  0.003 0.001 0.001 0.993 0.001     (0.000,0.030) (0.000,0.016) (0.000,0.015) (0.961,1.000) (0.000,0.013) 
113 WildUnadmix    (0)   313 :  0.002 0.001 0.003 0.992 0.002     (0.000,0.021) (0.000,0.015) (0.000,0.026) (0.959,1.000) (0.000,0.021) 
114 WildUnadmix    (0)   314 :  0.002 0.001 0.003 0.992 0.002     (0.000,0.019) (0.000,0.014) (0.000,0.027) (0.959,1.000) (0.000,0.021) 
115 WildUnadmix    (0)   315 :  0.011 0.003 0.007 0.970 0.009     (0.000,0.072) (0.000,0.028) (0.000,0.055) (0.911,1.000) (0.000,0.060) 
116 WildUnadmix    (0)   316 :  0.007 0.001 0.003 0.987 0.002     (0.000,0.056) (0.000,0.014) (0.000,0.031) (0.939,1.000) (0.000,0.016) 
117 WildUnadmix    (0)   317 :  0.001 0.003 0.001 0.986 0.009     (0.000,0.015) (0.000,0.030) (0.000,0.014) (0.946,1.000) (0.000,0.048) 
118 WildUnadmix    (0)   318 :  0.001 0.001 0.001 0.997 0.001     (0.000,0.008) (0.000,0.009) (0.000,0.007) (0.983,1.000) (0.000,0.007) 
119 WildUnadmix    (0)   319 :  0.001 0.002 0.002 0.994 0.001     (0.000,0.011) (0.000,0.016) (0.000,0.019) (0.968,1.000) (0.000,0.016) 
120 WildUnadmix    (0)   320 :  0.001 0.001 0.001 0.996 0.001     (0.000,0.012) (0.000,0.009) (0.000,0.016) (0.976,1.000) (0.000,0.010) 
121 pop1-HH1013    (0)   321 :  0.003 0.003 0.003 0.987 0.004     (0.000,0.034) (0.000,0.027) (0.000,0.030) (0.946,1.000) (0.000,0.033) 
122 pop1-HH1013    (1)   322 :  0.003 0.002 0.005 0.987 0.004     (0.000,0.033) (0.000,0.020) (0.000,0.041) (0.942,1.000) (0.000,0.034) 
123 pop1-HH1013    (0)   323 :  0.002 0.002 0.013 0.974 0.009     (0.000,0.024) (0.000,0.025) (0.000,0.073) (0.917,1.000) (0.000,0.057) 
124 pop1-HH1013    (1)   324 :  0.002 0.002 0.001 0.993 0.002     (0.000,0.023) (0.000,0.020) (0.000,0.015) (0.961,1.000) (0.000,0.020) 
