  B2Wild-001 101 0.0186 0.0310 0.1041 0.7794 0.0668 
  B2Wild-002 102 0.0642 0.0253 0.0407 0.7797 0.0901 
  B2Wild-003 103 0.0030 0.1126 0.0188 0.7561 0.1094 
  B2Wild-004 104 0.0172 0.0147 0.0938 0.7946 0.0797 
  B2Wild-005 105 0.1543 0.0270 0.0112 0.7512 0.0564 
  B2Wild-006 106 0.0229 0.1239 0.0533 0.7811 0.0188 
  B2Wild-007 107 0.0083 0.0151 0.1532 0.8191 0.0043 
  B2Wild-008 108 0.0267 0.0749 0.0168 0.8262 0.0555 
  B2Wild-009 109 0.0318 0.0789 0.0843 0.7587 0.0462 
  B2Wild-010 110 0.0126 0.0382 0.1842 0.7563 0.0087 
  B2Wild-011 111 0.0282 0.0552 0.0824 0.8133 0.0208 
  B2Wild-012 112 0.0053 0.0385 0.1682 0.7831 0.0050 
  B2Wild-013 113 0.0070 0.0503 0.0726 0.7939 0.0762 
  B2Wild-014 114 0.0068 0.1939 0.0314 0.7176 0.0503 
  B2Wild-015 115 0.0370 0.0223 0.0079 0.8199 0.1130 
  B2Wild-016 116 0.0333 0.1016 0.0110 0.8189 0.0352 
  B2Wild-017 117 0.0880 0.0705 0.0293 0.7963 0.0158 
  B2Wild-018 118 0.0038 0.1168 0.0044 0.7577 0.1172 
  B2Wild-019 119 0.0228 0.0312 0.1012 0.7702 0.0746 
  B2Wild-020 120 0.0078 0.0068 0.0320 0.8276 0.1258 
  B3Wild-001 121 0.0107 0.0529 0.0047 0.9175 0.0141 
  B3Wild-002 122 0.0195 0.0063 0.0097 0.9544 0.0101 
  B3Wild-003 123 0.0094 0.0506 0.0061 0.9274 0.0065 
  B3Wild-004 124 0.0070 0.0128 0.0047 0.9176 0.0580 
  B3Wild-005 125 0.0145 0.0040 0.0206 0.9467 0.0143 
  B3Wild-006 126 0.0053 0.0403 0.0312 0.9154 0.0079 
  B3Wild-007 127 0.0093 0.1048 0.0100 0.8685 0.0074 
  B3Wild-008 128 0.0678 0.0346 0.0066 0.8853 0.0057 
  B3Wild-009 129 0.0025 0.0037 0.0363 0.9424 0.0150 
  B3Wild-010 130 0.0053 0.0413 0.0086 0.9323 0.0125 
  B3Wild-011 131 0.0025 0.0484 0.0144 0.9316 0.0031 
  B3Wild-012 132 0.0218 0.0289 0.0339 0.9070 0.0085 
  B3Wild-013 133 0.0029 0.0116 0.0483 0.9067 0.0304 
  B3Wild-014 134 0.0068 0.0100 0.0315 0.9443 0.0074 
  B3Wild-015 135 0.0046 0.0050 0.0169 0.9422 0.0313 
  B3Wild-016 136 0.0693 0.0143 0.0156 0.8611 0.0397 
  B3Wild-017 137 0.0395 0.0115 0.0109 0.8649 0.0732 
  B3Wild-018 138 0.0123 0.0278 0.0442 0.8893 0.0263 
  B3Wild-019 139 0.0128 0.0512 0.0150 0.9070 0.0141 
  B3Wild-020 140 0.0132 0.0136 0.0275 0.9361 0.0096 
  B4Wild-001 141 0.0015 0.0007 0.0023 0.9934 0.0022 
  B4Wild-002 142 0.0149 0.0087 0.0362 0.9384 0.0018 
  B4Wild-003 143 0.0037 0.0024 0.0055 0.9771 0.0113 
  B4Wild-004 144 0.0059 0.0084 0.0022 0.9813 0.0023 
  B4Wild-005 145 0.0038 0.0065 0.0063 0.9650 0.0184 
  B4Wild-006 146 0.0030 0.0052 0.0214 0.9603 0.0101 
  B4Wild-007 147 0.0054 0.0022 0.0260 0.9644 0.0019 
  B4Wild-008 148 0.0064 0.0042 0.0063 0.9705 0.0127 
  B4Wild-009 149 0.0034 0.0112 0.0065 0.9630 0.0158 
  B4Wild-010 150 0.0047 0.0069 0.0090 0.9666 0.0128 
  B4Wild-011 151 0.0034 0.0082 0.0054 0.9794 0.0035 
  B4Wild-012 152 0.0011 0.0039 0.0037 0.9897 0.0016 
  B4Wild-013 153 0.0076 0.0055 0.0030 0.9823 0.0015 
  B4Wild-014 154 0.0034 0.0028 0.0055 0.9851 0.0031 
  B4Wild-015 155 0.0038 0.0044 0.0036 0.9863 0.0017 
  B4Wild-016 156 0.0024 0.0022 0.0020 0.9911 0.0024 
  B4Wild-017 157 0.0053 0.0043 0.0359 0.9332 0.0213 
  B4Wild-018 158 0.0026 0.0028 0.0038 0.9851 0.0056 
  B4Wild-019 159 0.0075 0.0061 0.0018 0.9475 0.0371 
  B4Wild-020 160 0.0081 0.0077 0.0508 0.9140 0.0194 
  B5Wild-001 161 0.0016 0.0067 0.0074 0.9786 0.0056 
  B5Wild-002 162 0.0092 0.0029 0.0016 0.9816 0.0047 
  B5Wild-003 163 0.0061 0.0028 0.0013 0.9876 0.0022 
  B5Wild-004 164 0.0009 0.0023 0.0021 0.9933 0.0014 
  B5Wild-005 165 0.0019 0.0019 0.0023 0.9914 0.0025 
  B5Wild-006 166 0.0016 0.0147 0.0066 0.9746 0.0024 
  B5Wild-007 167 0.0014 0.0022 0.0008 0.9947 0.0009 
  B5Wild-008 168 0.0036 0.0087 0.0046 0.9785 0.0047 
  B5Wild-009 169 0.0015 0.0013 0.0017 0.9937 0.0018 
  B5Wild-010 170 0.0011 0.0009 0.0017 0.9945 0.0018 
  B5Wild-011 171 0.0013 0.0010 0.0011 0.9956 0.0010 
  B5Wild-012 172 0.0064 0.0076 0.0020 0.9792 0.0048 
  B5Wild-013 173 0.0017 0.0024 0.0020 0.9909 0.0030 
  B5Wild-014 174 0.0012 0.0013 0.0014 0.9946 0.0016 
  B5Wild-015 175 0.0011 0.0016 0.0041 0.9909 0.0023 
  B5Wild-016 176 0.0011 0.0009 0.0010 0.9963 0.0008 
  B5Wild-017 177 0.0015 0.0013 0.0013 0.9952 0.0007 
  B5Wild-018 178 0.0031 0.0018 0.0029 0.9882 0.0041 
  B5Wild-019 179 0.0050 0.0047 0.0155 0.9691 0.0057 
  B5Wild-020 180 0.0012 0.0019 0.0018 0.9937 0.0013 
   F1HYB-001 181 0.0043 0.0501 0.0940 0.5575 0.2940 
   F1HYB-002 182 0.0307 0.1886 0.1567 0.5838 0.0402 
   F1HYB-003 183 0.0206 0.1307 0.2187 0.5899 0.0401 
   F1HYB-004 184 0.0088 0.1820 0.1388 0.5843 0.0862 
   F1HYB-005 185 0.0192 0.2084 0.1698 0.5236 0.0789 
   F1HYB-006 186 0.1037 0.0925 0.0781 0.5233 0.2023 
   F1HYB-007 187 0.0297 0.1479 0.2679 0.5103 0.0443 
   F1HYB-008 188 0.1026 0.1870 0.1526 0.5230 0.0348 
   F1HYB-009 189 0.0277 0.2045 0.1643 0.5188 0.0847 
   F1HYB-010 190 0.1615 0.0781 0.0497 0.5503 0.1604 
   F1HYB-011 191 0.1211 0.1608 0.0821 0.4927 0.1433 
   F1HYB-012 192 0.0275 0.1241 0.0280 0.6052 0.2152 
   F1HYB-013 193 0.0056 0.1927 0.2128 0.5704 0.0185 
   F1HYB-014 194 0.0049 0.1252 0.2147 0.5230 0.1322 
   F1HYB-015 195 0.0547 0.2249 0.0301 0.5159 0.1745 
   F1HYB-016 196 0.0268 0.1730 0.0384 0.5738 0.1880 
   F1HYB-017 197 0.0179 0.0788 0.1889 0.5495 0.1649 
   F1HYB-018 198 0.0516 0.1189 0.0663 0.5301 0.2331 
   F1HYB-019 199 0.0124 0.1254 0.1522 0.5661 0.1439 
   F1HYB-020 200 0.0066 0.1380 0.1502 0.5203 0.1848 
 WildUnadmix 301 0.0007 0.0005 0.0007 0.9976 0.0005 
 WildUnadmix 302 0.0014 0.0009 0.0021 0.9944 0.0012 
 WildUnadmix 303 0.0023 0.0007 0.0011 0.9946 0.0013 
 WildUnadmix 304 0.0009 0.0010 0.0009 0.9963 0.0009 
 WildUnadmix 305 0.0019 0.0013 0.0017 0.9937 0.0014 
 WildUnadmix 306 0.0017 0.0009 0.0015 0.9946 0.0013 
 WildUnadmix 307 0.0037 0.0021 0.0012 0.9915 0.0016 
 WildUnadmix 308 0.0020 0.0031 0.0022 0.9904 0.0023 
 WildUnadmix 309 0.0010 0.0008 0.0013 0.9955 0.0013 
 WildUnadmix 310 0.0014 0.0008 0.0010 0.9949 0.0019 
 WildUnadmix 311 0.0046 0.0020 0.0021 0.9892 0.0021 
 WildUnadmix 312 0.0027 0.0014 0.0014 0.9932 0.0012 
 WildUnadmix 313 0.0019 0.0013 0.0025 0.9922 0.0020 
 WildUnadmix 314 0.0018 0.0013 0.0026 0.9924 0.0020 
 WildUnadmix 315 0.0110 0.0026 0.0075 0.9696 0.0092 
 WildUnadmix 316 0.0074 0.0013 0.0032 0.9866 0.0015 
 WildUnadmix 317 0.0014 0.0029 0.0013 0.9858 0.0086 
 WildUnadmix 318 0.0007 0.0008 0.0006 0.9973 0.0006 
 WildUnadmix 319 0.0010 0.0015 0.0018 0.9942 0.0015 
 WildUnadmix 320 0.0011 0.0008 0.0014 0.9958 0.0009 
 pop1-HH1013 321 0.0035 0.0028 0.0029 0.9873 0.0036 
 pop1-HH1013 322 0.0032 0.0019 0.0047 0.9866 0.0037 
 pop1-HH1013 323 0.0024 0.0023 0.0129 0.9738 0.0087 
 pop1-HH1013 324 0.0022 0.0019 0.0013 0.9927 0.0019 
 pop1-HH1013 325 0.0010 0.0009 0.0013 0.9959 0.0009 
 pop1-HH1013 326 0.0010 0.0006 0.0006 0.9972 0.0006 
 pop1-HH1013 327 0.0009 0.0011 0.0011 0.9962 0.0007 
 pop1-HH1013 328 0.0023 0.0018 0.0336 0.9525 0.0098 
 pop1-HH1013 329 0.0010 0.0007 0.0010 0.9958 0.0015 
 pop1-HH1013 330 0.0009 0.0028 0.0033 0.9813 0.0117 
 pop1-HH1013 331 0.0031 0.0032 0.0029 0.9896 0.0011 
 pop1-HH1013 332 0.0018 0.0015 0.0015 0.9939 0.0014 
 pop1-HH1013 333 0.0038 0.0038 0.0255 0.9580 0.0089 
 pop1-HH1013 334 0.0023 0.0017 0.0015 0.9920 0.0025 
 pop1-HH1013 335 0.0037 0.0012 0.0012 0.9921 0.0018 
 pop1-HH1013 336 0.0045 0.0010 0.0009 0.9906 0.0031 
 pop1-HH1013 337 0.0036 0.0035 0.0084 0.9819 0.0026 
 pop1-HH1013 338 0.0011 0.0006 0.0007 0.9971 0.0005 
 pop1-HH1013 339 0.0022 0.0026 0.0019 0.9923 0.0011 
 pop1-HH1013 340 0.0036 0.0019 0.0017 0.9882 0.0046 
 pop1-HH1013 341 0.0015 0.0013 0.0010 0.9948 0.0014 
 pop1-HH1013 342 0.0037 0.0041 0.0013 0.9892 0.0017 
 pop1-HH1013 343 0.0010 0.0006 0.0005 0.9975 0.0005 
 pop1-HH1013 344 0.0011 0.0009 0.0007 0.9966 0.0007 
 pop1-HH1013 345 0.0025 0.0014 0.0014 0.9896 0.0051 
 pop1-HH1013 346 0.0017 0.0010 0.0042 0.9910 0.0020 
 pop1-HRP22- 347 0.0021 0.0023 0.0120 0.9610 0.0227 
 pop1-HRP22- 348 0.0031 0.0017 0.0019 0.9912 0.0021 
 pop1-HRP22- 349 0.0042 0.0064 0.0015 0.9864 0.0015 
 pop1-HRP22- 350 0.0016 0.0027 0.0015 0.9916 0.0027 
 pop1-HRP22- 351 0.0030 0.0014 0.0032 0.9896 0.0029 
 pop1-HRP22- 352 0.0096 0.0061 0.0030 0.9675 0.0138 
 pop1-HRP22- 353 0.0009 0.0048 0.0019 0.9908 0.0017 
 pop1-HRP22- 354 0.0024 0.0035 0.0026 0.9816 0.0100 
 pop1-HRP22- 355 0.0033 0.0009 0.0014 0.9932 0.0012 
 pop1-HRP22- 356 0.0015 0.0017 0.0030 0.9924 0.0013 
 pop1-HRP22- 357 0.0008 0.0008 0.0009 0.9966 0.0009 
 pop1-HRP22- 358 0.0126 0.0023 0.0026 0.9717 0.0108 
 pop1-HRP22- 359 0.0164 0.0014 0.0025 0.9766 0.0032 
 pop1-HRP22- 360 0.0050 0.0017 0.0015 0.9901 0.0017 
 pop1-HRP22- 361 0.0023 0.0041 0.0021 0.9891 0.0024 
 pop1-HRP22- 362 0.0010 0.0020 0.0038 0.9918 0.0014 
 pop1-HRP22- 363 0.0013 0.0007 0.0014 0.9955 0.0012 
 pop1-HRP22- 364 0.0040 0.0015 0.0015 0.9918 0.0012 
 pop1-HRP22- 365 0.0023 0.0025 0.0088 0.9824 0.0041 
 pop1-HRP22- 366 0.0032 0.0012 0.0015 0.9914 0.0027 
 pop1-HRP22- 367 0.0038 0.0013 0.0016 0.9923 0.0011 
 pop1-HRP22- 368 0.0019 0.0041 0.0094 0.9821 0.0025 
 pop1-HRP22- 369 0.0038 0.0032 0.0042 0.9769 0.0118 
 pop1-HRP22- 370 0.0016 0.0005 0.0014 0.9957 0.0009 
 pop2-Cv5786 371 0.0038 0.0034 0.4259 0.3093 0.2576 
 pop2-Cv5786 372 0.0345 0.0016 0.3909 0.0095 0.5634 
 pop2-Cv5786 373 0.0017 0.0059 0.3627 0.2635 0.3661 
 pop2-Cv5786 374 0.0015 0.0019 0.4544 0.1494 0.3928 
 pop2-Cv5786 375 0.1192 0.0077 0.5038 0.0016 0.3677 
 pop2-Cv5786 376 0.0027 0.0012 0.5689 0.0295 0.3978 
 pop2-Cv5786 377 0.0034 0.0015 0.3530 0.3168 0.3253 
 pop2-Cv5786 378 0.0015 0.0034 0.3725 0.2972 0.3254 
 pop2-Cv5786 379 0.0035 0.0021 0.4468 0.2444 0.3031 
 pop2-Cv5786 380 0.2426 0.0045 0.5135 0.0171 0.2222 
 pop2-Cv5786 381 0.0020 0.0042 0.3939 0.2009 0.3990 
 pop2-Cv5786 382 0.0096 0.0018 0.3672 0.1676 0.4538 
 pop2-Cv5786 383 0.0013 0.0011 0.5927 0.0030 0.4019 
 pop2-Cv5786 384 0.0111 0.0127 0.5788 0.0027 0.3948 
 pop2-Cv5786 385 0.0013 0.0019 0.4495 0.2864 0.2609 
 pop2-Cv5786 386 0.0033 0.0054 0.6867 0.0349 0.2697 
 pop2-Cv5786 387 0.0083 0.0323 0.2807 0.3822 0.2964 
 pop2-Cv5786 388 0.0043 0.1244 0.3886 0.1159 0.3668 
 pop2-Cv5786 389 0.0042 0.0026 0.3901 0.1316 0.4716 
 pop2-Cv5786 390 0.0058 0.0373 0.2879 0.1374 0.5317 
 pop2-Cv5786 391 0.0148 0.0018 0.4861 0.2356 0.2617 
 pop2-Cv5786 392 0.0223 0.0014 0.2543 0.1809 0.5412 
 pop2-Cv5786 393 0.0067 0.0212 0.3731 0.2345 0.3645 
 pop2-Cv5786 394 0.1851 0.0014 0.2595 0.0045 0.5495 
 pop2-Cv5786 395 0.2526 0.0023 0.4882 0.0021 0.2547 
 pop2-Cv5786 396 0.0194 0.0014 0.4718 0.0901 0.4174 
 pop2-Cv5786 397 0.0115 0.0419 0.4822 0.1701 0.2944 
 pop2-Cv5786 398 0.0022 0.0018 0.5271 0.0702 0.3987 
 pop2-Cv5786 399 0.0085 0.0084 0.4321 0.0851 0.4658 
 pop2-Cv5786 400 0.0554 0.0014 0.2931 0.2084 0.4417 
 pop2-FI1012 401 0.0012 0.0009 0.0011 0.0005 0.9963 
 pop2-FI1012 402 0.0014 0.0039 0.0040 0.0034 0.9874 
 pop2-FI1012 403 0.0012 0.0011 0.0008 0.0008 0.9962 
 pop2-FI1012 404 0.0010 0.0011 0.0010 0.0004 0.9965 
 pop2-FI1012 405 0.0028 0.0075 0.0013 0.0027 0.9857 
 pop2-FI1012 406 0.0035 0.0017 0.0028 0.0578 0.9343 
 pop2-FI1012 407 0.0229 0.0029 0.0038 0.0425 0.9280 
 pop2-FI1012 408 0.0013 0.0078 0.0032 0.0906 0.8971 
 pop2-FI1012 409 0.0007 0.0012 0.0006 0.0004 0.9970 
 pop2-FI1012 410 0.0006 0.0008 0.0163 0.0007 0.9816 
 pop2-FI1012 411 0.0185 0.0049 0.0020 0.0043 0.9702 
 pop2-FI1012 412 0.0009 0.0019 0.0013 0.0008 0.9952 
 pop2-FI1012 413 0.0017 0.0014 0.0288 0.0017 0.9664 
 pop2-FI1012 414 0.0016 0.0119 0.0078 0.0116 0.9671 
 pop2-FI1012 415 0.0004 0.0007 0.0031 0.0005 0.9952 
 pop2-FI1012 416 0.0008 0.0007 0.0016 0.0004 0.9965 
 pop2-FI1012 417 0.0063 0.0053 0.0396 0.0239 0.9249 
 pop2-FI1012 418 0.0022 0.0024 0.0081 0.0013 0.9860 
 pop2-FI1012 419 0.0030 0.0016 0.0009 0.0012 0.9934 
 pop2-FI1012 420 0.0016 0.0011 0.0072 0.0007 0.9893 
 pop2-FIS101 421 0.0034 0.0047 0.0048 0.0051 0.9819 
 pop2-FIS101 422 0.0024 0.0059 0.0144 0.0636 0.9138 
 pop2-FIS101 423 0.0023 0.0110 0.1312 0.1765 0.6791 
 pop2-FIS101 424 0.0015 0.0077 0.0439 0.2104 0.7365 
 pop2-FIS101 425 0.0025 0.0107 0.0082 0.0422 0.9364 
 pop2-FIS101 426 0.0078 0.0013 0.1490 0.0126 0.8293 
 pop2-FIS101 427 0.0073 0.0041 0.0933 0.0034 0.8918 
 pop2-FIS101 428 0.0016 0.0017 0.0036 0.0019 0.9912 
 pop2-FIS101 429 0.0012 0.0146 0.0087 0.1072 0.8683 
 pop2-FIS101 430 0.0021 0.0032 0.0023 0.0455 0.9469 
 pop2-FIS101 431 0.0031 0.0035 0.0012 0.0698 0.9224 
 pop2-FIS101 432 0.0022 0.0045 0.0042 0.1240 0.8651 
 pop2-FIS101 433 0.0025 0.0013 0.0174 0.1901 0.7888 
 pop2-FIS101 434 0.0016 0.0060 0.2501 0.1984 0.5440 
 pop2-FIS101 435 0.0018 0.0055 0.0265 0.0094 0.9569 
 pop2-FIS101 436 0.0390 0.0045 0.1203 0.0083 0.8280 
 pop2-FIS101 437 0.0038 0.0030 0.0172 0.1001 0.8760 
 pop2-FIS101 438 0.0649 0.0063 0.0033 0.0076 0.9179 
 pop2-FIS101 439 0.0044 0.0068 0.0017 0.0019 0.9851 
 pop2-FIS101 440 0.0027 0.0019 0.0015 0.0012 0.9927 
 pop2-FIS101 441 0.0010 0.0089 0.0064 0.2678 0.7159 
 pop2-FIS101 442 0.0113 0.0654 0.0240 0.0991 0.8002 
 pop2-FIS101 443 0.0029 0.0013 0.0387 0.0009 0.9562 
 pop2-FIS101 444 0.0015 0.0058 0.0735 0.1684 0.7509 
 pop2-FIS101 445 0.0013 0.0023 0.0203 0.1472 0.8288 
 pop2-FIS101 446 0.0055 0.0014 0.0039 0.1488 0.8403 
 pop2-FIS101 447 0.0051 0.0025 0.0017 0.0243 0.9663 
 pop2-FIS101 448 0.0232 0.0026 0.0099 0.0040 0.9603 
 pop2-FIS101 449 0.0062 0.0010 0.0162 0.0374 0.9392 
 pop2-FIS101 450 0.0199 0.0038 0.0062 0.0333 0.9367 
 pop2-KRB16- 451 0.0010 0.0013 0.9934 0.0008 0.0035 
 pop2-KRB16- 452 0.0013 0.0017 0.9930 0.0004 0.0037 
 pop2-KRB16- 453 0.0607 0.0011 0.9330 0.0021 0.0031 
 pop2-KRB16- 454 0.0035 0.0025 0.9067 0.0538 0.0334 
 pop2-KRB16- 455 0.0033 0.0024 0.9410 0.0056 0.0477 
 pop2-KRB16- 456 0.0007 0.0012 0.9966 0.0005 0.0010 
 pop2-KRB16- 457 0.0048 0.0012 0.9911 0.0013 0.0016 
 pop2-KRB16- 458 0.0640 0.0009 0.9298 0.0011 0.0041 
 pop2-KRB16- 459 0.0007 0.0014 0.9968 0.0003 0.0009 
 pop2-KRB16- 460 0.0655 0.0055 0.9139 0.0010 0.0142 
 pop2-KRB16- 461 0.0007 0.0010 0.9966 0.0004 0.0013 
 pop2-KRB16- 462 0.0010 0.0016 0.8963 0.0004 0.1007 
 pop2-KRB16- 463 0.0013 0.0032 0.9390 0.0552 0.0013 
 pop2-KRB16- 464 0.0010 0.0020 0.9896 0.0022 0.0051 
 pop2-KRB16- 465 0.0195 0.0013 0.9703 0.0028 0.0061 
 pop2-KRB16- 466 0.0019 0.0354 0.9505 0.0086 0.0036 
 pop2-KRB16- 467 0.0047 0.0007 0.9918 0.0014 0.0015 
 pop2-KRB16- 468 0.0029 0.0121 0.9605 0.0063 0.0182 
 pop2-KRB16- 469 0.0029 0.0345 0.9172 0.0438 0.0016 
 pop2-KRB16- 470 0.0011 0.0010 0.9966 0.0004 0.0009 
 pop2-KRB16- 471 0.0009 0.0017 0.9958 0.0004 0.0012 
 pop2-KRB16- 472 0.0007 0.0015 0.9962 0.0004 0.0012 
 pop2-KRB16- 473 0.0071 0.0012 0.9876 0.0009 0.0032 
 pop2-KRB16- 474 0.0016 0.0011 0.9152 0.0801 0.0019 
 pop2-KRB16- 475 0.0018 0.0028 0.9867 0.0004 0.0083 
 pop2-KRB16- 476 0.0008 0.0028 0.9943 0.0004 0.0017 
 pop2-KRB16- 477 0.0007 0.0011 0.9970 0.0004 0.0008 
 pop2-KRB16- 478 0.0006 0.0006 0.9976 0.0003 0.0008 
 pop2-KRB16- 479 0.0186 0.0012 0.9751 0.0022 0.0028 
 pop2-KRB16- 480 0.0127 0.0007 0.9837 0.0010 0.0018 
 pop2-KRP13- 481 0.0010 0.0030 0.6970 0.0016 0.2975 
 pop2-KRP13- 482 0.0062 0.0029 0.5842 0.0013 0.4054 
 pop2-KRP13- 483 0.0089 0.0016 0.7171 0.0025 0.2699 
 pop2-KRP13- 484 0.0011 0.0014 0.3913 0.0003 0.6059 
 pop2-KRP13- 485 0.0014 0.0008 0.7165 0.0896 0.1918 
 pop2-KRP13- 486 0.0132 0.0052 0.5152 0.0176 0.4489 
 pop2-KRP13- 487 0.0016 0.0044 0.6848 0.0098 0.2994 
 pop2-KRP13- 488 0.0039 0.0018 0.8543 0.0645 0.0755 
 pop2-KRP13- 489 0.0046 0.0070 0.7780 0.0254 0.1850 
 pop2-KRP13- 490 0.0213 0.0033 0.5294 0.0194 0.4266 
 pop2-KRP13- 491 0.0011 0.0035 0.6265 0.0018 0.3671 
 pop2-KRP13- 492 0.0338 0.0077 0.5791 0.0084 0.3710 
 pop2-KRP13- 493 0.0011 0.0022 0.4304 0.0007 0.5656 
 pop2-KRP13- 494 0.0029 0.0275 0.5462 0.0896 0.3338 
 pop2-KRP13- 495 0.0041 0.0036 0.7893 0.0017 0.2014 
 pop2-KRP13- 496 0.0039 0.0070 0.9021 0.0666 0.0204 
 pop2-KRP13- 497 0.0033 0.0286 0.5716 0.1696 0.2270 
 pop2-KRP13- 498 0.0030 0.0031 0.8462 0.1365 0.0113 
 pop2-KRP13- 499 0.0021 0.0041 0.7531 0.0078 0.2329 
 pop2-KRP13- 500 0.0007 0.0013 0.6523 0.0003 0.3453 
 pop2-KRP13- 501 0.0132 0.0019 0.7221 0.0027 0.2601 
 pop2-KRP13- 502 0.0033 0.0251 0.7635 0.0024 0.2059 
 pop2-KRP13- 503 0.0010 0.0009 0.4204 0.0006 0.5770 
 pop2-KRP13- 504 0.0025 0.0014 0.5595 0.0038 0.4328 
 pop2-KRP13- 505 0.0014 0.0030 0.7214 0.0257 0.2484 
 pop2-KRP13- 506 0.0011 0.0022 0.6902 0.0005 0.3060 
 pop2-KRP13- 507 0.0011 0.0075 0.5548 0.0015 0.4351 
 pop2-KRP13- 508 0.0011 0.0014 0.7252 0.0077 0.2646 
 pop2-KRP13- 509 0.0023 0.0118 0.7277 0.0063 0.2518 
 pop2-KRP13- 510 0.0032 0.0153 0.8199 0.0087 0.1528 
 pop2-NEH1-1 511 0.0096 0.7377 0.0012 0.0005 0.2509 
 pop2-NEH1-1 512 0.0014 0.9942 0.0016 0.0013 0.0014 
 pop2-NEH1-1 513 0.0066 0.9840 0.0037 0.0036 0.0022 
 pop2-NEH1-1 514 0.1521 0.7220 0.0018 0.0007 0.1234 
 pop2-NEH1-1 515 0.0021 0.8297 0.0029 0.1642 0.0011 
 pop2-NEH1-1 516 0.0049 0.8360 0.0047 0.1510 0.0034 
 pop2-NEH1-1 517 0.0097 0.9802 0.0015 0.0034 0.0052 
 pop2-NEH1-1 518 0.0020 0.9924 0.0017 0.0019 0.0021 
 pop2-NEH1-1 519 0.0038 0.7467 0.0030 0.0017 0.2449 
 pop2-NEH1-1 520 0.1152 0.7264 0.0038 0.1528 0.0018 
 pop2-NEH1-2 521 0.0069 0.8993 0.0057 0.0008 0.0874 
 pop2-NEH1-2 522 0.0143 0.8778 0.0126 0.0939 0.0014 
 pop2-NEH1-2 523 0.0081 0.8647 0.0042 0.1203 0.0027 
 pop2-NEH1-2 524 0.0446 0.8061 0.0043 0.1426 0.0025 
 pop2-NEH1-2 525 0.0023 0.8174 0.0023 0.1767 0.0013 
 pop2-NEH1-2 526 0.0018 0.9911 0.0037 0.0020 0.0013 
 pop2-NEH1-2 527 0.0186 0.8395 0.0030 0.1368 0.0021 
 pop2-NEH1-2 528 0.0038 0.8724 0.0015 0.1201 0.0022 
 pop2-NEH1-2 529 0.0370 0.7817 0.0236 0.0006 0.1571 
 pop2-NEH1-2 530 0.0039 0.9869 0.0016 0.0051 0.0026 
 pop2-NEH1-3 531 0.0096 0.7339 0.0033 0.2521 0.0012 
 pop2-NEH1-3 532 0.0033 0.8569 0.0146 0.0868 0.0385 
 pop2-NEH1-3 533 0.0011 0.9906 0.0016 0.0042 0.0025 
 pop2-NEH1-3 534 0.0014 0.9946 0.0009 0.0023 0.0008 
 pop2-NEH1-3 535 0.0246 0.9233 0.0014 0.0489 0.0018 
 pop2-NEH1-3 536 0.0788 0.8984 0.0117 0.0045 0.0065 
 pop2-NEH1-3 537 0.0116 0.8258 0.0422 0.1128 0.0076 
 pop2-NEH1-4 538 0.0013 0.8482 0.0015 0.0003 0.1485 
 pop2-NEH1-5 539 0.0114 0.8705 0.0018 0.0714 0.0449 
 pop2-NEH1-6 540 0.0014 0.9948 0.0017 0.0009 0.0012 
 pop2-NEH1-7 541 0.0629 0.6259 0.0026 0.0869 0.2218 
 pop2-NEH1-8 542 0.0161 0.9180 0.0225 0.0190 0.0244 
 pop2-NEH2-1 543 0.0356 0.8443 0.0166 0.0010 0.1024 
 pop2-NEH2-1 544 0.0047 0.9724 0.0025 0.0169 0.0035 
 pop2-NEH2-1 545 0.0084 0.9622 0.0091 0.0005 0.0199 
 pop2-NEH2-1 546 0.0844 0.8215 0.0111 0.0031 0.0799 
 pop2-NEH2-1 547 0.0042 0.9087 0.0206 0.0013 0.0652 
 pop2-NEH2-1 548 0.0099 0.9222 0.0068 0.0586 0.0025 
 pop2-NEH2-1 549 0.0044 0.8989 0.0069 0.0007 0.0891 
 pop2-NEH2-1 550 0.0076 0.9718 0.0162 0.0025 0.0020 
 pop2-NEH2-1 551 0.0209 0.9010 0.0490 0.0273 0.0018 
 pop2-NEH2-1 552 0.0096 0.8245 0.0310 0.0013 0.1337 
 pop2-NEH2-1 553 0.0054 0.9640 0.0051 0.0197 0.0059 
 pop2-NEH2-2 554 0.0023 0.9922 0.0011 0.0033 0.0011 
 pop2-NEH2-2 555 0.1093 0.6544 0.0295 0.2042 0.0026 
 pop2-NEH2-2 556 0.0050 0.9410 0.0016 0.0494 0.0031 
 pop2-NEH2-2 557 0.0980 0.8756 0.0053 0.0007 0.0204 
 pop2-NEH2-2 558 0.0057 0.8664 0.0020 0.0007 0.1253 
 pop2-NEH2-2 559 0.0026 0.9925 0.0013 0.0019 0.0016 
 pop2-NEH2-2 560 0.0010 0.9596 0.0011 0.0007 0.0376 
 pop2-NEH2-2 561 0.0949 0.8892 0.0124 0.0021 0.0014 
 pop2-NEH2-2 562 0.0009 0.9968 0.0010 0.0004 0.0010 
 pop2-NEH2-2 563 0.0084 0.9687 0.0061 0.0130 0.0039 
 pop2-NEH2-2 564 0.0025 0.9849 0.0049 0.0056 0.0020 
 pop2-NEH2-3 565 0.0022 0.9942 0.0015 0.0012 0.0008 
 pop2-NEH2-3 566 0.0044 0.9873 0.0049 0.0016 0.0019 
 pop2-NEH2-3 567 0.0020 0.9770 0.0174 0.0012 0.0024 
 pop2-NEH2-3 568 0.0166 0.7194 0.0084 0.0009 0.2547 
 pop2-NEH2-4 569 0.0289 0.9530 0.0017 0.0150 0.0014 
 pop2-NEH2-5 570 0.0031 0.9237 0.0087 0.0630 0.0015 
 pop2-NEH2-6 571 0.0621 0.9059 0.0027 0.0280 0.0013 
 pop2-NEH2-7 572 0.0054 0.9277 0.0048 0.0565 0.0056 
 pop2-NEH2-8 573 0.0162 0.9786 0.0033 0.0010 0.0009 
 pop2-NEH2-9 574 0.0023 0.9931 0.0012 0.0016 0.0018 
 pop2-UMFS-1 575 0.9928 0.0014 0.0018 0.0024 0.0016 
 pop2-UMFS-1 576 0.8383 0.0501 0.0052 0.1007 0.0056 
 pop2-UMFS-1 577 0.1253 0.3044 0.1331 0.4242 0.0130 
 pop2-UMFS-1 578 0.9926 0.0024 0.0015 0.0016 0.0019 
 pop2-UMFS-1 579 0.9976 0.0005 0.0007 0.0006 0.0006 
 pop2-UMFS-1 580 0.9948 0.0023 0.0011 0.0010 0.0009 
 pop2-UMFS-1 581 0.9870 0.0075 0.0015 0.0020 0.0020 
 pop2-UMFS-1 582 0.9943 0.0013 0.0021 0.0007 0.0015 
 pop2-UMFS-2 583 0.8551 0.0027 0.0016 0.1393 0.0013 
 pop2-UMFS-2 584 0.7924 0.0036 0.0010 0.2019 0.0011 
 pop2-UMFS-2 585 0.9870 0.0025 0.0014 0.0035 0.0055 
 pop2-UMFS-2 586 0.9389 0.0017 0.0016 0.0570 0.0009 
 pop2-UMFS-2 587 0.8409 0.0039 0.0051 0.1414 0.0087 
 pop2-UMFS-2 588 0.7766 0.0128 0.0051 0.2041 0.0014 
 pop2-UMFS-2 589 0.9258 0.0390 0.0029 0.0293 0.0030 
 pop2-UMFS-2 590 0.5471 0.1894 0.0015 0.2578 0.0042 
 pop2-UMFS-3 591 0.9958 0.0014 0.0009 0.0006 0.0013 
 pop2-UMFS-3 592 0.7750 0.0021 0.0013 0.2199 0.0017 
 pop2-UMFS-3 593 0.9645 0.0022 0.0017 0.0303 0.0013 
 pop2-UMFS-3 594 0.9973 0.0007 0.0008 0.0004 0.0007 
 pop2-UMFS-3 595 0.5877 0.1910 0.0025 0.2161 0.0028 
 pop2-UMFS-3 596 0.9954 0.0008 0.0014 0.0013 0.0011 
 pop2-UMFS-3 597 0.9970 0.0006 0.0009 0.0005 0.0010 
 pop2-UMFS-3 598 0.9967 0.0007 0.0014 0.0004 0.0008 
 pop2-UMFS-3 599 0.9947 0.0008 0.0012 0.0019 0.0014 
 pop2-UMFS-4 600 0.9951 0.0009 0.0020 0.0010 0.0010 
 pop2-UMFS-5 601 0.8936 0.0305 0.0025 0.0722 0.0012 
 pop2-UMFS-6 602 0.9919 0.0018 0.0017 0.0027 0.0019 
 pop2-UMFS-7 603 0.0496 0.4179 0.2829 0.2440 0.0056 
 pop2-UMFS-8 604 0.9248 0.0047 0.0171 0.0493 0.0041 
